	Score	0.95 MoE	P-Value	Q-Value
KAUFFMANN_MELANOMA_RELAPSE_DN	0.5453384299660198			
REACTOME_RNA_POLYMERASE_III_TRANSCRIPTION_TERMINATION	0.48282057609255147			
GO_EPITHELIAL_CELL_DIFFERENTIATION_INVOLVED_IN_PROSTATE_GLAND_DEVELOPMENT	0.4264290921522672			
NUFIP1_TARGET_GENES	0.4194645174680819			
FARMER_BREAST_CANCER_CLUSTER_7	0.41846524653421363			
SCHAEFFER_PROSTATE_DEVELOPMENT_AND_CANCER_BOX4_DN	0.4162165421836919			
DOANE_RESPONSE_TO_ANDROGEN_UP	0.41297103952169517			
IPA_THRB_UP	0.41142427637927864			
GO_PHOSPHOTRANSFERASE_ACTIVITY_NITROGENOUS_GROUP_AS_ACCEPTOR	0.4077548824937466			
GO_LIGAND_ACTIVATED_TRANSCRIPTION_FACTOR_ACTIVITY	0.4077352220055524			
HOXA7_TARGET_GENES	0.4073243705589609			
REACTOME_SPHINGOLIPID_DE_NOVO_BIOSYNTHESIS	0.40581622820536056			
FARMER_BREAST_CANCER_APOCRINE_VS_BASAL	0.40438687135423457			
REACTOME_RNA_POLYMERASE_III_TRANSCRIPTION	0.40417352892157965			
GSE40274_FOXP3_VS_FOXP3_AND_GATA1_TRANSDUCED_ACTIVATED_CD4_TCELL_UP	0.401654638130196			
GSE41867_NAIVE_VS_DAY15_LCMV_CONE13_EFFECTOR_CD8_TCELL_UP	0.4013395369961976			
AREB6_02	0.39939696798330626			
VANTVEER_BREAST_CANCER_ESR1_UP	0.39777028850751855			
GO_GLYCERALDEHYDE_3_PHOSPHATE_DEHYDROGENASE_NADPLUS_NON_PHOSPHORYLATING_ACTIVITY	0.39755910904886155			
GSE22589_SIV_VS_HIV_AND_SIV_INFECTED_DC_DN	0.39635177702516194			
MIR4651	0.39526262485412716			
GO_POSITIVE_REGULATION_OF_INTRINSIC_APOPTOTIC_SIGNALING_PATHWAY	0.3941516004360899			
GO_MICROTUBULE_MINUS_END	0.39210038119872415			
AIYAR_COBRA1_TARGETS_DN	0.39208366549793333			
GO_NEURON_FATE_SPECIFICATION	0.3911677493309798			
GO_POSITIVE_REGULATION_OF_EPIDERMAL_CELL_DIFFERENTIATION	0.39014784561398264			
GO_WATER_HOMEOSTASIS	0.38803681896858955			
GSE19888_ADENOSINE_A3R_ACT_VS_TCELL_MEMBRANES_ACT_AND_A3R_INH_PRETREAT_IN_MAST_CELL_DN	0.38783239503538347			
LIM_MAMMARY_STEM_CELL_DN	0.3874015640788802			
REACTOME_FGFR2_ALTERNATIVE_SPLICING	0.38691129282296705			
REACTOME_RNF_MUTANTS_SHOW_ENHANCED_WNT_SIGNALING_AND_PROLIFERATION	0.3859229568850799			
DOANE_BREAST_CANCER_CLASSES_UP	0.3856962855132874			
HALLMARK_KRAS_SIGNALING_DN	0.38536579378102925			
CHARAFE_BREAST_CANCER_LUMINAL_VS_MESENCHYMAL_UP	0.38516768895645354			
SMID_BREAST_CANCER_LUMINAL_B_UP	0.3850566917737853			
LIEN_BREAST_CARCINOMA_METAPLASTIC_VS_DUCTAL_DN	0.38462681749449196			
FARMER_BREAST_CANCER_BASAL_VS_LULMINAL	0.38419019200792776			
GO_NEURAL_TUBE_PATTERNING	0.3840015372592487			
MIR483_5P	0.38351578705399236			
GO_3_CHLOROALLYL_ALDEHYDE_DEHYDROGENASE_ACTIVITY	0.38325648038299254			
IPA_NEUROG2_UP	0.38310588082287866			
ZHOU_PANCREATIC_BETA_CELL	0.382026806627649			
GO_RIBBON_SYNAPSE	0.3817302190738321			
GO_REGULATION_OF_EPIDERMAL_CELL_DIFFERENTIATION	0.38162299207587635			
GO_POSITIVE_REGULATION_OF_SYNAPSE_MATURATION	0.38139978681380543			
WANG_LMO4_TARGETS_UP	0.38120426680286834			
GO_CELLULAR_MODIFIED_AMINO_ACID_BIOSYNTHETIC_PROCESS	0.38097896615213617			
MIR608	0.38075611367450785			
ZWANG_EGF_INTERVAL_DN	0.3804646452127582			
SCHUETZ_BREAST_CANCER_DUCTAL_INVASIVE_DN	0.38041277257382106			
NIKOLSKY_BREAST_CANCER_17P11_AMPLICON	0.3804054489943722			
SMID_BREAST_CANCER_ERBB2_UP	0.38037847949532805			
CDX1_TARGET_GENES	0.3802045843483845			
REACTOME_SIGNALING_BY_RETINOIC_ACID	0.3796979194665757			
MIKKELSEN_MEF_HCP_WITH_H3K27ME3	0.3790411039439707			
SMID_BREAST_CANCER_BASAL_DN	0.3785211436695551			
GSE18281_PERIMEDULLARY_CORTICAL_REGION_VS_WHOLE_CORTEX_THYMUS_UP	0.37832551911534223			
GO_REGULATION_OF_CHOLESTEROL_METABOLIC_PROCESS	0.3782343120583676			
DODD_NASOPHARYNGEAL_CARCINOMA_UP	0.37779652012186954			
GTTNYYNNGGTNA_UNKNOWN	0.3775285903144767			
GSE20715_WT_VS_TLR4_KO_6H_OZONE_LUNG_DN	0.3773675108983814			
GO_CREATINE_METABOLIC_PROCESS	0.3771413136391931			
GO_REGULATION_OF_SPINDLE_ASSEMBLY	0.3766589601215167			
MCBRYAN_PUBERTAL_BREAST_5_6WK_UP	0.3762432538955299			
ZNF579_TARGET_GENES	0.375977174085811			
LANDIS_BREAST_CANCER_PROGRESSION_UP	0.3757456772349528			
HNF4_01_B	0.37531707036567197			
HOXB4_TARGET_GENES	0.37470462970788143			
FOXG1_TARGET_GENES	0.37394682883483704			
GRHL1_TARGET_GENES	0.3739062358505441			
WALLACE_PROSTATE_CANCER_RACE_DN	0.37371211612041433			
GO_POSITIVE_REGULATION_OF_KERATINOCYTE_DIFFERENTIATION	0.3736524217476821			
GO_DORSAL_VENTRAL_NEURAL_TUBE_PATTERNING	0.37358340881823693			
SHIN_B_CELL_LYMPHOMA_CLUSTER_7	0.37339973439178487			
GO_LABYRINTHINE_LAYER_DEVELOPMENT	0.37336087276090324			
GO_POSITIVE_REGULATION_OF_SODIUM_ION_TRANSPORT	0.3729823639951669			
MIR4758_3P	0.3729278578523699			
REACTOME_REGULATION_OF_FZD_BY_UBIQUITINATION	0.37270901969333586			
GSE19888_ADENOSINE_A3R_INH_VS_ACT_IN_MAST_CELL_UP	0.3723486584132488			
GO_INNER_EAR_AUDITORY_RECEPTOR_CELL_DIFFERENTIATION	0.371694418042558			
REACTOME_NR1H2_NR1H3_REGULATE_GENE_EXPRESSION_LINKED_TO_LIPOGENESIS	0.371596992539502			
GO_PHOSPHAGEN_METABOLIC_PROCESS	0.37148826912677885			
KIM_GASTRIC_CANCER_CHEMOSENSITIVITY	0.3713264616402603			
MIR8071	0.3712666647616114			
ODONNELL_METASTASIS_DN	0.37122116446632875			
GSE10094_LCMV_VS_LISTERIA_IND_EFF_CD4_TCELL_DN	0.37098551754511444			
GSE10325_MYELOID_VS_LUPUS_MYELOID_UP	0.37097983322486006			
SENGUPTA_NASOPHARYNGEAL_CARCINOMA_WITH_LMP1_DN	0.37086570511652306			
GSE19888_CTRL_VS_T_CELL_MEMBRANES_ACT_MAST_CELL_DN	0.37047576910815405			
MIR1277_3P	0.37034782202430966			
KMT2D_TARGET_GENES	0.3702885973511125			
CHARAFE_BREAST_CANCER_LUMINAL_VS_BASAL_UP	0.37021133651865046			
GO_FHF_COMPLEX	0.3694930841812569			
MSX1_TARGET_GENES	0.36921379177677693			
GO_REGULATION_OF_EPIDERMIS_DEVELOPMENT	0.3690964386802199			
IPA_ELF5_DN	0.3690284075345827			
GSE1460_DP_THYMOCYTE_VS_THYMIC_STROMAL_CELL_UP	0.3688433896125799			
TFIII_Q6	0.3688221222898961			
BHAT_ESR1_TARGETS_NOT_VIA_AKT1_UP	0.3687977009323946			
REACTOME_FATTY_ACIDS	0.3685181359854857			
IPA_PTF1A_DN	0.36849751980177725			
LIM_MAMMARY_LUMINAL_MATURE_UP	0.3682569591351252			
SF1_Q6	0.3682374861914829			
GO_MONOCARBOXYLIC_ACID_CATABOLIC_PROCESS	0.36787154822084195			
LHX2_TARGET_GENES	0.36776724997875526			
GSE18791_UNSTIM_VS_NEWCATSLE_VIRUS_DC_1H_UP	0.36769971303918925			
HEB_Q6	0.36769324791197466			
FXR1_TARGET_GENES	0.36750116363041424			
GSE9988_LPS_VS_LOW_LPS_MONOCYTE_DN	0.36744960379290714			
KIM_RESPONSE_TO_TSA_AND_DECITABINE_UP	0.36720932098446524			
GSE7548_NAIVE_VS_DAY28_PCC_IMMUNIZATION_CD4_TCELL_DN	0.3670802163752649			
AREB6_01	0.3669489893134194			
WDHD1_TARGET_GENES	0.3668493574055358			
JOHANSSON_GLIOMAGENESIS_BY_PDGFB_DN	0.3665511319839924			
HALLMARK_P53_PATHWAY	0.36637778941892163			
GO_SODIUM_CHANNEL_COMPLEX	0.36631275990455076			
GO_MIDBRAIN_HINDBRAIN_BOUNDARY_DEVELOPMENT	0.36600776775640603			
MIR551A_MIR551B_3P	0.3658750756434186			
IPA_SPDEF_UP	0.36580770065924617			
KEGG_ARGININE_AND_PROLINE_METABOLISM	0.36571024808264624			
GO_REGULATION_OF_INNER_EAR_AUDITORY_RECEPTOR_CELL_DIFFERENTIATION	0.36568575034928563			
REACTOME_CREATINE_METABOLISM	0.36565340289967235			
GSE2706_LPS_VS_R848_AND_LPS_2H_STIM_DC_DN	0.3656255533529927			
GO_REGULATION_OF_INTRACELLULAR_ESTROGEN_RECEPTOR_SIGNALING_PATHWAY	0.3655288686773783			
GO_POSITIVE_REGULATION_OF_IRE1_MEDIATED_UNFOLDED_PROTEIN_RESPONSE	0.3654575714539349			
MIKKELSEN_NPC_HCP_WITH_H3K27ME3	0.36537182253960154			
MIR7106_3P	0.3652945654227225			
E2F2_TARGET_GENES	0.3651514275557061			
GO_POSITIVE_REGULATION_OF_INTRACELLULAR_STEROID_HORMONE_RECEPTOR_SIGNALING_PATHWAY	0.36505066599774516			
GSE19888_ADENOSINE_A3R_INH_VS_TCELL_MEMBRANES_ACT_MAST_CELL_DN	0.3650198658896485			
REACTOME_PKA_MEDIATED_PHOSPHORYLATION_OF_KEY_METABOLIC_FACTORS	0.3648689430423179			
GO_POSITIVE_REGULATION_OF_EPIDERMIS_DEVELOPMENT	0.3645419156388019			
IPA_KDM1A_UP	0.36444365968358533			
TEAD2_TARGET_GENES	0.3643750106417818			
MIR296_5P	0.3643042740358677			
SARRIO_EPITHELIAL_MESENCHYMAL_TRANSITION_DN	0.3637032245303131			
GO_PANCREATIC_A_CELL_DIFFERENTIATION	0.36358972367461456			
COULOUARN_TEMPORAL_TGFB1_SIGNATURE_DN	0.36358275268737866			
GNCF_01	0.36356191635840124			
ZNF774_TARGET_GENES	0.36309545951041217			
COUP_01	0.36305413578604273			
GSE29618_PRE_VS_DAY7_POST_TIV_FLU_VACCINE_BCELL_UP	0.36295209744971724			
GO_MONOVALENT_INORGANIC_ANION_HOMEOSTASIS	0.3627911809383243			
TGGNNNNNNKCCAR_UNKNOWN	0.36277150441922773			
GO_ARACHIDONIC_ACID_METABOLIC_PROCESS	0.362566775328672			
SMID_BREAST_CANCER_RELAPSE_IN_BRAIN_DN	0.3624455804251372			
GO_FATTY_ACID_CATABOLIC_PROCESS	0.36204181183438167			
WANG_BARRETTS_ESOPHAGUS_DN	0.36201852864944245			
EMX1_TARGET_GENES	0.36155650618391616			
BMI1_DN.V1_DN	0.361482364838492			
MEISSNER_BRAIN_HCP_WITH_H3K27ME3	0.3614424171975857			
GO_NEGATIVE_REGULATION_OF_LIPID_KINASE_ACTIVITY	0.36116535407712214			
GO_MOVEMENT_IN_ENVIRONMENT_OF_OTHER_ORGANISM_INVOLVED_IN_SYMBIOTIC_INTERACTION	0.3611200262274813			
GO_POSITIVE_REGULATION_OF_HYDROGEN_PEROXIDE_BIOSYNTHETIC_PROCESS	0.360938225673741			
GO_REGULATION_OF_CAVEOLIN_MEDIATED_ENDOCYTOSIS	0.3609180609459511			
REACTOME_MISCELLANEOUS_SUBSTRATES	0.3608244299794723			
GO_CELLULAR_MODIFIED_AMINO_ACID_METABOLIC_PROCESS	0.3603094330023126			
GO_REGULATION_OF_HISTONE_H4_ACETYLATION	0.3601270145038276			
ZHOU_PANCREATIC_ENDOCRINE_PROGENITOR	0.3600854818919795			
GO_GLANDULAR_EPITHELIAL_CELL_DIFFERENTIATION	0.35936910020488094			
GO_POSITIVE_REGULATION_OF_HISTONE_DEACETYLATION	0.35930388221391923			
GSE29614_DAY3_VS_DAY7_TIV_FLU_VACCINE_PBMC_UP	0.35917893298458853			
VANDESLUIS_COMMD1_TARGETS_GROUP_3_UP	0.3591173503593227			
CP2_02	0.3590698415468004			
SRSF4_TARGET_GENES	0.3589428035755543			
JAEGER_METASTASIS_DN	0.3588052330685392			
GO_ASPARTATE_METABOLIC_PROCESS	0.3587058665142474			
GO_REGULATION_OF_SYNAPSE_MATURATION	0.3586365253813218			
REACTOME_CYTOCHROME_P450_ARRANGED_BY_SUBSTRATE_TYPE	0.3585790970150401			
GSE5455_HEALTHY_VS_TUMOR_BEARING_MOUSE_SPLEEN_MONOCYTE_24H_INCUBATION_UP	0.35805876315507845			
GO_PHOSPHATIDYLETHANOLAMINE_ACYL_CHAIN_REMODELING	0.3579699813649344			
IPA_NEUROG1_UP	0.3579619877277492			
GO_NEGATIVE_REGULATION_OF_EPIDERMAL_CELL_DIFFERENTIATION	0.3578701081298155			
GO_LABYRINTHINE_LAYER_MORPHOGENESIS	0.3578507094444677			
GO_EPIDERMAL_GROWTH_FACTOR_RECEPTOR_BINDING	0.357577136471634			
YANG_BREAST_CANCER_ESR1_LASER_UP	0.3575473731494495			
KOBAYASHI_EGFR_SIGNALING_6HR_UP	0.3570328587513127			
ONDER_CDH1_TARGETS_2_DN	0.3570032993736417			
GO_SEQUESTERING_OF_IRON_ION	0.35683018811003947			
CHARAFE_BREAST_CANCER_BASAL_VS_MESENCHYMAL_UP	0.35672036853863515			
MIR6848_5P	0.35644298468195296			
YAO_TEMPORAL_RESPONSE_TO_PROGESTERONE_CLUSTER_9	0.3563880820914903			
IPA_ELF3_DN	0.35617885251462267			
MIR6727_3P	0.3561462387193762			
HUANG_DASATINIB_RESISTANCE_DN	0.3560636907782883			
REACTOME_ACYL_CHAIN_REMODELLING_OF_PE	0.3560621826405896			
chr1p33	0.3559319639299545			
REACTOME_NUCLEAR_RECEPTOR_TRANSCRIPTION_PATHWAY	0.35589053739632137			
GO_CARNITINE_O_ACYLTRANSFERASE_ACTIVITY	0.3558358030042042			
GREB1_TARGET_GENES	0.3557215128413369			
BOYAULT_LIVER_CANCER_SUBCLASS_G1_UP	0.35570678849300547			
GO_HAIR_CELL_DIFFERENTIATION	0.3555940111753561			
MIR92A_2_5P	0.3554455651397646			
GO_NEGATIVE_REGULATION_OF_EPIDERMIS_DEVELOPMENT	0.3553863171692927			
MIR6742_5P	0.35533248541950935			
MIR609	0.3552524734715069			
SINGH_KRAS_DEPENDENCY_SIGNATURE	0.3551583738249302			
REACTOME_ACYL_CHAIN_REMODELLING_OF_PS	0.35513141554586897			
LINDGREN_BLADDER_CANCER_CLUSTER_3_DN	0.3551287300807141			
HOSHIDA_LIVER_CANCER_LATE_RECURRENCE_DN	0.3550540602297179			
GO_AMINO_ACID_BINDING	0.35490744345367514			
GO_NEURON_FATE_COMMITMENT	0.35474184919403445			
CUX1_TARGET_GENES	0.35470595381198927			
LIU_SOX4_TARGETS_DN	0.3545612354166812			
BHAT_ESR1_TARGETS_VIA_AKT1_UP	0.3541647439344984			
GO_HAIR_FOLLICLE_PLACODE_FORMATION	0.3540840686986328			
REACTOME_EICOSANOIDS	0.35405668567928794			
DOANE_BREAST_CANCER_ESR1_UP	0.35371504577026336			
YANG_BREAST_CANCER_ESR1_BULK_UP	0.353553496328977			
GSE18281_PERIMEDULLARY_CORTICAL_REGION_VS_WHOLE_MEDULLA_THYMUS_UP	0.35349944602080463			
GO_DESMOSOME	0.35335287726360165			
GO_INTRACELLULAR_ESTROGEN_RECEPTOR_SIGNALING_PATHWAY	0.35328811759209644			
MIR1250_5P	0.3532380057687005			
GSE37301_LYMPHOID_PRIMED_MPP_VS_PRO_BCELL_UP	0.35320159408304425			
GSE13762_CTRL_VS_125_VITAMIND_DAY5_DC_DN	0.3531226134531489			
LHX9_TARGET_GENES	0.3529569360759528			
MLXIP_TARGET_GENES	0.3528666708068809			
RODWELL_AGING_KIDNEY_DN	0.3526073550302318			
GO_POSITIVE_REGULATION_OF_METALLOPEPTIDASE_ACTIVITY	0.35252642210425206			
GSE17721_CTRL_VS_CPG_12H_BMDC_UP	0.3523453730710985			
WALLACE_PROSTATE_CANCER_UP	0.35232619668213944			
MIR4481	0.35229789236247866			
GO_CORNIFIED_ENVELOPE	0.3521783023462467			
BERTUCCI_INVASIVE_CARCINOMA_DUCTAL_VS_LOBULAR_UP	0.35212525150646096			
GO_STEROID_HORMONE_RECEPTOR_ACTIVITY	0.35211825463665364			
GO_MULTICELLULAR_ORGANISMAL_HOMEOSTASIS	0.3521078570433731			
GO_REGULATION_OF_NUCLEAR_TRANSCRIBED_MRNA_CATABOLIC_PROCESS_DEADENYLATION_DEPENDENT_DECAY	0.3520481865322418			
REACTOME_TP53_REGULATES_TRANSCRIPTION_OF_SEVERAL_ADDITIONAL_CELL_DEATH_GENES_WHOSE_SPECIFIC_ROLES_IN_P53_DEPENDENT_APOPTOSIS_REMAIN_UNCERTAIN	0.3520466917904358			
PID_AR_TF_PATHWAY	0.3519717726210936			
NEBEN_AML_WITH_FLT3_OR_NRAS_UP	0.3519549189558503			
WANG_BARRETTS_ESOPHAGUS_UP	0.3519197239124348			
WANG_BARRETTS_ESOPHAGUS_AND_ESOPHAGUS_CANCER_DN	0.35187934597871395			
RB_DN.V1_UP	0.3517402818398727			
HALLMARK_PEROXISOME	0.3516931901870982			
REACTOME_CHREBP_ACTIVATES_METABOLIC_GENE_EXPRESSION	0.3516681585331628			
REACTOME_ACTIVATION_OF_GENE_EXPRESSION_BY_SREBF_SREBP	0.3515663619808572			
GSE13522_CTRL_VS_T_CRUZI_Y_STRAIN_INF_SKIN_129_MOUSE_UP	0.3514606339767887			
PYEON_CANCER_HEAD_AND_NECK_VS_CERVICAL_UP	0.35142028411097415			
VERHAAK_GLIOBLASTOMA_PRONEURAL	0.3514148651285499			
GO_RETINOID_X_RECEPTOR_BINDING	0.3512762023031027			
SENGUPTA_NASOPHARYNGEAL_CARCINOMA_DN	0.35105730985289424			
REACTOME_BIOSYNTHESIS_OF_EPA_DERIVED_SPMS	0.35087842879693665			
GO_REGULATION_OF_WATER_LOSS_VIA_SKIN	0.3508522323660596			
GO_CORNIFICATION	0.3507158813859347			
GO_REGULATION_OF_MITOTIC_SPINDLE_ASSEMBLY	0.3506288425084169			
GSE18281_CORTICAL_THYMOCYTE_VS_WHOLE_CORTEX_THYMUS_UP	0.350557209865016			
GSE41867_DAY6_VS_DAY15_LCMV_CLONE13_EFFECTOR_CD8_TCELL_UP	0.3505008638228879			
GO_FATTY_ACID_ALPHA_OXIDATION	0.35038009042442153			
GO_MYOTUBE_DIFFERENTIATION_INVOLVED_IN_SKELETAL_MUSCLE_REGENERATION	0.3502556037533305			
GO_POSITIVE_REGULATION_OF_INTRACELLULAR_ESTROGEN_RECEPTOR_SIGNALING_PATHWAY	0.35019101656720053			
MIR214_5P	0.3501028696497063			
GO_CHLORIDE_CHANNEL_COMPLEX	0.35010079498789387			
REACTOME_TICAM1_RIP1_MEDIATED_IKK_COMPLEX_RECRUITMENT	0.35006532183514877			
MUELLER_METHYLATED_IN_GLIOBLASTOMA	0.34999460127774673			
GO_MECHANORECEPTOR_DIFFERENTIATION	0.3499899539820435			
LIN_SILENCED_BY_TUMOR_MICROENVIRONMENT	0.3499865083838379			
GO_ANTERIOR_COMMISSURE_MORPHOGENESIS	0.3499387459933543			
GO_ENDOPLASMIC_RETICULUM_PALMITOYLTRANSFERASE_COMPLEX	0.349937869712814			
REACTOME_FATTY_ACID_METABOLISM	0.34985324021583825			
WYAAANNRNNNGCG_UNKNOWN	0.34957660621067976			
RICKMAN_HEAD_AND_NECK_CANCER_E	0.3495340766471571			
ATF5_TARGET_GENES	0.3494538750627633			
GO_LOBAR_BRONCHUS_DEVELOPMENT	0.3494169640862059			
GO_REGULATION_OF_ADIPOSE_TISSUE_DEVELOPMENT	0.34936588236682786			
GO_CHROMATIN_DNA_BINDING	0.34925561830212254			
REACTOME_FORMATION_OF_THE_CORNIFIED_ENVELOPE	0.3492245171577342			
GO_RESPONSE_TO_OLEIC_ACID	0.3491946202523775			
SCHAEFFER_PROSTATE_DEVELOPMENT_48HR_UP	0.34917372594647017			
MIR5580_5P	0.34906118364821265			
HUPER_BREAST_BASAL_VS_LUMINAL_UP	0.3488963776427448			
GO_TRANSPORTER_COMPLEX	0.34883525551895134			
GO_EMBRYONIC_PLACENTA_MORPHOGENESIS	0.3485137172456904			
AEBP2_TARGET_GENES	0.3485007308168772			
PID_ECADHERIN_KERATINOCYTE_PATHWAY	0.3484563567269565			
PID_BETA_CATENIN_DEG_PATHWAY	0.34840491869543677			
MYBL1_TARGET_GENES	0.3481943907510049			
HALLMARK_ESTROGEN_RESPONSE_LATE	0.34801668335813274			
GO_HYDROLASE_ACTIVITY_ACTING_ON_ETHER_BONDS	0.34798542309566743			
GSE12963_UNINF_VS_ENV_AND_NEF_DEFICIENT_HIV1_INF_CD4_TCELL_UP	0.3478526320825978			
GO_REGULATION_OF_SECONDARY_HEART_FIELD_CARDIOBLAST_PROLIFERATION	0.3477186579489897			
KLF3_TARGET_GENES	0.34768436250025525			
AHRR_TARGET_GENES	0.34758666523083404			
GO_CARNITINE_METABOLIC_PROCESS	0.347561673826511			
REACTOME_METABOLISM_OF_LIPIDS	0.3475297512161837			
CROMER_TUMORIGENESIS_DN	0.3474634385151787			
WAMUNYOKOLI_OVARIAN_CANCER_LMP_UP	0.3474394072732599			
PID_HNF3A_PATHWAY	0.34743018524549696			
GSE25147_UNSTIM_VS_HELIOBACTER_PYLORI_LPS_STIM_MKN45_CELL_UP	0.34737870808264687			
ACOSTA_PROLIFERATION_INDEPENDENT_MYC_TARGETS_UP	0.3472468400407821			
HALLMARK_ESTROGEN_RESPONSE_EARLY	0.3472344925422171			
REACTOME_TP53_REGULATES_METABOLIC_GENES	0.34714981382747095			
GO_EPHRIN_RECEPTOR_ACTIVITY	0.3470457469987195			
GSE27786_CD4_TCELL_VS_ERYTHTROBLAST_DN	0.34688765295753143			
JEON_SMAD6_TARGETS_DN	0.34675871684960596			
KEGG_ALDOSTERONE_REGULATED_SODIUM_REABSORPTION	0.34673867483256265			
IPA_FOXA2_UP	0.34656998137515			
KOKKINAKIS_METHIONINE_DEPRIVATION_96HR_DN	0.34622086932073853			
GO_REGULATION_OF_SHORT_TERM_NEURONAL_SYNAPTIC_PLASTICITY	0.3461737441584063			
GSE26488_WT_VS_HDAC7_KO_DOUBLE_POSITIVE_THYMOCYTE_UP	0.3461514585453401			
ETF_Q6	0.3460750680826932			
GO_TETRAPYRROLE_BINDING	0.3459010438938223			
GO_OXIDOREDUCTASE_ACTIVITY_ACTING_ON_PAIRED_DONORS_WITH_INCORPORATION_OR_REDUCTION_OF_MOLECULAR_OXYGEN_REDUCED_FLAVIN_OR_FLAVOPROTEIN_AS_ONE_DONOR_AND_INCORPORATION_OF_ONE_ATOM_OF_OXYGEN	0.34571303337009657			
MIR6081	0.34564299371081275			
ELF5_TARGET_GENES	0.34561880152177354			
ELLWOOD_MYC_TARGETS_DN	0.34552544212627306			
GO_LIPID_DROPLET_ORGANIZATION	0.34550744827804064			
GO_CORNEA_DEVELOPMENT_IN_CAMERA_TYPE_EYE	0.34547336597644984			
GO_HISTONE_H4_K16_ACETYLATION	0.34543974734054544			
FARMER_BREAST_CANCER_APOCRINE_VS_LUMINAL	0.34539039856139403			
IPA_FEZF2_UP	0.34534380178192864			
GO_INNER_EAR_RECEPTOR_CELL_DEVELOPMENT	0.3453388524002229			
NR0B1_TARGET_GENES	0.34532225562481206			
KRAS.LUNG_UP.V1_DN	0.3452108002750604			
GO_CELLULAR_LIPID_BIOSYNTHETIC_PROCESS	0.34519916505919385			
GO_PALMITOYLTRANSFERASE_ACTIVITY	0.34519466435800217			
GO_TRANSCRIPTIONAL_REPRESSOR_COMPLEX	0.34514033523374366			
HHEX_TARGET_GENES	0.34509215444555147			
YANG_BREAST_CANCER_ESR1_UP	0.3450627640289508			
GO_UBIQUITIN_INDEPENDENT_PROTEIN_CATABOLIC_PROCESS_VIA_THE_MULTIVESICULAR_BODY_SORTING_PATHWAY	0.3448835675163087			
MIR3180_MIR3180_3P	0.34486773246142766			
GO_PHOSPHATIDYLSERINE_ACYL_CHAIN_REMODELING	0.34481492681176285			
GSE9946_IMMATURE_VS_MATURE_STIMULATORY_DC_UP	0.3448045313110685			
GO_PHOSPHATIDYLSERINE_METABOLIC_PROCESS	0.34477326461873714			
BOSCO_EPITHELIAL_DIFFERENTIATION_MODULE	0.344703373873332			
HOLLERN_SQUAMOUS_BREAST_TUMOR	0.34462612712267404			
YAO_TEMPORAL_RESPONSE_TO_PROGESTERONE_CLUSTER_4	0.3446218458164359			
COLDREN_GEFITINIB_RESISTANCE_DN	0.3445097182920348			
STEIN_ESRRA_TARGETS_UP	0.3444837530237438			
BYSTRYKH_HEMATOPOIESIS_STEM_CELL_FGF3	0.34436088097652306			
ZNF236_TARGET_GENES	0.34433283530664993			
CIC_TARGET_GENES	0.3443269694783457			
GO_INNER_EAR_RECEPTOR_CELL_STEREOCILIUM_ORGANIZATION	0.3442928358535377			
IPA_PAX9_DN	0.3442098438148632			
GO_DESMOSOME_ORGANIZATION	0.3441915257273099			
GSE20715_WT_VS_TLR4_KO_48H_OZONE_LUNG_DN	0.3441200217799762			
GO_AMINO_ACID_BETAINE_METABOLIC_PROCESS	0.34409334040674183			
GSE10325_BCELL_VS_LUPUS_BCELL_UP	0.34405202076309244			
GO_FOREBRAIN_REGIONALIZATION	0.3440274140185836			
GSE19401_PAM2CSK4_VS_RETINOIC_ACID_STIM_FOLLICULAR_DC_DN	0.34400314127469295			
COUP_DR1_Q6	0.34395057849537286			
HOLLERN_EMT_BREAST_TUMOR_DN	0.34392723813547593			
GO_STEROL_BIOSYNTHETIC_PROCESS	0.3439265239523346			
GO_ALDEHYDE_DEHYDROGENASE_NAD_P_PLUS_ACTIVITY	0.34387505627873266			
GO_AROMATASE_ACTIVITY	0.34383298632896897			
WOO_LIVER_CANCER_RECURRENCE_DN	0.34364574859816227			
GLI3_TARGET_GENES	0.343547699255549			
ZBED4_TARGET_GENES	0.3435368650544849			
REACTOME_ESTROGEN_DEPENDENT_GENE_EXPRESSION	0.34353530356849005			
CROMER_METASTASIS_DN	0.3434304798611117			
IRX2_TARGET_GENES	0.34339015411310336			
HALLMARK_GLYCOLYSIS	0.3432856091670728			
GO_MAP_KINASE_ACTIVITY	0.3432370907672183			
REACTOME_ARACHIDONIC_ACID_METABOLISM	0.3431739904849583			
MXD1_TARGET_GENES	0.34316871871339044			
GO_ROSTROCAUDAL_NEURAL_TUBE_PATTERNING	0.3430919639719134			
REACTOME_RORA_ACTIVATES_GENE_EXPRESSION	0.34302858069507364			
GO_LIGASE_ACTIVITY_FORMING_CARBON_NITROGEN_BONDS	0.34302071345537627			
HUMMERICH_BENIGN_SKIN_TUMOR_UP	0.34297811494529185			
GO_O_PALMITOYLTRANSFERASE_ACTIVITY	0.3427368772440978			
GO_VENTRICULAR_CARDIAC_MUSCLE_CELL_ACTION_POTENTIAL	0.3427279971319351			
GO_RESPONSE_TO_LIGHT_INTENSITY	0.34272285024530735			
PID_TAP63_PATHWAY	0.34263976282599584			
KLF14_TARGET_GENES	0.3426338243220531			
GO_REGULATION_OF_IRE1_MEDIATED_UNFOLDED_PROTEIN_RESPONSE	0.3424197324565538			
GSE18281_SUBCAPSULAR_CORTICAL_REGION_VS_WHOLE_MEDULLA_THYMUS_UP	0.34237681696856775			
GO_GLUTAMATE_BINDING	0.3423447477728197			
LEF1_UP.V1_DN	0.34232453710377464			
GSE2770_UNTREATED_VS_ACT_CD4_TCELL_2H_UP	0.3422745638832197			
GO_AMELOGENESIS	0.34211733553852225			
IPA_GRHL2_UP	0.34209823123268956			
PEREZ_TP53_TARGETS	0.3418283138983743			
CREIGHTON_AKT1_SIGNALING_VIA_MTOR_DN	0.3418259317607943			
GSE22443_NAIVE_VS_ACT_AND_IL2_TREATED_CD8_TCELL_DN	0.34180642937512484			
TIEN_INTESTINE_PROBIOTICS_6HR_UP	0.34174106511036456			
GO_STEROL_METABOLIC_PROCESS	0.34172886187816065			
GSE36078_UNTREATED_VS_AD5_T425A_HEXON_INF_IL1R_KO_MOUSE_LUNG_DC_UP	0.34167267104906857			
REACTOME_SYNTHESIS_OF_15_EICOSATETRAENOIC_ACID_DERIVATIVES	0.34165915250634576			
MIR4692	0.3415372715078683			
GO_ENTRY_OF_BACTERIUM_INTO_HOST_CELL	0.3415052207579854			
GO_LATERAL_PLASMA_MEMBRANE	0.3414604761603073			
LOPEZ_EPITHELIOID_MESOTHELIOMA	0.34142794148252953			
COBLL1_TARGET_GENES	0.3413587564932085			
SCHAEFFER_PROSTATE_DEVELOPMENT_AND_CANCER_BOX1_UP	0.34129750913761886			
PAX2_TARGET_GENES	0.34126555388955326			
AP2REP_01	0.34120119933333504			
GO_INHIBITION_OF_NEUROEPITHELIAL_CELL_DIFFERENTIATION	0.3411439078108337			
GSE17721_POLYIC_VS_CPG_6H_BMDC_UP	0.341128212940361			
BMI1_DN_MEL18_DN.V1_DN	0.3411160239347344			
HNF4_01	0.3410610644533652			
MIR550B_2_5P	0.34095707828520655			
LANDIS_ERBB2_BREAST_TUMORS_324_UP	0.3409083896745989			
SABATES_COLORECTAL_ADENOMA_UP	0.3408981282102801			
GO_ALDITOL_CATABOLIC_PROCESS	0.3407815364654925			
HALLMARK_ANDROGEN_RESPONSE	0.3407635848639031			
REACTOME_DEFECTIVE_C1GALT1C1_CAUSES_TN_POLYAGGLUTINATION_SYNDROME_TNPS	0.3407330608313246			
CHAF1A_TARGET_GENES	0.3407311719598742			
MOHANKUMAR_HOXA1_TARGETS_UP	0.3407309686569792			
IPA_ZEB1_DN	0.340697824221931			
TOMLINS_PROSTATE_CANCER_UP	0.3406061125373855			
GLI1_TARGET_GENES	0.3404928163590484			
GO_POSITIVE_REGULATION_OF_SPINDLE_ASSEMBLY	0.34037784334799676			
GO_REGULATION_OF_HEART_RATE_BY_CARDIAC_CONDUCTION	0.34032066279665735			
IPA_OVOL1_UP	0.3403161496998589			
RODWELL_AGING_KIDNEY_NO_BLOOD_DN	0.3403154225948765			
GO_C3HC4_TYPE_RING_FINGER_DOMAIN_BINDING	0.3403076888714434			
GO_LAMININ_COMPLEX	0.34021216617769473			
GO_APICAL_JUNCTION_COMPLEX	0.34020054808903083			
GSE35825_IFNA_VS_IFNG_STIM_MACROPHAGE_DN	0.3401914307021818			
GO_NEGATIVE_REGULATION_OF_PROTEIN_OLIGOMERIZATION	0.34009864234073484			
FOXO4_TARGET_GENES	0.3400222335180279			
GO_REGULATION_OF_CHOLESTEROL_BIOSYNTHETIC_PROCESS	0.33998384905503853			
ZNF708_TARGET_GENES	0.3399094952221601			
HORTON_SREBF_TARGETS	0.3398509006156672			
MIR4638_3P	0.33982711128670257			
GO_CELLULAR_RESPONSE_TO_GLUCAGON_STIMULUS	0.339812614203477			
GO_OXIDOREDUCTASE_ACTIVITY_ACTING_ON_PAIRED_DONORS_WITH_INCORPORATION_OR_REDUCTION_OF_MOLECULAR_OXYGEN_REDUCED_PTERIDINE_AS_ONE_DONOR_AND_INCORPORATION_OF_ONE_ATOM_OF_OXYGEN	0.33973451447585673			
GO_REGULATION_OF_KERATINOCYTE_DIFFERENTIATION	0.3396205824080921			
REACTOME_PEROXISOMAL_LIPID_METABOLISM	0.33954137186043326			
GO_POSITIVE_REGULATION_OF_HEART_RATE	0.33952631308248954			
ERR1_Q2	0.3394860116454483			
HOXC13_TARGET_GENES	0.3394669131550555			
TONKS_TARGETS_OF_RUNX1_RUNX1T1_FUSION_SUSTAINED_IN_GRANULOCYTE_UP	0.3394055928840526			
REACTOME_PHASE_I_FUNCTIONALIZATION_OF_COMPOUNDS	0.33940550740162345			
RICKMAN_METASTASIS_DN	0.33932317953252605			
REACTOME_NOTCH3_ACTIVATION_AND_TRANSMISSION_OF_SIGNAL_TO_THE_NUCLEUS	0.3392434896214748			
GO_SPINAL_CORD_PATTERNING	0.3392191939303282			
NELSON_RESPONSE_TO_ANDROGEN_UP	0.3391500176061556			
GO_FATTY_ACID_DERIVATIVE_TRANSPORT	0.33912309643132665			
GO_DEPYRIMIDINATION	0.33898514828262916			
ANDERSEN_CHOLANGIOCARCINOMA_CLASS2	0.33889140453804373			
HNF4_Q6	0.3388194333862414			
GSE41176_WT_VS_TAK1_KO_ANTI_IGM_STIM_BCELL_1H_DN	0.3387781369806619			
MIR6846_5P	0.3386929475032871			
RYTGCNWTGGNR_UNKNOWN	0.3385979423834581			
GO_MAMMARY_GLAND_INVOLUTION	0.3385724620674223			
GO_LONG_CHAIN_FATTY_ACID_METABOLIC_PROCESS	0.3384825043630689			
GO_INTRACELLULAR_RECEPTOR_SIGNALING_PATHWAY	0.33825448320175183			
GO_EMBRYONIC_PLACENTA_DEVELOPMENT	0.3380466185436499			
REACTOME_SIGNALING_BY_ERBB2	0.3378527450466041			
GO_TOXIC_SUBSTANCE_BINDING	0.3377498319474314			
GO_HOPS_COMPLEX	0.33768021165760376			
GO_BUNDLE_OF_HIS_CELL_TO_PURKINJE_MYOCYTE_COMMUNICATION	0.33764312861002216			
YAMASHITA_LIVER_CANCER_STEM_CELL_UP	0.33762973356592535			
IPA_ZBTB33_DN	0.3376151283969005			
IGARASHI_ATF4_TARGETS_DN	0.3375199735363334			
RAMJAUN_APOPTOSIS_BY_TGFB1_VIA_SMAD4_DN	0.33735292150218843			
CREIGHTON_AKT1_SIGNALING_VIA_MTOR_UP	0.33734383767886905			
MALIK_REPRESSED_BY_ESTROGEN	0.33733495696317267			
YRCCAKNNGNCGC_UNKNOWN	0.33731802521682064			
GO_NEGATIVE_REGULATION_OF_LIPASE_ACTIVITY	0.3372699387843019			
GO_ARACHIDONIC_ACID_SECRETION	0.33724644847645335			
CREIGHTON_ENDOCRINE_THERAPY_RESISTANCE_5	0.3370970650837855			
FUJIWARA_PARK2_HEPATOCYTE_PROLIFERATION_DN	0.33700923644429764			
KRAS.600.LUNG.BREAST_UP.V1_DN	0.3368873781386654			
GO_NEUROENDOCRINE_CELL_DIFFERENTIATION	0.3368542454456511			
PID_A6B1_A6B4_INTEGRIN_PATHWAY	0.3368309518993669			
VECCHI_GASTRIC_CANCER_ADVANCED_VS_EARLY_DN	0.33668136436205476			
GO_APICOLATERAL_PLASMA_MEMBRANE	0.33666625500927844			
GO_ZONULA_ADHERENS	0.33663094258754206			
NELSON_RESPONSE_TO_ANDROGEN_DN	0.3366095952597232			
GO_VIRAL_BUDDING_VIA_HOST_ESCRT_COMPLEX	0.3366065601383712			
MIR4514	0.3365798708956239			
REACTOME_LIGAND_RECEPTOR_INTERACTIONS	0.3364874147170907			
REACTOME_DEFECTIVE_GALNT3_CAUSES_FAMILIAL_HYPERPHOSPHATEMIC_TUMORAL_CALCINOSIS_HFTC	0.3363919432190386			
GO_OXIDOREDUCTASE_ACTIVITY_ACTING_ON_CH_OH_GROUP_OF_DONORS	0.33636704230130554			
PPARA_02	0.3362602000370097			
GSE14308_TH1_VS_NAIVE_CD4_TCELL_DN	0.3362459244853945			
LI_ADIPOGENESIS_BY_ACTIVATED_PPARG	0.33609353088070043			
GO_CELLULAR_RESPONSE_TO_CARBOHYDRATE_STIMULUS	0.3359587982815885			
GO_POSITIVE_REGULATION_OF_ACTIN_FILAMENT_BASED_MOVEMENT	0.3359398804662417			
IPA_SATB2_DN	0.33593910015116785			
RB_P130_DN.V1_DN	0.3358825274473568			
RASHI_RESPONSE_TO_IONIZING_RADIATION_3	0.3357559571031962			
GO_FATTY_ACID_DERIVATIVE_METABOLIC_PROCESS	0.3357273430668968			
GO_FATTY_ACID_BETA_OXIDATION	0.3357212170840755			
GO_ADIPOSE_TISSUE_DEVELOPMENT	0.3355587774714939			
MIR433_5P	0.3355436016403554			
GO_CALCIUM_ION_REGULATED_EXOCYTOSIS_OF_NEUROTRANSMITTER	0.33553937248118304			
JI_METASTASIS_REPRESSED_BY_STK11	0.33553489377584844			
ZNF248_TARGET_GENES	0.3354533575131727			
ZHANG_RESPONSE_TO_IKK_INHIBITOR_AND_TNF_DN	0.33543275881569207			
GO_S_ACYLTRANSFERASE_ACTIVITY	0.33537848468498			
KYNG_ENVIRONMENTAL_STRESS_RESPONSE_DN	0.33535037706230514			
GSE27786_CD8_TCELL_VS_ERYTHROBLAST_DN	0.33534379009601173			
CAGGTA_AREB6_01	0.33531181568483814			
IPA_FOXI1_UP	0.3352968492273664			
NKX2_2_TARGET_GENES	0.33528632596227814			
IPA_HNF1B_DN	0.3352842796671972			
RICKMAN_TUMOR_DIFFERENTIATED_WELL_VS_POORLY_UP	0.3351098086577803			
GO_CELL_DIFFERENTIATION_INVOLVED_IN_EMBRYONIC_PLACENTA_DEVELOPMENT	0.3350760841596571			
DR1_Q3	0.33500638233366525			
AMIT_EGF_RESPONSE_20_MCF10A	0.3349490384429513			
GSE8515_IL1_VS_IL6_4H_STIM_MAC_DN	0.3348886841673082			
REACTOME_ERCC6_CSB_AND_EHMT2_G9A_POSITIVELY_REGULATE_RRNA_EXPRESSION	0.3348476456474302			
GO_BASOLATERAL_PLASMA_MEMBRANE	0.3348188070374215			
GO_TIGHT_JUNCTION	0.33479866604551844			
MIR4665_5P	0.3346917236912151			
FOXD2_TARGET_GENES	0.33468841128590066			
GSE32423_MEMORY_VS_NAIVE_CD8_TCELL_IL7_DN	0.33464205970314187			
CHANGOLKAR_H2AFY_TARGETS_UP	0.33463792901202943			
GATA1_01	0.334613692905601			
GO_CELL_BODY_FIBER	0.3346128561726368			
BURTON_ADIPOGENESIS_5	0.3345678658433628			
KEGG_GLYCOLYSIS_GLUCONEOGENESIS	0.3344905046727626			
PID_INSULIN_GLUCOSE_PATHWAY	0.3344613140215371			
ABBUD_LIF_SIGNALING_1_UP	0.3344392121667286			
GO_SYNAPSE_MATURATION	0.3344008624176385			
DONATO_CELL_CYCLE_TRETINOIN	0.33439825699256154			
GO_PERIPHERAL_NERVOUS_SYSTEM_MYELIN_MAINTENANCE	0.3343897880271831			
GO_MYOBLAST_FUSION_INVOLVED_IN_SKELETAL_MUSCLE_REGENERATION	0.3343368743873917			
IPA_NEUROD1_UP	0.334286171449853			
GO_SOMITE_SPECIFICATION	0.3342240571791185			
GO_INHIBITORY_SYNAPSE_ASSEMBLY	0.33419376578095905			
CHYLA_CBFA2T3_TARGETS_DN	0.33418031958228317			
GSE37533_UNTREATED_VS_PIOGLIZATONE_TREATED_CD4_TCELL_PPARG2_AND_FOXP3_TRASDUCED_UP	0.334154448058069			
GSE2585_CD80_HIGH_VS_LOW_MTEC_UP	0.3341392881071761			
WTTGKCTG_UNKNOWN	0.33403500196206404			
GSE18791_CTRL_VS_NEWCASTLE_VIRUS_DC_1H_UP	0.3339767101154474			
REACTOME_ACYL_CHAIN_REMODELLING_OF_PI	0.33381870249263007			
GO_CELL_DIFFERENTIATION_INVOLVED_IN_METANEPHROS_DEVELOPMENT	0.33371658914573105			
REACTOME_TYPE_I_HEMIDESMOSOME_ASSEMBLY	0.33368548341929655			
GOTZMANN_EPITHELIAL_TO_MESENCHYMAL_TRANSITION_DN	0.3336568256637968			
DORN_ADENOVIRUS_INFECTION_24HR_DN	0.33363296245458024			
IPA_ETV5_DN	0.3336136048392751			
GO_BRONCHUS_DEVELOPMENT	0.33356268095475855			
GSE8515_CTRL_VS_IL6_4H_STIM_MAC_DN	0.3334830635226429			
GCTGAGT_MIR5125P	0.33347359811997196			
HEN1_02	0.3334309947056453			
GO_MDM2_MDM4_FAMILY_PROTEIN_BINDING	0.33341096385790964			
REACTOME_RIPK1_MEDIATED_REGULATED_NECROSIS	0.33317245815282215			
GO_NADH_DEHYDROGENASE_ACTIVITY	0.3331357228653874			
ZHANG_TARGETS_OF_EWSR1_FLI1_FUSION	0.3329733455232623			
MIR11400	0.3329705845133016			
GO_POSITIVE_REGULATION_OF_CHROMATIN_ORGANIZATION	0.33293351128896626			
LMO2COM_01	0.3329205605103087			
HALLMARK_BILE_ACID_METABOLISM	0.33286408364357195			
VECCHI_GASTRIC_CANCER_EARLY_UP	0.33274872567774066			
GO_POSITIVE_REGULATION_OF_CELL_CYCLE_G2_M_PHASE_TRANSITION	0.33270490436854			
PID_WNT_CANONICAL_PATHWAY	0.3326612136385609			
PAX8_01	0.33263320176478683			
GO_RENAL_ABSORPTION	0.3326007859145125			
BRUECKNER_TARGETS_OF_MIRLET7A3_UP	0.33240922762057634			
DORN_ADENOVIRUS_INFECTION_32HR_DN	0.33239860136067795			
GO_APOLIPOPROTEIN_RECEPTOR_BINDING	0.33233062424352927			
GO_BEHAVIORAL_RESPONSE_TO_NICOTINE	0.3323265443188136			
IPA_PRRX1_UP	0.33229016416589746			
BIOCARTA_IRES_PATHWAY	0.3322592787420296			
GO_RESPONSE_TO_OXYGEN_GLUCOSE_DEPRIVATION	0.33225853844111425			
GO_MAGNESIUM_ION_HOMEOSTASIS	0.33221079267572445			
GO_BRANCHING_INVOLVED_IN_LABYRINTHINE_LAYER_MORPHOGENESIS	0.3321967739880312			
KEGG_LINOLEIC_ACID_METABOLISM	0.3321806375027532			
PBXIP1_TARGET_GENES	0.3321671855858555			
GO_MITOTIC_SPINDLE_ASTRAL_MICROTUBULE	0.3321014951006512			
IPA_SREBF2_UP	0.3320967647991398			
BAE_BRCA1_TARGETS_UP	0.3319728917301514			
GO_LUNG_CELL_DIFFERENTIATION	0.33196208274858163			
GO_PROTEIN_BINDING_INVOLVED_IN_HETEROTYPIC_CELL_CELL_ADHESION	0.33188946084081344			
GO_POSITIVE_REGULATION_OF_EPITHELIAL_CELL_DIFFERENTIATION	0.3316283423784409			
GO_SODIUM_CHANNEL_ACTIVITY	0.33160112288429433			
IPA_ISL1_DN	0.33157530234808436			
GO_CADHERIN_BINDING	0.3315131601155769			
GO_RESPONSE_TO_CISPLATIN	0.33150444952483926			
GO_PHYTOSTEROID_METABOLIC_PROCESS	0.33149689479495736			
ROY_WOUND_BLOOD_VESSEL_DN	0.33140562475913393			
IPA_SATB2_UP	0.331354787813035			
GO_CELL_ADHESIVE_PROTEIN_BINDING_INVOLVED_IN_BUNDLE_OF_HIS_CELL_PURKINJE_MYOCYTE_COMMUNICATION	0.33129886397524777			
REACTOME_RESPIRATORY_ELECTRON_TRANSPORT	0.3311876581646143			
KOINUMA_TARGETS_OF_SMAD2_OR_SMAD3	0.3311199682602478			
BIOCARTA_NUCLEARRS_PATHWAY	0.3311156794770913			
IPA_HOXA2_UP	0.33110583383201897			
LIU_PROSTATE_CANCER_UP	0.33110098301185203			
GO_POSITIVE_REGULATION_OF_ADIPOSE_TISSUE_DEVELOPMENT	0.33105658681235195			
GSE22611_MUTANT_NOD2_TRANSDUCED_VS_CTRL_HEK293T_STIMULATED_WITH_MDP_6H_UP	0.3310194641195112			
NAKAYAMA_SOFT_TISSUE_TUMORS_PCA1_DN	0.33100870394090026			
HMX1_01	0.3309910771140284			
GO_PALMITOYLTRANSFERASE_COMPLEX	0.3309786057381691			
FONTAINE_PAPILLARY_THYROID_CARCINOMA_UP	0.330934919014538			
GSE32533_WT_VS_MIR17_OVEREXPRESS_ACT_CD4_TCELL_DN	0.3308782333192353			
REACTOME_REGULATION_OF_CHOLESTEROL_BIOSYNTHESIS_BY_SREBP_SREBF	0.33086971230424			
NAKAMURA_TUMOR_ZONE_PERIPHERAL_VS_CENTRAL_DN	0.33081931810062465			
REACTOME_BUDDING_AND_MATURATION_OF_HIV_VIRION	0.33079931158176823			
GO_RESPONSE_TO_ANTINEOPLASTIC_AGENT	0.3306599500654601			
GO_EAR_DEVELOPMENT	0.3305948130435026			
HOFMANN_MYELODYSPLASTIC_SYNDROM_LOW_RISK_DN	0.3305561849954235			
GO_RDNA_BINDING	0.3305120103277353			
GSE37605_TREG_VS_TCONV_C57BL6_FOXP3_IRES_GFP_UP	0.3305019527776211			
GO_INTERMEDIATE_FILAMENT_BUNDLE_ASSEMBLY	0.33049334922572615			
GO_UNSATURATED_FATTY_ACID_METABOLIC_PROCESS	0.33048289586727486			
WATANABE_RECTAL_CANCER_RADIOTHERAPY_RESPONSIVE_UP	0.3304318251799485			
GO_CALCIUM_ION_IMPORT_INTO_SARCOPLASMIC_RETICULUM	0.33038186336676534			
GO_RIBOFLAVIN_TRANSPORT	0.3303642727681389			
GO_RIBOFLAVIN_TRANSMEMBRANE_TRANSPORTER_ACTIVITY	0.3303642727681389			
REACTOME_DEADENYLATION_OF_MRNA	0.3303509270188086			
MASSARWEH_TAMOXIFEN_RESISTANCE_UP	0.33032721784123026			
HEIDENBLAD_AMPLICON_12P11_12_DN	0.33027816033223234			
GO_KERATINOCYTE_DEVELOPMENT	0.33026138001358846			
CACCCBINDINGFACTOR_Q6	0.33022433140621343			
GO_PROSTATE_GLAND_GROWTH	0.3302081431691375			
KEGG_LYSINE_DEGRADATION	0.3301878352294216			
IPA_RFX5_DN	0.33018297243954364			
GO_EPIDERMAL_CELL_DIFFERENTIATION	0.33017692524383224			
GO_URETER_DEVELOPMENT	0.3301567898329127			
GO_MEIOTIC_ATTACHMENT_OF_TELOMERE_TO_NUCLEAR_ENVELOPE	0.33014146494075003			
GO_RETINOIC_ACID_METABOLIC_PROCESS	0.32997789443892506			
REACTOME_METABOLISM_OF_STEROIDS	0.32997581005512006			
GSE25123_CTRL_VS_IL4_AND_ROSIGLITAZONE_STIM_PPARG_KO_MACROPHAGE_DN	0.32995779815097126			
GO_STEROID_BIOSYNTHETIC_PROCESS	0.32988622422250957			
IPA_MMP3_UP	0.3298747784215239			
REACTOME_ACYL_CHAIN_REMODELLING_OF_PC	0.32958015041441685			
GO_LIPID_OXIDATION	0.3295762234035931			
CHIANG_LIVER_CANCER_SUBCLASS_PROLIFERATION_DN	0.329571188851053			
GO_EPIDERMIS_DEVELOPMENT	0.32955876899431336			
GO_PROSTATE_GLAND_DEVELOPMENT	0.3295286728537819			
REACTOME_SIGNALING_BY_NUCLEAR_RECEPTORS	0.32943113399100304			
chr1p32	0.3293713910616779			
GO_KERATINOCYTE_DIFFERENTIATION	0.32935235523819234			
GSE1460_INTRATHYMIC_T_PROGENITOR_VS_NAIVE_CD4_TCELL_CORD_BLOOD_DN	0.32934925264034354			
MIR4722_3P	0.32929744022091967			
GO_CELL_FATE_SPECIFICATION_INVOLVED_IN_PATTERN_SPECIFICATION	0.32924364948645096			
ZHAN_LATE_DIFFERENTIATION_GENES_DN	0.3292018288580284			
ONDER_CDH1_TARGETS_3_DN	0.3291128161466779			
GO_AXIS_SPECIFICATION	0.3291117377166585			
FONTAINE_FOLLICULAR_THYROID_ADENOMA_UP	0.32902653458071834			
IPA_PAX7_UP	0.3289433497795785			
GO_OXIDOREDUCTASE_ACTIVITY_OXIDIZING_METAL_IONS_NAD_OR_NADP_AS_ACCEPTOR	0.3289074766876256			
GO_ICOSANOID_METABOLIC_PROCESS	0.32886715815116435			
GO_CALCIUM_DEPENDENT_PHOSPHOLIPASE_A2_ACTIVITY	0.3288644399202686			
BIOCARTA_DEATH_PATHWAY	0.3288403573224518			
GO_PROSTATE_GLANDULAR_ACINUS_DEVELOPMENT	0.3288349072500656			
REACTOME_VITAMIN_B2_RIBOFLAVIN_METABOLISM	0.3288206521701601			
KEGG_PHENYLALANINE_METABOLISM	0.32874267689933495			
GO_POSITIVE_REGULATION_OF_STRIATED_MUSCLE_CONTRACTION	0.328727914255525			
MT	0.3286781181195138			
GO_TERPENOID_BIOSYNTHETIC_PROCESS	0.32865222991561505			
KUROKAWA_LIVER_CANCER_EARLY_RECURRENCE_UP	0.32862197369029644			
DORN_ADENOVIRUS_INFECTION_48HR_DN	0.3286167346253327			
KEGG_HISTIDINE_METABOLISM	0.32861454054311845			
GO_LIGASE_ACTIVITY_FORMING_CARBON_CARBON_BONDS	0.3285716003133279			
GO_KERATINIZATION	0.3284503979325009			
OUELLET_CULTURED_OVARIAN_CANCER_INVASIVE_VS_LMP_UP	0.32843535005579194			
GO_ERBB2_SIGNALING_PATHWAY	0.32842552040380557			
BILANGES_RAPAMYCIN_SENSITIVE_GENES	0.32837285255567805			
GU_PDEF_TARGETS_DN	0.3283604288380687			
LEE_LIVER_CANCER_CIPROFIBRATE_DN	0.32831781248090114			
GO_REGULATION_OF_HAIR_CYCLE	0.3283006562899017			
CREIGHTON_ENDOCRINE_THERAPY_RESISTANCE_3	0.3282898684457901			
PID_ERBB_NETWORK_PATHWAY	0.32819798620592666			
REACTOME_ACYL_CHAIN_REMODELLING_OF_PG	0.32812663773019174			
GO_STEROID_METABOLIC_PROCESS	0.3280270913367902			
GSE35543_IN_VIVO_NTREG_VS_IN_VITRO_ITREG_UP	0.32797413738650066			
REACTOME_DEFECTS_IN_BIOTIN_BTN_METABOLISM	0.3279738014069979			
KLF17_TARGET_GENES	0.32789635777513426			
ENK_UV_RESPONSE_EPIDERMIS_DN	0.3278543962777058			
GO_FATTY_ACID_HOMEOSTASIS	0.32778674602835234			
GSE360_L_MAJOR_VS_M_TUBERCULOSIS_MAC_UP	0.3277653237165017			
CSHL1_TARGET_GENES	0.32775840254621724			
KRAS.50_UP.V1_DN	0.327736052729598			
GO_REGULATION_OF_INSULIN_SECRETION	0.3277359542900192			
REACTOME_SYNTHESIS_OF_12_EICOSATETRAENOIC_ACID_DERIVATIVES	0.3276707023952212			
REACTOME_CELL_CELL_JUNCTION_ORGANIZATION	0.3276476357399381			
GO_POSITIVE_REGULATION_OF_TRIGLYCERIDE_BIOSYNTHETIC_PROCESS	0.32764083815922057			
IPA_HINFP_UP	0.3275826667521473			
STEIN_ESRRA_TARGETS	0.32750497123444816			
GO_POSITIVE_REGULATION_OF_ENDOPLASMIC_RETICULUM_UNFOLDED_PROTEIN_RESPONSE	0.3274984794117281			
REACTOME_GLI_PROTEINS_BIND_PROMOTERS_OF_HH_RESPONSIVE_GENES_TO_PROMOTE_TRANSCRIPTION	0.32749159692550306			
ZSCAN2_TARGET_GENES	0.32748379239757713			
GO_RNA_POLYMERASE_II_REPRESSING_TRANSCRIPTION_FACTOR_BINDING	0.32746660227024105			
REACTOME_NR1H2_NR1H3_REGULATE_GENE_EXPRESSION_LINKED_TO_GLUCONEOGENESIS	0.32742699598718583			
PPAR_DR1_Q2	0.32738458100082085			
GO_MULTIVESICULAR_BODY_ORGANIZATION	0.3273270396088191			
REACTOME_SIGNALING_BY_EGFR_IN_CANCER	0.32728526480866243			
ACAACCT_MIR453	0.3272481744893467			
GSE22611_NOD2_TRANSD_VS_CTRL_TRANSD_HEK293_MDP_STIM_2H_DN	0.32722621038904387			
TOP2B_TARGET_GENES	0.327214779697439			
GSE12707_AT16L1_HYPOMORPH_VS_WT_THYMUS_DN	0.3271966000049726			
GO_MESENCHYMAL_CELL_PROLIFERATION_INVOLVED_IN_LUNG_DEVELOPMENT	0.32718342012926876			
GO_AP_1_ADAPTOR_COMPLEX	0.32716221088975095			
GO_AUDITORY_RECEPTOR_CELL_FATE_COMMITMENT	0.327159473040034			
WU_ALZHEIMER_DISEASE_DN	0.3271421840589589			
SWEET_LUNG_CANCER_KRAS_UP	0.32714107339965104			
REACTOME_NR1H2_AND_NR1H3_MEDIATED_SIGNALING	0.3270709088069896			
GO_NUCLEAR_TRANSCRIBED_MRNA_POLY_A_TAIL_SHORTENING	0.32705776011419646			
GO_EPOXIDE_HYDROLASE_ACTIVITY	0.3270503583845878			
OLSSON_E2F3_TARGETS_UP	0.32704537030994796			
GO_COFACTOR_BINDING	0.3270446992714532			
GSE17721_POLYIC_VS_CPG_1H_BMDC_DN	0.3270221108332186			
MIR4433A_3P	0.32699446386663683			
GSE24634_NAIVE_CD4_TCELL_VS_DAY10_IL4_CONV_TREG_UP	0.3269834861026946			
REACTOME_DOWNREGULATION_OF_ERBB2_SIGNALING	0.326900541296717			
REACTOME_ION_HOMEOSTASIS	0.3268196826861737			
IPA_HR_DN	0.32676696534944005			
PPARGC1A_TARGET_GENES	0.3267589668790689			
VDR_Q6	0.326754522705511			
WANG_ESOPHAGUS_CANCER_VS_NORMAL_DN	0.32674164289051627			
GSE20715_0H_VS_48H_OZONE_TLR4_KO_LUNG_DN	0.3266891554018616			
TSC22D4_TARGET_GENES	0.3266817888118337			
FEV_TARGET_GENES	0.32666154099887146			
VDR_Q3	0.3266474986442749			
GO_ZYMOGEN_GRANULE	0.32661280655043445			
WAMUNYOKOLI_OVARIAN_CANCER_GRADES_1_2_UP	0.3266030140027392			
GO_PHARYNGEAL_SYSTEM_DEVELOPMENT	0.3265636756114171			
MEISSNER_NPC_HCP_WITH_H3K4ME3_AND_H3K27ME3	0.32654880446831563			
GO_REGULATION_OF_VENTRICULAR_CARDIAC_MUSCLE_CELL_ACTION_POTENTIAL	0.3264635700742553			
GO_CARDIAC_MUSCLE_CELL_CARDIAC_MUSCLE_CELL_ADHESION	0.3264561237319501			
GO_REGULATION_OF_GLUCOCORTICOID_RECEPTOR_SIGNALING_PATHWAY	0.32645016864871546			
GCANCTGNY_MYOD_Q6	0.3264368407684377			
REACTOME_ACROSOME_REACTION_AND_SPERM_OOCYTE_MEMBRANE_BINDING	0.3264267865288971			
MCBRYAN_PUBERTAL_BREAST_4_5WK_UP	0.32640563042557136			
MAGRANGEAS_MULTIPLE_MYELOMA_IGLL_VS_IGLK_UP	0.3263284353009996			
GO_POSITIVE_REGULATION_OF_PROTEIN_DEACETYLATION	0.326305464446286			
CDPCR3HD_01	0.32628502921375985			
HAHTOLA_MYCOSIS_FUNGOIDES_SKIN_DN	0.3262349554721421			
TBK1.DF_DN	0.3262239309864879			
GO_REGULATION_OF_PROTEIN_HOMOOLIGOMERIZATION	0.32617029138965387			
GSE13306_RA_VS_UNTREATED_TCONV_UP	0.32614324290493846			
CHEN_PDGF_TARGETS	0.32612238023900036			
MIR10396A_5P	0.32610757277975344			
PID_INTEGRIN4_PATHWAY	0.3260729320321618			
GO_POSITIVE_REGULATION_OF_INSULIN_SECRETION_INVOLVED_IN_CELLULAR_RESPONSE_TO_GLUCOSE_STIMULUS	0.32603584318508116			
MCBRYAN_PUBERTAL_BREAST_3_4WK_UP	0.32602697251191365			
YY1_Q6	0.32598062201976163			
REACTOME_HUR_ELAVL1_BINDS_AND_STABILIZES_MRNA	0.32597636345576336			
REACTOME_O_LINKED_GLYCOSYLATION_OF_MUCINS	0.32596455469322005			
ID1_TARGET_GENES	0.3259080507946122			
GSE360_CTRL_VS_B_MALAYI_HIGH_DOSE_MAC_UP	0.32589678289926033			
REACTOME_SIGNALING_BY_NOTCH1_HD_DOMAIN_MUTANTS_IN_CANCER	0.3258754955614512			
GSE17974_IL4_AND_ANTI_IL12_VS_UNTREATED_72H_ACT_CD4_TCELL_UP	0.32583742796759096			
REACTOME_SHC1_EVENTS_IN_EGFR_SIGNALING	0.32581331963881033			
SFMBT1_TARGET_GENES	0.3258097335175611			
IPA_PAX9_UP	0.3257201918610497			
REACTOME_KERATINIZATION	0.3256146498087526			
GO_LIGAND_GATED_SODIUM_CHANNEL_ACTIVITY	0.32555498315919945			
CAHOY_NEURONAL	0.32539451384946677			
MIKKELSEN_IPS_LCP_WITH_H3K4ME3_AND_H3K27ME3	0.3253407337011751			
HNF4_DR1_Q3	0.32512972136535595			
GO_EPITHELIUM_DEVELOPMENT	0.32512566245785307			
GSE27670_CTRL_VS_BLIMP1_TRANSDUCED_GC_BCELL_UP	0.32512196748994754			
GSE46606_UNSTIM_VS_CD40L_IL2_IL5_3DAY_STIMULATED_IRF4_KO_BCELL_UP	0.32511331921496495			
GO_REGULATION_OF_CARDIAC_MUSCLE_CELL_ACTION_POTENTIAL	0.3250858334717389			
IPA_SALL3_UP	0.3248763938023771			
GO_REGULATION_OF_NUCLEOBASE_CONTAINING_COMPOUND_TRANSPORT	0.3248385065138286			
ALX4_TARGET_GENES	0.324830727321007			
IPA_TP53BP2_UP	0.3247938430879607			
GO_VITAMIN_METABOLIC_PROCESS	0.32477688213408595			
E2F3_UP.V1_DN	0.324764454958344			
REACTOME_PTK6_REGULATES_RTKS_AND_THEIR_EFFECTORS_AKT1_AND_DOK1	0.3247539329193695			
GO_LONG_CHAIN_FATTY_ACID_CATABOLIC_PROCESS	0.3247353710837557			
STAT3_02	0.3247348747665563			
GO_NAD_BIOSYNTHESIS_VIA_NICOTINAMIDE_RIBOSIDE_SALVAGE_PATHWAY	0.32470290525588236			
GO_NITROGEN_CYCLE_METABOLIC_PROCESS	0.32463106006671166			
GSE1460_NAIVE_CD4_TCELL_CORD_BLOOD_VS_THYMIC_STROMAL_CELL_UP	0.3245573760185797			
SOX3_TARGET_GENES	0.3245290357414523			
DORN_ADENOVIRUS_INFECTION_24HR_UP	0.32446529748281006			
GO_NEGATIVE_REGULATION_OF_MYELINATION	0.324387830901096			
GO_CORECEPTOR_ACTIVITY_INVOLVED_IN_WNT_SIGNALING_PATHWAY	0.32437563403662667			
GO_GLUTAMINE_FAMILY_AMINO_ACID_CATABOLIC_PROCESS	0.32434899981586723			
VALK_AML_CLUSTER_8	0.3242957109883972			
ZHANG_GATA6_TARGETS_UP	0.3242192784182842			
GO_O_GLYCAN_PROCESSING	0.3241855477099406			
REACTOME_RAS_ACTIVATION_UPON_CA2_INFLUX_THROUGH_NMDA_RECEPTOR	0.32417487069126094			
GO_CARDIAC_CONDUCTION	0.3241604979211255			
GO_MAMMARY_GLAND_MORPHOGENESIS	0.3239367552617963			
GO_STEREOCILIUM_TIP	0.32389765280328214			
IVANOV_MUTATED_IN_COLON_CANCER	0.32384405203736005			
GO_RNA_CAP_BINDING_COMPLEX	0.323832754546801			
ACCGAGC_MIR423	0.32382625262996834			
IPA_FOXO4_UP	0.32382416145142473			
MIR4764_5P	0.3237622559134637			
MURAKAMI_UV_RESPONSE_1HR_UP	0.3237047381161106			
ANDERSEN_LIVER_CANCER_KRT19_DN	0.3235257789974997			
GO_REGULATION_OF_ASPARTIC_TYPE_ENDOPEPTIDASE_ACTIVITY_INVOLVED_IN_AMYLOID_PRECURSOR_PROTEIN_CATABOLIC_PROCESS	0.3234560454424859			
NUYTTEN_NIPP1_TARGETS_DN	0.3234523843874892			
GSE11367_CTRL_VS_IL17_TREATED_SMOOTH_MUSCLE_CELL_UP	0.32339092497729444			
GO_HINDBRAIN_DEVELOPMENT	0.32335915836756696			
GO_ANCHORED_COMPONENT_OF_SYNAPTIC_VESICLE_MEMBRANE	0.3232715442636938			
NIKOLSKY_BREAST_CANCER_1Q21_AMPLICON	0.32325122598553013			
TIEN_INTESTINE_PROBIOTICS_24HR_DN	0.3232434434554072			
GO_POSITIVE_REGULATION_OF_CHROMOSOME_SEGREGATION	0.3231841102176399			
DLX6_TARGET_GENES	0.3231484422649289			
GO_EMBRYONIC_HINDLIMB_MORPHOGENESIS	0.3231412625904146			
GO_ADHERENS_JUNCTION	0.3231341701998242			
MASRI_RESISTANCE_TO_TAMOXIFEN_AND_AROMATASE_INHIBITORS_UP	0.3231248000283229			
GO_REGULATION_OF_LOW_DENSITY_LIPOPROTEIN_PARTICLE_CLEARANCE	0.32311588497562305			
GO_ZYMOGEN_GRANULE_MEMBRANE	0.32310714298170207			
MIR518A_3P_MIR518B_MIR518C_3P_MIR518D_3P_MIR518F_3P_MIR526A_3P	0.32298105414028344			
GO_REGULATION_OF_RNA_SPLICING	0.32296492974921526			
GO_CALCIUM_INDEPENDENT_CELL_CELL_ADHESION_VIA_PLASMA_MEMBRANE_CELL_ADHESION_MOLECULES	0.32290048007409616			
MIR515_3P	0.3228299157244002			
REACTOME_SIGNALING_BY_MST1	0.32282530797012393			
IPA_RXRA_UP	0.322769065148095			
MIR3175	0.32265006481377095			
MIR4673	0.32259403155060984			
GO_REGULATION_OF_FOREBRAIN_NEURON_DIFFERENTIATION	0.32256193801755495			
GO_ESTABLISHMENT_OR_MAINTENANCE_OF_CYTOSKELETON_POLARITY	0.32255294390380906			
FLECHNER_BIOPSY_KIDNEY_TRANSPLANT_REJECTED_VS_OK_DN	0.3225200312442157			
AR_03	0.3224352344946137			
GO_NEGATIVE_REGULATION_OF_B_CELL_APOPTOTIC_PROCESS	0.3223855474865861			
GO_HEMIDESMOSOME	0.3223794281574663			
MIR519E_3P	0.3223746210845063			
REACTOME_INLA_MEDIATED_ENTRY_OF_LISTERIA_MONOCYTOGENES_INTO_HOST_CELLS	0.3223297489065327			
REACTOME_MET_RECEPTOR_ACTIVATION	0.32232291574898114			
GSE2128_C57BL6_VS_NOD_THYMOCYTE_MIMETOPE_NEGATIVE_SELECTION_UP	0.3223035194170368			
GO_NADH_DEHYDROGENASE_COMPLEX	0.3222409815379413			
GO_LIPID_METABOLIC_PROCESS	0.322170303463382			
H1_6_TARGET_GENES	0.32214142679554486			
DAZARD_UV_RESPONSE_CLUSTER_G5	0.3221338045847337			
GO_ALCOHOL_CATABOLIC_PROCESS	0.32211527644564747			
TCF1P_Q6	0.3220103022657566			
MARTINEZ_RB1_AND_TP53_TARGETS_DN	0.32199373872544695			
GO_UBIQUINONE_METABOLIC_PROCESS	0.32195640840146567			
TIEN_INTESTINE_PROBIOTICS_2HR_UP	0.32194386297008815			
ACGCACA_MIR210	0.32186352547312874			
CHESLER_BRAIN_D6MIT150_QTL_TRANS	0.32184834252081873			
GO_C_PALMITOYLTRANSFERASE_ACTIVITY	0.3217859641349798			
GO_RESPONSE_TO_GLYCOSIDE	0.3217690234381399			
GO_PHOSPHATIDYLGLYCEROL_METABOLIC_PROCESS	0.3217372124830114			
ZSCAN5B_TARGET_GENES	0.32172620441339483			
FARMER_BREAST_CANCER_CLUSTER_6	0.321701764077365			
TERAO_AOX4_TARGETS_SKIN_UP	0.32168216907124075			
GSE13485_DAY7_VS_DAY21_YF17D_VACCINE_PBMC_DN	0.32166557257521067			
AKT_UP.V1_UP	0.3215670365523867			
GO_DNA_METHYLATION	0.32153524650157106			
GSE6259_FLT3L_INDUCED_DEC205_POS_DC_VS_CD4_TCELL_DN	0.32148806710213945			
GO_REGULATION_OF_ASPARTIC_TYPE_PEPTIDASE_ACTIVITY	0.321442690126805			
GO_CARDIOBLAST_PROLIFERATION	0.3214279144370908			
CEBPE_TARGET_GENES	0.321421706874932			
GO_VITAMIN_CATABOLIC_PROCESS	0.321352207604659			
IPA_GLIS1_UP	0.3213118258124804			
GO_EPITHELIAL_CELL_DIFFERENTIATION	0.3212841956325361			
GO_UREA_CYCLE	0.32124450843878694			
GO_CELLULAR_RESPONSE_TO_CISPLATIN	0.32119104542609783			
GO_DNA_INTEGRATION	0.32113145294286			
LOCKWOOD_AMPLIFIED_IN_LUNG_CANCER	0.3211144501728371			
GO_CEREBELLAR_PURKINJE_CELL_LAYER_DEVELOPMENT	0.32103956375627135			
RICKMAN_HEAD_AND_NECK_CANCER_C	0.3210068290183422			
REACTOME_ESTROGEN_DEPENDENT_NUCLEAR_EVENTS_DOWNSTREAM_OF_ESR_MEMBRANE_SIGNALING	0.3209504344431291			
GO_REGULATION_OF_HISTONE_H4_K16_ACETYLATION	0.32093438459598705			
WANG_METASTASIS_OF_BREAST_CANCER	0.3209138909634263			
GO_ALTERNATIVE_MRNA_SPLICING_VIA_SPLICEOSOME	0.3209072780987871			
RODRIGUES_NTN1_TARGETS_DN	0.32088457879781745			
GO_CARBOHYDRATE_HOMEOSTASIS	0.3208837266338529			
GCGSCMNTTT_UNKNOWN	0.3208578396000306			
GO_LIPID_HOMEOSTASIS	0.3208480412227689			
REACTOME_GAB1_SIGNALOSOME	0.3208388967715067			
GO_1_ALKYL_2_ACETYLGLYCEROPHOSPHOCHOLINE_ESTERASE_ACTIVITY	0.32082447027188427			
ZWANG_EGF_PERSISTENTLY_DN	0.3207895458608524			
GO_ATP_DEPENDENT_MICROTUBULE_MOTOR_ACTIVITY_PLUS_END_DIRECTED	0.3207840996315026			
SMID_BREAST_CANCER_RELAPSE_IN_BONE_UP	0.32077255010540345			
GO_COPPER_ION_TRANSPORT	0.32076904241368137			
GO_NEGATIVE_REGULATION_OF_MRNA_PROCESSING	0.32072613238351294			
GO_KERATIN_FILAMENT	0.32072563949729394			
MEISSNER_NPC_HCP_WITH_H3K4ME2_AND_H3K27ME3	0.3206907315309158			
CAGCACT_MIR5123P	0.32058686784481055			
GO_REGULATION_OF_PERK_MEDIATED_UNFOLDED_PROTEIN_RESPONSE	0.3205693822235777			
EFC_Q6	0.3205577816678415			
GSE2706_UNSTIM_VS_8H_LPS_DC_UP	0.3205451892678285			
MIR4644	0.320496848166838			
IIZUKA_LIVER_CANCER_PROGRESSION_G2_G3_UP	0.32045236089245005			
ZHANG_GATA6_TARGETS_DN	0.3204352405770455			
IPA_HIST2H4B_DN	0.32031723568151127			
IPA_HIST1H4H_DN	0.32031723568151127			
IPA_HIST1H4A_DN	0.32031723568151127			
IPA_HIST1H4J_DN	0.32031723568151127			
IPA_HIST1H4E_DN	0.32031723568151127			
IPA_HIST4H4_DN	0.32031723568151127			
IPA_HIST1H4F_DN	0.32031723568151127			
IPA_HIST1H4D_DN	0.32031723568151127			
IPA_HIST2H4A_DN	0.32031723568151127			
IPA_HIST1H4L_DN	0.32031723568151127			
IPA_HIST1H4C_DN	0.32031723568151127			
IPA_HIST1H4I_DN	0.32031723568151127			
GO_HINDLIMB_MORPHOGENESIS	0.3203156188159702			
E2F_Q2	0.32031123344197693			
DELPUECH_FOXO3_TARGETS_UP	0.320306198688864			
REACTOME_GLUTATHIONE_SYNTHESIS_AND_RECYCLING	0.3203028312568773			
GO_RESPONSE_TO_ELECTRICAL_STIMULUS	0.3202845296812929			
MEL18_DN.V1_DN	0.32022927641239834			
GO_POSITIVE_REGULATION_OF_CHROMOSOME_SEPARATION	0.3201791089224095			
REACTOME_APOPTOTIC_CLEAVAGE_OF_CELLULAR_PROTEINS	0.32017472987421935			
GO_MONOCARBOXYLIC_ACID_BINDING	0.3201601360677683			
PPARG_01	0.3200857436925829			
GO_MAMMARY_GLAND_DUCT_MORPHOGENESIS	0.32008353023432895			
IPA_SNAI1_DN	0.32007612066005775			
GO_ORGANIC_ACID_CATABOLIC_PROCESS	0.32002994556750564			
DLX2_TARGET_GENES	0.31998030440244674			
GSE37605_FOXP3_FUSION_GFP_VS_IRES_GFP_TREG_C57BL6_UP	0.31997638696363834			
NKX2_3_TARGET_GENES	0.3199582803063498			
HNF1A_TARGET_GENES	0.3199507589191839			
TGTTTGY_HNF3_Q6	0.3199168327466913			
AIGNER_ZEB1_TARGETS	0.31985284257345087			
GO_CARBOHYDRATE_DERIVATIVE_TRANSPORT	0.3198510889924152			
GO_PHOSPHATIDYLGLYCEROL_ACYL_CHAIN_REMODELING	0.31983090443622303			
FARMER_BREAST_CANCER_CLUSTER_8	0.3198298935387122			
REACTOME_BIOTIN_TRANSPORT_AND_METABOLISM	0.3198193494523112			
GO_REGULATION_OF_CHLORIDE_TRANSPORT	0.3198186113463438			
IPA_CDX2_UP	0.3198057637025139			
MEISSNER_NPC_HCP_WITH_H3_UNMETHYLATED	0.3198043893277446			
BECKER_TAMOXIFEN_RESISTANCE_UP	0.31970799278212514			
PYEON_HPV_POSITIVE_TUMORS_DN	0.319675643496851			
MIR648	0.3196515671811839			
GO_AUDITORY_RECEPTOR_CELL_MORPHOGENESIS	0.3195757749797023			
GO_REGULATION_OF_VIRAL_INDUCED_CYTOPLASMIC_PATTERN_RECOGNITION_RECEPTOR_SIGNALING_PATHWAY	0.3195685254367287			
REACTOME_REGULATION_OF_SIGNALING_BY_NODAL	0.31955445222758433			
GO_EXOGENOUS_DRUG_CATABOLIC_PROCESS	0.3195409996321146			
MIR2467_3P	0.31946039303725443			
MARTENS_TRETINOIN_RESPONSE_UP	0.31945729233577635			
GSE9960_HEALTHY_VS_GRAM_NEG_AND_POS_SEPSIS_PBMC_UP	0.3194299055089654			
REACTOME_APOPTOTIC_CLEAVAGE_OF_CELL_ADHESION_PROTEINS	0.3193908819948061			
GO_VENTRICULAR_COMPACT_MYOCARDIUM_MORPHOGENESIS	0.3192722718221408			
NFY_Q6_01	0.3192283567239932			
GO_CCR4_NOT_COMPLEX	0.31920783480052833			
GO_NUCLEOSIDE_DIPHOSPHATE_CATABOLIC_PROCESS	0.3192061509553457			
WATANABE_COLON_CANCER_MSI_VS_MSS_UP	0.31918640244695784			
NRL_DN.V1_UP	0.3191632527478654			
WANG_BARRETTS_ESOPHAGUS_AND_ESOPHAGUS_CANCER_UP	0.3191065411868687			
GO_MULTI_ORGANISM_BEHAVIOR	0.31910021056709553			
REACTOME_MET_ACTIVATES_RAS_SIGNALING	0.3190449652445537			
GO_CORPUS_CALLOSUM_DEVELOPMENT	0.3190195954839922			
GO_7SK_SNRNA_BINDING	0.31897879974240245			
GSE20715_0H_VS_6H_OZONE_TLR4_KO_LUNG_DN	0.3189757785719276			
GO_OTIC_VESICLE_DEVELOPMENT	0.31897266830634224			
REACTOME_CARNITINE_METABOLISM	0.3189412342120566			
REACTOME_PTK6_REGULATES_PROTEINS_INVOLVED_IN_RNA_PROCESSING	0.3188991915782577			
GO_COENZYME_BINDING	0.3188716164835621			
GO_AXONEME_ASSEMBLY	0.31885034867883627			
MCMURRAY_TP53_HRAS_COOPERATION_RESPONSE_DN	0.3187039398620039			
GO_INTERMEDIATE_FILAMENT_BASED_PROCESS	0.3186678081740696			
CUI_TCF21_TARGETS_DN	0.3186641189563997			
GSE13229_IMM_VS_MATURE_NKCELL_UP	0.31863638372880937			
GO_EAR_MORPHOGENESIS	0.3185870057608195			
GO_INSULIN_SECRETION	0.31855708611127165			
GO_REGULATION_OF_ACTION_POTENTIAL	0.31854772017233585			
GO_KETONE_CATABOLIC_PROCESS	0.31853231366660745			
REACTOME_MET_INTERACTS_WITH_TNS_PROTEINS	0.3185194835897235			
GO_MICROTUBULE_MINUS_END_BINDING	0.3185136579874574			
GO_PERIKARYON	0.3184805733509878			
HINATA_NFKB_TARGETS_KERATINOCYTE_DN	0.31841927353566213			
MIR8089	0.31838008217516156			
GO_SULFURTRANSFERASE_ACTIVITY	0.3182980821910095			
GO_TRANS_SYNAPTIC_SIGNALING_BY_TRANS_SYNAPTIC_COMPLEX	0.31828183962205375			
IPA_TEAD2_DN	0.31826074548509703			
GO_POSITIVE_REGULATION_OF_HEART_CONTRACTION	0.318204047605352			
IPA_TP63_UP	0.3181790224165985			
KEGG_FATTY_ACID_METABOLISM	0.31813050526097414			
TGAYRTCA_ATF3_Q6	0.31810668359977734			
MIR10526_3P	0.3180869658861892			
IPA_EBF1_DN	0.31808149411981584			
GO_PROTEIN_RETENTION_IN_ER_LUMEN	0.31804774249568857			
REACTOME_GLUTAMATE_AND_GLUTAMINE_METABOLISM	0.31803318798002334			
GSE6259_33D1_POS_DC_VS_CD8_TCELL_UP	0.31798427393543527			
HWANG_PROSTATE_CANCER_MARKERS	0.3179686034930677			
GO_MULTICELLULAR_ORGANISMAL_SIGNALING	0.31794842776341337			
TURASHVILI_BREAST_LOBULAR_CARCINOMA_VS_DUCTAL_NORMAL_DN	0.3179401400865235			
GSE37534_PIOGLITAZONE_VS_ROSIGLITAZONE_TREATED_CD4_TCELL_PPARG1_FOXP3_TRANSDUCED_DN	0.31793870745920966			
KIM_MYCL1_AMPLIFICATION_TARGETS_UP	0.31790978740289194			
GO_VENTRAL_SPINAL_CORD_INTERNEURON_DIFFERENTIATION	0.3178954285623013			
GO_AMINO_ACID_BETAINE_BIOSYNTHETIC_PROCESS	0.31776441046243736			
GSE6259_DEC205_POS_DC_VS_BCELL_UP	0.31775872478337164			
MIR6859_3P	0.31769889473229057			
GO_INTERCELLULAR_TRANSPORT	0.3176958720485947			
ACAWNRNSRCGG_UNKNOWN	0.3176625947944918			
GO_LABYRINTHINE_LAYER_BLOOD_VESSEL_DEVELOPMENT	0.3176519807343239			
GO_SODIUM_ION_TRANSMEMBRANE_TRANSPORT	0.31761798080691456			
KEGG_LIMONENE_AND_PINENE_DEGRADATION	0.31757553301201286			
ZF5_B	0.31755757126284845			
GO_ASTROCYTE_PROJECTION	0.3175360891557665			
CREB3L2_TARGET_GENES	0.3175304209065587			
REACTOME_RESPIRATORY_ELECTRON_TRANSPORT_ATP_SYNTHESIS_BY_CHEMIOSMOTIC_COUPLING_AND_HEAT_PRODUCTION_BY_UNCOUPLING_PROTEINS	0.3175106555942408			
REACTOME_TRAIL_SIGNALING	0.31746273627356675			
GSE22935_UNSTIM_VS_12H_MBOVIS_BCG_STIM_MYD88_KO_MACROPHAGE_UP	0.3174207229337936			
MIR7112_5P	0.3173613449758475			
GSE16522_MEMORY_VS_NAIVE_CD8_TCELL_DN	0.3173223069872678			
GO_SKIN_DEVELOPMENT	0.3172452663544666			
GO_REGULATION_OF_EPITHELIAL_CELL_PROLIFERATION_INVOLVED_IN_LUNG_MORPHOGENESIS	0.31710209097660996			
DNMT1_TARGET_GENES	0.31708862032006574			
HIVEP1_TARGET_GENES	0.3170748558931058			
GO_MAINTENANCE_OF_SYNAPSE_STRUCTURE	0.31703926625071716			
CRX_DN.V1_UP	0.3170299494880833			
GO_ADENOHYPOPHYSIS_DEVELOPMENT	0.31700659436506706			
MCBRYAN_TERMINAL_END_BUD_UP	0.3169537571838503			
GO_REGULATION_OF_NOTCH_SIGNALING_PATHWAY	0.3169267084053479			
MIR6795_3P	0.316884851648549			
CHEMNITZ_RESPONSE_TO_PROSTAGLANDIN_E2_DN	0.3168023479132631			
REACTOME_TIGHT_JUNCTION_INTERACTIONS	0.3168003121121974			
GO_POSITIVE_REGULATION_OF_DENDRITIC_SPINE_DEVELOPMENT	0.3167652310210215			
BARX1_TARGET_GENES	0.3167553222350857			
GO_CITRULLINE_METABOLIC_PROCESS	0.31675422455656044			
GO_PHOSPHATIDYLINOSITOL_ACYL_CHAIN_REMODELING	0.31670207027178654			
IPA_SIX3_DN	0.31667366384222184			
GO_MRNA_SPLICE_SITE_SELECTION	0.31657740561291764			
GO_PROSTATE_GLAND_MORPHOGENESIS	0.3165658086896019			
GO_LUNG_EPITHELIUM_DEVELOPMENT	0.31654416336357316			
BIOCARTA_EFP_PATHWAY	0.31653064606412296			
GO_COENZYME_METABOLIC_PROCESS	0.3165146021597729			
GSE18791_UNSTIM_VS_NEWCATSLE_VIRUS_DC_2H_UP	0.3165023218929367			
GO_OXIDATIVE_PHOSPHORYLATION	0.316498808640624			
AP1_Q2_01	0.31645708450597176			
GO_POSITIVE_REGULATION_OF_PEPTIDASE_ACTIVITY	0.31645299151457684			
GSE28237_EARLY_VS_LATE_GC_BCELL_UP	0.3164401477571525			
CREB3L4_TARGET_GENES	0.3164359852155429			
GO_CELL_DIFFERENTIATION_IN_SPINAL_CORD	0.31640669666318216			
GO_VESICLE_TETHERING	0.31635203104617104			
IPA_SIX2_UP	0.31635131796069615			
REACTOME_FERTILIZATION	0.3163122903762121			
BORLAK_LIVER_CANCER_EGF_UP	0.3163080753600428			
ERBB2_UP.V1_UP	0.3162429829496436			
GO_CELLULAR_DIVALENT_INORGANIC_ANION_HOMEOSTASIS	0.3161836563174045			
GO_REGULATION_OF_CELL_CELL_ADHESION_MEDIATED_BY_CADHERIN	0.31616675526447807			
VANDESLUIS_COMMD1_TARGETS_GROUP_4_UP	0.31615841272950423			
REACTOME_SIGNALING_BY_ERBB2_IN_CANCER	0.3161505582308794			
PEDERSEN_METASTASIS_BY_ERBB2_ISOFORM_4	0.3160671307567933			
GO_POST_EMBRYONIC_CAMERA_TYPE_EYE_DEVELOPMENT	0.31605104085437385			
LU_EZH2_TARGETS_UP	0.3160468664343077			
GO_RNA_POLYMERASE_II_TRANSCRIPTION_FACTOR_BINDING	0.3160340840377868			
IPA_TEF_UP	0.3160168873296425			
IPA_TCF7L2_DN	0.3159889711048727			
GO_PROTEIN_AUTOPROCESSING	0.3159709768477832			
GSE3982_NKCELL_VS_TH1_UP	0.31592580426644673			
GO_SPINAL_CORD_DEVELOPMENT	0.3159001172776481			
INAMURA_LUNG_CANCER_SCC_UP	0.3158954291641477			
GO_INNER_EAR_MORPHOGENESIS	0.31588187693849096			
IPA_GSC_DN	0.3158034550880408			
GO_POSITIVE_REGULATION_OF_MRNA_METABOLIC_PROCESS	0.31571675403471017			
KAAB_FAILED_HEART_ATRIUM_DN	0.3156801941752508			
REACTOME_HDACS_DEACETYLATE_HISTONES	0.31567311453589914			
GO_PONS_DEVELOPMENT	0.3156610835052142			
GO_INTRACELLULAR_LIPID_TRANSPORT	0.3156344399301918			
GO_NEGATIVE_REGULATION_OF_STEM_CELL_PROLIFERATION	0.31558339995611884			
LINDGREN_BLADDER_CANCER_CLUSTER_2A_UP	0.3155412679178426			
REACTOME_SIGNALING_BY_NOTCH1	0.31550256179875663			
GO_METENCEPHALON_DEVELOPMENT	0.31547780443343815			
GO_THYMUS_DEVELOPMENT	0.31546551799230044			
MILICIC_FAMILIAL_ADENOMATOUS_POLYPOSIS_UP	0.31545544560804767			
GO_HEPATICOBILIARY_SYSTEM_DEVELOPMENT	0.31543915349109264			
NRF1_Q6	0.3153389721831386			
SANSOM_APC_TARGETS_UP	0.31531418082660173			
SMAD3_Q6	0.31529945630654954			
GO_SEQUESTERING_OF_METAL_ION	0.31526647729682905			
E2F3_UP.V1_UP	0.3152540162445928			
GSE34156_UNTREATED_VS_24H_NOD2_LIGAND_TREATED_MONOCYTE_UP	0.31525347674953536			
IPA_FOXO4_DN	0.3152485770174546			
MARTINEZ_TP53_TARGETS_DN	0.3152223164749389			
GSE34156_UNTREATED_VS_24H_NOD2_AND_TLR1_TLR2_LIGAND_TREATED_MONOCYTE_DN	0.31520213851202405			
REACTOME_METABOLISM_OF_COFACTORS	0.3152001978704784			
GO_RETINOIC_ACID_RECEPTOR_SIGNALING_PATHWAY	0.31514156532082466			
PODAR_RESPONSE_TO_ADAPHOSTIN_DN	0.3151315569565882			
GO_PROTEIN_TRANSPORT_ALONG_MICROTUBULE	0.31506214382341075			
GO_DNA_METHYLATION_OR_DEMETHYLATION	0.315044918390612			
WINTER_HYPOXIA_UP	0.31500612750269946			
GO_ENTEROENDOCRINE_CELL_DIFFERENTIATION	0.3149712947347408			
GO_BASEMENT_MEMBRANE_ASSEMBLY	0.314833791778755			
REACTOME_SIGNALING_BY_WNT_IN_CANCER	0.3147871626095693			
AREB6_03	0.31478436940859245			
GO_ICOSANOID_CATABOLIC_PROCESS	0.314772177424852			
HALLMARK_FATTY_ACID_METABOLISM	0.31476775422903713			
GO_MITOCHONDRIAL_ELECTRON_TRANSPORT_NADH_TO_UBIQUINONE	0.3147484309499895			
GO_RETINA_HOMEOSTASIS	0.3147107910863063			
ZIC2_01	0.31468250154849653			
GSE24142_ADULT_VS_FETAL_DN2_THYMOCYTE_DN	0.3146728023100536			
GO_LIPID_BIOSYNTHETIC_PROCESS	0.31466239730664586			
GO_REGULATION_OF_NUCLEAR_TRANSCRIBED_MRNA_POLY_A_TAIL_SHORTENING	0.314651046969526			
GO_BILE_ACID_AND_BILE_SALT_TRANSPORT	0.31460776000026036			
REACTOME_UREA_CYCLE	0.31459412544670656			
GO_ANION_CHANNEL_ACTIVITY	0.3145543426283102			
GO_REGULATION_OF_SPINDLE_ORGANIZATION	0.3145427127268042			
GO_DNA_MODIFICATION	0.31450758015760744			
REACTOME_NR1H2_NR1H3_REGULATE_GENE_EXPRESSION_LINKED_TO_TRIGLYCERIDE_LIPOLYSIS_IN_ADIPOSE	0.31448552518322104			
GO_NEGATIVE_REGULATION_OF_CELLULAR_RESPONSE_TO_DRUG	0.3144812165874872			
LIU_CDX2_TARGETS_DN	0.314480652692146			
GO_MULTIVESICULAR_BODY_SORTING_PATHWAY	0.31438879842486633			
MIR6816_5P	0.3143786730063945			
NAGASHIMA_NRG1_SIGNALING_UP	0.31437630856266296			
GO_BRANCHING_INVOLVED_IN_MAMMARY_GLAND_DUCT_MORPHOGENESIS	0.31435566810821597			
HOXC6_TARGET_GENES	0.31422269090040716			
REACTOME_METABOLISM_OF_WATER_SOLUBLE_VITAMINS_AND_COFACTORS	0.31421625375712287			
HOFMANN_MYELODYSPLASTIC_SYNDROM_HIGH_RISK_UP	0.3142090947162919			
KEGG_ARACHIDONIC_ACID_METABOLISM	0.3141996408561157			
SANSOM_APC_MYC_TARGETS	0.3141894300505825			
GO_LOBAR_BRONCHUS_EPITHELIUM_DEVELOPMENT	0.3141858377245192			
IPA_CEBPB_DN	0.3141377652054175			
GSE6674_UNSTIM_VS_ANTI_IGM_STIM_BCELL_DN	0.3140993667198724			
GO_FATTY_ACID_DERIVATIVE_CATABOLIC_PROCESS	0.3140852857458663			
REACTOME_ENDOSOMAL_SORTING_COMPLEX_REQUIRED_FOR_TRANSPORT_ESCRT	0.3140822943661611			
IPA_FLII_UP	0.31406109789233294			
GSE19941_UNSTIM_VS_LPS_STIM_IL10_KO_NFKBP50_KO_MACROPHAGE_DN	0.3140369399349936			
GO_COENZYME_BIOSYNTHETIC_PROCESS	0.31402966433437346			
GO_NEUROTRANSMITTER_CATABOLIC_PROCESS	0.31400079144595006			
KRAS.LUNG.BREAST_UP.V1_DN	0.3139925600578057			
SHEDDEN_LUNG_CANCER_GOOD_SURVIVAL_A5	0.3139463956943667			
BPTF_TARGET_GENES	0.31391663487905797			
GO_CELL_ADHESION_MEDIATOR_ACTIVITY	0.3137922992168911			
LAIHO_COLORECTAL_CANCER_SERRATED_DN	0.31378455410717243			
GO_CADHERIN_BINDING_INVOLVED_IN_CELL_CELL_ADHESION	0.3136913147513106			
GSE37532_TREG_VS_TCONV_CD4_TCELL_FROM_VISCERAL_ADIPOSE_TISSUE_UP	0.3136504837686355			
REACTOME_SYNTHESIS_OF_PC	0.31364221815015386			
chr9q34	0.31363624488644015			
IPA_ZIC1_UP	0.31360660076829744			
WELCSH_BRCA1_TARGETS_DN	0.31359245818338555			
MIR1225_3P	0.3135871788846658			
AP2_Q6_01	0.3135675174502378			
GO_NEGATIVE_REGULATION_OF_EPIDERMAL_GROWTH_FACTOR_ACTIVATED_RECEPTOR_ACTIVITY	0.31356658707382207			
GO_REGULATION_OF_FATTY_ACID_BETA_OXIDATION	0.31354744410859714			
GO_ADENYLATE_CYCLASE_INHIBITING_G_PROTEIN_COUPLED_GLUTAMATE_RECEPTOR_SIGNALING_PATHWAY	0.31353650036115116			
GO_BRUSH_BORDER_MEMBRANE	0.3135217424778583			
GO_BASAL_PLASMA_MEMBRANE	0.31350676298725594			
GO_NADP_BINDING	0.31349033980498303			
GO_HEMIDESMOSOME_ASSEMBLY	0.31348570467834047			
GO_PHOSPHATIDYLCHOLINE_ACYL_CHAIN_REMODELING	0.31347997457786825			
GO_MIDBODY_ABSCISSION	0.31347223183455125			
IPA_FOXA1_DN	0.3134575752904596			
KEGG_ALZHEIMERS_DISEASE	0.3133790686063524			
YY1_02	0.3133681453977631			
REACTOME_AMPK_INHIBITS_CHREBP_TRANSCRIPTIONAL_ACTIVATION_ACTIVITY	0.31336353333924655			
GSE360_L_DONOVANI_VS_L_MAJOR_DC_UP	0.31332034103473105			
IPA_FOXA2_DN	0.313288402754437			
REACTOME_REGULATION_OF_COMMISSURAL_AXON_PATHFINDING_BY_SLIT_AND_ROBO	0.3132844967006736			
HOSHIDA_LIVER_CANCER_SUBCLASS_S3	0.3132785644467988			
HOX13_01	0.3132537949407097			
YAO_TEMPORAL_RESPONSE_TO_PROGESTERONE_CLUSTER_6	0.31323204224692697			
EIF4E_DN	0.31322456248099184			
GO_PHOTORECEPTOR_RIBBON_SYNAPSE	0.3132105430532936			
KANG_FLUOROURACIL_RESISTANCE_DN	0.3132032052195781			
GO_CDP_CHOLINE_PATHWAY	0.31319953925520905			
COULOUARN_TEMPORAL_TGFB1_SIGNATURE_UP	0.3131994718362285			
REACTOME_NOTCH2_ACTIVATION_AND_TRANSMISSION_OF_SIGNAL_TO_THE_NUCLEUS	0.31304130310546924			
IWANAGA_CARCINOGENESIS_BY_KRAS_UP	0.3130318764272913			
IPA_SMAD2_DN	0.3129906254333454			
GO_VESICLE_CARGO_LOADING	0.3129791056218517			
GO_INTRASPECIES_INTERACTION_BETWEEN_ORGANISMS	0.31295753615672917			
LUCAS_HNF4A_TARGETS_UP	0.3129484711265434			
GSE37605_C57BL6_VS_NOD_FOXP3_IRES_GFP_TREG_UP	0.3129483533154936			
GO_NUCLEOSIDE_DIPHOSPHATASE_ACTIVITY	0.31292881280474477			
GO_ESTABLISHMENT_OF_CENTROSOME_LOCALIZATION	0.312905820276005			
AZARE_NEOPLASTIC_TRANSFORMATION_BY_STAT3_DN	0.3128911213557631			
REACTOME_LISTERIA_MONOCYTOGENES_ENTRY_INTO_HOST_CELLS	0.31285509636980224			
WANG_CISPLATIN_RESPONSE_AND_XPC_UP	0.31281077762539505			
GSE5589_LPS_VS_LPS_AND_IL10_STIM_IL10_KO_MACROPHAGE_45MIN_UP	0.312768873821426			
CDPCR1_01	0.31267765165173605			
MIR33B_3P	0.3126580546398969			
MIR3529_5P	0.3126391533704232			
GTGGTGA_MIR197	0.31261380802701294			
BASAKI_YBX1_TARGETS_DN	0.31257577306733075			
REACTOME_REGULATION_OF_TP53_ACTIVITY_THROUGH_ASSOCIATION_WITH_CO_FACTORS	0.312566739446071			
MEISSNER_ES_ICP_WITH_H3K4ME3_AND_H3K27ME3	0.3125447874696382			
GO_XENOBIOTIC_TRANSPORT	0.31253284754016597			
GOERING_BLOOD_HDL_CHOLESTEROL_QTL_TRANS	0.3125155792158976			
MEK_UP.V1_UP	0.3124736613076655			
IPA_HES7_UP	0.31247317657729357			
GO_LACRIMAL_GLAND_DEVELOPMENT	0.3124681829017416			
LOPEZ_MESOTHELIOMA_SURVIVAL_WORST_VS_BEST_UP	0.31246609617641025			
GO_RETINOL_DEHYDROGENASE_ACTIVITY	0.3124384348378689			
GHANDHI_BYSTANDER_IRRADIATION_DN	0.31242263552444915			
GSE22935_WT_VS_MYD88_KO_MACROPHAGE_48H_MBOVIS_BCG_STIM_UP	0.3123933317269383			
GO_ANION_HOMEOSTASIS	0.31231567138535093			
GO_POSITIVE_REGULATION_OF_ASPARTIC_TYPE_PEPTIDASE_ACTIVITY	0.3123135365851573			
BIOCARTA_LEPTIN_PATHWAY	0.3123132704095179			
PID_P38_ALPHA_BETA_DOWNSTREAM_PATHWAY	0.3122876215701651			
GO_NEGATIVE_REGULATION_OF_MRNA_SPLICING_VIA_SPLICEOSOME	0.31225707467418967			
ENK_UV_RESPONSE_EPIDERMIS_UP	0.31221337708186175			
GO_POSITIVE_REGULATION_OF_ACTION_POTENTIAL	0.3121790447396455			
DORN_ADENOVIRUS_INFECTION_12HR_DN	0.3121760400794137			
MIR2114_5P	0.31208613371663674			
GO_CHLORIDE_TRANSMEMBRANE_TRANSPORTER_ACTIVITY	0.31207622771262067			
WENG_POR_TARGETS_LIVER_UP	0.3120697682425589			
GO_THYROID_HORMONE_BINDING	0.3120373771536769			
GO_POSITIVE_REGULATION_OF_RESPONSE_TO_ENDOPLASMIC_RETICULUM_STRESS	0.31200818692289656			
GSE27092_WT_VS_HDAC7_PHOSPHO_DEFICIENT_CD8_TCELL_UP	0.3119661518593073			
IPA_DLX2_UP	0.3119375275417063			
LIM_MAMMARY_LUMINAL_PROGENITOR_UP	0.31192375370018127			
BRUINS_UVC_RESPONSE_VIA_TP53_GROUP_C	0.3118742328484303			
GO_PERICARDIUM_MORPHOGENESIS	0.31186935860638815			
GSE43955_10H_VS_30H_ACT_CD4_TCELL_DN	0.3118258260515			
REACTOME_NEGATIVE_REGULATION_OF_TCF_DEPENDENT_SIGNALING_BY_DVL_INTERACTING_PROTEINS	0.3118164096272688			
RASHI_RESPONSE_TO_IONIZING_RADIATION_2	0.31180043762831955			
GO_NEGATIVE_REGULATION_OF_VIRAL_RELEASE_FROM_HOST_CELL	0.31178123912688094			
GO_OXIDOREDUCTASE_ACTIVITY_ACTING_ON_PAIRED_DONORS_WITH_INCORPORATION_OR_REDUCTION_OF_MOLECULAR_OXYGEN_REDUCED_IRON_SULFUR_PROTEIN_AS_ONE_DONOR_AND_INCORPORATION_OF_ONE_ATOM_OF_OXYGEN	0.3117764702638276			
REACTOME_EGFR_INTERACTS_WITH_PHOSPHOLIPASE_C_GAMMA	0.31176003283114523			
GO_MATERNAL_PLACENTA_DEVELOPMENT	0.311717977169987			
GO_POSTSYNAPTIC_ENDOSOME	0.31169408236929114			
MIR6886_5P	0.31166306383023046			
KANG_CISPLATIN_RESISTANCE_UP	0.3116582302878693			
CHANG_IMMORTALIZED_BY_HPV31_DN	0.3116442133224014			
KHETCHOUMIAN_TRIM24_TARGETS_DN	0.3116287625631037			
GO_OXIDOREDUCTASE_ACTIVITY_ACTING_ON_THE_CH_CH_GROUP_OF_DONORS	0.3116029857298965			
ENGELMANN_CANCER_PROGENITORS_DN	0.3115452100137321			
P53_DN.V1_UP	0.31147374489242075			
GO_RNA_POLYMERASE_I_CORE_BINDING	0.31146670163827145			
LEE_LIVER_CANCER_DENA_DN	0.3114652673154635			
KOBAYASHI_EGFR_SIGNALING_24HR_UP	0.31146118388220656			
REACTOME_BILE_ACID_AND_BILE_SALT_METABOLISM	0.31142418127657745			
IVANOVA_HEMATOPOIESIS_STEM_CELL_SHORT_TERM	0.31138201568451174			
GO_SPLICEOSOMAL_COMPLEX_ASSEMBLY	0.3113697253939523			
GO_VESICLE_TETHERING_COMPLEX	0.3113585187742148			
MIR6780B_5P	0.31133827727769947			
GO_RESPONSE_TO_HERBICIDE	0.31127845914279134			
IPA_PPARG_UP	0.31124445162563874			
TURASHVILI_BREAST_LOBULAR_CARCINOMA_VS_LOBULAR_NORMAL_UP	0.3112436940563071			
GO_CELL_ADHESION_MOLECULE_BINDING	0.31122616478320225			
GO_RESPONSE_TO_INTERLEUKIN_18	0.3112109401050588			
GO_METANEPHRIC_NEPHRON_TUBULE_MORPHOGENESIS	0.3112020321134855			
GO_EQUILIBRIOCEPTION	0.3111873411970496			
RICKMAN_TUMOR_DIFFERENTIATED_WELL_VS_MODERATELY_DN	0.31117637404198806			
RARB_TARGET_GENES	0.31112578663741464			
GO_PROTEIN_LOCALIZATION_TO_CELL_CELL_JUNCTION	0.3111136802662954			
GO_KAINATE_SELECTIVE_GLUTAMATE_RECEPTOR_COMPLEX	0.3111056069237642			
GO_KAINATE_SELECTIVE_GLUTAMATE_RECEPTOR_ACTIVITY	0.3111056069237642			
IPA_PGR_DN	0.3111055307189478			
SP1_Q6_01	0.3110705367641081			
GRAESSMANN_RESPONSE_TO_MC_AND_DOXORUBICIN_UP	0.31097174465119			
GO_IMMATURE_T_CELL_PROLIFERATION_IN_THYMUS	0.31095573661037623			
GO_CYTIDYLYLTRANSFERASE_ACTIVITY	0.3109512459744807			
IPA_NEUROG3_UP	0.31089753810496795			
MIR449B_3P	0.31088472091307484			
IPA_HIST1H1A_UP	0.31087715120194664			
IPA_MEF2D_DN	0.31085645311999643			
GO_RESPONSE_TO_GLUCAGON	0.3108541253573054			
GO_MITOCHONDRIAL_ELECTRON_TRANSPORT_UBIQUINOL_TO_CYTOCHROME_C	0.31084173271400894			
GO_PROSTANOID_METABOLIC_PROCESS	0.3107917142587967			
GO_PRIMARY_ALCOHOL_METABOLIC_PROCESS	0.31078736962375186			
MISHRA_CARCINOMA_ASSOCIATED_FIBROBLAST_DN	0.3107633902250511			
PRC2_SUZ12_UP.V1_DN	0.3106810839130135			
GO_URETER_MORPHOGENESIS	0.31066179005303135			
GSE360_CTRL_VS_L_MAJOR_MAC_UP	0.31060195687290953			
IPA_SREBF2_DN	0.31058564529818805			
GO_ADULT_FEEDING_BEHAVIOR	0.3105597690919639			
PID_DELTA_NP63_PATHWAY	0.31052589757730364			
GSE27670_CTRL_VS_BLIMP1_TRANSDUCED_GC_BCELL_DN	0.31051077748152633			
RICKMAN_TUMOR_DIFFERENTIATED_WELL_VS_POORLY_DN	0.3104933220722184			
GO_ISOPRENOID_BIOSYNTHETIC_PROCESS	0.3104373545121967			
REACTOME_NR1H2_NR1H3_REGULATE_GENE_EXPRESSION_TO_CONTROL_BILE_ACID_HOMEOSTASIS	0.31040751464437405			
HEN1_01	0.31039726383758115			
GSE32423_MEMORY_VS_NAIVE_CD8_TCELL_UP	0.31035099865199567			
GO_VIRAL_BUDDING	0.3103337230487141			
GO_PEPTIDOGLYCAN_IMMUNE_RECEPTOR_ACTIVITY	0.31028633499845915			
ZNF581_TARGET_GENES	0.31027909033958234			
LEE_LIVER_CANCER_MYC_TGFA_UP	0.3102772939593094			
CASTELLANO_HRAS_AND_NRAS_TARGETS_UP	0.31027322928434203			
GO_POSITIVE_REGULATION_OF_NOTCH_SIGNALING_PATHWAY	0.31022784061533726			
ENK_UV_RESPONSE_KERATINOCYTE_UP	0.3102217002034985			
GO_POSITIVE_REGULATION_OF_VASCULAR_ASSOCIATED_SMOOTH_MUSCLE_CELL_APOPTOTIC_PROCESS	0.31022044325350157			
BIOCARTA_EGFR_SMRTE_PATHWAY	0.31021626227779586			
GSE3982_EFF_MEMORY_VS_CENT_MEMORY_CD4_TCELL_DN	0.31018503574134			
SIX4_TARGET_GENES	0.3101443146722989			
GO_NEGATIVE_REGULATION_OF_PINOCYTOSIS	0.31011159183965037			
MIR4440	0.31010783520461976			
VILLANUEVA_LIVER_CANCER_KRT19_DN	0.3100955628874676			
IPA_NFE2L2_DN	0.31006890698116385			
REACTOME_COMPLEX_I_BIOGENESIS	0.3100624401910811			
GO_LUNG_SECRETORY_CELL_DIFFERENTIATION	0.30997189023882304			
REACTOME_RA_BIOSYNTHESIS_PATHWAY	0.30996043779128385			
GO_SUCCINYL_COA_METABOLIC_PROCESS	0.3099392482778224			
GO_CELLULAR_ANION_HOMEOSTASIS	0.3098656802850173			
RB_P107_DN.V1_DN	0.3098577812830036			
IPA_NEUROG2_DN	0.30985347854876966			
DARWICHE_PAPILLOMA_RISK_HIGH_UP	0.30985265047002647			
GO_FLAVIN_CONTAINING_COMPOUND_METABOLIC_PROCESS	0.3098433473934835			
HE_PTEN_TARGETS_DN	0.30982847301713223			
GSE7568_CTRL_VS_3H_TGFB_TREATED_MACROPHAGES_WITH_IL4_AND_DEXAMETHASONE_UP	0.3098247439828283			
GO_EMBRYONIC_DIGESTIVE_TRACT_MORPHOGENESIS	0.3098163788931556			
REACTOME_METABOLISM_OF_VITAMINS_AND_COFACTORS	0.30980404861330063			
GO_EPIDERMAL_GROWTH_FACTOR_RECEPTOR_SIGNALING_PATHWAY	0.3097938301652718			
MYOGENIN_Q6	0.3097729644564018			
KEGG_STEROID_BIOSYNTHESIS	0.30974288560978697			
VANDESLUIS_COMMD1_TARGETS_GROUP_4_DN	0.30971405645607186			
GO_LONG_CHAIN_FATTY_ACID_TRANSPORT	0.3096387443058842			
GO_STEREOCILIUM_MEMBRANE	0.3095192556086219			
GO_MOTILE_CILIUM_ASSEMBLY	0.3094688808632461			
WANG_THOC1_TARGETS_UP	0.3094621908960584			
REACTOME_RECYCLING_OF_BILE_ACIDS_AND_SALTS	0.3094519089641437			
LI_AMPLIFIED_IN_LUNG_CANCER	0.3093601526132642			
ATF6_TARGET_GENES	0.30934179793810923			
MIR661	0.3093046700864769			
GO_FATTY_ACID_METABOLIC_PROCESS	0.30925882937522886			
REACTOME_HYDROLYSIS_OF_LPC	0.3092552605417355			
KEGG_ETHER_LIPID_METABOLISM	0.30925044752349323			
GSE20715_0H_VS_24H_OZONE_TLR4_KO_LUNG_DN	0.30920900452368866			
GO_ESTABLISHMENT_OF_ENDOTHELIAL_INTESTINAL_BARRIER	0.3091939571359061			
GO_LIPID_PHOSPHATASE_ACTIVITY	0.3091824239363931			
GCNP_SHH_UP_EARLY.V1_DN	0.30917255672373856			
VANASSE_BCL2_TARGETS_UP	0.3091254091373339			
REACTOME_PTK6_REGULATES_RHO_GTPASES_RAS_GTPASE_AND_MAP_KINASES	0.3091193984727293			
SESTO_RESPONSE_TO_UV_C1	0.30910107828210653			
GO_STRESS_GRANULE_ASSEMBLY	0.30907629802053915			
RAF_UP.V1_DN	0.3090727981557542			
GSE17974_IL4_AND_ANTI_IL12_VS_UNTREATED_1H_ACT_CD4_TCELL_DN	0.30903846874144564			
ZNF548_TARGET_GENES	0.30903040912136176			
GO_GUANYLATE_CYCLASE_ACTIVITY	0.30901655603908373			
GSE9601_NFKB_INHIBITOR_VS_PI3K_INHIBITOR_TREATED_HCMV_INF_MONOCYTE_UP	0.309001900355459			
IPA_NKX6-1_UP	0.30896716410809555			
chr7q35	0.3089006522055252			
GO_ATPASE_DEPENDENT_TRANSMEMBRANE_TRANSPORT_COMPLEX	0.308867771540041			
AP1_01	0.30879072305614463			
GO_NONHOMOLOGOUS_END_JOINING_COMPLEX	0.3087729131325062			
GENTILE_UV_LOW_DOSE_UP	0.30875760443742056			
ACEVEDO_LIVER_CANCER_DN	0.30875101535894717			
GO_POSITIVE_REGULATION_OF_VACUOLE_ORGANIZATION	0.3087333479244981			
REACTOME_APOPTOTIC_EXECUTION_PHASE	0.308710993425864			
GO_ETHANOL_CATABOLIC_PROCESS	0.3087088349484944			
GO_POSITIVE_REGULATION_OF_PROTEIN_IMPORT	0.308691418710527			
MCGOWAN_RSP6_TARGETS_DN	0.30868974638425417			
GO_NONRIBOSOMAL_PEPTIDE_BIOSYNTHETIC_PROCESS	0.3086645023651463			
GSE6269_FLU_VS_E_COLI_INF_PBMC_DN	0.3086632658677414			
GO_PHOSPHOLIPASE_A2_ACTIVITY_CONSUMING_1_2_DIPALMITOYLPHOSPHATIDYLCHOLINE	0.30860099338307584			
GO_STRUCTURAL_CONSTITUENT_OF_SKIN_EPIDERMIS	0.30856422871888667			
REACTOME_ACTIVATED_NOTCH1_TRANSMITS_SIGNAL_TO_THE_NUCLEUS	0.30852884912746753			
SMID_BREAST_CANCER_RELAPSE_IN_LUNG_DN	0.308514765395344			
GO_CATION_TRANSPORTING_ATPASE_COMPLEX	0.3084157763148965			
BOYLAN_MULTIPLE_MYELOMA_PCA3_UP	0.3084106193801415			
GSE22886_TH1_VS_TH2_12H_ACT_DN	0.3083759129430167			
GO_PHOSPHORUS_OXYGEN_LYASE_ACTIVITY	0.30836469829711144			
REACTOME_SYNTHESIS_OF_5_EICOSATETRAENOIC_ACIDS	0.30835381512194043			
GO_POSITIVE_REGULATION_OF_CELL_CELL_ADHESION_MEDIATED_BY_CADHERIN	0.3083401436697866			
RAFFEL_VEGFA_TARGETS_DN	0.30832974970944993			
GO_MONOCARBOXYLIC_ACID_TRANSPORT	0.3083143142488103			
HUMMERICH_BENIGN_SKIN_TUMOR_DN	0.308301498002148			
REACTOME_SYNAPTIC_ADHESION_LIKE_MOLECULES	0.30830006392561105			
GO_PROTEIN_O_LINKED_MANNOSYLATION	0.30826853613339117			
GO_OXIDOREDUCTASE_ACTIVITY	0.30824962358084873			
GO_MOLTING_CYCLE	0.3082449274102761			
GO_NUCLEOSIDE_BISPHOSPHATE_METABOLIC_PROCESS	0.30824371717181664			
GCGCCTT_MIR525_MIR524	0.3082163047462615			
PITX1_TARGET_GENES	0.3081909571445024			
chr20q12	0.3081514100612724			
GO_CORTICAL_ENDOPLASMIC_RETICULUM	0.30815085448357293			
ZBTB24_TARGET_GENES	0.3081248273094028			
GSE24210_IL35_TREATED_VS_RESTING_TREG_DN	0.3080963435975777			
BOYLAN_MULTIPLE_MYELOMA_C_DN	0.3080835374829871			
ZNF707_TARGET_GENES	0.30804913168377407			
GO_CELLULAR_RESPONSE_TO_ANTIBIOTIC	0.30800187862419615			
GO_IMMATURE_T_CELL_PROLIFERATION	0.30799047648782235			
GO_ANTERIOR_POSTERIOR_AXIS_SPECIFICATION	0.30795500996183856			
GO_MONOOXYGENASE_ACTIVITY	0.30792459622484847			
GO_NEGATIVE_REGULATION_OF_HAIR_CYCLE	0.3077628476334551			
AMIT_SERUM_RESPONSE_480_MCF10A	0.30776277533775526			
GO_ERBB_SIGNALING_PATHWAY	0.30775157871444164			
GO_CEREBRAL_CORTEX_REGIONALIZATION	0.307729308095818			
MIR4779	0.3077151497611549			
LEE_LIVER_CANCER_SURVIVAL_UP	0.3076376091682263			
MIR10398_3P	0.3076154772738002			
MIR4432	0.30756196006315406			
MIR6851_5P	0.3075583961366195			
AKT_UP_MTOR_DN.V1_UP	0.30746558849951544			
GO_NEGATIVE_REGULATION_OF_FATTY_ACID_OXIDATION	0.3074284360024197			
GO_CELL_COMMUNICATION_INVOLVED_IN_CARDIAC_CONDUCTION	0.30738961868045944			
GO_ENDOSOME_TRANSPORT_VIA_MULTIVESICULAR_BODY_SORTING_PATHWAY	0.30736553990460497			
WEIGEL_OXIDATIVE_STRESS_BY_HNE_AND_TBH	0.3073630135473022			
LANDEMAINE_LUNG_METASTASIS	0.3073568414031721			
MIR4733_3P	0.3073273869167902			
REACTOME_DISEASES_OF_PROGRAMMED_CELL_DEATH	0.307266805913325			
chr6p12	0.30715298616739084			
GSE13485_CTRL_VS_DAY1_YF17D_VACCINE_PBMC_DN	0.3071173676340057			
HOLLEMAN_ASPARAGINASE_RESISTANCE_B_ALL_DN	0.3070886865373181			
CACBINDINGPROTEIN_Q6	0.3070414785389903			
MIR642A_5P	0.3070357578728494			
MIR92A_1_5P	0.30700150877267235			
BIOCARTA_PDZS_PATHWAY	0.30699097180335955			
MIR100_5P_MIR99A_5P_MIR99B_5P	0.306973710881237			
GO_REGULATION_OF_LYMPHOID_PROGENITOR_CELL_DIFFERENTIATION	0.30693431082242834			
GO_VENTRAL_SPINAL_CORD_DEVELOPMENT	0.30693267853495476			
IPA_BRCA1_UP	0.3069276598290093			
MIR4725_3P	0.3069216330603313			
GO_FATTY_ACYL_COA_BINDING	0.30691862075537785			
REACTOME_DISASSEMBLY_OF_THE_DESTRUCTION_COMPLEX_AND_RECRUITMENT_OF_AXIN_TO_THE_MEMBRANE	0.30691225710722053			
REACTOME_TP53_REGULATES_TRANSCRIPTION_OF_CELL_DEATH_GENES	0.306909366035487			
GO_DYSTROGLYCAN_BINDING	0.3068756579297269			
GSE18893_TCONV_VS_TREG_2H_TNF_STIM_UP	0.30686972363019144			
BILD_E2F3_ONCOGENIC_SIGNATURE	0.3068652742612188			
chr14q32	0.3068568766264618			
GO_POSITIVE_REGULATION_OF_G_PROTEIN_COUPLED_RECEPTOR_SIGNALING_PATHWAY	0.30685567339006614			
MIR6753_3P	0.3068509160131099			
GSE40493_BCL6_KO_VS_WT_TREG_DN	0.3068336564379562			
MIR6861_3P	0.30677257703098565			
GO_REGULATION_OF_RETINOIC_ACID_RECEPTOR_SIGNALING_PATHWAY	0.30675965669837274			
GO_ARGININE_METABOLIC_PROCESS	0.3067226115780886			
GSE360_L_MAJOR_VS_B_MALAYI_HIGH_DOSE_MAC_DN	0.3067218821526102			
REACTOME_SIGNALING_BY_NOTCH2	0.306721194701091			
GO_ORGANIC_HYDROXY_COMPOUND_CATABOLIC_PROCESS	0.306699857107324			
DITTMER_PTHLH_TARGETS_UP	0.3066950812530375			
GO_NEURAL_PLATE_MORPHOGENESIS	0.3066919583520113			
TCTCTCC_MIR185	0.30668411663723155			
SESTO_RESPONSE_TO_UV_C0	0.30666588824921237			
GO_POST_GOLGI_VESICLE_MEDIATED_TRANSPORT	0.3066104892765421			
DLX4_TARGET_GENES	0.30659280540579364			
GSE15930_STIM_VS_STIM_AND_TRICHOSTATINA_72H_CD8_T_CELL_DN	0.30651017180424983			
GO_CELLULAR_GLUCOSE_HOMEOSTASIS	0.3065066226528165			
GSE8621_UNSTIM_VS_LPS_PRIMED_AND_LPS_STIM_MACROPHAGE_UP	0.30646450222775323			
GCCATNTTG_YY1_Q6	0.30645013538320365			
GO_RESPONSE_TO_GONADOTROPIN	0.3063936872322462			
REACTOME_SUMOYLATION_OF_INTRACELLULAR_RECEPTORS	0.3063578345815522			
GO_CELL_JUNCTION	0.30635078010487027			
GO_OXIDOREDUCTASE_ACTIVITY_ACTING_ON_THE_ALDEHYDE_OR_OXO_GROUP_OF_DONORS	0.30631287956318654			
SIMBULAN_UV_RESPONSE_IMMORTALIZED_DN	0.30630449576174557			
IPA_NCOA1_UP	0.30625524577648805			
GO_OXOGLUTARATE_DEHYDROGENASE_COMPLEX	0.3062052625037141			
KIM_WT1_TARGETS_12HR_UP	0.306151734990046			
SESTO_RESPONSE_TO_UV_C4	0.3061482221431565			
GO_PEPTIDYL_LYSINE_MONOMETHYLATION	0.30613096944645635			
GO_CLEAVAGE_FURROW_FORMATION	0.3061082959735092			
GO_NEGATIVE_REGULATION_OF_PEPTIDYL_THREONINE_PHOSPHORYLATION	0.3060836993558661			
GO_DENDRITIC_SPINE_NECK	0.30604945303250075			
GO_NITRIC_OXIDE_SYNTHASE_REGULATOR_ACTIVITY	0.30604860445404025			
GSE15659_CD45RA_NEG_CD4_TCELL_VS_ACTIVATED_TREG_UP	0.3060010378062339			
GO_CELLULAR_LIPID_CATABOLIC_PROCESS	0.30599168629713225			
GSE16450_CTRL_VS_IFNA_12H_STIM_MATURE_NEURON_CELL_LINE_UP	0.3059859568836459			
PEDERSEN_METASTASIS_BY_ERBB2_ISOFORM_5	0.3059602693579316			
HAN_SATB1_TARGETS_DN	0.3059550087209097			
MIR486_3P	0.3059449419460672			
GO_OXIDOREDUCTASE_ACTIVITY_OXIDIZING_METAL_IONS	0.30590982706574626			
RAY_TUMORIGENESIS_BY_ERBB2_CDC25A_DN	0.3058880352468912			
IPA_GLI2_UP	0.3058592356707915			
GO_CARDIAC_MUSCLE_CELL_ACTION_POTENTIAL_INVOLVED_IN_CONTRACTION	0.3058575931651541			
GSE25087_TREG_VS_TCONV_FETUS_DN	0.3058538410637848			
LI_WILMS_TUMOR_VS_FETAL_KIDNEY_2_DN	0.30584511867365854			
WONG_ENDMETRIUM_CANCER_UP	0.3058404127521568			
MIR185_5P	0.30581641698683437			
MIR4745_5P	0.30579706567627335			
GO_FLIPPASE_ACTIVITY	0.30577161287063936			
FRASOR_RESPONSE_TO_ESTRADIOL_DN	0.30574914061524205			
REACTOME_LDL_CLEARANCE	0.30572676279712396			
GO_MITOCHONDRIAL_RESPIRATORY_CHAIN_COMPLEX_ASSEMBLY	0.3057230587442336			
KEGG_PEROXISOME	0.305672114829658			
AMIT_EGF_RESPONSE_60_MCF10A	0.30564035195457223			
AMIT_SERUM_RESPONSE_60_MCF10A	0.3056309991130382			
IPA_HIST2H3C_DN	0.30553667529049405			
IPA_ERCC6L_DN	0.30553667529049405			
IPA_HLTF_DN	0.30553667529049405			
IPA_TP53BP1_DN	0.30553667529049405			
IPA_GTF3C2_DN	0.30553667529049405			
DURCHDEWALD_SKIN_CARCINOGENESIS_UP	0.3055242270160075			
GO_ATPASE_COUPLED_LIPID_TRANSMEMBRANE_TRANSPORTER_ACTIVITY	0.30549885982577807			
IPA_KLF6_UP	0.30549677414465415			
MIR765	0.3054938493491711			
GO_ALPHA_2A_ADRENERGIC_RECEPTOR_BINDING	0.30548966536641625			
NUTT_GBM_VS_AO_GLIOMA_DN	0.3054265295457978			
GSE10239_MEMORY_VS_KLRG1HIGH_EFF_CD8_TCELL_UP	0.3054122903747969			
GO_CARNITINE_SHUTTLE	0.30537968881485544			
SHETH_LIVER_CANCER_VS_TXNIP_LOSS_PAM1	0.30537371301105426			
GO_REGULATION_OF_PROTEIN_LOCALIZATION_TO_CELL_CORTEX	0.30535961190106464			
HNRNPH1_TARGET_GENES	0.30534102422010967			
STOSSI_RESPONSE_TO_ESTRADIOL	0.3053343585596976			
AHR_Q5	0.3053130037466373			
GO_EMBRYONIC_PATTERN_SPECIFICATION	0.3053104886050682			
ZNF250_TARGET_GENES	0.3052999832329019			
GO_NUCLEAR_ENVELOPE_LUMEN	0.30524744266971765			
KEGG_SELENOAMINO_ACID_METABOLISM	0.305223418283861			
GO_FATTY_ACID_TRANSMEMBRANE_TRANSPORT	0.3051760989848611			
MATZUK_OVULATION	0.3050885125846546			
DORN_ADENOVIRUS_INFECTION_12HR_UP	0.3050320338273226			
GSE6092_CTRL_VS_BORRELIA_BIRGDOFERI_INF_ENDOTHELIAL_CELL_DN	0.305026825893818			
GO_POSITIVE_REGULATION_OF_CHROMOSOME_ORGANIZATION	0.3050138865406614			
GO_POSITIVE_REGULATION_OF_OXIDATIVE_PHOSPHORYLATION	0.3049916046485149			
LCORL_TARGET_GENES	0.3049557503972113			
GO_NEGATIVE_REGULATION_OF_KERATINOCYTE_PROLIFERATION	0.304951640338851			
MIR4441	0.3049507806064494			
CUI_TCF21_TARGETS_2_UP	0.3049494691806899			
GO_POLYOL_CATABOLIC_PROCESS	0.3048316496675834			
YEGNASUBRAMANIAN_PROSTATE_CANCER	0.30480556512763557			
GO_NEGATIVE_REGULATION_OF_KERATINOCYTE_DIFFERENTIATION	0.3047701229713672			
STAT1_01	0.30473716798430583			
GSE37416_CTRL_VS_0H_F_TULARENSIS_LVS_NEUTROPHIL_DN	0.3047086521233129			
IPA_MAFF_UP	0.30469918790324885			
IPA_ZIC2_DN	0.3046931043814875			
OUELLET_OVARIAN_CANCER_INVASIVE_VS_LMP_UP	0.3046853668720777			
SESTO_RESPONSE_TO_UV_C3	0.3046789838744954			
GO_G_PROTEIN_COUPLED_ACETYLCHOLINE_RECEPTOR_ACTIVITY	0.3046759154750498			
MIR4645_5P	0.3046613188675495			
AP1_C	0.30465501986697785			
GO_GOLGI_TO_PLASMA_MEMBRANE_TRANSPORT	0.3045692536462615			
GO_REGULATION_OF_RECEPTOR_BINDING	0.304566168165268			
GO_COPPER_ION_TRANSMEMBRANE_TRANSPORT	0.3045475521605301			
BOYLAN_MULTIPLE_MYELOMA_D_UP	0.3044959679440965			
VANTVEER_BREAST_CANCER_METASTASIS_UP	0.3044924241214719			
GO_APICAL_JUNCTION_ASSEMBLY	0.30448752001136764			
GO_HISTONE_H3_K14_ACETYLATION	0.3044784193317794			
GO_RESPONSE_TO_MYCOTOXIN	0.30447706251004036			
BOYAULT_LIVER_CANCER_SUBCLASS_G6_DN	0.3044412585782055			
SESTO_RESPONSE_TO_UV_C7	0.3044110579908192			
GO_REGULATION_OF_ACTIN_FILAMENT_BASED_MOVEMENT	0.3043119314512524			
GO_SODIUM_POTASSIUM_EXCHANGING_ATPASE_COMPLEX	0.30431031356662763			
GO_COPPER_ION_TRANSMEMBRANE_TRANSPORTER_ACTIVITY	0.3043034342121863			
MIR6825_5P	0.30426356632574664			
GSE23321_CENTRAL_VS_EFFECTOR_MEMORY_CD8_TCELL_DN	0.30425980877764214			
REACTOME_GLYCEROPHOSPHOLIPID_BIOSYNTHESIS	0.3042258324349356			
NIKOLSKY_BREAST_CANCER_8Q23_Q24_AMPLICON	0.30418116720110316			
MTOR_UP.V1_UP	0.3041511990679417			
GO_POSITIVE_REGULATION_OF_GLUCONEOGENESIS	0.30407326523565326			
REACTOME_FORMATION_OF_XYLULOSE_5_PHOSPHATE	0.30406430249190547			
GSE26912_TUMORICIDAL_VS_CTRL_MACROPHAGE_UP	0.3040632336062033			
ELLWOOD_MYC_TARGETS_UP	0.30405478194194485			
GO_TRNA_5_LEADER_REMOVAL	0.30402954311416625			
MARIADASON_RESPONSE_TO_BUTYRATE_SULINDAC_6	0.3040280100347879			
STAMBOLSKY_RESPONSE_TO_VITAMIN_D3_UP	0.30401545549563724			
ZHAN_MULTIPLE_MYELOMA_CD2_DN	0.3039899464956898			
GO_POSITIVE_REGULATION_OF_NUCLEASE_ACTIVITY	0.3039524321047924			
GO_COLUMNAR_CUBOIDAL_EPITHELIAL_CELL_DIFFERENTIATION	0.303951133552217			
GO_REGULATION_OF_HAIR_FOLLICLE_DEVELOPMENT	0.30393631987612674			
GO_MICROVILLUS_MEMBRANE	0.3039283021021482			
GO_LIPID_CATABOLIC_PROCESS	0.30387025257957884			
IPA_REL_DN	0.30386709273005924			
GO_INOSITOL_HEXAKISPHOSPHATE_KINASE_ACTIVITY	0.3038093549534083			
GSE22611_NOD2_TRANSD_VS_CTRL_TRANSD_HEK293_MDP_STIM_6H_DN	0.3038069240537985			
MONTERO_THYROID_CANCER_POOR_SURVIVAL_DN	0.30380093400300684			
ONDER_CDH1_TARGETS_1_DN	0.30379241452549754			
GO_MEMBRANE_DEPOLARIZATION_DURING_ACTION_POTENTIAL	0.30379127509046355			
IPA_SNAI2_DN	0.30379006825078897			
U2AF2_TARGET_GENES	0.3037897914996405			
GO_OXIDATION_REDUCTION_PROCESS	0.3037845820383683			
GO_SENSORY_ORGAN_MORPHOGENESIS	0.3037780299313896			
GSE22443_IL2_VS_IL12_TREATED_ACT_CD8_TCELL_UP	0.30377638535981155			
GO_BASAL_PART_OF_CELL	0.3037572012283443			
E2F1DP1RB_01	0.3037561177633198			
GO_AV_NODE_CELL_TO_BUNDLE_OF_HIS_CELL_COMMUNICATION	0.30374038240583323			
GO_REGULATION_OF_HYDROGEN_PEROXIDE_MEDIATED_PROGRAMMED_CELL_DEATH	0.30369971283048935			
MIR2861	0.30369869746081596			
GO_BODY_FLUID_SECRETION	0.30369568230153904			
GO_PROTEIN_LOCALIZATION_TO_CELL_PERIPHERY	0.3036708064838796			
KEGG_SULFUR_METABOLISM	0.30362722248788965			
GO_XYLULOSE_5_PHOSPHATE_METABOLIC_PROCESS	0.3036052954369487			
TURASHVILI_BREAST_DUCTAL_CARCINOMA_VS_DUCTAL_NORMAL_DN	0.3035909802516832			
REACTOME_RMTS_METHYLATE_HISTONE_ARGININES	0.3035410907852466			
GO_TIGHT_JUNCTION_ORGANIZATION	0.3034950795354745			
ZNF37A_TARGET_GENES	0.3034930033117406			
GSE22443_NAIVE_VS_ACT_AND_IL2_TREATED_CD8_TCELL_UP	0.3034863399158197			
GO_POSITIVE_REGULATION_OF_HISTONE_H4_ACETYLATION	0.3034830790903363			
GO_DIHYDROLIPOYL_DEHYDROGENASE_COMPLEX	0.30347545384201563			
BROWNE_HCMV_INFECTION_24HR_UP	0.30345882976964234			
SIMBULAN_UV_RESPONSE_NORMAL_DN	0.30345834621245965			
GO_NAIL_DEVELOPMENT	0.30345130913018376			
RICKMAN_TUMOR_DIFFERENTIATED_WELL_VS_MODERATELY_UP	0.30342672731027626			
IPA_NEUROD4_UP	0.3034240830921829			
IPA_KLF8_DN	0.30339303225281405			
GO_SYNAPTIC_CLEFT	0.30338905270316874			
GO_NEGATIVE_REGULATION_OF_PEPTIDE_HORMONE_SECRETION	0.30337785975204434			
REACTOME_SIGNALING_BY_PTK6	0.3033708729104546			
KEGG_BLADDER_CANCER	0.30334691044046197			
GSE7831_CPG_VS_INFLUENZA_STIM_PDC_4H_UP	0.3033333316977059			
SCHEIDEREIT_IKK_TARGETS	0.303282011715914			
GATAAGR_GATA_C	0.30324256233970015			
MARIADASON_RESPONSE_TO_CURCUMIN_SULINDAC_7	0.30324021047799193			
BARRIER_COLON_CANCER_RECURRENCE_UP	0.3031830694119996			
BHAT_ESR1_TARGETS_NOT_VIA_AKT1_DN	0.3031320934097692			
MYCMAX_B	0.30313169137492674			
REACTOME_NEGATIVE_REGULATION_OF_NMDA_RECEPTOR_MEDIATED_NEURONAL_TRANSMISSION	0.3031208013907995			
GO_ISOPRENOID_METABOLIC_PROCESS	0.30310343630207354			
PID_ECADHERIN_STABILIZATION_PATHWAY	0.303089077572478			
GO_LEUCINE_CATABOLIC_PROCESS	0.30307962520998566			
GO_SIGNAL_TRANSDUCTION_INVOLVED_IN_REGULATION_OF_GENE_EXPRESSION	0.30305667203895703			
IPA_SREBF1_DN	0.3030518228322533			
REACTOME_COENZYME_A_BIOSYNTHESIS	0.3030342851351666			
GO_CELL_JUNCTION_ORGANIZATION	0.3030288321437235			
HALLMARK_NOTCH_SIGNALING	0.30302721385644804			
MIR10B_3P	0.3030099957628845			
GO_REGULATION_OF_EPITHELIAL_CELL_DIFFERENTIATION	0.30296946830142957			
NR1H4_TARGET_GENES	0.302962558301498			
GO_RNA_7_METHYLGUANOSINE_CAP_BINDING	0.30294948938014077			
GO_APICAL_PLASMA_MEMBRANE	0.3029145268252683			
SIRNA_EIF4GI_UP	0.30286281238394314			
GO_REGULATION_OF_THE_FORCE_OF_HEART_CONTRACTION_BY_CHEMICAL_SIGNAL	0.3028453656154334			
TBX3_TARGET_GENES	0.30283488910436224			
GO_TERPENOID_METABOLIC_PROCESS	0.3028051187424857			
GO_NEGATIVE_REGULATION_OF_OLIGODENDROCYTE_DIFFERENTIATION	0.30278586797286666			
MIR324_5P	0.30277861560577723			
PEDERSEN_METASTASIS_BY_ERBB2_ISOFORM_1	0.3027687159953954			
GSE17721_POLYIC_VS_PAM3CSK4_8H_BMDC_DN	0.30275017040092495			
SMARCA1_TARGET_GENES	0.30274463729780227			
GO_MEMBRANE_BIOGENESIS	0.30274021061234757			
GO_POLYOL_TRANSPORT	0.302671311807308			
GO_NOTOCHORD_DEVELOPMENT	0.30263489423805406			
GO_REGULATION_OF_CORE_PROMOTER_BINDING	0.30262890825471667			
GSE360_DC_VS_MAC_L_MAJOR_UP	0.30262468003512827			
JAERVINEN_AMPLIFIED_IN_LARYNGEAL_CANCER	0.3026022009451516			
WANG_RECURRENT_LIVER_CANCER_UP	0.3025769786830823			
GO_BIOTIN_METABOLIC_PROCESS	0.3025747744341452			
REACTOME_BIOSYNTHESIS_OF_SPECIALIZED_PRORESOLVING_MEDIATORS_SPMS	0.3025714811437549			
GSE41867_LCMV_ARMSTRONG_VS_CLONE13_DAY15_EFFECTOR_CD8_TCELL_DN	0.302569735837405			
GO_INTRONIC_TRANSCRIPTION_REGULATORY_REGION_DNA_BINDING	0.3025653776229232			
GSE22935_UNSTIM_VS_24H_MBOVIS_BCG_STIM_MACROPHAGE_UP	0.3025253652680589			
REACTOME_PP2A_MEDIATED_DEPHOSPHORYLATION_OF_KEY_METABOLIC_FACTORS	0.3024857622549264			
GO_ACID_SECRETION	0.30248506053508595			
HOXA10_TARGET_GENES	0.3024639672166047			
GSE22601_DOUBLE_POSITIVE_VS_CD4_SINGLE_POSITIVE_THYMOCYTE_UP	0.3024600439159428			
REACTOME_ERBB2_ACTIVATES_PTK6_SIGNALING	0.30243926219163414			
WENG_POR_TARGETS_GLOBAL_UP	0.30242355170769			
GO_PROTEIN_BINDING_BRIDGING_INVOLVED_IN_SUBSTRATE_RECOGNITION_FOR_UBIQUITINATION	0.3022808234625767			
PID_HIF1A_PATHWAY	0.30228065791709346			
GO_NEUROTRANSMITTER_TRANSMEMBRANE_TRANSPORTER_ACTIVITY	0.3022537910929817			
GO_CERAMIDE_1_PHOSPHATE_TRANSPORT	0.3022487577216244			
BIOCARTA_CK1_PATHWAY	0.3022459189169074			
RFX1_01	0.30221709430170446			
GO_LEUKOTRIENE_METABOLIC_PROCESS	0.302209074691122			
GO_DITERPENOID_BIOSYNTHETIC_PROCESS	0.3021565618029394			
GO_METANEPHRIC_TUBULE_MORPHOGENESIS	0.3021076222121188			
GO_REGULATION_OF_MESONEPHROS_DEVELOPMENT	0.30207926391917517			
GO_OXIDOREDUCTASE_ACTIVITY_ACTING_ON_THE_ALDEHYDE_OR_OXO_GROUP_OF_DONORS_NAD_OR_NADP_AS_ACCEPTOR	0.30204481429282587			
GO_PROGRAMMED_CELL_DEATH_IN_RESPONSE_TO_REACTIVE_OXYGEN_SPECIES	0.30201879540454607			
DELACROIX_RARG_BOUND_MEF	0.3020008187482071			
GO_REGULATION_OF_PEPTIDE_HORMONE_SECRETION	0.3019827062163449			
FARMER_BREAST_CANCER_CLUSTER_3	0.3019673504659543			
IPA_DBP_UP	0.3019524083421875			
GO_HISTONE_H4_K12_ACETYLATION	0.30194240285840285			
REACTOME_BIOLOGICAL_OXIDATIONS	0.30190841254956924			
MARIADASON_RESPONSE_TO_BUTYRATE_SULINDAC_4	0.3018746949901791			
GO_GLUTAMINE_FAMILY_AMINO_ACID_BIOSYNTHETIC_PROCESS	0.301871341169365			
REACTOME_ENDOGENOUS_STEROLS	0.30186295388361867			
TAKAO_RESPONSE_TO_UVB_RADIATION_UP	0.3018550755832619			
GO_SYNTAXIN_BINDING	0.3018548809762958			
DAIRKEE_CANCER_PRONE_RESPONSE_BPA	0.3018311443411242			
GO_PRESYNAPTIC_ACTIVE_ZONE_CYTOPLASMIC_COMPONENT	0.3018197616804554			
LUI_THYROID_CANCER_CLUSTER_3	0.30181758454922586			
GO_NEGATIVE_REGULATION_OF_HEMATOPOIETIC_PROGENITOR_CELL_DIFFERENTIATION	0.301795218319281			
DBP_TARGET_GENES	0.30179448509286316			
IPA_GLI2_DN	0.3017798246948082			
FARMER_BREAST_CANCER_CLUSTER_5	0.30173659844550055			
RANKIN_ANGIOGENIC_TARGETS_OF_VHL_HIF2A_UP	0.30173136962949304			
MIR7114_5P	0.301706648696493			
AATGGAG_MIR136	0.3016630762932534			
GO_CHROMATIN_BINDING	0.301629960176411			
GO_DIGESTION	0.3015762341277516			
MIR11181_3P	0.3015712443768043			
GO_SODIUM_ION_TRANSPORT	0.30155663138829625			
KIM_BIPOLAR_DISORDER_OLIGODENDROCYTE_DENSITY_CORR_DN	0.30154642947075094			
PID_RXR_VDR_PATHWAY	0.3015461632741117			
GO_PROTEIN_LOCALIZATION_TO_NON_MOTILE_CILIUM	0.30154043312872464			
MIR4714_3P	0.30151931812048066			
GO_NEGATIVE_REGULATION_OF_PROTEIN_HOMOOLIGOMERIZATION	0.3015104096924554			
GO_POTASSIUM_ION_IMPORT_ACROSS_PLASMA_MEMBRANE	0.3014700231248682			
GO_REGULATION_OF_VESICLE_TARGETING_TO_FROM_OR_WITHIN_GOLGI	0.3014353024105777			
SINGH_NFE2L2_TARGETS	0.301393648816282			
MIR3183	0.3013545608560459			
DAZARD_UV_RESPONSE_CLUSTER_G2	0.30135315749485514			
GO_THREONINE_METABOLIC_PROCESS	0.3013280200152039			
IPA_POU3F1_UP	0.3012764680784293			
GO_SOMATIC_STEM_CELL_POPULATION_MAINTENANCE	0.30126130243345456			
GSE21033_3H_VS_12H_POLYIC_STIM_DC_DN	0.3012592838182293			
GO_REGULATION_OF_DNA_METHYLATION	0.30125911191592564			
HOFMANN_MYELODYSPLASTIC_SYNDROM_RISK_UP	0.30124091116433277			
KEGG_ALPHA_LINOLENIC_ACID_METABOLISM	0.30122253447794406			
GSE29618_PRE_VS_DAY7_POST_LAIV_FLU_VACCINE_PDC_UP	0.30120846026693443			
GO_SPINAL_CORD_MOTOR_NEURON_CELL_FATE_SPECIFICATION	0.30116396572696497			
REACTOME_METABOLIC_DISORDERS_OF_BIOLOGICAL_OXIDATION_ENZYMES	0.3011542378510368			
E2F4DP1_01	0.30115151192054385			
GSE24142_ADULT_VS_FETAL_DN3_THYMOCYTE_DN	0.30111798973875953			
GSE22611_UNSTIM_VS_2H_MDP_STIM_NOD2_TRANSDUCED_HEK293T_CELL_DN	0.3011090086654584			
REACTOME_SIGNALING_BY_NOTCH3	0.3011019847512716			
REACTOME_NR1H2_NR1H3_REGULATE_GENE_EXPRESSION_TO_LIMIT_CHOLESTEROL_UPTAKE	0.30108172853039505			
GO_SKELETAL_MUSCLE_SATELLITE_CELL_ACTIVATION	0.30104669420703434			
GO_NADH_DEHYDROGENASE_COMPLEX_ASSEMBLY	0.3010307856465608			
NOUSHMEHR_GBM_SOMATIC_MUTATED	0.30100476619139993			
GO_FAT_SOLUBLE_VITAMIN_CATABOLIC_PROCESS	0.30100147559279233			
GO_REGULATION_OF_STEROID_METABOLIC_PROCESS	0.30097859412337075			
GO_EPITHELIAL_CELL_PROLIFERATION_INVOLVED_IN_LUNG_MORPHOGENESIS	0.3009683354779558			
PRAMOONJAGO_SOX4_TARGETS_DN	0.300951844844778			
chr14q13	0.3008975529346632			
KEGG_TAURINE_AND_HYPOTAURINE_METABOLISM	0.30088637006669416			
REACTOME_TRNA_MODIFICATION_IN_THE_MITOCHONDRION	0.30087755847751885			
IPA_HOXC4_DN	0.30080796835370016			
REACTOME_TP53_REGULATES_TRANSCRIPTION_OF_GENES_INVOLVED_IN_G2_CELL_CYCLE_ARREST	0.30080176843384154			
GO_CELLULAR_RESPONSE_TO_HYDROGEN_PEROXIDE	0.3007957700325869			
GO_NEGATIVE_REGULATION_OF_CHEMOKINE_SECRETION	0.300793009851147			
GO_REGULATION_OF_CALCIUM_ION_DEPENDENT_EXOCYTOSIS	0.3007749273208653			
GO_NEGATIVE_REGULATION_OF_ERBB_SIGNALING_PATHWAY	0.30076315229158634			
HUPER_BREAST_BASAL_VS_LUMINAL_DN	0.3007596566037577			
HERNANDEZ_MITOTIC_ARREST_BY_DOCETAXEL_2_DN	0.30073893138620067			
SESTO_RESPONSE_TO_UV_C2	0.3006991088753997			
GO_NEGATIVE_REGULATION_OF_DENDRITIC_SPINE_MORPHOGENESIS	0.300692796329062			
NAGASHIMA_EGF_SIGNALING_UP	0.3006419724249934			
IPA_CHD5_DN	0.3006129498198031			
DURCHDEWALD_SKIN_CARCINOGENESIS_DN	0.3006003894302987			
REACTOME_DEACTIVATION_OF_THE_BETA_CATENIN_TRANSACTIVATING_COMPLEX	0.3005746744609885			
ARNT2_TARGET_GENES	0.3005662152422623			
GOZGIT_ESR1_TARGETS_UP	0.30056561085699784			
MIR6756_5P	0.30056422380052306			
GSE25147_UNSTIM_VS_HELIOBACTER_PYLORI_LPS_STIM_MKN45_CELL_DN	0.30055426099108834			
DAUER_STAT3_TARGETS_DN	0.30054627879060924			
REACTOME_NOTCH4_INTRACELLULAR_DOMAIN_REGULATES_TRANSCRIPTION	0.3005398035870933			
IPA_SOX9_DN	0.3005151970072913			
GO_STEROL_HOMEOSTASIS	0.30050536084062024			
GO_ICOSANOID_BIOSYNTHETIC_PROCESS	0.3004869608934793			
GO_REGULATION_OF_CARDIAC_MUSCLE_CONTRACTION	0.30047858864990057			
GO_1_ACYLGLYCEROPHOSPHOCHOLINE_O_ACYLTRANSFERASE_ACTIVITY	0.3004643063326867			
GO_CEREBELLAR_PURKINJE_CELL_LAYER_MORPHOGENESIS	0.30046190850475535			
GO_DEVELOPMENT_OF_SECONDARY_FEMALE_SEXUAL_CHARACTERISTICS	0.30045273948057705			
GO_ENDOSOME_ORGANIZATION	0.3004447163063925			
KRAS.PROSTATE_UP.V1_DN	0.3004161743317387			
GSE13485_DAY3_VS_DAY21_YF17D_VACCINE_PBMC_DN	0.3003441160492848			
WANG_CLASSIC_ADIPOGENIC_TARGETS_OF_PPARG	0.30031706666395974			
KAAB_HEART_ATRIUM_VS_VENTRICLE_DN	0.3002782176229866			
GRAESSMANN_APOPTOSIS_BY_DOXORUBICIN_UP	0.30027225352564085			
GINESTIER_BREAST_CANCER_ZNF217_AMPLIFIED_DN	0.3002552428828147			
CREB_01	0.3002461981865849			
GO_NEGATIVE_REGULATION_OF_VIRAL_TRANSCRIPTION	0.3002417259295301			
SPIRA_SMOKERS_LUNG_CANCER_UP	0.30019617826853456			
GO_RNA_POLYMERASE_III_TRANSCRIPTION_FACTOR_COMPLEX	0.30018196638789874			
GSE21546_UNSTIM_VS_ANTI_CD3_STIM_DP_THYMOCYTES_DN	0.3001767205595475			
DEBIASI_APOPTOSIS_BY_REOVIRUS_INFECTION_DN	0.30017284610350387			
chr7p11	0.30010942392787554			
GO_AMACRINE_CELL_DIFFERENTIATION	0.3000823888426716			
GO_REGULATION_OF_HEART_RATE	0.3000021347414958			
GO_MALE_GENITALIA_DEVELOPMENT	0.2999942281851114			
GO_HEPOXILIN_METABOLIC_PROCESS	0.2999905437873388			
REACTOME_PTK6_REGULATES_CELL_CYCLE	0.29994856047417706			
MYLLYKANGAS_AMPLIFICATION_HOT_SPOT_17	0.2999234021066192			
CHIN_BREAST_CANCER_COPY_NUMBER_UP	0.2998716338139159			
GO_HEPATOCYTE_APOPTOTIC_PROCESS	0.29986525473697684			
GO_MONOCARBOXYLIC_ACID_METABOLIC_PROCESS	0.299836375420382			
GO_NEGATIVE_REGULATION_OF_SPHINGOLIPID_BIOSYNTHETIC_PROCESS	0.2998339841794378			
GO_CELL_CELL_ADHESION_MEDIATED_BY_CADHERIN	0.29979823130236916			
GO_PLASMA_MEMBRANE_TO_ENDOSOME_TRANSPORT	0.2997826413404605			
MIR3130_3P	0.2997216409320425			
GO_NEGATIVE_REGULATION_OF_RNA_SPLICING	0.2996894303124674			
CAIRO_HEPATOBLASTOMA_DN	0.2996705765392216			
WAESCH_ANAPHASE_PROMOTING_COMPLEX	0.2996533048937753			
GO_NEGATIVE_REGULATION_OF_TRANSCRIPTION_BY_COMPETITIVE_PROMOTER_BINDING	0.2996451606403034			
ESC_J1_UP_LATE.V1_UP	0.29961879456424995			
GO_RETINOL_METABOLIC_PROCESS	0.29959825631961173			
TGANTCA_AP1_C	0.2995970052969873			
GO_LIPID_TRANSPORTER_ACTIVITY	0.29956309089311195			
GO_PRESYNAPSE	0.2995613784190423			
GO_PHOSPHOLIPASE_A2_INHIBITOR_ACTIVITY	0.29954132309787934			
GO_POSITIVE_REGULATION_OF_MITOCHONDRIAL_MEMBRANE_POTENTIAL	0.2995330992530891			
CHIANG_LIVER_CANCER_SUBCLASS_INTERFERON_DN	0.29950580529010845			
REACTOME_SYNTHESIS_OF_PROSTAGLANDINS_PG_AND_THROMBOXANES_TX	0.29946445211557693			
KIM_MYC_AMPLIFICATION_TARGETS_DN	0.2994587724090377			
GO_RESPONSE_TO_SORBITOL	0.2994015075853987			
EGFR_TARGET_GENES	0.29938784350965986			
MIR4455	0.2993702387112462			
GO_INTRINSIC_COMPONENT_OF_SYNAPTIC_VESICLE_MEMBRANE	0.29936858277016026			
EGR2_01	0.29932965825184127			
REACTOME_REGULATION_BY_C_FLIP	0.29930425551288237			
GO_MRF_BINDING	0.299274798824472			
GSE9037_WT_VS_IRAK4_KO_LPS_1H_STIM_BMDM_UP	0.29927237511577054			
GO_EPITHELIAL_CELL_MORPHOGENESIS	0.29925822274353575			
GO_INTESTINAL_ABSORPTION	0.29919431806671803			
TCTGATC_MIR383	0.2991557193933055			
PID_ECADHERIN_NASCENT_AJ_PATHWAY	0.2991526428100581			
ABBUD_LIF_SIGNALING_1_DN	0.2991216676141628			
REACTOME_SIGNALING_BY_MET	0.2991073920207251			
DOANE_BREAST_CANCER_ESR1_DN	0.2990738497563562			
GO_REGULATION_OF_HORMONE_LEVELS	0.29904162997325584			
ZIC3_01	0.2990399759566391			
GO_MITOCHONDRION_MORPHOGENESIS	0.2990249115840694			
IPA_PPARA_UP	0.2990152855348203			
IPA_SREBF1_UP	0.2989869192678446			
GO_CLATHRIN_BINDING	0.2989664072068756			
GO_SPERM_AXONEME_ASSEMBLY	0.2989613538444603			
CAFFAREL_RESPONSE_TO_THC_8HR_3_UP	0.29893695811487053			
MOHANKUMAR_HOXA1_TARGETS_DN	0.29891431485336295			
GO_PROTEIN_PHOSPHATASE_ACTIVATOR_ACTIVITY	0.29888177247785946			
KEGG_TYROSINE_METABOLISM	0.2988770486784983			
SMITH_TERT_TARGETS_UP	0.298824204329356			
GO_STEROID_BINDING	0.29881121378458975			
ZWANG_CLASS_3_TRANSIENTLY_INDUCED_BY_EGF	0.29879020994832706			
GO_POSITIVE_REGULATION_OF_PEPTIDE_HORMONE_SECRETION	0.2987713037194941			
MIR7106_5P	0.29876438618382994			
GO_REGULATION_OF_BRANCHING_INVOLVED_IN_PROSTATE_GLAND_MORPHOGENESIS	0.2987540189638607			
GO_THIAMINE_PYROPHOSPHATE_BINDING	0.2987443886241095			
GSE17721_CPG_VS_GARDIQUIMOD_6H_BMDC_DN	0.2987438075410718			
GO_CHROMATOID_BODY	0.298743310019882			
GSE29614_CTRL_VS_DAY3_TIV_FLU_VACCINE_PBMC_UP	0.29873633171733577			
PID_P38_GAMMA_DELTA_PATHWAY	0.29871910073198443			
LUI_THYROID_CANCER_CLUSTER_1	0.29870362785415283			
LOPEZ_MESOTHELIOMA_SURVIVAL_OVERALL_DN	0.2986979514114237			
SCHMIDT_POR_TARGETS_IN_LIMB_BUD_UP	0.29868820447498606			
GO_RHYTHMIC_BEHAVIOR	0.2986304312654979			
GO_POSITIVE_REGULATION_OF_TISSUE_REMODELING	0.29861844603440607			
GO_ALPHA_AMINO_ACID_CATABOLIC_PROCESS	0.2986134145168639			
HALLMARK_XENOBIOTIC_METABOLISM	0.29857664702795855			
ACTGCAG_MIR173P	0.2985749169343905			
GSE21380_NON_TFH_VS_GERMINAL_CENTER_TFH_CD4_TCELL_UP	0.2985746600571842			
GO_POSITIVE_REGULATION_OF_TELOMERE_CAPPING	0.2985740950178222			
GSE18281_SUBCAPSULAR_VS_CENTRAL_CORTICAL_REGION_OF_THYMUS_UP	0.2985732935179398			
GAANYNYGACNY_UNKNOWN	0.29856833578278036			
PRC1_BMI_UP.V1_DN	0.2985207748539831			
MIR10396B_5P	0.29845568625675967			
GO_CELLULAR_RESPONSE_TO_ELECTRICAL_STIMULUS	0.29841349361944774			
GO_GOLGI_MEDIAL_CISTERNA	0.2983894064238709			
SHIRAISHI_PLZF_TARGETS_DN	0.2983339774839344			
GO_REGULATION_OF_CELL_PROLIFERATION_INVOLVED_IN_KIDNEY_DEVELOPMENT	0.29833057920438466			
GSE43955_1H_VS_42H_ACT_CD4_TCELL_DN	0.2983268671179922			
PID_HNF3B_PATHWAY	0.298309427816324			
MIR4640_5P	0.29829608870478674			
IPA_CIITA_DN	0.2982734247441241			
MIR6069	0.2982604961497799			
GO_VESICLE_TETHERING_TO_GOLGI	0.29825787559739625			
HNF4ALPHA_Q6	0.2982553231637534			
GO_RESPIRATORY_ELECTRON_TRANSPORT_CHAIN	0.2982423365657824			
GO_GLYCOLIPID_TRANSPORT	0.29819338060781325			
GO_CELLULAR_AMINO_ACID_CATABOLIC_PROCESS	0.2981916267023225			
MIR4258	0.29818839081813403			
IPA_REST_UP	0.29816851453652354			
GO_PROTEIN_LIPOYLATION	0.2981628974198611			
GO_INHIBITORY_POSTSYNAPTIC_POTENTIAL	0.29812565101982336			
WATANABE_ULCERATIVE_COLITIS_WITH_CANCER_UP	0.2981143948353462			
SUMI_HNF4A_TARGETS	0.2980578169102718			
YUAN_ZNF143_PARTNERS	0.2980386237272164			
MYOCD_TARGET_GENES	0.2980288635703627			
GO_CELLULAR_RESPONSE_TO_STEROID_HORMONE_STIMULUS	0.297983791626786			
GO_REGULATION_OF_NEURONAL_SYNAPTIC_PLASTICITY	0.29796845166615965			
GO_CYCLIC_NUCLEOTIDE_DEPENDENT_PROTEIN_KINASE_ACTIVITY	0.2979411522967754			
GGGACCA_MIR133A_MIR133B	0.2979367913608469			
GO_HISTONE_H3_K9_DEMETHYLATION	0.2979309395270199			
SP1_Q4_01	0.29792994908862075			
GO_LOCOMOTORY_BEHAVIOR	0.29792802521309636			
GSE20366_CD103_KLRG1_DP_VS_DN_TREG_UP	0.2978917445536285			
GO_POSITIVE_REGULATION_OF_MRNA_SPLICING_VIA_SPLICEOSOME	0.2978707130228873			
GO_REGULATION_OF_PHOSPHOLIPASE_A2_ACTIVITY	0.29784107098685647			
REACTOME_CLASS_I_PEROXISOMAL_MEMBRANE_PROTEIN_IMPORT	0.2978264847927797			
KEGG_NOTCH_SIGNALING_PATHWAY	0.29782496845179635			
ZHAN_MULTIPLE_MYELOMA_SPIKED	0.2978040671771559			
GSE20715_0H_VS_6H_OZONE_LUNG_DN	0.2977871969547463			
GSE40274_IRF4_VS_FOXP3_AND_IRF4_TRANSDUCED_ACTIVATED_CD4_TCELL_DN	0.2977827885552257			
GO_ACETYLCHOLINE_RECEPTOR_INHIBITOR_ACTIVITY	0.2977713593890128			
GSE30083_SP1_VS_SP4_THYMOCYTE_UP	0.2977640571745519			
GO_CHANNEL_REGULATOR_ACTIVITY	0.29775512564738454			
GO_BETA_CATENIN_DESTRUCTION_COMPLEX_ASSEMBLY	0.2977277364442249			
GSE11864_CSF1_VS_CSF1_IFNG_PAM3CYS_IN_MAC_UP	0.29772176225418545			
HEIDENBLAD_AMPLIFIED_IN_PANCREATIC_CANCER	0.2976903844573051			
GO_REGULATION_OF_PEROXISOME_PROLIFERATOR_ACTIVATED_RECEPTOR_SIGNALING_PATHWAY	0.2976883970387536			
GSE17721_POLYIC_VS_GARDIQUIMOD_4H_BMDC_UP	0.2976757829031506			
REACTOME_THE_CITRIC_ACID_TCA_CYCLE_AND_RESPIRATORY_ELECTRON_TRANSPORT	0.2976408427085791			
CTGCAGY_UNKNOWN	0.297611711473302			
GO_CERAMIDE_TRANSPORT	0.29757956722908113			
ZIRN_TRETINOIN_RESPONSE_WT1_DN	0.29756771648426134			
REACTOME_SIGNALING_BY_EGFR	0.2975517146915439			
ALCALAY_AML_BY_NPM1_LOCALIZATION_UP	0.2975422674147591			
MIR6827_5P	0.2975420709804143			
GO_NEGATIVE_REGULATION_OF_INTRACELLULAR_ESTROGEN_RECEPTOR_SIGNALING_PATHWAY	0.2974904873547921			
GO_GLYCEROL_TRANSMEMBRANE_TRANSPORTER_ACTIVITY	0.2974882139628651			
GO_GLYCEROL_TRANSPORT	0.2974882139628651			
KOHOUTEK_CCNT1_TARGETS	0.29745113845942334			
GO_CHROMATIN_REMODELING	0.2974488483000801			
SMID_BREAST_CANCER_LUMINAL_A_DN	0.2974101155371573			
GO_RAB_GTPASE_BINDING	0.29738083583334257			
IPA_FOXP2_DN	0.29737070059996146			
ATF_B	0.2973530753986183			
GO_TERPENOID_CATABOLIC_PROCESS	0.2973388025811984			
GO_NEURONAL_ION_CHANNEL_CLUSTERING	0.29732476033363975			
GO_REGULATION_OF_PROTEIN_OLIGOMERIZATION	0.29730460467971126			
MIR1205	0.2973030167272611			
RADAEVA_RESPONSE_TO_IFNA1_DN	0.29726579803854586			
REACTOME_SYNTHESIS_OF_DIPHTHAMIDE_EEF2	0.2972592839928126			
GO_OXIDOREDUCTASE_COMPLEX	0.29725182334083			
IPA_CBX2_DN	0.29724325528732815			
GO_CELL_JUNCTION_ASSEMBLY	0.2972242676904651			
GO_DNA_STRAND_ELONGATION_INVOLVED_IN_DNA_REPLICATION	0.29719067525044646			
GO_EARP_COMPLEX	0.29716688388063045			
GSE4984_UNTREATED_VS_VEHICLE_CTRL_TREATED_DC_DN	0.29714934165503776			
AIYAR_COBRA1_TARGETS_UP	0.2971397156310795			
GO_TRNA_SPECIFIC_RIBONUCLEASE_ACTIVITY	0.2971138615133694			
BACH2_01	0.29707970688086194			
ZNF41_TARGET_GENES	0.2970635229156822			
P300_01	0.2970290308797242			
GSE17721_CTRL_VS_GARDIQUIMOD_1H_BMDC_DN	0.2970183839165995			
REACTOME_TRANSCRIPTIONAL_REGULATION_OF_WHITE_ADIPOCYTE_DIFFERENTIATION	0.29701316956320756			
REACTOME_DEFECTIVE_B4GALT7_CAUSES_EDS_PROGEROID_TYPE	0.2969954788608991			
SLEBOS_HEAD_AND_NECK_CANCER_WITH_HPV_UP	0.29696599710908944			
GSE2770_TGFB_AND_IL4_VS_TGFB_AND_IL12_TREATED_ACT_CD4_TCELL_2H_UP	0.2969585401254641			
GO_PROSTANOID_BIOSYNTHETIC_PROCESS	0.29693450352886264			
PEREZ_TP53_AND_TP63_TARGETS	0.29691138109494086			
GO_CELLULAR_LIPID_METABOLIC_PROCESS	0.2969008181274138			
REACTOME_SYNTHESIS_OF_LEUKOTRIENES_LT_AND_EOXINS_EX	0.296874436942422			
TGACCTTG_SF1_Q6	0.2968226583828046			
GSE40666_WT_VS_STAT1_KO_CD8_TCELL_WITH_IFNA_STIM_90MIN_UP	0.29676138922373463			
GO_BROWN_FAT_CELL_DIFFERENTIATION	0.2967475272812428			
HOSHIDA_LIVER_CANCER_SUBCLASS_S2	0.29672505710627367			
KRAS.300_UP.V1_DN	0.29672120588836853			
GSE6566_STRONG_VS_WEAK_DC_STIMULATED_CD4_TCELL_UP	0.29671425903815246			
SMID_BREAST_CANCER_RELAPSE_IN_PLEURA_DN	0.2967128968532032			
GO_RETROGRADE_AXONAL_TRANSPORT	0.2967074787884898			
IPA_ASCL1_UP	0.2966849427064789			
GO_NEGATIVE_REGULATION_OF_CARDIAC_MUSCLE_ADAPTATION	0.29668302956277204			
FXR_IR1_Q6	0.29668078289783567			
LEI_MYB_TARGETS	0.2966644198089594			
GSE6092_UNSTIM_VS_IFNG_STIM_AND_B_BURGDORFERI_INF_ENDOTHELIAL_CELL_DN	0.2966632872293095			
REACTOME_SYNTHESIS_OF_16_20_HYDROXYEICOSATETRAENOIC_ACIDS_HETE	0.29664674013509673			
GSE20715_0H_VS_24H_OZONE_LUNG_DN	0.29661825740148173			
HES2_TARGET_GENES	0.2965975890499675			
GO_H4_HISTONE_ACETYLTRANSFERASE_ACTIVITY	0.2965945382570679			
GO_REGULATION_OF_EPIDERMAL_GROWTH_FACTOR_ACTIVATED_RECEPTOR_ACTIVITY	0.29657964441070084			
ANDERSEN_CHOLANGIOCARCINOMA_CLASS1	0.2965780907798772			
REACTOME_SHC1_EVENTS_IN_ERBB2_SIGNALING	0.29657533309394907			
GO_CARDIAC_MUSCLE_CELL_ACTION_POTENTIAL	0.2965675250554616			
GO_IRON_ION_BINDING	0.2965482951022014			
GO_REGULATION_OF_DNA_TEMPLATED_TRANSCRIPTION_ELONGATION	0.2965303558892765			
GO_ORGANIC_HYDROXY_COMPOUND_METABOLIC_PROCESS	0.2964996179372132			
GSE26488_CTRL_VS_PEPTIDE_INJECTION_HDAC7_DELTAP_TG_OT2_THYMOCYTE_UP	0.296467689568046			
ZNF667_TARGET_GENES	0.29646237174074036			
WEST_ADRENOCORTICAL_TUMOR_MARKERS_DN	0.2964520433011278			
GO_REGULATION_OF_SYNAPTIC_VESICLE_EXOCYTOSIS	0.29644645437460265			
PID_PI3KCI_AKT_PATHWAY	0.2964185576179193			
MIR4536_3P	0.2964159314610238			
GACAGGG_MIR339	0.29639168263920557			
ESC_J1_UP_EARLY.V1_UP	0.2963683411946271			
KRIGE_AMINO_ACID_DEPRIVATION	0.2963537129047745			
ZBTB5_TARGET_GENES	0.29633352821650283			
GO_SULFIDE_OXIDATION	0.2963257406965535			
GO_ESTABLISHMENT_OF_PROTEIN_LOCALIZATION_TO_POSTSYNAPTIC_MEMBRANE	0.29630998231162486			
GO_REGULATION_OF_ENDOPLASMIC_RETICULUM_UNFOLDED_PROTEIN_RESPONSE	0.296288029591068			
GO_EPITHELIAL_MESENCHYMAL_CELL_SIGNALING	0.2962541501835523			
GSE29614_CTRL_VS_DAY3_TIV_FLU_VACCINE_PBMC_DN	0.2962458209796855			
GO_ACETYL_COA_BIOSYNTHETIC_PROCESS	0.2962425619256992			
PASQUALUCCI_LYMPHOMA_BY_GC_STAGE_UP	0.2962325052509751			
GO_REGULATION_OF_STRIATED_MUSCLE_CONTRACTION	0.29619788076217385			
APRELIKOVA_BRCA1_TARGETS	0.29618244279997447			
GO_POSITIVE_REGULATION_OF_VESICLE_FUSION	0.2961529574416705			
GO_FLAVONOID_METABOLIC_PROCESS	0.2961410996190001			
GO_ESTABLISHMENT_OF_GOLGI_LOCALIZATION	0.2961387818039276			
GO_ESCRT_COMPLEX	0.2961249167915397			
GO_SODIUM_TRANSMEMBRANE_TRANSPORTER_ACTIVITY_PHOSPHORYLATIVE_MECHANISM	0.296119997136594			
GO_GLYCEROL_ETHER_BIOSYNTHETIC_PROCESS	0.2961108498253974			
IRX3_TARGET_GENES	0.2961083139129286			
MIR644A	0.2960896349699497			
SNAI1_TARGET_GENES	0.2960836380021351			
GO_CELLULAR_ALDEHYDE_METABOLIC_PROCESS	0.2960755594196807			
MIR324_3P	0.2960621236339118			
GO_SCLEROTOME_DEVELOPMENT	0.29600342268386065			
IPA_HIST1H1A_DN	0.2959890252284268			
GO_REGULATION_OF_GLUCONEOGENESIS_BY_REGULATION_OF_TRANSCRIPTION_FROM_RNA_POLYMERASE_II_PROMOTER	0.2959698193339331			
MISHRA_CARCINOMA_ASSOCIATED_FIBROBLAST_UP	0.2959430849827329			
GO_CHLORIDE_TRANSPORT	0.29590301402237273			
ZNF404_TARGET_GENES	0.29588674085137123			
BHAT_ESR1_TARGETS_VIA_AKT1_DN	0.2958719819590616			
GO_PROTEIN_CONTAINING_COMPLEX_LOCALIZATION	0.2958580225247258			
PID_P73PATHWAY	0.2958487718189187			
GSE17721_LPS_VS_CPG_24H_BMDC_UP	0.29580632452859046			
GO_ORGANIC_HYDROXY_COMPOUND_TRANSMEMBRANE_TRANSPORTER_ACTIVITY	0.2957723250521392			
MIKKELSEN_IPS_ICP_WITH_H3K27ME3	0.2957237260207755			
GSE23925_LIGHT_ZONE_VS_DARK_ZONE_BCELL_UP	0.295709489491227			
WHITESIDE_CISPLATIN_RESISTANCE_UP	0.29568257765816547			
GSE10240_CTRL_VS_IL17_STIM_PRIMARY_BRONCHIAL_EPITHELIAL_CELLS_UP	0.29567952735360437			
GSE14415_FOXP3_KO_NATURAL_TREG_VS_TCONV_UP	0.29565716780427337			
MIR532_3P	0.29560550530201185			
PID_LKB1_PATHWAY	0.29555167553091655			
GO_NEURAL_PLATE_DEVELOPMENT	0.2955502736921452			
MIR6840_3P	0.29550289232952565			
GO_MORPHOGENESIS_OF_EMBRYONIC_EPITHELIUM	0.29550218188692307			
MIR383_5P	0.2954724205093806			
REACTOME_INSERTION_OF_TAIL_ANCHORED_PROTEINS_INTO_THE_ENDOPLASMIC_RETICULUM_MEMBRANE	0.29545617255308043			
GSE41176_WT_VS_TAK1_KO_ANTI_IGM_STIM_BCELL_1H_UP	0.29542059257020287			
GO_DIOL_METABOLIC_PROCESS	0.29540425444850704			
GO_FATTY_ACID_TRANSPORT	0.29538124761181833			
GO_POSITIVE_REGULATION_OF_PROTEIN_ACETYLATION	0.2953468365645085			
TGASTMAGC_NFE2_01	0.2953189065211804			
MIR4723_3P	0.29530858801296084			
GO_REGULATION_OF_RUFFLE_ASSEMBLY	0.29530006461381353			
GSE21670_UNTREATED_VS_TGFB_TREATED_CD4_TCELL_UP	0.29524734128460756			
KEGG_BUTANOATE_METABOLISM	0.29523611210270584			
GO_MICROTUBULE_ANCHORING	0.2952197493435869			
GO_PRIMARY_ALCOHOL_CATABOLIC_PROCESS	0.29520153675187943			
DEURIG_T_CELL_PROLYMPHOCYTIC_LEUKEMIA_UP	0.29519247609367283			
GO_CYCLASE_ACTIVITY	0.29515427188189886			
SCHEIDEREIT_IKK_INTERACTING_PROTEINS	0.29514493563102506			
REACTOME_SIGNALING_BY_NOTCH1_PEST_DOMAIN_MUTANTS_IN_CANCER	0.29512412110173186			
PYEON_HPV_POSITIVE_TUMORS_UP	0.2950868754854891			
GO_EPOXYGENASE_P450_PATHWAY	0.29507565884491294			
GSE34156_NOD2_LIGAND_VS_NOD2_AND_TLR1_TLR2_LIGAND_6H_TREATED_MONOCYTE_DN	0.2950750322735875			
ZNF257_TARGET_GENES	0.29502167324110296			
GO_CALCIUM_DEPENDENT_CYSTEINE_TYPE_ENDOPEPTIDASE_ACTIVITY	0.29500608283924445			
GO_MITOGEN_ACTIVATED_PROTEIN_KINASE_KINASE_KINASE_BINDING	0.29500549037289725			
GO_REGULATION_OF_RESPONSE_TO_DRUG	0.29500460161853853			
MARTIN_NFKB_TARGETS_DN	0.2949935714447576			
MIR6798_5P	0.29497990678047153			
GO_INTRINSIC_APOPTOTIC_SIGNALING_PATHWAY	0.29497543902581114			
GO_POSITIVE_REGULATION_OF_ACTIVATED_T_CELL_PROLIFERATION	0.29496262191643924			
GO_PYRAMIDAL_NEURON_DIFFERENTIATION	0.2949583507365195			
MEISSNER_BRAIN_HCP_WITH_H3K4ME2_AND_H3K27ME3	0.2949453910829645			
GSE25123_WT_VS_PPARG_KO_MACROPHAGE_IL4_STIM_UP	0.2949286766896583			
GO_REGULATION_OF_EPITHELIAL_CELL_DIFFERENTIATION_INVOLVED_IN_KIDNEY_DEVELOPMENT	0.2949185744910715			
GO_POSITIVE_REGULATION_OF_TELOMERASE_ACTIVITY	0.2949047560911847			
PID_NFKAPPAB_ATYPICAL_PATHWAY	0.2948660356628908			
DELACROIX_RAR_TARGETS_UP	0.2948240445129335			
GO_RETINAL_METABOLIC_PROCESS	0.2948128148852442			
GO_PHOSPHOTRANSFERASE_ACTIVITY_FOR_OTHER_SUBSTITUTED_PHOSPHATE_GROUPS	0.29479584935592534			
GO_REGULATION_OF_POSTSYNAPTIC_MEMBRANE_NEUROTRANSMITTER_RECEPTOR_LEVELS	0.29478904877509815			
GO_NEGATIVE_REGULATION_OF_GLUTAMATE_SECRETION	0.29477039176689007			
GO_PHOTOPERIODISM	0.29476847184904514			
AMIT_DELAYED_EARLY_GENES	0.29476122986900505			
MIR6887_5P	0.2947344378574466			
GO_POSITIVE_REGULATION_OF_CYCLIN_DEPENDENT_PROTEIN_KINASE_ACTIVITY	0.2946823175826526			
GO_POSITIVE_REGULATION_OF_FATTY_ACID_OXIDATION	0.2946799475333856			
GO_RESPIRATORY_CHAIN_COMPLEX	0.294676606124279			
HNRNPUL1_TARGET_GENES	0.29464446265265476			
WNT_SIGNALING	0.29464337243264077			
REACTOME_REGULATION_OF_LIPID_METABOLISM_BY_PPARALPHA	0.2946367999110265			
GO_RIBONUCLEASE_P_ACTIVITY	0.2946346239379876			
REACTOME_REACTIONS_SPECIFIC_TO_THE_COMPLEX_N_GLYCAN_SYNTHESIS_PATHWAY	0.294624820924169			
MIR6132	0.2946131610611177			
GO_ENDOPLASMIC_RETICULUM_TO_GOLGI_VESICLE_MEDIATED_TRANSPORT	0.29459488090770175			
JECHLINGER_EPITHELIAL_TO_MESENCHYMAL_TRANSITION_DN	0.29456504097599095			
GSE17721_CTRL_VS_PAM3CSK4_24H_BMDC_DN	0.2945596073569942			
REACTOME_GRB2_EVENTS_IN_ERBB2_SIGNALING	0.29450536540831523			
GO_REGULATION_OF_GOLGI_ORGANIZATION	0.29450335412198014			
GSE1791_CTRL_VS_NEUROMEDINU_IN_T_CELL_LINE_3H_DN	0.29449899506350147			
BENPORATH_ES_1	0.2944788502488421			
GO_ERGOSTEROL_METABOLIC_PROCESS	0.29447510215298467			
GO_DEVELOPMENT_OF_SECONDARY_SEXUAL_CHARACTERISTICS	0.2944712407399836			
GO_TRICARBOXYLIC_ACID_CYCLE_ENZYME_COMPLEX	0.2944676280118111			
MIR637	0.29445230830085284			
REACTOME_BETA_OXIDATION_OF_PRISTANOYL_COA	0.29443461859351316			
REACTOME_SPHINGOLIPID_METABOLISM	0.29440803253101644			
LINDGREN_BLADDER_CANCER_CLUSTER_1_UP	0.29435836311126007			
MIR627_5P	0.2943317086530527			
MIR4664_5P	0.29430947581768535			
GO_CILIARY_BASAL_BODY	0.2942795314285176			
GO_CILIUM_ORGANIZATION	0.29426833045996165			
GO_CDP_ALCOHOL_PHOSPHATIDYLTRANSFERASE_ACTIVITY	0.2942623298840892			
SIX1_TARGET_GENES	0.2942555913098261			
GO_RETINOIC_ACID_BINDING	0.29425100341733607			
CHIANG_LIVER_CANCER_SUBCLASS_UNANNOTATED_UP	0.2942411818346789			
GO_MOLTING_CYCLE_PROCESS	0.29423305266814437			
KRAS.600_UP.V1_DN	0.2942321984473169			
WGGAATGY_TEF1_Q6	0.29422661473560174			
BASSO_HAIRY_CELL_LEUKEMIA_DN	0.29422543200127405			
GO_POSITIVE_REGULATION_OF_TRANSCRIPTION_BY_RNA_POLYMERASE_III	0.29421997889388			
JIANG_AGING_CEREBRAL_CORTEX_DN	0.294173696914842			
MIR6842_5P	0.294170276443303			
GO_VASCULAR_ASSOCIATED_SMOOTH_MUSCLE_CELL_APOPTOTIC_PROCESS	0.2941534486447177			
GSE13485_DAY1_VS_DAY7_YF17D_VACCINE_PBMC_UP	0.2941086917417328			
GO_REGULATION_OF_DENDRITIC_SPINE_DEVELOPMENT	0.29409867713153687			
REACTOME_SYNTHESIS_OF_LIPOXINS_LX	0.29409237660183885			
GO_DIVALENT_INORGANIC_ANION_HOMEOSTASIS	0.2940856721062303			
MIR6799_5P	0.2940756119760407			
GO_PHOSPHATIDYLCHOLINE_BIOSYNTHETIC_PROCESS	0.29405027645952986			
GO_PRO_B_CELL_DIFFERENTIATION	0.2940497698587645			
GO_CELL_CORTEX_REGION	0.29401935430235365			
SCHAEFFER_PROSTATE_DEVELOPMENT_6HR_DN	0.29399344984033465			
GO_FARNESYL_DIPHOSPHATE_METABOLIC_PROCESS	0.2939772759317081			
GO_BETA_CATENIN_BINDING	0.29396765173032224			
PEREZ_TP63_TARGETS	0.29396705410370105			
IPA_ESR1_UP	0.29396561936834475			
GO_ASCENDING_AORTA_DEVELOPMENT	0.2939543526601194			
GO_PHOSPHOLIPID_TRANSPORTER_ACTIVITY	0.29393050903582607			
MIKKELSEN_DEDIFFERENTIATED_STATE_UP	0.29392459222663975			
GO_VIRION_ASSEMBLY	0.2939143691892733			
GO_G1_TO_G0_TRANSITION	0.2939138210905525			
MIR5739	0.29384009636604463			
BIOCARTA_AGR_PATHWAY	0.29382362794818745			
HSF_Q6	0.2938189694752411			
GSE27786_LSK_VS_NKCELL_UP	0.29380664167802245			
GO_CARBONYL_REDUCTASE_NADPH_ACTIVITY	0.2937867427788164			
LEE_LIVER_CANCER_ACOX1_UP	0.29375618138421233			
SP3_Q3	0.2937194765652733			
MIR342_5P	0.2936956289235386			
TOX4_TARGET_GENES	0.29363945724776597			
MODY_HIPPOCAMPUS_PRENATAL	0.29362017158269754			
GO_FATTY_ACID_DERIVATIVE_BIOSYNTHETIC_PROCESS	0.2935918369512643			
GO_REGULATION_OF_KERATINOCYTE_PROLIFERATION	0.29357585709526546			
IGLV5_37_TARGET_GENES	0.29356637580716666			
REACTOME_CHK1_CHK2_CDS1_MEDIATED_INACTIVATION_OF_CYCLIN_B_CDK1_COMPLEX	0.2935629908782363			
MCBRYAN_PUBERTAL_TGFB1_TARGETS_DN	0.29354389961089217			
REACTOME_PYRUVATE_METABOLISM	0.29353560381024907			
SHETH_LIVER_CANCER_VS_TXNIP_LOSS_PAM2	0.2935312279529025			
GSE29618_PRE_VS_DAY7_FLU_VACCINE_BCELL_UP	0.2935210335907174			
BERENJENO_TRANSFORMED_BY_RHOA_FOREVER_DN	0.2935064345232795			
BIOCARTA_HER2_PATHWAY	0.29349259152863544			
MIR2681_3P	0.29347151201792254			
chr14q23	0.29346047250277296			
GO_CELLULAR_RESPONSE_TO_SALT	0.29344755447477694			
MIR4447	0.29342690325091475			
RNGTGGGC_UNKNOWN	0.2934217288560826			
GO_NEUROEPITHELIAL_CELL_DIFFERENTIATION	0.2934147729321754			
GSE24142_EARLY_THYMIC_PROGENITOR_VS_DN3_THYMOCYTE_FETAL_DN	0.2933903786520398			
GO_DENSE_CORE_GRANULE_TRANSPORT	0.2933679222587332			
GO_MITOCHONDRIAL_PROTON_TRANSPORTING_ATP_SYNTHASE_COMPLEX_CATALYTIC_CORE_F_1	0.29335435958363626			
PCBP2_TARGET_GENES	0.29331135424018284			
GO_ARACHIDONIC_ACID_MONOOXYGENASE_ACTIVITY	0.29324002579592046			
GO_POSITIVE_REGULATION_OF_CALCIUM_ION_DEPENDENT_EXOCYTOSIS	0.2932278785826935			
GO_ALPHA_GLUCOSIDASE_ACTIVITY	0.29313165049662193			
REACTOME_TETRAHYDROBIOPTERIN_BH4_SYNTHESIS_RECYCLING_SALVAGE_AND_REGULATION	0.2931214769679843			
GO_TRANSFERASE_ACTIVITY_TRANSFERRING_ACYL_GROUPS_ACYL_GROUPS_CONVERTED_INTO_ALKYL_ON_TRANSFER	0.29312127561396056			
WU_CELL_MIGRATION	0.2931028191231263			
GO_LIPID_DROPLET	0.293085604508181			
MAZ_Q6	0.29304705796510716			
MIR6757_5P	0.293046106198785			
GO_INTRACELLULAR_STEROL_TRANSPORT	0.2930398039939255			
DNMT3A_TARGET_GENES	0.292981785593932			
GO_MITOTIC_NUCLEAR_ENVELOPE_REASSEMBLY	0.2929800950041077			
SANSOM_APC_TARGETS_REQUIRE_MYC	0.2929709284152438			
GSE17721_CTRL_VS_CPG_1H_BMDC_DN	0.29294920279814796			
GO_NOTCH_SIGNALING_PATHWAY	0.29290804045926583			
MIKI_COEXPRESSED_WITH_CYP19A1	0.292897014292964			
E12_Q6	0.29286826815806005			
GO_OXIDOREDUCTASE_ACTIVITY_ACTING_ON_PAIRED_DONORS_WITH_OXIDATION_OF_A_PAIR_OF_DONORS_RESULTING_IN_THE_REDUCTION_OF_MOLECULAR_OXYGEN_TO_TWO_MOLECULES_OF_WATER	0.2928638724826166			
GO_METANEPHRIC_NEPHRON_EPITHELIUM_DEVELOPMENT	0.29286385914989455			
IPA_HES1_DN	0.29285049181453865			
AP4_Q6_01	0.2928341709940499			
GO_VOLTAGE_GATED_POTASSIUM_CHANNEL_ACTIVITY_INVOLVED_IN_VENTRICULAR_CARDIAC_MUSCLE_CELL_ACTION_POTENTIAL_REPOLARIZATION	0.2928143804825409			
GO_RNA_POLYMERASE_II_CTD_HEPTAPEPTIDE_REPEAT_PHOSPHATASE_ACTIVITY	0.2928064945883536			
GO_CONNEXIN_COMPLEX	0.2928006634407139			
GO_GLYCEROL_BIOSYNTHETIC_PROCESS	0.29279626947518117			
MYLLYKANGAS_AMPLIFICATION_HOT_SPOT_12	0.2927639311247706			
YIH_RESPONSE_TO_ARSENITE_C4	0.2927558803206218			
chr14q12	0.2927170335136999			
GO_NEGATIVE_REGULATION_OF_CELLULAR_RESPONSE_TO_HYPOXIA	0.29269792003532963			
GO_SYNTAXIN_1_BINDING	0.2926867959611777			
GO_HISTONE_H4_K5_ACETYLATION	0.29266742965406484			
GSE42021_TREG_VS_TCONV_PLN_DN	0.29261973554688203			
REACTOME_UBIQUINOL_BIOSYNTHESIS	0.29261032253495095			
REACTOME_ACETYLCHOLINE_NEUROTRANSMITTER_RELEASE_CYCLE	0.29260756465388965			
GO_HISTAMINE_RECEPTOR_ACTIVITY	0.2925804235089999			
chr8q24	0.2925409134479101			
IPA_RFX7_DN	0.2925159905927568			
IPA_KMT2C_UP	0.2925159905927568			
IPA_ZNF536_UP	0.2925159905927568			
IPA_ZBTB7C_UP	0.2925159905927568			
GO_NEUROTRANSMITTER_SECRETION	0.29251104768430514			
SHEDDEN_LUNG_CANCER_GOOD_SURVIVAL_A4	0.292483573910499			
GO_HISTONE_H3_K4_METHYLATION	0.29248119191541333			
GO_POSITIVE_REGULATION_OF_ALKALINE_PHOSPHATASE_ACTIVITY	0.2924788943486874			
GSE44649_WT_VS_MIR155_KO_NAIVE_CD8_TCELL_UP	0.29247026283228644			
LIANG_HEMATOPOIESIS_STEM_CELL_NUMBER_SMALL_VS_HUGE_UP	0.2924692962727773			
GO_NEGATIVE_REGULATION_OF_CHOLESTEROL_EFFLUX	0.2924275613203395			
GSE14000_TRANSLATED_RNA_VS_MRNA_16H_LPS_DC_UP	0.29242370122933686			
IPA_CTR9_UP	0.2924180989441929			
REACTOME_METAL_SEQUESTRATION_BY_ANTIMICROBIAL_PROTEINS	0.29240277591186076			
REACTOME_TOXICITY_OF_BOTULINUM_TOXIN_TYPE_D_BONT_D	0.29239118489660376			
IPA_EHF_UP	0.2923898053884593			
DROSHA_TARGET_GENES	0.2923724797551802			
IPA_CHD8_UP	0.29236580369992005			
MIR4722_5P	0.29236347930233614			
BILD_MYC_ONCOGENIC_SIGNATURE	0.2923551402743239			
GO_ESTROGEN_RECEPTOR_ACTIVITY	0.292341132660471			
RP58_01	0.292294149829388			
GO_DYNEIN_COMPLEX	0.292284418927509			
GO_DICHOTOMOUS_SUBDIVISION_OF_AN_EPITHELIAL_TERMINAL_UNIT	0.2922727718327774			
GO_ANTIMICROBIAL_HUMORAL_RESPONSE	0.29224918035365854			
BIOCARTA_TFF_PATHWAY	0.29224672833116777			
BARIS_THYROID_CANCER_DN	0.2922383016967477			
GO_MEIOTIC_CELL_CYCLE_PHASE_TRANSITION	0.2921981480711729			
SABATES_COLORECTAL_ADENOMA_SIZE_DN	0.2921905531625562			
REACTOME_VLDL_CLEARANCE	0.2921514327395824			
REACTOME_PI3K_EVENTS_IN_ERBB2_SIGNALING	0.29212503064698425			
GO_SMALL_MOLECULE_CATABOLIC_PROCESS	0.29212244307452595			
PID_REG_GR_PATHWAY	0.2921172507000623			
GO_CHANNEL_INHIBITOR_ACTIVITY	0.2920947721924693			
MIR550A_3_5P_MIR550A_5P	0.29207493149800234			
AP1_Q4_01	0.29207379813288376			
GO_NEGATIVE_REGULATION_OF_ESTABLISHMENT_OF_PROTEIN_LOCALIZATION_TO_MITOCHONDRION	0.29206795776144256			
GO_DORSAL_VENTRAL_PATTERN_FORMATION	0.29206554556438086			
STEIN_ESRRA_TARGETS_RESPONSIVE_TO_ESTROGEN_UP	0.2920536750344371			
GSE45365_NK_CELL_VS_CD11B_DC_UP	0.2920392605973277			
GO_DNA_N_GLYCOSYLASE_ACTIVITY	0.2920234857572218			
BIOCARTA_MALATEX_PATHWAY	0.2920143485156785			
YAO_TEMPORAL_RESPONSE_TO_PROGESTERONE_CLUSTER_5	0.291997692259103			
IPA_FOXG1_DN	0.29199699474233776			
GSE12392_CD8A_POS_VS_NEG_SPLEEN_IFNB_KO_DC_DN	0.29197867886150974			
GO_POSITIVE_REGULATION_OF_APOPTOTIC_SIGNALING_PATHWAY	0.2919734373168623			
PID_RET_PATHWAY	0.29195930776736667			
IPA_NANOG_UP	0.29195879707984707			
E2F_01	0.2919536814582346			
GO_POSITIVE_REGULATION_OF_MRNA_CATABOLIC_PROCESS	0.2919456948708408			
GSE9006_1MONTH_VS_4MONTH_POST_TYPE_1_DIABETES_DX_PBMC_DN	0.2919199601597816			
RUAN_RESPONSE_TO_TROGLITAZONE_UP	0.2919018080727427			
GO_REGULATION_OF_LOW_DENSITY_LIPOPROTEIN_PARTICLE_RECEPTOR_BINDING	0.29188875657965024			
GO_WIDE_PORE_CHANNEL_ACTIVITY	0.29188834421876014			
IPA_JUNB_DN	0.29186573443595765			
MIR345_5P	0.2918589601430204			
KEGG_HUNTINGTONS_DISEASE	0.29185621294121106			
GO_POSITIVE_REGULATION_OF_VIRAL_RELEASE_FROM_HOST_CELL	0.2918359919170877			
MIR12118	0.2918305214547599			
CRX_Q4	0.29181967624648075			
GAL_LEUKEMIC_STEM_CELL_UP	0.2917981531761884			
GO_RESPONSE_TO_FOOD	0.29178714081293455			
WAKABAYASHI_ADIPOGENESIS_PPARG_RXRA_BOUND_WITH_H4K20ME1_MARK	0.291785879899421			
CACTGTG_MIR128A_MIR128B	0.29174900174512014			
GO_NEUROTRANSMITTER_SODIUM_SYMPORTER_ACTIVITY	0.2917291318522555			
GO_ORGANIC_HYDROXY_COMPOUND_BIOSYNTHETIC_PROCESS	0.29172904516091586			
CHIANG_LIVER_CANCER_SUBCLASS_POLYSOMY7_UP	0.2917250679177685			
BIOCARTA_EIF2_PATHWAY	0.29169586243629514			
SRY_01	0.2916735128422134			
IPA_PAX8_UP	0.291638428708508			
ASXL2_TARGET_GENES	0.29163451587395944			
GGCNKCCATNK_UNKNOWN	0.29162329938588755			
AGGCACT_MIR5153P	0.29160554450452203			
ZHOU_TNF_SIGNALING_30MIN	0.29159085888242686			
GO_CELLULAR_RESPONSE_TO_STARVATION	0.29157721870724257			
GSE30083_SP2_VS_SP4_THYMOCYTE_UP	0.29157630390719447			
RUAN_RESPONSE_TO_TNF_DN	0.2915708795948893			
GO_ENDOPLASMIC_RETICULUM_ORGANIZATION	0.2915588046325502			
REACTOME_SYNTHESIS_OF_IP2_IP_AND_INS_IN_THE_CYTOSOL	0.2915505137480263			
GO_E_BOX_BINDING	0.29154456944729235			
HOXA1_TARGET_GENES	0.29154375246155106			
GSE9946_LISTERIA_INF_MATURE_VS_PROSTAGLANDINE2_TREATED_MATURE_DC_DN	0.29153599254549106			
GO_HIGH_VOLTAGE_GATED_CALCIUM_CHANNEL_ACTIVITY	0.2914635883437024			
GO_L_SERINE_CATABOLIC_PROCESS	0.2914471860354381			
MATZUK_IMPLANTATION_AND_UTERINE	0.2914233826114074			
E2F_03	0.2913917827840711			
GO_PHOTORECEPTOR_CELL_DIFFERENTIATION	0.2912822834030857			
REACTOME_PASSIVE_TRANSPORT_BY_AQUAPORINS	0.29127310198923995			
REACTOME_ZBP1_DAI_MEDIATED_INDUCTION_OF_TYPE_I_IFNS	0.29127063670965575			
GSE3982_EFF_MEMORY_CD4_TCELL_VS_TH2_UP	0.2912678547542383			
GO_RNA_SPLICING	0.2912661446773005			
GO_CELL_CELL_JUNCTION_ORGANIZATION	0.2912292113369486			
REACTOME_ALPHA_OXIDATION_OF_PHYTANATE	0.29121840214995554			
GO_RESPIRATORY_CHAIN_COMPLEX_III	0.29117038662953565			
MIR365A_5P	0.2911661089154303			
chr1q22	0.29116076384901807			
GO_POSITIVE_REGULATION_OF_HORMONE_SECRETION	0.2911522603780624			
REACTOME_PROGRAMMED_CELL_DEATH	0.29115209450766893			
BARRIER_COLON_CANCER_RECURRENCE_DN	0.29112640160036335			
REACTOME_SIGNALING_BY_ERBB2_ECD_MUTANTS	0.2911248559547797			
GO_ACETYL_COA_METABOLIC_PROCESS	0.29111996317960354			
GO_REGULATION_OF_DENDRITE_DEVELOPMENT	0.29110287683160446			
LUI_THYROID_CANCER_CLUSTER_2	0.2910872464512109			
TFCP2_TARGET_GENES	0.29101245199306525			
IPA_ETV4_UP	0.2910064276787337			
MIR6811_3P	0.29098621783947226			
KEGG_ASCORBATE_AND_ALDARATE_METABOLISM	0.29096634815343964			
MIR3680_5P	0.29096380917988235			
IPA_NR3C1_UP	0.2909544215732712			
MIR4482_5P	0.29095277806892444			
MIR4791	0.29091809163092475			
GO_ALCOHOL_BIOSYNTHETIC_PROCESS	0.290899206457882			
FEVR_CTNNB1_TARGETS_UP	0.29088318057057105			
GO_PROTEIN_LOCALIZATION_TO_POSTSYNAPTIC_MEMBRANE	0.2908782156362254			
GO_OXIDOREDUCTASE_ACTIVITY_ACTING_ON_PAIRED_DONORS_WITH_INCORPORATION_OR_REDUCTION_OF_MOLECULAR_OXYGEN_NAD_P_H_AS_ONE_DONOR_AND_INCORPORATION_OF_ONE_ATOM_OF_OXYGEN	0.29087443082011366			
GO_GENITALIA_MORPHOGENESIS	0.2908664734533685			
IPA_DLX2_DN	0.29084511213812			
GO_NEGATIVE_REGULATION_OF_NOTCH_SIGNALING_PATHWAY	0.29084319969055944			
MIYAGAWA_TARGETS_OF_EWSR1_ETS_FUSIONS_UP	0.2908316197385198			
MEISSNER_BRAIN_HCP_WITH_H3K4ME2	0.2908223876739472			
REACTOME_DOWNREGULATION_OF_ERBB4_SIGNALING	0.2907929485366468			
GSE28130_ACTIVATED_VS_INDUCEED_TREG_DN	0.2907878113117675			
GO_ADRENERGIC_RECEPTOR_BINDING	0.2907877722503946			
HU_GENOTOXIN_ACTION_DIRECT_VS_INDIRECT_24HR	0.29072983968278915			
GSE37301_RAG2_KO_VS_RAG2_AND_ETS1_KO_NK_CELL_DN	0.29071146027712336			
ATGGYGGA_UNKNOWN	0.29066861416059614			
PROVENZANI_METASTASIS_DN	0.2906591683075			
GO_GLYCEROLIPID_BIOSYNTHETIC_PROCESS	0.29063601464389655			
GO_INTRAMEMBRANE_LIPID_TRANSPORTER_ACTIVITY	0.29063441747472857			
GO_ORGANIC_ACID_TRANSPORT	0.29060494427052824			
MYC_UP.V1_DN	0.29059179574075616			
GO_COFACTOR_BIOSYNTHETIC_PROCESS	0.2905878861921242			
REACTOME_EGFR_DOWNREGULATION	0.29056415252591533			
IWANAGA_CARCINOGENESIS_BY_KRAS_PTEN_UP	0.2905637350549506			
CHX10_01	0.29053933927306724			
MIR4669	0.2905195108496401			
GO_NEGATIVE_REGULATION_OF_NERVOUS_SYSTEM_PROCESS	0.2904879154437612			
GO_CATION_CHANNEL_COMPLEX	0.29048135734838			
GO_ATP_SYNTHESIS_COUPLED_ELECTRON_TRANSPORT	0.29044150751384423			
GO_REGULATION_OF_INTRACELLULAR_LIPID_TRANSPORT	0.29043083019344346			
GO_TELENCEPHALON_REGIONALIZATION	0.2904285104734977			
GO_POLY_G_BINDING	0.2904008895519033			
MIR1914_5P	0.29038305500562545			
GO_CELLULAR_RESPONSE_TO_MAGNESIUM_ION	0.2903714960232479			
REACTOME_SIGNALING_BY_ERBB4	0.29032011065218916			
GO_MICROVILLUS_ASSEMBLY	0.2902736486553795			
GO_CARDIAC_NEURAL_CREST_CELL_DIFFERENTIATION_INVOLVED_IN_HEART_DEVELOPMENT	0.2902543303547632			
GO_GOLGI_TO_PLASMA_MEMBRANE_PROTEIN_TRANSPORT	0.2902466877676096			
GO_RESPONSE_TO_HYDROSTATIC_PRESSURE	0.2902450501341632			
ZFHX3_TARGET_GENES	0.2902358827188621			
REACTOME_TERMINATION_OF_O_GLYCAN_BIOSYNTHESIS	0.29021656184804534			
GO_PTERIDINE_CONTAINING_COMPOUND_METABOLIC_PROCESS	0.29019997590670205			
MIR4780	0.2901983672614947			
GSE37319_WT_VS_RC3H1_KO_CD44LOW_CD8_TCELL_DN	0.29017607265315737			
ICHIBA_GRAFT_VERSUS_HOST_DISEASE_D7_DN	0.2901733359747022			
GO_EXOCYTIC_VESICLE	0.29016428312769943			
REACTOME_POSITIVE_EPIGENETIC_REGULATION_OF_RRNA_EXPRESSION	0.2901387756089237			
E2F1_Q3	0.2901123401532258			
REACTOME_ACTIVATION_OF_SMO	0.2901021030882542			
GO_PEPTIDYL_HISTIDINE_MODIFICATION	0.29007965409908565			
MIR491_5P	0.2900643212730576			
GSE26030_TH1_VS_TH17_RESTIMULATED_DAY5_POST_POLARIZATION_DN	0.29006192490777816			
EGFR_UP.V1_DN	0.29005617779293696			
MIR744_5P	0.28998621816625253			
REACTOME_TLR3_MEDIATED_TICAM1_DEPENDENT_PROGRAMMED_CELL_DEATH	0.2899764713040707			
GO_POSITIVE_REGULATION_OF_AMINE_TRANSPORT	0.28995594654095624			
REACTOME_SIGNALING_BY_FGFR4_IN_DISEASE	0.2899537939510476			
REACTOME_RIP_MEDIATED_NFKB_ACTIVATION_VIA_ZBP1	0.289953312154087			
ARNT_01	0.2899283835414867			
GO_INTERLEUKIN_1_RECEPTOR_ACTIVITY	0.28991552464314685			
ZHANG_ADIPOGENESIS_BY_BMP7	0.28987092819413424			
GSE7460_FOXP3_MUT_VS_HET_ACT_TCONV_DN	0.28982798805011983			
GO_STEREOCILIUM_BUNDLE	0.28982038451308517			
IPA_STAT5B_UP	0.28979348278742256			
MIR409_5P	0.289771507002043			
REACTOME_FORMATION_OF_ATP_BY_CHEMIOSMOTIC_COUPLING	0.28976136636952776			
GO_NEGATIVE_REGULATION_OF_IMMATURE_T_CELL_PROLIFERATION	0.2897276873881779			
MORC2_TARGET_GENES	0.2897063543517573			
GSE27786_LIN_NEG_VS_ERYTHROBLAST_DN	0.28970429998381486			
GO_ANCHORING_JUNCTION	0.28969662670114393			
GO_REGULATION_OF_HISTONE_H3_K14_ACETYLATION	0.28967246116413337			
GO_POSITIVE_REGULATION_OF_AMINO_ACID_TRANSPORT	0.2896666817650472			
chr1q21	0.289659469212479			
MIR3157_3P	0.2896462731287748			
GAGCCAG_MIR149	0.28964040670520996			
GO_POSITIVE_REGULATION_OF_PROTEIN_LOCALIZATION_TO_MEMBRANE	0.2896364413999957			
GO_APICAL_PART_OF_CELL	0.2896331166026659			
GO_NEGATIVE_REGULATION_OF_PROTEIN_TYROSINE_KINASE_ACTIVITY	0.2896281462089815			
GO_ESTABLISHMENT_OF_BLOOD_BRAIN_BARRIER	0.2896084979793916			
MIR7110_5P	0.2895846064104329			
chr14q24	0.2895760865750529			
REACTOME_TFAP2A_ACTS_AS_A_TRANSCRIPTIONAL_REPRESSOR_DURING_RETINOIC_ACID_INDUCED_CELL_DIFFERENTIATION	0.2895546183216025			
GO_KERATINOCYTE_PROLIFERATION	0.28951317746178423			
MIR6795_5P	0.2895062675496298			
WANG_LMO4_TARGETS_DN	0.2894600596391179			
REACTOME_SYNTHESIS_OF_BILE_ACIDS_AND_BILE_SALTS	0.28945516762234036			
MIR3689D	0.28944625519783745			
GSE17974_IL4_AND_ANTI_IL12_VS_UNTREATED_0.5H_ACT_CD4_TCELL_DN	0.28944294311722996			
MIR7107_3P	0.28943000090639853			
REACTOME_CELL_JUNCTION_ORGANIZATION	0.2894219140062574			
GO_ACTION_POTENTIAL	0.28939592979743034			
PID_NECTIN_PATHWAY	0.28934223664054065			
GO_REGULATION_OF_IRON_ION_TRANSPORT	0.2893418184447373			
BOYAULT_LIVER_CANCER_SUBCLASS_G12_UP	0.28933161292362125			
ANDERSEN_LIVER_CANCER_KRT19_UP	0.289326516547355			
GO_ACTIN_MODIFICATION	0.289324988187199			
GO_CARDIAC_MUSCLE_CONTRACTION	0.2893245462588544			
GO_LYSOSOMAL_TRANSPORT	0.2893147466878628			
HNF3ALPHA_Q6	0.2893092433918625			
GO_ESCRT_COMPLEX_DISASSEMBLY	0.2892908797845593			
GO_MITOCHONDRIAL_PROTEIN_COMPLEX	0.2892884079028048			
IPA_FOXM1_DN	0.2892825351995495			
GSE2770_IL12_VS_TGFB_AND_IL12_TREATED_ACT_CD4_TCELL_48H_DN	0.28928213010056336			
GSE32255_WT_UNSTIM_VS_JMJD2D_KNOCKDOWN_4H_LPS_STIM_DC_DN	0.2892614563382528			
GO_OLFACTORY_BEHAVIOR	0.28925403655175375			
HALLMARK_CHOLESTEROL_HOMEOSTASIS	0.28925301840608564			
PECE_MAMMARY_STEM_CELL_UP	0.2892318457006083			
GO_EXOCYST_LOCALIZATION	0.2892121135675283			
GO_RESPONSE_TO_COLD	0.28919992677042006			
GSE2128_C57BL6_VS_NOD_CD4CD8_DP_THYMOCYTE_DN	0.2891900482310888			
HMG20B_TARGET_GENES	0.2891766472139639			
GSE7568_CTRL_VS_24H_TGFB_TREATED_MACROPHAGES_WITH_IL4_AND_DEXAMETHASONE_DN	0.2891691013166713			
NMYC_01	0.2891570330167444			
GSE38696_LIGHT_ZONE_VS_DARK_ZONE_BCELL_DN	0.28914977942565157			
GO_INTERMEDIATE_FILAMENT_CYTOSKELETON	0.2891325205794665			
MIR3619_3P	0.2891184553803581			
GO_POSITIVE_REGULATION_OF_CALCINEURIN_MEDIATED_SIGNALING	0.28909804265248645			
ALPHACP1_01	0.2890943769927358			
MIR6783_5P	0.2890730118190441			
GO_POSITIVE_REGULATION_OF_POTASSIUM_ION_TRANSPORT	0.2890657222075407			
GO_SPONGIOTROPHOBLAST_LAYER_DEVELOPMENT	0.28906359864919295			
ONGUSAHA_BRCA1_TARGETS_DN	0.28904894015646915			
GSE43957_UNTREATED_VS_NACL_TREATED_ANTI_CD3_CD28_STIM_CD4_TCELL_UP	0.28903357562965903			
YGTCCTTGR_UNKNOWN	0.28902254641807495			
REACTOME_CONSTITUTIVE_SIGNALING_BY_AKT1_E17K_IN_CANCER	0.2889982656134619			
NFMUE1_Q6	0.2889769840622971			
GO_LUNG_SACCULE_DEVELOPMENT	0.2889729432653572			
GROSS_HYPOXIA_VIA_ELK3_UP	0.28896511831209926			
HELLER_HDAC_TARGETS_UP	0.2889492153987227			
STAMBOLSKY_RESPONSE_TO_VITAMIN_D3_DN	0.288897717120845			
IPA_SKP2_UP	0.28889596732177447			
GO_CARBOHYDRATE_TRANSMEMBRANE_TRANSPORTER_ACTIVITY	0.2888661264974005			
KEGG_PARKINSONS_DISEASE	0.2888611827371056			
ACEVEDO_NORMAL_TISSUE_ADJACENT_TO_LIVER_TUMOR_DN	0.2888457737895946			
GO_SPHINGOMYELIN_BIOSYNTHETIC_PROCESS	0.2888383721227065			
CAFFAREL_RESPONSE_TO_THC_24HR_3_DN	0.28883802943743897			
MIR6722_3P	0.2887915054572361			
GO_PROGESTERONE_METABOLIC_PROCESS	0.2887666910203248			
GO_SYNAPTIC_TRANSMISSION_CHOLINERGIC	0.28873496641359164			
MIR7111_5P	0.2887059538879137			
AP2_Q3	0.28869708084729406			
GO_MAMMARY_GLAND_ALVEOLUS_DEVELOPMENT	0.2886598494345063			
GO_NURD_COMPLEX	0.28865100763073015			
GO_NEGATIVE_REGULATION_OF_T_CELL_DIFFERENTIATION_IN_THYMUS	0.288637790756176			
CCCACAT_MIR2993P	0.2886363747819427			
GSE360_L_DONOVANI_VS_M_TUBERCULOSIS_DC_UP	0.28858942756880096			
GO_PROTEIN_PHOSPHATASE_TYPE_2A_COMPLEX	0.28857466129391257			
GO_DECIDUALIZATION	0.28855112425408075			
IPA_HOXB1_DN	0.28852448111580853			
IPA_IGFBP1_DN	0.2885227391485315			
GO_REGULATION_OF_VOLTAGE_GATED_POTASSIUM_CHANNEL_ACTIVITY_INVOLVED_IN_VENTRICULAR_CARDIAC_MUSCLE_CELL_ACTION_POTENTIAL_REPOLARIZATION	0.2885217377873023			
ZNF23_TARGET_GENES	0.28851528501080476			
GSE37301_PRO_BCELL_VS_GRANULOCYTE_MONOCYTE_PROGENITOR_UP	0.28849377769927587			
GO_GOLGI_VESICLE_TRANSPORT	0.28848544666515336			
NEBEN_AML_WITH_FLT3_OR_NRAS_DN	0.2884522239347244			
IPA_NR1I2_UP	0.28844592931317903			
IPA_HDAC4_UP	0.28844477231153415			
IPA_LHX2_DN	0.2884433424502287			
GO_FASCIA_ADHERENS	0.28838082485825134			
PID_PS1_PATHWAY	0.28836969737279744			
TAKADA_GASTRIC_CANCER_COPY_NUMBER_UP	0.2883570167257938			
GO_RESPIRATORY_CHAIN_COMPLEX_IV_ASSEMBLY	0.28835064565866875			
GO_REGULATION_OF_EATING_BEHAVIOR	0.2883189123906939			
GO_ETHER_METABOLIC_PROCESS	0.2882650552424162			
REACTOME_CIRCADIAN_CLOCK	0.2882436592122453			
GSE14308_TH2_VS_INDUCED_TREG_DN	0.28823301181189703			
OUYANG_PROSTATE_CANCER_PROGRESSION_UP	0.2882312808465294			
MIR1224_3P	0.2882309490998274			
RORA1_01	0.2882170476342496			
LEE_BMP2_TARGETS_UP	0.2882096456307623			
GO_REGULATION_OF_DENDRITIC_SPINE_MORPHOGENESIS	0.2882075680220485			
XU_GH1_AUTOCRINE_TARGETS_DN	0.28820501159297063			
GO_NEPHRON_TUBULE_FORMATION	0.2881980596507713			
BILANGES_SERUM_SENSITIVE_VIA_TSC1	0.2881796003432463			
GO_ORGANIC_CATION_TRANSPORT	0.2881704564603115			
GO_CELLULAR_RESPONSE_TO_INSULIN_STIMULUS	0.2881309082311625			
chr7p14	0.2881199638846374			
GO_GOLGI_TRANS_CISTERNA	0.2881047653617388			
GO_SYNAPTIC_VESICLE_MEMBRANE	0.28809555836600576			
LEE_METASTASIS_AND_ALTERNATIVE_SPLICING_DN	0.28808677723027254			
GO_RESPONSE_TO_GROWTH_HORMONE	0.2880310041070221			
GO_EXON_EXON_JUNCTION_COMPLEX	0.28801618859169514			
REACTOME_ION_TRANSPORT_BY_P_TYPE_ATPASES	0.28801328780185187			
REACTOME_REGULATION_OF_LOCALIZATION_OF_FOXO_TRANSCRIPTION_FACTORS	0.2879825071085261			
GSE27786_LSK_VS_BCELL_UP	0.28797182501046253			
REACTOME_POLB_DEPENDENT_LONG_PATCH_BASE_EXCISION_REPAIR	0.28794194297852643			
ZNF445_TARGET_GENES	0.2879141601595829			
MIR6766_5P	0.2879119756844673			
REACTOME_DEPOLYMERISATION_OF_THE_NUCLEAR_LAMINA	0.28790771121511133			
GO_LIPOPROTEIN_CATABOLIC_PROCESS	0.28790189910622355			
ZNF524_TARGET_GENES	0.28785613444993147			
GO_INSULIN_SECRETION_INVOLVED_IN_CELLULAR_RESPONSE_TO_GLUCOSE_STIMULUS	0.28783972229494587			
GO_ELECTRON_TRANSPORT_CHAIN	0.28783089683783514			
ZNF436_TARGET_GENES	0.28780587075773406			
GO_WATER_SOLUBLE_VITAMIN_METABOLIC_PROCESS	0.28779432457289505			
REACTOME_IONOTROPIC_ACTIVITY_OF_KAINATE_RECEPTORS	0.2877907467478705			
IPA_JUP_UP	0.28773683639960407			
MIR1539	0.2877303315358493			
GO_MITOCHONDRIAL_RESPIRATORY_CHAIN_COMPLEX_IV	0.2877248369558433			
GSE25502_WT_VS_KLF13_KO_THYMIC_MEMORY_LIKE_CD8_TCELL_DN	0.2877027763187459			
IPA_CREB1_UP	0.28769303834721177			
GO_GOLGI_LOCALIZATION	0.28761073240550744			
PAX5_01	0.2876034821734776			
GO_REGULATION_OF_NEUROTRANSMITTER_RECEPTOR_LOCALIZATION_TO_POSTSYNAPTIC_SPECIALIZATION_MEMBRANE	0.28760152664302			
GO_ADENYLATE_CYCLASE_INHIBITING_G_PROTEIN_COUPLED_ACETYLCHOLINE_RECEPTOR_SIGNALING_PATHWAY	0.2875922265223378			
GO_POSITIVE_REGULATION_OF_PHOSPHOLIPASE_A2_ACTIVITY	0.28758854350329577			
GO_NEUROTRANSMITTER_RECEPTOR_ACTIVITY_INVOLVED_IN_REGULATION_OF_POSTSYNAPTIC_MEMBRANE_POTENTIAL	0.2875823871401891			
DARWICHE_PAPILLOMA_RISK_LOW_UP	0.2875799646522206			
GO_NUCLEAR_OUTER_MEMBRANE	0.28757064748214406			
GO_RETINAL_GANGLION_CELL_AXON_GUIDANCE	0.2875620265120152			
TGACGTCA_ATF3_Q6	0.2874979369152974			
REACTOME_ERBB2_REGULATES_CELL_MOTILITY	0.28748443023778814			
MIR5698	0.28747894672551305			
IPA_PLAG1_UP	0.28747084084551017			
WENG_POR_TARGETS_GLOBAL_DN	0.28744632238258844			
GO_MAINTENANCE_OF_PROTEIN_LOCALIZATION_IN_ENDOPLASMIC_RETICULUM	0.2874083486887037			
GO_CANONICAL_WNT_SIGNALING_PATHWAY	0.2874080254696229			
GO_DELAMINATION	0.2874052131007217			
MIR3691_3P	0.2873911939066604			
GTTGNYNNRGNAAC_UNKNOWN	0.28736917196871964			
KEGG_CITRATE_CYCLE_TCA_CYCLE	0.2873615392289831			
SCHAEFFER_PROSTATE_DEVELOPMENT_AND_CANCER_BOX5_DN	0.28735962974997475			
MIR216B_5P	0.28735417585457246			
GSE41867_MEMORY_VS_EXHAUSTED_CD8_TCELL_DAY30_LCMV_DN	0.28734445202130693			
REACTOME_BETA_OXIDATION_OF_VERY_LONG_CHAIN_FATTY_ACIDS	0.2873416042181023			
GSE40666_STAT1_KO_VS_STAT4_KO_CD8_TCELL_WITH_IFNA_STIM_90MIN_DN	0.2873264622853298			
GO_TRANSCRIPTION_FACTOR_BINDING	0.28731895528735324			
GO_HIS_PURKINJE_SYSTEM_DEVELOPMENT	0.28730454877492556			
GAUSSMANN_MLL_AF4_FUSION_TARGETS_B_DN	0.2872990835621621			
FRASOR_TAMOXIFEN_RESPONSE_UP	0.2872966831219012			
GO_PHOSPHATIDYLCHOLINE_METABOLIC_PROCESS	0.2872887714289153			
GO_EPITHELIAL_CELL_FATE_COMMITMENT	0.28726573106766146			
GO_MACROMOLECULE_DEPALMITOYLATION	0.28725749727871935			
GO_PALMITOYL_PROTEIN_HYDROLASE_ACTIVITY	0.28725749727871935			
CREBP1CJUN_01	0.28724083839807335			
GO_NEURAL_TUBE_DEVELOPMENT	0.28722702449647947			
GO_INWARD_RECTIFIER_POTASSIUM_CHANNEL_ACTIVITY	0.28721495618724147			
GO_NEURON_PROJECTION_TERMINUS	0.2871634318457171			
GO_POSITIVE_REGULATION_OF_RUFFLE_ASSEMBLY	0.2871476402416743			
REACTOME_SULFIDE_OXIDATION_TO_SULFATE	0.2870626631524614			
GO_NEGATIVE_REGULATION_OF_LOW_DENSITY_LIPOPROTEIN_PARTICLE_CLEARANCE	0.2870579298732711			
GSE360_T_GONDII_VS_M_TUBERCULOSIS_DC_UP	0.28705571088144044			
GO_MAINTENANCE_OF_POSTSYNAPTIC_SPECIALIZATION_STRUCTURE	0.28703726654203165			
GSE42021_CD24LO_TREG_VS_CD24LO_TCONV_THYMUS_DN	0.2870300448039193			
GSE26488_WT_VS_HDAC7_DELTAP_TG_OT2_THYMOCYTE_WITH_PEPTIDE_INJECTION_DN	0.28699912287890467			
ZNF274_TARGET_GENES	0.28699133200125354			
IPA_ESRRB_UP	0.28698367551302545			
SMID_BREAST_CANCER_NORMAL_LIKE_DN	0.2869760087643302			
GO_ANCHORED_COMPONENT_OF_SYNAPTIC_MEMBRANE	0.2869669657707885			
HOFFMANN_LARGE_TO_SMALL_PRE_BII_LYMPHOCYTE_DN	0.2869653156368772			
TGCGCANK_UNKNOWN	0.28696515280024204			
GO_REGULATION_OF_ANOIKIS	0.286964536349074			
HOLLERN_SOLID_NODULAR_BREAST_TUMOR_UP	0.28695936833181507			
BOYAULT_LIVER_CANCER_SUBCLASS_G56_UP	0.28692278358481393			
GO_ETHER_LIPID_METABOLIC_PROCESS	0.2869103654685367			
MIR4667_5P	0.28691031793777094			
chr16q22	0.2868691284276591			
MIR4726_5P	0.28686505503889714			
GO_EMBRYONIC_PROCESS_INVOLVED_IN_FEMALE_PREGNANCY	0.28686241110345706			
GO_HISTONE_METHYLTRANSFERASE_ACTIVITY_H3_K27_SPECIFIC	0.2868010007270833			
SEIDEN_ONCOGENESIS_BY_MET	0.2867918905217238			
REACTOME_CONSTITUTIVE_SIGNALING_BY_LIGAND_RESPONSIVE_EGFR_CANCER_VARIANTS	0.28678820502487185			
MIR6747_3P	0.2867836847401041			
KEGG_GNRH_SIGNALING_PATHWAY	0.28678237731192446			
GO_NEGATIVE_REGULATION_OF_CERAMIDE_BIOSYNTHETIC_PROCESS	0.28676848582828135			
GO_MITOCHONDRION	0.2867589377056806			
GO_NEUROTRANSMITTER_LOADING_INTO_SYNAPTIC_VESICLE	0.28675245105647024			
SESTO_RESPONSE_TO_UV_C8	0.2867474127830116			
GSE3982_MAC_VS_NEUTROPHIL_UP	0.28672710231432247			
GO_PROSTATE_GLANDULAR_ACINUS_MORPHOGENESIS	0.28672499805124124			
DELYS_THYROID_CANCER_UP	0.28671166671318077			
AP2GAMMA_01	0.2866999256324004			
HOLLERN_MICROACINAR_BREAST_TUMOR_UP	0.2866990561356294			
GO_REGULATION_OF_ACYL_COA_BIOSYNTHETIC_PROCESS	0.28669902233951			
KEGG_TRYPTOPHAN_METABOLISM	0.28669527043272647			
IPA_HNF1A_DN	0.2866933517034233			
GO_POSITIVE_REGULATION_OF_PROTEIN_CATABOLIC_PROCESS_IN_THE_VACUOLE	0.2866930727057869			
KANG_CISPLATIN_RESISTANCE_DN	0.2866921824104501			
GO_CLUSTER_OF_ACTIN_BASED_CELL_PROJECTIONS	0.2866884014678271			
MIR365B_5P	0.2866689384016244			
GO_POSITIVE_REGULATION_OF_PEPTIDYL_LYSINE_ACETYLATION	0.2866652657973732			
GSE29949_MICROGLIA_BRAIN_VS_CD8_POS_DC_SPLEEN_DN	0.2866511752386887			
GO_REGULATION_OF_ANTIMICROBIAL_HUMORAL_RESPONSE	0.28664409633208354			
GO_CELLULAR_COMPONENT_MAINTENANCE	0.28662879754873993			
NOTCH_DN.V1_UP	0.2866092401882084			
GO_SCAFFOLD_PROTEIN_BINDING	0.28659224675305767			
GO_SNARE_BINDING	0.2865337366264282			
KAECH_NAIVE_VS_DAY8_EFF_CD8_TCELL_UP	0.28652864657519145			
CREB_Q4	0.2865266724359649			
GO_RNA_POLYMERASE_II_ACTIVATING_TRANSCRIPTION_FACTOR_BINDING	0.28652545975931426			
MIR4683	0.28652167381082533			
GO_REGULATION_OF_TRIGLYCERIDE_BIOSYNTHETIC_PROCESS	0.28650833116160357			
GO_BUD_ELONGATION_INVOLVED_IN_LUNG_BRANCHING	0.28650777717493364			
GO_COPPER_CHAPERONE_ACTIVITY	0.2865075643333757			
GO_POSITIVE_REGULATION_OF_RECEPTOR_CATABOLIC_PROCESS	0.2864965486101082			
IPA_AHRR_DN	0.2864749528714752			
GO_SYNAPTIC_VESICLE_EXOCYTOSIS	0.2864589759375459			
JIANG_TIP30_TARGETS_DN	0.28644751221364345			
MIKKELSEN_ES_ICP_WITH_H3K4ME3	0.2864416543353449			
RFX1_02	0.28642690982285546			
WANG_CLIM2_TARGETS_UP	0.28642130087553214			
E2F_Q6_01	0.2864121895789216			
GSE2585_AIRE_KO_VS_WT_CD80_LOW_MTEC_UP	0.2864073924551122			
IPA_FOSL2_DN	0.2863942858421766			
GO_HISTONE_DEMETHYLASE_ACTIVITY_H3_K36_SPECIFIC	0.28635536701505426			
GO_HISTONE_H3_K36_DEMETHYLATION	0.28635536701505426			
GO_MICROTUBULE_ORGANIZING_CENTER_LOCALIZATION	0.28633388404205024			
GO_SMOOTHENED_SIGNALING_PATHWAY_INVOLVED_IN_DORSAL_VENTRAL_NEURAL_TUBE_PATTERNING	0.28631266544302614			
GO_CELL_CELL_JUNCTION_ASSEMBLY	0.2863072830462631			
MIR8070	0.2862638478058137			
GO_ENOYL_COA_HYDRATASE_ACTIVITY	0.2862404363647105			
GSE23984_CTRL_VS_HYPOCALEMIC_VITAMIND_ANALOG_TCELL_UP	0.2862341462273843			
GO_PROLINE_RICH_REGION_BINDING	0.2862190139145245			
GO_GLUCOSE_METABOLIC_PROCESS	0.2861558371287144			
HILLION_HMGA1B_TARGETS	0.28613107528146353			
GO_ADHERENS_JUNCTION_ORGANIZATION	0.2861242100221066			
REACTOME_SHC_RELATED_EVENTS_TRIGGERED_BY_IGF1R	0.2861111859048755			
REACTOME_MRNA_SPLICING	0.2861068239682742			
MIR6808_5P	0.2860992702394883			
GO_ESTABLISHMENT_OR_MAINTENANCE_OF_ACTIN_CYTOSKELETON_POLARITY	0.2860947064311711			
GTGACGY_E4F1_Q6	0.2860917159441696			
TERAMOTO_OPN_TARGETS_CLUSTER_1	0.28609036219397577			
GO_RNA_SPLICING_VIA_TRANSESTERIFICATION_REACTIONS	0.28607869089670185			
GO_ELASTIC_FIBER_ASSEMBLY	0.28607460883388575			
GO_SOMATOTROPIN_SECRETING_CELL_DIFFERENTIATION	0.28606499842619276			
GO_HISTONE_ACETYLTRANSFERASE_ACTIVITY_H4_K5_SPECIFIC	0.28603604765975055			
IPA_SPIC_UP	0.28597794932131676			
GO_OXIDOREDUCTASE_ACTIVITY_ACTING_ON_SINGLE_DONORS_WITH_INCORPORATION_OF_MOLECULAR_OXYGEN	0.28595094069124694			
REACTOME_SIGNALING_BY_FGFR3_FUSIONS_IN_CANCER	0.28594271516248554			
GO_PHOSPHOLIPID_BIOSYNTHETIC_PROCESS	0.285907663456082			
REACTOME_ADHERENS_JUNCTIONS_INTERACTIONS	0.2858890195323016			
GO_REGULATION_OF_ERBB_SIGNALING_PATHWAY	0.2858769348253219			
MCLACHLAN_DENTAL_CARIES_DN	0.28587667881591744			
GSE13493_CD4INTCD8POS_VS_CD8POS_THYMOCYTE_DN	0.2858643975538069			
GO_HEAT_ACCLIMATION	0.28584328597560976			
GO_VACUOLAR_TRANSPORT	0.2858347326646208			
GO_NEGATIVE_REGULATION_OF_CHROMATIN_BINDING	0.28583449946087813			
GO_LIPID_DIGESTION	0.2858289691671863			
GO_OXIDOREDUCTASE_ACTIVITY_ACTING_ON_PAIRED_DONORS_WITH_INCORPORATION_OR_REDUCTION_OF_MOLECULAR_OXYGEN	0.28580607116882945			
GO_CARBOHYDRATE_MEDIATED_SIGNALING	0.2857773821712082			
REACTOME_NEUROTRANSMITTER_RELEASE_CYCLE	0.28577131690173485			
GO_GARP_COMPLEX	0.2857646982510995			
BILANGES_SERUM_AND_RAPAMYCIN_SENSITIVE_GENES	0.28575440482339404			
KANG_DOXORUBICIN_RESISTANCE_DN	0.28575215993853204			
P53_DECAMER_Q2	0.2857493570280212			
GSE13522_WT_VS_IFNG_KO_SKIN_UP	0.28573202288379496			
REACTOME_LAMININ_INTERACTIONS	0.2857033465253589			
ZHONG_RESPONSE_TO_AZACITIDINE_AND_TSA_DN	0.2856984380446412			
GO_PHOSPHOLIPASE_A2_ACTIVITY	0.2856979358915737			
GO_MICROTUBULE_BASED_MOVEMENT	0.28569540033133584			
DER_IFN_ALPHA_RESPONSE_DN	0.2856880233152157			
MIR4700_5P	0.28568024591888025			
GO_DIGESTIVE_SYSTEM_PROCESS	0.285675104057279			
GSE15750_WT_VS_TRAF6KO_DAY10_EFF_CD8_TCELL_UP	0.28567304463445603			
GO_PROTON_TRANSPORTING_ATP_SYNTHASE_COMPLEX_ASSEMBLY	0.28565635793115157			
SNAPC4_TARGET_GENES	0.2856407484642929			
GO_CORECEPTOR_ACTIVITY_INVOLVED_IN_WNT_SIGNALING_PATHWAY_PLANAR_CELL_POLARITY_PATHWAY	0.28562216166620624			
MARTINEZ_RESPONSE_TO_TRABECTEDIN	0.28559687308907683			
GO_REGULATION_OF_DNA_DEMETHYLATION	0.2855891196282929			
MIR4740_3P	0.28556329010456843			
GO_COPPER_ION_HOMEOSTASIS	0.2855600107726275			
PBRM1_TARGET_GENES	0.2855219985695837			
GSE13411_NAIVE_VS_SWITCHED_MEMORY_BCELL_UP	0.28550515523901293			
GO_LAMELLAR_BODY	0.2855024710334761			
IPA_NEUROD6_UP	0.28550158542569903			
GO_SUCCINATE_METABOLIC_PROCESS	0.2854694649607502			
GO_NEGATIVE_REGULATION_OF_TRANSFORMING_GROWTH_FACTOR_BETA1_PRODUCTION	0.28546765261240986			
BIOCARTA_PPARA_PATHWAY	0.28545907735320836			
MYOD_Q6	0.28545896225527617			
GO_POSTSYNAPTIC_NEUROTRANSMITTER_RECEPTOR_ACTIVITY	0.285452019484667			
GO_REGULATION_OF_THYROID_HORMONE_GENERATION	0.2854459827137455			
NADERI_BREAST_CANCER_PROGNOSIS_UP	0.28540226780682815			
GO_ACYL_COA_DEHYDROGENASE_ACTIVITY	0.2853913196837526			
REN_ALVEOLAR_RHABDOMYOSARCOMA_UP	0.2853885278040199			
GO_VOLTAGE_GATED_SODIUM_CHANNEL_ACTIVITY_INVOLVED_IN_CARDIAC_MUSCLE_CELL_ACTION_POTENTIAL	0.28537184754261313			
LMTK3_TARGET_GENES	0.285370133282398			
SAENZ_DETOX_PATHWAY_AND_CARCINOGENESIS_DN	0.2853416473376842			
GO_POSITIVE_REGULATION_OF_RNA_SPLICING	0.28530545437736066			
IPA_TBP_UP	0.2853014631207723			
GO_ANION_TRANSPORT	0.2852991253200472			
QUINTENS_EMBRYONIC_BRAIN_RESPONSE_TO_IR	0.28529121136229907			
AMIT_SERUM_RESPONSE_240_MCF10A	0.28528825434879834			
HALLMARK_PROTEIN_SECRETION	0.2852757948841121			
GO_PROTEIN_LOCALIZATION_TO_CELL_JUNCTION	0.285275331664393			
BENPORATH_ES_CORE_NINE_CORRELATED	0.2852713513058949			
GO_SODIUM_ION_BINDING	0.2852641883355064			
REACTOME_TRANSPORT_OF_FATTY_ACIDS	0.2852592111518816			
GO_ALPHA_CATENIN_BINDING	0.2852513371953548			
GO_INNER_MITOCHONDRIAL_MEMBRANE_PROTEIN_COMPLEX	0.2852243010049447			
JISON_SICKLE_CELL_DISEASE_DN	0.28522021028609734			
ZNF740_TARGET_GENES	0.28519524466662005			
GSE7348_LPS_VS_TOLERIZED_AND_LPS_STIM_MACROPHAGE_UP	0.28518960259897574			
GO_LIPOXYGENASE_PATHWAY	0.2851654193695332			
GO_MICROFILAMENT_MOTOR_ACTIVITY	0.2851578959635098			
GSE9650_EFFECTOR_VS_EXHAUSTED_CD8_TCELL_DN	0.2851555463382082			
IPA_DLX5_DN	0.285141363196411			
IPA_SALL1_UP	0.285141363196411			
MIR4766_3P	0.28514063925305344			
GO_POSITIVE_REGULATION_OF_FATTY_ACID_BETA_OXIDATION	0.28511291916484277			
IPA_MEIS2_UP	0.2851119075638596			
GO_CELL_DEATH_IN_RESPONSE_TO_HYDROGEN_PEROXIDE	0.2851087129846548			
GSE4811_CLASSSICALY_ACTIVATED_VS_TYPE_2_ACTIVATED_MACROPHAGE_DN	0.2851031354650853			
GO_CALCIUM_DEPENDENT_PHOSPHOLIPID_BINDING	0.28507245317616786			
GO_INTERMEDIATE_FILAMENT_BINDING	0.28503565637162087			
RIZKI_TUMOR_INVASIVENESS_2D_DN	0.28503373228610995			
GO_REGULATION_OF_ARACHIDONIC_ACID_SECRETION	0.2850086387605007			
FISCHER_DIRECT_P53_TARGETS_META_ANALYSIS	0.285007503517628			
GO_COCHLEA_DEVELOPMENT	0.28498619248719315			
BURTON_ADIPOGENESIS_PEAK_AT_24HR	0.28497741173705765			
GO_MITOCHONDRIAL_MEMBRANE_ORGANIZATION	0.28497483557785797			
GSE32423_IL7_VS_IL7_IL4_MEMORY_CD8_TCELL_DN	0.28497396593510793			
GO_ENERGY_HOMEOSTASIS	0.28496708021963			
GGCKCATGS_UNKNOWN	0.28496073803881933			
GO_COPII_COATED_VESICLE_BUDDING	0.28495064222380156			
NFY_01	0.2849503599717981			
GO_MORPHOGENESIS_OF_AN_EPITHELIAL_FOLD	0.284947941421737			
GO_NEGATIVE_REGULATION_OF_MITOCHONDRIAL_OUTER_MEMBRANE_PERMEABILIZATION_INVOLVED_IN_APOPTOTIC_SIGNALING_PATHWAY	0.2849287826801105			
GO_ANOIKIS	0.28491402339740973			
GO_GLYCEROLIPID_METABOLIC_PROCESS	0.2849052906559804			
ELK1_02	0.28490458525218			
GO_OXIDOREDUCTASE_ACTIVITY_ACTING_ON_THE_CH_CH_GROUP_OF_DONORS_NAD_OR_NADP_AS_ACCEPTOR	0.28489091256522275			
GO_NEURONAL_ACTION_POTENTIAL	0.28488334271633464			
GO_SMALL_MOLECULE_BIOSYNTHETIC_PROCESS	0.28487286379746884			
REACTOME_SYNTHESIS_OF_PE	0.28485463490609053			
GO_REGULATION_OF_PRESYNAPTIC_MEMBRANE_POTENTIAL	0.2848436187963942			
GO_COFACTOR_METABOLIC_PROCESS	0.28484196978395226			
GO_MAMMARY_GLAND_DEVELOPMENT	0.2848390550802058			
GO_CELLULAR_RESPONSE_TO_CORTICOSTEROID_STIMULUS	0.2848332454452366			
MIR6893_5P	0.28478545105557723			
GO_INTERMEMBRANE_LIPID_TRANSFER	0.2847673935300335			
GO_ETHANOL_METABOLIC_PROCESS	0.28474526595273614			
RORIE_TARGETS_OF_EWSR1_FLI1_FUSION_DN	0.28474442876388734			
GO_POSITIVE_REGULATION_OF_PROTEIN_EXIT_FROM_ENDOPLASMIC_RETICULUM	0.28472544937975763			
GO_EUKARYOTIC_TRANSLATION_INITIATION_FACTOR_4F_COMPLEX	0.28472487017353015			
MIR4707_5P	0.2847123208235394			
IPA_EOMES_DN	0.28465844739345264			
GSE7460_CTRL_VS_TGFB_TREATED_ACT_FOXP3_HET_TCONV_DN	0.2846307322525212			
BIOCARTA_FOSB_PATHWAY	0.2846302278087025			
GO_VOLTAGE_GATED_POTASSIUM_CHANNEL_ACTIVITY_INVOLVED_IN_CARDIAC_MUSCLE_CELL_ACTION_POTENTIAL_REPOLARIZATION	0.28461632622365907			
GO_ATPASE_COUPLED_INTRAMEMBRANE_LIPID_TRANSPORTER_ACTIVITY	0.2846159092006838			
GO_ELECTRON_TRANSFER_ACTIVITY	0.2846146935102419			
GO_CHROMATIN	0.28461016543264667			
GSE26351_UNSTIM_VS_BMP_PATHWAY_STIM_HEMATOPOIETIC_PROGENITORS_DN	0.2845845638196975			
NFKBIA_TARGET_GENES	0.28455315430411005			
SYATTGTG_UNKNOWN	0.2845471418295114			
REACTOME_ABC_TRANSPORTERS_IN_LIPID_HOMEOSTASIS	0.2845208985617521			
GO_GLOMERULAR_BASEMENT_MEMBRANE_DEVELOPMENT	0.28451734666004774			
GO_NEUROTRANSMITTER_RECEPTOR_ACTIVITY	0.2845013988566892			
GO_SELENIUM_COMPOUND_METABOLIC_PROCESS	0.28449418164079177			
GO_SODIUM_ION_HOMEOSTASIS	0.2844935139210768			
KYNG_ENVIRONMENTAL_STRESS_RESPONSE_NOT_BY_GAMMA_IN_WS	0.28448083734552837			
IPA_MSLN_UP	0.2844616767075247			
GSE15930_STIM_VS_STIM_AND_IL12_72H_CD8_T_CELL_DN	0.28444565595698607			
MIR5787	0.28444522554665974			
GSE9509_LPS_VS_LPS_AND_IL10_STIM_IL10_KO_MACROPHAGE_20MIN_UP	0.2844308293461575			
MIR4260	0.28442396285677213			
GO_MRNA_CIS_SPLICING_VIA_SPLICEOSOME	0.28440802252176545			
SCIAN_CELL_CYCLE_TARGETS_OF_TP53_AND_TP73_UP	0.28437967418947224			
IPA_HNF4A_UP	0.2843643505369484			
VALK_AML_CLUSTER_3	0.2843641432093518			
GO_INORGANIC_ANION_TRANSMEMBRANE_TRANSPORT	0.2843623818285647			
GO_POSITIVE_REGULATION_OF_AUTOPHAGOSOME_ASSEMBLY	0.28436037471535286			
GSE37534_GW1929_VS_ROSIGLITAZONE_TREATED_CD4_TCELL_PPARG1_FOXP3_TRANSDUCED_UP	0.2843499144140675			
GO_PROTEIN_LOCALIZATION_TO_CELL_CORTEX	0.28434893245397114			
GO_ER_RETENTION_SEQUENCE_BINDING	0.28433347986783386			
REACTOME_NEUROTOXICITY_OF_CLOSTRIDIUM_TOXINS	0.28433086325924267			
KIM_ALL_DISORDERS_DURATION_CORR_DN	0.2843238721820723			
GSE33162_HDAC3_KO_VS_HDAC3_KO_MACROPHAGE_UP	0.2843065366431943			
REACTOME_SHC1_EVENTS_IN_ERBB4_SIGNALING	0.284291131501238			
GO_POSITIVE_REGULATION_OF_PROTEIN_LOCALIZATION_TO_CELL_PERIPHERY	0.28427173964819885			
SESTO_RESPONSE_TO_UV_C5	0.2842553491311873			
GO_ORGANIC_ACID_METABOLIC_PROCESS	0.28424215800459013			
GSE8621_LPS_STIM_VS_LPS_PRIMED_AND_LPS_STIM_MACROPHAGE_UP	0.284240566655172			
RAX2_TARGET_GENES	0.2842275518920504			
GO_THIOESTER_METABOLIC_PROCESS	0.2841838166839584			
GSE22935_UNSTIM_VS_48H_MBOVIS_BCG_STIM_MACROPHAGE_UP	0.2841706217646953			
MIDORIKAWA_AMPLIFIED_IN_LIVER_CANCER	0.28412577993061267			
GO_REGULATION_OF_CARDIAC_CONDUCTION	0.28411964917867627			
GO_DIAPHRAGM_DEVELOPMENT	0.28411725243608693			
GSE31082_DP_VS_CD4_SP_THYMOCYTE_UP	0.28411405056072175			
GO_MRNA_PROCESSING	0.28408991005286305			
GO_CHOLINE_CATABOLIC_PROCESS	0.28408152346271703			
GSE15330_LYMPHOID_MULTIPOTENT_VS_GRANULOCYTE_MONOCYTE_PROGENITOR_IKAROS_KO_UP	0.2840802614439613			
WAKABAYASHI_ADIPOGENESIS_PPARG_BOUND_8D	0.28407494910467296			
MIR6793_3P	0.28404873757906374			
GO_OXIDOREDUCTASE_ACTIVITY_ACTING_ON_NAD_P_H	0.2840427711722477			
CRX_NRL_DN.V1_UP	0.28403875747224455			
REACTOME_ACTIVATED_PKN1_STIMULATES_TRANSCRIPTION_OF_AR_ANDROGEN_RECEPTOR_REGULATED_GENES_KLK2_AND_KLK3	0.2840297319558274			
MIR7706	0.2840067263463958			
REACTOME_EPH_EPHRIN_MEDIATED_REPULSION_OF_CELLS	0.28400649406581796			
GO_VESICLE_MEDIATED_TRANSPORT_BETWEEN_ENDOSOMAL_COMPARTMENTS	0.2839943043301087			
GO_POSITIVE_REGULATION_OF_MRNA_PROCESSING	0.2839617497585076			
REACTOME_HS_GAG_DEGRADATION	0.2839535817651516			
GO_REGULATION_OF_HISTONE_METHYLATION	0.28395329366224714			
GO_ISOPRENOID_CATABOLIC_PROCESS	0.2839041596614929			
GSE29618_PRE_VS_DAY7_FLU_VACCINE_PDC_UP	0.2839038096737164			
GSE27786_CD4_TCELL_VS_NEUTROPHIL_DN	0.28388693327861797			
GO_PHOSPHATIDYLETHANOLAMINE_BIOSYNTHETIC_PROCESS	0.28387676171578574			
REACTOME_RHO_GTPASES_ACTIVATE_RHOTEKIN_AND_RHOPHILINS	0.2838696232010376			
GO_RESPONSE_TO_SALT	0.28386354505515593			
GO_NEGATIVE_REGULATION_OF_CELL_PROLIFERATION_INVOLVED_IN_KIDNEY_DEVELOPMENT	0.2838590896790615			
KIM_RESPONSE_TO_TSA_AND_DECITABINE_DN	0.28379685364305857			
MIR4501	0.2837778430133564			
ID2_TARGET_GENES	0.2837617489560383			
GO_BRANCHING_INVOLVED_IN_PROSTATE_GLAND_MORPHOGENESIS	0.28375464074306794			
GO_CELL_FATE_DETERMINATION	0.28372938864028274			
GO_PHOSPHATIDYLINOSITOL_4_PHOSPHATE_BINDING	0.28369412221978135			
GSE27786_LIN_NEG_VS_CD4_TCELL_UP	0.2836742541191314			
GO_POLYOL_TRANSMEMBRANE_TRANSPORTER_ACTIVITY	0.2836474700300096			
GO_BRUSH_BORDER	0.28364144915033396			
GO_POSITIVE_REGULATION_OF_HEXOKINASE_ACTIVITY	0.2836378304571878			
GO_CALCIUM_ION_EXPORT_ACROSS_PLASMA_MEMBRANE	0.2836331249469234			
SREBP1_Q6	0.2836173880004346			
GO_ORGANIC_CATION_TRANSMEMBRANE_TRANSPORTER_ACTIVITY	0.28360662489156313			
IPA_PITX1_DN	0.28359007710732925			
IPA_ACTL6A_UP	0.28359007710732925			
IPA_SMARCE1_UP	0.28359007710732925			
REACTOME_HCMV_LATE_EVENTS	0.28353678220769274			
GO_SMALL_MOLECULE_METABOLIC_PROCESS	0.2835219772437818			
GO_PROTON_TRANSPORTING_ATP_SYNTHASE_COMPLEX_CATALYTIC_CORE_F_1	0.2835157349599983			
RYBP_TARGET_GENES	0.2835055686042968			
GO_CELL_FATE_SPECIFICATION	0.28349774662510346			
FURUKAWA_DUSP6_TARGETS_PCI35_UP	0.2834794620294977			
GO_OXIDOREDUCTASE_ACTIVITY_ACTING_ON_A_HEME_GROUP_OF_DONORS	0.28343096226638687			
CEBPDELTA_Q6	0.2834273853069464			
BIOCARTA_MAPK_PATHWAY	0.2834236541566606			
GO_ESTABLISHMENT_OR_MAINTENANCE_OF_TRANSMEMBRANE_ELECTROCHEMICAL_GRADIENT	0.28341240214310764			
REACTOME_SEROTONIN_NEUROTRANSMITTER_RELEASE_CYCLE	0.28340421526789483			
DE_YY1_TARGETS_UP	0.2833965306606919			
BOYLAN_MULTIPLE_MYELOMA_D_CLUSTER_UP	0.2833942234594134			
MIR4306	0.28334573513877787			
GO_REGULATION_OF_TRANSLATIONAL_INITIATION_BY_EIF2_ALPHA_PHOSPHORYLATION	0.28332217891885453			
AUNG_GASTRIC_CANCER	0.2833142820717268			
ZSCAN5DP_TARGET_GENES	0.28327939697918525			
GO_LYSOSOMAL_LUMEN_ACIDIFICATION	0.2832729849207947			
GO_EPITHELIAL_CELL_DEVELOPMENT	0.2832486125962554			
IPA_SMARCC1_DN	0.28323809241416575			
GO_CELL_CELL_JUNCTION	0.2832293960806401			
GO_TRANSCRIPTION_COACTIVATOR_BINDING	0.2831682525450317			
KEGG_GLYCOSYLPHOSPHATIDYLINOSITOL_GPI_ANCHOR_BIOSYNTHESIS	0.2831603446604063			
GO_INTESTINAL_LIPID_ABSORPTION	0.2831475555861691			
SERVITJA_LIVER_HNF1A_TARGETS_UP	0.2831228262253688			
GO_ENDODEOXYRIBONUCLEASE_ACTIVITY_PRODUCING_5_PHOSPHOMONOESTERS	0.28311806085673213			
GO_SUBSTRATE_DEPENDENT_CELL_MIGRATION_CELL_EXTENSION	0.2830932725792753			
IPA_PRRX1_DN	0.28308917814109374			
KORKOLA_EMBRYONIC_CARCINOMA_VS_SEMINOMA_UP	0.28306696977871315			
GO_NEGATIVE_REGULATION_OF_DENDRITE_MORPHOGENESIS	0.28303921492280276			
GSE22886_NAIVE_CD4_TCELL_VS_NKCELL_UP	0.2830346559382749			
GO_PLACENTA_BLOOD_VESSEL_DEVELOPMENT	0.28300956300388974			
GSE20151_CTRL_VS_FUSOBACT_NUCLEATUM_NEUTROPHIL_UP	0.28300823562152283			
GSE13411_NAIVE_VS_IGM_MEMORY_BCELL_DN	0.2830015813656718			
GO_PEPTIDE_DISULFIDE_OXIDOREDUCTASE_ACTIVITY	0.2829777683304608			
BIOCARTA_P53HYPOXIA_PATHWAY	0.2829301948518298			
GSE8685_IL2_ACT_IL2_STARVED_VS_IL21_ACT_IL2_STARVED_CD4_TCELL_DN	0.28290427328131085			
STK33_SKM_DN	0.2828790475472288			
GO_VOLTAGE_GATED_SODIUM_CHANNEL_COMPLEX	0.2828677680432314			
GO_RAGULATOR_COMPLEX	0.28286086445273073			
GO_ACETYLCHOLINE_METABOLIC_PROCESS	0.2828405076163668			
GO_PEPTIDE_CROSS_LINKING_VIA_CHONDROITIN_4_SULFATE_GLYCOSAMINOGLYCAN	0.28283113342026356			
BOYAULT_LIVER_CANCER_SUBCLASS_G12_DN	0.28282327344129277			
PID_NETRIN_PATHWAY	0.28274683076851886			
chr15q15	0.28273438588667876			
GO_SCHWANN_CELL_DIFFERENTIATION	0.28272990270264997			
GO_BIOLOGICAL_PHASE	0.2827185972090599			
GO_REGULATION_OF_TELOMERASE_ACTIVITY	0.2827169196105579			
DUTERTRE_ESTRADIOL_RESPONSE_6HR_DN	0.28271656003599493			
GSE29614_CTRL_VS_DAY7_TIV_FLU_VACCINE_PBMC_UP	0.2826929495206658			
ARGGGTTAA_UNKNOWN	0.2826783076805317			
AR_01	0.28265427479211513			
GO_SPERM_HEAD	0.2826321185623729			
VANHARANTA_UTERINE_FIBROID_WITH_7Q_DELETION_UP	0.2826145520494022			
ZNF329_TARGET_GENES	0.28260439277402044			
GSE14769_UNSTIM_VS_40MIN_LPS_BMDM_UP	0.2826000006707272			
BARHL1_TARGET_GENES	0.28256706733196496			
GO_LIPID_BINDING	0.2825556100729004			
GO_CENTRIOLE_ELONGATION	0.2825397903041192			
GSE22611_MUTANT_NOD2_TRANSDUCED_VS_CTRL_HEK293T_STIMULATED_WITH_MDP_6H_DN	0.2825014649379886			
GO_CERAMIDE_1_PHOSPHATE_BINDING	0.28249283150489546			
GO_PHOSPHORYLASE_KINASE_COMPLEX	0.2824660487142241			
GO_PHOSPHORYLASE_KINASE_ACTIVITY	0.2824660487142241			
IPA_OTX1_UP	0.2824634903385372			
IPA_HAND2_DN	0.2824466572204817			
GO_BASE_EXCISION_REPAIR_AP_SITE_FORMATION	0.28244055553059483			
MOREAUX_MULTIPLE_MYELOMA_BY_TACI_UP	0.2824128336119814			
KEGG_BASAL_CELL_CARCINOMA	0.2824100906240001			
GO_LONG_CHAIN_FATTY_ACID_BIOSYNTHETIC_PROCESS	0.28240554768706794			
GSE15659_RESTING_VS_ACTIVATED_TREG_UP	0.28240465283766897			
IPA_PGR_UP	0.2823999478345877			
GO_FILTRATION_DIAPHRAGM	0.282393012333533			
GSE17721_PAM3CSK4_VS_GADIQUIMOD_24H_BMDC_UP	0.2823875525432881			
ZNF563_TARGET_GENES	0.2823844712579757			
GO_POTASSIUM_ION_BINDING	0.2823717455780913			
ATGTAGC_MIR221_MIR222	0.28236137423836455			
GO_REGULATION_OF_CIRCADIAN_SLEEP_WAKE_CYCLE	0.2823489050331336			
DACOSTA_UV_RESPONSE_VIA_ERCC3_TTD_UP	0.28233484155496			
GO_POSITIVE_REGULATION_OF_GLUCOSE_METABOLIC_PROCESS	0.28231790075573127			
REACTOME_HIGHLY_SODIUM_PERMEABLE_POSTSYNAPTIC_ACETYLCHOLINE_NICOTINIC_RECEPTORS	0.2823155879423067			
GO_CELL_CELL_CONTACT_ZONE	0.28231238958785354			
GO_POSITIVE_REGULATION_OF_INTRACELLULAR_PROTEIN_TRANSPORT	0.28231006391965213			
FLOTHO_PEDIATRIC_ALL_THERAPY_RESPONSE_DN	0.28228989687438916			
CRGAARNNNNCGA_UNKNOWN	0.28228877036612204			
LI_WILMS_TUMOR_VS_FETAL_KIDNEY_1_UP	0.2822841169242561			
ZNF157_TARGET_GENES	0.28227563035723174			
LIU_TOPBP1_TARGETS	0.28225348403106243			
GO_CARDIAC_MUSCLE_CELL_CONTRACTION	0.2822481656461401			
GSE5589_UNSTIM_VS_180MIN_LPS_STIM_MACROPHAGE_UP	0.2822368694126939			
AGUIRRE_PANCREATIC_CANCER_COPY_NUMBER_UP	0.2822270551360784			
GO_NEGATIVE_REGULATION_OF_DENDRITE_DEVELOPMENT	0.2822143016265743			
MIR6804_5P	0.2822064938739462			
GO_REGULATION_OF_PROTEIN_LOCALIZATION_TO_PLASMA_MEMBRANE	0.2821980515989329			
YAMASHITA_LIVER_CANCER_STEM_CELL_DN	0.28217173233554627			
GO_SAM_COMPLEX	0.2821665107851852			
MOOTHA_VOXPHOS	0.28214730396834453			
MASSARWEH_TAMOXIFEN_RESISTANCE_DN	0.2821333674369956			
GO_POSITIVE_REGULATION_OF_VASCULAR_ENDOTHELIAL_GROWTH_FACTOR_SIGNALING_PATHWAY	0.28212971406839066			
GO_RESPONSE_TO_CALCIUM_ION	0.28212247484856845			
NIKOLSKY_BREAST_CANCER_11Q12_Q14_AMPLICON	0.28212130578147115			
HOFFMAN_CLOCK_TARGETS_UP	0.28211459838719205			
GO_SYNAPTIC_VESICLE_MATURATION	0.2821093374278502			
GO_PROTEIN_LOCALIZATION_TO_GOLGI_APPARATUS	0.28210883560423833			
GO_NEGATIVE_REGULATION_OF_NEUROBLAST_PROLIFERATION	0.28210572537044			
GO_MITOCHONDRIAL_OUTER_MEMBRANE_PERMEABILIZATION	0.2820947253630874			
REACTOME_UNBLOCKING_OF_NMDA_RECEPTORS_GLUTAMATE_BINDING_AND_ACTIVATION	0.2820879126819492			
KEGG_GLYCINE_SERINE_AND_THREONINE_METABOLISM	0.28208299505525697			
MIKKELSEN_MCV6_HCP_WITH_H3K27ME3	0.2820754069448772			
GO_RESPONSE_TO_INDOLE_3_METHANOL	0.2820674298166551			
GSE24972_MARGINAL_ZONE_BCELL_VS_FOLLICULAR_BCELL_UP	0.2820633341029844			
KCCGNSWTTT_UNKNOWN	0.28205842483377397			
ZFP69B_TARGET_GENES	0.28205740530963425			
SP1_Q6	0.2820465828826467			
GO_SERTOLI_CELL_DIFFERENTIATION	0.2820318583231566			
GSE1740_UNSTIM_VS_IFNA_STIMULATED_MCSF_DERIVED_MACROPHAGE_UP	0.28200679590069494			
GO_SYNAPTIC_GROWTH_AT_NEUROMUSCULAR_JUNCTION	0.2820041380165855			
GO_LYMPHOID_PROGENITOR_CELL_DIFFERENTIATION	0.28200349642736344			
IPA_NKX3-2_UP	0.2819904535324225			
GO_CHROMATIN_SILENCING_AT_RDNA	0.2819870711915105			
REACTOME_NEURONAL_SYSTEM	0.28198420628541754			
GO_RUFFLE_ASSEMBLY	0.28197960374460346			
GO_OXALOACETATE_METABOLIC_PROCESS	0.2819675150063327			
GO_CALCIUM_DEPENDENT_PROTEIN_SERINE_THREONINE_PHOSPHATASE_ACTIVITY	0.2819491688534789			
GO_AUTOCRINE_SIGNALING	0.2819357156093922			
RAFFEL_VEGFA_TARGETS_UP	0.2819065288027172			
GO_PSEUDOPODIUM_ORGANIZATION	0.28188028870251547			
HOLLEMAN_PREDNISOLONE_RESISTANCE_B_ALL_UP	0.2818647310721169			
IPA_ENO1_UP	0.28185138637170637			
MIR7155_5P	0.2818390521131793			
GO_NEGATIVE_REGULATION_OF_STEM_CELL_DIFFERENTIATION	0.2818179494201415			
GO_GLYCOPROTEIN_COMPLEX	0.28180689830909184			
IPA_CDK1_UP	0.28179351822644233			
REACTOME_SEROTONIN_AND_MELATONIN_BIOSYNTHESIS	0.2817902174417498			
GO_TOLL_LIKE_RECEPTOR_BINDING	0.28175329904508123			
GO_BBSOME	0.2817514186271598			
GO_HISTONE_DEACETYLATION	0.2817471572154241			
MIR6852_5P	0.28173694184317655			
IPA_GTF2I_DN	0.2817188951825312			
GO_AXONAL_GROWTH_CONE	0.2816943631677069			
GO_INTERLEUKIN_18_MEDIATED_SIGNALING_PATHWAY	0.28166913288661655			
COLLER_MYC_TARGETS_UP	0.2816360724936504			
GO_CELL_AGGREGATION	0.281634585485371			
MIR548AL	0.28162166816466505			
IPA_NCOA3_UP	0.2815842339849883			
GO_RESPONSE_TO_MANGANESE_ION	0.2815650177719735			
GO_INORGANIC_ANION_TRANSMEMBRANE_TRANSPORTER_ACTIVITY	0.2815261336674723			
MIR601	0.2815235643795785			
ZBTB12_TARGET_GENES	0.28151360063587216			
GO_REGULATION_OF_SKELETAL_MUSCLE_ADAPTATION	0.28151084323943354			
GSE11057_CD4_EFF_MEM_VS_PBMC_UP	0.2815031708564663			
GO_EPITHELIAL_TUBE_FORMATION	0.28149362926984317			
MIR3130_5P	0.28148535922088397			
CAGCCTC_MIR4855P	0.2814837517714266			
MIR5088_3P	0.2814624275252474			
MIR149_3P	0.2814283164447201			
GO_EMBRYONIC_SKELETAL_JOINT_DEVELOPMENT	0.28142128488949686			
GSE19888_ADENOSINE_A3R_INH_VS_INH_PRETREAT_AND_ACT_WITH_TCELL_MEMBRANES_MAST_CELL_DN	0.2814050545121212			
MIKKELSEN_MEF_LCP_WITH_H3K27ME3	0.2814036106796943			
GO_AMYLOID_PRECURSOR_PROTEIN_CATABOLIC_PROCESS	0.2813985732898853			
IPA_MLXIPL_UP	0.2813786516357282			
GO_ALDITOL_NADPPLUS_1_OXIDOREDUCTASE_ACTIVITY	0.2813780521747715			
KONDO_COLON_CANCER_HCP_WITH_H3K27ME3	0.2813471253579052			
E2F_02	0.28133718673404995			
GO_POSITIVE_REGULATION_OF_EPIDERMAL_GROWTH_FACTOR_ACTIVATED_RECEPTOR_ACTIVITY	0.2813321753555958			
GSE45365_NK_CELL_VS_CD8A_DC_DN	0.28132012765826114			
GO_RNA_POLYMERASE_I_REGULATORY_REGION_DNA_BINDING	0.2813177729008388			
GSE17721_CPG_VS_GARDIQUIMOD_12H_BMDC_DN	0.28131736821791764			
GO_RESPONSE_TO_STARVATION	0.28131073651116273			
GO_PURINE_NUCLEOSIDE_CATABOLIC_PROCESS	0.28130148468752236			
GO_NUCLEOBASE_CONTAINING_COMPOUND_TRANSMEMBRANE_TRANSPORTER_ACTIVITY	0.2812974777691634			
GO_REGULATION_OF_EXOSOMAL_SECRETION	0.2812964697422543			
GATGKMRGCG_UNKNOWN	0.28129616558186044			
DOANE_RESPONSE_TO_ANDROGEN_DN	0.2812959338264644			
GO_ALVEOLAR_LAMELLAR_BODY	0.28128562870484974			
IPA_MLX_UP	0.2812638913376212			
GO_CATENIN_COMPLEX	0.28125583981122143			
GO_OXIDOREDUCTASE_ACTIVITY_ACTING_ON_NAD_P_H_QUINONE_OR_SIMILAR_COMPOUND_AS_ACCEPTOR	0.2812407273952755			
GSE5542_IFNA_VS_IFNA_AND_IFNG_TREATED_EPITHELIAL_CELLS_6H_DN	0.2812340477145547			
GO_POSITIVE_REGULATION_OF_STRESS_FIBER_ASSEMBLY	0.28123038368462266			
GO_NEUROTRANSMITTER_TRANSPORT	0.28121433574937565			
KIM_LIVER_CANCER_POOR_SURVIVAL_DN	0.2812085173516485			
MIR940	0.2811985559592031			
IPA_HNF1A_UP	0.2811908293275448			
GSE24142_DN2_VS_DN3_THYMOCYTE_FETAL_DN	0.28118475311854174			
GO_MODULATION_OF_EXCITATORY_POSTSYNAPTIC_POTENTIAL	0.28117831145773436			
KEGG_TASTE_TRANSDUCTION	0.28117369292233413			
GO_NEGATIVE_REGULATION_OF_ARP2_3_COMPLEX_MEDIATED_ACTIN_NUCLEATION	0.28117069430189395			
BROWNE_HCMV_INFECTION_18HR_UP	0.28115906650316436			
GO_REGULATION_OF_HISTONE_DEACETYLATION	0.28115550335856204			
IPA_SULT2A1_DN	0.28114610412033386			
KYNG_ENVIRONMENTAL_STRESS_RESPONSE_NOT_BY_4NQO_IN_OLD	0.28114497335607946			
REACTOME_RUNX1_INTERACTS_WITH_CO_FACTORS_WHOSE_PRECISE_EFFECT_ON_RUNX1_TARGETS_IS_NOT_KNOWN	0.2811373587878518			
GO_POSITIVE_REGULATION_OF_MAMMARY_GLAND_EPITHELIAL_CELL_PROLIFERATION	0.2811271537690449			
HES4_TARGET_GENES	0.28112491395920797			
GO_FATTY_ACID_BIOSYNTHETIC_PROCESS	0.2811220665366312			
GO_NEGATIVE_REGULATION_OF_GLIAL_CELL_DIFFERENTIATION	0.28111335806963456			
JIANG_AGING_HYPOTHALAMUS_DN	0.28109442722290295			
GO_POSTSYNAPTIC_RECYCLING_ENDOSOME	0.2810867975139398			
IPA_ESRRA_UP	0.2810745626922622			
GO_EMBRYONIC_SKELETAL_JOINT_MORPHOGENESIS	0.2810623119581167			
GO_TESTOSTERONE_DEHYDROGENASE_NADPLUS_ACTIVITY	0.28104851167842887			
NF1_Q6	0.28103044461533255			
GO_NEGATIVE_REGULATION_OF_HISTONE_DEACETYLATION	0.28100666132330354			
GO_GASTRIC_EMPTYING	0.28099823015376973			
GO_REGULATION_OF_HEART_RATE_BY_CHEMICAL_SIGNAL	0.2809793057035522			
GSE29618_PRE_VS_DAY7_POST_TIV_FLU_VACCINE_PDC_UP	0.2809779149456444			
GSE23505_UNTREATED_VS_4DAY_IL6_IL1_TREATED_CD4_TCELL_DN	0.28095101217899393			
PID_FOXO_PATHWAY	0.2809486421992797			
KARLSSON_TGFB1_TARGETS_DN	0.2809176373813106			
GO_CALCIUM_DEPENDENT_PROTEIN_BINDING	0.2809058788452863			
GCNP_SHH_UP_LATE.V1_DN	0.2809049932140046			
GO_RESPIRASOME	0.28089715774197466			
MIR7109_3P	0.2808941343072215			
GO_TRACHEA_CARTILAGE_DEVELOPMENT	0.2808842167333876			
MIR4445_3P	0.2808820876277193			
REACTOME_ATTACHMENT_OF_GPI_ANCHOR_TO_UPAR	0.2808453180919274			
GO_REGULATION_OF_PROSTATIC_BUD_FORMATION	0.2808139633520008			
MIR3688_5P	0.28079877775893564			
REACTOME_ANDROGEN_BIOSYNTHESIS	0.2807966443920811			
GO_ALCOHOL_METABOLIC_PROCESS	0.28078839200194694			
WOOD_EBV_EBNA1_TARGETS_UP	0.2807799308890878			
IPA_ZNF85_UP	0.2807743477307676			
IPA_ZNF665_UP	0.2807743477307676			
GO_RECEPTOR_CATABOLIC_PROCESS	0.28077207706320156			
DAZARD_UV_RESPONSE_CLUSTER_G24	0.28076269390373687			
GO_HYPOGLYCIN_A_GAMMA_GLUTAMYL_TRANSPEPTIDASE_ACTIVITY	0.28075909313328745			
chr13q22	0.28073151979213273			
GO_COMMON_BILE_DUCT_DEVELOPMENT	0.2807064646177985			
MIR6836_5P	0.28069087305431106			
GO_UBIQUINONE_BINDING	0.28067219399985616			
IPA_ID1_UP	0.28066961027313725			
GTAGGCA_MIR189	0.2806479868438432			
GO_SPLICEOSOMAL_CONFORMATIONAL_CHANGES_TO_GENERATE_CATALYTIC_CONFORMATION	0.2806473599539966			
GO_MICROTUBULE_BUNDLE_FORMATION	0.28062646349727055			
GO_ENDORIBONUCLEASE_COMPLEX	0.28061395145415974			
GO_POSITIVE_REGULATION_OF_STEROL_TRANSPORT	0.2806106511400762			
IPA_FOXC2_DN	0.28058891277300624			
GO_MORPHOGENESIS_OF_AN_EPITHELIUM	0.2805860998019234			
GO_DOPAMINERGIC_SYNAPSE	0.28055318100241244			
GO_COSTAMERE	0.2805485734928109			
MIR4462	0.2805323364832949			
GO_PEPTIDE_HORMONE_SECRETION	0.2805238943508405			
GO_SPONTANEOUS_SYNAPTIC_TRANSMISSION	0.2805193136593034			
MIR6763_5P	0.2805126627035619			
GSE42021_TCONV_PLN_VS_CD24HI_TCONV_THYMUS_DN	0.2804933468350258			
MIR4790_5P	0.2804914738259052			
IPA_MEF2C_UP	0.2804797681527586			
GO_REGULATION_OF_INTRINSIC_APOPTOTIC_SIGNALING_PATHWAY	0.2804211822201949			
GO_RESPONSE_TO_IMMOBILIZATION_STRESS	0.2804210681850514			
GO_NEGATIVE_REGULATION_OF_WNT_SIGNALING_PATHWAY	0.2804101739666917			
GO_POSITIVE_REGULATION_OF_PROTEIN_TYROSINE_KINASE_ACTIVITY	0.2803940592362416			
chr1p34	0.28038384261599075			
GO_GLIAL_CELL_FATE_SPECIFICATION	0.2803732914200497			
REACTOME_DEGRADATION_OF_CYSTEINE_AND_HOMOCYSTEINE	0.28033548715489043			
T3R_Q6	0.2803027918642443			
GO_BRAINSTEM_DEVELOPMENT	0.2802954857317764			
GO_ORGANOPHOSPHATE_BIOSYNTHETIC_PROCESS	0.2802953436078341			
GO_PROTEIN_GLUTAMIC_ACID_LIGASE_ACTIVITY	0.28029351015835025			
GO_VITAMIN_BINDING	0.28029322340919816			
KEGG_PYRUVATE_METABOLISM	0.2802711977210507			
GO_DETECTION_OF_CHEMICAL_STIMULUS_INVOLVED_IN_SENSORY_PERCEPTION_OF_TASTE	0.28025816241249507			
GO_GLYCINE_METABOLIC_PROCESS	0.2802242624715517			
RAMASWAMY_METASTASIS_UP	0.2801955959174774			
GO_LIGASE_ACTIVITY	0.28018280976864074			
GO_VITAMIN_D_RECEPTOR_BINDING	0.2801649296087391			
GO_SHORT_CHAIN_FATTY_ACID_CATABOLIC_PROCESS	0.2801503139620798			
DORN_ADENOVIRUS_INFECTION_32HR_UP	0.2801290213775936			
GO_ATP_DEPENDENT_MICROTUBULE_MOTOR_ACTIVITY	0.2801246564323353			
GSE43955_TH0_VS_TGFB_IL6_TH17_ACT_CD4_TCELL_60H_DN	0.2800993485864258			
GO_SKELETAL_MUSCLE_SATELLITE_CELL_DIFFERENTIATION	0.2800982283210605			
GO_LIPID_LOCALIZATION	0.28009664835989445			
PID_IGF1_PATHWAY	0.28006603186211204			
GO_NEUROPEPTIDE_SIGNALING_PATHWAY	0.2800472880980868			
GO_REGULATION_OF_NEURON_MIGRATION	0.2800441885478012			
GO_RETROGRADE_NEURONAL_DENSE_CORE_VESICLE_TRANSPORT	0.2800217698125853			
GO_PHOSPHATIDYLINOSITOL_PHOSPHATE_BINDING	0.28001273080090844			
MIR1908_5P	0.27998361899881485			
REACTOME_GLYOXYLATE_METABOLISM_AND_GLYCINE_DEGRADATION	0.2799583032992969			
REACTOME_SYNTHESIS_OF_EPOXY_EET_AND_DIHYDROXYEICOSATRIENOIC_ACIDS_DHET	0.27993584501688584			
GO_REGULATION_OF_PROTEIN_GLYCOSYLATION	0.27988761589878447			
GO_CELLULAR_RESPONSE_TO_CAMP	0.2798786323638897			
MURATA_VIRULENCE_OF_H_PILORI	0.27985898390903835			
MIR5088_5P	0.2798395568731059			
GO_EYELID_DEVELOPMENT_IN_CAMERA_TYPE_EYE	0.27981182377994174			
GO_IODIDE_TRANSPORT	0.2797570612470582			
KYNG_NORMAL_AGING_UP	0.27974268141013897			
GO_PROLACTIN_SECRETION	0.2796824853869027			
CCAR2_TARGET_GENES	0.2796768621147			
WILLIAMS_ESR1_TARGETS_DN	0.27967177154324363			
GO_ENDOPLASMIC_RETICULUM_EXIT_SITE	0.27967000553736454			
GO_DOPAMINE_TRANSPORT	0.2796654563675924			
GO_AXON_CHOICE_POINT_RECOGNITION	0.27960953099255476			
GSE17974_IL4_AND_ANTI_IL12_VS_UNTREATED_6H_ACT_CD4_TCELL_UP	0.2796002029761072			
MIR3922_5P	0.27959219958554765			
GO_HEME_TRANSPORT	0.279582500327157			
GO_PHOSPHOPROTEIN_BINDING	0.27956995613481633			
GO_HISTONE_H4_ACETYLATION	0.27956935467220084			
GO_NEGATIVE_REGULATION_OF_RECEPTOR_CATABOLIC_PROCESS	0.27956635316594797			
GO_STRUCTURAL_CONSTITUENT_OF_MYELIN_SHEATH	0.27955895444467355			
GO_INTRINSIC_COMPONENT_OF_PEROXISOMAL_MEMBRANE	0.2795490219673542			
GO_XENOBIOTIC_TRANSMEMBRANE_TRANSPORTER_ACTIVITY	0.2795293912588966			
GO_CENTRAL_NERVOUS_SYSTEM_NEURON_DEVELOPMENT	0.2795145773393751			
SERVITJA_ISLET_HNF1A_TARGETS_DN	0.27950773970861736			
IPA_SP7_DN	0.2795054098301404			
GO_MESENCHYMAL_CELL_PROLIFERATION	0.27950203845098176			
GO_POSITIVE_REGULATION_OF_SECONDARY_METABOLITE_BIOSYNTHETIC_PROCESS	0.2794731540712668			
GO_ORGANIC_ACID_BIOSYNTHETIC_PROCESS	0.2794527983987681			
GO_MAINTENANCE_OF_DNA_REPEAT_ELEMENTS	0.2794486288083723			
IPA_BARHL2_UP	0.279440136291831			
GO_ESTROGEN_METABOLIC_PROCESS	0.2794063977148303			
LUI_THYROID_CANCER_PAX8_PPARG_UP	0.2794051288290198			
GO_REGULATION_OF_RECEPTOR_MEDIATED_ENDOCYTOSIS_INVOLVED_IN_CHOLESTEROL_TRANSPORT	0.2793699423266513			
DARWICHE_SQUAMOUS_CELL_CARCINOMA_DN	0.2793527684479981			
GO_NEURAL_FOLD_FORMATION	0.279340575348193			
IPA_EGR2_UP	0.27933822614669274			
GO_REGULATION_OF_INTRACELLULAR_STEROID_HORMONE_RECEPTOR_SIGNALING_PATHWAY	0.2793350224578817			
GO_CELLULAR_RESPONSE_TO_NICOTINE	0.2793239268782912			
IPA_MECOM_UP	0.2793190315498342			
CTCNANGTGNY_UNKNOWN	0.27929712230129805			
GO_GLYCOSYLCERAMIDE_BIOSYNTHETIC_PROCESS	0.27928872668725335			
GO_CENTRAL_NERVOUS_SYSTEM_NEURON_DIFFERENTIATION	0.279273691211819			
GO_SODIUM_CHANNEL_REGULATOR_ACTIVITY	0.27927140282192076			
GSE3982_NEUTROPHIL_VS_BASOPHIL_UP	0.27926785264397175			
REACTOME_SEMA4D_MEDIATED_INHIBITION_OF_CELL_ATTACHMENT_AND_MIGRATION	0.27926252964515236			
GO_DYNEIN_LIGHT_INTERMEDIATE_CHAIN_BINDING	0.27925533698235433			
GO_GOLGI_VESICLE_BUDDING	0.2792509638639066			
WINNEPENNINCKX_MELANOMA_METASTASIS_DN	0.27922131865174005			
GO_JUN_KINASE_KINASE_KINASE_ACTIVITY	0.2792200782890462			
GO_MECHANOSENSITIVE_ION_CHANNEL_ACTIVITY	0.2792196918628211			
JACKSON_DNMT1_TARGETS_DN	0.27921408330802766			
GO_TELOMERE_TETHERING_AT_NUCLEAR_PERIPHERY	0.2792015931823995			
GO_POSITIVE_REGULATION_OF_TRIGLYCERIDE_METABOLIC_PROCESS	0.27920021089314284			
GO_GLAND_DEVELOPMENT	0.2791969672951159			
GO_TRANSITION_BETWEEN_FAST_AND_SLOW_FIBER	0.2791827103543115			
PEDERSEN_METASTASIS_BY_ERBB2_ISOFORM_3	0.27918199466926297			
CHIANG_LIVER_CANCER_SUBCLASS_CTNNB1_UP	0.2791792325081403			
GSE17721_POLYIC_VS_CPG_4H_BMDC_UP	0.2791694709911252			
GSE16385_UNTREATED_VS_12H_ROSIGLITAZONE_IFNG_TNF_TREATED_MACROPHAGE_DN	0.2791593844436748			
GSE9316_CD4_TCELL_BALBC_VS_TH17_ENRI_CD4_TCELL_SKG_PMA_IONO_STIM_FR4NEG_UP	0.27914852045505345			
REACTOME_SULFUR_AMINO_ACID_METABOLISM	0.2791240017090499			
KEGG_GLYCOSPHINGOLIPID_BIOSYNTHESIS_LACTO_AND_NEOLACTO_SERIES	0.2791051490236002			
GO_FATTY_ACID_BETA_OXIDATION_USING_ACYL_COA_OXIDASE	0.27910228292596184			
GO_ALPHA_N_ACETYLGALACTOSAMINIDE_ALPHA_2_6_SIALYLTRANSFERASE_ACTIVITY	0.2790947257810702			
GO_MICROBODY_MEMBRANE	0.279082636909708			
GO_CILIARY_TRANSITION_ZONE	0.27907525267913386			
MYLLYKANGAS_AMPLIFICATION_HOT_SPOT_24	0.2790613197122172			
GO_NEUROPEPTIDE_HORMONE_ACTIVITY	0.27904302901765177			
REACTOME_CASPASE_ACTIVATION_VIA_DEPENDENCE_RECEPTORS_IN_THE_ABSENCE_OF_LIGAND	0.2790358124806738			
GO_REGULATION_OF_FATTY_ACID_OXIDATION	0.27903500164344347			
GO_NEGATIVE_REGULATION_OF_KIDNEY_DEVELOPMENT	0.27903150505167407			
GO_MESONEPHRIC_TUBULE_MORPHOGENESIS	0.27902580194029986			
GO_PROXIMAL_DISTAL_PATTERN_FORMATION_INVOLVED_IN_NEPHRON_DEVELOPMENT	0.27899784933095445			
GO_14_3_3_PROTEIN_BINDING	0.27898124279576275			
GO_PROTEIN_O_LINKED_GLYCOSYLATION	0.2789717400932673			
GSE46606_UNSTIM_VS_CD40L_IL2_IL5_3DAY_STIMULATED_IRF4HIGH_SORTED_BCELL_UP	0.27895301390028027			
IPA_ZFPM1_UP	0.27895068014484403			
GO_NEPHRON_TUBULE_EPITHELIAL_CELL_DIFFERENTIATION	0.2789458103497093			
GO_DEPHOSPHORYLATION_OF_RNA_POLYMERASE_II_C_TERMINAL_DOMAIN	0.2789261768355464			
GO_CELLULAR_HORMONE_METABOLIC_PROCESS	0.2789127771854837			
GO_CCR4_NOT_CORE_COMPLEX	0.27888569355245907			
GO_REGULATION_OF_HORMONE_SECRETION	0.27888156441313705			
GO_RNA_POLYMERASE_II_INTRONIC_TRANSCRIPTION_REGULATORY_REGION_SEQUENCE_SPECIFIC_DNA_BINDING	0.2788777689331002			
VANHARANTA_UTERINE_FIBROID_WITH_7Q_DELETION_DN	0.2788738114042321			
ZNF618_TARGET_GENES	0.27887029985605605			
NFE2_01	0.27886196089643156			
GO_INTERCALATED_DISC	0.2788569267723138			
MCM3_TARGET_GENES	0.2788555129644655			
GO_MEDIUM_CHAIN_FATTY_ACID_COA_LIGASE_ACTIVITY	0.27885324008077683			
GO_NEGATIVE_REGULATION_OF_TYPE_B_PANCREATIC_CELL_APOPTOTIC_PROCESS	0.27884760056852725			
GO_DEVELOPMENT_OF_PRIMARY_SEXUAL_CHARACTERISTICS	0.2788209941170336			
GO_CLATHRIN_VESICLE_COAT	0.27880939423196627			
IPA_PPARGC1A_UP	0.2788005260362749			
chr7p21	0.2787983746477905			
BENPORATH_PRC2_TARGETS	0.27879166443752257			
REACTOME_EPHA_MEDIATED_GROWTH_CONE_COLLAPSE	0.2787893028016778			
MIR5001_5P	0.2787709418487675			
ATF2_UP.V1_DN	0.2787555918810354			
IPA_YBX1_UP	0.27875209114739113			
SCHAEFFER_PROSTATE_DEVELOPMENT_AND_CANCER_BOX6_DN	0.2787471033350845			
GO_RNA_POLYMERASE_CORE_ENZYME_BINDING	0.2787400768274332			
MIR9500	0.2787115130371378			
REACTOME_SIGNAL_ATTENUATION	0.27868746605973055			
LAU_APOPTOSIS_CDKN2A_UP	0.27867144275519407			
GO_IONOTROPIC_GLUTAMATE_RECEPTOR_SIGNALING_PATHWAY	0.2786625721694844			
NUYTTEN_EZH2_TARGETS_DN	0.2786607540606539			
E2F1_Q6_01	0.27865914241458706			
GO_ENDOPLASMIC_RETICULUM_TUBULAR_NETWORK	0.278641569936019			
VARELA_ZMPSTE24_TARGETS_DN	0.2786045569923506			
ZMYM2_TARGET_GENES	0.2786039540953549			
KEGG_ADIPOCYTOKINE_SIGNALING_PATHWAY	0.27859903939555314			
GO_ANTERIOR_POSTERIOR_AXON_GUIDANCE	0.2785877875885598			
IPA_POU2F1_UP	0.2785487540840561			
JI_CARCINOGENESIS_BY_KRAS_AND_STK11_UP	0.2785459042891322			
GSE37605_C57BL6_VS_NOD_FOXP3_FUSION_GFP_TREG_UP	0.2785405374609775			
chr3q29	0.2785398076911541			
GO_CALCIUM_ION_REGULATED_EXOCYTOSIS	0.27851253101614964			
GCGCTTT_MIR518B_MIR518C_MIR518D	0.2785060245261415			
GO_SCHWANN_CELL_DEVELOPMENT	0.27850398758649947			
REACTOME_TANDEM_PORE_DOMAIN_POTASSIUM_CHANNELS	0.2784815518729931			
GSE21379_WT_VS_SAP_KO_TFH_CD4_TCELL_UP	0.27847441585574173			
YGCGYRCGC_UNKNOWN	0.2784665049743883			
GSE10463_CD40L_AND_VA347_VS_CD40L_IN_DC_DN	0.2784647479447409			
MIR516A_5P	0.2784642578090748			
E2F1DP2_01	0.2784300399621179			
E2F1DP1_01	0.2784300399621179			
E2F4DP2_01	0.2784300399621179			
GO_REGULATION_OF_PHOSPHOLIPASE_C_ACTIVATING_G_PROTEIN_COUPLED_RECEPTOR_SIGNALING_PATHWAY	0.2784212025289759			
GO_TROPONIN_COMPLEX	0.27840620547406814			
MORI_EMU_MYC_LYMPHOMA_BY_ONSET_TIME_UP	0.27839871587594			
GO_EXCITATORY_SYNAPSE_ASSEMBLY	0.27837789467429597			
REACTOME_SYNTHESIS_OF_BILE_ACIDS_AND_BILE_SALTS_VIA_27_HYDROXYCHOLESTEROL	0.2783766291031013			
GO_PHOSPHATIDYLINOSITOL_BISPHOSPHATE_BINDING	0.2783757487291328			
BDP1_TARGET_GENES	0.278360557292287			
GSE9946_MATURE_STIMULATORY_VS_PROSTAGLANDINE2_TREATED_MATURE_DC_DN	0.27835849590965167			
GO_REGULATION_OF_NEUROTRANSMITTER_TRANSPORT	0.2783546297882491			
GSE19512_NAUTRAL_VS_INDUCED_TREG_UP	0.278343682954025			
IPA_CTCF_DN	0.2783284896365884			
GO_EUKARYOTIC_TRANSLATION_INITIATION_FACTOR_2B_COMPLEX	0.2782985132240866			
MIR4663	0.2782774143611696			
IPA_OTX2_DN	0.27827051872299835			
PID_AR_PATHWAY	0.2782595406231357			
GO_NEGATIVE_REGULATION_OF_CD8_POSITIVE_ALPHA_BETA_T_CELL_ACTIVATION	0.278259307356179			
LEE_LIVER_CANCER_CIPROFIBRATE_UP	0.278238412526031			
GO_CELLULAR_RESPONSE_TO_BRAIN_DERIVED_NEUROTROPHIC_FACTOR_STIMULUS	0.278221854964753			
GO_HORMONE_BINDING	0.2782148529242293			
GO_KETONE_BODY_BIOSYNTHETIC_PROCESS	0.27821106217475605			
MIR6892_3P	0.2782077972603054			
GO_REGULATION_OF_PHOTORECEPTOR_CELL_DIFFERENTIATION	0.27820413574362557			
GO_SOMITE_ROSTRAL_CAUDAL_AXIS_SPECIFICATION	0.2782015792910919			
WNT_UP.V1_UP	0.2781971795449508			
GO_CELLULAR_COPPER_ION_HOMEOSTASIS	0.2781866747025281			
GO_TRANSCYTOSIS	0.2781839361409135			
GO_MALE_SEX_DIFFERENTIATION	0.27814781910061087			
REACTOME_DCC_MEDIATED_ATTRACTIVE_SIGNALING	0.2781422820797476			
GO_MEMBRANE_DEPOLARIZATION_DURING_SA_NODE_CELL_ACTION_POTENTIAL	0.2781247115446294			
REACTOME_CONSTITUTIVE_SIGNALING_BY_EGFRVIII	0.2780881152122164			
MIR5694	0.2780779436005407			
GO_MESENCHYMAL_STEM_CELL_MAINTENANCE_INVOLVED_IN_NEPHRON_MORPHOGENESIS	0.27807056566382504			
MIR1278	0.2780645095260144			
GSE17721_CTRL_VS_GARDIQUIMOD_8H_BMDC_UP	0.27805827255449744			
IPA_TWIST1_DN	0.27803664948432144			
GO_FUNGIFORM_PAPILLA_MORPHOGENESIS	0.2780288148926223			
CHEOK_RESPONSE_TO_MERCAPTOPURINE_AND_LD_MTX_DN	0.2780217531634189			
GO_THIOESTERASE_BINDING	0.2780152387711684			
STREICHER_LSM1_TARGETS_UP	0.27799857525482313			
GSE27786_LIN_NEG_VS_NKCELL_UP	0.2779891883859343			
GO_DISTAL_TUBULE_DEVELOPMENT	0.2779447906428723			
GO_INTERLEUKIN_1_BINDING	0.27793365393295627			
GO_P53_BINDING	0.2779280887868817			
ZHONG_SECRETOME_OF_LUNG_CANCER_AND_MACROPHAGE	0.2779212278472461			
GO_REGULATION_OF_NEUTROPHIL_MEDIATED_CYTOTOXICITY	0.27791627805599733			
GO_LATE_ENDOSOME_TO_VACUOLE_TRANSPORT	0.2779079384434717			
SCHWAB_TARGETS_OF_BMYB_POLYMORPHIC_VARIANTS_DN	0.2778977655633824			
GO_REGULATION_OF_CARDIAC_MUSCLE_CELL_MEMBRANE_POTENTIAL	0.2778972348389969			
GO_AXONAL_FASCICULATION	0.2778811243237021			
GSE17721_POLYIC_VS_PAM3CSK4_0.5H_BMDC_UP	0.2778586550695321			
REACTOME_GRB7_EVENTS_IN_ERBB2_SIGNALING	0.2778565031760646			
GO_SEROTONIN_METABOLIC_PROCESS	0.27785530118566243			
GO_WNT_ACTIVATED_RECEPTOR_ACTIVITY	0.27785098602806285			
GO_CYTOPLASMIC_REGION	0.2778306452953205			
NR1I2_TARGET_GENES	0.27782387593634983			
GO_MYELIN_SHEATH_ABAXONAL_REGION	0.2778186537927348			
GO_CELLULAR_RESPONSE_TO_SODIUM_ARSENITE	0.27780496476342653			
GO_RESPIRATORY_CHAIN_COMPLEX_IV	0.2778017468842531			
IPA_BNC1_UP	0.27779461134614636			
GO_TUBE_FORMATION	0.27775274984925047			
GO_INTRACELLULAR_STEROID_HORMONE_RECEPTOR_SIGNALING_PATHWAY	0.27774839415484887			
GO_HISTONE_DEMETHYLASE_ACTIVITY_H3_K9_SPECIFIC	0.2777248864749719			
MIR504_3P	0.2777133060566496			
KEGG_METABOLISM_OF_XENOBIOTICS_BY_CYTOCHROME_P450	0.27771165264705994			
IPA_GATA6_UP	0.27770640749408554			
ZWANG_DOWN_BY_2ND_EGF_PULSE	0.2777057352534481			
GO_REGULATION_OF_RESPONSE_TO_ENDOPLASMIC_RETICULUM_STRESS	0.2776933753455583			
MIKKELSEN_ES_LCP_WITH_H3K4ME3_AND_H3K27ME3	0.2776906157884889			
GO_STRUCTURAL_CONSTITUENT_OF_NUCLEAR_PORE	0.27767929055881246			
ZNF30_TARGET_GENES	0.27766940304588106			
GSE23308_CTRL_VS_CORTICOSTERONE_TREATED_MACROPHAGE_UP	0.27766502493831174			
GROSS_HYPOXIA_VIA_ELK3_AND_HIF1A_DN	0.2776562631306251			
GO_POSITIVE_REGULATION_OF_CARDIAC_MUSCLE_ADAPTATION	0.27765156274095754			
GO_EYE_PHOTORECEPTOR_CELL_DIFFERENTIATION	0.2776133928243183			
LET_7I_3P	0.27761266888171704			
GSE27786_NKTCELL_VS_ERYTHROBLAST_UP	0.2776040705541521			
KIM_MYC_AMPLIFICATION_TARGETS_UP	0.27759542436154716			
KINNEY_DNMT1_METHYLATION_TARGETS	0.27759159497257824			
GO_POSITIVE_REGULATION_OF_KILLING_OF_CELLS_OF_OTHER_ORGANISM	0.2775797742372822			
REACTOME_SODIUM_PROTON_EXCHANGERS	0.2775562540532844			
GO_AZOLE_TRANSMEMBRANE_TRANSPORT	0.2775537383065154			
GO_POSITIVE_REGULATION_OF_ACTIVIN_RECEPTOR_SIGNALING_PATHWAY	0.2775534926796688			
GO_CYTOLYSIS_IN_OTHER_ORGANISM	0.2775267502528398			
GO_REGULATION_OF_RESPONSE_TO_REACTIVE_OXYGEN_SPECIES	0.2775204985253561			
GO_REGULATION_OF_CENTRIOLE_ELONGATION	0.2775047957311619			
GO_NEGATIVE_REGULATION_OF_TRANSCRIPTION_BY_RNA_POLYMERASE_II	0.2774973310682966			
GO_ANIMAL_ORGAN_MORPHOGENESIS	0.27749050094556016			
REACTOME_TICAM1_TRAF6_DEPENDENT_INDUCTION_OF_TAK1_COMPLEX	0.2774777676853236			
GO_RENAL_WATER_TRANSPORT	0.27747747580721355			
GO_LUNG_VASCULATURE_DEVELOPMENT	0.27747252081046925			
REACTOME_LONG_TERM_POTENTIATION	0.2774669008879201			
IPA_RB1_UP	0.2774637636560667			
SCHAEFFER_PROSTATE_DEVELOPMENT_AND_CANCER_BOX2_DN	0.2774601726340217			
GSE14415_INDUCED_TREG_VS_FOXP3_KO_INDUCED_TREG_UP	0.2774294111460586			
GO_ENDOSOME_TO_PLASMA_MEMBRANE_PROTEIN_TRANSPORT	0.27740126602018306			
IPA_MEF2D_UP	0.27737680546325794			
GO_IRON_SULFUR_CLUSTER_ASSEMBLY	0.27737643423196906			
RAPA_EARLY_UP.V1_DN	0.27735338753080024			
GO_SARCOPLASMIC_RETICULUM_MEMBRANE	0.27734345286427575			
SCIBETTA_KDM5B_TARGETS_DN	0.27731677164243634			
IPA_ZBTB14_DN	0.27731118901887636			
IPA_MNT_UP	0.27731118901887636			
REACTOME_CHOLESTEROL_BIOSYNTHESIS	0.27730470198271			
ZNF136_TARGET_GENES	0.2773038074482855			
GSE4590_PRE_BCELL_VS_SMALL_PRE_BCELL_DN	0.27727780472223296			
GO_POLYPRENOL_METABOLIC_PROCESS	0.2772428760387808			
REACTOME_P75_NTR_RECEPTOR_MEDIATED_SIGNALLING	0.27724129643138457			
SYNCRIP_TARGET_GENES	0.2772226645910092			
GO_MESODERMAL_CELL_MIGRATION	0.27719799334532313			
GO_HYDROLASE_ACTIVITY_ACTING_ON_CARBON_NITROGEN_BUT_NOT_PEPTIDE_BONDS_IN_LINEAR_AMIDINES	0.27717035684204455			
MASSARWEH_RESPONSE_TO_ESTRADIOL	0.2771672756046682			
GO_POSITIVE_REGULATION_OF_INTRINSIC_APOPTOTIC_SIGNALING_PATHWAY_IN_RESPONSE_TO_DNA_DAMAGE	0.2771564389024328			
CHEN_LUNG_CANCER_SURVIVAL	0.2771187895606813			
ZNF677_TARGET_GENES	0.27710924498225753			
REACTOME_SIGNALING_BY_NOTCH1_T_7_9_NOTCH1_M1580_K2555_TRANSLOCATION_MUTANT	0.27710751258905036			
GO_MUCUS_SECRETION	0.2771018661931449			
GO_SWI_SNF_COMPLEX	0.27709781871664546			
GO_NEURON_FATE_DETERMINATION	0.2770935002704557			
MIR3678_3P	0.2770824571571315			
GO_COPPER_ION_IMPORT	0.2770659433279656			
GSE17721_LPS_VS_GARDIQUIMOD_8H_BMDC_DN	0.277065815754561			
GO_SMOOTHENED_SIGNALING_PATHWAY_INVOLVED_IN_VENTRAL_SPINAL_CORD_PATTERNING	0.277063418672449			
MIR6889_3P	0.27705639635676477			
GO_CORTICOSTEROID_RECEPTOR_SIGNALING_PATHWAY	0.27705483431465955			
GO_PHOSPHATIDYLINOSITOL_BINDING	0.27702437003684305			
GSE31082_DP_VS_CD8_SP_THYMOCYTE_UP	0.2770237630215578			
GO_NEGATIVE_REGULATION_OF_PROTEIN_KINASE_B_SIGNALING	0.27701784692209275			
PLASARI_NFIC_TARGETS_BASAL_UP	0.27701495833292833			
IPA_AHRR_UP	0.27700311091257684			
FORTSCHEGGER_PHF8_TARGETS_UP	0.27700286401165186			
GO_POSITIVE_REGULATION_OF_GLUCOKINASE_ACTIVITY	0.2769894465818347			
GO_OTIC_VESICLE_MORPHOGENESIS	0.27698700417542355			
GO_ACYL_COA_LIGASE_ACTIVITY	0.2769832374703761			
LIN_APC_TARGETS	0.2769693159285629			
GO_PLASMA_MEMBRANE_REGION	0.27694763166105507			
ZNF205_TARGET_GENES	0.2769427011101676			
CYTAGCAAY_UNKNOWN	0.276942629242147			
GO_CELL_DIFFERENTIATION_INVOLVED_IN_KIDNEY_DEVELOPMENT	0.2769286277790879			
GO_ALPHA_ADRENERGIC_RECEPTOR_ACTIVITY	0.27692547810190504			
MIR4280	0.27691296622053163			
GO_ACTIVATION_OF_CYSTEINE_TYPE_ENDOPEPTIDASE_ACTIVITY_INVOLVED_IN_APOPTOTIC_PROCESS_BY_CYTOCHROME_C	0.2768584258461667			
GO_POSITIVE_REGULATION_OF_STEM_CELL_DIFFERENTIATION	0.27685405863514667			
GSE36095_WT_VS_HDAC9_KO_TREG_DN	0.27683800148586457			
IPA_TFAM_UP	0.27683373286386564			
GO_MINUS_END_DIRECTED_ORGANELLE_TRANSPORT_ALONG_MICROTUBULE	0.2768235372076014			
GO_TRANSCRIPTION_COREPRESSOR_ACTIVITY	0.27678494290084654			
CBX5_TARGET_GENES	0.27677065245014504			
ATF1_Q6	0.2767701492769673			
GSE22886_NAIVE_VS_MEMORY_TCELL_UP	0.2767554873318834			
BIOCARTA_HES_PATHWAY	0.27673598760955725			
GO_CELLULAR_RESPONSE_TO_FOLLICLE_STIMULATING_HORMONE_STIMULUS	0.27673150750163394			
GO_POSITIVE_REGULATION_OF_DEOXYRIBONUCLEASE_ACTIVITY	0.27671095816316116			
HALMOS_CEBPA_TARGETS_DN	0.2767107372269432			
MIR6776_3P	0.27670396252093343			
REACTOME_BASE_EXCISION_REPAIR	0.27669147745798806			
GO_OXIDOREDUCTASE_ACTIVITY_ACTING_ON_THE_ALDEHYDE_OR_OXO_GROUP_OF_DONORS_DISULFIDE_AS_ACCEPTOR	0.2766830924007724			
GSE40666_WT_VS_STAT4_KO_CD8_TCELL_UP	0.276646319913612			
SMTTTTGT_UNKNOWN	0.2766380286331571			
THRAP3_TARGET_GENES	0.2766184808808884			
GO_ALDITOL_PHOSPHATE_METABOLIC_PROCESS	0.27660058750109506			
FRASOR_TAMOXIFEN_RESPONSE_DN	0.27659207047177586			
POMEROY_MEDULLOBLASTOMA_PROGNOSIS_UP	0.27658866662114245			
TCGA_GLIOBLASTOMA_MUTATED	0.27653072632669995			
MIR142_3P	0.27651910392575674			
GO_HISTONE_H3_K9_TRIMETHYLATION	0.27648403451867615			
REACTOME_ABACAVIR_METABOLISM	0.27647015377799283			
GO_REPRODUCTIVE_SYSTEM_DEVELOPMENT	0.27647002516751557			
GO_FORMATION_OF_TRANSLATION_PREINITIATION_COMPLEX	0.2764673555207847			
GO_ARACHIDONIC_ACID_BINDING	0.2764673167606178			
GO_CLATHRIN_ADAPTOR_COMPLEX	0.2764243801756293			
GO_REGULATION_OF_CYTOLYSIS_IN_OTHER_ORGANISM	0.27640360152063276			
GO_EGG_ACTIVATION	0.27640268575934507			
GHANDHI_DIRECT_IRRADIATION_DN	0.2764020360327592			
GO_ARACHIDONATE_COA_LIGASE_ACTIVITY	0.27639422750196774			
GO_FUCOSYLTRANSFERASE_ACTIVITY	0.2763757618127252			
MIR1302	0.2763728326463501			
GSE37301_MULTIPOTENT_PROGENITOR_VS_RAG2_KO_NK_CELL_DN	0.2763434193778194			
IGARASHI_ATF4_TARGETS_UP	0.2763201559375385			
BIOCARTA_PITX2_PATHWAY	0.27630405964522264			
IPA_ACTR3_UP	0.27630263385438575			
REACTOME_DEATH_RECEPTOR_SIGNALLING	0.2762958424274691			
GSE15659_CD45RA_NEG_CD4_TCELL_VS_RESTING_TREG_DN	0.2762917120820959			
BARRIER_CANCER_RELAPSE_NORMAL_SAMPLE_DN	0.27628844692651494			
GSE3982_EOSINOPHIL_VS_MAC_DN	0.2762723949537654			
GO_REGULATION_OF_PROTEIN_LOCALIZATION_TO_CELL_PERIPHERY	0.2762484956337405			
GO_POSITIVE_REGULATION_OF_PROTEIN_LOCALIZATION_TO_CELL_CORTEX	0.2762424296765041			
GO_REGULATION_OF_NK_T_CELL_PROLIFERATION	0.2762357274742238			
GSE10856_CTRL_VS_TNFRSF6B_IN_MACROPHAGE_DN	0.27622692707441093			
REACTOME_LOSS_OF_MECP2_BINDING_ABILITY_TO_THE_NCOR_SMRT_COMPLEX	0.27621453486235903			
GO_NEURAL_RETINA_DEVELOPMENT	0.27621251113793216			
GO_METANEPHROS_DEVELOPMENT	0.2762055105342021			
GO_MITOCHONDRIAL_TRNA_METHYLATION	0.2761848943726593			
WIKMAN_ASBESTOS_LUNG_CANCER_UP	0.2761703877828862			
RICKMAN_HEAD_AND_NECK_CANCER_D	0.2761636719012701			
IPA_XBP1_DN	0.2761601034358824			
GO_MICROTUBULE_BUNDLE	0.2761434055609252			
GO_MAGNESIUM_ION_TRANSPORT	0.27612608682743195			
GO_PLACENTA_DEVELOPMENT	0.2761225892204325			
IPA_BACH1_DN	0.27611714333838067			
ZNF2_TARGET_GENES	0.27611451651820723			
GSE13522_CTRL_VS_T_CRUZI_Y_STRAIN_INF_SKIN_BALBC_MOUSE_UP	0.27610391903513404			
GO_SEMAPHORIN_RECEPTOR_ACTIVITY	0.2760968110611463			
NFE2L2.V2	0.2760963101555626			
GO_MITOCHONDRIAL_ENVELOPE	0.276077205986969			
SHETH_LIVER_CANCER_VS_TXNIP_LOSS_PAM3	0.2760685403133005			
GSE9946_IMMATURE_VS_MATURE_STIMULATORY_DC_DN	0.27606408312570657			
GO_NEGATIVE_REGULATION_OF_RELEASE_OF_CYTOCHROME_C_FROM_MITOCHONDRIA	0.2760604420791014			
AAAGGAT_MIR501	0.27604831856637174			
GO_CELLULAR_RESPONSE_TO_LAMINAR_FLUID_SHEAR_STRESS	0.27604739279850304			
IPA_ZNF148_DN	0.276000157622564			
GO_TRANSMEMBRANE_RECEPTOR_PROTEIN_TYROSINE_PHOSPHATASE_SIGNALING_PATHWAY	0.2759995557956771			
GO_SPHINGOID_METABOLIC_PROCESS	0.27598618777429673			
MCCLUNG_DELTA_FOSB_TARGETS_2WK	0.2759848245020195			
GSE17721_CTRL_VS_CPG_8H_BMDC_UP	0.27596498782782386			
GO_CUL2_RING_UBIQUITIN_LIGASE_COMPLEX	0.27596387925237975			
GSE22611_NOD2_TRANSD_VS_CTRL_TRANSD_HEK293_MDP_STIM_2H_UP	0.275953519164258			
GO_CYTOPLASMIC_MICROTUBULE_ORGANIZATION	0.27594591602863966			
GSE46606_IRF4_KO_VS_WT_CD40L_IL2_IL5_3DAY_STIMULATED_BCELL_UP	0.27593292474771397			
GSE46606_IRF4MID_VS_WT_CD40L_IL2_IL5_DAY1_STIMULATED_BCELL_UP	0.2759143490788637			
GO_MALATE_DEHYDROGENASE_ACTIVITY	0.2758874498179109			
GO_MRNA_3_END_PROCESSING	0.2758550207839929			
GO_REGULATION_OF_INCLUSION_BODY_ASSEMBLY	0.27582949329635126			
chr17p11	0.2758247419890852			
GSE37533_PPARG2_FOXP3_VS_FOXP3_TRANSDUCED_CD4_TCELL_PIOGLITAZONE_TREATED_UP	0.2758190270623405			
GO_C4_DICARBOXYLATE_TRANSMEMBRANE_TRANSPORTER_ACTIVITY	0.27581663041356536			
REACTOME_PHOSPHATE_BOND_HYDROLYSIS_BY_NTPDASE_PROTEINS	0.2758142078812769			
ATF2_S_UP.V1_DN	0.27581368321103794			
GO_PHOTORECEPTOR_CELL_MAINTENANCE	0.27577819927397396			
MCAATNNNNNGCG_UNKNOWN	0.2757716897440335			
MIR6777_5P	0.2757648148054259			
PID_PRL_SIGNALING_EVENTS_PATHWAY	0.2757504198632402			
IPA_SOX2_DN	0.2757414535436338			
GSE3982_MAC_VS_TH2_DN	0.27574114580453446			
GO_CYTOSKELETON_DEPENDENT_INTRACELLULAR_TRANSPORT	0.2757165131046196			
GO_TUBE_LUMEN_CAVITATION	0.27571375412276966			
GSE7831_1H_VS_4H_INFLUENZA_STIM_PDC_UP	0.2757114651761648			
KEGG_OXIDATIVE_PHOSPHORYLATION	0.27570873888297576			
GO_HEPARAN_SULFATE_PROTEOGLYCAN_BIOSYNTHETIC_PROCESS_ENZYMATIC_MODIFICATION	0.27569795659496			
GO_MICROTUBULE_BASED_TRANSPORT	0.27568788513946824			
RIGGI_EWING_SARCOMA_PROGENITOR_UP	0.27568403490623006			
MIR6805_5P	0.2756834155926176			
GO_NEGATIVE_REGULATION_OF_PHOSPHOLIPID_METABOLIC_PROCESS	0.2756494570627341			
GSE13485_DAY1_VS_DAY3_YF17D_VACCINE_PBMC_UP	0.2756264941867752			
GSE13522_WT_VS_IFNAR_KO_SKING_T_CRUZI_Y_STRAIN_INF_DN	0.2756220408289049			
GAGACTG_MIR452	0.2756120130724138			
GO_CHEMICAL_HOMEOSTASIS_WITHIN_A_TISSUE	0.2756070877542261			
GO_SEMICIRCULAR_CANAL_DEVELOPMENT	0.27560445043163395			
MIR4505	0.2756000666344486			
LTE2_UP.V1_UP	0.2755981691880402			
GO_POSITIVE_REGULATION_OF_CELLULAR_AMINE_METABOLIC_PROCESS	0.2755948664374156			
GO_GAP_JUNCTION_CHANNEL_ACTIVITY	0.27558627714617634			
GO_HISTONE_DEACETYLASE_COMPLEX	0.275569474922719			
E2F1_Q6	0.27556292867898524			
KIM_MYCL1_AMPLIFICATION_TARGETS_DN	0.2755401686549617			
GSE22589_HEALTHY_VS_HIV_AND_SIV_INFECTED_DC_DN	0.2755396423245868			
SMID_BREAST_CANCER_RELAPSE_IN_LUNG_UP	0.2755370779298629			
MIR7705	0.2755295962140387			
GO_POSITIVE_REGULATION_OF_ENDOPLASMIC_RETICULUM_STRESS_INDUCED_INTRINSIC_APOPTOTIC_SIGNALING_PATHWAY	0.2755265983717351			
SANDERSON_PPARA_TARGETS	0.275506309505587			
GO_XENOBIOTIC_METABOLIC_PROCESS	0.2754998617464232			
GO_REGULATION_OF_LOW_DENSITY_LIPOPROTEIN_PARTICLE_RECEPTOR_CATABOLIC_PROCESS	0.2754955117133572			
GO_INSULIN_METABOLIC_PROCESS	0.2754938363829489			
GO_NEURON_PROJECTION_CYTOPLASM	0.27548485053777705			
MIR125A_5P	0.27547484706458286			
REACTOME_TFAP2_AP_2_FAMILY_REGULATES_TRANSCRIPTION_OF_CELL_CYCLE_FACTORS	0.2754720464147308			
REACTOME_MET_ACTIVATES_PI3K_AKT_SIGNALING	0.2754458364833842			
GSE5589_LPS_AND_IL10_VS_LPS_AND_IL6_STIM_IL6_KO_MACROPHAGE_45MIN_DN	0.275431517997175			
GSE35543_IN_VITRO_ITREG_VS_CONVERTED_EX_ITREG_DN	0.27542568151774277			
GSE17721_CPG_VS_GARDIQUIMOD_8H_BMDC_DN	0.27542413498468754			
GSE40666_STAT1_KO_VS_STAT4_KO_CD8_TCELL_WITH_IFNA_STIM_90MIN_UP	0.2754227580459376			
GO_REGULATION_OF_TRANSCRIPTION_BY_RNA_POLYMERASE_I	0.27540271954159473			
GSE45365_CD8A_DC_VS_CD11B_DC_IFNAR_KO_MCMV_INFECTION_UP	0.27539955196252397			
HANN_RESISTANCE_TO_BCL2_INHIBITOR_DN	0.2753966002370218			
IPA_FOXA1_UP	0.27538381858925753			
GGGTGGRR_PAX4_03	0.27537893275028136			
GO_IONOTROPIC_GLUTAMATE_RECEPTOR_BINDING	0.27536533155984094			
REACTOME_DISEASES_ASSOCIATED_WITH_SURFACTANT_METABOLISM	0.275339502879313			
YAO_HOXA10_TARGETS_VIA_PROGESTERONE_UP	0.27533896134588637			
GO_OXIDOREDUCTASE_ACTIVITY_ACTING_ON_THE_CH_CH_GROUP_OF_DONORS_QUINONE_OR_RELATED_COMPOUND_AS_ACCEPTOR	0.2753203117779018			
LBP1_Q6	0.2753188386780271			
PACHER_TARGETS_OF_IGF1_AND_IGF2_UP	0.27531449781791967			
BOYLAN_MULTIPLE_MYELOMA_PCA1_DN	0.27530690577785316			
KYNG_ENVIRONMENTAL_STRESS_RESPONSE_NOT_BY_4NQO_IN_WS	0.2752999009050303			
YGCANTGCR_UNKNOWN	0.2752836338218569			
GO_HIPPOCAMPAL_MOSSY_FIBER_TO_CA3_SYNAPSE	0.2752538583167523			
PEDERSEN_METASTASIS_BY_ERBB2_ISOFORM_7	0.2752503193166697			
GO_POSITIVE_REGULATION_OF_SENSORY_PERCEPTION_OF_PAIN	0.2752502681840787			
GO_FAD_BINDING	0.27523971743412473			
MIR3660	0.2752376345327519			
GSE38697_LIGHT_ZONE_VS_DARK_ZONE_BCELL_DN	0.2751990648475941			
GO_MAMMARY_GLAND_EPITHELIUM_DEVELOPMENT	0.27518941548613984			
GO_THIAMINE_CONTAINING_COMPOUND_METABOLIC_PROCESS	0.2751857789314213			
MCCLUNG_CREB1_TARGETS_UP	0.2751721725587743			
GO_GLUTAMATE_METABOLIC_PROCESS	0.2751618389191295			
SCHWAB_TARGETS_OF_BMYB_POLYMORPHIC_VARIANTS_UP	0.2751331495425468			
GO_SENSORY_PERCEPTION_OF_MECHANICAL_STIMULUS	0.2751067176814204			
GSE39820_TGFBETA3_IL6_VS_TGFBETA3_IL6_IL23A_TREATED_CD4_TCELL_DN	0.2750954249905674			
GO_TISSUE_MORPHOGENESIS	0.27509390157152386			
LI_PROSTATE_CANCER_EPIGENETIC	0.2750724783339303			
NOJIMA_SFRP2_TARGETS_DN	0.27505940616690866			
TGACCTY_ERR1_Q2	0.2750551079314269			
TURASHVILI_BREAST_NORMAL_DUCTAL_VS_LOBULAR_UP	0.2750533982944662			
REACTOME_TRNA_PROCESSING_IN_THE_MITOCHONDRION	0.27505212914817995			
GO_BILE_ACID_METABOLIC_PROCESS	0.27503343068025277			
GO_POSITIVE_REGULATION_OF_VOLTAGE_GATED_CALCIUM_CHANNEL_ACTIVITY	0.27503118483911637			
GSE11057_NAIVE_CD4_VS_PBMC_CD4_TCELL_UP	0.27502028540490514			
GO_REGULATION_OF_TRANSCRIPTION_OF_NUCLEOLAR_LARGE_RRNA_BY_RNA_POLYMERASE_I	0.27501814324622587			
GO_HISTONE_METHYLATION	0.2750014008359112			
BRUNEAU_SEPTATION_VENTRICULAR	0.27498513703612454			
GSE17721_LPS_VS_GARDIQUIMOD_6H_BMDC_DN	0.27497635754133315			
ALK_DN.V1_DN	0.27497173975006894			
MIR2392	0.2749626720799242			
GSE21670_UNTREATED_VS_TGFB_TREATED_STAT3_KO_CD4_TCELL_UP	0.27494224997703914			
GO_NEGATIVE_REGULATION_OF_ANOIKIS	0.27493438801351794			
DAVICIONI_MOLECULAR_ARMS_VS_ERMS_UP	0.2749267593963329			
WHITFIELD_CELL_CYCLE_M_G1	0.27492609257483214			
IPA_ZFHX3_UP	0.27492593927601516			
MIR762	0.2748806893799843			
GO_NUCLEOSOMAL_DNA_BINDING	0.2748640052149967			
BIOCARTA_LONGEVITY_PATHWAY	0.27483552960670604			
GO_POSITIVE_REGULATION_OF_CELL_CYCLE_ARREST	0.2748154073423323			
CACGTTT_MIR302A	0.274800566055482			
REACTOME_INACTIVATION_OF_CDC42_AND_RAC1	0.2747951496332051			
GO_NEURON_MATURATION	0.27476997253224716			
DARWICHE_SQUAMOUS_CELL_CARCINOMA_UP	0.27476348824053654			
GO_HEART_PROCESS	0.27474720320452417			
KEGG_STEROID_HORMONE_BIOSYNTHESIS	0.2747419045628035			
GSE15659_NAIVE_VS_PTPRC_NEG_CD4_TCELL_DN	0.2747223540767261			
GO_TRANS_GOLGI_NETWORK_TRANSPORT_VESICLE	0.2747067643764851			
GO_SPHINGOMYELIN_METABOLIC_PROCESS	0.27469855851690483			
GO_MACROMOLECULE_DEACYLATION	0.27467669674922857			
GO_JUNCTIONAL_SARCOPLASMIC_RETICULUM_MEMBRANE	0.27467277281286695			
GSE23502_WT_VS_HDC_KO_MYELOID_DERIVED_SUPPRESSOR_CELL_COLON_TUMOR_DN	0.27466452762229987			
GO_EPITHELIAL_CELL_PROLIFERATION	0.2746524837897457			
GO_VENTRICULAR_CARDIAC_MUSCLE_CELL_DEVELOPMENT	0.2746300276465031			
REACTOME_REGULATION_OF_PYRUVATE_DEHYDROGENASE_PDH_COMPLEX	0.27462782897002286			
TOYOTA_TARGETS_OF_MIR34B_AND_MIR34C	0.2746187266078683			
GO_REGULATION_OF_MEMBRANE_PERMEABILITY	0.2746157828552887			
IPA_NR3C1_DN	0.2746133524505545			
GO_POLYPHOSPHATE_METABOLIC_PROCESS	0.2746080216340378			
VALK_AML_CLUSTER_7	0.2745892549032916			
GSE36078_UNTREATED_VS_AD5_INF_MOUSE_LUNG_DC_UP	0.2745820469186832			
IPA_RXRA_DN	0.27457944030742226			
GO_OUTER_MITOCHONDRIAL_MEMBRANE_PROTEIN_COMPLEX	0.2745711859962802			
GO_TOXIN_TRANSMEMBRANE_TRANSPORTER_ACTIVITY	0.2745625168963989			
KRAS.BREAST_UP.V1_DN	0.2745574773386111			
GO_POSITIVE_REGULATION_OF_TRANSCRIPTION_BY_RNA_POLYMERASE_I	0.27455689530630617			
MIR6769B_3P	0.274543936852056			
GO_TYPE_B_PANCREATIC_CELL_DEVELOPMENT	0.2745370270525274			
GO_ANTIMICROBIAL_HUMORAL_IMMUNE_RESPONSE_MEDIATED_BY_ANTIMICROBIAL_PEPTIDE	0.27452655019595223			
GO_REGULATION_OF_GROOMING_BEHAVIOR	0.27451607594781424			
MIR6782_3P	0.27450529152768205			
DUTERTRE_ESTRADIOL_RESPONSE_6HR_UP	0.2745032212973131			
IPA_TGFB1I1_UP	0.27449873520048707			
CREB_Q4_01	0.2744983998624839			
GO_MITOCHONDRION_LOCALIZATION	0.27448248405537773			
GO_REGULATION_OF_PROTEIN_LOCALIZATION_TO_MEMBRANE	0.27448026387987534			
GO_REGULATION_OF_MITOCHONDRIAL_OUTER_MEMBRANE_PERMEABILIZATION_INVOLVED_IN_APOPTOTIC_SIGNALING_PATHWAY	0.27446960291667893			
GO_NEGATIVE_REGULATION_OF_PRI_MIRNA_TRANSCRIPTION_BY_RNA_POLYMERASE_II	0.2744690042041624			
GO_STEROID_HORMONE_MEDIATED_SIGNALING_PATHWAY	0.27446293981982295			
GO_TRANSMEMBRANE_EPHRIN_RECEPTOR_ACTIVITY	0.2744619429613759			
GO_EPHRIN_RECEPTOR_BINDING	0.2744579809867672			
SCHLOSSER_SERUM_RESPONSE_AUGMENTED_BY_MYC	0.2744375905031422			
KEGG_O_GLYCAN_BIOSYNTHESIS	0.27443154331113667			
GO_FORELIMB_MORPHOGENESIS	0.27441167609610934			
GSE17721_CTRL_VS_LPS_1H_BMDC_UP	0.2744017944278282			
WONG_MITOCHONDRIA_GENE_MODULE	0.2743991784850785			
SOX9_B1	0.274395572173417			
GO_CEREBRAL_CORTEX_CELL_MIGRATION	0.27438167689617965			
EPPERT_LSC_R	0.27437643147367147			
MIR6889_5P	0.2743716641319929			
GO_CALCIUM_IMPORT_INTO_THE_MITOCHONDRION	0.2743715851421241			
GO_NEGATIVE_REGULATION_OF_LONG_TERM_SYNAPTIC_POTENTIATION	0.27435817607067703			
LANDIS_ERBB2_BREAST_TUMORS_65_UP	0.27435023291358485			
MIR7975	0.2742979474395139			
GO_REGULATION_OF_ER_TO_GOLGI_VESICLE_MEDIATED_TRANSPORT	0.27429170155267174			
GO_CADMIUM_ION_BINDING	0.2742873991710247			
GO_VITAMIN_TRANSMEMBRANE_TRANSPORTER_ACTIVITY	0.2742819944231424			
GO_RESPONSE_TO_ARSENIC_CONTAINING_SUBSTANCE	0.2742584671906628			
GO_CAMERA_TYPE_EYE_MORPHOGENESIS	0.27424295627975487			
GO_POSITIVE_REGULATION_OF_CANONICAL_WNT_SIGNALING_PATHWAY	0.2742415051647201			
GO_PYRIMIDINE_NUCLEOTIDE_SUGAR_TRANSMEMBRANE_TRANSPORTER_ACTIVITY	0.2742392647272972			
GO_SUCCINATE_TRANSPORT	0.27422899944811296			
GO_SUCCINATE_TRANSMEMBRANE_TRANSPORTER_ACTIVITY	0.27422899944811296			
GO_MAINTENANCE_OF_APICAL_BASAL_CELL_POLARITY	0.27421289726450243			
GSE5589_IL6_KO_VS_IL10_KO_LPS_STIM_MACROPHAGE_180MIN_DN	0.2742078286233285			
GO_AMMONIUM_ION_METABOLIC_PROCESS	0.27419966513908184			
CAFFAREL_RESPONSE_TO_THC_24HR_5_DN	0.27419542592341273			
GSE46242_TH1_VS_ANERGIC_TH1_CD4_TCELL_DN	0.27416436413965267			
GO_KETONE_BIOSYNTHETIC_PROCESS	0.2741554715621066			
PGBD5_TARGET_GENES	0.27415063572806575			
MIR6752_3P	0.27413986035117305			
GO_ACROSOMAL_MEMBRANE	0.2740960284549176			
VIETOR_IFRD1_TARGETS	0.2740773046521523			
PTTG1_TARGET_GENES	0.27407319565655414			
GO_RHO_GUANYL_NUCLEOTIDE_EXCHANGE_FACTOR_ACTIVITY	0.27406668740700274			
GSE11961_FOLLICULAR_BCELL_VS_GERMINAL_CENTER_BCELL_DAY7_DN	0.2740603191773328			
GO_PEROXISOME_PROLIFERATOR_ACTIVATED_RECEPTOR_SIGNALING_PATHWAY	0.27405571714004906			
GSE17721_CTRL_VS_LPS_8H_BMDC_UP	0.27404568971389204			
IPA_CHD4_DN	0.2740297767407212			
HALLMARK_OXIDATIVE_PHOSPHORYLATION	0.2740060405794515			
LIU_SOX4_TARGETS_UP	0.27400328855108014			
GO_ASTRAL_MICROTUBULE_ORGANIZATION	0.2739985509602399			
GO_ORGANIC_ANION_TRANSPORT	0.2739926281924962			
chr7p22	0.2739799222878521			
RUVBL1_TARGET_GENES	0.2739791661118495			
MIR3134	0.2739703342362382			
MIR4425	0.2739638093362898			
GO_REGULATION_OF_CELL_CYCLE_ARREST	0.27396268143877134			
MIR3186_5P	0.2739547112585619			
BIOCARTA_ERBB3_PATHWAY	0.27393681464960706			
GSE37301_LYMPHOID_PRIMED_MPP_VS_COMMON_LYMPHOID_PROGENITOR_UP	0.273922525807431			
REACTOME_RRNA_PROCESSING_IN_THE_MITOCHONDRION	0.2739167516102363			
GSE17721_CTRL_VS_CPG_24H_BMDC_UP	0.27391179825794815			
chr1p12	0.27388086384117416			
DMRT1_TARGET_GENES	0.27387173346626054			
GO_INTRINSIC_COMPONENT_OF_EXTERNAL_SIDE_OF_PLASMA_MEMBRANE	0.2738507524919327			
GO_OXIDOREDUCTION_COENZYME_METABOLIC_PROCESS	0.27383572698073044			
TMTCGCGANR_UNKNOWN	0.2737934926578597			
GO_INNER_MITOCHONDRIAL_MEMBRANE_ORGANIZATION	0.27378894124703484			
SGCGSSAAA_E2F1DP2_01	0.2737842626711283			
GO_DICARBOXYLIC_ACID_METABOLIC_PROCESS	0.2737773612008072			
REACTOME_GABA_SYNTHESIS_RELEASE_REUPTAKE_AND_DEGRADATION	0.27377520295574603			
GO_REGULATION_OF_CELL_PROJECTION_ASSEMBLY	0.27377330658657584			
IPA_LMO2_UP	0.27375946541133067			
ZNF622_TARGET_GENES	0.2737262408106321			
GO_SEPTIN_CYTOSKELETON	0.2737139075079475			
GO_INTESTINAL_EPITHELIAL_CELL_DEVELOPMENT	0.2737053091102287			
GO_NUCLEOTIDE_SUGAR_TRANSMEMBRANE_TRANSPORTER_ACTIVITY	0.2737021794082422			
GSE21379_WT_VS_SAP_KO_CD4_TCELL_UP	0.2736481504589038			
GO_POSITIVE_REGULATION_OF_FIBROBLAST_APOPTOTIC_PROCESS	0.27364802572305325			
GO_PEPTIDYL_METHIONINE_MODIFICATION	0.2736325298453024			
GO_POSITIVE_REGULATION_OF_CYTOPLASMIC_MRNA_PROCESSING_BODY_ASSEMBLY	0.27359730515068015			
GO_PHARYNGEAL_ARCH_ARTERY_MORPHOGENESIS	0.2735916490260927			
GO_METANEPHRIC_EPITHELIUM_DEVELOPMENT	0.27358609576496473			
IWANAGA_E2F1_TARGETS_NOT_INDUCED_BY_SERUM	0.2735843137673011			
GSE19374_UNINF_VS_LISTERIA_INFECTED_MACROPHAGE_DN	0.27357798480191114			
GO_CUL5_RING_UBIQUITIN_LIGASE_COMPLEX	0.2735729209058437			
GSE22935_24H_VS_48H_MBOVIS_BCG_STIM_MYD88_KO_MACROPHAGE_DN	0.273568844041395			
REACTOME_REGULATION_OF_GENE_EXPRESSION_IN_ENDOCRINE_COMMITTED_NEUROG3_PROGENITOR_CELLS	0.27355463800146645			
chr16q21	0.27354955676296777			
WU_HBX_TARGETS_3_UP	0.27353255399295245			
GAUSSMANN_MLL_AF4_FUSION_TARGETS_F_UP	0.273527384656351			
SREBP_Q3	0.2735144768217009			
GO_PARASPECKLES	0.27347952479139565			
GO_MODULATION_OF_MICROTUBULE_CYTOSKELETON_INVOLVED_IN_CEREBRAL_CORTEX_RADIAL_GLIA_GUIDED_MIGRATION	0.2734339141952318			
REACTOME_SIGNALING_BY_ROBO_RECEPTORS	0.2734245451357956			
GO_CLATHRIN_LIGHT_CHAIN_BINDING	0.27342278569013134			
GO_POSITIVE_REGULATION_OF_INTERLEUKIN_1_BIOSYNTHETIC_PROCESS	0.27341895896685864			
GO_RNA_POLYMERASE_I_PREINITIATION_COMPLEX_ASSEMBLY	0.2734018728100147			
GO_BILE_ACID_TRANSMEMBRANE_TRANSPORTER_ACTIVITY	0.27339497361567044			
GO_ADENYLATE_CYCLASE_INHIBITING_ADRENERGIC_RECEPTOR_SIGNALING_PATHWAY	0.27337859351392463			
GO_MEMBRANE_DEPOLARIZATION_DURING_CARDIAC_MUSCLE_CELL_ACTION_POTENTIAL	0.2733676737839934			
IPA_ZEB2_DN	0.2733603077940816			
BIOCARTA_HBX_PATHWAY	0.27334641450677816			
GO_REGULATION_OF_CYTOPLASMIC_TRANSLATIONAL_INITIATION	0.2733388606883655			
YOSHIMURA_MAPK8_TARGETS_UP	0.27333787841476387			
YAMASHITA_LIVER_CANCER_WITH_EPCAM_UP	0.2733245053031802			
IPA_POU2F1_DN	0.27331804897461587			
SETLUR_PROSTATE_CANCER_TMPRSS2_ERG_FUSION_UP	0.27331302836183374			
REACTOME_BUTYROPHILIN_BTN_FAMILY_INTERACTIONS	0.27331265339479777			
KEGG_HEDGEHOG_SIGNALING_PATHWAY	0.2733101103364919			
GO_NEURON_TO_NEURON_SYNAPSE	0.27330123529397177			
LEIN_LOCALIZED_TO_DISTAL_AND_PROXIMAL_DENDRITES	0.27329903462232175			
DUTERTRE_ESTRADIOL_RESPONSE_24HR_DN	0.2732468650719318			
MIR4723_5P	0.2732342182132168			
GO_OBSERVATIONAL_LEARNING	0.2732290935030664			
SNF5_DN.V1_DN	0.2732063853299836			
REACTOME_CELL_DEATH_SIGNALLING_VIA_NRAGE_NRIF_AND_NADE	0.2732058313009672			
RAMJAUN_APOPTOSIS_BY_TGFB1_VIA_MAPK1_UP	0.27319116256558695			
MOOTHA_TCA	0.27319055216250665			
MIR3914	0.27317981119103174			
GO_MULTICELLULAR_ORGANISMAL_RESPONSE_TO_STRESS	0.27316908669158496			
GO_MORPHOGENESIS_OF_AN_EPITHELIAL_BUD	0.2731226858941917			
GO_POTASSIUM_ION_HOMEOSTASIS	0.2731064778067607			
GRE_C	0.27309701617915394			
IPA_CBX2_UP	0.27306482576840657			
GO_CILIARY_MEMBRANE	0.2730423827676399			
TIAN_BHLHA15_TARGETS	0.273040380965883			
GO_SERINE_TYPE_ENDOPEPTIDASE_INHIBITOR_ACTIVITY	0.2730401618978176			
GSE27786_ERYTHROBLAST_VS_NEUTROPHIL_UP	0.27303705579298676			
GO_NETRIN_ACTIVATED_SIGNALING_PATHWAY	0.27303065813619215			
GO_CYTOCHROME_COMPLEX	0.2730285791994036			
GO_PYRIDINE_NUCLEOTIDE_METABOLIC_PROCESS	0.27300942694153196			
GSE27291_0H_VS_6H_STIM_GAMMADELTA_TCELL_DN	0.2730075619557867			
MIR4442	0.27298114274939006			
GSE14308_TH1_VS_TH17_UP	0.272969569307669			
MEINHOLD_OVARIAN_CANCER_LOW_GRADE_DN	0.27296276423498816			
GGGGCCC_MIR296	0.27295209476379556			
GSE14908_RESTING_VS_HDM_STIM_CD4_TCELL_ATOPIC_PATIENT_DN	0.27294142280579525			
RODRIGUES_NTN1_AND_DCC_TARGETS	0.272932459645438			
GO_POSITIVE_REGULATION_OF_ENDOTHELIAL_CELL_DEVELOPMENT	0.2729308681526178			
GO_PHOTORECEPTOR_CONNECTING_CILIUM	0.2729222882081295			
GO_SIGNAL_RELEASE	0.27289723402628274			
GO_ATP_DEPENDENT_MICROTUBULE_MOTOR_ACTIVITY_MINUS_END_DIRECTED	0.27289023984847505			
GO_H4_H2A_HISTONE_ACETYLTRANSFERASE_COMPLEX	0.2728884117237518			
GO_SEX_DIFFERENTIATION	0.2728881604692203			
REACTOME_PROCESSING_OF_CAPPED_INTRON_CONTAINING_PRE_MRNA	0.2728680932745944			
GO_ECTODERMAL_PLACODE_DEVELOPMENT	0.2728406469727413			
ZNF223_TARGET_GENES	0.27283633801013024			
GSE26928_CENTR_MEMORY_VS_CXCR5_POS_CD4_TCELL_DN	0.2728314918729032			
IPA_ZIC1_DN	0.27282620728224766			
GSE4748_CYANOBACTERIUM_LPSLIKE_VS_LPS_AND_CYANOBACTERIUM_LPSLIKE_STIM_DC_3H_DN	0.2728242466935596			
GO_VESICLE_MEDIATED_TRANSPORT_TO_THE_PLASMA_MEMBRANE	0.2728072242926389			
REACTOME_HS_GAG_BIOSYNTHESIS	0.27279510709581134			
PID_ERA_GENOMIC_PATHWAY	0.27279457110374045			
GO_GLYOXYLATE_METABOLIC_PROCESS	0.27277072202028235			
ZNF532_TARGET_GENES	0.27276095276668866			
REACTOME_METABOLISM_OF_INGESTED_SEMET_SEC_MESEC_INTO_H2SE	0.2727422693064686			
GO_3_KETO_STEROL_REDUCTASE_ACTIVITY	0.27272788780871215			
ZMYND11_TARGET_GENES	0.2727198079490263			
SEIDEN_MET_SIGNALING	0.27271880218062045			
MIR125B_5P	0.27271134318298434			
MURAKAMI_UV_RESPONSE_6HR_UP	0.27271093862946627			
GO_ANTIMICROBIAL_PEPTIDE_PRODUCTION	0.27270545517954936			
GSE40666_STAT1_KO_VS_STAT4_KO_CD8_TCELL_DN	0.27270366196984697			
GO_CALMODULIN_DEPENDENT_PROTEIN_PHOSPHATASE_ACTIVITY	0.27267569910804584			
SP1_01	0.2726601259131631			
GO_CARDIAC_NEURAL_CREST_CELL_DEVELOPMENT_INVOLVED_IN_OUTFLOW_TRACT_MORPHOGENESIS	0.27265691339306786			
GSE12484_HEALTHY_VS_PERIDONTITIS_NEUTROPHILS_UP	0.27265166506575833			
UDAYAKUMAR_MED1_TARGETS_DN	0.27263973233372113			
KEGG_INSULIN_SIGNALING_PATHWAY	0.2726214482821654			
BIOCARTA_PELP1_PATHWAY	0.27262130590055356			
GO_REGULATION_OF_NEUROTRANSMITTER_RECEPTOR_ACTIVITY	0.27261648010370026			
REACTOME_METABOLISM_OF_AMINE_DERIVED_HORMONES	0.2726144464163735			
WCAANNNYCAG_UNKNOWN	0.2725920012690582			
GO_TRANSFERASE_ACTIVITY_TRANSFERRING_ACYL_GROUPS	0.2725856287386649			
GO_NUCLEAR_ENVELOPE_REASSEMBLY	0.2725725091380886			
GO_POSITIVE_REGULATION_OF_NEURON_MIGRATION	0.27256867336741913			
REACTOME_ACTIVATION_OF_PUMA_AND_TRANSLOCATION_TO_MITOCHONDRIA	0.27254793535845456			
CREB_Q2	0.27254429977849026			
GO_MITOCHONDRIAL_MATRIX	0.272511785523959			
GO_APOPTOTIC_MITOCHONDRIAL_CHANGES	0.2725008616914522			
GO_ADHERENS_JUNCTION_ASSEMBLY	0.27249266281798995			
GO_CELLULAR_RESPONSE_TO_CALCIUM_ION	0.2724851495370679			
REACTOME_CARDIAC_CONDUCTION	0.2724763740116544			
MIR2355_5P	0.2724632211111277			
GO_PEPTIDYL_LYSINE_METHYLATION	0.2724413220758481			
MIR3151_3P	0.2724153041013993			
GO_NEPHRON_MORPHOGENESIS	0.2723996389142681			
IPA_GTF2IRD1_DN	0.2723949464443129			
GAVIN_IL2_RESPONSIVE_FOXP3_TARGETS_UP	0.2723570855422008			
IPA_PA2G4_DN	0.2723553969103542			
GO_PROTEIN_KINASE_A_REGULATORY_SUBUNIT_BINDING	0.2723526815710022			
GSE20715_WT_VS_TLR4_KO_24H_OZONE_LUNG_DN	0.2723416138239913			
GSE29164_UNTREATED_VS_CD8_TCELL_TREATED_MELANOMA_DAY7_DN	0.27232256919781095			
GO_REGULATION_OF_AMYLOID_PRECURSOR_PROTEIN_CATABOLIC_PROCESS	0.27230274670854693			
GSE40274_CTRL_VS_FOXP3_AND_IRF4_TRANSDUCED_ACTIVATED_CD4_TCELL_DN	0.27227995218410805			
REACTOME_KETONE_BODY_METABOLISM	0.27225631218147656			
GO_REGULATION_OF_EXCITATORY_SYNAPSE_ASSEMBLY	0.27225051473226536			
BRF1_TARGET_GENES	0.2722505146659457			
FUKUSHIMA_TNFSF11_TARGETS	0.2722315939004101			
GO_RELEASE_OF_CYTOCHROME_C_FROM_MITOCHONDRIA	0.2722284195866888			
GO_NEGATIVE_REGULATION_OF_RECEPTOR_BINDING	0.2722257197272794			
REACTOME_SIGNALING_BY_FGFR	0.27221269211739263			
IVANOVA_HEMATOPOIESIS_STEM_CELL_AND_PROGENITOR	0.27220177654019057			
REACTOME_THE_CANONICAL_RETINOID_CYCLE_IN_RODS_TWILIGHT_VISION	0.27218672197751376			
MIR3173_3P	0.27218613043351536			
GO_KINETOCHORE_MICROTUBULE	0.2721741655413782			
LEIN_NEURON_MARKERS	0.2721708428646575			
GO_VOLTAGE_GATED_CALCIUM_CHANNEL_ACTIVITY_INVOLVED_IN_CARDIAC_MUSCLE_CELL_ACTION_POTENTIAL	0.27215376836596034			
GO_SERINE_FAMILY_AMINO_ACID_CATABOLIC_PROCESS	0.2721382853450667			
GO_TAU_PROTEIN_KINASE_ACTIVITY	0.27212272816918764			
GO_RESPONSE_TO_AMINO_ACID_STARVATION	0.2721126027866167			
GALI_TP53_TARGETS_APOPTOTIC_DN	0.2720940563155408			
GSE15324_NAIVE_VS_ACTIVATED_ELF4_KO_CD8_TCELL_DN	0.27205634633313186			
GSE25087_TREG_VS_TCONV_ADULT_DN	0.2720561632906603			
MIR6837_5P	0.27205572744828266			
GO_INTEGRAL_COMPONENT_OF_SYNAPTIC_VESICLE_MEMBRANE	0.2720194371387327			
GO_NODE_OF_RANVIER	0.2720176949540075			
IPA_MYBL2_DN	0.27200690165698155			
GSE15324_ELF4_KO_VS_WT_NAIVE_CD8_TCELL_DN	0.2720027014380459			
GO_CAMP_BIOSYNTHETIC_PROCESS	0.27197529265490544			
GO_ADENYLATE_CYCLASE_ACTIVITY	0.27197529265490544			
TCTGGAC_MIR198	0.2719632807722751			
GSE2706_R848_VS_R848_AND_LPS_2H_STIM_DC_UP	0.27195431393022024			
GO_REGULATION_OF_MEMBRANE_POTENTIAL	0.27194869266175725			
IPA_HIST1H1T_UP	0.27194103930570784			
GSE2770_UNTREATED_VS_TGFB_AND_IL12_TREATED_ACT_CD4_TCELL_2H_DN	0.2719396724705989			
GO_POSITIVE_REGULATION_OF_NUCLEOBASE_CONTAINING_COMPOUND_TRANSPORT	0.27193388105625976			
GO_HEART_MORPHOGENESIS	0.2719200196775632			
ZNF610_TARGET_GENES	0.2719133421022663			
MAZR_01	0.27190368564850576			
NKX2_8_TARGET_GENES	0.2718978224163308			
DICER1_TARGET_GENES	0.27189766051201975			
SANSOM_APC_TARGETS	0.2718782720872043			
GO_FEEDING_BEHAVIOR	0.27185837307716176			
MIR4776_5P	0.2718425573409212			
GO_CONVERGENT_EXTENSION_INVOLVED_IN_ORGANOGENESIS	0.27183668995149596			
MIR3177_3P	0.2718017234311382			
GO_POSITIVE_REGULATION_OF_ADENYLATE_CYCLASE_ACTIVATING_G_PROTEIN_COUPLED_RECEPTOR_SIGNALING_PATHWAY	0.27180058937572127			
TOMIDA_METASTASIS_DN	0.27179858831658105			
ZNF320_TARGET_GENES	0.27178887537692886			
PID_ARF6_PATHWAY	0.27178127484318415			
GOZGIT_ESR1_TARGETS_DN	0.27175573255240165			
ZNF10_TARGET_GENES	0.27172414358692987			
MIR3667_5P	0.27171781926150423			
REACTOME_ABORTIVE_ELONGATION_OF_HIV_1_TRANSCRIPT_IN_THE_ABSENCE_OF_TAT	0.27171582329597666			
UDAYAKUMAR_MED1_TARGETS_UP	0.27170309461897657			
GO_CARDIOLIPIN_METABOLIC_PROCESS	0.2716833786214457			
GO_HEAD_DEVELOPMENT	0.27168101747823137			
GO_ADP_RIBOSYLATION_FACTOR_BINDING	0.27167779541234266			
GO_VESICLE_CYTOSKELETAL_TRAFFICKING	0.2716764337712021			
GO_RESPONSE_TO_L_GLUTAMATE	0.27167195177470777			
GO_AMINE_TRANSPORT	0.27166627012394173			
IPA_MYCBP_UP	0.2716512872632291			
E2F_Q4	0.2716487005506136			
GO_ALDEHYDE_LYASE_ACTIVITY	0.2716421202823365			
GO_ASTER	0.2716255693090544			
GO_CELLULAR_RESPONSE_TO_IRON_ION	0.27160833106222165			
GO_PROTEIN_LOCALIZATION_TO_PLASMA_MEMBRANE	0.271599281450868			
GO_REGULATION_OF_MEMBRANE_LIPID_DISTRIBUTION	0.2715986854099149			
GO_POSITIVE_REGULATION_OF_MEIOTIC_CELL_CYCLE_PHASE_TRANSITION	0.2715945871798639			
GO_DNA_STRAND_ELONGATION	0.27159229001204943			
GO_REGULATION_OF_CHROMATIN_BINDING	0.27158270220918557			
REACTOME_PKMTS_METHYLATE_HISTONE_LYSINES	0.27158118277254834			
IPA_CREM_UP	0.2715724794308679			
GO_CARDIAC_VASCULAR_SMOOTH_MUSCLE_CELL_DIFFERENTIATION	0.271555710554144			
MIR6883_5P	0.27154521625626055			
GO_NADP_RETINOL_DEHYDROGENASE_ACTIVITY	0.27153454591323206			
GO_ACYL_COA_OXIDASE_ACTIVITY	0.2715082368238157			
STARK_PREFRONTAL_CORTEX_22Q11_DELETION_UP	0.2714997372663574			
GO_HEPARAN_SULFATE_SULFOTRANSFERASE_ACTIVITY	0.27149581661209027			
GSE2770_UNTREATED_VS_IL12_TREATED_ACT_CD4_TCELL_6H_DN	0.2714557078680637			
GO_REGULATION_OF_WNT_SIGNALING_PATHWAY	0.27144199136958885			
MIR4456	0.27141440781640336			
MIR1271_3P	0.2714113518671092			
MIR4756_5P	0.27140415557704733			
GO_SURFACTANT_HOMEOSTASIS	0.27140187462062376			
KORKOLA_TERATOMA	0.27136873933733197			
GSE16385_MONOCYTE_VS_12H_ROSIGLITAZONE_IL4_TREATED_MACROPHAGE_DN	0.2713677447618779			
GO_RESPONSE_TO_ENDOPLASMIC_RETICULUM_STRESS	0.27136230220816177			
GO_ICOSANOID_BINDING	0.27135491878565837			
MIR6797_5P	0.27135483764158563			
BIOCARTA_RAB_PATHWAY	0.27135241479344613			
HOWLIN_CITED1_TARGETS_2_DN	0.2713452026946525			
GSE20715_WT_VS_TLR4_KO_LUNG_DN	0.27129965820248386			
HOWLIN_CITED1_TARGETS_2_UP	0.2712885694231389			
KEGG_VALINE_LEUCINE_AND_ISOLEUCINE_DEGRADATION	0.2712748353054789			
VALK_AML_CLUSTER_2	0.2712724245574928			
GO_EYE_MORPHOGENESIS	0.27125859651581813			
REACTOME_RAS_SIGNALING_DOWNSTREAM_OF_NF1_LOSS_OF_FUNCTION_VARIANTS	0.27124440633231706			
GO_RECEPTOR_TRANSACTIVATION	0.2712069454248783			
CUI_GLUCOSE_DEPRIVATION	0.271198177477059			
REACTOME_SUMOYLATION_OF_TRANSCRIPTION_FACTORS	0.2711904869308614			
SMID_BREAST_CANCER_RELAPSE_IN_BONE_DN	0.2711898223059775			
IPA_MAFK_UP	0.27117675161369853			
GO_REGULATION_OF_RECEPTOR_CATABOLIC_PROCESS	0.2711759946239558			
AMIT_EGF_RESPONSE_40_HELA	0.2711757024054015			
GSE5589_LPS_VS_LPS_AND_IL6_STIM_IL10_KO_MACROPHAGE_45MIN_UP	0.2711735977043932			
FERNANDEZ_BOUND_BY_MYC	0.2711519638282053			
MISSIAGLIA_REGULATED_BY_METHYLATION_DN	0.2711447484422736			
MIR3674	0.2711324717133611			
GSE17721_POLYIC_VS_GARDIQUIMOD_1H_BMDC_UP	0.2711242605827704			
MIR25_5P	0.2711159854071083			
GO_CONDITIONED_TASTE_AVERSION	0.27111295092652393			
REACTOME_CONSTITUTIVE_SIGNALING_BY_OVEREXPRESSED_ERBB2	0.27110551226009477			
MIR1909_5P	0.2711014521997468			
GO_POSITIVE_REGULATION_OF_TELOMERE_MAINTENANCE_VIA_TELOMERE_LENGTHENING	0.2710855141960661			
GO_REGULATION_OF_CELL_PROJECTION_SIZE	0.27108477242436985			
HOSHIDA_LIVER_CANCER_SURVIVAL_DN	0.2710835876657344			
REACTOME_LYSINE_CATABOLISM	0.27107877771741334			
PID_RAC1_PATHWAY	0.27107333910878506			
GO_PROTEIN_KINASE_A_CATALYTIC_SUBUNIT_BINDING	0.2710650529712918			
GSE35685_CD34POS_CD38NEG_VS_CD34POS_CD10NEG_CD62LPOS_BONE_MARROW_DN	0.27105548126240264			
GO_REGULATION_OF_SODIUM_ION_TRANSMEMBRANE_TRANSPORTER_ACTIVITY	0.27104016715380996			
GO_NEUROPEPTIDE_RECEPTOR_BINDING	0.27102869037419525			
GO_EXTRACELLULAR_VESICLE_BIOGENESIS	0.27102725484172574			
YTTCCNNNGGAMR_UNKNOWN	0.27102439769384007			
KEGG_PPAR_SIGNALING_PATHWAY	0.2710191596907985			
GO_AXON_MIDLINE_CHOICE_POINT_RECOGNITION	0.2710054032734448			
IPA_ESRRG_DN	0.2709991712765456			
MACLACHLAN_BRCA1_TARGETS_DN	0.27099862321848184			
GSE13229_IMM_VS_INTMATURE_NKCELL_UP	0.27098956056255685			
GO_ENDORIBONUCLEASE_ACTIVITY_PRODUCING_3_PHOSPHOMONOESTERS	0.27098938707559794			
HATADA_METHYLATED_IN_LUNG_CANCER_DN	0.2709819785912561			
GO_POSITIVE_REGULATION_OF_PROTEIN_AUTOPHOSPHORYLATION	0.2709498607076353			
GO_POSITIVE_REGULATION_OF_MEMBRANE_PERMEABILITY	0.27093013562898344			
GO_EYE_PHOTORECEPTOR_CELL_DEVELOPMENT	0.2709179888749131			
GSE2770_TGFB_AND_IL4_VS_TGFB_AND_IL12_TREATED_ACT_CD4_TCELL_6H_UP	0.27091776761049796			
RUAN_RESPONSE_TO_TNF_TROGLITAZONE_DN	0.2709053352730873			
KONDO_PROSTATE_CANCER_HCP_WITH_H3K27ME3	0.27089719747439317			
GO_PYRIMIDINE_RIBONUCLEOSIDE_TRIPHOSPHATE_METABOLIC_PROCESS	0.2708909671626677			
GO_MICROTUBULE_POLYMERIZATION_OR_DEPOLYMERIZATION	0.27088893208249204			
GO_CELL_SURFACE_RECEPTOR_SIGNALING_PATHWAY_INVOLVED_IN_CELL_CELL_SIGNALING	0.27087995582334823			
GO_REGULATION_OF_TRANSCRIPTION_BY_RNA_POLYMERASE_III	0.270866074093517			
IPA_TCF20_UP	0.2708629368262844			
IPA_BHLHE22_UP	0.27084057227099506			
GO_ACTIN_BASED_CELL_PROJECTION	0.27082239947762743			
MIR5571_3P	0.2708194358279211			
GO_FLOOR_PLATE_DEVELOPMENT	0.2707772287740726			
GSE39820_CTRL_VS_TGFBETA3_IL6_IL23A_CD4_TCELL_UP	0.2707749274573793			
MIR10394_5P	0.27077231739389834			
RICKMAN_HEAD_AND_NECK_CANCER_A	0.27076872950254743			
NCX_01	0.27076225850918334			
CHUANG_OXIDATIVE_STRESS_RESPONSE_UP	0.27075664499984586			
GO_REGULATION_OF_LIPID_CATABOLIC_PROCESS	0.2707382672797934			
IPA_EP300_DN	0.2707104058906661			
GO_CELLULAR_RESPONSE_TO_STEROL_DEPLETION	0.27069489307969			
REACTOME_DISEASES_OF_METABOLISM	0.27068355227397517			
GO_REGULATION_OF_VACUOLE_ORGANIZATION	0.2706796785604795			
BHATTACHARYA_EMBRYONIC_STEM_CELL	0.27067436898750613			
GO_DISACCHARIDE_METABOLIC_PROCESS	0.27066496614618923			
KEGG_GLYCEROPHOSPHOLIPID_METABOLISM	0.2706621280294957			
KRISHNAN_FURIN_TARGETS_DN	0.27066154544236937			
CEBALLOS_TARGETS_OF_TP53_AND_MYC_UP	0.2706408485860642			
GO_SUCCINATE_DEHYDROGENASE_ACTIVITY	0.27057972423128634			
GO_RESPIRATORY_CHAIN_COMPLEX_II	0.27057972423128634			
GO_AMMONIUM_TRANSMEMBRANE_TRANSPORTER_ACTIVITY	0.270571517835806			
GO_GENE_SILENCING	0.2705663515949201			
GO_REGULATION_OF_PROTEIN_TYROSINE_KINASE_ACTIVITY	0.2705657207733105			
MIR6835_5P	0.27056293778777674			
E2F_Q6	0.2705347791291319			
GSE22886_NAIVE_CD4_TCELL_VS_48H_ACT_TH2_UP	0.27053417726604456			
LIU_CDX2_TARGETS_UP	0.27052272240120073			
SHEPARD_BMYB_MORPHOLINO_UP	0.2705214953337722			
IPA_IRX4_DN	0.27052086933329084			
GGAANCGGAANY_UNKNOWN	0.27047387914814813			
GO_TRANSFORMING_GROWTH_FACTOR_BETA_RECEPTOR_PATHWAY_SPECIFIC_CYTOPLASMIC_MEDIATOR_ACTIVITY	0.27046993255252094			
GO_SPHINGOLIPID_TRANSFER_ACTIVITY	0.270469577647945			
GO_REGULATION_OF_NEUROTRANSMITTER_LEVELS	0.2704622029229234			
YAUCH_HEDGEHOG_SIGNALING_PARACRINE_DN	0.2704593220269326			
HJURP_TARGET_GENES	0.27045552264529304			
MIR6885_5P	0.27039848179608145			
GO_PEPTIDE_CROSS_LINKING	0.2703529340281047			
DAVICIONI_MOLECULAR_ARMS_VS_ERMS_DN	0.2703284457094242			
IPA_CHD3_UP	0.2703210734292046			
CCAATNNSNNNGCG_UNKNOWN	0.27031998426579473			
FOSTER_KDM1A_TARGETS_DN	0.2703029141305134			
GO_CELL_COMMUNICATION_BY_ELECTRICAL_COUPLING	0.2703028096976487			
GO_CARDIAC_MUSCLE_CELL_MEMBRANE_REPOLARIZATION	0.27026598637469			
GO_REGULATION_OF_SOMATIC_STEM_CELL_POPULATION_MAINTENANCE	0.2702458071839144			
GO_POSITIVE_REGULATION_OF_ENDOTHELIAL_CELL_DIFFERENTIATION	0.27022683020608573			
GO_ACYL_CARNITINE_TRANSMEMBRANE_TRANSPORTER_ACTIVITY	0.2702251677958509			
GO_ACYL_CARNITINE_TRANSPORT	0.2702251677958509			
GSE13485_CTRL_VS_DAY3_YF17D_VACCINE_PBMC_UP	0.2702185641348386			
GO_RESPONSE_TO_EPIDERMAL_GROWTH_FACTOR	0.27021204996039444			
KEGG_PROPANOATE_METABOLISM	0.2702043775425937			
REACTOME_VLDLR_INTERNALISATION_AND_DEGRADATION	0.2701939138315891			
GO_PRIMARY_AMINO_COMPOUND_BIOSYNTHETIC_PROCESS	0.2701893554107364			
GO_REGULATION_OF_INTRINSIC_APOPTOTIC_SIGNALING_PATHWAY_IN_RESPONSE_TO_OSMOTIC_STRESS	0.2701512393387833			
MIR4715_5P	0.27014476898210477			
STK33_NOMO_DN	0.270143680766645			
LIU_CMYB_TARGETS_UP	0.2701253711203982			
GO_NEUTRAL_LIPID_BIOSYNTHETIC_PROCESS	0.2701211815289646			
GO_STRIATED_MUSCLE_CONTRACTION	0.2701125143225492			
GO_MDA_5_SIGNALING_PATHWAY	0.27011064318989564			
GSE17721_CTRL_VS_CPG_1H_BMDC_UP	0.2701046743086604			
RIZ_ERYTHROID_DIFFERENTIATION_6HR	0.27009885731477556			
IPA_NR5A1_UP	0.27008769270876054			
LIANG_SILENCED_BY_METHYLATION_UP	0.2700675002734854			
LANDIS_ERBB2_BREAST_PRENEOPLASTIC_UP	0.2699947509868261			
GO_ANDROGEN_METABOLIC_PROCESS	0.2699903162667424			
PID_ARF_3PATHWAY	0.2699787552163346			
PPARA_01	0.2699713391551184			
GSE22611_MUTANT_NOD2_VS_CTRL_TRANSDUCED_HEK293T_CELL_DN	0.26996914338634476			
REACTOME_PHOSPHORYLATION_SITE_MUTANTS_OF_CTNNB1_ARE_NOT_TARGETED_TO_THE_PROTEASOME_BY_THE_DESTRUCTION_COMPLEX	0.26996503069113187			
DELACROIX_RAR_BOUND_ES	0.269947832298264			
GO_GLUTAMATE_SECRETION	0.269932874216518			
MCCABE_HOXC6_TARGETS_CANCER_DN	0.26992854589192256			
FOXN3_TARGET_GENES	0.2699173140987885			
GO_REGULATION_OF_LONG_TERM_NEURONAL_SYNAPTIC_PLASTICITY	0.2699151648640127			
REACTOME_CELL_CELL_COMMUNICATION	0.2699025796754796			
GO_OXIDOREDUCTASE_ACTIVITY_ACTING_ON_NAD_P_H_HEME_PROTEIN_AS_ACCEPTOR	0.2698952518584593			
GO_NEGATIVE_REGULATION_OF_TORC1_SIGNALING	0.269890999237836			
GSE33162_UNTREATED_VS_4H_LPS_STIM_HDAC3_HET_MACROPHAGE_UP	0.26988570981623966			
E4F1_Q6	0.2698767223849229			
GO_REGULATION_OF_RESPONSE_TO_FOOD	0.26987559352170204			
GSE19888_ADENOSINE_A3R_ACT_VS_TCELL_MEMBRANES_ACT_AND_A3R_INH_PRETREAT_IN_MAST_CELL_UP	0.2698635502136222			
GO_RESPONSE_TO_STILBENOID	0.26985971487583904			
REACTOME_TRANSCRIPTIONAL_REGULATION_BY_TP53	0.2698362174429773			
RPS14_DN.V1_DN	0.2698346995022562			
GSE5542_IFNG_VS_IFNA_TREATED_EPITHELIAL_CELLS_24H_UP	0.26981572347448596			
GO_NUCLEOSIDE_KINASE_ACTIVITY	0.2697982150603987			
REACTOME_TGF_BETA_RECEPTOR_SIGNALING_IN_EMT_EPITHELIAL_TO_MESENCHYMAL_TRANSITION	0.26978750738248536			
BIOCARTA_PTEN_PATHWAY	0.26976576471731456			
BOCHKIS_FOXA2_TARGETS	0.2697592043181638			
MIR4639_3P	0.26974081488744156			
GO_CELLULAR_RESPONSE_TO_INCREASED_OXYGEN_LEVELS	0.269726014448413			
GO_FATTY_ACID_BETA_OXIDATION_USING_ACYL_COA_DEHYDROGENASE	0.26970297654859715			
GO_MONOCARBOXYLIC_ACID_BIOSYNTHETIC_PROCESS	0.26970165935223067			
GO_EMBRYONIC_ORGAN_MORPHOGENESIS	0.2696937143789816			
GO_RETINOIC_ACID_RESPONSIVE_ELEMENT_BINDING	0.26966105651662914			
REACTOME_SMAC_XIAP_REGULATED_APOPTOTIC_RESPONSE	0.269616174442436			
ZBTB10_TARGET_GENES	0.2696108213941354			
GO_SODIUM_ION_TRANSMEMBRANE_TRANSPORTER_ACTIVITY	0.2696047090906723			
GSE8921_UNSTIM_VS_TLR1_2_STIM_MONOCYTE_6H_DN	0.26960378755762787			
GO_ALPHA_1_3_FUCOSYLTRANSFERASE_ACTIVITY	0.2695984869747182			
REACTOME_REGULATION_OF_INNATE_IMMUNE_RESPONSES_TO_CYTOSOLIC_DNA	0.2695907063428076			
GO_CELLULAR_RESPONSE_TO_HYPEROXIA	0.2695848705435119			
GO_REGULATION_OF_INTRACELLULAR_PROTEIN_TRANSPORT	0.26957247691011843			
CADWELL_ATG16L1_TARGETS_DN	0.26957158986419244			
WEST_ADRENOCORTICAL_TUMOR_DN	0.2695669233809792			
GO_UNSATURATED_FATTY_ACID_BIOSYNTHETIC_PROCESS	0.2695657041756385			
GO_NEGATIVE_REGULATION_OF_EMBRYONIC_DEVELOPMENT	0.26956292343309474			
MIR4638_5P	0.2695287175461285			
DING_LUNG_CANCER_BY_MUTATION_RATE	0.26952608827587293			
GO_NUCLEAR_CHROMOSOME	0.26951624954983133			
REACTOME_VITAMINS	0.2695160352634897			
GSE3982_EOSINOPHIL_VS_CENT_MEMORY_CD4_TCELL_DN	0.2694964903843254			
GO_POSITIVE_REGULATION_OF_RESPONSE_TO_EXTRACELLULAR_STIMULUS	0.26949477687365553			
ZFP91_TARGET_GENES	0.26948535186144645			
PAX3_01	0.26945981971761884			
GO_NEGATIVE_REGULATION_OF_EPITHELIAL_CELL_PROLIFERATION	0.26945137751078596			
GO_REGULATION_OF_MICROTUBULE_NUCLEATION	0.26944233328418915			
GO_CEREBRAL_CORTEX_GABAERGIC_INTERNEURON_DEVELOPMENT	0.2694324463412727			
GO_PRIMARY_MIRNA_PROCESSING	0.269419998435283			
GO_DENSE_CORE_GRANULE	0.26941345662652333			
GSE13485_CTRL_VS_DAY7_YF17D_VACCINE_PBMC_UP	0.26941098634311533			
IPA_EHMT2_UP	0.2694051116669119			
KLEIN_PRIMARY_EFFUSION_LYMPHOMA_UP	0.2693916271144761			
WENDT_COHESIN_TARGETS_UP	0.2693688390807273			
HALLMARK_PANCREAS_BETA_CELLS	0.26936621587725357			
GO_ASYMMETRIC_GLUTAMATERGIC_EXCITATORY_SYNAPSE	0.269361742865325			
GO_POSITIVE_REGULATION_OF_CELLULAR_PROTEIN_LOCALIZATION	0.2693611971570353			
GO_CRANIAL_SUTURE_MORPHOGENESIS	0.26935510982826777			
GO_TYPE_B_PANCREATIC_CELL_PROLIFERATION	0.2693245304299514			
GO_CELL_PROLIFERATION_INVOLVED_IN_HEART_MORPHOGENESIS	0.2693164895682327			
MIR6814_5P	0.26930304405099303			
GO_VITAMIN_B6_BINDING	0.2692883180460119			
WAGNER_APO2_SENSITIVITY	0.26928319905743947			
ZNF407_TARGET_GENES	0.2692756625394403			
REACTOME_PHASE_1_INACTIVATION_OF_FAST_NA_CHANNELS	0.26927329238519554			
GO_SODIUM_DEPENDENT_PHOSPHATE_TRANSMEMBRANE_TRANSPORTER_ACTIVITY	0.2692701876125553			
GO_OXYGEN_BINDING	0.26926261174285987			
GO_LAYER_FORMATION_IN_CEREBRAL_CORTEX	0.2692620404621828			
GO_DENDRITIC_SPINE_MORPHOGENESIS	0.2692227013982456			
REACTOME_METABOLISM_OF_NITRIC_OXIDE_ENOS_ACTIVATION_AND_REGULATION	0.2692126383266596			
GO_ESTABLISHMENT_OF_PROTEIN_LOCALIZATION_TO_PLASMA_MEMBRANE	0.2691954277659721			
GO_MAMMARY_GLAND_BRANCHING_INVOLVED_IN_PREGNANCY	0.26916685665358586			
GO_BORC_COMPLEX	0.2691480177708597			
FINETTI_BREAST_CANCERS_KINOME_GRAY	0.26914254228622564			
SHIRAISHI_PLZF_TARGETS_UP	0.2691401326272904			
GO_ER_NUCLEUS_SIGNALING_PATHWAY	0.2691355079325491			
GSE5589_LPS_VS_LPS_AND_IL6_STIM_IL10_KO_MACROPHAGE_45MIN_DN	0.2691306402938106			
IPA_PBX1_UP	0.26912523754208945			
GO_MICTURITION	0.2691231203101941			
GO_POSITIVE_REGULATION_OF_POSTTRANSCRIPTIONAL_GENE_SILENCING	0.26911230872503417			
IPA_RFX4_UP	0.26911049079914856			
GO_REGULATION_OF_TYPE_B_PANCREATIC_CELL_DEVELOPMENT	0.26906411661390867			
LEF1_Q6	0.26906009778423057			
GSE17721_CTRL_VS_PAM3CSK4_8H_BMDC_UP	0.2690585097895949			
GO_NEGATIVE_REGULATION_OF_DENDRITIC_SPINE_DEVELOPMENT	0.2690428953637159			
GO_RENAL_WATER_HOMEOSTASIS	0.26904187609966923			
GO_ENVELOPE	0.2690311851567557			
GSE9960_HEALTHY_VS_GRAM_POS_SEPSIS_PBMC_UP	0.2690016404280391			
CORRE_MULTIPLE_MYELOMA_DN	0.26899546369083815			
GO_POSITIVE_REGULATION_OF_DENDRITE_DEVELOPMENT	0.2689941430408643			
GO_UTP_METABOLIC_PROCESS	0.2689692681592249			
GO_NEGATIVE_REGULATION_OF_TRANSFORMING_GROWTH_FACTOR_BETA_PRODUCTION	0.2689635977949895			
ZHANG_RESPONSE_TO_CANTHARIDIN_DN	0.26895769512560397			
TBK1.DN.48HRS_UP	0.26893766630950633			
FONTAINE_THYROID_TUMOR_UNCERTAIN_MALIGNANCY_UP	0.2689245780052716			
IPA_POU4F1_DN	0.2689220687180254			
SEF1_C	0.2689014365344584			
MIR7108_5P	0.2688987030617856			
GO_POSITIVE_REGULATION_OF_DEFENSE_RESPONSE_TO_BACTERIUM	0.268897862025722			
GSE13547_WT_VS_ZFX_KO_BCELL_ANTI_IGM_STIM_12H_UP	0.2688804356556851			
GO_MYOSIN_V_BINDING	0.2688760973176717			
GSE21379_TFH_VS_NON_TFH_CD4_TCELL_DN	0.2688326264341758			
GO_MESENCHYMAL_STEM_CELL_PROLIFERATION	0.26883072194377194			
GO_PROTEIN_LOCALIZATION_TO_MICROTUBULE	0.26881500536248326			
GO_MYRISTOYL_COA_HYDROLASE_ACTIVITY	0.2688038511954166			
GO_POSITIVE_REGULATION_OF_BMP_SIGNALING_PATHWAY	0.26879283518206687			
IPA_SUZ12_DN	0.26879229521092424			
GO_ADENYLATE_KINASE_ACTIVITY	0.26878419563167966			
REACTOME_REGULATION_OF_GENE_EXPRESSION_IN_EARLY_PANCREATIC_PRECURSOR_CELLS	0.2687808062545772			
GO_PRE_MRNA_BINDING	0.2687739414540401			
GO_POSITIVE_REGULATION_OF_AMYLOID_PRECURSOR_PROTEIN_CATABOLIC_PROCESS	0.2687705018089529			
HEIDENBLAD_AMPLIFIED_IN_BONE_CANCER	0.2687360455335693			
LEE_TARGETS_OF_PTCH1_AND_SUFU_DN	0.26871921834096996			
REACTOME_FATTY_ACYL_COA_BIOSYNTHESIS	0.2687166181864521			
GO_REGULATION_OF_VESICLE_FUSION	0.2687108144292691			
GO_SPECTRIN_ASSOCIATED_CYTOSKELETON	0.26870033344174066			
GO_MALATE_METABOLIC_PROCESS	0.26869023480733295			
GSE42021_CD24HI_VS_CD24INT_TREG_THYMUS_UP	0.2686700655131525			
IPA_GATA2_UP	0.2686549210485039			
GO_ASSOCIATIVE_LEARNING	0.2686391608613805			
GO_REGULATION_OF_NEUROTRANSMITTER_SECRETION	0.26862706990187557			
MIR5704	0.26860860799697794			
GO_PROGESTERONE_RECEPTOR_SIGNALING_PATHWAY	0.26859204072514914			
NAGASHIMA_NRG1_SIGNALING_DN	0.26857905878031846			
IPA_PPARD_UP	0.26857552911504806			
GO_NEGATIVE_REGULATION_OF_AMYLOID_PRECURSOR_PROTEIN_CATABOLIC_PROCESS	0.26857505197314685			
REACTOME_SYNTHESIS_OF_PA	0.268563859643957			
GO_EMBRYONIC_DIGIT_MORPHOGENESIS	0.2685623072065806			
GSE7218_UNSTIM_VS_ANTIGEN_STIM_THROUGH_IGG_BCELL_UP	0.2685479687306942			
IPA_RUVBL1_UP	0.26854656278969835			
GO_NEURONAL_DENSE_CORE_VESICLE	0.2685412065287971			
GO_NEURAL_TUBE_FORMATION	0.26853892562507203			
MIR1321	0.26853851753595315			
GO_DIPEPTIDYL_PEPTIDASE_ACTIVITY	0.268537958589517			
GO_MICROTUBULE_NUCLEATION	0.2685371955333964			
GSE2770_IL12_AND_TGFB_ACT_VS_ACT_CD4_TCELL_48H_UP	0.26852463390722187			
GO_NEUROMUSCULAR_JUNCTION_DEVELOPMENT	0.2685245458009747			
BIOCARTA_TERC_PATHWAY	0.2685236842637454			
GO_SEGMENT_SPECIFICATION	0.2685210252851412			
REACTOME_ENOS_ACTIVATION	0.2685007543181593			
GO_MESENCHYMAL_CELL_DIFFERENTIATION_INVOLVED_IN_KIDNEY_DEVELOPMENT	0.26849232267733886			
GSE36392_EOSINOPHIL_VS_MAC_IL25_TREATED_LUNG_UP	0.2684756140984565			
RIGGINS_TAMOXIFEN_RESISTANCE_DN	0.26845717767234684			
GO_G0_TO_G1_TRANSITION	0.2684558303356419			
BIOCARTA_FXR_PATHWAY	0.2684349982731412			
GO_ACTIVATION_OF_NF_KAPPAB_INDUCING_KINASE_ACTIVITY	0.26843239310289796			
MIR3944_5P	0.2684226323432386			
GO_GALACTOLIPID_METABOLIC_PROCESS	0.2684224765038517			
PID_EPHA2_FWD_PATHWAY	0.2684058092956593			
BIOCARTA_EEA1_PATHWAY	0.26840356848066527			
BIOCARTA_ERBB4_PATHWAY	0.26839395639244695			
GO_CARBOHYDRATE_DERIVATIVE_TRANSMEMBRANE_TRANSPORTER_ACTIVITY	0.2683878061298074			
GO_APICAL_CORTEX	0.2683713987507418			
GO_REGULATION_OF_CARDIAC_VASCULAR_SMOOTH_MUSCLE_CELL_DIFFERENTIATION	0.268351847347274			
GO_EPITHELIAL_CELL_PROLIFERATION_INVOLVED_IN_SALIVARY_GLAND_MORPHOGENESIS	0.26835018190338433			
GSE25123_IL4_VS_IL4_AND_ROSIGLITAZONE_STIM_MACROPHAGE_DAY10_DN	0.26833972443038484			
IPA_SRF_DN	0.2683315492919582			
GO_TRANSCRIPTION_BY_RNA_POLYMERASE_III	0.2683288827696858			
GSE12366_PLASMA_CELL_VS_NAIVE_BCELL_UP	0.26832188305939103			
GO_NEGATIVE_REGULATION_OF_MESENCHYMAL_CELL_PROLIFERATION	0.2682865111293762			
GO_MICROBODY_LUMEN	0.2682721198061713			
GO_NK_T_CELL_PROLIFERATION	0.2682656205795988			
GO_NEGATIVE_REGULATION_OF_ASTROCYTE_DIFFERENTIATION	0.2682649277077233			
GO_GPI_LINKED_EPHRIN_RECEPTOR_ACTIVITY	0.2682461728912119			
MIR6090	0.26824057357598324			
DING_LUNG_CANCER_EXPRESSION_BY_COPY_NUMBER	0.26822534740232085			
GO_POSITIVE_REGULATION_OF_HAIR_CYCLE	0.26821866518567616			
GTCTACC_MIR379	0.2682023031003389			
GO_EXTRACELLULAR_MEMBRANE_BOUNDED_ORGANELLE	0.2681997851597639			
GO_GOLGI_CISTERNA	0.2681947972123403			
GO_POSITIVE_REGULATION_OF_GLYCOGEN_METABOLIC_PROCESS	0.268192907591508			
BRUNEAU_HEART_GREAT_VESSELS_AND_VALVULOGENESIS	0.26819266959132715			
GSE5589_LPS_AND_IL10_VS_LPS_AND_IL6_STIM_MACROPHAGE_45MIN_UP	0.26818368549130117			
HOXD11_TARGET_GENES	0.2681809057745553			
IPA_SALL3_DN	0.26818082358199863			
FERREIRA_EWINGS_SARCOMA_UNSTABLE_VS_STABLE_DN	0.2681701379249878			
KIM_PTEN_TARGETS_UP	0.26815478158598655			
GO_PREASSEMBLY_OF_GPI_ANCHOR_IN_ER_MEMBRANE	0.2681433845015642			
MIR186_3P	0.26813790485144			
GO_REGULATION_OF_STEM_CELL_PROLIFERATION	0.26813733389226996			
GO_CATALYTIC_ACTIVITY_ACTING_ON_A_RRNA	0.2681361445624784			
GO_G_QUADRUPLEX_DNA_BINDING	0.26810656103725716			
GSE3982_BCELL_VS_NKCELL_DN	0.26810139858640064			
IPA_E2F6_UP	0.268098632212175			
MIR564	0.26809727159095603			
REACTOME_TRANSPORT_OF_NUCLEOSIDES_AND_FREE_PURINE_AND_PYRIMIDINE_BASES_ACROSS_THE_PLASMA_MEMBRANE	0.26806960800189716			
BIOCARTA_PS1_PATHWAY	0.2680587220362502			
GO_MAINTENANCE_OF_GASTROINTESTINAL_EPITHELIUM	0.26802920169281363			
TBPL1_TARGET_GENES	0.26797225904175176			
GO_ACETYLCHOLINE_RECEPTOR_ACTIVITY	0.2679637347331136			
GO_MITOCHONDRIAL_RESPIRATORY_CHAIN_COMPLEX_IV_ASSEMBLY	0.2679480540461945			
GSE11057_PBMC_VS_MEM_CD4_TCELL_DN	0.26792689456282054			
JOHNSTONE_PARVB_TARGETS_3_UP	0.26791296912279106			
BROWNE_HCMV_INFECTION_20HR_UP	0.26788981314686794			
REACTOME_NEGATIVE_REGULATION_OF_ACTIVITY_OF_TFAP2_AP_2_FAMILY_TRANSCRIPTION_FACTORS	0.2678532859233619			
IPA_NR1H4_UP	0.26784810138928195			
GSE28726_NAIVE_VS_ACTIVATED_VA24NEG_NKTCELL_DN	0.26784652935093756			
GSE17721_LPS_VS_GARDIQUIMOD_1H_BMDC_DN	0.26783831165379607			
GO_RNA_POLYMERASE_III_TYPE_1_PROMOTER_DNA_BINDING	0.26782916823024255			
GO_POSITIVE_REGULATION_OF_PEROXISOME_PROLIFERATOR_ACTIVATED_RECEPTOR_SIGNALING_PATHWAY	0.26782400968424525			
GO_MICROVESICLE	0.26782318152762463			
GSE12392_CD8A_POS_VS_NEG_SPLEEN_DC_UP	0.2677922486059595			
REACTOME_CYTOSOLIC_SULFONATION_OF_SMALL_MOLECULES	0.26778087577151544			
GO_CORE_PROMOTER_SEQUENCE_SPECIFIC_DNA_BINDING	0.2677782395095994			
GO_LENS_MORPHOGENESIS_IN_CAMERA_TYPE_EYE	0.26776113863028783			
GO_CENTRIOLAR_SUBDISTAL_APPENDAGE	0.2677578619614062			
GO_PROTON_TRANSPORTING_TWO_SECTOR_ATPASE_COMPLEX_ASSEMBLY	0.26775670684723235			
RICKMAN_TUMOR_DIFFERENTIATED_MODERATELY_VS_POORLY_DN	0.26774928822325383			
GO_MPP7_DLG1_LIN7_COMPLEX	0.26772815725710314			
CTGAGCC_MIR24	0.2677242063300835			
CATRRAGC_UNKNOWN	0.26768588359356343			
GO_CTF18_RFC_LIKE_COMPLEX	0.2676626713414332			
GO_STEROID_DEHYDROGENASE_ACTIVITY	0.26766174642801926			
GO_NEGATIVE_REGULATION_OF_SOMATIC_STEM_CELL_POPULATION_MAINTENANCE	0.2676600145834929			
PID_EPHB_FWD_PATHWAY	0.2676431735582429			
ZNF592_TARGET_GENES	0.26762168254940266			
GO_AMYLOID_PRECURSOR_PROTEIN_METABOLIC_PROCESS	0.26762074692300153			
BECKER_TAMOXIFEN_RESISTANCE_DN	0.2675795793974608			
IPA_SIX5_UP	0.26753575562575466			
REACTOME_ASPARTATE_AND_ASPARAGINE_METABOLISM	0.2675208928955662			
chr1q41	0.267511122665987			
GO_REGULATION_OF_MYOFIBROBLAST_DIFFERENTIATION	0.26749754489721306			
GO_MYOFIBROBLAST_DIFFERENTIATION	0.26749754489721306			
GO_TRICARBOXYLIC_ACID_METABOLIC_PROCESS	0.26749259788511276			
ESC_V6.5_UP_LATE.V1_UP	0.26748434568530427			
GO_CENTRAL_NERVOUS_SYSTEM_NEURON_AXONOGENESIS	0.26746936360737966			
GO_POSITIVE_REGULATION_OF_LIPOPROTEIN_PARTICLE_CLEARANCE	0.2674525034783879			
GO_ACTIN_FILAMENT_BASED_MOVEMENT	0.2674506266346994			
SCHLINGEMANN_SKIN_CARCINOGENESIS_TPA_UP	0.26744949598466383			
GO_RESPONSE_TO_CAMPTOTHECIN	0.2674176735050521			
E2F_Q3	0.2673830524193535			
GO_CHEMOSENSORY_BEHAVIOR	0.2673806469790299			
GO_POSITIVE_REGULATION_OF_CATECHOLAMINE_METABOLIC_PROCESS	0.26737163664982083			
REACTOME_PRE_NOTCH_EXPRESSION_AND_PROCESSING	0.26735940648786166			
GO_IRON_COORDINATION_ENTITY_TRANSPORT	0.2673561810929208			
GO_REGULATION_OF_DNA_TEMPLATED_TRANSCRIPTION_IN_RESPONSE_TO_STRESS	0.2673286081919226			
DACOSTA_UV_RESPONSE_VIA_ERCC3_XPCS_UP	0.26730416561424875			
GO_REGULATION_OF_TELOMERE_MAINTENANCE_VIA_TELOMERE_LENGTHENING	0.267297652817487			
GO_NOTOCHORD_MORPHOGENESIS	0.2672967752601402			
WRN_TARGET_GENES	0.2672965165247364			
LIU_LIVER_CANCER	0.26729472293674156			
RIZ_ERYTHROID_DIFFERENTIATION_HEMGN	0.267291553586202			
GSE32533_WT_VS_MIR17_KO_ACT_CD4_TCELL_UP	0.26729037678572026			
GO_PERIPHERAL_NERVOUS_SYSTEM_DEVELOPMENT	0.26728907580294925			
GO_ANKYRIN_BINDING	0.26727401642923465			
GO_POSITIVE_REGULATION_OF_HISTONE_DEACETYLASE_ACTIVITY	0.267240542417302			
KEGG_ERBB_SIGNALING_PATHWAY	0.26722993226111946			
TEF1_Q6	0.2672212783719828			
EGR1_01	0.267214315386625			
GO_REGULATION_OF_HISTONE_DEACETYLASE_ACTIVITY	0.26721132022359484			
GSE3039_ALPHABETA_CD8_TCELL_VS_B2_BCELL_DN	0.2672098817297717			
ZAMORA_NOS2_TARGETS_DN	0.2672040488662512			
KOMMAGANI_TP63_GAMMA_TARGETS	0.2671979577878488			
GO_FATTY_ACYL_COA_METABOLIC_PROCESS	0.2671698181872366			
GO_MITOTIC_DNA_REPLICATION	0.26715989724938316			
GO_DRUG_METABOLIC_PROCESS	0.2671597520219544			
GO_FEMALE_MATING_BEHAVIOR	0.2671571800823949			
GO_CELLULAR_RESPONSE_TO_GONADOTROPIN_STIMULUS	0.26712080798253246			
GSE40274_FOXP3_VS_FOXP3_AND_LEF1_TRANSDUCED_ACTIVATED_CD4_TCELL_DN	0.26710962680998235			
GGCNRNWCTTYS_UNKNOWN	0.267101229255755			
MYLLYKANGAS_AMPLIFICATION_HOT_SPOT_8	0.267094220900976			
GO_POSITIVE_REGULATION_OF_HISTONE_H3_K4_METHYLATION	0.2670598541430788			
GSE32423_CTRL_VS_IL7_MEMORY_CD8_TCELL_UP	0.2670430983521818			
GO_ANCHORED_COMPONENT_OF_PRESYNAPTIC_MEMBRANE	0.266996511791109			
GO_ALDO_KETO_REDUCTASE_NADP_ACTIVITY	0.2669963362525411			
GSE29618_LAIV_VS_TIV_FLU_VACCINE_DAY7_BCELL_DN	0.26699270868980496			
IPA_ZBTB16_DN	0.2669813057303182			
GSE15735_CTRL_VS_HDAC_INHIBITOR_TREATED_CD4_TCELL_12H_UP	0.2669799876671671			
GO_POSTSYNAPTIC_SPECIALIZATION_MEMBRANE	0.26696909449317335			
GO_REGULATION_OF_HISTONE_H3_K4_METHYLATION	0.2669615716812049			
GO_MITOCHONDRIAL_RNA_3_END_PROCESSING	0.2669546333027608			
GO_REGULATION_OF_COENZYME_METABOLIC_PROCESS	0.2669491737492433			
RAMALHO_STEMNESS_UP	0.26694419951563236			
GO_TRANSCRIPTION_COREPRESSOR_BINDING	0.26691582774569284			
NKX61_01	0.2669157274171471			
GO_INNER_ACROSOMAL_MEMBRANE	0.26690954562596453			
GO_SENSORY_PERCEPTION_OF_BITTER_TASTE	0.266892404602739			
REACTOME_DEFECTIVE_LFNG_CAUSES_SCDO3	0.2668583406365615			
GO_PROTEIN_DEACETYLASE_ACTIVITY	0.2668480053145188			
GO_MITOTIC_SPINDLE_MIDZONE	0.2668425118133822			
GO_CIRCADIAN_SLEEP_WAKE_CYCLE_REM_SLEEP	0.26684017636449886			
ZFP82_TARGET_GENES	0.2668353213601694			
GSE369_SOCS3_KO_VS_WT_LIVER_POST_IL6_INJECTION_UP	0.2668337814907369			
GO_MANNOSYLTRANSFERASE_ACTIVITY	0.26683200075468677			
ZF5_01	0.2668079326003452			
GO_POSITIVE_REGULATION_OF_MITOCHONDRIAL_OUTER_MEMBRANE_PERMEABILIZATION_INVOLVED_IN_APOPTOTIC_SIGNALING_PATHWAY	0.266805434128727			
GO_ENDOPLASMIC_RETICULUM_SUBCOMPARTMENT	0.2668000179414955			
GO_RNA_POLYMERASE_II_PREINITIATION_COMPLEX_ASSEMBLY	0.2667997212533896			
GGGATGC_MIR3245P	0.2667967490018365			
GO_NAD_BINDING	0.26679188101869156			
GO_EXOCRINE_SYSTEM_DEVELOPMENT	0.2667894258357222			
GO_NEGATIVE_REGULATION_OF_SEQUESTERING_OF_TRIGLYCERIDE	0.2667559994064726			
GSE13485_PRE_VS_POST_YF17D_VACCINATION_PBMC_UP	0.2667451066539257			
REACTOME_CYP2E1_REACTIONS	0.26674352578916405			
MIR6887_3P	0.2667421437952569			
SIGMAR1_TARGET_GENES	0.26673008544239657			
GO_REGULATION_OF_APPETITE	0.26671553792382807			
GO_GOLGI_STACK	0.26671241594093087			
GO_SPINDLE_POLE_CENTROSOME	0.2667115492338595			
GO_COCHLEA_MORPHOGENESIS	0.26670862112309385			
GO_MAMMARY_GLAND_EPITHELIAL_CELL_DIFFERENTIATION	0.2666858803160483			
WATANABE_COLON_CANCER_MSI_VS_MSS_DN	0.2666832630435983			
chr12q13	0.26666487241467673			
MIR7151_3P	0.2666636571091745			
GO_ENDOSOME_TO_LYSOSOME_TRANSPORT_VIA_MULTIVESICULAR_BODY_SORTING_PATHWAY	0.2666603001620236			
GO_COPI_COATED_VESICLE_BUDDING	0.2666481216660606			
GO_EPITHELIAL_STRUCTURE_MAINTENANCE	0.2666445336487782			
GO_SHORT_TERM_MEMORY	0.26663934730523514			
GO_DNA_REPLICATION_DEPENDENT_NUCLEOSOME_ORGANIZATION	0.2666037310819724			
GSE17721_PAM3CSK4_VS_CPG_24H_BMDC_UP	0.26659681927951384			
GO_PROTEIN_METHYLATION	0.2665966086922073			
IPA_CUX1_UP	0.26659546972981074			
GO_COMMISSURAL_NEURON_AXON_GUIDANCE	0.26659396006992686			
GO_L_KYNURENINE_METABOLIC_PROCESS	0.26659221081280354			
GO_STEROL_TRANSPORT	0.2665813350670278			
REACTOME_DOPAMINE_RECEPTORS	0.266570679800932			
GO_CELLULAR_RESPONSE_TO_XENOBIOTIC_STIMULUS	0.2665560276587075			
GO_PROGESTERONE_BIOSYNTHETIC_PROCESS	0.2665542912041375			
GO_PROTEIN_LOCALIZATION_TO_PRESYNAPSE	0.26653738604218924			
SWEET_KRAS_TARGETS_DN	0.2665357394243607			
GSE37301_MULTIPOTENT_PROGENITOR_VS_CD4_TCELL_DN	0.26653489737144337			
IPA_NKX3-1_UP	0.26653249578728067			
TAGHAVI_NEOPLASTIC_TRANSFORMATION	0.2665287157297074			
GROSS_HYPOXIA_VIA_ELK3_ONLY_DN	0.26651977322199827			
PTPRA_TARGET_GENES	0.26651406059365534			
MIR4640_3P	0.266505017339774			
IPA_NSD1_UP	0.26649635535414157			
GO_MRNA_BINDING	0.2664835950518803			
GSE2405_S_AUREUS_VS_A_PHAGOCYTOPHILUM_NEUTROPHIL_DN	0.266445521070366			
MIR3170	0.2664291860129968			
REACTOME_SYNTHESIS_OF_KETONE_BODIES	0.26637064812157063			
TITF1_Q3	0.26636118547197923			
GO_NUCLEOSIDE_TRANSPORT	0.2663554261834983			
SANA_TNF_SIGNALING_DN	0.2663506087502246			
GO_ACID_THIOL_LIGASE_ACTIVITY	0.2663269399986012			
GO_LYSOPHOSPHOLIPID_ACYLTRANSFERASE_ACTIVITY	0.26630585840882715			
GO_NEGATIVE_REGULATION_OF_NUCLEOTIDE_METABOLIC_PROCESS	0.26630350393194274			
GO_SODIUM_ION_EXPORT_ACROSS_PLASMA_MEMBRANE	0.266289715049406			
GO_POSITIVE_REGULATION_OF_INHIBITORY_POSTSYNAPTIC_POTENTIAL	0.2662813074475095			
GSE39820_TGFBETA1_VS_TGFBETA3_IN_IL6_TREATED_CD4_TCELL_DN	0.26627969089262066			
GO_CYCLOOXYGENASE_PATHWAY	0.26627607490983407			
GSE14350_TREG_VS_TEFF_DN	0.2662737838048225			
KAPOSI_LIVER_CANCER_MET_DN	0.26625816186968937			
GO_DOPAMINE_RECEPTOR_BINDING	0.2662579867189628			
GO_G_PROTEIN_COUPLED_AMINE_RECEPTOR_ACTIVITY	0.26625776614894847			
MEISSNER_NPC_ICP_WITH_H3K4ME3	0.2662558179711118			
IPA_PPARA_DN	0.266247001805863			
GO_PROTEIN_MATURATION_BY_IRON_SULFUR_CLUSTER_TRANSFER	0.26622877456782723			
GO_IN_UTERO_EMBRYONIC_DEVELOPMENT	0.26620898222219513			
TIAN_TNF_SIGNALING_NOT_VIA_NFKB	0.266191170662566			
GO_SELF_PROTEOLYSIS	0.2661830838702155			
CREB_Q2_01	0.2661778838622326			
GO_LONG_CHAIN_FATTY_ACYL_COA_BINDING	0.26616845211275764			
GSE5589_WT_VS_IL10_KO_LPS_AND_IL6_STIM_MACROPHAGE_45MIN_UP	0.2661585388261066			
GO_NEGATIVE_REGULATION_OF_INTRINSIC_APOPTOTIC_SIGNALING_PATHWAY_IN_RESPONSE_TO_OSMOTIC_STRESS	0.2661159347656911			
REACTOME_RNA_POLYMERASE_II_TRANSCRIPTION_TERMINATION	0.26611419794529734			
MEIS1BHOXA9_01	0.266107355927695			
GO_LOW_DENSITY_LIPOPROTEIN_PARTICLE_RECEPTOR_CATABOLIC_PROCESS	0.26609732091744076			
SCHAEFFER_PROSTATE_DEVELOPMENT_12HR_UP	0.266086844898866			
GO_TRANSFERASE_ACTIVITY_TRANSFERRING_NITROGENOUS_GROUPS	0.26607098821504915			
REACTOME_TCF_DEPENDENT_SIGNALING_IN_RESPONSE_TO_WNT	0.26606969953538684			
GO_ACTIN_MEDIATED_CELL_CONTRACTION	0.2660578320429556			
IPA_KDM4C_UP	0.26605682531445995			
IPA_KAT7_DN	0.26605682531445995			
GSE29164_UNTREATED_VS_CD8_TCELL_AND_IL12_TREATED_MELANOMA_DAY3_UP	0.2660535549794049			
GO_PEROXISOME_ORGANIZATION	0.2660502071353698			
REACTOME_CREB1_PHOSPHORYLATION_THROUGH_NMDA_RECEPTOR_MEDIATED_ACTIVATION_OF_RAS_SIGNALING	0.2660314852693654			
GSE43955_TH0_VS_TGFB_IL6_TH17_ACT_CD4_TCELL_42H_DN	0.26602268692854597			
GO_RECEPTOR_MEDIATED_ENDOCYTOSIS_INVOLVED_IN_CHOLESTEROL_TRANSPORT	0.266016930627171			
MIR4313	0.26601493650556274			
IPA_GRHL1_UP	0.26601005011514295			
AAAYRNCTG_UNKNOWN	0.2660095070569067			
LHX3_01	0.2659913736025029			
GO_NEGATIVE_REGULATION_OF_AMYLOID_BETA_FORMATION	0.26598596414009307			
GO_SENSORY_PERCEPTION_OF_LIGHT_STIMULUS	0.2659808756300797			
GO_NEGATIVE_REGULATION_OF_VASCULAR_ASSOCIATED_SMOOTH_MUSCLE_CELL_APOPTOTIC_PROCESS	0.2659807181856826			
GO_FRUCTOSE_BINDING	0.2659528128176049			
GO_MOTOR_ACTIVITY	0.2659502101123446			
chr12p11	0.26594744193961833			
OHGUCHI_LIVER_HNF4A_TARGETS_DN	0.2659425536882857			
GO_PEPTIDYL_LYSINE_DIMETHYLATION	0.2659381483991757			
GSE43955_TH0_VS_TGFB_IL6_TH17_ACT_CD4_TCELL_52H_DN	0.2659349822282913			
GO_ORGANOPHOSPHATE_METABOLIC_PROCESS	0.26592359904191115			
GSE28449_WT_VS_LRF_KO_GERMINAL_CENTER_BCELL_UP	0.2658943569192298			
MIR4786_3P	0.2658736006688957			
GO_MACROMOLECULE_TRANSMEMBRANE_TRANSPORTER_ACTIVITY	0.2658725933100345			
GO_STEROID_HORMONE_BINDING	0.265857779231646			
GSE26488_CTRL_VS_PEPTIDE_INJECTION_HDAC7_DELTAP_TG_OT2_THYMOCYTE_DN	0.26584614066095846			
YORDY_RECIPROCAL_REGULATION_BY_ETS1_AND_SP100_UP	0.2658256889645179			
MIR200B_5P	0.2658248337060528			
MOREAUX_B_LYMPHOCYTE_MATURATION_BY_TACI_UP	0.26581808443953225			
GO_MONOVALENT_INORGANIC_CATION_TRANSMEMBRANE_TRANSPORTER_ACTIVITY	0.2658041245227635			
GO_INORGANIC_ANION_TRANSPORT	0.26579631168523116			
MARKEY_RB1_CHRONIC_LOF_UP	0.26579169680037085			
GO_G_QUADRUPLEX_DNA_UNWINDING	0.2657877148461481			
MIR219A_2_3P	0.26577820811206543			
IPA_SMYD3_UP	0.265750442736234			
GO_PLASMA_MEMBRANE_RAFT_ORGANIZATION	0.26572088594877047			
GSE7460_TREG_VS_TCONV_ACT_WITH_TGFB_UP	0.26571672329267			
GO_NOSE_DEVELOPMENT	0.2656847196547465			
OSADA_ASCL1_TARGETS_UP	0.2656800781941632			
TESAR_ALK_TARGETS_HUMAN_ES_5D_UP	0.265659336889875			
GSE17721_LPS_VS_CPG_4H_BMDC_UP	0.2656591905174106			
GO_SEROTONIN_GATED_CATION_SELECTIVE_CHANNEL_ACTIVITY	0.26565781328219273			
MOROSETTI_FACIOSCAPULOHUMERAL_MUSCULAR_DISTROPHY_DN	0.26563517768865164			
GO_NEGATIVE_REGULATION_OF_NEURAL_PRECURSOR_CELL_PROLIFERATION	0.2656332262209979			
GO_MITOCHONDRIAL_SMALL_RIBOSOMAL_SUBUNIT	0.2656157370048453			
MIR4763_5P	0.26561377869445735			
REACTOME_SYNTHESIS_OF_BILE_ACIDS_AND_BILE_SALTS_VIA_7ALPHA_HYDROXYCHOLESTEROL	0.2655937479402296			
GO_REGULATION_OF_IRON_ION_TRANSMEMBRANE_TRANSPORT	0.26556784103292486			
MIR3127_3P	0.26555411181920663			
IPA_ELK1_UP	0.26554912639411316			
GO_VASCULOGENESIS_INVOLVED_IN_CORONARY_VASCULAR_MORPHOGENESIS	0.26554092081760067			
GO_ENDOSOME_TO_LYSOSOME_TRANSPORT	0.2655377264348523			
GO_ACTIN_DEPENDENT_ATPASE_ACTIVITY	0.26553771759053657			
REACTOME_TRANSPORT_OF_VITAMINS_NUCLEOSIDES_AND_RELATED_MOLECULES	0.265529866221486			
REACTOME_RHO_GTPASES_ACTIVATE_PKNS	0.26552212486223253			
GSE15659_RESTING_TREG_VS_NONSUPPRESSIVE_TCELL_UP	0.26550877826719044			
GLI4_TARGET_GENES	0.26548133350886616			
KEGG_BETA_ALANINE_METABOLISM	0.2654644693671898			
GSE2405_0H_VS_1.5H_A_PHAGOCYTOPHILUM_STIM_NEUTROPHIL_UP	0.2654565410095602			
SPZ1_01	0.26544342024054995			
PAX2_02	0.2654432023088658			
GO_MICROBODY	0.2654369868710978			
GO_TUBE_CLOSURE	0.2654313306126859			
GSE22611_UNSTIM_VS_6H_MDP_STIM_NOD2_TRANSDUCED_HEK293T_CELL_UP	0.2654311615107377			
GO_PEPTIDASE_INHIBITOR_COMPLEX	0.2654296498117551			
REACTOME_CHYLOMICRON_CLEARANCE	0.26542317700296764			
ZNF140_TARGET_GENES	0.26542266377945734			
GO_PRC1_COMPLEX	0.265412416959329			
GO_RETINAL_CONE_CELL_DIFFERENTIATION	0.2654034748593453			
GO_POSITIVE_REGULATION_OF_INSULIN_SECRETION	0.26539588572007355			
GO_SPONTANEOUS_NEUROTRANSMITTER_SECRETION	0.26538688508915065			
GSE3982_CENT_MEMORY_CD4_TCELL_VS_NKCELL_UP	0.2653837927572915			
GO_OMEGA_HYDROXYLASE_P450_PATHWAY	0.265363630645371			
REACTOME_RESOLUTION_OF_ABASIC_SITES_AP_SITES	0.26535515284514977			
GO_PROTEIN_LOCALIZATION_TO_LYSOSOME	0.2653483159198538			
GO_XENOPHAGY	0.26534723078437616			
IPA_BHLHE41_DN	0.2653467420581478			
GO_MITOCHONDRION_DISTRIBUTION	0.2653460814738519			
TGIF_01	0.2653396742759784			
GO_CALCIUM_CHANNEL_INHIBITOR_ACTIVITY	0.26532419569047266			
GO_POSITIVE_REGULATION_OF_EPITHELIAL_CELL_PROLIFERATION_INVOLVED_IN_LUNG_MORPHOGENESIS	0.2653177514854994			
GO_ESTABLISHMENT_OF_ENDOTHELIAL_BLOOD_BRAIN_BARRIER	0.2652918741389987			
MIR6756_3P	0.26528851209470306			
GO_ATP_DEPENDENT_PROTEIN_BINDING	0.2652793817484277			
MOOTHA_MITOCHONDRIA	0.26525452935024485			
GSE3565_CTRL_VS_LPS_INJECTED_SPLENOCYTES_DN	0.2652516917787271			
REACTOME_NETRIN_MEDIATED_REPULSION_SIGNALS	0.2652383167716381			
PURBEY_TARGETS_OF_CTBP1_NOT_SATB1_DN	0.26523639128155924			
GSE22886_NAIVE_CD4_TCELL_VS_MEMORY_TCELL_UP	0.2652157781126976			
MIR625_5P	0.26520126007324685			
SCGGAAGY_ELK1_02	0.26520055643331053			
MIR1237_5P_MIR4488	0.26519782067852765			
GO_POSITIVE_REGULATION_OF_TELOMERE_MAINTENANCE	0.26519769986381			
PID_ERBB2_ERBB3_PATHWAY	0.2651659637484939			
GO_REGULATION_OF_CELLULAR_RESPONSE_TO_OSMOTIC_STRESS	0.2651484747366507			
REACTOME_RHO_GTPASES_ACTIVATE_KTN1	0.26514781963747813			
LEE_LIVER_CANCER_E2F1_DN	0.2651346936881195			
GO_SECRETION_BY_TISSUE	0.265125020224866			
ER_Q6_01	0.2651033396150528			
GO_NEGATIVE_REGULATION_OF_GLYCOLYTIC_PROCESS	0.2651005778450501			
MATZUK_SPERMATID_DIFFERENTIATION	0.2650793724877277			
GSE2770_IL12_VS_IL4_TREATED_ACT_CD4_TCELL_6H_UP	0.26507611466265746			
YAMAZAKI_TCEB3_TARGETS_DN	0.26506303484675703			
CCANNAGRKGGC_UNKNOWN	0.2650599731912054			
WAKABAYASHI_ADIPOGENESIS_PPARG_RXRA_BOUND_8D	0.265046567012309			
MIR3184_5P	0.2650262212266418			
GO_REGULATION_OF_MUSCLE_CONTRACTION	0.2650170946238225			
GO_CELLULAR_AMINO_ACID_METABOLIC_PROCESS	0.2650126805212661			
GO_QUINONE_BINDING	0.264991053425396			
GO_GLAND_MORPHOGENESIS	0.26497092318749654			
GO_GTP_RHO_BINDING	0.2649627414799503			
GO_PEPTIDYL_SERINE_AUTOPHOSPHORYLATION	0.26496220024159295			
IPA_PSMB1_UP	0.26495095259766877			
GSE37336_LY6C_POS_VS_NEG_NAIVE_CD4_TCELL_DN	0.26494033507751297			
GO_PRE_REPLICATIVE_COMPLEX_ASSEMBLY_INVOLVED_IN_CELL_CYCLE_DNA_REPLICATION	0.26492819823659525			
GO_REGULATION_OF_DENDRITE_MORPHOGENESIS	0.26492411333945765			
GO_MEMBRANE_REPOLARIZATION_DURING_ACTION_POTENTIAL	0.264908860603496			
GO_ATP_DEPENDENT_CHROMATIN_REMODELING	0.2648990198793993			
REACTOME_REGULATION_OF_TP53_ACTIVITY_THROUGH_ACETYLATION	0.264894993673054			
GO_ESTABLISHMENT_OR_MAINTENANCE_OF_BIPOLAR_CELL_POLARITY	0.2648828963350284			
IPA_NFATC3_UP	0.2648657081252363			
GO_REGIONALIZATION	0.26482735657478573			
HSIAO_LIVER_SPECIFIC_GENES	0.26482331338886195			
GO_PROTEIN_LOCALIZATION_TO_AXON	0.2648232119495511			
AP4_01	0.2648216281713541			
GO_CALMODULIN_DEPENDENT_KINASE_SIGNALING_PATHWAY	0.26482096262531357			
GO_GLUTAMATE_RECEPTOR_ACTIVITY	0.2648117833186692			
GO_G_PROTEIN_COUPLED_GLUTAMATE_RECEPTOR_ACTIVITY	0.26481095419210054			
GO_METANEPHRIC_TUBULE_FORMATION	0.26478305757970627			
GSE13485_DAY3_VS_DAY7_YF17D_VACCINE_PBMC_UP	0.26478068911533437			
AKT_UP_MTOR_DN.V1_DN	0.26477521519862723			
KEGG_SPLICEOSOME	0.2647667607743488			
GSE28737_BCL6_HET_VS_BCL6_KO_FOLLICULAR_BCELL_UP	0.2647361705556349			
GSE36476_YOUNG_VS_OLD_DONOR_MEMORY_CD4_TCELL_DN	0.2647171799176597			
MIR4498	0.26470461479032753			
GO_TETRAHYDROFOLATE_BIOSYNTHETIC_PROCESS	0.2646831017672458			
GO_NEURON_REMODELING	0.26466680270492865			
IPA_NKX6-1_DN	0.2646536845358971			
GSE17721_12H_VS_24H_LPS_BMDC_DN	0.2646368171790639			
GSE5589_UNSTIM_VS_45MIN_LPS_AND_IL6_STIM_MACROPHAGE_DN	0.26463127190404273			
GO_PEROXISOME_FISSION	0.26461147245996525			
GO_CEREBELLAR_CORTEX_DEVELOPMENT	0.2646076882606537			
GO_SIN3_COMPLEX	0.2646000631154475			
GO_NEGATIVE_REGULATION_OF_TOR_SIGNALING	0.26459340643561574			
ZFP36L1_TARGET_GENES	0.26458883338721695			
GSE13887_RESTING_VS_NO_TREATED_CD4_TCELL_UP	0.2645859747530112			
GO_POSITIVE_REGULATION_OF_ARACHIDONIC_ACID_SECRETION	0.26458327324561287			
GO_RESPONSE_TO_DEXAMETHASONE	0.26457458508187276			
MIR600	0.2645610849671888			
IPA_NR0B2_UP	0.26455884898801			
GO_POTASSIUM_ION_TRANSMEMBRANE_TRANSPORTER_ACTIVITY	0.2645585166921695			
GO_ORGANELLE_INNER_MEMBRANE	0.2645466695548437			
IPA_THRA_UP	0.2645189951734617			
STEIN_ESRRA_TARGETS_DN	0.26451490262743266			
GO_DENDRITE_DEVELOPMENT	0.2645042102916406			
GO_BILE_ACID_SECRETION	0.264495919650881			
GO_MAGNESIUM_ION_TRANSMEMBRANE_TRANSPORTER_ACTIVITY	0.26447734480767876			
JOHANSSON_BRAIN_CANCER_EARLY_VS_LATE_DN	0.2644109917780673			
TCCATTKW_UNKNOWN	0.2644069843570027			
GO_D2_DOPAMINE_RECEPTOR_BINDING	0.2643975161266679			
GO_SENSORY_PERCEPTION_OF_TASTE	0.26438684470685486			
GSE25088_CTRL_VS_IL4_AND_ROSIGLITAZONE_STIM_STAT6_KO_MACROPHAGE_UP	0.26438615671515964			
PAX3_B	0.2643783399815438			
GSE22886_IL2_VS_IL15_STIM_NKCELL_UP	0.2643736295454322			
GO_VITAMIN_K_METABOLIC_PROCESS	0.26436449645515625			
GO_HYPEROSMOTIC_RESPONSE	0.2643608096449386			
GO_PHOSPHATASE_ACTIVATOR_ACTIVITY	0.2643524845483453			
GO_PROTON_TRANSPORTING_ATP_SYNTHASE_COMPLEX_COUPLING_FACTOR_F_O	0.26434743617284356			
GO_CELLULAR_SPHINGOLIPID_HOMEOSTASIS	0.2643440872149212			
GSE10422_WT_VS_BAFF_TRANSGENIC_LN_BCELL_UP	0.26433796491706163			
REACTOME_THYROXINE_BIOSYNTHESIS	0.2643171232156888			
GO_REGULATION_OF_CEREBELLAR_GRANULE_CELL_PRECURSOR_PROLIFERATION	0.2643152266132704			
GO_MITOTIC_CYTOKINETIC_PROCESS	0.2642985146757564			
GO_BILE_ACID_BIOSYNTHETIC_PROCESS	0.2642900418306734			
GO_REGULATION_OF_PROTEIN_KINASE_A_SIGNALING	0.2642880363880402			
IPA_HMGA1_UP	0.2642880056580458			
GO_AXOLEMMA	0.26427589472064045			
GO_GASTRO_INTESTINAL_SYSTEM_SMOOTH_MUSCLE_CONTRACTION	0.2642544748815811			
GO_INTESTINAL_EPITHELIAL_CELL_DIFFERENTIATION	0.2642540260745198			
GO_CERAMIDASE_ACTIVITY	0.2642403797944903			
GO_PHOSPHATIDYLINOSITOL_3_KINASE_REGULATORY_SUBUNIT_BINDING	0.26423699394311617			
GO_POSITIVE_REGULATION_OF_INTRACELLULAR_TRANSPORT	0.26422150952637186			
WANG_CLIM2_TARGETS_DN	0.264219333041726			
REACTOME_MISCELLANEOUS_TRANSPORT_AND_BINDING_EVENTS	0.26420737555113305			
NRF2_Q4	0.2642004933992562			
GO_ENDODEOXYRIBONUCLEASE_ACTIVITY	0.26417961846406046			
GO_PENTOSE_METABOLIC_PROCESS	0.2641676304103102			
GO_NUCLEOSIDE_SALVAGE	0.2641604217464185			
IPA_SP100_DN	0.2641432284934427			
IPA_BNC1_DN	0.2641432284934427			
IPA_PSMC6_UP	0.2641432284934427			
REACTOME_PEROXISOMAL_PROTEIN_IMPORT	0.2641368806371031			
MIR4427	0.26413662360740414			
GSE33162_HDAC3_KO_VS_HDAC3_KO_4H_LPS_STIM_MACROPHAGE_DN	0.26412849602142496			
GO_MEMBRANE_REPOLARIZATION_DURING_VENTRICULAR_CARDIAC_MUSCLE_CELL_ACTION_POTENTIAL	0.26412794706697373			
REACTOME_PHASE_3_RAPID_REPOLARISATION	0.2641120156150082			
YBX1_TARGET_GENES	0.2641104750141139			
GO_PEROXIREDOXIN_ACTIVITY	0.26410875626495295			
GSE42021_TCONV_PLN_VS_CD24LO_TCONV_THYMUS_UP	0.2641035658811168			
DCA_UP.V1_DN	0.26408355703288233			
GO_AMYLOID_BETA_METABOLIC_PROCESS	0.26407335818197064			
GO_TRANS_GOLGI_NETWORK_TRANSPORT_VESICLE_MEMBRANE	0.26407319721579947			
GO_RDNA_HETEROCHROMATIN	0.2640523026465602			
REACTOME_DOPAMINE_NEUROTRANSMITTER_RELEASE_CYCLE	0.264051310025281			
GO_DYNEIN_INTERMEDIATE_CHAIN_BINDING	0.26403341194598595			
GO_POSITIVE_REGULATION_OF_ERBB_SIGNALING_PATHWAY	0.26400966788779473			
GO_REGULATION_OF_CARBOHYDRATE_CATABOLIC_PROCESS	0.2640061496316143			
GO_QUINONE_METABOLIC_PROCESS	0.26400121592857373			
GO_EMBRYONIC_AXIS_SPECIFICATION	0.2639747646594354			
GO_GLUTATHIONE_METABOLIC_PROCESS	0.2639607367826794			
GSE17721_CTRL_VS_POLYIC_2H_BMDC_DN	0.26395423585991507			
ATF3_Q6	0.2639402250862003			
GO_REGULATION_OF_LIPOPROTEIN_PARTICLE_CLEARANCE	0.2639390879159402			
REACTOME_MTOR_SIGNALLING	0.26393480714201967			
GO_POSITIVE_REGULATION_OF_FAT_CELL_DIFFERENTIATION	0.26392261858072585			
TCCCCAC_MIR491	0.2639151753016577			
ACACTAC_MIR1423P	0.2639143403820575			
E2F_Q3_01	0.2639057140021482			
STK33_DN	0.2639047955992028			
GO_ISOPRENOID_BINDING	0.2638904623307339			
GSE36078_WT_VS_IL1R_KO_LUNG_DC_AFTER_AD5_T425A_HEXON_INF_DN	0.2638752020447509			
GO_RNA_POLYMERASE_II_TRANSCRIPTION_FACTOR_COMPLEX	0.2638647660145742			
GO_ENDONUCLEOLYTIC_CLEAVAGE_INVOLVED_IN_RRNA_PROCESSING	0.2638580161219356			
MIR4473	0.26385295890914756			
GSE45365_WT_VS_IFNAR_KO_CD11B_DC_MCMV_INFECTION_UP	0.26384454488406495			
GO_POSITIVE_REGULATION_OF_TRANSCRIPTION_BY_RNA_POLYMERASE_II	0.2638377294797231			
HDAC3_TARGET_GENES	0.26383613404640865			
GO_IRES_DEPENDENT_VIRAL_TRANSLATIONAL_INITIATION	0.2638244881896241			
MIR1275	0.26381874236321395			
GO_MLL3_4_COMPLEX	0.26381160198530723			
IK2_01	0.263801262102137			
GO_REGULATION_OF_AMINO_ACID_TRANSPORT	0.26379557947423693			
GO_ACID_PHOSPHATASE_ACTIVITY	0.26377845706301994			
NIKOLSKY_BREAST_CANCER_17Q11_Q21_AMPLICON	0.26376057531444336			
GO_SENSORY_ORGAN_DEVELOPMENT	0.26374923770956665			
GO_PHOSPHATIDYLETHANOLAMINE_METABOLIC_PROCESS	0.2637403138115013			
IPA_SIM2_UP	0.2637328628946043			
GO_ADRENERGIC_RECEPTOR_ACTIVITY	0.2637277683101531			
KEGG_BASE_EXCISION_REPAIR	0.263724631711985			
IL21_UP.V1_DN	0.26371167780901705			
MAPK3_TARGET_GENES	0.26366650667770075			
GO_EXOCYST	0.26366080811503534			
IPA_MZF1_UP	0.263658052293298			
REACTOME_BETA_CATENIN_PHOSPHORYLATION_CASCADE	0.26364163689010645			
GO_ADULT_LOCOMOTORY_BEHAVIOR	0.2636120179763371			
GO_TRANSCRIPTIONAL_PREINITIATION_COMPLEX	0.2635955706144376			
MARTINEZ_RB1_TARGETS_DN	0.263588342108755			
CHEMELLO_SOLEUS_VS_EDL_MYOFIBERS_DN	0.26358404051716083			
MEK_UP.V1_DN	0.26357617655505977			
GO_REGULATION_OF_APOPTOTIC_SIGNALING_PATHWAY	0.26356207189250475			
GO_CIRCADIAN_SLEEP_WAKE_CYCLE	0.2635420575138433			
MIR4796_5P	0.2635276281769777			
GSE27786_BCELL_VS_ERYTHROBLAST_DN	0.26350452197855145			
RREB1_01	0.2635030606598012			
CAGGGTC_MIR504	0.2635011312856621			
REACTOME_SIGNALING_BY_TGF_BETA_RECEPTOR_COMPLEX	0.26349708920466075			
GO_NEUROTRANSMITTER_RECEPTOR_REGULATOR_ACTIVITY	0.2634866604610008			
IPA_NFIL3_DN	0.2634829885928237			
GO_POSITIVE_REGULATION_OF_PRODUCTION_OF_MIRNAS_INVOLVED_IN_GENE_SILENCING_BY_MIRNA	0.26348002969175965			
GO_PRESYNAPTIC_ACTIVE_ZONE_ORGANIZATION	0.26347304282141276			
GSE19888_CTRL_VS_A3R_ACTIVATION_MAST_CELL_UP	0.2634581077723431			
GO_GABA_RECEPTOR_COMPLEX	0.2634535680671025			
HOXD1_TARGET_GENES	0.26345259600473575			
REACTOME_DEFECTIVE_EXT2_CAUSES_EXOSTOSES_2	0.26345190244105143			
GO_POTASSIUM_CHANNEL_COMPLEX	0.26344097441407444			
BIOCARTA_VDR_PATHWAY	0.2634297221202116			
GO_DEACETYLASE_ACTIVITY	0.2634294194561114			
GO_SARCOMERE_ORGANIZATION	0.26342111413334984			
GO_POSITIVE_REGULATION_OF_HEAT_GENERATION	0.2633962693006784			
ZNF134_TARGET_GENES	0.26338695328710227			
BIOCARTA_SPRY_PATHWAY	0.26338516150828006			
MIR3157_5P	0.263363368982603			
GO_POSITIVE_REGULATION_OF_MEMBRANE_POTENTIAL	0.2633487218576139			
GO_SERTOLI_CELL_DEVELOPMENT	0.26334748493505283			
THUM_SYSTOLIC_HEART_FAILURE_DN	0.2633356287496761			
GSE2405_HEAT_KILLED_VS_LIVE_A_PHAGOCYTOPHILUM_STIM_NEUTROPHIL_9H_UP	0.2633313436625055			
GO_CELLULAR_MAGNESIUM_ION_HOMEOSTASIS	0.263328314750351			
ONDER_CDH1_TARGETS_1_UP	0.26329308078785457			
IPA_CTNNB1_DN	0.26328087395110833			
NAKAYAMA_SOFT_TISSUE_TUMORS_PCA2_DN	0.2632771137245698			
GSE33162_UNTREATED_VS_4H_LPS_STIM_HDAC3_HET_MACROPHAGE_DN	0.2632585063217744			
GO_CELLULAR_RESPONSE_TO_ARSENIC_CONTAINING_SUBSTANCE	0.26325337180135816			
ZSCAN30_TARGET_GENES	0.2632505278265321			
GO_OTIC_VESICLE_FORMATION	0.2632411410700022			
GO_N_TERMINAL_PROTEIN_AMINO_ACID_MODIFICATION	0.26323758834050953			
MIR1343_5P	0.2632356618621949			
GAJATE_RESPONSE_TO_TRABECTEDIN_DN	0.2632212623428923			
MYLLYKANGAS_AMPLIFICATION_HOT_SPOT_2	0.26322067128420085			
KEGG_LONG_TERM_DEPRESSION	0.26321087642718033			
GO_NUCLEOTIDE_SUGAR_TRANSMEMBRANE_TRANSPORT	0.26321042722231125			
GO_UTERUS_MORPHOGENESIS	0.2632037609742784			
GSE40441_NRP1_POS_INDUCED_TREG_VS_NRP1_NEG_NATURAL_TREG_UP	0.2631956855557444			
GO_POSITIVE_REGULATION_OF_CYCLIC_NUCLEOTIDE_PHOSPHODIESTERASE_ACTIVITY	0.2631871127664723			
GO_REGULATION_OF_RESTING_MEMBRANE_POTENTIAL	0.26317250135237513			
GO_POSITIVE_REGULATION_OF_DENDRITIC_SPINE_MORPHOGENESIS	0.2631625278480518			
GO_ORGANELLAR_RIBOSOME	0.26316006749567117			
TUBG1_TARGET_GENES	0.26314572392013774			
RODRIGUES_DCC_TARGETS_UP	0.2631263976702102			
chr4p11	0.26312197414389227			
MIR3120_5P	0.2631163413402429			
SERVITJA_LIVER_HNF1A_TARGETS_DN	0.263114397204566			
EBAUER_TARGETS_OF_PAX3_FOXO1_FUSION_DN	0.26311251871884844			
IPA_EGR3_DN	0.2631101105242549			
MIR1227_3P	0.2630922812530311			
GSE17721_LPS_VS_CPG_8H_BMDC_UP	0.263088420932435			
BIOCARTA_NPC_PATHWAY	0.2630784578491825			
GO_GPI_ANCHOR_METABOLIC_PROCESS	0.2630362540369004			
LIM_MAMMARY_LUMINAL_PROGENITOR_DN	0.26303319086611343			
GO_GLYCOGEN_GRANULE	0.263026915641241			
GO_CELLULAR_TRIGLYCERIDE_HOMEOSTASIS	0.2629864693778118			
MIR6870_5P	0.262979867320889			
GO_GERM_CELL_MIGRATION	0.26297616424360654			
GO_REGULATION_OF_PROTEIN_CATABOLIC_PROCESS_IN_THE_VACUOLE	0.26295685496863797			
GO_SEQUESTERING_OF_ZINC_ION	0.2629520607875432			
ZFP37_TARGET_GENES	0.2629476049301432			
GSE19941_LPS_VS_LPS_AND_IL10_STIM_IL10_KO_MACROPHAGE_DN	0.26294162144632294			
GO_JUNCTIONAL_MEMBRANE_COMPLEX	0.26293666226613527			
GERHOLD_ADIPOGENESIS_UP	0.2629349903290708			
REACTOME_HEME_DEGRADATION	0.262926553286163			
ZNF669_TARGET_GENES	0.26292296432077406			
REACTOME_SYNTHESIS_OF_GLYCOSYLPHOSPHATIDYLINOSITOL_GPI	0.26291973067057295			
GO_NEUROTRANSMITTER_RECEPTOR_LOCALIZATION_TO_POSTSYNAPTIC_SPECIALIZATION_MEMBRANE	0.26291850730011107			
XBP1_01	0.26291598710505476			
GO_ALCOHOL_DEHYDROGENASE_NADPPLUS_ACTIVITY	0.26290681971743907			
GO_CDC73_PAF1_COMPLEX	0.262897582802673			
IPA_ZNF148_UP	0.2628858543148974			
GO_THIOREDOXIN_DISULFIDE_REDUCTASE_ACTIVITY	0.26288203398410426			
SCHAEFFER_SOX9_TARGETS_IN_PROSTATE_DEVELOPMENT_UP	0.26286209133686605			
GO_CELL_PROLIFERATION_IN_HINDBRAIN	0.26285693961065787			
MIR4271	0.26285114979020335			
TCCAGAT_MIR5165P	0.2628411391065324			
IPA_TFAP2A_UP	0.26283712471143134			
GO_REGULATION_OF_ATRIAL_CARDIAC_MUSCLE_CELL_MEMBRANE_DEPOLARIZATION	0.2628163117126067			
GO_RAC_GUANYL_NUCLEOTIDE_EXCHANGE_FACTOR_ACTIVITY	0.26280463000897064			
MIR423_5P	0.26278055588587423			
GO_REGULATION_OF_TELOMERE_CAPPING	0.26277804554258805			
GO_BETA_2_ADRENERGIC_RECEPTOR_BINDING	0.26277650109268325			
KEGG_VIBRIO_CHOLERAE_INFECTION	0.2627715484257649			
GO_GABA_RECEPTOR_ACTIVITY	0.2627661160623815			
REACTOME_TRAFFICKING_OF_MYRISTOYLATED_PROTEINS_TO_THE_CILIUM	0.2627603434131796			
GO_PHOTORECEPTOR_CELL_DEVELOPMENT	0.26273090010763817			
GSE8515_CTRL_VS_IL1_4H_STIM_MAC_UP	0.26271010996513783			
GO_CALCIUM_ION_BINDING	0.26269328528203784			
IPA_NR5A2_UP	0.2626876595941543			
REACTOME_PHASE_II_CONJUGATION_OF_COMPOUNDS	0.2626874754836495			
MTHFD1_TARGET_GENES	0.26266516161339526			
GO_PDZ_DOMAIN_BINDING	0.2626640853589621			
RICKMAN_METASTASIS_UP	0.26265678052069624			
GO_POSITIVE_REGULATION_OF_MACROPHAGE_DERIVED_FOAM_CELL_DIFFERENTIATION	0.26265004960322996			
SREBP1_02	0.2626383923745211			
BURTON_ADIPOGENESIS_10	0.2626293988642212			
ZNF292_TARGET_GENES	0.26262869669163746			
RYTGCNNRGNAAC_MIF1_01	0.2626200138124264			
GO_AMYLOID_BETA_FORMATION	0.2626198882338154			
SMID_BREAST_CANCER_RELAPSE_IN_LIVER_UP	0.2626163365761756			
GSE4748_LPS_VS_LPS_AND_CYANOBACTERIUM_LPSLIKE_STIM_DC_3H_DN	0.26261528255604233			
LEE_CALORIE_RESTRICTION_MUSCLE_DN	0.26260938774419545			
IPA_NFYA_UP	0.2625957298682714			
GSE32128_INOS_DEPENDENT_VS_INOS_INDEPENDENT_ACTIVATED_TCELL_DN	0.26258568058581283			
IPA_YWHAZ_UP	0.26258316824698574			
PID_P38_MKK3_6PATHWAY	0.26257249955464607			
GSE20198_UNTREATED_VS_IFNA_TREATED_ACT_CD4_TCELL_UP	0.2625723793299627			
GO_REGULATION_OF_POSTSYNAPTIC_NEUROTRANSMITTER_RECEPTOR_ACTIVITY	0.2625500119635779			
LIN_MELANOMA_COPY_NUMBER_UP	0.26254570115508885			
GO_ESCRT_III_COMPLEX	0.26254321001345354			
MYLLYKANGAS_AMPLIFICATION_HOT_SPOT_7	0.26253592372138873			
MIR873_3P	0.26252724269949934			
GSE24292_WT_VS_PPARG_KO_MACROPHAGE_UP	0.2625107600875688			
POU1F1_Q6	0.2625093564812568			
HOXB6_TARGET_GENES	0.26249144667208635			
GO_GROWTH_HORMONE_SECRETION	0.26247089661328304			
IPA_E2F5_DN	0.2624475998852418			
GSE2826_WT_VS_XID_BCELL_DN	0.2624406413938211			
REACTOME_TYSND1_CLEAVES_PEROXISOMAL_PROTEINS	0.26243935257389267			
MYF6_TARGET_GENES	0.2624188752506964			
IPA_NR2C2_UP	0.26241399833988			
REACTOME_NETRIN_1_SIGNALING	0.2623771169073326			
GO_5S_CLASS_RRNA_TRANSCRIPTION_BY_RNA_POLYMERASE_III	0.2623736212512933			
GO_TRANSCRIPTION_FACTOR_TFIIIC_COMPLEX	0.2623736212512933			
GO_DENDRITIC_GROWTH_CONE	0.26237044895048023			
WANG_RECURRENT_LIVER_CANCER_DN	0.262363543723693			
GO_EPITHELIAL_CELL_CELL_ADHESION	0.2623402538726741			
GSE14000_UNSTIM_VS_4H_LPS_DC_UP	0.2623396878245523			
GO_RESPONSE_TO_INSULIN	0.2623378191388952			
GO_MITOCHONDRIAL_RNA_MODIFICATION	0.26233658613333377			
GO_RESPONSE_TO_CATECHOLAMINE	0.2623069493482537			
GO_SPHINGOLIPID_BIOSYNTHETIC_PROCESS	0.262304347008254			
REACTOME_ACTIVATION_OF_BH3_ONLY_PROTEINS	0.2623011306257881			
LEE_LIVER_CANCER_MYC_E2F1_DN	0.2622956755227074			
GO_EXTRACELLULAR_EXOSOME_ASSEMBLY	0.2622955123832296			
GO_HEME_TRANSPORTER_ACTIVITY	0.26228954678745775			
MARIADASON_RESPONSE_TO_CURCUMIN_SULINDAC_5	0.2622839011664296			
GSE17721_CTRL_VS_POLYIC_4H_BMDC_UP	0.26227434933382326			
ZNF837_TARGET_GENES	0.26226696856473913			
GO_SMOOTH_ENDOPLASMIC_RETICULUM	0.2622612085465552			
GO_REGULATION_OF_TRIGLYCERIDE_METABOLIC_PROCESS	0.2622597766375766			
GO_MIDBRAIN_DEVELOPMENT	0.2622532163021582			
GSE20366_TREG_VS_TCONV_UP	0.2622506285171728			
GO_REGULATION_OF_GLUCOSE_METABOLIC_PROCESS	0.26224038243235476			
ZNF214_TARGET_GENES	0.26223782079677416			
GO_PATTERN_SPECIFICATION_PROCESS	0.26223666139685753			
GO_NEGATIVE_REGULATION_OF_MITOCHONDRION_ORGANIZATION	0.26222790130820595			
GO_FMN_BINDING	0.262209059848481			
GO_TOXIN_BIOSYNTHETIC_PROCESS	0.26220421404083066			
IPA_KMT2D_UP	0.26218218872904114			
GO_RESPONSE_TO_STEROID_HORMONE	0.262157781943974			
GO_POTASSIUM_CHANNEL_ACTIVITY	0.2621475760204776			
GO_ANATOMICAL_STRUCTURE_ARRANGEMENT	0.2621442705669158			
GO_RESPONSE_TO_ANTIBIOTIC	0.26214143995179245			
MIR1266_5P	0.2621304019153102			
IPA_NR0B2_DN	0.2621171431540435			
MIR4711_5P	0.2620783043076479			
GO_NEUREXIN_FAMILY_PROTEIN_BINDING	0.26207636652026384			
GO_MESENCHYMAL_CELL_APOPTOTIC_PROCESS	0.2620752493372918			
GO_CARDIAC_NEURAL_CREST_CELL_MIGRATION_INVOLVED_IN_OUTFLOW_TRACT_MORPHOGENESIS	0.26206960777349747			
IPA_NRF1_UP	0.26206056344478157			
GO_SENSORY_PERCEPTION_OF_UMAMI_TASTE	0.26206017883515287			
GO_IRE1_MEDIATED_UNFOLDED_PROTEIN_RESPONSE	0.26205979413942343			
GO_NATRIURETIC_PEPTIDE_RECEPTOR_ACTIVITY	0.26205229204324665			
GSE16385_MONOCYTE_VS_12H_IFNG_TNF_TREATED_MACROPHAGE_UP	0.26204731002373777			
GO_POSITIVE_REGULATION_OF_STEM_CELL_PROLIFERATION	0.2620420177800591			
GO_PYRIMIDINE_NUCLEOTIDE_CATABOLIC_PROCESS	0.26203171583003004			
GSE20152_SPHK1_KO_VS_WT_HTNFA_OVERXPRESS_ANKLE_DN	0.26202933785940963			
GO_ANCHORED_COMPONENT_OF_POSTSYNAPTIC_MEMBRANE	0.26202284527088715			
GO_CELLULAR_RESPONSE_TO_TOXIC_SUBSTANCE	0.26202080632943175			
chr3q23	0.2619862839241168			
GSE21678_WT_VS_FOXO1_FOXO3_KO_TREG_DN	0.26198513061214973			
GO_REGULATION_OF_NATURAL_KILLER_CELL_DIFFERENTIATION_INVOLVED_IN_IMMUNE_RESPONSE	0.26198225997107155			
IPA_PAX3_DN	0.2619804489588252			
GO_PURKINJE_MYOCYTE_TO_VENTRICULAR_CARDIAC_MUSCLE_CELL_SIGNALING	0.261977486875265			
GO_TORC1_COMPLEX	0.26196760480860637			
GSE10147_IL3_AND_HIVP17_VS_IL3_AND_CPG_STIM_PDC_DN	0.2619616218864987			
GO_THALAMUS_DEVELOPMENT	0.2619589505681488			
GO_NEGATIVE_REGULATION_OF_TUBULIN_DEACETYLATION	0.26195368007039077			
GO_ADIPONECTIN_ACTIVATED_SIGNALING_PATHWAY	0.2619475209883807			
GO_NUCLEOSIDE_MONOPHOSPHATE_PHOSPHORYLATION	0.2619412539217632			
CART1_01	0.2619267397056315			
GO_ARTERY_SMOOTH_MUSCLE_CONTRACTION	0.26191520990434086			
GO_CELLULAR_RESPONSE_TO_DEXAMETHASONE_STIMULUS	0.2619079520812288			
GO_RESPONSE_TO_HISTAMINE	0.2619038803635166			
GO_PROTEIN_SERINE_THREONINE_PHOSPHATASE_INHIBITOR_ACTIVITY	0.26187098361297034			
IPA_TBX1_UP	0.2618412048553015			
NADLER_OBESITY_DN	0.2618372366271505			
IPA_ARX_DN	0.2618305798592792			
GO_CARNITINE_BIOSYNTHETIC_PROCESS	0.26182703098124316			
GO_REGULATION_OF_MORPHOGENESIS_OF_A_BRANCHING_STRUCTURE	0.2618154578961993			
BIOCARTA_WNT_PATHWAY	0.2618136764377872			
GSE6681_DELETED_FOXP3_VS_WT_TREG_DN	0.26180240830243384			
ATGCTGG_MIR338	0.2617792165887682			
GO_MITRAL_VALVE_DEVELOPMENT	0.26177203617621086			
LEE_LIVER_CANCER_ACOX1_DN	0.2617620519749162			
GO_PROTEIN_HETEROOLIGOMERIZATION	0.2617305237610068			
MIR1972	0.2617284974937387			
MIR1249_5P	0.26172006675052156			
BIOCARTA_NOTCH_PATHWAY	0.2617065799672793			
PID_AJDISS_2PATHWAY	0.2616854859470355			
GO_SPINAL_CORD_MOTOR_NEURON_DIFFERENTIATION	0.26166991448773125			
BIOCARTA_RARRXR_PATHWAY	0.2616642259157534			
MIR6895_5P	0.261622078805521			
GO_HINDGUT_DEVELOPMENT	0.26159976474873514			
GSE41176_UNSTIM_VS_ANTI_IGM_STIM_TAK1_KO_BCELL_3H_UP	0.2615778006756009			
IVANOVA_HEMATOPOIESIS_STEM_CELL_LONG_TERM	0.26156359894520065			
MIR4492	0.26156220904707195			
MATZUK_FERTILIZATION	0.2615556120164292			
GO_REGULATION_OF_CIRCADIAN_RHYTHM	0.2615473295948382			
NAISHIRO_CTNNB1_TARGETS_WITH_LEF1_MOTIF	0.26152283796773196			
GO_INOSITOL_1_3_4_5_TETRAKISPHOSPHATE_BINDING	0.2615099039137945			
VANHARANTA_UTERINE_FIBROID_DN	0.26145010154521264			
GO_PHOSPHATIDYLINOSITOL_4_5_BISPHOSPHATE_BINDING	0.261443491930269			
GO_TOLL_SIGNALING_PATHWAY	0.2614431608208913			
GO_CELL_CELL_SIGNALING_BY_WNT	0.26143598666325585			
IPA_MBD2_UP	0.26142819386770844			
MAYBURD_RESPONSE_TO_L663536_DN	0.2614195202041372			
GSE17721_CTRL_VS_GARDIQUIMOD_4H_BMDC_UP	0.2614155548375611			
GO_GLYCEROPHOSPHOLIPID_METABOLIC_PROCESS	0.2614021429527257			
GO_CEREBRAL_CORTEX_NEURON_DIFFERENTIATION	0.2613900535034294			
GO_REGULATION_OF_PHOSPHATIDYLINOSITOL_DEPHOSPHORYLATION	0.2613845934195919			
GO_POSITIVE_REGULATION_OF_EXOCYTOSIS	0.26136479302035853			
chr10q25	0.2613445507609954			
WANG_RESPONSE_TO_FORSKOLIN_UP	0.26134241013317167			
GO_ION_CHANNEL_REGULATOR_ACTIVITY	0.26134075806729723			
GSE25085_FETAL_LIVER_VS_ADULT_BM_SP4_THYMIC_IMPLANT_DN	0.2613401106556904			
GO_LATERAL_SPROUTING_FROM_AN_EPITHELIUM	0.2613351943941439			
CAIRO_HEPATOBLASTOMA_UP	0.2613351295723317			
GO_DETECTION_OF_TEMPERATURE_STIMULUS	0.26132392061773657			
KYNG_WERNER_SYNDROM_UP	0.2612972216535512			
GSE1791_CTRL_VS_NEUROMEDINU_IN_T_CELL_LINE_0.8H_UP	0.26129583125820816			
GO_CATECHOLAMINE_SECRETION	0.261293906706059			
MIR6852_3P	0.2612861181096439			
GO_FRUCTOSE_1_6_BISPHOSPHATE_METABOLIC_PROCESS	0.2612780295786033			
GO_GAMMA_SECRETASE_COMPLEX	0.2612518631752171			
MIR4446_3P	0.2612425309613285			
REACTOME_TRNA_AMINOACYLATION	0.26124105293254635			
GO_CELLULAR_PROTEIN_CONTAINING_COMPLEX_LOCALIZATION	0.2612226836910842			
GSE26928_EFF_MEMORY_VS_CXCR5_POS_CD4_TCELL_DN	0.26120947496728225			
BRUNEAU_SEPTATION_ATRIAL	0.2611833360683872			
MIR6721_5P	0.2611656020065056			
GO_EPINEPHRINE_BINDING	0.2611324971939095			
REACTOME_VITAMIN_D_CALCIFEROL_METABOLISM	0.2611117231831998			
E2F1_Q3_01	0.2611080846154145			
MIR7848_3P	0.26109377368232256			
GO_RETROGRADE_TRANS_SYNAPTIC_SIGNALING	0.2610912776562656			
MIR4319	0.26108328524729024			
GO_BETA_N_ACETYLGLUCOSAMINYLGLYCOPEPTIDE_BETA_1_4_GALACTOSYLTRANSFERASE_ACTIVITY	0.2610650584846088			
GO_RESPONSE_TO_L_PHENYLALANINE_DERIVATIVE	0.26106087830032915			
GO_MULTIMERIC_RIBONUCLEASE_P_COMPLEX	0.2610430014280249			
GO_GANGLIOSIDE_CATABOLIC_PROCESS	0.26103208717596177			
KEGG_FRUCTOSE_AND_MANNOSE_METABOLISM	0.2610298100917946			
IPA_H2AFY_DN	0.2610293816593634			
GSE29618_LAIV_VS_TIV_FLU_VACCINE_DAY7_MDC_DN	0.2610179697474161			
GO_INTRINSIC_APOPTOTIC_SIGNALING_PATHWAY_IN_RESPONSE_TO_DNA_DAMAGE	0.2609963900488636			
SEKI_INFLAMMATORY_RESPONSE_LPS_DN	0.2609872470695976			
IPA_RBBP4_UP	0.2609782267525998			
GSE19941_IL10_KO_VS_IL10_KO_AND_NFKBP50_KO_UNSTIM_MACROPHAGE_UP	0.26097574720769445			
GO_NUCLEOTIDE_ACTIVATED_PROTEIN_KINASE_COMPLEX	0.2609733154742324			
GO_DIET_INDUCED_THERMOGENESIS	0.2609630384896377			
GSE17721_PAM3CSK4_VS_GADIQUIMOD_0.5H_BMDC_UP	0.26095747469486336			
GO_WNT_PROTEIN_BINDING	0.2609512800736931			
ZNF528_TARGET_GENES	0.2609467403300427			
STAMBOLSKY_BOUND_BY_MUTATED_TP53	0.26092942940555647			
REACTOME_GLYCEROPHOSPHOLIPID_CATABOLISM	0.26092168018085693			
LEE_METASTASIS_AND_RNA_PROCESSING_UP	0.2609198783654803			
GO_LACTATE_METABOLIC_PROCESS	0.26088089489495436			
chr20q13	0.26087944775708105			
GO_TYPE_II_PNEUMOCYTE_DIFFERENTIATION	0.260870966187494			
GO_LOCOMOTOR_RHYTHM	0.26086670592057587			
GO_RETINOIC_ACID_4_HYDROXYLASE_ACTIVITY	0.2608391326437841			
GO_NEGATIVE_REGULATION_OF_STEROL_TRANSPORT	0.2608178418607204			
GO_GLUCOCORTICOID_SECRETION	0.2608155591610468			
VANDESLUIS_COMMD1_TARGETS_GROUP_3_DN	0.26080344059051325			
MIR939_5P	0.26079993166750726			
GO_REGULATION_OF_LONG_TERM_SYNAPTIC_DEPRESSION	0.2607916389360622			
GO_2_OXOGLUTARATE_METABOLIC_PROCESS	0.26078738059181966			
GO_OUTER_DYNEIN_ARM_ASSEMBLY	0.2607655826030791			
IPA_RFX1_UP	0.2607520059121261			
GSE22033_UNTREATED_VS_MRL24_TREATED_MEF_UP	0.26074043639737415			
IPA_CRX_DN	0.2607368134574278			
GO_RESPONSE_TO_FATTY_ACID	0.26072462776464794			
GO_REGULATION_OF_CARDIAC_MUSCLE_ADAPTATION	0.2607239397020245			
PID_P53_REGULATION_PATHWAY	0.2607238189252344			
GSE1448_CTRL_VS_ANTI_VALPHA2_DP_THYMOCYTE_UP	0.26071735963097553			
KEGG_GLUTATHIONE_METABOLISM	0.2607151466977663			
GO_ARYLESTERASE_ACTIVITY	0.260714278030465			
GO_CHAPERONE_MEDIATED_PROTEIN_TRANSPORT	0.26071385994221397			
GO_POSTSYNAPTIC_SIGNAL_TRANSDUCTION	0.260700669620742			
ZID_01	0.26067847514039943			
MIR3936	0.2606763699529941			
GO_NURF_COMPLEX	0.26066592350243445			
GO_POSITIVE_REGULATION_OF_CELLULAR_RESPONSE_TO_INSULIN_STIMULUS	0.2606592561918449			
GO_ENDONUCLEASE_ACTIVITY_ACTIVE_WITH_EITHER_RIBO_OR_DEOXYRIBONUCLEIC_ACIDS_AND_PRODUCING_3_PHOSPHOMONOESTERS	0.26060602366242636			
REACTOME_IRF3_MEDIATED_ACTIVATION_OF_TYPE_1_IFN	0.2605992094223181			
GO_GLUTATHIONE_DISULFIDE_OXIDOREDUCTASE_ACTIVITY	0.26058439262197125			
GO_3_HYDROXYACYL_COA_DEHYDROGENASE_ACTIVITY	0.2605724678580969			
MIR8085	0.2605623013891445			
MIR6077	0.2605613285961316			
GO_NEGATIVE_REGULATION_OF_PHOSPHOLIPID_BIOSYNTHETIC_PROCESS	0.2605586967038151			
GO_ER_MEMBRANE_PROTEIN_COMPLEX	0.2605433968213032			
GO_HISTONE_H4_K20_TRIMETHYLATION	0.26053552019251747			
MIR708_5P	0.2605354053333536			
GSE37301_HEMATOPOIETIC_STEM_CELL_VS_PRO_BCELL_DN	0.26052283869575804			
GO_CENTRAL_NERVOUS_SYSTEM_MATURATION	0.2605205693484094			
GO_GLIAL_CELL_PROJECTION	0.2605050881629105			
MYLLYKANGAS_AMPLIFICATION_HOT_SPOT_21	0.2604997597736981			
GO_PYRIMIDINE_NUCLEOTIDE_SUGAR_TRANSMEMBRANE_TRANSPORT	0.26049506243278586			
MIR28_5P	0.26049157367603515			
IPA_JUND_UP	0.260484735496804			
GO_INTRACILIARY_RETROGRADE_TRANSPORT	0.26048276245435104			
GO_VENTRICULAR_CARDIAC_MUSCLE_CELL_MEMBRANE_REPOLARIZATION	0.2604630229449721			
GO_PROXIMAL_DISTAL_PATTERN_FORMATION	0.2604552602511383			
GO_RNA_POLYMERASE_II_CORE_PROMOTER_SEQUENCE_SPECIFIC_DNA_BINDING	0.26044906032162246			
BROWNE_HCMV_INFECTION_48HR_UP	0.2604475393031524			
GO_RESPONSE_TO_DEFENSES_OF_OTHER_ORGANISM	0.26042387587770227			
MIR4538	0.2604209952807781			
CMYB_01	0.2604204581611471			
GO_MALE_SEX_DETERMINATION	0.26041607578471004			
REACTOME_RESPONSE_OF_EIF2AK1_HRI_TO_HEME_DEFICIENCY	0.26039124281401815			
GO_MYOBLAST_PROLIFERATION	0.2603829692755472			
GO_CHROMATIN_ORGANIZATION	0.2603639481360813			
GO_SUCKLING_BEHAVIOR	0.26035598947926214			
GO_POSITIVE_REGULATION_OF_HEMATOPOIETIC_PROGENITOR_CELL_DIFFERENTIATION	0.26034929727755274			
KLF13_TARGET_GENES	0.26034369426848125			
GSE2770_TGFB_AND_IL4_ACT_VS_ACT_CD4_TCELL_6H_DN	0.26031215854063544			
GO_BRANCHING_INVOLVED_IN_SALIVARY_GLAND_MORPHOGENESIS	0.2603111242753669			
GSE17721_12H_VS_24H_GARDIQUIMOD_BMDC_DN	0.26030691232158093			
GO_REGULATION_OF_POSTSYNAPTIC_MEMBRANE_POTENTIAL	0.26030433651743073			
GO_EPHRIN_RECEPTOR_SIGNALING_PATHWAY	0.26030138608366804			
IPA_SIRT2_UP	0.26029855035080346			
GO_3M_COMPLEX	0.26029286333059354			
GSE339_CD4POS_VS_CD4CD8DN_DC_DN	0.26029241325971875			
GO_TRICARBOXYLIC_ACID_CYCLE	0.26028236986977843			
GO_PTERIDINE_CONTAINING_COMPOUND_BIOSYNTHETIC_PROCESS	0.26027918268045225			
GSE40274_CTRL_VS_FOXP3_AND_EOS_TRANSDUCED_ACTIVATED_CD4_TCELL_DN	0.26027668022480094			
GO_POLY_PYRIMIDINE_TRACT_BINDING	0.26027493372735894			
MIR3189_5P	0.2602641992194374			
GO_ORGANOPHOSPHATE_CATABOLIC_PROCESS	0.2602414949355755			
GO_FATTY_ACYL_COA_BIOSYNTHETIC_PROCESS	0.26022172884284667			
MIR5699_5P	0.26017783543542794			
GO_CEREBELLAR_MOSSY_FIBER	0.26017351006872336			
REACTOME_REGULATION_OF_BETA_CELL_DEVELOPMENT	0.26016342269187887			
NRSF_01	0.26015744346677816			
IPA_THRA_DN	0.26015302077980845			
REACTOME_ANTIMICROBIAL_PEPTIDES	0.2601097553344299			
GO_DOPAMINERGIC_NEURON_DIFFERENTIATION	0.2600966654221621			
IPA_HDAC7_DN	0.2600553473440672			
MIR450A_2_3P	0.2600527825537096			
BIOCARTA_TGFB_PATHWAY	0.260032994945316			
IPA_GTF2B_UP	0.2600306527137557			
GO_POSITIVE_REGULATION_OF_VIRAL_LIFE_CYCLE	0.2600223973769928			
GO_PEPTIDYL_DIPHTHAMIDE_BIOSYNTHETIC_PROCESS_FROM_PEPTIDYL_HISTIDINE	0.26001595619827667			
GO_RESPONSE_TO_XENOBIOTIC_STIMULUS	0.26001414837457903			
CAIRO_PML_TARGETS_BOUND_BY_MYC_DN	0.2600075223671329			
ZWANG_EGF_PERSISTENTLY_UP	0.26000333980223095			
UBN1_TARGET_GENES	0.25999747754365704			
GO_DENDRITIC_TREE	0.2599768792644593			
MIR663A	0.259953341220799			
GO_REGULATION_OF_AMYLOID_BETA_FORMATION	0.25993872793582706			
GO_ATPASE_COMPLEX	0.25992437489362474			
KEGG_P53_SIGNALING_PATHWAY	0.2599067497146259			
GO_MONOVALENT_INORGANIC_CATION_TRANSPORT	0.2598975424830876			
MYLLYKANGAS_AMPLIFICATION_HOT_SPOT_13	0.25989521890805656			
GSE5589_WT_VS_IL10_KO_LPS_AND_IL10_STIM_MACROPHAGE_180MIN_DN	0.25987765628674			
GO_CELL_MOTILITY_INVOLVED_IN_CEREBRAL_CORTEX_RADIAL_GLIA_GUIDED_MIGRATION	0.25987650285385766			
EIF4E_UP	0.2598699030319259			
GSE41978_ID2_KO_AND_BIM_KO_VS_BIM_KO_KLRG1_LOW_EFFECTOR_CD8_TCELL_DN	0.2598656550042629			
GSE29618_LAIV_VS_TIV_FLU_VACCINE_DAY7_MONOCYTE_UP	0.2598636510336728			
WANG_ADIPOGENIC_GENES_REPRESSED_BY_SIRT1	0.25986335381114356			
GO_REGULATION_OF_STEROID_BIOSYNTHETIC_PROCESS	0.2598527309435344			
IPA_NFE2L3_UP	0.25984099313492004			
IPA_HES2_UP	0.2598372309792587			
GO_TRNA_3_END_PROCESSING	0.25983318830870067			
VANLOO_SP3_TARGETS_DN	0.25982957591909694			
MIR11399	0.2598295176350555			
GO_NEGATIVE_REGULATION_OF_MORPHOGENESIS_OF_AN_EPITHELIUM	0.2598271998114432			
GO_TRNA_5_END_PROCESSING	0.25981807457347766			
GO_INTRACELLULAR_DISTRIBUTION_OF_MITOCHONDRIA	0.25980863865543663			
IPA_IRF9_UP	0.2597977469772189			
GO_REGULATION_OF_PROTEIN_DEACETYLATION	0.2597967067380007			
STARK_PREFRONTAL_CORTEX_22Q11_DELETION_DN	0.25978889800494215			
GO_POSITIVE_REGULATION_OF_CELL_MIGRATION_BY_VASCULAR_ENDOTHELIAL_GROWTH_FACTOR_SIGNALING_PATHWAY	0.2597865608623397			
GO_DENDRITIC_SPINE_DEVELOPMENT	0.2597828485266444			
GO_OXIDATIVE_DNA_DEMETHYLATION	0.25978031598489704			
GO_INTERCELLULAR_CANALICULUS	0.2597712710975669			
GO_FOREBRAIN_RADIAL_GLIAL_CELL_DIFFERENTIATION	0.2597653312615544			
MARTINEZ_RB1_TARGETS_UP	0.25975391525700586			
GO_PROTEIN_ACYLATION	0.2597520059843262			
GO_LIPID_IMPORT_INTO_CELL	0.2597402860140088			
GSE4811_CLASSSICALY_ACTIVATED_VS_TYPE_2_ACTIVATED_MACROPHAGE_UP	0.25973627936096166			
GO_RNA_POLYMERASE_III_PREINITIATION_COMPLEX_ASSEMBLY	0.25970576114319255			
GO_ODORANT_BINDING	0.2596989633948426			
SOTIRIOU_BREAST_CANCER_GRADE_1_VS_3_DN	0.2596956643178983			
MIR12129	0.25967283718073325			
GO_RHO_GTPASE_BINDING	0.25966677863177196			
GSE8835_CD4_VS_CD8_TCELL_DN	0.2596543462313519			
BILANGES_SERUM_SENSITIVE_GENES	0.25961224803873484			
MCCABE_HOXC6_TARGETS_UP	0.2596008716340856			
CTTTGT_LEF1_Q2	0.2595929920066223			
GSE16385_IL4_VS_ROSIGLITAZONE_STIM_MACROPHAGE_UP	0.25958420971323715			
GO_SPANNING_COMPONENT_OF_MEMBRANE	0.2595793187695814			
GSE6259_DEC205_POS_DC_VS_CD4_TCELL_DN	0.2595739643949834			
GO_TRANSFERASE_ACTIVITY_TRANSFERRING_SULFUR_CONTAINING_GROUPS	0.25957015712770115			
GO_POSITIVE_REGULATION_OF_GLYCOLYTIC_PROCESS	0.25954686952763845			
GO_MHC_CLASS_I_PROTEIN_COMPLEX_BINDING	0.2595370756646182			
GO_TRNA_TRANSCRIPTION	0.2595269406972456			
RAMJAUN_APOPTOSIS_BY_TGFB1_VIA_MAPK1_DN	0.2595047423461543			
IPA_HES1_UP	0.2594973217195457			
GO_LEUCINE_METABOLIC_PROCESS	0.2594918749270474			
BENPORATH_ES_WITH_H3K27ME3	0.25948406199739654			
GO_SECONDARY_ACTIVE_MONOCARBOXYLATE_TRANSMEMBRANE_TRANSPORTER_ACTIVITY	0.25948133186281785			
GO_RETINOL_BINDING	0.25948014058675123			
DARWICHE_PAPILLOMA_PROGRESSION_RISK	0.2594778512491182			
ACEVEDO_LIVER_TUMOR_VS_NORMAL_ADJACENT_TISSUE_UP	0.2594734723963917			
KEGG_THYROID_CANCER	0.25945651535369013			
GO_GLYCEROL_ETHER_METABOLIC_PROCESS	0.2594333108446621			
GO_NEGATIVE_REGULATION_OF_GONAD_DEVELOPMENT	0.2594272551444179			
GO_SYMPATHETIC_NERVOUS_SYSTEM_DEVELOPMENT	0.25941775189082794			
KEGG_ONE_CARBON_POOL_BY_FOLATE	0.2594106140926579			
GO_REGULATION_OF_HYALURONAN_BIOSYNTHETIC_PROCESS	0.259380881571			
GSE7764_IL15_NK_CELL_24H_VS_SPLENOCYTE_UP	0.2593765905856397			
REACTOME_PROTEIN_METHYLATION	0.2593757973185669			
chr2q13	0.2593543541888048			
GO_REGULATION_OF_BICELLULAR_TIGHT_JUNCTION_ASSEMBLY	0.25935163648272047			
REACTOME_REGULATION_OF_HSF1_MEDIATED_HEAT_SHOCK_RESPONSE	0.2593483903432868			
HAN_JNK_SINGALING_DN	0.2593413724767265			
GO_REGULATION_OF_AMYLOID_FIBRIL_FORMATION	0.2593282007523462			
KANG_FLUOROURACIL_RESISTANCE_UP	0.25931090288697317			
GO_CELL_CELL_ADHESION_VIA_PLASMA_MEMBRANE_ADHESION_MOLECULES	0.2593102560456092			
GO_MOTOR_NEURON_MIGRATION	0.25929710125956457			
GO_AZOLE_TRANSMEMBRANE_TRANSPORTER_ACTIVITY	0.25929275012260466			
MIR4686	0.2592534319894177			
GO_RESPONSE_TO_LITHIUM_ION	0.259242722298812			
GO_REGULATION_OF_HISTONE_H3_K9_TRIMETHYLATION	0.25924096552306886			
GO_RRNA_METHYLATION	0.2592183381751372			
BIDUS_METASTASIS_UP	0.25920509190780583			
GO_REGULATION_OF_SYNAPSE_ASSEMBLY	0.2591909505106792			
MIR4526	0.259187341574025			
GO_REGULATION_OF_SOMITOGENESIS	0.2591532575207163			
IPA_GFI1B_UP	0.2591525682131331			
GO_LEUKOTRIENE_BIOSYNTHETIC_PROCESS	0.25914731040686173			
GO_REGULATION_OF_MESENCHYMAL_CELL_PROLIFERATION	0.2591448375497387			
MIR1227_5P	0.2591285194906444			
NPAT_TARGET_GENES	0.2591245198027049			
HAND1E47_01	0.25911218797264707			
MIKKELSEN_PARTIALLY_REPROGRAMMED_TO_PLURIPOTENCY	0.25908788037360053			
GO_POSITIVE_REGULATION_OF_FIBROBLAST_GROWTH_FACTOR_RECEPTOR_SIGNALING_PATHWAY	0.25908286278227766			
GO_NEUROFIBRILLARY_TANGLE	0.2590635737658318			
BIOCARTA_SALMONELLA_PATHWAY	0.2590612130297809			
GO_NUCLEOSIDE_DIPHOSPHATE_KINASE_ACTIVITY	0.2590466446380286			
REACTOME_TRANSPORT_OF_MATURE_TRANSCRIPT_TO_CYTOPLASM	0.2590377963176493			
GO_CELLULAR_AMINO_ACID_BIOSYNTHETIC_PROCESS	0.2590363059585759			
GSE12001_MIR223_KO_VS_WT_NEUTROPHIL_UP	0.2590351523673707			
MIR331_3P	0.25903063396225956			
ESC_J1_UP_EARLY.V1_DN	0.25902975329105987			
GO_RENAL_TUBULE_DEVELOPMENT	0.259029513434331			
NAKAMURA_BRONCHIAL_AND_BRONCHIOLAR_EPITHELIA	0.2590280336773754			
GO_AMINO_ACID_CATION_SYMPORTER_ACTIVITY	0.25902185397717536			
GO_REGULATION_OF_CHOLESTEROL_EFFLUX	0.25901806265499894			
GO_PROTEIN_LOCALIZATION_TO_CILIARY_TRANSITION_ZONE	0.2590175733124994			
GO_CHROMOSOME	0.25900612505663684			
GO_ALPHA_AMINO_ACID_BIOSYNTHETIC_PROCESS	0.25898341250172324			
MIR1255A_MIR1255B_5P	0.2589782058071188			
GSE3982_MAST_CELL_VS_EFF_MEMORY_CD4_TCELL_DN	0.25897768874871685			
GSE19888_ADENOSINE_A3R_INH_PRETREAT_AND_ACT_BY_A3R_VS_TCELL_MEMBRANES_ACT_MAST_CELL_DN	0.2589632758624065			
REACTOME_ACTIVATION_OF_THE_AP_1_FAMILY_OF_TRANSCRIPTION_FACTORS	0.2589475215818303			
GO_DORSAL_VENTRAL_AXIS_SPECIFICATION	0.25894613152057405			
PEDERSEN_METASTASIS_BY_ERBB2_ISOFORM_6	0.25893338803827876			
BIOCARTA_ACTINY_PATHWAY	0.2589283040158345			
GO_POSITIVE_REGULATION_OF_SISTER_CHROMATID_COHESION	0.2589090612415184			
SOX5_01	0.2589004981046507			
IPA_TADA3_UP	0.2588995751068431			
ZNF394_TARGET_GENES	0.2588993033281092			
PID_NEPHRIN_NEPH1_PATHWAY	0.2588990627995967			
GO_ORGANIC_ACID_SODIUM_SYMPORTER_ACTIVITY	0.25888653744957346			
GO_CENTRAL_NERVOUS_SYSTEM_PROJECTION_NEURON_AXONOGENESIS	0.25885947098253587			
GO_POSITIVE_REGULATION_OF_METANEPHRIC_GLOMERULUS_DEVELOPMENT	0.25885386716362074			
GO_REGULATION_OF_GROWTH_RATE	0.2588434881415217			
MIR302E	0.2588056116042353			
GO_RESPONSE_TO_PROGESTERONE	0.25877679771510875			
REACTOME_ASSEMBLY_OF_THE_HIV_VIRION	0.25877528802272887			
GO_AXONEMAL_DYNEIN_COMPLEX_ASSEMBLY	0.2587706805906338			
GO_HOMOPHILIC_CELL_ADHESION_VIA_PLASMA_MEMBRANE_ADHESION_MOLECULES	0.2587459469084708			
GO_MULTICELLULAR_ORGANISMAL_IRON_ION_HOMEOSTASIS	0.25873747913125456			
LUDWICZEK_TREATING_IRON_OVERLOAD	0.2587263509089888			
GABP_B	0.25872300225419875			
PCGF1_TARGET_GENES	0.25872232589997013			
MIR6800_3P	0.25871748138909145			
GO_GENERATION_OF_PRECURSOR_METABOLITES_AND_ENERGY	0.25870821016235007			
REACTOME_SYNTHESIS_OF_BILE_ACIDS_AND_BILE_SALTS_VIA_24_HYDROXYCHOLESTEROL	0.25869708774331307			
MIR3692_5P	0.2586963433157404			
GO_DENDRITE_TERMINUS	0.25869453771181244			
GSE7831_CPG_VS_INFLUENZA_STIM_PDC_1H_DN	0.25868847847220644			
E2F1_Q4_01	0.2586790509508514			
chr4q32	0.25867552145390693			
GO_ASPARTIC_TYPE_ENDOPEPTIDASE_INHIBITOR_ACTIVITY	0.258667239200056			
GO_NEGATIVE_REGULATION_OF_CELL_CYCLE_CHECKPOINT	0.25866536738994755			
GO_L_ASPARTATE_TRANSMEMBRANE_TRANSPORTER_ACTIVITY	0.2586489869326183			
GSE16697_CD4_TCELL_VS_TFH_CD4_TCELL_DN	0.25863975535800326			
GO_PEPTIDYL_CYSTEINE_MODIFICATION	0.25863295965116			
GSE17721_CTRL_VS_CPG_4H_BMDC_UP	0.2586250835920461			
GO_CELL_DIVISION_SITE	0.25862072620596804			
REACTOME_DNA_STRAND_ELONGATION	0.2585854484235082			
GO_PHOSPHATIDYLINOSITOL_N_ACETYLGLUCOSAMINYLTRANSFERASE_ACTIVITY	0.2585800902296506			
GO_PROTEIN_LOCALIZATION_TO_JUXTAPARANODE_REGION_OF_AXON	0.25857960522702694			
REACTOME_PROCESSING_OF_INTRONLESS_PRE_MRNAS	0.25857769448294243			
MIR192_3P	0.2585732678079612			
KEGG_AXON_GUIDANCE	0.2585613474047499			
IPA_SOX10_DN	0.2585492937885801			
GO_REGULATION_OF_ANIMAL_ORGAN_MORPHOGENESIS	0.25854608779820376			
GO_CEREBRAL_CORTEX_RADIALLY_ORIENTED_CELL_MIGRATION	0.25853456595451996			
PID_MTOR_4PATHWAY	0.25853277743840025			
GO_LEUKOTRIENE_D4_METABOLIC_PROCESS	0.25851644157745396			
GO_GLUTATHIONE_HYDROLASE_ACTIVITY	0.25851644157745396			
GO_C4_DICARBOXYLATE_TRANSPORT	0.2585072198588975			
IPA_TP73_UP	0.25850576707863765			
MIR6810_5P	0.2584991605976098			
NIKOLSKY_BREAST_CANCER_20Q12_Q13_AMPLICON	0.25849686732626115			
NADELLA_PRKAR1A_TARGETS_UP	0.2584633349652545			
GO_MITOTIC_SISTER_CHROMATID_COHESION	0.25846018266061266			
MIF1_01	0.2584539775552492			
GO_NF_KAPPAB_INDUCING_KINASE_ACTIVITY	0.25845305193248136			
IPA_HDAC8_DN	0.2584417662552866			
IPA_KCNIP3_UP	0.2584365379738955			
GO_REGULATION_OF_POTASSIUM_ION_EXPORT_ACROSS_PLASMA_MEMBRANE	0.258409791291781			
GO_TRANSMITTER_GATED_CHANNEL_ACTIVITY	0.2583852007530689			
MIKKELSEN_NPC_ICP_WITH_H3K27ME3	0.2583585143148439			
GSE17974_IL4_AND_ANTI_IL12_VS_UNTREATED_4H_ACT_CD4_TCELL_DN	0.2583521287938621			
GO_PRESYNAPTIC_MEMBRANE	0.2583437700991879			
GO_NEGATIVE_REGULATION_OF_EPITHELIAL_CELL_DIFFERENTIATION	0.2583400365218133			
GO_CALMODULIN_DEPENDENT_PROTEIN_KINASE_ACTIVITY	0.25832584617794496			
GO_MITOCHONDRION_ORGANIZATION	0.25832318069889115			
GO_PRESYNAPTIC_ENDOCYTIC_ZONE	0.25831337591592			
GO_RRNA_GUANINE_METHYLTRANSFERASE_ACTIVITY	0.25831321050248396			
MIR221_3P	0.25830936092409074			
GO_NUCLEOSOME_BINDING	0.25830858757314346			
REACTOME_GAP_JUNCTION_TRAFFICKING_AND_REGULATION	0.2583084874693678			
REACTOME_FOXO_MEDIATED_TRANSCRIPTION	0.258305872728286			
GO_APPENDAGE_DEVELOPMENT	0.2583025772843257			
LUI_TARGETS_OF_PAX8_PPARG_FUSION	0.2582925168782223			
GO_CLATHRIN_COATED_PIT	0.25827905794146383			
IPA_E2F2_DN	0.2582518318759712			
MIKKELSEN_MEF_ICP_WITH_H3K27ME3	0.25823441756764076			
FINETTI_BREAST_CANCERS_KINOME_BLUE	0.258225661222305			
GSE10147_IL3_VS_IL3_AND_HIVP17_STIM_PDC_DN	0.25822375388101837			
MEDINA_SMARCA4_TARGETS	0.2582207209885591			
GO_REGULATION_OF_GENE_SILENCING	0.2582055652248376			
GO_RIBONUCLEASE_P_COMPLEX	0.258203297779759			
BYSTRYKH_HEMATOPOIESIS_STEM_CELL_AND_BRAIN_QTL_TRANS	0.25820323391813044			
BIOCARTA_PPARG_PATHWAY	0.25819029657947656			
MYCMAX_02	0.2581860620202448			
GO_VOLTAGE_GATED_CALCIUM_CHANNEL_ACTIVITY_INVOLVED_IN_REGULATION_OF_PRESYNAPTIC_CYTOSOLIC_CALCIUM_LEVELS	0.25817779988180534			
GO_CUL7_RING_UBIQUITIN_LIGASE_COMPLEX	0.2581649294685692			
GO_FATTY_ACID_BINDING	0.25816462939609114			
GO_ANION_TRANSMEMBRANE_TRANSPORTER_ACTIVITY	0.25815696644718444			
TGCACGA_MIR517A_MIR517C	0.25814879004575053			
NAKAMURA_LUNG_CANCER_DIFFERENTIATION_MARKERS	0.25813557513410457			
RIZ_ERYTHROID_DIFFERENTIATION_HBZ	0.2581174222856052			
GAUSSMANN_MLL_AF4_FUSION_TARGETS_C_UP	0.25811240404176233			
GO_TRANSFERASE_ACTIVITY_TRANSFERRING_HEXOSYL_GROUPS	0.25810693149553315			
REACTOME_MRNA_SPLICING_MINOR_PATHWAY	0.25810088824738253			
GO_REGULATION_OF_SODIUM_ION_TRANSMEMBRANE_TRANSPORT	0.2580990961710393			
GO_MONOSACCHARIDE_METABOLIC_PROCESS	0.25809656448116525			
GO_MEMBRANOUS_SEPTUM_MORPHOGENESIS	0.25809488539562103			
GSE2770_TGFB_AND_IL4_VS_IL12_TREATED_ACT_CD4_TCELL_6H_DN	0.2580802535897773			
GO_RETINA_MORPHOGENESIS_IN_CAMERA_TYPE_EYE	0.25807712774873937			
GO_CAP_INDEPENDENT_TRANSLATIONAL_INITIATION	0.2580741930641017			
GO_REGULATION_OF_LIPID_BIOSYNTHETIC_PROCESS	0.25806811084846243			
MIR6839_5P	0.25806572766323704			
GSE21927_HEALTHY_VS_TUMOROUS_BALBC_MOUSE_MONOCYTE_DN	0.2580523023748654			
MIR4268	0.2580431562982748			
GO_MICROTUBULE_POLYMERIZATION	0.2580427290474667			
REACTOME_VEGFR2_MEDIATED_VASCULAR_PERMEABILITY	0.25802530190557993			
DORN_ADENOVIRUS_INFECTION_48HR_UP	0.25802440678395805			
GO_CARBOXYLIC_ESTER_HYDROLASE_ACTIVITY	0.25800050506445277			
GO_ESTROGEN_RECEPTOR_BINDING	0.2579845757832873			
GSE17721_POLYIC_VS_CPG_24H_BMDC_UP	0.2579826113464636			
GO_POSITIVE_REGULATION_OF_CENTROSOME_DUPLICATION	0.2579743950947338			
GO_GLUTAMINE_FAMILY_AMINO_ACID_METABOLIC_PROCESS	0.2579725387767424			
REACTOME_PYRUVATE_METABOLISM_AND_CITRIC_ACID_TCA_CYCLE	0.25797143815705537			
GO_PHOSPHOLIPASE_C_ACTIVATING_DOPAMINE_RECEPTOR_SIGNALING_PATHWAY	0.25796104714783563			
GO_N6_METHYLADENOSINE_CONTAINING_RNA_BINDING	0.25795826129481325			
GSE5589_WT_VS_IL10_KO_LPS_AND_IL6_STIM_MACROPHAGE_45MIN_DN	0.25795719953206986			
MELLMAN_TUT1_TARGETS_DN	0.2579534323069358			
GSE7218_UNSTIM_VS_ANTIGEN_STIM_THROUGH_IGM_BCELL_UP	0.2579441766984606			
GO_RIBOSOME_DISASSEMBLY	0.25792295518614944			
HFH1_01	0.2579187245028813			
GO_REGULATION_OF_AXON_DIAMETER	0.2579129985709779			
GO_NUCLEOBASE_CONTAINING_SMALL_MOLECULE_BIOSYNTHETIC_PROCESS	0.25790064429365095			
GO_PROLINE_METABOLIC_PROCESS	0.2578987121687416			
GO_PEPTIDYL_ARGININE_OMEGA_N_METHYLATION	0.25789004645059166			
GO_MITOCHONDRIAL_RNA_CATABOLIC_PROCESS	0.25788607237062783			
GO_REGULATION_OF_INORGANIC_ANION_TRANSMEMBRANE_TRANSPORT	0.25788299688236643			
GSE41176_WT_VS_TAK1_KO_UNSTIM_BCELL_DN	0.25787792925607406			
GO_ESTRADIOL_17_BETA_DEHYDROGENASE_ACTIVITY	0.2578754051574515			
GSE21927_GMCSF_IL6_VS_GMCSF_GCSF_TREATED_BONE_MARROW_UP	0.2578650866592569			
GO_MESENDODERM_DEVELOPMENT	0.2578562723829416			
IPA_E2F7_DN	0.2578536869159996			
GO_MITOCHONDRIAL_PROTON_TRANSPORTING_ATP_SYNTHASE_COMPLEX_COUPLING_FACTOR_F_O	0.2578458194446975			
GSE15750_WT_VS_TRAF6KO_DAY10_EFF_CD8_TCELL_DN	0.257845541681823			
GO_RAS_GUANYL_NUCLEOTIDE_EXCHANGE_FACTOR_ACTIVITY	0.25781957960847507			
GO_CARDIAC_RIGHT_VENTRICLE_MORPHOGENESIS	0.257814797603354			
REACTOME_SIGNALING_BY_HIPPO	0.25781096132328346			
CASTELLANO_HRAS_TARGETS_UP	0.2577986350133739			
REACTOME_IRE1ALPHA_ACTIVATES_CHAPERONES	0.25779663601094727			
GSE21546_SAP1A_KO_VS_SAP1A_KO_AND_ELK1_KO_ANTI_CD3_STIM_DP_THYMOCYTES_UP	0.2577954579595921			
HOLLERN_PAPILLARY_BREAST_TUMOR	0.2577942965374762			
GSE22935_WT_VS_MYD88_KO_MACROPHAGE_DN	0.2577873066677679			
GSE27786_BCELL_VS_MONO_MAC_UP	0.25776249556113573			
REACTOME_SYNTHESIS_OF_WYBUTOSINE_AT_G37_OF_TRNA_PHE	0.2577541379388597			
GO_LAMIN_FILAMENT	0.25774817279034895			
MCBRYAN_PUBERTAL_BREAST_6_7WK_DN	0.25771728958635237			
GO_FLAVIN_ADENINE_DINUCLEOTIDE_BINDING	0.25770586948752044			
GO_MITOTIC_METAPHASE_PLATE_CONGRESSION	0.2576750152501009			
GO_POSITIVE_REGULATION_OF_CHONDROCYTE_DIFFERENTIATION	0.2576740778958821			
GO_POSITIVE_REGULATION_OF_MEIOTIC_NUCLEAR_DIVISION	0.25767251995438845			
GO_LIVER_REGENERATION	0.25766321933593156			
GO_NUCLEUS_LOCALIZATION	0.2576449265599514			
GO_MIRNA_LOADING_ONTO_RISC_INVOLVED_IN_GENE_SILENCING_BY_MIRNA	0.2576425188168219			
GO_OXIDOREDUCTASE_ACTIVITY_ACTING_ON_THE_CH_CH_GROUP_OF_DONORS_OXYGEN_AS_ACCEPTOR	0.2576383988417208			
GO_NEGATIVE_REGULATION_OF_LIPID_CATABOLIC_PROCESS	0.2576065054618032			
GO_MULTI_ORGANISM_CELLULAR_PROCESS	0.25760493212926355			
GO_NEGATIVE_REGULATION_OF_INTRINSIC_APOPTOTIC_SIGNALING_PATHWAY	0.2575973476620826			
RIGGINS_TAMOXIFEN_RESISTANCE_UP	0.2575943587400921			
WEST_ADRENOCORTICAL_CARCINOMA_VS_ADENOMA_UP	0.2575834756434377			
MIR512_3P	0.2575631219213578			
GO_GABA_ERGIC_SYNAPSE	0.2575602493388973			
GO_TRANSCRIPTION_FACTOR_COMPLEX	0.25755542275354637			
IPA_BRCA2_UP	0.2575525545094036			
CHNG_MULTIPLE_MYELOMA_HYPERPLOID_UP	0.25752006793091126			
YAO_TEMPORAL_RESPONSE_TO_PROGESTERONE_CLUSTER_7	0.25751487702715026			
GO_2_IRON_2_SULFUR_CLUSTER_BINDING	0.25749599412341145			
GSE7596_AKT_TRANSD_VS_CTRL_CD4_TCONV_WITH_TGFB_DN	0.25747786020188657			
GO_GLANDULAR_EPITHELIAL_CELL_DEVELOPMENT	0.2574639968610576			
GSE13887_ACT_CD4_VS_NO_TREATED_CD4_TCELL_UP	0.25745224424327195			
PR_Q2	0.2574330419575153			
GO_PHENYLPROPANOID_METABOLIC_PROCESS	0.2574237553007907			
GO_ATP_METABOLIC_PROCESS	0.2574222200143603			
REACTOME_REPRESSION_OF_WNT_TARGET_GENES	0.2574204038446142			
MAP2K1_TARGET_GENES	0.25741113024782913			
GO_CELLULAR_RESPIRATION	0.2574070639225964			
GO_CELLULAR_RESPONSE_TO_COLD	0.25736769138371984			
GO_GLYCEROL_3_PHOSPHATE_METABOLIC_PROCESS	0.2573633991920678			
GO_SYMMETRIC_SYNAPSE	0.25733448324461083			
chr16q12	0.25731796991579214			
IPA_HDAC7_UP	0.2573081740441742			
TANAKA_METHYLATED_IN_ESOPHAGEAL_CARCINOMA	0.2572845206365038			
GO_RNA_POLYMERASE_III_GENERAL_TRANSCRIPTION_INITIATION_FACTOR_ACTIVITY	0.25728339841832853			
KRCTCNNNNMANAGC_UNKNOWN	0.25727953770915624			
MIR1827	0.25727413885975386			
GO_POSITIVE_REGULATION_OF_DNA_TEMPLATED_TRANSCRIPTION_ELONGATION	0.2572532082178511			
GO_COMMITMENT_OF_NEURONAL_CELL_TO_SPECIFIC_NEURON_TYPE_IN_FOREBRAIN	0.25725147394702863			
ZSCAN21_TARGET_GENES	0.25723638762524037			
GSE5542_IFNG_VS_IFNA_AND_IFNG_TREATED_EPITHELIAL_CELLS_24H_DN	0.2572283601613926			
GSE29164_DAY3_VS_DAY7_CD8_TCELL_AND_IL12_TREATED_MELANOMA_DN	0.25719471636623653			
GSE34156_NOD2_LIGAND_VS_TLR1_TLR2_LIGAND_24H_TREATED_MONOCYTE_UP	0.2571899059335959			
GO_PATTERN_SPECIFICATION_INVOLVED_IN_KIDNEY_DEVELOPMENT	0.2571835513102479			
REACTOME_GLUCONEOGENESIS	0.2571756717354715			
GO_N_ACETYLLACTOSAMINIDE_BETA_1_3_N_ACETYLGLUCOSAMINYLTRANSFERASE_ACTIVITY	0.25716137645334053			
ZNF843_TARGET_GENES	0.2571610779806168			
GO_STRIATUM_DEVELOPMENT	0.2571577241774138			
ESC_V6.5_UP_LATE.V1_DN	0.25715186216426006			
GO_RESPONSE_TO_SODIUM_ARSENITE	0.2571452509305984			
IPA_NKX2-1_UP	0.2571437874355805			
GO_AUTOPHAGY_OF_NUCLEUS	0.25713551529178785			
GO_NSL_COMPLEX	0.2571331499987741			
E2F_Q4_01	0.25712849168573754			
MIR222_3P	0.25712824330149125			
LUND_SILENCED_BY_METHYLATION	0.2571240600206686			
IPA_AIRE_UP	0.25709399740517214			
MIR6876_5P	0.25709245309448125			
GO_CHLORIDE_CHANNEL_REGULATOR_ACTIVITY	0.2570652414840256			
GO_HORMONE_METABOLIC_PROCESS	0.2570396924270067			
GO_CEREBELLAR_PURKINJE_CELL_GRANULE_CELL_PRECURSOR_CELL_SIGNALING_INVOLVED_IN_REGULATION_OF_GRANULE_CELL_PRECURSOR_CELL_PROLIFERATION	0.257013202743052			
GO_CATALYTIC_ACTIVITY_ACTING_ON_A_GLYCOPROTEIN	0.25699473723993355			
GO_INSULIN_RESPONSIVE_COMPARTMENT	0.25696072334734477			
GO_NEGATIVE_REGULATION_OF_PROTEIN_LOCALIZATION_TO_MICROTUBULE	0.2569604941259943			
GSE17721_0.5H_VS_8H_PAM3CSK4_BMDC_UP	0.2569587348133185			
REACTOME_NRAGE_SIGNALS_DEATH_THROUGH_JNK	0.25695099127265025			
GO_TISSUE_REGENERATION	0.25695063715303934			
ZNF423_TARGET_GENES	0.2569413366774873			
MIR6873_5P	0.2569393792350806			
REACTOME_MITOCHONDRIAL_TRNA_AMINOACYLATION	0.25692444589199603			
GO_RESPONSE_TO_NICOTINE	0.25689009881270336			
GO_CELLULAR_RESPONSE_TO_HISTAMINE	0.2568885051657473			
GO_SUGAR_MEDIATED_SIGNALING_PATHWAY	0.25688767267046175			
GO_HISTONE_METHYLTRANSFERASE_ACTIVITY_H3_K36_SPECIFIC	0.25685301186458753			
GO_HISTONE_DEACETYLASE_BINDING	0.25684001226962666			
GSE30083_SP1_VS_SP2_THYMOCYTE_DN	0.2568129646789017			
LFA1_Q6	0.256797069152009			
WANG_NFKB_TARGETS	0.2567798852575882			
GO_LIGAND_GATED_ANION_CHANNEL_ACTIVITY	0.2567693843226467			
TORCHIA_TARGETS_OF_EWSR1_FLI1_FUSION_TOP20_UP	0.2567658897595028			
IPA_NEUROD2_UP	0.25676045751402954			
GO_ORGANIC_ACID_BINDING	0.2567376136920728			
REACTOME_BETA_OXIDATION_OF_LAUROYL_COA_TO_DECANOYL_COA_COA	0.2566982037523075			
REACTOME_DSCAM_INTERACTIONS	0.2566859048872023			
CTAWWWATA_RSRFC4_Q2	0.2566825611232383			
GO_REGULATION_OF_MICROVILLUS_ORGANIZATION	0.25667500412394517			
GO_NEUROPEPTIDE_RECEPTOR_ACTIVITY	0.2566739228304285			
GO_EUKARYOTIC_TRANSLATION_INITIATION_FACTOR_3_COMPLEX	0.25667334629800925			
GSE17721_PAM3CSK4_VS_CPG_2H_BMDC_UP	0.25664081853324194			
LEE_AGING_MUSCLE_UP	0.25662326730892104			
GSE42021_CD24HI_VS_CD24LOW_TCONV_THYMUS_UP	0.2566078583102211			
GO_CILIARY_ROOTLET	0.256599922257652			
GO_CHLORIDE_CHANNEL_INHIBITOR_ACTIVITY	0.25659559039813645			
GO_ACIDIC_AMINO_ACID_TRANSPORT	0.2565840848127502			
GO_MITOCHONDRIAL_INTERMEMBRANE_SPACE_PROTEIN_TRANSPORTER_COMPLEX	0.25656536259979323			
AGGTGCA_MIR500	0.2565643231418997			
REACTOME_METAL_ION_SLC_TRANSPORTERS	0.2565590684618836			
GO_ESTABLISHMENT_OF_PROTEIN_LOCALIZATION_TO_MEMBRANE	0.25655575581023543			
GO_REGULATION_OF_PROTEIN_DEUBIQUITINATION	0.2565427411676966			
IPA_PSAP_DN	0.25653807742086376			
GO_INDOLE_CONTAINING_COMPOUND_BIOSYNTHETIC_PROCESS	0.2565336555363808			
GO_INNER_DYNEIN_ARM_ASSEMBLY	0.2565323255788688			
IPA_NR1H2_UP	0.2565184488722966			
MIR6749_3P	0.2565147630524501			
GO_PROTEIN_HORMONE_RECEPTOR_ACTIVITY	0.2565035531093988			
GO_L_GLUTAMATE_IMPORT	0.2564894580927946			
GO_PROTEIN_INSERTION_INTO_MITOCHONDRIAL_MEMBRANE_INVOLVED_IN_APOPTOTIC_SIGNALING_PATHWAY	0.25648345947380485			
GO_ROOF_OF_MOUTH_DEVELOPMENT	0.2564786896229102			
GO_SEMICIRCULAR_CANAL_MORPHOGENESIS	0.2564385387500359			
MIER1_TARGET_GENES	0.25642018328491273			
GO_PROTEIN_DEMETHYLATION	0.256409320747757			
PID_TELOMERASE_PATHWAY	0.25640736487574334			
GSE22886_NEUTROPHIL_VS_MONOCYTE_UP	0.2564067653820251			
GSE45739_UNSTIM_VS_ACD3_ACD28_STIM_WT_CD4_TCELL_UP	0.2564053398222884			
GO_THIOESTER_BIOSYNTHETIC_PROCESS	0.2563894000499237			
NIKOLSKY_BREAST_CANCER_7P22_AMPLICON	0.25638803562884593			
PLASARI_TGFB1_SIGNALING_VIA_NFIC_10HR_UP	0.25637091760492475			
MIR4708_3P	0.2563652027951148			
GSE14769_UNSTIM_VS_20MIN_LPS_BMDM_UP	0.25634756498275846			
FOXE1_TARGET_GENES	0.25634531446623376			
GO_REGULATION_OF_SMALL_MOLECULE_METABOLIC_PROCESS	0.2563371017011515			
REACTOME_UPTAKE_AND_FUNCTION_OF_DIPHTHERIA_TOXIN	0.2563331634228021			
GO_CGMP_CATABOLIC_PROCESS	0.25632397315464783			
WOTTON_RUNX_TARGETS_UP	0.25631725608005745			
LEF1_Q2	0.25631428546058543			
WHITE_NEUROBLASTOMA_WITH_1P36.3_DELETION	0.2563042932732883			
GO_NEGATIVE_REGULATION_OF_FATTY_ACID_TRANSPORT	0.2562870060233308			
IPA_NR1I2_DN	0.25628134636672545			
ER_Q6_02	0.25626564249921496			
GO_VOLTAGE_GATED_CALCIUM_CHANNEL_ACTIVITY_INVOLVED_IN_REGULATION_OF_CYTOSOLIC_CALCIUM_LEVELS	0.2562591533577808			
GO_LONG_CHAIN_FATTY_ACID_TRANSPORTER_ACTIVITY	0.2562354918074797			
REACTOME_DIGESTION	0.2562311902828418			
GO_PEROXISOMAL_TRANSPORT	0.25622753921053115			
GSE43863_TH1_VS_TFH_EFFECTOR_CD4_TCELL_UP	0.25622742209685245			
GO_REGULATION_OF_CHROMATIN_ORGANIZATION	0.25621900522694885			
GO_CYTOPLASMIC_MICROTUBULE	0.2562170012587022			
CHANDRAN_METASTASIS_TOP50_UP	0.2562102820617218			
NGUYEN_NOTCH1_TARGETS_DN	0.25620269536424134			
MIR9899	0.25619482461190013			
GO_ISOCITRATE_METABOLIC_PROCESS	0.25619159068822717			
GO_METHYL_CPG_BINDING	0.2561835454346488			
chr7q34	0.256174760277686			
GO_VESICLE_MEDIATED_TRANSPORT_IN_SYNAPSE	0.25616079457692276			
LIAO_METASTASIS	0.2561429317661301			
MIR6890_5P	0.25612374116312603			
GO_PIGMENT_GRANULE_LOCALIZATION	0.25612197542880283			
IPA_CBFB_DN	0.2561179825461707			
MIR6770_3P	0.25609513911071785			
REACTOME_ABACAVIR_TRANSMEMBRANE_TRANSPORT	0.256093426839228			
GO_REGULATION_OF_SYNAPTIC_VESICLE_FUSION_TO_PRESYNAPTIC_ACTIVE_ZONE_MEMBRANE	0.25607082814738297			
WESTON_VEGFA_TARGETS_3HR	0.25606820818609594			
IPA_SOX6_UP	0.25606714710934303			
GO_NEGATIVE_REGULATION_OF_CELL_CELL_ADHESION_MEDIATED_BY_CADHERIN	0.25605474791387756			
MEISSNER_ES_ICP_WITH_H3K4ME3	0.2560527024564863			
GO_REGULATION_OF_RAC_PROTEIN_SIGNAL_TRANSDUCTION	0.2560452514967441			
ZIC1_01	0.25601969933406954			
GSE6269_E_COLI_VS_STREP_PNEUMO_INF_PBMC_UP	0.2560072000453278			
GO_MICROVILLUS_ORGANIZATION	0.255980151125091			
GO_POSITIVE_REGULATION_OF_TOOTH_MINERALIZATION	0.2559717203195552			
BIOCARTA_SHH_PATHWAY	0.2559314720670693			
MIR6748_3P	0.25592236165112003			
REACTOME_MITOTIC_PROPHASE	0.25590045609089035			
GO_CD95_DEATH_INDUCING_SIGNALING_COMPLEX	0.2559003248650875			
IPA_PPARD_DN	0.25589936681618297			
REACTOME_HYALURONAN_BIOSYNTHESIS_AND_EXPORT	0.25589059673834036			
AMIT_SERUM_RESPONSE_120_MCF10A	0.25587220547021383			
GO_TRICUSPID_VALVE_MORPHOGENESIS	0.25587076355566807			
GO_FOUR_WAY_JUNCTION_DNA_BINDING	0.25584483424562676			
GO_REGULATION_OF_PRESYNAPSE_ORGANIZATION	0.25584018675129055			
GO_CLATHRIN_HEAVY_CHAIN_BINDING	0.255811787461261			
GSE17721_LPS_VS_POLYIC_0.5H_BMDC_UP	0.2557839819234852			
GO_HISTONE_DEMETHYLASE_ACTIVITY	0.25577810265287365			
GSE37301_PRO_BCELL_VS_CD4_TCELL_UP	0.25576423222345296			
MIR3960_MIR8072	0.25575925356645635			
MIR3691_5P	0.2557590854779868			
GO_AMYLOID_FIBRIL_FORMATION	0.25572890037624063			
MIR6862_5P	0.2557281500028447			
E2A_Q2	0.25570928878358407			
GO_PYRIMIDINE_DEOXYRIBONUCLEOTIDE_METABOLIC_PROCESS	0.25565960281515815			
QI_HYPOXIA	0.25565847757936727			
SMID_BREAST_CANCER_RELAPSE_IN_BRAIN_UP	0.2556499297427113			
TAANNYSGCG_UNKNOWN	0.25564973287418064			
GO_REGULATION_OF_NEURONAL_ACTION_POTENTIAL	0.2556451433999487			
GSE16385_IFNG_TNF_VS_ROSIGLITAZONE_STIM_MACROPHAGE_DN	0.25564209782781194			
REACTOME_TRANSCRIPTIONAL_ACTIVITY_OF_SMAD2_SMAD3_SMAD4_HETEROTRIMER	0.25564095968159556			
IPA_TLX3_UP	0.25563665344975156			
MIR4453	0.25560032158091267			
IPA_KDM6B_DN	0.25559865099768414			
IPA_MYCN_UP	0.25559799417164264			
GSE21670_STAT3_KO_VS_WT_CD4_TCELL_TGFB_TREATED_DN	0.2555902033539761			
PLASARI_TGFB1_SIGNALING_VIA_NFIC_1HR_DN	0.2555858185265744			
MIR593_5P	0.25557489054618315			
GO_DEAD_H_BOX_RNA_HELICASE_BINDING	0.255567976583221			
GO_STEREOCILIA_COUPLING_LINK	0.2555533982898089			
GO_TRANSCRIPTION_COFACTOR_BINDING	0.25552732250716054			
DELPUECH_FOXO3_TARGETS_DN	0.25551422820814546			
GO_RENAL_SYSTEM_PROCESS	0.25551326900884697			
GO_NEGATIVE_REGULATION_OF_TELOMERE_MAINTENANCE_VIA_TELOMERE_LENGTHENING	0.25549766405302776			
REACTOME_TRANSCRIPTIONAL_REGULATION_BY_THE_AP_2_TFAP2_FAMILY_OF_TRANSCRIPTION_FACTORS	0.25549215234986156			
GO_POSITIVE_REGULATION_OF_GASTRO_INTESTINAL_SYSTEM_SMOOTH_MUSCLE_CONTRACTION	0.25548873177615794			
GO_MISMATCH_REPAIR	0.25548129761299404			
GO_OXIDOREDUCTASE_ACTIVITY_ACTING_ON_DIPHENOLS_AND_RELATED_SUBSTANCES_AS_DONORS	0.2554593338476484			
REACTOME_DECTIN_2_FAMILY	0.25544267430093126			
MIR3074_5P	0.2554369336794593			
PDGF_ERK_DN.V1_DN	0.2554338053971431			
GCGNNANTTCC_UNKNOWN	0.2554313734976058			
ZNF660_TARGET_GENES	0.2554284952215277			
IPA_HOXA7_DN	0.25541893311365865			
HFH3_01	0.25541245995675854			
GSE40274_FOXP3_VS_FOXP3_AND_HELIOS_TRANSDUCED_ACTIVATED_CD4_TCELL_UP	0.25538603093537493			
GO_METANEPHRIC_NEPHRON_DEVELOPMENT	0.2553840449598995			
INGA_TP53_TARGETS	0.2553777687430572			
NFXL1_TARGET_GENES	0.2553727574803041			
GSE27291_0H_VS_6H_STIM_GAMMADELTA_TCELL_UP	0.255365916019939			
GO_FIBROBLAST_GROWTH_FACTOR_ACTIVATED_RECEPTOR_ACTIVITY	0.25535791804045854			
GSE10325_CD4_TCELL_VS_LUPUS_CD4_TCELL_UP	0.2553526795757776			
CCTGTGA_MIR513	0.25533833623360985			
HUANG_GATA2_TARGETS_DN	0.2553203555210246			
GO_NF_KAPPAB_BINDING	0.2553198480584883			
GO_COFACTOR_TRANSMEMBRANE_TRANSPORTER_ACTIVITY	0.2553176614850321			
GO_CELL_PROLIFERATION_INVOLVED_IN_KIDNEY_DEVELOPMENT	0.2553146159556776			
GO_MEMBRANE_RAFT_ASSEMBLY	0.2553089507886756			
BIOCARTA_P38MAPK_PATHWAY	0.25530559149240456			
GO_VOLTAGE_GATED_POTASSIUM_CHANNEL_ACTIVITY	0.25530016005249023			
GO_IRON_ION_HOMEOSTASIS	0.2552955345830122			
GO_SCHWANN_CELL_MIGRATION	0.25529282385180885			
GO_SUBSTANTIA_NIGRA_DEVELOPMENT	0.25528625090218976			
IPA_SALL4_UP	0.25526628730878675			
GSE25123_WT_VS_PPARG_KO_MACROPHAGE_ROSIGLITAZONE_STIM_UP	0.25526497249595836			
ROYLANCE_BREAST_CANCER_16Q_COPY_NUMBER_UP	0.25525766268258965			
GO_TELOMERE_MAINTENANCE_VIA_TELOMERE_LENGTHENING	0.2552238918315794			
MIR769_5P	0.25522268969727896			
GO_REGULATION_OF_TRANSLATIONAL_INITIATION_IN_RESPONSE_TO_STRESS	0.255211938852144			
GO_ACTIVATION_INDUCED_CELL_DEATH_OF_T_CELLS	0.2552105450121706			
GO_CIRCADIAN_SLEEP_WAKE_CYCLE_SLEEP	0.2552044661453679			
GSE22432_MULTIPOTENT_VS_COMMON_DC_PROGENITOR_UNTREATED_DN	0.25519803703134947			
GO_ACETYLCHOLINE_BINDING	0.25519699124069845			
GO_NEGATIVE_REGULATION_OF_TRANSCRIPTION_INITIATION_FROM_RNA_POLYMERASE_II_PROMOTER	0.25517871640225426			
LIU_IL13_MEMORY_MODEL_DN	0.2551567684180572			
MIR6758_3P	0.25514928643016593			
GO_REPRODUCTIVE_BEHAVIOR	0.2551191369705531			
GSE41867_NAIVE_VS_DAY8_LCMV_ARMSTRONG_EFFECTOR_CD8_TCELL_UP	0.2551180234425759			
REACTOME_TRANSPORT_OF_BILE_SALTS_AND_ORGANIC_ACIDS_METAL_IONS_AND_AMINE_COMPOUNDS	0.2551110704459434			
SP1_Q2_01	0.255102496491128			
GALLUZZI_PERMEABILIZE_MITOCHONDRIA	0.2550830930642086			
GO_CILIUM_MOVEMENT	0.25505928959129776			
GO_REGULATION_OF_METANEPHRIC_GLOMERULUS_DEVELOPMENT	0.2550534033215591			
GO_DETECTION_OF_LIGHT_STIMULUS_INVOLVED_IN_SENSORY_PERCEPTION	0.25504926541369605			
MIR4321	0.25504498573795614			
GSE45365_NK_CELL_VS_CD11B_DC_MCMV_INFECTION_UP	0.25503546304731145			
MIR1909_3P	0.255032269569266			
GO_SENSORY_PERCEPTION_OF_TEMPERATURE_STIMULUS	0.2550142535770418			
GO_CYTOSKELETAL_ANCHORING_AT_PLASMA_MEMBRANE	0.2550098972017458			
MIR3164	0.2550071062002027			
GSE32423_CTRL_VS_IL7_IL4_MEMORY_CD8_TCELL_DN	0.2550037898696818			
GSE27786_BCELL_VS_NKCELL_UP	0.2550007879007713			
IPA_SIN3B_DN	0.2549933614714233			
IPA_CCNT1_UP	0.25498994082179954			
IPA_ZBTB20_UP	0.254969502191431			
GO_GAMMA_AMINOBUTYRIC_ACID_SECRETION	0.2549636103338729			
REACTOME_EPIGENETIC_REGULATION_OF_GENE_EXPRESSION	0.25496226003992284			
MIR874_5P	0.25495938211049785			
GO_REGULATION_OF_BLOOD_CIRCULATION	0.2549450858482588			
GGCAGTG_MIR3243P	0.25494030276719765			
GO_PROTEIN_TARGETING_TO_LYSOSOME	0.25493965652546446			
REACTOME_TRANSCRIPTIONAL_REGULATION_BY_SMALL_RNAS	0.2549259372411857			
GO_GDP_DISSOCIATION_INHIBITOR_ACTIVITY	0.2549255951576088			
GSE2770_UNTREATED_VS_ACT_CD4_TCELL_6H_DN	0.25492023280060516			
SOX11_TARGET_GENES	0.25491862386770653			
GO_AEROBIC_RESPIRATION	0.25490992530859913			
GO_ORGANOPHOSPHATE_ESTER_TRANSPORT	0.25490431683493353			
REACTOME_GOLGI_ASSOCIATED_VESICLE_BIOGENESIS	0.2549042349937581			
MIR6080	0.2548878260135949			
GO_OXO_ACID_LYASE_ACTIVITY	0.2548698406536644			
VERHAAK_GLIOBLASTOMA_NEURAL	0.25486568130180787			
GO_GLOMERULAR_EPITHELIAL_CELL_DEVELOPMENT	0.254843415151194			
GO_PLUS_END_DIRECTED_ORGANELLE_TRANSPORT_ALONG_MICROTUBULE	0.2548375937768196			
GO_THO_COMPLEX	0.2548272543446916			
GO_REGULATION_OF_OXIDATIVE_PHOSPHORYLATION	0.25482585579595074			
BIOCARTA_TERT_PATHWAY	0.2548097076172673			
chr4q24	0.2548077968181724			
REACTOME_NEF_MEDIATED_DOWNREGULATION_OF_MHC_CLASS_I_COMPLEX_CELL_SURFACE_EXPRESSION	0.2547920710393709			
GO_GLIAL_CELL_DERIVED_NEUROTROPHIC_FACTOR_RECEPTOR_SIGNALING_PATHWAY	0.2547813479346065			
GO_ASPARTATE_FAMILY_AMINO_ACID_CATABOLIC_PROCESS	0.2547703675397321			
chr1q42	0.2547612152730824			
GO_PROTEIN_INSERTION_INTO_MITOCHONDRIAL_MEMBRANE	0.25475528233060235			
REACTOME_MET_RECEPTOR_RECYCLING	0.25474782972076404			
GO_LIPID_MODIFICATION	0.2547439694658556			
TAZ_TARGET_GENES	0.2547381369452105			
MIR6798_3P	0.2547323045011533			
GO_TETRAHYDROBIOPTERIN_METABOLIC_PROCESS	0.2547289634097435			
GO_POSITIVE_REGULATION_OF_TUMOR_NECROSIS_FACTOR_MEDIATED_SIGNALING_PATHWAY	0.2547220391167336			
GO_REGULATION_OF_BROWN_FAT_CELL_DIFFERENTIATION	0.2547091860721123			
IPA_HMGA2_DN	0.25468430298938816			
GSE29618_LAIV_VS_TIV_FLU_VACCINE_DAY7_BCELL_UP	0.25466782095250196			
GO_STEM_CELL_PROLIFERATION	0.25466264481502865			
GO_HISTONE_H4_R3_METHYLATION	0.25465819267474726			
AAGWWRNYGGC_UNKNOWN	0.25465785020714055			
GSE6681_DELETED_FOXP3_VS_WT_TREG_UP	0.2546571880121956			
DUTERTRE_ESTRADIOL_RESPONSE_24HR_UP	0.254655635591018			
GO_LONG_CHAIN_FATTY_ACID_BINDING	0.254653451249375			
IPA_MESP1_UP	0.25465096279907756			
GO_FIBRILLAR_CENTER	0.25464184537394374			
GO_PRESYNAPTIC_ENDOCYTIC_ZONE_MEMBRANE	0.2546212348172547			
SNIP1_TARGET_GENES	0.2545981275777074			
SCHUHMACHER_MYC_TARGETS_UP	0.25459037988255145			
GO_NUCLEOBASE_TRANSPORT	0.25457527063852115			
GO_REGULATION_OF_PEPTIDYL_LYSINE_ACETYLATION	0.2545734142772171			
OLF1_01	0.2545655998318652			
GO_PULMONARY_VALVE_MORPHOGENESIS	0.2545628564981043			
REACTOME_REGULATION_OF_GENE_EXPRESSION_IN_BETA_CELLS	0.2545514221492383			
GO_AMINO_ACID_SODIUM_SYMPORTER_ACTIVITY	0.2545431060933437			
GO_ADULT_BEHAVIOR	0.25453475543431925			
REACTOME_ORGANIC_ANION_TRANSPORTERS	0.2545082936988759			
MYLLYKANGAS_AMPLIFICATION_HOT_SPOT_5	0.25450603575107716			
STONER_ESOPHAGEAL_CARCINOGENESIS_UP	0.254496635209534			
GO_FRUCTOSE_6_PHOSPHATE_METABOLIC_PROCESS	0.25449343025920496			
MIR1306_5P	0.25449212712017977			
MIR2116_3P	0.25448009386907694			
GO_NEURON_PROJECTION_MEMBRANE	0.2544730029763464			
MIR135A_3P	0.25447277212242947			
PARENT_MTOR_SIGNALING_UP	0.2544712254379833			
USF_C	0.2544693717099215			
REACTOME_DIGESTION_OF_DIETARY_LIPID	0.2544677153983845			
GO_MANNOSYLATION	0.2544563226412652			
GSE9946_MATURE_STIMULATORY_VS_LISTERIA_INF_MATURE_DC_UP	0.2544412460688465			
GO_EPITHELIAL_CELL_MATURATION	0.25439464892904184			
GO_GLUCOSE_6_PHOSPHATE_METABOLIC_PROCESS	0.2543876082072061			
GO_PROTEIN_TYROSINE_KINASE_ACTIVATOR_ACTIVITY	0.25437043179893154			
GO_ATP_SYNTHESIS_COUPLED_PROTON_TRANSPORT	0.25436589941620463			
MIR1199_5P	0.2543294658155664			
GO_K48_LINKED_POLYUBIQUITIN_MODIFICATION_DEPENDENT_PROTEIN_BINDING	0.25432647502586686			
GO_CELLULAR_SODIUM_ION_HOMEOSTASIS	0.2543105983109306			
MUELLER_PLURINET	0.25430930279452935			
GSE17974_CTRL_VS_ACT_IL4_AND_ANTI_IL12_1H_CD4_TCELL_UP	0.25430185324318905			
GO_STEROID_HYDROXYLASE_ACTIVITY	0.25428280519296803			
GSE21774_CD56_BRIGHT_VS_DIM_CD62L_POSITIVE_NK_CELL_DN	0.25427247105059403			
GO_C21_STEROID_HORMONE_METABOLIC_PROCESS	0.2542370923886091			
GSE12507_PDC_CELL_LINE_VS_IMMATUE_T_CELL_LINE_DN	0.25423704717220486			
MIR4787_5P	0.25422857725639			
GO_PROTEIN_HOMOTRIMERIZATION	0.2542281346866021			
GO_MEMBRANE_LIPID_BIOSYNTHETIC_PROCESS	0.25420140136154973			
GO_MODULATION_OF_PROGRAMMED_CELL_DEATH_IN_OTHER_ORGANISM	0.2541989867013944			
FRASOR_RESPONSE_TO_SERM_OR_FULVESTRANT_DN	0.2541931118141923			
GO_FOLIC_ACID_CONTAINING_COMPOUND_METABOLIC_PROCESS	0.25417567144549447			
GO_ENDOSOMAL_TRANSPORT	0.2541743698823146			
SILIGAN_TARGETS_OF_EWS_FLI1_FUSION_UP	0.25417297522400045			
REACTOME_EXPORT_OF_VIRAL_RIBONUCLEOPROTEINS_FROM_NUCLEUS	0.2541540323372621			
GO_PHOSPHATASE_COMPLEX	0.25414003562373133			
IPA_FIGLA_DN	0.254136159949082			
TERT_TARGET_GENES	0.25411659329883923			
GO_G_RICH_STRAND_TELOMERIC_DNA_BINDING	0.2541126469834062			
IPA_NRL_UP	0.25411190439620196			
TIMOFEEVA_GROWTH_STRESS_VIA_STAT1_DN	0.25408351774330074			
IPA_ZFPM2_UP	0.2540798106362339			
GO_ODONTOGENESIS_OF_DENTIN_CONTAINING_TOOTH	0.2540790288018804			
BOYAULT_LIVER_CANCER_SUBCLASS_G123_UP	0.2540740814174341			
GO_SPHINGOSINE_METABOLIC_PROCESS	0.2540653530382946			
CAFFAREL_RESPONSE_TO_THC_8HR_5_UP	0.2540601656313064			
GSE2405_0H_VS_3H_A_PHAGOCYTOPHILUM_STIM_NEUTROPHIL_DN	0.25405080342835895			
GO_EXTRACELLULAR_TRANSPORT	0.25405049913820427			
GO_REGULATION_OF_MORPHOGENESIS_OF_AN_EPITHELIUM	0.25405026313569595			
ASTIER_INTEGRIN_SIGNALING	0.2540482358890172			
GO_REGULATION_OF_HYDROGEN_PEROXIDE_BIOSYNTHETIC_PROCESS	0.2540445275931702			
GSE21927_SPLEEN_VS_TUMOR_MONOCYTE_C57BL6_DN	0.25403643334673304			
ZNF22_TARGET_GENES	0.25402952041384086			
GO_NEGATIVE_REGULATION_OF_CENTRIOLE_REPLICATION	0.2540264618612724			
CDPCR3_01	0.25401186219766936			
REACTOME_DISPLACEMENT_OF_DNA_GLYCOSYLASE_BY_APEX1	0.254009352108442			
GO_NEGATIVE_REGULATION_OF_FAT_CELL_PROLIFERATION	0.25400854591307404			
GO_LYSINE_ACETYLATED_HISTONE_BINDING	0.2539975327611452			
GSE21546_WT_VS_ELK1_KO_DP_THYMOCYTES_DN	0.25399609830816705			
GO_MONOSACCHARIDE_BIOSYNTHETIC_PROCESS	0.2539949705269331			
chr3q27	0.2539909859276828			
GO_PROTEIN_LOCALIZATION_TO_SYNAPSE	0.25398718357449596			
GO_MITOCHONDRIAL_LARGE_RIBOSOMAL_SUBUNIT	0.2539808719789295			
GO_REGULATION_OF_MICROTUBULE_POLYMERIZATION_OR_DEPOLYMERIZATION	0.253970180891953			
GO_DNA_POLYMERASE_BINDING	0.2539629113516661			
MIR500B_3P	0.2539623952257814			
GO_MAMMARY_GLAND_FORMATION	0.25395013641832886			
REACTOME_MITOCHONDRIAL_FATTY_ACID_BETA_OXIDATION	0.2539475266034078			
IPA_ATF5_DN	0.25393692754246094			
GO_ENDOCYTIC_RECYCLING	0.2539177090036566			
GSE15330_HSC_VS_LYMPHOID_PRIMED_MULTIPOTENT_PROGENITOR_IKAROS_KO_UP	0.2538641032409358			
AGCGCAG_MIR191	0.25386398782615444			
KEGG_SPHINGOLIPID_METABOLISM	0.2538515878996249			
FOXM1_01	0.2538501153839933			
MIR6860	0.2538331401661245			
GO_TRANSDIFFERENTIATION	0.25382900943193937			
REACTOME_TP53_REGULATES_TRANSCRIPTION_OF_CELL_CYCLE_GENES	0.2538081333163634			
ZNF595_TARGET_GENES	0.25379223962329683			
GSE27859_DC_VS_CD11C_INT_F480_HI_MACROPHAGE_DN	0.25378986297620576			
GO_NEUROPEPTIDE_Y_RECEPTOR_ACTIVITY	0.25378871874118397			
MIR34A_3P	0.25378822959202596			
FOURNIER_ACINAR_DEVELOPMENT_EARLY_UP	0.2537829923323329			
GO_TONIC_SMOOTH_MUSCLE_CONTRACTION	0.25378019864276635			
MIR621	0.2537585294266787			
MIR1915_3P	0.2537559239735007			
GO_LIPID_TRANSFER_ACTIVITY	0.25374340992515915			
GO_PROTEIN_LOCALIZATION_TO_MEMBRANE	0.2537038570875768			
MOOTHA_FFA_OXYDATION	0.25369791892689736			
GO_PEPTIDE_TRANSMEMBRANE_TRANSPORTER_ACTIVITY	0.25369768507235246			
GO_REGULATION_OF_AUTOPHAGOSOME_ASSEMBLY	0.2536949118424391			
POOLA_INVASIVE_BREAST_CANCER_DN	0.25368653400371777			
RCGCANGCGY_NRF1_Q6	0.25368265480608376			
GO_ER_OVERLOAD_RESPONSE	0.2536773486426272			
MIR6745	0.2536529952769289			
GO_REGULATION_OF_LYSOSOMAL_PROTEIN_CATABOLIC_PROCESS	0.2536499190657048			
GATA_C	0.2536439203357519			
REACTOME_PROTEIN_PROTEIN_INTERACTIONS_AT_SYNAPSES	0.25363124273726667			
GO_NEGATIVE_REGULATION_OF_EPITHELIAL_TO_MESENCHYMAL_TRANSITION	0.25362590395151813			
FRIDMAN_SENESCENCE_DN	0.2536020055329909			
MIR6784_3P	0.2535983071630314			
GO_NEGATIVE_REGULATION_OF_RNA_BIOSYNTHETIC_PROCESS	0.25358856537360763			
IPA_PITX3_DN	0.25358823090253085			
GO_HISTONE_DEPHOSPHORYLATION	0.25358317366905797			
GO_REGULATION_OF_DOPAMINE_SECRETION	0.25357797246256464			
GO_RESPONSE_TO_BMP	0.253565509909155			
GO_NEGATIVE_REGULATION_OF_BIOSYNTHETIC_PROCESS	0.2535517923872999			
GO_EXTRINSIC_COMPONENT_OF_MITOCHONDRIAL_INNER_MEMBRANE	0.2535374618795215			
TIEN_INTESTINE_PROBIOTICS_24HR_UP	0.25353214064440444			
MTF1_Q4	0.2535208862834283			
MIR6746_5P	0.2535163410444353			
MIR4259	0.2535054302770221			
GO_GENE_SILENCING_BY_RNA	0.253499406469406			
NRF2_01	0.25349830873920187			
GO_REGULATION_OF_GLUCAN_BIOSYNTHETIC_PROCESS	0.2534804592846138			
GSE22886_UNSTIM_VS_IL15_STIM_NKCELL_UP	0.2534752571899201			
GO_PROTEIN_FOLDING_IN_ENDOPLASMIC_RETICULUM	0.2534744674527387			
GO_CAMP_DEPENDENT_PROTEIN_KINASE_ACTIVITY	0.25346502798491694			
REACTOME_EPH_EPHRIN_SIGNALING	0.2534624229563108			
GO_PRIMARY_MIRNA_BINDING	0.25345791099695314			
BIOCARTA_P35ALZHEIMERS_PATHWAY	0.2534518106188863			
MIKKELSEN_MEF_ICP_WITH_H3K4ME3_AND_H3K27ME3	0.253446693154079			
GO_POSITIVE_REGULATION_OF_EXCITATORY_POSTSYNAPTIC_POTENTIAL	0.25343210395746374			
GO_PROTEIN_NEDDYLATION	0.2534260885387692			
GO_NEGATIVE_REGULATION_OF_ENDOPLASMIC_RETICULUM_STRESS_INDUCED_INTRINSIC_APOPTOTIC_SIGNALING_PATHWAY	0.25342461400146454			
TTF1_Q6	0.2534222297924602			
HEY2_TARGET_GENES	0.25340255643204107			
ZSCAN31_TARGET_GENES	0.25339162388428466			
GO_GATOR2_COMPLEX	0.2533905917800876			
BURTON_ADIPOGENESIS_11	0.25339004924186515			
MIR4298	0.2533411799167052			
WILLIAMS_ESR1_TARGETS_UP	0.2533304881709071			
GSE15930_STIM_VS_STIM_AND_IL12_24H_CD8_T_CELL_DN	0.2533137406397291			
XU_CREBBP_TARGETS_UP	0.2533079214788663			
IPA_KCNIP3_DN	0.2533031214380619			
GO_GLYCOSYLATION	0.25326928178482605			
WACKER_HYPOXIA_TARGETS_OF_VHL	0.25325173564131476			
GO_HYALURONAN_BIOSYNTHETIC_PROCESS	0.25324888338871865			
CHOP_01	0.25324705154502014			
GO_POSITIVE_REGULATION_OF_HEMATOPOIETIC_STEM_CELL_PROLIFERATION	0.25321871660249246			
GO_INTERMEDIATE_FILAMENT_ORGANIZATION	0.2532109048916184			
GO_ESTABLISHMENT_OF_PIGMENT_GRANULE_LOCALIZATION	0.25320299902176946			
IPA_RFX3_DN	0.2532014116478512			
IPA_TBX22_UP	0.2532014116478512			
GO_DENDRITE_CYTOPLASM	0.2531893340633007			
IPA_BNIP3_UP	0.2531608612507369			
GO_REGULATION_OF_HISTONE_H3_K27_METHYLATION	0.25314994360638726			
GO_CELLULAR_RESPONSE_TO_RETINOIC_ACID	0.2531473283876725			
IPA_PML_DN	0.2531338380383772			
GO_REGULATION_OF_INSULIN_LIKE_GROWTH_FACTOR_RECEPTOR_SIGNALING_PATHWAY	0.25313374002152744			
GO_DIGESTIVE_TRACT_MORPHOGENESIS	0.25312299908090236			
IPA_PAX3_UP	0.2531162841909298			
MIR1256	0.2531059361647182			
GO_ANNULATE_LAMELLAE	0.2531011629500937			
GO_SEQUESTERING_OF_TRIGLYCERIDE	0.2530913864233534			
ZHU_CMV_8_HR_DN	0.2530837577498352			
ZNF680_TARGET_GENES	0.25308340004437524			
ISSAEVA_MLL2_TARGETS	0.2530822174789645			
GSE27786_ERYTHROBLAST_VS_MONO_MAC_UP	0.25308212774492705			
GO_GOLGI_CISTERNA_MEMBRANE	0.2530662654105155			
GO_MONOCARBOXYLIC_ACID_TRANSMEMBRANE_TRANSPORTER_ACTIVITY	0.25306352796527604			
IPA_ZFP42_UP	0.2530586783585537			
GO_ANTIOXIDANT_ACTIVITY	0.25305794430836953			
GO_POSTSYNAPTIC_DENSITY_INTRACELLULAR_COMPONENT	0.2530463792084893			
FOXJ2_TARGET_GENES	0.2530347256815239			
chr14q11	0.2530248355694053			
GO_REGULATION_OF_KILLING_OF_CELLS_OF_OTHER_ORGANISM	0.25300838021544697			
GO_POSITIVE_REGULATION_OF_GLUCOCORTICOID_SECRETION	0.2529855526691367			
GO_REGULATION_OF_CORTISOL_SECRETION	0.2529855526691367			
IPA_MSX1_UP	0.25297595885603824			
IPA_NFKBIZ_UP	0.25297173764090225			
IPA_EPAS1_DN	0.2529659667326191			
GO_RRNA_TRANSPORT	0.25295975706589435			
GO_LIMB_BUD_FORMATION	0.2529594580107693			
GO_FATTY_ACID_LIGASE_ACTIVITY	0.2529555282171492			
GO_FOLIC_ACID_CONTAINING_COMPOUND_BIOSYNTHETIC_PROCESS	0.2529386043626309			
GO_NEGATIVE_REGULATION_OF_MUSCLE_ADAPTATION	0.25291632160368144			
GO_CAMERA_TYPE_EYE_PHOTORECEPTOR_CELL_DIFFERENTIATION	0.2529008451405181			
REACTOME_FGFR3B_LIGAND_BINDING_AND_ACTIVATION	0.25289747080570557			
MIR509_3P	0.25286063070897785			
GSE14308_INDUCED_VS_NATURAL_TREG_UP	0.2528566100880168			
GO_DELAYED_RECTIFIER_POTASSIUM_CHANNEL_ACTIVITY	0.2528553699461646			
GO_PYRIMIDINE_CONTAINING_COMPOUND_TRANSMEMBRANE_TRANSPORT	0.25283154981884787			
MIR6815_5P	0.2528296651880316			
GO_POSITIVE_REGULATION_OF_MESONEPHROS_DEVELOPMENT	0.25282505337859346			
GSE27786_NKCELL_VS_NEUTROPHIL_UP	0.25282202031068385			
GO_DNA_DAMAGE_INDUCED_PROTEIN_PHOSPHORYLATION	0.25280526513554996			
GO_VIRAL_GENE_EXPRESSION	0.2528042761734804			
HANN_RESISTANCE_TO_BCL2_INHIBITOR_UP	0.25279373730013693			
WANG_RESPONSE_TO_ANDROGEN_UP	0.25277528616189743			
TURASHVILI_BREAST_CARCINOMA_DUCTAL_VS_LOBULAR_UP	0.2527681528263468			
GSE16385_MONOCYTE_VS_12H_ROSIGLITAZONE_IFNG_TNF_TREATED_MACROPHAGE_DN	0.2527420735178143			
GO_PYRUVATE_METABOLIC_PROCESS	0.25273866622199326			
GO_RNA_POLYMERASE_II_C_TERMINAL_DOMAIN_BINDING	0.25273672440672534			
IPA_PAX4_UP	0.2527313092335842			
MIR223_3P	0.25270609070730954			
GSE3982_NEUTROPHIL_VS_CENT_MEMORY_CD4_TCELL_DN	0.25269746489937955			
GO_BILE_ACID_SODIUM_SYMPORTER_ACTIVITY	0.2526962144405215			
GO_EXOCYTIC_INSERTION_OF_NEUROTRANSMITTER_RECEPTOR_TO_POSTSYNAPTIC_MEMBRANE	0.2526836092320648			
GSE27786_NKCELL_VS_ERYTHROBLAST_DN	0.2526777403831592			
GO_POSITIVE_REGULATION_OF_MEIOSIS_I	0.2526604476571887			
IPA_HOXA3_UP	0.25265777593610206			
BIOCARTA_NOS1_PATHWAY	0.2526571606380644			
GO_POSITIVE_REGULATION_OF_HISTONE_H3_K9_ACETYLATION	0.25265676550003197			
MIR5002_3P	0.25265157245889625			
GO_POSITIVE_REGULATION_OF_HIGH_VOLTAGE_GATED_CALCIUM_CHANNEL_ACTIVITY	0.25264054697318955			
BAKKER_FOXO3_TARGETS_DN	0.25264018519445774			
STAT5A_03	0.2526311128990565			
GO_ESTABLISHMENT_OF_EPITHELIAL_CELL_APICAL_BASAL_POLARITY	0.2526219791787713			
BIOCARTA_CHREBP_PATHWAY	0.2525935815907575			
MIR1273H_3P	0.2525842240470663			
GO_BMP_RECEPTOR_ACTIVITY	0.25256923012303245			
THRA_TARGET_GENES	0.2525537798392911			
REACTOME_RNA_POLYMERASE_I_TRANSCRIPTION_INITIATION	0.2525475365171361			
GO_REGULATION_OF_SKELETAL_MUSCLE_CONTRACTION	0.2525431558738003			
DELLA_RESPONSE_TO_TSA_AND_BUTYRATE	0.2525414612411486			
GATTGGY_NFY_Q6_01	0.25250728360234853			
GO_LATE_ENDOSOME_LUMEN	0.2524997826875748			
MIR4705	0.2524988706338687			
GSE30971_2H_VS_4H_LPS_STIM_MACROPHAGE_WBP7_HET_UP	0.2524924952934964			
IPA_EMX2_DN	0.25248404793010853			
GO_SIGNAL_TRANSDUCTION_INVOLVED_IN_CELL_CYCLE_CHECKPOINT	0.25248162055431744			
REACTOME_NOTCH1_INTRACELLULAR_DOMAIN_REGULATES_TRANSCRIPTION	0.25248151798110013			
GO_RESPONSE_TO_DOPAMINE	0.2524666256371042			
ZHANG_ANTIVIRAL_RESPONSE_TO_RIBAVIRIN_UP	0.25245018333892466			
POMEROY_MEDULLOBLASTOMA_DESMOPLASIC_VS_CLASSIC_UP	0.2524329350260774			
GSE21063_3H_VS_16H_ANTI_IGM_STIM_BCELL_DN	0.2524116445972286			
MIR6858_3P	0.25240991389987544			
GO_RIBONUCLEOPROTEIN_COMPLEX_SUBUNIT_ORGANIZATION	0.25240566065724923			
LEE_LIVER_CANCER_SURVIVAL_DN	0.25240522857252934			
GO_SEQUENCE_SPECIFIC_DNA_BINDING	0.2524029735850608			
GSE41867_NAIVE_VS_DAY30_LCMV_CLONE13_EXHAUSTED_CD8_TCELL_DN	0.2523960973275049			
GO_PRESYNAPSE_ORGANIZATION	0.2523709040855092			
ATGAAGG_MIR205	0.25236059963183677			
MIR7154_3P	0.25235321595507887			
GO_MRNA_CLEAVAGE	0.25233688731596315			
GO_FLOTILLIN_COMPLEX	0.2523321669832594			
CGCTGCT_MIR503	0.2523152574150409			
GO_CHEMICAL_SYNAPTIC_TRANSMISSION_POSTSYNAPTIC	0.25231491682891694			
GO_POSITIVE_REGULATION_OF_POTASSIUM_ION_TRANSMEMBRANE_TRANSPORTER_ACTIVITY	0.252313658244095			
GO_SPLICEOSOMAL_SNRNP_ASSEMBLY	0.2523090171851206			
GO_COFACTOR_TRANSPORT	0.25230716795069524			
RYTAAWNNNTGAY_UNKNOWN	0.2522917457463129			
GO_CHROMAFFIN_GRANULE	0.25228576608374187			
KESHELAVA_MULTIPLE_DRUG_RESISTANCE	0.2522851548653487			
GO_INCLUSION_BODY_ASSEMBLY	0.2522836775415569			
IK3_01	0.25227995964208005			
GO_REGULATION_OF_TRANSLATIONAL_ELONGATION	0.25227964792681373			
GO_REGULATION_OF_HISTONE_H3_K9_ACETYLATION	0.2522772417572074			
LE_EGR2_TARGETS_DN	0.2522742554658858			
IPA_ZNF512B_DN	0.252270912731527			
REACTOME_METABOLISM_OF_FAT_SOLUBLE_VITAMINS	0.2522648324503265			
GSE19888_ADENOSINE_A3R_ACT_VS_A3R_ACT_WITH_A3R_INH_PRETREATMENT_IN_MAST_CELL_UP	0.25224676375847493			
IPA_TBX3_UP	0.2522419928065806			
GO_POSITIVE_REGULATION_OF_SYNAPTIC_VESICLE_EXOCYTOSIS	0.25222985292550465			
GO_UROGENITAL_SYSTEM_DEVELOPMENT	0.2522233054216261			
GO_POSITIVE_REGULATION_OF_HISTONE_METHYLATION	0.25222109585760644			
GO_REGULATION_OF_EMBRYONIC_DEVELOPMENT	0.2522089659471741			
GO_ENDONUCLEOLYTIC_CLEAVAGE_IN_ITS1_TO_SEPARATE_SSU_RRNA_FROM_5_8S_RRNA_AND_LSU_RRNA_FROM_TRICISTRONIC_RRNA_TRANSCRIPT_SSU_RRNA_5_8S_RRNA_LSU_RRNA	0.2521900720037479			
GO_MEMBRANE_REPOLARIZATION_DURING_ATRIAL_CARDIAC_MUSCLE_CELL_ACTION_POTENTIAL	0.2521873120600242			
MYCMAX_01	0.2521823046472799			
MEISSNER_NPC_HCP_WITH_H3K27ME3	0.2521803298924798			
IPA_KLF3_UP	0.2521717024820339			
GSE6875_TCONV_VS_TREG_DN	0.2521583792090066			
GO_NEGATIVE_REGULATION_OF_TRANSCRIPTION_FROM_RNA_POLYMERASE_II_PROMOTER_IN_RESPONSE_TO_STRESS	0.2521541252742526			
GSE22886_TH1_VS_TH2_48H_ACT_UP	0.25214945033301456			
GO_POSITIVE_REGULATION_OF_TRANSCRIPTION_FROM_RNA_POLYMERASE_II_PROMOTER_IN_RESPONSE_TO_HEAT_STRESS	0.25214590354061084			
IPA_MSX2_DN	0.25213648505923786			
KEGG_ABC_TRANSPORTERS	0.2521306495720436			
MIR3122	0.25211347509292725			
chr10q26	0.2521107967230498			
HALLMARK_WNT_BETA_CATENIN_SIGNALING	0.2521086858446147			
GO_ANCHORED_COMPONENT_OF_MEMBRANE	0.2520986052584885			
GO_MEMBRANE_DEPOLARIZATION_DURING_AV_NODE_CELL_ACTION_POTENTIAL	0.25206782043153286			
GO_PROTEIN_LOCALIZATION_TO_ENDOPLASMIC_RETICULUM_EXIT_SITE	0.2520638842951914			
REACTOME_SYNTHESIS_SECRETION_AND_INACTIVATION_OF_GLUCOSE_DEPENDENT_INSULINOTROPIC_POLYPEPTIDE_GIP	0.2520633717300863			
REACTOME_RESOLUTION_OF_AP_SITES_VIA_THE_MULTIPLE_NUCLEOTIDE_PATCH_REPLACEMENT_PATHWAY	0.2520565247251243			
GO_R2TP_COMPLEX	0.25204596860362194			
HIF1_Q3	0.25202630196602754			
GSE17721_CTRL_VS_LPS_6H_BMDC_UP	0.25202151719011445			
TGFB_UP.V1_DN	0.2520152087184616			
YTCCCRNNAGGY_UNKNOWN	0.2520109585118148			
GO_NEGATIVE_REGULATION_OF_EPITHELIAL_CELL_DIFFERENTIATION_INVOLVED_IN_KIDNEY_DEVELOPMENT	0.2520099728258988			
GO_NEURON_PROJECTION_GUIDANCE	0.25198270796658917			
MIR802	0.251979528090624			
GSE9006_TYPE_1_VS_TYPE_2_DIABETES_PBMC_AT_DX_UP	0.2519742169400994			
GO_NEGATIVE_REGULATION_OF_VIRAL_ENTRY_INTO_HOST_CELL	0.25196403729708566			
GO_N_TERMINAL_PROTEIN_LIPIDATION	0.2519496988150921			
IPA_CDX2_DN	0.2519488724686441			
BIOCARTA_GSK3_PATHWAY	0.2519488399316097			
GO_INTRINSIC_COMPONENT_OF_MITOCHONDRIAL_OUTER_MEMBRANE	0.25194479410376464			
REACTOME_SIGNALING_BY_FGFR2	0.25192356983180975			
SCHMAHL_PDGF_SIGNALING	0.2519191667527555			
GO_MEMBRANE_LIPID_METABOLIC_PROCESS	0.2519119634038124			
GO_PROTEIN_COMPLEX_OLIGOMERIZATION	0.2518611032405532			
BIOCARTA_RNAPOL3_PATHWAY	0.25184494536457414			
ZNF711_TARGET_GENES	0.25184274592550915			
IPA_NFATC4_UP	0.2518314527235025			
GO_POSITIVE_REGULATION_OF_CHOLESTEROL_METABOLIC_PROCESS	0.2518034233879938			
GO_ENDONUCLEASE_COMPLEX	0.25176602039503104			
REACTOME_BASE_EXCISION_REPAIR_AP_SITE_FORMATION	0.25176387184751425			
HOLLEMAN_PREDNISOLONE_RESISTANCE_ALL_UP	0.25176193888839016			
PKCA_DN.V1_UP	0.25174854122967016			
IPA_MSX2_UP	0.2517306973777294			
GO_REGULATION_OF_ELECTRON_TRANSFER_ACTIVITY	0.25172758344387053			
ZNF654_TARGET_GENES	0.2517247447401809			
IPA_HOXC6_DN	0.2517118297797665			
RODRIGUES_DCC_TARGETS_DN	0.2517031066064336			
GO_REGULATION_OF_GENE_EXPRESSION_BY_GENETIC_IMPRINTING	0.251683799756827			
GO_RESPONSE_TO_CORTICOTROPIN_RELEASING_HORMONE	0.25168258878702593			
GO_TACHYKININ_RECEPTOR_SIGNALING_PATHWAY	0.25167708500542785			
GO_CHORIO_ALLANTOIC_FUSION	0.2516718329196181			
MIR4476	0.2516716360559824			
GO_SINGLE_STRANDED_DNA_HELICASE_ACTIVITY	0.2516334201608579			
SA_B_CELL_RECEPTOR_COMPLEXES	0.25163105548590214			
GSE16450_IMMATURE_VS_MATURE_NEURON_CELL_LINE_6H_IFNA_STIM_UP	0.2516287616967488			
GO_PHOSPHOLIPID_SCRAMBLASE_ACTIVITY	0.25161267285778677			
IPA_HESX1_DN	0.25161214855122543			
MIR6731_5P	0.25160883537858336			
GO_TELENCEPHALON_GLIAL_CELL_MIGRATION	0.25160610196860006			
GO_ANTIBIOTIC_BIOSYNTHETIC_PROCESS	0.2516057837420611			
PAX4_01	0.2515939025826676			
REACTOME_UNWINDING_OF_DNA	0.25152094547086823			
GO_LUNG_ALVEOLUS_DEVELOPMENT	0.2515165095738263			
GO_REGULATION_OF_PHOSPHOLIPID_BIOSYNTHETIC_PROCESS	0.25151374832532475			
IPA_GCM1_DN	0.2515121287524661			
GSE37532_WT_VS_PPARG_KO_VISCERAL_ADIPOSE_TISSUE_TREG_DN	0.25150792684271134			
GO_REGULATION_OF_GLUCONEOGENESIS	0.2514962846376			
HEIDENBLAD_AMPLIFIED_IN_SOFT_TISSUE_CANCER	0.2514868406146224			
WANG_LSD1_TARGETS_DN	0.2514841753631658			
IPA_PRMT5_DN	0.2514654674196353			
GSE3994_WT_VS_PAC1_KO_ACTIVATED_MAST_CELL_UP	0.25144800861885347			
THILLAINADESAN_ZNF217_TARGETS_UP	0.25143074059621207			
GO_CELLULAR_POTASSIUM_ION_HOMEOSTASIS	0.25142208196891636			
GSE18804_SPLEEN_MACROPHAGE_VS_TUMORAL_MACROPHAGE_DN	0.251416470427629			
IPA_MTA2_DN	0.2514051979049235			
IPA_ARNTL_DN	0.2514051979049235			
GO_TRYPTOPHAN_CATABOLIC_PROCESS_TO_KYNURENINE	0.251387011036239			
GO_POSITIVE_REGULATION_OF_LIPID_LOCALIZATION	0.2513738001678587			
GO_REPRESSING_TRANSCRIPTION_FACTOR_BINDING	0.25134849176220625			
GO_NEGATIVE_REGULATION_OF_BLOOD_VESSEL_ENDOTHELIAL_CELL_PROLIFERATION_INVOLVED_IN_SPROUTING_ANGIOGENESIS	0.25131177475142386			
GO_AXON_GUIDANCE_RECEPTOR_ACTIVITY	0.2513095023730256			
GO_INSULIN_LIKE_GROWTH_FACTOR_RECEPTOR_BINDING	0.25129364774945134			
GO_NEGATIVE_REGULATION_OF_CELL_FATE_COMMITMENT	0.25128455093025814			
GO_PRODUCTION_OF_SMALL_RNA_INVOLVED_IN_GENE_SILENCING_BY_RNA	0.251275640827309			
GO_PALMITOYL_COA_HYDROLASE_ACTIVITY	0.25127231140662093			
MIR3908	0.2512660675983239			
CREIGHTON_ENDOCRINE_THERAPY_RESISTANCE_4	0.2512231265134934			
ZNF502_TARGET_GENES	0.2512159193266567			
GO_ECTODERM_DEVELOPMENT	0.25120999232829644			
REACTOME_FORMATION_OF_THE_BETA_CATENIN_TCF_TRANSACTIVATING_COMPLEX	0.25120234985454454			
GO_RENAL_SYSTEM_DEVELOPMENT	0.2511634130420388			
MIR1203	0.25115430713352244			
MIR3127_5P	0.2511442749463504			
REACTOME_IRON_UPTAKE_AND_TRANSPORT	0.25114136632129436			
GO_NEGATIVE_REGULATION_OF_ENDOTHELIAL_CELL_CHEMOTAXIS	0.251128054678962			
GSE36392_TYPE_2_MYELOID_VS_MAC_IL25_TREATED_LUNG_UP	0.25111690660557845			
DURAND_STROMA_S_UP	0.2511162780948821			
SS18_SSX1_FUSION_TARGET_GENES	0.2511134080984319			
GO_POSITIVE_REGULATION_OF_ENDOCYTIC_RECYCLING	0.2510909387689498			
GO_WATER_SOLUBLE_VITAMIN_BIOSYNTHETIC_PROCESS	0.2510872412028371			
GO_CALCIUM_ACTIVATED_PHOSPHOLIPID_SCRAMBLING	0.2510858024628339			
MIR3187_5P	0.2510834800084976			
OHGUCHI_LIVER_HNF4A_TARGETS_UP	0.25107929217420244			
TST1_01	0.25107303521912167			
REACTOME_ADRENOCEPTORS	0.2510682896746774			
GO_COENZYME_A_BIOSYNTHETIC_PROCESS	0.25105742469923453			
IPA_RBPJ_DN	0.2510554024899663			
REACTOME_RECEPTOR_TYPE_TYROSINE_PROTEIN_PHOSPHATASES	0.25104973505336475			
GO_NODAL_BINDING	0.2510369168684322			
GO_REGULATION_OF_GLUCOCORTICOID_METABOLIC_PROCESS	0.251036098290876			
GO_LOOP_OF_HENLE_DEVELOPMENT	0.25101672163898975			
BIOCARTA_CPSF_PATHWAY	0.25101665245667226			
MOOTHA_GLUCONEOGENESIS	0.25100275556992024			
MIR6813_5P	0.25100085326083627			
AMIT_SERUM_RESPONSE_20_MCF10A	0.2509974434266992			
GO_MKS_COMPLEX	0.2509635031970343			
REACTOME_DOWNREGULATION_OF_SMAD2_3_SMAD4_TRANSCRIPTIONAL_ACTIVITY	0.25094921496573924			
BIOCARTA_SAM68_PATHWAY	0.2509477520704113			
GSE40274_CTRL_VS_FOXP3_AND_PBX1_TRANSDUCED_ACTIVATED_CD4_TCELL_DN	0.2509455281674113			
GO_PROTEASOME_ASSEMBLY	0.250944065620409			
IPA_KLF4_DN	0.25094260988980543			
GO_POSITIVE_REGULATION_OF_CEREBELLAR_GRANULE_CELL_PRECURSOR_PROLIFERATION	0.2509403563246011			
GO_ACTIN_FILAMENT_BASED_TRANSPORT	0.2509295631126854			
SANSOM_WNT_PATHWAY_REQUIRE_MYC	0.25092466753173087			
GO_POSITIVE_REGULATION_OF_EMBRYONIC_DEVELOPMENT	0.25091267679390455			
GSE34156_UNTREATED_VS_6H_NOD2_LIGAND_TREATED_MONOCYTE_UP	0.2509048217496121			
GO_CELLULAR_MODIFIED_AMINO_ACID_CATABOLIC_PROCESS	0.2508964196013			
GO_PLATELET_DENSE_TUBULAR_NETWORK_MEMBRANE	0.25088591148034123			
GSE40274_EOS_VS_FOXP3_AND_EOS_TRANSDUCED_ACTIVATED_CD4_TCELL_DN	0.2508833643205809			
GO_RESPIRATORY_SYSTEM_DEVELOPMENT	0.2508787324297706			
GO_REGULATION_OF_MICROTUBULE_POLYMERIZATION	0.2508626949400948			
REACTOME_SMAD2_SMAD3_SMAD4_HETEROTRIMER_REGULATES_TRANSCRIPTION	0.2508457915084367			
GO_GUANYL_NUCLEOTIDE_EXCHANGE_FACTOR_ACTIVITY	0.2508401402328993			
GO_3_BETA_HYDROXY_DELTA5_STEROID_DEHYDROGENASE_ACTIVITY	0.25082830741292533			
YAO_TEMPORAL_RESPONSE_TO_PROGESTERONE_CLUSTER_13	0.25081319967850924			
GO_POSITIVE_REGULATION_OF_MITOTIC_SISTER_CHROMATID_SEGREGATION	0.250810309819901			
XU_RESPONSE_TO_TRETINOIN_DN	0.25079938491648224			
GO_RETINAL_BINDING	0.2507930080978916			
GO_RESPONSE_TO_DRUG	0.2507916823436697			
GO_POSITIVE_REGULATION_OF_SYNAPSE_ASSEMBLY	0.2507841758661865			
GO_INTERLEUKIN_13_SECRETION	0.25078386394956204			
GO_SEMAPHORIN_RECEPTOR_BINDING	0.250769269379391			
HU_ANGIOGENESIS_UP	0.25075257900920245			
MIR4519	0.25072876477533435			
MIR499B_5P	0.25072695967592284			
GO_MITOCHONDRIAL_TRANSLATION	0.2506763758526679			
RTAAACA_FREAC2_01	0.2506636251278725			
GUTIERREZ_MULTIPLE_MYELOMA_UP	0.2506411869661186			
GO_RESPONSE_TO_LIGHT_STIMULUS	0.25063995027032293			
GO_NEGATIVE_REGULATION_OF_STRIATED_MUSCLE_CELL_APOPTOTIC_PROCESS	0.25062682590425556			
IPA_PDX1_DN	0.25061961942705985			
GO_SIN3_TYPE_COMPLEX	0.2506098767943361			
GO_PARATHYROID_GLAND_DEVELOPMENT	0.25058429992751996			
PID_MET_PATHWAY	0.2505811071126015			
GO_POTASSIUM_ION_TRANSPORT	0.2505727869104518			
KEGG_DRUG_METABOLISM_CYTOCHROME_P450	0.2505609451473362			
NR2E3_TARGET_GENES	0.2505606346952617			
GO_SPHINGOLIPID_METABOLIC_PROCESS	0.2505463357346629			
IPA_MYBL2_UP	0.25053772406109776			
AMBROSINI_FLAVOPIRIDOL_TREATMENT_TP53	0.2505162845316722			
GO_REGULATION_OF_SYNAPTIC_GROWTH_AT_NEUROMUSCULAR_JUNCTION	0.2504874270214856			
GO_PROTEIN_IMPORT_INTO_PEROXISOME_MATRIX	0.25048616618862174			
MIR6502_5P	0.2504794237574397			
GO_SALIVARY_GLAND_DEVELOPMENT	0.25047210463029546			
GO_UV_PROTECTION	0.25046336432063165			
ACEVEDO_NORMAL_TISSUE_ADJACENT_TO_LIVER_TUMOR_UP	0.2504178849110767			
SETD7_TARGET_GENES	0.25041582833919035			
MIR4286	0.2504115590812004			
CHANDRAN_METASTASIS_DN	0.2504074346477298			
PAX4_02	0.25040623724594535			
GSE3982_DC_VS_MAC_LPS_STIM_UP	0.2503789367208359			
HASLINGER_B_CLL_WITH_17P13_DELETION	0.250358031006539			
MOTAMED_RESPONSE_TO_ANDROGEN_DN	0.2503501564672531			
GO_REGULATION_OF_SYSTEM_PROCESS	0.25033636897367034			
GO_TRANSEPITHELIAL_TRANSPORT	0.2503360749755132			
QI_PLASMACYTOMA_DN	0.2503290163646847			
GO_REGULATION_OF_ALCOHOL_BIOSYNTHETIC_PROCESS	0.25031822820000665			
GO_REGULATION_OF_PRODUCTION_OF_SMALL_RNA_INVOLVED_IN_GENE_SILENCING_BY_RNA	0.2502892895984169			
GO_PROTEIN_EXIT_FROM_ENDOPLASMIC_RETICULUM	0.2502406470626666			
GO_REGULATION_OF_L_GLUTAMATE_IMPORT_ACROSS_PLASMA_MEMBRANE	0.2502288622679675			
GO_DNA_SECONDARY_STRUCTURE_BINDING	0.250224367805496			
GSE13485_CTRL_VS_DAY21_YF17D_VACCINE_PBMC_DN	0.25021981460375836			
GO_REGULATION_OF_SODIUM_PROTON_ANTIPORTER_ACTIVITY	0.250216707276745			
GO_SNORNA_LOCALIZATION	0.2502159798758943			
GO_NORADRENERGIC_NEURON_DIFFERENTIATION	0.2502153006842645			
GO_GLYCOPROTEIN_BIOSYNTHETIC_PROCESS	0.2502083823858853			
ZNF416_TARGET_GENES	0.2502020125960865			
GO_ANTIBACTERIAL_HUMORAL_RESPONSE	0.2501926163324926			
GO_PHOSPHATIDIC_ACID_METABOLIC_PROCESS	0.25016902941927294			
GSE3691_IFN_PRODUCING_KILLER_DC_VS_CONVENTIONAL_DC_SPLEEN_UP	0.2501669606661226			
GO_TELOMERE_CAPPING	0.25013890473562006			
GSE31622_WT_VS_KLF3_KO_BCELL_UP	0.25011915795392275			
GSE20715_0H_VS_6H_OZONE_TLR4_KO_LUNG_UP	0.25011621308637977			
GO_SODIUM_INDEPENDENT_ORGANIC_ANION_TRANSPORT	0.25011351915299757			
GSE6674_ANTI_IGM_VS_PL2_3_STIM_BCELL_UP	0.25010935362341696			
IPA_TCF7_UP	0.2501026095522288			
KEGG_RETINOL_METABOLISM	0.25009135127485105			
GO_EMBRYONIC_HEART_TUBE_DEVELOPMENT	0.2500872194782067			
GO_PROTEIN_LOCALIZATION_TO_MITOCHONDRION	0.25008308696160547			
GO_ESTABLISHMENT_OR_MAINTENANCE_OF_MONOPOLAR_CELL_POLARITY	0.25008212009940095			
GO_SPHINGOID_BIOSYNTHETIC_PROCESS	0.2500765783950857			
MIR493_3P	0.2500713974079173			
GO_PEPTIDYL_L_CYSTEINE_S_PALMITOYLATION	0.2500258784963395			
GO_CARBOHYDRATE_CATABOLIC_PROCESS	0.25001955862263714			
IIZUKA_LIVER_CANCER_PROGRESSION_G1_G2_DN	0.2500161198808995			
MIR3179	0.25001159115254723			
GO_NEGATIVE_REGULATION_OF_CHONDROCYTE_DIFFERENTIATION	0.25000551386453423			
GO_4_HYDROXYPROLINE_METABOLIC_PROCESS	0.2500044513840749			
GO_CELLULAR_RESPONSE_TO_FATTY_ACID	0.250004158211667			
SMID_BREAST_CANCER_ERBB2_DN	0.24998893367306296			
GO_NEPHRIC_DUCT_FORMATION	0.24996848481149486			
RORA_TARGET_GENES	0.24996632392240184			
IPA_GCM1_UP	0.24996492180186483			
REACTOME_PHOSPHOLIPASE_C_MEDIATED_CASCADE_FGFR4	0.24995751590061416			
GO_DNA_BINDING_TRANSCRIPTION_REPRESSOR_ACTIVITY	0.24995276515033624			
BIOCARTA_MCM_PATHWAY	0.24993581386865027			
MIR3909	0.24993274105623922			
GSE14308_TH17_VS_NATURAL_TREG_DN	0.24991698624469255			
IPA_KLF15_UP	0.24990407658893385			
GO_CELL_PROJECTION_ASSEMBLY	0.2498975472525714			
GO_AUDITORY_RECEPTOR_CELL_DEVELOPMENT	0.24989004848057508			
MIR4772_5P	0.2498810387845633			
GSE17721_LPS_VS_POLYIC_2H_BMDC_DN	0.24988017946223587			
REACTOME_VISUAL_PHOTOTRANSDUCTION	0.2498752230391979			
GO_CYTOPLASMIC_DYNEIN_COMPLEX	0.24986906632102057			
GO_GABA_GATED_CHLORIDE_ION_CHANNEL_ACTIVITY	0.24986181727058593			
GO_CELLULAR_RESPONSE_TO_NITROSATIVE_STRESS	0.24983755426420437			
GO_REGULATION_OF_PROTEIN_IMPORT	0.24981809271744398			
GO_METANEPHRIC_GLOMERULUS_DEVELOPMENT	0.2498157668709203			
GO_COLLATERAL_SPROUTING_IN_ABSENCE_OF_INJURY	0.24979909824286461			
ELVIDGE_HYPOXIA_BY_DMOG_DN	0.2497952913821968			
GO_MESENCHYMAL_STEM_CELL_DIFFERENTIATION	0.2497910780326447			
GO_SODIUM_ION_IMPORT_ACROSS_PLASMA_MEMBRANE	0.24978488525268017			
GO_NEGATIVE_REGULATION_OF_CARTILAGE_DEVELOPMENT	0.24977055101145293			
GO_GALANIN_RECEPTOR_ACTIVITY	0.2497693232591945			
ENK_UV_RESPONSE_KERATINOCYTE_DN	0.24976066432480906			
GO_EXOPOLYPHOSPHATASE_ACTIVITY	0.24975515796922954			
GO_POLYPHOSPHATE_CATABOLIC_PROCESS	0.24975515796922954			
ZSCAN18_TARGET_GENES	0.2497518721512316			
NABA_ECM_AFFILIATED	0.24974814174252868			
GO_REGULATION_OF_MEMBRANE_REPOLARIZATION_DURING_VENTRICULAR_CARDIAC_MUSCLE_CELL_ACTION_POTENTIAL	0.2497368450878812			
GO_MAINTENANCE_OF_PRESYNAPTIC_ACTIVE_ZONE_STRUCTURE	0.2497283302097438			
GO_EPITHELIAL_TUBE_BRANCHING_INVOLVED_IN_LUNG_MORPHOGENESIS	0.2497279044036064			
REACTOME_DISEASES_OF_BASE_EXCISION_REPAIR	0.24972451880531915			
ZNF16_TARGET_GENES	0.24971768986128556			
KEGG_PENTOSE_PHOSPHATE_PATHWAY	0.24971596881581995			
GO_ACTIVATING_TRANSCRIPTION_FACTOR_BINDING	0.24969675814316736			
GGCCAGT_MIR193A_MIR193B	0.24969653971089775			
BCAT.100_UP.V1_DN	0.24968467178157983			
IPA_RBL1_DN	0.2496821620766			
REACTOME_RNA_POLYMERASE_I_TRANSCRIPTION	0.2496735906034232			
GSE20727_CTRL_VS_ROS_INH_AND_DNFB_ALLERGEN_TREATED_DC_DN	0.2496555378499543			
GO_ACETYL_COA_BIOSYNTHETIC_PROCESS_FROM_PYRUVATE	0.24965465905928969			
TTCNRGNNNNTTC_HSF_Q6	0.24964606952680743			
GO_KIDNEY_MORPHOGENESIS	0.2496376468907674			
GO_TRAIL_BINDING	0.24960429490425193			
MIR4761_3P	0.24960083741683414			
GSE5503_LIVER_DC_VS_SPLEEN_DC_ACTIVATED_ALLOGENIC_TCELL_UP	0.249588132893671			
REACTOME_RUNX2_REGULATES_BONE_DEVELOPMENT	0.24958391334985516			
GO_DISTAL_CONVOLUTED_TUBULE_DEVELOPMENT	0.24957238877774565			
GO_MITOCHONDRIAL_TRANSLATIONAL_TERMINATION	0.24957185577234736			
GO_ER_TO_GOLGI_CERAMIDE_TRANSPORT	0.24957098840383407			
AP4_Q5	0.2495677336042089			
GO_NEPHRON_EPITHELIUM_DEVELOPMENT	0.24955928281003908			
GO_COMMA_SHAPED_BODY_MORPHOGENESIS	0.2495439185810935			
GO_POSITIVE_REGULATION_OF_UTERINE_SMOOTH_MUSCLE_CONTRACTION	0.2495428898984675			
WONG_EMBRYONIC_STEM_CELL_CORE	0.24954117865820116			
MUELLER_COMMON_TARGETS_OF_AML_FUSIONS_UP	0.24953404610800461			
GSE13411_IGM_VS_SWITCHED_MEMORY_BCELL_UP	0.2495236732268524			
GO_SYNAPSE_ASSEMBLY	0.249522910983648			
IPA_E2F3_UP	0.249522211849248			
TSENG_ADIPOGENIC_POTENTIAL_UP	0.24950229432547094			
GSE17721_CTRL_VS_GARDIQUIMOD_1H_BMDC_UP	0.24950180654918247			
GO_AMINO_ACID_ACTIVATION	0.2494987669092843			
GO_CARDIOLIPIN_ACYL_CHAIN_REMODELING	0.24949853174246642			
CERVERA_SDHB_TARGETS_1_DN	0.24949585616808886			
GSE14413_UNSTIM_VS_IFNB_STIM_RAW264_CELLS_UP	0.24949441969234892			
IPA_MYOG_DN	0.24948043765685918			
GO_S_ADENOSYLMETHIONINE_CYCLE	0.24946732679270658			
RYCACNNRNNRNCAG_UNKNOWN	0.24946456717335577			
GO_ORGANIC_HYDROXY_COMPOUND_TRANSPORT	0.24945974001955265			
GSE9946_IMMATURE_VS_LISTERIA_INF_MATURE_DC_UP	0.24945026872311013			
GO_RAP_GUANYL_NUCLEOTIDE_EXCHANGE_FACTOR_ACTIVITY	0.24943546739297331			
GO_REGULATION_OF_DNA_DIRECTED_DNA_POLYMERASE_ACTIVITY	0.24943076961703198			
MIR346	0.24942736978156146			
GO_NETRIN_RECEPTOR_ACTIVITY	0.24942628118594676			
GO_PROTEIN_MATURATION_BY_4FE_4S_CLUSTER_TRANSFER	0.2493858018175422			
GSE13306_TREG_VS_TCONV_UP	0.24934120682237296			
MZF1_02	0.2493263840202935			
GO_MULTICELLULAR_ORGANISM_GROWTH	0.24932164956918057			
GSE7218_IGM_VS_IGG_SIGNAL_THGOUGH_ANTIGEN_BCELL_UP	0.24931838325138372			
GO_N_ACYLSPHINGOSINE_AMIDOHYDROLASE_ACTIVITY	0.24931153384284901			
GSE20727_CTRL_VS_DNFB_ALLERGEN_TREATED_DC_DN	0.24931067988368422			
KEGG_MELANOGENESIS	0.249310629166933			
GO_NEGATIVE_REGULATION_OF_MRNA_METABOLIC_PROCESS	0.24930646407580095			
GSE5542_IFNG_VS_IFNA_TREATED_EPITHELIAL_CELLS_6H_DN	0.24928612564807345			
KYNG_ENVIRONMENTAL_STRESS_RESPONSE_NOT_BY_GAMMA_IN_OLD	0.24928474102441567			
MIR6787_5P	0.24928202789855675			
GO_SPANNING_COMPONENT_OF_PLASMA_MEMBRANE	0.24928115410837196			
REACTOME_PHOSPHOLIPID_METABOLISM	0.24926969097890533			
IPA_WT1_UP	0.24925098863287498			
GSE15330_MEGAKARYOCYTE_ERYTHROID_VS_GRANULOCYTE_MONOCYTE_PROGENITOR_IKAROS_KO_UP	0.24923630010633407			
MIR4675	0.2492355763190325			
REACTOME_BIOSYNTHESIS_OF_MARESIN_LIKE_SPMS	0.2492309891820104			
KEGG_TERPENOID_BACKBONE_BIOSYNTHESIS	0.2492303486652155			
YAO_TEMPORAL_RESPONSE_TO_PROGESTERONE_CLUSTER_1	0.24922628383315187			
MYOD_Q6_01	0.24921454229006967			
GO_POLY_N_ACETYLLACTOSAMINE_METABOLIC_PROCESS	0.24920866028311972			
GO_CHLORIDE_ION_HOMEOSTASIS	0.2492055409691458			
REACTOME_SEMA4D_INDUCED_CELL_MIGRATION_AND_GROWTH_CONE_COLLAPSE	0.24919823647642253			
GO_REGULATION_OF_TRANSCRIPTION_FROM_RNA_POLYMERASE_II_PROMOTER_IN_RESPONSE_TO_HYPOXIA	0.24917742335119697			
OSAWA_TNF_TARGETS	0.24917449356667118			
GO_PEPTIDYL_PROLINE_4_DIOXYGENASE_ACTIVITY	0.2491629498535579			
GO_PEPTIDYL_PROLINE_HYDROXYLATION_TO_4_HYDROXY_L_PROLINE	0.2491629498535579			
REACTOME_SPERM_MOTILITY_AND_TAXES	0.24915600561180923			
GO_POSITIVE_REGULATION_OF_BICELLULAR_TIGHT_JUNCTION_ASSEMBLY	0.24911874892002198			
GSE18281_SUBCAPSULAR_CORTICAL_REGION_VS_WHOLE_CORTEX_THYMUS_UP	0.24911737521602298			
TBP_01	0.24910394756711426			
GO_POSITIVE_REGULATION_OF_MUCUS_SECRETION	0.2490897830187442			
BCAT.100_UP.V1_UP	0.249088674300994			
GSE3982_MAC_VS_NKCELL_DN	0.24907960167735227			
GSE5099_MONOCYTE_VS_CLASSICAL_M1_MACROPHAGE_UP	0.2490724218624042			
MIR6838_3P	0.24906087887925507			
GO_REGULATION_OF_TYPE_B_PANCREATIC_CELL_PROLIFERATION	0.24904998383977558			
GO_MUTLALPHA_COMPLEX_BINDING	0.24902565464714946			
GRAESSMANN_APOPTOSIS_BY_SERUM_DEPRIVATION_DN	0.24901717931586054			
GO_MEDIATOR_COMPLEX_BINDING	0.24901000260388298			
GO_RAB_PROTEIN_SIGNAL_TRANSDUCTION	0.24900563525879862			
KIM_ALL_DISORDERS_CALB1_CORR_UP	0.24900293427553608			
KEGG_PROXIMAL_TUBULE_BICARBONATE_RECLAMATION	0.24899643760222928			
GO_NEGATIVE_REGULATION_OF_INTRACELLULAR_STEROID_HORMONE_RECEPTOR_SIGNALING_PATHWAY	0.2489757116447359			
GO_POSITIVE_REGULATION_OF_STEM_CELL_POPULATION_MAINTENANCE	0.24897307428007584			
GO_INOSITOL_PHOSPHATE_CATABOLIC_PROCESS	0.24896988084457664			
GSE11057_CD4_CENT_MEM_VS_PBMC_UP	0.2489639455599314			
MIR4719	0.2489629420604236			
GO_CGMP_BINDING	0.24895626986169578			
GO_POSITIVE_REGULATION_OF_BROWN_FAT_CELL_DIFFERENTIATION	0.24895624725318477			
GO_KERATINOCYTE_APOPTOTIC_PROCESS	0.2489464581265811			
GR_Q6_01	0.24894355779026392			
GO_ISOPENTENYL_DIPHOSPHATE_BIOSYNTHETIC_PROCESS	0.24892923226791114			
REACTOME_NUCLEAR_IMPORT_OF_REV_PROTEIN	0.24892368732498185			
IPA_SRY_UP	0.24891503835754808			
GO_HYDROGEN_PEROXIDE_BIOSYNTHETIC_PROCESS	0.24891153742780006			
GO_GLUCAGON_SECRETION	0.2488945000067061			
GO_NEGATIVE_REGULATION_OF_CILIUM_ASSEMBLY	0.2488925922101067			
NF1_Q6_01	0.2488894988981433			
GO_PASSIVE_TRANSMEMBRANE_TRANSPORTER_ACTIVITY	0.2488789845223878			
GO_INTERLEUKIN_5_SECRETION	0.2488774117791425			
GO_THYROID_HORMONE_MEDIATED_SIGNALING_PATHWAY	0.2488753756774622			
GO_SEMAPHORIN_PLEXIN_SIGNALING_PATHWAY_INVOLVED_IN_NEURON_PROJECTION_GUIDANCE	0.2488695145947954			
GO_REGULATION_OF_VASCULAR_SMOOTH_MUSCLE_CELL_DEDIFFERENTIATION	0.24886479377132842			
GO_POSITIVE_REGULATION_OF_PHENOTYPIC_SWITCHING	0.24886479377132842			
INSM2_TARGET_GENES	0.24886051280133986			
GO_CALYX_OF_HELD	0.24883609921720085			
MIR4676_5P	0.2488328765321215			
REACTOME_REGULATION_OF_PTEN_MRNA_TRANSLATION	0.24881836727048018			
IPA_LEF1_DN	0.24881584311721794			
IPA_FOXO1_DN	0.24880670543328515			
GO_3_HYDROXYACYL_COA_DEHYDRATASE_ACTIVITY	0.24880042048894693			
GO_REGULATION_OF_MICROVILLUS_ASSEMBLY	0.2487946668034408			
GO_CALCITONIN_FAMILY_RECEPTOR_ACTIVITY	0.24878763868378934			
MIR574_3P	0.2487831824400731			
HOXA13_TARGET_GENES	0.2487766467658613			
DAVICIONI_RHABDOMYOSARCOMA_PAX_FOXO1_FUSION_UP	0.24876288204443067			
MIR1295B_5P	0.2487547679898083			
MCCOLLUM_GELDANAMYCIN_RESISTANCE_UP	0.24875051098706166			
GO_MIDGUT_DEVELOPMENT	0.24874907452681913			
CCCNNGGGAR_OLF1_01	0.24873106559373956			
GSE15659_NONSUPPRESSIVE_TCELL_VS_ACTIVATED_TREG_UP	0.24872614704825416			
GO_NEUROMUSCULAR_PROCESS_CONTROLLING_BALANCE	0.2487242410021315			
GSE15930_NAIVE_VS_48H_IN_VITRO_STIM_CD8_TCELL_DN	0.2487091052837087			
MIR1225_5P	0.24869610839742456			
REACTOME_PROTEIN_LOCALIZATION	0.2486902118932399			
GO_NEPHRIC_DUCT_MORPHOGENESIS	0.2486682850614472			
GO_CONVERGENT_EXTENSION	0.2486437395826596			
GO_SYNAPTIC_MEMBRANE_ADHESION	0.24864337823043822			
GO_PANCREATIC_JUICE_SECRETION	0.24864099014521976			
GO_MAMMARY_GLAND_EPITHELIAL_CELL_PROLIFERATION	0.24863297615957045			
GO_PREPULSE_INHIBITION	0.24862533476725732			
GO_DNA_HELICASE_ACTIVITY	0.24862324270596958			
GO_NUCLEAR_HETEROCHROMATIN	0.2486123682703386			
YAO_TEMPORAL_RESPONSE_TO_PROGESTERONE_CLUSTER_17	0.2486090080542484			
GSE4142_PLASMA_CELL_VS_GC_BCELL_UP	0.24860185152006348			
REACTOME_TRANS_GOLGI_NETWORK_VESICLE_BUDDING	0.2485740581506246			
ROESSLER_LIVER_CANCER_METASTASIS_DN	0.2485735722856315			
PID_HEDGEHOG_2PATHWAY	0.24856304915889582			
GO_ORGANELLE_TRANSPORT_ALONG_MICROTUBULE	0.2485589237255844			
MIR381_3P	0.24854434770907421			
PIAS4_TARGET_GENES	0.24854070310421778			
GSE24634_NAIVE_CD4_TCELL_VS_DAY7_IL4_CONV_TREG_UP	0.24853038121536022			
GO_REGULATION_OF_POSTSYNAPTIC_SPECIALIZATION_ASSEMBLY	0.2485116862568158			
GO_POSITIVE_REGULATION_OF_ANION_TRANSPORT	0.24850174394631097			
GO_ANTERIOR_POSTERIOR_PATTERN_SPECIFICATION	0.24850161704046808			
GSE13887_HEALTHY_VS_LUPUS_RESTING_CD4_TCELL_UP	0.24849441863958102			
SMID_BREAST_CANCER_RELAPSE_IN_LIVER_DN	0.24848112432550076			
chr1p13	0.2484547582537378			
BIOCARTA_EGF_PATHWAY	0.2484491135563439			
GO_VOCALIZATION_BEHAVIOR	0.248447015640435			
GO_GLUTAMATE_CATABOLIC_PROCESS	0.24843316090394274			
OISHI_CHOLANGIOMA_STEM_CELL_LIKE_UP	0.24843006914566904			
GO_SERINE_FAMILY_AMINO_ACID_METABOLIC_PROCESS	0.24841021247846093			
REACTOME_GLUTATHIONE_CONJUGATION	0.24840427267630794			
GO_NOREPINEPHRINE_BINDING	0.2483982156624996			
MIR2278	0.2483824565833539			
GO_PROTEIN_C_TERMINUS_BINDING	0.24837068729188017			
MIR4794	0.24836902263789443			
GO_POSITIVE_REGULATION_OF_REGULATED_SECRETORY_PATHWAY	0.24836463401907202			
GO_HISTONE_ARGININE_N_METHYLTRANSFERASE_ACTIVITY	0.24835877293744446			
GSE37532_WT_VS_PPARG_KO_LN_TREG_DN	0.24835311120269635			
GO_SMOOTH_ENDOPLASMIC_RETICULUM_MEMBRANE	0.2483358423455111			
GO_NUCLEOSIDE_BISPHOSPHATE_BIOSYNTHETIC_PROCESS	0.24833011990340614			
REACTOME_SYNTHESIS_SECRETION_AND_INACTIVATION_OF_GLUCAGON_LIKE_PEPTIDE_1_GLP_1	0.24830111770005886			
HOWLIN_CITED1_TARGETS_1_DN	0.24825682207275868			
GO_NEGATIVE_REGULATION_OF_HELICASE_ACTIVITY	0.24822871033857147			
GSE25088_ROSIGLITAZONE_VS_IL4_AND_ROSIGLITAZONE_STIM_MACROPHAGE_DAY10_UP	0.24822382592035708			
BURTON_ADIPOGENESIS_6	0.24821753630058271			
GSE37532_VISCERAL_ADIPOSE_TISSUE_VS_LN_DERIVED_TCONV_CD4_TCELL_DN	0.2481970389800196			
SARTIPY_BLUNTED_BY_INSULIN_RESISTANCE_DN	0.24819212296756113			
ASGHARZADEH_NEUROBLASTOMA_POOR_SURVIVAL_DN	0.2481821041753719			
GO_HEART_VALVE_FORMATION	0.24817771448318743			
GO_DEATH_INDUCING_SIGNALING_COMPLEX	0.2481751495480797			
IPA_CTBP2_DN	0.24816862288749048			
GSE7509_UNSTIM_VS_FCGRIIB_STIM_MONOCYTE_UP	0.24816251078811324			
GO_POSITIVE_REGULATION_OF_PROTEIN_KINASE_A_SIGNALING	0.2481134073422546			
GO_ESTABLISHMENT_OF_EPITHELIAL_CELL_POLARITY	0.24811069313520415			
MIR500A_3P	0.24811053911348704			
GSE30083_SP3_VS_SP4_THYMOCYTE_UP	0.24809351038829172			
GO_REGULATION_OF_MITOCHONDRIAL_MEMBRANE_PERMEABILITY_INVOLVED_IN_APOPTOTIC_PROCESS	0.24808151855598104			
GO_CYCLIC_NUCLEOTIDE_GATED_ION_CHANNEL_ACTIVITY	0.24806194807633866			
FRASOR_RESPONSE_TO_ESTRADIOL_UP	0.24805607310616323			
GO_NEGATIVE_REGULATION_OF_ANION_TRANSMEMBRANE_TRANSPORT	0.24805470423368733			
chr10q22	0.24805013748051838			
REACTOME_EPHB_MEDIATED_FORWARD_SIGNALING	0.24803602638792496			
GSE15750_WT_VS_TRAF6KO_DAY6_EFF_CD8_TCELL_UP	0.24801413586088894			
REACTOME_SYNTHESIS_SECRETION_AND_DEACYLATION_OF_GHRELIN	0.2480114682235786			
GO_MESONEPHROS_DEVELOPMENT	0.24800926865333614			
MIR21_5P	0.24800131766755332			
MIR6507_3P	0.24799391407181984			
GSE22033_WT_VS_PPARG_KO_MEF_UP	0.24798585313611565			
REACTOME_COMPETING_ENDOGENOUS_RNAS_CERNAS_REGULATE_PTEN_TRANSLATION	0.24797802971891023			
GSE5542_IFNG_VS_IFNA_AND_IFNG_TREATED_EPITHELIAL_CELLS_6H_DN	0.24797463584251914			
REACTOME_POST_TRANSLATIONAL_MODIFICATION_SYNTHESIS_OF_GPI_ANCHORED_PROTEINS	0.24796617471007812			
GO_REGULATION_OF_LONG_CHAIN_FATTY_ACID_IMPORT_INTO_CELL	0.24796095333047374			
AP2ALPHA_01	0.24795697747435386			
GO_MORPHOGENESIS_OF_A_BRANCHING_STRUCTURE	0.2479485638111825			
SESTO_RESPONSE_TO_UV_C6	0.24794788499218848			
GSE11961_MARGINAL_ZONE_BCELL_VS_PLASMA_CELL_DAY7_UP	0.24790961991824037			
REACTOME_GLUCOCORTICOID_BIOSYNTHESIS	0.24788386649053762			
MIR4728_5P	0.24787610017115483			
GO_G_PROTEIN_COUPLED_RECEPTOR_COMPLEX	0.24786937046887195			
PID_NOTCH_PATHWAY	0.24786504950883917			
GO_NEGATIVE_REGULATION_OF_MESENCHYMAL_CELL_APOPTOTIC_PROCESS	0.24785883760015198			
GO_REGULATION_OF_SYSTEMIC_ARTERIAL_BLOOD_PRESSURE_BY_ENDOTHELIN	0.24785767353940769			
GSE17721_CTRL_VS_PAM3CSK4_12H_BMDC_UP	0.2478558851795871			
GO_ANTIBIOTIC_CATABOLIC_PROCESS	0.24784160499326327			
MYC_Q2	0.2478388258273435			
ISHIKAWA_STING_SIGNALING	0.24783726827384			
GSE16385_IFNG_TNF_VS_IL4_STIM_MACROPHAGE_DN	0.24783361483101635			
GO_REGULATION_OF_STEROID_HORMONE_BIOSYNTHETIC_PROCESS	0.24782906974546012			
IPA_MECP2_DN	0.24782350722005655			
REACTOME_DISEASES_ASSOCIATED_WITH_O_GLYCOSYLATION_OF_PROTEINS	0.2478231223864164			
GO_REGULATION_OF_DEFENSE_RESPONSE_TO_BACTERIUM	0.2478169700017587			
GO_NUCLEOSIDE_TRANSMEMBRANE_TRANSPORTER_ACTIVITY	0.24780967628844305			
GO_V_D_J_RECOMBINATION	0.24779565654793892			
GO_MEDIUM_CHAIN_FATTY_ACID_METABOLIC_PROCESS	0.2477884602806541			
GO_POSITIVE_REGULATION_OF_INTERLEUKIN_5_SECRETION	0.24778309839322518			
MIR1233_3P	0.24775775295374736			
CAGCTG_AP4_Q5	0.24774773302628955			
GO_SOMATIC_DIVERSIFICATION_OF_T_CELL_RECEPTOR_GENES	0.24774137404149			
GSE8685_IL2_STARVED_VS_IL21_ACT_IL2_STARVED_CD4_TCELL_UP	0.247740822752128			
KIM_BIPOLAR_DISORDER_OLIGODENDROCYTE_DENSITY_CORR_UP	0.2477392529161996			
GO_CALCITONIN_FAMILY_RECEPTOR_COMPLEX	0.24773863598528842			
GO_PENETRATION_OF_ZONA_PELLUCIDA	0.24772569657271074			
GSE12003_MIR223_KO_VS_WT_BM_PROGENITOR_8D_CULTURE_DN	0.2477089471488084			
PID_FGF_PATHWAY	0.24770669668427325			
GO_APPENDAGE_MORPHOGENESIS	0.24768381117226426			
GO_POSITIVE_REGULATION_OF_PLATELET_ACTIVATION	0.24767995253914873			
GO_GASTRULATION_WITH_MOUTH_FORMING_SECOND	0.24767773734079912			
GSE17721_POLYIC_VS_PAM3CSK4_16H_BMDC_DN	0.24767630951642633			
GO_EOSINOPHIL_DIFFERENTIATION	0.2476602120408425			
chr12q12	0.2476435454717809			
GO_EMBRYONIC_FORELIMB_MORPHOGENESIS	0.24763803083861946			
GSE2405_0H_VS_3H_A_PHAGOCYTOPHILUM_STIM_NEUTROPHIL_UP	0.2476368188618978			
REACTOME_PTK6_EXPRESSION	0.24763548916971506			
MCBRYAN_PUBERTAL_BREAST_4_5WK_DN	0.2476352586755592			
BIOCARTA_S1P_PATHWAY	0.24763010900892762			
GO_NEGATIVE_REGULATION_OF_GLIAL_CELL_PROLIFERATION	0.2476271827203059			
REACTOME_METABOLISM_OF_AMINO_ACIDS_AND_DERIVATIVES	0.24761137483036602			
GO_CORTICOSTERONE_SECRETION	0.24754265830091202			
GO_POSITIVE_REGULATION_OF_LIPID_CATABOLIC_PROCESS	0.24753190420582222			
GO_MAGNESIUM_ION_BINDING	0.24752991847350345			
ULE_SPLICING_VIA_NOVA2	0.24752699301340778			
MIR519A_2_5P_MIR520B_5P	0.24750418037814068			
GO_SMALL_GTPASE_BINDING	0.24750269503040426			
GO_RESPONSE_TO_DIETARY_EXCESS	0.24749872010228			
MIR3132	0.24749229386954044			
P53_02	0.24748293769954766			
KEGG_TIGHT_JUNCTION	0.24748170510108333			
GO_OXIDOREDUCTASE_ACTIVITY_ACTING_ON_PEROXIDE_AS_ACCEPTOR	0.24746028215046212			
GO_POSITIVE_REGULATION_OF_EPITHELIAL_CELL_PROLIFERATION_INVOLVED_IN_WOUND_HEALING	0.24746005743941168			
GO_AXIS_ELONGATION	0.24745828767526537			
IPA_H2AFZ_DN	0.24745039008753844			
GO_REGULATION_OF_CELL_DIVISION	0.24743849312866778			
KEGG_DRUG_METABOLISM_OTHER_ENZYMES	0.2474312844773893			
GO_INSULIN_RECEPTOR_SIGNALING_PATHWAY	0.2474090261746425			
GO_NEGATIVE_REGULATION_OF_TRANSLATION_IN_RESPONSE_TO_STRESS	0.24738649724354253			
GSE2770_UNTREATED_VS_TGFB_AND_IL12_TREATED_ACT_CD4_TCELL_6H_DN	0.24736807325277546			
GO_SYNAPSE_ORGANIZATION	0.24736255048621125			
MIR378B	0.2473532259276922			
GSE17721_CTRL_VS_GARDIQUIMOD_2H_BMDC_UP	0.24734972120954304			
GO_CYTOCHROME_COMPLEX_ASSEMBLY	0.24732079384717512			
GO_G1_DNA_DAMAGE_CHECKPOINT	0.24729216615728938			
TTTTGAG_MIR373	0.24729080466934203			
GO_PROTEIN_PALMITOYLATION	0.24728518300598037			
GO_INTRINSIC_APOPTOTIC_SIGNALING_PATHWAY_IN_RESPONSE_TO_HYDROGEN_PEROXIDE	0.24728347615607071			
GO_LONG_CHAIN_FATTY_ACID_IMPORT_ACROSS_PLASMA_MEMBRANE	0.24728216801311553			
GO_POSITIVE_REGULATION_OF_NITRIC_OXIDE_MEDIATED_SIGNAL_TRANSDUCTION	0.24727933163742527			
chr3q21	0.24723969868454537			
GO_POSITIVE_REGULATION_OF_ATP_METABOLIC_PROCESS	0.24723961717891896			
GO_ENDOCRINE_PANCREAS_DEVELOPMENT	0.24723157922911917			
GO_AMINE_CATABOLIC_PROCESS	0.24722811396499697			
GO_RESPONSE_TO_PLATELET_AGGREGATION_INHIBITOR	0.2472114600402929			
GO_LONG_CHAIN_FATTY_ACID_COA_LIGASE_ACTIVITY	0.24717456502361573			
IPA_NFATC3_DN	0.24716105942189928			
REACTOME_MINERALOCORTICOID_BIOSYNTHESIS	0.24715814791483606			
IPA_ETV1_DN	0.24715740951170476			
GO_GOLGI_LUMEN	0.24713953963723875			
MIR363_5P	0.2471386465087226			
REACTOME_INITIATION_OF_NUCLEAR_ENVELOPE_NE_REFORMATION	0.2471015707408678			
GO_PEPTIDOGLYCAN_METABOLIC_PROCESS	0.24704759519441827			
REACTOME_REGULATION_OF_TLR_BY_ENDOGENOUS_LIGAND	0.24704668542242914			
REACTOME_SIRT1_NEGATIVELY_REGULATES_RRNA_EXPRESSION	0.24704251595555377			
MIR2682_3P	0.24703235342499555			
GO_TRANSLATION_ELONGATION_FACTOR_ACTIVITY	0.2470212065399418			
REACTOME_ATF6_ATF6_ALPHA_ACTIVATES_CHAPERONES	0.2470077166150019			
GO_PHOSPHATIDYLINOSITOL_3_5_BISPHOSPHATE_3_PHOSPHATASE_ACTIVITY	0.2470035953666373			
GO_VOLUME_SENSITIVE_ANION_CHANNEL_ACTIVITY	0.2469744205172712			
REACTOME_CELLULAR_RESPONSE_TO_HYPOXIA	0.2469510420517937			
MIR92B_5P	0.24694906441138448			
GO_TRANSFORMING_GROWTH_FACTOR_BETA_ACTIVATED_RECEPTOR_ACTIVITY	0.24694826694291974			
GO_REGULATION_OF_PROTEASOMAL_PROTEIN_CATABOLIC_PROCESS	0.24693819269369677			
GO_Y_FORM_DNA_BINDING	0.24693448815085672			
GO_SULFUR_COMPOUND_METABOLIC_PROCESS	0.2469255461509443			
BONOME_OVARIAN_CANCER_SURVIVAL_OPTIMAL_DEBULKING	0.2469240818921077			
GO_MMXD_COMPLEX	0.24692198338296178			
GO_REGULATION_OF_GASTRIC_MOTILITY	0.24692033897260932			
GO_REGULATION_OF_BILE_ACID_BIOSYNTHETIC_PROCESS	0.24691781059783147			
GO_CLUSTERING_OF_VOLTAGE_GATED_SODIUM_CHANNELS	0.2469148236956756			
GSE22611_NOD2_VS_MUTANT_NOD2_TRANSDUCED_HEK293T_CELL_UP	0.24690918662603686			
GSE8921_UNSTIM_0H_VS_TLR1_2_STIM_MONOCYTE_3H_DN	0.24690614041138695			
GO_SODIUM_INDEPENDENT_ORGANIC_ANION_TRANSMEMBRANE_TRANSPORTER_ACTIVITY	0.24689933912411322			
GSE22432_MULTIPOTENT_VS_COMMON_DC_PROGENITOR_UP	0.24688677340146004			
VANTVEER_BREAST_CANCER_BRCA1_DN	0.24683816667846184			
MIR634	0.24681210510893917			
MIR4450	0.24680179175753164			
GO_REGULATION_OF_TRANSLATION_IN_RESPONSE_TO_STRESS	0.24679311711318025			
MIR6865_5P	0.24678997297876723			
MIR10397_3P	0.24677886098704416			
GO_REGULATION_OF_TELOMERE_MAINTENANCE	0.24676032084643307			
GGCNNMSMYNTTG_UNKNOWN	0.2467501810706106			
REACTOME_INCRETIN_SYNTHESIS_SECRETION_AND_INACTIVATION	0.24674750662881426			
GO_CIRCADIAN_RHYTHM	0.24673025023086648			
GO_LEYDIG_CELL_DIFFERENTIATION	0.24671866305594417			
KATSANOU_ELAVL1_TARGETS_UP	0.24671531936320398			
GO_SEQUENCE_SPECIFIC_DOUBLE_STRANDED_DNA_BINDING	0.24671440878565898			
WEBER_METHYLATED_HCP_IN_SPERM_UP	0.24670962903821683			
GO_CHOLESTEROL_CATABOLIC_PROCESS	0.24670586655312263			
IPA_CDX1_UP	0.2467007041671543			
GO_WATER_TRANSPORT	0.24669193001326836			
GO_MAINTENANCE_OF_ANIMAL_ORGAN_IDENTITY	0.24669137217011014			
IPA_NFE2L2_UP	0.24668335870078542			
MIR6836_3P	0.2466778407832713			
GESERICK_TERT_TARGETS_DN	0.24667127479825438			
GO_DOUBLE_STRANDED_DNA_BINDING	0.24666661823654035			
GO_SYMBIONT_CONTAINING_VACUOLE	0.24665825436032546			
MIR8059	0.2466549780128671			
MIR3605_5P	0.24664565966202415			
TGCCAAR_NF1_Q6	0.24664197823541337			
GO_EPITHELIAL_CELL_PROLIFERATION_INVOLVED_IN_PROSTATE_GLAND_DEVELOPMENT	0.24663438453449568			
GO_CILIUM	0.24663073035100852			
GATA2_01	0.24662641218354095			
CLIMENT_BREAST_CANCER_COPY_NUMBER_UP	0.24662306571361758			
REACTOME_MUSCARINIC_ACETYLCHOLINE_RECEPTORS	0.24661453486807852			
GO_ESCRT_I_COMPLEX	0.24661200886092222			
YAMANAKA_GLIOBLASTOMA_SURVIVAL_DN	0.24660029844894615			
REACTOME_RUNX2_REGULATES_OSTEOBLAST_DIFFERENTIATION	0.24660000800967707			
MIR4739	0.24659306897228322			
GO_ESTABLISHMENT_OF_PROTEIN_LOCALIZATION_TO_ORGANELLE	0.24659082252097758			
GO_BRANCHING_MORPHOGENESIS_OF_AN_EPITHELIAL_TUBE	0.24658237979358968			
GO_REGULATION_OF_PLATELET_DERIVED_GROWTH_FACTOR_RECEPTOR_BETA_SIGNALING_PATHWAY	0.24657521331654242			
MIR4661_5P	0.2465670570931165			
WANG_HCP_PROSTATE_CANCER	0.2465639462723766			
IPA_FOXP1_UP	0.24655856558803285			
CASTELLANO_NRAS_TARGETS_UP	0.24655173216547135			
PROVENZANI_METASTASIS_UP	0.24655090596495194			
STAEGE_EWING_FAMILY_TUMOR	0.24654923169227555			
GO_AMYLASE_ACTIVITY	0.2465436185914645			
ZHANG_BREAST_CANCER_PROGENITORS_UP	0.24653303573185056			
GO_NEGATIVE_REGULATION_OF_AMINE_TRANSPORT	0.24652890218506257			
GO_2_ACYLGLYCEROL_O_ACYLTRANSFERASE_ACTIVITY	0.24651130308129526			
BIOCARTA_CARM1_PATHWAY	0.24647558158847804			
PID_HDAC_CLASSI_PATHWAY	0.24647414210885274			
GO_REGULATION_OF_RELAXATION_OF_CARDIAC_MUSCLE	0.24645204738963863			
GO_SOMATIC_MOTOR_NEURON_DIFFERENTIATION	0.24643395645259095			
MIR604	0.24638994497324523			
GSE16385_UNTREATED_VS_12H_IL4_TREATED_MACROPHAGE_UP	0.24638723210293142			
GO_REGULATION_OF_FATTY_ACID_TRANSPORT	0.24636721602494657			
MIR4648	0.2463562767460497			
GO_RESPONSE_TO_TOXIC_SUBSTANCE	0.24634951381651132			
GO_LYSINE_METABOLIC_PROCESS	0.24634750723151197			
GO_IRON_ION_TRANSMEMBRANE_TRANSPORT	0.24634059582999016			
GO_PROTEIN_IMPORT_INTO_PEROXISOME_MEMBRANE	0.24632131673711405			
MIR664A_5P	0.24631879204937868			
GSE27670_BLIMP1_VS_LMP1_TRANSDUCED_GC_BCELL_DN	0.24630958051023683			
chr10p15	0.2462758025570658			
ONGUSAHA_TP53_TARGETS	0.24626150668790606			
BIOCARTA_DREAM_PATHWAY	0.24625159200504038			
GO_HISTONE_H2A_ACETYLATION	0.24623321470829454			
GO_NEGATIVE_REGULATION_OF_ALPHA_BETA_T_CELL_PROLIFERATION	0.24621902140397475			
MIR6826_3P	0.2462062925728702			
IPA_NCOR2_DN	0.24620292857405776			
WEINMANN_ADAPTATION_TO_HYPOXIA_UP	0.2461613662824485			
GO_REGULATION_OF_REMOVAL_OF_SUPEROXIDE_RADICALS	0.24615649589287558			
RRAGTTGT_UNKNOWN	0.24615394027587056			
GSE40068_BCL6_POS_VS_NEG_CXCR5_POS_TFH_DN	0.24614982756087384			
GO_POSITIVE_REGULATION_OF_TRANSCRIPTION_OF_NUCLEOLAR_LARGE_RRNA_BY_RNA_POLYMERASE_I	0.2461476923131552			
GO_FIBROBLAST_GROWTH_FACTOR_RECEPTOR_SIGNALING_PATHWAY	0.24613723626664183			
RIZ_ERYTHROID_DIFFERENTIATION_12HR	0.2461274104725247			
GSE40274_CTRL_VS_FOXP3_AND_LEF1_TRANSDUCED_ACTIVATED_CD4_TCELL_DN	0.24612713032884237			
GO_DEDIFFERENTIATION	0.24612647259797735			
GO_MITOCHONDRIAL_TRANSMEMBRANE_TRANSPORT	0.24609711058651837			
REACTOME_DISEASES_ASSOCIATED_WITH_N_GLYCOSYLATION_OF_PROTEINS	0.24609580866985273			
GO_TERTIARY_ALCOHOL_METABOLIC_PROCESS	0.24607042312451974			
GO_PROTEIN_IMPORT	0.2460675301089803			
GO_TRANSPOSITION_RNA_MEDIATED	0.24606116950214885			
GO_REGULATION_OF_SERINE_TYPE_PEPTIDASE_ACTIVITY	0.2460593635680955			
MIR1193	0.2460568809488321			
MATZUK_EARLY_ANTRAL_FOLLICLE	0.2460481361687906			
ZSCAN23_TARGET_GENES	0.24604215789720962			
GO_REGULATION_OF_GLOMERULUS_DEVELOPMENT	0.2460413038732019			
GO_ALKALOID_METABOLIC_PROCESS	0.24603829077163403			
GO_POSITIVE_REGULATION_OF_MULTICELLULAR_ORGANISM_GROWTH	0.2460298116753025			
YIH_RESPONSE_TO_ARSENITE_C1	0.24601987604863018			
GO_HISTONE_METHYLTRANSFERASE_ACTIVITY_H3_K9_SPECIFIC	0.2460189139923526			
GO_NCRNA_3_END_PROCESSING	0.24593991500307893			
GO_ACTIVATION_OF_PHOSPHOLIPASE_D_ACTIVITY	0.24592996457266472			
GO_PROTON_TRANSPORTING_ATP_SYNTHASE_ACTIVITY_ROTATIONAL_MECHANISM	0.24592438838561395			
GO_EXTRAEMBRYONIC_MEMBRANE_DEVELOPMENT	0.24592126349885543			
GO_REGULATION_OF_PROTEIN_AUTOUBIQUITINATION	0.2459200960390011			
GO_PEPTIDYL_ARGININE_MODIFICATION	0.24589702502024752			
GO_UREA_TRANSPORT	0.24585608446419338			
GO_N_TERMINAL_PROTEIN_ACETYLTRANSFERASE_COMPLEX	0.24584936922298123			
GO_CELL_CELL_SIGNALING_INVOLVED_IN_CARDIAC_CONDUCTION	0.245844063582259			
ASH1L_TARGET_GENES	0.24584298868764232			
GO_POSITIVE_REGULATION_OF_INSULIN_LIKE_GROWTH_FACTOR_RECEPTOR_SIGNALING_PATHWAY	0.24583062101691433			
GO_PROTEIN_UFMYLATION	0.24581025774990511			
REACTOME_TP53_REGULATES_TRANSCRIPTION_OF_DEATH_RECEPTORS_AND_LIGANDS	0.24579968366921265			
GO_ANIMAL_ORGAN_FORMATION	0.24577525695636557			
MITSIADES_RESPONSE_TO_APLIDIN_DN	0.2457569894915329			
MIR592	0.2457296931739912			
REACTOME_EPHRIN_SIGNALING	0.245709349915038			
GO_NEGATIVE_REGULATION_OF_CELL_DIVISION	0.24570402910437275			
GO_NOTCH_BINDING	0.24569845198543053			
GO_NEGATIVE_REGULATION_OF_DNA_DAMAGE_CHECKPOINT	0.24569198713565898			
GRADE_COLON_AND_RECTAL_CANCER_UP	0.24568707005275925			
MIR4275	0.2456853593594624			
REACTOME_NUCLEAR_ENVELOPE_BREAKDOWN	0.24565744864060748			
GSE2770_IL12_AND_TGFB_VS_IL4_TREATED_ACT_CD4_TCELL_6H_UP	0.2456472298680667			
ARHGAP35_TARGET_GENES	0.24562036686947006			
GO_RETINA_LAYER_FORMATION	0.2456162078136971			
CREBP1_Q2	0.24560164843086157			
GSE28449_WT_VS_LRF_KO_GERMINAL_CENTER_BCELL_DN	0.24560087182681747			
MIR6881_5P	0.24559953117994862			
GO_PROTEIN_LOCALIZATION_TO_ENDOPLASMIC_RETICULUM	0.24559598510254138			
GO_REGULATION_OF_LIPID_TRANSPORTER_ACTIVITY	0.2455907081288967			
GO_REGULATION_OF_LIPID_METABOLIC_PROCESS	0.24557659970109963			
GO_NADPH_REGENERATION	0.24557641431737204			
GO_PROTEIN_MANNOSYLATION	0.2455746022199249			
FIRESTEIN_CTNNB1_PATHWAY_AND_PROLIFERATION	0.24557152319787073			
GO_ISOCITRATE_DEHYDROGENASE_ACTIVITY	0.24557050837299174			
MIR3121_5P	0.2455673748630001			
MIR6133	0.24556099523440772			
GO_POSITIVE_REGULATION_OF_BLOOD_PRESSURE	0.2455494161355715			
GO_POSTSYNAPTIC_MEMBRANE	0.24554214667843985			
GO_PROTEASOME_BINDING	0.24552465626146316			
IPA_ERCC6_UP	0.24552276759972758			
IPA_NR2F1_DN	0.24552260652422514			
GO_N_TERMINAL_PROTEIN_AMINO_ACID_ACETYLATION	0.24551586970899467			
ZNF350_TARGET_GENES	0.2455018144016234			
GO_TRANSCRIPTION_INITIATION_FROM_RNA_POLYMERASE_III_PROMOTER	0.2454982868994875			
GO_LARGE_RIBOSOMAL_SUBUNIT_RRNA_BINDING	0.24549629786539			
LEE_LIVER_CANCER_MYC_UP	0.24549027782125032			
IPA_FOXC2_UP	0.24548315014125818			
GO_FATTY_ACID_DERIVATIVE_BINDING	0.24548218768298258			
GSE15659_TREG_VS_TCONV_UP	0.24546679892493212			
GO_STRUCTURAL_CONSTITUENT_OF_SYNAPSE	0.24546436542596692			
GO_URATE_METABOLIC_PROCESS	0.2454632318850408			
GO_CHROMATIN_MEDIATED_MAINTENANCE_OF_TRANSCRIPTION	0.24545455196726867			
GO_POSITIVE_REGULATION_OF_COLLATERAL_SPROUTING	0.24545441704215262			
GO_INTRACILIARY_TRANSPORT	0.245428303846684			
GO_LOW_DENSITY_LIPOPROTEIN_PARTICLE_CLEARANCE	0.2454257895730215			
STARK_HYPPOCAMPUS_22Q11_DELETION_DN	0.24540409798134574			
NEUROG3_TARGET_GENES	0.24540203018459814			
chr9q12	0.24534136011252278			
GO_REGULATION_OF_ATPASE_COUPLED_CALCIUM_TRANSMEMBRANE_TRANSPORTER_ACTIVITY	0.2453351884970111			
YCATTAA_UNKNOWN	0.24532792571402057			
GO_CONNEXIN_BINDING	0.24532757098910563			
REACTOME_NOTCH2_INTRACELLULAR_DOMAIN_REGULATES_TRANSCRIPTION	0.2453225329201937			
REACTOME_GDP_FUCOSE_BIOSYNTHESIS	0.2453179227216105			
GO_POSITIVE_REGULATION_OF_GLYCOPROTEIN_BIOSYNTHETIC_PROCESS	0.24531383971621354			
MEISSNER_BRAIN_HCP_WITH_H3K4ME3_AND_H3K27ME3	0.24529833708859944			
GO_REGULATION_OF_HIPPO_SIGNALING	0.24527934099928198			
GSE12963_UNINF_VS_ENV_AND_NEF_AND_VPR_DEFICIENT_HIV1_INF_CD4_TCELL_DN	0.24526222581064444			
REACTOME_TRAFFICKING_OF_AMPA_RECEPTORS	0.24525406496535002			
GO_BRAIN_DERIVED_NEUROTROPHIC_FACTOR_RECEPTOR_SIGNALING_PATHWAY	0.24523990355268327			
MIR6752_5P	0.245235488164633			
REACTOME_CRISTAE_FORMATION	0.24523476059424737			
REACTOME_RRNA_MODIFICATION_IN_THE_MITOCHONDRION	0.24523183938065357			
REACTOME_MITOCHONDRIAL_TRANSLATION	0.24522916230002947			
VILLANUEVA_LIVER_CANCER_KRT19_UP	0.2452008337456801			
GO_REGULATION_OF_CONNECTIVE_TISSUE_REPLACEMENT	0.24518064817213664			
GSE7460_CTRL_VS_TGFB_TREATED_ACT_TREG_DN	0.24516593227657513			
GSE29615_CTRL_VS_DAY7_LAIV_FLU_VACCINE_PBMC_DN	0.24516295777761393			
IPA_NF1_UP	0.24516171495928996			
GO_EPIDERMIS_MORPHOGENESIS	0.2451590781055533			
GO_RETINAL_BIPOLAR_NEURON_DIFFERENTIATION	0.24515105150579053			
IPA_ELF2_DN	0.24511183287628144			
GSE36527_CD62L_HIGH_CD69_NEG_VS_CD62L_LOW_CD69_POS_TREG_KLRG1_NEG_UP	0.24510137923226558			
REACTOME_REGULATION_OF_TP53_ACTIVITY	0.24509846998464713			
GO_FUSION_OF_SPERM_TO_EGG_PLASMA_MEMBRANE_INVOLVED_IN_SINGLE_FERTILIZATION	0.24509739393014437			
GO_POSITIVE_REGULATION_OF_RIG_I_SIGNALING_PATHWAY	0.24508422814405678			
DURAND_STROMA_NS_UP	0.2450784348597409			
GO_RESPONSE_TO_FLUORIDE	0.24507430072189057			
ZBED5_TARGET_GENES	0.24504490410617893			
RODRIGUES_THYROID_CARCINOMA_POORLY_DIFFERENTIATED_DN	0.24503836779176116			
GSE17186_MEMORY_VS_CD21HIGH_TRANSITIONAL_BCELL_UP	0.24503733960106966			
GO_NOTCH_RECEPTOR_PROCESSING_LIGAND_DEPENDENT	0.2450253871618782			
GSE17721_POLYIC_VS_CPG_1H_BMDC_UP	0.24502510039637795			
ZBTB1_TARGET_GENES	0.24499697575707446			
GO_CALCIUM_POTASSIUM_SODIUM_ANTIPORTER_ACTIVITY	0.2449928623610859			
COLLIS_PRKDC_SUBSTRATES	0.24499198790668308			
GO_H3_HISTONE_ACETYLTRANSFERASE_ACTIVITY	0.24497630566249673			
GO_RRNA_BASE_METHYLATION	0.24497312132662183			
GSE21546_ELK1_KO_VS_SAP1A_KO_AND_ELK1_KO_ANTI_CD3_STIM_DP_THYMOCYTES_UP	0.24497062515106124			
GSE34156_TLR1_TLR2_LIGAND_VS_NOD2_AND_TLR1_TLR2_LIGAND_6H_TREATED_MONOCYTE_DN	0.24495569058356834			
GSE29615_CTRL_VS_LAIV_FLU_VACCINE_PBMC_DN	0.24495323031296742			
GO_INTRACELLULAR_TRANSPORT	0.24494320252806984			
GSE43955_TH0_VS_TGFB_IL6_TH17_ACT_CD4_TCELL_1H_DN	0.24494158471182478			
MIR6738_5P	0.24493880926849285			
GO_MALE_PRONUCLEUS	0.24492622763638847			
REACTOME_HDL_REMODELING	0.24492437547707377			
GSE17721_0.5H_VS_12H_POLYIC_BMDC_UP	0.24491797587305503			
GALLUZZI_PREVENT_MITOCHONDIAL_PERMEABILIZATION	0.24491583255773414			
YAMASHITA_LIVER_CANCER_WITH_EPCAM_DN	0.24491113348842417			
GO_SHORT_CHAIN_FATTY_ACID_METABOLIC_PROCESS	0.2449040755923125			
LEE_CALORIE_RESTRICTION_MUSCLE_UP	0.24490269218283275			
IPA_HIST2H4A_UP	0.24489917553496657			
IPA_HIST1H4D_UP	0.24489917553496657			
IPA_HIST1H4I_UP	0.24489917553496657			
IPA_HIST4H4_UP	0.24489917553496657			
IPA_HIST1H4C_UP	0.24489917553496657			
IPA_HIST1H4H_UP	0.24489917553496657			
IPA_HIST2H4B_UP	0.24489917553496657			
IPA_HIST1H4E_UP	0.24489917553496657			
IPA_HIST1H4J_UP	0.24489917553496657			
IPA_HIST1H4A_UP	0.24489917553496657			
IPA_HIST1H4F_UP	0.24489917553496657			
IPA_HIST1H4L_UP	0.24489917553496657			
MIR4765	0.24489500119519594			
REACTOME_TRANSCRIPTION_OF_E2F_TARGETS_UNDER_NEGATIVE_CONTROL_BY_DREAM_COMPLEX	0.24487862320866388			
GO_VOLTAGE_GATED_ANION_CHANNEL_ACTIVITY	0.24485246657303766			
REACTOME_SYNTHESIS_OF_IP3_AND_IP4_IN_THE_CYTOSOL	0.24484591332784802			
GO_DNA_CLAMP_LOADER_ACTIVITY	0.24484368358848152			
IPA_BCL3_UP	0.24482948733419516			
GO_NEPHRIC_DUCT_DEVELOPMENT	0.24482724757259158			
GO_POSITIVE_REGULATION_OF_NUCLEOCYTOPLASMIC_TRANSPORT	0.24481728738708491			
MIR6820_3P	0.24481636172870316			
GO_POSITIVE_REGULATION_OF_SODIUM_ION_TRANSMEMBRANE_TRANSPORT	0.24480894400398734			
IPA_DOT1L_UP	0.24478702543713618			
REACTOME_FORMATION_OF_THE_EARLY_ELONGATION_COMPLEX	0.24478519784580266			
IPA_EGR3_UP	0.24478411389089139			
GO_NUCLEAR_MEMBRANE	0.2447595569912311			
MIKKELSEN_MEF_HCP_WITH_H3_UNMETHYLATED	0.24475737796346167			
GSE37533_PPARG1_FOXP3_VS_PPARG2_FOXP3_TRANSDUCED_CD4_TCELL_UP	0.24472964847395576			
GO_NEGATIVE_REGULATION_OF_MEMBRANE_REPOLARIZATION_DURING_CARDIAC_MUSCLE_CELL_ACTION_POTENTIAL	0.24472830677263807			
GO_OPTIC_NERVE_DEVELOPMENT	0.24472713917959746			
POU3F2_01	0.2447266920451106			
PDGF_UP.V1_DN	0.24470610113026345			
chr11q13	0.24470542991597216			
GO_GALACTOLIPID_BIOSYNTHETIC_PROCESS	0.24469317320314074			
GO_LEFT_RIGHT_PATTERN_FORMATION	0.24466487583356933			
MIR4437	0.2446596396654732			
GSE3982_CTRL_VS_LPS_1H_NEUTROPHIL_DN	0.2446578944383962			
GO_2FE_2S_CLUSTER_ASSEMBLY	0.24465656769742183			
GO_MRNA_3_SPLICE_SITE_RECOGNITION	0.2446495752996964			
GO_NUCLEOSIDE_PHOSPHATE_CATABOLIC_PROCESS	0.2446485779349334			
REACTOME_NEUREXINS_AND_NEUROLIGINS	0.24464481075731645			
GSE14308_TH17_VS_INDUCED_TREG_DN	0.24462913080811693			
GO_POSITIVE_REGULATION_OF_PLATELET_DERIVED_GROWTH_FACTOR_RECEPTOR_SIGNALING_PATHWAY	0.24461861154436104			
CAHOY_ASTROCYTIC	0.2446164729967398			
ACEVEDO_LIVER_TUMOR_VS_NORMAL_ADJACENT_TISSUE_DN	0.24461194300285102			
GO_NEURAL_NUCLEUS_DEVELOPMENT	0.24460635815486143			
GO_ARYL_SULFOTRANSFERASE_ACTIVITY	0.24460171957197907			
GO_REGULATION_OF_EPITHELIAL_TUBE_FORMATION	0.2445725881832439			
GSE43955_TGFB_IL6_VS_TGFB_IL6_IL23_TH17_ACT_CD4_TCELL_52H_UP	0.24456662937562798			
GO_INDOLALKYLAMINE_METABOLIC_PROCESS	0.2445534625347587			
IPA_HOXD9_UP	0.2445496927510528			
GSE37416_CTRL_VS_0H_F_TULARENSIS_LVS_NEUTROPHIL_UP	0.24453899372871934			
MIR4537	0.2445333375250626			
GO_VITAMIN_D_BINDING	0.24452870412642777			
GO_MITOCHONDRIAL_TRNA_PROCESSING	0.24451830864952392			
TSUNODA_CISPLATIN_RESISTANCE_DN	0.24451683870851673			
BCAT_BILD_ET_AL_UP	0.24451021359648978			
HEDENFALK_BREAST_CANCER_BRACX_DN	0.2444913008576679			
MIR300	0.24448937436714024			
ZAIDI_OSTEOBLAST_TRANSCRIPTION_FACTORS	0.24448800265242798			
GSE5589_LPS_AND_IL10_VS_LPS_AND_IL6_STIM_IL10_KO_MACROPHAGE_45MIN_UP	0.2444768040267841			
GO_ION_TRANSPORT	0.24441249438655238			
GO_RESPONSE_TO_FOLLICLE_STIMULATING_HORMONE	0.24440527533059236			
GO_ACETYLCHOLINE_GATED_CATION_SELECTIVE_CHANNEL_ACTIVITY	0.24440505695146406			
REACTOME_XENOBIOTICS	0.2443973881869753			
REACTOME_CONJUGATION_OF_BENZOATE_WITH_GLYCINE	0.24439424437614804			
GO_CO_SMAD_BINDING	0.24437213046901204			
REACTOME_KILLING_MECHANISMS	0.24436375145508316			
IPA_NR2C2_DN	0.24435300028095697			
HOEGERKORP_CD44_TARGETS_DIRECT_DN	0.24434930164284452			
GO_CELLULAR_METABOLIC_COMPOUND_SALVAGE	0.24433265833319728			
IPA_TAL1_UP	0.2443300288763257			
GO_NEGATIVE_REGULATION_OF_RESPONSE_TO_INTERFERON_GAMMA	0.24432846133504188			
GO_POSITIVE_REGULATION_OF_PROTEIN_GLYCOSYLATION	0.24432772101968714			
IPA_NFYA_DN	0.2443125412607408			
IPA_NFAT5_DN	0.2443125412607408			
MIR4740_5P	0.2443055011940062			
ROAZ_01	0.2443047093138678			
GO_REGULATION_OF_DNA_DUPLEX_UNWINDING	0.24429900599514154			
REACTOME_INTEGRATION_OF_PROVIRUS	0.2442828498140472			
DELACROIX_RAR_TARGETS_DN	0.24428234852474537			
REACTOME_NONCANONICAL_ACTIVATION_OF_NOTCH3	0.2442758272015109			
GSE21670_TGFB_VS_IL6_TREATED_CD4_TCELL_DN	0.24425915648156307			
GO_NUCLEOLAR_LARGE_RRNA_TRANSCRIPTION_BY_RNA_POLYMERASE_I	0.2442548684693031			
GSE3982_CTRL_VS_LPS_1H_NEUTROPHIL_UP	0.2442544067838506			
GO_INORGANIC_ION_IMPORT_ACROSS_PLASMA_MEMBRANE	0.2442439225462121			
BIOCARTA_EIF_PATHWAY	0.24424274255278894			
GO_CARDIAC_MUSCLE_TISSUE_REGENERATION	0.24423496985685816			
GO_POSITIVE_REGULATION_OF_VIRAL_TRANSCRIPTION	0.24423404121408535			
MIR3918	0.24422808567072637			
MEISSNER_NPC_ICP_WITH_H3_UNMETHYLATED	0.24422776937863824			
NIKOLSKY_BREAST_CANCER_16P13_AMPLICON	0.24421344168610212			
CHASSOT_SKIN_WOUND	0.24419220967829883			
MIR6510_5P	0.24418054290269353			
GO_REGULATION_OF_METAPHASE_PLATE_CONGRESSION	0.2441784748902586			
YAATNRNNNYNATT_UNKNOWN	0.24413177004488157			
GO_REGULATION_OF_HORMONE_METABOLIC_PROCESS	0.24410878242683046			
GSE12198_LOW_IL2_STIM_NK_CELL_VS_HIGH_IL2_STIM_NK_CELL_DN	0.24410014820994663			
GO_FUCOSE_CATABOLIC_PROCESS	0.24409391182919066			
HALLMARK_MYC_TARGETS_V2	0.24408958919751972			
ADA2_TARGET_GENES	0.24408806303611202			
GO_NEGATIVE_REGULATION_OF_FEEDING_BEHAVIOR	0.24406895334907125			
GO_GAP_JUNCTION_ASSEMBLY	0.24406871294158552			
MIR323A_5P	0.24406855547318393			
GO_DEMETHYLASE_ACTIVITY	0.24405486294183582			
GO_POSITIVE_REGULATION_OF_ESTABLISHMENT_OF_PROTEIN_LOCALIZATION_TO_MITOCHONDRION	0.2440521624657005			
PEDRIOLI_MIR31_TARGETS_UP	0.24403313297255483			
MIR4315	0.24401120358847364			
GO_NEGATIVE_REGULATION_OF_ANION_TRANSPORT	0.24400615431465655			
GO_AXO_DENDRITIC_TRANSPORT	0.24399922746079428			
VARELA_ZMPSTE24_TARGETS_UP	0.24398495311935275			
GO_NUCLEAR_LAMINA	0.24396846655375592			
GSE35543_IN_VIVO_NTREG_VS_CONVERTED_EX_ITREG_DN	0.24394904017084543			
GSE22886_UNSTIM_VS_IL2_STIM_NKCELL_UP	0.243941000261681			
GSE20198_IL12_VS_IL12_IL18_TREATED_ACT_CD4_TCELL_UP	0.2439407573533008			
IPA_PPP1R13B_UP	0.2439362948983035			
GO_NEGATIVE_REGULATION_OF_FATTY_ACID_BETA_OXIDATION	0.24392153918938428			
GO_NEGATIVE_REGULATION_OF_BILE_ACID_METABOLIC_PROCESS	0.24390927292169326			
GO_POSTSYNAPTIC_CYTOSKELETON	0.24390097403316485			
GO_CHORIONIC_TROPHOBLAST_CELL_PROLIFERATION	0.2438974953553576			
IPA_NF1_DN	0.24389719351818967			
GO_AXONEMAL_MICROTUBULE	0.24388633026141898			
GO_RESPONSE_TO_FORSKOLIN	0.2438817668507786			
GO_NEGATIVE_REGULATION_OF_CELL_CYCLE_ARREST	0.24388112697272238			
IPA_GFI1B_DN	0.24387837821106226			
GO_BRANCH_ELONGATION_OF_AN_EPITHELIUM	0.24384170641801484			
KEGG_ALANINE_ASPARTATE_AND_GLUTAMATE_METABOLISM	0.24383064474045477			
ISHIDA_TARGETS_OF_SYT_SSX_FUSIONS	0.24381913377156314			
CCTNTMAGA_UNKNOWN	0.24381901181542692			
GO_REGULATION_OF_INTRINSIC_APOPTOTIC_SIGNALING_PATHWAY_IN_RESPONSE_TO_DNA_DAMAGE_BY_P53_CLASS_MEDIATOR	0.24381101351276366			
GCACTTT_MIR175P_MIR20A_MIR106A_MIR106B_MIR20B_MIR519D	0.2438014052916792			
GO_REGULATION_OF_VIRAL_TRANSCRIPTION	0.24378933602238667			
GO_DENTATE_GYRUS_DEVELOPMENT	0.24378747341739945			
GO_REGULATION_OF_PROTEIN_KINASE_C_ACTIVITY	0.24378467132392462			
GSE12003_4D_VS_8D_CULTURE_MIR223_KO_BM_PROGENITOR_UP	0.24377888814882648			
GO_DYNEIN_LIGHT_CHAIN_BINDING	0.24377815193154273			
PID_CIRCADIAN_PATHWAY	0.24377541689119894			
GO_SIGNAL_SEQUENCE_BINDING	0.24376529904266564			
TOOKER_GEMCITABINE_RESISTANCE_UP	0.24376404526266401			
REACTOME_TRANSPORT_OF_NUCLEOTIDE_SUGARS	0.24374658629538962			
KEGG_RIBOFLAVIN_METABOLISM	0.24373847281101088			
GO_NEURAL_PLATE_PATTERN_SPECIFICATION	0.24373167349262975			
GO_PROTEIN_LOCALIZATION_TO_CHROMATIN	0.24372945609580574			
GO_TRANSMEMBRANE_RECEPTOR_PROTEIN_SERINE_THREONINE_KINASE_ACTIVITY	0.24372366493762024			
REACTOME_ACTIVATION_OF_RAC1	0.24372041189270327			
GO_L_PROLINE_BIOSYNTHETIC_PROCESS	0.24371432002054716			
IPA_TRIM22_UP	0.24371233285691513			
REACTOME_ACETYLCHOLINE_BINDING_AND_DOWNSTREAM_EVENTS	0.2437103934337418			
GO_REGULATION_OF_MDA_5_SIGNALING_PATHWAY	0.24370949577258366			
GO_REGULATION_OF_SMOOTHENED_SIGNALING_PATHWAY_INVOLVED_IN_DORSAL_VENTRAL_NEURAL_TUBE_PATTERNING	0.24370442672924966			
GO_PROTEIN_LOCALIZATION_TO_CYTOPLASMIC_STRESS_GRANULE	0.24370434272917016			
MIR6744_3P	0.2436947021973616			
GO_ACETYLCHOLINE_RECEPTOR_BINDING	0.24367587060059787			
GO_RNA_DEPENDENT_DNA_BIOSYNTHETIC_PROCESS	0.2436713550410848			
KEGG_ADHERENS_JUNCTION	0.24364093016082072			
GO_BETA_CATENIN_DESTRUCTION_COMPLEX_DISASSEMBLY	0.24363055878076773			
REACTOME_SIGNALING_BY_FGFR2_IIIA_TM	0.24361998879219557			
GO_SULFUR_COMPOUND_BIOSYNTHETIC_PROCESS	0.24360516260144993			
ATCATGA_MIR433	0.24358012051799438			
RIZ_ERYTHROID_DIFFERENTIATION	0.2435736248820148			
GO_CHOLINE_TRANSPORT	0.24357117583555254			
GATA3_01	0.24355631624989815			
GO_PARASYMPATHETIC_NERVOUS_SYSTEM_DEVELOPMENT	0.243555866521884			
MIR4469	0.24353907724212712			
MIR302A_3P_MIR302B_3P_MIR302C_3P_MIR302D_3P	0.24353264253938176			
GO_POSITIVE_REGULATION_OF_FLAGELLATED_SPERM_MOTILITY	0.24353081045013752			
KEGG_GLYCOSPHINGOLIPID_BIOSYNTHESIS_GLOBO_SERIES	0.24353035124859332			
HALLMARK_ADIPOGENESIS	0.24350734618315967			
SKP2_TARGET_GENES	0.24350592644834312			
GO_MATING_BEHAVIOR	0.24349480101746943			
GO_REGULATION_OF_POSTTRANSCRIPTIONAL_GENE_SILENCING	0.24347939445979003			
GSE7509_UNSTIM_VS_IFNA_STIM_IMMATURE_DC_UP	0.24347820903117345			
GO_NEUROPEPTIDE_BINDING	0.2434612367187631			
GO_POSITIVE_REGULATION_OF_DIGESTIVE_SYSTEM_PROCESS	0.243456065033696			
GO_NON_CANONICAL_WNT_SIGNALING_PATHWAY_VIA_MAPK_CASCADE	0.24345283822756114			
GO_POSTSYNAPTIC_CYTOSKELETON_ORGANIZATION	0.2434451852692111			
NOTCH_DN.V1_DN	0.24341958860773724			
IPA_POU2F3_UP	0.24341470605911178			
IPA_POU2F3_DN	0.24341470605911178			
GO_PORPHYRIN_CONTAINING_COMPOUND_METABOLIC_PROCESS	0.24340404283867936			
GO_CELLULAR_RESPONSE_TO_L_GLUTAMATE	0.24339111778500616			
GO_INTRAMOLECULAR_OXIDOREDUCTASE_ACTIVITY_TRANSPOSING_C_C_BONDS	0.24336041530217625			
CHOW_RASSF1_TARGETS_DN	0.24335745060691188			
PID_NCADHERIN_PATHWAY	0.2433497600008371			
GO_SOLUTE_PROTON_SYMPORTER_ACTIVITY	0.2433471669600476			
GSE18281_PERIMEDULLARY_CORTICAL_REGION_VS_WHOLE_MEDULLA_THYMUS_DN	0.24333305370488797			
REACTOME_FRUCTOSE_CATABOLISM	0.24332479333806079			
E47_02	0.24331453258787333			
REACTOME_HORMONE_LIGAND_BINDING_RECEPTORS	0.24331062074354415			
MIR342_3P	0.24329132123752			
GO_ESTROGEN_16_ALPHA_HYDROXYLASE_ACTIVITY	0.24327472797464816			
GO_RRNA_TRANSCRIPTION	0.2432578662223126			
GO_TRANSLATIONAL_ELONGATION	0.24324665053880923			
GO_MULTI_CILIATED_EPITHELIAL_CELL_DIFFERENTIATION	0.2432424491051814			
GO_PROTEIN_TRANSMEMBRANE_TRANSPORT	0.24323133815705225			
BUCKANOVICH_T_LYMPHOCYTE_HOMING_ON_TUMOR_DN	0.24322978666496592			
REACTOME_PTK6_PROMOTES_HIF1A_STABILIZATION	0.2432259785622624			
GSE15139_GMCSF_TREATED_VS_UNTREATED_NEUTROPHILS_UP	0.24322289439001998			
GO_REGULATION_OF_SODIUM_ION_TRANSPORT	0.24321878967563829			
GSE16451_CTRL_VS_WEST_EQUINE_ENC_VIRUS_MATURE_NEURON_CELL_LINE_UP	0.24315838174470328			
PID_P38_MK2_PATHWAY	0.24315653812205468			
GO_LOW_DENSITY_LIPOPROTEIN_RECEPTOR_PARTICLE_METABOLIC_PROCESS	0.24314758239923037			
GO_REGULATION_OF_STRESS_GRANULE_ASSEMBLY	0.243131929772101			
GSE17721_POLYIC_VS_GARDIQUIMOD_6H_BMDC_UP	0.24311415507903023			
GSE1432_CTRL_VS_IFNG_24H_MICROGLIA_UP	0.24310021387555428			
GO_CELLULAR_RESPONSE_TO_PH	0.24308074931476864			
MIR4727_3P	0.24305248311544694			
IPA_AR_UP	0.24304420685354516			
BEIER_GLIOMA_STEM_CELL_UP	0.24301744577530593			
GO_FIBROBLAST_GROWTH_FACTOR_BINDING	0.24299710809990913			
REACTOME_METHIONINE_SALVAGE_PATHWAY	0.2429851708750214			
GO_CRISTAE_FORMATION	0.24298008544146743			
GSE18148_CBFB_KO_VS_WT_TREG_UP	0.24297155706572018			
SUBTIL_PROGESTIN_TARGETS	0.24296759400880444			
GO_POSITIVE_REGULATION_OF_CHOLESTEROL_EFFLUX	0.2429612333156596			
GO_RESPONSE_TO_INSECTICIDE	0.24296014244719938			
MIKKELSEN_IPS_WITH_HCP_H3K27ME3	0.24295862497326634			
GO_CHOLINERGIC_SYNAPSE	0.2429496634203499			
GO_REPLICATION_FORK	0.24294883853538055			
MIR455_3P	0.24294761224100572			
GSE17721_CTRL_VS_CPG_6H_BMDC_UP	0.24293778720916673			
MIR6820_5P	0.24293476129542826			
GSE22886_DAY1_VS_DAY7_MONOCYTE_IN_CULTURE_DN	0.24292970930047578			
GO_OPTIC_NERVE_MORPHOGENESIS	0.24290759011714588			
GO_DOPAMINE_NEUROTRANSMITTER_RECEPTOR_ACTIVITY	0.24289820192919637			
GO_OXIDIZED_BASE_LESION_DNA_N_GLYCOSYLASE_ACTIVITY	0.24289252855395194			
GO_POSITIVE_REGULATION_OF_MYOBLAST_PROLIFERATION	0.2428890135344523			
GSE9650_GP33_VS_GP276_LCMV_SPECIFIC_EXHAUSTED_CD8_TCELL_UP	0.242877400983523			
GO_DOLICHYL_DIPHOSPHATE_BIOSYNTHETIC_PROCESS	0.24287365919018525			
GSE37533_UNTREATED_VS_PIOGLIZATONE_TREATED_CD4_TCELL_FOXP3_TRASDUCED_CD4_TCELL_DN	0.24286869210624515			
MIR6785_5P	0.24283601391017018			
GSE26488_WT_VS_HDAC7_KO_DOUBLE_POSITIVE_THYMOCYTE_DN	0.2428354264933366			
GO_REGULATION_OF_MIRNA_METABOLIC_PROCESS	0.2428200921217951			
GARGALOVIC_RESPONSE_TO_OXIDIZED_PHOSPHOLIPIDS_SALMON_DN	0.24279706805012055			
GO_POSITIVE_REGULATION_OF_ORGANIC_ACID_TRANSPORT	0.2427864075770406			
ZNF391_TARGET_GENES	0.24278366071821256			
GSE2197_IMMUNOSUPPRESSIVE_DNA_VS_UNTREATEDIN_DC_DN	0.24278352717272192			
GO_ESTABLISHMENT_OF_ENDOTHELIAL_BARRIER	0.24277299766701893			
GO_ARMADILLO_REPEAT_DOMAIN_BINDING	0.24277298484603677			
GO_POSITIVE_REGULATION_OF_LIPID_TRANSPORT	0.2427663156615576			
REACTOME_PTEN_REGULATION	0.24275766786887804			
GO_REGULATION_OF_OSTEOBLAST_DIFFERENTIATION	0.2427363177456915			
GO_DENDRITE_MORPHOGENESIS	0.24272608903396026			
DAZARD_UV_RESPONSE_CLUSTER_G4	0.24272305300614544			
MURAKAMI_UV_RESPONSE_24HR	0.24271385541904866			
REACTOME_BH3_ONLY_PROTEINS_ASSOCIATE_WITH_AND_INACTIVATE_ANTI_APOPTOTIC_BCL_2_MEMBERS	0.24270299402396991			
CC2D1A_TARGET_GENES	0.24268387011241324			
GO_POSITIVE_REGULATION_OF_MICROTUBULE_BINDING	0.24265668552955136			
GO_TESTOSTERONE_DEHYDROGENASE_NAD_P_ACTIVITY	0.24265568769130072			
GSE37532_WT_VS_PPARG_KO_VISCERAL_ADIPOSE_TISSUE_TCONV_DN	0.24263161521244267			
TCGATGG_MIR213	0.2426099735793871			
GO_RECEPTOR_INHIBITOR_ACTIVITY	0.24252519150551557			
GO_BRISC_COMPLEX	0.2425163788357108			
GO_CHROMATIN_ORGANIZATION_INVOLVED_IN_REGULATION_OF_TRANSCRIPTION	0.24249276853219764			
IPA_ZNF43_UP	0.24249255986366533			
IPA_HEY2_UP	0.24249104843376187			
GO_REGULATION_OF_STEROL_TRANSPORT	0.2424808740513529			
GO_PROTEIN_LOCALIZATION_TO_PHAGOPHORE_ASSEMBLY_SITE	0.24247630156701122			
GO_RECEPTOR_SERINE_THREONINE_KINASE_BINDING	0.24247584347377935			
GSE22025_UNTREATED_VS_TGFB1_AND_PROGESTERONE_TREATED_CD4_TCELL_UP	0.24247420496702457			
TCGA_GLIOBLASTOMA_COPY_NUMBER_UP	0.24245737118244648			
GSE15330_LYMPHOID_MULTIPOTENT_VS_GRANULOCYTE_MONOCYTE_PROGENITOR_UP	0.24243643588248212			
GSE22432_MULTIPOTENT_PROGENITOR_VS_CDC_UP	0.2424246409646779			
GO_POSITIVE_REGULATION_OF_MITOTIC_NUCLEAR_DIVISION	0.24238422230286263			
GO_RETINAL_BLOOD_VESSEL_MORPHOGENESIS	0.24235128085709623			
GSE21033_CTRL_VS_POLYIC_STIM_DC_24H_DN	0.24235057142486227			
GO_SNRNA_PROCESSING	0.2423443353702624			
CTNNB1_TARGET_GENES	0.24233529767156736			
REACTOME_BETA_OXIDATION_OF_HEXANOYL_COA_TO_BUTANOYL_COA	0.24232307468290365			
REACTOME_FGFR2B_LIGAND_BINDING_AND_ACTIVATION	0.24229832887974342			
RAO_BOUND_BY_SALL4_ISOFORM_A	0.24229207463048488			
GO_HYDROGEN_PEROXIDE_CATABOLIC_PROCESS	0.24228820906243664			
GO_POSITIVE_REGULATION_OF_DNA_BIOSYNTHETIC_PROCESS	0.24228134592258843			
FARDIN_HYPOXIA_9	0.24227174152524983			
GO_KIDNEY_MESENCHYME_DEVELOPMENT	0.24226211122711833			
GO_REGULATION_OF_PROTEIN_ACETYLATION	0.2422613706886435			
MIR575	0.24225879243374882			
GO_PRESYNAPTIC_CYTOSKELETON	0.24224204094588284			
IPA_FOSL1_DN	0.24222492653751218			
WEBER_METHYLATED_LCP_IN_SPERM_DN	0.24221231333373167			
PIGF_UP.V1_DN	0.24220910881294738			
REACTOME_DARPP_32_EVENTS	0.2422062669857208			
MIR298	0.2421997844424433			
GO_SOLUTE_SODIUM_SYMPORTER_ACTIVITY	0.24218192607855435			
GO_HAIR_FOLLICLE_MATURATION	0.24217471686543005			
GO_PENTOSE_CATABOLIC_PROCESS	0.24216504198242575			
MIR10524_5P	0.24215600796149378			
GO_LIGAND_GATED_ION_CHANNEL_ACTIVITY	0.24214831559616826			
chr14q21	0.24213908323741506			
GO_NEUROTRANSMITTER_RECEPTOR_COMPLEX	0.24213436724845147			
STANHILL_HRAS_TRANSFROMATION_UP	0.242120753833468			
GO_CHOLINE_METABOLIC_PROCESS	0.24210794464540408			
GUO_HEX_TARGETS_UP	0.24210463772609103			
MIR1285_3P	0.24208108285962723			
GO_PROTEIN_PHOSPHATASE_2A_BINDING	0.2420785107469909			
GO_NUCLEOSOME_POSITIONING	0.24206974520526464			
IPA_TFAP2A_DN	0.24206713169726196			
GO_RESPONSE_TO_RADIATION	0.24205220823977908			
GO_REGULATION_OF_ENDOPLASMIC_RETICULUM_STRESS_INDUCED_INTRINSIC_APOPTOTIC_SIGNALING_PATHWAY	0.24204609022349563			
MIR4746_5P	0.24204308392797952			
SATO_SILENCED_BY_METHYLATION_IN_PANCREATIC_CANCER_2	0.24203947208630025			
GSE22601_DOUBLE_NEGATIVE_VS_CD8_SINGLE_POSITIVE_THYMOCYTE_DN	0.24199170594943906			
GO_PROTEIN_LOCALIZATION_TO_BASOLATERAL_PLASMA_MEMBRANE	0.24196764053863315			
GO_SMOOTH_MUSCLE_CELL_APOPTOTIC_PROCESS	0.24190816296106415			
GSE25677_R848_VS_MPL_AND_R848_STIM_BCELL_UP	0.2419019507970657			
GO_TRANSCRIPTION_PREINITIATION_COMPLEX_ASSEMBLY	0.24188974122086856			
GO_TRANSCRIPTION_FACTOR_TFIIIB_COMPLEX	0.24188818751768537			
TCATCTC_MIR143	0.24188285008392507			
GO_REGULATION_OF_SKELETAL_MUSCLE_TISSUE_GROWTH	0.24187025559846523			
AACYNNNNTTCCS_UNKNOWN	0.2418574815533044			
GSE6259_33D1_POS_DC_VS_BCELL_UP	0.24185575135457732			
GSE15750_WT_VS_TRAF6KO_DAY6_EFF_CD8_TCELL_DN	0.24185357104294028			
GO_SOMATODENDRITIC_COMPARTMENT	0.24184389027391381			
GO_NEGATIVE_REGULATION_OF_LIPID_METABOLIC_PROCESS	0.24182036806006316			
GSE11961_MEMORY_BCELL_DAY40_VS_GERMINAL_CENTER_BCELL_DAY40_UP	0.24179528014355528			
REACTOME_NOTCH3_INTRACELLULAR_DOMAIN_REGULATES_TRANSCRIPTION	0.24179332201055867			
GO_PYRUVATE_FAMILY_AMINO_ACID_METABOLIC_PROCESS	0.24177086720765267			
SU_PLACENTA	0.24175585461491406			
GO_PROTEIN_CARBOXYL_O_METHYLTRANSFERASE_ACTIVITY	0.2417538693059002			
WEBER_METHYLATED_HCP_IN_FIBROBLAST_DN	0.24174189173907265			
GO_RESPONSE_TO_NITROSATIVE_STRESS	0.2417405826004682			
GO_RETROGRADE_TRANSPORT_ENDOSOME_TO_PLASMA_MEMBRANE	0.2417381250274451			
GO_OXIDOREDUCTASE_ACTIVITY_OXIDIZING_METAL_IONS_OXYGEN_AS_ACCEPTOR	0.2417330288151384			
GO_ORNITHINE_TRANSPORT	0.24173151673949497			
REACTOME_N_GLYCAN_ANTENNAE_ELONGATION_IN_THE_MEDIAL_TRANS_GOLGI	0.24172457669741304			
GO_LENS_FIBER_CELL_MORPHOGENESIS	0.24172176450638092			
GO_NEGATIVE_REGULATION_OF_LIPID_BIOSYNTHETIC_PROCESS	0.241718068557891			
GSE360_CTRL_VS_L_MAJOR_MAC_DN	0.24171266247062848			
GO_BENZENE_CONTAINING_COMPOUND_METABOLIC_PROCESS	0.24170265669004223			
GO_CAMP_DEPENDENT_PROTEIN_KINASE_REGULATOR_ACTIVITY	0.24169530118370397			
GSE22501_PERIPHERAL_BLOOD_VS_CORD_BLOOD_TREG_UP	0.24167245508784782			
ZHOU_PANCREATIC_EXOCRINE_PROGENITOR	0.241657392986583			
GO_POSITIVE_REGULATION_OF_BONE_RESORPTION	0.24162127221551835			
KIM_ALL_DISORDERS_OLIGODENDROCYTE_NUMBER_CORR_UP	0.24159843577261064			
GO_CELLULAR_AMIDE_METABOLIC_PROCESS	0.24158823244815378			
GO_NEGATIVE_REGULATION_OF_VASCULAR_SMOOTH_MUSCLE_CELL_DIFFERENTIATION	0.241585031695758			
AAAYWAACM_HFH4_01	0.2415844045185141			
GO_REGULATION_OF_CELLULAR_RESPONSE_TO_HYPOXIA	0.2415727219494282			
GO_REGULATION_OF_KIDNEY_DEVELOPMENT	0.24156505724827493			
CTCAGGG_MIR125B_MIR125A	0.24154724751026882			
GO_ALPHA_DNA_POLYMERASE_PRIMASE_COMPLEX	0.24154522048067992			
GO_MANGANESE_ION_TRANSMEMBRANE_TRANSPORT	0.24152289681530792			
GO_MANGANESE_ION_TRANSMEMBRANE_TRANSPORTER_ACTIVITY	0.24152289681530792			
BILD_SRC_ONCOGENIC_SIGNATURE	0.24151649826866906			
GO_NUCLEOTIDE_EXCISION_REPAIR_DNA_INCISION	0.24151241701449458			
GSE26495_NAIVE_VS_PD1LOW_CD8_TCELL_UP	0.24149585598636372			
GO_CELL_BODY_MEMBRANE	0.24147412984024932			
REACTOME_BMAL1_CLOCK_NPAS2_ACTIVATES_CIRCADIAN_GENE_EXPRESSION	0.24146341199726667			
MIR670_5P	0.24145946684446845			
GO_COMPARTMENT_PATTERN_SPECIFICATION	0.24145127580934728			
MIR3613_5P	0.24144099156119184			
GO_FUNGIFORM_PAPILLA_DEVELOPMENT	0.24143854435498455			
GSE9601_UNTREATED_VS_NFKB_INHIBITOR_TREATED_HCMV_INF_MONOCYTE_UP	0.2414331293076558			
ZNF322_TARGET_GENES	0.24142999996061396			
IRITANI_MAD1_TARGETS_DN	0.24142419676526838			
GSE13493_DP_VS_CD8POS_THYMOCYTE_DN	0.2414172165826443			
GO_KETONE_BODY_METABOLIC_PROCESS	0.24141430001356373			
REACTOME_ASSOCIATION_OF_TRIC_CCT_WITH_TARGET_PROTEINS_DURING_BIOSYNTHESIS	0.2414116481563525			
REACTOME_LECTIN_PATHWAY_OF_COMPLEMENT_ACTIVATION	0.24140633210151907			
GO_NEGATIVE_REGULATION_OF_SYNAPTIC_TRANSMISSION_GLUTAMATERGIC	0.24139616488078144			
GO_SEQUENCE_SPECIFIC_SINGLE_STRANDED_DNA_BINDING	0.24139552723138652			
GO_MUSCLE_CELL_APOPTOTIC_PROCESS	0.24138348043282445			
SCHAVOLT_TARGETS_OF_TP53_AND_TP63	0.24137491254517865			
GO_GOLGI_TRANSPORT_COMPLEX	0.24137465507303166			
GO_NEURON_DIFFERENTIATION	0.24136645350745156			
GO_CELL_PROLIFERATION_INVOLVED_IN_METANEPHROS_DEVELOPMENT	0.2413627806175944			
BYSTRYKH_HEMATOPOIESIS_STEM_CELL_IL3RA	0.24135430986533613			
IPA_ING1_UP	0.2413433935334005			
GO_NUCLEOSIDE_PHOSPHATE_BIOSYNTHETIC_PROCESS	0.24133283630744062			
GO_MITOCHONDRIAL_TRANSPORT	0.24132735083004725			
BOYAULT_LIVER_CANCER_SUBCLASS_G3_UP	0.2413261070567815			
GSE14308_TH1_VS_NATURAL_TREG_UP	0.24129236062386486			
GSE360_L_DONOVANI_VS_L_MAJOR_DC_DN	0.24126664893376928			
GO_NEGATIVE_REGULATION_OF_LIPID_TRANSPORT	0.24126375149633025			
GSE10147_IL3_VS_IL3_AND_HIVP17_STIM_PDC_UP	0.24126199892583247			
REACTOME_MECP2_REGULATES_TRANSCRIPTION_OF_NEURONAL_LIGANDS	0.24125195741112715			
GO_NEGATIVE_REGULATION_OF_CYTOLYSIS	0.2412426464031489			
GO_REGULATION_OF_NEUROMUSCULAR_JUNCTION_DEVELOPMENT	0.24124082796201665			
GO_MODULATION_OF_MOLECULAR_FUNCTION_IN_OTHER_ORGANISM	0.24123695298751324			
REACTOME_SNRNP_ASSEMBLY	0.24121811144897096			
GO_RESPONSE_TO_ANTICOAGULANT	0.24121345178529782			
GO_SEX_CHROMATIN	0.2412077635670947			
GO_SNRNA_MODIFICATION	0.24120220253375468			
GSE4142_NAIVE_BCELL_VS_PLASMA_CELL_DN	0.24119202038398016			
GO_CELLULAR_RESPONSE_TO_HEPARIN	0.24117496664912771			
IPA_MECP2_UP	0.24116918257451006			
IPA_ONECUT1_DN	0.241145417022042			
GO_CELL_FATE_COMMITMENT	0.2411392152323297			
GSE19772_CTRL_VS_HCMV_INF_MONOCYTES_AND_PI3K_INHIBITION_DN	0.2411300274264295			
GO_MICROTUBULE_BASED_PROCESS	0.24111031559585014			
GSE360_CTRL_VS_B_MALAYI_HIGH_DOSE_DC_UP	0.241109626867111			
GO_HMG_BOX_DOMAIN_BINDING	0.241104319565172			
RBM15_TARGET_GENES	0.24110002212481454			
REACTOME_POLYMERASE_SWITCHING_ON_THE_C_STRAND_OF_THE_TELOMERE	0.24109871900376045			
GSE27786_ERYTHROBLAST_VS_NEUTROPHIL_DN	0.24109542802880113			
GO_CELLULAR_ALCOHOL_METABOLIC_PROCESS	0.24108796322697698			
GO_NUCLEAR_TRANSCRIPTION_FACTOR_COMPLEX	0.24107736408936956			
GSE5589_WT_VS_IL6_KO_LPS_AND_IL10_STIM_MACROPHAGE_180MIN_UP	0.24107674258367068			
GO_SELENOCYSTEINE_INSERTION_SEQUENCE_BINDING	0.24106549226792437			
chr9q32	0.241050178829287			
GO_TRANSCRIPTION_INITIATION_FROM_RNA_POLYMERASE_II_PROMOTER	0.24103581882213948			
GO_MULTICELLULAR_ORGANISM_AGING	0.24103578912139406			
GO_CELLULAR_DETOXIFICATION	0.24103433294017695			
GO_EMBRYONIC_APPENDAGE_MORPHOGENESIS	0.2410217625460357			
MIR1282	0.24102112099297252			
chr4q33	0.241013760943845			
VERHAAK_GLIOBLASTOMA_CLASSICAL	0.241003301551554			
MIR8065	0.24099949170822627			
ROVERSI_GLIOMA_COPY_NUMBER_UP	0.240985692794096			
GO_TRNA_AMINOACYLATION_FOR_MITOCHONDRIAL_PROTEIN_TRANSLATION	0.24098461763707144			
GO_GLYCINE_TRANSPORT	0.24097792034153004			
GSE3203_HEALTHY_VS_INFLUENZA_INFECTED_LN_BCELL_DN	0.2409777500587455			
REACTOME_ACTIVATION_OF_TRKA_RECEPTORS	0.24097056898242916			
REACTOME_SLC_MEDIATED_TRANSMEMBRANE_TRANSPORT	0.24096743610996482			
EVI1_04	0.24096370909342432			
MIR3913_5P	0.24094835432397985			
chr2p24	0.24094720366356853			
IPA_HOXA10_DN	0.24094700367352542			
GO_PROTEIN_HETEROTETRAMERIZATION	0.2409389883531195			
GO_PLASMA_MEMBRANE_PHOSPHOLIPID_SCRAMBLING	0.24093637674248267			
GO_AMIDE_TRANSMEMBRANE_TRANSPORTER_ACTIVITY	0.24093496242563747			
NIKOLSKY_BREAST_CANCER_5P15_AMPLICON	0.24093226467434792			
GO_ENERGY_DERIVATION_BY_OXIDATION_OF_ORGANIC_COMPOUNDS	0.24092281634310547			
OCT1_04	0.24092033333284116			
MIR6130	0.24087881392802482			
GO_NEGATIVE_REGULATION_OF_CATECHOLAMINE_SECRETION	0.24086863671854375			
GO_SOMATOSTATIN_RECEPTOR_ACTIVITY	0.2408638483002844			
GO_SOMATOSTATIN_RECEPTOR_SIGNALING_PATHWAY	0.2408638483002844			
MIR6857_5P	0.24085767688732326			
GO_NCRNA_EXPORT_FROM_NUCLEUS	0.24085738805896245			
TOMLINS_METASTASIS_UP	0.24085569986462152			
MALONEY_RESPONSE_TO_17AAG_UP	0.24082433767060393			
GO_TRANSFORMING_GROWTH_FACTOR_BETA_ACTIVATION	0.24080380538104595			
IPA_ZNF33A_DN	0.2407895080010785			
IPA_MXD1_UP	0.2407893863661698			
GO_EMBRYONIC_CAMERA_TYPE_EYE_DEVELOPMENT	0.24078792397305468			
GO_INSULIN_LIKE_GROWTH_FACTOR_RECEPTOR_SIGNALING_PATHWAY	0.2407447378673377			
GO_PROTEIN_TETRAMERIZATION	0.2407383750009337			
IPA_FOXL2_DN	0.24073745766535556			
GO_PROSTATIC_BUD_FORMATION	0.2407314517278827			
GO_REGULATION_OF_GONAD_DEVELOPMENT	0.24072574499897567			
GO_COLLECTING_DUCT_DEVELOPMENT	0.24071510383686875			
GO_NUCLEAR_TRANSCRIBED_MRNA_CATABOLIC_PROCESS_DEADENYLATION_DEPENDENT_DECAY	0.2407085706553517			
GO_PHOSPHOLIPID_TRANSPORT	0.24070673038798004			
GO_DAMAGED_DNA_BINDING	0.24070026569091738			
GSE9601_UNTREATED_VS_PI3K_INHIBITOR_TREATED_HCMV_INF_MONOCYTE_DN	0.24069710548497505			
chr7q11	0.24069408788094138			
GSE39864_WT_VS_GATA3_KO_TREG_DN	0.24067979232136286			
GSE11961_MARGINAL_ZONE_BCELL_VS_GERMINAL_CENTER_BCELL_DAY40_DN	0.24066030752968057			
GO_AP_TYPE_MEMBRANE_COAT_ADAPTOR_COMPLEX	0.24065262886450134			
REACTOME_ZINC_INFLUX_INTO_CELLS_BY_THE_SLC39_GENE_FAMILY	0.24064838123362645			
GO_VERY_LONG_CHAIN_FATTY_ACID_METABOLIC_PROCESS	0.24064167857589988			
GO_ANAGEN	0.24064008872554657			
IWANAGA_CARCINOGENESIS_BY_KRAS_DN	0.24061952071848106			
GO_REGULATORY_REGION_NUCLEIC_ACID_BINDING	0.24061727194244745			
ZC3H11A_TARGET_GENES	0.24059943726286417			
BOGNI_TREATMENT_RELATED_MYELOID_LEUKEMIA_DN	0.24058900828954294			
MIR296_3P	0.24057358025054132			
GSE36891_UNSTIM_VS_PAM_TLR2_STIM_PERITONEAL_MACROPHAGE_DN	0.24056804018573594			
REACTOME_NEGATIVE_EPIGENETIC_REGULATION_OF_RRNA_EXPRESSION	0.2405518038668307			
GO_NEUROMUSCULAR_PROCESS_CONTROLLING_POSTURE	0.24050928667162388			
GSE27786_LIN_NEG_VS_NKTCELL_UP	0.24050379797271806			
GO_POSITIVE_REGULATION_OF_RNA_METABOLIC_PROCESS	0.2404944633327304			
GO_REGULATION_OF_NUCLEOCYTOPLASMIC_TRANSPORT	0.24049179758453024			
GSE4142_GC_BCELL_VS_MEMORY_BCELL_DN	0.2404733913667307			
GO_GAMMA_AMINOBUTYRIC_ACID_TRANSPORT	0.2404256603120135			
GO_PROTON_TRANSPORTING_ATP_SYNTHASE_COMPLEX	0.24041345081571874			
LXR_DR4_Q3	0.24040501024310232			
BROWNE_HCMV_INFECTION_2HR_UP	0.24038538571876547			
GO_POSITIVE_REGULATION_OF_NECROTIC_CELL_DEATH	0.2403780208441635			
GO_PROTEIN_COFACTOR_LINKAGE	0.2403705526487379			
GSE27786_NKTCELL_VS_ERYTHROBLAST_DN	0.24034693287673398			
IPA_RFX3_UP	0.24033651322533675			
ZNF491_TARGET_GENES	0.240330992067597			
GO_EMBRYONIC_ORGAN_DEVELOPMENT	0.24030833307586363			
GO_POSITIVE_REGULATION_OF_GLYCOGEN_STARCH_SYNTHASE_ACTIVITY	0.24029181965278815			
MIR371A_3P	0.24028734456507045			
GATA1_05	0.24027618138145826			
GO_ALPHA_AMINO_ACID_METABOLIC_PROCESS	0.2402692845249969			
IPA_TFDP1_DN	0.24025753378907994			
IPA_UBE2B_UP	0.24025753378907994			
GSE31082_DN_VS_DP_THYMOCYTE_UP	0.2402569091388945			
GO_COVALENT_CHROMATIN_MODIFICATION	0.2402528071908897			
MIR4510	0.24025104902266906			
GO_KIDNEY_EPITHELIUM_DEVELOPMENT	0.2402510247185266			
GO_REGULATION_OF_SIGNAL_TRANSDUCTION_BY_P53_CLASS_MEDIATOR	0.24024640149183818			
PAX6_TARGET_GENES	0.24024397801824252			
GO_PYRUVATE_BIOSYNTHETIC_PROCESS	0.24023125854951854			
GO_NEGATIVE_REGULATION_OF_GLUCOCORTICOID_RECEPTOR_SIGNALING_PATHWAY	0.24021778056244147			
GO_MOTILE_CILIUM	0.2402054194544986			
TESAR_ALK_TARGETS_HUMAN_ES_5D_DN	0.24019729933849224			
REACTOME_HIGHLY_CALCIUM_PERMEABLE_POSTSYNAPTIC_NICOTINIC_ACETYLCHOLINE_RECEPTORS	0.2401916304761701			
GO_CELLULAR_RESPONSE_TO_STEROL	0.24019142230539078			
REACTOME_DOWNSTREAM_SIGNALING_OF_ACTIVATED_FGFR4	0.24018166660993073			
GO_ION_TRANSMEMBRANE_TRANSPORTER_ACTIVITY	0.2401658980970638			
REACTOME_WNT_MEDIATED_ACTIVATION_OF_DVL	0.2401567960983902			
GO_ALCOHOL_BINDING	0.2401464156228671			
WILCOX_RESPONSE_TO_PROGESTERONE_UP	0.2401432015349938			
GO_INSULIN_RECEPTOR_BINDING	0.24014071809671125			
IPA_FOXO3_UP	0.24014027969854815			
GO_POSITIVE_REGULATION_OF_MUSCLE_CONTRACTION	0.24013817160306763			
GSE1740_UNSTIM_VS_IFNA_STIMULATED_MCSF_IFNG_DERIVED_MACROPHAGE_DN	0.24011545020737685			
MIR3921	0.2400873319654952			
GO_BUNDLE_OF_HIS_CELL_TO_PURKINJE_MYOCYTE_SIGNALING	0.2400805402305907			
GSE29164_UNTREATED_VS_CD8_TCELL_AND_IL12_TREATED_MELANOMA_DAY3_DN	0.24005868432486804			
GO_HISTONE_METHYLTRANSFERASE_BINDING	0.2400569331225711			
GROSS_HYPOXIA_VIA_HIF1A_UP	0.24004772786856043			
GO_VITAMIN_TRANSMEMBRANE_TRANSPORT	0.24000145675547999			
GO_SPHINGOLIPID_TRANSPORTER_ACTIVITY	0.23999453132603632			
GO_INTRACILIARY_TRANSPORT_INVOLVED_IN_CILIUM_ASSEMBLY	0.23998990205163934			
GO_CYTOPLASMIC_STRESS_GRANULE	0.23997737051983267			
GO_STEROID_HORMONE_BIOSYNTHETIC_PROCESS	0.23997423363613193			
GO_REGULATION_OF_ANION_TRANSPORT	0.23997087403334116			
GSE27859_MACROPHAGE_VS_DC_DN	0.23996100154400687			
DARWICHE_SKIN_TUMOR_PROMOTER_UP	0.2399601785242184			
GO_VIRAL_TRANSLATION	0.23995701346466797			
GO_NEGATIVE_REGULATION_OF_INTERFERON_GAMMA_SECRETION	0.23995202129214308			
GO_NEGATIVE_REGULATION_OF_GLYCOGEN_METABOLIC_PROCESS	0.2399462828294951			
GO_HORMONE_TRANSPORT	0.2399412997051452			
MIR7974	0.23993892945353607			
GO_RNA_POLYMERASE_BINDING	0.23993306765176775			
IPA_NKX2-2_UP	0.23991116091140066			
GO_MITOCHONDRIAL_PROTEIN_PROCESSING	0.2398928196362378			
GO_NEGATIVE_REGULATION_OF_ISOTYPE_SWITCHING	0.23988517653018895			
GO_DE_NOVO_NAD_BIOSYNTHETIC_PROCESS_FROM_TRYPTOPHAN	0.23988326390680578			
GO_EMBRYONIC_CAMERA_TYPE_EYE_MORPHOGENESIS	0.23987822502625494			
GO_NEGATIVE_REGULATION_OF_TRANSLATIONAL_INITIATION	0.23986157420027387			
GO_LACTATION	0.23985167813902084			
CAVIN1_TARGET_GENES	0.23985150867746124			
GO_CATECHOLAMINE_CATABOLIC_PROCESS	0.23985078989045105			
GO_NEGATIVE_REGULATION_OF_VASCULAR_ENDOTHELIAL_GROWTH_FACTOR_RECEPTOR_SIGNALING_PATHWAY	0.2398486316108913			
GO_NEUROLIGIN_FAMILY_PROTEIN_BINDING	0.23982527471974915			
REPIN1_TARGET_GENES	0.2398177134502465			
MIR10392_3P	0.23981249623431578			
GO_MACROMOLECULE_METHYLATION	0.23981095829922203			
BIOCARTA_ETC_PATHWAY	0.2397915759105396			
GSE27786_LSK_VS_NEUTROPHIL_UP	0.23978588304812348			
MIR1914_3P	0.2397706588600793			
GO_INTRINSIC_COMPONENT_OF_MITOCHONDRIAL_MEMBRANE	0.2397674558458437			
GSE37301_LYMPHOID_PRIMED_MPP_VS_PRO_BCELL_DN	0.239760546461296			
RICKMAN_HEAD_AND_NECK_CANCER_F	0.2397413544379892			
REACTOME_NEGATIVE_REGULATION_OF_TCF_DEPENDENT_SIGNALING_BY_WNT_LIGAND_ANTAGONISTS	0.2397279302412205			
GO_PROTEIN_NITROSYLATION	0.2396966166095739			
GO_HORMONE_MEDIATED_APOPTOTIC_SIGNALING_PATHWAY	0.23969211763937448			
REACTOME_NGF_INDEPENDANT_TRKA_ACTIVATION	0.2396903817622173			
GO_ALCOHOL_DEHYDROGENASE_NAD_P_PLUS_ACTIVITY	0.2396850744951698			
HOFMANN_CELL_LYMPHOMA_DN	0.2396806054234418			
MIR6782_5P	0.2396781556872589			
ACTGCCT_MIR34B	0.23966510019987408			
MIR520F_3P	0.23966271083551055			
GO_REGULATION_OF_ATP_METABOLIC_PROCESS	0.23965600092860445			
GO_TONGUE_DEVELOPMENT	0.23965143892884072			
GSE25123_CTRL_VS_IL4_AND_ROSIGLITAZONE_STIM_PPARG_KO_MACROPHAGE_UP	0.23964853170977946			
MIR6515_3P	0.23964553575016861			
chr5p15	0.23963790189528286			
GO_CHYLOMICRON	0.23963454509999393			
APPIERTO_RESPONSE_TO_FENRETINIDE_UP	0.23963313714707413			
GO_NEGATIVE_REGULATION_OF_MUSCLE_CELL_APOPTOTIC_PROCESS	0.23961779977570788			
GO_MULTICELLULAR_ORGANISMAL_MOVEMENT	0.2396152071996901			
IL15_UP.V1_DN	0.23960896579921803			
GO_POSITIVE_REGULATION_OF_GLYCOPROTEIN_METABOLIC_PROCESS	0.23960464336502135			
GO_RNA_IMPORT_INTO_MITOCHONDRION	0.23959680022540397			
MIR933	0.2395933788004239			
MIR4789_5P	0.2395804336347611			
GO_ATP_TRANSMEMBRANE_TRANSPORTER_ACTIVITY	0.23957915123101642			
IPA_ATF3_DN	0.23957552019860476			
GO_LOW_DENSITY_LIPOPROTEIN_PARTICLE	0.23956959777011594			
GO_TYROSINE_METABOLIC_PROCESS	0.23953719148748825			
GO_HISTONE_H3_K9_ACETYLATION	0.23951788200227603			
IPA_NR5A2_DN	0.23949811768085796			
GSE30962_PRIMARY_VS_SECONDARY_CHRONIC_LCMV_INF_CD8_TCELL_UP	0.23945820310671154			
GO_SNRNA_3_END_PROCESSING	0.23945546387400643			
GO_POSITIVE_REGULATION_OF_GASTRULATION	0.2394470248618748			
GO_REGULATION_OF_THYROID_HORMONE_MEDIATED_SIGNALING_PATHWAY	0.23939929076481986			
GO_INTEGRATOR_COMPLEX	0.23939594756065308			
GO_NUCLEAR_OUTER_MEMBRANE_ENDOPLASMIC_RETICULUM_MEMBRANE_NETWORK	0.23939293767736294			
MIR370_5P	0.23938552075015623			
GO_REGULATION_OF_PROTEIN_TARGETING_TO_MEMBRANE	0.23937337343249263			
GO_RETROGRADE_VESICLE_MEDIATED_TRANSPORT_GOLGI_TO_ENDOPLASMIC_RETICULUM	0.23935514651609738			
MIR3138	0.2393515108159626			
GO_L_GLUTAMATE_TRANSMEMBRANE_TRANSPORTER_ACTIVITY	0.2393486519560335			
GSE4590_PRE_BCELL_VS_SMALL_PRE_BCELL_UP	0.23934186154901282			
ETS2_TARGET_GENES	0.23934048401632144			
GO_MATING	0.2393153607560622			
GSE15324_ELF4_KO_VS_WT_NAIVE_CD8_TCELL_UP	0.2393023077137591			
GO_REGULATION_OF_TRANSFORMING_GROWTH_FACTOR_BETA_ACTIVATION	0.23929856086247933			
REACTOME_RUNX1_REGULATES_TRANSCRIPTION_OF_GENES_INVOLVED_IN_WNT_SIGNALING	0.2392911796015268			
GO_CEREBELLAR_CORTEX_FORMATION	0.239283285551275			
PID_RHOA_REG_PATHWAY	0.23927198659976676			
GO_POLYPEPTIDE_N_ACETYLGALACTOSAMINYLTRANSFERASE_ACTIVITY	0.23927064782813814			
LYF1_01	0.23927060331470082			
GO_NEGATIVE_REGULATION_OF_SMOOTH_MUSCLE_CONTRACTION	0.2392649751084693			
IPA_ESRRG_UP	0.23924282531336236			
GO_SENSORY_SYSTEM_DEVELOPMENT	0.23923976762592475			
MIR492	0.23922617674225416			
GO_CYTOKINETIC_PROCESS	0.2392217637196944			
GO_DEVELOPMENTAL_PROCESS_INVOLVED_IN_REPRODUCTION	0.2392084904600071			
GO_LUNG_MORPHOGENESIS	0.23919694679358894			
GO_ICOSATETRAENOIC_ACID_BINDING	0.23919045977095274			
GSE27434_WT_VS_DNMT1_KO_TREG_UP	0.2391793660641623			
MATZUK_PREOVULATORY_FOLLICLE	0.23917306228568244			
SNRNP70_TARGET_GENES	0.23916552861118637			
GO_FAT_CELL_DIFFERENTIATION	0.2391532913767317			
GO_POSITIVE_REGULATION_OF_SYNAPTIC_TRANSMISSION	0.23914654322115972			
GO_COLUMNAR_CUBOIDAL_EPITHELIAL_CELL_DEVELOPMENT	0.23914454125200243			
GSE17721_POLYIC_VS_PAM3CSK4_6H_BMDC_UP	0.2391439156671929			
MIR8073	0.23914093422481353			
GO_ANION_SODIUM_SYMPORTER_ACTIVITY	0.23913327279315344			
GO_ORGANOPHOSPHATE_ESTER_TRANSMEMBRANE_TRANSPORTER_ACTIVITY	0.23910704544959366			
ZNF7_TARGET_GENES	0.23909649592389626			
GSE15215_CD2_POS_VS_NEG_PDC_UP	0.2390848259672846			
GO_POSITIVE_REGULATION_OF_MITOTIC_CELL_CYCLE	0.23907947809886232			
DACOSTA_UV_RESPONSE_VIA_ERCC3_COMMON_UP	0.23907930411933573			
GO_REGULATION_OF_PROTEIN_LOCALIZATION_TO_NUCLEOLUS	0.23907212067510253			
GO_RNA_CAP_BINDING	0.23905972811443943			
TTANWNANTGGM_UNKNOWN	0.23905574757210504			
AFFAR_YY1_TARGETS_UP	0.23903788928516267			
GSE15659_NAIVE_CD4_TCELL_VS_ACTIVATED_TREG_DN	0.23902684465555007			
GO_SOMATIC_DIVERSIFICATION_OF_IMMUNE_RECEPTORS_VIA_SOMATIC_MUTATION	0.2390265112548825			
MIR6508_5P	0.23901791416494939			
LHX3_TARGET_GENES	0.23899342128689227			
GO_HORMONE_MEDIATED_SIGNALING_PATHWAY	0.2389831856175593			
GO_NEGATIVE_REGULATION_OF_HIPPO_SIGNALING	0.23898109104113993			
GO_CELLULAR_RESPONSE_TO_ACIDIC_PH	0.23896998164791175			
GO_INTRACELLULAR_PROTEIN_TRANSPORT	0.23896815718162193			
MIR5579_3P	0.2389540610946483			
GGATCCG_MIR127	0.23895368082711715			
GO_NEGATIVE_REGULATION_OF_TYPE_I_INTERFERON_MEDIATED_SIGNALING_PATHWAY	0.23895010414655496			
MIR6728_3P	0.23894859029564197			
GO_CATALYTIC_ACTIVITY_ACTING_ON_DNA	0.23894548753803016			
GO_NEGATIVE_REGULATION_OF_TELOMERE_MAINTENANCE	0.23894390402640298			
MIR147A	0.23893761884414616			
BIOCARTA_RACC_PATHWAY	0.23893416232868694			
GO_ETHANOL_OXIDATION	0.2389078780566425			
GO_3_5_EXODEOXYRIBONUCLEASE_ACTIVITY	0.23890008169588994			
GO_3_5_DNA_HELICASE_ACTIVITY	0.23889031549757866			
GO_RECEPTOR_LOCALIZATION_TO_SYNAPSE	0.23888434912081735			
REACTOME_LAGGING_STRAND_SYNTHESIS	0.23887247689087762			
GO_ACTIVATION_OF_JNKK_ACTIVITY	0.23886416839704058			
GO_PHOSPHATIDATE_PHOSPHATASE_ACTIVITY	0.238851780605304			
GSE45365_WT_VS_IFNAR_KO_CD11B_DC_UP	0.23884690334884112			
GO_RENAL_SYSTEM_PROCESS_INVOLVED_IN_REGULATION_OF_BLOOD_VOLUME	0.23884158954191653			
GSE36476_YOUNG_VS_OLD_DONOR_MEMORY_CD4_TCELL_40H_TSST_ACT_UP	0.23883806622396744			
GO_ESTROGEN_BIOSYNTHETIC_PROCESS	0.23881294401431938			
MIR302D_5P	0.23881011208507733			
GO_POSITIVE_REGULATION_OF_CELL_CYCLE	0.23879458779545482			
GO_CONTRACTILE_RING	0.23879155581752398			
GO_RRNA_MODIFICATION	0.2387838833363106			
GSE23925_LIGHT_ZONE_VS_NAIVE_BCELL_DN	0.23877381569017125			
PRC1_BMI_UP.V1_UP	0.23876944813330644			
FLECHNER_BIOPSY_KIDNEY_TRANSPLANT_OK_VS_DONOR_DN	0.23876100265016353			
IPA_MAFB_UP	0.23875941708527657			
GSE16385_ROSIGLITAZONE_IL4_VS_ROSIGLITAZONE_ALONE_STIM_MACROPHAGE_UP	0.23875178646856604			
SA_G1_AND_S_PHASES	0.23875055537758516			
REACTOME_DEVELOPMENTAL_BIOLOGY	0.23874367253042247			
RUAN_RESPONSE_TO_TNF_TROGLITAZONE_UP	0.23871257183615863			
HLF_01	0.23867597269500823			
GSE37533_UNTREATED_VS_PIOGLIZATONE_TREATED_CD4_TCELL_FOXP3_TRASDUCED_CD4_TCELL_UP	0.23866328361937175			
REACTOME_FGFR3_LIGAND_BINDING_AND_ACTIVATION	0.23866293203134456			
GO_REGULATION_OF_T_CIRCLE_FORMATION	0.23866242842318874			
GO_CARBOHYDRATE_DERIVATIVE_BIOSYNTHETIC_PROCESS	0.23864147332545774			
GO_PROTEIN_INSERTION_INTO_MITOCHONDRIAL_INNER_MEMBRANE	0.23863507633163308			
MIR185_3P	0.23863439965967803			
KEGG_WNT_SIGNALING_PATHWAY	0.2386341556324075			
REACTOME_RUNX3_REGULATES_YAP1_MEDIATED_TRANSCRIPTION	0.23862900733387404			
SUMO1_TARGET_GENES	0.23862582740064323			
MIR6891_5P	0.23859445618909317			
KYNG_ENVIRONMENTAL_STRESS_RESPONSE_NOT_BY_UV_IN_OLD	0.23859269909349812			
GSE17721_LPS_VS_POLYIC_1H_BMDC_DN	0.238585364292165			
ATF4_Q2	0.23856402217138564			
TURJANSKI_MAPK1_AND_MAPK2_TARGETS	0.2385619059922968			
GO_POST_ANAL_TAIL_MORPHOGENESIS	0.23856128282314015			
REACTOME_CHROMATIN_MODIFYING_ENZYMES	0.23855740640288925			
BENPORATH_SUZ12_TARGETS	0.23854615065336512			
MIR649	0.23851526151872915			
ZERBINI_RESPONSE_TO_SULINDAC_DN	0.23851311999568278			
GO_POSITIVE_REGULATION_BY_HOST_OF_VIRAL_TRANSCRIPTION	0.23851298771968824			
GO_SYMPATHETIC_GANGLION_DEVELOPMENT	0.23849896770168674			
LOPEZ_MESOTELIOMA_SURVIVAL_TIME_DN	0.23849082938599836			
chr21p12	0.23846424712216935			
SALL4_TARGET_GENES	0.23846028321215354			
chr9q22	0.23844759404789592			
FU_INTERACT_WITH_ALKBH8	0.23843130816146216			
GO_REGULATION_OF_CELLULAR_RESPONSE_TO_HEAT	0.23842457527848984			
GO_VOLUNTARY_SKELETAL_MUSCLE_CONTRACTION	0.2384158033031705			
KEGG_ENDOCYTOSIS	0.2384130672060259			
STAT5A_02	0.23840902100073072			
GO_ANIMAL_ORGAN_MATURATION	0.2384038359706679			
GO_UBIQUITIN_CONJUGATING_ENZYME_COMPLEX	0.2383938265228478			
IPA_PSIP1_DN	0.2383856109901969			
GO_NON_MOTILE_CILIUM_ASSEMBLY	0.23837288853865765			
GO_TRACHEA_FORMATION	0.23835601949692029			
SCHRAETS_MLL_TARGETS_UP	0.23833794633890112			
IPA_BACH2_UP	0.23831865457522972			
GO_POSITIVE_REGULATION_OF_KERATINOCYTE_PROLIFERATION	0.2383089519888158			
GO_GENITALIA_DEVELOPMENT	0.23829877275821681			
GSE21927_BALBC_VS_C57BL6_MONOCYTE_TUMOR_UP	0.23829692186670107			
GSE2770_UNTREATED_VS_TGFB_AND_IL12_TREATED_ACT_CD4_TCELL_2H_UP	0.23829239363112145			
IPA_MESP2_UP	0.23828960740591662			
GO_NEUROTRANSMITTER_GATED_ION_CHANNEL_CLUSTERING	0.2382779324891476			
GO_NUCLEAR_TRANSCRIPTIONAL_REPRESSOR_COMPLEX	0.23826902157102864			
GO_N_ACETYLLACTOSAMINE_SYNTHASE_ACTIVITY	0.23826224390663037			
REACTOME_MISMATCH_REPAIR	0.23826191271127978			
JAK2_DN.V1_UP	0.23825606204424415			
IPA_CRTC1_UP	0.23823548376119716			
MALONEY_RESPONSE_TO_17AAG_DN	0.23823476113723008			
GO_TRICUSPID_VALVE_DEVELOPMENT	0.2382326971088766			
GO_SODIUM_CHLORIDE_SYMPORTER_ACTIVITY	0.23822361841201492			
GO_ANCHORED_COMPONENT_OF_PLASMA_MEMBRANE	0.23821837066386511			
MIR876_3P	0.2382169663324395			
GO_INORGANIC_ION_TRANSMEMBRANE_TRANSPORT	0.2382090707649227			
GO_METAL_CLUSTER_BINDING	0.23818534779937597			
GO_MITOCHONDRIAL_RESPIRATORY_CHAIN_COMPLEX_III_ASSEMBLY	0.23813948469601795			
GO_INTRAMOLECULAR_OXIDOREDUCTASE_ACTIVITY_INTERCONVERTING_ALDOSES_AND_KETOSES	0.23813943374705646			
GO_NUCLEOSIDE_DIPHOSPHATE_METABOLIC_PROCESS	0.23812451558423353			
REACTOME_NECTIN_NECL_TRANS_HETERODIMERIZATION	0.2381160899175434			
GO_DEOXYRIBOSE_PHOSPHATE_CATABOLIC_PROCESS	0.23811453427203563			
GSE6092_CTRL_VS_BORRELIA_BIRGDOFERI_INF_ENDOTHELIAL_CELL_UP	0.238107407933501			
MIR184	0.23809413096407142			
GO_HYDROLASE_ACTIVITY_ACTING_ON_ACID_PHOSPHORUS_NITROGEN_BONDS	0.23808293653755874			
REACTOME_SIGNALING_BY_NOTCH	0.23807516744971438			
IPA_SOX2_UP	0.2380739854141726			
GO_NEGATIVE_REGULATION_OF_NUCLEOBASE_CONTAINING_COMPOUND_METABOLIC_PROCESS	0.23805705417106			
GO_HIPPO_SIGNALING	0.23801703096217836			
MIR4671_3P	0.23800165381503674			
GO_REGULATION_OF_CHONDROCYTE_DIFFERENTIATION	0.2379620463576833			
GSE4748_CTRL_VS_CYANOBACTERIUM_LPSLIKE_STIM_DC_1H_DN	0.23795707838095764			
MIR4433B_3P	0.23795414870537174			
GO_CELLULAR_RESPONSE_TO_UV_B	0.23792410113654805			
GO_ATP_BINDING_CASSETTE_ABC_TRANSPORTER_COMPLEX	0.23792312684270261			
GO_RADIAL_GLIAL_CELL_DIFFERENTIATION	0.23791328614239535			
MIR4292	0.237912424649165			
GO_ANDROSTERONE_DEHYDROGENASE_ACTIVITY	0.23785863607885385			
IPA_TFDP2_UP	0.2378528225383658			
MIR4421	0.23784763647137086			
MIR20B_3P	0.2378451779378987			
GSE14308_TH17_VS_NAIVE_CD4_TCELL_DN	0.23784371951376987			
ACCTGTTG_UNKNOWN	0.23783420451654788			
GO_NEGATIVE_REGULATION_OF_CHOLESTEROL_STORAGE	0.2378249597918533			
GGCACAT_MIR455	0.23779440581140143			
BIOCARTA_SLRP_PATHWAY	0.2377918646287864			
GO_TORC1_SIGNALING	0.2377913302086568			
GO_CELLULAR_KETONE_METABOLIC_PROCESS	0.23778823892787918			
GO_REGULATION_OF_GLIAL_CELL_APOPTOTIC_PROCESS	0.23778094237805747			
GO_PROTEIN_KINASE_A_BINDING	0.2377793971378244			
ACTWSNACTNY_UNKNOWN	0.2377729807296381			
GSE18791_CTRL_VS_NEWCASTLE_VIRUS_DC_14H_UP	0.23776987793138876			
GO_AMINOACYL_TRNA_METABOLISM_INVOLVED_IN_TRANSLATIONAL_FIDELITY	0.237760959544801			
GO_AMINOACYL_TRNA_EDITING_ACTIVITY	0.237760959544801			
GO_NEUROFILAMENT_CYTOSKELETON_ORGANIZATION	0.23776003835672538			
GO_NEGATIVE_REGULATION_OF_SERINE_TYPE_PEPTIDASE_ACTIVITY	0.23775511586124654			
MIR4778_5P	0.2377482338311051			
IPA_EMX1_UP	0.23774786905685474			
LEIN_CEREBELLUM_MARKERS	0.23774777539017297			
GSE37532_VISCERAL_ADIPOSE_TISSUE_VS_LN_DERIVED_TCONV_CD4_TCELL_UP	0.23771083246202607			
NOUSHMEHR_GBM_GERMLINE_MUTATED	0.23770713112883035			
GO_RESPONSE_TO_AMINE	0.2377055957119894			
MIR6794_5P	0.23769527563978982			
YIH_RESPONSE_TO_ARSENITE_C5	0.23764634879715335			
GO_REGULATION_OF_TRANSCRIPTION_ELONGATION_FROM_RNA_POLYMERASE_II_PROMOTER	0.23763298604590952			
IPA_MED1_UP	0.23762088307271545			
GO_HISTONE_H3_K9_METHYLATION	0.23761437858689363			
GO_NEGATIVE_REGULATION_OF_CELLULAR_PROTEIN_CATABOLIC_PROCESS	0.23761097297099038			
GO_RESPONSE_TO_LAMINAR_FLUID_SHEAR_STRESS	0.23760760553341956			
GO_ATP_DEPENDENT_PEPTIDASE_ACTIVITY	0.23760494671808327			
MIR1537_3P	0.23758478634185046			
GO_DICARBOXYLIC_ACID_TRANSPORT	0.23756758155248797			
MIR548AA_MIR548AP_3P_MIR548T_3P	0.23756556371819254			
GO_GOLGI_RIBBON_FORMATION	0.23756229489379216			
GO_DOUBLE_STRAND_BREAK_REPAIR_VIA_SINGLE_STRAND_ANNEALING	0.2375622344594298			
GO_RIBONUCLEOPROTEIN_COMPLEX_DISASSEMBLY	0.23753282786877605			
BANDRES_RESPONSE_TO_CARMUSTIN_WITHOUT_MGMT_24HR_DN	0.2375276964734893			
GO_LIPASE_ACTIVITY	0.23750855051549583			
GSE20715_0H_VS_48H_OZONE_LUNG_DN	0.2375082597756033			
MIR302B_5P	0.23749739939602035			
REACTOME_HSF1_ACTIVATION	0.2374958520675199			
GO_ATPASE_INHIBITOR_ACTIVITY	0.23748784798939696			
GO_POSITIVE_REGULATION_OF_TRANSCRIPTION_OF_NOTCH_RECEPTOR_TARGET	0.2374785906710865			
IPA_KLF9_DN	0.2374776695268533			
GO_REGULATION_OF_SISTER_CHROMATID_COHESION	0.23746250985510567			
GO_INOSITOL_TRISPHOSPHATE_KINASE_ACTIVITY	0.2374412307704596			
GO_EMBRYONIC_MORPHOGENESIS	0.23742955809146885			
GO_LIGASE_ACTIVITY_FORMING_CARBON_OXYGEN_BONDS	0.23742732242951914			
GO_MITOTIC_SPINDLE	0.23740924579115466			
REACTOME_RHO_GTPASES_ACTIVATE_CIT	0.23739965309228697			
REACTOME_FGFR2_LIGAND_BINDING_AND_ACTIVATION	0.23739883731364292			
GO_HISTONE_H3_K9_DIMETHYLATION	0.23739750784584668			
GO_ABSCISSION	0.23738992070054038			
GO_SNRNA_METABOLIC_PROCESS	0.2373841984696906			
ZHENG_IL22_SIGNALING_UP	0.2373772761265102			
GSE9006_HEALTHY_VS_TYPE_1_DIABETES_PBMC_4MONTH_POST_DX_DN	0.2373714662813313			
SUZUKI_CTCFL_TARGETS_UP	0.2373564487419805			
GO_ISWI_TYPE_COMPLEX	0.23734755836176386			
MIR6817_5P	0.23734359236919922			
MIR6127	0.23734100771240543			
IPA_ERG_DN	0.23733254798239048			
GO_POSITIVE_REGULATION_OF_TRANSMEMBRANE_RECEPTOR_PROTEIN_SERINE_THREONINE_KINASE_SIGNALING_PATHWAY	0.23733041513298966			
GO_TRANSCRIPTION_REGULATOR_ACTIVITY	0.23732364450306698			
REACTOME_SLC_TRANSPORTER_DISORDERS	0.2373222141628829			
GO_REGULATION_OF_SECONDARY_METABOLIC_PROCESS	0.2372945898067642			
GO_L_SERINE_METABOLIC_PROCESS	0.23728732187275522			
GO_WW_DOMAIN_BINDING	0.23726766694494725			
GO_ASPARTATE_FAMILY_AMINO_ACID_METABOLIC_PROCESS	0.23723433574775657			
GSE17721_0.5H_VS_24H_LPS_BMDC_UP	0.23722251029164748			
MIR3678_5P	0.23721712234940356			
MATTIOLI_MULTIPLE_MYELOMA_WITH_14Q32_TRANSLOCATIONS	0.2372145512703037			
GO_STEROL_ESTERASE_ACTIVITY	0.23720406010061088			
COIL_TARGET_GENES	0.23719822714489666			
GO_GLYCINE_TRANSMEMBRANE_TRANSPORTER_ACTIVITY	0.2371980863605863			
REACTOME_TRANSPORT_OF_SMALL_MOLECULES	0.23717759954216805			
chrXq28	0.2371768141449514			
GO_ENTRAINMENT_OF_CIRCADIAN_CLOCK_BY_PHOTOPERIOD	0.2371760856083344			
GO_ALCOHOL_DEHYDROGENASE_ACTIVITY_ZINC_DEPENDENT	0.23717398109673116			
GSE29615_CTRL_VS_LAIV_FLU_VACCINE_PBMC_UP	0.23717145632218545			
GO_DENSE_BODY	0.23716788089915927			
GSE37605_C57BL6_VS_NOD_FOXP3_FUSION_GFP_TCONV_UP	0.2371547538551929			
BIOCARTA_IGF1MTOR_PATHWAY	0.2371418737909662			
BERGER_MBD2_TARGETS	0.23713462283914533			
SCHLOSSER_MYC_AND_SERUM_RESPONSE_SYNERGY	0.23710432794127084			
KEGG_BIOSYNTHESIS_OF_UNSATURATED_FATTY_ACIDS	0.2371040016747491			
MIR3059_3P	0.2370943149926538			
GSE41867_NAIVE_VS_EFFECTOR_CD8_TCELL_UP	0.2370829911868911			
GO_POSITIVE_REGULATION_OF_MIRNA_METABOLIC_PROCESS	0.2370766106336154			
GSE40655_FOXO1_KO_VS_WT_NTREG_DN	0.2370695377847181			
GSE17721_PAM3CSK4_VS_GADIQUIMOD_4H_BMDC_UP	0.23706902587421638			
MIKKELSEN_ES_HCP_WITH_H3K27ME3	0.23706527166116034			
MIR6880_5P	0.23706505632260177			
AP4_Q6	0.23706427096438812			
GO_LBD_DOMAIN_BINDING	0.23706153985088615			
GO_REGULATION_OF_FEMALE_GONAD_DEVELOPMENT	0.23706126678338152			
IPA_RPA1_DN	0.23704694343702082			
GO_NEURAL_PLATE_ANTERIOR_POSTERIOR_REGIONALIZATION	0.23703910424175234			
ZNF664_TARGET_GENES	0.23702636591613221			
ACAGGGT_MIR10A_MIR10B	0.23702106212261548			
TESAR_ALK_TARGETS_HUMAN_ES_4D_DN	0.23701492564913093			
REACTOME_NR1H3_NR1H2_REGULATE_GENE_EXPRESSION_LINKED_TO_CHOLESTEROL_TRANSPORT_AND_EFFLUX	0.23700160000760404			
GO_EUKARYOTIC_TRANSLATION_INITIATION_FACTOR_2_COMPLEX	0.23699781477739917			
GO_PROTEIN_LOCALIZATION_TO_NUCLEUS	0.2369927994918539			
TTCYRGAA_UNKNOWN	0.2369860041968749			
GSE10240_IL17_VS_IL17_AND_IL22_STIM_PRIMARY_BRONCHIAL_EPITHELIAL_CELLS_DN	0.2369842222879701			
BOUDOUKHA_BOUND_BY_IGF2BP2	0.2369809854869351			
GO_CYTOSKELETON_OF_PRESYNAPTIC_ACTIVE_ZONE	0.23697162948173714			
BOYAULT_LIVER_CANCER_SUBCLASS_G123_DN	0.23697135412452264			
REACTOME_ATTENUATION_PHASE	0.23693867684294345			
GO_NEURAL_PLATE_REGIONALIZATION	0.23690907669044317			
GO_RNA_3_END_PROCESSING	0.23689375036296223			
REACTOME_TRNA_PROCESSING_IN_THE_NUCLEUS	0.23688019867301782			
GSE16386_IL4_VS_IL4_AND_ROSIGLITAZONE_STIM_MACROPHAGE_6H_DN	0.23684524886577493			
GO_REGULATION_OF_MITOCHONDRIAL_RNA_CATABOLIC_PROCESS	0.23683736823958765			
GSE11961_MARGINAL_ZONE_BCELL_VS_MEMORY_BCELL_DAY7_DN	0.2368362724191439			
REACTOME_TRNA_PROCESSING	0.23680279422698824			
GSE1432_CTRL_VS_IFNG_1H_MICROGLIA_UP	0.2368015531487045			
REACTOME_TRANSCRIPTIONAL_ACTIVATION_OF_MITOCHONDRIAL_BIOGENESIS	0.23679643984321322			
KEGG_PRIMARY_BILE_ACID_BIOSYNTHESIS	0.2367952173675698			
JOHANSSON_BRAIN_CANCER_EARLY_VS_LATE_UP	0.23678852711734075			
GO_NEPHRON_DEVELOPMENT	0.2367853485352505			
GSE12198_CTRL_VS_LOW_IL2_STIM_NK_CELL_DN	0.23677174583240385			
GO_TOR_COMPLEX	0.23676630970000254			
KEGG_MATURITY_ONSET_DIABETES_OF_THE_YOUNG	0.23674537758237688			
GO_INTERLEUKIN_2_SECRETION	0.2367253333211266			
GO_TRANSCRIPTION_COREGULATOR_ACTIVITY	0.23671521723455205			
GO_POSITIVE_REGULATION_OF_BLOOD_CIRCULATION	0.2367146413975523			
GO_FRUCTOSE_6_PHOSPHATE_BINDING	0.23669904344682363			
GO_UREA_TRANSMEMBRANE_TRANSPORTER_ACTIVITY	0.23669237771671603			
REACTOME_DEFECTS_IN_VITAMIN_AND_COFACTOR_METABOLISM	0.23666837401934365			
GO_TOXIN_METABOLIC_PROCESS	0.23665396160370825			
GO_INTRINSIC_APOPTOTIC_SIGNALING_PATHWAY_IN_RESPONSE_TO_DNA_DAMAGE_BY_P53_CLASS_MEDIATOR	0.23662271527990927			
MIR196A_5P_MIR196B_5P	0.23662090151369436			
MCCOLLUM_GELDANAMYCIN_RESISTANCE_DN	0.23661923864074788			
GO_POSITIVE_REGULATION_OF_CELL_CYCLE_PHASE_TRANSITION	0.23660657119450526			
GO_MRNA_METHYLATION	0.23660376302211691			
GO_BASAL_TRANSCRIPTION_MACHINERY_BINDING	0.23659898797362205			
GO_WATER_TRANSMEMBRANE_TRANSPORTER_ACTIVITY	0.2365779875561655			
IPA_CCNH_UP	0.23657746965543902			
MIR130A_5P	0.23657457247291047			
GAGCTGG_MIR337	0.2365735418719127			
GO_NEURON_PROJECTION_ORGANIZATION	0.2365590293813291			
GO_MICROTUBULE_END	0.23655152786492076			
TURASHVILI_BREAST_NORMAL_DUCTAL_VS_LOBULAR_DN	0.23654356597524365			
GO_O_ACETYLTRANSFERASE_ACTIVITY	0.23653293733344452			
MIR495_5P	0.23652398485379528			
GO_NEGATIVE_REGULATION_OF_ENDOTHELIAL_CELL_DIFFERENTIATION	0.2365135652902072			
MIR6129	0.2365075526375385			
GO_MYOBLAST_FATE_COMMITMENT	0.23650562323853402			
YAO_TEMPORAL_RESPONSE_TO_PROGESTERONE_CLUSTER_8	0.23650288346059203			
GO_RESPONSE_TO_STEROL_DEPLETION	0.2365022839027157			
MEISSNER_NPC_HCP_WITH_H3K4ME2	0.23647030052968215			
IPA_GTF2H1_DN	0.23646143633115793			
IPA_ZIC3_DN	0.23644282872916625			
GSE17721_PAM3CSK4_VS_GADIQUIMOD_2H_BMDC_UP	0.2364423640336862			
GO_NEGATIVE_REGULATION_OF_ORGAN_GROWTH	0.23643871077367792			
UEDA_PERIFERAL_CLOCK	0.23642508708394877			
MIR6883_3P	0.23641474789849098			
REACTOME_REGULATION_OF_PTEN_LOCALIZATION	0.23640116658803145			
DR3_Q4	0.23639500189894375			
GO_ORGANIC_ANION_TRANSMEMBRANE_TRANSPORTER_ACTIVITY	0.23638669141420607			
GFI1_01	0.2363787312729571			
OKAWA_NEUROBLASTOMA_1P36_31_DELETION	0.23635703052638302			
chr17q21	0.23635304329222812			
MIR4685_5P	0.2363457459260473			
GO_PULMONARY_ARTERY_MORPHOGENESIS	0.23634310319340165			
GO_UDP_GALACTOSE_BETA_N_ACETYLGLUCOSAMINE_BETA_1_3_GALACTOSYLTRANSFERASE_ACTIVITY	0.23633231231037363			
MIR4697_5P	0.23629275865326654			
GO_CARDIAC_VENTRICLE_DEVELOPMENT	0.23629188285792704			
RIZ_ERYTHROID_DIFFERENTIATION_CCNE1	0.236277529636177			
MIR6505_3P	0.2362374643800133			
GO_DISACCHARIDE_BIOSYNTHETIC_PROCESS	0.23623182405717377			
GO_RNA_POLYMERASE_II_SPECIFIC_DNA_BINDING_TRANSCRIPTION_FACTOR_BINDING	0.23622266437563066			
DARWICHE_PAPILLOMA_RISK_LOW_DN	0.23619962520742552			
GO_NEGATIVE_REGULATION_OF_DNA_RECOMBINATION	0.23619709221242804			
WEBER_METHYLATED_LCP_IN_SPERM_UP	0.23618592198363614			
GO_GAP_JUNCTION	0.23618525225587322			
JI_RESPONSE_TO_FSH_UP	0.23618093799461787			
REACTOME_RECYCLING_OF_EIF2_GDP	0.2361614179060537			
GO_NEGATIVE_REGULATION_OF_BLOOD_PRESSURE	0.23614986494256826			
GO_HISTONE_H3_K4_TRIMETHYLATION	0.2361421319988232			
STEGER_ADIPOGENESIS_UP	0.23614203785795262			
GSE14308_TH1_VS_NATURAL_TREG_DN	0.23613213600888314			
ZIM3_TARGET_GENES	0.2361311029596024			
MIR5189_5P	0.23612422599588517			
RTTTNNNYTGGM_UNKNOWN	0.2361227422866102			
GO_RE_ENTRY_INTO_MITOTIC_CELL_CYCLE	0.23611321477313174			
GSE360_L_MAJOR_VS_T_GONDII_DC_DN	0.2360966868658066			
GO_SENSORY_PERCEPTION_OF_SWEET_TASTE	0.23609133736806004			
ZNF549_TARGET_GENES	0.23609121254547066			
KEGG_FOLATE_BIOSYNTHESIS	0.23608136151578044			
GO_NEGATIVE_REGULATION_OF_PLASMA_MEMBRANE_BOUNDED_CELL_PROJECTION_ASSEMBLY	0.23607923679589696			
DR4_Q2	0.23605969086702328			
REACTOME_SPRY_REGULATION_OF_FGF_SIGNALING	0.2360403954474744			
GO_RNA_GUANINE_N7_METHYLATION	0.2360027481697519			
IPA_HOXB8_UP	0.23597087200976463			
IPA_FOXA3_UP	0.2359639083964212			
GO_REGULATION_OF_SYSTEMIC_ARTERIAL_BLOOD_PRESSURE_BY_NOREPINEPHRINE_EPINEPHRINE	0.23595865994989898			
GO_GLIAL_CELL_FATE_COMMITMENT	0.23590458221244842			
RELA_DN.V1_DN	0.23589124154709595			
MIR4296	0.23584936592498265			
CCTGCTG_MIR214	0.23584003809384982			
ZNF19_TARGET_GENES	0.23583810988728499			
GSE21670_IL6_VS_TGFB_AND_IL6_TREATED_CD4_TCELL_DN	0.23583270949120977			
IPA_HIF1AN_DN	0.2358175344889489			
SHEPARD_CRUSH_AND_BURN_MUTANT_UP	0.23581690748654363			
MIR4293	0.23581047215714623			
AC118549_1_TARGET_GENES	0.23580531733778246			
IPA_MAPK8IP1_UP	0.23579767189242906			
IPA_CDK2_DN	0.23579296716958398			
chr16p13	0.23576820886293956			
GO_SULFATE_BINDING	0.2357375605303974			
SKIL_TARGET_GENES	0.23572610618710402			
REACTOME_N_GLYCAN_ANTENNAE_ELONGATION	0.2357028490948413			
GO_FOLIC_ACID_METABOLIC_PROCESS	0.23570025551468357			
MCM2_TARGET_GENES	0.23569503461287128			
MIR7849_3P	0.23566673327963886			
BIOCARTA_BOTULIN_PATHWAY	0.23566284427462497			
GSE16385_MONOCYTE_VS_MACROPHAGE_DN	0.23565866362676463			
IPA_RBPJ_UP	0.23565516891159127			
GO_THYROID_GLAND_DEVELOPMENT	0.23564404493127794			
GSE40277_GATA1_AND_SATB1_TRANSDUCED_VS_CTRL_CD4_TCELL_DN	0.2356396377747417			
GO_RESPONSE_TO_INORGANIC_SUBSTANCE	0.2356135535694303			
GO_EXODEOXYRIBONUCLEASE_ACTIVITY	0.2356127675460935			
GO_CORE_PROMOTER_BINDING	0.23561071012296103			
GO_MITOGEN_ACTIVATED_PROTEIN_KINASE_KINASE_BINDING	0.23560652410867045			
MIR942_3P	0.23560095423237304			
REACTOME_CALNEXIN_CALRETICULIN_CYCLE	0.23556988849904958			
GO_COMPLEMENT_ACTIVATION_LECTIN_PATHWAY	0.23556114044748808			
GO_SEMAPHORIN_RECEPTOR_COMPLEX	0.23554576577660585			
GO_DNA_METHYLTRANSFERASE_ACTIVITY	0.23554107527817078			
GO_GLOMERULAR_EPITHELIAL_CELL_DIFFERENTIATION	0.23553528853532324			
IPA_HR_UP	0.23552234873009972			
GO_DNA_REPLICATION_FACTOR_C_COMPLEX	0.23551755385186657			
GO_FOREBRAIN_DORSAL_VENTRAL_PATTERN_FORMATION	0.23551150379593408			
GO_TERMINAL_BOUTON	0.2355104695209237			
GSE17974_CTRL_VS_ACT_IL4_AND_ANTI_IL12_0.5H_CD4_TCELL_UP	0.23551002329108917			
DIERICK_SEROTONIN_FUNCTION_GENES	0.23550844668060963			
GSE11961_FOLLICULAR_BCELL_VS_MARGINAL_ZONE_BCELL_DN	0.2355029078267734			
GO_REGULATION_OF_GTP_BINDING	0.23550026776976604			
GO_NEGATIVE_REGULATION_OF_CELLULAR_AMIDE_METABOLIC_PROCESS	0.23549493493795517			
VERNELL_RETINOBLASTOMA_PATHWAY_UP	0.2354822586000732			
GO_PROTEIN_DNA_COMPLEX	0.2354820172841302			
GO_POSITIVE_REGULATION_OF_AMYLOID_BETA_FORMATION	0.23547727144165595			
GO_PROTEIN_LOCALIZATION_TO_ORGANELLE	0.2354761110787817			
GO_KYNURENINE_METABOLIC_PROCESS	0.23546215633924986			
REACTOME_SYNTHESIS_OF_DOLICHYL_PHOSPHATE	0.23545954851724007			
GGGYGTGNY_UNKNOWN	0.23544610922325593			
GAUSSMANN_MLL_AF4_FUSION_TARGETS_G_UP	0.23544481326662206			
GO_FRUCTOSE_METABOLIC_PROCESS	0.23544466282422535			
REACTOME_GAP_FILLING_DNA_REPAIR_SYNTHESIS_AND_LIGATION_IN_GG_NER	0.23543374976749054			
GO_REGULATION_OF_OVARIAN_FOLLICLE_DEVELOPMENT	0.23542979398047909			
PXR_Q2	0.23540970226491625			
REACTOME_STIMULI_SENSING_CHANNELS	0.23539320832896046			
IPA_HOXC8_DN	0.2353567274714179			
GO_MITIGATION_OF_HOST_DEFENSES_BY_SYMBIONT	0.23535313760425053			
GSE46606_DAY1_VS_DAY3_CD40L_IL2_IL5_STIMULATED_IRF4_KO_BCELL_DN	0.23535104899822148			
REACTOME_MITOCHONDRIAL_PROTEIN_IMPORT	0.23534790438744796			
GSE4142_NAIVE_VS_MEMORY_BCELL_UP	0.23534331536430966			
GO_NEUROTROPHIN_TRK_RECEPTOR_BINDING	0.2353381403651761			
GO_RAGE_RECEPTOR_BINDING	0.23532920315330236			
MIR7850_5P	0.23532481114455137			
GO_REGULATION_OF_INTRINSIC_APOPTOTIC_SIGNALING_PATHWAY_BY_P53_CLASS_MEDIATOR	0.23529825688173123			
NKX62_Q2	0.23528953308160083			
GO_DNA_REPAIR_COMPLEX_ASSEMBLY	0.23526899294966264			
GO_CELL_DIFFERENTIATION_IN_HINDBRAIN	0.23526511584309742			
GO_PURINE_CONTAINING_COMPOUND_METABOLIC_PROCESS	0.23525591065312182			
GO_NEGATIVE_REGULATION_OF_SMOOTHENED_SIGNALING_PATHWAY_INVOLVED_IN_DORSAL_VENTRAL_NEURAL_TUBE_PATTERNING	0.23524666113265083			
GO_NEGATIVE_REGULATION_OF_APOPTOTIC_PROCESS_IN_BONE_MARROW_CELL	0.23522498372516723			
GO_REGULATION_OF_HISTONE_MODIFICATION	0.23521554483520296			
GO_ANTEROGRADE_AXONAL_TRANSPORT	0.23521399913104984			
GSE8921_UNSTIM_0H_VS_TLR1_2_STIM_MONOCYTE_6H_UP	0.23520591723583037			
STANELLE_E2F1_TARGETS	0.23520572943600693			
chr2q35	0.23519978787959198			
GO_MRNA_CLEAVAGE_FACTOR_COMPLEX	0.2351958286133513			
GO_SPHINGOMYELIN_CATABOLIC_PROCESS	0.2351822298083879			
GSE42088_UNINF_VS_LEISHMANIA_INF_DC_8H_DN	0.23514124385682442			
IPA_PCGF2_DN	0.23512933019615131			
GSE17721_PAM3CSK4_VS_CPG_8H_BMDC_UP	0.23511116224066808			
GO_PHENOTYPIC_SWITCHING	0.23509358019409932			
GO_REGULATION_OF_PHENOTYPIC_SWITCHING	0.23509358019409932			
IPA_CLOCK_UP	0.2350931806989054			
GSE2585_THYMIC_DC_VS_THYMIC_MACROPHAGE_UP	0.23509266957700767			
GO_POSITIVE_REGULATION_OF_CELL_CYCLE_PROCESS	0.23509133659548304			
ZNF300_TARGET_GENES	0.2350911096980244			
GSE3982_BASOPHIL_VS_CENT_MEMORY_CD4_TCELL_DN	0.2350873103501495			
GO_ESTABLISHMENT_OF_PLANAR_POLARITY_INVOLVED_IN_NEURAL_TUBE_CLOSURE	0.23508729596008954			
GSE14000_TRANSLATED_RNA_VS_MRNA_DC_UP	0.2350794770404638			
GSE26023_PHD3_KO_VS_WT_NEUTROPHIL_HYPOXIA_UP	0.23501318972877577			
GO_SIGNAL_COMPLEX_ASSEMBLY	0.23501119772806747			
GO_HORMONE_BIOSYNTHETIC_PROCESS	0.2349686835242095			
GO_REGULATION_OF_RELEASE_OF_CYTOCHROME_C_FROM_MITOCHONDRIA	0.2349525514318791			
IPA_GLI1_DN	0.2349498995788196			
GO_INTESTINAL_EPITHELIAL_STRUCTURE_MAINTENANCE	0.23494336171998917			
IPA_NR2F1_UP	0.23494222723035318			
GO_S_SHAPED_BODY_MORPHOGENESIS	0.23493547360726608			
GSE21360_NAIVE_VS_TERTIARY_MEMORY_CD8_TCELL_DN	0.23491436213602152			
AR_02	0.23491235204669286			
CLIMENT_BREAST_CANCER_COPY_NUMBER_DN	0.23488909954930895			
GO_OXYGEN_CARRIER_ACTIVITY	0.23488900884431935			
GSE37301_HEMATOPOIETIC_STEM_CELL_VS_LYMPHOID_PRIMED_MPP_UP	0.2348857313347194			
chr12q24	0.23487914328674317			
GO_ADENYLYLTRANSFERASE_ACTIVITY	0.2348634674193174			
GO_POSITIVE_REGULATION_OF_LONG_TERM_SYNAPTIC_POTENTIATION	0.23486311101279853			
GO_NEGATIVE_REGULATION_OF_GLIAL_CELL_APOPTOTIC_PROCESS	0.23482633136421685			
GO_H3_HISTONE_ACETYLTRANSFERASE_COMPLEX	0.23481605506919637			
MIR6514_3P	0.23481345300185086			
IPA_EED_DN	0.23481286049032826			
BIOCARTA_PGC1A_PATHWAY	0.23479918550998186			
GO_HISTONE_H3_K4_DEMETHYLATION_TRIMETHYL_H3_K4_SPECIFIC	0.23478939685445135			
GO_BRANCH_ELONGATION_INVOLVED_IN_URETERIC_BUD_BRANCHING	0.23478369391541937			
MOOTHA_HUMAN_MITODB_6_2002	0.23477148805891596			
MIR4716_3P	0.23476803357525636			
MIR5000_3P	0.23473365361896226			
TCOF1_TARGET_GENES	0.23473256412222995			
KAT2A_TARGET_GENES	0.2347291318070904			
GO_NUCLEOTIDE_EXCISION_REPAIR_DNA_GAP_FILLING	0.23471757646894806			
MIR636	0.23470905893792784			
GO_CATALYTIC_ACTIVITY_ACTING_ON_A_TRNA	0.2346866716957229			
GSE11367_CTRL_VS_IL17_TREATED_SMOOTH_MUSCLE_CELL_DN	0.23467252382054932			
BRUINS_UVC_RESPONSE_MIDDLE	0.2346670133910236			
BIOCARTA_PRC2_PATHWAY	0.23465527319747145			
ICHIBA_GRAFT_VERSUS_HOST_DISEASE_35D_DN	0.2346551625566109			
GO_HISTONE_CITRULLINATION	0.2346337830623285			
GO_PROTEIN_ARGININE_DEIMINASE_ACTIVITY	0.2346337830623285			
GO_POSITIVE_REGULATION_OF_ATPASE_COUPLED_CALCIUM_TRANSMEMBRANE_TRANSPORTER_ACTIVITY	0.23463273227975695			
GO_SMALL_RNA_LOADING_ONTO_RISC	0.23461264951592392			
GSE13738_RESTING_VS_TCR_ACTIVATED_CD4_TCELL_UP	0.2346032694961148			
REACTOME_GOLGI_CISTERNAE_PERICENTRIOLAR_STACK_REORGANIZATION	0.23460262617506916			
GO_REGULATION_OF_TRANSCRIPTION_INITIATION_FROM_RNA_POLYMERASE_II_PROMOTER	0.23459657029366948			
GO_MONOACYLGLYCEROL_METABOLIC_PROCESS	0.23458520699273028			
GO_PHOSPHATASE_ACTIVITY	0.23456544842586535			
GO_REGULATION_OF_CELLULAR_PROTEIN_CATABOLIC_PROCESS	0.23455090521601316			
GO_SWR1_COMPLEX	0.23454665300482683			
GO_FUCOSYLATION	0.23453895036125527			
MIR101_2_5P	0.2345208028386646			
GO_THYROID_HORMONE_GENERATION	0.2345189648124534			
PURBEY_TARGETS_OF_CTBP1_AND_SATB1_DN	0.23451576531027232			
OHM_METHYLATED_IN_ADULT_CANCERS	0.23451452961209784			
GSE5589_WT_VS_IL6_KO_LPS_STIM_MACROPHAGE_180MIN_DN	0.23451375614572784			
GO_PSEUDOPODIUM	0.23450880858711834			
GSE37534_UNTREATED_VS_ROSIGLITAZONE_TREATED_CD4_TCELL_PPARG1_AND_FOXP3_TRASDUCED_UP	0.23450566528865888			
GO_REGULATION_OF_T_CELL_DIFFERENTIATION_IN_THYMUS	0.23449169314223886			
GO_SNARE_COMPLEX	0.2344860562098263			
GSE14769_UNSTIM_VS_360MIN_LPS_BMDM_UP	0.23447967288978933			
GO_MONOAMINE_TRANSMEMBRANE_TRANSPORTER_ACTIVITY	0.23447784876766115			
GO_UDP_XYLOSYLTRANSFERASE_ACTIVITY	0.23447586245129262			
REACTOME_NA_CL_DEPENDENT_NEUROTRANSMITTER_TRANSPORTERS	0.23447456821860096			
GO_RESPONSE_TO_CORTICOSTERONE	0.23446155103804006			
REACTOME_FOXO_MEDIATED_TRANSCRIPTION_OF_OXIDATIVE_STRESS_METABOLIC_AND_NEURONAL_GENES	0.23445878590076727			
MIR4690_3P	0.23444277014008139			
GO_CELL_DIFFERENTIATION_INVOLVED_IN_PHENOTYPIC_SWITCHING	0.2344391187729317			
REACTOME_PI5P_REGULATES_TP53_ACETYLATION	0.23443720753624514			
MIR10401_5P	0.23443486573097252			
GO_RNA_5_END_PROCESSING	0.23442727224249818			
REACTOME_NOTCH_HLH_TRANSCRIPTION_PATHWAY	0.23442563479830666			
GRADE_COLON_VS_RECTAL_CANCER_DN	0.23440298708730473			
GO_C_ACYLTRANSFERASE_ACTIVITY	0.23439231722764253			
BENPORATH_NANOG_TARGETS	0.23438825771131097			
ODONNELL_TFRC_TARGETS_DN	0.23438042034355566			
GSE3920_UNTREATED_VS_IFNG_TREATED_FIBROBLAST_UP	0.23437772606396542			
GO_ENDOPLASMIC_RETICULUM_TUBULAR_NETWORK_ORGANIZATION	0.23437644775135028			
GO_HAPTOGLOBIN_BINDING	0.23437112110241407			
ZNF784_TARGET_GENES	0.2343680175753618			
IPA_CUX1_DN	0.23436725405403985			
HALLMARK_UV_RESPONSE_UP	0.23436303233310943			
GO_HULC_COMPLEX	0.2343615582398686			
GO_PEPTIDOGLYCAN_MURALYTIC_ACTIVITY	0.23435616614264718			
EN1_01	0.23432726278168775			
GO_POSITIVE_REGULATION_OF_CYTOKINE_SECRETION_INVOLVED_IN_IMMUNE_RESPONSE	0.23432399321195824			
GO_MITOCHONDRIAL_ACETYL_COA_BIOSYNTHETIC_PROCESS_FROM_PYRUVATE	0.23432358535841183			
GO_EMBRYONIC_CAMERA_TYPE_EYE_FORMATION	0.23432304023653291			
MIR612	0.23431014442685336			
GO_ISOMERASE_ACTIVITY	0.23431009419197626			
REACTOME_POLYMERASE_SWITCHING	0.23430533592421562			
GO_MAINTENANCE_OF_ORGANELLE_LOCATION	0.23429930303062144			
REACTOME_NOREPINEPHRINE_NEUROTRANSMITTER_RELEASE_CYCLE	0.23429806506041553			
GO_ARYL_HYDROCARBON_RECEPTOR_BINDING	0.234290854836988			
MIR552_5P	0.23429044507780122			
GO_DIGESTIVE_SYSTEM_DEVELOPMENT	0.23428510477026895			
GO_PEPTIDE_ALPHA_N_ACETYLTRANSFERASE_ACTIVITY	0.23428416478485561			
GO_REGULATION_OF_NUCLEOTIDE_METABOLIC_PROCESS	0.23426779972011214			
GSE37301_COMMON_LYMPHOID_PROGENITOR_VS_PRO_BCELL_UP	0.2342581749943611			
ZNF544_TARGET_GENES	0.23424855305124664			
IZADPANAH_STEM_CELL_ADIPOSE_VS_BONE_DN	0.23424784160316142			
IPA_KDM5B_DN	0.2342402253450683			
GO_AMMONIUM_TRANSMEMBRANE_TRANSPORT	0.23422107052234675			
GO_NEGATIVE_REGULATION_OF_TRIGLYCERIDE_BIOSYNTHETIC_PROCESS	0.23422069934357762			
GO_POSITIVE_REGULATION_OF_ANION_TRANSMEMBRANE_TRANSPORT	0.23421757852488934			
GSE16266_CTRL_VS_LPS_STIM_MEF_DN	0.23420314727678468			
GO_POSTSYNAPTIC_DENSITY_MEMBRANE	0.23419639796959515			
chr5p12	0.2341892001580151			
REACTOME_LIPID_PARTICLE_ORGANIZATION	0.23416859566793474			
IPA_KLF5_UP	0.23414874343073636			
GO_REGULATION_OF_MITOCHONDRION_ORGANIZATION	0.23414108476010778			
GO_TROPONIN_I_BINDING	0.23413719944163383			
GSE27786_LIN_NEG_VS_MONO_MAC_UP	0.23411723544757918			
GO_CENTROMERE_COMPLEX_ASSEMBLY	0.2341074556401044			
GO_NEGATIVE_REGULATION_OF_RNA_CATABOLIC_PROCESS	0.23409839470804544			
GSE19825_NAIVE_VS_IL2RALOW_DAY3_EFF_CD8_TCELL_UP	0.23408517862708952			
GO_HEPARAN_SULFATE_PROTEOGLYCAN_METABOLIC_PROCESS	0.23407290795993793			
REACTOME_AFLATOXIN_ACTIVATION_AND_DETOXIFICATION	0.23407265185187484			
PANGAS_TUMOR_SUPPRESSION_BY_SMAD1_AND_SMAD5_DN	0.2340721644704481			
REACTOME_TFAP2_AP_2_FAMILY_REGULATES_TRANSCRIPTION_OF_GROWTH_FACTORS_AND_THEIR_RECEPTORS	0.23406426676271652			
IPA_E2F4_DN	0.234052276564816			
GO_MITOCHONDRIAL_RNA_METABOLIC_PROCESS	0.23404753487696348			
GO_AXON_CYTOPLASM	0.23403653685141332			
HU_ANGIOGENESIS_DN	0.23403525653166024			
GO_DERLIN_1_RETROTRANSLOCATION_COMPLEX	0.2340111896154596			
REACTOME_TACHYKININ_RECEPTORS_BIND_TACHYKININS	0.23400529865029437			
FOXQ1_TARGET_GENES	0.23397393501563765			
IPA_POU5F1_DN	0.23395187346793794			
MIR373_3P	0.23394757507010955			
GO_POSITIVE_REGULATION_OF_NUCLEAR_DIVISION	0.23394402456603025			
GO_WNT_SIGNALOSOME	0.23392890053756066			
GO_CELLULAR_RESPONSE_TO_AMMONIUM_ION	0.2339152087705925			
GO_MITOCHONDRIAL_GENE_EXPRESSION	0.23390139494520365			
GO_FACE_DEVELOPMENT	0.23389893952025312			
FOXO4_02	0.23387915605870224			
GO_FUCOSE_METABOLIC_PROCESS	0.23386673968189087			
GO_REGULATION_OF_CARDIOBLAST_DIFFERENTIATION	0.23386550447442603			
GSE22886_IGA_VS_IGM_MEMORY_BCELL_UP	0.2338539305051981			
GO_L_GLUTAMATE_TRANSMEMBRANE_TRANSPORT	0.23381078537403568			
KYNG_RESPONSE_TO_H2O2_VIA_ERCC6_DN	0.23379828914825115			
GO_GOLGI_VESICLE_FUSION_TO_TARGET_MEMBRANE	0.23378973720782095			
DEN_INTERACT_WITH_LCA5	0.2337713125354263			
MIR6515_5P	0.23375581616662114			
GO_LYSINE_N_METHYLTRANSFERASE_ACTIVITY	0.23375360207650767			
GO_DEOXYRIBONUCLEASE_ACTIVITY	0.23374760827051197			
BIOCARTA_RHO_PATHWAY	0.23374317644980686			
GO_ENTRAINMENT_OF_CIRCADIAN_CLOCK	0.23373063334253383			
ELF2_TARGET_GENES	0.23372447198627416			
MIR4323	0.23371578925391975			
IPA_NR2F2_DN	0.23371289919079552			
GO_POSITIVE_REGULATION_OF_PROTEIN_TARGETING_TO_MEMBRANE	0.2337021747999593			
MIR766_5P	0.23369937811042799			
GO_EXPORT_ACROSS_PLASMA_MEMBRANE	0.23369888166310157			
HOFFMAN_CLOCK_TARGETS_DN	0.23368724585207187			
E4BP4_01	0.23367939883761452			
MIR18B_3P	0.23367033914027385			
MAGRANGEAS_MULTIPLE_MYELOMA_IGG_VS_IGA_UP	0.23366067250367548			
REACTOME_SIGNALING_BY_WNT	0.2336297459928469			
GO_COTRANSLATIONAL_PROTEIN_TARGETING_TO_MEMBRANE	0.2336294092322985			
IPA_HSF1_UP	0.23361822518211223			
GO_REGULATION_OF_TRANSCRIPTION_INVOLVED_IN_CELL_FATE_COMMITMENT	0.2335996563837015			
GO_THIOLESTER_HYDROLASE_ACTIVITY	0.23359903701308785			
chrXq25	0.2335949931931926			
GSE13738_RESTING_VS_BYSTANDER_ACTIVATED_CD4_TCELL_UP	0.23357015154894561			
KRAS.DF.V1_DN	0.23356418643216864			
BREDEMEYER_RAG_SIGNALING_VIA_ATM_NOT_VIA_NFKB_DN	0.23354774839006517			
CREB3_TARGET_GENES	0.23351603638965834			
MIR4445_5P	0.23351286110677047			
GO_TRANSLATIONAL_TERMINATION	0.23351085489417722			
GO_AXONAL_TRANSPORT_OF_MITOCHONDRION	0.23350493079401705			
MIR6769B_5P	0.23349945795145202			
MIR590_5P	0.2334781730549507			
GO_DNA_INSERTION_OR_DELETION_BINDING	0.2334687303348064			
REACTOME_REGULATION_OF_FOXO_TRANSCRIPTIONAL_ACTIVITY_BY_ACETYLATION	0.23343134877235336			
GO_NEGATIVE_REGULATION_OF_SYNAPTIC_TRANSMISSION_GABAERGIC	0.2334238008628361			
MEISSNER_BRAIN_HCP_WITH_H3_UNMETHYLATED	0.23339854949824784			
GO_HYDROXYMETHYL_FORMYL_AND_RELATED_TRANSFERASE_ACTIVITY	0.23339310970124333			
MOOTHA_PGC	0.23339203561906383			
GO_OXYGEN_TRANSPORT	0.23338255890058632			
GO_TRANSCRIPTION_REGULATOR_RECRUITING_ACTIVITY	0.23337665804654045			
MIR595	0.23337412889943673			
GO_REFLEX	0.2333548156501311			
MIR3620_3P	0.23330966382518956			
IPA_RAD21_DN	0.23330909763308988			
GO_INOSITOL_METABOLIC_PROCESS	0.23330681961965655			
GO_PHOSPHATIDYLINOSITOL_BIOSYNTHETIC_PROCESS	0.23328577866804612			
GO_VENTRICULAR_CARDIAC_MUSCLE_TISSUE_DEVELOPMENT	0.2332685834563183			
GACAATC_MIR219	0.2332682999402694			
GSE7852_TREG_VS_TCONV_THYMUS_DN	0.23326735571997773			
GSE40666_UNTREATED_VS_IFNA_STIM_CD8_TCELL_90MIN_UP	0.2332661455067185			
GO_REGULATION_OF_COLLATERAL_SPROUTING	0.2332591008896588			
GO_POSITIVE_REGULATION_OF_MITOCHONDRIAL_TRANSLATION	0.23325047848338995			
MIR4529_5P	0.23324830267495625			
GSE17721_PAM3CSK4_VS_CPG_1H_BMDC_UP	0.23324732528307165			
GSE25123_CTRL_VS_ROSIGLITAZONE_STIM_MACROPHAGE_UP	0.23324318231201577			
GO_REGULATION_OF_MELANIN_BIOSYNTHETIC_PROCESS	0.23322719949287538			
GO_POSITIVE_REGULATION_OF_MEIOTIC_CELL_CYCLE	0.23321696331742417			
GO_U12_TYPE_SPLICEOSOMAL_COMPLEX	0.23321486590903073			
GO_TUBULIN_DEACETYLATION	0.23321154088424056			
GSE21670_TGFB_VS_IL6_TREATED_STAT3_KO_CD4_TCELL_UP	0.23320846742286797			
GSE5455_EX_VIVO_VS_POST_24H_INCUBATION_MONOCYTES_FROM_TUMOR_BEARING_MOUSE_UP	0.23320665858049797			
IPA_UBE2B_DN	0.2332044349612344			
GSE29618_PRE_VS_DAY7_POST_LAIV_FLU_VACCINE_BCELL_DN	0.23319040857373918			
GSE3920_IFNB_VS_IFNG_TREATED_ENDOTHELIAL_CELL_UP	0.23316532643414647			
GO_ANTIBIOTIC_METABOLIC_PROCESS	0.23314762395788569			
GO_PURINE_NUCLEOBASE_TRANSPORT	0.2331381044412058			
GSE16385_UNTREATED_VS_12H_ROSIGLITAZONE_IL4_TREATED_MACROPHAGE_DN	0.2331317061905309			
GO_MITOCHONDRIAL_TRANSCRIPTION	0.23311076479708626			
GO_ION_GATED_CHANNEL_ACTIVITY	0.23310938307066248			
GO_RNA_DEPENDENT_ATPASE_ACTIVITY	0.23309897437798766			
MIR6085	0.23304838274350875			
MIR769_3P	0.23303322321544687			
IPA_RREB1_UP	0.23303215949548348			
GO_ODONTOGENESIS	0.2330244285713723			
GO_BLASTODERM_SEGMENTATION	0.23302195746801754			
IPA_NFATC1_DN	0.23302013619176676			
GO_INTRINSIC_COMPONENT_OF_PRESYNAPTIC_MEMBRANE	0.23299120461072795			
GO_PROTEIN_CATABOLIC_PROCESS_IN_THE_VACUOLE	0.2329866339669227			
GO_AORTIC_VALVE_DEVELOPMENT	0.2329651573316187			
GUENTHER_GROWTH_SPHERICAL_VS_ADHERENT_UP	0.2329519666441063			
GO_RESPONSE_TO_HEPARIN	0.23295104465574346			
GSE4590_PRE_BCELL_VS_LARGE_PRE_BCELL_DN	0.23293886204027045			
GO_PROXIMAL_TUBULE_DEVELOPMENT	0.23291674956468347			
GSE22886_NAIVE_CD4_TCELL_VS_48H_ACT_TH1_UP	0.23291392240498593			
REACTOME_NS1_MEDIATED_EFFECTS_ON_HOST_PATHWAYS	0.23291033079721168			
GO_GOLGI_TO_VACUOLE_TRANSPORT	0.23290141188997696			
GO_LUNG_ASSOCIATED_MESENCHYME_DEVELOPMENT	0.23289324737319336			
IPA_HOXD8_DN	0.23288589498012024			
GO_POSITIVE_REGULATION_OF_NUCLEOBASE_CONTAINING_COMPOUND_METABOLIC_PROCESS	0.23287765992195122			
SMITH_LIVER_CANCER	0.23286516810437985			
GO_NUCLEOSIDE_DIPHOSPHATE_BIOSYNTHETIC_PROCESS	0.2328651449337119			
chr11p12	0.23285078042495486			
GO_REGULATION_OF_SPONTANEOUS_SYNAPTIC_TRANSMISSION	0.2328448611019598			
CAMPS_COLON_CANCER_COPY_NUMBER_UP	0.23283667830515545			
GO_SIGNAL_TRANSDUCTION_BY_P53_CLASS_MEDIATOR	0.23283297901797542			
GO_DICARBOXYLIC_ACID_CATABOLIC_PROCESS	0.23282742352084684			
GO_NUCLEAR_EXPORT	0.23282093998504888			
BIOCARTA_LIS1_PATHWAY	0.2328204054291356			
MIR372_3P	0.2328139890861548			
GO_ANDROGEN_BIOSYNTHETIC_PROCESS	0.2328042928145045			
PID_MYC_PATHWAY	0.23277362319338718			
FOXC1_TARGET_GENES	0.23276055395996917			
GO_TRIGEMINAL_NERVE_MORPHOGENESIS	0.23275598063992917			
REACTOME_PENTOSE_PHOSPHATE_PATHWAY	0.23275400248945208			
GSE28783_ANTI_MIR33_VS_CTRL_ATHEROSCLEROSIS_MACROPHAGE_DN	0.23272425326960194			
GO_RESPONSE_TO_EXTRACELLULAR_STIMULUS	0.232721059443807			
REACTOME_SCF_SKP2_MEDIATED_DEGRADATION_OF_P27_P21	0.232710375110083			
GO_CGMP_METABOLIC_PROCESS	0.2327093097813517			
GO_FANCONI_ANAEMIA_NUCLEAR_COMPLEX	0.23270409921339275			
GO_REGULATION_OF_SYNAPTIC_TRANSMISSION_CHOLINERGIC	0.23269869131025692			
GO_TRANSMEMBRANE_RECEPTOR_PROTEIN_KINASE_ACTIVITY	0.2326983493944303			
MIR6728_5P	0.23269671633567293			
GO_7S_RNA_BINDING	0.23269529017381657			
GO_CELLULAR_RESPONSE_TO_OXYGEN_RADICAL	0.23268926141050145			
GO_MRNA_METHYLTRANSFERASE_ACTIVITY	0.2326882392386904			
SASAI_TARGETS_OF_CXCR6_AND_PTCH1_DN	0.2326807853133241			
REACTOME_THE_FATTY_ACID_CYCLING_MODEL	0.2326786737278248			
IPA_KLF10_DN	0.23266704448678016			
GO_DNA_LIGATION_INVOLVED_IN_DNA_REPAIR	0.23264885801925939			
GSE17721_LPS_VS_PAM3CSK4_2H_BMDC_DN	0.23263794231615645			
CHANDRAN_METASTASIS_TOP50_DN	0.2326330792898399			
GO_HISTONE_H3_S10_PHOSPHORYLATION	0.23262336776536363			
GO_POSITIVE_REGULATION_OF_CARBOHYDRATE_METABOLIC_PROCESS	0.23259400710214634			
PID_HES_HEY_PATHWAY	0.23254743692560215			
GO_CARDIAC_CONDUCTION_SYSTEM_DEVELOPMENT	0.23253612262309398			
IPA_PAX2_DN	0.2325268479172915			
GO_PROTEIN_TARGETING_TO_MEMBRANE	0.23251657305523962			
GSE23321_CENTRAL_MEMORY_VS_NAIVE_CD8_TCELL_DN	0.232512912641313			
IPA_SULT2A1_UP	0.2325127534142857			
GO_GLUTATHIONE_DERIVATIVE_METABOLIC_PROCESS	0.2325083837666072			
CAMP_UP.V1_UP	0.2324906070791031			
MIR4769_3P	0.23248970251291468			
GO_REGULATION_OF_MODIFICATION_OF_POSTSYNAPTIC_STRUCTURE	0.2324893930208379			
GO_PROTEIN_METHYLTRANSFERASE_ACTIVITY	0.23246173644486057			
GSE17721_LPS_VS_CPG_16H_BMDC_DN	0.232452616835975			
GO_FRUCTOSE_CATABOLIC_PROCESS_TO_HYDROXYACETONE_PHOSPHATE_AND_GLYCERALDEHYDE_3_PHOSPHATE	0.23244994574238068			
GO_NEGATIVE_REGULATION_OF_POSTTRANSCRIPTIONAL_GENE_SILENCING	0.23243325886369942			
GO_HISTONE_ARGININE_METHYLATION	0.23241483547862485			
GSE3920_IFNA_VS_IFNG_TREATED_FIBROBLAST_DN	0.23239319451206278			
GO_VESICLE_FUSION_TO_PLASMA_MEMBRANE	0.23238299768820128			
GO_NEGATIVE_REGULATION_OF_TELOMERE_MAINTENANCE_VIA_TELOMERASE	0.2323748212245705			
MIR3682_5P	0.2323584781188832			
IPA_WT1_DN	0.23233183052411724			
GO_TETRAHYDROFOLATE_METABOLIC_PROCESS	0.2323182492774425			
REACTOME_REPRODUCTION	0.23231395720806247			
GO_REGULATION_OF_GLYCOGEN_CATABOLIC_PROCESS	0.23230286514946297			
GO_REGULATION_OF_ATTACHMENT_OF_SPINDLE_MICROTUBULES_TO_KINETOCHORE	0.23227387015953557			
GO_ORGANONITROGEN_COMPOUND_BIOSYNTHETIC_PROCESS	0.23224293813130237			
GO_NUCLEAR_BODY	0.23223835299968934			
GO_POSTSYNAPTIC_MODULATION_OF_CHEMICAL_SYNAPTIC_TRANSMISSION	0.23223752745825232			
MIR378J	0.23223267764981112			
GO_INTRINSIC_APOPTOTIC_SIGNALING_PATHWAY_IN_RESPONSE_TO_OSMOTIC_STRESS	0.2322069299655829			
PPARA_TARGET_GENES	0.23220466261992695			
GO_LAMIN_BINDING	0.23218818702539148			
GO_MEMBRANE_REPOLARIZATION	0.23218356830522746			
GO_PURINE_CONTAINING_COMPOUND_BIOSYNTHETIC_PROCESS	0.23217178063766025			
GO_CHORION_DEVELOPMENT	0.23215903300404053			
GO_METAL_ION_PROTON_ANTIPORTER_ACTIVITY	0.23214734516336097			
GO_CELLULAR_RESPONSE_TO_FLUID_SHEAR_STRESS	0.23213053617893667			
TERAMOTO_OPN_TARGETS_CLUSTER_4	0.23211836200417557			
REACTOME_REMOVAL_OF_THE_FLAP_INTERMEDIATE_FROM_THE_C_STRAND	0.23211742374045874			
BARRIER_CANCER_RELAPSE_NORMAL_SAMPLE_UP	0.23209870179410114			
HERNANDEZ_ABERRANT_MITOSIS_BY_DOCETACEL_4NM_DN	0.23209515271641987			
GO_REGULATION_OF_METALLOPEPTIDASE_ACTIVITY	0.2320939180917087			
GO_PEROXISOMAL_MEMBRANE_TRANSPORT	0.23208704823397225			
GSE37563_WT_VS_CTLA4_KO_CD4_TCELL_D4_POST_IMMUNIZATION_UP	0.23207722878677892			
GO_INTRINSIC_COMPONENT_OF_POSTSYNAPTIC_DENSITY_MEMBRANE	0.2320687519283469			
REACTOME_TERMINATION_OF_TRANSLESION_DNA_SYNTHESIS	0.23206139466549255			
GO_REGULATION_OF_GAMMA_AMINOBUTYRIC_ACID_SECRETION	0.2320379675472575			
IPA_ZNF552_DN	0.23202821927005482			
ACTAYRNNNCCCR_UNKNOWN	0.2320276455196187			
GSE46606_UNSTIM_VS_CD40L_IL2_IL5_3DAY_STIMULATED_IRF4HIGH_SORTED_BCELL_DN	0.23201775196549113			
GSE11818_WT_VS_DICER_KO_TREG_UP	0.23200553555510503			
GO_REGULATION_OF_ANIMAL_ORGAN_FORMATION	0.23200372144030415			
CHESLER_BRAIN_QTL_CIS	0.23198960121586712			
GO_LONG_CHAIN_FATTY_ACYL_COA_METABOLIC_PROCESS	0.2319707173747567			
MIR6829_5P	0.23190149392212678			
GO_METHYLOSOME	0.231862840058562			
LOPEZ_MESOTELIOMA_SURVIVAL_TIME_UP	0.2318592740142356			
GO_NEGATIVE_REGULATION_OF_NOREPINEPHRINE_SECRETION	0.23184485842342473			
CTGYNNCTYTAA_UNKNOWN	0.23183567283405693			
IPA_MNAT1_UP	0.23183466107514927			
GO_AXIAL_MESODERM_DEVELOPMENT	0.2318223719278552			
IPA_NHLH1_UP	0.23180342454477504			
YGACNNYACAR_UNKNOWN	0.2317961872941193			
MOOTHA_ROS	0.23177047822961888			
REACTOME_G2_M_DNA_DAMAGE_CHECKPOINT	0.23176599999268147			
REACTOME_SIGNALING_BY_NTRK2_TRKB	0.2317638603606813			
MIR5687	0.23175576757135422			
GSE8515_CTRL_VS_IL6_4H_STIM_MAC_UP	0.23174019823213396			
GSE18804_SPLEEN_MACROPHAGE_VS_COLON_TUMORAL_MACROPHAGE_DN	0.2317381490010559			
GO_REGULATION_OF_NERVOUS_SYSTEM_PROCESS	0.23169553670842022			
GO_REGULATION_OF_CYCLIC_NUCLEOTIDE_PHOSPHODIESTERASE_ACTIVITY	0.23169090769307712			
GO_POSITIVE_REGULATION_OF_SYSTEMIC_ARTERIAL_BLOOD_PRESSURE	0.231690599517868			
MOOTHA_PYR	0.2316901565504577			
IPA_RXRG_UP	0.23168314223358916			
MIR1269A_MIR1269B	0.23167066051301186			
USF2_Q6	0.2316655548687825			
GO_TRANSITION_METAL_ION_TRANSPORT	0.23166217912414314			
IPA_GTF2I_UP	0.2316417127023116			
GO_TELOMERE_ORGANIZATION	0.2316269049704375			
MIR3675_5P	0.23160212667534436			
GO_PLASMA_MEMBRANE_FUSION	0.23159635835527037			
GO_OXIDATIVE_DEMETHYLATION	0.23158304844093405			
GSE32423_IL7_VS_IL4_MEMORY_CD8_TCELL_DN	0.23157767146685676			
KEGG_GLYOXYLATE_AND_DICARBOXYLATE_METABOLISM	0.2315568790775002			
MIR4320	0.23155460412303486			
GO_H4_HISTONE_ACETYLTRANSFERASE_COMPLEX	0.23155343712643753			
CIITA_TARGET_GENES	0.23153774013306122			
GO_REGULATION_OF_SEQUESTERING_OF_ZINC_ION	0.23150902085051714			
GO_DETOXIFICATION	0.231463861973415			
GO_DNA_BINDING_TRANSCRIPTION_FACTOR_BINDING	0.23145958720387544			
GO_ACID_AMINO_ACID_LIGASE_ACTIVITY	0.23145321303562463			
GO_XENOBIOTIC_DETOXIFICATION_BY_TRANSMEMBRANE_EXPORT_ACROSS_THE_PLASMA_MEMBRANE	0.2314448464456118			
GSE29615_CTRL_VS_DAY3_LAIV_IFLU_VACCINE_PBMC_UP	0.23142897503341645			
IPA_REST_DN	0.23142738318951742			
IPA_DEAF1_DN	0.23142586524227918			
GO_CATECHOLAMINE_BINDING	0.2314163284096819			
GO_EPITHELIAL_TUBE_MORPHOGENESIS	0.23141449326055438			
REACTOME_HDR_THROUGH_MMEJ_ALT_NHEJ	0.23139324751941984			
GSE22025_UNTREATED_VS_TGFB1_AND_PROGESTERONE_TREATED_CD4_TCELL_DN	0.23139270295206904			
GO_PANCREAS_DEVELOPMENT	0.23139242606245072			
GO_POSITIVE_REGULATION_OF_CELLULAR_PROTEIN_CATABOLIC_PROCESS	0.23138178819618335			
GO_OXYGEN_METABOLIC_PROCESS	0.23138095138333745			
PID_CDC42_PATHWAY	0.23137480354657447			
GO_PROTON_TRANSMEMBRANE_TRANSPORTER_ACTIVITY	0.23134897069206287			
GO_PERISTALSIS	0.23134088159223684			
REACTOME_TP53_REGULATES_TRANSCRIPTION_OF_GENES_INVOLVED_IN_CYTOCHROME_C_RELEASE	0.23133670526264632			
IPA_KDM4B_UP	0.2313321715871065			
REACTOME_ESR_MEDIATED_SIGNALING	0.231284797785988			
MIR214_3P	0.2312633489959283			
GO_POSITIVE_REGULATION_BY_HOST_OF_VIRAL_GENOME_REPLICATION	0.23122224205642677			
GO_DNA_BINDING_TRANSCRIPTION_FACTOR_ACTIVITY	0.23119313542154596			
REACTOME_REGULATION_OF_GENE_EXPRESSION_BY_HYPOXIA_INDUCIBLE_FACTOR	0.23114052568419627			
GO_CHROMATIN_REMODELING_AT_CENTROMERE	0.23112320516547352			
LOPEZ_MESOTHELIOMA_SURVIVAL_WORST_VS_BEST_DN	0.23107222935826624			
GO_RIBOSOMAL_LARGE_SUBUNIT_ASSEMBLY	0.23106989577587161			
GO_NUCLEOBASE_CONTAINING_SMALL_MOLECULE_METABOLIC_PROCESS	0.2310633404979607			
GO_PRIMARY_AMINE_OXIDASE_ACTIVITY	0.23105814215996534			
RUAN_RESPONSE_TO_TROGLITAZONE_DN	0.23105797486020904			
GO_POLARIZED_EPITHELIAL_CELL_DIFFERENTIATION	0.23104428175343047			
GSE360_CTRL_VS_B_MALAYI_LOW_DOSE_MAC_UP	0.23103225734263383			
REACTOME_TP53_REGULATES_TRANSCRIPTION_OF_ADDITIONAL_CELL_CYCLE_GENES_WHOSE_EXACT_ROLE_IN_THE_P53_PATHWAY_REMAIN_UNCERTAIN	0.23102692584833973			
MIR7843_3P	0.2310239479250901			
GO_SOLUTE_CATION_SYMPORTER_ACTIVITY	0.23101406801990376			
GO_MESONEPHRIC_TUBULE_FORMATION	0.23100330034116348			
GO_REGULATION_OF_TRANSLATIONAL_FIDELITY	0.2309983255295111			
GO_PI_BODY	0.23097863755547146			
GTF2E2_TARGET_GENES	0.23097736381208672			
E47_01	0.23097593282618847			
MZF1_TARGET_GENES	0.23097434258768365			
SANCHEZ_MDM2_TARGETS	0.23097379917425107			
GO_EXCITATORY_SYNAPSE	0.23097364907326376			
GO_MONOTERPENOID_METABOLIC_PROCESS	0.23094285873980053			
GO_XENOBIOTIC_CATABOLIC_PROCESS	0.23093820179491323			
GO_HEME_METABOLIC_PROCESS	0.23091403345863243			
MIR10399_3P	0.23091225021988354			
IPA_ZMYND11_DN	0.2309065343040321			
GO_NATA_COMPLEX	0.2309029116460141			
MIR665	0.23089440346255255			
MIR5008_3P	0.23088050937818907			
CAATGCA_MIR33	0.23087863558192073			
GO_NADPH_BINDING	0.2308742200478085			
GO_NEURONAL_SIGNAL_TRANSDUCTION	0.23087283425605634			
IPA_LBX1_DN	0.2308525587448651			
GO_EMBRYONIC_BRAIN_DEVELOPMENT	0.23085128204215485			
MIR3617_3P	0.23084604157719968			
GSE3982_EOSINOPHIL_VS_EFF_MEMORY_CD4_TCELL_DN	0.23084572206371978			
GO_LEUKOCYTE_MIGRATION_INVOLVED_IN_INFLAMMATORY_RESPONSE	0.23083964895457276			
GO_POSITIVE_REGULATION_OF_UBIQUITIN_DEPENDENT_PROTEIN_CATABOLIC_PROCESS	0.23083936726829565			
GSE411_100MIN_VS_400MIN_IL6_STIM_MACROPHAGE_DN	0.23083240912586517			
GO_PROTEIN_LOCALIZATION_TO_PHOTORECEPTOR_OUTER_SEGMENT	0.23082105393211472			
GARGALOVIC_RESPONSE_TO_OXIDIZED_PHOSPHOLIPIDS_MAGENTA_DN	0.2308164889126903			
GO_POSITIVE_REGULATION_OF_LONG_TERM_NEURONAL_SYNAPTIC_PLASTICITY	0.23081360595480352			
GO_REGULATION_OF_GUANYLATE_CYCLASE_ACTIVITY	0.23078332457622952			
GO_POSITIVE_REGULATION_OF_BLOOD_PRESSURE_BY_EPINEPHRINE_NOREPINEPHRINE	0.2307795168186564			
GSE1925_CTRL_VS_IFNG_PRIMED_MACROPHAGE_3H_IFNG_STIM_DN	0.2307679162186243			
GO_NEGATIVE_REGULATION_OF_AUTOPHAGY_OF_MITOCHONDRION	0.23076767436785844			
GSE6269_FLU_VS_STREP_PNEUMO_INF_PBMC_DN	0.23076427083066006			
MIR5093	0.23071302215850029			
GO_VASOPRESSIN_RECEPTOR_ACTIVITY	0.23070421531662297			
GO_EATING_BEHAVIOR	0.2306811517279944			
GO_INO80_TYPE_COMPLEX	0.23067604198806094			
MIR499A_5P	0.23067589719011952			
GSE45365_HEALTHY_VS_MCMV_INFECTION_CD11B_DC_IFNAR_KO_UP	0.2306656111475015			
GO_TRANSCRIPTION_BY_RNA_POLYMERASE_I	0.23064978195907462			
GO_OLIGOSACCHARIDE_BIOSYNTHETIC_PROCESS	0.2306438320391166			
GO_PRESYNAPTIC_MODULATION_OF_CHEMICAL_SYNAPTIC_TRANSMISSION	0.23063833896919492			
BROWNE_HCMV_INFECTION_16HR_UP	0.2306300969374546			
GO_DOPAMINE_BIOSYNTHETIC_PROCESS	0.2306208156206619			
GO_UBIQUITIN_DEPENDENT_PROTEIN_CATABOLIC_PROCESS_VIA_THE_MULTIVESICULAR_BODY_SORTING_PATHWAY	0.23061729535930098			
GO_TRANSMEMBRANE_RECEPTOR_PROTEIN_TYROSINE_KINASE_ACTIVITY	0.23059939599938886			
GSE40493_BCL6_KO_VS_WT_TREG_UP	0.2305792380681473			
IPA_DNMT1_DN	0.23057327768543856			
CREBL2_TARGET_GENES	0.230572907953181			
MIR760	0.23056955445923064			
GO_MITOCHONDRIAL_RIBOSOME_ASSEMBLY	0.23055350292382917			
GSE3982_BASOPHIL_VS_NKCELL_DN	0.23054871652509454			
MIR4496	0.23053901258194714			
IPA_TFE3_DN	0.23053356520124652			
GO_GATED_CHANNEL_ACTIVITY	0.23051167506396647			
PID_E2F_PATHWAY	0.2304834081008093			
REACTOME_NEUROTRANSMITTER_CLEARANCE	0.23048306283017542			
MIR3614_3P	0.23046680205143366			
REACTOME_SIGNALING_BY_NTRK3_TRKC	0.2304515267709119			
REACTOME_SYNTHESIS_OF_PI	0.23044641193232362			
GSE21670_UNTREATED_VS_TGFB_TREATED_CD4_TCELL_DN	0.23044615998069656			
BIOCARTA_ACETAMINOPHEN_PATHWAY	0.23044320820995245			
GO_TONGUE_MORPHOGENESIS	0.2304305326892516			
GO_DOUBLE_STRANDED_TELOMERIC_DNA_BINDING	0.23042649929532705			
NCOA4_TARGET_GENES	0.23041553231981304			
GSE411_WT_VS_SOCS3_KO_MACROPHAGE_UP	0.2303930368439036			
GO_CELLULAR_RESPONSE_TO_LEUCINE_STARVATION	0.23036973512681			
GO_FLOPPASE_ACTIVITY	0.23036907059514666			
IK1_01	0.23033057144482533			
GSE24574_BCL6_HIGH_TFH_VS_TFH_CD4_TCELL_UP	0.23032952488233455			
IPA_TARBP2_UP	0.23032395632373656			
CDC5L_TARGET_GENES	0.23029338559461462			
GOLDRATH_HOMEOSTATIC_PROLIFERATION	0.23029190729568202			
GO_PHOSPHATE_ION_TRANSMEMBRANE_TRANSPORTER_ACTIVITY	0.23029014291905378			
GSE17721_CTRL_VS_POLYIC_2H_BMDC_UP	0.23027479690736774			
GO_PHOSPHATIDYLINOSITOL_TRANSFER_ACTIVITY	0.23026120473133724			
GO_LIPID_KINASE_ACTIVITY	0.23024662417686206			
GO_MITOCHONDRIAL_DNA_REPLICATION	0.23022688816719558			
MIR6847_5P	0.2302111663133546			
chr2q21	0.2302052496735427			
GO_POSITIVE_REGULATION_OF_VOLTAGE_GATED_POTASSIUM_CHANNEL_ACTIVITY	0.230196098823805			
GSE39820_TGFBETA1_IL6_VS_TGFBETA1_IL6_IL23A_TREATED_CD4_TCELL_DN	0.23019128421017887			
GSE11961_MEMORY_BCELL_DAY7_VS_MEMORY_BCELL_DAY40_DN	0.230160990378871			
chr8q23	0.23015954549760895			
GO_EXTRINSIC_COMPONENT_OF_ORGANELLE_MEMBRANE	0.23012747416604917			
GO_REGULATION_OF_TUBULIN_DEACETYLATION	0.23012602361901582			
GO_POSITIVE_REGULATION_OF_TRANSCRIPTION_ELONGATION_FROM_RNA_POLYMERASE_II_PROMOTER	0.2301187394650989			
GO_ACETYLTRANSFERASE_ACTIVITY	0.2301091707798209			
MIR4530	0.2301066536216688			
GO_INTRAMOLECULAR_OXIDOREDUCTASE_ACTIVITY	0.2300909363356726			
GSE3203_UNTREATED_VS_IFNB_TREATED_LN_BCELL_DN	0.23009069773462973			
GO_SKELETAL_MUSCLE_CONTRACTION	0.2300865396524015			
GO_AMP_ACTIVATED_PROTEIN_KINASE_ACTIVITY	0.2300839497023674			
GINESTIER_BREAST_CANCER_20Q13_AMPLIFICATION_UP	0.23008093940408283			
GO_GLYCINE_N_ACYLTRANSFERASE_ACTIVITY	0.2300539104250465			
KANG_GLIS3_TARGETS	0.23005134331804			
GO_REVERSIBLE_DIFFERENTIATION	0.23004778387054395			
GO_REGULATION_OF_CHROMOSOME_ORGANIZATION	0.23004535109631727			
GO_PROTEIN_HOMOOLIGOMERIZATION	0.23003525406867392			
GO_5_3_EXODEOXYRIBONUCLEASE_ACTIVITY	0.23003348275023433			
ELVIDGE_HYPOXIA_DN	0.23002573747128385			
GO_MICROTUBULE_CYTOSKELETON_ORGANIZATION	0.23000300563592754			
GO_L_METHIONINE_SALVAGE_FROM_METHYLTHIOADENOSINE	0.22999157042347482			
MIR6165	0.22999146341436			
GO_ASPARTATE_TRANSMEMBRANE_TRANSPORT	0.229979044541679			
GO_DNA_TEMPLATED_TRANSCRIPTION_INITIATION	0.22997579524080025			
C_MYC_Q16158_TARGET_GENES	0.22996543442966288			
GO_INTRACILIARY_TRANSPORT_PARTICLE	0.22996052924089275			
MIR490_3P	0.2299582011698494			
GO_NUCLEOCYTOPLASMIC_CARRIER_ACTIVITY	0.22995679566824234			
chr12q22	0.2299381735935634			
REACTOME_LYSOSOME_VESICLE_BIOGENESIS	0.22990168019759266			
GO_NEGATIVE_REGULATION_OF_AMINO_ACID_TRANSPORT	0.22990019668066766			
GO_PYRIMIDINE_CONTAINING_COMPOUND_SALVAGE	0.22989645050433888			
REACTOME_YAP1_AND_WWTR1_TAZ_STIMULATED_GENE_EXPRESSION	0.22989175836247236			
MIR4704_5P	0.22987433020167622			
GO_LIPOPROTEIN_BIOSYNTHETIC_PROCESS	0.22987027307814414			
GO_THYROID_HORMONE_METABOLIC_PROCESS	0.22985213585511874			
IPA_HAND1_UP	0.22984963602393976			
chr6q16	0.22982612409122094			
GO_MITOTIC_CYTOKINESIS	0.22979593429892112			
ACCATTT_MIR522	0.22977122431505442			
GO_NEGATIVE_REGULATION_OF_AUTOPHAGOSOME_ASSEMBLY	0.2297653985178172			
GGTAACC_MIR4095P	0.22975420709723857			
GO_VACUOLAR_PROTON_TRANSPORTING_V_TYPE_ATPASE_COMPLEX_ASSEMBLY	0.22975047460111975			
GO_REGULATION_OF_TOOTH_MINERALIZATION	0.22974166665343332			
GO_ACETYLCHOLINE_GATED_CHANNEL_COMPLEX	0.2297375165463434			
GSE22935_UNSTIM_VS_48H_MBOVIS_BCG_STIM_MYD88_KO_MACROPHAGE_DN	0.2297306211735248			
GO_MRNA_EDITING_COMPLEX	0.2297239423817064			
MIR5194	0.22971766754882192			
GO_INDOLE_CONTAINING_COMPOUND_METABOLIC_PROCESS	0.22968744111899353			
ATCTTGC_MIR31	0.22968401018678927			
DER_IFN_GAMMA_RESPONSE_DN	0.22967863343862624			
GO_TAURINE_METABOLIC_PROCESS	0.2296539926260848			
GO_NEGATIVE_REGULATION_OF_FEMALE_GONAD_DEVELOPMENT	0.229639995896101			
IPA_KLF5_DN	0.22961713528024147			
GO_SERINE_TYPE_EXOPEPTIDASE_ACTIVITY	0.2295747433848945			
MIR3682_3P	0.22956182527946373			
GRYDER_PAX3FOXO1_TOP_ENHANCERS	0.22955194419169542			
GO_NEDD8_SPECIFIC_PROTEASE_ACTIVITY	0.22954709041005922			
GO_POSITIVE_REGULATION_OF_RIBOSOME_BIOGENESIS	0.22953244840727122			
YAUCH_HEDGEHOG_SIGNALING_PARACRINE_UP	0.22949568779959612			
MIR12121	0.2294808615149004			
MIR887_3P	0.22947722253770053			
GO_NUCLEOBASE_TRANSMEMBRANE_TRANSPORTER_ACTIVITY	0.2294716608289287			
GO_REGULATION_OF_RNA_POLYMERASE_II_TRANSCRIPTIONAL_PREINITIATION_COMPLEX_ASSEMBLY	0.22946888121732945			
GSE11961_FOLLICULAR_BCELL_VS_MEMORY_BCELL_DAY7_DN	0.22944274904991183			
GO_RISC_LOADING_COMPLEX	0.2294398574528989			
GO_INSULIN_RECEPTOR_SUBSTRATE_BINDING	0.22942637135934774			
GO_REGULATION_OF_PLATELET_DERIVED_GROWTH_FACTOR_RECEPTOR_SIGNALING_PATHWAY	0.22942512164590612			
GO_CELLULAR_RESPONSE_TO_ACID_CHEMICAL	0.22942363874952587			
GO_NEGATIVE_REGULATION_OF_ANIMAL_ORGAN_MORPHOGENESIS	0.2294066125215619			
GO_PROTEIN_INSERTION_INTO_MEMBRANE	0.22940191232032128			
GO_DOLICHOL_METABOLIC_PROCESS	0.229393123793803			
GO_UBIQUITIN_DEPENDENT_ENDOCYTOSIS	0.22937721969102207			
GO_SPINDLE_ASSEMBLY_INVOLVED_IN_MEIOSIS	0.22936652907849764			
GO_REGULATION_OF_ICOSANOID_SECRETION	0.2293539397959236			
MIR6772_3P	0.22932987333155236			
GO_MRNA_CLEAVAGE_INVOLVED_IN_MRNA_PROCESSING	0.2293277800574561			
GSE21546_UNSTIM_VS_ANTI_CD3_STIM_SAP1A_KO_DP_THYMOCYTES_DN	0.2293136302802458			
HONRADO_BREAST_CANCER_BRCA1_VS_BRCA2	0.22930288843623287			
MIR520D_3P	0.2292966867566018			
GO_ARP2_3_COMPLEX_BINDING	0.22929056281200536			
IPA_MYF6_UP	0.2292428702310815			
MIR138_2_3P	0.2292347440573623			
GO_POSITIVE_REGULATION_OF_LIPID_STORAGE	0.22923267658879154			
GO_TETRAPYRROLE_METABOLIC_PROCESS	0.22922546244645128			
GSE2770_IL12_VS_TGFB_AND_IL12_TREATED_ACT_CD4_TCELL_2H_UP	0.22921999380586505			
WANG_THOC1_TARGETS_DN	0.2292134002733845			
GO_SEH1_ASSOCIATED_COMPLEX	0.22920741305154008			
GO_EMBRYO_DEVELOPMENT_ENDING_IN_BIRTH_OR_EGG_HATCHING	0.22920323490028263			
MIR4436A	0.22918969018458546			
GO_PHOSPHOLIPID_METABOLIC_PROCESS	0.22913544623775706			
IPA_RPA2_UP	0.22913230103734086			
GO_STRIATED_MUSCLE_CELL_APOPTOTIC_PROCESS	0.2291289249589786			
GO_AXON_INITIAL_SEGMENT	0.22910118299927773			
GO_PRENYLTRANSFERASE_ACTIVITY	0.22908659226157033			
GO_NUCLEAR_LOCALIZATION_SEQUENCE_BINDING	0.22907947767453102			
GO_OXIDOREDUCTASE_ACTIVITY_ACTING_ON_OTHER_NITROGENOUS_COMPOUNDS_AS_DONORS	0.22906029029201164			
GO_TYPE_I_PNEUMOCYTE_DIFFERENTIATION	0.22905916959049963			
IPA_HIST1H1E_DN	0.22904643875927802			
IPA_HIST1H1D_DN	0.22904643875927802			
REACTOME_PCNA_DEPENDENT_LONG_PATCH_BASE_EXCISION_REPAIR	0.22896078234116493			
GO_ANTERIOR_HEAD_DEVELOPMENT	0.22895698917935775			
GTF2A2_TARGET_GENES	0.2289523279235701			
GO_PROTEIN_LOCALIZATION_TO_MICROTUBULE_END	0.228939686212602			
GO_BILE_ACID_BINDING	0.2289333215645064			
chrXq13	0.2289286531292623			
GO_WNT_SIGNALING_PATHWAY_INVOLVED_IN_MIDBRAIN_DOPAMINERGIC_NEURON_DIFFERENTIATION	0.22892729629782393			
REACTOME_PHASE_4_RESTING_MEMBRANE_POTENTIAL	0.22890813609774086			
GO_REPLICATIVE_CELL_AGING	0.22890474829797997			
GO_ENDOPLASMIC_RETICULUM_PLASMA_MEMBRANE_TETHERING	0.22888581036314543			
GO_DNA_REPLICATION_INDEPENDENT_NUCLEOSOME_ORGANIZATION	0.2288848272055415			
chr15q23	0.22887422780383787			
REACTOME_RECOGNITION_OF_DNA_DAMAGE_BY_PCNA_CONTAINING_REPLICATION_COMPLEX	0.22886890997076956			
IPA_BDP1_DN	0.22883400116131805			
IPA_TBP_DN	0.22883400116131805			
GO_TELOMERE_MAINTENANCE_VIA_SEMI_CONSERVATIVE_REPLICATION	0.22882922411236484			
GO_NEGATIVE_REGULATION_OF_PROTEIN_ACETYLATION	0.22882602471444857			
BIOCARTA_EIF4_PATHWAY	0.2288259737161061			
HALLMARK_APICAL_SURFACE	0.22880734882148052			
GSE18893_TCONV_VS_TREG_24H_TNF_STIM_UP	0.22879108154767136			
MIR4668_3P	0.2287540861852412			
GO_NUCLEAR_EXPORT_SIGNAL_RECEPTOR_ACTIVITY	0.22874613961362913			
GSE1112_OT1_VS_HY_CD8AB_THYMOCYTE_RTOC_CULTURE_UP	0.22874578093382095			
MIR6734_3P	0.22874131657391622			
MIR6888_5P	0.2287229391598779			
GO_SENSORY_PERCEPTION_OF_CHEMICAL_STIMULUS	0.22871962283915415			
GSE29618_PRE_VS_DAY7_POST_TIV_FLU_VACCINE_MONOCYTE_UP	0.2287143277085197			
GO_GROOMING_BEHAVIOR	0.22871108180631192			
ZNF512B_TARGET_GENES	0.22870704860517108			
GO_INHIBITORY_EXTRACELLULAR_LIGAND_GATED_ION_CHANNEL_ACTIVITY	0.22870182904590744			
MIR3911	0.22870040285198934			
GO_HYDROLASE_ACTIVITY_ACTING_ON_CARBON_NITROGEN_BUT_NOT_PEPTIDE_BONDS_IN_LINEAR_AMIDES	0.22869953173495614			
MIR6503_3P	0.2286988097962518			
AR_Q6	0.22869285857642876			
AMUNDSON_DNA_DAMAGE_RESPONSE_TP53	0.22869207958141827			
GSE15659_NAIVE_CD4_TCELL_VS_ACTIVATED_TREG_UP	0.22868856672224336			
chr2q11	0.22868618185984932			
DARWICHE_PAPILLOMA_RISK_HIGH_DN	0.22867521395431792			
SIRT3_TARGET_GENES	0.228674999304666			
GO_GTPASE_BINDING	0.2286592310082383			
GO_POSITIVE_REGULATION_OF_I_KAPPAB_PHOSPHORYLATION	0.22865832378216236			
REACTOME_RAF_ACTIVATION	0.2286346745258711			
REACTOME_METABOLISM_OF_STEROID_HORMONES	0.22859243058049059			
GSE29614_CTRL_VS_TIV_FLU_VACCINE_PBMC_2007_UP	0.22857748163555344			
GO_PURINE_NUCLEOTIDE_TRANSMEMBRANE_TRANSPORTER_ACTIVITY	0.22857020865147074			
GO_SODIUM_DICARBOXYLATE_SYMPORTER_ACTIVITY	0.22855153696868577			
IPA_HOXC9_UP	0.2285495472364125			
MIR125B_2_3P	0.22852602645332937			
GO_POSITIVE_REGULATION_OF_BLOOD_VESSEL_REMODELING	0.22851544736023616			
REACTOME_MEIOTIC_SYNAPSIS	0.22849674967497435			
MIR3685	0.2284902376512781			
MIR7109_5P	0.22848044653272076			
GO_LARGE_RIBOSOMAL_SUBUNIT	0.22844092088680962			
GO_PHOSPHOLIPID_TRANSFER_ACTIVITY	0.22840964231326413			
GSE4142_NAIVE_VS_MEMORY_BCELL_DN	0.22840864047557086			
GSE19888_ADENOSINE_A3R_INH_VS_ACT_WITH_INHIBITOR_PRETREATMENT_IN_MAST_CELL_DN	0.2283824415198532			
MIR4642	0.22837112453706976			
GO_NEGATIVE_REGULATION_OF_GENE_SILENCING_BY_MIRNA	0.22836816821231354			
GO_PHOSPHATIDYLSERINE_EXPOSURE_ON_APOPTOTIC_CELL_SURFACE	0.22835499970598178			
GR_Q6	0.2283225198559417			
GO_MODULATION_BY_HOST_OF_VIRAL_GENOME_REPLICATION	0.2283178422194933			
REACTOME_NUCLEOBASE_BIOSYNTHESIS	0.22831252039474742			
MIR409_3P	0.2283052562653621			
GO_BIOTIN_BINDING	0.2283003689281335			
GO_REGULATION_OF_CYCLIN_DEPENDENT_PROTEIN_KINASE_ACTIVITY	0.2282944646274953			
PID_RETINOIC_ACID_PATHWAY	0.22828783493897717			
REACTOME_SHC_MEDIATED_CASCADE_FGFR4	0.22828666975745682			
MIR5008_5P	0.22828651932118924			
chr11p13	0.22828559359722844			
GO_PURINE_RIBONUCLEOSIDE_SALVAGE	0.2282819164795986			
GO_POSITIVE_REGULATION_OF_ANOIKIS	0.22827432062872918			
ZHENG_FOXP3_TARGETS_IN_THYMUS_DN	0.22826891359236157			
GO_REGULATION_OF_TRANSMISSION_OF_NERVE_IMPULSE	0.22824483770968476			
chr10p14	0.2282390706555605			
GSE19825_NAIVE_VS_DAY3_EFF_CD8_TCELL_UP	0.22821979880982254			
REACTOME_SYNTHESIS_OF_PYROPHOSPHATES_IN_THE_CYTOSOL	0.2282181697312325			
GO_INTRACILIARY_TRANSPORT_PARTICLE_B	0.2281903492685689			
PAX8_B	0.2281830384814542			
GO_CIA_COMPLEX	0.2281543024899592			
chr11p11	0.22814266358294846			
MIR520A_3P	0.2281313421577862			
GO_EXONUCLEASE_ACTIVITY_ACTIVE_WITH_EITHER_RIBO_OR_DEOXYRIBONUCLEIC_ACIDS_AND_PRODUCING_5_PHOSPHOMONOESTERS	0.22810860518314258			
GO_REGULATION_OF_MEMBRANE_DEPOLARIZATION_DURING_ACTION_POTENTIAL	0.22810829601002758			
GO_FILOPODIUM_TIP	0.2280859217203337			
RAPA_EARLY_UP.V1_UP	0.22808409548803857			
GO_FORMATION_OF_CYTOPLASMIC_TRANSLATION_INITIATION_COMPLEX	0.22804256021209385			
GSE29618_PRE_VS_DAY7_POST_TIV_FLU_VACCINE_MONOCYTE_DN	0.22801935010329652			
GHO_ATF5_TARGETS_UP	0.22801528069802482			
GO_3_PHOSPHOADENOSINE_5_PHOSPHOSULFATE_METABOLIC_PROCESS	0.22799660331755278			
GSE17721_LPS_VS_PAM3CSK4_0.5H_BMDC_UP	0.22795366997351105			
MIR3196	0.22793592639325913			
GSE11973_MIR223_KOVS_WT_BONE_MARROW_NEUTROPHIL_DN	0.22793249906428206			
MYOD_01	0.22792881063765466			
GO_NEGATIVE_REGULATION_OF_ASTROCYTE_ACTIVATION	0.22792874396092755			
GO_MRNA_PSEUDOURIDINE_SYNTHESIS	0.22790429695949516			
MIR6789_5P	0.22788340017435674			
GO_INTRACILIARY_TRANSPORT_PARTICLE_A	0.22785788337596538			
ERCC8_TARGET_GENES	0.22785343531754884			
CREB_Q3	0.227846068639388			
ZNF454_TARGET_GENES	0.22784568581257084			
PETRETTO_LEFT_VENTRICLE_MASS_QTL_CIS_DN	0.22784541882942852			
RICKMAN_TUMOR_DIFFERENTIATED_MODERATELY_VS_POORLY_UP	0.22780903807725564			
GSE22589_HIV_VS_HIV_AND_SIV_INFECTED_DC_DN	0.22779929843214297			
GO_MITOCHONDRIAL_FRAGMENTATION_INVOLVED_IN_APOPTOTIC_PROCESS	0.22779850021311182			
GO_GAMMA_AMINOBUTYRIC_ACID_TRANSMEMBRANE_TRANSPORTER_ACTIVITY	0.2277984323948007			
CERVERA_SDHB_TARGETS_1_UP	0.22779057978237607			
REACTOME_ATF6_ATF6_ALPHA_ACTIVATES_CHAPERONE_GENES	0.2277241157919202			
KOINUMA_COLON_CANCER_MSI_DN	0.22770023540118783			
LEE_LIVER_CANCER_MYC_DN	0.2276883398335417			
MIR567	0.2276861968100738			
GO_MAINTENANCE_OF_CENTROSOME_LOCATION	0.22766268658330108			
GSE11961_PLASMA_CELL_DAY7_VS_GERMINAL_CENTER_BCELL_DAY40_DN	0.22765504710660636			
GO_REGULATION_OF_RECEPTOR_RECYCLING	0.227632551338652			
GSE2128_CTRL_VS_MIMETOPE_NEGATIVE_SELECTION_DP_THYMOCYTE_NOD_DN	0.22762204300823308			
GO_AEROBIC_ELECTRON_TRANSPORT_CHAIN	0.22761984664149607			
GSE24972_WT_VS_IRF8_KO_MARGINAL_ZONE_SPLEEN_BCELL_DN	0.22761639424415964			
GO_PROTEIN_POLYUFMYLATION	0.2276001832475779			
YEMELYANOV_GR_TARGETS_DN	0.22759880845285663			
GO_IRON_ION_TRANSPORT	0.22759000633417398			
GSE3691_CONVENTIONAL_VS_PLASMACYTOID_DC_SPLEEN_DN	0.22758447701726692			
GO_SODIUM_DEPENDENT_PHOSPHATE_TRANSPORT	0.22757994955299143			
MIR5685	0.22757255347795963			
MIR3128	0.22752397300975127			
REACTOME_BETA_OXIDATION_OF_BUTANOYL_COA_TO_ACETYL_COA	0.22751480037813376			
GO_LIGAND_GATED_CATION_CHANNEL_ACTIVITY	0.2275125756914464			
GO_WD40_REPEAT_DOMAIN_BINDING	0.22749057902261552			
GO_CRANIAL_NERVE_MORPHOGENESIS	0.22748521565723795			
GO_TROPHECTODERMAL_CELL_DIFFERENTIATION	0.2274800423590133			
REACTOME_HIGHLY_CALCIUM_PERMEABLE_NICOTINIC_ACETYLCHOLINE_RECEPTORS	0.22747181667680558			
GO_REGULATION_OF_PROTEIN_EXPORT_FROM_NUCLEUS	0.2274570829984802			
GO_ER_ASSOCIATED_MISFOLDED_PROTEIN_CATABOLIC_PROCESS	0.22742159584140262			
GO_VESICLE_DOCKING_INVOLVED_IN_EXOCYTOSIS	0.22741649928517377			
MIR218_1_3P	0.22741120811064808			
CASTELLANO_HRAS_TARGETS_DN	0.22740290929489304			
ZNF419_TARGET_GENES	0.22738980393750502			
GO_TRANSITION_METAL_ION_BINDING	0.22737632390285029			
CREIGHTON_ENDOCRINE_THERAPY_RESISTANCE_1	0.2273728301727121			
REACTOME_SUMOYLATION_OF_IMMUNE_RESPONSE_PROTEINS	0.2273707885785145			
GO_POSITIVE_REGULATION_OF_RNA_POLYMERASE_II_TRANSCRIPTIONAL_PREINITIATION_COMPLEX_ASSEMBLY	0.22737058761812784			
GSE360_L_MAJOR_VS_T_GONDII_MAC_DN	0.22735952653646996			
GO_RNA_POLYMERASE_III_REGULATORY_REGION_DNA_BINDING	0.22733330090854353			
GSE41176_WT_VS_TAK1_KO_ANTI_IGM_STIM_BCELL_3H_UP	0.22733031323745498			
GO_MULTI_ORGANISM_LOCALIZATION	0.22732152697344118			
KUMAMOTO_RESPONSE_TO_NUTLIN_3A_UP	0.22728212838420805			
IPA_NCOR1_DN	0.22726193789582594			
GO_PHOTOTRANSDUCTION_VISIBLE_LIGHT	0.2272467642109091			
GO_HAPTOGLOBIN_HEMOGLOBIN_COMPLEX	0.22723213477872453			
GO_DNA_BINDING_TRANSCRIPTION_FACTOR_ACTIVITY_RNA_POLYMERASE_II_SPECIFIC	0.227229531206216			
MIR4763_3P	0.22722794112863426			
SAKAI_CHRONIC_HEPATITIS_VS_LIVER_CANCER_DN	0.22722382509848138			
GO_BMP_SIGNALING_PATHWAY_INVOLVED_IN_HEART_DEVELOPMENT	0.22722241192858322			
REACTOME_MICRORNA_MIRNA_BIOGENESIS	0.22721510037526532			
TGCCTTA_MIR124A	0.22721472625695163			
GSE46606_DAY1_VS_DAY3_CD40L_IL2_IL5_STIMULATED_IRF4_KO_BCELL_UP	0.22721179849215634			
GO_REGULATION_OF_SEROTONIN_SECRETION	0.22720753081695072			
MIR12127	0.2272060179060398			
REACTOME_MASTL_FACILITATES_MITOTIC_PROGRESSION	0.22719262709478544			
GSE16385_UNTREATED_VS_12H_IL4_TREATED_MACROPHAGE_DN	0.22715329791450242			
IPA_DOT1L_DN	0.22714428161588068			
REACTOME_PROCESSIVE_SYNTHESIS_ON_THE_C_STRAND_OF_THE_TELOMERE	0.22712641289826133			
GO_ATTACHMENT_OF_GPI_ANCHOR_TO_PROTEIN	0.22711545700649186			
GO_TRANSCRIPTION_COACTIVATOR_ACTIVITY	0.22710576506171168			
GO_P_P_BOND_HYDROLYSIS_DRIVEN_PROTEIN_TRANSMEMBRANE_TRANSPORTER_ACTIVITY	0.22709502057437725			
PID_EPHA_FWDPATHWAY	0.22708904878859157			
GO_RESPONSE_TO_LEUKEMIA_INHIBITORY_FACTOR	0.2270837370979191			
GSE29618_PRE_VS_DAY7_POST_TIV_FLU_VACCINE_MDC_DN	0.2270773656332969			
GO_REGULATION_OF_CARDIAC_MUSCLE_CELL_MEMBRANE_REPOLARIZATION	0.2270362271986838			
SATB1_TARGET_GENES	0.2270342239687113			
GSE13306_LAMINA_PROPRIA_VS_SPLEEN_TREG_DN	0.22700503832851232			
GO_BERGMANN_GLIAL_CELL_DIFFERENTIATION	0.2269835946573421			
GO_SPERMATID_NUCLEUS_DIFFERENTIATION	0.22697296175083664			
REACTOME_HIV_LIFE_CYCLE	0.2269596755076458			
GO_RESPONSE_TO_CGMP	0.22695124842101985			
IPA_LDB1_DN	0.2269508592754672			
GO_POSITIVE_REGULATION_OF_TELOMERASE_RNA_LOCALIZATION_TO_CAJAL_BODY	0.2269469909248614			
KRASNOSELSKAYA_ILF3_TARGETS_DN	0.22694166314357067			
KEGG_CIRCADIAN_RHYTHM_MAMMAL	0.22693768253209623			
GO_EMBRYO_DEVELOPMENT	0.2269210914870993			
GO_FAT_PAD_DEVELOPMENT	0.22692003955893364			
IPA_CDX1_DN	0.22690913714987088			
GO_CYSTEINE_TYPE_EXOPEPTIDASE_ACTIVITY	0.22690666457257277			
MIR1301_5P	0.22689202592070315			
REACTOME_ESTROGEN_STIMULATED_SIGNALING_THROUGH_PRKCZ	0.2268827119779323			
MULLIGHAN_NPM1_MUTATED_SIGNATURE_2_UP	0.2268826081462648			
BIOCARTA_TRKA_PATHWAY	0.226878347903604			
GO_NEGATIVE_REGULATION_OF_INSULIN_LIKE_GROWTH_FACTOR_RECEPTOR_SIGNALING_PATHWAY	0.22683987713882567			
IPA_HOXB3_UP	0.22682073648439272			
LINDGREN_BLADDER_CANCER_CLUSTER_3_UP	0.22681652004127828			
MIR4680_3P	0.2268025909321007			
IPA_PITX1_UP	0.22679868585738241			
GO_REGULATION_OF_RNA_BINDING	0.22677672219920947			
RNCTGNYNRNCTGNY_UNKNOWN	0.22676333040629326			
BROWNE_HCMV_INFECTION_4HR_UP	0.2267453685120663			
HSF1_01	0.22673615421591303			
LUI_THYROID_CANCER_CLUSTER_5	0.22671924289480086			
GO_SECRETORY_GRANULE_LOCALIZATION	0.22670266234117134			
MIR873_5P	0.22668460962318693			
MIR1268A_MIR1268B	0.22667859041750474			
MIR8087	0.22667483578337452			
GSE2770_IL12_VS_TGFB_AND_IL12_TREATED_ACT_CD4_TCELL_6H_UP	0.22666159438768488			
RANKIN_ANGIOGENIC_TARGETS_OF_VHL_HIF2A_DN	0.22661752469563282			
GO_PEPTIDYL_LYSINE_TRIMETHYLATION	0.2265723507099337			
GO_SERINE_FAMILY_AMINO_ACID_BIOSYNTHETIC_PROCESS	0.22655427258518093			
GO_PROTEIN_PROCESSING_INVOLVED_IN_PROTEIN_TARGETING_TO_MITOCHONDRION	0.22654442374200967			
chrXq24	0.2264869651812307			
IPA_NEUROD6_DN	0.22647677860620752			
GO_COLLATERAL_SPROUTING	0.2264704738027784			
chr1q32	0.226441807206048			
GO_MON1_CCZ1_COMPLEX	0.2264247659781609			
GO_SPERM_FIBROUS_SHEATH	0.22641475656160318			
GO_ORGANELLE_ENVELOPE_LUMEN	0.2264069244464874			
AHRARNT_02	0.22640142810670313			
CYCLIN_D1_KE_.V1_UP	0.22637648229548832			
GO_DEFINITIVE_ERYTHROCYTE_DIFFERENTIATION	0.2263641480256474			
GO_RESPONSE_TO_ETHER	0.22635650998276305			
GO_PROTON_TRANSMEMBRANE_TRANSPORT	0.22633989087999176			
ZNF260_TARGET_GENES	0.2263363896496548			
GO_UBIQUITIN_UBIQUITIN_LIGASE_ACTIVITY	0.22633018500283875			
GO_ACROSOMAL_VESICLE	0.22632035306016385			
GSE46606_UNSTIM_VS_CD40L_IL2_IL5_1DAY_STIMULATED_IRF4HIGH_SORTED_BCELL_UP	0.22631879301649818			
GEISS_RESPONSE_TO_DSRNA_DN	0.22631366601894104			
GO_TELOMERASE_RNA_LOCALIZATION	0.22630784370319157			
GSE10240_IL22_VS_IL17_STIM_PRIMARY_BRONCHIAL_EPITHELIAL_CELLS_DN	0.22630574697463307			
FREAC2_01	0.22629814459153594			
GSE2770_TGFB_AND_IL4_VS_TGFB_AND_IL12_TREATED_ACT_CD4_TCELL_6H_DN	0.2262686111450545			
GO_NEGATIVE_REGULATION_OF_BEHAVIOR	0.22624409535360565			
GSE19888_NO_PRETREAT_VS_ADENOSINE_A3R_INHIBITOR_PRETREATED_MAST_CELL_TCELL_MEMBRANES_ACT_UP	0.2262386712739501			
IKEDA_MIR1_TARGETS_DN	0.2262354211829054			
REACTOME_FRS_MEDIATED_FGFR4_SIGNALING	0.2262276447326773			
GO_REGULATION_OF_TOR_SIGNALING	0.2262263738475403			
GO_CEREBRAL_CORTEX_DEVELOPMENT	0.22622178918868932			
GSE339_CD4POS_VS_CD8POS_DC_IN_CULTURE_DN	0.22620076762433694			
GO_SKELETAL_MUSCLE_TISSUE_REGENERATION	0.22619761754233642			
GSE40441_NRP1_POS_INDUCED_TREG_VS_NRP1_NEG_NATURAL_TREG_DN	0.22618740534077478			
MIR4266	0.22616476827792564			
ZBTB44_TARGET_GENES	0.22615949299137802			
GO_OTOLITH_DEVELOPMENT	0.22615060483515004			
WALLACE_JAK2_TARGETS_UP	0.22614983048988707			
GSE8621_UNSTIM_VS_LPS_PRIMED_UNSTIM_MACROPHAGE_UP	0.22614709975758887			
MIR3616_3P	0.22612659569667087			
GO_MESSENGER_RIBONUCLEOPROTEIN_COMPLEX	0.2261227355478553			
MIR3188	0.22609511603810467			
CDP_01	0.2260887502509534			
GSE2585_AIRE_KO_VS_WT_CD80_LOW_MTEC_DN	0.22608319529951676			
chr9p13	0.22607662206139065			
GO_RNA_CAPPING	0.22607626894052002			
GO_POSITIVE_REGULATION_OF_RECEPTOR_BIOSYNTHETIC_PROCESS	0.22607370111473843			
MIR4660	0.22607229686805333			
GO_NEGATIVE_REGULATION_OF_GLUCONEOGENESIS	0.22607051290753521			
GO_9PLUS2_MOTILE_CILIUM	0.2260617502312796			
GO_GLOMERULAR_MESANGIAL_CELL_PROLIFERATION	0.22604580280960643			
SMITH_TERT_TARGETS_DN	0.22604321999504387			
GO_TERMINATION_OF_RNA_POLYMERASE_II_TRANSCRIPTION	0.22603009436234975			
GO_CELL_PROLIFERATION_IN_MIDBRAIN	0.22602197778554212			
GO_PROTEIN_TARGETING	0.22601822230107743			
MYOGNF1_01	0.22599206698187757			
IPA_HIST1H1C_DN	0.22596754178412545			
GO_NEUROFILAMENT	0.22594334977702057			
BIOCARTA_GABA_PATHWAY	0.22593544467900947			
GSE17721_CTRL_VS_POLYIC_1H_BMDC_UP	0.2259343875790514			
GO_PHOTORECEPTOR_INNER_SEGMENT	0.22592543946522012			
GO_PRIMARY_AMINO_COMPOUND_METABOLIC_PROCESS	0.22591891226709354			
REACTOME_RUNX3_REGULATES_NOTCH_SIGNALING	0.22591216980776876			
GO_CELLULAR_RESPONSE_TO_UV	0.22590747269144398			
GSE15659_NAIVE_CD4_TCELL_VS_NONSUPPRESSIVE_TCELL_UP	0.22584817597923454			
GO_PROTEIN_ACETYLATION	0.22579830314685975			
STN1_TARGET_GENES	0.22578101989621274			
GO_REGULATION_OF_MITOCHONDRIAL_GENE_EXPRESSION	0.22576833810496602			
MIR197_3P	0.22574934252564816			
GO_EPINEPHRINE_TRANSPORT	0.22574113948545196			
IPA_SMARCB1_UP	0.22573925115531737			
GARGALOVIC_RESPONSE_TO_OXIDIZED_PHOSPHOLIPIDS_GREEN_DN	0.22573539768194467			
GSE15930_NAIVE_VS_48H_IN_VITRO_STIM_IFNAB_CD8_TCELL_DN	0.2257211269276469			
GO_LIPOPROTEIN_PARTICLE_RECEPTOR_ACTIVITY	0.2257209967017695			
GSE6092_UNSTIM_VS_IFNG_STIM_ENDOTHELIAL_CELL_UP	0.2257187141246116			
IPA_MED13_DN	0.2257164239908029			
HILLION_HMGA1_TARGETS	0.22569130080996508			
REACTOME_BRANCHED_CHAIN_AMINO_ACID_CATABOLISM	0.22566424603138968			
MIR605_5P	0.2256608388461919			
REACTOME_ACTIVATION_OF_CASPASES_THROUGH_APOPTOSOME_MEDIATED_CLEAVAGE	0.2256568374086808			
REACTOME_RHO_GTPASE_CYCLE	0.2256434748825943			
BERENJENO_TRANSFORMED_BY_RHOA_REVERSIBLY_UP	0.22563938345182913			
REACTOME_PROCESSIVE_SYNTHESIS_ON_THE_LAGGING_STRAND	0.2256248273298362			
chr11q21	0.22561931510185743			
NADERI_BREAST_CANCER_PROGNOSIS_DN	0.22559653641472255			
GO_CRANIAL_NERVE_FORMATION	0.22559183003592495			
LET_7B_3P	0.2255917907115627			
GO_GLYCOLIPID_CATABOLIC_PROCESS	0.22557805824117358			
GO_CYTOPLASMIC_TRANSLATIONAL_INITIATION	0.225553136340852			
STARK_BRAIN_22Q11_DELETION	0.2255412328975554			
GO_SOFT_PALATE_DEVELOPMENT	0.2255395012172671			
GSE3720_VD1_VS_VD2_GAMMADELTA_TCELL_UP	0.22551029472274514			
GO_REGULATION_OF_LIPID_TRANSPORT	0.22550048391095484			
BRACHAT_RESPONSE_TO_METHOTREXATE_UP	0.22548538214709674			
GO_CARBON_NITROGEN_LIGASE_ACTIVITY_WITH_GLUTAMINE_AS_AMIDO_N_DONOR	0.22547419505862829			
NKX2_5_TARGET_GENES	0.2254566765941456			
GO_LYSOSOMAL_PROTEIN_CATABOLIC_PROCESS	0.22544921176956073			
MIR520B_3P_MIR520C_3P_MIR520E_3P	0.2254282468893701			
MIR30B_3P	0.2254253486507675			
GSE24574_BCL6_LOW_TFH_VS_TCONV_CD4_TCELL_UP	0.2254032139147499			
MSX2_TARGET_GENES	0.22540318758708466			
GRAESSMANN_RESPONSE_TO_MC_AND_SERUM_DEPRIVATION_DN	0.22539931587250844			
BIOCARTA_PARKIN_PATHWAY	0.22539151281152586			
IPA_HEYL_UP	0.22536610222045061			
MIR641	0.2253640706094546			
GO_REGULATION_OF_MODIFICATION_OF_SYNAPTIC_STRUCTURE	0.2253357004350627			
MIR1207_5P	0.22528321139132804			
IPA_USF2_DN	0.22527758089437844			
PETRETTO_BLOOD_PRESSURE_UP	0.225274155574226			
REACTOME_TELOMERE_C_STRAND_LAGGING_STRAND_SYNTHESIS	0.22526372449309312			
GO_REGULATION_OF_RESPONSE_TO_OSMOTIC_STRESS	0.22525848280323402			
IPA_LRPPRC_UP	0.22525549177436566			
IPA_ZNF302_UP	0.22525549177436566			
GSE23505_IL6_IL1_VS_IL6_IL1_TGFB_TREATED_CD4_TCELL_UP	0.2252408499027938			
GO_GASTRIC_MOTILITY	0.22523944475624483			
LET_7F_1_3P	0.22523578153904			
GO_NEUROTRANSMITTER_BINDING	0.22522158563761183			
GO_TYPE_B_PANCREATIC_CELL_APOPTOTIC_PROCESS	0.22521667945437548			
BARX2_TARGET_GENES	0.22521448421140147			
GO_RECEPTOR_RECYCLING	0.2252110640920192			
GO_CENTROMERIC_DNA_BINDING	0.22520477668668867			
GO_OOCYTE_DIFFERENTIATION	0.2251971822439196			
GO_POSITIVE_REGULATION_OF_PROTEIN_EXPORT_FROM_NUCLEUS	0.22519639541458397			
GO_NUCLEAR_ENVELOPE	0.22517524254162558			
GO_REGULATION_OF_MEMBRANE_REPOLARIZATION_DURING_CARDIAC_MUSCLE_CELL_ACTION_POTENTIAL	0.22516904298461657			
GSE2128_CTRL_VS_MIMETOPE_NEGATIVE_SELECTION_DP_THYMOCYTE_C57BL6_DN	0.2251308366863111			
GO_REGULATION_OF_POTASSIUM_ION_IMPORT	0.22512713192359815			
MIR98_3P	0.22512308767473252			
GO_POSTSYNAPTIC_ACTIN_CYTOSKELETON	0.22510559187061976			
GO_POSITIVE_REGULATION_OF_INTERLEUKIN_13_SECRETION	0.2250651399066574			
GO_POTASSIUM_ION_LEAK_CHANNEL_ACTIVITY	0.22506455407667034			
GSE39152_SPLEEN_CD103_NEG_VS_BRAIN_CD103_POS_MEMORY_CD8_TCELL_DN	0.22504126091715684			
GO_DOPAMINE_BINDING	0.22503772784758225			
MIR374B_3P	0.2249915792364919			
chr10q24	0.22494265369002955			
GO_CATION_TRANSPORT	0.22492915855529805			
BARRIER_CANCER_RELAPSE_TUMOR_SAMPLE_DN	0.22491680561943872			
GO_POSITIVE_REGULATION_OF_SEQUESTERING_OF_TRIGLYCERIDE	0.22490945759315448			
MIR891A_3P	0.22490171160233896			
GO_THIOREDOXIN_PEROXIDASE_ACTIVITY	0.22488404062490058			
GO_PROTEIN_ARGININE_N_METHYLTRANSFERASE_ACTIVITY	0.22488374108560416			
GO_PEPTIDYL_ARGININE_N_METHYLATION	0.22488374108560416			
IPA_SMAD5_UP	0.2248644236265274			
AGCACTT_MIR93_MIR302A_MIR302B_MIR302C_MIR302D_MIR372_MIR373_MIR520E_MIR520A_MIR526B_MIR520B_MIR520C_MIR520D	0.2248566039880004			
STEIN_ESR1_TARGETS	0.22484870822141756			
REACTOME_INTRACELLULAR_SIGNALING_BY_SECOND_MESSENGERS	0.22481852892330945			
MIR5691_MIR6805_3P	0.22481151428828242			
GO_OXIDIZED_DNA_BINDING	0.22478209975453953			
RODRIGUES_THYROID_CARCINOMA_ANAPLASTIC_DN	0.2247761182402587			
GO_ANION_TRANSMEMBRANE_TRANSPORT	0.22476454437399956			
GO_BENZODIAZEPINE_RECEPTOR_ACTIVITY	0.22475336088621967			
GO_DRUG_CATABOLIC_PROCESS	0.22475305979508586			
MIR23A_5P	0.22474361451090846			
GO_INSULIN_BINDING	0.22474247516990836			
REACTOME_ETHANOL_OXIDATION	0.22473405716947317			
GSE3982_EOSINOPHIL_VS_NKCELL_DN	0.22470839332171944			
GO_INSULIN_LIKE_GROWTH_FACTOR_I_BINDING	0.2246923144863867			
MIR4797_5P	0.22467991920185673			
GO_PROTEIN_FOLDING_CHAPERONE	0.22465523880357724			
GO_RIBONUCLEASE_ACTIVITY	0.22464552373442756			
GO_CELLULAR_PROTEIN_COMPLEX_DISASSEMBLY	0.22463647579493046			
CGTSACG_PAX3_B	0.2246362299608775			
MOREAUX_MULTIPLE_MYELOMA_BY_TACI_DN	0.22463443913877898			
GO_CELLULAR_RESPONSE_TO_LITHIUM_ION	0.2246316998328939			
MIR12122	0.2246160443853466			
GO_SLEEP	0.22459884732649113			
IPA_YWHAZ_DN	0.22458758736384604			
GO_NEGATIVE_REGULATION_OF_DNA_TEMPLATED_TRANSCRIPTION_ELONGATION	0.22454772258919437			
ATGTTAA_MIR302C	0.22450765187429186			
GO_LYASE_ACTIVITY	0.2244674470258288			
KEGG_GLYCEROLIPID_METABOLISM	0.2244646693419889			
GO_CELL_FATE_COMMITMENT_INVOLVED_IN_FORMATION_OF_PRIMARY_GERM_LAYER	0.22446368569865527			
ARID3B_TARGET_GENES	0.22444379421448404			
GSE3039_CD4_TCELL_VS_B2_BCELL_DN	0.22443229270033163			
MIR4308	0.22442060888572749			
IPA_POU5F1_UP	0.22441669508640114			
REACTOME_O_LINKED_GLYCOSYLATION	0.22441260367711488			
MIR103B	0.22441066708530333			
KEGG_AMYOTROPHIC_LATERAL_SCLEROSIS_ALS	0.22437701090571455			
GO_PARACRINE_SIGNALING	0.22430967561492043			
GO_PYRUVATE_DEHYDROGENASE_COMPLEX	0.22430664263957908			
REACTOME_PCP_CE_PATHWAY	0.22425519303162597			
GO_REGULATION_OF_HEMATOPOIETIC_STEM_CELL_PROLIFERATION	0.22422026304966405			
GO_REGULATION_OF_POSTSYNAPTIC_NEUROTRANSMITTER_RECEPTOR_INTERNALIZATION	0.22420578577407696			
GO_UDP_GLUCOSE_METABOLIC_PROCESS	0.2241746219995843			
GO_DRUG_BINDING	0.2241699200941159			
GO_LOW_DENSITY_LIPOPROTEIN_PARTICLE_RECEPTOR_ACTIVITY	0.2241619633254616			
GO_COENZYME_CATABOLIC_PROCESS	0.22415548697611481			
WHN_B	0.2241432442862857			
GO_RECEPTOR_DIFFUSION_TRAPPING	0.2241392220929278			
MIR4312	0.22413393373158225			
GSE5589_UNSTIM_VS_45MIN_LPS_STIM_MACROPHAGE_DN	0.2241185425478264			
WIEMANN_TELOMERE_SHORTENING_AND_CHRONIC_LIVER_DAMAGE_DN	0.2241170963812804			
IPA_SOX9_UP	0.22409010452821107			
GO_REGULATION_OF_ESTABLISHMENT_OF_PROTEIN_LOCALIZATION_TO_MITOCHONDRION	0.2240791700933471			
GO_REGULATION_OF_CELLULAR_AMIDE_METABOLIC_PROCESS	0.2240756505672252			
GO_POSITIVE_REGULATION_OF_WNT_SIGNALING_PATHWAY	0.22405869076804147			
TFIIA_Q6	0.22404238076522678			
GSE19923_WT_VS_E2A_KO_DP_THYMOCYTE_UP	0.22403778885332146			
MIR9898	0.22403392579607673			
GO_ACTIN_FILAMENT_REORGANIZATION	0.22402197365733822			
MIR3681_3P	0.2240092082490603			
REACTOME_DEFENSINS	0.2240005369960755			
GO_POSITIVE_REGULATION_OF_SODIUM_ION_TRANSMEMBRANE_TRANSPORTER_ACTIVITY	0.22399819185570227			
REACTOME_PROCESSING_OF_CAPPED_INTRONLESS_PRE_MRNA	0.22398932105328742			
GO_PHOSPHOFRUCTOKINASE_ACTIVITY	0.22398268313981246			
REACTOME_BIOSYNTHESIS_OF_MARESINS	0.22397970675280804			
MIR4781_5P	0.22397498535138693			
IPA_NFAT5_UP	0.22396650154035325			
LEIN_CHOROID_PLEXUS_MARKERS	0.22395655997448813			
GO_ESTABLISHMENT_OF_PROTEIN_LOCALIZATION_TO_CHROMATIN	0.22395639327688527			
GO_NEGATIVE_REGULATION_OF_PROTEOLYSIS_INVOLVED_IN_CELLULAR_PROTEIN_CATABOLIC_PROCESS	0.22391020258836725			
GSE19923_WT_VS_HEB_KO_DP_THYMOCYTE_UP	0.22388829862595822			
KEGG_AMINOACYL_TRNA_BIOSYNTHESIS	0.22388187588236536			
GO_PROTEIN_KINASE_B_BINDING	0.22385840800676599			
MIR3689A_3P_MIR3689B_3P_MIR3689C	0.22383157362551612			
GO_MISFOLDED_PROTEIN_BINDING	0.2238268811390389			
TESAR_JAK_TARGETS_MOUSE_ES_D3_DN	0.22381801867574722			
IPA_NOTCH1_DN	0.22381565060669478			
GO_DYNACTIN_BINDING	0.223812529873724			
REACTOME_FREE_FATTY_ACID_RECEPTORS	0.22377138685880585			
MIR379_5P	0.22376977839701512			
GO_POTASSIUM_ION_EXPORT_ACROSS_PLASMA_MEMBRANE	0.22376119337520095			
GO_REGULATION_OF_RNA_POLYMERASE_II_REGULATORY_REGION_SEQUENCE_SPECIFIC_DNA_BINDING	0.2237376375278734			
GO_PROTEIN_TARGETING_TO_VACUOLE	0.2237229360983304			
GO_ENDORIBONUCLEASE_ACTIVITY	0.22371952025406888			
GO_POSITIVE_REGULATION_OF_NEURON_PROJECTION_ARBORIZATION	0.22371771534512608			
EVI1_02	0.22371601570395047			
GO_INTERLEUKIN_17_SECRETION	0.22371148589955514			
GO_INTRACELLULAR_CAMP_ACTIVATED_CATION_CHANNEL_ACTIVITY	0.22370335801661687			
VERRECCHIA_RESPONSE_TO_TGFB1_C6	0.2236515206469801			
GO_TRANSFERASE_ACTIVITY_TRANSFERRING_ONE_CARBON_GROUPS	0.22364843833672943			
GUO_TARGETS_OF_IRS1_AND_IRS2	0.22364394716915548			
GSE22611_UNSTIM_VS_2H_MDP_STIM_NOD2_TRANSDUCED_HEK293T_CELL_UP	0.22361277637178015			
GO_RESPONSE_TO_HYDROXYUREA	0.2236067644631366			
GO_AMIDE_BIOSYNTHETIC_PROCESS	0.22359296396948034			
GO_TELOMERIC_D_LOOP_DISASSEMBLY	0.22358890711069837			
GSE45365_CTRL_VS_MCMV_INFECTION_NK_CELL_DN	0.22358764182118313			
KEGG_N_GLYCAN_BIOSYNTHESIS	0.22358085992889512			
MIR622	0.2235796517644906			
GO_REGULATION_OF_CARTILAGE_DEVELOPMENT	0.22356909271177092			
GSE1432_CTRL_VS_IFNG_6H_MICROGLIA_UP	0.22356231325231754			
IPA_MSX1_DN	0.2235589547254992			
IPA_NFIA_UP	0.22355725907271892			
EGR_Q6	0.22355446963943199			
GO_NEGATIVE_REGULATION_OF_EXCITATORY_POSTSYNAPTIC_POTENTIAL	0.22354000534433732			
GO_INOSITOL_1_3_4_5_TETRAKISPHOSPHATE_5_PHOSPHATASE_ACTIVITY	0.22353464128209893			
FREAC4_01	0.22352091048858416			
MIR3617_5P	0.22350533204971446			
GO_NEGATIVE_REGULATION_OF_INCLUSION_BODY_ASSEMBLY	0.22349441592959587			
IPA_KLF2_UP	0.22348690194538864			
MIR4464	0.22348552847438485			
GSE360_LOW_DOSE_B_MALAYI_VS_M_TUBERCULOSIS_MAC_UP	0.22348201772846948			
REACTOME_SUMOYLATION_OF_CHROMATIN_ORGANIZATION_PROTEINS	0.22347935142352654			
GO_LIPID_HYDROXYLATION	0.22347382598337923			
GO_RNA_PHOSPHODIESTER_BOND_HYDROLYSIS	0.2234630089647574			
TONG_INTERACT_WITH_PTTG1	0.22345504314079148			
GO_POST_EMBRYONIC_DEVELOPMENT	0.22344916608614457			
IPA_CREB3_UP	0.2234404463510862			
REACTOME_INOSITOL_PHOSPHATE_METABOLISM	0.22343822419965026			
GO_CRANIAL_GANGLION_DEVELOPMENT	0.22341847223773476			
GSE36078_UNTREATED_VS_AD5_INF_IL1R_KO_MOUSE_LUNG_DC_DN	0.22341152923957175			
GO_DNA_REPLICATION_SYNTHESIS_OF_RNA_PRIMER	0.22334864881958133			
REACTOME_ENERGY_DEPENDENT_REGULATION_OF_MTOR_BY_LKB1_AMPK	0.22334711026404983			
REACTOME_SEMA4D_IN_SEMAPHORIN_SIGNALING	0.2233331621203642			
GSE18791_CTRL_VS_NEWCASTLE_VIRUS_DC_4H_UP	0.22333135451046815			
TTCCGTT_MIR191	0.22331090321736558			
GSE12963_UNINF_VS_ENV_AND_NEF_DEFICIENT_HIV1_INF_CD4_TCELL_DN	0.22330636940426288			
GO_ACETATE_ESTER_TRANSPORT	0.22329427768278495			
REACTOME_NTRK2_ACTIVATES_RAC1	0.22328575925863894			
GSE37533_PPARG2_FOXP3_VS_FOXP3_TRANSDUCED_CD4_TCELL_UP	0.2232701384306615			
LET_7A_3P	0.22325467891571507			
GSE360_L_DONOVANI_VS_T_GONDII_DC_DN	0.22324783517524413			
GO_NUCLEOTIDE_TRANSMEMBRANE_TRANSPORTER_ACTIVITY	0.2232429062999975			
GO_TAT_PROTEIN_BINDING	0.2232224846356766			
GO_PYRIMIDINE_RIBONUCLEOSIDE_MONOPHOSPHATE_METABOLIC_PROCESS	0.22317649068565792			
GO_COP9_SIGNALOSOME_ASSEMBLY	0.2231714427471151			
GSE14413_UNSTIM_VS_IFNB_STIM_RAW264_CELLS_DN	0.22316228734216892			
GO_APICAL_DENDRITE	0.2231585241807132			
GO_POSITIVE_REGULATION_OF_HELICASE_ACTIVITY	0.22315624087901412			
IPA_NFE2_UP	0.22314246346047775			
GO_OLIGOSACCHARIDE_LIPID_INTERMEDIATE_BIOSYNTHETIC_PROCESS	0.2231385690633266			
GO_SMALL_RIBOSOMAL_SUBUNIT	0.22311686979691253			
MIR6803_5P	0.223114352439389			
IPA_FOXC1_UP	0.2231141206414687			
HSF2_01	0.22308212070769887			
GO_TRANSLATION_REPRESSOR_ACTIVITY_MRNA_REGULATORY_ELEMENT_BINDING	0.22305231016548518			
GO_OUTER_DYNEIN_ARM	0.22304492783744345			
REACTOME_BETA_OXIDATION_OF_DECANOYL_COA_TO_OCTANOYL_COA_COA	0.22304435745128323			
GO_CELLULAR_RESPONSE_TO_IONIZING_RADIATION	0.2230347622567605			
IPA_MAP3K7_DN	0.22301927180313807			
GO_REGULATION_OF_PROTEIN_SUMOYLATION	0.2229998069960931			
MIR4764_3P	0.2229616634792529			
GO_MAP_KINASE_KINASE_KINASE_ACTIVITY	0.22295628496589381			
GO_POSITIVE_REGULATION_OF_STEROID_HORMONE_SECRETION	0.22295475981230442			
GSE24142_ADULT_VS_FETAL_EARLY_THYMIC_PROGENITOR_DN	0.22295468712428504			
GO_MITOCHONDRIAL_RNA_PROCESSING	0.22294416029649516			
GO_R_SMAD_BINDING	0.22293289378349573			
GO_DENDRITIC_SPINE_HEAD	0.22293285112195974			
GO_MORPHOGENESIS_OF_A_POLARIZED_EPITHELIUM	0.22292652899799711			
CTIP_DN.V1_DN	0.22291486513822514			
GO_ACETYLGALACTOSAMINYLTRANSFERASE_ACTIVITY	0.22290354955042743			
GO_METHYLATION	0.22288752130696374			
BERENJENO_ROCK_SIGNALING_NOT_VIA_RHOA_UP	0.22288547432133776			
REACTOME_BUTYRATE_RESPONSE_FACTOR_1_BRF1_BINDS_AND_DESTABILIZES_MRNA	0.22288462740010026			
ZNF623_TARGET_GENES	0.22287563201396005			
CCAWYNNGAAR_UNKNOWN	0.22285300614071718			
DARWICHE_SKIN_TUMOR_PROMOTER_DN	0.22284692808689205			
GO_NEGATIVE_REGULATION_OF_LYASE_ACTIVITY	0.2228140837182864			
REACTOME_MYOCLONIC_EPILEPSY_OF_LAFORA	0.2228096514542389			
GO_PROTEIN_HEXAMERIZATION	0.22279839324085682			
GO_CARBON_OXYGEN_LYASE_ACTIVITY	0.2227960792153755			
GSE19941_LPS_VS_LPS_AND_IL10_STIM_IL10_KO_MACROPHAGE_UP	0.22279381398840895			
GRAESSMANN_RESPONSE_TO_MC_AND_DOXORUBICIN_DN	0.22278279866221828			
GSE44955_MCSF_VS_MCSF_AND_IL27_STIM_MACROPHAGE_DN	0.2227797705337321			
REACTOME_RAB_GERANYLGERANYLATION	0.22277026467363636			
GO_METANEPHRIC_GLOMERULUS_VASCULATURE_DEVELOPMENT	0.22274990859687355			
GO_ATRIOVENTRICULAR_VALVE_FORMATION	0.22272476378388353			
GO_NEGATIVE_REGULATION_OF_OSTEOBLAST_DIFFERENTIATION	0.22269754456994698			
MTA1_TARGET_GENES	0.22269512583733928			
ONDER_CDH1_TARGETS_3_UP	0.2226495620774805			
KOINUMA_COLON_CANCER_MSI_UP	0.22264093636450644			
GO_CARBOHYDRATE_BIOSYNTHETIC_PROCESS	0.22264017519639534			
BIOCARTA_INSULIN_PATHWAY	0.2226285764285435			
GSE38681_WT_VS_LYL1_KO_LYMPHOID_PRIMED_MULTIPOTENT_PROGENITOR_UP	0.22262528698571415			
CAFFAREL_RESPONSE_TO_THC_24HR_5_UP	0.2226229207327938			
GSE17721_0.5H_VS_8H_POLYIC_BMDC_UP	0.22261321399998082			
GSE23114_WT_VS_SLE2C1_MOUSE_PERITONEAL_CAVITY_B1A_BCELL_DN	0.22260106368401317			
CSR_EARLY_UP.V1_DN	0.22258998958661366			
GO_DNA_DAMAGE_RESPONSE_DETECTION_OF_DNA_DAMAGE	0.22256240991656143			
GO_NEGATIVE_REGULATION_OF_NEURON_PROJECTION_REGENERATION	0.22253677079480516			
IPA_SOX4_DN	0.22252905176649493			
GO_S_ADENOSYLMETHIONINE_METABOLIC_PROCESS	0.22250875615366975			
GO_NERVOUS_SYSTEM_PROCESS_INVOLVED_IN_REGULATION_OF_SYSTEMIC_ARTERIAL_BLOOD_PRESSURE	0.2224933371330901			
GO_MONOSACCHARIDE_CATABOLIC_PROCESS	0.22247925136796726			
GO_CARDIAC_VENTRICLE_MORPHOGENESIS	0.22247650010171802			
GO_REGULATION_OF_DNA_DEPENDENT_DNA_REPLICATION_INITIATION	0.2224576760920112			
GO_NAADP_SENSITIVE_CALCIUM_RELEASE_CHANNEL_ACTIVITY	0.22245258172567187			
GSE1112_OT1_CD8AB_VS_HY_CD8AA_THYMOCYTE_RTOC_CULTURE_UP	0.2224488679043522			
LEE_NEURAL_CREST_STEM_CELL_DN	0.22243895194950877			
chr1p36	0.22243530875904047			
GO_NEGATIVE_REGULATION_OF_PEPTIDYL_LYSINE_ACETYLATION	0.22243164982158817			
GO_DETECTION_OF_TEMPERATURE_STIMULUS_INVOLVED_IN_SENSORY_PERCEPTION	0.22241151169423454			
GO_DICHOTOMOUS_SUBDIVISION_OF_TERMINAL_UNITS_INVOLVED_IN_SALIVARY_GLAND_BRANCHING	0.22239527595355296			
TAATTA_CHX10_01	0.22238569642721276			
GO_CELL_PROJECTION_MEMBRANE	0.22237478814468978			
GO_RIBOSE_PHOSPHATE_METABOLIC_PROCESS	0.2223112212265959			
GO_OPIOID_RECEPTOR_ACTIVITY	0.22231070045305548			
RAHMAN_TP53_TARGETS_PHOSPHORYLATED	0.22231048577143575			
GO_REGULATION_OF_CELLULAR_CARBOHYDRATE_CATABOLIC_PROCESS	0.2223037559512881			
REACTOME_SERINE_BIOSYNTHESIS	0.22229069759807416			
IPA_GABPA_DN	0.22228501032594533			
IPA_ELF5_UP	0.22225416152741084			
GO_POSITIVE_REGULATION_OF_CARTILAGE_DEVELOPMENT	0.22225355122952478			
REACTOME_AKT_PHOSPHORYLATES_TARGETS_IN_THE_NUCLEUS	0.22223257650065797			
GSE360_L_MAJOR_VS_M_TUBERCULOSIS_MAC_DN	0.22223199717203063			
GO_TELOMERIC_LOOP_DISASSEMBLY	0.2221902234875706			
HUMMERICH_MALIGNANT_SKIN_TUMOR_DN	0.22217944207662738			
GO_BMP_RECEPTOR_BINDING	0.22217796607696547			
GO_TRANSLOCATION_OF_MOLECULES_INTO_HOST	0.2221715895445719			
GSE17721_PAM3CSK4_VS_CPG_16H_BMDC_UP	0.2221470450036209			
GO_DRUG_TRANSPORT	0.22213977727510412			
PID_ERBB1_RECEPTOR_PROXIMAL_PATHWAY	0.2221392285087982			
GO_REGULATION_OF_PROTEASOMAL_UBIQUITIN_DEPENDENT_PROTEIN_CATABOLIC_PROCESS	0.22212659629279763			
WEBER_METHYLATED_LCP_IN_FIBROBLAST_DN	0.22212487261257713			
GSE13306_TREG_RA_VS_TCONV_RA_DN	0.22210956750417166			
SUZUKI_RESPONSE_TO_TSA_AND_DECITABINE_1B	0.22209789350451445			
GO_ENDOTHELIAL_CELL_MATRIX_ADHESION	0.22209489103919036			
MIR3529_3P	0.22208937213111274			
GO_RELAXATION_OF_MUSCLE	0.22206652233545884			
IPA_HMGA1_DN	0.22205854160239163			
GO_OLIGOPEPTIDE_BINDING	0.22204777610911763			
IPA_CREB3L2_UP	0.22203760712648435			
CLAUS_PGR_POSITIVE_MENINGIOMA_UP	0.2220287221005791			
GO_METANEPHRIC_MESENCHYMAL_CELL_DIFFERENTIATION	0.2219950189502313			
GSE36009_WT_VS_NLRP10_KO_DC_LPS_STIM_DN	0.22196644856832018			
GSE18893_CTRL_VS_TNF_TREATED_TCONV_24H_DN	0.221948927828122			
GO_MEIOTIC_DNA_DOUBLE_STRAND_BREAK_FORMATION	0.22193370700662124			
LE_NEURONAL_DIFFERENTIATION_DN	0.22192786295110023			
PID_BETA_CATENIN_NUC_PATHWAY	0.22191509390442266			
GSE22935_WT_VS_MYD88_KO_MACROPHAGE_24H_MBOVIS_BCG_STIM_UP	0.22191478180970717			
GSE32255_WT_VS_JMJD2D_KNOCKDOWN_4H_LPS_STIM_DC_UP	0.22189301224016683			
GO_SHORT_CHAIN_CARBOXYLESTERASE_ACTIVITY	0.22187461324032118			
GSE5542_IFNG_VS_IFNA_TREATED_EPITHELIAL_CELLS_6H_UP	0.22187261716746434			
GO_METANEPHROS_MORPHOGENESIS	0.22186135186458852			
GSE12392_WT_VS_IFNB_KO_CD8A_NEG_SPLEEN_DC_UP	0.22183966240292957			
RIZ_ERYTHROID_DIFFERENTIATION_APOBEC2	0.2218245035242124			
GO_NEGATIVE_REGULATION_OF_PROTEIN_LOCALIZATION_TO_NUCLEUS	0.22180000594003693			
MIR3943	0.2217983916385567			
GO_POSITIVE_REGULATION_OF_CELLULAR_RESPONSE_TO_TRANSFORMING_GROWTH_FACTOR_BETA_STIMULUS	0.22176388295420335			
GO_ASPARTIC_TYPE_PEPTIDASE_ACTIVITY	0.22174978486301647			
GO_SIGNAL_RECOGNITION_PARTICLE_RECEPTOR_COMPLEX	0.22174192830216374			
GTACTGT_MIR101	0.22173461936771952			
MULLIGHAN_NPM1_MUTATED_SIGNATURE_2_DN	0.22171240439909706			
GO_L_PHENYLALANINE_METABOLIC_PROCESS	0.2217114422209877			
WILSON_PROTEASES_AT_TUMOR_BONE_INTERFACE_DN	0.221700242413828			
ZNF830_TARGET_GENES	0.22168447359220936			
TERAO_AOX4_TARGETS_HG_DN	0.22166462896449488			
GO_ADENYL_NUCLEOTIDE_BINDING	0.22165697603835505			
GO_REGULATION_OF_GLYCOGEN_STARCH_SYNTHASE_ACTIVITY	0.22163228536472088			
CAIRO_LIVER_DEVELOPMENT_UP	0.22162523727464464			
chr2q24	0.22161918799868266			
GO_REGULATION_OF_HELICASE_ACTIVITY	0.22161665141061856			
GO_GALACTOSYLTRANSFERASE_ACTIVITY	0.22161662366782553			
BIOCARTA_RNA_PATHWAY	0.22161227275276132			
REACTOME_SUMO_IS_PROTEOLYTICALLY_PROCESSED	0.22159680845603805			
CARD_MIR302A_TARGETS	0.22157973372610065			
REACTOME_OXIDATIVE_STRESS_INDUCED_SENESCENCE	0.22157525177820245			
MIR1295B_3P	0.22157118637392448			
GO_SENSORY_PERCEPTION	0.22156773616574008			
BOYLAN_MULTIPLE_MYELOMA_C_CLUSTER_UP	0.2215672294504946			
GO_GOLGI_DISASSEMBLY	0.221566977415606			
TCCCRNNRTGC_UNKNOWN	0.2215502853769009			
GO_REGULATION_OF_RIBOSOME_BIOGENESIS	0.22154563179882925			
GO_CELLULAR_COMPONENT_DISASSEMBLY_INVOLVED_IN_EXECUTION_PHASE_OF_APOPTOSIS	0.22154522500613918			
STEIN_ESTROGEN_RESPONSE_NOT_VIA_ESRRA	0.22154457787654605			
GO_POSITIVE_REGULATION_OF_CORTICOSTEROID_HORMONE_SECRETION	0.22151265760460548			
JIANG_VHL_TARGETS	0.22150618153039886			
HALLMARK_APICAL_JUNCTION	0.22150043516714688			
REACTOME_ALPHA_PROTEIN_KINASE_1_SIGNALING_PATHWAY	0.22150038976933228			
GO_REGULATION_OF_PANCREATIC_JUICE_SECRETION	0.22149170502225757			
REACTOME_ERYTHROCYTES_TAKE_UP_OXYGEN_AND_RELEASE_CARBON_DIOXIDE	0.22149031106120254			
IPA_PLAGL1_DN	0.22148608766394368			
GO_DOPAMINERGIC_NEURON_AXON_GUIDANCE	0.22146730027024106			
GO_FAT_SOLUBLE_VITAMIN_METABOLIC_PROCESS	0.22145665647156712			
GO_C_X_C_CHEMOKINE_RECEPTOR_ACTIVITY	0.2214502421003748			
GSE15930_NAIVE_VS_48H_IN_VITRO_STIM_IFNAB_CD8_TCELL_UP	0.22142237863176847			
GSE2585_CD80_HIGH_VS_LOW_AIRE_KO_MTEC_DN	0.22141696492749538			
GO_ESTABLISHMENT_OF_MITOCHONDRION_LOCALIZATION	0.22141650541696065			
XU_GH1_AUTOCRINE_TARGETS_UP	0.22141635288035738			
GSE45365_WT_VS_IFNAR_KO_CD8A_DC_MCMV_INFECTION_DN	0.2214117961651204			
IPA_RXRG_DN	0.22138655750052377			
GO_CYCLOHYDROLASE_ACTIVITY	0.22136188456067168			
IPA_HOXA10_UP	0.22135611511245187			
MIR3927_5P	0.22135534009352797			
GSE4984_GALECTIN1_VS_LPS_STIM_DC_DN	0.2213400225016105			
GO_CILIARY_TIP	0.22131920517589396			
GTCNYYATGR_UNKNOWN	0.2213082915454851			
SCHLESINGER_METHYLATED_DE_NOVO_IN_CANCER	0.2213074181983816			
REACTOME_INTRINSIC_PATHWAY_FOR_APOPTOSIS	0.22129505024123283			
GSE360_L_DONOVANI_VS_M_TUBERCULOSIS_MAC_UP	0.22129319526769087			
BRF2_TARGET_GENES	0.22128644527370533			
WANG_LSD1_TARGETS_UP	0.22127557920577862			
WEIGEL_OXIDATIVE_STRESS_RESPONSE	0.22125233051689033			
GO_CARBON_CATABOLITE_REGULATION_OF_TRANSCRIPTION	0.2212519987842497			
GGARNTKYCCA_UNKNOWN	0.22124551378511514			
GO_PENTOSE_PHOSPHATE_SHUNT_NON_OXIDATIVE_BRANCH	0.22122140233535695			
GO_PROTON_TRANSPORTING_TWO_SECTOR_ATPASE_COMPLEX_CATALYTIC_DOMAIN	0.2212004540811816			
TSENG_IRS1_TARGETS_UP	0.2211838036106671			
REACTOME_ION_CHANNEL_TRANSPORT	0.22118033190440553			
GO_GLUTAMINE_METABOLIC_PROCESS	0.22117734013551293			
VERNOCHET_ADIPOGENESIS	0.2211562115042142			
GO_RNA_DIRECTED_DNA_POLYMERASE_ACTIVITY	0.22114831760135553			
GO_TELOMERASE_ACTIVITY	0.22114831760135553			
GO_HEPARAN_SULFATE_N_ACETYLGLUCOSAMINYLTRANSFERASE_ACTIVITY	0.22114249693032562			
AUTS2_TARGET_GENES	0.2211333011489181			
MIR210_3P	0.2211246774700436			
GSE41978_WT_VS_ID2_KO_KLRG1_LOW_EFFECTOR_CD8_TCELL_UP	0.22111976858381086			
GO_LIPOXIN_METABOLIC_PROCESS	0.22110100587734752			
GO_SPINDLE_ORGANIZATION	0.22106867644446368			
GO_PHOSPHATIDYLINOSITOL_3_5_BISPHOSPHATE_PHOSPHATASE_ACTIVITY	0.22101189481205755			
SATO_SILENCED_EPIGENETICALLY_IN_PANCREATIC_CANCER	0.22100644889506843			
GO_FLAVONE_METABOLIC_PROCESS	0.2209431847129889			
IPA_CCNT1_DN	0.2209431847129889			
LIU_VAV3_PROSTATE_CARCINOGENESIS_DN	0.22094006720260895			
GO_NEGATIVE_REGULATION_OF_APOPTOTIC_PROCESS_INVOLVED_IN_DEVELOPMENT	0.22093983401494705			
GO_CYSTEINE_METABOLIC_PROCESS	0.2209394649744672			
GO_SYNAPTIC_TRANSMISSION_GLYCINERGIC	0.22093788961137972			
MIR1284	0.22093723050314396			
BIOCARTA_CIRCADIAN_PATHWAY	0.22092279322277045			
GSE15330_GRANULOCYTE_MONOCYTE_PROGENITOR_VS_PRO_BCELL_UP	0.22091215835578623			
REACTOME_CYCLIN_D_ASSOCIATED_EVENTS_IN_G1	0.22089921554369052			
MIR3912_5P	0.22089499136857835			
MOOTHA_GLYCOLYSIS	0.22086228949335454			
MIR361_3P	0.2208349390067605			
GSE15767_MED_VS_SCS_MAC_LN_DN	0.22081480370733647			
REACTOME_REGULATION_OF_PTEN_GENE_TRANSCRIPTION	0.2207856738053775			
GO_HOMOSERINE_METABOLIC_PROCESS	0.22077878612783164			
MIR6796_5P	0.2207783099386629			
MIR6856_5P	0.22077429970101856			
MATTIOLI_MULTIPLE_MYELOMA_SUBGROUPS	0.22077205918604575			
CASP8AP2_TARGET_GENES	0.22075984657877762			
GO_IMPORT_ACROSS_PLASMA_MEMBRANE	0.22074695129023092			
GO_AP_2_ADAPTOR_COMPLEX_BINDING	0.22072762041640817			
GO_STRESS_GRANULE_DISASSEMBLY	0.2206665966259468			
REACTOME_REGULATION_OF_GENE_EXPRESSION_IN_LATE_STAGE_BRANCHING_MORPHOGENESIS_PANCREATIC_BUD_PRECURSOR_CELLS	0.22066245989051703			
ACACTGG_MIR199A_MIR199B	0.2206551680194728			
GO_PROTEIN_LOCALIZATION_TO_CYTOSKELETON	0.22064033523131318			
KEGG_INOSITOL_PHOSPHATE_METABOLISM	0.22060650842245455			
ATM_DN.V1_DN	0.22057162438289396			
MIR29B_1_5P	0.2205587930336642			
GSE2770_UNTREATED_VS_ACT_CD4_TCELL_2H_DN	0.22053140822595943			
CHEN_LIVER_METABOLISM_QTL_CIS	0.2205067125304187			
GO_DOLICHYL_PHOSPHATE_MANNOSE_PROTEIN_MANNOSYLTRANSFERASE_ACTIVITY	0.2205051242700501			
GO_CENTROMERIC_SISTER_CHROMATID_COHESION	0.22049588188200728			
GSE7509_UNSTIM_VS_TNFA_IL1B_IL6_PGE_STIM_DC_DN	0.22049038021812145			
GSE16385_UNTREATED_VS_12H_ROSIGLITAZONE_TREATED_MACROPHAGE_UP	0.2204840751075096			
MIR7157_3P	0.22045128231807176			
GO_RESPONSE_TO_METAL_ION	0.2204238777664153			
REACTOME_ZINC_TRANSPORTERS	0.22040805721245252			
GO_TRNA_ADENINE_METHYLTRANSFERASE_ACTIVITY	0.2203883447901627			
REACTOME_MITOCHONDRIAL_UNCOUPLING	0.22035522479854427			
IPA_DLX3_UP	0.22034863900347212			
GO_REGULATION_OF_PINOCYTOSIS	0.22034333900307812			
REACTOME_MISSPLICED_LRP5_MUTANTS_HAVE_ENHANCED_BETA_CATENIN_DEPENDENT_SIGNALING	0.2203375222298984			
GSE17721_CTRL_VS_PAM3CSK4_0.5H_BMDC_DN	0.22033241738137022			
BIOCARTA_ERK_PATHWAY	0.22032585030484245			
GO_NEGATIVE_REGULATION_OF_SISTER_CHROMATID_COHESION	0.2203035956518402			
MIR450A_1_3P	0.2202938045399964			
GSE46606_UNSTIM_VS_CD40L_IL2_IL5_1DAY_STIMULATED_IRF4MID_SORTED_BCELL_DN	0.220289563169945			
GO_URETERIC_BUD_FORMATION	0.22026294178439965			
GO_SKELETAL_MUSCLE_CELL_DIFFERENTIATION	0.22026055306039768			
MELLMAN_TUT1_TARGETS_UP	0.22023246032609498			
GO_NEGATIVE_REGULATION_OF_MYOBLAST_DIFFERENTIATION	0.22020991016408642			
GSE42021_TREG_PLN_VS_CD24LO_TREG_THYMUS_UP	0.22020709562013563			
GO_RESPONSE_TO_OXYGEN_RADICAL	0.22018936294646885			
GSE29618_LAIV_VS_TIV_FLU_VACCINE_DAY7_PDC_DN	0.22016957446102894			
GO_RNA_POLYADENYLATION	0.2201663924130674			
REACTOME_MITOCHONDRIAL_FATTY_ACID_BETA_OXIDATION_OF_SATURATED_FATTY_ACIDS	0.22015268226759324			
MIR4270	0.22013835029393733			
GSE36527_CD62L_HIGH_VS_CD62L_LOW_TREG_CD69_NEG_KLRG1_NEG_DN	0.2201178691093018			
GO_FOLATE_TRANSMEMBRANE_TRANSPORT	0.2201074495705206			
GO_ASPARTIC_ENDOPEPTIDASE_ACTIVITY_INTRAMEMBRANE_CLEAVING	0.22008455442313943			
GO_SYNAPTIC_MEMBRANE	0.22006467512904385			
DING_LUNG_CANCER_MUTATED_RECURRENTLY	0.22004812614566624			
GO_ENONE_REDUCTASE_ACTIVITY	0.2200290861280076			
MIR4477B	0.2200071989881122			
GO_HEART_FORMATION	0.21999631447616147			
REACTOME_HIV_TRANSCRIPTION_ELONGATION	0.2199920033946636			
HNF3_Q6	0.21996767946734525			
GO_COFACTOR_CATABOLIC_PROCESS	0.2199534490918773			
REACTOME_METABOLISM_OF_FOLATE_AND_PTERINES	0.21992897062800765			
GO_REGULATION_OF_CELLULAR_CARBOHYDRATE_METABOLIC_PROCESS	0.21990543608574228			
KLF7_TARGET_GENES	0.2198796301690385			
chr3q26	0.2198647172167673			
GSE17721_0.5H_VS_12H_CPG_BMDC_UP	0.2198571181688906			
GO_INHIBITORY_SYNAPSE	0.21984794258045343			
GO_NUCLEAR_EUCHROMATIN	0.2198343566928367			
GO_ANTIPORTER_ACTIVITY	0.21982656852977744			
GSE36078_UNTREATED_VS_AD5_T425A_HEXON_INF_IL1R_KO_MOUSE_LUNG_DC_DN	0.21982203944842482			
IPA_POU1F1_UP	0.21981343914208432			
GO_CALCIUM_ACTIVATED_CATION_CHANNEL_ACTIVITY	0.21981303891037915			
MIR9851_3P	0.2197906021246027			
GO_REGULATION_OF_NEURON_PROJECTION_ARBORIZATION	0.21977999996287131			
GO_ENDORIBONUCLEASE_ACTIVITY_PRODUCING_5_PHOSPHOMONOESTERS	0.21975745030789853			
GO_ACYLGLYCEROL_O_ACYLTRANSFERASE_ACTIVITY	0.21974569498807084			
GO_5_PHOSPHORIBOSE_1_DIPHOSPHATE_METABOLIC_PROCESS	0.2197232362455211			
GO_POSITIVE_REGULATION_OF_GENE_EXPRESSION_EPIGENETIC	0.2197074833972063			
GO_REGULATION_OF_MAINTENANCE_OF_SISTER_CHROMATID_COHESION	0.2197041593571373			
REACTOME_TRANSLATION	0.21967416991553262			
GSE13229_MATURE_VS_INTMATURE_NKCELL_UP	0.21964495895359962			
GSE39820_TGFBETA1_VS_TGFBETA3_IN_IL6_IL23A_TREATED_CD4_TCELL_DN	0.21963823141562583			
GO_REGULATION_OF_RNA_INTERFERENCE	0.21956906900831097			
GO_NARROW_PORE_CHANNEL_ACTIVITY	0.219527475842391			
GSE5679_PPARG_LIGAND_ROSIGLITAZONE_VS_RARA_AGONIST_AM580_TREATED_DC_UP	0.21951591158885886			
GSE25123_CTRL_VS_IL4_STIM_PPARG_KO_MACROPHAGE_UP	0.21949020021821677			
chr2p21	0.2194416181274077			
REACTOME_WNT_LIGAND_BIOGENESIS_AND_TRAFFICKING	0.21943753409808722			
MIR6499_3P	0.21943494988468443			
GO_RESPONSE_TO_PURINE_CONTAINING_COMPOUND	0.21942648241784019			
BIOCARTA_PTC1_PATHWAY	0.21941931621811156			
GO_CELLULAR_MACROMOLECULE_LOCALIZATION	0.2194012805508398			
GO_CRANIAL_NERVE_DEVELOPMENT	0.21940083679367872			
GO_TRANSPORTER_ACTIVITY	0.2193978852667583			
DACOSTA_UV_RESPONSE_VIA_ERCC3_UP	0.2193867745393107			
GSE19888_CTRL_VS_TCELL_MEMBRANES_ACT_MAST_CELL_PRETREAT_A3R_INH_UP	0.2193707732885943			
GO_O_ACYLTRANSFERASE_ACTIVITY	0.2193642826121469			
AREB6_04	0.2193121065227707			
SMID_BREAST_CANCER_LUMINAL_A_UP	0.21930799233152434			
GO_HISTONE_H3_K9_MODIFICATION	0.21930287690503142			
MIR4272	0.2192748469877079			
GSE37301_HEMATOPOIETIC_STEM_CELL_VS_MULTIPOTENT_PROGENITOR_UP	0.21925026967813024			
GO_EUKARYOTIC_TRANSLATION_INITIATION_FACTOR_3_COMPLEX_EIF3M	0.21919690670767045			
REACTOME_APEX1_INDEPENDENT_RESOLUTION_OF_AP_SITES_VIA_THE_SINGLE_NUCLEOTIDE_REPLACEMENT_PATHWAY	0.2191934182817466			
GO_ADP_RIBOSE_DIPHOSPHATASE_ACTIVITY	0.219124991148745			
REACTOME_REGULATION_OF_MRNA_STABILITY_BY_PROTEINS_THAT_BIND_AU_RICH_ELEMENTS	0.2191168923914404			
GO_REGULATION_OF_SKELETAL_MUSCLE_CONTRACTION_BY_CALCIUM_ION_SIGNALING	0.2191165132095685			
GSE28737_WT_VS_BCL6_KO_MARGINAL_ZONE_BCELL_UP	0.21911128405813604			
GO_REGULATION_OF_GOLGI_TO_PLASMA_MEMBRANE_PROTEIN_TRANSPORT	0.21908042027346547			
MIR6737_3P	0.21907849335682816			
PTEN_DN.V2_DN	0.21904696554132352			
GO_CELLULAR_CARBOHYDRATE_CATABOLIC_PROCESS	0.2190377416953482			
REACTOME_BETA_OXIDATION_OF_OCTANOYL_COA_TO_HEXANOYL_COA	0.21903339409158604			
GO_POSITIVE_REGULATION_OF_HISTONE_H3_K9_METHYLATION	0.21903248672099976			
NKX25_01	0.2190151720031234			
GO_REGULATION_OF_CYSTEINE_TYPE_ENDOPEPTIDASE_ACTIVITY_INVOLVED_IN_EXECUTION_PHASE_OF_APOPTOSIS	0.21900162462715567			
BROWNE_HCMV_INFECTION_12HR_UP	0.2189857370204713			
GSE17721_LPS_VS_PAM3CSK4_1H_BMDC_UP	0.2189482047344226			
BIOCARTA_EPONFKB_PATHWAY	0.21889808265147495			
GO_CELLULAR_RESPONSE_TO_HEAT	0.21887751981725898			
REACTOME_RESOLUTION_OF_D_LOOP_STRUCTURES	0.2188457302942075			
IPA_TRIM22_DN	0.21882863365784844			
GSE35543_IN_VIVO_NTREG_VS_CONVERTED_EX_ITREG_UP	0.21882625468306843			
GO_CERAMIDE_METABOLIC_PROCESS	0.21880483786705657			
GSE1925_3H_VS_24H_IFNG_STIM_MACROPHAGE_UP	0.218798794192213			
PID_ERBB4_PATHWAY	0.21879099105376196			
BIOCARTA_GHRELIN_PATHWAY	0.21877905849263637			
BIOCARTA_MTA3_PATHWAY	0.21875860864033145			
MIR378G	0.21870321039639148			
PID_PI3K_PLC_TRK_PATHWAY	0.2186944412752494			
MIR345_3P	0.21866059701104826			
UEDA_CENTRAL_CLOCK	0.21865841895163066			
GSE13522_CTRL_VS_T_CRUZI_Y_STRAIN_INF_SKIN_IFNG_KO_UP	0.21861501949656			
GO_SPERM_EGG_RECOGNITION	0.2186095437720099			
GSE7831_1H_VS_4H_CPG_STIM_PDC_UP	0.21858770902599245			
GO_GLYCERALDEHYDE_3_PHOSPHATE_METABOLIC_PROCESS	0.21856024240455732			
BERNARD_PPAPDC1B_TARGETS_DN	0.21845153403563128			
CCACACA_MIR147	0.21844459239423847			
MIR3916	0.21844037154104376			
WHITFIELD_CELL_CYCLE_G1_S	0.21841893864806147			
GO_NEUROTRANSMITTER_RECEPTOR_TRANSPORT	0.21841446858774505			
MIR553	0.21839297194298993			
REACTOME_TERMINAL_PATHWAY_OF_COMPLEMENT	0.2183677572275777			
MIR6769A_3P	0.2183480882528187			
IPA_LEF1_UP	0.21827729174409286			
FEVR_CTNNB1_TARGETS_DN	0.21826822579677746			
NFE2L3_TARGET_GENES	0.21826225956612547			
GO_GAS_TRANSPORT	0.2182609474776554			
GO_TETRASPANIN_ENRICHED_MICRODOMAIN	0.2182507167248612			
GO_PURINE_NUCLEOTIDE_TRANSPORT	0.2182459142805251			
KEGG_PORPHYRIN_AND_CHLOROPHYLL_METABOLISM	0.2182251911893081			
GO_POTASSIUM_ION_ANTIPORTER_ACTIVITY	0.218224376563605			
THAP1_TARGET_GENES	0.21821647855505263			
GO_TRANSFERASE_ACTIVITY_TRANSFERRING_ALKYL_OR_ARYL_OTHER_THAN_METHYL_GROUPS	0.21820367546019415			
MIR3115	0.21819142134198086			
GSE34156_TLR1_TLR2_LIGAND_VS_NOD2_AND_TLR1_TLR2_LIGAND_6H_TREATED_MONOCYTE_UP	0.2181875109148984			
GO_SIGNAL_RECOGNITION_PARTICLE_ENDOPLASMIC_RETICULUM_TARGETING	0.21818368588852477			
GO_TBP_CLASS_PROTEIN_BINDING	0.2181812343701992			
GSE9946_IMMATURE_VS_LISTERIA_INF_MATURE_DC_DN	0.21816882422578282			
GO_INTRACELLULAR_MRNA_LOCALIZATION	0.21816843509353093			
IPA_KCNIP2_DN	0.21815987012928348			
SAMOLS_TARGETS_OF_KHSV_MIRNAS_UP	0.2181560787540157			
GSE14000_TRANSLATED_RNA_VS_MRNA_4H_LPS_DC_UP	0.21813061437025238			
RUAN_RESPONSE_TO_TNF_UP	0.2181185585268682			
FOXO1_02	0.21808802368327293			
GO_MANGANESE_ION_BINDING	0.2180728268886523			
IVANOVSKA_MIR106B_TARGETS	0.21806773051042563			
GSE360_DC_VS_MAC_L_MAJOR_DN	0.2180505327389846			
MIR1228_3P	0.21803259700442015			
GO_NEGATIVE_REGULATION_OF_CARBOHYDRATE_METABOLIC_PROCESS	0.21800424896241075			
PID_ARF6_DOWNSTREAM_PATHWAY	0.21799960240186828			
GO_TRANSMEMBRANE_TRANSPORT	0.2179780069021061			
MIR5187_5P	0.21796991623480572			
GO_REGULATION_OF_STEM_CELL_DIFFERENTIATION	0.21796801249000364			
IPA_HOXC13_UP	0.21794497977598834			
GO_REGULATION_OF_TAU_PROTEIN_KINASE_ACTIVITY	0.21793977398714415			
GO_URONIC_ACID_METABOLIC_PROCESS	0.2179358980924066			
GSE26351_WNT_VS_BMP_PATHWAY_STIM_HEMATOPOIETIC_PROGENITORS_UP	0.2179328116554894			
GSE2770_UNTREATED_VS_ACT_CD4_TCELL_48H_UP	0.21791869776268147			
REACTOME_BETA_DEFENSINS	0.21791319748643154			
GO_PHOSPHOSERINE_RESIDUE_BINDING	0.2179104094496521			
GO_L_ASPARTATE_TRANSMEMBRANE_TRANSPORT	0.217894172667363			
GO_PHOSPHATIDYLINOSITOL_4_5_BISPHOSPHATE_5_PHOSPHATASE_ACTIVITY	0.21789331506092197			
GGGNRMNNYCAT_UNKNOWN	0.21784459141541407			
BANDRES_RESPONSE_TO_CARMUSTIN_MGMT_48HR_DN	0.21782927248399434			
MIR7152_3P	0.21782005586201988			
GO_RIBOSOMAL_SMALL_SUBUNIT_BIOGENESIS	0.2178036576527602			
GO_PHOSPHOTRANSFERASE_ACTIVITY_PHOSPHATE_GROUP_AS_ACCEPTOR	0.21779311636560886			
GO_CILIUM_MOVEMENT_INVOLVED_IN_CELL_MOTILITY	0.21775565529347835			
YAGUE_PRETUMOR_DRUG_RESISTANCE_UP	0.21772863886519275			
AGTCAGC_MIR345	0.2176780806247417			
GO_REGULATION_OF_MICROTUBULE_BASED_PROCESS	0.21767474955031912			
GO_QUINOLINATE_METABOLIC_PROCESS	0.21766995301784642			
GO_REGULATION_OF_INTERLEUKIN_2_SECRETION	0.21764695591835864			
GO_INDOLE_CONTAINING_COMPOUND_CATABOLIC_PROCESS	0.217643952394696			
GO_REGULATION_OF_PSEUDOPODIUM_ASSEMBLY	0.21762471124858448			
CHIARADONNA_NEOPLASTIC_TRANSFORMATION_KRAS_CDC25_DN	0.2176073452793058			
GO_TRNA_SPECIFIC_ADENOSINE_DEAMINASE_ACTIVITY	0.21754719955647533			
MIR325	0.2175324565707626			
GO_GENETIC_IMPRINTING	0.21752362428364275			
GO_POSITIVE_REGULATION_OF_COFACTOR_METABOLIC_PROCESS	0.21750571782508643			
GO_CEREBELLAR_GRANULAR_LAYER_FORMATION	0.2175054765246351			
GSE7852_THYMUS_VS_FAT_TCONV_UP	0.21749023137523388			
GO_REGULATION_OF_PROTEIN_EXIT_FROM_ENDOPLASMIC_RETICULUM	0.21748288756076337			
GO_NUCLEOSIDE_TRIPHOSPHATE_DIPHOSPHATASE_ACTIVITY	0.21745294987460276			
MIR12132	0.21742719591610388			
GO_POSITIVE_REGULATION_OF_COLD_INDUCED_THERMOGENESIS	0.2174252869517814			
GO_SEX_DETERMINATION	0.21741464369274444			
MANN_RESPONSE_TO_AMIFOSTINE_UP	0.2173929786443853			
GO_DNA_HELICASE_COMPLEX	0.21738794799172328			
MIR4661_3P	0.21737681243994345			
BILANGES_SERUM_RESPONSE_TRANSLATION	0.21736657518735106			
KAPOSI_LIVER_CANCER_MET_UP	0.21735393786052898			
REACTOME_ORGANIC_ANION_TRANSPORT	0.21734520863673082			
LAMB_CCND1_TARGETS	0.21734499605687513			
GO_PROTEIN_HOMOTETRAMERIZATION	0.21731488569919488			
GO_NEGATIVE_REGULATION_OF_ATP_METABOLIC_PROCESS	0.2173134198394545			
HAMAI_APOPTOSIS_VIA_TRAIL_DN	0.2173082674025665			
GO_RESPONSE_TO_INTERLEUKIN_17	0.21725254461201107			
GO_AMINO_ACID_TRANSPORT	0.21724443726854667			
LOPEZ_MESOTHELIOMA_SURVIVAL_OVERALL_UP	0.21724075809329815			
GO_POSITIVE_REGULATION_OF_TRANSLATIONAL_ELONGATION	0.21724048899939974			
GO_ENDONUCLEOLYTIC_CLEAVAGE_IN_5_ETS_OF_TRICISTRONIC_RRNA_TRANSCRIPT_SSU_RRNA_5_8S_RRNA_LSU_RRNA	0.2172112019552474			
chr7p13	0.21720292102786598			
GSE11924_TH1_VS_TH17_CD4_TCELL_UP	0.2171812977359216			
GSE3203_WT_VS_IFNAR1_KO_INFLUENZA_INFECTED_LN_BCELL_DN	0.21717549234089767			
BIOCARTA_RACCYCD_PATHWAY	0.21716661331111456			
GO_POSITIVE_REGULATION_OF_INTRACELLULAR_LIPID_TRANSPORT	0.2171659061641103			
MIR6734_5P	0.21716093444343393			
IPA_HLF_UP	0.21715110061487558			
GO_POSITIVE_REGULATION_OF_PROTEIN_SUMOYLATION	0.2171191568114975			
MIR4725_5P	0.21710925811372062			
GO_COPI_COATED_VESICLE	0.21709138861392485			
LUI_THYROID_CANCER_PAX8_PPARG_DN	0.21708254456965384			
GO_POSITIVE_REGULATION_OF_PROTEOLYSIS_INVOLVED_IN_CELLULAR_PROTEIN_CATABOLIC_PROCESS	0.21704617935818193			
MIR1304_3P	0.21704344989862318			
IPA_TEAD2_UP	0.21701931335058458			
OCT1_Q6	0.2170050283687017			
MIR128_3P	0.2169894734723455			
GSE32255_UNSTIM_VS_4H_LPS_STIM_DC_DN	0.21696910195953337			
MIR216A_3P	0.21692414583705416			
GO_POSITIVE_REGULATION_OF_ARP2_3_COMPLEX_MEDIATED_ACTIN_NUCLEATION	0.21692317554858268			
GSE27896_HDAC6_KO_VS_WT_TREG_DN	0.2169202439684336			
GO_MEMBRANE_LIPID_CATABOLIC_PROCESS	0.21685591428383075			
TGANNYRGCA_TCF11MAFG_01	0.21684180642018153			
chr5q34	0.21681003323282855			
KEGG_PROTEIN_EXPORT	0.2167864859004217			
GO_NEUROTRANSMITTER_UPTAKE	0.2167733961919041			
GO_PROTEIN_GLYCOSYLATION_IN_GOLGI	0.2167532374591155			
MIR651_5P	0.21671068362244567			
MAINA_HYPOXIA_VHL_TARGETS_UP	0.2167104122381949			
REACTOME_N_GLYCAN_TRIMMING_IN_THE_ER_AND_CALNEXIN_CALRETICULIN_CYCLE	0.2166920203733104			
GO_GLUTATHIONE_CATABOLIC_PROCESS	0.21668800201532754			
REACTOME_DOWNREGULATION_OF_ERBB2_ERBB3_SIGNALING	0.2166865292601129			
MIR544A	0.21668526420457182			
BIOCARTA_ATM_PATHWAY	0.2166729846770829			
MIR3152_5P	0.2166373989980745			
GO_INORGANIC_ANION_EXCHANGER_ACTIVITY	0.21663732924507617			
THILLAINADESAN_ZNF217_TARGETS_DN	0.21662920621463128			
CHANGOLKAR_H2AFY_TARGETS_DN	0.21662305092393472			
GO_RESPONSE_TO_VITAMIN_E	0.2166086492075508			
GO_CYCLIN_CDK_POSITIVE_TRANSCRIPTION_ELONGATION_FACTOR_COMPLEX	0.21660497969727874			
GO_PEPTIDYL_LYSINE_ACETYLATION	0.21659818445784157			
GO_CELLULAR_RESPONSE_TO_ETHER	0.216594341626349			
MIR323A_3P	0.21659388448851152			
MIR339_5P	0.2165693414435357			
GSE7459_UNTREATED_VS_IL6_TREATED_ACT_CD4_TCELL_DN	0.21656261788619524			
GO_ORGANELLE_INHERITANCE	0.21650014194210807			
MONTERO_THYROID_CANCER_POOR_SURVIVAL_UP	0.21649477507558681			
BAUS_TFF2_TARGETS_DN	0.21647752916777518			
GO_NEGATIVE_REGULATION_OF_RETINOIC_ACID_RECEPTOR_SIGNALING_PATHWAY	0.21642037621410126			
MIR1178_5P	0.21641020343327833			
GSE24492_LYVE_NEG_VS_POS_MACROPHAGE_UP	0.2164070037467841			
GO_PROTEIN_KINASE_C_BINDING	0.2164037338492275			
GSE360_L_MAJOR_VS_M_TUBERCULOSIS_DC_UP	0.21638510560890065			
GSE44649_NAIVE_VS_ACTIVATED_CD8_TCELL_DN	0.21637409320383508			
REACTOME_GLUTAMATE_NEUROTRANSMITTER_RELEASE_CYCLE	0.21637056957627146			
GSE13306_TREG_RA_VS_TCONV_RA_UP	0.21636654403481465			
GO_CYTOSOLIC_SMALL_RIBOSOMAL_SUBUNIT	0.21635583661801233			
GO_GAP_JUNCTION_CHANNEL_ACTIVITY_INVOLVED_IN_CELL_COMMUNICATION_BY_ELECTRICAL_COUPLING	0.21635246689866378			
FARMER_BREAST_CANCER_CLUSTER_2	0.21635038478855828			
GO_REGULATION_OF_MRNA_3_END_PROCESSING	0.21634104307751514			
GO_HISTONE_H4_K20_METHYLATION	0.2162970577767508			
GO_CATION_CHANNEL_ACTIVITY	0.21629561248265117			
GSE34156_UNTREATED_VS_24H_TLR1_TLR2_LIGAND_TREATED_MONOCYTE_DN	0.21628080790645174			
GO_TRANSMEMBRANE_RECEPTOR_PROTEIN_SERINE_THREONINE_KINASE_BINDING	0.21627518867047069			
MIR5702	0.21621849696274748			
GSE27786_LSK_VS_NKTCELL_UP	0.2162004897513056			
MIR519C_3P	0.21619959163145375			
MIR6875_5P	0.21619541015735486			
GO_MULTIVESICULAR_BODY_LUMEN	0.216185327154595			
IPA_MEIS2_DN	0.21617332886624535			
REACTOME_AKT_PHOSPHORYLATES_TARGETS_IN_THE_CYTOSOL	0.2161255214881871			
GO_NUCLEAR_TRANSPORT	0.21612424426145482			
GSE36392_TYPE_2_MYELOID_VS_MAC_IL25_TREATED_LUNG_DN	0.21608783816907182			
GSE2770_TGFB_AND_IL4_VS_IL4_TREATED_ACT_CD4_TCELL_2H_DN	0.21607254974812157			
GO_CAVEOLIN_MEDIATED_ENDOCYTOSIS	0.21605623082320594			
GO_BASE_EXCISION_REPAIR	0.21603929728049048			
GO_GUANYLATE_CYCLASE_REGULATOR_ACTIVITY	0.21602137921517214			
GO_EPITHELIAL_CILIUM_MOVEMENT_INVOLVED_IN_DETERMINATION_OF_LEFT_RIGHT_ASYMMETRY	0.21601424310831202			
GSE12707_AT16L1_HYPOMORPH_VS_WT_THYMUS_UP	0.21598093994740242			
ZFP3_TARGET_GENES	0.21597599010978424			
OCT1_06	0.21597334966047751			
GO_REGULATION_OF_GLYCOGEN_METABOLIC_PROCESS	0.21595939446366924			
BOYAULT_LIVER_CANCER_SUBCLASS_G23_UP	0.21587813897063543			
GO_GPI_ANCHOR_TRANSAMIDASE_COMPLEX	0.21587414334342325			
GO_GPI_ANCHOR_TRANSAMIDASE_ACTIVITY	0.21587414334342325			
GO_NEGATIVE_REGULATION_OF_SYSTEMIC_ARTERIAL_BLOOD_PRESSURE	0.21585687076426094			
GO_BHLH_TRANSCRIPTION_FACTOR_BINDING	0.2158203425016051			
GSE15624_CTRL_VS_6H_HALOFUGINONE_TREATED_CD4_TCELL_DN	0.21579549734814163			
GO_CHROMATIN_SILENCING_COMPLEX	0.2157830990351426			
REACTOME_SURFACTANT_METABOLISM	0.21575577468053378			
REACTOME_CELLULAR_RESPONSE_TO_HEAT_STRESS	0.21573512855064456			
CGGTGTG_MIR220	0.2157260948478837			
GO_POSITIVE_REGULATION_OF_CELLULAR_CARBOHYDRATE_METABOLIC_PROCESS	0.21572372104905932			
GO_PYRUVATE_DEHYDROGENASE_ACTIVITY	0.2157073496991191			
GO_POSITIVE_REGULATION_OF_TRANSCRIPTION_FROM_RNA_POLYMERASE_II_PROMOTER_INVOLVED_IN_HEART_DEVELOPMENT	0.21569033247639222			
GO_NEGATIVE_REGULATION_OF_METANEPHROS_DEVELOPMENT	0.21567963548671115			
LAU_APOPTOSIS_CDKN2A_DN	0.2156730840679594			
GO_REGULATION_OF_CILIUM_BEAT_FREQUENCY	0.21567094799673606			
REACTOME_HSF1_DEPENDENT_TRANSACTIVATION	0.21566532161006327			
MIR519A_3P_MIR519B_3P	0.21564813879056127			
GSE16385_MONOCYTE_VS_12H_ROSIGLITAZONE_IL4_TREATED_MACROPHAGE_UP	0.2156261927493644			
GO_POSTSYNAPTIC_NEUROTRANSMITTER_RECEPTOR_INTERNALIZATION	0.21560908506168344			
GO_CIS_REGULATORY_REGION_BINDING	0.215586625067931			
GO_AROMATIC_AMINO_ACID_FAMILY_CATABOLIC_PROCESS	0.21556502069600733			
GO_CYTOCHROME_B5_REDUCTASE_ACTIVITY_ACTING_ON_NAD_P_H	0.21554871193696454			
GO_NEGATIVE_REGULATION_OF_CD4_POSITIVE_ALPHA_BETA_T_CELL_PROLIFERATION	0.21554670983124502			
GO_NUCLEOSIDE_TRIPHOSPHATE_CATABOLIC_PROCESS	0.21553176747452368			
GSE11924_TH1_VS_TH2_CD4_TCELL_UP	0.21553121834470487			
GO_PIGMENT_CATABOLIC_PROCESS	0.21551501659414252			
GO_BRANCHED_CHAIN_AMINO_ACID_METABOLIC_PROCESS	0.21550012972931135			
MIR2277_3P	0.2154873460291209			
CATTTCA_MIR203	0.21546037463603193			
ZNF331_TARGET_GENES	0.21545127996995317			
GO_NEGATIVE_REGULATION_OF_CARDIOCYTE_DIFFERENTIATION	0.21542538523877797			
GO_EUKARYOTIC_48S_PREINITIATION_COMPLEX	0.21542408341886493			
GO_RESPIRATORY_GASEOUS_EXCHANGE_BY_RESPIRATORY_SYSTEM	0.21539631970867065			
GO_CYCLIN_DEPENDENT_PROTEIN_SERINE_THREONINE_KINASE_REGULATOR_ACTIVITY	0.21539612626951973			
GROSS_HIF1A_TARGETS_UP	0.21539540757997602			
KEGG_VEGF_SIGNALING_PATHWAY	0.21533844642787503			
BIOCARTA_CDK5_PATHWAY	0.21533527221003435			
GO_PRIMITIVE_STREAK_FORMATION	0.21529762699856084			
GSE13306_RA_VS_UNTREATED_TCONV_DN	0.21529064475900753			
GO_WHITE_FAT_CELL_DIFFERENTIATION	0.2152701609576741			
GO_PICLN_SM_PROTEIN_COMPLEX	0.21526982624473548			
BANP_TARGET_GENES	0.21526021145257576			
GO_4_IRON_4_SULFUR_CLUSTER_BINDING	0.2152485071119788			
GSE13493_CD4INTCD8POS_VS_CD8POS_THYMOCYTE_UP	0.21521448514461786			
GO_SPERM_ANNULUS	0.21521271191793162			
IPA_FGF3_DN	0.21519417600078156			
MIR125A_3P	0.21518568125861987			
GSE41176_UNSTIM_VS_ANTI_IGM_STIM_TAK1_KO_BCELL_6H_DN	0.2151574873710631			
GO_NUCLEOLUS	0.21514771636116461			
MIR4489	0.21513109656900364			
chr10q11	0.21510748138614982			
GO_SOLUTE_PROTON_ANTIPORTER_ACTIVITY	0.21510170805856005			
GO_DNA_GEOMETRIC_CHANGE	0.21508869186030324			
GO_BOX_H_ACA_SNORNP_COMPLEX	0.2150685726158498			
GO_BOX_H_ACA_RNP_COMPLEX	0.2150685726158498			
GO_BOX_H_ACA_TELOMERASE_RNP_COMPLEX	0.2150685726158498			
GO_BOX_H_ACA_SNORNA_BINDING	0.2150685726158498			
GSE27786_LSK_VS_ERYTHROBLAST_DN	0.21506525529388834			
REACTOME_DNA_DAMAGE_BYPASS	0.21506410892617422			
GO_HETEROCHROMATIN_ASSEMBLY	0.21505630069927267			
GO_SNRNA_TRANSCRIPTION	0.2150431066871776			
MIR4520_2_3P	0.21501799389181672			
MIR8080	0.21500709184858066			
MIR5195_5P	0.2150018700594366			
AKT_UP.V1_DN	0.21497577754610467			
REACTOME_DEGRADATION_OF_BETA_CATENIN_BY_THE_DESTRUCTION_COMPLEX	0.21494507001661403			
GO_POSITIVE_REGULATION_OF_ALCOHOL_BIOSYNTHETIC_PROCESS	0.21494343908321067			
GO_FRIZZLED_BINDING	0.21490752537738436			
GO_NCRNA_TRANSCRIPTION	0.21489522203707093			
GSE22886_NAIVE_CD4_TCELL_VS_12H_ACT_TH2_UP	0.21488609178615864			
IPA_HNF4A_DN	0.21487575768120928			
SPIELMAN_LYMPHOBLAST_EUROPEAN_VS_ASIAN_2FC_UP	0.21487242078388027			
BENPORATH_EED_TARGETS	0.2148597849624859			
GO_CARBON_CARBON_LYASE_ACTIVITY	0.21484590627294745			
LI_DCP2_BOUND_MRNA	0.21482546675247693			
GO_REGULATION_OF_MODIFICATION_OF_POSTSYNAPTIC_ACTIN_CYTOSKELETON	0.21481543353678714			
GO_KINOCILIUM	0.21481462759563688			
PID_WNT_SIGNALING_PATHWAY	0.21478698685535466			
GSE9946_LISTERIA_INF_MATURE_VS_PROSTAGLANDINE2_TREATED_MATURE_DC_UP	0.21476585441316934			
MIR3919	0.21473939963276897			
PID_BMP_PATHWAY	0.21469313505446272			
GO_RNA_POLYMERASE_III_ACTIVITY	0.21468514261768773			
GSE21546_UNSTIM_VS_ANTI_CD3_STIM_ELK1_KO_DP_THYMOCYTES_DN	0.21468444336436673			
IPA_BCL6_DN	0.21468103877976832			
MIR7159_3P	0.21467516410402787			
GSE21927_EL4_VS_MCA203_TUMOR_MONOCYTES_DN	0.21466319954435925			
IPA_NFE2L3_DN	0.21465770429411363			
IPA_HOXC9_DN	0.2146484603228591			
GO_CYTOPLASMIC_TRANSLATIONAL_ELONGATION	0.2146378646622984			
IPA_NR0B1_DN	0.21462765867410985			
IPA_NR0B1_UP	0.21462765867410985			
PUJANA_BREAST_CANCER_WITH_BRCA1_MUTATED_DN	0.21461003917374744			
GO_RESPONSE_TO_ACIDIC_PH	0.2145714083554859			
MIR6868_5P	0.2145439907141028			
GO_SPINDLE_ASSEMBLY	0.2145353161878071			
IPA_NR1H3_UP	0.21450677986750655			
GO_RESPONSE_TO_MISFOLDED_PROTEIN	0.2144676282133441			
GO_D_AMINO_ACID_TRANSPORT	0.21443926399689242			
REACTOME_SUMOYLATION	0.21442884130777262			
REACTOME_ACTIVATION_OF_RAC1_DOWNSTREAM_OF_NMDARS	0.21441333184383343			
TCF4_Q5	0.21438901021296583			
GO_SMALL_NUCLEOLAR_RIBONUCLEOPROTEIN_COMPLEX_ASSEMBLY	0.2143800938769759			
INAMURA_LUNG_CANCER_SCC_SUBTYPES_UP	0.21436052908908262			
IPA_SMAD5_DN	0.21433760361932921			
TURASHVILI_BREAST_DUCTAL_CARCINOMA_VS_LOBULAR_NORMAL_DN	0.21432496754321906			
GRAESSMANN_APOPTOSIS_BY_DOXORUBICIN_DN	0.21429756744177744			
GSE5589_IL6_KO_VS_IL10_KO_LPS_STIM_MACROPHAGE_45MIN_DN	0.21428299095594858			
MYLLYKANGAS_AMPLIFICATION_HOT_SPOT_30	0.21426837951872416			
GO_TRANSCRIPTIONALLY_ACTIVE_CHROMATIN	0.21425661708013466			
GO_CELL_CELL_SIGNALING	0.21425387157869585			
EPC1_TARGET_GENES	0.21425185409573394			
GO_NADH_PYROPHOSPHATASE_ACTIVITY	0.21424314731547314			
GSE23505_UNTREATED_VS_4DAY_IL6_IL1_TREATED_CD4_TCELL_UP	0.2142233094932078			
MIR134_3P	0.21422028362644255			
GO_ESTABLISHMENT_OF_SPINDLE_ORIENTATION	0.21421552173250508			
MIR664B_5P	0.21420278758936404			
GO_REGULATION_OF_ESTABLISHMENT_OF_PROTEIN_LOCALIZATION_TO_CHROMOSOME	0.21419723144029235			
GO_PHOSPHATIDIC_ACID_TRANSFER_ACTIVITY	0.21417339303868496			
MIR3920	0.21413983834820138			
MIR5588_5P	0.2141336344853057			
GO_REGULATION_OF_HEXOKINASE_ACTIVITY	0.21411537986818446			
ZNF197_TARGET_GENES	0.21407498278682136			
PID_PDGFRA_PATHWAY	0.21405884870782232			
GO_BOX_C_D_SNORNP_ASSEMBLY	0.21403999808252505			
IPA_RBL2_DN	0.21403136878182422			
GO_ION_TRANSMEMBRANE_TRANSPORT	0.2140275088476853			
REACTOME_RSK_ACTIVATION	0.21401723861036911			
GO_AXONEMAL_DYNEIN_COMPLEX	0.21399755964883194			
IPA_NPAS2_UP	0.21396886036138668			
REACTOME_PROPIONYL_COA_CATABOLISM	0.21396567669880737			
GO_SYMPORTER_ACTIVITY	0.21393094589526496			
GO_POSITIVE_REGULATION_OF_TRANSCRIPTION_FROM_RNA_POLYMERASE_II_PROMOTER_IN_RESPONSE_TO_OXIDATIVE_STRESS	0.21391539821773956			
MIR9903	0.21390587689439766			
GO_POSITIVE_REGULATION_OF_RNA_BINDING	0.213893070983946			
GO_MONOVALENT_INORGANIC_CATION_HOMEOSTASIS	0.2138842676598388			
SHEN_SMARCA2_TARGETS_UP	0.21387337766339015			
TGCACTT_MIR519C_MIR519B_MIR519A	0.2138689477070447			
GSE15330_WT_VS_IKAROS_KO_MEGAKARYOCYTE_ERYTHROID_PROGENITOR_UP	0.21386159932403917			
GO_NEGATIVE_REGULATION_OF_AMYLOID_FIBRIL_FORMATION	0.2138430692976305			
GO_EMBRYONIC_SKELETAL_SYSTEM_DEVELOPMENT	0.21382316427933099			
LU_TUMOR_ENDOTHELIAL_MARKERS_DN	0.21382174034062867			
TAYLOR_METHYLATED_IN_ACUTE_LYMPHOBLASTIC_LEUKEMIA	0.21380687580390392			
GO_GLOMERULAR_EPITHELIUM_DEVELOPMENT	0.21379633101824672			
REACTOME_CITRIC_ACID_CYCLE_TCA_CYCLE	0.21375748951629653			
chr16p12	0.21375075833715904			
GSE369_SOCS3_KO_VS_WT_LIVER_UP	0.2137301964484217			
SUZUKI_AMPLIFIED_IN_ORAL_CANCER	0.2137276284679237			
GO_NFAT_PROTEIN_BINDING	0.21370839134233108			
GSE2770_IL12_VS_IL4_TREATED_ACT_CD4_TCELL_2H_DN	0.21370555591054727			
MIR199A_3P_MIR199B_3P	0.21368257758267933			
PHONG_TNF_TARGETS_DN	0.2136451504062167			
GO_POSITIVE_REGULATION_OF_DOPAMINE_RECEPTOR_SIGNALING_PATHWAY	0.2136379776476708			
GO_CELLULAR_DETOXIFICATION_OF_ALDEHYDE	0.2135694577183247			
GO_GLIAL_CELL_APOPTOTIC_PROCESS	0.21355450394893302			
IPA_NONO_UP	0.2135481847866331			
IPA_TRIM28_DN	0.2135481847866331			
ZNF213_TARGET_GENES	0.21352142713925842			
YAO_TEMPORAL_RESPONSE_TO_PROGESTERONE_CLUSTER_12	0.21349570743696894			
MIR617	0.21347861111399882			
GO_CATION_TRANSMEMBRANE_TRANSPORT	0.21347828508431932			
HOXB7_TARGET_GENES	0.2134643596350623			
GO_REGULATION_OF_SEQUESTERING_OF_TRIGLYCERIDE	0.21344213987712973			
GSE41867_NAIVE_VS_EFFECTOR_CD8_TCELL_DN	0.2134343512671167			
GO_REGULATION_OF_BRANCHING_INVOLVED_IN_LUNG_MORPHOGENESIS	0.2134253138377706			
GO_REGULATION_OF_DEVELOPMENT_HETEROCHRONIC	0.21341827545203956			
GO_REGULATION_OF_MAMMARY_GLAND_EPITHELIAL_CELL_PROLIFERATION	0.21338931001627226			
MIR6859_5P	0.21335239284029664			
GSE41867_LCMV_ARMSTRONG_VS_CLONE13_DAY6_EFFECTOR_CD8_TCELL_UP	0.21330867609011053			
GO_ONE_CARBON_COMPOUND_TRANSPORT	0.21330313926677724			
chr17q12	0.21329788862500706			
MIR3129_5P	0.2132764840172727			
MIR297	0.2132759209773676			
GO_NUCLEOBASE_CONTAINING_COMPOUND_KINASE_ACTIVITY	0.21327148442254448			
GO_EXTRINSIC_COMPONENT_OF_POSTSYNAPTIC_DENSITY_MEMBRANE	0.21327037633829804			
GO_POSITIVE_REGULATION_OF_PROTEIN_LOCALIZATION_TO_CILIUM	0.21325899305347612			
GSE40274_CTRL_VS_HELIOS_TRANSDUCED_ACTIVATED_CD4_TCELL_DN	0.21325744869075608			
TOMIDA_METASTASIS_UP	0.21322532177543863			
GO_POSITIVE_REGULATION_OF_NEUROMUSCULAR_JUNCTION_DEVELOPMENT	0.21322214938379025			
GO_REGULATION_OF_FAT_CELL_DIFFERENTIATION	0.21320957567390425			
GO_ACTIVIN_RECEPTOR_ACTIVITY_TYPE_I	0.21320654274661857			
GO_CCR6_CHEMOKINE_RECEPTOR_BINDING	0.21316805901649874			
GO_NEGATIVE_REGULATION_OF_SMOOTH_MUSCLE_CELL_DIFFERENTIATION	0.21315216612372218			
RGAANNTTC_HSF1_01	0.21314819620805409			
MIR4726_3P	0.21314809045769892			
IPA_TLX1_UP	0.21313104875710082			
ALKBH3_TARGET_GENES	0.21312750305065073			
PID_FANCONI_PATHWAY	0.21303514893224357			
PATIL_LIVER_CANCER	0.21296050999248056			
GO_NOREPINEPHRINE_BIOSYNTHETIC_PROCESS	0.21292313700135373			
GO_COENZYME_A_METABOLIC_PROCESS	0.21289271791438902			
BREUHAHN_GROWTH_FACTOR_SIGNALING_IN_LIVER_CANCER	0.21286053890026882			
GO_POSITIVE_REGULATION_OF_PLASMA_MEMBRANE_BOUNDED_CELL_PROJECTION_ASSEMBLY	0.21285267471434327			
GO_TRNA_PSEUDOURIDINE_SYNTHESIS	0.212850839605132			
GO_REGULATION_OF_DNA_BIOSYNTHETIC_PROCESS	0.2128449895198883			
GO_ENDOPLASMIC_RETICULUM_TUBULAR_NETWORK_MEMBRANE	0.21281018619587708			
BIOCARTA_DICER_PATHWAY	0.2128073731836081			
chr1p22	0.21280125942745914			
IPA_SMARCD3_UP	0.2127963830167688			
GO_PROTON_TRANSPORTING_V_TYPE_ATPASE_COMPLEX_ASSEMBLY	0.21277872164558445			
IPA_FOSB_DN	0.21276418803709293			
GO_RIBOSE_PHOSPHATE_BIOSYNTHETIC_PROCESS	0.21274586316304123			
GSE17721_CTRL_VS_PAM3CSK4_1H_BMDC_UP	0.21274214341977285			
GSE8685_IL2_STARVED_VS_IL15_ACT_IL2_STARVED_CD4_TCELL_DN	0.21273165338482986			
GO_FLUID_TRANSPORT	0.2127242762621714			
GSE27786_LSK_VS_CD4_TCELL_UP	0.21270027294140198			
RLF_TARGET_GENES	0.21268215337769214			
GO_SYNAPTIC_VESICLE_RECYCLING_VIA_ENDOSOME	0.21265469338132406			
GSE41867_LCMV_ARMSTRONG_VS_CLONE13_DAY6_EFFECTOR_CD8_TCELL_DN	0.21264126492544774			
GERHOLD_RESPONSE_TO_TZD_UP	0.21261828105630368			
GO_REGULATION_OF_ESTABLISHMENT_OF_PLANAR_POLARITY	0.2126102934673725			
IPA_SOX8_DN	0.21260933167565682			
IPA_SMARCC2_UP	0.2125791361862314			
IPA_FANCD2_UP	0.2125791361862314			
IPA_TAF12_UP	0.2125791361862314			
IPA_TAF10_UP	0.2125791361862314			
GO_LIGASE_ACTIVITY_FORMING_PHOSPHORIC_ESTER_BONDS	0.21257633463266373			
GO_G_PROTEIN_COUPLED_NEUROTRANSMITTER_RECEPTOR_ACTIVITY	0.2125607556532838			
GO_RIBOSOME	0.21256037815352558			
GO_QUATERNARY_AMMONIUM_GROUP_TRANSMEMBRANE_TRANSPORTER_ACTIVITY	0.21250126836201144			
GO_EPSILON_DNA_POLYMERASE_COMPLEX	0.21245444543439818			
GCACCTT_MIR18A_MIR18B	0.21244933181132433			
MARTORIATI_MDM4_TARGETS_FETAL_LIVER_UP	0.2124336526818561			
GSE7568_IL4_TGFB_DEXAMETHASONE_VS_IL4_TGFB_TREATED_MACROPHAGE_UP	0.21240124363135537			
GSE1432_1H_VS_6H_IFNG_MICROGLIA_UP	0.2123928447841019			
GSE45365_HEALTHY_VS_MCMV_INFECTION_BCELL_IFNAR_KO_DN	0.21233559283086664			
REACTOME_BICARBONATE_TRANSPORTERS	0.21232087780374045			
MIR4480	0.21230099062600896			
GO_APOPTOTIC_PROCESS_IN_BONE_MARROW_CELL	0.21229945962779204			
GO_HEXOSE_PHOSPHATE_TRANSPORT	0.21225681138803226			
MIR1255B_2_3P	0.2122394971149942			
GSE45365_HEALTHY_VS_MCMV_INFECTION_CD11B_DC_UP	0.21221772049363094			
GO_POSITIVE_REGULATION_OF_RECEPTOR_INTERNALIZATION	0.21220289572066228			
GO_SECONDARY_PALATE_DEVELOPMENT	0.2121972349738676			
TTAYRTAA_E4BP4_01	0.21218413493225743			
GO_NEGATIVE_REGULATION_OF_URINE_VOLUME	0.21217716061067474			
REACTOME_FICOLINS_BIND_TO_REPETITIVE_CARBOHYDRATE_STRUCTURES_ON_THE_TARGET_CELL_SURFACE	0.2121369460660214			
MIR5584_5P	0.2121190715988564			
GSE3982_MAST_CELL_VS_TH2_DN	0.21210913410191223			
SIG_PIP3_SIGNALING_IN_CARDIAC_MYOCTES	0.2120565135699031			
GO_CITRATE_METABOLIC_PROCESS	0.21205133193936476			
GO_SRP_DEPENDENT_COTRANSLATIONAL_PROTEIN_TARGETING_TO_MEMBRANE_TRANSLOCATION	0.21203262357128966			
IPA_MYBL1_DN	0.212000035186481			
GO_GAMMA_AMINOBUTYRIC_ACID_SIGNALING_PATHWAY	0.21199460564215528			
GO_NEGATIVE_REGULATION_OF_ACTIN_NUCLEATION	0.21199084226540973			
GO_RESPONSE_TO_PHENYLPROPANOID	0.21192750208170646			
GO_MITOCHONDRIAL_DNA_METABOLIC_PROCESS	0.21191345261179984			
GO_GAMMA_AMINOBUTYRIC_ACID_METABOLIC_PROCESS	0.21189636313295052			
REACTOME_DIGESTION_AND_ABSORPTION	0.21188481823005512			
GO_DOUBLE_STRAND_BREAK_REPAIR_VIA_SYNTHESIS_DEPENDENT_STRAND_ANNEALING	0.21183986218097053			
REACTOME_HIV_ELONGATION_ARREST_AND_RECOVERY	0.21183141096482047			
GO_ATPASE_ACTIVATOR_ACTIVITY	0.21182489428500198			
GO_XENOBIOTIC_GLUCURONIDATION	0.2117672647936247			
REACTOME_RRNA_PROCESSING	0.21174951434017975			
GO_CYCLOSPORIN_A_BINDING	0.21171760679639604			
GSE12198_CTRL_VS_HIGH_IL2_STIM_NK_CELL_UP	0.21170729583257983			
GO_TRIGLYCERIDE_LIPASE_ACTIVITY	0.21170386024274962			
GO_EXCITATORY_EXTRACELLULAR_LIGAND_GATED_ION_CHANNEL_ACTIVITY	0.21170192280323974			
GO_KINASE_INHIBITOR_ACTIVITY	0.211689976307609			
GO_NEGATIVE_REGULATION_OF_SMOOTH_MUSCLE_CELL_APOPTOTIC_PROCESS	0.2116818006053159			
GO_POSITIVE_REGULATION_OF_PROTEIN_KINASE_C_SIGNALING	0.21165522348123006			
MIR6506_3P	0.21164045296327852			
GO_INTRINSIC_APOPTOTIC_SIGNALING_PATHWAY_IN_RESPONSE_TO_OXIDATIVE_STRESS	0.21155575801478638			
GSE25085_FETAL_LIVER_VS_ADULT_BM_SP4_THYMIC_IMPLANT_UP	0.21153596213126047			
GO_LINOLEIC_ACID_METABOLIC_PROCESS	0.21153108509318944			
GO_REGULATION_OF_CARBOHYDRATE_METABOLIC_PROCESS	0.21152761768458964			
GO_MAINTENANCE_OF_PROTEIN_LOCATION_IN_MITOCHONDRION	0.21151059229960356			
RFX7_TARGET_GENES	0.21150343776766128			
GO_GLUTATHIONE_TRANSFERASE_ACTIVITY	0.21147074030414587			
GSE9960_GRAM_NEG_VS_GRAM_NEG_AND_POS_SEPSIS_PBMC_UP	0.21146514374251296			
GO_GROWTH_FACTOR_COMPLEX	0.21145140862366033			
GO_ENDOLYSOSOME_MEMBRANE	0.2114413760043524			
GO_POSITIVE_REGULATION_OF_VIRAL_PROCESS	0.2113970497948526			
FOURNIER_ACINAR_DEVELOPMENT_LATE_UP	0.21131469110171716			
MIR5004_5P	0.2112988723958272			
GO_REGULATION_OF_CYTOKINESIS	0.21126057550065339			
GO_PEPTIDE_METABOLIC_PROCESS	0.21125793486752473			
REACTOME_RNA_POLYMERASE_I_PROMOTER_ESCAPE	0.21120313506734892			
MIR4799_3P	0.21116158891933862			
GO_ADP_METABOLIC_PROCESS	0.21115707817587717			
BIOCARTA_EICOSANOID_PATHWAY	0.2111425296800629			
GO_URATE_TRANSPORT	0.21108827887809528			
REACTOME_ACTIVATION_OF_THE_TFAP2_AP_2_FAMILY_OF_TRANSCRIPTION_FACTORS	0.21107570831685205			
GSE32034_UNTREATED_VS_ROSIGLIZATONE_TREATED_LY6C_LOW_MONOCYTE_UP	0.2110562519503751			
GSE8685_IL2_STARVED_VS_IL2_ACT_IL2_STARVED_CD4_TCELL_DN	0.21103887021604342			
REACTOME_VEGFR2_MEDIATED_CELL_PROLIFERATION	0.2110361821619261			
IPA_NCOA6_UP	0.21102716328191007			
GO_CELLULAR_RESPONSE_TO_HYDROPEROXIDE	0.21099090993190298			
GSE1460_CD4_THYMOCYTE_VS_NAIVE_CD4_TCELL_CORD_BLOOD_DN	0.21096432685043254			
IL21_UP.V1_UP	0.2108952467922554			
GO_NEGATIVE_REGULATION_OF_VOLTAGE_GATED_CALCIUM_CHANNEL_ACTIVITY	0.2107980091428082			
GO_ACTIVIN_RECEPTOR_COMPLEX	0.2107782110966628			
GO_POSITIVE_REGULATION_OF_CARDIOBLAST_DIFFERENTIATION	0.2107516562831504			
FERRARI_RESPONSE_TO_FENRETINIDE_DN	0.21068835952333612			
BURTON_ADIPOGENESIS_12	0.21065306930348912			
GTTTGTT_MIR495	0.21065002922638504			
GO_TERMINAL_BUTTON_ORGANIZATION	0.2106303271350378			
GO_EUCHROMATIN	0.21061913742275198			
GO_MEIOTIC_SPINDLE	0.21061328299194987			
GO_TRYPTOPHAN_METABOLIC_PROCESS	0.21056138010762818			
GO_UBIQUITIN_LIGASE_INHIBITOR_ACTIVITY	0.2105478238141262			
TAXCREB_01	0.21053372184123917			
CHEOK_RESPONSE_TO_MERCAPTOPURINE_AND_LD_MTX_UP	0.2105290625542707			
GO_POSITIVE_REGULATION_OF_LIGASE_ACTIVITY	0.21052226261201326			
GO_METANEPHRIC_MESENCHYME_DEVELOPMENT	0.2105158857785439			
GO_POSITIVE_REGULATION_OF_NON_MOTILE_CILIUM_ASSEMBLY	0.21048250847464867			
GTGGGTGK_UNKNOWN	0.2104658675351669			
GSE40274_CTRL_VS_FOXP3_AND_GATA1_TRANSDUCED_ACTIVATED_CD4_TCELL_DN	0.2104657465481553			
GO_SIGNAL_TRANSDUCTION_INVOLVED_IN_CELLULAR_RESPONSE_TO_AMMONIUM_ION	0.21039410277464415			
IPA_DMRT1_UP	0.21039241757066018			
GO_AMP_BINDING	0.2103537031426808			
BARIS_THYROID_CANCER_UP	0.2103116452429882			
IPA_YWHAE_UP	0.21030344607909476			
TATA_01	0.21026537436508672			
GO_HYDROGEN_PEROXIDE_METABOLIC_PROCESS	0.21025998719767525			
IPA_NR2C1_DN	0.21024838649978742			
GO_PHOSPHORYLATION_OF_RNA_POLYMERASE_II_C_TERMINAL_DOMAIN	0.2101906107686188			
IPA_RARB_DN	0.21018979046610328			
ACACTCC_MIR122A	0.21018081538101083			
HOLLERN_MICROACINAR_BREAST_TUMOR_DN	0.21014695975709605			
GO_REGULATION_OF_ODONTOGENESIS	0.21010025457769793			
GO_DNA_DAMAGE_RESPONSE_SIGNAL_TRANSDUCTION_RESULTING_IN_TRANSCRIPTION	0.2100780649096358			
GSE42724_B1_BCELL_VS_PLASMABLAST_UP	0.21004674543899696			
GO_MITOCHONDRIAL_CALCIUM_ION_TRANSMEMBRANE_TRANSPORT	0.21000364233953528			
GO_CARBOHYDRATE_METABOLIC_PROCESS	0.20998505325117756			
GSE7460_TREG_VS_TCONV_ACT_DN	0.2099834605530441			
GO_NUCLEOSIDE_TRIPHOSPHATE_METABOLIC_PROCESS	0.20993824795588945			
GSE14769_UNSTIM_VS_240MIN_LPS_BMDM_UP	0.2099309613678097			
GO_REGULATION_OF_CILIUM_MOVEMENT	0.20989834885934597			
GO_NEGATIVE_REGULATION_OF_CALCIUM_ION_IMPORT	0.20985250740204256			
GO_INOSITOL_TRISPHOSPHATE_METABOLIC_PROCESS	0.2098513517142845			
GO_POSITIVE_REGULATION_OF_OXIDATIVE_STRESS_INDUCED_INTRINSIC_APOPTOTIC_SIGNALING_PATHWAY	0.20984387738731772			
GO_REGULATION_OF_PROTEIN_LOCALIZATION_TO_NUCLEUS	0.20984245959099052			
GO_PROTEIN_LOCALIZATION_TO_NUCLEOPLASM	0.20979939274533344			
MIR5705	0.20974432230137574			
PIONTEK_PKD1_TARGETS_UP	0.20974252521081221			
STAT6_01	0.20970720779674187			
GO_LEUKOCYTE_CHEMOTAXIS_INVOLVED_IN_INFLAMMATORY_RESPONSE	0.20963339131361775			
MIR4748	0.20962016474187725			
GO_DUCTUS_ARTERIOSUS_CLOSURE	0.20958815903541012			
HFH4_01	0.20955534298129472			
MIR548V	0.20955194814294512			
GO_FORMATION_OF_EXTRACHROMOSOMAL_CIRCULAR_DNA	0.20954271300901134			
IPA_GSX2_UP	0.2095196333971993			
GO_IMPORT_INTO_NUCLEUS	0.2095159226429657			
WU_APOPTOSIS_BY_CDKN1A_NOT_VIA_TP53	0.2095100679626642			
MADAN_DPPA4_TARGETS	0.2094971218725797			
GO_HARD_PALATE_DEVELOPMENT	0.20948288306304388			
GO_PROTEIN_SERINE_THREONINE_KINASE_INHIBITOR_ACTIVITY	0.2094732220931763			
GSE23321_CD8_STEM_CELL_MEMORY_VS_NAIVE_CD8_TCELL_UP	0.20946832496126103			
ACTTTAT_MIR1425P	0.20940878877133695			
GSE557_CIITA_KO_VS_I_AB_KO_DC_DN	0.20940730855165346			
USF_Q6_01	0.20934016828521607			
SCHAEFFER_PROSTATE_DEVELOPMENT_AND_CANCER_BOX3	0.20931948476757561			
REACTOME_ACTIVATION_OF_ANTERIOR_HOX_GENES_IN_HINDBRAIN_DEVELOPMENT_DURING_EARLY_EMBRYOGENESIS	0.20931762812350793			
GSE43863_NAIVE_VS_MEMORY_LY6C_INT_CXCR5POS_CD4_TCELL_D150_LCMV_DN	0.2093119984525373			
MIR326	0.20930184177578895			
GO_REGULATION_OF_NODAL_SIGNALING_PATHWAY_INVOLVED_IN_DETERMINATION_OF_LEFT_RIGHT_ASYMMETRY	0.20928946926130051			
GO_VERY_LONG_CHAIN_FATTY_ACID_COA_LIGASE_ACTIVITY	0.20928680722018914			
MIR3681_5P	0.20927728559684125			
REACTOME_TP53_REGULATES_TRANSCRIPTION_OF_DNA_REPAIR_GENES	0.20927398603038294			
GO_POSITIVE_REGULATION_OF_HORMONE_METABOLIC_PROCESS	0.20922259291502904			
GO_OPTIC_CUP_MORPHOGENESIS_INVOLVED_IN_CAMERA_TYPE_EYE_DEVELOPMENT	0.20921025403620838			
CAIRO_HEPATOBLASTOMA_CLASSES_UP	0.20920804477432534			
GO_REGULATION_OF_NUCLEAR_DIVISION	0.20915705013046756			
chr3q28	0.2091446053391655			
GO_OUTER_MEMBRANE	0.20914419908136436			
MIR4639_5P	0.20912494836403867			
GO_L_THREONINE_CATABOLIC_PROCESS_TO_GLYCINE	0.20908956802913908			
GO_STEM_CELL_DIFFERENTIATION	0.20908920267077735			
GO_EXTRACELLULAR_LIGAND_GATED_ION_CHANNEL_ACTIVITY	0.20905970658889134			
GO_PHOSPHORYLATED_CARBOHYDRATE_DEPHOSPHORYLATION	0.20904913469271985			
IPA_ZNF528_UP	0.20902563770611438			
IPA_ZNF100_UP	0.20902563770611438			
IPA_ZNF91_UP	0.20902563770611438			
IPA_ZNF708_UP	0.20902563770611438			
IPA_ZNF431_UP	0.20902563770611438			
IPA_ZNF254_UP	0.20902563770611438			
REACTOME_TP53_REGULATES_TRANSCRIPTION_OF_CASPASE_ACTIVATORS_AND_CASPASES	0.20898963921280841			
MIR202_5P	0.20897053940976867			
GO_POSITIVE_REGULATION_OF_SMOOTH_MUSCLE_CELL_APOPTOTIC_PROCESS	0.20896270646641393			
GO_PROMOTER_SPECIFIC_CHROMATIN_BINDING	0.20892013720270092			
GO_PROTEIN_INSERTION_INTO_ER_MEMBRANE	0.2088917164426916			
LIU_COMMON_CANCER_GENES	0.20886373139492104			
GSE17721_0.5H_VS_12H_GARDIQUIMOD_BMDC_UP	0.20880265968671058			
MIR510_5P	0.20879424998304785			
GO_COA_HYDROLASE_ACTIVITY	0.20879156513938774			
GO_OXIDOREDUCTASE_ACTIVITY_ACTING_ON_THE_CH_NH_GROUP_OF_DONORS_NAD_OR_NADP_AS_ACCEPTOR	0.20875742069596342			
GO_ENDONUCLEASE_ACTIVITY_ACTIVE_WITH_EITHER_RIBO_OR_DEOXYRIBONUCLEIC_ACIDS_AND_PRODUCING_5_PHOSPHOMONOESTERS	0.20873316910432427			
REACTOME_TRNA_MODIFICATION_IN_THE_NUCLEUS_AND_CYTOSOL	0.20872735049183336			
MIR4687_3P	0.2087181146174472			
GO_ESTABLISHMENT_OR_MAINTENANCE_OF_CELL_POLARITY	0.20867140952144442			
HOUSTIS_ROS	0.20864843104347428			
IPA_PAX8_DN	0.20864535697695205			
IPA_RXRB_UP	0.20864535697695205			
GO_UTERUS_DEVELOPMENT	0.20855241351317685			
GO_PROTEIN_LOCALIZATION_TO_CILIUM	0.2085203120588489			
GSE16522_ANTI_CD3CD28_STIM_VS_UNSTIM_MEMORY_CD8_TCELL_UP	0.20850641174574974			
GSE13887_HEALTHY_VS_LUPUS_RESTING_CD4_TCELL_DN	0.20846440256230195			
GO_MYOSIN_II_BINDING	0.2084425432079286			
GSE10239_KLRG1INT_VS_KLRG1HIGH_EFF_CD8_TCELL_UP	0.208437972072246			
GSE45365_CD8A_DC_VS_CD11B_DC_IFNAR_KO_DN	0.20842444454509496			
GO_PROTEIN_RETENTION_IN_GOLGI_APPARATUS	0.2084035220092003			
MIR6849_5P	0.20838150176308187			
GO_RESPONSE_TO_HEPATOCYTE_GROWTH_FACTOR	0.2083696475670412			
GO_MITOCHONDRIAL_ALPHA_KETOGLUTARATE_DEHYDROGENASE_COMPLEX	0.20833495968231974			
YAO_TEMPORAL_RESPONSE_TO_PROGESTERONE_CLUSTER_10	0.2083280697847902			
GO_HISTONE_H2A_K63_LINKED_UBIQUITINATION	0.2083021989607653			
REACTOME_REGULATION_OF_RAS_BY_GAPS	0.20827141360292034			
REACTOME_2_LTR_CIRCLE_FORMATION	0.20821457951621372			
GSE17721_LPS_VS_CPG_0.5H_BMDC_UP	0.20820152019886523			
IPA_TSHZ3_DN	0.2081817554350312			
MIR7113_5P	0.2081764006019506			
REACTOME_VITAMIN_B5_PANTOTHENATE_METABOLISM	0.20816618965378703			
BOQUEST_STEM_CELL_CULTURED_VS_FRESH_DN	0.20814249032377233			
GO_HISTONE_H3_K27_METHYLATION	0.20806596979977493			
REACTOME_RNA_POLYMERASE_II_TRANSCRIBES_SNRNA_GENES	0.2080591218682058			
IPA_SFPQ_UP	0.2080308876967702			
REACTOME_SYNTHESIS_OF_PIPS_AT_THE_PLASMA_MEMBRANE	0.20800685747402442			
GO_POSITIVE_REGULATION_OF_MORPHOGENESIS_OF_AN_EPITHELIUM	0.20800551352705934			
GO_INTRACELLULAR_PROTEIN_TRANSMEMBRANE_TRANSPORT	0.2080036331004145			
GSE17721_CTRL_VS_POLYIC_6H_BMDC_UP	0.20793365027359323			
GSE14000_TRANSLATED_RNA_VS_MRNA_4H_LPS_DC_DN	0.2079035368455967			
GO_TELOMERASE_HOLOENZYME_COMPLEX_ASSEMBLY	0.20789932773518435			
GO_CIRCADIAN_REGULATION_OF_GENE_EXPRESSION	0.20787326048536994			
GO_NEGATIVE_REGULATION_OF_CELL_GROWTH_INVOLVED_IN_CARDIAC_MUSCLE_CELL_DEVELOPMENT	0.2078726139480143			
GO_REGULATION_OF_CARDIAC_MUSCLE_TISSUE_REGENERATION	0.20786769255226198			
GO_REGULATION_OF_TRANSLATION_AT_SYNAPSE_MODULATING_SYNAPTIC_TRANSMISSION	0.20784087190966555			
IPA_ZNF429_UP	0.20770761583418154			
GO_ESTABLISHMENT_OF_MITOTIC_SPINDLE_LOCALIZATION	0.20770551051663502			
GGATTA_PITX2_Q2	0.20768522262252911			
GSE26023_PHD3_KO_VS_WT_NEUTROPHIL_HYPOXIA_DN	0.20765465867818184			
GO_RESPONSE_TO_ACID_CHEMICAL	0.20756921972648507			
GO_DNA_DEALKYLATION_INVOLVED_IN_DNA_REPAIR	0.2075659888373489			
GO_NUCLEOTIDE_PHOSPHORYLATION	0.20755866306904475			
GO_CYCLASE_REGULATOR_ACTIVITY	0.20755413646677517			
REACTOME_P38MAPK_EVENTS	0.2075463846021707			
GSE7460_CD8_TCELL_VS_CD4_TCELL_ACT_DN	0.2075431926117996			
GO_NEGATIVE_REGULATION_OF_RUFFLE_ASSEMBLY	0.20751326001250647			
IPA_PBX1_DN	0.20749450252884188			
GSE45365_BCELL_VS_CD8_TCELL_UP	0.2074882146319697			
MOREAUX_B_LYMPHOCYTE_MATURATION_BY_TACI_DN	0.20748361583291142			
KEGG_VALINE_LEUCINE_AND_ISOLEUCINE_BIOSYNTHESIS	0.20747970963595333			
GO_CELLULAR_RESPONSE_TO_LEPTIN_STIMULUS	0.20745558652536134			
GO_RADIAL_SPOKE	0.2074459552471906			
GO_ANTIFUNGAL_HUMORAL_RESPONSE	0.20743359686253343			
GRADE_COLON_VS_RECTAL_CANCER_UP	0.20742411523999174			
GO_RELAXATION_OF_CARDIAC_MUSCLE	0.20741258356471431			
GO_RNA_PROCESSING	0.20738797984853438			
GO_PROTEIN_SELF_ASSOCIATION	0.20733725025719782			
KERLEY_RESPONSE_TO_CISPLATIN_DN	0.20733109165334845			
BIOCARTA_NDKDYNAMIN_PATHWAY	0.20724085793689656			
BROWNE_HCMV_INFECTION_8HR_UP	0.20722720277067136			
GO_NEGATIVE_REGULATION_OF_GASTRIC_ACID_SECRETION	0.20722566791058164			
GO_CHAPERONE_MEDIATED_PROTEIN_COMPLEX_ASSEMBLY	0.2071833279238504			
GSE25677_MPL_VS_MPL_AND_R848_STIM_BCELL_DN	0.2071768727678554			
GSE21360_SECONDARY_VS_TERTIARY_MEMORY_CD8_TCELL_UP	0.2071477447961472			
GSE9037_WT_VS_IRAK4_KO_LPS_1H_STIM_BMDM_DN	0.20711604846863108			
GSE7568_IL4_VS_IL4_AND_TGFB_TREATED_MACROPHAGE_24H_DN	0.20711552796793917			
GO_POLE_PLASM	0.2071062278341816			
GO_RNA_POLYMERASE_I_ACTIVITY	0.20709610108053056			
GO_RNA_POLYMERASE_I_COMPLEX	0.20709610108053056			
GO_REGULATION_OF_NEUTROPHIL_EXTRAVASATION	0.20707821846434477			
GO_3_UTR_MEDIATED_MRNA_STABILIZATION	0.20699226879202792			
GO_POSITIVE_REGULATION_OF_ION_TRANSPORT	0.20693770802587083			
GO_VERY_LONG_CHAIN_FATTY_ACID_CATABOLIC_PROCESS	0.20691633151012118			
GSE43863_TH1_VS_LY6C_INT_CXCR5POS_MEMORY_CD4_TCELL_DN	0.2068641691449984			
GO_REGULATION_OF_UBIQUITIN_DEPENDENT_PROTEIN_CATABOLIC_PROCESS	0.2068623557763777			
MIR6071	0.20686059429945988			
REACTOME_TRANSLESION_SYNTHESIS_BY_POLK	0.20684429662619797			
GO_TRNA_THREONYLCARBAMOYLADENOSINE_METABOLIC_PROCESS	0.20680806614050365			
ZSCAN26_TARGET_GENES	0.20678881072122654			
GO_NEGATIVE_REGULATION_OF_INTERLEUKIN_4_PRODUCTION	0.2067823426255523			
GO_NEGATIVE_REGULATION_OF_ORGANIC_ACID_TRANSPORT	0.20677956141500362			
NR1D1_TARGET_GENES	0.2067711380603966			
GSE360_L_DONOVANI_VS_T_GONDII_MAC_DN	0.20676998086017945			
GO_CARBOHYDRATE_PHOSPHATASE_ACTIVITY	0.20676791188472465			
MIR9851_5P	0.20674633527106015			
GO_TRACHEA_DEVELOPMENT	0.20674042406622567			
GO_TORC2_COMPLEX	0.20670900441932094			
GO_NEGATIVE_REGULATION_OF_TELOMERASE_ACTIVITY	0.20669945928732397			
MIR4710	0.2066962996628771			
MATZUK_LUTEAL_GENES	0.20669355603165382			
GO_TORC2_SIGNALING	0.2066418190586573			
REACTOME_MITOCHONDRIAL_BIOGENESIS	0.20659447986788868			
GO_NUCLEAR_TRANSCRIBED_MRNA_CATABOLIC_PROCESS	0.20656684047927065			
REACTOME_TRIGLYCERIDE_BIOSYNTHESIS	0.20643444874731054			
GO_INTESTINAL_HEXOSE_ABSORPTION	0.20643131806884055			
SENESE_HDAC3_TARGETS_DN	0.20641072243403485			
REACTOME_RAP1_SIGNALLING	0.20640828254121374			
MIR4737	0.20640013423002077			
REACTOME_FORMATION_OF_RNA_POL_II_ELONGATION_COMPLEX	0.20638642123177475			
IPA_EMX2_UP	0.20637946490643572			
GO_KETOSTEROID_MONOOXYGENASE_ACTIVITY	0.20636317926436196			
GO_NEGATIVE_REGULATION_OF_OXIDATIVE_PHOSPHORYLATION	0.20632857417887104			
GO_CYTOSOLIC_RIBOSOME	0.20628017007258379			
SCHMIDT_POR_TARGETS_IN_LIMB_BUD_DN	0.20621023989885684			
GO_REGULATION_OF_CILIUM_BEAT_FREQUENCY_INVOLVED_IN_CILIARY_MOTILITY	0.20618219995561704			
GO_POSITIVE_REGULATION_OF_NERVOUS_SYSTEM_PROCESS	0.2061291574477601			
GO_SOMITE_DEVELOPMENT	0.20611951862371325			
IPA_ARNTL_UP	0.20608211214135821			
GO_RESPONSE_TO_LEUCINE	0.20605722271278043			
GSE18791_UNSTIM_VS_NEWCATSLE_VIRUS_DC_2H_DN	0.20603883708530224			
GO_AUTOPHAGY_OF_PEROXISOME	0.20603491596134152			
GO_REGULATION_OF_TRANSLATIONAL_INITIATION	0.20603238905639568			
LXR_Q3	0.20602814300624178			
GSE12963_ENV_NEF_VS_ENV_NEF_AND_VPR_DEFICIENT_HIV1_INF_CD4_TCELL_DN	0.20600531266455757			
GO_PROTEIN_SERINE_THREONINE_PHOSPHATASE_ACTIVITY	0.20599455791052812			
GO_GDP_MANNOSE_METABOLIC_PROCESS	0.20596716111954932			
GO_GENERAL_TRANSCRIPTION_INITIATION_FACTOR_BINDING	0.20595457619304733			
GO_POTASSIUM_CHANNEL_INHIBITOR_ACTIVITY	0.2059374352030927			
GO_DNA_BINDING_TRANSCRIPTION_ACTIVATOR_ACTIVITY	0.2059366820360132			
GO_RESPONSE_TO_UV_B	0.20590291668570665			
BROWNE_HCMV_INFECTION_6HR_UP	0.20581926927411778			
REACTOME_TRANSLESION_SYNTHESIS_BY_POLH	0.20580181452159976			
chr6q14	0.20578826352878826			
GSE360_L_DONOVANI_VS_L_MAJOR_MAC_UP	0.2057700458792443			
GO_ONE_CARBON_METABOLIC_PROCESS	0.20575113800968736			
GO_NEGATIVE_REGULATION_OF_CELLULAR_RESPIRATION	0.2056978247749526			
IPA_KMT2A_UP	0.2056560833792131			
GO_POSITIVE_REGULATION_OF_RESPONSE_TO_DRUG	0.20563326031986381			
PHF21A_TARGET_GENES	0.20558921783182493			
MIR6128	0.2055164911731454			
GO_DNA_BIOSYNTHETIC_PROCESS	0.20548537706320677			
GO_NEGATIVE_REGULATION_OF_PROSTAGLANDIN_BIOSYNTHETIC_PROCESS	0.20548092106509547			
GSE18804_SPLEEN_MACROPHAGE_VS_BRAIN_TUMORAL_MACROPHAGE_DN	0.2054720717040231			
GO_CEREBELLAR_CORTEX_MORPHOGENESIS	0.20542394775888234			
GO_FATTY_ACID_TRANSMEMBRANE_TRANSPORTER_ACTIVITY	0.2054041301757477			
GO_REGULATION_OF_ORGANIC_ACID_TRANSPORT	0.20527471976257017			
GSE40274_CTRL_VS_XBP1_TRANSDUCED_ACTIVATED_CD4_TCELL_DN	0.20527362176931024			
GSE360_HIGH_VS_LOW_DOSE_B_MALAYI_MAC_UP	0.20525977785018928			
GO_DEOXYRIBONUCLEOSIDE_MONOPHOSPHATE_METABOLIC_PROCESS	0.20521417427066663			
GSE20198_UNTREATED_VS_IL12_IL18_TREATED_ACT_CD4_TCELL_UP	0.20521369356491675			
BIOCARTA_CB1R_PATHWAY	0.2051677167327516			
GSE18281_SUBCAPSULAR_CORTICAL_REGION_VS_WHOLE_CORTEX_THYMUS_DN	0.2051358792116681			
GO_RNA_POLYMERASE_II_GENERAL_TRANSCRIPTION_INITIATION_FACTOR_BINDING	0.205102358150615			
GO_MITOTIC_SPINDLE_ASSEMBLY	0.2050722553354274			
IPA_DAXX_DN	0.20506578458968028			
GO_CORPUS_CALLOSUM_MORPHOGENESIS	0.20506393273551501			
GO_INTRINSIC_APOPTOTIC_SIGNALING_PATHWAY_BY_P53_CLASS_MEDIATOR	0.2050565207378182			
MIR597_5P	0.20504497873192684			
GO_MITOCHONDRIAL_OUTER_MEMBRANE_TRANSLOCASE_COMPLEX	0.20504104803602907			
chr9p21	0.20497773165885894			
GO_EXOCYTIC_PROCESS	0.20489608635116507			
GO_S100_PROTEIN_BINDING	0.20488355369107564			
GSE18791_CTRL_VS_NEWCASTLE_VIRUS_DC_6H_UP	0.20486678091031205			
GO_TETRAHYDROFOLATE_INTERCONVERSION	0.20483000232559764			
GO_STABILIZATION_OF_MEMBRANE_POTENTIAL	0.20482166969623872			
GO_NEGATIVE_REGULATION_OF_DEFENSE_RESPONSE_TO_BACTERIUM	0.204769749355117			
DELASERNA_TARGETS_OF_MYOD_AND_SMARCA4	0.20476417851224304			
GO_REGULATION_OF_HEMATOPOIETIC_PROGENITOR_CELL_DIFFERENTIATION	0.20470404020066182			
REACTOME_OREXIN_AND_NEUROPEPTIDES_FF_AND_QRFP_BIND_TO_THEIR_RESPECTIVE_RECEPTORS	0.20463405320828654			
REACTOME_PRE_NOTCH_PROCESSING_IN_THE_ENDOPLASMIC_RETICULUM	0.20461089421461454			
GO_PROTON_CHANNEL_ACTIVITY	0.20461018958572216			
GSE13522_CTRL_VS_T_CRUZI_BRAZIL_STRAIN_INF_SKIN_DN	0.2046033288383482			
GO_BRANCHIOMOTOR_NEURON_AXON_GUIDANCE	0.20452956084005522			
GO_SPINDLE_MICROTUBULE	0.20452002121017887			
GO_TRANSFORMING_GROWTH_FACTOR_BETA_RECEPTOR_ACTIVITY_TYPE_I	0.20451248200172942			
chr15q22	0.20448083332615533			
GO_RESPONSE_TO_UV	0.20440046879841248			
GO_MORPHOGEN_ACTIVITY	0.20437367967905373			
URS_ADIPOCYTE_DIFFERENTIATION_UP	0.20431281963054126			
GO_CLASS_I_DNA_APURINIC_OR_APYRIMIDINIC_SITE_ENDONUCLEASE_ACTIVITY	0.20428383508235967			
MINGUEZ_LIVER_CANCER_VASCULAR_INVASION_UP	0.20424633730538083			
MIR1226_3P	0.20411765286288733			
GSE17721_PAM3CSK4_VS_CPG_12H_BMDC_UP	0.20408524132237976			
GSE27786_BCELL_VS_CD8_TCELL_DN	0.2040829381035103			
GSE17721_CTRL_VS_POLYIC_12H_BMDC_UP	0.20406122666294269			
GO_REGULATION_OF_TRANSCRIPTION_BY_GLUCOSE	0.20405255976626788			
GO_CATION_TRANSMEMBRANE_TRANSPORTER_ACTIVITY	0.20401926323211003			
TCTATGA_MIR376A_MIR376B	0.20401383382461247			
GO_SYNAPTIC_VESICLE_ENDOSOMAL_PROCESSING	0.2040133675601654			
GSE17721_CTRL_VS_GARDIQUIMOD_6H_BMDC_UP	0.20395352630347943			
GO_NEGATIVE_REGULATION_OF_SUBSTRATE_ADHESION_DEPENDENT_CELL_SPREADING	0.20393431234982934			
REACTOME_ACTIVATION_OF_BAD_AND_TRANSLOCATION_TO_MITOCHONDRIA	0.20386839883303956			
BRACHAT_RESPONSE_TO_CAMPTOTHECIN_UP	0.2038595720287131			
GO_ENDOPLASMIC_RETICULUM_LOCALIZATION	0.2038505466657367			
GSE34156_UNTREATED_VS_6H_NOD2_AND_TLR1_TLR2_LIGAND_TREATED_MONOCYTE_UP	0.2038144079561977			
CHIANG_LIVER_CANCER_SUBCLASS_PROLIFERATION_UP	0.2037150038388338			
GO_RESPONSE_TO_CAMP	0.20367781861426518			
GO_INTRINSIC_COMPONENT_OF_MITOCHONDRIAL_INNER_MEMBRANE	0.20366764449456695			
GO_ARGININE_BINDING	0.20364327163085646			
MIR487B_3P	0.2035997500421043			
GSE20715_WT_VS_TLR4_KO_24H_OZONE_LUNG_UP	0.20359855093486248			
GO_HEPARAN_SULFATE_PROTEOGLYCAN_BIOSYNTHETIC_PROCESS	0.20356491039915778			
GO_REGULATION_OF_MICROTUBULE_BINDING	0.20346834768011327			
GGTGTGT_MIR329	0.2034273390584654			
GO_POSITIVE_REGULATION_OF_TRANSCRIPTION_REGULATORY_REGION_DNA_BINDING	0.20340737577979626			
MIR6779_5P	0.20338724205171013			
GO_REGULATION_OF_PROTEIN_LOCALIZATION_TO_CILIUM	0.20337558570857678			
GO_DNA_PROTECTION	0.20335730389781567			
GO_TRANSFORMING_GROWTH_FACTOR_BETA2_PRODUCTION	0.20335327101536937			
IPA_LDB2_UP	0.20335040362236342			
IPA_ARID1A_UP	0.20335040362236342			
IPA_ZFP36L1_UP	0.20335040362236342			
IPA_SIN3B_UP	0.20335040362236342			
IPA_SMARCD2_UP	0.20335040362236342			
IPA_TERF1_UP	0.20335040362236342			
IPA_FOXH1_UP	0.20335040362236342			
GO_HYDROLASE_ACTIVITY_ACTING_ON_ESTER_BONDS	0.20332258041485174			
GO_INNATE_IMMUNE_RESPONSE_IN_MUCOSA	0.20324430288008344			
GO_PROTEIN_SUMOYLATION	0.20323471441697744			
IPA_VSX2_DN	0.20322654004667653			
IPA_HEYL_DN	0.2032015661229632			
GSE6090_UNSTIM_VS_DC_SIGN_STIM_DC_UP	0.20315438242192055			
GSE21033_1H_VS_12H_POLYIC_STIM_DC_UP	0.20315072365479395			
REACTOME_RNA_POLYMERASE_III_TRANSCRIPTION_INITIATION_FROM_TYPE_1_PROMOTER	0.20313426510873023			
WEBER_METHYLATED_ICP_IN_SPERM_UP	0.20303338329282145			
GGCAGAC_MIR346	0.20302659275455862			
GO_ACTIVE_TRANSMEMBRANE_TRANSPORTER_ACTIVITY	0.20295604716548452			
GSE3982_BASOPHIL_VS_TH2_DN	0.20286938314430758			
MIR4741	0.20284792952005637			
GSE16451_IMMATURE_VS_MATURE_NEURON_CELL_LINE_WEST_EQUINE_ENC_VIRUS_DN	0.2027979804741198			
GO_REGULATION_OF_ADIPONECTIN_SECRETION	0.2027972143916107			
GSE19401_PLN_VS_PEYERS_PATCH_FOLLICULAR_DC_UP	0.2027961023119522			
MIR569	0.2027087887248287			
GO_INTERSTRAND_CROSS_LINK_REPAIR	0.2026295325506801			
GO_REGULATION_OF_POLYSACCHARIDE_METABOLIC_PROCESS	0.2025891664265605			
chr2q34	0.20258518152359836			
NIKOLSKY_BREAST_CANCER_12Q24_AMPLICON	0.202574467567423			
DCA_UP.V1_UP	0.2025538699549338			
GSE32901_TH1_VS_TH17_ENRICHED_CD4_TCELL_DN	0.20254536931632486			
GO_HYDRO_LYASE_ACTIVITY	0.20245484826978347			
REACTOME_SIGNALLING_TO_RAS	0.202451100743227			
BALLIF_DEVELOPMENTAL_DISABILITY_P16_P12_DELETION	0.20243319880072227			
GO_ATPASE_REGULATOR_ACTIVITY	0.20241536387476303			
GO_L_SERINE_BIOSYNTHETIC_PROCESS	0.20234612994465956			
MTOR_UP.V1_DN	0.20234089426043955			
GO_ION_CHANNEL_BINDING	0.20225596739140483			
GSE3982_EFF_MEMORY_CD4_TCELL_VS_NKCELL_UP	0.2022495734548197			
GO_NADP_METABOLIC_PROCESS	0.20224395912425447			
GO_MEMBRANE_HYPERPOLARIZATION	0.20213263766756928			
GSE2405_HEAT_KILLED_VS_LIVE_A_PHAGOCYTOPHILUM_STIM_NEUTROPHIL_24H_DN	0.20212119149064456			
IPA_TEF_DN	0.20211808455891678			
IPA_HLF_DN	0.20211808455891678			
GO_RIBOSOMAL_SUBUNIT	0.2020679594879823			
MIR100_3P	0.2020651034171923			
POS_RESPONSE_TO_HISTAMINE_DN	0.2020443834522246			
MIKKELSEN_NPC_HCP_WITH_H3K4ME3_AND_H3K27ME3	0.20202762794428014			
GSE12484_HEALTHY_VS_PERIDONTITIS_NEUTROPHILS_DN	0.2020012773858133			
GO_ENDODEOXYRIBONUCLEASE_ACTIVITY_PRODUCING_3_PHOSPHOMONOESTERS	0.20199992863208943			
GO_ERROR_FREE_TRANSLESION_SYNTHESIS	0.20197678073025485			
GO_N_TERMINAL_PEPTIDYL_METHIONINE_ACETYLATION	0.201968454183905			
GO_TRIGEMINAL_NERVE_DEVELOPMENT	0.20193416022320604			
GSE41867_NAIVE_VS_DAY15_LCMV_ARMSTRONG_EFFECTOR_CD8_TCELL_UP	0.20191085727202812			
BROWNE_HCMV_INFECTION_30MIN_UP	0.20187463865216704			
BIOCARTA_TEL_PATHWAY	0.20184886087884796			
RASHI_RESPONSE_TO_IONIZING_RADIATION_5	0.20184419268015058			
GSE14308_TH2_VS_NATURAL_TREG_DN	0.201811185959037			
IPA_PAX5_DN	0.20178066611223824			
GO_PHOTORECEPTOR_CELL_OUTER_SEGMENT_ORGANIZATION	0.20177059023901353			
GO_NCRNA_PROCESSING	0.20176538465182192			
MIR6830_5P	0.20172354114711685			
GO_MITOCHONDRIAL_TRICARBOXYLIC_ACID_CYCLE_ENZYME_COMPLEX	0.20167877387742061			
GO_PEPTIDE_BIOSYNTHETIC_PROCESS	0.20165731129297262			
GO_SPINDLE_MIDZONE	0.20165304780420681			
IPA_PAF1_UP	0.20165303540864635			
REACTOME_RNA_POLYMERASE_III_CHAIN_ELONGATION	0.20164772258187766			
KAYO_CALORIE_RESTRICTION_MUSCLE_DN	0.2014841395712609			
TASOR_TARGET_GENES	0.2014495480774585			
DYRK1A_TARGET_GENES	0.20143678748493618			
MIR759	0.20135953327446265			
GSE6674_UNSTIM_VS_ANTI_IGM_AND_CPG_STIM_BCELL_UP	0.20135917538405165			
GO_POSITIVE_REGULATION_OF_CENTROSOME_CYCLE	0.2013058132116216			
GO_ESTABLISHMENT_OF_PROTEIN_LOCALIZATION_TO_MITOCHONDRIAL_MEMBRANE	0.20129151438605924			
HALLMARK_MTORC1_SIGNALING	0.20128077197705868			
GO_EKC_KEOPS_COMPLEX	0.2012618048253847			
IPA_ZBTB16_UP	0.20126126124088511			
MIR12116	0.2012157682370411			
MIR22_3P	0.20118169183853415			
MIR154_3P	0.20115178879355497			
GO_MLL1_2_COMPLEX	0.20113509142902863			
GO_PROTEIN_TARGETING_TO_MITOCHONDRION	0.2010042642901542			
GO_FILOPODIUM_ASSEMBLY	0.20098039812299306			
IPA_HNRNPK_UP	0.2009774887974641			
GO_BRUSH_BORDER_ASSEMBLY	0.20095557904787234			
GO_TRANSLATION_INITIATION_FACTOR_ACTIVITY	0.20090847492911598			
GO_ATF6_MEDIATED_UNFOLDED_PROTEIN_RESPONSE	0.20087622710647524			
GO_INTRACELLULAR_CALCIUM_ACTIVATED_CHLORIDE_CHANNEL_ACTIVITY	0.20075627122587392			
GO_REGULATION_OF_T_HELPER_1_CELL_CYTOKINE_PRODUCTION	0.20068147094454575			
MIR4637	0.20067176778871937			
GO_TRNA_PROCESSING	0.2006369011375981			
REACTOME_DNA_DAMAGE_REVERSAL	0.20058309351620213			
GO_RIBONUCLEOPROTEIN_COMPLEX_BIOGENESIS	0.20055463472805765			
GSE20366_EX_VIVO_VS_HOMEOSTATIC_CONVERSION_NAIVE_CD4_TCELL_DN	0.20053567570243291			
GO_SPINDLE	0.2004276858762471			
BYSTRYKH_HEMATOPOIESIS_STEM_CELL_RUNX1	0.2004223120030515			
GO_STEROID_CATABOLIC_PROCESS	0.20040050436803067			
VANLOO_SP3_TARGETS_UP	0.2003794762842307			
PAL_PRMT5_TARGETS_DN	0.20036175010655752			
REACTOME_DOWNSTREAM_SIGNAL_TRANSDUCTION	0.20033765848290103			
GO_CEREBELLAR_PURKINJE_CELL_LAYER_FORMATION	0.2003348953822984			
MIR4733_5P	0.20022201659160854			
REACTOME_PIWI_INTERACTING_RNA_PIRNA_BIOGENESIS	0.20020600901862767			
IPA_SIX4_UP	0.20008938623229655			
GO_RACEMASE_AND_EPIMERASE_ACTIVITY	0.20007540199492305			
GO_REGULATION_OF_MRNA_BINDING	0.2000683727029298			
HAND1_TARGET_GENES	0.20006265389483333			
GO_HINDBRAIN_MORPHOGENESIS	0.20003890194628554			
MIR4290	0.2000078932788331			
GO_MAP_KINASE_KINASE_ACTIVITY	0.19999474868349276			
GO_ACTIVE_ION_TRANSMEMBRANE_TRANSPORTER_ACTIVITY	0.19998232363884666			
GO_NEGATIVE_REGULATION_OF_HISTONE_H3_K9_TRIMETHYLATION	0.19996626876153095			
GO_CARDIAC_MUSCLE_FIBER_DEVELOPMENT	0.1999289637685624			
REACTOME_MITOCHONDRIAL_FATTY_ACID_BETA_OXIDATION_OF_UNSATURATED_FATTY_ACIDS	0.1998925663278902			
IPA_H2AFX_DN	0.19987512751064704			
MIR1273H_5P	0.19987225807346662			
GSE17721_PAM3CSK4_VS_GADIQUIMOD_12H_BMDC_UP	0.19983330387265402			
GO_PROTON_TRANSPORTING_TWO_SECTOR_ATPASE_COMPLEX	0.1998255351825268			
GO_O_METHYLTRANSFERASE_ACTIVITY	0.1998152576893775			
GO_PAM_COMPLEX_TIM23_ASSOCIATED_IMPORT_MOTOR	0.19972886618668317			
OUILLETTE_CLL_13Q14_DELETION_DN	0.19972598212664078			
IPA_PLAGL1_UP	0.19969929689439103			
GO_TRANSLESION_SYNTHESIS	0.19969644409185178			
REACTOME_MITOCHONDRIAL_IRON_SULFUR_CLUSTER_BIOGENESIS	0.1996898787287229			
GO_5_3_EXONUCLEASE_ACTIVITY	0.19967985677800465			
GSE24210_CTRL_VS_IL35_TREATED_TCONV_CD4_TCELL_DN	0.19964229467400382			
GO_GUANYLYLTRANSFERASE_ACTIVITY	0.19955368650533242			
MIR545_5P	0.19951582904008602			
IPA_SP100_UP	0.19949171997230297			
GO_REGULATION_OF_ARTERY_MORPHOGENESIS	0.1994569561595107			
GO_MATURATION_OF_SSU_RRNA_FROM_TRICISTRONIC_RRNA_TRANSCRIPT_SSU_RRNA_5_8S_RRNA_LSU_RRNA	0.19939831672835368			
GO_TRIPARTITE_REGIONAL_SUBDIVISION	0.19935479157792663			
IPA_PSIP1_UP	0.19933852778720884			
GO_RRNA_METABOLIC_PROCESS	0.19929619548916336			
ATOH1_TARGET_GENES	0.19929264416805686			
KEGG_CARDIAC_MUSCLE_CONTRACTION	0.1991970945806273			
GO_NEGATIVE_REGULATION_OF_PRODUCTION_OF_MIRNAS_INVOLVED_IN_GENE_SILENCING_BY_MIRNA	0.19916369674642495			
GSE2405_HEAT_KILLED_LYSATE_VS_LIVE_A_PHAGOCYTOPHILUM_STIM_NEUTROPHIL_24H_DN	0.1991633346460686			
GSE32423_MEMORY_VS_NAIVE_CD8_TCELL_IL7_IL4_UP	0.19916294608655127			
IPA_TCF7L2_UP	0.1991384235019463			
GO_POSITIVE_REGULATION_OF_PROTEIN_DEUBIQUITINATION	0.1990613037487361			
REACTOME_TELOMERE_C_STRAND_SYNTHESIS_INITIATION	0.1989989773287817			
MIR15B_3P	0.19898825552488109			
GSE29615_CTRL_VS_DAY3_LAIV_IFLU_VACCINE_PBMC_DN	0.19894537162705428			
GO_REGULATION_OF_POTASSIUM_ION_TRANSMEMBRANE_TRANSPORTER_ACTIVITY	0.19893217840674995			
LEI_HOXC8_TARGETS_DN	0.19886161880700912			
MIR1470	0.19883016992741134			
REACTOME_TRANSLESION_SYNTHESIS_BY_Y_FAMILY_DNA_POLYMERASES_BYPASSES_LESIONS_ON_DNA_TEMPLATE	0.19881002007467785			
GO_RIBOSOMAL_SMALL_SUBUNIT_EXPORT_FROM_NUCLEUS	0.1986881563937064			
GO_RNA_PHOSPHODIESTER_BOND_HYDROLYSIS_ENDONUCLEOLYTIC	0.19868301383281797			
GO_RIBOSOMAL_LARGE_SUBUNIT_EXPORT_FROM_NUCLEUS	0.19867941677784895			
GO_ACTIVATION_OF_GTPASE_ACTIVITY	0.19858087492926393			
GSE45365_CD8A_DC_VS_CD11B_DC_DN	0.19857508062847926			
GO_HISTONE_SERINE_KINASE_ACTIVITY	0.19856207186691222			
chr11p14	0.19854514333825127			
GO_RIBOSOME_ASSEMBLY	0.19850447875324184			
IPA_SMAD6_DN	0.19842208146838372			
GO_INSULIN_LIKE_GROWTH_FACTOR_II_BINDING	0.19837620509667445			
GSE15659_CD45RA_NEG_CD4_TCELL_VS_NONSUPPRESSIVE_TCELL_UP	0.19837318945813465			
MIR6818_3P	0.19828553615911623			
CEBP_Q3	0.19824417052827528			
GSE14026_TH1_VS_TH17_DN	0.19822897748364596			
GO_TRANSPORT_ACROSS_BLOOD_BRAIN_BARRIER	0.198164486446053			
IPA_HEY1_UP	0.19809053350548034			
GO_INOSITOL_TRISPHOSPHATE_PHOSPHATASE_ACTIVITY	0.1980612829329919			
GAZDA_DIAMOND_BLACKFAN_ANEMIA_MYELOID_DN	0.19786331509808558			
AAGCACT_MIR520F	0.19785515375665752			
GO_HISTONE_METHYLTRANSFERASE_ACTIVITY_H4_K20_SPECIFIC	0.19784754989453293			
GO_ALPHA_AMYLASE_ACTIVITY_RELEASING_MALTOHEXAOSE	0.1977234401237408			
GO_SECONDARY_ACTIVE_TRANSMEMBRANE_TRANSPORTER_ACTIVITY	0.19769541707355068			
NIKOLSKY_BREAST_CANCER_22Q13_AMPLICON	0.19768622078867346			
MIR487A_3P	0.1976543953836048			
chr6q27	0.19763992909723313			
REACTOME_RNA_POLYMERASE_III_TRANSCRIPTION_INITIATION_FROM_TYPE_3_PROMOTER	0.19758891090686131			
GO_POSITIVE_REGULATION_OF_CYTOKINESIS	0.19757212602201735			
LINDGREN_BLADDER_CANCER_WITH_LOH_IN_CHR9Q	0.19754420457529645			
GO_REGULATION_OF_LIGASE_ACTIVITY	0.19735527600668548			
ZHOU_CELL_CYCLE_GENES_IN_IR_RESPONSE_2HR	0.1972553789225114			
ZNF561_TARGET_GENES	0.19719506383581784			
GO_OMEGA_PEPTIDASE_ACTIVITY	0.19718692029974252			
GO_CARBOHYDRATE_PROTON_SYMPORTER_ACTIVITY	0.19717786616913116			
IPA_TBX3_DN	0.19712090608938623			
GSE37301_CD4_TCELL_VS_RAG2_KO_NK_CELL_UP	0.1970931238371151			
chrXq22	0.19696860754784407			
chr11q23	0.196954178568818			
GO_REGULATION_OF_TRANSCRIPTION_FROM_RNA_POLYMERASE_II_PROMOTER_IN_RESPONSE_TO_OXIDATIVE_STRESS	0.1969413231819823			
MIR4720_5P	0.19692600493282672			
GO_RENAL_SYSTEM_PROCESS_INVOLVED_IN_REGULATION_OF_SYSTEMIC_ARTERIAL_BLOOD_PRESSURE	0.19673375705122478			
MIR3657	0.19672099416514793			
GO_CYCLIN_DEPENDENT_PROTEIN_SERINE_THREONINE_KINASE_INHIBITOR_ACTIVITY	0.19669251533921178			
IPA_NR2C1_UP	0.1966269948169418			
GSE41867_DAY6_VS_DAY8_LCMV_ARMSTRONG_EFFECTOR_CD8_TCELL_DN	0.19660264786215398			
GSE43863_NAIVE_VS_LY6C_INT_CXCR5POS_CD4_EFF_TCELL_D6_LCMV_DN	0.19659497367901693			
MIR662	0.19657586265727753			
GO_CERAMIDE_BIOSYNTHETIC_PROCESS	0.1965505102971955			
GO_PYRIMIDINE_NUCLEOSIDE_BIOSYNTHETIC_PROCESS	0.19654169583080364			
GO_SULFUR_COMPOUND_TRANSPORT	0.1965383828293397			
GO_POSITIVE_REGULATION_OF_MICROTUBULE_POLYMERIZATION_OR_DEPOLYMERIZATION	0.1964836727931033			
GO_LYSOPHOSPHATIDIC_ACID_BINDING	0.19642567544251796			
GSE6259_BCELL_VS_CD4_TCELL_UP	0.19640158637481786			
GSE22935_UNSTIM_VS_48H_MBOVIS_BCG_STIM_MYD88_KO_MACROPHAGE_UP	0.19639721031436905			
GO_RESPONSE_TO_FRUCTOSE	0.19636786488879274			
MIR6512_3P	0.19631736103255004			
GO_GLUTAMATE_GATED_CALCIUM_ION_CHANNEL_ACTIVITY	0.19626400415810863			
IPA_SKP2_DN	0.1962526173658149			
GO_NUCLEOSIDE_TRIPHOSPHATE_BIOSYNTHETIC_PROCESS	0.1961556867898956			
GSE31082_DN_VS_CD4_SP_THYMOCYTE_UP	0.1961241056639384			
GO_HRD1P_UBIQUITIN_LIGASE_ERAD_L_COMPLEX	0.196087555716225			
GO_5_3_DNA_HELICASE_ACTIVITY	0.1960446754403294			
REACTOME_RUNX3_REGULATES_WNT_SIGNALING	0.19603421957068917			
HOLLEMAN_DAUNORUBICIN_ALL_DN	0.19602665435598543			
GO_TRANSLATIONAL_INITIATION	0.19601108181980517			
NIKOLSKY_BREAST_CANCER_17Q21_Q25_AMPLICON	0.19593974628768862			
GO_PROTEIN_REFOLDING	0.1958552936597996			
GO_CELLULAR_CARBOHYDRATE_BIOSYNTHETIC_PROCESS	0.19584047791533724			
GO_POSITIVE_REGULATION_OF_PRI_MIRNA_TRANSCRIPTION_BY_RNA_POLYMERASE_II	0.19578903159148328			
MIR4422	0.195612150659512			
GSE32533_WT_VS_MIR17_OVEREXPRESS_ACT_CD4_TCELL_UP	0.19558942573143326			
GO_LYSOZYME_ACTIVITY	0.19556303242440945			
REACTOME_RHO_GTPASES_ACTIVATE_ROCKS	0.1955458032625571			
GO_MOLYBDOPTERIN_COFACTOR_METABOLIC_PROCESS	0.19549577149114955			
REACTOME_MOLYBDENUM_COFACTOR_BIOSYNTHESIS	0.19549577149114955			
OZEN_MIR125B1_TARGETS	0.19539094864366466			
GO_NEGATIVE_REGULATION_OF_CYCLIC_NUCLEOTIDE_PHOSPHODIESTERASE_ACTIVITY	0.1953905726956054			
GO_RRNA_CONTAINING_RIBONUCLEOPROTEIN_COMPLEX_EXPORT_FROM_NUCLEUS	0.19536678478036962			
GO_RESPONSE_TO_RETINOIC_ACID	0.19531244460300295			
GO_BEHAVIORAL_RESPONSE_TO_COCAINE	0.19523267887125406			
GO_NUCLEAR_INCLUSION_BODY	0.19520294649765899			
GO_MATERNAL_PROCESS_INVOLVED_IN_PARTURITION	0.19512156134135647			
GO_POSITIVE_REGULATION_OF_TRANSPORTER_ACTIVITY	0.1950922462040182			
FISCHER_G2_M_CELL_CYCLE	0.19489861890693289			
REACTOME_INTESTINAL_ABSORPTION	0.1948578740638167			
GO_NUCLEAR_STRESS_GRANULE	0.19472616095741857			
GSE17721_LPS_VS_GARDIQUIMOD_0.5H_BMDC_DN	0.19472150074763783			
REACTOME_SYNTHESIS_OF_VERY_LONG_CHAIN_FATTY_ACYL_COAS	0.19468717619550693			
GO_DICARBOXYLIC_ACID_BIOSYNTHETIC_PROCESS	0.1946673811828881			
GO_DIVALENT_INORGANIC_CATION_TRANSMEMBRANE_TRANSPORTER_ACTIVITY	0.19462927917369352			
GSE20366_CD103_POS_VS_CD103_KLRG1_DP_TREG_UP	0.19461335487832393			
REACTOME_EXTENSION_OF_TELOMERES	0.19460093442438495			
GO_POSITIVE_REGULATION_OF_SMOOTH_MUSCLE_CONTRACTION	0.19459872518958707			
REACTOME_WNT5A_DEPENDENT_INTERNALIZATION_OF_FZD2_FZD5_AND_ROR2	0.1945573892551171			
RUVBL2_TARGET_GENES	0.19453021965142878			
GO_NEGATIVE_REGULATION_OF_SCHWANN_CELL_PROLIFERATION	0.19449762725852424			
chr17q11	0.19448808071560297			
IPA_NCOA2_UP	0.19445417861920195			
WIERENGA_PML_INTERACTOME	0.19443443711377545			
GO_COLLAGEN_ACTIVATED_TYROSINE_KINASE_RECEPTOR_SIGNALING_PATHWAY	0.1943635040177083			
REACTOME_ACYL_CHAIN_REMODELING_OF_DAG_AND_TAG	0.19433347944641305			
GO_ACYLGLYCEROL_ACYL_CHAIN_REMODELING	0.19433347944641305			
GO_ERROR_PRONE_TRANSLESION_SYNTHESIS	0.19429560461909903			
GO_ANION_CATION_SYMPORTER_ACTIVITY	0.19429185454097553			
GO_SCARNA_LOCALIZATION_TO_CAJAL_BODY	0.19422991104768292			
GSE27241_WT_VS_RORGT_KO_TH17_POLARIZED_CD4_TCELL_DN	0.19411497143685502			
GO_REGULATION_OF_MICROVILLUS_LENGTH	0.19392080921245616			
KEGG_RIBOSOME	0.19375369047550997			
BENPORATH_SOX2_TARGETS	0.19371502142789832			
GO_NEGATIVE_REGULATION_OF_METALLOENDOPEPTIDASE_ACTIVITY	0.19370976492795391			
REACTOME_TELOMERE_MAINTENANCE	0.19360820321363528			
GO_REGULATION_BY_VIRUS_OF_VIRAL_PROTEIN_LEVELS_IN_HOST_CELL	0.1936077552474286			
GO_TRANSCRIPTION_ELONGATION_FROM_RNA_POLYMERASE_II_PROMOTER	0.19352874809587975			
GO_PROTEIN_IMPORT_INTO_MITOCHONDRIAL_MATRIX	0.1935274667965207			
MIR4685_3P	0.19347054751130555			
chr16p11	0.19343503280133437			
MIR6759_5P	0.1934312097239095			
IPA_MYF5_DN	0.19333523447559778			
MATZUK_EMBRYONIC_GERM_CELL	0.19322283042642582			
GALIE_TUMOR_STEMNESS_GENES	0.19319821473406937			
GSE43955_1H_VS_10H_ACT_CD4_TCELL_WITH_TGFB_IL6_UP	0.1931871887641399			
GO_MATURATION_OF_SSU_RRNA	0.19316980959962			
GO_CELLULAR_RESPONSE_TO_GAMMA_RADIATION	0.19311142185155905			
GO_POSITIVE_REGULATION_OF_STEROID_BIOSYNTHETIC_PROCESS	0.19309418853153823			
GO_CENTRAL_NERVOUS_SYSTEM_MYELIN_MAINTENANCE	0.19302681391061072			
GO_REGULATION_OF_INTRINSIC_APOPTOTIC_SIGNALING_PATHWAY_IN_RESPONSE_TO_DNA_DAMAGE	0.193024316292687			
GO_MITOTIC_SPINDLE_ORGANIZATION	0.19298831983660816			
GO_U4_SNRNA_BINDING	0.19291062704450404			
MARKEY_RB1_ACUTE_LOF_UP	0.19288559238997469			
MIR7856_5P	0.19280506071826917			
MIR496	0.19279687220662484			
MIR5699_3P	0.19271974280980983			
SCHLOSSER_MYC_TARGETS_REPRESSED_BY_SERUM	0.19259937251212772			
GO_SKELETAL_MUSCLE_TISSUE_GROWTH	0.19258701728824087			
GO_MRNA_MODIFICATION	0.1925800367348294			
MIR4287	0.19248009701029295			
MIR885_3P	0.1924175816815657			
IPA_TLE1_UP	0.19240142082837			
MIR3126_5P	0.1923524066095007			
SRSF7_TARGET_GENES	0.19223074114304264			
GSE12839_CTRL_VS_IL12_TREATED_PBMC_UP	0.19210328980541813			
GO_POSITIVE_REGULATION_OF_PLASMINOGEN_ACTIVATION	0.19209428861771688			
GO_POSITIVE_REGULATION_OF_CREB_TRANSCRIPTION_FACTOR_ACTIVITY	0.19206030348615336			
GSE42724_MEMORY_VS_B1_BCELL_UP	0.19201649811512733			
GO_POSITIVE_REGULATION_OF_PROGRAMMED_NECROTIC_CELL_DEATH	0.19191936484528338			
MIR4670_3P	0.19190872079889226			
GO_POSITIVE_REGULATION_OF_GONAD_DEVELOPMENT	0.19189974818871566			
REACTOME_ALPHA_DEFENSINS	0.19182344508239146			
GO_POSITIVE_REGULATION_OF_ION_TRANSMEMBRANE_TRANSPORT	0.19180980639883585			
GSE18791_UNSTIM_VS_NEWCATSLE_VIRUS_DC_1H_DN	0.19175221307894394			
MIR6720_5P	0.1917036103402365			
GSE37532_TREG_VS_TCONV_CD4_TCELL_FROM_LN_UP	0.19170139209266124			
GO_SPHINGOSINE_N_ACYLTRANSFERASE_ACTIVITY	0.19154552042632625			
GO_REGULATION_OF_BASEMENT_MEMBRANE_ASSEMBLY_INVOLVED_IN_EMBRYONIC_BODY_MORPHOGENESIS	0.1912865332663131			
MIR8053	0.19105456091960546			
IPA_ATF6B_DN	0.1909337344996089			
IPA_PEG3_DN	0.1909337344996089			
IPA_TCEB1_DN	0.1909337344996089			
GO_INOSITOL_POLYPHOSPHATE_5_PHOSPHATASE_ACTIVITY	0.19076971879040355			
HOLLEMAN_DAUNORUBICIN_ALL_UP	0.19073816037408203			
GO_ESTABLISHMENT_OF_CELL_POLARITY	0.19071036322828885			
MIKKELSEN_ES_LCP_WITH_H3K4ME3	0.1906173510209732			
GSE3920_UNTREATED_VS_IFNG_TREATED_ENDOTHELIAL_CELL_DN	0.1904921741425624			
GO_TRANSFORMING_GROWTH_FACTOR_BETA3_PRODUCTION	0.19048385065954465			
GO_AMINO_ACID_TRANSMEMBRANE_TRANSPORT	0.19046454981353236			
GO_REGULATION_OF_GENERATION_OF_PRECURSOR_METABOLITES_AND_ENERGY	0.1902540506489459			
GO_STRUCTURAL_CONSTITUENT_OF_RIBOSOME	0.19017693301983588			
KAMMINGA_SENESCENCE	0.19014491882445417			
MIR6849_3P	0.18990869447841469			
GO_ADENYL_NUCLEOTIDE_EXCHANGE_FACTOR_ACTIVITY	0.1898917093627758			
GSE21063_CTRL_VS_ANTI_IGM_STIM_BCELL_8H_DN	0.1898677197678244			
chr17q25	0.1898634729042747			
GO_SECONDARY_METABOLIC_PROCESS	0.1897782358773436			
GO_REGULATION_OF_PROTEIN_LOCALIZATION_TO_CHROMOSOME_TELOMERIC_REGION	0.18974373645811052			
GO_MICROTUBULE_CYTOSKELETON_ORGANIZATION_INVOLVED_IN_MITOSIS	0.18944683679844918			
REACTOME_SYNTHESIS_OF_PIPS_AT_THE_GOLGI_MEMBRANE	0.18941362855577612			
XU_RESPONSE_TO_TRETINOIN_AND_NSC682994_DN	0.1894105865272563			
SETBP1_TARGET_GENES	0.18905676320566903			
GO_LEPTIN_MEDIATED_SIGNALING_PATHWAY	0.1890549024085898			
GO_REGULATION_OF_SMAD_PROTEIN_COMPLEX_ASSEMBLY	0.1886043549587736			
GO_SELENIUM_BINDING	0.18837582046544105			
GO_TPR_DOMAIN_BINDING	0.18832746932873418			
GO_CARBON_SULFUR_LYASE_ACTIVITY	0.18830710632064493			
REACTOME_PHOSPHATE_BOND_HYDROLYSIS_BY_NUDT_PROTEINS	0.18824193412244095			
GO_REGULATION_OF_TRANSLATIONAL_TERMINATION	0.18823447633541157			
GO_RIBOSOMAL_PROTEIN_S6_KINASE_ACTIVITY	0.18801672012224666			
MIR4291	0.18792446234950963			
GSE7460_FOXP3_MUT_VS_WT_ACT_TCONV_DN	0.1877962289547819			
MIR93_3P	0.18772674886605223			
GO_REGULATION_OF_AORTA_MORPHOGENESIS	0.18771394873116426			
IPA_CREB3L1_DN	0.1875696214588053			
GO_RNA_POLYMERASE_III_COMPLEX	0.18739519094450052			
GO_POSITIVE_REGULATION_OF_AMPA_RECEPTOR_ACTIVITY	0.18735137718544173			
GO_MOTOR_NEURON_AXON_GUIDANCE	0.18730431427298966			
IPA_PRDM16_UP	0.1872815677488912			
MIR5585_3P	0.18724398964242267			
MIR196B_3P	0.18717631113864913			
REACTOME_GLUCOSE_METABOLISM	0.18716374530152122			
ATCMNTCCGY_UNKNOWN	0.18709511603895515			
GO_MUSCULAR_SEPTUM_MORPHOGENESIS	0.18703169299817854			
IPA_KDM6B_UP	0.1868856580276342			
AGCTCCT_MIR28	0.18679381493214262			
GO_RIBOSOME_BIOGENESIS	0.1866884379507471			
GO_RNA_SPLICING_VIA_ENDONUCLEOLYTIC_CLEAVAGE_AND_LIGATION	0.18664406340929932			
GO_CHAPERONE_COFACTOR_DEPENDENT_PROTEIN_REFOLDING	0.18650689329498796			
GO_IMMUNOGLOBULIN_V_D_J_RECOMBINATION	0.18640007587821303			
IPA_MYF5_UP	0.1863166885711065			
GO_RRNA_ADENINE_METHYLTRANSFERASE_ACTIVITY	0.18628546992275674			
GSE21670_UNTREATED_VS_IL6_TREATED_CD4_TCELL_UP	0.18628253825879507			
GO_RIBOSOMAL_LARGE_SUBUNIT_BIOGENESIS	0.1862672426800628			
GSE2770_UNTREATED_VS_TGFB_AND_IL4_TREATED_ACT_CD4_TCELL_4H_DN	0.18615990989369263			
BIOCARTA_TUBBY_PATHWAY	0.18610828799620202			
WENG_POR_TARGETS_LIVER_DN	0.18601213034725486			
GO_VITAMIN_A_METABOLIC_PROCESS	0.18591748927508275			
GO_ACTOMYOSIN_CONTRACTILE_RING_ORGANIZATION	0.1858700409121618			
GSE17721_POLYIC_VS_GARDIQUIMOD_0.5H_BMDC_UP	0.18586877422574097			
GO_TUBULAR_ENDOSOME	0.1858518748933257			
LOPEZ_MBD_TARGETS_IMPRINTED_AND_X_LINKED	0.18549526946447964			
GSE17721_CTRL_VS_LPS_2H_BMDC_UP	0.1853650626252299			
REACTOME_INFLUENZA_INFECTION	0.185316026572639			
DIDO1_TARGET_GENES	0.18476753256357675			
MIR6802_3P	0.18473918194764555			
GO_CATALYTIC_COMPLEX	0.1845423433240982			
POMEROY_MEDULLOBLASTOMA_PROGNOSIS_DN	0.18375871666154042			
GO_RESPONSE_TO_UV_A	0.18330243703958002			
MIR9_3P	0.1832363302841318			
HOLLEMAN_ASPARAGINASE_RESISTANCE_ALL_DN	0.18276394641217691			
IPA_MED1_DN	0.18260453554809639			
GO_STEROL_DESATURASE_ACTIVITY	0.18252484995434087			
GO_PROXIMAL_DENDRITE	0.18195504526918355			
MIR198	0.18091480672897634			
GO_MYELIN_ASSEMBLY	0.18051537572546641			
MIR371B_3P	0.1797991053953067			
MIR6744_5P	0.17976131526794029			
GO_CYTOSOLIC_LARGE_RIBOSOMAL_SUBUNIT	0.17918028665632157			
GO_ORGANIC_ACID_TRANSMEMBRANE_TRANSPORT	0.1784861792456148			
GO_VOLTAGE_GATED_CHLORIDE_CHANNEL_ACTIVITY	0.17756812243715675			
SUPT20H_TARGET_GENES	0.1773408831158604			
CHEOK_RESPONSE_TO_MERCAPTOPURINE_AND_HD_MTX_UP	0.1766865403310071			
GO_REGULATION_OF_SODIUM_DEPENDENT_PHOSPHATE_TRANSPORT	0.1754040630677921			
chr17p13	0.17533425303427044			
REACTOME_FOXO_MEDIATED_TRANSCRIPTION_OF_CELL_DEATH_GENES	0.17419701738842958			
ZNF211_TARGET_GENES	0.17397055882883505			
GSE5589_UNSTIM_VS_45MIN_LPS_AND_IL10_STIM_MACROPHAGE_DN	0.17370907187427084			
GO_POSITIVE_REGULATION_OF_PROTEIN_LOCALIZATION_TO_CENTROSOME	0.1735461952854583			
GO_REGULATION_OF_GASTRIC_ACID_SECRETION	0.1731220712703584			
SETD1A_TARGET_GENES	0.17217463277743905			
AAGGGAT_MIR188	0.1718416901489288			
GSE18791_CTRL_VS_NEWCASTLE_VIRUS_DC_10H_UP	0.17115533018394571			
CHEN_HOXA5_TARGETS_6HR_DN	0.17033177331757993			
GO_DENDRITE_SELF_AVOIDANCE	0.16925105016876923			
GO_NEGATIVE_REGULATION_OF_SMAD_PROTEIN_COMPLEX_ASSEMBLY	0.16671775191758795			
IPA_MLXIP_UP	0.15792550674878938			
IPA_HDAC10_DN	0.15792550674878938			
IPA_OTP_UP	0.13577089993313224			
SCHAEFFER_PROSTATE_DEVELOPMENT_AND_CANCER_BOX6_UP	-0.16688765218037208			
STEIN_ESRRA_TARGETS_RESPONSIVE_TO_ESTROGEN_DN	-0.1686276746178645			
GO_ATPASE_COUPLED_ION_TRANSMEMBRANE_TRANSPORTER_ACTIVITY	-0.1689817129640296			
IPA_ELF3_UP	-0.16910360260489204			
GSE17721_LPS_VS_CPG_1H_BMDC_UP	-0.1693493359445398			
GSE27786_CD8_TCELL_VS_NKTCELL_UP	-0.17048531518737203			
MONNIER_POSTRADIATION_TUMOR_ESCAPE_UP	-0.17125988807856263			
REACTOME_SIGNALLING_TO_ERKS	-0.17220543214953998			
ABRAHAM_ALPC_VS_MULTIPLE_MYELOMA_DN	-0.17229193673882517			
MCRS1_TARGET_GENES	-0.17324490961383116			
MIR652_3P	-0.17324934619467622			
HALLMARK_MITOTIC_SPINDLE	-0.17336052404782057			
GO_BRANCHED_CHAIN_AMINO_ACID_TRANSPORT	-0.17525605804888456			
MIR6729_5P	-0.1752614690143856			
WELCH_GATA1_TARGETS	-0.1753382025616187			
REACTOME_MITOCHONDRIAL_CALCIUM_ION_TRANSPORT	-0.17548998143908565			
IPA_KLF1_UP	-0.1754907379185863			
GO_DNA_SYNTHESIS_INVOLVED_IN_DNA_REPAIR	-0.1755896219385023			
PID_MAPK_TRK_PATHWAY	-0.17579289786995844			
GSE26559_TCF1_KO_VS_WT_LIN_NEG_CELL_DN	-0.1760768814530418			
PEART_HDAC_PROLIFERATION_CLUSTER_UP	-0.17758761618601637			
GO_REGULATION_OF_VACUOLAR_TRANSPORT	-0.1780074432989492			
GEORGES_TARGETS_OF_MIR192_AND_MIR215	-0.17803829416029057			
GO_PRE_MRNA_INTRONIC_BINDING	-0.1794778804418568			
IPA_HIF3A_UP	-0.17950802320441833			
GO_RIBONUCLEOPROTEIN_COMPLEX	-0.1796669536904238			
BIOCARTA_ALTERNATIVE_PATHWAY	-0.17990315374371282			
chr19q13	-0.17992953622157426			
REACTOME_GLYCOGEN_BREAKDOWN_GLYCOGENOLYSIS	-0.18016309528335187			
chr4p13	-0.18021399092337104			
MIR4652_5P	-0.18037916457039455			
GSE37533_PPARG1_FOXP3_VS_FOXP3_TRANSDUCED_CD4_TCELL_PIOGLITAZONE_TREATED_DN	-0.18049667985490092			
GO_POSITIVE_REGULATION_OF_MESODERM_FORMATION	-0.1806380513116621			
GO_TRANSLOCON_COMPLEX	-0.18071421154771664			
REACTOME_PROCESSING_AND_ACTIVATION_OF_SUMO	-0.18116255896120764			
GO_STRUCTURAL_CONSTITUENT_OF_POSTSYNAPSE	-0.18131596834456862			
ZNF704_TARGET_GENES	-0.18139956937700066			
GO_FATTY_ACID_SYNTHASE_ACTIVITY	-0.18140041142388758			
REACTOME_METABOLISM_OF_RNA	-0.1823582157921503			
CTGTTAC_MIR194	-0.1829879697967799			
GO_POSITIVE_REGULATION_OF_TRANSMEMBRANE_TRANSPORT	-0.18311659827483506			
REACTOME_ARYL_HYDROCARBON_RECEPTOR_SIGNALLING	-0.1831660314619926			
GO_ESTABLISHMENT_OF_PROTEIN_LOCALIZATION_TO_CHROMOSOME	-0.18335812328195208			
IPA_HOXB13_UP	-0.18340901655924882			
BLUM_RESPONSE_TO_SALIRASIB_DN	-0.18342509283925132			
HALLMARK_HEME_METABOLISM	-0.1837503731904842			
NIKOLSKY_BREAST_CANCER_6P24_P22_AMPLICON	-0.1838037229644714			
RUNNE_GENDER_EFFECT_UP	-0.1842253713835975			
PYEON_CANCER_HEAD_AND_NECK_VS_CERVICAL_DN	-0.18441518586973463			
SCHAEFFER_PROSTATE_DEVELOPMENT_AND_CANCER_BOX4_UP	-0.18442822458033886			
GO_REGULATION_OF_MEIOTIC_CELL_CYCLE	-0.18476448416135216			
WEST_ADRENOCORTICAL_TUMOR_MARKERS_UP	-0.18482656021441102			
OCT1_05	-0.1850628075609052			
GSE22935_UNSTIM_VS_12H_MBOVIS_BCG_STIM_MACROPHAGE_DN	-0.18508113155534578			
REACTOME_MAPK6_MAPK4_SIGNALING	-0.18525325349972066			
GO_REGULATION_OF_MITOCHONDRIAL_ELECTRON_TRANSPORT_NADH_TO_UBIQUINONE	-0.18548461642289482			
GSE4142_NAIVE_VS_GC_BCELL_DN	-0.1855775364756285			
MIR4482_3P	-0.18595509771758642			
GO_SEGMENTATION	-0.18595996366512207			
GO_PROTEASOME_REGULATORY_PARTICLE_LID_SUBCOMPLEX	-0.18602061179889157			
BIOCARTA_RAS_PATHWAY	-0.1861155706554267			
IPA_ZIC2_UP	-0.18631253321633037			
GO_PSEUDOURIDINE_SYNTHESIS	-0.18658664971383535			
MIR501_5P	-0.18665694588013637			
GO_MEIOTIC_SPINDLE_ORGANIZATION	-0.1867264372944552			
GO_RRNA_PSEUDOURIDINE_SYNTHESIS	-0.18679777157474134			
GO_MICROTUBULE_PLUS_END	-0.18689070378291334			
GSE10147_IL3_AND_HIVP17_VS_IL3_AND_CPG_STIM_PDC_UP	-0.18695506417288674			
GO_MYELOID_DENDRITIC_CELL_CYTOKINE_PRODUCTION	-0.18719960264768018			
REACTOME_DNA_REPAIR	-0.18742421939343468			
IL2_UP.V1_DN	-0.18750750230197047			
IPA_CREM_DN	-0.18752220548047777			
GSE18791_CTRL_VS_NEWCASTLE_VIRUS_DC_12H_UP	-0.18755177568542508			
REACTOME_APC_CDC20_MEDIATED_DEGRADATION_OF_NEK2A	-0.1875769226640459			
GO_DOUBLE_STRANDED_RNA_ADENOSINE_DEAMINASE_ACTIVITY	-0.18769037433536195			
MIR4777_3P	-0.18769778686816493			
BORCZUK_MALIGNANT_MESOTHELIOMA_UP	-0.1878797754781801			
MIR4698	-0.18790087513633966			
REACTOME_BINDING_OF_TCF_LEF_CTNNB1_TO_TARGET_GENE_PROMOTERS	-0.18799298536972467			
GO_MATURATION_OF_LSU_RRNA_FROM_TRICISTRONIC_RRNA_TRANSCRIPT_SSU_RRNA_5_8S_RRNA_LSU_RRNA	-0.188040683057534			
GSE33292_DN3_THYMOCYTE_VS_TCELL_LYMPHOMA_FROM_TCF1_KO_UP	-0.1881576461343515			
GO_POSITIVE_REGULATION_OF_MACROPHAGE_CHEMOTAXIS	-0.18828861375841885			
GO_HYDROGEN_SULFIDE_METABOLIC_PROCESS	-0.1883314262030214			
MIR8063	-0.1884123222619211			
GO_POLYOL_BIOSYNTHETIC_PROCESS	-0.18866859678073916			
GSE8921_UNSTIM_0H_VS_TLR1_2_STIM_MONOCYTE_3H_UP	-0.18876635890687535			
GSE21063_CTRL_VS_ANTI_IGM_STIM_BCELL_16H_DN	-0.18887033514249038			
GO_CYTOSOLIC_TRANSPORT	-0.1889496848496338			
REACTOME_EUKARYOTIC_TRANSLATION_INITIATION	-0.18910455499011314			
REACTOME_FBXW7_MUTANTS_AND_NOTCH1_IN_CANCER	-0.18913957646077267			
GO_TRANSLATION_REGULATOR_ACTIVITY_NUCLEIC_ACID_BINDING	-0.189780044642584			
MIR548E_5P	-0.18978828130841477			
GO_PHOSPHATIDYLGLYCEROL_BIOSYNTHETIC_PROCESS	-0.18981784742039423			
GO_MATURATION_OF_LSU_RRNA	-0.1898464646186859			
GO_TYROSINE_CATABOLIC_PROCESS	-0.18985012407711194			
REACTOME_TYROSINE_CATABOLISM	-0.18985012407711194			
GO_POSTSYNAPTIC_SPECIALIZATION_INTRACELLULAR_COMPONENT	-0.18987763007721212			
TGCTGCT_MIR15A_MIR16_MIR15B_MIR195_MIR424_MIR497	-0.18989124935426988			
MIR6866_3P	-0.18990507015680255			
GO_MICROGLIAL_CELL_PROLIFERATION	-0.1899656515312882			
GO_MACROPHAGE_PROLIFERATION	-0.1899656515312882			
REACTOME_PROCESSING_OF_SMDT1	-0.19017699272612157			
REACTOME_GLUCURONIDATION	-0.19037258512492394			
MIR8083	-0.19040190050814151			
GO_MESANGIAL_CELL_DEVELOPMENT	-0.1907614301694702			
MIR6831_3P	-0.1908780534055583			
GSE10239_MEMORY_VS_DAY4.5_EFF_CD8_TCELL_DN	-0.19093645041783935			
GO_FATTY_ACID_ELONGATION_SATURATED_FATTY_ACID	-0.19107012886402377			
GO_3_OXO_ARACHIDOYL_COA_SYNTHASE_ACTIVITY	-0.19107012886402377			
GSE28737_BCL6_HET_VS_BCL6_KO_MARGINAL_ZONE_BCELL_DN	-0.1912573592326638			
GO_HEMOGLOBIN_BIOSYNTHETIC_PROCESS	-0.19128478917400457			
GO_SUBSTRATE_INDEPENDENT_TELENCEPHALIC_TANGENTIAL_MIGRATION	-0.1913413195093708			
BHATI_G2M_ARREST_BY_2METHOXYESTRADIOL_DN	-0.1916297712592478			
GO_REGULATION_OF_NON_MOTILE_CILIUM_ASSEMBLY	-0.19169000719934878			
MIR7154_5P	-0.19172928676527595			
GO_OXIDOREDUCTASE_ACTIVITY_ACTING_ON_THE_CH_NH_GROUP_OF_DONORS	-0.19177202926135117			
MIR583	-0.19189868637054858			
GO_5_DEOXYRIBOSE_5_PHOSPHATE_LYASE_ACTIVITY	-0.19190402978752938			
KEGG_VASOPRESSIN_REGULATED_WATER_REABSORPTION	-0.19199016866328641			
GO_FIBRINOGEN_BINDING	-0.1920248481912134			
MIR6754_3P	-0.192028136949625			
GO_CHAPERONE_COMPLEX	-0.1921856662283687			
REACTOME_LGI_ADAM_INTERACTIONS	-0.1924191398791722			
IPA_HLTF_UP	-0.19248996889809436			
MIR6501_3P	-0.19250037796681552			
GO_POSITIVE_REGULATION_OF_FILOPODIUM_ASSEMBLY	-0.1925088840337016			
GO_RESPONSE_TO_GAMMA_RADIATION	-0.19252222499849497			
chrXq21	-0.19254528450973032			
MIR7854_3P	-0.19259512965845393			
IPA_LHX6_DN	-0.19261226528537814			
GSE41176_UNSTIM_VS_ANTI_IGM_STIM_TAK1_KO_BCELL_3H_DN	-0.19262528574915305			
IPA_ZNF354C_DN	-0.192658519543462			
GO_DIPHOSPHOINOSITOL_POLYPHOSPHATE_DIPHOSPHATASE_ACTIVITY	-0.19267513505551864			
GO_POSITIVE_REGULATION_OF_DNA_REPLICATION	-0.19272141176798888			
GSE2770_IL4_ACT_VS_ACT_CD4_TCELL_2H_UP	-0.19283923223441188			
GO_GAMMA_TUBULIN_LARGE_COMPLEX	-0.19291250692640008			
GSE17721_PAM3CSK4_VS_CPG_0.5H_BMDC_DN	-0.19304144667442968			
ZHENG_FOXP3_TARGETS_IN_T_LYMPHOCYTE_UP	-0.1931688072803663			
WEIGEL_OXIDATIVE_STRESS_BY_TBH_AND_H2O2	-0.1931883633196944			
MIR4760_5P	-0.19326143517461877			
GO_SPLEEN_DEVELOPMENT	-0.1932775107341136			
GO_PROTEIN_INSERTION_INTO_MITOCHONDRIAL_OUTER_MEMBRANE	-0.19338286243573896			
GO_REGULATION_OF_SYSTEMIC_ARTERIAL_BLOOD_PRESSURE	-0.19351942170402145			
ATRX_TARGET_GENES	-0.19356310217678274			
GSE9946_IMMATURE_VS_PROSTAGLANDINE2_TREATED_MATURE_DC_DN	-0.19364331926579448			
SHARMA_PILOCYTIC_ASTROCYTOMA_LOCATION_UP	-0.19374229266992501			
OUYANG_PROSTATE_CANCER_MARKERS	-0.19387259328937942			
GO_REGULATION_OF_PROTEIN_LOCALIZATION_TO_CENTROSOME	-0.1939459573679436			
GO_VOLTAGE_GATED_CALCIUM_CHANNEL_COMPLEX	-0.19404520524008778			
GO_REELIN_MEDIATED_SIGNALING_PATHWAY	-0.19405358872228903			
GSE37534_UNTREATED_VS_GW1929_TREATED_CD4_TCELL_PPARG1_AND_FOXP3_TRASDUCED_DN	-0.1940556190272105			
GSE1925_3H_VS_24H_IFNG_STIM_IFNG_PRIMED_MACROPHAGE_DN	-0.19408323850571052			
GSE24671_BAKIMULC_VS_SENDAI_VIRUS_INFECTED_MOUSE_SPLENOCYTES_DN	-0.19409563263173293			
GO_PROTEIN_TRANSMEMBRANE_IMPORT_INTO_INTRACELLULAR_ORGANELLE	-0.19410135470226694			
GO_ASTROCYTE_END_FOOT	-0.19413397869520757			
GO_NEGATIVE_REGULATION_OF_GONADOTROPIN_SECRETION	-0.19416453950072343			
GO_PROTEIN_LINEAR_POLYUBIQUITINATION	-0.19420127807336487			
GO_ASYMMETRIC_NEUROBLAST_DIVISION	-0.19420608763490768			
GO_SOMITOGENESIS	-0.194262735759234			
MIR551B_5P	-0.19441441212441002			
GO_PROTEIN_SERINE_THREONINE_TYROSINE_KINASE_ACTIVITY	-0.1944727774834716			
REACTOME_ACTIVATION_OF_C3_AND_C5	-0.19449222408016192			
GSE22432_MULTIPOTENT_VS_COMMON_DC_PROGENITOR_UNTREATED_UP	-0.1946242863415988			
GO_MOLYBDOPTERIN_COFACTOR_BINDING	-0.19464705553101072			
REACTOME_TELOMERE_EXTENSION_BY_TELOMERASE	-0.1946692692750794			
GO_NEGATIVE_REGULATION_OF_CYCLIN_DEPENDENT_PROTEIN_KINASE_ACTIVITY	-0.19468039159053643			
REACTOME_SIGNALING_BY_NOTCH4	-0.19470117132114392			
GO_DETECTION_OF_STIMULUS_INVOLVED_IN_SENSORY_PERCEPTION_OF_PAIN	-0.19473607450807642			
GO_ER_UBIQUITIN_LIGASE_COMPLEX	-0.1947643037055604			
GO_SMN_COMPLEX	-0.19476925683841553			
MIR890	-0.19478063811685623			
WINNEPENNINCKX_MELANOMA_METASTASIS_UP	-0.1948073433650528			
HIF1_Q5	-0.19483214667211182			
IPA_HIC1_UP	-0.19487049265358436			
GO_RESPONSE_TO_PROSTAGLANDIN_D	-0.19496987713462502			
LY_AGING_OLD_UP	-0.19500439659211385			
GO_XY_BODY	-0.1951561753032523			
GO_NEGATIVE_REGULATION_OF_INTRINSIC_APOPTOTIC_SIGNALING_PATHWAY_IN_RESPONSE_TO_DNA_DAMAGE	-0.19515984515774232			
BIOCARTA_CHEMICAL_PATHWAY	-0.19533542878704896			
DANG_BOUND_BY_MYC	-0.19537688555524765			
GO_COLLAGEN_ACTIVATED_SIGNALING_PATHWAY	-0.19543579330106486			
GSE37605_NOD_VS_C57BL6_IRES_GFP_TREG_DN	-0.19547480228328185			
MIR6512_5P	-0.19549760319392304			
JDP2_TARGET_GENES	-0.19550148080866742			
MIR3977	-0.19555508661415474			
GO_RNA_MODIFICATION	-0.19557263772070088			
chr14q31	-0.1955996121680149			
GO_REGULATION_OF_MUCUS_SECRETION	-0.1956170945588775			
STARK_HYPPOCAMPUS_22Q11_DELETION_UP	-0.19561956129804617			
GSE37534_UNTREATED_VS_PIOGLITAZONE_TREATED_CD4_TCELL_PPARG1_AND_FOXP3_TRASDUCED_UP	-0.19567037743524948			
GO_CATION_CHLORIDE_SYMPORTER_ACTIVITY	-0.1957682905646533			
chr4q25	-0.1958029625451945			
MIR519D_5P	-0.19580372958351902			
GSE18281_CORTICAL_THYMOCYTE_VS_WHOLE_CORTEX_THYMUS_DN	-0.19583700822643513			
REACTOME_GLYCOGEN_STORAGE_DISEASES	-0.19584792593403574			
GO_TFIID_CLASS_TRANSCRIPTION_FACTOR_COMPLEX_BINDING	-0.19587576859589476			
GAUTSCHI_SRC_SIGNALING	-0.19592225490125972			
REACTOME_GLYCOLYSIS	-0.19592300600622578			
LI_CYTIDINE_ANALOGS_CYCTOTOXICITY	-0.19596674970405853			
GO_GOLGI_TO_ENDOSOME_TRANSPORT	-0.1960717098791771			
chr4q31	-0.19617322321567346			
GO_REPLICATION_FORK_PROTECTION_COMPLEX	-0.1962389049211508			
DELASERNA_MYOD_TARGETS_UP	-0.19625984901010873			
SHIN_B_CELL_LYMPHOMA_CLUSTER_6	-0.19627907867041167			
GO_GPI_ANCHOR_BINDING	-0.19627915099989426			
GO_NCRNA_METABOLIC_PROCESS	-0.19628898673748538			
GO_NUCLEAR_HORMONE_RECEPTOR_BINDING	-0.19639211601194523			
GO_TRANSFERASE_ACTIVITY_TRANSFERRING_PHOSPHORUS_CONTAINING_GROUPS	-0.19646086667134732			
MIR10397_5P	-0.19646764111895376			
GO_NEGATIVE_REGULATION_OF_ADENYLATE_CYCLASE_ACTIVITY	-0.19651657463415453			
REACTOME_BLOOD_GROUP_SYSTEMS_BIOSYNTHESIS	-0.196559174324009			
GO_REGULATION_OF_FILOPODIUM_ASSEMBLY	-0.1966022614897398			
MIR3198	-0.196717802509059			
BIOCARTA_CARM_ER_PATHWAY	-0.19672001712061726			
GSE15324_NAIVE_VS_ACTIVATED_CD8_TCELL_DN	-0.19678811557608153			
GO_RNA_METHYLTRANSFERASE_ACTIVITY	-0.1967994148303521			
GO_MITOCHONDRIAL_DEPOLARIZATION	-0.19683750681408005			
GO_CCR2_CHEMOKINE_RECEPTOR_BINDING	-0.19688116450535761			
GEORGES_CELL_CYCLE_MIR192_TARGETS	-0.1969304139069347			
REACTOME_PRE_NOTCH_PROCESSING_IN_GOLGI	-0.19707078471702624			
MIR421	-0.1971074575747433			
MIR582_5P	-0.19713958980769683			
GO_POLYMERIC_CYTOSKELETAL_FIBER	-0.19715924731022477			
GO_REGULATION_OF_SYNAPTIC_VESICLE_TRANSPORT	-0.1972625715923564			
MIR5009_3P	-0.19727168194684563			
ELVIDGE_HIF1A_AND_HIF2A_TARGETS_UP	-0.19729405783034112			
GO_ANTIFUNGAL_INNATE_IMMUNE_RESPONSE	-0.19733390310866888			
REACTOME_RESPONSE_OF_EIF2AK4_GCN2_TO_AMINO_ACID_DEFICIENCY	-0.197364391867482			
REACTOME_RETINOID_CYCLE_DISEASE_EVENTS	-0.1973724824708792			
KEGG_RNA_POLYMERASE	-0.19741793357931822			
MIR8054	-0.19743160019600894			
SNAPC2_TARGET_GENES	-0.19745180028471623			
MIR6894_5P	-0.19747003211784278			
MIR6516_3P	-0.19762009785560933			
GO_SKELETAL_MUSCLE_FIBER_DIFFERENTIATION	-0.19762578747760112			
GO_SMN_SM_PROTEIN_COMPLEX	-0.19771542189571162			
GO_TRNA_METABOLIC_PROCESS	-0.19774109255110972			
MIKHAYLOVA_OXIDATIVE_STRESS_RESPONSE_VIA_VHL_UP	-0.19775737906911361			
MIR548AV_5P_MIR548K	-0.19781608284283775			
REACTOME_PHOSPHORYLATION_OF_THE_APC_C	-0.19783747808317645			
REACTOME_DISORDERS_OF_TRANSMEMBRANE_TRANSPORTERS	-0.19786027784989968			
GO_EMBRYONIC_CLEAVAGE	-0.19791318513182204			
GSE16266_CTRL_VS_HEATSHOCK_AND_LPS_STIM_MEF_DN	-0.19794879739497148			
GO_PROTEASOME_REGULATORY_PARTICLE_BASE_SUBCOMPLEX	-0.19795351169312994			
GO_PHOSPHATIDIC_ACID_BINDING	-0.19796768923008728			
GO_CARBOXY_TERMINAL_DOMAIN_PROTEIN_KINASE_COMPLEX	-0.19797189070516621			
GO_PROTEASOME_ACCESSORY_COMPLEX	-0.19803698949394258			
GO_PHOSPHATIDYLSERINE_BINDING	-0.19806705320240459			
MIR193A_5P	-0.19809918365426601			
MIR4742_5P	-0.19810942244890833			
GO_GOLGI_TO_LYSOSOME_TRANSPORT	-0.19811945104976408			
GO_CELLULAR_MONOVALENT_INORGANIC_CATION_HOMEOSTASIS	-0.19812274988971382			
CETS1P54_01	-0.19814887640692286			
GO_IRIS_MORPHOGENESIS	-0.19821554069094152			
IPA_HMGA2_UP	-0.19826053245603809			
GO_REGULATION_OF_ACTIN_NUCLEATION	-0.19827791417087173			
GO_ALANINE_TRANSPORT	-0.19828429539022638			
MIR1246	-0.19830600762716258			
GO_CALCITONIN_FAMILY_RECEPTOR_SIGNALING_PATHWAY	-0.19834290551748457			
GO_HEMOGLOBIN_METABOLIC_PROCESS	-0.19840001641619803			
GO_INNER_CELL_MASS_CELL_PROLIFERATION	-0.1984522754254036			
MIR5581_5P	-0.19849819469391963			
GO_SKELETAL_MUSCLE_ADAPTATION	-0.19854334892016812			
IPA_ELF1_UP	-0.1985962941169404			
GSE15930_NAIVE_VS_48H_IN_VITRO_STIM_IL12_CD8_TCELL_UP	-0.1986190333520983			
GO_PIGMENT_BIOSYNTHETIC_PROCESS	-0.19870479386429352			
GO_G_PROTEIN_COUPLED_RECEPTOR_BINDING	-0.1987248838068441			
GSE24574_BCL6_HIGH_VS_LOW_TFH_CD4_TCELL_DN	-0.1987350128386533			
GO_NUCLEOSIDE_MONOPHOSPHATE_BIOSYNTHETIC_PROCESS	-0.1987522534351419			
GO_EMBRYONIC_SKELETAL_SYSTEM_MORPHOGENESIS	-0.19876133629177545			
GO_M_BAND	-0.19882365970601446			
GO_CIS_GOLGI_NETWORK_MEMBRANE	-0.1988257737412075			
GO_NUCLEOSIDE_MONOPHOSPHATE_METABOLIC_PROCESS	-0.1988360911418337			
MIR6739_3P	-0.19884025383874707			
GO_VASODILATION	-0.19885851309025834			
MIR203B_5P	-0.19887663915737888			
GO_NUCLEOTIDE_EXCISION_REPAIR_COMPLEX	-0.19894813385674953			
SMIRNOV_CIRCULATING_ENDOTHELIOCYTES_IN_CANCER_DN	-0.19902322981620904			
chr8q13	-0.1990291116453854			
GO_PROTEIN_SERINE_THREONINE_KINASE_ACTIVITY	-0.1991298081232241			
GO_REGULATION_OF_GLUTAMATE_SECRETION	-0.1991328855154768			
GO_ARGININE_TRANSMEMBRANE_TRANSPORTER_ACTIVITY	-0.19917283870220084			
GO_EXORIBONUCLEASE_COMPLEX	-0.19918475192387639			
IPA_ZBTB33_UP	-0.1992137583219131			
GSE5589_LPS_VS_LPS_AND_IL10_STIM_MACROPHAGE_45MIN_DN	-0.19922339914462156			
GO_ENERGY_RESERVE_METABOLIC_PROCESS	-0.19926278625388733			
MIR21_3P	-0.19927060861510637			
GO_ESTABLISHMENT_OF_PROTEIN_LOCALIZATION_TO_TELOMERE	-0.1992731453361286			
GCAAAAA_MIR129	-0.19940334570373752			
GSE28726_NAIVE_VS_ACTIVATED_NKTCELL_UP	-0.19941265426376636			
MIR938	-0.19943416884893328			
ZHENG_GLIOBLASTOMA_PLASTICITY_UP	-0.19943446781302876			
IPA_ZNF143_UP	-0.1994824266745042			
GO_TYPE_I_INTERFERON_RECEPTOR_BINDING	-0.1995868443444673			
PID_RHODOPSIN_PATHWAY	-0.1995880697414395			
GSE10500_ARTHRITIC_SYNOVIAL_FLUID_VS_HEALTHY_MACROPHAGE_DN	-0.19962357593262237			
GSE4984_UNTREATED_VS_LPS_TREATED_DC_DN	-0.1996412727661454			
GSE15659_NAIVE_CD4_TCELL_VS_RESTING_TREG_DN	-0.19964729499466938			
MIR12120	-0.19969009059542525			
REACTOME_ALPHA_LINOLENIC_OMEGA3_AND_LINOLEIC_OMEGA6_ACID_METABOLISM	-0.19970470120111525			
GSE10273_HIGH_IL7_VS_HIGH_IL7_AND_IRF4_IN_IRF4_8_NULL_PRE_BCELL_UP	-0.1997265118803531			
RBM34_TARGET_GENES	-0.19974353880035448			
GO_EXTRINSIC_COMPONENT_OF_ENDOPLASMIC_RETICULUM_MEMBRANE	-0.19975110852806247			
MIR302A_5P	-0.19978835541023726			
MIR18A_3P	-0.199859964836891			
REACTOME_DEFECTIVE_CSF2RB_CAUSES_PULMONARY_SURFACTANT_METABOLISM_DYSFUNCTION_5_SMDP5	-0.19993467944693788			
IPA_TFE3_UP	-0.19993512168095837			
MIR6822_3P	-0.1999693147302914			
GSE21670_UNTREATED_VS_TGFB_IL6_TREATED_CD4_TCELL_DN	-0.19998267857466576			
GO_REGULATION_OF_NITRIC_OXIDE_MEDIATED_SIGNAL_TRANSDUCTION	-0.19999366908176536			
GO_POST_CHAPERONIN_TUBULIN_FOLDING_PATHWAY	-0.2000625558051912			
REACTOME_RUNX1_REGULATES_TRANSCRIPTION_OF_GENES_INVOLVED_IN_DIFFERENTIATION_OF_HSCS	-0.20010615810613555			
BIOCARTA_CFTR_PATHWAY	-0.2001393470556662			
TAAYNRNNTCC_UNKNOWN	-0.20014259658885042			
GSE7509_UNSTIM_VS_TNFA_IL1B_IL6_PGE_STIM_DC_UP	-0.20016193552688577			
LI_CYTIDINE_ANALOG_PATHWAY	-0.20016894819674397			
GSE29615_CTRL_VS_DAY7_LAIV_FLU_VACCINE_PBMC_UP	-0.20023496773961316			
GO_RHYTHMIC_PROCESS	-0.20023548346059583			
GO_GLUTATHIONE_PEROXIDASE_ACTIVITY	-0.20043375667927316			
GSE6259_FLT3L_INDUCED_33D1_POS_DC_VS_BCELL_UP	-0.2004801814685274			
GSE22886_TH1_VS_TH2_12H_ACT_UP	-0.2005459136115324			
chr11q11	-0.20057345023702305			
SCHLOSSER_MYC_TARGETS_AND_SERUM_RESPONSE_DN	-0.20057614587754924			
IPA_ELF4_UP	-0.20059253432232202			
GO_ALPHA_LINOLENIC_ACID_METABOLIC_PROCESS	-0.2006172959902268			
KRAS.KIDNEY_UP.V1_UP	-0.20066119242037264			
GO_SPERM_PRINCIPAL_PIECE	-0.20068109898179987			
GO_PURINE_NUCLEOBASE_BIOSYNTHETIC_PROCESS	-0.2007325942910851			
GO_ION_TRANSMEMBRANE_TRANSPORTER_ACTIVITY_PHOSPHORYLATIVE_MECHANISM	-0.20073762867224054			
MIR7150	-0.2007377216619821			
GSE22886_NEUTROPHIL_VS_DC_DN	-0.200742981361756			
MIR432_5P	-0.20074345631654655			
MIR4782_5P	-0.20075960161971726			
GO_NUCLEOTIDE_EXCISION_REPAIR_DNA_DUPLEX_UNWINDING	-0.20076134838358245			
GO_NUCLEOTIDYLTRANSFERASE_ACTIVITY	-0.20081143787477262			
IPA_HIST1H2BC_UP	-0.20085020694948372			
IPA_HIST1H2BI_UP	-0.20085020694948372			
IPA_HIST1H2BG_UP	-0.20085020694948372			
IPA_HIST2H3C_UP	-0.20085020694948372			
IPA_HIST1H2BE_UP	-0.20085020694948372			
GO_REGULATION_OF_DELAYED_RECTIFIER_POTASSIUM_CHANNEL_ACTIVITY	-0.20086598356332247			
IPA_E2F1_UP	-0.20087305137627975			
MIR372_5P	-0.20091771440889047			
MIR3191_3P	-0.20094766665339114			
IPA_NEUROD1_DN	-0.20096233043046344			
IPA_SOX17_UP	-0.20096233043046344			
GSE27786_NKTCELL_VS_MONO_MAC_UP	-0.2009824475510143			
BENPORATH_OCT4_TARGETS	-0.20100708656004376			
BIOCARTA_DSP_PATHWAY	-0.20100728057979023			
GO_RNA_BINDING	-0.201010268832966			
MIR548AH_5P	-0.20102758612301191			
MIR4276	-0.20103403755349245			
GO_TRANSEPITHELIAL_CHLORIDE_TRANSPORT	-0.20104261463275955			
GARGALOVIC_RESPONSE_TO_OXIDIZED_PHOSPHOLIPIDS_GREY_DN	-0.20113031665632342			
PID_PLK1_PATHWAY	-0.20114357226899646			
GSE29615_DAY3_VS_DAY7_LAIV_FLU_VACCINE_PBMC_UP	-0.20117681675732652			
GO_PRERIBOSOME_LARGE_SUBUNIT_PRECURSOR	-0.20120743755804216			
MIR6738_3P	-0.20121774596844255			
GSE24210_RESTING_TREG_VS_TCONV_DN	-0.20122357757766615			
GO_REGULATION_OF_CHROMOSOME_SEPARATION	-0.2012297895672985			
GSE16385_ROSIGLITAZONE_IL4_VS_ROSIGLITAZONE_ALONE_STIM_MACROPHAGE_DN	-0.20125206038702786			
REACTOME_CARGO_TRAFFICKING_TO_THE_PERICILIARY_MEMBRANE	-0.2012658664004946			
GSE9988_LPS_VS_LOW_LPS_MONOCYTE_UP	-0.20132519144563601			
GO_POSITIVE_REGULATION_OF_VASCULAR_ASSOCIATED_SMOOTH_MUSCLE_CELL_MIGRATION	-0.2013426570372713			
GO_MITOTIC_CELL_CYCLE_CHECKPOINT	-0.2013803253359997			
GO_NUCLEOTIDE_EXCISION_REPAIR_PREINCISION_COMPLEX_ASSEMBLY	-0.20141451769805985			
GRASEMANN_RETINOBLASTOMA_WITH_6P_AMPLIFICATION	-0.20142330954705698			
MIR548P	-0.2014748314632793			
GSE26669_CTRL_VS_COSTIM_BLOCK_MLR_CD8_TCELL_UP	-0.2014834565643229			
GO_SOLUTE_ANION_ANTIPORTER_ACTIVITY	-0.20150189017907635			
GO_PSEUDOURIDINE_SYNTHASE_ACTIVITY	-0.2015126761877725			
IPA_SIN3A_DN	-0.20152325452170428			
GO_NEGATIVE_REGULATION_OF_CARDIAC_MUSCLE_TISSUE_GROWTH	-0.201556713926451			
GSE41867_NAIVE_VS_DAY15_LCMV_EFFECTOR_CD8_TCELL_UP	-0.20157238896373386			
REACTOME_NEGATIVE_REGULATION_OF_MAPK_PATHWAY	-0.20158242501058865			
GO_REGULATION_OF_GAP_JUNCTION_ASSEMBLY	-0.20158968789786227			
GSE19888_CTRL_VS_A3R_INHIBITOR_TREATED_MAST_CELL_UP	-0.20159824445064062			
MIR6754_5P	-0.20160586294493646			
IPA_ABL1_UP	-0.2016412505940842			
GO_CAMP_DEPENDENT_PROTEIN_KINASE_INHIBITOR_ACTIVITY	-0.20170991394711835			
GO_MELANIN_METABOLIC_PROCESS	-0.20173606888813186			
GSE3203_WT_VS_IFNAR1_KO_INFLUENZA_INFECTED_LN_BCELL_UP	-0.20174105761033034			
MIR410_5P	-0.20186253949298089			
GO_PROTEIN_LOCALIZATION_TO_PARANODE_REGION_OF_AXON	-0.20186575251922612			
GO_REGULATION_OF_SKELETAL_MUSCLE_TISSUE_REGENERATION	-0.20187362313828908			
GSE40274_FOXP3_VS_FOXP3_AND_GATA1_TRANSDUCED_ACTIVATED_CD4_TCELL_DN	-0.20191640309132258			
GO_OLFACTORY_RECEPTOR_BINDING	-0.20202603061906022			
GO_SOLUTE_CATION_ANTIPORTER_ACTIVITY	-0.20203798013621369			
GO_NEGATIVE_REGULATION_OF_DOUBLE_STRAND_BREAK_REPAIR_VIA_HOMOLOGOUS_RECOMBINATION	-0.20207809233694704			
GSE15930_NAIVE_VS_72H_IN_VITRO_STIM_IL12_CD8_TCELL_UP	-0.20209308455432848			
GO_GLOMERULAR_MESANGIAL_CELL_DEVELOPMENT	-0.20213479501072704			
MIR8061	-0.2021434705320991			
GO_90S_PRERIBOSOME	-0.20218028569313598			
MIR3124_3P	-0.20220516029850635			
GO_ASYMMETRIC_STEM_CELL_DIVISION	-0.20220649669691212			
GO_DICARBOXYLIC_ACID_TRANSMEMBRANE_TRANSPORTER_ACTIVITY	-0.2022083761879171			
ZNF589_TARGET_GENES	-0.20222258976709925			
HMCES_TARGET_GENES	-0.20224864833699932			
GSE2770_TGFB_AND_IL4_VS_IL4_TREATED_ACT_CD4_TCELL_2H_UP	-0.20228889093001617			
GSE22103_UNSTIM_VS_LPS_STIM_NEUTROPHIL_DN	-0.20234142095328453			
GO_NEGATIVE_REGULATION_OF_DIGESTIVE_SYSTEM_PROCESS	-0.2023622651376692			
MIR323B_5P	-0.20236232446756117			
GO_POSITIVE_REGULATION_OF_DNA_METABOLIC_PROCESS	-0.2023831249979659			
GO_CELLULAR_RESPONSE_TO_INORGANIC_SUBSTANCE	-0.20239382443955714			
GSE10239_MEMORY_VS_KLRG1HIGH_EFF_CD8_TCELL_DN	-0.20240113795765297			
GO_RNA_SURVEILLANCE	-0.20241552094870904			
GO_COPI_COATED_VESICLE_MEMBRANE	-0.20245868486886015			
MIR3609	-0.20246057597091566			
IPA_TFEB_UP	-0.2024866120943012			
GO_GASTRIC_ACID_SECRETION	-0.20252553597348616			
chr8q22	-0.20252986985570065			
RB_P130_DN.V1_UP	-0.20254911892376204			
GO_RNA_INTERFERENCE	-0.20256536254480534			
GO_NEGATIVE_REGULATION_OF_HEXOKINASE_ACTIVITY	-0.20256915082632887			
REACTOME_EUKARYOTIC_TRANSLATION_ELONGATION	-0.2025720622029201			
GO_REGULATION_OF_MRNA_POLYADENYLATION	-0.20261857224364407			
REACTOME_RRNA_MODIFICATION_IN_THE_NUCLEUS_AND_CYTOSOL	-0.20265273607650983			
GO_POSITIVE_REGULATION_OF_DNA_BINDING	-0.2027787227542368			
RODRIGUES_THYROID_CARCINOMA_POORLY_DIFFERENTIATED_UP	-0.2028406117361703			
GO_MSL_COMPLEX	-0.20287036852111023			
GO_DOUBLE_STRANDED_METHYLATED_DNA_BINDING	-0.202876458638962			
GO_CATION_CATION_ANTIPORTER_ACTIVITY	-0.2029157922176578			
GO_CHAPERONE_MEDIATED_PROTEIN_FOLDING	-0.20292417277174596			
GO_METAPHASE_ANAPHASE_TRANSITION_OF_CELL_CYCLE	-0.20293125103367954			
REACTOME_SMALL_INTERFERING_RNA_SIRNA_BIOGENESIS	-0.20296385852018473			
MIR136_5P	-0.2029905423751234			
REACTOME_ERKS_ARE_INACTIVATED	-0.20301941379932284			
MIR155_3P	-0.203029693678081			
MIR6758_5P	-0.2030416459973738			
GO_REGULATION_OF_CELL_GROWTH_INVOLVED_IN_CARDIAC_MUSCLE_CELL_DEVELOPMENT	-0.20307734686170215			
GO_REGULATION_OF_BINDING_OF_SPERM_TO_ZONA_PELLUCIDA	-0.20309984841099918			
GO_HEME_BIOSYNTHETIC_PROCESS	-0.20311781626548556			
REACTOME_VITAMIN_B1_THIAMIN_METABOLISM	-0.20313010038021495			
MIR122B_3P	-0.20313427925998143			
GO_NEGATIVE_REGULATION_OF_GTPASE_ACTIVITY	-0.20317098236200407			
REACTOME_APC_C_CDC20_MEDIATED_DEGRADATION_OF_CYCLIN_B	-0.20318161979267146			
OHASHI_AURKA_TARGETS	-0.2032398283930022			
GO_RESPONSE_TO_PH	-0.20326385935258157			
GO_TRNA_CATABOLIC_PROCESS	-0.2032825090376192			
MIR188_5P	-0.20331187643680096			
GSE3982_DC_VS_NEUTROPHIL_LPS_STIM_UP	-0.20335885293384617			
GO_PEBOW_COMPLEX	-0.20338962138255595			
GSE17721_0.5H_VS_24H_GARDIQUIMOD_BMDC_UP	-0.2034018056965582			
GSE27786_CD4_TCELL_VS_NEUTROPHIL_UP	-0.2034103035929243			
GSE18893_CTRL_VS_TNF_TREATED_TCONV_24H_UP	-0.20344267061254837			
MIR4762_5P	-0.20345373592500712			
GO_POSITIVE_REGULATION_OF_CATION_CHANNEL_ACTIVITY	-0.20349705052574307			
GSE17721_PAM3CSK4_VS_GADIQUIMOD_8H_BMDC_UP	-0.20352092872432673			
GSE17974_CTRL_VS_ACT_IL4_AND_ANTI_IL12_12H_CD4_TCELL_DN	-0.20354906904182934			
GO_POSITIVE_REGULATION_OF_PROTEIN_LOCALIZATION_TO_NUCLEOLUS	-0.20360811761219988			
YBX3_TARGET_GENES	-0.2036336705022122			
IPA_DBP_DN	-0.20364164633186355			
GSE21927_SPLEEN_VS_4T1_TUMOR_MONOCYTE_BALBC_UP	-0.2036563677421322			
GSE39820_TGFBETA1_VS_TGFBETA3_IN_IL6_IL23A_TREATED_CD4_TCELL_UP	-0.20367878889085556			
GSE12845_NAIVE_VS_DARKZONE_GC_TONSIL_BCELL_DN	-0.20368209248200733			
MIR4704_3P	-0.20374920373514122			
GSE24574_BCL6_LOW_TFH_VS_TCONV_CD4_TCELL_DN	-0.203791819555133			
SHEDDEN_LUNG_CANCER_POOR_SURVIVAL_A6	-0.2038021135422634			
GSE32255_WT_VS_JMJD2D_KNOCKDOWN_4H_LPS_STIM_DC_DN	-0.20380262592096463			
GSE22432_CONVENTIONAL_CDC_VS_PLASMACYTOID_PDC_UP	-0.20383400421573747			
REACTOME_INHIBITION_OF_THE_PROTEOLYTIC_ACTIVITY_OF_APC_C_REQUIRED_FOR_THE_ONSET_OF_ANAPHASE_BY_MITOTIC_SPINDLE_CHECKPOINT_COMPONENTS	-0.20388156212940772			
GO_NUCLEOBASE_BIOSYNTHETIC_PROCESS	-0.20388336680509833			
GO_ENDOTHELIAL_CELL_FATE_COMMITMENT	-0.20389752921153426			
MIR5582_5P	-0.20390995424541752			
HASEGAWA_TUMORIGENESIS_BY_RET_C634R	-0.20398917681287954			
KRAS.KIDNEY_UP.V1_DN	-0.20399994025099188			
chr11q24	-0.20401606974811048			
REACTOME_IRAK1_RECRUITS_IKK_COMPLEX	-0.20407280042699558			
GO_DE_NOVO_PROTEIN_FOLDING	-0.20408840470112966			
GO_NEGATIVE_REGULATION_OF_CAMP_DEPENDENT_PROTEIN_KINASE_ACTIVITY	-0.20409514179267982			
GO_POST_EMBRYONIC_EYE_MORPHOGENESIS	-0.20411608089755967			
chr3p23	-0.20413718472290734			
GO_GLYCOLYTIC_PROCESS_THROUGH_FRUCTOSE_6_PHOSPHATE	-0.20413880416088115			
MIR5688	-0.20417924423315612			
FONTAINE_PAPILLARY_THYROID_CARCINOMA_DN	-0.20418644749003712			
GO_SPHINGOMYELIN_PHOSPHODIESTERASE_ACTIVITY	-0.2041889063121475			
GO_TETRAPYRROLE_BIOSYNTHETIC_PROCESS	-0.20418922536837447			
GO_MODULATION_BY_VIRUS_OF_HOST_CELLULAR_PROCESS	-0.204255175407891			
GO_ELONGIN_COMPLEX	-0.20426179008233916			
GO_POSITIVE_REGULATION_OF_MRNA_3_END_PROCESSING	-0.20426917993612645			
MATZUK_CENTRAL_FOR_FEMALE_FERTILITY	-0.20430302103307296			
GO_RHODOPSIN_MEDIATED_SIGNALING_PATHWAY	-0.20431638382792758			
GSE25088_CTRL_VS_ROSIGLITAZONE_STIM_MACROPHAGE_UP	-0.20431900476300513			
GO_REGULATION_OF_I_KAPPAB_PHOSPHORYLATION	-0.20432684916244007			
REACTOME_TRANSLOCATION_OF_SLC2A4_GLUT4_TO_THE_PLASMA_MEMBRANE	-0.20435530368262783			
GSE41867_DAY15_EFFECTOR_VS_DAY30_EXHAUSTED_CD8_TCELL_LCMV_CLONE13_DN	-0.20438476684832274			
DER_IFN_BETA_RESPONSE_DN	-0.2043905514884895			
GO_ACETYL_COA_C_ACYLTRANSFERASE_ACTIVITY	-0.2044122865140324			
ALX4_01	-0.2044203643674601			
GSE17721_0.5H_VS_12H_PAM3CSK4_BMDC_UP	-0.204429832194868			
GO_MICROTUBULE_ORGANIZING_CENTER	-0.204440323341167			
GO_POST_EMBRYONIC_ANIMAL_ORGAN_DEVELOPMENT	-0.20447248267402787			
GO_DNA_POLYMERASE_ACTIVITY	-0.2044991251822826			
MIR4448	-0.20450185099562782			
GO_PARANODAL_JUNCTION_ASSEMBLY	-0.20453262571115977			
GO_DETOXIFICATION_OF_NITROGEN_COMPOUND	-0.20454735286025255			
GO_POSTREPLICATION_REPAIR	-0.20456208087921232			
GSE5099_MONOCYTE_VS_ALTERNATIVE_M2_MACROPHAGE_DN	-0.2045683508275574			
GO_NEURON_APOPTOTIC_PROCESS	-0.20457622692567828			
GO_REGULATION_OF_VASCULAR_SMOOTH_MUSCLE_CONTRACTION	-0.20463946212806688			
REACTOME_SRP_DEPENDENT_COTRANSLATIONAL_PROTEIN_TARGETING_TO_MEMBRANE	-0.2046425106852487			
GO_POLYSACCHARIDE_BIOSYNTHETIC_PROCESS	-0.20466328327684977			
IPA_TERF1_DN	-0.20473222442248815			
GO_CELLULAR_CARBOHYDRATE_METABOLIC_PROCESS	-0.20473958728637293			
GO_RESPONSE_TO_LEPTIN	-0.2047910628835096			
GO_VISUAL_BEHAVIOR	-0.2048074960244824			
GO_CALCIUM_ION_TRANSMEMBRANE_TRANSPORT_VIA_HIGH_VOLTAGE_GATED_CALCIUM_CHANNEL	-0.20481042907269423			
MIR4539	-0.20482318387412893			
TAGCTTT_MIR9	-0.20484858729841254			
GO_COBALAMIN_BINDING	-0.2048492379907891			
GO_NEGATIVE_REGULATION_OF_MRNA_3_END_PROCESSING	-0.2048830699167953			
MIR1288_5P	-0.2048855289332415			
GO_CYTOSKELETON_DEPENDENT_CYTOKINESIS	-0.2048917844443564			
MIR4317	-0.20489945193557824			
GSE15930_NAIVE_VS_48H_IN_VITRO_STIM_CD8_TCELL_UP	-0.2049068578803737			
JAZAG_TGFB1_SIGNALING_VIA_SMAD4_UP	-0.20493250889345824			
REACTOME_TRAFFICKING_OF_GLUR2_CONTAINING_AMPA_RECEPTORS	-0.20494078652024228			
MIR6716_5P	-0.20494516615625735			
IPA_CDC73_UP	-0.204950974025104			
GO_PROTEIN_K11_LINKED_UBIQUITINATION	-0.20495460849208572			
MIR320A_5P	-0.20497319999365549			
GSE14308_TH1_VS_INDUCED_TREG_DN	-0.20498990755318872			
GO_PRE_MIRNA_BINDING	-0.20502076675617556			
WHITESIDE_CISPLATIN_RESISTANCE_DN	-0.20503801036185854			
GO_BUTYRATE_COA_LIGASE_ACTIVITY	-0.20504688824693168			
GSE6674_ANTI_IGM_VS_PL2_3_STIM_BCELL_DN	-0.20506468805927208			
GO_KICSTOR_COMPLEX	-0.20507262438764015			
MIR5706	-0.20507755308964873			
IPA_FOXP1_DN	-0.2051147807101889			
GO_GABA_RECEPTOR_BINDING	-0.205154180747045			
GO_NEGATIVE_REGULATION_OF_LYMPHOCYTE_MIGRATION	-0.20517237704976982			
GSE43863_TFH_VS_LY6C_INT_CXCR5POS_EFFECTOR_CD4_TCELL_UP	-0.20520601611593536			
MIR8055	-0.20525364166452995			
GO_DNA_REPLICATION_FACTOR_A_COMPLEX	-0.20525839711542873			
GO_FEMALE_MEIOSIS_I	-0.20526582073921845			
PIT1_Q6	-0.20528049288908393			
GSE22229_RENAL_TRANSPLANT_VS_HEALTHY_PBMC_DN	-0.2053035461131828			
ZNF184_TARGET_GENES	-0.20532814518272743			
MIR4693_3P	-0.20534195011642034			
GO_NEGATIVE_REGULATION_OF_CELLULAR_EXTRAVASATION	-0.20536019084692939			
MIR4724_3P	-0.20543728468596567			
MIR5681A	-0.20545528789601844			
IPA_ZSCAN10_UP	-0.2054579722481278			
GO_SPERM_CHROMATIN_CONDENSATION	-0.20546762499838717			
GO_POSTSYNAPTIC_ENDOCYTIC_ZONE	-0.20548046555367364			
GO_APOLIPOPROTEIN_BINDING	-0.20550463096527935			
GO_U4_SNRNA_3_END_PROCESSING	-0.20550865384110528			
GO_ASPARTATE_FAMILY_AMINO_ACID_BIOSYNTHETIC_PROCESS	-0.20557388147221176			
REACTOME_CYTOSOLIC_TRNA_AMINOACYLATION	-0.20557906687669705			
GO_CYCLIC_NUCLEOTIDE_BINDING	-0.20557949038500084			
GO_ADENYLATE_CYCLASE_INHIBITING_SEROTONIN_RECEPTOR_SIGNALING_PATHWAY	-0.20569233208433352			
GO_POSITIVE_REGULATION_OF_ESTABLISHMENT_OF_PROTEIN_LOCALIZATION_TO_TELOMERE	-0.20573933960017665			
GSE12366_GC_VS_NAIVE_BCELL_UP	-0.2057522452491613			
GO_TRANSCRIPTION_FACTOR_TFIIH_HOLO_COMPLEX	-0.20576756424249884			
SHETH_LIVER_CANCER_VS_TXNIP_LOSS_PAM4	-0.20577128845448348			
GO_VALINE_METABOLIC_PROCESS	-0.20582005721538255			
MIR154_5P	-0.20584511205805994			
MIR5591_3P	-0.2058505308357359			
ZNF395_TARGET_GENES	-0.20587800325625105			
GO_AMINO_ACID_TRANSMEMBRANE_TRANSPORTER_ACTIVITY	-0.2058893121428986			
IPA_KDM6A_UP	-0.20589193518804944			
MIR495_3P	-0.20590770788668974			
GO_PYRIMIDINE_DEOXYRIBONUCLEOSIDE_MONOPHOSPHATE_METABOLIC_PROCESS	-0.20595551533680945			
GO_VCP_NPL4_UFD1_AAA_ATPASE_COMPLEX	-0.20601554969061864			
CHUANG_OXIDATIVE_STRESS_RESPONSE_DN	-0.20601886366775535			
GO_CELLULAR_RESPONSE_TO_LEUCINE	-0.20602175734396913			
REACTOME_HSP90_CHAPERONE_CYCLE_FOR_STEROID_HORMONE_RECEPTORS_SHR	-0.20603300418297893			
IPA_HOXA13_UP	-0.20603549764604315			
IPA_PITX3_UP	-0.20603549764604315			
GO_SODIUM_PROTON_ANTIPORTER_ACTIVITY	-0.20604005220387847			
GO_REGULATION_OF_ORGANELLE_TRANSPORT_ALONG_MICROTUBULE	-0.20606397089880818			
GO_MODIFIED_AMINO_ACID_BINDING	-0.20610378755461087			
ATAGGAA_MIR202	-0.20613086053873747			
MIR494_5P	-0.20619755383845584			
GO_DISORDERED_DOMAIN_SPECIFIC_BINDING	-0.20622724627906885			
GO_CELLULAR_RESPONSE_TO_X_RAY	-0.2062349611227717			
GO_EFFLUX_TRANSMEMBRANE_TRANSPORTER_ACTIVITY	-0.20626376496001259			
GO_GLOSSOPHARYNGEAL_NERVE_DEVELOPMENT	-0.2062730063552652			
IPA_RPA2_DN	-0.206280618206893			
GO_CELL_MATURATION	-0.20632871558965948			
CGCAAAA_MIR450	-0.20633064942493243			
GO_QUATERNARY_AMMONIUM_GROUP_TRANSPORT	-0.20638622237993			
GO_REGULATION_OF_MESODERM_DEVELOPMENT	-0.20645568990140015			
GO_TAURINE_TRANSPORT	-0.20648355911627214			
GO_ANATOMICAL_STRUCTURE_MATURATION	-0.20654675878214007			
MIR676_3P	-0.20655327302781448			
GSE11961_FOLLICULAR_BCELL_VS_MEMORY_BCELL_DAY40_UP	-0.20659611357780064			
KAT5_TARGET_GENES	-0.20663094181105457			
MIR8066	-0.20667960194906831			
IPA_IRF2_DN	-0.20670158518539147			
HOXB8_TARGET_GENES	-0.2067069739798601			
MIR6890_3P	-0.20672888156062694			
REACTOME_TRAF6_MEDIATED_IRF7_ACTIVATION	-0.2067363636020506			
GSE7509_FCGRIIB_VS_TNFA_IL1B_IL6_PGE_STIM_DC_UP	-0.2067917777952425			
REACTOME_CYTOSOLIC_IRON_SULFUR_CLUSTER_ASSEMBLY	-0.20684413704829935			
MIR449C_3P	-0.20685349559641988			
GO_PROTEIN_LOCALIZATION_TO_CHROMOSOME_TELOMERIC_REGION	-0.20688298772957492			
CTACTAG_MIR325	-0.20689115890471235			
STEINER_ERYTHROCYTE_MEMBRANE_GENES	-0.20692269233366375			
GO_TESTOSTERONE_BIOSYNTHETIC_PROCESS	-0.2069302937347751			
GO_IMP_BIOSYNTHETIC_PROCESS	-0.20694438071860266			
GO_NEGATIVE_REGULATION_OF_MYOBLAST_PROLIFERATION	-0.20697185940870516			
MIR302C_5P	-0.2070377496737099			
SARTIPY_NORMAL_AT_INSULIN_RESISTANCE_DN	-0.20703778975039364			
GO_STEROL_IMPORT	-0.20704074425003308			
GO_PRODUCTION_OF_SIRNA_INVOLVED_IN_RNA_INTERFERENCE	-0.20704763653334532			
IPA_UBTF_UP	-0.2070521678230699			
GO_PIGMENT_METABOLIC_PROCESS	-0.2070584433385827			
MIR144_3P	-0.20711505571272304			
GO_RESPONSE_TO_SALT_STRESS	-0.2071160226111668			
GO_LEUCINE_BINDING	-0.2071704301129759			
GO_REGULATION_OF_HYDROGEN_PEROXIDE_METABOLIC_PROCESS	-0.20720148599056834			
GO_PRE_SNORNP_COMPLEX	-0.20721602333739686			
GSE45365_WT_VS_IFNAR_KO_BCELL_DN	-0.20721790467470694			
REACTOME_ANCHORING_FIBRIL_FORMATION	-0.20723333915816153			
chr20p13	-0.2072436140629502			
SA_REG_CASCADE_OF_CYCLIN_EXPR	-0.20724723002763545			
IPA_HOXA11_UP	-0.2072535332654627			
GO_CARDIAC_MYOFIBRIL	-0.20726476152672643			
GO_CYTOKINESIS	-0.20729638276632117			
GO_REGULATION_OF_HEART_MORPHOGENESIS	-0.20730895256041365			
GO_T_HELPER_1_CELL_CYTOKINE_PRODUCTION	-0.20731542848520979			
MIR140_5P	-0.20732249859448112			
GO_POSITIVE_REGULATION_OF_RESPIRATORY_BURST	-0.20732405596636178			
MAYBURD_RESPONSE_TO_L663536_UP	-0.20734692276839117			
GO_HEMATOPOIETIC_STEM_CELL_DIFFERENTIATION	-0.20735472262369511			
MIR1343_3P	-0.20737414878680435			
GO_POSITIVE_REGULATION_OF_LAMELLIPODIUM_ORGANIZATION	-0.2073895278413449			
GO_ANAPHASE_PROMOTING_COMPLEX	-0.20748275664938043			
chr9q31	-0.2076248259262054			
GSE26928_NAIVE_VS_EFF_MEMORY_CD4_TCELL_UP	-0.20764131415757464			
GSE41978_KLRG1_HIGH_VS_LOW_EFFECTOR_CD8_TCELL_DN	-0.20764199787843884			
GO_CYTOPLASMIC_SIDE_OF_LYSOSOMAL_MEMBRANE	-0.20767115015407875			
GO_TERMINATION_OF_RNA_POLYMERASE_I_TRANSCRIPTION	-0.20769188865536162			
GO_N_METHYLTRANSFERASE_ACTIVITY	-0.20770071794101072			
GSE27786_LIN_NEG_VS_NEUTROPHIL_UP	-0.20770204201739825			
REACTOME_PEPTIDE_HORMONE_BIOSYNTHESIS	-0.2077079437251254			
GO_EXCITATORY_CHEMICAL_SYNAPTIC_TRANSMISSION	-0.20771642120562442			
GSE43863_NAIVE_VS_MEMORY_TH1_CD4_TCELL_D150_LCMV_DN	-0.20775235390513197			
GOUYER_TATI_TARGETS_DN	-0.20775674187066456			
GO_ACTIVATION_OF_MAPKKK_ACTIVITY	-0.207768744936175			
GSE16522_ANTI_CD3CD28_STIM_VS_UNSTIM_NAIVE_CD8_TCELL_UP	-0.2077714767400084			
GO_POSITIVE_REGULATION_OF_SYNAPTIC_TRANSMISSION_GLUTAMATERGIC	-0.20777898218269894			
MIR548H_3P_MIR548Z	-0.20780188458233742			
WHITFIELD_CELL_CYCLE_S	-0.20780727669893934			
LEE_CALORIE_RESTRICTION_NEOCORTEX_UP	-0.20782637859218872			
GSE25088_CTRL_VS_ROSIGLITAZONE_STIM_MACROPHAGE_DN	-0.207882019781192			
MIR548AC	-0.20793517194226735			
MIR5692B_MIR5692C	-0.20794434609981496			
IPA_NOV_UP	-0.20797368112246914			
GSE46606_UNSTIM_VS_CD40L_IL2_IL5_1DAY_STIMULATED_IRF4_KO_BCELL_DN	-0.2080001234758621			
GO_METAPHASE_PLATE_CONGRESSION	-0.20800120652954504			
TURJANSKI_MAPK8_AND_MAPK9_TARGETS	-0.2080278312492151			
IPA_NCL_UP	-0.20803497265773674			
OCT1_Q5_01	-0.20803716502159506			
GO_POSITIVE_REGULATION_OF_TRANSCRIPTION_FROM_RNA_POLYMERASE_II_PROMOTER_IN_RESPONSE_TO_HYPOXIA	-0.20808446497187802			
GO_TRANSCRIPTION_COUPLED_NUCLEOTIDE_EXCISION_REPAIR	-0.20812502070922892			
MIR539_5P	-0.20818815829148887			
YU_MYC_TARGETS_UP	-0.20819715668843614			
MIR1973	-0.20821807431469821			
MIR12126	-0.2082348967184161			
GO_METANEPHRIC_GLOMERULAR_MESANGIUM_DEVELOPMENT	-0.20823837574654985			
REACTOME_DNA_DAMAGE_RECOGNITION_IN_GG_NER	-0.20824152554747016			
GO_NAD_P_PLUS_PROTEIN_ARGININE_ADP_RIBOSYLTRANSFERASE_ACTIVITY	-0.2082436373954909			
GO_NEGATIVE_REGULATION_OF_MESODERM_DEVELOPMENT	-0.20824609447698134			
MIR944	-0.20824615868076995			
CAFFAREL_RESPONSE_TO_THC_8HR_3_DN	-0.208252296130441			
GSE17322_CD103_POS_VS_CD11B_HIGH_LUNG_DC_DN	-0.20828072351603372			
GO_TIM23_MITOCHONDRIAL_IMPORT_INNER_MEMBRANE_TRANSLOCASE_COMPLEX	-0.20829929733668254			
GSE26928_EFF_MEM_VS_CENTR_MEM_CD4_TCELL_DN	-0.20838431565364274			
IPA_KLF6_DN	-0.20841053945819446			
GSE24972_WT_VS_IRF8_KO_SPLEEN_FOLLICULAR_BCELL_UP	-0.2084203508251165			
PID_S1P_S1P2_PATHWAY	-0.20842172036250403			
GSE10239_MEMORY_VS_KLRG1INT_EFF_CD8_TCELL_DN	-0.20846433456396074			
GO_RNA_LOCALIZATION	-0.20848290095769956			
GO_PHYSIOLOGICAL_CARDIAC_MUSCLE_HYPERTROPHY	-0.20848296831288002			
GSE46606_IRF4_KO_VS_WT_UNSTIM_BCELL_UP	-0.20849475248649504			
GO_POSTSYNAPTIC_CYTOSOL	-0.20857229014119022			
GO_TELOMERE_MAINTENANCE_VIA_RECOMBINATION	-0.20860391803663872			
MIR218_2_3P	-0.2086444708023122			
GO_POLAR_MICROTUBULE	-0.20865519488754983			
MIR573	-0.20866222009687777			
MIR3975	-0.2086685608461482			
IPA_E2F8_DN	-0.2086878656147538			
MIR101_3P	-0.20869220808732167			
MIR190A_5P	-0.20873513494238097			
HNF1_C	-0.20874192193593694			
MIR548BB_3P	-0.20875143879039906			
GO_REGULATION_OF_LIPID_STORAGE	-0.2087873714141947			
GO_POSTTRANSCRIPTIONAL_REGULATION_OF_GENE_EXPRESSION	-0.20878904252454275			
GO_PEPTIDYL_THREONINE_MODIFICATION	-0.20879888690670967			
GO_POSITIVE_REGULATION_OF_ORGANELLE_ASSEMBLY	-0.2088046055874244			
MIR3665	-0.2088194659771344			
OHM_EMBRYONIC_CARCINOMA_DN	-0.20882410780039476			
MIR217_3P	-0.208835701806334			
MIR15A_3P	-0.20885858179438102			
ZHAN_MULTIPLE_MYELOMA_PR_UP	-0.20886448132778757			
GO_CONVERGENT_EXTENSION_INVOLVED_IN_GASTRULATION	-0.20886479780660216			
GSE36009_UNSTIM_VS_LPS_STIM_NLRP10_KO_DC_DN	-0.208865011233872			
IPA_HOXD8_UP	-0.20886663806632078			
GO_NUCLEAR_MEMBRANE_ORGANIZATION	-0.20887167567901396			
KANG_DOXORUBICIN_RESISTANCE_UP	-0.20893529129279506			
GO_TRANSFORMING_GROWTH_FACTOR_BETA_RECEPTOR_CYTOPLASMIC_MEDIATOR_ACTIVITY	-0.2089406862177963			
MOLENAAR_TARGETS_OF_CCND1_AND_CDK4_DN	-0.2089673737534045			
REACTOME_DEGRADATION_OF_GLI1_BY_THE_PROTEASOME	-0.20897370483549296			
MIR485_5P	-0.2089754230264516			
GO_RNA_PHOSPHODIESTER_BOND_HYDROLYSIS_EXONUCLEOLYTIC	-0.2089847197157946			
GO_PURINE_NUCLEOSIDE_METABOLIC_PROCESS	-0.20900117509106597			
REACTOME_SUMO_IS_TRANSFERRED_FROM_E1_TO_E2_UBE2I_UBC9	-0.2090270361347093			
GSE1566_WT_VS_EZH2_KO_LN_TCELL_DN	-0.20903950509215197			
GO_RNA_POLYMERASE_II_HOLOENZYME	-0.20904814754365295			
GSE15330_HSC_VS_GRANULOCYTE_MONOCYTE_PROGENITOR_IKAROS_KO_DN	-0.2090496705034322			
GSE17721_LPS_VS_GARDIQUIMOD_1H_BMDC_UP	-0.20908506323593318			
IPA_MYC_UP	-0.20908878409087814			
PID_RANBP2_PATHWAY	-0.20908889516888235			
GO_REGULATION_OF_HISTONE_H2B_UBIQUITINATION	-0.2090931116669039			
GO_KINASE_REGULATOR_ACTIVITY	-0.20909817249671103			
GSE17721_CTRL_VS_CPG_0.5H_BMDC_DN	-0.20911145036688772			
GO_REGULATION_OF_OOGENESIS	-0.20911278967242541			
GSE2706_R848_VS_LPS_2H_STIM_DC_UP	-0.20915228351261847			
BIOCARTA_SRCRPTP_PATHWAY	-0.20916162854414916			
GO_UNFOLDED_PROTEIN_BINDING	-0.20917779571001438			
GSE41867_DAY6_EFFECTOR_VS_DAY30_EXHAUSTED_CD8_TCELL_LCMV_CLONE13_DN	-0.20919674637841723			
GSE41867_DAY8_EFFECTOR_VS_DAY30_MEMORY_CD8_TCELL_LCMV_ARMSTRONG_UP	-0.20921887053359686			
IPA_RBBP4_DN	-0.20922672036239184			
GSE5960_TH1_VS_ANERGIC_TH1_UP	-0.20926073111284813			
GO_POSTSYNAPSE_TO_NUCLEUS_SIGNALING_PATHWAY	-0.2092680975144661			
GO_NEGATIVE_REGULATION_OF_PROTEIN_FOLDING	-0.20927689125634072			
VANTVEER_BREAST_CANCER_METASTASIS_DN	-0.20930231894745666			
IPA_MITF_DN	-0.20931126750132678			
ZNF582_TARGET_GENES	-0.20931303175632823			
GSE28237_FOLLICULAR_VS_EARLY_GC_BCELL_DN	-0.20933358533223542			
MIR6885_3P	-0.20934344117962908			
GO_POSITIVE_REGULATION_OF_TRANSCRIPTION_FROM_RNA_POLYMERASE_II_PROMOTER_IN_RESPONSE_TO_STRESS	-0.2093875910861522			
IPA_E2F4_UP	-0.2094185563850981			
IPA_SOX11_UP	-0.2094426376525526			
MIR6719_3P	-0.20946966570359293			
GSE8921_UNSTIM_VS_TLR1_2_STIM_MONOCYTE_3H_UP	-0.20948716901265124			
GSE11924_TFH_VS_TH17_CD4_TCELL_DN	-0.20950636670534298			
GO_PURINE_NUCLEOSIDE_MONOPHOSPHATE_BIOSYNTHETIC_PROCESS	-0.20951034181598108			
GO_AMINO_ACID_SALVAGE	-0.20952529344775125			
CLASPER_LYMPHATIC_VESSELS_DURING_METASTASIS_UP	-0.20952676295111825			
GO_NEGATIVE_REGULATION_OF_PROTEIN_MODIFICATION_BY_SMALL_PROTEIN_CONJUGATION_OR_REMOVAL	-0.20956618174259187			
CHIN_BREAST_CANCER_COPY_NUMBER_DN	-0.2095748640035323			
MIR548BA	-0.2095914450561481			
GO_GLOMERULUS_VASCULATURE_MORPHOGENESIS	-0.20959523450520046			
MIR4463	-0.20962051576780208			
GSE23114_WT_VS_SLE2C1_MOUSE_SPLEEN_B1A_BCELL_DN	-0.20967939913488526			
GO_CARDIAC_PACEMAKER_CELL_DIFFERENTIATION	-0.20968916251969175			
GO_POLYSACCHARIDE_METABOLIC_PROCESS	-0.20970614197403542			
MIR4502	-0.20972507972568366			
GSE43955_10H_VS_60H_ACT_CD4_TCELL_UP	-0.2097351480640992			
ZBTB49_TARGET_GENES	-0.20973605253011005			
GO_SULFUR_AMINO_ACID_TRANSPORT	-0.2097442083653623			
IPA_ARID4B_UP	-0.20976400616067			
REACTOME_PURINE_RIBONUCLEOSIDE_MONOPHOSPHATE_BIOSYNTHESIS	-0.2097942653434883			
MIR4761_5P	-0.2098193979477505			
EBNA1BP2_TARGET_GENES	-0.20984828157545896			
MIR556_3P	-0.20987663779319435			
GO_TRACHEA_MORPHOGENESIS	-0.2098784716175317			
REACTOME_MITOTIC_METAPHASE_AND_ANAPHASE	-0.20992698520423184			
GSE16385_UNTREATED_VS_12H_IFNG_TNF_TREATED_MACROPHAGE_UP	-0.209934744645666			
GO_GLUTAMATE_RECEPTOR_BINDING	-0.20994490516699035			
REACTOME_S_PHASE	-0.2099623476924159			
GSE28237_FOLLICULAR_VS_LATE_GC_BCELL_UP	-0.2099691541730391			
GO_RIGHTING_REFLEX	-0.20996969781753447			
GO_REGULATION_OF_TRANSPORTER_ACTIVITY	-0.2099803729296297			
GO_RNA_HELICASE_ACTIVITY	-0.20998591945079725			
GSE11924_TFH_VS_TH1_CD4_TCELL_DN	-0.20999121857871036			
MIR12136	-0.20999697916804472			
GO_HEPARAN_SULFATE_PROTEOGLYCAN_BIOSYNTHETIC_PROCESS_POLYSACCHARIDE_CHAIN_BIOSYNTHETIC_PROCESS	-0.21006176337405083			
MIR892C_5P	-0.2100665050853367			
MIR654_3P	-0.2100848449350024			
GO_NEGATIVE_REGULATION_BY_HOST_OF_VIRAL_TRANSCRIPTION	-0.21009147080138016			
IPA_FGF3_UP	-0.21013010932440288			
GO_POSITIVE_REGULATION_OF_SKELETAL_MUSCLE_CELL_DIFFERENTIATION	-0.210133342811102			
GO_SYNAPTIC_VESICLE_CYTOSKELETAL_TRANSPORT	-0.21015979213362657			
GO_RAB_GUANYL_NUCLEOTIDE_EXCHANGE_FACTOR_ACTIVITY	-0.21019214378125353			
MIR548AH_3P_MIR548AM_3P	-0.21020356156624193			
REACTOME_EXTRINSIC_PATHWAY_OF_FIBRIN_CLOT_FORMATION	-0.21020736496079698			
GSE12505_WT_VS_E2_2_HET_PDC_UP	-0.21020889254444539			
GO_CORE_MEDIATOR_COMPLEX	-0.21021045345032532			
YAO_TEMPORAL_RESPONSE_TO_PROGESTERONE_CLUSTER_2	-0.21021158619436314			
BENPORATH_MYC_TARGETS_WITH_EBOX	-0.21021729130314798			
GO_PRERIBOSOME	-0.2102367639567781			
MIR943	-0.21026197703711622			
IPA_NFIB_UP	-0.21026705487335573			
GO_SMAD_PROTEIN_COMPLEX	-0.21029334067420358			
GO_CYCLIC_NUCLEOTIDE_CATABOLIC_PROCESS	-0.21030381387515626			
PID_CONE_PATHWAY	-0.21030479451578166			
MIR548D_3P	-0.21031655596229104			
GOERING_BLOOD_HDL_CHOLESTEROL_QTL_CIS	-0.21032497895954966			
GO_POLYOL_METABOLIC_PROCESS	-0.21035003994747464			
E2F1_UP.V1_UP	-0.21035948436813778			
GO_POSTSYNAPTIC_ENDOCYTIC_ZONE_MEMBRANE	-0.2103680934418738			
CERIBELLI_GENES_INACTIVE_AND_BOUND_BY_NFY	-0.21039037196598337			
REACTOME_FOLDING_OF_ACTIN_BY_CCT_TRIC	-0.21042329049104244			
GO_NUCLEAR_IMPORT_SIGNAL_RECEPTOR_ACTIVITY	-0.2104238920886411			
REACTOME_DUAL_INCISION_IN_TC_NER	-0.2104257034162293			
GO_REGULATION_OF_POTASSIUM_ION_TRANSMEMBRANE_TRANSPORT	-0.21045106569456873			
REACTOME_DEGRADATION_OF_AXIN	-0.21048079926874014			
MIR6718_5P	-0.21048297426291473			
GO_MHC_CLASS_II_PROTEIN_BINDING	-0.21050929953114061			
ROSS_AML_OF_FAB_M7_TYPE	-0.2105143077160986			
GSE5099_MONOCYTE_VS_ALTERNATIVE_M2_MACROPHAGE_UP	-0.21052968040921397			
MIR6791_5P	-0.21054659215984428			
GO_LATE_ENDOSOME_TO_LYSOSOME_TRANSPORT	-0.21054721908706256			
GSE13762_CTRL_VS_125_VITAMIND_DAY5_DC_UP	-0.2105729206372125			
GO_TRANSCRIPTION_INITIATION_FROM_RNA_POLYMERASE_I_PROMOTER	-0.21058816530809912			
BERNARD_PPAPDC1B_TARGETS_UP	-0.21060762184728452			
GO_SYNAPSIS	-0.21061171368190318			
MIR146B_5P	-0.21062073538313444			
GO_RESPONSE_TO_MINERALOCORTICOID	-0.2106387232652639			
GO_ARYLSULFATASE_ACTIVITY	-0.21064919799047316			
GO_LEFT_RIGHT_AXIS_SPECIFICATION	-0.21065180904205602			
GO_NEGATIVE_REGULATION_OF_B_CELL_DIFFERENTIATION	-0.21067409308498156			
CROSBY_E2F4_TARGETS	-0.21067614626410178			
GO_ALDEHYDE_CATABOLIC_PROCESS	-0.2107009408174906			
MIR3193	-0.2107018469206908			
IPA_TFAP2B_UP	-0.21072992951824257			
WHITFIELD_CELL_CYCLE_G2	-0.21076067128044088			
GO_RNA_METHYLATION	-0.21079294005910001			
MIR9900	-0.21079901578310772			
MIR548B_3P	-0.21081684264973072			
GO_INOSITOL_TETRAKISPHOSPHATE_PHOSPHATASE_ACTIVITY	-0.21085964270368007			
GSE36078_UNTREATED_VS_AD5_T425A_HEXON_INF_MOUSE_LUNG_DC_UP	-0.21089901293581695			
MIR6884_5P	-0.21090739658096594			
MIR95_3P	-0.2109230667442165			
GSE15659_NAIVE_VS_PTPRC_NEG_CD4_TCELL_UP	-0.2109350423891732			
GO_LSM1_7_PAT1_COMPLEX	-0.2109604235095507			
MIR27B_5P	-0.21096226656629347			
GO_GLUCOSE_CATABOLIC_PROCESS	-0.21097486566982107			
GSE2770_UNTREATED_VS_TGFB_AND_IL4_TREATED_ACT_CD4_TCELL_48H_UP	-0.21098696924814525			
WANG_PROSTATE_CANCER_ANDROGEN_INDEPENDENT	-0.21100039513411054			
REACTOME_NONSENSE_MEDIATED_DECAY_NMD	-0.21102542855234926			
MIR6819_3P	-0.21103084306097777			
GO_NEUROTROPHIN_RECEPTOR_BINDING	-0.21103143043974912			
GO_REGULATION_OF_CHROMOSOME_SEGREGATION	-0.2110399636625497			
GO_CORONARY_ARTERY_MORPHOGENESIS	-0.21104030167751897			
IPA_HOXC6_UP	-0.21106864679237866			
ZNF766_TARGET_GENES	-0.21107402763579594			
GO_PROTEIN_CONTAINING_COMPLEX_DISASSEMBLY	-0.21107533322011918			
chr6q12	-0.21108814763463427			
PHB2_TARGET_GENES	-0.21108959328238883			
PID_WNT_NONCANONICAL_PATHWAY	-0.21111305765347296			
GO_CALCIUM_DEPENDENT_CELL_CELL_ADHESION_VIA_PLASMA_MEMBRANE_CELL_ADHESION_MOLECULES	-0.21111859369679664			
GO_NEGATIVE_REGULATION_OF_HEART_CONTRACTION	-0.21112671239215103			
GO_PRIMARY_ACTIVE_TRANSMEMBRANE_TRANSPORTER_ACTIVITY	-0.21113457371245284			
GO_NEGATIVE_REGULATION_OF_STRESS_ACTIVATED_PROTEIN_KINASE_SIGNALING_CASCADE	-0.21114109341016063			
MIR1250_3P	-0.2111452745332257			
MIR1289	-0.2111648500114704			
GO_REGULATION_OF_AMPA_RECEPTOR_ACTIVITY	-0.21118313591820817			
MIR224_5P	-0.21118520633914106			
GO_PHOTORECEPTOR_OUTER_SEGMENT_MEMBRANE	-0.21122439731125528			
GO_SMALL_NUCLEOLAR_RIBONUCLEOPROTEIN_COMPLEX	-0.2112366010717566			
MIR6792_5P	-0.21127158948460675			
GO_PWP2P_CONTAINING_SUBCOMPLEX_OF_90S_PRERIBOSOME	-0.21127777854407453			
GCATTTG_MIR105	-0.21129117613585482			
GO_CAMP_BINDING	-0.21130587821007946			
MIR3926	-0.2113151841627149			
KYNG_RESPONSE_TO_H2O2_VIA_ERCC6_UP	-0.21134665065658131			
GO_M7G_5_PPPN_DIPHOSPHATASE_ACTIVITY	-0.2113491550687691			
GO_NEURONAL_STEM_CELL_POPULATION_MAINTENANCE	-0.21138091428110428			
MIR5571_5P	-0.21146232183718364			
GO_CENTROSOME_SEPARATION	-0.21148522412907242			
GSE17721_0.5H_VS_4H_PAM3CSK4_BMDC_DN	-0.21151338490388674			
GO_REGULATION_OF_BLOOD_VOLUME_BY_RENIN_ANGIOTENSIN	-0.21157560774749837			
GO_NUCLEOID	-0.21159334015282846			
ZNF202_TARGET_GENES	-0.2115983803970779			
GSE46025_WT_VS_FOXO1_KO_KLRG1_LOW_CD8_EFFECTOR_TCELL_UP	-0.21160483421529525			
MATZUK_MALE_REPRODUCTION_SERTOLI	-0.21160595842877497			
ACAACTT_MIR382	-0.2116142822486357			
CEBP_01	-0.2116323551071555			
ZNF146_TARGET_GENES	-0.2116555324656384			
GSE19941_UNSTIM_VS_LPS_AND_IL10_STIM_IL10_KO_NFKBP50_KO_MACROPHAGE_UP	-0.21166027913349703			
TERAMOTO_OPN_TARGETS_CLUSTER_8	-0.21166056028792846			
GO_NUCLEAR_MIGRATION_ALONG_MICROTUBULE	-0.21166967716480053			
REACTOME_JNK_C_JUN_KINASES_PHOSPHORYLATION_AND_ACTIVATION_MEDIATED_BY_ACTIVATED_HUMAN_TAK1	-0.21168098644515929			
REACTOME_AMINO_ACID_TRANSPORT_ACROSS_THE_PLASMA_MEMBRANE	-0.21171419805219557			
REACTOME_ASYMMETRIC_LOCALIZATION_OF_PCP_PROTEINS	-0.21171857934576593			
GO_RACEMASE_AND_EPIMERASE_ACTIVITY_ACTING_ON_CARBOHYDRATES_AND_DERIVATIVES	-0.21172258954107695			
GSE4142_PLASMA_CELL_VS_MEMORY_BCELL_DN	-0.21172774345554707			
GO_ENDOPEPTIDASE_COMPLEX	-0.21175087237671977			
GO_NUCLEASE_ACTIVITY	-0.21177218920348462			
GO_BLASTOCYST_DEVELOPMENT	-0.21180124174248297			
GO_POSITIVE_REGULATION_OF_HISTONE_UBIQUITINATION	-0.21180868475796039			
PTEN_DN.V1_UP	-0.2118259794138626			
MIR6730_3P	-0.211857170964131			
GO_CYTOSOLIC_PROTEASOME_COMPLEX	-0.2118589366018908			
GO_GLYCOSYLCERAMIDE_CATABOLIC_PROCESS	-0.21186712870981408			
MIR18A_5P_MIR18B_5P	-0.21186749976235966			
IPA_HOXA9_DN	-0.21190834463899533			
GO_REGULATION_OF_BLOOD_PRESSURE	-0.2119229371929743			
CYCLIN_D1_KE_.V1_DN	-0.21193663231283003			
LOPEZ_TRANSLATION_VIA_FN1_SIGNALING	-0.21194657817135973			
GO_ORGANIC_ACID_TRANSMEMBRANE_TRANSPORTER_ACTIVITY	-0.21195157410550483			
WANG_TUMOR_INVASIVENESS_UP	-0.21195851948861816			
REACTOME_TRISTETRAPROLIN_TTP_ZFP36_BINDS_AND_DESTABILIZES_MRNA	-0.21199685766360216			
GSE27241_WT_VS_RORGT_KO_TH17_POLARIZED_CD4_TCELL_UP	-0.2120194112532723			
MIR3116	-0.21202219676982664			
GO_FOLATE_IMPORT_ACROSS_PLASMA_MEMBRANE	-0.2120259611024141			
LOPEZ_MBD_TARGETS	-0.21203995366712344			
CEBPB_02	-0.21204910376135674			
YNGTTNNNATT_UNKNOWN	-0.21205402285816888			
GO_PHOSPHATASE_INHIBITOR_ACTIVITY	-0.2120606516395768			
GSE2770_IL12_VS_TGFB_AND_IL12_TREATED_ACT_CD4_TCELL_2H_DN	-0.21206704828656278			
MIR151A_3P	-0.21206762143566926			
MIR4804_5P	-0.21209262277030583			
BENPORATH_MYC_MAX_TARGETS	-0.21211417475174366			
GSE15750_DAY6_VS_DAY10_EFF_CD8_TCELL_DN	-0.2121174128797661			
MIR4744	-0.21212046687866817			
GO_CANONICAL_WNT_SIGNALING_PATHWAY_INVOLVED_IN_REGULATION_OF_CELL_PROLIFERATION	-0.212143317350541			
MIR5700	-0.2121451832820056			
IPA_NOTCH2_DN	-0.21215512760323713			
IPA_HOXA11_DN	-0.21216302490229272			
GO_CENTRIOLE_CENTRIOLE_COHESION	-0.212167554789357			
ATAAGCT_MIR21	-0.21217043649799636			
GO_NEGATIVE_REGULATION_OF_MULTICELLULAR_ORGANISM_GROWTH	-0.21217340623059586			
IPA_IRX4_UP	-0.2122022917816737			
GO_GLYCEROPHOSPHOLIPID_CATABOLIC_PROCESS	-0.21221350197162292			
GSE5589_LPS_VS_LPS_AND_IL6_STIM_MACROPHAGE_45MIN_DN	-0.21221350960250268			
GO_PROTEIN_TRANSPORT_WITHIN_LIPID_BILAYER	-0.21222984843360662			
KEGG_NUCLEOTIDE_EXCISION_REPAIR	-0.21223779334414014			
ABBUD_LIF_SIGNALING_2_UP	-0.21225641754896574			
OCT_C	-0.21228154019231357			
IPA_SMAD6_UP	-0.21233899566057288			
GO_TRNA_METHYLTRANSFERASE_ACTIVITY	-0.21234786748651815			
RAO_BOUND_BY_SALL4_ISOFORM_B	-0.21237134404320193			
GSE13411_PLASMA_CELL_VS_MEMORY_BCELL_UP	-0.21239204041061288			
GO_AROMATIC_AMINO_ACID_FAMILY_METABOLIC_PROCESS	-0.21239589419000993			
IPA_NFIL3_UP	-0.21241799348728654			
GO_SPERMIDINE_METABOLIC_PROCESS	-0.21244414490652638			
GO_SEROTONIN_RECEPTOR_SIGNALING_PATHWAY	-0.2124831716441033			
GO_REPLISOME	-0.2125213068408262			
GO_REGULATION_OF_LYASE_ACTIVITY	-0.21254236231566384			
KUMAR_PATHOGEN_LOAD_BY_MACROPHAGES	-0.2125511872602763			
GO_NEGATIVE_REGULATION_OF_SMALL_MOLECULE_METABOLIC_PROCESS	-0.2126354208452686			
GO_SINGLE_STRANDED_DNA_BINDING	-0.21265335974085559			
GO_AXON_HILLOCK	-0.2126694261387775			
NAKAJIMA_EOSINOPHIL	-0.2127010500341916			
GO_L_ORNITHINE_TRANSMEMBRANE_TRANSPORTER_ACTIVITY	-0.21272012565142365			
GO_MRNA_METABOLIC_PROCESS	-0.21273282120637052			
REACTOME_RNA_POLYMERASE_I_TRANSCRIPTION_TERMINATION	-0.21273488911374538			
chr8p12	-0.2127428956131226			
GO_INORGANIC_PHOSPHATE_TRANSMEMBRANE_TRANSPORTER_ACTIVITY	-0.2127846769779715			
MIR548J_3P	-0.21278577265755594			
GO_RIBONUCLEOPROTEIN_COMPLEX_BINDING	-0.21278719393031767			
BRACHAT_RESPONSE_TO_CISPLATIN	-0.2128107346741865			
GO_SEPTUM_PRIMUM_DEVELOPMENT	-0.21284514778025762			
chr14q22	-0.21284575609658102			
IPA_NKX3-1_DN	-0.2128731236938733			
GO_CUPROUS_ION_BINDING	-0.2129160483299759			
WOTTON_RUNX_TARGETS_DN	-0.21293531412232733			
GO_NEGATIVE_REGULATION_OF_SYNAPSE_ASSEMBLY	-0.21294757212946627			
REACTOME_RESOLUTION_OF_D_LOOP_STRUCTURES_THROUGH_SYNTHESIS_DEPENDENT_STRAND_ANNEALING_SDSA	-0.2129539479383545			
IRF5_TARGET_GENES	-0.2129694158684164			
GSE3982_EOSINOPHIL_VS_TH2_DN	-0.21300508241064542			
GO_CHLORIDE_ION_BINDING	-0.2130223883834549			
REACTOME_DISEASES_OF_CARBOHYDRATE_METABOLISM	-0.21303959946340506			
MOOTHA_GLYCOGEN_METABOLISM	-0.21305942315490908			
BIOCARTA_CELLCYCLE_PATHWAY	-0.21306073896525857			
GSE17974_0H_VS_48H_IN_VITRO_ACT_CD4_TCELL_DN	-0.21307101105504625			
GO_REPLICATION_FORK_PROCESSING	-0.2131415393974268			
GO_ATP_TRANSPORT	-0.2131421125581299			
GTCGATC_MIR3695P	-0.21314303841246232			
GO_POSTTRANSLATIONAL_PROTEIN_TARGETING_TO_MEMBRANE_TRANSLOCATION	-0.21316413971885848			
MIR519E_5P	-0.21323825749231465			
GSE34156_UNTREATED_VS_24H_TLR1_TLR2_LIGAND_TREATED_MONOCYTE_UP	-0.21323926977392563			
MIKKELSEN_ES_ICP_WITH_H3K4ME3_AND_H3K27ME3	-0.2132588502159481			
REACTOME_SYNTHESIS_OF_PIPS_AT_THE_ER_MEMBRANE	-0.213267080627075			
GSE19923_WT_VS_HEB_AND_E2A_KO_DP_THYMOCYTE_UP	-0.21326873336042654			
IPA_BRCA2_DN	-0.21327578076695544			
REACTOME_SYNTHESIS_OF_ACTIVE_UBIQUITIN_ROLES_OF_E1_AND_E2_ENZYMES	-0.21328323768041613			
GABRIELY_MIR21_TARGETS	-0.2132915349050664			
GO_CYTOSKELETON_ORGANIZATION	-0.21335225595255722			
GSE2826_WT_VS_XID_BCELL_UP	-0.21335484618230033			
GO_MITOTIC_SPINDLE_POLE	-0.21336464028990493			
GO_COPII_COATED_VESICLE_CARGO_LOADING	-0.21338282714319115			
GO_DNA_UNWINDING_INVOLVED_IN_DNA_REPLICATION	-0.21339041974378675			
BIOCARTA_TPO_PATHWAY	-0.21340880945191096			
MIR4299	-0.21340903005477804			
GO_PROTEIN_N_TERMINUS_BINDING	-0.2134132782036641			
GO_CELLULAR_RESPONSE_TO_RADIATION	-0.21342868622872085			
GO_DNA_DOUBLE_STRAND_BREAK_PROCESSING	-0.2134323430061435			
GO_ACROSOMAL_VESICLE_EXOCYTOSIS	-0.21343590924025233			
GO_UBIQUITIN_DEPENDENT_SMAD_PROTEIN_CATABOLIC_PROCESS	-0.2134582773084847			
IPA_ZNF711_UP	-0.21346269471615423			
MIR6877_3P	-0.21346952954472437			
MIR1305	-0.2134789214695345			
GO_TRANSCRIPTION_FACTOR_TFIIH_CORE_COMPLEX	-0.21348597687896753			
GO_CELL_CYCLE_CHECKPOINT	-0.21349156665816355			
MIR652_5P	-0.2135077234617383			
GO_RESPONSE_TO_HYDROPEROXIDE	-0.21353118809541047			
GO_RNA_POLYMERASE_II_TRANSCRIPTION_REPRESSOR_COMPLEX	-0.2135379370801062			
GSE29949_CD8_NEG_DC_SPLEEN_VS_CD8_POS_DC_SPLEEN_UP	-0.21353825497796594			
GO_PHEROMONE_RECEPTOR_ACTIVITY	-0.2135401830540368			
GSE43955_10H_VS_60H_ACT_CD4_TCELL_WITH_TGFB_IL6_UP	-0.21354043201900919			
ABE_INNER_EAR	-0.21355111727692572			
GO_CELL_ADHESION_INVOLVED_IN_HEART_MORPHOGENESIS	-0.21355413207257049			
GO_POSITIVE_REGULATION_OF_DNA_REPAIR	-0.21356163143622206			
GO_NUCLEAR_TRANSCRIBED_MRNA_CATABOLIC_PROCESS_EXONUCLEOLYTIC_3_5	-0.21356417017627483			
MIR412_3P	-0.21356638855571586			
GO_FRUCTOSE_2_6_BISPHOSPHATE_METABOLIC_PROCESS	-0.2136340571616764			
GO_FRUCTOSE_2_6_BISPHOSPHATE_2_PHOSPHATASE_ACTIVITY	-0.2136340571616764			
GSE15750_DAY6_VS_DAY10_TRAF6KO_EFF_CD8_TCELL_DN	-0.21364147946514137			
GO_NUCLEOTIDE_TRANSPORT	-0.21366874420058934			
BOGNI_TREATMENT_RELATED_MYELOID_LEUKEMIA_UP	-0.21368741182704543			
GO_NUCLEOTIDE_EXCISION_REPAIR_DNA_DAMAGE_RECOGNITION	-0.21369374195668478			
GSE411_UNSTIM_VS_400MIN_IL6_STIM_MACROPHAGE_UP	-0.21370135109582314			
GO_POSITIVE_REGULATION_OF_SKELETAL_MUSCLE_TISSUE_DEVELOPMENT	-0.21370290968358388			
GO_CHAPERONE_BINDING	-0.21371711890917564			
GO_CONDENSED_NUCLEAR_CHROMOSOME_KINETOCHORE	-0.2137253007974413			
MIR6780A_5P	-0.21373011979474413			
GSE2405_0H_VS_9H_A_PHAGOCYTOPHILUM_STIM_NEUTROPHIL_DN	-0.21373619967976729			
MIR5094	-0.21374273112374897			
MCCLUNG_COCAIN_REWARD_4WK	-0.213762236422088			
REACTOME_NADE_MODULATES_DEATH_SIGNALLING	-0.21377600800412724			
GO_MEMBRANE_ATTACK_COMPLEX	-0.21377966184987823			
GO_REGULATION_OF_CYTOPLASMIC_TRANSPORT	-0.21378103447071833			
GO_INTERLEUKIN_10_BIOSYNTHETIC_PROCESS	-0.21380614544858445			
GO_SMOOTH_MUSCLE_TISSUE_DEVELOPMENT	-0.21380740868991763			
MIR16_5P	-0.21381429495424994			
IPA_RBPJL_UP	-0.21381585174548626			
ELVIDGE_HIF2A_TARGETS_UP	-0.21381989341098537			
GO_SULFATION	-0.2138230329191284			
GO_ADENOSINE_RECEPTOR_BINDING	-0.21382518351111196			
MCCABE_BOUND_BY_HOXC6	-0.21382624795474803			
chr2p16	-0.21382693391559474			
MIR7153_5P	-0.21383144302496243			
GO_EMBRYONIC_HEMOPOIESIS	-0.21384449451658025			
GO_PEPTIDE_RECEPTOR_ACTIVITY	-0.2139046141640423			
GO_EXTRINSIC_COMPONENT_OF_POSTSYNAPTIC_SPECIALIZATION_MEMBRANE	-0.21391647777803033			
GO_PLASMA_MEMBRANE_TUBULATION	-0.213935746286231			
GO_MYELIN_MAINTENANCE	-0.21394413490577663			
MIR195_5P	-0.2139570571862704			
GO_NEGATIVE_REGULATION_OF_CENTROSOME_CYCLE	-0.2139605872479002			
GO_ADHESION_OF_SYMBIONT_TO_HOST	-0.2139689523810006			
GO_PHOSPHOLIPASE_ACTIVITY	-0.21398264540949363			
REACTOME_HDR_THROUGH_HOMOLOGOUS_RECOMBINATION_HRR	-0.21401353156495914			
MIR7110_3P	-0.21401769363774947			
CACTGCC_MIR34A_MIR34C_MIR449	-0.2140332357272363			
GSE41867_NAIVE_VS_DAY30_LCMV_ARMSTRONG_MEMORY_CD8_TCELL_DN	-0.21404244300669237			
GO_REGULATION_OF_CELL_CYCLE	-0.21406787789125387			
GO_RESPONSE_TO_IRON_II_ION	-0.21411300292108487			
SHIPP_DLBCL_CURED_VS_FATAL_DN	-0.21411651468471427			
GSE19772_CTRL_VS_HCMV_INF_MONOCYTES_DN	-0.21415250119890553			
GSE15624_CTRL_VS_6H_HALOFUGINONE_TREATED_CD4_TCELL_UP	-0.21415250928489288			
IPA_PAX2_UP	-0.21415314274100852			
GO_REGULATION_OF_SYNAPTIC_VESICLE_PRIMING	-0.2141576885604521			
STONER_ESOPHAGEAL_CARCINOGENESIS_DN	-0.21416896576259054			
GO_POSITIVE_REGULATION_OF_CELLULAR_RESPIRATION	-0.21416980057675758			
GO_ATRIAL_SEPTUM_PRIMUM_MORPHOGENESIS	-0.2141782727968727			
GOUYER_TUMOR_INVASIVENESS	-0.21417935512774994			
GSE3982_CENT_MEMORY_CD4_TCELL_VS_TH2_DN	-0.21418531631199864			
IPA_ATF1_UP	-0.2142089150016607			
MIR340_5P	-0.2142090466486879			
REACTOME_REVERSIBLE_HYDRATION_OF_CARBON_DIOXIDE	-0.21422659249828765			
BIOCARTA_GPCR_PATHWAY	-0.21423114988446953			
GO_TRACE_AMINE_RECEPTOR_ACTIVITY	-0.21426292090607296			
MIR4436B_5P	-0.21426545974947295			
GSE37605_NOD_VS_C57BL6_IRES_GFP_TREG_UP	-0.21430882171256693			
GO_REGULATION_OF_ORGANELLE_ASSEMBLY	-0.21431664960925437			
GSE7218_UNSTIM_VS_ANTIGEN_STIM_THROUGH_IGM_BCELL_DN	-0.21432212209836987			
GO_NEGATIVE_REGULATION_OF_SMAD_PROTEIN_SIGNAL_TRANSDUCTION	-0.21432525822792875			
GSE15330_HSC_VS_PRO_BCELL_DN	-0.2143320680303762			
GO_NAD_P_H_OXIDASE_ACTIVITY	-0.2143461357536087			
MIR4712_5P	-0.21435298481967083			
REACTOME_ACTIVATION_OF_THE_PHOTOTRANSDUCTION_CASCADE	-0.21435571461101866			
MIR6764_3P	-0.2143897064863804			
MIR619_3P	-0.21439723737688215			
GSE15735_2H_VS_12H_HDAC_INHIBITOR_TREATED_CD4_TCELL_UP	-0.21441251399838135			
GO_DNA_POLYMERASE_COMPLEX	-0.21441520788771873			
chr2q32	-0.21441917711557226			
MIR4504	-0.21442184646911167			
MIR8079	-0.2144323320221975			
GO_NUCLEAR_RECEPTOR_TRANSCRIPTION_COACTIVATOR_ACTIVITY	-0.21444145407700696			
GSE9650_NAIVE_VS_EFF_CD8_TCELL_UP	-0.21447605376132658			
GO_RESPONSE_TO_MUSCLE_ACTIVITY	-0.21449579945342767			
IPA_BARX2_UP	-0.2145084892246356			
GO_REGULATION_OF_ENDOCYTIC_RECYCLING	-0.21451152236888435			
CERIBELLI_PROMOTERS_INACTIVE_AND_BOUND_BY_NFY	-0.21452711573646024			
REACTOME_SUMOYLATION_OF_TRANSCRIPTION_COFACTORS	-0.21453279728111252			
GO_CROSSOVER_JUNCTION_ENDODEOXYRIBONUCLEASE_ACTIVITY	-0.21454144593374608			
GO_POSITIVE_REGULATION_OF_PROTEIN_DEPOLYMERIZATION	-0.21454650586388466			
GSE22432_PDC_VS_TGFB1_TREATEDCOMMON_DC_PROGENITOR_UP	-0.21457851638767098			
GO_COHESIN_COMPLEX	-0.21457899768952635			
GO_NEGATIVE_REGULATION_OF_STEROID_METABOLIC_PROCESS	-0.2145943201081862			
GO_CALCIUM_CATION_ANTIPORTER_ACTIVITY	-0.21459488007422275			
chr6q23	-0.21460279673311786			
MIR7162_5P	-0.21461451564830228			
GO_EXORIBONUCLEASE_ACTIVITY	-0.21461842029058606			
GO_AMINO_ACID_IMPORT	-0.21463041017654352			
REACTOME_POU5F1_OCT4_SOX2_NANOG_REPRESS_GENES_RELATED_TO_DIFFERENTIATION	-0.2146475369039166			
GO_VIRAL_TRANSLATIONAL_TERMINATION_REINITIATION	-0.21465003054355977			
GO_POSTSYNAPSE_ORGANIZATION	-0.21465555801468036			
BENPORATH_CYCLING_GENES	-0.21465785939162638			
SRSF9_TARGET_GENES	-0.21466294059073834			
GO_PEPTIDYL_ARGININE_METHYLATION	-0.21471048689154806			
REACTOME_SELENOAMINO_ACID_METABOLISM	-0.2147335603563048			
MIR532_5P	-0.2147549158620345			
GO_CARDIAC_SEPTUM_MORPHOGENESIS	-0.2147668750511548			
GO_RESPONSE_TO_ISOLATION_STRESS	-0.2147679352679017			
GO_CHOLESTEROL_STORAGE	-0.2147730576346454			
MATHEW_FANCONI_ANEMIA_GENES	-0.21477585537355243			
GSE360_T_GONDII_VS_M_TUBERCULOSIS_MAC_UP	-0.21480281717300143			
chr6q13	-0.21480618331306642			
GO_PHOSPHATIDYLINOSITOL_TRISPHOSPHATE_PHOSPHATASE_ACTIVITY	-0.2148628258345843			
GSE15624_CTRL_VS_3H_HALOFUGINONE_TREATED_CD4_TCELL_DN	-0.21486470299161226			
GO_GMP_METABOLIC_PROCESS	-0.21487379013467983			
GO_SEMINIFEROUS_TUBULE_DEVELOPMENT	-0.2148799823287936			
REACTOME_DETOXIFICATION_OF_REACTIVE_OXYGEN_SPECIES	-0.21488863810443998			
WEI_MYCN_TARGETS_WITH_E_BOX	-0.21490069531493336			
GSE21670_TGFB_VS_IL6_TREATED_CD4_TCELL_UP	-0.21491020398299127			
GO_PHOSPHATIDYLINOSITOL_PHOSPHATE_5_PHOSPHATASE_ACTIVITY	-0.21491837995682067			
GO_PYRIMIDINE_NUCLEOBASE_BIOSYNTHETIC_PROCESS	-0.21494967537806467			
GO_ANATOMICAL_STRUCTURE_HOMEOSTASIS	-0.2149995092874286			
GO_NUCLEOSIDE_MONOPHOSPHATE_KINASE_ACTIVITY	-0.21501407022104882			
MIKKELSEN_MCV6_ICP_WITH_H3K4ME3_AND_H3K27ME3	-0.2150316824065402			
GO_RESPONSE_TO_DISACCHARIDE	-0.2150340281265315			
GO_REGULATION_OF_MEMBRANE_DEPOLARIZATION	-0.21504530354777804			
GO_SEQUENCE_SPECIFIC_MRNA_BINDING	-0.21506942937948811			
GSE10240_CTRL_VS_IL17_AND_IL22_STIM_PRIMARY_BRONCHIAL_EPITHELIAL_CELLS_DN	-0.21508186400839346			
GSE17721_PAM3CSK4_VS_GADIQUIMOD_1H_BMDC_DN	-0.21509426466135542			
GO_REGULATION_OF_LOCOMOTION_INVOLVED_IN_LOCOMOTORY_BEHAVIOR	-0.21512497110516587			
GO_PURINE_NUCLEOBASE_METABOLIC_PROCESS	-0.21514608683912348			
MIR7851_3P	-0.21514799298168455			
GO_OVULATION_FROM_OVARIAN_FOLLICLE	-0.21516821558530422			
GO_CELLULAR_RESPONSE_TO_CHOLESTEROL	-0.21519977176655833			
GO_NEGATIVE_REGULATION_OF_MACROPHAGE_DIFFERENTIATION	-0.21520344877777114			
MIR374C_5P	-0.21520758077151783			
GO_G_PROTEIN_COUPLED_PURINERGIC_RECEPTOR_SIGNALING_PATHWAY	-0.2152455018378178			
CEBPA_01	-0.21524745231669465			
MIR4677_5P	-0.21524838753207115			
REACTOME_DECTIN_1_MEDIATED_NONCANONICAL_NF_KB_SIGNALING	-0.2152533448282758			
GO_RIBONUCLEOSIDE_TRIPHOSPHATE_BIOSYNTHETIC_PROCESS	-0.21527031895843027			
MIR3934_5P	-0.215273338431454			
GO_NEGATIVE_REGULATION_OF_UBIQUITIN_PROTEIN_LIGASE_ACTIVITY	-0.2152896694860992			
GO_POSITIVE_REGULATION_OF_GLUTAMATE_RECEPTOR_SIGNALING_PATHWAY	-0.21529646719459833			
GSE19374_UNINF_VS_LISTERIA_INFECTED_MACROPHAGE_UP	-0.21531190576412826			
KEGG_NITROGEN_METABOLISM	-0.21533942921628327			
GSE22886_CD8_VS_CD4_NAIVE_TCELL_DN	-0.21535522159233655			
OCT_Q6	-0.21536358726748087			
GO_REGULATION_OF_APOPTOTIC_CELL_CLEARANCE	-0.21536392847695898			
MIR548AE_3P_MIR548AQ_3P	-0.21536500006877732			
REACTOME_G2_M_CHECKPOINTS	-0.21538324645232376			
GO_L_AMINO_ACID_TRANSPORT	-0.21539348229473337			
REACTOME_APOPTOTIC_FACTOR_MEDIATED_RESPONSE	-0.21539851260354062			
GO_TRANSCRIPTION_FACTOR_TFIID_COMPLEX	-0.215424116539845			
KEGG_PURINE_METABOLISM	-0.2154333138755898			
MIR6774_3P	-0.21543896265846366			
GO_PEPTIDYL_LYSINE_MODIFICATION	-0.215444786646591			
GO_NEGATIVE_REGULATION_OF_CGMP_MEDIATED_SIGNALING	-0.21547583897181452			
GSE45365_WT_VS_IFNAR_KO_CD11B_DC_MCMV_INFECTION_DN	-0.21548531924701664			
MIR6787_3P	-0.21549290245288266			
KRISHNAN_FURIN_TARGETS_UP	-0.21550467092464418			
GO_PROFILIN_BINDING	-0.21550470782344475			
GSE36476_CTRL_VS_TSST_ACT_72H_MEMORY_CD4_TCELL_OLD_DN	-0.21550985914929754			
REACTOME_IRS_MEDIATED_SIGNALLING	-0.21551234043096562			
REACTOME_NUCLEAR_ENVELOPE_NE_REASSEMBLY	-0.21551510324663065			
WONG_ENDOMETRIAL_CANCER_LATE	-0.21552289132457822			
GSE16450_CTRL_VS_IFNA_6H_STIM_MATURE_NEURON_CELL_LINE_UP	-0.21553184034366626			
REACTOME_PURINE_SALVAGE	-0.2155614061834088			
MIR7114_3P	-0.21558232256908094			
GO_NUCLEOTIDE_EXCISION_REPAIR	-0.21558440869028594			
RICKMAN_HEAD_AND_NECK_CANCER_B	-0.21559885833521208			
GSE17721_LPS_VS_PAM3CSK4_4H_BMDC_DN	-0.21562620375955524			
GSE27786_NKCELL_VS_NKTCELL_DN	-0.21562641135746322			
GO_CENTROSOME	-0.21563114634904923			
BIOCARTA_P53_PATHWAY	-0.21564588176891805			
GO_REGULATION_OF_CELL_MATURATION	-0.21564646343922653			
REACTOME_P75NTR_NEGATIVELY_REGULATES_CELL_CYCLE_VIA_SC1	-0.21564689483281146			
IPA_TP53BP1_UP	-0.21567397115886458			
REACTOME_FGFRL1_MODULATION_OF_FGFR1_SIGNALING	-0.2156868554598261			
GO_REGULATION_OF_MELANOCYTE_DIFFERENTIATION	-0.21569157085918772			
REACTOME_SIGNALING_BY_TYPE_1_INSULIN_LIKE_GROWTH_FACTOR_1_RECEPTOR_IGF1R	-0.21573804012048753			
GO_POSITIVE_REGULATION_OF_CARDIOCYTE_DIFFERENTIATION	-0.2157596411291525			
ZNF101_TARGET_GENES	-0.21576729459008268			
GO_NEURON_DEATH	-0.21576910114121767			
ZNF584_TARGET_GENES	-0.21579280715682056			
GO_RNA_POLYMERASE_II_CTD_HEPTAPEPTIDE_REPEAT_KINASE_ACTIVITY	-0.2157999320707244			
MIR5580_3P	-0.2158192765476097			
IPA_EHF_DN	-0.21582105777766256			
GO_ADENOSINE_DEAMINASE_ACTIVITY	-0.21582314245099068			
MIR5197_3P	-0.21583973173072907			
GO_ADENOSINE_TO_INOSINE_EDITING	-0.21585449055282432			
CREBP1_01	-0.21585772385491275			
REACTOME_MODULATION_BY_MTB_OF_HOST_IMMUNE_SYSTEM	-0.21586337119871946			
GO_REGULATION_OF_DIGESTIVE_SYSTEM_PROCESS	-0.2158789270112721			
MYLLYKANGAS_AMPLIFICATION_HOT_SPOT_22	-0.21588983495948366			
GO_OLIGOSACCHARYLTRANSFERASE_COMPLEX	-0.2158996425083623			
GO_OOCYTE_MATURATION	-0.21594978736148376			
PUJANA_BREAST_CANCER_LIT_INT_NETWORK	-0.2159543936933551			
F10_TARGET_GENES	-0.2159978796713589			
GO_OLIGOPEPTIDE_TRANSMEMBRANE_TRANSPORTER_ACTIVITY	-0.21600002776618243			
GO_RESPONSE_TO_FUNGICIDE	-0.216015612008957			
GO_TRANSLATION_PREINITIATION_COMPLEX	-0.21602045906230072			
GO_HEART_FIELD_SPECIFICATION	-0.21602123808715054			
GSE27786_NEUTROPHIL_VS_MONO_MAC_DN	-0.216021623539542			
GO_RIBONUCLEOSIDE_MONOPHOSPHATE_BIOSYNTHETIC_PROCESS	-0.2160494382893834			
GO_PROTEIN_DENEDDYLATION	-0.21606833408547602			
MIR548AJ_3P_MIR548X_3P	-0.21608915241385884			
MIR516A_3P_MIR516B_3P	-0.21610584997680035			
GO_PCG_PROTEIN_COMPLEX	-0.21613646163983116			
MIR6838_5P	-0.2161375760961479			
GSE21033_CTRL_VS_POLYIC_STIM_DC_1H_UP	-0.21613900421572227			
GO_I_SMAD_BINDING	-0.2161427082621958			
IPA_MTF1_UP	-0.21614813929045298			
MIR4521	-0.21615504442481762			
IPA_FOXO3_DN	-0.21617037208125706			
MCCLUNG_CREB1_TARGETS_DN	-0.21617861723719192			
GO_SINGLE_STRANDED_RNA_BINDING	-0.21618887263226716			
GO_C_ACETYLTRANSFERASE_ACTIVITY	-0.21620271894705928			
GO_ANAPHASE_PROMOTING_COMPLEX_DEPENDENT_CATABOLIC_PROCESS	-0.2162072108664524			
KOHOUTEK_CCNT2_TARGETS	-0.21620811267619894			
GO_PROTEIN_LOCALIZATION_TO_EARLY_ENDOSOME	-0.21620833240197887			
GO_NEURONAL_ACTION_POTENTIAL_PROPAGATION	-0.2162254924341301			
REACTOME_GENE_SILENCING_BY_RNA	-0.21622569569459782			
GO_DEOXYRIBOSE_PHOSPHATE_BIOSYNTHETIC_PROCESS	-0.21624288688775134			
GO_L_ARGININE_TRANSMEMBRANE_TRANSPORT	-0.21627964052728915			
GO_ARGININE_TRANSMEMBRANE_TRANSPORT	-0.21627964052728915			
chr4q21	-0.21628999638638238			
GO_GLYCINE_BINDING	-0.21629158504024032			
REACTOME_CONVERSION_FROM_APC_C_CDC20_TO_APC_C_CDH1_IN_LATE_ANAPHASE	-0.21632243684128716			
AAANWWTGC_UNKNOWN	-0.21633089652117327			
GO_REGULATION_OF_PROTEIN_KINASE_C_SIGNALING	-0.21633811179365847			
CSR_LATE_UP.V1_DN	-0.21634389666229548			
REACTOME_HCMV_INFECTION	-0.21634998721742663			
MIR211_5P	-0.2163533087128894			
GSE22589_HEALTHY_VS_HIV_AND_SIV_INFECTED_DC_UP	-0.216362268785316			
GO_REGULATION_OF_MRNA_CATABOLIC_PROCESS	-0.21637787375922665			
GO_HYDROLASE_ACTIVITY_ACTING_ON_GLYCOSYL_BONDS	-0.21641706646634343			
MIR6869_5P	-0.2164231331856182			
GO_DEOXYRIBONUCLEASE_I_ACTIVITY	-0.21645448426816144			
GSE360_HIGH_VS_LOW_DOSE_B_MALAYI_MAC_DN	-0.21647191402375118			
GSE2770_UNTREATED_VS_IL4_TREATED_ACT_CD4_TCELL_2H_DN	-0.2164822347645413			
REACTOME_CHYLOMICRON_ASSEMBLY	-0.21651654363138			
GO_BINDING_OF_SPERM_TO_ZONA_PELLUCIDA	-0.21651936269025984			
REACTOME_CHROMOSOME_MAINTENANCE	-0.21651983404719			
GKCGCNNNNNNNTGAYG_UNKNOWN	-0.2165411662076835			
KEGG_HOMOLOGOUS_RECOMBINATION	-0.21654567008411668			
GO_PERINUCLEAR_REGION_OF_CYTOPLASM	-0.21656264102032172			
MIR548AV_3P	-0.21657928798360612			
chr7q36	-0.21658845652673656			
MIR767_3P	-0.2166021610774178			
MIR6835_3P	-0.21661699576579854			
CHENG_IMPRINTED_BY_ESTRADIOL	-0.2166400532232145			
GO_SUMO_TRANSFERASE_ACTIVITY	-0.2166696219720952			
BYSTRYKH_HEMATOPOIESIS_STEM_CELL_QTL_TRANS	-0.2166768057330488			
GO_TRANSMEMBRANE_RECEPTOR_PROTEIN_TYROSINE_KINASE_ACTIVATOR_ACTIVITY	-0.2166927331509554			
GO_COMPLEMENT_ACTIVATION_ALTERNATIVE_PATHWAY	-0.2166928418375655			
MIR4274	-0.2166937933439503			
MIR513A_5P	-0.2166973162973279			
MIR204_5P	-0.21670931839724694			
GSE20727_CTRL_VS_ROS_INHIBITOR_TREATED_DC_UP	-0.21671602294449194			
GO_NEGATIVE_REGULATION_OF_NERVOUS_SYSTEM_DEVELOPMENT	-0.2167163638172359			
GO_VOLTAGE_GATED_CALCIUM_CHANNEL_ACTIVITY	-0.21672338261170773			
GO_PORE_COMPLEX_ASSEMBLY	-0.21673732920126382			
LEIN_PONS_MARKERS	-0.21674277484595578			
NIKOLSKY_BREAST_CANCER_10Q22_AMPLICON	-0.21675406862940813			
GO_CELLULAR_POLYSACCHARIDE_CATABOLIC_PROCESS	-0.21676178699342058			
GSE14026_TH1_VS_TH17_UP	-0.216764280832173			
DAZARD_RESPONSE_TO_UV_NHEK_DN	-0.2167789785330573			
GO_SKELETAL_MUSCLE_ORGAN_DEVELOPMENT	-0.21678381869390118			
GO_REGULATION_OF_INTERLEUKIN_1_MEDIATED_SIGNALING_PATHWAY	-0.21679970951496078			
MIR584_3P	-0.21680638858412074			
BIOCARTA_INTEGRIN_PATHWAY	-0.21683707566700014			
GO_POSITIVE_REGULATION_OF_ENDOTHELIAL_CELL_CHEMOTAXIS_BY_VEGF_ACTIVATED_VASCULAR_ENDOTHELIAL_GROWTH_FACTOR_RECEPTOR_SIGNALING_PATHWAY	-0.21684573136533064			
GO_PORIN_ACTIVITY	-0.21686740809432234			
TAATAAT_MIR126	-0.21687851512156636			
KYNG_ENVIRONMENTAL_STRESS_RESPONSE_NOT_BY_UV_IN_WS	-0.21687911570073132			
GSE36888_UNTREATED_VS_IL2_TREATED_TCELL_2H_DN	-0.21688546247782967			
BIOCARTA_PKC_PATHWAY	-0.21689512246746212			
GO_PORE_COMPLEX	-0.21693916188771056			
GSE10239_NAIVE_VS_MEMORY_CD8_TCELL_UP	-0.21694353243915418			
MIR4732_3P	-0.21695020163270762			
YOKOE_CANCER_TESTIS_ANTIGENS	-0.21695499419765474			
GO_REGULATION_OF_MESENCHYMAL_STEM_CELL_DIFFERENTIATION	-0.21696241500266625			
GSE13411_NAIVE_BCELL_VS_PLASMA_CELL_DN	-0.21696428559054926			
MIR4307	-0.21696900856179077			
GO_G_QUADRUPLEX_RNA_BINDING	-0.21699106787245162			
GO_POSITIVE_REGULATION_OF_LAMELLIPODIUM_ASSEMBLY	-0.21699825476530998			
PURBEY_TARGETS_OF_CTBP1_AND_SATB1_UP	-0.21700229544766728			
GSE36476_CTRL_VS_TSST_ACT_40H_MEMORY_CD4_TCELL_YOUNG_DN	-0.21700856510496988			
GO_REGULATION_OF_CILIUM_DEPENDENT_CELL_MOTILITY	-0.21701091722346305			
GO_NEGATIVE_REGULATION_OF_FIBROBLAST_PROLIFERATION	-0.21701270214800567			
MIR3162_5P	-0.21703669632284903			
REACTOME_SIGNALING_BY_GPCR	-0.21705284140958422			
GSE17721_CPG_VS_GARDIQUIMOD_0.5H_BMDC_DN	-0.21706974341701862			
GO_CARBOXY_LYASE_ACTIVITY	-0.21708977791716888			
MIR514B_5P	-0.21710230928518326			
GSE1460_DP_THYMOCYTE_VS_NAIVE_CD4_TCELL_CORD_BLOOD_UP	-0.21713797366856458			
MIR6808_3P	-0.21714932694799374			
MANN_RESPONSE_TO_AMIFOSTINE_DN	-0.21715046506230046			
GO_U1_SNRNP_BINDING	-0.2171520715899153			
GO_PARAXIAL_MESODERM_DEVELOPMENT	-0.2171549922565622			
GO_RNA_CATABOLIC_PROCESS	-0.21717097627987647			
GO_SIGNAL_RECOGNITION_PARTICLE	-0.2171730168895588			
REACTOME_RNA_POLYMERASE_II_TRANSCRIPTION	-0.21717878110125183			
chr6p23	-0.2171855491607589			
GO_POSITIVE_REGULATION_OF_GLUTAMATE_SECRETION	-0.2171868972172987			
GO_PRP19_COMPLEX	-0.21720284619936703			
GO_MARGINAL_ZONE_B_CELL_DIFFERENTIATION	-0.2172134261697794			
GO_MITOCHONDRIAL_CRISTA	-0.2172176484745662			
CAGGTCC_MIR492	-0.21722825676671564			
MIR103A_3P_MIR107	-0.21724687311384108			
GO_PHOSPHATE_ION_BINDING	-0.21725594434574266			
GO_CELL_JUNCTION_MAINTENANCE	-0.21726290001377918			
IPA_ASF1A_DN	-0.21729250796686178			
GO_EIF2ALPHA_PHOSPHORYLATION_IN_RESPONSE_TO_ENDOPLASMIC_RETICULUM_STRESS	-0.21731630705206453			
MIR4309	-0.21733433657325435			
GO_CELLULAR_RESPONSE_TO_ESTRADIOL_STIMULUS	-0.21734332267102222			
chr8q21	-0.21736051127404865			
GSE32034_UNTREATED_VS_ROSIGLIZATONE_TREATED_LY6C_HIGH_MONOCYTE_DN	-0.21736797145871156			
GO_HISTONE_H3_K27_TRIMETHYLATION	-0.21738753542301775			
GO_SPINDLE_LOCALIZATION	-0.21739348725305813			
TTTGCAC_MIR19A_MIR19B	-0.2174238870867754			
REACTOME_ARMS_MEDIATED_ACTIVATION	-0.21742751356993434			
IPA_CENPA_UP	-0.21744323599374038			
GSE2706_R848_VS_LPS_8H_STIM_DC_UP	-0.21744615823618274			
MIR548AI_MIR570_5P	-0.2174492660653424			
MIR454_3P	-0.2174547156850102			
GO_GLYCOSIDE_CATABOLIC_PROCESS	-0.2174645155056086			
MIR6507_5P	-0.217510550833387			
GO_PROTEIN_HETERODIMERIZATION_ACTIVITY	-0.21751521511158053			
MIR518E_5P_MIR519A_5P_MIR519B_5P_MIR519C_5P_MIR522_5P_MIR523_5P	-0.2175172849223683			
GO_REGULATION_OF_REGULATED_SECRETORY_PATHWAY	-0.21752083021042148			
MIR5690	-0.21753520565071124			
GO_INNATE_IMMUNE_RESPONSE_ACTIVATING_CELL_SURFACE_RECEPTOR_SIGNALING_PATHWAY	-0.21756230391564885			
GSE40274_CTRL_VS_LEF1_TRANSDUCED_ACTIVATED_CD4_TCELL_DN	-0.21756267341277669			
GSE22033_WT_VS_PPARG_KO_MEF_DN	-0.21758741306784624			
GO_LATERAL_VENTRICLE_DEVELOPMENT	-0.2175976780725073			
LIU_CMYB_TARGETS_DN	-0.21760579161251528			
REACTOME_DNA_REPLICATION	-0.21762413407468378			
GO_REGULATION_OF_CHROMATIN_ASSEMBLY_OR_DISASSEMBLY	-0.21763149577310104			
REACTOME_COBALAMIN_CBL_VITAMIN_B12_TRANSPORT_AND_METABOLISM	-0.2176352525934162			
DANG_MYC_TARGETS_UP	-0.21766104424412602			
GO_REGULATION_OF_HISTONE_UBIQUITINATION	-0.21767094194298708			
REACTOME_REGULATION_OF_EXPRESSION_OF_SLITS_AND_ROBOS	-0.21767839877336426			
GO_POSITIVE_REGULATION_OF_TOLL_LIKE_RECEPTOR_4_SIGNALING_PATHWAY	-0.21768020733410692			
DAZARD_UV_RESPONSE_CLUSTER_G6	-0.2177083843284154			
GSE3720_VD1_VS_VD2_GAMMADELTA_TCELL_WITH_PMA_STIM_DN	-0.2177199498117967			
GO_REGULATION_OF_CHROMATIN_SILENCING	-0.21772621568413703			
GSE22919_RESTING_VS_IL2_IL12_IL15_STIM_NK_CELL_UP	-0.21773020442623878			
MIR503_5P	-0.217798658913429			
ROETH_TERT_TARGETS_UP	-0.21783115324737895			
GO_MITOTIC_RECOMBINATION	-0.21785100595860157			
REACTOME_ASSEMBLY_OF_THE_PRE_REPLICATIVE_COMPLEX	-0.21785384590748288			
MIR190B_5P	-0.2178661948636671			
MIR1245A	-0.21787121711970617			
IPA_KLF9_UP	-0.21787662373899916			
ZHENG_FOXP3_TARGETS_DN	-0.21787808368923345			
MIR376A_3P_MIR376B_3P	-0.21788098048776042			
GO_PURINERGIC_RECEPTOR_ACTIVITY	-0.21788444190179085			
GSE5503_MLN_DC_VS_SPLEEN_DC_ACTIVATED_ALLOGENIC_TCELL_DN	-0.21788741440420362			
GO_PEPTIDE_PROTON_SYMPORTER_ACTIVITY	-0.2178931196852536			
GSE33292_WT_VS_TCF1_KO_DN3_THYMOCYTE_DN	-0.21790011377202317			
UBE2I_TARGET_GENES	-0.2179107943961911			
GO_UNIPLEX_COMPLEX	-0.21793774839868718			
GO_NLS_BEARING_PROTEIN_IMPORT_INTO_NUCLEUS	-0.21794103533123768			
GO_RESPONSE_TO_MAGNESIUM_ION	-0.21796144270590087			
REACTOME_TRANSCRIPTIONAL_REGULATION_BY_RUNX1	-0.21796190839770652			
CHENG_TAF7L_TARGETS	-0.2179639253318495			
LUCAS_HNF4A_TARGETS_DN	-0.21797889263775538			
ELVIDGE_HIF1A_TARGETS_UP	-0.21797976620361875			
REACTOME_LOSS_OF_FUNCTION_OF_MECP2_IN_RETT_SYNDROME	-0.21798642779819338			
MIR513A_3P_MIR513C_3P	-0.21799036187064638			
MIR10399_5P	-0.2179979121376125			
BIOCARTA_NGF_PATHWAY	-0.21799819981490823			
GO_SIGNAL_PEPTIDASE_COMPLEX	-0.21801976205291354			
GO_NEGATIVE_REGULATION_OF_INTERLEUKIN_2_BIOSYNTHETIC_PROCESS	-0.218023568794143			
PR_01	-0.21803655330625826			
GO_MAP_KINASE_SCAFFOLD_ACTIVITY	-0.21804538204289772			
GO_DIADENOSINE_POLYPHOSPHATE_METABOLIC_PROCESS	-0.21807429536196385			
CHOW_RASSF1_TARGETS_UP	-0.21807704756185933			
chr13q12	-0.21810474352260506			
GSE32164_RESTING_DIFFERENTIATED_VS_ALTERNATIVELY_ACT_M2_MACROPHAGE_UP	-0.2181193890418581			
chr15q21	-0.2181240042979181			
GENTILE_RESPONSE_CLUSTER_D3	-0.21813680529206686			
GO_RENAL_SYSTEM_VASCULATURE_MORPHOGENESIS	-0.21817836538214416			
HALLMARK_DNA_REPAIR	-0.2181988393244903			
MARTIN_INTERACT_WITH_HDAC	-0.2182152634216308			
IPA_RBL2_UP	-0.21825525489662415			
GO_POSITIVE_REGULATION_OF_MITOCHONDRIAL_ATP_SYNTHESIS_COUPLED_ELECTRON_TRANSPORT	-0.21827002569875822			
REACTOME_TRANSCRIPTION_COUPLED_NUCLEOTIDE_EXCISION_REPAIR_TC_NER	-0.2182926026391			
BENPORATH_PROLIFERATION	-0.21831931532635943			
IPA_FUS_DN	-0.2183373395881756			
GO_PROTEIN_DIMERIZATION_ACTIVITY	-0.21834137383854813			
REACTOME_CREATION_OF_C4_AND_C2_ACTIVATORS	-0.2183439979231079			
GO_REGULATION_OF_SNARE_COMPLEX_ASSEMBLY	-0.2183456049719233			
GO_REGULATION_OF_MALE_GONAD_DEVELOPMENT	-0.21834906422409078			
GO_NUCLEOTIDASE_ACTIVITY	-0.21838063805911873			
IPA_HAND1_DN	-0.21839726963498568			
GO_SCHWANN_CELL_PROLIFERATION	-0.21840992283946123			
SEMBA_FHIT_TARGETS_DN	-0.21841360918572653			
GO_S_ADENOSYLMETHIONINE_DEPENDENT_METHYLTRANSFERASE_ACTIVITY	-0.2184140783000334			
GO_DNA_REPAIR	-0.21847724126486676			
GO_RETROGRADE_TRANS_SYNAPTIC_SIGNALING_BY_LIPID	-0.2184883406959128			
TCF11_01	-0.21850333102959865			
GO_AXON_ENSHEATHMENT_IN_CENTRAL_NERVOUS_SYSTEM	-0.2185098822996288			
COMP1_01	-0.2185472622658347			
GO_REGULATION_OF_STORE_OPERATED_CALCIUM_ENTRY	-0.21856102242455305			
MIR2113	-0.2185719990241095			
MIR6868_3P	-0.2185849154357604			
GO_CYTOPLASMIC_SIDE_OF_ENDOPLASMIC_RETICULUM_MEMBRANE	-0.2185877839548638			
RBM17_TARGET_GENES	-0.2185917965006294			
MIR6845_5P	-0.21859246338782534			
GO_NEGATIVE_REGULATION_OF_NUCLEAR_DIVISION	-0.2185992503074976			
GO_PHOTORECEPTOR_DISC_MEMBRANE	-0.21860642977209008			
GO_RNA_POLYMERASE_COMPLEX	-0.21860770871440405			
GO_POSITIVE_REGULATION_OF_NEURAL_PRECURSOR_CELL_PROLIFERATION	-0.21861696324835134			
MIR1910_3P	-0.21862956978832876			
BHATI_G2M_ARREST_BY_2METHOXYESTRADIOL_UP	-0.21863621120033436			
GO_MICOS_COMPLEX	-0.21864311977927792			
GO_PROTEIN_LOCALIZATION_TO_ENDOSOME	-0.21865913619776003			
MIR3616_5P	-0.218662380289891			
GO_VASCULAR_SMOOTH_MUSCLE_CELL_DIFFERENTIATION	-0.21867144955995615			
MIR149_5P	-0.21867805589702663			
GO_MALE_GERM_CELL_NUCLEUS	-0.2186974714123601			
ZHAN_MULTIPLE_MYELOMA_SUBGROUPS	-0.2187050095241085			
MIR4289	-0.2187079831651182			
GO_PARALLEL_ACTIN_FILAMENT_BUNDLE_ASSEMBLY	-0.21872159253162188			
GSE22611_NOD2_TRANSDUCED_VS_CTRL_HEK293T_STIMULATED_WITH_MDP_2H_DN	-0.2187252215765055			
GO_IMP_METABOLIC_PROCESS	-0.21873499083098424			
GSE14908_ATOPIC_VS_NONATOPIC_PATIENT_RESTING_CD4_TCELL_DN	-0.21874330212034737			
GO_REGULATION_OF_CYCLASE_ACTIVITY	-0.21874359159854195			
MIR4696	-0.2187701324094406			
MARSON_BOUND_BY_E2F4_UNSTIMULATED	-0.21878700619649083			
GO_HOST_CELLULAR_COMPONENT	-0.21881386348823242			
GO_REGULATION_OF_LAMELLIPODIUM_ASSEMBLY	-0.21881694833875714			
MIR504_5P	-0.2188265752027994			
GO_REGULATION_OF_AEROBIC_RESPIRATION	-0.2188313287145287			
MIR770_5P	-0.2188328944272302			
GO_FIBROBLAST_APOPTOTIC_PROCESS	-0.21884215899379772			
MIR3928_5P	-0.2188681973244368			
GO_PROTEIN_DEMANNOSYLATION	-0.21887378185743406			
IPA_TFAP2C_DN	-0.21888291265140591			
IPA_GATA3_UP	-0.2188935595328554			
GO_DNA_TEMPLATED_TRANSCRIPTION_TERMINATION	-0.21890075678586532			
REACTOME_NOTCH4_ACTIVATION_AND_TRANSMISSION_OF_SIGNAL_TO_THE_NUCLEUS	-0.21891073613802567			
MIR4278	-0.21891314800343137			
GO_MITOCHONDRIAL_GENOME_MAINTENANCE	-0.21891486612112696			
GO_PIGMENT_ACCUMULATION	-0.2189192831139932			
MIR1281	-0.2189214015509805			
GSE14415_TCONV_VS_FOXP3_KO_INDUCED_TREG_UP	-0.21892197482912829			
GSE41176_UNSTIM_VS_ANTI_IGM_STIM_BCELL_24H_DN	-0.21894253548311657			
GO_METHYLGLYOXAL_METABOLIC_PROCESS	-0.21896984458149507			
GO_DNA_TEMPLATED_TRANSCRIPTION_ELONGATION	-0.21897463762587807			
FISCHER_G1_S_CELL_CYCLE	-0.21898214595604146			
MIR4511	-0.21898826477732403			
GO_UBIQUITIN_LIGASE_COMPLEX	-0.2190035972398345			
REACTOME_FANCONI_ANEMIA_PATHWAY	-0.21901122972447856			
MIR191_5P	-0.21902829201681803			
PID_HEDGEHOG_GLI_PATHWAY	-0.21903362065254942			
chr22q13	-0.21906990427488804			
KAYO_AGING_MUSCLE_UP	-0.21909684587806377			
GO_RESPONSE_TO_NUTRIENT	-0.21910166513998033			
GO_POSITIVE_REGULATION_OF_P38MAPK_CASCADE	-0.21910168639350222			
MIR570_3P	-0.21911653780546733			
GSE17974_1.5H_VS_72H_IL4_AND_ANTI_IL12_ACT_CD4_TCELL_DN	-0.21916801297491684			
GO_PEPTIDASE_COMPLEX	-0.21918217062280876			
GO_POSITIVE_REGULATION_OF_ODONTOGENESIS	-0.2191893285184962			
STAT_Q6	-0.21919772156554526			
GO_COMMON_MYELOID_PROGENITOR_CELL_PROLIFERATION	-0.21920324658628854			
ZNF169_TARGET_GENES	-0.21923155433925018			
GSE10239_NAIVE_VS_MEMORY_CD8_TCELL_DN	-0.21923357425290807			
GO_ANGIOTENSIN_RECEPTOR_BINDING	-0.2192561030700631			
IPA_RNF2_UP	-0.21925782722429343			
GO_OLIGOSACCHARYL_TRANSFERASE_ACTIVITY	-0.21926354774996143			
chr9p12	-0.21926659432435347			
BROWNE_HCMV_INFECTION_4HR_DN	-0.2192676700754213			
GO_SERINE_TYPE_CARBOXYPEPTIDASE_ACTIVITY	-0.21929776729579906			
GO_U1_SNRNP	-0.21930643532646268			
GO_ADP_TRANSMEMBRANE_TRANSPORTER_ACTIVITY	-0.21932900902489907			
GO_ADP_TRANSPORT	-0.21932900902489907			
GO_KINASE_ACTIVITY	-0.21934305841508922			
MIR550B_3P	-0.2193610040952712			
GSE15659_CD45RA_NEG_CD4_TCELL_VS_ACTIVATED_TREG_DN	-0.2194096841527513			
GO_DETERMINATION_OF_PANCREATIC_LEFT_RIGHT_ASYMMETRY	-0.2194126980230091			
MIR4681	-0.21942848912720578			
GO_RESPONSE_TO_POTASSIUM_ION	-0.21944931667809484			
TFDP2_TARGET_GENES	-0.21947656806719343			
GO_STRUCTURAL_MOLECULE_ACTIVITY	-0.21948304125961154			
GO_ARGININE_TRANSPORT	-0.21949122727660292			
GO_NEGATIVE_REGULATION_OF_NEURON_DIFFERENTIATION	-0.21949170960478853			
GO_POSITIVE_REGULATION_OF_GUANYLATE_CYCLASE_ACTIVITY	-0.21949913488129946			
ASTON_MAJOR_DEPRESSIVE_DISORDER_DN	-0.21950447577390517			
GO_RENAL_SODIUM_ION_TRANSPORT	-0.21951492703693284			
MIR548AG	-0.21951694357783413			
MIR140_3P	-0.219521380738614			
chr1p35	-0.21952290993150214			
GO_NEGATIVE_REGULATION_OF_NEUROTRANSMITTER_UPTAKE	-0.21952425796256356			
GO_PYRIDINE_CONTAINING_COMPOUND_CATABOLIC_PROCESS	-0.2195273300724712			
KAAB_FAILED_HEART_ATRIUM_UP	-0.2195313201117379			
GO_SECONDARY_HEART_FIELD_SPECIFICATION	-0.21953404080383052			
GO_REGULATION_OF_CELL_COMMUNICATION_BY_ELECTRICAL_COUPLING_INVOLVED_IN_CARDIAC_CONDUCTION	-0.21954169389878012			
IPA_PSAP_UP	-0.21956097124749072			
MIR632	-0.21956249293591576			
GO_3_UTR_MEDIATED_MRNA_DESTABILIZATION	-0.2195705685373135			
MIR4471	-0.21958578471775245			
MIR4470	-0.21959961772734193			
MIR8060	-0.2196074683422093			
MIR4796_3P	-0.21961220205766316			
HASLINGER_B_CLL_WITH_MUTATED_VH_GENES	-0.2196180263815834			
MIR4485_5P	-0.21962191043823498			
REACTOME_DNA_REPLICATION_PRE_INITIATION	-0.21962402868335298			
GO_EXOCRINE_PANCREAS_DEVELOPMENT	-0.21962456245658668			
MIR424_5P	-0.21964219111177538			
REACTOME_NEF_MEDIATED_CD4_DOWN_REGULATION	-0.2196506835019508			
GO_BLASTOCYST_GROWTH	-0.21965511145236938			
GSE13306_TREG_VS_TCONV_DN	-0.2196560620593806			
MIR888_5P	-0.21965964146276157			
MIR889_3P	-0.21966298681025304			
GATA1_03	-0.21967171959146753			
IPA_GFI1_UP	-0.21969123178117628			
WONG_PROTEASOME_GENE_MODULE	-0.21969654271371888			
REACTOME_SIGNALING_BY_NTRKS	-0.2197044007448483			
IPA_RXRB_DN	-0.2197361358715714			
ZNF85_TARGET_GENES	-0.21973905405561153			
GSE40274_FOXP3_VS_FOXP3_AND_SATB1_TRANSDUCED_ACTIVATED_CD4_TCELL_UP	-0.21974209146391316			
GSE3720_VD1_VS_VD2_GAMMADELTA_TCELL_DN	-0.2197476610862017			
ATM_TARGET_GENES	-0.2197676630545744			
GO_CYTOPLASMIC_EXOSOME_RNASE_COMPLEX	-0.21976887890817778			
CTTTGA_LEF1_Q2	-0.21977969453656787			
RAY_TUMORIGENESIS_BY_ERBB2_CDC25A_UP	-0.21978445535263508			
GO_SMALL_SUBUNIT_PROCESSOME	-0.21979148757053285			
GO_PROTEIN_N_LINKED_GLYCOSYLATION	-0.21979366687906743			
GO_REGULATION_OF_PROTEIN_TARGETING_TO_MITOCHONDRION	-0.2197961686438968			
chr13q32	-0.21980034186249003			
MIR1180_5P	-0.21981309316491873			
REACTOME_PI3K_AKT_SIGNALING_IN_CANCER	-0.2198167658519628			
GO_POSITIVE_REGULATION_OF_SYNAPTIC_PLASTICITY	-0.21982545161323985			
MIR3973	-0.21984186437542527			
WHITFIELD_CELL_CYCLE_LITERATURE	-0.21984895058543577			
BIOCARTA_MCALPAIN_PATHWAY	-0.21985956987315664			
GO_RNA_POLYMERASE_ACTIVITY	-0.219860580534137			
IPA_SUV39H2_UP	-0.2198899995802155			
GO_EXECUTION_PHASE_OF_APOPTOSIS	-0.21991159080719322			
MIR12115	-0.21992224774830152			
IPA_TFAM_DN	-0.2199313336960426			
GSE411_UNSTIM_VS_400MIN_IL6_STIM_MACROPHAGE_DN	-0.21993785219067802			
MIR8052	-0.21994305088685026			
MIR3606_3P	-0.2199549248094188			
MIR15B_5P	-0.2199557832532035			
MYLLYKANGAS_AMPLIFICATION_HOT_SPOT_29	-0.2199563562981787			
GO_NUCLEAR_UBIQUITIN_LIGASE_COMPLEX	-0.2199727098780177			
GO_NEGATIVE_REGULATION_OF_HISTONE_ACETYLATION	-0.2199915829870881			
GO_REGULATION_OF_PROTEIN_HETERODIMERIZATION_ACTIVITY	-0.22001157616572264			
MIR412_5P	-0.22002556065884982			
GO_FOLIC_ACID_TRANSPORT	-0.22003217996700256			
REACTOME_UPTAKE_AND_FUNCTION_OF_ANTHRAX_TOXINS	-0.22005891383755694			
GSE5542_UNTREATED_VS_IFNG_TREATED_EPITHELIAL_CELLS_24H_DN	-0.2200670332977488			
GSE339_CD4POS_VS_CD8POS_DC_DN	-0.22007297652311042			
GSE17721_0.5H_VS_8H_PAM3CSK4_BMDC_DN	-0.22009182282581105			
GSE22886_NEUTROPHIL_VS_DC_UP	-0.22010451630570133			
GSE17721_POLYIC_VS_GARDIQUIMOD_6H_BMDC_DN	-0.2201263074094172			
GSE19888_CTRL_VS_T_CELL_MEMBRANES_ACT_MAST_CELL_UP	-0.220144581185748			
GSE3982_BCELL_VS_BASOPHIL_UP	-0.2201659393341293			
GSE8921_UNSTIM_VS_TLR1_2_STIM_MONOCYTE_24H_DN	-0.22016937555079472			
GSE28737_WT_VS_BCL6_HET_FOLLICULAR_BCELL_UP	-0.22017197019685036			
MIR1287_3P	-0.2201945270226546			
MIR6760_5P	-0.22020610919601222			
MIR9986	-0.2202098334705882			
GO_ACTIN_FILAMENT_BINDING	-0.22021115872156322			
GO_REGULATION_OF_EXIT_FROM_MITOSIS	-0.22021412805740637			
GO_FILOPODIUM_MEMBRANE	-0.22021642094267282			
GO_NUCLEAR_ENVELOPE_ORGANIZATION	-0.22022639449113093			
MIR655_3P	-0.22023173189100204			
GSE28726_NAIVE_CD4_TCELL_VS_NAIVE_VA24NEG_NKTCELL_DN	-0.22023944680596388			
MIR1293	-0.2202410138944493			
MIR19B_1_5P_MIR19B_2_5P	-0.22024488518232918			
chr21q21	-0.22027487587951283			
MIR513C_5P	-0.22029591437073426			
GO_TRANSPORT_VESICLE_MEMBRANE	-0.220330909340116			
GO_REGULATION_OF_MITOCHONDRIAL_ATP_SYNTHESIS_COUPLED_ELECTRON_TRANSPORT	-0.22033478651065028			
GO_HETEROCHROMATIN_ORGANIZATION	-0.22037336654370918			
MIR6847_3P	-0.22037791778396315			
GO_MAINTENANCE_OF_PROTEIN_LOCALIZATION_IN_ORGANELLE	-0.22037814269052222			
AACTTT_UNKNOWN	-0.22039171680558833			
REACTOME_CTLA4_INHIBITORY_SIGNALING	-0.22039272015841954			
EHRLICH_ICF_SYNDROM_DN	-0.22040790453346965			
GSE36888_UNTREATED_VS_IL2_TREATED_TCELL_6H_DN	-0.22041449689659473			
GO_MCM_COMPLEX	-0.22042487518821022			
BIOCARTA_CDC25_PATHWAY	-0.22043546989367024			
TONKS_TARGETS_OF_RUNX1_RUNX1T1_FUSION_SUSTAINED_IN_MONOCYTE_DN	-0.2204364394561376			
MIR6774_5P	-0.2204492909852069			
GSE21063_CTRL_VS_ANTI_IGM_STIM_BCELL_NFATC1_KO_3H_DN	-0.2204577723690526			
MIR15A_5P	-0.22045966715983328			
GO_RESPONSE_TO_HEAT	-0.22049495479097642			
GO_REGULATION_OF_HIGH_DENSITY_LIPOPROTEIN_PARTICLE_CLEARANCE	-0.22049601188744486			
chr18q12	-0.22050534746411501			
GO_REGULATION_OF_OOCYTE_MATURATION	-0.22052177021692476			
GO_NEGATIVE_REGULATION_OF_PROTEIN_SUMOYLATION	-0.22053674298485562			
GO_NEGATIVE_REGULATION_OF_PROTEIN_TARGETING_TO_MEMBRANE	-0.22054837275198927			
ER_Q6	-0.22055665400945376			
REACTOME_APC_C_CDH1_MEDIATED_DEGRADATION_OF_CDC20_AND_OTHER_APC_C_CDH1_TARGETED_PROTEINS_IN_LATE_MITOSIS_EARLY_G1	-0.22056198482296258			
GO_CELLULAR_GLUCURONIDATION	-0.22057008661199878			
MIR548T_5P	-0.2205805238533459			
TURJANSKI_MAPK11_TARGETS	-0.22059132957577507			
GSE17721_PAM3CSK4_VS_GADIQUIMOD_0.5H_BMDC_DN	-0.22059525253411544			
GO_NEGATIVE_REGULATION_OF_HYPOXIA_INDUCED_INTRINSIC_APOPTOTIC_SIGNALING_PATHWAY	-0.22060892980559466			
MIR1587	-0.22061120598305348			
LASTOWSKA_NEUROBLASTOMA_COPY_NUMBER_UP	-0.22062791858494182			
chr20p11	-0.2206672020034844			
GSE12366_GC_BCELL_VS_PLASMA_CELL_DN	-0.22067450734018032			
CONRAD_GERMLINE_STEM_CELL	-0.22068137881169217			
PTF1BETA_Q6	-0.22070283316564104			
OUELLET_CULTURED_OVARIAN_CANCER_INVASIVE_VS_LMP_DN	-0.22074651598649853			
GSE10147_IL3_VS_IL3_AND_CPG_STIM_PDC_DN	-0.22075668916694627			
GO_TRANS_SYNAPTIC_SIGNALING_MODULATING_SYNAPTIC_TRANSMISSION	-0.22076052291629814			
IPA_HOXA1_DN	-0.22076865710097096			
GSE37534_PIOGLITAZONE_VS_ROSIGLITAZONE_TREATED_CD4_TCELL_PPARG1_FOXP3_TRANSDUCED_UP	-0.22076929633761452			
MIR3125	-0.22078756063376498			
GO_METANEPHRIC_PART_OF_URETERIC_BUD_DEVELOPMENT	-0.22079242492663412			
MIR562	-0.22081275324266242			
MIR548AZ_5P	-0.22081981974175954			
REACTOME_HEDGEHOG_ON_STATE	-0.2208503093659005			
WEBER_METHYLATED_HCP_IN_SPERM_DN	-0.22085791801809937			
HOXA9_DN.V1_DN	-0.22086437200655473			
GSE35543_IN_VITRO_ITREG_VS_CONVERTED_EX_ITREG_UP	-0.2208829382604603			
GO_DIACYLGLYCEROL_METABOLIC_PROCESS	-0.2208852406310967			
GO_PROTEIN_DOMAIN_SPECIFIC_BINDING	-0.22090265202230241			
GO_CERAMIDE_BINDING	-0.22090458108721897			
GO_REGULATION_OF_MONOOXYGENASE_ACTIVITY	-0.22091142334629263			
MEISSNER_BRAIN_ICP_WITH_H3K4ME3	-0.22092480033356168			
GO_POLYSOMAL_RIBOSOME	-0.22093742577909015			
MIR526B_5P	-0.22093803368611617			
GSE9509_10MIN_VS_30MIN_LPS_STIM_IL10_KO_MACROPHAGE_DN	-0.2209394234755452			
GSE34156_NOD2_LIGAND_VS_NOD2_AND_TLR1_TLR2_LIGAND_6H_TREATED_MONOCYTE_UP	-0.2209396607540437			
MIR130B_3P	-0.2209616433278975			
REACTOME_NUCLEOTIDE_EXCISION_REPAIR	-0.2209684005274751			
LI_CISPLATIN_RESISTANCE_UP	-0.22097131495765165			
MIR146A_5P	-0.2209769867057722			
GO_RIBONUCLEOSIDE_TRIPHOSPHATE_METABOLIC_PROCESS	-0.22102918982345326			
GO_EPIBOLY	-0.22106592351504314			
GSE29614_CTRL_VS_DAY7_TIV_FLU_VACCINE_PBMC_DN	-0.22106593975710664			
MIR6076	-0.22106699257960225			
GO_REGULATION_OF_AUTOPHAGY	-0.22109759284415037			
REACTOME_REGULATION_OF_GLUCOKINASE_BY_GLUCOKINASE_REGULATORY_PROTEIN	-0.22110003880993961			
IPA_CHD7_UP	-0.22110236088310042			
MIR6761_5P	-0.221102818744298			
GO_MEIOSIS_II_CELL_CYCLE_PROCESS	-0.2211174553634683			
IPA_NFE2_DN	-0.22112879385648496			
GO_APOPTOTIC_DNA_FRAGMENTATION	-0.22113840742995722			
GO_HEART_INDUCTION	-0.22115107960964264			
GO_ESTABLISHMENT_OF_RNA_LOCALIZATION	-0.2211515824442707			
REACTOME_PHENYLALANINE_AND_TYROSINE_METABOLISM	-0.22117858522990114			
FUJII_YBX1_TARGETS_DN	-0.22118118760030958			
GO_NUCLEOSIDE_BISPHOSPHATE_CATABOLIC_PROCESS	-0.22118243674912302			
MIR4472	-0.221185563880567			
GO_PEPTIDYLTRANSFERASE_ACTIVITY	-0.22120327790769573			
GO_CORTICOSTEROID_HORMONE_SECRETION	-0.22121869200482164			
MIR6806_3P	-0.22122574432418385			
MIR552_3P	-0.221225942541297			
MIR3923	-0.22123705196138146			
GSE18791_CTRL_VS_NEWCASTLE_VIRUS_DC_2H_UP	-0.2212381295933972			
REACTOME_SIGNALING_BY_RHO_GTPASES	-0.22126075500689577			
BIOCARTA_G2_PATHWAY	-0.2212773937782709			
GO_HEMOGLOBIN_BINDING	-0.2212935170710262			
ATGTACA_MIR493	-0.22131583565787155			
LOPEZ_MESOTHELIOMA_SURVIVAL_DN	-0.2213325350473743			
GSE36476_CTRL_VS_TSST_ACT_72H_MEMORY_CD4_TCELL_YOUNG_DN	-0.22136570932166402			
REACTOME_SHC_MEDIATED_CASCADE_FGFR1	-0.22136641976127638			
GSE26488_CTRL_VS_PEPTIDE_INJECTION_OT2_THYMOCYTE_UP	-0.22137079165492027			
GO_COBALT_ION_TRANSPORT	-0.22138013977590718			
BIOCARTA_CREM_PATHWAY	-0.22139234301326938			
GO_NON_MEMBRANE_SPANNING_PROTEIN_TYROSINE_PHOSPHATASE_ACTIVITY	-0.2213943184224336			
GO_RESPONSE_TO_HYPEROXIA	-0.2214149858154821			
RAMPON_ENRICHED_LEARNING_ENVIRONMENT_EARLY_UP	-0.22143643578831618			
MIR558	-0.22145835830907565			
GO_POSITIVE_REGULATION_OF_ACTIN_FILAMENT_DEPOLYMERIZATION	-0.22145975973208928			
NAKAMURA_CANCER_MICROENVIRONMENT_DN	-0.22148185877555016			
IPA_CREB3L1_UP	-0.22148278090692053			
MIR374A_3P	-0.22149508014899863			
MIR7855_5P	-0.22150537009273996			
chr1q31	-0.22150793722914602			
REACTOME_DEPOSITION_OF_NEW_CENPA_CONTAINING_NUCLEOSOMES_AT_THE_CENTROMERE	-0.22150992986124718			
PAF1_TARGET_GENES	-0.22153178489760358			
SCHLOSSER_MYC_TARGETS_AND_SERUM_RESPONSE_UP	-0.2215457209212155			
REACTOME_MRNA_DECAY_BY_3_TO_5_EXORIBONUCLEASE	-0.22154621997030033			
WAKABAYASHI_ADIPOGENESIS_PPARG_BOUND_36HR	-0.22155027773448863			
GO_POSITIVE_REGULATION_OF_RESPONSE_TO_DNA_DAMAGE_STIMULUS	-0.22156763402720372			
REACTOME_UB_SPECIFIC_PROCESSING_PROTEASES	-0.22160643167371938			
IIZUKA_LIVER_CANCER_PROGRESSION_G1_G2_UP	-0.22161037170072403			
GSE45365_WT_VS_IFNAR_KO_BCELL_MCMV_INFECTION_DN	-0.22162382087351679			
REACTOME_ANTIVIRAL_MECHANISM_BY_IFN_STIMULATED_GENES	-0.22162619353541804			
GO_REGULATION_OF_CLATHRIN_DEPENDENT_ENDOCYTOSIS	-0.22163040604533873			
WEST_ADRENOCORTICAL_TUMOR_UP	-0.22163622866757215			
GO_PEPTIDOGLYCAN_BINDING	-0.22163728027964258			
GARGALOVIC_RESPONSE_TO_OXIDIZED_PHOSPHOLIPIDS_LIGHTGREEN_DN	-0.22165013574997733			
MIR6824_3P	-0.22165200272222899			
HOLLEMAN_DAUNORUBICIN_B_ALL_UP	-0.2216611264062408			
GSE3039_CD4_TCELL_VS_ALPHABETA_CD8_TCELL_DN	-0.22166257886127744			
GO_DIACYLGLYCEROL_KINASE_ACTIVITY	-0.22169034215995914			
chr22q11	-0.22169972631599488			
REACTOME_NF_KB_IS_ACTIVATED_AND_SIGNALS_SURVIVAL	-0.22170412097500597			
GO_BLOOD_COAGULATION_INTRINSIC_PATHWAY	-0.22171395003103767			
GO_CARBOHYDRATE_CATION_SYMPORTER_ACTIVITY	-0.22171458136928968			
MIR12131	-0.22172887755233872			
GO_STEROID_HORMONE_RECEPTOR_BINDING	-0.2217510080935911			
HALLMARK_MYC_TARGETS_V1	-0.22175302363462532			
CBX7_TARGET_GENES	-0.22176683313745796			
GO_TRNA_METHYLATION	-0.22177738107643594			
GO_NUCLEAR_EXOSOME_RNASE_COMPLEX	-0.2218017498258262			
GO_GLYCOLIPID_BIOSYNTHETIC_PROCESS	-0.2218083334455995			
GO_INDUCTION_OF_BACTERIAL_AGGLUTINATION	-0.2218103507001551			
REACTOME_INSULIN_RECEPTOR_SIGNALLING_CASCADE	-0.22182877498065848			
GSE5503_MLN_DC_VS_PLN_DC_ACTIVATED_ALLOGENIC_TCELL_DN	-0.22183381912775302			
BIOCARTA_FAS_PATHWAY	-0.22189183175482544			
GO_POSITIVE_REGULATION_OF_ENDOTHELIAL_CELL_CHEMOTAXIS	-0.2218924337507234			
GSE15930_NAIVE_VS_72H_IN_VITRO_STIM_TRICHOSTATINA_CD8_TCELL_DN	-0.22189955343287984			
GO_REGULATION_OF_ENDOTHELIAL_CELL_DEVELOPMENT	-0.2219029976282065			
REACTOME_CDC6_ASSOCIATION_WITH_THE_ORC_ORIGIN_COMPLEX	-0.22191006696089616			
GO_RNA_STEM_LOOP_BINDING	-0.2219119685450777			
GO_POSITIVE_REGULATION_OF_EXTRACELLULAR_MATRIX_ASSEMBLY	-0.22193923491833417			
REACTOME_GAP_JUNCTION_ASSEMBLY	-0.2219397909263565			
GSE44649_NAIVE_VS_ACTIVATED_CD8_TCELL_UP	-0.22195005024472297			
GO_PROTEIN_LOCALIZATION_TO_MEMBRANE_RAFT	-0.2219578966826982			
GO_PROTEIN_LOCALIZATION_TO_KINETOCHORE	-0.2219656235452315			
REACTOME_RUNX2_REGULATES_CHONDROCYTE_MATURATION	-0.2219688794595041			
GSE13522_CTRL_VS_T_CRUZI_Y_STRAIN_INF_SKIN_129_MOUSE_DN	-0.22198415990665754			
GSE24574_BCL6_HIGH_TFH_VS_NAIVE_CD4_TCELL_UP	-0.2220070463377329			
ZHOU_CELL_CYCLE_GENES_IN_IR_RESPONSE_24HR	-0.22201228686144805			
STAMBOLSKY_TARGETS_OF_MUTATED_TP53_UP	-0.22204389920557466			
GSE16522_MEMORY_VS_NAIVE_ANTI_CD3CD28_STIM_CD8_TCELL_DN	-0.22206055550793227			
GSE18148_CBFB_KO_VS_WT_TREG_DN	-0.22207905654311422			
GO_MAINTENANCE_OF_SISTER_CHROMATID_COHESION	-0.22208598890205147			
GO_CILIARY_BASE	-0.2220928256870799			
MIR130A_3P	-0.222098305042132			
MIR6828_3P	-0.2221049322547811			
GO_REGULATION_OF_NODAL_SIGNALING_PATHWAY	-0.22211191564100033			
GO_CELLULAR_HYPEROSMOTIC_RESPONSE	-0.22212065300658768			
GO_TELOMERE_MAINTENANCE_IN_RESPONSE_TO_DNA_DAMAGE	-0.22212212204141774			
TSHZ1_TARGET_GENES	-0.2221224352325712			
MIR4253	-0.2221818363930661			
GSE5589_WT_VS_IL10_KO_LPS_AND_IL10_STIM_MACROPHAGE_180MIN_UP	-0.22218893557954			
MIR515_5P	-0.22219092153915648			
GO_REGULATION_OF_ESTABLISHMENT_OR_MAINTENANCE_OF_CELL_POLARITY	-0.22219268935292127			
GO_NEGATIVE_REGULATION_BY_HOST_OF_VIRAL_GENOME_REPLICATION	-0.22219278814727106			
GO_TRNA_SPLICING_LIGASE_COMPLEX	-0.22220677362964372			
KEGG_CYSTEINE_AND_METHIONINE_METABOLISM	-0.22221619639953233			
MIR4265	-0.22221691812739952			
GO_CATALYTIC_ACTIVITY_ACTING_ON_RNA	-0.22221706741889796			
GSE22935_UNSTIM_VS_24H_MBOVIS_BCG_STIM_MYD88_KO_MACROPHAGE_DN	-0.22222944135240766			
GO_REGULATION_OF_ATPASE_ACTIVITY	-0.22222969115919142			
GSE26495_NAIVE_VS_PD1HIGH_CD8_TCELL_UP	-0.22223049142650106			
GSE18791_UNSTIM_VS_NEWCATSLE_VIRUS_DC_18H_UP	-0.2222306748064093			
GO_SINGLE_STRANDED_DNA_3_5_EXODEOXYRIBONUCLEASE_ACTIVITY	-0.22223251030037286			
MIKKELSEN_IPS_ICP_WITH_H3K4ME3_AND_H327ME3	-0.2222327393470391			
MIR210_5P	-0.2222388544754606			
GSE8621_UNSTIM_VS_LPS_STIM_MACROPHAGE_UP	-0.22225385499479494			
NAKAYAMA_SOFT_TISSUE_TUMORS_PCA2_UP	-0.22226062444045253			
ZNF490_TARGET_GENES	-0.22227958696620911			
VANTVEER_BREAST_CANCER_POOR_PROGNOSIS	-0.22228394670045595			
GO_IKAPPAB_KINASE_COMPLEX	-0.2222918602465649			
TERAO_AOX4_TARGETS_SKIN_DN	-0.22230261732219514			
EHRLICH_ICF_SYNDROM_UP	-0.22231068561442915			
GO_UBIQUITIN_LIKE_PROTEIN_LIGASE_ACTIVITY	-0.2223234502394094			
GO_N_ACETYLTRANSFERASE_ACTIVITY	-0.22232353094447566			
APPIERTO_RESPONSE_TO_FENRETINIDE_DN	-0.22232720236878017			
GSE17721_CTRL_VS_LPS_4H_BMDC_UP	-0.22235955805181512			
KONG_E2F1_TARGETS	-0.22235979136016568			
GO_CELLULAR_RESPONSE_TO_DNA_DAMAGE_STIMULUS	-0.22236501969687386			
REACTOME_SCAVENGING_BY_CLASS_B_RECEPTORS	-0.22236693537771568			
GO_POLYADENYLATION_DEPENDENT_SNORNA_3_END_PROCESSING	-0.22238787810775326			
GSE23568_ID3_KO_VS_WT_CD8_TCELL_UP	-0.22239108241360958			
IPA_RCOR1_DN	-0.2224015590997387			
MIR3180_5P	-0.2224134836042182			
GO_REGULATION_OF_SKELETAL_MUSCLE_ACETYLCHOLINE_GATED_CHANNEL_CLUSTERING	-0.22241563989921365			
GO_ASTROCYTE_ACTIVATION	-0.22242017503771971			
GSE15750_DAY6_VS_DAY10_EFF_CD8_TCELL_UP	-0.22243565409988653			
GO_POSITIVE_REGULATION_OF_CELL_PROJECTION_ORGANIZATION	-0.22243764444362868			
GO_IMIDAZOLE_CONTAINING_COMPOUND_CATABOLIC_PROCESS	-0.22246528807941923			
REACTOME_HISTIDINE_CATABOLISM	-0.22246528807941923			
GO_NEGATIVE_REGULATION_OF_FIBROBLAST_GROWTH_FACTOR_RECEPTOR_SIGNALING_PATHWAY	-0.22247894260060153			
GO_PROTEIN_KINASE_A_SIGNALING	-0.2224817444863608			
GO_GLUCOSAMINE_CONTAINING_COMPOUND_CATABOLIC_PROCESS	-0.22248615629212676			
GSE3982_EFF_MEMORY_CD4_TCELL_VS_TH1_UP	-0.22249206045209577			
GO_PROTEIN_O_LINKED_GLYCOSYLATION_VIA_THREONINE	-0.22251256073773726			
SQSTM1_TARGET_GENES	-0.22251731686111803			
GSE33513_TCF7_KO_VS_HET_EARLY_THYMIC_PROGENITOR_DN	-0.222523524868298			
GO_SPERM_PLASMA_MEMBRANE	-0.22254876945530783			
MIR627_3P	-0.22256233874243686			
GO_NADH_METABOLIC_PROCESS	-0.22258886942095502			
GSE27786_CD8_TCELL_VS_NEUTROPHIL_UP	-0.22260742829331592			
GSE27786_NKTCELL_VS_NEUTROPHIL_UP	-0.2226087111131639			
GSE17186_BLOOD_VS_CORD_BLOOD_CD21LOW_TRANSITIONAL_BCELL_DN	-0.22261130294308853			
REACTOME_BETA_CATENIN_INDEPENDENT_WNT_SIGNALING	-0.22261974711421767			
BILD_CTNNB1_ONCOGENIC_SIGNATURE	-0.22267449295541764			
GO_RNA_POLYMERASE_II_CORE_COMPLEX	-0.22268532259403212			
EVI1_05	-0.22268727882082434			
CONRAD_STEM_CELL	-0.22270292689566729			
IPA_MTA1_DN	-0.22271687714395796			
MIR6866_5P	-0.22272645215443532			
chr4q35	-0.22274588181193336			
GO_REGULATION_OF_PH	-0.22274747020652383			
REACTOME_SUMOYLATION_OF_DNA_DAMAGE_RESPONSE_AND_REPAIR_PROTEINS	-0.2227668825309821			
POS_RESPONSE_TO_HISTAMINE_UP	-0.2227671556951577			
MIR597_3P	-0.22278285124514435			
IPA_NFIC_DN	-0.22278404171980878			
IPA_NFIB_DN	-0.22278404171980878			
ISHIDA_E2F_TARGETS	-0.22279746865383734			
GO_MODIFICATION_OF_POSTSYNAPTIC_ACTIN_CYTOSKELETON	-0.2228134607554651			
GO_N_ACYLPHOSPHATIDYLETHANOLAMINE_METABOLIC_PROCESS	-0.2228181077253366			
REACTOME_MRNA_EDITING	-0.22282678208474152			
GO_RIBOSOMAL_SMALL_SUBUNIT_ASSEMBLY	-0.22282899715903867			
REACTOME_DNA_DOUBLE_STRAND_BREAK_REPAIR	-0.2228310404365776			
GO_FERTILIZATION	-0.22284690121602108			
ZNF138_TARGET_GENES	-0.22285004693915994			
GSE2405_HEAT_KILLED_LYSATE_VS_LIVE_A_PHAGOCYTOPHILUM_STIM_NEUTROPHIL_9H_UP	-0.22285329707469104			
TACGGGT_MIR99A_MIR100_MIR99B	-0.2228678989429282			
GO_INTRINSIC_COMPONENT_OF_ORGANELLE_MEMBRANE	-0.22287205560306111			
MIR4735_3P	-0.22287270913098975			
GO_LEUCINE_ZIPPER_DOMAIN_BINDING	-0.22288833909111802			
HAMAI_APOPTOSIS_VIA_TRAIL_UP	-0.22289440199653096			
GO_PROTEIN_MODIFICATION_BY_SMALL_PROTEIN_CONJUGATION_OR_REMOVAL	-0.2229059272009288			
GO_MITOCHONDRIAL_PROTEIN_CATABOLIC_PROCESS	-0.22291440488386022			
TRAYNOR_RETT_SYNDROM_DN	-0.2229175078587753			
GSE360_L_MAJOR_VS_B_MALAYI_HIGH_DOSE_DC_DN	-0.22292507036676798			
MIR6823_5P	-0.2229396170762185			
GO_CLATHRIN_COAT	-0.22294383631802644			
GO_POSITIVE_REGULATION_OF_CALCIUM_ION_TRANSMEMBRANE_TRANSPORT	-0.22294576601323934			
GSE17721_CTRL_VS_CPG_0.5H_BMDC_UP	-0.22295466378039414			
GO_DOPAMINE_NEUROTRANSMITTER_RECEPTOR_ACTIVITY_COUPLED_VIA_GI_GO	-0.22297031445007498			
GO_NUCLEIC_ACID_PHOSPHODIESTER_BOND_HYDROLYSIS	-0.22297860759937163			
MIR19A_5P	-0.22298761038203327			
REACTOME_UPTAKE_AND_ACTIONS_OF_BACTERIAL_TOXINS	-0.2229876697155427			
GO_PEROXISOME_TARGETING_SEQUENCE_BINDING	-0.22301669902241486			
CHEOK_RESPONSE_TO_MERCAPTOPURINE_UP	-0.2230209754587518			
GO_SORTING_ENDOSOME	-0.22303193933144297			
GO_GERM_CELL_NUCLEUS	-0.22305067719329402			
GO_RESPONSE_TO_INTERFERON_ALPHA	-0.22305357418822178			
GO_HYPOTONIC_RESPONSE	-0.22306185270887405			
MIR6891_3P	-0.22306388647504077			
GO_EXTRINSIC_COMPONENT_OF_POSTSYNAPTIC_MEMBRANE	-0.22306638499419415			
chr15q11	-0.22308287784828842			
CACTTTG_MIR520G_MIR520H	-0.22309324913562667			
REACTOME_ADVANCED_GLYCOSYLATION_ENDPRODUCT_RECEPTOR_SIGNALING	-0.22311510739241544			
DAVICIONI_TARGETS_OF_PAX_FOXO1_FUSIONS_DN	-0.22312671580326765			
REACTOME_INTERLEUKIN_36_PATHWAY	-0.22314449353368812			
CAFFAREL_RESPONSE_TO_THC_24HR_3_UP	-0.2231476587657534			
MIR1294	-0.22315633186602124			
GSE3982_EOSINOPHIL_VS_BCELL_DN	-0.22316373222537353			
GO_PURINERGIC_RECEPTOR_SIGNALING_PATHWAY	-0.22318247109273134			
REACTOME_AUF1_HNRNP_D0_BINDS_AND_DESTABILIZES_MRNA	-0.22319013577749308			
GO_NEGATIVE_REGULATION_OF_COLD_INDUCED_THERMOGENESIS	-0.2232007851805484			
MIR497_5P	-0.22320339760912936			
GO_ACYLGLYCEROL_HOMEOSTASIS	-0.22323556915177514			
GSE27786_CD4_TCELL_VS_NKCELL_UP	-0.22323604244675618			
GO_PURINE_DEOXYRIBONUCLEOTIDE_CATABOLIC_PROCESS	-0.22324109214885338			
MIR4324	-0.22324736941512816			
IPA_PEG3_UP	-0.22325538566891878			
IPA_POU2AF1_DN	-0.22326816024850327			
GO_NERVOUS_SYSTEM_PROCESS	-0.2232690473982725			
GO_ATPASE_ACTIVITY	-0.22327408295179965			
GO_CYCLIN_DEPENDENT_PROTEIN_SERINE_THREONINE_KINASE_ACTIVATOR_ACTIVITY	-0.22328433551781024			
GO_MATURATION_OF_5_8S_RRNA	-0.22328628649556392			
GSE6674_ANTI_IGM_VS_ANTI_IGM_AND_CPG_STIM_BCELL_DN	-0.22328690300694706			
REACTOME_ASSEMBLY_OF_THE_ORC_COMPLEX_AT_THE_ORIGIN_OF_REPLICATION	-0.2233079233387357			
GO_NEGATIVE_REGULATION_OF_MUSCLE_HYPERTROPHY	-0.22331402356309726			
GSE11961_MEMORY_BCELL_DAY40_VS_GERMINAL_CENTER_BCELL_DAY40_DN	-0.22331646845281952			
GO_PROTEIN_TRANSPORT_INTO_MEMBRANE_RAFT	-0.22333920918152175			
MIR4690_5P	-0.2233407697030135			
GO_POSITIVE_REGULATION_OF_NEUROTRANSMITTER_SECRETION	-0.22334086660135527			
REACTOME_ONCOGENE_INDUCED_SENESCENCE	-0.2233479500332397			
GO_GOLGI_MEMBRANE	-0.22335243336632274			
GO_NEGATIVE_REGULATION_OF_HORMONE_METABOLIC_PROCESS	-0.22335502987262162			
REACTOME_FRS_MEDIATED_FGFR3_SIGNALING	-0.22335601292377427			
GO_POSITIVE_REGULATION_OF_CGMP_MEDIATED_SIGNALING	-0.22335609619692842			
CHICAS_RB1_TARGETS_LOW_SERUM	-0.22335952741729695			
GO_NEGATIVE_REGULATION_OF_CELL_ADHESION_MEDIATED_BY_INTEGRIN	-0.2233618602818694			
GSE15330_HSC_VS_LYMPHOID_PRIMED_MULTIPOTENT_PROGENITOR_IKAROS_KO_DN	-0.223365422442777			
ZIRN_TRETINOIN_RESPONSE_DN	-0.22336643255188826			
MIR1229_3P	-0.22337003356090723			
MIR2276_5P	-0.22337566641464005			
GO_RESPONSE_TO_FOLIC_ACID	-0.22339639004210204			
REACTOME_REGULATED_PROTEOLYSIS_OF_P75NTR	-0.22340092064286546			
GO_COMMITMENT_COMPLEX	-0.22340547504353825			
chr3q11	-0.22342371219548174			
TGTTTAC_MIR30A5P_MIR30C_MIR30D_MIR30B_MIR30E5P	-0.2234477309517848			
MIR5089_5P	-0.22344940702044588			
GO_DEOXYRIBONUCLEOTIDE_METABOLIC_PROCESS	-0.22348670443336646			
LET_7A_2_3P	-0.22348680985590066			
LET_7G_3P	-0.22348680985590066			
GSE18281_CORTEX_VS_MEDULLA_THYMUS_UP	-0.22349630481848468			
GO_CELLULAR_RESPONSE_TO_ALCOHOL	-0.2235024985059372			
PETROVA_ENDOTHELIUM_LYMPHATIC_VS_BLOOD_UP	-0.2235230925686956			
GO_POSITIVE_REGULATION_OF_UBIQUITIN_PROTEIN_TRANSFERASE_ACTIVITY	-0.2235379178283532			
MIR493_5P	-0.22355040786299568			
IPA_ARID1B_UP	-0.22356317861466277			
GSE5142_HTERT_TRANSDUCED_VS_CTRL_CD8_TCELL_LATE_PASSAGE_CLONE_UP	-0.22358516183870292			
GSE15330_HSC_VS_GRANULOCYTE_MONOCYTE_PROGENITOR_UP	-0.22359906965654708			
GO_NEUROBLAST_DIVISION	-0.22361386770955993			
MIR301B_3P	-0.22363545437945442			
GO_DEOXYRIBONUCLEOSIDE_TRIPHOSPHATE_CATABOLIC_PROCESS	-0.2236440302923951			
REACTOME_OAS_ANTIVIRAL_RESPONSE	-0.2236514083176216			
GO_DYNEIN_COMPLEX_BINDING	-0.22365164616835956			
GSE17186_NAIVE_VS_CD21HIGH_TRANSITIONAL_BCELL_DN	-0.2236524820282303			
GO_DOPAMINE_METABOLIC_PROCESS	-0.22365640943804646			
MIR490_5P	-0.22368346192741886			
GO_TRNA_BINDING	-0.22369108607138874			
MIR301A_3P	-0.22370774319068099			
MANALO_HYPOXIA_DN	-0.22371385965984203			
GO_GTP_BIOSYNTHETIC_PROCESS	-0.22372853068712642			
GO_BLOC_1_COMPLEX	-0.22374845341741512			
GO_POSITIVE_REGULATION_OF_NEURON_APOPTOTIC_PROCESS	-0.22374890643047157			
GO_DOPAMINE_RECEPTOR_SIGNALING_PATHWAY	-0.22375772597706464			
GSE21380_TFH_VS_GERMINAL_CENTER_TFH_CD4_TCELL_DN	-0.22376028154714753			
GO_MICROTUBULE_ORGANIZING_CENTER_ATTACHMENT_SITE	-0.2237627199996091			
BAFNA_MUC4_TARGETS_UP	-0.2237770784417443			
GSE41176_UNSTIM_VS_ANTI_IGM_STIM_BCELL_24H_UP	-0.22377760559125903			
GO_MANGANESE_ION_TRANSPORT	-0.2237788971169656			
GSE27859_DC_VS_CD11C_INT_F480_INT_DC_DN	-0.2237914551181318			
GO_TELOMERE_CAP_COMPLEX	-0.22379395720792666			
GO_POSITIVE_REGULATION_OF_EPITHELIAL_CELL_DIFFERENTIATION_INVOLVED_IN_KIDNEY_DEVELOPMENT	-0.22379953201985847			
GO_SYNAPTONEMAL_COMPLEX_ORGANIZATION	-0.22380115030347283			
GO_REGULATION_OF_VITAMIN_D_RECEPTOR_SIGNALING_PATHWAY	-0.2238045461389269			
GO_VESTIBULOCOCHLEAR_NERVE_DEVELOPMENT	-0.2238096747444711			
MIR5585_5P	-0.223820623674766			
IPA_NCOA3_DN	-0.223829621638759			
GO_SYNAPTIC_VESICLE_BUDDING	-0.22386059387947105			
MIR3666	-0.22386106884107965			
ODONNELL_METASTASIS_UP	-0.22387822549679273			
chr6q24	-0.2238966511206983			
GSE37301_LYMPHOID_PRIMED_MPP_VS_CD4_TCELL_UP	-0.2239004327893105			
MIR3683	-0.2239270281116143			
BANDRES_RESPONSE_TO_CARMUSTIN_MGMT_24HR_DN	-0.22392927231734958			
GO_MELANOCORTIN_RECEPTOR_ACTIVITY	-0.22395670985972496			
NIKOLSKY_BREAST_CANCER_7P15_AMPLICON	-0.22395771672639572			
REACTOME_SCAVENGING_OF_HEME_FROM_PLASMA	-0.2239849722310473			
GSE36888_UNTREATED_VS_IL2_TREATED_STAT5_AB_KNOCKIN_TCELL_17H_DN	-0.22398966079298926			
GO_3_5_CYCLIC_AMP_PHOSPHODIESTERASE_ACTIVITY	-0.22398999512747855			
GO_DEOXYRIBONUCLEOSIDE_TRIPHOSPHATE_METABOLIC_PROCESS	-0.2239944985323688			
GSE7460_CD8_TCELL_VS_TREG_ACT_DN	-0.2240080604065406			
GO_REGULATION_OF_BRANCHING_INVOLVED_IN_SALIVARY_GLAND_MORPHOGENESIS	-0.2240160846446567			
GO_UBIQUITINATION_LIKE_MODIFICATION_DEPENDENT_PROTEIN_BINDING	-0.22401904446111534			
GO_NEGATIVE_REGULATION_OF_DNA_DEPENDENT_DNA_REPLICATION	-0.2240193375893873			
GO_BARR_BODY	-0.2240221962363784			
GO_PHOSPHATIDYLINOSITOL_4_5_BISPHOSPHATE_PHOSPHATASE_ACTIVITY	-0.22402318634580784			
MIR889_5P	-0.22402876562266075			
IPA_PRDM5_UP	-0.22404483186874297			
GO_RRNA_3_END_PROCESSING	-0.22405788684100136			
GO_N_ACYLTRANSFERASE_ACTIVITY	-0.22407548675814165			
FINETTI_BREAST_CANCER_KINOME_RED	-0.22408734289486854			
GO_NEGATIVE_REGULATION_OF_NATURAL_KILLER_CELL_ACTIVATION	-0.22409269340873567			
MIR221_5P	-0.22409414699428054			
GO_TRANSMISSION_OF_NERVE_IMPULSE	-0.22410040152448274			
GSE4142_PLASMA_CELL_VS_GC_BCELL_DN	-0.22410526475979506			
REACTOME_SHC_MEDIATED_CASCADE_FGFR3	-0.22410865916081701			
GSE339_CD8POS_VS_CD4CD8DN_DC_IN_CULTURE_DN	-0.22411144842530273			
IPA_ATF4_UP	-0.2241235548215102			
GO_RESPONSE_TO_MUSCLE_STRETCH	-0.22412411583509903			
IPA_DDB2_DN	-0.2241464705245778			
HANSON_HRAS_SIGNALING_VIA_NFKB	-0.2241531187826386			
MIR6742_3P	-0.22415866882096755			
KYNG_DNA_DAMAGE_BY_GAMMA_RADIATION	-0.224163820266802			
GSE3982_NEUTROPHIL_VS_TH2_DN	-0.2241672567008916			
GO_REPRODUCTION	-0.22419747218530275			
chr9p24	-0.22421108310325913			
CASORELLI_ACUTE_PROMYELOCYTIC_LEUKEMIA_DN	-0.22421401488994405			
GO_CIS_TRANS_ISOMERASE_ACTIVITY	-0.22422053721559118			
GSE14000_4H_VS_16H_LPS_DC_TRANSLATED_RNA_DN	-0.22422477512555017			
IPA_KLF11_DN	-0.22423376450014126			
GO_OUTER_MITOCHONDRIAL_MEMBRANE_ORGANIZATION	-0.2242602314314222			
GSE1112_OT1_CD8AB_VS_HY_CD8AA_THYMOCYTE_RTOC_CULTURE_DN	-0.22426292112237123			
IPA_CDK9_DN	-0.2242727740909566			
GO_MEIOTIC_CELL_CYCLE_CHECKPOINT	-0.2242836451053746			
MIR3714	-0.22432052719533774			
GO_PHOSPHORIC_ESTER_HYDROLASE_ACTIVITY	-0.22432610917648485			
MIR10395_5P	-0.22432788065420425			
GO_POSITIVE_REGULATION_OF_STEROID_METABOLIC_PROCESS	-0.2243309071933911			
GO_COA_TRANSFERASE_ACTIVITY	-0.2243498921819831			
MIR4756_3P	-0.2243536177522886			
GSE11864_CSF1_VS_CSF1_IFNG_IN_MAC_UP	-0.2243562197588265			
GO_CELL_CELL_RECOGNITION	-0.22436024301852625			
WILLIAMS_ESR2_TARGETS_UP	-0.22438022773275584			
GO_VENTRICULAR_SYSTEM_DEVELOPMENT	-0.22438433561935964			
TAKAO_RESPONSE_TO_UVB_RADIATION_DN	-0.22439074632344885			
GO_1_PHOSPHATIDYLINOSITOL_4_PHOSPHATE_5_KINASE_ACTIVITY	-0.2244144798160849			
REACTOME_AMINO_ACID_CONJUGATION	-0.22442229773938738			
AAGTCCA_MIR422B_MIR422A	-0.2244319079647812			
REACTOME_TRANSCRIPTION_OF_THE_HIV_GENOME	-0.2244906916084614			
GO_RESPONSE_TO_MERCURY_ION	-0.2244968421689181			
GO_MEIOTIC_SISTER_CHROMATID_COHESION_CENTROMERIC	-0.2245022961522697			
GO_PROTOPORPHYRINOGEN_IX_METABOLIC_PROCESS	-0.22452213662631162			
MIR4728_3P	-0.22452967767428575			
GSE37301_HEMATOPOIETIC_STEM_CELL_VS_RAG2_KO_NK_CELL_UP	-0.22453696710091245			
GO_NODAL_SIGNALING_PATHWAY	-0.22456436433834465			
GO_ESTABLISHMENT_OF_PLANAR_POLARITY_OF_EMBRYONIC_EPITHELIUM	-0.2245663977128171			
GINESTIER_BREAST_CANCER_ZNF217_AMPLIFIED_UP	-0.22457587376273605			
MIKKELSEN_ES_LCP_WITH_H3K27ME3	-0.22459382579815454			
GO_POLYAMINE_TRANSPORT	-0.22460567269726908			
GO_RIBOSOMAL_LARGE_SUBUNIT_BINDING	-0.2246076441690586			
WEBER_METHYLATED_LCP_IN_FIBROBLAST_UP	-0.22461354355260424			
GSE27786_LSK_VS_LIN_NEG_CELL_DN	-0.2246140387198181			
MIR4322	-0.2246259486167813			
GO_CYTOPLASM_ORGANIZATION	-0.22463282822424543			
GO_MACROPHAGE_COLONY_STIMULATING_FACTOR_PRODUCTION	-0.2246351870917531			
GATA1_04	-0.22464416423247222			
GO_REGULATION_OF_CELLULAR_RESPIRATION	-0.2246500545897972			
GSE17721_0.5H_VS_8H_LPS_BMDC_UP	-0.22471905885812757			
FOXR2_TARGET_GENES	-0.22472226725580208			
MIR4520_3P	-0.22473372402965844			
GTGCCAA_MIR96	-0.2247438047649546			
GO_X_CHROMOSOME	-0.22475041394271938			
GSE34156_NOD2_LIGAND_VS_NOD2_AND_TLR1_TLR2_LIGAND_24H_TREATED_MONOCYTE_DN	-0.2247666398674832			
BIOCARTA_P27_PATHWAY	-0.2247786545419448			
GO_REGULATION_OF_MEMBRANE_REPOLARIZATION	-0.22478333191194208			
MIR4251	-0.22479639867613987			
MIR4795_5P	-0.2247991928978967			
GO_INTEGRIN_BIOSYNTHETIC_PROCESS	-0.22480548234192493			
GSE2770_UNTREATED_VS_IL12_TREATED_ACT_CD4_TCELL_48H_DN	-0.2248274745816271			
MIR646	-0.22483106203986336			
GO_REGULATION_OF_THE_FORCE_OF_HEART_CONTRACTION	-0.2248337118000579			
GO_SPERM_MIDPIECE	-0.22484041956353618			
IPA_VAV1_DN	-0.2248545435209562			
GO_KINETOCHORE_ASSEMBLY	-0.22485647184559457			
REACTOME_NUCLEOBASE_CATABOLISM	-0.22485914631578194			
GSE21670_STAT3_KO_VS_WT_CD4_TCELL_TGFB_TREATED_UP	-0.22487068449656986			
GO_PURINE_DEOXYRIBONUCLEOTIDE_METABOLIC_PROCESS	-0.22487079743569297			
GO_HISTONE_EXCHANGE	-0.22487213565441036			
GO_CHORIONIC_TROPHOBLAST_CELL_DIFFERENTIATION	-0.22487868042082615			
GSE14415_ACT_VS_CTRL_NATURAL_TREG_UP	-0.2248862538867027			
GO_POSITIVE_REGULATION_OF_CYTOLYSIS	-0.22490251446998877			
REACTOME_APC_C_MEDIATED_DEGRADATION_OF_CELL_CYCLE_PROTEINS	-0.2249068869182554			
GO_REGULATION_OF_HORMONE_BIOSYNTHETIC_PROCESS	-0.22491763010245222			
REACTOME_GAMMA_CARBOXYLATION_HYPUSINE_FORMATION_AND_ARYLSULFATASE_ACTIVATION	-0.22492982286597188			
GO_SNORNA_BINDING	-0.2249319542913012			
MIR6740_5P	-0.22493650747822502			
CHAUHAN_RESPONSE_TO_METHOXYESTRADIOL_UP	-0.22495359046167407			
MIR660_5P	-0.22495433083426958			
REACTOME_ACTIVATION_OF_THE_MRNA_UPON_BINDING_OF_THE_CAP_BINDING_COMPLEX_AND_EIFS_AND_SUBSEQUENT_BINDING_TO_43S	-0.22496823248899409			
GO_CLEAVAGE_INVOLVED_IN_RRNA_PROCESSING	-0.22497446256825354			
LMO2COM_02	-0.22497583010916186			
GO_PHOSPHATE_ION_TRANSMEMBRANE_TRANSPORT	-0.2249937149083774			
GO_AP_3_ADAPTOR_COMPLEX	-0.22500447067215007			
REACTOME_CREB3_FACTORS_ACTIVATE_GENES	-0.2250066054856565			
MIR6715A_3P	-0.22501661678201468			
GO_POSITIVE_REGULATION_OF_CELLULAR_BIOSYNTHETIC_PROCESS	-0.22501678826946972			
GO_U6_SNRNA_BINDING	-0.22502142877504844			
GSE45365_HEALTHY_VS_MCMV_INFECTION_BCELL_IFNAR_KO_UP	-0.22502567146344896			
GO_NEGATIVE_REGULATION_OF_ATPASE_ACTIVITY	-0.22504156373580175			
MIR6767_3P	-0.22505369334558592			
MIR2115_5P	-0.22507001120387174			
GO_PROTEIN_TYROSINE_KINASE_ACTIVITY	-0.2250870556945178			
chr18q23	-0.22510072517398835			
LU_TUMOR_VASCULATURE_DN	-0.22510743098942945			
IPA_TCF7_DN	-0.22511967160861318			
GO_HOMOCYSTEINE_METABOLIC_PROCESS	-0.22513612922888165			
MIR19A_3P	-0.2251377081665523			
IPA_ATF5_UP	-0.22513977655774625			
PID_TCR_RAS_PATHWAY	-0.22515579890265336			
GO_CHIASMA_ASSEMBLY	-0.22518941187450392			
THEODOROU_MAMMARY_TUMORIGENESIS	-0.22521267443024823			
MIR615_5P	-0.2252259198892894			
REACTOME_E2F_MEDIATED_REGULATION_OF_DNA_REPLICATION	-0.22523092055896002			
GO_PROTEIN_MODIFICATION_BY_SMALL_PROTEIN_CONJUGATION	-0.22523376745454712			
MIR329_5P	-0.2252349685251518			
MIR10A_5P_MIR10B_5P	-0.22524463523840815			
MIR3145_5P	-0.22524762146617824			
CHIBA_RESPONSE_TO_TSA_UP	-0.22525004228121007			
GSE22886_NAIVE_CD8_TCELL_VS_NKCELL_UP	-0.22525954946965568			
TACTTGA_MIR26A_MIR26B	-0.22530584217407884			
REACTOME_NONHOMOLOGOUS_END_JOINING_NHEJ	-0.2253077700724245			
SOTIRIOU_BREAST_CANCER_GRADE_1_VS_3_UP	-0.22531087050103443			
MIR548O_3P	-0.2253121996765402			
GO_CELLULAR_RESPONSE_TO_PROSTAGLANDIN_STIMULUS	-0.22531632762243423			
CEBP_Q2_01	-0.22531878455734788			
GO_LATE_ENDOSOME_TO_VACUOLE_TRANSPORT_VIA_MULTIVESICULAR_BODY_SORTING_PATHWAY	-0.2253391322991305			
GO_L_TYPE_VOLTAGE_GATED_CALCIUM_CHANNEL_COMPLEX	-0.2253392841964921			
GSE29617_CTRL_VS_DAY7_TIV_FLU_VACCINE_PBMC_2008_DN	-0.22534119587807888			
GO_RNA_STABILIZATION	-0.22535085827842893			
MIR605_3P	-0.22535655252826509			
GSE17721_0.5H_VS_12H_GARDIQUIMOD_BMDC_DN	-0.22535704329898185			
GO_REGULATION_OF_SISTER_CHROMATID_SEGREGATION	-0.22537451793102387			
GO_POSITIVE_REGULATION_OF_GLOMERULAR_MESANGIAL_CELL_PROLIFERATION	-0.22538457682228547			
GO_FOLIC_ACID_BINDING	-0.22540093396619684			
MATZUK_POSTIMPLANTATION_AND_POSTPARTUM	-0.22543003244406676			
CHANDRAN_METASTASIS_UP	-0.22543245483079383			
NOUSHMEHR_GBM_SILENCED_BY_METHYLATION	-0.22544440050789682			
GO_NEUTRAL_AMINO_ACID_TRANSPORT	-0.22545333397649464			
GO_SMALL_RIBOSOMAL_SUBUNIT_RRNA_BINDING	-0.22546525191015537			
MCBRYAN_PUBERTAL_BREAST_6_7WK_UP	-0.22547632203508466			
FOX_Q2	-0.22547754228560984			
MULLIGHAN_NPM1_MUTATED_SIGNATURE_1_DN	-0.225477704758647			
GSE27786_BCELL_VS_CD4_TCELL_UP	-0.2254792697268141			
BIOCARTA_PYK2_PATHWAY	-0.2254820241662495			
chr20p12	-0.22548297440204565			
GSE25088_WT_VS_STAT6_KO_MACROPHAGE_IL4_STIM_DN	-0.22549642266476483			
LY_AGING_OLD_DN	-0.2254973645900187			
GOBERT_OLIGODENDROCYTE_DIFFERENTIATION_UP	-0.2255373030247074			
GO_CARDIAC_CELL_FATE_COMMITMENT	-0.22554604439597528			
GSE15930_NAIVE_VS_72H_IN_VITRO_STIM_CD8_TCELL_UP	-0.2255485252918358			
GSE1740_MCSF_VS_MCSF_AND_IFNG_DAY2_DERIVED_MACROPHAGE_WITH_IFNA_STIM_UP	-0.22554988596146652			
MIR1267	-0.22555303493206594			
GO_REGULATION_OF_ION_TRANSMEMBRANE_TRANSPORT	-0.22555736148047706			
IPA_E2F6_DN	-0.22556989105263814			
REACTOME_GLYCOGEN_METABOLISM	-0.22557437891206783			
MIR330_5P	-0.22559146149317386			
GO_SPERM_CAPACITATION	-0.22559634371699624			
GO_POSITIVE_REGULATION_OF_RECEPTOR_RECYCLING	-0.22560722917735113			
MCM5_TARGET_GENES	-0.22561111908764542			
KORKOLA_TERATOMA_UP	-0.22561878983577707			
LIU_IL13_MEMORY_MODEL_UP	-0.22563207644243594			
BIOCARTA_G1_PATHWAY	-0.22563763769167774			
GO_I_KAPPAB_PHOSPHORYLATION	-0.22564876595203673			
MIR3972	-0.22565827930578192			
GO_NEGATIVE_REGULATION_OF_EPITHELIAL_CELL_PROLIFERATION_INVOLVED_IN_PROSTATE_GLAND_DEVELOPMENT	-0.2256670269729625			
GO_PRONEPHROS_DEVELOPMENT	-0.22566916615952776			
GO_NEGATIVE_REGULATION_OF_ERYTHROCYTE_DIFFERENTIATION	-0.22567038692948366			
MIR4773	-0.22569337654165084			
REACTOME_FORMATION_OF_TC_NER_PRE_INCISION_COMPLEX	-0.22569495824806496			
MIR5089_3P	-0.22570292016753915			
GO_NEGATIVE_REGULATION_OF_LYMPHOCYTE_DIFFERENTIATION	-0.22570293338700134			
GO_MULTIVESICULAR_BODY_MEMBRANE	-0.2257226188947076			
GO_CELLULAR_RESPONSE_TO_ORGANIC_CYCLIC_COMPOUND	-0.22573646996432264			
GO_1_4_ALPHA_OLIGOGLUCAN_PHOSPHORYLASE_ACTIVITY	-0.22574155685254368			
GO_DE_NOVO_IMP_BIOSYNTHETIC_PROCESS	-0.22574627836843078			
GO_NEGATIVE_REGULATION_OF_CELLULAR_CATABOLIC_PROCESS	-0.22574722527969152			
IPA_KLF13_DN	-0.22576324144292842			
GO_REGULATION_OF_MITOTIC_CENTROSOME_SEPARATION	-0.22576934091661746			
GO_COLLAGEN_TYPE_IV_TRIMER	-0.2257716744586204			
REACTOME_TRANSFERRIN_ENDOCYTOSIS_AND_RECYCLING	-0.2257771012834167			
GO_SULFUR_AMINO_ACID_TRANSMEMBRANE_TRANSPORTER_ACTIVITY	-0.22579137271358546			
GO_SPINDLE_MIDZONE_ASSEMBLY	-0.22580080883202677			
GO_REGULATION_OF_MITOTIC_CELL_CYCLE	-0.22581541228550464			
FOURNIER_ACINAR_DEVELOPMENT_LATE_DN	-0.2258326001399965			
MIKKELSEN_IPS_LCP_WITH_H3K4ME3	-0.22584653581583078			
MIR5000_5P	-0.22585911411548312			
GO_PRIMARY_ALCOHOL_BIOSYNTHETIC_PROCESS	-0.22585914323927003			
GSE2706_LPS_VS_R848_AND_LPS_2H_STIM_DC_UP	-0.22586037387109498			
GO_MESODERM_DEVELOPMENT	-0.22586283658572856			
GO_DEOXYRIBONUCLEOSIDE_DIPHOSPHATE_METABOLIC_PROCESS	-0.22588851931901013			
REACTOME_M_PHASE	-0.22589852139850977			
GO_INTRINSIC_APOPTOTIC_SIGNALING_PATHWAY_IN_RESPONSE_TO_ENDOPLASMIC_RETICULUM_STRESS	-0.22590028827495978			
TCCGTCC_MIR184	-0.22591431489250272			
MIR4656	-0.22592357055760556			
SU_LIVER	-0.2259308696900147			
GO_POSITIVE_REGULATION_OF_CELL_SIZE	-0.22593312003206686			
MIR615_3P	-0.22593372639918974			
GO_PURINE_NUCLEOBASE_TRANSMEMBRANE_TRANSPORTER_ACTIVITY	-0.2259361567061195			
MIR8088	-0.2259390157667453			
REACTOME_THE_PHOTOTRANSDUCTION_CASCADE	-0.22594167694265913			
GO_REGULATION_OF_SENSORY_PERCEPTION	-0.22594802770753558			
REACTOME_PHASE_2_PLATEAU_PHASE	-0.22595044699754885			
BIOCARTA_AKAP95_PATHWAY	-0.22596996151886684			
GO_U6_SNRNP	-0.22598630994180222			
GARGALOVIC_RESPONSE_TO_OXIDIZED_PHOSPHOLIPIDS_RED_DN	-0.22600082353258807			
AHRARNT_01	-0.22601004455698745			
MIR6783_3P	-0.22601193310050552			
MIR543	-0.22601613235223098			
WU_SILENCED_BY_METHYLATION_IN_BLADDER_CANCER	-0.22604086832826467			
GO_CENTROSOME_DUPLICATION	-0.22604943960640142			
FOXD3_01	-0.2260524002795694			
GO_CELL_CYCLE_ARREST	-0.2260539700022112			
MIR376C_3P	-0.22607163684271117			
GSE17721_POLYIC_VS_PAM3CSK4_12H_BMDC_DN	-0.2260837284744713			
GSE24634_NAIVE_CD4_TCELL_VS_DAY5_IL4_CONV_TREG_DN	-0.22609063344320038			
chr8p23	-0.2260938251500578			
GSE11884_WT_VS_FURIN_KO_NAIVE_CD4_TCELL_DN	-0.22609701873023985			
REACTOME_PROTEIN_REPAIR	-0.22611019013791242			
GO_THORAX_AND_ANTERIOR_ABDOMEN_DETERMINATION	-0.2261216136242822			
ADNP_TARGET_GENES	-0.2261347052240803			
chr21q22	-0.22613685563247693			
REACTOME_ZINC_EFFLUX_AND_COMPARTMENTALIZATION_BY_THE_SLC30_FAMILY	-0.22614231602388485			
GO_INTRACELLULAR_LIGAND_GATED_ION_CHANNEL_ACTIVITY	-0.22618550900165232			
GO_LATERAL_MESODERM_DEVELOPMENT	-0.22618561956660266			
GO_MAGNESIUM_DEPENDENT_PROTEIN_SERINE_THREONINE_PHOSPHATASE_ACTIVITY	-0.22619136592734795			
WANG_TARGETS_OF_MLL_CBP_FUSION_DN	-0.226192429127603			
MIR410_3P	-0.22619594183818076			
chr13q31	-0.2262078822185449			
GO_NEGATIVE_REGULATION_OF_MHC_CLASS_II_BIOSYNTHETIC_PROCESS	-0.22621444006173666			
IPA_FEV_UP	-0.22621709825920705			
GO_ACTIN_FILAMENT_NETWORK_FORMATION	-0.22621750566021442			
GSE34515_CD16_NEG_VS_POS_MONOCYTE_UP	-0.22623271353638777			
YYCATTCAWW_UNKNOWN	-0.22624409299476597			
MIR935	-0.22624793439298801			
GO_GLUCOSYLCERAMIDE_METABOLIC_PROCESS	-0.226249576211323			
GSE29614_CTRL_VS_TIV_FLU_VACCINE_PBMC_2007_DN	-0.2262620120491386			
MIR19B_3P	-0.2262768713092659			
GO_MONOCYTE_AGGREGATION	-0.22628645587723267			
REACTOME_CALCITONIN_LIKE_LIGAND_RECEPTORS	-0.22630376570626018			
GO_MODIFIED_AMINO_ACID_TRANSMEMBRANE_TRANSPORTER_ACTIVITY	-0.22631139992878152			
GO_STRESS_INDUCED_PREMATURE_SENESCENCE	-0.22631630112606685			
MODY_HIPPOCAMPUS_POSTNATAL	-0.22633112761679997			
MIR6086	-0.22633611679290933			
GO_SCF_UBIQUITIN_LIGASE_COMPLEX	-0.2263367102334761			
GO_PHENOL_CONTAINING_COMPOUND_METABOLIC_PROCESS	-0.22633804588799186			
KEGG_RNA_DEGRADATION	-0.22634186722389826			
MIR6824_5P	-0.2263474145317649			
REACTOME_ORC1_REMOVAL_FROM_CHROMATIN	-0.22635877040001906			
GO_RESPONSE_TO_PROSTAGLANDIN	-0.22635943215853563			
chr2p25	-0.22636504071171212			
GSE40274_CTRL_VS_FOXP3_AND_XBP1_TRANSDUCED_ACTIVATED_CD4_TCELL_UP	-0.22636979768047147			
GO_PYRUVATE_TRANSMEMBRANE_TRANSPORTER_ACTIVITY	-0.2263698314632547			
GO_PYRUVATE_TRANSMEMBRANE_TRANSPORT	-0.2263698314632547			
REACTOME_FORMATION_OF_INCISION_COMPLEX_IN_GG_NER	-0.22637234741817294			
GO_PURINE_NUCLEOSIDE_DIPHOSPHATE_BIOSYNTHETIC_PROCESS	-0.22637493435403647			
MAGRANGEAS_MULTIPLE_MYELOMA_IGLL_VS_IGLK_DN	-0.2263795122037888			
GO_CRANIAL_SKELETAL_SYSTEM_DEVELOPMENT	-0.22638536680041366			
MIR6833_3P	-0.2263909772140516			
MIR4528	-0.22640003490370025			
MIR136_3P	-0.22640217654378372			
GO_PROTEIN_LOCALIZATION_TO_NUCLEOLUS	-0.22640230231952024			
GO_REGULATION_OF_CELLULAR_RESPONSE_TO_INSULIN_STIMULUS	-0.22640327946254857			
JOHNSTONE_PARVB_TARGETS_3_DN	-0.22640708492795666			
SCIAN_CELL_CYCLE_TARGETS_OF_TP53_AND_TP73_DN	-0.22642321515583644			
GSE17974_CTRL_VS_ACT_IL4_AND_ANTI_IL12_48H_CD4_TCELL_DN	-0.2264282614210373			
MIR148A_5P	-0.22644330591737963			
GSE7852_LN_VS_THYMUS_TCONV_DN	-0.2264521682496244			
chr1p21	-0.22646180138596683			
GSE11961_PLASMA_CELL_DAY7_VS_GERMINAL_CENTER_BCELL_DAY40_UP	-0.22646293295690437			
GO_BETA_GLUCOSIDASE_ACTIVITY	-0.22646574529868768			
GO_REGULATION_OF_CELLULAR_AMINE_METABOLIC_PROCESS	-0.22649709827735964			
GO_CIS_GOLGI_NETWORK	-0.22650567359483312			
REACTOME_NEF_MEDIATES_DOWN_MODULATION_OF_CELL_SURFACE_RECEPTORS_BY_RECRUITING_THEM_TO_CLATHRIN_ADAPTERS	-0.22650977787070267			
KAUFFMANN_MELANOMA_RELAPSE_UP	-0.22651817771372953			
REACTOME_PI_3K_CASCADE_FGFR4	-0.22651970403911323			
GSE557_WT_VS_I_AB_KO_DC_DN	-0.2265346271493327			
IPA_NOTCH2_UP	-0.22653946138268535			
RGTTAMWNATT_HNF1_01	-0.226548797094445			
MIR182_5P	-0.2265725971246571			
GO_REGULATION_OF_CARDIAC_MUSCLE_CELL_ACTION_POTENTIAL_INVOLVED_IN_REGULATION_OF_CONTRACTION	-0.2265743387359242			
IPA_HIST1H1T_DN	-0.2265767474255132			
MIR4647_MIR4662B	-0.22657863449987525			
IPA_HEY1_DN	-0.2265841416289344			
GO_U2_TYPE_CATALYTIC_STEP_2_SPLICEOSOME	-0.22658607311105866			
NIKOLSKY_MUTATED_AND_AMPLIFIED_IN_BREAST_CANCER	-0.22660887411998368			
MIR624_3P	-0.2266107293992372			
GO_REGULATION_OF_COHESIN_LOADING	-0.22662712795382434			
GO_DNA_DIRECTED_DNA_POLYMERASE_ACTIVITY	-0.2266296389957266			
WEBER_METHYLATED_HCP_IN_FIBROBLAST_UP	-0.22663884257987152			
GO_REGULATION_OF_CELL_PROJECTION_ORGANIZATION	-0.22668308123023678			
OUELLET_OVARIAN_CANCER_INVASIVE_VS_LMP_DN	-0.22668905525561484			
SILIGAN_BOUND_BY_EWS_FLT1_FUSION	-0.22671481121828435			
GO_RELAXATION_OF_SMOOTH_MUSCLE	-0.22671866184831568			
MIR188_3P	-0.22675928631633802			
MIR5100	-0.2267869572969385			
GO_ORGAN_OR_TISSUE_SPECIFIC_IMMUNE_RESPONSE	-0.22679937667860675			
GSE11924_TFH_VS_TH17_CD4_TCELL_UP	-0.22681148777398435			
MIR181C_3P	-0.22681308855628074			
chr1q23	-0.2268140362981101			
GO_VENTRICULAR_CARDIAC_MUSCLE_CELL_DIFFERENTIATION	-0.2268242274244692			
GO_RHOMBOMERE_DEVELOPMENT	-0.22683240635481394			
MIR554	-0.22685333389234213			
GO_REGULATION_OF_PIGMENT_CELL_DIFFERENTIATION	-0.2268599058160753			
KAUFFMANN_DNA_REPLICATION_GENES	-0.2268851166443422			
GO_CELLULAR_RESPONSE_TO_POTASSIUM_ION	-0.2268933179050519			
GSE25123_ROSIGLITAZONE_VS_IL4_AND_ROSIGLITAZONE_STIM_MACROPHAGE_DAY10_DN	-0.22690272401272868			
MIR4666A_3P	-0.2269053613213441			
MIR8082	-0.22690711022561927			
GUO_HEX_TARGETS_DN	-0.22692302388580654			
GSE34156_UNTREATED_VS_6H_TLR1_TLR2_LIGAND_TREATED_MONOCYTE_DN	-0.2269328241051282			
ZNF596_TARGET_GENES	-0.22693421039940673			
GO_PROTEIN_K63_LINKED_DEUBIQUITINATION	-0.22694570972856346			
GSE29615_DAY3_VS_DAY7_LAIV_FLU_VACCINE_PBMC_DN	-0.22695150380452742			
MIR1279	-0.2269607552558508			
GO_LIGAND_GATED_CALCIUM_CHANNEL_ACTIVITY	-0.22697721517299466			
GO_REGULATION_OF_DOUBLE_STRAND_BREAK_REPAIR_VIA_HOMOLOGOUS_RECOMBINATION	-0.22698159758992603			
GO_AMPA_GLUTAMATE_RECEPTOR_COMPLEX	-0.22699425206519122			
GO_S_METHYLTRANSFERASE_ACTIVITY	-0.2270178272500073			
RPA2_TARGET_GENES	-0.22701981256523374			
MIR3140_5P	-0.22703516973540222			
GSE37605_TREG_VS_TCONV_C57BL6_FOXP3_IRES_GFP_DN	-0.2270383188413242			
GO_GLIAL_CELL_DEVELOPMENT	-0.22706069446177965			
MIR6731_3P	-0.22707546485892344			
MCGOWAN_RSP6_TARGETS_UP	-0.22708655534694341			
IGLESIAS_E2F_TARGETS_DN	-0.22708970734882833			
GO_PHENOL_CONTAINING_COMPOUND_BIOSYNTHETIC_PROCESS	-0.22710320106831822			
GO_NEGATIVE_REGULATION_OF_LAMELLIPODIUM_ASSEMBLY	-0.22711136191389553			
REACTOME_GAMMA_CARBOXYLATION_TRANSPORT_AND_AMINO_TERMINAL_CLEAVAGE_OF_PROTEINS	-0.227113124741908			
MIR105_3P	-0.22712060810932505			
GO_MITOTIC_SISTER_CHROMATID_SEGREGATION	-0.22712813438501167			
GO_CELLULAR_RESPONSE_TO_TESTOSTERONE_STIMULUS	-0.22713898028817137			
GSE4142_NAIVE_BCELL_VS_PLASMA_CELL_UP	-0.22714930108523101			
REACTOME_NERVOUS_SYSTEM_DEVELOPMENT	-0.22716221506288523			
MIR4729	-0.22716640085785345			
MIR548AO_3P	-0.22719247117220784			
GO_HYDROLASE_ACTIVITY_HYDROLYZING_O_GLYCOSYL_COMPOUNDS	-0.22719394921712163			
GO_REGULATION_OF_PROTEIN_LOCALIZATION_TO_ENDOSOME	-0.22719654294306774			
GO_DNA_DEPENDENT_DNA_REPLICATION_MAINTENANCE_OF_FIDELITY	-0.22720159140511004			
MIR150_3P	-0.22721159639020355			
GO_PATCHED_BINDING	-0.2272123906773939			
GSE9006_TYPE_1_DIABETES_AT_DX_VS_4MONTH_POST_DX_PBMC_DN	-0.22721408619601072			
ZHAN_MULTIPLE_MYELOMA_HP_UP	-0.22722619505774078			
HOELZEL_NF1_TARGETS_DN	-0.22722681072943882			
GSE3982_CTRL_VS_PMA_STIM_EOSINOPHIL_DN	-0.2272292672302339			
MIR4295	-0.22723732757498075			
IPA_ZFPM1_DN	-0.2272467771163897			
MIR10A_3P	-0.2272487549222971			
BIOCARTA_CLASSIC_PATHWAY	-0.22724915135583051			
PETRETTO_HEART_MASS_QTL_CIS_UP	-0.22725765287179678			
MIR450B_5P	-0.22728681547467605			
REACTOME_VLDL_ASSEMBLY	-0.22728712760184555			
GSE7852_THYMUS_VS_FAT_TREG_UP	-0.22731398508839518			
GO_PROTEIN_LOCALIZATION_TO_CHROMOSOME	-0.22731901588184922			
GO_TRIGLYCERIDE_RICH_PLASMA_LIPOPROTEIN_PARTICLE	-0.2273218521125579			
MIR1911_5P	-0.22732849699084395			
GO_NEGATIVE_REGULATION_OF_INTERLEUKIN_13_PRODUCTION	-0.22733935673610162			
GO_NUCLEAR_REPLICATION_FORK	-0.22733952061081367			
GO_SULFUR_COMPOUND_TRANSMEMBRANE_TRANSPORTER_ACTIVITY	-0.22736938997605785			
MIR3168	-0.22737123187026753			
GSE32423_MEMORY_VS_NAIVE_CD8_TCELL_DN	-0.22738076387619205			
MIR3976	-0.22741896250252625			
GSE5099_UNSTIM_VS_MCSF_TREATED_MONOCYTE_DAY7_DN	-0.22741929632696592			
GSE5679_CTRL_VS_PPARG_LIGAND_ROSIGLITAZONE_TREATED_DC_UP	-0.2274252087032391			
GO_ENDODERMAL_CELL_FATE_COMMITMENT	-0.2274273754262149			
GSE33162_UNTREATED_VS_4H_LPS_STIM_HDAC3_KO_MACROPHAGE_DN	-0.22744542211886482			
CHAMP1_TARGET_GENES	-0.22745280089506073			
BANDRES_RESPONSE_TO_CARMUSTIN_WITHOUT_MGMT_48HR_UP	-0.22745340368248737			
ATF2_UP.V1_UP	-0.22745387908414771			
GO_TRANSLATION_REGULATOR_ACTIVITY	-0.22745424476544282			
GSE2128_C57BL6_VS_NOD_THYMOCYTE_DN	-0.2274634812234449			
GO_FLAP_ENDONUCLEASE_ACTIVITY	-0.22746769485687843			
GO_ESTABLISHMENT_OF_PROTEIN_LOCALIZATION_TO_ENDOPLASMIC_RETICULUM	-0.2274678894298958			
GO_ZINC_ION_TRANSMEMBRANE_TRANSPORT	-0.22748603780894713			
chr5q23	-0.2274928221566741			
FOXJ2_01	-0.22749690542737405			
GSE17721_POLYIC_VS_PAM3CSK4_1H_BMDC_UP	-0.22750112891088967			
GSE20715_0H_VS_24H_OZONE_TLR4_KO_LUNG_UP	-0.22751160579137905			
GO_SINGLE_STRANDED_DNA_EXODEOXYRIBONUCLEASE_ACTIVITY	-0.22753338962699945			
GO_GLUTAMATE_BIOSYNTHETIC_PROCESS	-0.22753447215084247			
GSE12845_IGD_POS_BLOOD_VS_NAIVE_TONSIL_BCELL_UP	-0.22754506864008697			
GO_MESENCHYMAL_TO_EPITHELIAL_TRANSITION	-0.227568336781732			
MIR6841_3P	-0.22756964508555225			
MIR4684_5P	-0.22757387131516932			
MIR4700_3P	-0.22757442538708442			
MIR34B_3P	-0.22758321269120488			
BRUINS_UVC_RESPONSE_EARLY_LATE	-0.22759015205719832			
chr2q12	-0.2275987779624859			
GO_ADP_BINDING	-0.22761005129987816			
GO_REGULATION_OF_PROTEIN_LOCALIZATION_TO_CHROMATIN	-0.22762780113678008			
GO_ACETYLGLUCOSAMINYLTRANSFERASE_ACTIVITY	-0.22762975656194961			
GSE41867_NAIVE_VS_DAY8_LCMV_EFFECTOR_CD8_TCELL_UP	-0.22763258386820698			
GO_REGULATION_OF_POTASSIUM_ION_TRANSPORT	-0.22763391815237588			
GSE26351_UNSTIM_VS_WNT_PATHWAY_STIM_HEMATOPOIETIC_PROGENITORS_UP	-0.2276352367733246			
GO_ADHESION_OF_SYMBIONT_TO_HOST_CELL	-0.22765048602284912			
KARLSSON_TGFB1_TARGETS_UP	-0.22765285053887896			
GO_SECONDARY_METABOLITE_BIOSYNTHETIC_PROCESS	-0.22765316101175406			
NR5A1_TARGET_GENES	-0.22767205364539186			
GO_PHOSPHOLIPID_CATABOLIC_PROCESS	-0.22767702341260332			
CAGCAGG_MIR370	-0.22767791026091408			
GO_ORGANIC_CYCLIC_COMPOUND_CATABOLIC_PROCESS	-0.22768655947848374			
GTGCAAA_MIR507	-0.22768778866001926			
MIR582_3P	-0.227689719624164			
GO_REGULATION_OF_STEM_CELL_DIVISION	-0.22770142039121713			
GSE21927_SPLEEN_VS_TUMOR_MONOCYTE_BALBC_DN	-0.22770494091266963			
GO_RNA_POLYMERASE_II_ACTIVITY	-0.22771052421560783			
GO_METANEPHRIC_NEPHRON_MORPHOGENESIS	-0.22771993775504096			
CAIRO_HEPATOBLASTOMA_POOR_SURVIVAL	-0.22772069117471155			
GO_REGULATION_OF_SMOOTH_MUSCLE_CONTRACTION	-0.22772953116958497			
GO_GLUCOSE_SODIUM_SYMPORTER_ACTIVITY	-0.2277504003276695			
GSE15750_DAY6_VS_DAY10_TRAF6KO_EFF_CD8_TCELL_UP	-0.2277555579116049			
REACTOME_ONCOGENIC_MAPK_SIGNALING	-0.22776464116747025			
GO_NEGATIVE_REGULATION_OF_T_HELPER_17_TYPE_IMMUNE_RESPONSE	-0.22777210978383158			
GUCY1B1_TARGET_GENES	-0.22777819107203343			
GSE360_HIGH_VS_LOW_DOSE_B_MALAYI_DC_DN	-0.22778122328341502			
MIR3615	-0.2277870398468406			
GSE45365_NK_CELL_VS_CD8_TCELL_DN	-0.22781769556757153			
IPA_UHRF1_UP	-0.22782820706747253			
GO_ARTERIAL_ENDOTHELIAL_CELL_DIFFERENTIATION	-0.22783641807928795			
CHENG_RESPONSE_TO_NICKEL_ACETATE	-0.2278402165071778			
MIR4768_5P	-0.22785595408623774			
GO_PH_REDUCTION	-0.22786056881142017			
DACH1_TARGET_GENES	-0.2278619896500501			
chr4q22	-0.22786434602032102			
GO_REGULATION_OF_MACROPHAGE_APOPTOTIC_PROCESS	-0.22787161818255494			
MIR6892_5P	-0.227875048114655			
GSE29949_CD8_NEG_DC_SPLEEN_VS_DC_BRAIN_UP	-0.22787936548381424			
GSE34205_RSV_VS_FLU_INF_INFANT_PBMC_UP	-0.2278830150163323			
GO_GLOMERULUS_MORPHOGENESIS	-0.22789443090644437			
GO_CYCLIN_DEPENDENT_PROTEIN_KINASE_HOLOENZYME_COMPLEX	-0.2279242242300407			
GO_SPHERICAL_HIGH_DENSITY_LIPOPROTEIN_PARTICLE	-0.22792792920387558			
REACTOME_ACTIVATION_OF_RAS_IN_B_CELLS	-0.2279339503129929			
MIR1276	-0.227937483671404			
GO_REGULATION_OF_EXTRACELLULAR_MATRIX_ASSEMBLY	-0.2279478299463066			
GO_REGULATION_OF_PEPTIDYL_THREONINE_PHOSPHORYLATION	-0.22796251187514566			
GSE36392_TYPE_2_MYELOID_VS_NEUTROPHIL_IL25_TREATED_LUNG_DN	-0.22796264913069045			
NIKOLSKY_BREAST_CANCER_20P13_AMPLICON	-0.22796991072118097			
MIR3199	-0.2279701029607899			
IPA_FUBP1_UP	-0.22797156307839353			
GO_NEGATIVE_REGULATION_OF_CELL_CYCLE	-0.22797253882962099			
MIR6733_5P	-0.2279867417736469			
IPA_CRX_UP	-0.22799745634267649			
GSE21546_WT_VS_ELK1_KO_ANTI_CD3_STIM_DP_THYMOCYTES_UP	-0.22801431150232335			
GSE36476_CTRL_VS_TSST_ACT_40H_MEMORY_CD4_TCELL_OLD_DN	-0.22802358894728073			
SILIGAN_TARGETS_OF_EWS_FLI1_FUSION_DN	-0.22803133162133382			
GO_POSITIVE_REGULATION_OF_GLUCOSE_TRANSMEMBRANE_TRANSPORT	-0.22803283390928214			
MIR6739_5P	-0.22803427103118362			
KDM1B_TARGET_GENES	-0.2280357593206187			
GROSS_HYPOXIA_VIA_HIF1A_ONLY	-0.22803672351869597			
GSE22033_UNTREATED_VS_ROSIGLITAZONE_TREATED_MEF_UP	-0.22803996348238595			
GSE14908_ATOPIC_VS_NONATOPIC_PATIENT_HDM_STIM_CD4_TCELL_DN	-0.22805560428255123			
GATA1_02	-0.22805648553009547			
REACTOME_ESTROGEN_BIOSYNTHESIS	-0.22806990928234297			
GSE17974_0H_VS_6H_IN_VITRO_ACT_CD4_TCELL_DN	-0.22807315571042436			
GO_RESPONSE_TO_KETONE	-0.22808889362644297			
LI_WILMS_TUMOR	-0.2280948288040235			
MIR574_5P	-0.22809947325997			
SARRIO_EPITHELIAL_MESENCHYMAL_TRANSITION_UP	-0.2281067866039093			
GSE2770_IL12_VS_IL4_TREATED_ACT_CD4_TCELL_48H_UP	-0.22811856843100892			
GO_CARDIAC_MUSCLE_MYOBLAST_PROLIFERATION	-0.2281238620515			
IPA_BRCA1_DN	-0.228153124303575			
GO_REGULATION_OF_LIPID_LOCALIZATION	-0.2281676749430788			
IPA_SMARCB1_DN	-0.2281729636844916			
GSE17721_CTRL_VS_POLYIC_8H_BMDC_UP	-0.22817802912485358			
GO_CONVERGENT_EXTENSION_INVOLVED_IN_AXIS_ELONGATION	-0.2281847868955853			
GO_TELOMERASE_HOLOENZYME_COMPLEX	-0.22819036177622815			
GSE3039_NKT_CELL_VS_B1_BCELL_DN	-0.22819862706120514			
MIR8056	-0.22819881884394366			
chr2q37	-0.22819994792517567			
GO_TRNA_MODIFICATION	-0.2282046392499327			
GO_STRUCTURAL_CONSTITUENT_OF_POSTSYNAPTIC_ACTIN_CYTOSKELETON	-0.22820914477691184			
chrXq26	-0.22821384487303703			
MIR127_5P	-0.2282147386034497			
GSE2706_LPS_VS_R848_AND_LPS_8H_STIM_DC_DN	-0.22822420266125437			
IPA_TAF4B_UP	-0.22823464928140033			
BIOCARTA_FBW7_PATHWAY	-0.22824335152813557			
GO_POTASSIUM_CHLORIDE_SYMPORTER_ACTIVITY	-0.22824457420372019			
GO_CIRCADIAN_SLEEP_WAKE_CYCLE_NON_REM_SLEEP	-0.2282739842332683			
MYC_UP.V1_UP	-0.22828053160594852			
GO_SPECTRIN_BINDING	-0.22828177019117188			
GO_NMDA_SELECTIVE_GLUTAMATE_RECEPTOR_COMPLEX	-0.22829727394362462			
MIR502_5P	-0.22829810025772082			
PIEPOLI_LGI1_TARGETS_UP	-0.22829956562224413			
GO_LIPOPHAGY	-0.22830003042962543			
GO_NUCLEOBASE_METABOLIC_PROCESS	-0.2283021711613087			
SMCHD1_TARGET_GENES	-0.22830552415077446			
MIR222_5P	-0.2283209144811714			
LEE_INTRATHYMIC_T_PROGENITOR	-0.2283215689887776			
YNTTTNNNANGCARM_UNKNOWN	-0.2283367374513913			
GSE34205_HEALTHY_VS_RSV_INF_INFANT_PBMC_DN	-0.2283392248047615			
MIR4279	-0.22836223754660312			
CAGTCAC_MIR134	-0.22837151477484957			
IIZUKA_LIVER_CANCER_PROGRESSION_L1_G1_UP	-0.22839665131793158			
GO_UBIQUITIN_LIKE_PROTEIN_CONJUGATING_ENZYME_ACTIVITY	-0.22840882934509596			
GO_TRANSCRIPTION_ELONGATION_FROM_RNA_POLYMERASE_I_PROMOTER	-0.22841008191749182			
MIR522_3P	-0.22841390819553928			
GSE411_100MIN_VS_400MIN_IL6_STIM_SOCS3_KO_MACROPHAGE_UP	-0.22841584999506984			
MIR5196_5P	-0.2284393269459137			
GSE23568_CTRL_VS_ID3_TRANSDUCED_CD8_TCELL_DN	-0.2284598583221475			
GO_SEROTONIN_RECEPTOR_ACTIVITY	-0.2284772879149504			
REACTOME_NEPHRIN_FAMILY_INTERACTIONS	-0.22848356604808717			
REACTOME_CELL_CYCLE_CHECKPOINTS	-0.22851228722128844			
GO_TRNA_GUANINE_METHYLTRANSFERASE_ACTIVITY	-0.22851846890222202			
MIR7157_5P	-0.22852637545273358			
REACTOME_B_WICH_COMPLEX_POSITIVELY_REGULATES_RRNA_EXPRESSION	-0.22853998102394066			
GO_MICROFIBRIL	-0.22854306872555227			
GSE7400_CTRL_VS_CSF3_IN_VIVO_TREATED_PBMC_UP	-0.22855158371713957			
YIH_RESPONSE_TO_ARSENITE_C3	-0.22856660732044465			
MIR5695	-0.22856985859851828			
GSE3691_IFN_PRODUCING_KILLER_DC_VS_PLASMACYTOID_DC_SPLEEN_DN	-0.22857675789254644			
SMIRNOV_RESPONSE_TO_IR_6HR_UP	-0.2285842498280001			
BIOCARTA_CCR3_PATHWAY	-0.22859508331895784			
ZNF418_TARGET_GENES	-0.22859528026210474			
GSE15659_NONSUPPRESSIVE_TCELL_VS_ACTIVATED_TREG_DN	-0.2286007867593417			
GO_RESPONSE_TO_AMINO_ACID	-0.22863671569292535			
IPA_KAT5_DN	-0.2286387667439724			
REACTOME_E2F_ENABLED_INHIBITION_OF_PRE_REPLICATION_COMPLEX_FORMATION	-0.22863944554042295			
GO_CILIUM_OR_FLAGELLUM_DEPENDENT_CELL_MOTILITY	-0.2286563448916695			
BIOCARTA_SUMO_PATHWAY	-0.22866172267641205			
MIR1286	-0.22866761590651355			
GO_RRNA_CATABOLIC_PROCESS	-0.22869648566726283			
chr17q24	-0.2287298656302244			
MIR203A_3P	-0.22874091844792546			
MIR4267	-0.2287580820032167			
GSE10240_CTRL_VS_IL17_AND_IL22_STIM_PRIMARY_BRONCHIAL_EPITHELIAL_CELLS_UP	-0.22876077448774815			
HMEF2_Q6	-0.2287636659673056			
IPA_GTF2F2_UP	-0.2287853283423644			
GO_SERINE_THREONINE_PROTEIN_KINASE_COMPLEX	-0.22879689424424443			
GO_SUPRAMOLECULAR_POLYMER	-0.228805431969646			
HAHTOLA_SEZARY_SYNDROM_DN	-0.22880820605703645			
SASAI_TARGETS_OF_CXCR6_AND_PTCH1_UP	-0.22880987867131575			
MIR206	-0.228816183448339			
GO_NEGATIVE_REGULATION_OF_ACUTE_INFLAMMATORY_RESPONSE_TO_ANTIGENIC_STIMULUS	-0.22881726423562518			
GO_LIGASE_ACTIVITY_FORMING_CARBON_SULFUR_BONDS	-0.22882042881165274			
GO_MONOAMINE_TRANSPORT	-0.22882318996458295			
ROSTY_CERVICAL_CANCER_PROLIFERATION_CLUSTER	-0.2288278713794769			
TONKS_TARGETS_OF_RUNX1_RUNX1T1_FUSION_GRANULOCYTE_UP	-0.22884389392201657			
REACTOME_IRS_ACTIVATION	-0.22887648320633844			
GO_POST_EMBRYONIC_ANIMAL_ORGAN_MORPHOGENESIS	-0.22888487071706543			
GSE3720_VD1_VS_VD2_GAMMADELTA_TCELL_WITH_LPS_STIM_UP	-0.22888711199450132			
MACLACHLAN_BRCA1_TARGETS_UP	-0.22889115050098446			
TATCTGG_MIR488	-0.22889388892148305			
GO_NEGATIVE_REGULATION_OF_DELAYED_RECTIFIER_POTASSIUM_CHANNEL_ACTIVITY	-0.22889807519833705			
REACTOME_DISEASES_OF_DNA_REPAIR	-0.22889892411553212			
YAATNANRNNNCAG_UNKNOWN	-0.22893372374854581			
MIR511_3P	-0.2289546575147502			
chr6q15	-0.2289570320807835			
FOURNIER_ACINAR_DEVELOPMENT_LATE_2	-0.22896046970416034			
MIR5192	-0.22896284384786816			
GO_NEGATIVE_REGULATION_OF_MONOCYTE_CHEMOTACTIC_PROTEIN_1_PRODUCTION	-0.22897024889675818			
GO_NEGATIVE_REGULATION_OF_DNA_REPLICATION	-0.22897461431262298			
MIR642A_3P_MIR642B_3P	-0.22897532533454829			
ATTCTTT_MIR186	-0.2289807938913568			
GO_ROUGH_ENDOPLASMIC_RETICULUM	-0.22899360353697515			
REACTOME_MELANIN_BIOSYNTHESIS	-0.22899937225133452			
GO_METHIONINE_BIOSYNTHETIC_PROCESS	-0.22903600875454005			
GO_PROSTAGLANDIN_SECRETION	-0.22904402835873217			
GO_HOST_INTRACELLULAR_ORGANELLE	-0.22904591436760033			
REACTOME_ACYL_CHAIN_REMODELING_OF_CL	-0.22904749782363967			
GSE21927_SPLEEN_VS_TUMOR_MONOCYTE_C57BL6_UP	-0.22907904049399336			
REACTOME_MAPK_TARGETS_NUCLEAR_EVENTS_MEDIATED_BY_MAP_KINASES	-0.22908281601000313			
TGGTGCT_MIR29A_MIR29B_MIR29C	-0.2290854323049645			
GO_RRNA_BINDING	-0.229108453624373			
REICHERT_MITOSIS_LIN9_TARGETS	-0.2291115847278185			
GR_01	-0.22917335338066644			
RHODES_CANCER_META_SIGNATURE	-0.22917915931300248			
MIR4475	-0.229179903672818			
GO_G_PROTEIN_COUPLED_RECEPTOR_SIGNALING_PATHWAY	-0.22919483509149174			
GO_PROTEIN_ACTIVATION_CASCADE	-0.22920234685101173			
GO_HOMOLOGOUS_RECOMBINATION	-0.2292318733068635			
BOYLAN_MULTIPLE_MYELOMA_C_UP	-0.22923465334375323			
GSE2124_CTRL_VS_LYMPHOTOXIN_BETA_TREATED_MLN_UP	-0.22923976497245357			
GO_REGULATION_OF_SPINDLE_CHECKPOINT	-0.2292504873062667			
GO_CULLIN_FAMILY_PROTEIN_BINDING	-0.22927584391866335			
WEBER_METHYLATED_ICP_IN_FIBROBLAST	-0.22927804756603254			
MIR451B	-0.2292984440307798			
CTACTGT_MIR199A	-0.22929908651354053			
MIR6125	-0.22930220961678463			
PID_SMAD2_3PATHWAY	-0.22931203265713976			
KUMAMOTO_RESPONSE_TO_NUTLIN_3A_DN	-0.2293131534685685			
GO_POSITIVE_REGULATION_OF_TRANSMISSION_OF_NERVE_IMPULSE	-0.22931904404824863			
chr11q12	-0.2293521171023466			
MIR3171	-0.22936943017671185			
GO_HISTONE_H3_K4_DEMETHYLATION	-0.2293768670082287			
GSE37533_UNTREATED_VS_PIOGLIZATONE_TREATED_CD4_TCELL_PPARG2_AND_FOXP3_TRASDUCED_DN	-0.22939030535460653			
GSE22886_NAIVE_CD8_TCELL_VS_MONOCYTE_UP	-0.22941156227548556			
GO_INSULIN_LIKE_GROWTH_FACTOR_BINDING	-0.22942658294311624			
MIR651_3P	-0.22943947741812482			
CHEBOTAEV_GR_TARGETS_UP	-0.22944394116238218			
GO_SPINDLE_POLE	-0.22945488761026298			
GO_CELLULAR_RESPONSE_TO_PROSTAGLANDIN_E_STIMULUS	-0.229455704742406			
MIR370_3P	-0.22946086619370495			
GO_G_PROTEIN_COUPLED_ADENOSINE_RECEPTOR_ACTIVITY	-0.22946933822178606			
GO_REGULATION_OF_NEURON_MATURATION	-0.22947224731301213			
GO_CELL_PROJECTION_ORGANIZATION	-0.22947357312812894			
GSE1460_INTRATHYMIC_T_PROGENITOR_VS_NAIVE_CD4_TCELL_ADULT_BLOOD_UP	-0.22947784844601374			
REACTOME_TBC_RABGAPS	-0.2294820653933289			
GO_DEMETHYLATION	-0.22948369978678132			
HU_GENOTOXIC_DAMAGE_4HR	-0.22948644759382633			
SHIN_B_CELL_LYMPHOMA_CLUSTER_9	-0.22949559500775973			
GO_N_ACETYLNEURAMINATE_METABOLIC_PROCESS	-0.22950183353446815			
GO_PROTEIN_GERANYLGERANYLATION	-0.22950451573237407			
GO_CALCIUM_CHANNEL_REGULATOR_ACTIVITY	-0.22950867289510501			
REACTOME_INHIBITION_OF_REPLICATION_INITIATION_OF_DAMAGED_DNA_BY_RB1_E2F1	-0.22953089140231403			
GO_CHROMAFFIN_GRANULE_MEMBRANE	-0.2295309909843655			
MIR3915	-0.22953165188167973			
GSE20198_IL12_VS_IFNA_TREATED_ACT_CD4_TCELL_UP	-0.22954228243770325			
GSE25123_WT_VS_PPARG_KO_MACROPHAGE_IL4_AND_ROSIGLITAZONE_STIM_UP	-0.22954797266880025			
REACTOME_NEGATIVE_REGULATION_OF_FGFR4_SIGNALING	-0.22955981629401023			
GO_REGULATION_OF_ATRIAL_CARDIAC_MUSCLE_CELL_ACTION_POTENTIAL	-0.22956508236707818			
GO_POSITIVE_REGULATION_OF_HAIR_FOLLICLE_MATURATION	-0.22956556107088805			
GO_REGULATION_OF_COLLAGEN_FIBRIL_ORGANIZATION	-0.22958167680379066			
GO_SPERMATOGENESIS_EXCHANGE_OF_CHROMOSOMAL_PROTEINS	-0.2295845683091051			
YIH_RESPONSE_TO_ARSENITE_C2	-0.22959128974596246			
GO_NUCLEOTIDE_DIPHOSPHATASE_ACTIVITY	-0.22960281031503368			
GO_POSITIVE_REGULATION_OF_TORC1_SIGNALING	-0.22960795457947758			
REACTOME_G2_M_DNA_REPLICATION_CHECKPOINT	-0.2296140987081417			
GO_ATRIOVENTRICULAR_VALVE_DEVELOPMENT	-0.22961681394205075			
GO_PROTEIN_MATURATION_BY_PROTEIN_FOLDING	-0.22962041132756042			
GO_HYPEROSMOTIC_SALINITY_RESPONSE	-0.2296513559775101			
GO_REGULATION_OF_CELL_FATE_SPECIFICATION	-0.22965248109450162			
MIR6828_5P	-0.2296525010172546			
GO_ANGIOTENSIN_ACTIVATED_SIGNALING_PATHWAY	-0.22965740821601296			
GO_REGULATION_OF_ENAMEL_MINERALIZATION	-0.2296598678650625			
GO_MYELIN_SHEATH	-0.22966387790617385			
GO_PHOTOTRANSDUCTION	-0.22968158892460327			
MIR219A_5P	-0.22968499853065497			
REACTOME_PURINE_CATABOLISM	-0.2296859782195063			
GO_EYE_PIGMENTATION	-0.22971044343993346			
MIR147B_3P	-0.22971081197012874			
GSE17721_CTRL_VS_POLYIC_24H_BMDC_UP	-0.22972318595387264			
TERAMOTO_OPN_TARGETS_CLUSTER_6	-0.22973287156136532			
XU_GH1_EXOGENOUS_TARGETS_UP	-0.229735941814055			
MIR4536_5P	-0.22974719729386592			
PID_FOXM1_PATHWAY	-0.22975053972308826			
GO_BRAIN_MORPHOGENESIS	-0.2297715218649512			
GATA_Q6	-0.2297731336234402			
GSE40274_SATB1_VS_FOXP3_AND_SATB1_TRANSDUCED_ACTIVATED_CD4_TCELL_DN	-0.22980487457730522			
GO_CHROMOSOME_CONDENSATION	-0.229806014134158			
KEGG_GLYCOSAMINOGLYCAN_BIOSYNTHESIS_KERATAN_SULFATE	-0.22980633581986581			
GO_POSITIVE_REGULATION_OF_PROTEIN_POLYMERIZATION	-0.22982809639183366			
chr13q14	-0.2298413773647513			
GSE24634_TREG_VS_TCONV_POST_DAY5_IL4_CONVERSION_UP	-0.22984500721016976			
MIR3652	-0.2298575897601122			
GO_NEUROTRANSMITTER_METABOLIC_PROCESS	-0.22987233012226277			
GO_NEGATIVE_REGULATION_OF_RECEPTOR_INTERNALIZATION	-0.22987509205525652			
GO_REGULATION_OF_PHOSPHATIDYLCHOLINE_BIOSYNTHETIC_PROCESS	-0.22988695378025126			
GO_HISTIDINE_METABOLIC_PROCESS	-0.2298880232514488			
GO_NEUROTRANSMITTER_BIOSYNTHETIC_PROCESS	-0.22991370846032486			
KYNG_WERNER_SYNDROM_AND_NORMAL_AGING_UP	-0.22993207930500525			
MIR6834_5P	-0.229940058029802			
GO_L_ALPHA_AMINO_ACID_TRANSMEMBRANE_TRANSPORT	-0.22996474135370376			
MIR8077	-0.22996961589526654			
GO_ZINC_ION_TRANSMEMBRANE_TRANSPORTER_ACTIVITY	-0.22997829063525374			
GO_G_PROTEIN_COUPLED_RECEPTOR_ACTIVITY	-0.229980898492765			
CAIRO_PML_TARGETS_BOUND_BY_MYC_UP	-0.22999335589547804			
GO_REGULATION_OF_PROSTAGLANDIN_SECRETION	-0.22999899694732484			
GO_POSITIVE_REGULATION_OF_MAINTENANCE_OF_SISTER_CHROMATID_COHESION	-0.2300090261283322			
SREBP1_01	-0.23002057559684178			
MIR576_5P	-0.2300279753338894			
GSE16385_MONOCYTE_VS_12H_ROSIGLITAZONE_TREATED_MACROPHAGE_DN	-0.2300385527403492			
GSE37532_TREG_VS_TCONV_PPARG_KO_CD4_TCELL_FROM_LN_UP	-0.23004232194595542			
MIR6821_3P	-0.23005156277999			
GSE17721_POLYIC_VS_CPG_16H_BMDC_DN	-0.23008364591013464			
LEIN_ASTROCYTE_MARKERS	-0.23010291900280838			
GSE8835_HEALTHY_VS_CLL_CD4_TCELL_DN	-0.23010401763274885			
GO_PURINE_DEOXYRIBONUCLEOTIDE_BINDING	-0.2301055407821796			
GO_N_GLYCAN_PROCESSING	-0.2301074691627789			
IPA_EGR2_DN	-0.2301113875231081			
IPA_CTBP1_UP	-0.23011442275171531			
IPA_MAX_UP	-0.23011941397609656			
MZF1_01	-0.23013580497083092			
GO_PARALLEL_FIBER_TO_PURKINJE_CELL_SYNAPSE	-0.23013961914316994			
GO_CELLULAR_RESPONSE_TO_CAFFEINE	-0.23014166797935612			
GO_REPLICATION_FORK_PROTECTION	-0.23015976271137994			
VISALA_RESPONSE_TO_HEAT_SHOCK_AND_AGING_UP	-0.23016978295443724			
GO_PHOSPHOLIPASE_C_ACTIVITY	-0.23017241340996114			
GO_NEGATIVE_REGULATION_OF_T_CELL_DIFFERENTIATION	-0.23017244086042			
GO_NATURAL_KILLER_CELL_MEDIATED_IMMUNE_RESPONSE_TO_TUMOR_CELL	-0.23017668651666667			
MIR340_3P	-0.23020693145173343			
GO_REGULATION_OF_MITOCHONDRIAL_MEMBRANE_POTENTIAL	-0.23021451572729262			
GO_CELL_COMMUNICATION_BY_ELECTRICAL_COUPLING_INVOLVED_IN_CARDIAC_CONDUCTION	-0.23021774602689474			
GO_BASE_CONVERSION_OR_SUBSTITUTION_EDITING	-0.23021867186178394			
ABBUD_LIF_SIGNALING_2_DN	-0.23021885739169726			
GO_REGULATION_OF_TRIGLYCERIDE_CATABOLIC_PROCESS	-0.23022754430527625			
GO_DNA_INTEGRITY_CHECKPOINT	-0.23023629502064438			
GSE28783_ANTI_MIR33_VS_CTRL_ATHEROSCLEROSIS_MACROPHAGE_UP	-0.2302557039994504			
GO_TUBULIN_COMPLEX_ASSEMBLY	-0.2302682717720058			
GSE37605_C57BL6_VS_NOD_FOXP3_IRES_GFP_TCONV_UP	-0.2302686371237306			
GO_NEUROGENESIS	-0.23027967573994332			
GO_INOSITOL_PHOSPHATE_PHOSPHATASE_ACTIVITY	-0.23028179047643457			
MIR8485	-0.23028489769153673			
GO_NEUROTROPHIN_BINDING	-0.23028899390030966			
MIR7159_5P	-0.2302898400000917			
GO_CELL_CYCLE_G2_M_PHASE_TRANSITION	-0.23029135626099964			
GO_HYALURONONGLUCOSAMINIDASE_ACTIVITY	-0.23031619177812016			
MIR5195_3P	-0.23032611708851644			
GO_NEGATIVE_REGULATION_OF_CARDIAC_MUSCLE_TISSUE_DEVELOPMENT	-0.23032833671362196			
GO_SINGLE_FERTILIZATION	-0.2303331353712887			
GO_INTRINSIC_COMPONENT_OF_POSTSYNAPTIC_MEMBRANE	-0.23033999757090806			
MIR374A_5P	-0.23034074064865848			
MIR212_5P	-0.23036017400944503			
GSE39556_CD8A_DC_VS_NK_CELL_MOUSE_3H_POST_POLYIC_INJ_UP	-0.23036295459954187			
IPA_JUP_DN	-0.23036796866584197			
KANNAN_TP53_TARGETS_UP	-0.23037828663777157			
GO_CHOLESTEROL_EFFLUX	-0.23037892334976484			
GSE24026_PD1_LIGATION_VS_CTRL_IN_ACT_TCELL_LINE_DN	-0.23037950964903853			
MIR5007_3P	-0.23038737912305757			
ZNF586_TARGET_GENES	-0.23040940804646912			
GTAAACC_MIR2995P	-0.23041090333011427			
REACTOME_REGULATION_OF_RUNX2_EXPRESSION_AND_ACTIVITY	-0.23041525736021107			
GO_NEGATIVE_REGULATION_OF_CARDIAC_MUSCLE_CELL_PROLIFERATION	-0.23041824993081422			
GO_TOOTH_MINERALIZATION	-0.2304611090222427			
GO_CALCIUM_RELEASE_CHANNEL_ACTIVITY	-0.23047292347515408			
REACTOME_G_ALPHA_S_SIGNALLING_EVENTS	-0.23047594755643655			
GO_POSITIVE_REGULATION_OF_EXTRINSIC_APOPTOTIC_SIGNALING_PATHWAY_IN_ABSENCE_OF_LIGAND	-0.23048023189270225			
GO_POLYNUCLEOTIDE_ADENYLYLTRANSFERASE_ACTIVITY	-0.2304906303067512			
GO_NEUTRAL_LIPID_METABOLIC_PROCESS	-0.23050149334812162			
GO_REGULATION_OF_CENTROSOME_CYCLE	-0.23051720358444971			
GO_PRIMITIVE_HEMOPOIESIS	-0.2305247155384315			
GSE22935_24H_VS_48H_MBOVIS_BCG_STIM_MACROPHAGE_UP	-0.23052555678436634			
GO_SNRNP_BINDING	-0.23053846822188945			
MIR758_3P	-0.23055034992544576			
GO_REGULATION_OF_LONG_TERM_SYNAPTIC_POTENTIATION	-0.23055077566501866			
GO_POLY_A_PLUS_MRNA_EXPORT_FROM_NUCLEUS	-0.23055687781279294			
GO_PROLINE_TRANSPORT	-0.23056519791762675			
IPA_HNF1B_UP	-0.23057341064097966			
GO_OXIDOREDUCTASE_ACTIVITY_ACTING_ON_NAD_P_H_OXYGEN_AS_ACCEPTOR	-0.2305762829695394			
GSE13946_CTRL_VS_DSS_COLITIS_GD_TCELL_FROM_COLON_DN	-0.23058104108471775			
MIR511_5P	-0.23058687337959027			
BIOCARTA_BARRESTIN_SRC_PATHWAY	-0.23058916518363196			
chr11q25	-0.2306021608694995			
KEGG_GLYCOSAMINOGLYCAN_BIOSYNTHESIS_HEPARAN_SULFATE	-0.2306177053960796			
GO_INTRINSIC_COMPONENT_OF_THE_CYTOPLASMIC_SIDE_OF_THE_PLASMA_MEMBRANE	-0.23061980916574934			
chr18q21	-0.23062048807741764			
GO_NEGATIVE_REGULATION_OF_NEURON_PROJECTION_DEVELOPMENT	-0.23063640168506863			
GO_NEGATIVE_REGULATION_OF_EXECUTION_PHASE_OF_APOPTOSIS	-0.23065698121028463			
GO_TELOMERIC_DNA_BINDING	-0.2306714585334351			
GO_PURINE_CONTAINING_COMPOUND_TRANSMEMBRANE_TRANSPORT	-0.2306790407970923			
NR4A2_TARGET_GENES	-0.23067919665899847			
GO_POSITIVE_REGULATION_OF_GONADOTROPIN_SECRETION	-0.23067954292386064			
PRDM5_TARGET_GENES	-0.23070529612471943			
GRANDVAUX_IRF3_TARGETS_UP	-0.2307289071804045			
GO_ENDOPLASMIC_RETICULUM_CHAPERONE_COMPLEX	-0.23074364709299724			
GO_DETECTION_OF_CELL_DENSITY	-0.2307466946564809			
GO_PURINE_DEOXYRIBONUCLEOSIDE_TRIPHOSPHATE_METABOLIC_PROCESS	-0.23077248632307884			
GSE17721_CTRL_VS_LPS_0.5H_BMDC_UP	-0.23078006296932266			
GSE27786_CD4_TCELL_VS_MONO_MAC_UP	-0.23078185521520045			
GO_HORMONE_CATABOLIC_PROCESS	-0.2307830589170357			
GSE17301_CTRL_VS_48H_IFNA2_STIM_CD8_TCELL_DN	-0.23080862258400342			
GO_SPECTRIN	-0.2308162876061468			
MIR361_5P	-0.2308372605967946			
GSE411_UNSTIM_VS_400MIN_IL6_STIM_SOCS3_KO_MACROPHAGE_DN	-0.23083764510356866			
GO_REGULATION_OF_INFLAMMATORY_RESPONSE_TO_WOUNDING	-0.23085417474037234			
CHEMELLO_SOLEUS_VS_EDL_MYOFIBERS_UP	-0.230858094718113			
GO_NADPH_HEMOPROTEIN_REDUCTASE_ACTIVITY	-0.23085885767209302			
FUJIWARA_PARK2_HEPATOCYTE_PROLIFERATION_UP	-0.23086073063191864			
GO_ZYGOTIC_DETERMINATION_OF_ANTERIOR_POSTERIOR_AXIS_EMBRYO	-0.23087022136786706			
REACTOME_GLOBAL_GENOME_NUCLEOTIDE_EXCISION_REPAIR_GG_NER	-0.23087728328366064			
GSE28737_WT_VS_BCL6_HET_MARGINAL_ZONE_BCELL_UP	-0.2308817599749932			
GO_RESPONSE_TO_GRANULOCYTE_MACROPHAGE_COLONY_STIMULATING_FACTOR	-0.23088552323681866			
GO_NUCLEAR_NCRNA_SURVEILLANCE	-0.23089745264933162			
GO_MODIFIED_AMINO_ACID_TRANSPORT	-0.23090700325025118			
GO_CIRCULATORY_SYSTEM_PROCESS	-0.2309103143628631			
GAGCCTG_MIR484	-0.23092415613693962			
KYNG_DNA_DAMAGE_UP	-0.23092433182457645			
IPA_CTCFL_UP	-0.23094752075239536			
GO_PROTEIN_AUTOPHOSPHORYLATION	-0.23095371185760394			
GO_NEGATIVE_REGULATION_OF_CELL_MORPHOGENESIS_INVOLVED_IN_DIFFERENTIATION	-0.23097275745686127			
GO_POLYSOME	-0.2309861672679325			
HDAC8_TARGET_GENES	-0.23100861321822164			
GO_DIRECT_OSSIFICATION	-0.2310258011694749			
MIR4438	-0.2310313641932674			
GSE20715_0H_VS_6H_OZONE_LUNG_UP	-0.2310416609561306			
MIR4477A	-0.23106874969449603			
GSE17974_IL4_AND_ANTI_IL12_VS_UNTREATED_4H_ACT_CD4_TCELL_UP	-0.23107648366808856			
CCGNMNNTNACG_UNKNOWN	-0.23108737220253778			
MIR675_3P	-0.23108984526168133			
GO_PITUITARY_GLAND_DEVELOPMENT	-0.23111880897552506			
IPA_NFIC_UP	-0.2311291551652052			
IPA_NFYC_UP	-0.2311291551652052			
GO_IMMUNOGLOBULIN_COMPLEX_CIRCULATING	-0.23113187110016964			
MIR4451	-0.2311426011399585			
GSE3039_B2_VS_B1_BCELL_DN	-0.23115057444267406			
GO_SINGLE_STRANDED_DNA_ENDODEOXYRIBONUCLEASE_ACTIVITY	-0.231172750470796			
GO_REGULATION_OF_MICROTUBULE_MOTOR_ACTIVITY	-0.23118048688078244			
GSE15930_NAIVE_VS_72H_IN_VITRO_STIM_IFNAB_CD8_TCELL_DN	-0.23118131359798258			
MIR4774_3P	-0.2311822601629657			
GSE43863_TFH_VS_LY6C_INT_CXCR5POS_MEMORY_CD4_TCELL_DN	-0.23118389073180887			
GO_NUCLEAR_PORE_CENTRAL_TRANSPORT_CHANNEL	-0.23119907638953038			
GSE27786_LSK_VS_MONO_MAC_UP	-0.23121209338205936			
GO_PROTON_TRANSPORTING_V_TYPE_ATPASE_V1_DOMAIN	-0.23123131816108916			
GSE15330_LYMPHOID_MULTIPOTENT_VS_MEGAKARYOCYTE_ERYTHROID_PROGENITOR_UP	-0.2312321166439796			
PLASARI_TGFB1_TARGETS_10HR_DN	-0.23123237675589187			
GO_GRANULAR_COMPONENT	-0.23123942805475933			
GSE16385_ROSIGLITAZONE_VS_UNTREATED_IFNG_TNF_STIM_MACROPHAGE_DN	-0.2312453668561005			
GO_NEGATIVE_REGULATION_OF_DEPHOSPHORYLATION	-0.23125504531475524			
BIOCARTA_PTDINS_PATHWAY	-0.2312577887875638			
GSE15930_STIM_VS_STIM_AND_TRICHOSTATINA_24H_CD8_T_CELL_UP	-0.23127546957376657			
GSE2405_HEAT_KILLED_VS_LIVE_A_PHAGOCYTOPHILUM_STIM_NEUTROPHIL_24H_UP	-0.2312931423676498			
GSE26030_TH1_VS_TH17_RESTIMULATED_DAY5_POST_POLARIZATION_UP	-0.23130619994014476			
GO_NEGATIVE_REGULATION_OF_CELL_DEVELOPMENT	-0.2313081905495133			
IPA_SUZ12_UP	-0.23131014885555884			
CHNG_MULTIPLE_MYELOMA_HYPERPLOID_DN	-0.23131503712208304			
GO_REGULATION_OF_PLASMA_MEMBRANE_ORGANIZATION	-0.2313162819855477			
GO_PROTEIN_K29_LINKED_DEUBIQUITINATION	-0.2313172092507238			
GSE24634_TEFF_VS_TCONV_DAY5_IN_CULTURE_UP	-0.23133472613140083			
MIR4751	-0.23133546381638564			
GO_PROTEIN_K11_LINKED_DEUBIQUITINATION	-0.2313374321275477			
GO_MACROPHAGE_COLONY_STIMULATING_FACTOR_SIGNALING_PATHWAY	-0.23134039028301195			
PID_SMAD2_3NUCLEAR_PATHWAY	-0.23135224402860805			
GO_REGULATION_OF_METALLOENDOPEPTIDASE_ACTIVITY	-0.2313537260161843			
REACTOME_SENSING_OF_DNA_DOUBLE_STRAND_BREAKS	-0.231355007167982			
GSE1791_CTRL_VS_NEUROMEDINU_IN_T_CELL_LINE_12H_UP	-0.23137605935874267			
GSE21380_TFH_VS_GERMINAL_CENTER_TFH_CD4_TCELL_UP	-0.23140105598854735			
GSE22886_DC_VS_MONOCYTE_UP	-0.23140618271711028			
MIR4328	-0.23140848450031423			
GO_INTRINSIC_COMPONENT_OF_SYNAPTIC_MEMBRANE	-0.23141088823596406			
PAX6_01	-0.23141614727713417			
GSE39152_SPLEEN_CD103_NEG_VS_BRAIN_CD103_POS_MEMORY_CD8_TCELL_UP	-0.231422364155404			
MIR518D_5P_MIR518F_5P_MIR520C_5P_MIR526A_5P	-0.23142428005919877			
NGFIC_01	-0.23142493207317696			
GO_POSITIVE_REGULATION_OF_SKELETAL_MUSCLE_TISSUE_REGENERATION	-0.23142629441077223			
MIR3664_5P	-0.2314404623804512			
GSE41867_DAY8_VS_DAY15_LCMV_ARMSTRONG_EFFECTOR_CD8_TCELL_UP	-0.23145557537745476			
GO_ENDOTHELIAL_CELL_DEVELOPMENT	-0.23145588688191765			
IPA_POU2F2_DN	-0.23146920615002045			
MIR144_5P	-0.23146973006064042			
GSE31082_DN_VS_CD8_SP_THYMOCYTE_UP	-0.23148479380546613			
AACATTC_MIR4093P	-0.23148636290780433			
GO_DETERMINATION_OF_DIGESTIVE_TRACT_LEFT_RIGHT_ASYMMETRY	-0.2314889123919628			
GO_ARGININE_CATABOLIC_PROCESS	-0.23149289786247917			
REACTOME_ALTERNATIVE_COMPLEMENT_ACTIVATION	-0.23150287998128916			
GO_REGULATION_OF_ODONTOGENESIS_OF_DENTIN_CONTAINING_TOOTH	-0.23151321752172324			
GO_MICROTUBULE_CYTOSKELETON	-0.23152789300786908			
GO_POSITIVE_REGULATION_OF_MITOTIC_SISTER_CHROMATID_SEPARATION	-0.23155295700991718			
GO_RIBONUCLEASE_MRP_COMPLEX	-0.23155461820383727			
GO_PURINE_CONTAINING_COMPOUND_SALVAGE	-0.23156384335446026			
MIR589_5P	-0.23157395804411154			
MIR374B_5P	-0.23158115427177645			
GSE41867_NAIVE_VS_DAY30_LCMV_ARMSTRONG_MEMORY_CD8_TCELL_UP	-0.2315866678483956			
REACTOME_NRCAM_INTERACTIONS	-0.2315906787635737			
GSE30083_SP1_VS_SP3_THYMOCYTE_UP	-0.2315924353005265			
MIR4691_3P	-0.23159902750154576			
KEGG_PYRIMIDINE_METABOLISM	-0.23160025598055575			
GO_LOW_DENSITY_LIPOPROTEIN_PARTICLE_BINDING	-0.23160237045400175			
GO_VASCULAR_SMOOTH_MUSCLE_CELL_DEVELOPMENT	-0.2316115690376485			
GO_BONE_MATURATION	-0.2316190018637977			
GO_SUPRAMOLECULAR_COMPLEX	-0.23163871130675634			
GO_CELLULAR_RESPONSE_TO_SALT_STRESS	-0.23165313305685278			
GSE17974_IL4_AND_ANTI_IL12_VS_UNTREATED_24H_ACT_CD4_TCELL_UP	-0.23165429051966355			
GO_PRENYLATION	-0.23166209994647508			
MIR6511A_5P	-0.23167844628224865			
GO_REGULATION_OF_NITRIC_OXIDE_SYNTHASE_ACTIVITY	-0.23168046452613986			
GO_VITAMIN_D_RECEPTOR_SIGNALING_PATHWAY	-0.23168855696071805			
MIR671_5P	-0.23169036156422568			
GO_APOPTOTIC_CHROMOSOME_CONDENSATION	-0.2317074723750166			
GSE29614_DAY3_VS_DAY7_TIV_FLU_VACCINE_PBMC_DN	-0.2317101742052036			
GSE29164_DAY3_VS_DAY7_CD8_TCELL_TREATED_MELANOMA_DN	-0.231724789847082			
GO_VOLTAGE_GATED_SODIUM_CHANNEL_ACTIVITY	-0.2317316333442981			
MARTINELLI_IMMATURE_NEUTROPHIL_UP	-0.2317372999539687			
GO_EXCRETION	-0.231737572548386			
GO_ZONA_PELLUCIDA_RECEPTOR_COMPLEX	-0.23175766839986736			
GO_GEMINI_OF_COILED_BODIES	-0.23178941544294174			
GO_SNORNA_METABOLIC_PROCESS	-0.23178990857510381			
MOROSETTI_FACIOSCAPULOHUMERAL_MUSCULAR_DISTROPHY_UP	-0.23179569366894962			
MIR503_3P	-0.23179602423959528			
GO_MYOSIN_II_COMPLEX	-0.2318060450759064			
GO_FOLLICLE_STIMULATING_HORMONE_SECRETION	-0.23181867419356397			
MIR3184_3P	-0.2318268866959845			
GSE14908_RESTING_VS_HDM_STIM_CD4_TCELL_ATOPIC_PATIENT_UP	-0.2318291007199662			
MIR367_3P	-0.23183027152760893			
REACTOME_DOWNSTREAM_SIGNALING_OF_ACTIVATED_FGFR3	-0.23183470945846524			
GO_CELLULAR_HYPOTONIC_RESPONSE	-0.23183874195674892			
GO_EMBRYONIC_NEUROCRANIUM_MORPHOGENESIS	-0.23184180644767488			
MIR376A_2_5P	-0.23185335552443753			
GO_NEGATIVE_REGULATION_OF_OSTEOBLAST_PROLIFERATION	-0.23186740688744337			
MIR4784	-0.23187016877120328			
GO_NEGATIVE_REGULATION_OF_RECEPTOR_BIOSYNTHETIC_PROCESS	-0.23188714269213367			
MIR12117	-0.23189599939459282			
GO_IGG_BINDING	-0.23189821697016574			
MIR7703	-0.23189967725713123			
MIR5689	-0.23190829561427168			
GO_HEPATOCYTE_GROWTH_FACTOR_RECEPTOR_SIGNALING_PATHWAY	-0.23190864122781818			
TTGCACT_MIR130A_MIR301_MIR130B	-0.23191933989605			
MIR4714_5P	-0.231944879879706			
REACTOME_SWITCHING_OF_ORIGINS_TO_A_POST_REPLICATIVE_STATE	-0.2319510461488943			
GO_HISTONE_DEMETHYLASE_ACTIVITY_H3_K4_SPECIFIC	-0.23198081405379156			
GO_BETA_TUBULIN_BINDING	-0.23198359129632484			
MIR4782_3P	-0.2319949041817127			
chr5p13	-0.23200194895890053			
GO_CARDIAC_MUSCLE_CELL_DIFFERENTIATION	-0.2320139035342324			
GO_L_AMINO_ACID_TRANSMEMBRANE_TRANSPORTER_ACTIVITY	-0.23202249716888299			
GO_PROTECTION_FROM_NON_HOMOLOGOUS_END_JOINING_AT_TELOMERE	-0.23202678136294547			
REACTOME_HIV_INFECTION	-0.23205961326539634			
HALLMARK_HEDGEHOG_SIGNALING	-0.23206325886848989			
IPA_VAV1_UP	-0.23206660290907077			
MIR1299	-0.23207463315691612			
GSE17721_CPG_VS_GARDIQUIMOD_1H_BMDC_DN	-0.2320795609061513			
MIR7853_5P	-0.23208175667954753			
REACTOME_ARACHIDONATE_PRODUCTION_FROM_DAG	-0.23209369032261878			
GO_CELLULAR_PIGMENTATION	-0.2320950000360729			
GO_LAMELLIPODIUM_ASSEMBLY	-0.23210462820488995			
MIR6766_3P	-0.23211581155625208			
MIR6826_5P	-0.23212150411512114			
GSE17721_0.5H_VS_12H_LPS_BMDC_UP	-0.23214585773350652			
GSE25890_CTRL_VS_IL33_IL7_TREATED_NUOCYTES_UP	-0.232149365607311			
GO_EMBRYONIC_BODY_MORPHOGENESIS	-0.23214948448900524			
GSE12845_IGD_POS_BLOOD_VS_DARKZONE_GC_TONSIL_BCELL_DN	-0.23215100630557742			
GSE9946_MATURE_STIMULATORY_VS_PROSTAGLANDINE2_TREATED_MATURE_DC_UP	-0.23215436260034536			
GO_NADPLUS_BINDING	-0.23216550493247962			
GO_NEGATIVE_REGULATION_OF_COLLATERAL_SPROUTING	-0.23216743592672262			
GSE22342_CD11C_HIGH_VS_LOW_DECIDUAL_MACROPHAGES_DN	-0.23218692977464525			
MULLIGHAN_NPM1_MUTATED_SIGNATURE_1_UP	-0.2322155188834544			
GSE18791_CTRL_VS_NEWCASTLE_VIRUS_DC_18H_UP	-0.23224778097969617			
GO_REGULATION_OF_GLUCOCORTICOID_BIOSYNTHETIC_PROCESS	-0.23225155442904735			
GO_CALCIUM_SENSITIVE_GUANYLATE_CYCLASE_ACTIVATOR_ACTIVITY	-0.23225197568221523			
GO_POSITIVE_REGULATION_OF_INTERLEUKIN_10_SECRETION	-0.23227295632854564			
MIR1912_3P	-0.23227508839868			
GO_BEHAVIOR	-0.23227828827185762			
KIM_WT1_TARGETS_DN	-0.23228521028196705			
CHIANG_LIVER_CANCER_SUBCLASS_UNANNOTATED_DN	-0.23230258479784432			
GO_POSITIVE_REGULATION_OF_MONOOXYGENASE_ACTIVITY	-0.2323285646060434			
BRUINS_UVC_RESPONSE_VIA_TP53_GROUP_A	-0.23233354111123164			
GO_PYRIMIDINE_NUCLEOTIDE_BINDING	-0.23233597553057608			
REACTOME_SUMO_IS_CONJUGATED_TO_E1_UBA2_SAE1	-0.2323376840519655			
GO_VCB_COMPLEX	-0.23233994409403436			
REACTOME_CONDENSATION_OF_PROMETAPHASE_CHROMOSOMES	-0.2323403704235925			
GSE14308_TH1_VS_NAIVE_CD4_TCELL_UP	-0.2323595614657753			
GATA6_01	-0.23236238299509251			
MIR3150B_3P	-0.23236242038303576			
GO_MITOTIC_NUCLEAR_DIVISION	-0.23236654465573195			
GSE36476_YOUNG_VS_OLD_DONOR_MEMORY_CD4_TCELL_16H_TSST_ACT_UP	-0.23237558442768413			
GSE27786_NEUTROPHIL_VS_MONO_MAC_UP	-0.23237816324956076			
GO_REGULATION_OF_GLOMERULAR_FILTRATION	-0.23238679245661403			
GSE5589_LPS_VS_LPS_AND_IL10_STIM_IL10_KO_MACROPHAGE_180MIN_UP	-0.23239543030254503			
FOXJ2_02	-0.23240384978924422			
GO_HIGH_DENSITY_LIPOPROTEIN_PARTICLE	-0.2324090084248584			
chr2p15	-0.2324125561412878			
MIR6504_3P	-0.23241799757821804			
GO_INTERLEUKIN_4_SECRETION	-0.23241983548330536			
REACTOME_INTERCONVERSION_OF_NUCLEOTIDE_DI_AND_TRIPHOSPHATES	-0.23242345021531013			
GSE29618_PRE_VS_DAY7_FLU_VACCINE_MONOCYTE_UP	-0.23242532757681547			
MIR135B_3P	-0.23244452167923788			
GO_REGULATION_OF_OXIDATIVE_STRESS_INDUCED_INTRINSIC_APOPTOTIC_SIGNALING_PATHWAY	-0.2324648867979977			
GO_REGULATION_OF_PROTEIN_ADP_RIBOSYLATION	-0.23246660751554826			
GSE1740_MCSF_VS_MCSF_AND_IFNG_DAY2_DERIVED_MACROPHAGE_DN	-0.23247674342914632			
GO_NMDA_GLUTAMATE_RECEPTOR_ACTIVITY	-0.23248664299058644			
MIR4712_3P	-0.2324911471572882			
AACTGAC_MIR223	-0.23249358369675963			
MIR6759_3P	-0.23249542258762662			
GO_TRANSFORMING_GROWTH_FACTOR_BETA_SECRETION	-0.23250016800720194			
GO_POLYSACCHARIDE_CATABOLIC_PROCESS	-0.2325016445302786			
IPA_WNK1_DN	-0.2325027734045385			
PRDM6_TARGET_GENES	-0.232510645078478			
GO_FEMALE_MEIOTIC_NUCLEAR_DIVISION	-0.23251652161405165			
GO_NEGATIVE_REGULATION_OF_PLATELET_DERIVED_GROWTH_FACTOR_RECEPTOR_SIGNALING_PATHWAY	-0.23253189069722285			
GSE29618_PRE_VS_DAY7_POST_LAIV_FLU_VACCINE_MONOCYTE_DN	-0.23253215226705676			
MIR6867_3P	-0.23253876493768522			
KEGG_MISMATCH_REPAIR	-0.23253919606847068			
GO_ADP_BIOSYNTHETIC_PROCESS	-0.23254832001566944			
PER1_TARGET_GENES	-0.2325492961808557			
REACTOME_SEPARATION_OF_SISTER_CHROMATIDS	-0.23255610083408143			
GSE22229_UNTREATED_VS_IMMUNOSUPP_THERAPY_RENAL_TRANSPLANT_PATIENT_PBMC_DN	-0.23256093186197138			
GO_EMBRYONIC_RETINA_MORPHOGENESIS_IN_CAMERA_TYPE_EYE	-0.23257120583909657			
GO_AMINE_BINDING	-0.23258531485705905			
GSE12845_IGD_POS_BLOOD_VS_PRE_GC_TONSIL_BCELL_UP	-0.23260970194358815			
GO_3_5_EXONUCLEASE_ACTIVITY	-0.23261217411543755			
REACTOME_DEFECTS_IN_COBALAMIN_B12_METABOLISM	-0.23261297252227506			
REACTOME_AQUAPORIN_MEDIATED_TRANSPORT	-0.23263020938947698			
GO_POSITIVE_REGULATION_OF_REPRODUCTIVE_PROCESS	-0.23264239900060116			
GO_SOMATIC_STEM_CELL_DIVISION	-0.23264435976625267			
GOUYER_TATI_TARGETS_UP	-0.23264463411859612			
GSE17186_CD21LOW_VS_CD21HIGH_TRANSITIONAL_BCELL_CORD_BLOOD_UP	-0.23264536716126347			
GSE14908_ATOPIC_VS_NONATOPIC_PATIENT_HDM_STIM_CD4_TCELL_UP	-0.23264625061727479			
GO_PURINE_NUCLEOTIDE_SALVAGE	-0.23265682243127733			
MIR640	-0.2326598295407834			
IPA_CDC5L_UP	-0.23266273066651147			
GSE18804_BRAIN_VS_COLON_TUMORAL_MACROPHAGE_DN	-0.23266729593519217			
GO_POSITIVE_REGULATION_OF_RELEASE_OF_CYTOCHROME_C_FROM_MITOCHONDRIA	-0.2326705406139603			
MIR6851_3P	-0.23267165742026444			
GO_POSITIVE_REGULATION_BY_HOST_OF_VIRAL_PROCESS	-0.23267219472626618			
MIR6813_3P	-0.23270728344143402			
GSE15930_NAIVE_VS_48H_IN_VITRO_STIM_IL12_CD8_TCELL_DN	-0.23271357494800057			
MIR377_5P	-0.23271577228225007			
GSE21927_GMCSF_IL6_VS_GMCSF_GCSF_TREATED_BONE_MARROW_DN	-0.23273335252034547			
IPA_NRL_DN	-0.2327623429320183			
MIR3117_5P	-0.23277910419034215			
GSE46606_UNSTIM_VS_CD40L_IL2_IL5_DAY3_STIMULATED_BCELL_UP	-0.23278539604612983			
GO_RESCUE_OF_STALLED_RIBOSOME	-0.23278604123904284			
MIR1264	-0.23278811828540877			
GO_CELLULAR_RESPONSE_TO_HORMONE_STIMULUS	-0.23279056108624327			
MIR8068	-0.2327956002149285			
GSE17721_LPS_VS_PAM3CSK4_24H_BMDC_DN	-0.23280196868001873			
GSE2770_IL12_ACT_VS_ACT_CD4_TCELL_48H_DN	-0.2328058497016167			
GO_NUCLEAR_PORE_ORGANIZATION	-0.23281075647502059			
MIR4486	-0.23281095581019087			
GO_PRERIBOSOME_SMALL_SUBUNIT_PRECURSOR	-0.23282501755289484			
GO_REGULATION_OF_GLYCOPROTEIN_METABOLIC_PROCESS	-0.23282852653561878			
GO_DETECTION_OF_VISIBLE_LIGHT	-0.23283315540794072			
GO_REGULATION_OF_ORGANELLE_ORGANIZATION	-0.23284146724533114			
GO_NEGATIVE_REGULATION_OF_DNA_CATABOLIC_PROCESS	-0.2328434801480435			
GO_OXYSTEROL_BINDING	-0.23285766296822574			
GO_CHONDROBLAST_DIFFERENTIATION	-0.23287044088834472			
IPA_IKZF4_DN	-0.23291190459261737			
IPA_JDP2_UP	-0.23291190459261737			
chr3p25	-0.23292293269444678			
GO_SIRNA_BINDING	-0.2329278470087979			
MIR5697	-0.23294259113978666			
GO_NUCLEOBASE_CONTAINING_SMALL_MOLECULE_INTERCONVERSION	-0.23295094434149635			
ZNF558_TARGET_GENES	-0.23296264327527869			
GO_CAMP_RESPONSE_ELEMENT_BINDING_PROTEIN_BINDING	-0.23296436978259766			
chr10q21	-0.23296543208953857			
GO_SIALIC_ACID_BINDING	-0.2329699821846765			
GO_STRUCTURAL_CONSTITUENT_OF_TOOTH_ENAMEL	-0.23297105717108404			
ZNF816_TARGET_GENES	-0.23297397940082482			
KEGG_OLFACTORY_TRANSDUCTION	-0.23298662689139368			
GO_ENDOTHELIAL_CELL_ACTIVATION	-0.2329991626228182			
IPA_MBD2_DN	-0.23301660643898778			
GO_NEGATIVE_REGULATION_OF_TRIGLYCERIDE_METABOLIC_PROCESS	-0.23303765015057745			
KEGG_PROTEASOME	-0.23303926854286514			
BRACHAT_RESPONSE_TO_CAMPTOTHECIN_DN	-0.2330456277998322			
GO_POSITIVE_REGULATION_OF_NMDA_GLUTAMATE_RECEPTOR_ACTIVITY	-0.2330474271816266			
MIR3620_5P	-0.23305614818673476			
REACTOME_SIGNALING_BY_FGFR1	-0.23306035365028338			
CEBP_Q2	-0.23306059185542927			
TONKS_TARGETS_OF_RUNX1_RUNX1T1_FUSION_SUSTAINDED_IN_ERYTHROCYTE_UP	-0.2330626366830712			
GO_CENTRIOLAR_SATELLITE	-0.2330701485053716			
TATAAA_TATA_01	-0.23307033720519146			
GO_NEGATIVE_REGULATION_OF_CELL_SIZE	-0.23307778855896644			
REACTOME_LTC4_CYSLTR_MEDIATED_IL4_PRODUCTION	-0.23310569053727317			
GO_CELLULAR_RESPONSE_TO_LIGHT_STIMULUS	-0.23311693922984683			
GSE3982_NKCELL_VS_TH1_DN	-0.2331258682456308			
MIR4430	-0.23313060936840083			
MIR1252_5P	-0.2331410759777094			
GO_REGULATION_OF_ADENYLATE_CYCLASE_ACTIVITY	-0.23314218160224517			
REACTOME_CROSS_PRESENTATION_OF_SOLUBLE_EXOGENOUS_ANTIGENS_ENDOSOMES	-0.23316331589736278			
GO_COBALAMIN_METABOLIC_PROCESS	-0.23316611094671724			
MIR6073	-0.23316937772275736			
GO_UBIQUITIN_PROTEIN_TRANSFERASE_ACTIVATOR_ACTIVITY	-0.23321365745589626			
MCBRYAN_PUBERTAL_BREAST_3_4WK_DN	-0.23321645229301424			
KUNINGER_IGF1_VS_PDGFB_TARGETS_UP	-0.23322321789500974			
REACTOME_ROLE_OF_ABL_IN_ROBO_SLIT_SIGNALING	-0.23323552387696103			
REACTOME_REGULATION_OF_GLYCOLYSIS_BY_FRUCTOSE_2_6_BISPHOSPHATE_METABOLISM	-0.23324972052141824			
REACTOME_METABOLISM_OF_NUCLEOTIDES	-0.2332506392145796			
GO_PLANAR_CELL_POLARITY_PATHWAY_INVOLVED_IN_AXIS_ELONGATION	-0.23325414127026395			
GO_RETINAL_ROD_CELL_DEVELOPMENT	-0.23327196098066608			
GO_NEGATIVE_REGULATION_OF_TRANSMISSION_OF_NERVE_IMPULSE	-0.23327330532869398			
MIR6856_3P	-0.23327506388998281			
AML1_01	-0.23328849830744403			
AML1_Q6	-0.23328849830744403			
chr12p12	-0.23329404171665757			
REACTOME_NEDDYLATION	-0.2333089574905704			
REACTOME_RELEASE_OF_HH_NP_FROM_THE_SECRETING_CELL	-0.23331619936813533			
REACTOME_MTORC1_MEDIATED_SIGNALLING	-0.23333417140620974			
LY_AGING_MIDDLE_DN	-0.2333382636980106			
GO_AMINO_ACID_BETAINE_TRANSPORT	-0.23334033201133775			
GO_PROTEIN_GERANYLGERANYLTRANSFERASE_ACTIVITY	-0.23334240599078843			
GO_DEUTEROSOME	-0.23334873346840712			
GO_MATURE_RIBOSOME_ASSEMBLY	-0.23336610662095697			
chr6q21	-0.23336992376301333			
TGTGTGA_MIR377	-0.23337848720385668			
GO_POSITIVE_REGULATION_OF_TRANSCRIPTION_FROM_RNA_POLYMERASE_II_PROMOTER_INVOLVED_IN_CELLULAR_RESPONSE_TO_CHEMICAL_STIMULUS	-0.23339332466427737			
CAGCTTT_MIR320	-0.23339559569708343			
GO_RESPONSE_TO_GRAVITY	-0.2334131564593947			
GSE13887_ACT_CD4_VS_NO_TREATED_CD4_TCELL_DN	-0.23342812686790704			
GO_REGULATION_OF_RETROGRADE_PROTEIN_TRANSPORT_ER_TO_CYTOSOL	-0.2334403346873668			
GO_SUMO_LIGASE_ACTIVITY	-0.23344301982648455			
GSE15330_LYMPHOID_MULTIPOTENT_VS_PRO_BCELL_UP	-0.23344507090348593			
GO_HOST_CELL_NUCLEAR_PART	-0.23345218826655445			
GO_ATTACHMENT_OF_SPINDLE_MICROTUBULES_TO_KINETOCHORE	-0.2334552639073158			
GO_IGE_BINDING	-0.23346143602909347			
GO_SULFUR_AMINO_ACID_BIOSYNTHETIC_PROCESS	-0.2334694462540543			
GSE12839_CTRL_VS_IL12_TREATED_PBMC_DN	-0.23347098457884835			
MIR5189_3P	-0.23347317223447828			
GSE29949_MICROGLIA_BRAIN_VS_CD8_NEG_DC_SPLEEN_DN	-0.23347349497921424			
GO_RESPONSE_TO_ALUMINUM_ION	-0.23348366307278967			
GO_HEPARAN_SULFATE_PROTEOGLYCAN_BINDING	-0.2334851891245637			
GO_OXIDATIVE_RNA_DEMETHYLASE_ACTIVITY	-0.2334870349206105			
GO_OXIDATIVE_RNA_DEMETHYLATION	-0.2334870349206105			
OHM_EMBRYONIC_CARCINOMA_UP	-0.23350769802930807			
GSE8921_UNSTIM_VS_TLR1_2_STIM_MONOCYTE_6H_UP	-0.23352600004408738			
GO_POSITIVE_REGULATION_OF_MESODERM_DEVELOPMENT	-0.23352614957866896			
GSE41867_LCMV_ARMSTRONG_VS_CLONE13_DAY8_EFFECTOR_CD8_TCELL_UP	-0.2335376381367986			
MIR1260A_MIR1260B	-0.2335505215888054			
GO_STEROID_HORMONE_SECRETION	-0.23355353912594531			
GO_DNA_APURINIC_OR_APYRIMIDINIC_SITE_ENDONUCLEASE_ACTIVITY	-0.23357377419007408			
GO_HEXOKINASE_ACTIVITY	-0.23359512747710798			
GSE360_L_DONOVANI_VS_B_MALAYI_LOW_DOSE_MAC_DN	-0.23359965972826444			
ZHANG_BREAST_CANCER_PROGENITORS_DN	-0.23361902734870718			
MIR143_3P_MIR4770	-0.2336211961195395			
MORI_PLASMA_CELL_UP	-0.2336463156366702			
GO_POSITIVE_REGULATION_OF_HUMORAL_IMMUNE_RESPONSE	-0.23365349929772372			
GO_ORGANISM_EMERGENCE_FROM_PROTECTIVE_STRUCTURE	-0.23366584189667317			
IPA_NEUROG1_DN	-0.23367763125826813			
MIR508_3P	-0.23371210747589902			
GO_RESPONSE_TO_ISCHEMIA	-0.23371507756699103			
MIR3670	-0.23372628182746105			
FXR_Q3	-0.23373670302440633			
MIR130B_5P	-0.23374112609398018			
GO_HISTONE_H4_DEACETYLATION	-0.23374312473074965			
SENGUPTA_NASOPHARYNGEAL_CARCINOMA_WITH_LMP1_UP	-0.23374609190777582			
SATO_SILENCED_BY_DEACETYLATION_IN_PANCREATIC_CANCER	-0.23374868361851164			
GO_MITOTIC_NUCLEAR_ENVELOPE_DISASSEMBLY	-0.2337492940749606			
GSE20500_CTRL_VS_RARA_ANTAGONIST_TREATED_CD4_TCELL_DN	-0.23376772424792133			
REACTOME_STABILIZATION_OF_P53	-0.23377043619295418			
GO_POSITIVE_REGULATION_OF_DENDRITIC_CELL_CYTOKINE_PRODUCTION	-0.23377165024369942			
MIR27A_3P_MIR27B_3P	-0.23377189669760007			
GO_REGULATION_OF_ANION_TRANSMEMBRANE_TRANSPORT	-0.2337854458620086			
GO_COMPLEMENT_COMPONENT_C3B_BINDING	-0.23378617344932026			
MIR4288	-0.23378626132918362			
GSE22886_UNSTIM_VS_STIM_MEMORY_TCELL_DN	-0.23378736367049177			
STEARMAN_LUNG_CANCER_EARLY_VS_LATE_UP	-0.2337984586235284			
REACTOME_INSULIN_RECEPTOR_RECYCLING	-0.23382746374908076			
GO_TAU_PROTEIN_BINDING	-0.23382936313158525			
MIR6513_5P	-0.23383263032860602			
GO_NEGATIVE_REGULATION_OF_ANDROGEN_RECEPTOR_SIGNALING_PATHWAY	-0.2338362321386217			
SMID_BREAST_CANCER_RELAPSE_IN_PLEURA_UP	-0.23384091504085086			
GO_MATURATION_OF_5_8S_RRNA_FROM_TRICISTRONIC_RRNA_TRANSCRIPT_SSU_RRNA_5_8S_RRNA_LSU_RRNA	-0.23384198379324667			
GO_LIPID_GLYCOSYLATION	-0.2338489404537465			
GO_CYTOPLASMIC_UBIQUITIN_LIGASE_COMPLEX	-0.23385110615884463			
BIOCARTA_FREE_PATHWAY	-0.23385851415716255			
GO_DNA_REPLICATION_PREINITIATION_COMPLEX	-0.23385904266658933			
GO_REGULATION_OF_HEAT_GENERATION	-0.23386002372533013			
MIR10393_3P	-0.23386812303181037			
GSE1112_OT1_VS_HY_CD8AB_THYMOCYTE_RTOC_CULTURE_DN	-0.2338767870643562			
GSE8921_UNSTIM_0H_VS_TLR1_2_STIM_MONOCYTE_12H_UP	-0.23387920161478745			
GO_TRICARBOXYLIC_ACID_TRANSMEMBRANE_TRANSPORTER_ACTIVITY	-0.23387954452844806			
GO_TRICARBOXYLIC_ACID_TRANSPORT	-0.23387954452844806			
GO_COPI_VESICLE_COAT	-0.23388123484597298			
GO_LIPOPROTEIN_PARTICLE_RECEPTOR_BINDING	-0.2338839228353016			
BIOCARTA_GATA3_PATHWAY	-0.2338934111598379			
TUOMISTO_TUMOR_SUPPRESSION_BY_COL13A1_DN	-0.2339061462837673			
GSE15930_NAIVE_VS_24H_IN_VITRO_STIM_INFAB_CD8_TCELL_DN	-0.23390817089156293			
REACTOME_VXPX_CARGO_TARGETING_TO_CILIUM	-0.2339128678297845			
MIR3622A_5P	-0.23391366581921197			
MIR2681_5P	-0.2339174522084214			
AGCGCTT_MIR518F_MIR518E_MIR518A	-0.23392034782069918			
GO_PROTEIN_FOLDING	-0.23393014264950762			
BIOCARTA_SM_PATHWAY	-0.23393028047632225			
GO_PHOSPHATIDYLCHOLINE_STEROL_O_ACYLTRANSFERASE_ACTIVATOR_ACTIVITY	-0.2339541987221526			
GO_ORNITHINE_DECARBOXYLASE_REGULATOR_ACTIVITY	-0.23395655996676057			
GO_SKELETAL_MUSCLE_SATELLITE_CELL_MAINTENANCE_INVOLVED_IN_SKELETAL_MUSCLE_REGENERATION	-0.233962416086259			
GO_POSITIVE_REGULATION_OF_VASCULAR_WOUND_HEALING	-0.2339909887770383			
GO_REGULATION_OF_ENDOTHELIAL_CELL_CHEMOTAXIS	-0.23399866611695355			
HSF2_TARGET_GENES	-0.23401479969811131			
GSE40274_CTRL_VS_FOXP3_TRANSDUCED_ACTIVATED_CD4_TCELL_UP	-0.23401713182522182			
MIR30E_5P	-0.23403590074194028			
GO_DETECTION_OF_STIMULUS	-0.23405590992429218			
GSE21927_SPLENIC_C26GM_TUMOROUS_VS_BONE_MARROW_MONOCYTES_UP	-0.23406229673698098			
GO_RIBONUCLEOSIDE_MONOPHOSPHATE_METABOLIC_PROCESS	-0.23406660391439252			
SHEPARD_BMYB_TARGETS	-0.23407697212833373			
REACTOME_SYNTHESIS_OF_PIPS_AT_THE_EARLY_ENDOSOME_MEMBRANE	-0.2340847157382329			
GSE5589_WT_VS_IL10_KO_LPS_STIM_MACROPHAGE_45MIN_DN	-0.23408937723768353			
GO_SPINDLE_ELONGATION	-0.23409957717540025			
GSE10325_BCELL_VS_MYELOID_UP	-0.2341295992221335			
IPA_CREB3L3_UP	-0.2341301094865338			
GSE34179_THPOK_KO_VS_WT_VA14I_NKTCELL_DN	-0.23414954771394544			
GO_SIGNAL_TRANSDUCTION_INVOLVED_IN_G2_DNA_DAMAGE_CHECKPOINT	-0.23415289557322308			
ZNF224_TARGET_GENES	-0.23415464192580804			
GO_COMPLEMENT_RECEPTOR_ACTIVITY	-0.23415492407937535			
GO_PROTEIN_KINASE_ACTIVITY	-0.2341550703915836			
GSE9650_GP33_VS_GP276_LCMV_SPECIFIC_EXHAUSTED_CD8_TCELL_DN	-0.23416605417211672			
MIR4269	-0.2341699617214121			
GO_TRANSCRIPTION_ELONGATION_FACTOR_COMPLEX	-0.23417683995075575			
SA_G2_AND_M_PHASES	-0.23418643764419275			
GSE4535_BM_DERIVED_DC_VS_FOLLICULAR_DC_DN	-0.23419292972631345			
GO_LOW_DENSITY_LIPOPROTEIN_PARTICLE_REMODELING	-0.23419518568885678			
GO_NEGATIVE_REGULATION_OF_GRANULOCYTE_DIFFERENTIATION	-0.23419816375182298			
MIR887_5P	-0.23420230016611018			
GSE12001_MIR223_KO_VS_WT_NEUTROPHIL_DN	-0.2342027696786903			
GO_MYOSIN_FILAMENT	-0.23421053007398232			
REACTOME_MRNA_EDITING_C_TO_U_CONVERSION	-0.23421337857277466			
MIR365A_3P_MIR365B_3P	-0.23421567999304732			
GO_RNA_POLYMERASE_II_GENERAL_TRANSCRIPTION_INITIATION_FACTOR_ACTIVITY	-0.23423821979108567			
GO_TRIGEMINAL_GANGLION_DEVELOPMENT	-0.23424232450721538			
REACTOME_RUNX3_REGULATES_BCL2L11_BIM_TRANSCRIPTION	-0.2342432885355647			
IPA_DNAJC1_UP	-0.23425090357749154			
GSE21670_TGFB_VS_TGFB_AND_IL6_TREATED_CD4_TCELL_DN	-0.23425404922436105			
GO_L_ARGININE_TRANSPORT	-0.2342570829325572			
MIR892B	-0.23427043691681085			
GO_NOTCH_RECEPTOR_PROCESSING	-0.23427273723906483			
GO_CCR_CHEMOKINE_RECEPTOR_BINDING	-0.234278213864196			
KAECH_DAY8_EFF_VS_DAY15_EFF_CD8_TCELL_UP	-0.23429332339752965			
MIR135A_2_3P	-0.23429381300940771			
ZNF577_TARGET_GENES	-0.23429396400987992			
NIKOLSKY_BREAST_CANCER_8Q12_Q22_AMPLICON	-0.23429943928287492			
GO_VIRION_ATTACHMENT_TO_HOST_CELL	-0.23430285856271846			
GO_REGULATION_OF_CYTOSKELETON_ORGANIZATION	-0.23430834762769626			
GO_REGULATION_OF_GLUTAMATE_RECEPTOR_SIGNALING_PATHWAY	-0.23431195925952783			
GO_COP9_SIGNALOSOME	-0.23431292021192954			
GO_GLYCOLYTIC_FERMENTATION	-0.23431777817523528			
chr6q25	-0.2343239348969185			
REACTOME_MAP3K8_TPL2_DEPENDENT_MAPK1_3_ACTIVATION	-0.23432936331952084			
GSE12845_IGD_POS_BLOOD_VS_PRE_GC_TONSIL_BCELL_DN	-0.23432966294169535			
GO_POSITIVE_REGULATION_OF_MAST_CELL_ACTIVATION_INVOLVED_IN_IMMUNE_RESPONSE	-0.2343356882931186			
LMX1B_TARGET_GENES	-0.23433781589393002			
GO_DE_NOVO_PYRIMIDINE_NUCLEOBASE_BIOSYNTHETIC_PROCESS	-0.23434483179139784			
GO_POSITIVE_REGULATION_OF_GLIAL_CELL_DIFFERENTIATION	-0.2343527006599101			
REACTOME_MEIOSIS	-0.23435726103372884			
BEGUM_TARGETS_OF_PAX3_FOXO1_FUSION_UP	-0.23436085191999004			
GSE17721_POLYIC_VS_PAM3CSK4_12H_BMDC_UP	-0.23436529438724646			
GO_ERYTHROCYTE_MATURATION	-0.23436639550721033			
REACTOME_ROBO_RECEPTORS_BIND_AKAP5	-0.23438463989260522			
CDC5_01	-0.2343960226200665			
GSE17721_LPS_VS_CPG_0.5H_BMDC_DN	-0.2343973480434594			
GO_1_PHOSPHATIDYLINOSITOL_BINDING	-0.2344038261066044			
MCCABE_HOXC6_TARGETS_DN	-0.23442854164141558			
GO_AXON	-0.23442891489022383			
REACTOME_GASTRIN_CREB_SIGNALLING_PATHWAY_VIA_PKC_AND_MAPK	-0.2344294637100628			
GO_SCAR_COMPLEX	-0.23443013848615676			
GO_TRANSLATION_ACTIVATOR_ACTIVITY	-0.23443331079747895			
GO_RNA_SECONDARY_STRUCTURE_UNWINDING	-0.23445027772057656			
GO_POSITIVE_REGULATION_OF_TRANSCRIPTION_INITIATION_FROM_RNA_POLYMERASE_II_PROMOTER	-0.2344556029140212			
MIR363_3P	-0.23445773758002988			
chr8q11	-0.23446927971311915			
MIR6753_5P	-0.2344704740368251			
GO_DNA_DEMETHYLASE_ACTIVITY	-0.23447274174387564			
KEGG_PENTOSE_AND_GLUCURONATE_INTERCONVERSIONS	-0.23449285960033575			
GO_NUCLEAR_CYCLIN_DEPENDENT_PROTEIN_KINASE_HOLOENZYME_COMPLEX	-0.23450176790668417			
IPA_SMAD1_DN	-0.23450574430754442			
GSE17974_0H_VS_24H_IN_VITRO_ACT_CD4_TCELL_DN	-0.2345070198088659			
GSE19401_PAM2CSK4_VS_RETINOIC_ACID_STIM_FOLLICULAR_DC_UP	-0.2345074822195141			
WARTERS_IR_RESPONSE_5GY	-0.23452316451186342			
GO_FACIT_COLLAGEN_TRIMER	-0.23453131684162867			
REACTOME_HOMOLOGOUS_DNA_PAIRING_AND_STRAND_EXCHANGE	-0.23453922471122318			
GSE14000_TRANSLATED_RNA_VS_MRNA_DC_DN	-0.23455065233566208			
MASRI_RESISTANCE_TO_TAMOXIFEN_AND_AROMATASE_INHIBITORS_DN	-0.23457471581188943			
IPA_HOXA5_DN	-0.2345959046327391			
IPA_MEIS1_DN	-0.2345959046327391			
IPA_KLF4_UP	-0.23459659319414022			
GO_CELLULAR_RESPONSE_TO_FRUCTOSE_STIMULUS	-0.23459792375176916			
GO_POSITIVE_REGULATION_OF_CARDIAC_MUSCLE_TISSUE_DEVELOPMENT	-0.23460785073891058			
MIR7_2_3P	-0.23460827021212718			
GSE37534_GW1929_VS_ROSIGLITAZONE_TREATED_CD4_TCELL_PPARG1_FOXP3_TRANSDUCED_DN	-0.23461977288255825			
GO_PROTON_EXPORTING_ATPASE_ACTIVITY_PHOSPHORYLATIVE_MECHANISM	-0.23463877288049897			
GO_LAMELLIPODIUM_ORGANIZATION	-0.2346489231507316			
GAUSSMANN_MLL_AF4_FUSION_TARGETS_D_DN	-0.2346520733649952			
REACTOME_DOWNSTREAM_SIGNALING_OF_ACTIVATED_FGFR1	-0.23466574810590618			
MIKKELSEN_ES_HCP_WITH_H3_UNMETHYLATED	-0.23466894778783792			
IM_SREBF1A_TARGETS	-0.23467004763839208			
GSE10325_LUPUS_BCELL_VS_LUPUS_MYELOID_UP	-0.23467187356840968			
GSE17721_0.5H_VS_4H_CPG_BMDC_UP	-0.234680572604285			
GSE15330_MEGAKARYOCYTE_ERYTHROID_PROGENITOR_VS_PRO_BCELL_DN	-0.2346823259061106			
GO_L_SERINE_TRANSMEMBRANE_TRANSPORTER_ACTIVITY	-0.23469051483086564			
GO_L_SERINE_TRANSPORT	-0.23469051483086564			
GO_GUANOSINE_CONTAINING_COMPOUND_BIOSYNTHETIC_PROCESS	-0.23469125232392948			
REACTOME_ACTIVATION_OF_PPARGC1A_PGC_1ALPHA_BY_PHOSPHORYLATION	-0.23469712066131784			
MIR4680_5P	-0.2347001562081013			
GO_RIBOSE_PHOSPHATE_DIPHOSPHOKINASE_ACTIVITY	-0.23470277673694892			
GO_RIBOSE_PHOSPHATE_DIPHOSPHOKINASE_COMPLEX	-0.23470277673694892			
GO_ENDOPLASMIC_RETICULUM_TO_CYTOSOL_TRANSPORT	-0.2347103899674435			
GO_CATSPER_COMPLEX	-0.23471569139981763			
GSE24574_BCL6_LOW_TFH_VS_NAIVE_CD4_TCELL_DN	-0.23471591353495735			
GO_SENSORY_PERCEPTION_OF_SMELL	-0.2347291884879336			
REACTOME_RHO_GTPASES_ACTIVATE_IQGAPS	-0.2347390253716504			
GO_DETECTION_OF_CALCIUM_ION	-0.23474691463391253			
BIOCARTA_BARD1_PATHWAY	-0.2347558829443938			
GO_SEX_CHROMOSOME	-0.2347616054495711			
GSE21927_SPLEEN_VS_4T1_TUMOR_MONOCYTE_BALBC_DN	-0.23476371591338566			
MARTINEZ_RESPONSE_TO_TRABECTEDIN_DN	-0.2347673594170487			
REACTOME_MRNA_CAPPING	-0.23476823124853963			
GO_CATALYTIC_STEP_1_SPLICEOSOME	-0.23477170988085289			
GO_STRUCTURAL_CONSTITUENT_OF_CYTOSKELETON	-0.23478737541663255			
AP1FJ_Q2	-0.23479126666294875			
GO_POSITIVE_REGULATION_OF_CARDIAC_MUSCLE_CELL_DIFFERENTIATION	-0.23479369794831842			
GO_INTERLEUKIN_1_ALPHA_PRODUCTION	-0.23479736031358348			
GSE22229_UNTREATED_VS_IMMUNOSUPP_THERAPY_RENAL_TRANSPLANT_PATIENT_PBMC_UP	-0.2347987340437776			
GO_MICROVILLUS	-0.23480411644782026			
GO_HEMOGLOBIN_ALPHA_BINDING	-0.23481522649773656			
MIR25_3P	-0.23482977440672215			
GO_FILAMIN_BINDING	-0.23484083699586186			
GSE17974_2.5H_VS_72H_IL4_AND_ANTI_IL12_ACT_CD4_TCELL_DN	-0.23487598246075514			
GO_REGULATION_OF_COFACTOR_METABOLIC_PROCESS	-0.2348895969311746			
REICHERT_G1S_REGULATORS_AS_PI3K_TARGETS	-0.23491534428695798			
REACTOME_ACTIVATED_TAK1_MEDIATES_P38_MAPK_ACTIVATION	-0.23494876290394587			
GO_INTERFERON_ALPHA_SECRETION	-0.23495732796088883			
BIOCARTA_NO1_PATHWAY	-0.2349683913528291			
BRUINS_UVC_RESPONSE_VIA_TP53_GROUP_D	-0.23496860250779927			
GSE1925_CTRL_VS_24H_IFNG_STIM_IFNG_PRIMED_MACROPHAGE_DN	-0.2349701239300262			
MARZEC_IL2_SIGNALING_DN	-0.2349762076549636			
REACTOME_CYCLIN_A_B1_B2_ASSOCIATED_EVENTS_DURING_G2_M_TRANSITION	-0.23498608488499267			
MIR6865_3P	-0.2350063309136021			
MIR195_3P	-0.23501428856877168			
MIR548A_3P	-0.23503160992787037			
MIR4668_5P	-0.23503252915347497			
PID_ATR_PATHWAY	-0.23503508997973305			
LEE_CALORIE_RESTRICTION_NEOCORTEX_DN	-0.23505580087239225			
GSE19941_IL10_KO_VS_IL10_KO_AND_NFKBP50_KO_LPS_STIM_MACROPHAGE_UP	-0.23506337496108667			
MIR10396A_3P_MIR10396B_3P	-0.23506976894125703			
MIR3686	-0.2350734492486841			
GSE37301_MULTIPOTENT_PROGENITOR_VS_PRO_BCELL_UP	-0.23507621760740158			
chr2p12	-0.23507661416957992			
GO_MRNA_TRANSPORT	-0.2350988007339222			
GO_POSITIVE_REGULATION_OF_CARDIAC_VASCULAR_SMOOTH_MUSCLE_CELL_DIFFERENTIATION	-0.2351071772455014			
GO_REGULATION_OF_AXON_GUIDANCE	-0.2351263350822227			
GO_PRECATALYTIC_SPLICEOSOME	-0.23513311092222583			
MIR3143	-0.2351503948222884			
MILI_PSEUDOPODIA_HAPTOTAXIS_UP	-0.23515611596082167			
IPA_HIF1AN_UP	-0.23515612372546538			
GSE22886_NAIVE_CD4_TCELL_VS_12H_ACT_TH1_DN	-0.23516784242394356			
IPA_SOX4_UP	-0.2351727541311671			
CADWELL_ATG16L1_TARGETS_UP	-0.23517788204767906			
GO_CLATHRIN_COMPLEX	-0.23517816116601362			
GO_HISTONE_DEUBIQUITINATION	-0.23518058770538722			
GSE1460_DP_VS_CD4_THYMOCYTE_UP	-0.23518290787808294			
MIR219A_1_3P	-0.2351966782078837			
GSE22601_CD4_SINGLE_POSITIVE_VS_CD8_SINGLE_POSITIVE_THYMOCYTE_UP	-0.23520650941315227			
GO_POSITIVE_REGULATION_OF_DEACETYLASE_ACTIVITY	-0.2352087420400287			
ZNF785_TARGET_GENES	-0.23521345148892858			
GO_CELLULAR_NITROGEN_COMPOUND_CATABOLIC_PROCESS	-0.23522747629184343			
GSE17721_LPS_VS_CPG_4H_BMDC_DN	-0.2352293227185025			
GO_DNA_METHYLATION_INVOLVED_IN_GAMETE_GENERATION	-0.23522935008218235			
ROYLANCE_BREAST_CANCER_16Q_COPY_NUMBER_DN	-0.23524270795944158			
REACTOME_PLASMA_LIPOPROTEIN_ASSEMBLY_REMODELING_AND_CLEARANCE	-0.23524399502518603			
GO_INTERLEUKIN_17_RECEPTOR_ACTIVITY	-0.23524424802108101			
REACTOME_CONDENSATION_OF_PROPHASE_CHROMOSOMES	-0.23524657758613646			
GO_SCF_DEPENDENT_PROTEASOMAL_UBIQUITIN_DEPENDENT_PROTEIN_CATABOLIC_PROCESS	-0.2352484737506156			
GO_AP_4_ADAPTOR_COMPLEX	-0.23525869200601318			
REACTOME_ACTIVATION_OF_THE_PRE_REPLICATIVE_COMPLEX	-0.23526508995567658			
GSE4984_UNTREATED_VS_LPS_TREATED_DC_UP	-0.23526749957071935			
MIR4533	-0.2352724090983365			
MIR4433B_5P	-0.23528559771761595			
GSE18791_CTRL_VS_NEWCASTLE_VIRUS_DC_8H_UP	-0.23528564705501054			
GSE19888_CTRL_VS_A3R_ACTIVATION_MAST_CELL_DN	-0.23530439626358243			
GO_MODULATION_BY_HOST_OF_VIRAL_PROCESS	-0.2353054714404058			
MIR337_3P	-0.23532245933192353			
chr15q12	-0.2353230373375368			
MIR4711_3P	-0.23532835810344363			
GO_REGULATION_OF_CELL_CYCLE_PROCESS	-0.23534251884626375			
RBL1_TARGET_GENES	-0.2353440822387026			
GO_DE_NOVO_CENTRIOLE_ASSEMBLY	-0.2353492711846103			
MIR505_3P	-0.2353635901108268			
GO_CYTOPLASMIC_TRANSLATION	-0.2353637663316553			
POS_HISTAMINE_RESPONSE_NETWORK	-0.23536556680394297			
GO_NEGATIVE_REGULATION_OF_CELL_PROJECTION_ORGANIZATION	-0.23538145265133925			
GSE17721_CTRL_VS_POLYIC_1H_BMDC_DN	-0.23540125625629404			
REACTOME_SIALIC_ACID_METABOLISM	-0.23540430148718833			
GSE17721_LPS_VS_POLYIC_4H_BMDC_DN	-0.23540938829197733			
SA_CASPASE_CASCADE	-0.23541492162299774			
GSE25088_WT_VS_STAT6_KO_MACROPHAGE_DN	-0.2354389654369524			
MIR517A_3P_MIR517B_3P_MIR517C_3P	-0.235438978587892			
REACTOME_ABC_FAMILY_PROTEINS_MEDIATED_TRANSPORT	-0.23544408959248825			
MIR548L	-0.2354455392341558			
GO_CARDIOBLAST_DIFFERENTIATION	-0.23545305341086195			
GSE18893_TCONV_VS_TREG_24H_TNF_STIM_DN	-0.23545445139795598			
GSE9878_CTRL_VS_EBF_TRANSDUCED_PAX5_KO_PRO_BCELL_DN	-0.23546449561000993			
IPA_TCF7L1_UP	-0.23548792304711563			
MIR635	-0.2354879366839794			
GO_NEURON_PROJECTION_MAINTENANCE	-0.2354991838035712			
MIR92A_3P	-0.23549979799884802			
GSE1460_DP_THYMOCYTE_VS_NAIVE_CD4_TCELL_ADULT_BLOOD_UP	-0.2355027974471685			
GO_SISTER_CHROMATID_COHESION	-0.23550618481125302			
GSE19923_WT_VS_E2A_KO_DP_THYMOCYTE_DN	-0.23551714382456274			
GSE26290_WT_VS_PDK1_KO_ANTI_CD3_AND_IL2_STIM_CD8_TCELL_DN	-0.2355223808455153			
GO_GLOMERULAR_MESANGIAL_CELL_DIFFERENTIATION	-0.23552349367914663			
GO_NEGATIVE_REGULATION_OF_DNA_METABOLIC_PROCESS	-0.23552774289365175			
REACTOME_KERATAN_SULFATE_BIOSYNTHESIS	-0.23553473524573706			
GO_HOST_CELL_NUCLEUS	-0.23553810387224136			
GO_RNA_ADENYLYLTRANSFERASE_ACTIVITY	-0.2355476835702534			
MIR224_3P	-0.23554846652792166			
LEIN_OLIGODENDROCYTE_MARKERS	-0.2355488332529515			
MIR497_3P	-0.23556882987130415			
GO_PROTEIN_AUTOUBIQUITINATION	-0.2355723168759791			
KEGG_TYPE_II_DIABETES_MELLITUS	-0.2355839888819622			
BURTON_ADIPOGENESIS_3	-0.2355974892039434			
GSE43863_NAIVE_VS_TFH_CD4_EFF_TCELL_D6_LCMV_UP	-0.23560598198409388			
GO_AMP_BIOSYNTHETIC_PROCESS	-0.23560789640735885			
MATZUK_SPERMATOCYTE	-0.2356090370080638			
WHITFIELD_CELL_CYCLE_G2_M	-0.23561450833060646			
MIR4790_3P	-0.2356165753843757			
MIR1224_5P	-0.23562957221383463			
GO_TOR_SIGNALING	-0.2356313167982776			
MIR766_3P	-0.23564056150185692			
SEMBA_FHIT_TARGETS_UP	-0.2356410772363943			
MIR92B_3P	-0.23564329836620293			
FOXO4_01	-0.23565946568803323			
VERRECCHIA_RESPONSE_TO_TGFB1_C5	-0.2356645193867397			
GO_HEMOGLOBIN_COMPLEX	-0.23568393647165792			
GO_RECOMBINATIONAL_REPAIR	-0.2357029700362319			
GSE41978_WT_VS_BIM_KO_KLRG1_LOW_EFFECTOR_CD8_TCELL_UP	-0.23570721396017888			
GO_NEGATIVE_REGULATION_OF_LIPOPROTEIN_LIPASE_ACTIVITY	-0.2357073088220816			
NCOA6_TARGET_GENES	-0.2357100856165101			
GO_REGULATION_OF_MESODERMAL_CELL_DIFFERENTIATION	-0.2357196433439294			
GO_REGULATION_OF_MESODERM_FORMATION	-0.2357196433439294			
GSE14415_INDUCED_TREG_VS_TCONV_UP	-0.2357314346950939			
GSE28737_FOLLICULAR_VS_MARGINAL_ZONE_BCELL_UP	-0.23574383447113473			
GO_PERINUCLEAR_ENDOPLASMIC_RETICULUM	-0.23574860627069186			
GO_CYCLIC_NUCLEOTIDE_METABOLIC_PROCESS	-0.23576167821627553			
GO_REGULATION_OF_PROTEIN_MODIFICATION_BY_SMALL_PROTEIN_CONJUGATION_OR_REMOVAL	-0.23576423059947085			
BIOCARTA_AHSP_PATHWAY	-0.2357736848381445			
GSE40274_CTRL_VS_SATB1_TRANSDUCED_ACTIVATED_CD4_TCELL_DN	-0.23579195568055597			
GO_PYRIMIDINE_NUCLEOSIDE_MONOPHOSPHATE_METABOLIC_PROCESS	-0.23579462085562383			
GO_DEOXYRIBONUCLEOSIDE_MONOPHOSPHATE_BIOSYNTHETIC_PROCESS	-0.2357989036128374			
ACTGTGA_MIR27A_MIR27B	-0.2357994177988439			
GO_FOREBRAIN_NEUROBLAST_DIVISION	-0.23584904304592821			
GO_TRANSFERASE_ACTIVITY_TRANSFERRING_AMINO_ACYL_GROUPS	-0.23585550023929228			
GO_CELLULAR_RESPONSE_TO_PEPTIDE_HORMONE_STIMULUS	-0.23585680241529544			
REACTOME_ELECTRIC_TRANSMISSION_ACROSS_GAP_JUNCTIONS	-0.23586519919426308			
REACTOME_G1_S_SPECIFIC_TRANSCRIPTION	-0.23588597576804252			
MIR105_5P	-0.23588873730792545			
MIR4695_5P	-0.23590137009471146			
GSE37532_TREG_VS_TCONV_PPARG_KO_CD4_TCELL_FROM_VISCERAL_ADIPOSE_TISSUE_UP	-0.23590601243946152			
GSE21063_CTRL_VS_ANTI_IGM_STIM_BCELL_16H_UP	-0.2359195510658613			
GGTGAAG_MIR412	-0.235925608804575			
GO_GLUCOCORTICOID_RECEPTOR_BINDING	-0.23592591860251927			
GO_CELLULAR_IRON_ION_HOMEOSTASIS	-0.23593044484650746			
GSE3982_BCELL_VS_CENT_MEMORY_CD4_TCELL_DN	-0.23593761645378414			
GSE22601_DOUBLE_NEGATIVE_VS_CD8_SINGLE_POSITIVE_THYMOCYTE_UP	-0.23594624586812882			
MIR7_1_3P	-0.2359497002196003			
GSE17721_PAM3CSK4_VS_GADIQUIMOD_6H_BMDC_UP	-0.23595003799230702			
SRC_UP.V1_UP	-0.23598250279223495			
GO_NEGATIVE_REGULATION_OF_CALCIUM_ION_TRANSMEMBRANE_TRANSPORT	-0.23599483822362233			
MIR548BC	-0.23600514783652263			
GO_VENTRICULAR_TRABECULA_MYOCARDIUM_MORPHOGENESIS	-0.23600799946910372			
MIR767_5P	-0.23601029719586816			
MIR3194_5P	-0.23601295016702112			
GSE8685_IL2_STARVED_VS_IL21_ACT_IL2_STARVED_CD4_TCELL_DN	-0.23601671826252665			
BRCA1_DN.V1_DN	-0.2360714221346659			
GSE22886_NAIVE_CD4_TCELL_VS_MONOCYTE_UP	-0.2360736405767706			
REACTOME_DISEASES_ASSOCIATED_WITH_GLYCOSYLATION_PRECURSOR_BIOSYNTHESIS	-0.23608073366902516			
GO_PRE_MRNA_3_SPLICE_SITE_BINDING	-0.23608970106644886			
BIOCARTA_LDL_PATHWAY	-0.23609359819904394			
GO_DOUBLE_STRAND_BREAK_REPAIR	-0.23609360507906876			
GSE11961_PLASMA_CELL_DAY7_VS_MEMORY_BCELL_DAY40_DN	-0.23609464277198328			
MIR4703_5P	-0.23610164060654462			
GO_GUANOSINE_CONTAINING_COMPOUND_METABOLIC_PROCESS	-0.23611763199077457			
REACTOME_REGULATION_OF_TP53_ACTIVITY_THROUGH_METHYLATION	-0.23613736051607365			
GO_POSTSYNAPTIC_MEMBRANE_ASSEMBLY	-0.23613789421258413			
GO_DNA_DEPENDENT_DNA_REPLICATION	-0.23614990626175716			
SMIRNOV_RESPONSE_TO_IR_2HR_DN	-0.2361534016384499			
REACTOME_KSRP_KHSRP_BINDS_AND_DESTABILIZES_MRNA	-0.23615660608308278			
GO_RESPONSE_TO_PHEROMONE	-0.23615730371172225			
GSE16385_MONOCYTE_VS_12H_IFNG_TNF_TREATED_MACROPHAGE_DN	-0.23616044342748493			
GO_AXON_DEVELOPMENT	-0.23618100511118575			
IPA_ETS2_DN	-0.23618894040002875			
PARK_HSC_VS_MULTIPOTENT_PROGENITORS_UP	-0.23620543858730017			
GO_MODIFICATION_OF_MORPHOLOGY_OR_PHYSIOLOGY_OF_OTHER_ORGANISM	-0.23620659268283625			
GO_CARDIAC_MUSCLE_CELL_FATE_COMMITMENT	-0.23620993313212532			
GO_PROTEASOMAL_PROTEIN_CATABOLIC_PROCESS	-0.23621231809488624			
GO_RIBONUCLEOTIDE_BINDING	-0.23621834036979744			
GSE28726_NAIVE_VS_ACTIVATED_VA24NEG_NKTCELL_UP	-0.23622437073357805			
YANG_BCL3_TARGETS_UP	-0.23623338975982291			
MIR3145_3P	-0.23624279686110533			
GSE15930_NAIVE_VS_24H_IN_VITRO_STIM_IL12_CD8_TCELL_UP	-0.2362585875729813			
GO_IRON_IMPORT_INTO_CELL	-0.23626594668809545			
GO_PROTON_TRANSPORTING_V_TYPE_ATPASE_COMPLEX	-0.23627455832203			
GO_SULFUR_AMINO_ACID_METABOLIC_PROCESS	-0.2362754625105107			
GO_DRINKING_BEHAVIOR	-0.2362797135540255			
TAF9B_TARGET_GENES	-0.23629495767015993			
GSE2706_2H_VS_8H_LPS_STIM_DC_UP	-0.23630044500255265			
GO_CHAPERONIN_CONTAINING_T_COMPLEX	-0.23630243143070948			
ROESSLER_LIVER_CANCER_METASTASIS_UP	-0.23630480840137644			
IPA_ONECUT1_UP	-0.2363127453531849			
MIR96_5P	-0.23631306120060525			
SHIPP_DLBCL_VS_FOLLICULAR_LYMPHOMA_DN	-0.2363163749860247			
GSE13411_IGM_MEMORY_BCELL_VS_PLASMA_CELL_DN	-0.23638029279071054			
FISCHER_DREAM_TARGETS	-0.23638132191309733			
MIR616_3P	-0.23641011058190922			
MIR512_5P	-0.23641974151870201			
REACTOME_LINOLEIC_ACID_LA_METABOLISM	-0.23642306282569678			
GO_CAMP_DEPENDENT_PROTEIN_KINASE_COMPLEX	-0.23642757433422312			
MIR4730	-0.23643327489913202			
PID_ERBB1_DOWNSTREAM_PATHWAY	-0.2364443550612497			
MIR8057	-0.236445628269877			
MIR380_3P	-0.23645165549257183			
GO_REGULATION_OF_AUTOPHAGY_OF_MITOCHONDRION	-0.23646349228214902			
IPA_NR1D2_DN	-0.23646951273802155			
IPA_NR1D1_DN	-0.23646951273802155			
GSE18893_CTRL_VS_TNF_TREATED_TREG_24H_DN	-0.23646973530708923			
GO_POSITIVE_REGULATION_OF_TRANSFORMING_GROWTH_FACTOR_BETA1_PRODUCTION	-0.2364757817004703			
CAIRO_HEPATOBLASTOMA_CLASSES_DN	-0.23650270264448006			
REACTOME_G1_S_DNA_DAMAGE_CHECKPOINTS	-0.23651138969420377			
GO_REGULATION_OF_ENDOPLASMIC_RETICULUM_TUBULAR_NETWORK_ORGANIZATION	-0.23651315191708877			
GSE15930_NAIVE_VS_24H_IN_VITRO_STIM_IL12_CD8_TCELL_DN	-0.23652275127400252			
chr13q21	-0.23652960189428754			
GO_ASTROCYTE_DEVELOPMENT	-0.23653495938981198			
MIR4774_5P	-0.23655091727662897			
PID_ERB_GENOMIC_PATHWAY	-0.23657536991767145			
chr2q14	-0.23660302548606915			
MIR32_5P	-0.23660821189418124			
GSE20500_CTRL_VS_RETINOIC_ACID_TREATED_CD4_TCELL_UP	-0.23661944497436507			
GO_NEGATIVE_REGULATION_OF_FATTY_ACID_METABOLIC_PROCESS	-0.23662166636044715			
MCCABE_HOXC6_TARGETS_CANCER_UP	-0.2366221560651523			
GO_CATECHOLAMINE_UPTAKE	-0.23663666936972155			
GO_METAL_ION_TRANSMEMBRANE_TRANSPORTER_ACTIVITY	-0.2366447397246742			
chrXp22	-0.23665713115999543			
GSE2935_UV_INACTIVATED_VS_LIVE_SENDAI_VIRUS_INF_MACROPHAGE_UP	-0.2366600008784609			
GO_NUCLEAR_RECEPTOR_BINDING	-0.23667519909240736			
GO_NEGATIVE_REGULATION_OF_CELL_POPULATION_PROLIFERATION	-0.23667649985517322			
GSE42021_CD24HI_TREG_VS_CD24HI_TCONV_THYMUS_UP	-0.23668093526927483			
GO_IMMATURE_B_CELL_DIFFERENTIATION	-0.23669642344337452			
IPA_HIF1A_DN	-0.23669725431591976			
GO_REGULATION_OF_GROWTH_HORMONE_SECRETION	-0.23670846722826475			
MIR6863	-0.23670857054687328			
GO_REGULATION_OF_MICROTUBULE_BASED_MOVEMENT	-0.23673815668367928			
GO_PHOSPHATE_ION_TRANSPORT	-0.23674123480626103			
GSE16385_IFNG_TNF_VS_UNSTIM_MACROPHAGE_ROSIGLITAZONE_TREATED_UP	-0.2367538928800115			
GO_PROTEIN_CONTAINING_COMPLEX_ASSEMBLY	-0.23675568494514249			
GSE37416_CTRL_VS_48H_F_TULARENSIS_LVS_NEUTROPHIL_UP	-0.23675908917197716			
REACTOME_PLASMA_LIPOPROTEIN_REMODELING	-0.23675995719696508			
REACTOME_HOMOLOGY_DIRECTED_REPAIR	-0.23681856928132403			
BIOCARTA_CACAM_PATHWAY	-0.23682550896205662			
GO_PROCESS_UTILIZING_AUTOPHAGIC_MECHANISM	-0.23683278189268145			
CEBPZ_TARGET_GENES	-0.2368565935496211			
GO_COHESIN_LOADING	-0.2368583995641634			
GO_ACTIVIN_ACTIVATED_RECEPTOR_ACTIVITY	-0.2368768470221251			
GO_SALIVA_SECRETION	-0.23688202077287498			
GSE20500_RETINOIC_ACID_VS_RARA_ANTAGONIST_TREATED_CD4_TCELL_UP	-0.23689191005875598			
GSE46143_CTRL_VS_LMP2A_TRANSDUCED_CD10_POS_GC_BCELL_UP	-0.23689603058048558			
GO_POSITIVE_REGULATION_OF_APOPTOTIC_CELL_CLEARANCE	-0.23689797633679965			
GSE14308_TH2_VS_NAIVE_CD4_TCELL_UP	-0.23695520299798528			
HNF6_Q6	-0.2369560515502727			
GO_OLIGOPEPTIDE_TRANSPORT	-0.23695826526442543			
GSE3982_MAST_CELL_VS_NKCELL_DN	-0.23695836917888366			
BIOCARTA_CTCF_PATHWAY	-0.23697084158363718			
GO_NEGATIVE_REGULATION_OF_ACTIVIN_RECEPTOR_SIGNALING_PATHWAY	-0.2369779395251173			
GSE45365_HEALTHY_VS_MCMV_INFECTION_CD8A_DC_UP	-0.236988709016246			
GO_REGULATION_OF_CATION_TRANSMEMBRANE_TRANSPORT	-0.2369905533515174			
GSE13547_CTRL_VS_ANTI_IGM_STIM_ZFX_KO_BCELL_12H_DN	-0.2369995411602314			
MIR10226	-0.23702865165502654			
IPA_CTBP1_DN	-0.2370334967721998			
GSE22886_NAIVE_CD4_TCELL_VS_48H_ACT_TH2_DN	-0.23703443294323656			
chr4p16	-0.23703444324108877			
MIR3619_5P	-0.23704687539783195			
MIR6893_3P	-0.2370478782353256			
GO_CONDENSED_CHROMOSOME_CENTROMERIC_REGION	-0.23705040011430661			
DBP_Q6	-0.23705419095997235			
GO_CUL4B_RING_E3_UBIQUITIN_LIGASE_COMPLEX	-0.23705705309657313			
IPA_NR2F2_UP	-0.2370637198184419			
REACTOME_HEME_BIOSYNTHESIS	-0.23707049812792763			
GO_POSITIVE_REGULATION_OF_KIDNEY_DEVELOPMENT	-0.23707682671102012			
MIR12133	-0.23708583581729287			
GO_PYRIMIDINE_DEOXYRIBONUCLEOSIDE_METABOLIC_PROCESS	-0.2370867125558236			
VALK_AML_CLUSTER_12	-0.2370923509148293			
MIR4708_5P	-0.23709513006955			
GO_GDP_BINDING	-0.23710796222744257			
GO_POSITIVE_REGULATION_OF_UBIQUITIN_PROTEIN_LIGASE_ACTIVITY	-0.23710968100687066			
IPA_CREB5_DN	-0.23710982405416606			
IPA_LMO3_DN	-0.23710982405416606			
GO_NUCLEAR_PORE_OUTER_RING	-0.2371134240589286			
GSE42724_NAIVE_VS_B1_BCELL_DN	-0.23711547310734243			
GSE25088_WT_VS_STAT6_KO_MACROPHAGE_IL4_STIM_UP	-0.23711706549446496			
DISTECHE_ESCAPED_FROM_X_INACTIVATION	-0.23713034816039102			
RADAEVA_RESPONSE_TO_IFNA1_UP	-0.23713166507057853			
REACTOME_WAX_AND_PLASMALOGEN_BIOSYNTHESIS	-0.23714291037065618			
MIR499A_3P	-0.2371438547245138			
GO_NEGATIVE_REGULATION_OF_INSULIN_SECRETION_INVOLVED_IN_CELLULAR_RESPONSE_TO_GLUCOSE_STIMULUS	-0.2371456462319478			
MIR29A_5P	-0.23717256178970125			
GSE27786_BCELL_VS_MONO_MAC_DN	-0.23717585630691151			
GO_AMINOACYL_TRNA_SYNTHETASE_MULTIENZYME_COMPLEX	-0.23717743971820468			
GSE43863_NAIVE_VS_TH1_EFF_CD4_TCELL_D6_LCMV_UP	-0.23718938594604727			
MIR6079	-0.2372002176839271			
IPA_HAND2_UP	-0.23720707290844478			
GO_POSITIVE_REGULATION_OF_MONOCYTE_CHEMOTACTIC_PROTEIN_1_PRODUCTION	-0.23721273512475663			
REACTOME_SODIUM_CALCIUM_EXCHANGERS	-0.2372204565914067			
GSE15324_NAIVE_VS_ACTIVATED_CD8_TCELL_UP	-0.23722408104857165			
GSE22527_ANTI_CD3_INVIVO_VS_UNTREATED_MOUSE_TREG_DN	-0.23723077305862605			
GO_REGULATION_OF_PEPTIDYL_CYSTEINE_S_NITROSYLATION	-0.23727120994988107			
GSE18791_CTRL_VS_NEWCASTLE_VIRUS_DC_1H_DN	-0.23729369693289215			
GO_RESPONSE_TO_ALCOHOL	-0.23729403374140634			
GO_MAIN_AXON	-0.2373015520065121			
GO_ZINC_ION_IMPORT_ACROSS_PLASMA_MEMBRANE	-0.23730493972464037			
MIR6801_5P	-0.23730653849604183			
REACTOME_SEALING_OF_THE_NUCLEAR_ENVELOPE_NE_BY_ESCRT_III	-0.23731151869342926			
KMCATNNWGGA_UNKNOWN	-0.23731951427228293			
GSE2197_CPG_DNA_VS_UNTREATED_IN_DC_DN	-0.23732417532234865			
GO_CARBOHYDRATE_DERIVATIVE_METABOLIC_PROCESS	-0.23733624190405023			
GO_NEGATIVE_REGULATION_OF_MUSCLE_CONTRACTION	-0.23734139405287072			
HFH8_01	-0.2373420820447685			
GO_3_5_CYCLIC_GMP_PHOSPHODIESTERASE_ACTIVITY	-0.23734982904441007			
AHR_01	-0.23736025797846155			
GO_PURINE_NUCLEOSIDE_TRIPHOSPHATE_METABOLIC_PROCESS	-0.2373606372309454			
MIR4797_3P	-0.237361022520299			
GO_PROTEIN_CONTAINING_COMPLEX_REMODELING	-0.23736771698464698			
ZBTB18_TARGET_GENES	-0.2373723799678182			
GSE21063_WT_VS_NFATC1_KO_8H_ANTI_IGM_STIM_BCELL_DN	-0.23737812550487988			
GO_SUPEROXIDE_GENERATING_NADPH_OXIDASE_ACTIVITY	-0.23740948414212568			
GSE14000_UNSTIM_VS_4H_LPS_DC_TRANSLATED_RNA_UP	-0.23742176577431268			
GTGCCTT_MIR506	-0.23743866261857666			
GO_MEMBRANE_COAT	-0.2374412152247694			
MIR2117	-0.23744329151355584			
DIAZ_CHRONIC_MEYLOGENOUS_LEUKEMIA_UP	-0.23744404741423877			
GO_FIBROBLAST_GROWTH_FACTOR_RECEPTOR_BINDING	-0.2374441288704993			
GO_C2H2_ZINC_FINGER_DOMAIN_BINDING	-0.23745200825927187			
PID_ATM_PATHWAY	-0.23745776602046212			
GSE3982_BASOPHIL_VS_TH1_DN	-0.23746110673983628			
MIR548F_3P	-0.23746123298597227			
GO_INTERLEUKIN_5_PRODUCTION	-0.2374655355730304			
GO_RUFFLE_MEMBRANE	-0.23747154065987375			
GO_TRIGLYCERIDE_METABOLIC_PROCESS	-0.23747515758500862			
GSE11057_NAIVE_VS_MEMORY_CD4_TCELL_UP	-0.23747554023480982			
WIEMANN_TELOMERE_SHORTENING_AND_CHRONIC_LIVER_DAMAGE_UP	-0.2374802503975889			
GO_MODIFICATION_DEPENDENT_MACROMOLECULE_CATABOLIC_PROCESS	-0.23748378513202809			
MIR485_3P	-0.23749063879121501			
GSE25123_ROSIGLITAZONE_VS_IL4_AND_ROSIGLITAZONE_STIM_PPARG_KO_MACROPHAGE_DAY10_UP	-0.23749126551033836			
GO_REGULATION_OF_ACTIN_FILAMENT_BASED_PROCESS	-0.23749799793120308			
GO_POSITIVE_REGULATION_OF_DOPAMINE_SECRETION	-0.23750112475954213			
MIR4303	-0.23750658557878548			
GO_RETROMER_COMPLEX	-0.23750702903394655			
GO_REGULATION_OF_PLASMA_LIPOPROTEIN_PARTICLE_LEVELS	-0.23751092217686015			
BIOCARTA_LECTIN_PATHWAY	-0.23751395748067533			
MIR4310	-0.23752456299584396			
GO_RESPONSE_TO_INCREASED_OXYGEN_LEVELS	-0.23753066019344962			
IPA_MXI1_DN	-0.23753414610608578			
REACTOME_NEGATIVE_REGULATION_OF_NOTCH4_SIGNALING	-0.2375494294517317			
GO_TRANSITION_METAL_ION_TRANSMEMBRANE_TRANSPORTER_ACTIVITY	-0.23755734469783574			
REACTOME_SEROTONIN_RECEPTORS	-0.23756896100764344			
GO_SARCOPLASM	-0.23759503235429139			
GSE24634_TEFF_VS_TCONV_DAY3_IN_CULTURE_UP	-0.23759588277299457			
GO_BASEMENT_MEMBRANE_COLLAGEN_TRIMER	-0.23761846224546598			
MIR3663_3P	-0.23762245308781502			
GO_PHOSPHOLIPASE_BINDING	-0.2376340604004018			
MIR1272	-0.23764394540026937			
GO_PROSTANOID_RECEPTOR_ACTIVITY	-0.23764470474624286			
REACTOME_BBSOME_MEDIATED_CARGO_TARGETING_TO_CILIUM	-0.2376568642888547			
GO_DNA_RECOMBINASE_MEDIATOR_COMPLEX	-0.2376645019732682			
GO_CALCIUM_CHANNEL_COMPLEX	-0.2376700120579698			
GO_DETECTION_OF_LIGHT_STIMULUS	-0.2376854886657877			
GO_NEGATIVE_REGULATION_OF_DNA_TEMPLATED_TRANSCRIPTION_INITIATION	-0.23768839208181433			
GO_CHROMOSOME_ORGANIZATION	-0.23769221443973557			
MIR4428	-0.23769263239074104			
MIR23A_3P_MIR23B_3P	-0.2377136335986321			
GSE2770_UNTREATED_VS_IL4_TREATED_ACT_CD4_TCELL_48H_DN	-0.23771655657173724			
ZNF362_TARGET_GENES	-0.23771838846707552			
GO_REGULATION_OF_HISTONE_H3_K9_METHYLATION	-0.23772058614847041			
GO_POSTSYNAPTIC_SPECIALIZATION_ORGANIZATION	-0.23772740511250098			
REACTOME_RAB_GEFS_EXCHANGE_GTP_FOR_GDP_ON_RABS	-0.23772902828238623			
GO_COGNITION	-0.23773077099969955			
GSE3982_NEUTROPHIL_VS_EFF_MEMORY_CD4_TCELL_DN	-0.237732303357029			
MIR4677_3P	-0.23774089595322714			
REACTOME_PHENYLALANINE_METABOLISM	-0.23774154782489632			
chr2p23	-0.23775448652754783			
GO_REGULATION_OF_CELL_CYCLE_G2_M_PHASE_TRANSITION	-0.23776595506590525			
CYCLIN_D1_UP.V1_UP	-0.23776791018338023			
REACTOME_PHYSIOLOGICAL_FACTORS	-0.23777108694589993			
GSE43863_TH1_VS_LY6C_INT_CXCR5POS_EFFECTOR_CD4_TCELL_UP	-0.23777528704147427			
GO_CELLULAR_RESPONSE_TO_GLUCOSE_STARVATION	-0.23777831220144727			
ATF6_01	-0.2377815892163575			
SIG_CD40PATHWAYMAP	-0.23780148127398654			
GO_CHROMATIN_SILENCING_AT_TELOMERE	-0.23780395515691952			
GO_RESPIRATORY_SYSTEM_PROCESS	-0.23781017079737027			
GSE17974_0H_VS_12H_IN_VITRO_ACT_CD4_TCELL_DN	-0.23781915569340692			
GO_RESPONSE_TO_TEMPERATURE_STIMULUS	-0.23782645993803259			
IPA_FIGLA_UP	-0.23783503531202554			
chr9q33	-0.23784260939938034			
GO_ATPASE_ACTIVITY_COUPLED	-0.23784831746794666			
GSE27786_CD8_TCELL_VS_NKCELL_UP	-0.23785289728695094			
GO_CARDIAC_SEPTUM_DEVELOPMENT	-0.2378545517520536			
GO_POST_EMBRYONIC_ANIMAL_MORPHOGENESIS	-0.23786876533869572			
GO_VOLTAGE_GATED_ION_CHANNEL_ACTIVITY	-0.23787080542805744			
MIR520E_5P	-0.2378755087485112			
GO_THYROID_HORMONE_TRANSPORT	-0.23790765510579748			
GO_NEGATIVE_REGULATION_OF_INTERLEUKIN_8_BIOSYNTHETIC_PROCESS	-0.23790805853572045			
GO_CYTOPLASMIC_SEQUESTERING_OF_TRANSCRIPTION_FACTOR	-0.23790835150070958			
MIR3942_5P	-0.23790962472245214			
GO_EXTRACELLULAR_MATRIX_PROTEIN_BINDING	-0.23791655884562135			
GO_NEUTRAL_AMINO_ACID_TRANSMEMBRANE_TRANSPORTER_ACTIVITY	-0.23792023377221788			
MIR3690	-0.2379474245602973			
BIOCARTA_IGF1R_PATHWAY	-0.23794836010254103			
GSE23925_DARK_ZONE_VS_NAIVE_BCELL_UP	-0.23796471254280446			
GSE25087_FETAL_VS_ADULT_TCONV_DN	-0.23797820885566376			
REACTOME_TIE2_SIGNALING	-0.23799217528478062			
MIR630	-0.23799993635462433			
MIR6894_3P	-0.23800853341745026			
REACTOME_INITIAL_TRIGGERING_OF_COMPLEMENT	-0.2380150745193884			
GO_MESODERMAL_CELL_FATE_SPECIFICATION	-0.2380351267730667			
GO_SPLICEOSOMAL_TRI_SNRNP_COMPLEX	-0.23805713356096583			
GO_AMYLOID_BETA_BINDING	-0.23807401531750375			
GO_MIDBODY	-0.2381092998016746			
GSE15330_HSC_VS_MEGAKARYOCYTE_ERYTHROID_PROGENITOR_UP	-0.23811565112899635			
MIR539_3P	-0.23812893611545438			
GO_RUFFLE	-0.23813495127505274			
GO_MELANOSOME_MEMBRANE	-0.23814211312428532			
GO_REGULATION_OF_POLYAMINE_TRANSMEMBRANE_TRANSPORT	-0.23814851382321012			
IPA_SIM1_DN	-0.23815716496543257			
GO_PROTEIN_DEGLUTAMYLATION	-0.23815973987830727			
GSE17721_0.5H_VS_4H_POLYIC_BMDC_UP	-0.2381661149227159			
AATGTGA_MIR23A_MIR23B	-0.23818621401101583			
GO_POSITIVE_REGULATION_OF_LIPOPROTEIN_METABOLIC_PROCESS	-0.23818735590577392			
GO_HISTONE_H2B_UBIQUITINATION	-0.2381947432145405			
REACTOME_ACTIVATED_NTRK2_SIGNALS_THROUGH_RAS	-0.238195415992013			
GO_METHYLTRANSFERASE_COMPLEX	-0.23819573762162202			
MIR30A_5P	-0.2382117678522803			
GO_AMMONIUM_TRANSPORT	-0.23821640130536906			
GSE21063_WT_VS_NFATC1_KO_BCELL_DN	-0.23825755811383229			
PAX2_01	-0.23826866810945257			
GO_NEGATIVE_REGULATION_OF_DNA_BIOSYNTHETIC_PROCESS	-0.23827668434769048			
GO_CELL_DIVISION	-0.23827876512984633			
MIR664B_3P	-0.23828431971987946			
REACTOME_SUMOYLATION_OF_RNA_BINDING_PROTEINS	-0.23830285532244322			
GO_INTRAMOLECULAR_TRANSFERASE_ACTIVITY	-0.23830791378247074			
KENNY_CTNNB1_TARGETS_DN	-0.23832503540329358			
GSE24142_DN2_VS_DN3_THYMOCYTE_ADULT_DN	-0.23832733789257346			
MIR5590_3P	-0.23833777350577115			
MIR6812_5P	-0.238352634299047			
MIR6875_3P	-0.23836870848404906			
MIR6501_5P	-0.2383732075881408			
GO_KINETOCHORE_BINDING	-0.2383798386891466			
GSE23505_UNTREATED_VS_4DAY_IL6_IL1_TGFB_TREATED_CD4_TCELL_DN	-0.23839495533472277			
REACTOME_MITOTIC_TELOPHASE_CYTOKINESIS	-0.2383996102998498			
HOLLERN_SOLID_NODULAR_BREAST_TUMOR_DN	-0.23840240139777677			
GSE7548_NAIVE_VS_DAY28_PCC_IMMUNIZATION_CD4_TCELL_UP	-0.23840318817026535			
GSE41978_ID2_KO_AND_BIM_KO_VS_BIM_KO_KLRG1_LOW_EFFECTOR_CD8_TCELL_UP	-0.2384085976551269			
REACTOME_G_ALPHA_12_13_SIGNALLING_EVENTS	-0.2384136344990621			
REACTOME_TRANSCRIPTIONAL_REGULATION_BY_RUNX3	-0.23842838615048648			
GO_KINETOCHORE_ORGANIZATION	-0.23842876599962656			
REACTOME_CELLULAR_RESPONSES_TO_EXTERNAL_STIMULI	-0.23844360841488701			
GO_SNRNA_BINDING	-0.2384441524431539			
REACTOME_AMINE_LIGAND_BINDING_RECEPTORS	-0.23844794265994818			
GO_PROTEIN_DEUBIQUITINATION_INVOLVED_IN_UBIQUITIN_DEPENDENT_PROTEIN_CATABOLIC_PROCESS	-0.238448226980561			
MIR3649	-0.2384538131572256			
HALLMARK_G2M_CHECKPOINT	-0.23846361317984516			
GO_APOPTOTIC_PROCESS_INVOLVED_IN_MORPHOGENESIS	-0.23847347943143574			
REACTOME_DOWNSTREAM_SIGNALING_OF_ACTIVATED_FGFR2	-0.2384810664447508			
GO_DEOXYRIBONUCLEOTIDE_BINDING	-0.2384818863465661			
GO_NOREPINEPHRINE_UPTAKE	-0.238482676197226			
MIR142_5P	-0.23848630172291602			
GSE36826_NORMAL_VS_STAPH_AUREUS_INF_IL1R_KO_SKIN_UP	-0.23849061256572646			
REACTOME_DNA_DOUBLE_STRAND_BREAK_RESPONSE	-0.23849198267382896			
MIR6799_3P	-0.2384952596094584			
KUUSELO_PANCREATIC_CANCER_19Q13_AMPLIFICATION	-0.23849813863087896			
MIR659_3P	-0.23850042109345804			
MIR3153	-0.23851542947901377			
PAX4_04	-0.23851751544569527			
GO_MICROTUBULE_NUCLEATION_BY_INTERPHASE_MICROTUBULE_ORGANIZING_CENTER	-0.23853878293558461			
GO_N_ACETYLGLUCOSAMINE_METABOLIC_PROCESS	-0.2385388933350188			
GO_PERICYTE_CELL_DIFFERENTIATION	-0.2385468682596607			
MIR499B_3P	-0.23854904359330775			
GO_PODOSOME	-0.2385640487436777			
GTTAAAG_MIR302B	-0.23857451042417804			
GO_NEGATIVE_REGULATION_OF_TRIGLYCERIDE_CATABOLIC_PROCESS	-0.23857456434083804			
GO_DRUG_TRANSMEMBRANE_TRANSPORT	-0.23857514158588386			
GO_REGULATION_OF_CHROMOSOME_CONDENSATION	-0.2385768009521304			
LA_MEN1_TARGETS	-0.23858322310072627			
GO_TRANSCRIPTION_DEPENDENT_TETHERING_OF_RNA_POLYMERASE_II_GENE_DNA_AT_NUCLEAR_PERIPHERY	-0.23858367592918447			
PID_MYC_REPRESS_PATHWAY	-0.23858772670070363			
GO_SHELTERIN_COMPLEX	-0.23859765358535992			
IPA_PAX6_UP	-0.23861938476747413			
REACTOME_TRP_CHANNELS	-0.2386196906282521			
MIR106A_3P	-0.23862377298015833			
TGCACTG_MIR148A_MIR152_MIR148B	-0.23864466197877188			
GO_POSITIVE_REGULATION_OF_TRANSLATIONAL_INITIATION	-0.2386582510217142			
ZHOU_CELL_CYCLE_GENES_IN_IR_RESPONSE_6HR	-0.23866400589623998			
MIR4732_5P	-0.23866592098055595			
OCT1_07	-0.23867707194438184			
MIR30D_5P	-0.23867734348549682			
GO_NUCLEAR_SPECK	-0.23869416731250698			
REACTOME_ACTIVATED_NTRK3_SIGNALS_THROUGH_PI3K	-0.2387048375813778			
GSE12845_NAIVE_VS_PRE_GC_TONSIL_BCELL_DN	-0.23871416659246664			
KEGG_UBIQUITIN_MEDIATED_PROTEOLYSIS	-0.2387170743935921			
GSE40666_WT_VS_STAT1_KO_CD8_TCELL_WITH_IFNA_STIM_90MIN_DN	-0.23872296249948094			
MIR4749_3P	-0.23872579218573342			
IPA_LHX2_UP	-0.23873024988146907			
GO_DEOXYRIBONUCLEOTIDE_BIOSYNTHETIC_PROCESS	-0.23873744443137457			
GO_CELLULAR_GLUCAN_METABOLIC_PROCESS	-0.23873994567397205			
GO_MITOTIC_CELL_CYCLE	-0.23874165688791193			
GO_REGULATION_OF_DEVELOPMENTAL_PIGMENTATION	-0.2387504042549569			
GO_MYOTUBE_DIFFERENTIATION	-0.2387533557485164			
MIR1_3P	-0.23875503929273686			
GO_REGULATION_OF_MUSCLE_ADAPTATION	-0.23875531436844502			
GO_POSITIVE_REGULATION_OF_CYCLASE_ACTIVITY	-0.23875818701423665			
GO_REGULATION_OF_CELL_MORPHOGENESIS_INVOLVED_IN_DIFFERENTIATION	-0.23875841091360153			
GO_HISTONE_UBIQUITINATION	-0.23875847519398688			
KYNG_DNA_DAMAGE_BY_4NQO	-0.23876848099489953			
GO_CILIARY_NEUROTROPHIC_FACTOR_MEDIATED_SIGNALING_PATHWAY	-0.23877789423603504			
GO_RNA_EXPORT_FROM_NUCLEUS	-0.23878274149322015			
GSE34515_CD16_POS_MONOCYTE_VS_DC_UP	-0.23878552813428763			
GSE37301_LYMPHOID_PRIMED_MPP_VS_RAG2_KO_NK_CELL_DN	-0.238790211445595			
MIR624_5P	-0.23879710799549408			
GO_PROTEIN_DESUMOYLATION	-0.23879895737473053			
GO_CALCIUM_ACTIVATED_POTASSIUM_CHANNEL_ACTIVITY	-0.23880804642424514			
REACTOME_NUCLEAR_PORE_COMPLEX_NPC_DISASSEMBLY	-0.2388214052420679			
GO_PROTEIN_LOCALIZATION_TO_CHROMOSOME_CENTROMERIC_REGION	-0.2388262943657533			
MIR194_3P	-0.23882699214598394			
GO_REGULATION_OF_INTESTINAL_CHOLESTEROL_ABSORPTION	-0.23882881274493928			
GSE13485_DAY1_VS_DAY21_YF17D_VACCINE_PBMC_UP	-0.23883249539871304			
GSE10325_CD4_TCELL_VS_MYELOID_UP	-0.2388335561335996			
MIR561_3P	-0.23884036438642292			
PEART_HDAC_PROLIFERATION_CLUSTER_DN	-0.23884283919979651			
REACTOME_P75NTR_SIGNALS_VIA_NF_KB	-0.23885094616697097			
GSE25123_ROSIGLITAZONE_VS_IL4_AND_ROSIGLITAZONE_STIM_MACROPHAGE_DAY10_UP	-0.23887325355912584			
CYCLIN_D1_UP.V1_DN	-0.23887928216214274			
GSE3982_CTRL_VS_LPS_4H_MAC_UP	-0.2388812086491301			
MIR4716_5P	-0.23888634607313528			
REACTOME_PROCESSING_OF_DNA_DOUBLE_STRAND_BREAK_ENDS	-0.2388865506694505			
GO_ADA2_GCN5_ADA3_TRANSCRIPTION_ACTIVATOR_COMPLEX	-0.23888752550758308			
GSE3982_EFF_MEMORY_CD4_TCELL_VS_TH2_DN	-0.23889371427713146			
GUTIERREZ_WALDENSTROEMS_MACROGLOBULINEMIA_1_DN	-0.23889412444818137			
IPA_FOXO1_UP	-0.2389201444423317			
MIR5197_5P	-0.2389212215276275			
GO_PROTEIN_DESTABILIZATION	-0.2389217919701477			
IPA_ZEB2_UP	-0.23893838712035934			
GO_NUCLEAR_TRANSCRIBED_MRNA_CATABOLIC_PROCESS_EXONUCLEOLYTIC	-0.23893914615797962			
GSE37563_WT_VS_CTLA4_KO_CD4_TCELL_D4_POST_IMMUNIZATION_DN	-0.23894102312522517			
BASSO_CD40_SIGNALING_DN	-0.2389415580959244			
GO_GTPASE_ACTIVATING_PROTEIN_BINDING	-0.23894561720528223			
IPA_ARID1A_DN	-0.2389500602680074			
GSE16385_UNTREATED_VS_12H_ROSIGLITAZONE_IFNG_TNF_TREATED_MACROPHAGE_UP	-0.23895803691562414			
GO_KILLING_OF_CELLS_OF_OTHER_ORGANISM	-0.23895924711670372			
GO_TRANSPORT_VESICLE	-0.23896187985075526			
MIR30B_5P_MIR30C_5P	-0.2389639410124128			
GSE17721_CTRL_VS_PAM3CSK4_2H_BMDC_DN	-0.2389660405537778			
GO_POSITIVE_REGULATION_OF_SYNAPTIC_VESICLE_RECYCLING	-0.23897125325747448			
GO_REGULATION_OF_HEPATIC_STELLATE_CELL_ACTIVATION	-0.23897143449442568			
GSE14415_INDUCED_TREG_VS_FAILED_INDUCED_TREG_UP	-0.2389787375012872			
GSE22025_UNTREATED_VS_PROGESTERONE_TREATED_CD4_TCELL_DN	-0.2389821075308296			
GO_POSTSYNAPSE_ASSEMBLY	-0.23898597178479677			
GO_DNA_CATABOLIC_PROCESS_EXONUCLEOLYTIC	-0.23898617502848635			
GO_CAMP_CATABOLIC_PROCESS	-0.23898744822262905			
MIR7976	-0.23899065513920764			
NIKOLSKY_BREAST_CANCER_16Q24_AMPLICON	-0.23899406497429906			
MIR4659A_5P	-0.2390083728372421			
PUJANA_CHEK2_PCC_NETWORK	-0.23901542091133618			
DAWSON_METHYLATED_IN_LYMPHOMA_TCL1	-0.23904334991543819			
REACTOME_NUCLEOTIDE_LIKE_PURINERGIC_RECEPTORS	-0.2390522358018126			
MIR744_3P	-0.23906987983080696			
GO_PROTEIN_KINASE_COMPLEX	-0.23908845713977708			
chr9p23	-0.23911362760626398			
KEGG_STARCH_AND_SUCROSE_METABOLISM	-0.23911372185861787			
GO_POSITIVE_REGULATION_OF_CHOLESTEROL_ESTERIFICATION	-0.2391261911277541			
GO_REGULATION_OF_POSTSYNAPTIC_DENSITY_ORGANIZATION	-0.23913400808471788			
GO_NEGATIVE_REGULATION_OF_ACTION_POTENTIAL	-0.2391455173498005			
MCDOWELL_ACUTE_LUNG_INJURY_UP	-0.23914861640672633			
GO_MITOTIC_SPINDLE_MIDZONE_ASSEMBLY	-0.23914916891706722			
GSE7768_OVA_ALONE_VS_OVA_WITH_MPL_IMMUNIZED_MOUSE_WHOLE_SPLEEN_6H_UP	-0.23915092394626003			
GO_MULTI_ORGANISM_MEMBRANE_FUSION	-0.23916897528945502			
GO_REGULATION_OF_LIPOPROTEIN_METABOLIC_PROCESS	-0.23918416666095144			
LEIN_MIDBRAIN_MARKERS	-0.23918650145387735			
GO_OLFACTORY_RECEPTOR_ACTIVITY	-0.2391875622721322			
MIR1248	-0.2392118428392049			
LET_7C_3P	-0.23922192461662922			
MIR5701	-0.239229111741155			
GO_NEGATIVE_REGULATION_OF_MICROTUBULE_POLYMERIZATION_OR_DEPOLYMERIZATION	-0.23925018008442311			
GO_REGULATION_OF_HEART_INDUCTION	-0.23925065581806162			
GSE41867_DAY6_VS_DAY15_LCMV_CLONE13_EFFECTOR_CD8_TCELL_DN	-0.23927046069957417			
GSE23502_WT_VS_HDC_KO_MYELOID_DERIVED_SUPPRESSOR_CELL_COLON_TUMOR_UP	-0.23927480267080925			
BIOCARTA_WNT_LRP6_PATHWAY	-0.23927803287722388			
MIR153_5P	-0.23928628140399066			
GO_VITAMIN_B6_METABOLIC_PROCESS	-0.23928698390042902			
YANAGIHARA_ESX1_TARGETS	-0.23928704271017867			
REACTOME_CROSSLINKING_OF_COLLAGEN_FIBRILS	-0.23928868304687786			
GO_RESPONSE_TO_ORGANIC_CYCLIC_COMPOUND	-0.23929175793570687			
IPA_YBX2_UP	-0.23931192592648992			
GO_NEGATIVE_REGULATION_OF_SIGNALING_RECEPTOR_ACTIVITY	-0.2393146728610771			
MIR548E_3P	-0.23932560165497455			
GO_MORPHOGENESIS_OF_AN_EPITHELIAL_SHEET	-0.2393427042823496			
GO_RESPONSE_TO_FIBROBLAST_GROWTH_FACTOR	-0.23934601442716139			
WANG_NEOPLASTIC_TRANSFORMATION_BY_CCND1_MYC	-0.23934678531989909			
chr8p22	-0.23935002992941082			
GO_MYOFILAMENT	-0.23935392731966723			
MIR4766_5P	-0.23935737940741567			
KIM_TIAL1_TARGETS	-0.2393648947779953			
GSE16385_UNTREATED_VS_12H_ROSIGLITAZONE_TREATED_MACROPHAGE_DN	-0.2393652019153193			
GO_NEGATIVE_REGULATION_OF_PROTEASOMAL_UBIQUITIN_DEPENDENT_PROTEIN_CATABOLIC_PROCESS	-0.23936990940643438			
MIR708_3P	-0.23937339493496584			
MIR4755_5P	-0.23937572131475887			
GO_POSITIVE_REGULATION_OF_MESENCHYMAL_CELL_PROLIFERATION	-0.2393870217120039			
GO_RNAI_EFFECTOR_COMPLEX	-0.2393962125454722			
BRIDEAU_IMPRINTED_GENES	-0.2393962778246384			
DAVIES_MULTIPLE_MYELOMA_VS_MGUS_UP	-0.2394001106673414			
GSE30971_2H_VS_4H_LPS_STIM_MACROPHAGE_WBP7_KO_UP	-0.2394068041798575			
MARIADASON_RESPONSE_TO_BUTYRATE_CURCUMIN_SULINDAC_TSA_8	-0.23942651295902398			
MIR579_3P	-0.23943947317512493			
GO_RESPONSE_TO_CORTICOSTEROID	-0.23943947596296			
GO_REGULATION_OF_AMYLOID_BETA_CLEARANCE	-0.2394416707048445			
MCGARVEY_SILENCED_BY_METHYLATION_IN_COLON_CANCER	-0.2394429439907033			
MIR5696	-0.23945743825315235			
GO_METALLOCARBOXYPEPTIDASE_ACTIVITY	-0.2394626607345744			
ZNF777_TARGET_GENES	-0.23946675754321922			
GO_ACTIVATION_OF_TRANSMEMBRANE_RECEPTOR_PROTEIN_TYROSINE_KINASE_ACTIVITY	-0.23947506157201387			
BOYAULT_LIVER_CANCER_SUBCLASS_G3_DN	-0.2394794033438077			
GO_HISTONE_ACETYLTRANSFERASE_BINDING	-0.23948125845601337			
CAFFAREL_RESPONSE_TO_THC_8HR_5_DN	-0.23949325740130004			
MIR4802_3P	-0.23949621849469324			
GO_MACROLIDE_BINDING	-0.2394979263906136			
GRUETZMANN_PANCREATIC_CANCER_DN	-0.23951439946337333			
GO_OXIDOREDUCTASE_ACTIVITY_ACTING_ON_CH_OR_CH2_GROUPS	-0.2395194702180758			
MIR4429	-0.23952338816519914			
MIR371A_5P	-0.23952638817234084			
MIR3135B	-0.2395321818176597			
GO_FATTY_ACID_ELONGATION	-0.2395363739726015			
SHETH_LIVER_CANCER_VS_TXNIP_LOSS_PAM6	-0.23954776004967254			
GO_VERY_LOW_DENSITY_LIPOPROTEIN_PARTICLE_ASSEMBLY	-0.2395487423785128			
JOHANSSON_GLIOMAGENESIS_BY_PDGFB_UP	-0.23955883644035575			
MIR7108_3P	-0.23956100005581293			
CROONQUIST_IL6_DEPRIVATION_UP	-0.23956669909450276			
GO_POSITIVE_REGULATION_OF_CENTRIOLE_REPLICATION	-0.2395743120818796			
GSE17721_CTRL_VS_GARDIQUIMOD_12H_BMDC_UP	-0.23957649932839611			
GO_CARDIAC_EPITHELIAL_TO_MESENCHYMAL_TRANSITION	-0.23957882387023097			
GO_LRR_DOMAIN_BINDING	-0.2395821872332047			
GO_GLUTAMATERGIC_SYNAPSE	-0.23958847723012194			
GO_POLYSACCHARIDE_DIGESTION	-0.23959007958667952			
GO_ORGANELLE_FISSION	-0.23960082849247677			
MIR3182	-0.23961700438271627			
GO_MITOTIC_DNA_INTEGRITY_CHECKPOINT	-0.23961747300089456			
GO_NEGATIVE_REGULATION_OF_CYTOKINESIS	-0.2396262877795031			
ALONSO_METASTASIS_EMT_DN	-0.23963281511289589			
SASAKI_TARGETS_OF_TP73_AND_TP63	-0.2396363506426153			
MIR9985	-0.2396690492551684			
ZNF239_TARGET_GENES	-0.2396716705297787			
GO_NEGATIVE_REGULATION_OF_NON_CANONICAL_WNT_SIGNALING_PATHWAY	-0.2396918353631555			
GO_DIPEPTIDE_TRANSMEMBRANE_TRANSPORT	-0.23970892411217382			
MIR4460	-0.23972144282397223			
MIR455_5P	-0.2397231570959708			
REACTOME_PHOSPHORYLATION_OF_EMI1	-0.23972866762168685			
GO_DETECTION_OF_STIMULUS_INVOLVED_IN_SENSORY_PERCEPTION	-0.23974753249960007			
GO_CARDIAC_CHAMBER_MORPHOGENESIS	-0.23976480939618983			
TUOMISTO_TUMOR_SUPPRESSION_BY_COL13A1_UP	-0.2397749225663075			
GO_POSITIVE_REGULATION_OF_DNA_DEPENDENT_DNA_REPLICATION	-0.23977834790138242			
IPA_NANOG_DN	-0.23979198002317287			
GSE20152_SPHK1_KO_VS_HTNFA_OVEREXPRESS_ANKLE_DN	-0.23980602506760393			
GO_POSITIVE_REGULATION_OF_CHEMOKINE_C_C_MOTIF_LIGAND_5_PRODUCTION	-0.23980916627240842			
MIR3187_3P	-0.23981393774739934			
GROSS_ELK3_TARGETS_UP	-0.23981637659521549			
REACTOME_REGULATION_OF_RUNX3_EXPRESSION_AND_ACTIVITY	-0.2398183415345674			
GSE25088_CTRL_VS_IL4_STIM_MACROPHAGE_DN	-0.23982968610169558			
IPA_PAX6_DN	-0.2398309934298731			
GO_ADAPTIVE_THERMOGENESIS	-0.23983534298519324			
MIR548N	-0.2398359982430983			
REACTOME_VASOPRESSIN_REGULATES_RENAL_WATER_HOMEOSTASIS_VIA_AQUAPORINS	-0.23983660305051632			
GO_REGULATION_OF_DNA_REPAIR	-0.2398375660116699			
MIR1183	-0.23984747163530204			
GO_CILIARY_BASAL_BODY_PLASMA_MEMBRANE_DOCKING	-0.23985097847329304			
LIU_PROSTATE_CANCER_DN	-0.23985358329190878			
GSE31082_DN_VS_DP_THYMOCYTE_DN	-0.23985796530481335			
GO_REGULATION_OF_POSTSYNAPSE_ORGANIZATION	-0.23987486092476143			
GO_ICOSANOID_RECEPTOR_ACTIVITY	-0.23987986477368733			
GO_REGULATION_OF_RESPIRATORY_BURST	-0.23988937094410118			
GO_CHEMICAL_HOMEOSTASIS	-0.2399067291216761			
CROONQUIST_NRAS_SIGNALING_DN	-0.23990732067257836			
GO_HISTONE_LYSINE_N_METHYLTRANSFERASE_ACTIVITY	-0.23992062178130022			
GSE17721_LPS_VS_POLYIC_0.5H_BMDC_DN	-0.23993428443606699			
GO_TRANSCRIPTION_EXPORT_COMPLEX_2	-0.23994109308804168			
TERAMOTO_OPN_TARGETS_CLUSTER_5	-0.23995103513991622			
NKX3A_01	-0.23995230477909943			
WANG_RESPONSE_TO_FORSKOLIN_DN	-0.23995357735359873			
MIR3177_5P	-0.23995526234299147			
GO_NEGATIVE_REGULATION_OF_SODIUM_ION_TRANSMEMBRANE_TRANSPORT	-0.2399679871893621			
IPA_TCF12_DN	-0.2399698432431816			
MIR3202	-0.23997303006905052			
GO_RECYCLING_ENDOSOME_MEMBRANE	-0.2399780096999642			
MIR219B_3P	-0.2399917776385856			
IPA_ETV5_UP	-0.23999363969563078			
GO_CARBOHYDRATE_PHOSPHORYLATION	-0.24001785146047533			
MIR137_3P	-0.24002955551210656			
GSE7852_TREG_VS_TCONV_LN_DN	-0.24005873325707358			
GO_PROLINE_TRANSMEMBRANE_TRANSPORT	-0.24006133974774302			
GO_L_PROLINE_TRANSMEMBRANE_TRANSPORTER_ACTIVITY	-0.24006133974774302			
MIR4503	-0.24006498178757785			
MIR4520_5P	-0.24006873573758034			
MIR4325	-0.24006878615835123			
GO_PROTEIN_K48_LINKED_UBIQUITINATION	-0.24006968874970033			
GO_POSITIVE_REGULATION_OF_OXIDOREDUCTASE_ACTIVITY	-0.24006984773009496			
WORSCHECH_TUMOR_REJECTION_DN	-0.24007815889965387			
IPA_RARB_UP	-0.24007874858949624			
GSE24492_LYVE_NEG_VS_POS_MACROPHAGE_DN	-0.24008249637910783			
BIOCARTA_PLK3_PATHWAY	-0.24008717508172164			
GO_CHEMOATTRACTANT_ACTIVITY	-0.24009225007443805			
GO_LONG_TERM_SYNAPTIC_DEPRESSION	-0.2401136617552409			
GO_NEGATIVE_REGULATION_OF_REGULATORY_T_CELL_DIFFERENTIATION	-0.240115733429369			
MIR3133	-0.24011852542072082			
FOXO1_01	-0.2401297676749549			
GSE37605_FOXP3_FUSION_GFP_VS_IRES_GFP_TREG_NOD_DN	-0.24013793444642884			
GO_EQUATORIAL_MICROTUBULE_ORGANIZING_CENTER	-0.2401379481895617			
GO_LIPOSACCHARIDE_METABOLIC_PROCESS	-0.24014004069083866			
GO_GENERAL_TRANSCRIPTION_INITIATION_FACTOR_ACTIVITY	-0.240141751789979			
GSE3920_IFNA_VS_IFNG_TREATED_ENDOTHELIAL_CELL_DN	-0.24014189293638882			
ZHENG_GLIOBLASTOMA_PLASTICITY_DN	-0.24014252934963728			
GO_CENTRAL_NERVOUS_SYSTEM_DEVELOPMENT	-0.24015202265724736			
RAMPON_ENRICHED_LEARNING_ENVIRONMENT_EARLY_DN	-0.2401561237210996			
MIR548AN	-0.24016788906109485			
GSE17721_CTRL_VS_POLYIC_0.5H_BMDC_DN	-0.24020318188645592			
MIR3664_3P	-0.24020498525254289			
IPA_GLI3_UP	-0.24021430457751763			
GO_MEDIATOR_COMPLEX	-0.2402240077221646			
MIR6777_3P	-0.24023018237528354			
BIOCARTA_IGF1_PATHWAY	-0.24023543909262549			
IPA_TFAP2C_UP	-0.24024626333750485			
GO_LEARNING	-0.2402467391331086			
GO_POSITIVE_REGULATION_OF_CELLULAR_COMPONENT_BIOGENESIS	-0.24024788069611214			
MIR3159	-0.24025328382860184			
GO_GUANYLATE_KINASE_ACTIVITY	-0.24025467404488612			
chr1q24	-0.24025556772570866			
NIKOLSKY_BREAST_CANCER_1Q32_AMPLICON	-0.2402594916637516			
GO_AMMONIA_LYASE_ACTIVITY	-0.24026777394157214			
GO_T_TUBULE	-0.24027228959828295			
GO_NEGATIVE_REGULATION_OF_ACTIN_FILAMENT_DEPOLYMERIZATION	-0.24027669256362144			
GSE46606_IRF4_KO_VS_WT_CD40L_IL2_IL5_1DAY_STIMULATED_BCELL_UP	-0.24028600325676902			
GO_HEPARIN_METABOLIC_PROCESS	-0.24029871187628976			
GSE3982_NEUTROPHIL_VS_TH1_DN	-0.24030041046899744			
GSE22432_MULTIPOTENT_PROGENITOR_VS_PDC_DN	-0.24030075952242905			
REACTOME_FRUCTOSE_METABOLISM	-0.2403010779327494			
GO_BETA_1_3_GALACTOSYLTRANSFERASE_ACTIVITY	-0.24030356177790932			
GO_LENS_DEVELOPMENT_IN_CAMERA_TYPE_EYE	-0.24030405397984547			
GO_POSITIVE_REGULATION_OF_MUSCLE_TISSUE_DEVELOPMENT	-0.24030740007731602			
GO_SYNAPTIC_VESICLE_TRANSPORT	-0.2403094481618085			
RHEIN_ALL_GLUCOCORTICOID_THERAPY_DN	-0.2403196081523364			
WU_APOPTOSIS_BY_CDKN1A_VIA_TP53	-0.24032028180215403			
VALK_AML_CLUSTER_10	-0.24032826501688503			
GO_POSITIVE_REGULATION_OF_CHEMOKINE_BIOSYNTHETIC_PROCESS	-0.24033387705453646			
MIR568	-0.24033502977038665			
MIR513B_3P	-0.24034340291920422			
GSE360_HIGH_VS_LOW_DOSE_B_MALAYI_DC_UP	-0.24034801936680938			
LOPES_METHYLATED_IN_COLON_CANCER_DN	-0.24036438203875207			
GO_REGULATION_OF_CELL_FATE_COMMITMENT	-0.24036918462371834			
KEGG_TGF_BETA_SIGNALING_PATHWAY	-0.24039015840135608			
GSE17721_CTRL_VS_GARDIQUIMOD_24H_BMDC_UP	-0.24039944175604142			
GSE40274_CTRL_VS_FOXP3_AND_HELIOS_TRANSDUCED_ACTIVATED_CD4_TCELL_DN	-0.2404074109975901			
GO_MECHANOSENSORY_BEHAVIOR	-0.24041418062198236			
MYLLYKANGAS_AMPLIFICATION_HOT_SPOT_6	-0.2404158703957425			
SETLUR_PROSTATE_CANCER_TMPRSS2_ERG_FUSION_DN	-0.240423677002481			
GO_REGULATION_OF_GROWTH	-0.24042826297420303			
GO_DETERMINATION_OF_LEFT_RIGHT_ASYMMETRY_IN_LATERAL_MESODERM	-0.240448101148871			
MIR10523_5P	-0.24045516794068225			
GO_ANKYRIN_REPEAT_BINDING	-0.24047043315198832			
VALK_AML_CLUSTER_11	-0.24048642927482328			
MIR6762_5P	-0.24049310782670266			
GSE2405_HEAT_KILLED_LYSATE_VS_LIVE_A_PHAGOCYTOPHILUM_STIM_NEUTROPHIL_24H_UP	-0.24049342926380676			
IPA_E2F2_UP	-0.24051116164469874			
GO_MODULATION_BY_HOST_OF_SYMBIONT_MOLECULAR_FUNCTION	-0.2405192946067062			
GO_INSULIN_RECEPTOR_COMPLEX	-0.2405197141014793			
GO_RESPONSE_TO_HORMONE	-0.24052358169071003			
IPA_PTTG1_UP	-0.24053066449304056			
GO_NEGATIVE_REGULATION_OF_OXIDATIVE_STRESS_INDUCED_INTRINSIC_APOPTOTIC_SIGNALING_PATHWAY	-0.2405313682292544			
GO_U2_SNRNP	-0.2405367519349986			
GARGALOVIC_RESPONSE_TO_OXIDIZED_PHOSPHOLIPIDS_TURQUOISE_DN	-0.24054748351751834			
GSE37301_HEMATOPOIETIC_STEM_CELL_VS_LYMPHOID_PRIMED_MPP_DN	-0.24055560786009939			
GO_CELLULAR_RESPONSE_TO_INTERFERON_ALPHA	-0.24057199793418138			
GO_UBIQUITIN_BINDING	-0.24057699035355165			
BONOME_OVARIAN_CANCER_POOR_SURVIVAL_DN	-0.24059088505155035			
REACTOME_DEADENYLATION_DEPENDENT_MRNA_DECAY	-0.24059443593095223			
KEGG_NON_SMALL_CELL_LUNG_CANCER	-0.24059543580267861			
GO_PURINE_NUCLEOSIDE_MONOPHOSPHATE_METABOLIC_PROCESS	-0.2405992219613056			
KYNG_RESPONSE_TO_H2O2_VIA_ERCC6	-0.2406000966962883			
GO_CARDIAC_CHAMBER_DEVELOPMENT	-0.24060249700366268			
GO_U2_TYPE_SPLICEOSOMAL_COMPLEX	-0.24060886805293655			
GO_SPERMINE_METABOLIC_PROCESS	-0.2406127398256696			
OCT1_03	-0.2406233765202804			
GSE13547_CTRL_VS_ANTI_IGM_STIM_BCELL_2H_UP	-0.24064730506093343			
GO_1_PHOSPHATIDYLINOSITOL_4_KINASE_ACTIVITY	-0.2406575348546908			
MIR653_5P	-0.2406605198056077			
GO_REGULATION_OF_CYTOLYSIS	-0.24066129535772787			
FRASOR_RESPONSE_TO_SERM_OR_FULVESTRANT_UP	-0.2406614529011006			
GSE17721_POLYIC_VS_CPG_8H_BMDC_DN	-0.24067731850293764			
GO_NEGATIVE_REGULATION_OF_PROTEIN_K63_LINKED_UBIQUITINATION	-0.24067820992175137			
GO_POLYSACCHARIDE_BINDING	-0.24068284308710225			
HOEGERKORP_CD44_TARGETS_TEMPORAL_UP	-0.2407001363256112			
GSE16386_IL4_VS_IL4_AND_ROSIGLITAZONE_STIM_MACROPHAGE_6H_UP	-0.2407070368134271			
GO_TRABECULA_MORPHOGENESIS	-0.2407235882356178			
MIR10522_5P	-0.24072995099840144			
GSE20366_EX_VIVO_VS_HOMEOSTATIC_CONVERSION_TREG_UP	-0.24073168491813612			
TERAO_AOX4_TARGETS_HG_UP	-0.2407355557955654			
IPA_PBX2_UP	-0.24073755839996322			
GO_NEGATIVE_REGULATION_OF_SMOOTH_MUSCLE_CELL_MIGRATION	-0.2407382377717384			
MIR145_5P	-0.24075516281165363			
GO_ACTIVATION_OF_PROTEIN_KINASE_B_ACTIVITY	-0.24075792769631424			
AAGCAAT_MIR137	-0.24076429563561108			
MIR5006_3P	-0.24076590566602993			
GSE5589_WT_VS_IL6_KO_LPS_STIM_MACROPHAGE_180MIN_UP	-0.24076764867685932			
KIM_PTEN_TARGETS_DN	-0.24077701944666668			
GO_INTERSTITIAL_MATRIX	-0.24078241954848031			
REACTOME_FORMATION_OF_SENESCENCE_ASSOCIATED_HETEROCHROMATIN_FOCI_SAHF	-0.24079667840216373			
GO_POSITIVE_REGULATION_OF_PHOSPHOLIPID_TRANSPORT	-0.24079880892880534			
chr15q24	-0.24080067665017216			
GO_RESPONSE_TO_UV_C	-0.24080446329728983			
ODONNELL_TARGETS_OF_MYC_AND_TFRC_DN	-0.24081379025929692			
GO_HISTONE_MONOUBIQUITINATION	-0.24081799775335344			
MIR6074	-0.2408284935062828			
MIR1243	-0.2408304092330165			
GSE39110_DAY3_VS_DAY6_POST_IMMUNIZATION_CD8_TCELL_DN	-0.24083610393943852			
GO_ORGANELLE_ASSEMBLY	-0.240837955009346			
GSE1925_CTRL_VS_3H_IFNG_STIM_IFNG_PRIMED_MACROPHAGE_UP	-0.24084946132570242			
GSE5679_CTRL_VS_RARA_AGONIST_AM580_TREATED_DC_UP	-0.2408973102182972			
GSE17721_0.5H_VS_24H_POLYIC_BMDC_UP	-0.24090725700802798			
TATTATA_MIR374	-0.24091015590123596			
GO_RESPONSE_TO_AMPHETAMINE	-0.24091378948061648			
REACTOME_CELL_CYCLE	-0.24092509682087837			
GO_CAMP_RESPONSE_ELEMENT_BINDING	-0.2409396397905276			
GO_ARP2_3_PROTEIN_COMPLEX	-0.24094319824755933			
GO_POSITIVE_REGULATION_OF_PROTEIN_MATURATION	-0.24094357763887725			
GO_PHASIC_SMOOTH_MUSCLE_CONTRACTION	-0.24094559825603723			
GO_POSITIVE_REGULATION_OF_METANEPHROS_DEVELOPMENT	-0.24095498479845553			
GSE2405_0H_VS_12H_A_PHAGOCYTOPHILUM_STIM_NEUTROPHIL_DN	-0.24095844642178582			
HUMMERICH_SKIN_CANCER_PROGRESSION_DN	-0.24096359391112102			
GO_SISTER_CHROMATID_SEGREGATION	-0.240974828540382			
GO_EXOPEPTIDASE_ACTIVITY	-0.24098358245696022			
GO_NEGATIVE_REGULATION_OF_HISTONE_MODIFICATION	-0.24101024261978918			
GSE360_L_MAJOR_VS_T_GONDII_DC_UP	-0.2410117021204004			
GO_NEGATIVE_REGULATION_OF_HISTONE_H3_K4_METHYLATION	-0.24101686988350093			
YTAAYNGCT_UNKNOWN	-0.2410231043457999			
GSE17721_POLYIC_VS_GARDIQUIMOD_16H_BMDC_DN	-0.24102544729611414			
GO_DEOXYRIBONUCLEOSIDE_TRIPHOSPHATE_BIOSYNTHETIC_PROCESS	-0.24103123417960562			
REACTOME_GPCR_LIGAND_BINDING	-0.24103499003734516			
chr17p12	-0.2410625423291572			
GO_LACTATE_TRANSMEMBRANE_TRANSPORTER_ACTIVITY	-0.24106809176703797			
GSE26488_HDAC7_KO_VS_VP16_TRANSGENIC_HDAC7_KO_DOUBLE_POSITIVE_THYMOCYTE_UP	-0.24108124522690702			
GO_SMAD_PROTEIN_COMPLEX_ASSEMBLY	-0.24108367981516396			
GO_AGGRESOME_ASSEMBLY	-0.24109368723040012			
chr3p14	-0.24109517492312052			
MIR3927_3P	-0.2410954771041378			
GO_AMIDINE_LYASE_ACTIVITY	-0.24110511510930435			
GSE15930_NAIVE_VS_24H_IN_VITRO_STIM_CD8_TCELL_DN	-0.24110662359416624			
GSE1448_ANTI_VALPHA2_VS_VBETA5_DP_THYMOCYTE_DN	-0.24110817595767498			
REACTOME_SIGNALING_BY_ACTIVIN	-0.24111993606292897			
GO_CHROMOSOME_TELOMERIC_REGION	-0.24112186225412488			
IPA_CHAF1A_UP	-0.24114447236126055			
SMAD_Q6	-0.2411458008167753			
KUWANO_RNA_STABILIZED_BY_NO	-0.2411793193198066			
MIR520D_5P	-0.24118321692260009			
GSE40274_FOXP3_VS_FOXP3_AND_EOS_TRANSDUCED_ACTIVATED_CD4_TCELL_DN	-0.2411894357183742			
GO_CARBOHYDRATE_KINASE_ACTIVITY	-0.2411922647721368			
MIR12113	-0.2411980509023531			
KEGG_DNA_REPLICATION	-0.24120465781249809			
REACTOME_POLO_LIKE_KINASE_MEDIATED_EVENTS	-0.2412075404706195			
GSE19941_IL10_KO_VS_IL10_KO_AND_NFKBP50_KO_LPS_AND_IL10_STIM_MACROPHAGE_DN	-0.24121318801235783			
GSE13411_NAIVE_VS_MEMORY_BCELL_UP	-0.2412217861801161			
chr20q11	-0.2412268042217823			
GO_PHOSPHATIDYLINOSITOL_3_PHOSPHATE_BINDING	-0.24124611498490695			
CDC73_TARGET_GENES	-0.24126807081178228			
IPA_MYB_DN	-0.24127618944126097			
GSE5679_CTRL_VS_PPARG_LIGAND_ROSIGLITAZONE_TREATED_DC_DN	-0.24127699224353566			
GSE27786_LSK_VS_MONO_MAC_DN	-0.24127978852960683			
MUNSHI_MULTIPLE_MYELOMA_DN	-0.2412821940610589			
MIR6769A_5P	-0.24128737038119213			
GSE17974_CTRL_VS_ACT_IL4_AND_ANTI_IL12_24H_CD4_TCELL_DN	-0.24129666575864422			
GO_PYROPHOSPHATE_HYDROLYSIS_DRIVEN_PROTON_TRANSMEMBRANE_TRANSPORTER_ACTIVITY	-0.24130039683254623			
MIR3085_5P	-0.24130377858126978			
REACTOME_UCH_PROTEINASES	-0.24130748350273137			
REACTOME_P75NTR_RECRUITS_SIGNALLING_COMPLEXES	-0.2413079409016664			
GSE29617_CTRL_VS_TIV_FLU_VACCINE_PBMC_2008_DN	-0.2413104996874478			
TCANNTGAY_SREBP1_01	-0.2413107591301629			
GO_SIGNAL_PEPTIDE_PROCESSING	-0.24134348016951992			
GSE34006_WT_VS_A2AR_KO_TREG_UP	-0.2413450015944265			
MIR16_2_3P	-0.24135089156470854			
GO_CENTRAL_ELEMENT	-0.24136566336820592			
MIR320A_3P_MIR320B_MIR320C_MIR320D	-0.24137229669613638			
GO_REGULATION_OF_OLIGODENDROCYTE_DIFFERENTIATION	-0.24138724260125768			
GCTTGAA_MIR498	-0.24139542143478993			
GO_AMINOACYLASE_ACTIVITY	-0.24139550959778489			
GO_PHOSPHATIDYLINOSITOL_5_PHOSPHATE_BINDING	-0.24139579778924475			
GO_POSITIVE_REGULATION_OF_MACROPHAGE_MIGRATION	-0.24141333339382318			
MIR1266_3P	-0.2414309568464123			
REACTOME_THE_ROLE_OF_GTSE1_IN_G2_M_PROGRESSION_AFTER_G2_CHECKPOINT	-0.24144123579085208			
MIR4281	-0.24144248621885545			
GO_POSITIVE_REGULATION_OF_MUSCLE_HYPERTROPHY	-0.241458447678754			
GO_SIALYLTRANSFERASE_ACTIVITY	-0.24146900064781046			
GO_SIALYLATION	-0.24146900064781046			
NGUYEN_NOTCH1_TARGETS_UP	-0.24147388622054267			
GSE27786_LSK_VS_LIN_NEG_CELL_UP	-0.2414739566877776			
GSE40225_WT_VS_RIP_B7X_DIABETIC_MOUSE_PANCREATIC_CD8_TCELL_DN	-0.24147464739347216			
PRDM4_TARGET_GENES	-0.24148521954561966			
MIR580_3P	-0.24151510702721987			
GO_NEGATIVE_REGULATION_OF_TELOMERE_CAPPING	-0.2415233814783724			
GO_RENAL_VESICLE_FORMATION	-0.24152862265237066			
chr18q22	-0.24153080465657226			
GO_PEPTIDYL_ASPARAGINE_MODIFICATION	-0.2415352154391258			
GO_UBIQUITIN_LIKE_PROTEIN_CONJUGATING_ENZYME_BINDING	-0.24154229535001293			
GO_NOTCH_SIGNALING_INVOLVED_IN_HEART_DEVELOPMENT	-0.24155234644751686			
GSE14350_IL2RB_KO_VS_WT_TEFF_UP	-0.24155615937741265			
REACTOME_MEIOTIC_RECOMBINATION	-0.24156437943946393			
GO_PROTEIN_ACETYLTRANSFERASE_COMPLEX	-0.2415727171016087			
GO_POSITIVE_REGULATION_OF_RELEASE_OF_SEQUESTERED_CALCIUM_ION_INTO_CYTOSOL	-0.2415745726330009			
JAEGER_METASTASIS_UP	-0.2415781840762288			
GTGTCAA_MIR514	-0.2415919803059905			
GO_ARTERY_MORPHOGENESIS	-0.24160665500636405			
GO_REGULATION_OF_XENOPHAGY	-0.24161239400161932			
ZNF112_TARGET_GENES	-0.24164134967246081			
GO_NUCLEOTIDE_RECEPTOR_ACTIVITY	-0.24164157276135093			
MIR1236_3P	-0.241648056066635			
GO_CUTICULAR_PLATE	-0.24165496782623858			
GO_POSITIVE_REGULATION_OF_NEURON_DEATH	-0.24166444224568503			
GSE11961_MEMORY_BCELL_DAY7_VS_GERMINAL_CENTER_BCELL_DAY40_DN	-0.24167117155642992			
GO_RESPONSE_TO_NERVE_GROWTH_FACTOR	-0.24168606496432235			
MIR5007_5P	-0.24170143475198452			
MARSON_FOXP3_TARGETS_STIMULATED_DN	-0.24170697723957488			
GO_DENDRITIC_CELL_CYTOKINE_PRODUCTION	-0.24173863178638968			
chr4q23	-0.24175922772004835			
GO_CHEMOREPELLENT_ACTIVITY	-0.24176630179178935			
MIR3085_3P	-0.24177005059770343			
AACTGGA_MIR145	-0.24178060363554268			
MIR143_5P	-0.2417830510340121			
IPA_PTTG1_DN	-0.24178497559612172			
chr5p14	-0.2417997519752982			
AMIT_EGF_RESPONSE_20_HELA	-0.24180091597335548			
GO_REGULATION_OF_SMOOTH_MUSCLE_CELL_DIFFERENTIATION	-0.2418039675118559			
GSE7460_WT_VS_FOXP3_HET_ACT_WITH_TGFB_TCONV_UP	-0.24180945271832344			
GSE41176_UNSTIM_VS_ANTI_IGM_STIM_TAK1_KO_BCELL_1H_DN	-0.2418162476833003			
GSE21033_3H_VS_12H_POLYIC_STIM_DC_UP	-0.2418210115576314			
FLORIO_NEOCORTEX_BASAL_RADIAL_GLIA_DN	-0.24182437544722724			
GO_CYCLIN_BINDING	-0.2418247505716269			
PUJANA_BRCA1_PCC_NETWORK	-0.24184929181726905			
REACTOME_ORGANELLE_BIOGENESIS_AND_MAINTENANCE	-0.24185061805809793			
MARCHINI_TRABECTEDIN_RESISTANCE_UP	-0.2418536721909653			
GO_MISMATCHED_DNA_BINDING	-0.241860752718727			
GO_REGULATION_OF_RESPIRATORY_GASEOUS_EXCHANGE	-0.2418938266663716			
GO_IMMUNOGLOBULIN_RECEPTOR_ACTIVITY	-0.2418985412564163			
GO_NEURON_DEVELOPMENT	-0.24190550130403898			
REACTOME_LRR_FLII_INTERACTING_PROTEIN_1_LRRFIP1_ACTIVATES_TYPE_I_IFN_PRODUCTION	-0.24190785093154296			
REACTOME_FGFR2_MUTANT_RECEPTOR_ACTIVATION	-0.2419088443297474			
MIR4524B_3P	-0.24191416084515668			
GO_REGULATION_OF_INOSITOL_TRISPHOSPHATE_BIOSYNTHETIC_PROCESS	-0.24192184417264553			
MIR23C	-0.24192902333905297			
GO_NEGATIVE_REGULATION_OF_CHROMATIN_ORGANIZATION	-0.24193317073145632			
GO_NEGATIVE_REGULATION_OF_MONONUCLEAR_CELL_MIGRATION	-0.2419334707847879			
GSE19198_1H_VS_6H_IL21_TREATED_TCELL_UP	-0.2419482523953923			
AGUIRRE_PANCREATIC_CANCER_COPY_NUMBER_DN	-0.2419694259425496			
GSE40273_GATA1_KO_VS_WT_TREG_UP	-0.24198538759062746			
REACTOME_CD28_DEPENDENT_PI3K_AKT_SIGNALING	-0.24199650492010125			
GGCGGCA_MIR371	-0.2420017614806695			
GSE37301_GRANULOCYTE_MONOCYTE_PROGENITOR_VS_RAG2_KO_NK_CELL_UP	-0.24200492886274574			
GSE360_CTRL_VS_B_MALAYI_LOW_DOSE_MAC_DN	-0.2420129872898074			
REACTOME_NUCLEAR_SIGNALING_BY_ERBB4	-0.24201460242720946			
chr3q25	-0.24202983684457305			
GSE17721_POLYIC_VS_CPG_0.5H_BMDC_UP	-0.24203262221457592			
GSE369_IFNG_KO_VS_WT_LIVER_DN	-0.24204013362088916			
IPA_STRAP_UP	-0.2420584125323423			
GSE21927_HEALTHY_VS_TUMOROUS_BALBC_MOUSE_MONOCYTE_UP	-0.24206855664916332			
GO_MEMBRANE_DOCKING	-0.24207453381871044			
REACTOME_FRS_MEDIATED_FGFR2_SIGNALING	-0.24208910372930748			
REACTOME_INSULIN_PROCESSING	-0.24209061145706304			
GO_SNORNA_3_END_PROCESSING	-0.2420940217956551			
IPA_SOX5_UP	-0.24209629738713678			
GO_NEUTROPHIL_MEDIATED_KILLING_OF_SYMBIONT_CELL	-0.2420974865593492			
GSE2826_WT_VS_BTK_KO_BCELL_UP	-0.24211323387680506			
GO_PROTEIN_POLYMERIZATION	-0.24211467818743798			
GO_POSITIVE_REGULATION_OF_CELL_GROWTH_INVOLVED_IN_CARDIAC_MUSCLE_CELL_DEVELOPMENT	-0.24211543579516953			
GSE9006_HEALTHY_VS_TYPE_1_DIABETES_PBMC_1MONTH_POST_DX_UP	-0.24212990780647095			
GO_TRIGLYCERIDE_CATABOLIC_PROCESS	-0.24213887899461742			
STAT1_03	-0.24214562617005927			
GSE2770_UNTREATED_VS_IL4_TREATED_ACT_CD4_TCELL_2H_UP	-0.24214587532656776			
MIR6874_3P	-0.24214985921662807			
GO_FORMATE_METABOLIC_PROCESS	-0.2421553540141349			
ZNF354A_TARGET_GENES	-0.2421602956160718			
GO_REGULATION_OF_THYMOCYTE_APOPTOTIC_PROCESS	-0.24216713433480072			
SHIN_B_CELL_LYMPHOMA_CLUSTER_1	-0.24217375282008186			
IPA_LMX1A_UP	-0.24217675354797066			
GRYDER_PAX3FOXO1_ENHANCERS_IN_TADS	-0.24217691706854605			
GO_NEGATIVE_REGULATION_OF_INTRINSIC_APOPTOTIC_SIGNALING_PATHWAY_BY_P53_CLASS_MEDIATOR	-0.24218060192101307			
GSE19888_ADENOSINE_A3R_ACT_VS_TCELL_MEMBRANES_ACT_IN_MAST_CELL_DN	-0.242187920918665			
GSE32901_NAIVE_VS_TH17_ENRICHED_CD4_TCELL_UP	-0.2422014366450689			
GO_CELL_MIGRATION_INVOLVED_IN_KIDNEY_DEVELOPMENT	-0.2422050184166258			
MIR524_5P	-0.2422121392201405			
IPA_ESRRA_DN	-0.24221596892903174			
IPA_RB1CC1_UP	-0.24221773187180154			
GO_ATRIAL_CARDIAC_MUSCLE_CELL_TO_AV_NODE_CELL_SIGNALING	-0.24223835620459197			
GO_NEGATIVE_REGULATION_OF_CELL_DIFFERENTIATION	-0.24224006114705401			
REACTOME_FGFR2C_LIGAND_BINDING_AND_ACTIVATION	-0.2422408152459306			
BIOCARTA_COMP_PATHWAY	-0.24224724619249113			
GO_GLUCOSIDASE_ACTIVITY	-0.24226445738745467			
GO_VIRION_BINDING	-0.2422651640873595			
REACTOME_CLASS_B_2_SECRETIN_FAMILY_RECEPTORS	-0.24228562688196886			
MIR6864_3P	-0.24228610546020518			
MIR628_5P	-0.24229027000452152			
REACTOME_SIGNALING_BY_VEGF	-0.2422973328249024			
GO_NEGATIVE_REGULATION_OF_MITOPHAGY	-0.24229806375353413			
TSAI_DNAJB4_TARGETS_UP	-0.24229976320417085			
GSE22611_NOD2_TRANSD_VS_CTRL_TRANSD_HEK293_MDP_STIM_6H_UP	-0.24230103466738975			
IPA_USF2_UP	-0.2423022711146497			
MIR6083	-0.2423143996221299			
MIR6876_3P	-0.24232052369199966			
GO_CELL_MORPHOGENESIS_INVOLVED_IN_NEURON_DIFFERENTIATION	-0.24233558652513407			
MIR150_5P	-0.2423393490085881			
GO_POSITIVE_REGULATION_OF_RESPONSE_TO_WOUNDING	-0.24235355538349326			
REACTOME_ER_QUALITY_CONTROL_COMPARTMENT_ERQC	-0.2423742920349436			
GSE14769_UNSTIM_VS_60MIN_LPS_BMDM_UP	-0.24237838170156786			
GSE17721_0.5H_VS_4H_LPS_BMDC_UP	-0.24238422303920049			
GO_NERVE_GROWTH_FACTOR_BINDING	-0.24239450994084377			
BIOCARTA_NPP1_PATHWAY	-0.2423946022243651			
GO_SYNAPTIC_VESICLE_RECYCLING	-0.24240785016569566			
MIR1271_5P	-0.24241145456469312			
GO_REPLICATION_BORN_DOUBLE_STRAND_BREAK_REPAIR_VIA_SISTER_CHROMATID_EXCHANGE	-0.24241448852218417			
GARGALOVIC_RESPONSE_TO_OXIDIZED_PHOSPHOLIPIDS_PINK_DN	-0.24242741913532984			
MIR217_5P	-0.24242909530331103			
ZNF501_TARGET_GENES	-0.2424334820641678			
GARGALOVIC_RESPONSE_TO_OXIDIZED_PHOSPHOLIPIDS_BLUE_DN	-0.24244731321332536			
MIR5683	-0.24244991554695752			
GO_TEMPERATURE_HOMEOSTASIS	-0.2424523583064239			
GO_BETA_CATENIN_TCF_COMPLEX	-0.24247236300016217			
MIR6834_3P	-0.24247833043508563			
SIG_INSULIN_RECEPTOR_PATHWAY_IN_CARDIAC_MYOCYTES	-0.24248173272225737			
CASTELLANO_HRAS_AND_NRAS_TARGETS_DN	-0.24248574289433067			
GRAHAM_NORMAL_QUIESCENT_VS_NORMAL_DIVIDING_DN	-0.24249415229358703			
IPA_ATF2_DN	-0.24249471383366036			
GLINSKY_CANCER_DEATH_UP	-0.24249615432908023			
GO_PERICARDIUM_DEVELOPMENT	-0.2424971014348533			
ZNF354B_TARGET_GENES	-0.2425089492974652			
GO_POSITIVE_REGULATION_OF_HORMONE_BIOSYNTHETIC_PROCESS	-0.24251770596135824			
GO_NUCLEAR_PORE_COMPLEX_ASSEMBLY	-0.24252192983652304			
GSE3982_MAST_CELL_VS_CENT_MEMORY_CD4_TCELL_DN	-0.24255445965206776			
GO_INTRINSIC_APOPTOTIC_SIGNALING_PATHWAY_IN_RESPONSE_TO_HYPOXIA	-0.2425733084249262			
GO_PROTEIN_LIPID_COMPLEX_SUBUNIT_ORGANIZATION	-0.24257842234348762			
GO_ROUGH_ENDOPLASMIC_RETICULUM_MEMBRANE	-0.2425975544479874			
chr8q12	-0.242622003601823			
IPA_JUND_DN	-0.2426221739847437			
GO_REGULATION_OF_VOLTAGE_GATED_CALCIUM_CHANNEL_ACTIVITY	-0.24262940925072882			
GO_HAUS_COMPLEX	-0.2426300134921424			
REACTOME_OLFACTORY_SIGNALING_PATHWAY	-0.24263283337710606			
GSE9960_GRAM_NEG_VS_GRAM_NEG_AND_POS_SEPSIS_PBMC_DN	-0.24263928603477591			
GSE22886_NAIVE_CD4_TCELL_VS_12H_ACT_TH1_UP	-0.24264633650858208			
GO_PHOSPHATIDYLINOSITOL_3_4_BISPHOSPHATE_BINDING	-0.24264890391507277			
MIR1202	-0.24264945669215884			
IPA_FOXL2_UP	-0.24265676773903203			
GO_DEPHOSPHORYLATION	-0.242669469897795			
GSE17721_LPS_VS_GARDIQUIMOD_12H_BMDC_DN	-0.24268130688642195			
GO_TRANSFERRIN_TRANSPORT	-0.24268652998044032			
GAUSSMANN_MLL_AF4_FUSION_TARGETS_E_DN	-0.24270793986318226			
GO_U4_SNRNP	-0.24270883102371027			
GO_REGULATION_OF_AMINO_ACID_TRANSMEMBRANE_TRANSPORT	-0.24271626788316428			
HESS_TARGETS_OF_HOXA9_AND_MEIS1_UP	-0.24273160329967808			
LIN_MELANOMA_COPY_NUMBER_DN	-0.24273796315224905			
AAAGACA_MIR511	-0.2427559854290467			
GO_CERAMIDE_CATABOLIC_PROCESS	-0.24276391410142112			
TTGCCAA_MIR182	-0.24276690182151509			
ZNF8_TARGET_GENES	-0.24277826787233345			
GSE11961_FOLLICULAR_BCELL_VS_GERMINAL_CENTER_BCELL_DAY40_UP	-0.2427798988068939			
MIR6124	-0.2427890221274843			
GO_DNA_REPLICATION_INITIATION	-0.24279277549029024			
MIR761	-0.24280314236352313			
BIOCARTA_TID_PATHWAY	-0.24280700668787297			
GO_NEURON_DEATH_IN_RESPONSE_TO_HYDROGEN_PEROXIDE	-0.24281278141189863			
MIR7151_5P	-0.2428179893789795			
GO_ANCHORED_COMPONENT_OF_EXTERNAL_SIDE_OF_PLASMA_MEMBRANE	-0.24282242541279367			
GO_REGULATION_OF_VENTRICULAR_CARDIAC_MUSCLE_CELL_MEMBRANE_DEPOLARIZATION	-0.24282623771184736			
TARTE_PLASMA_CELL_VS_PLASMABLAST_DN	-0.24282776270016443			
MIR548AO_5P_MIR548AX	-0.24282809093139138			
MIR541_5P	-0.24282962453914655			
GO_NEGATIVE_REGULATION_OF_MEMBRANE_DEPOLARIZATION	-0.24283047511449474			
GSE15930_NAIVE_VS_72H_IN_VITRO_STIM_CD8_TCELL_DN	-0.24283082382385227			
HADDAD_T_LYMPHOCYTE_AND_NK_PROGENITOR_UP	-0.24284349119514942			
GO_REGULATION_OF_CYTOPLASMIC_TRANSLATION	-0.24284439275887965			
GSE32986_UNSTIM_VS_GMCSF_AND_CURDLAN_HIGHDOSE_STIM_DC_DN	-0.24284970452951166			
GO_TRANSFERASE_COMPLEX	-0.2428612571046012			
REACTOME_APOBEC3G_MEDIATED_RESISTANCE_TO_HIV_1_INFECTION	-0.24286304928972877			
GO_MICROTUBULE_SEVERING_ATPASE_ACTIVITY	-0.24287595817406157			
REACTOME_DEFECTIVE_CFTR_CAUSES_CYSTIC_FIBROSIS	-0.2428792980122964			
GO_ATTACHMENT_OF_MITOTIC_SPINDLE_MICROTUBULES_TO_KINETOCHORE	-0.24288437675913213			
BONOME_OVARIAN_CANCER_SURVIVAL_SUBOPTIMAL_DEBULKING	-0.24288568538140498			
GSE360_CTRL_VS_B_MALAYI_LOW_DOSE_DC_UP	-0.2428866477015299			
MIR3935	-0.24288669342399324			
GOBERT_OLIGODENDROCYTE_DIFFERENTIATION_DN	-0.24289052882350393			
GO_POSITIVE_REGULATION_OF_ACROSOME_REACTION	-0.24289761673318305			
BIOCARTA_AGPCR_PATHWAY	-0.24290912875746182			
GSE5503_LIVER_DC_VS_PLN_DC_ACTIVATED_ALLOGENIC_TCELL_DN	-0.24291006957361033			
GSE13762_CTRL_VS_125_VITAMIND_DAY12_DC_DN	-0.24291324424397887			
GO_CHROMOSOME_SEPARATION	-0.2429135175439838			
MIR8062	-0.2429172708792746			
GO_POSITIVE_REGULATION_OF_CELL_DIVISION	-0.24293072222451217			
GO_DEVELOPMENTAL_MATURATION	-0.24293334180287346			
IPA_ING1_DN	-0.24293692502199363			
GO_FERMENTATION	-0.24293722144570895			
GO_DNA_TOPOISOMERASE_BINDING	-0.24294015281004505			
BIOCARTA_CBL_PATHWAY	-0.24295820219051686			
MIR6809_3P	-0.2429649568337176			
GO_NEGATIVE_REGULATION_OF_ENDOCYTOSIS	-0.2429697277228353			
GO_PTW_PP1_PHOSPHATASE_COMPLEX	-0.24297236779924375			
BCAT_GDS748_DN	-0.24298122609356543			
MIR616_5P	-0.24299723188899255			
MIR3189_3P	-0.24300004016203572			
GO_REGULATION_OF_HISTONE_PHOSPHORYLATION	-0.24302041111713793			
GSE40666_UNTREATED_VS_IFNA_STIM_CD8_TCELL_90MIN_DN	-0.24302524674004297			
BIOCARTA_TNFR1_PATHWAY	-0.24303118108801436			
GO_NEGATIVE_REGULATION_OF_MAPK_CASCADE	-0.24304018901807634			
GO_POSITIVE_REGULATION_OF_MAST_CELL_ACTIVATION	-0.24304311583301164			
GO_NEGATIVE_REGULATION_OF_MICROTUBULE_POLYMERIZATION	-0.24305620578807713			
GO_STARTLE_RESPONSE	-0.2430602462594062			
BIOCARTA_ERAD_PATHWAY	-0.2430680265745479			
GO_POSITIVE_REGULATION_OF_PEPTIDYL_THREONINE_PHOSPHORYLATION	-0.24307542801982396			
SAGIV_CD24_TARGETS_UP	-0.2430762347790314			
IPA_BRIP1_DN	-0.24307900470116298			
GO_INTRACILIARY_TRANSPORT_PARTICLE_B_BINDING	-0.24309514344747538			
GO_CELLULAR_RESPONSE_TO_LOW_DENSITY_LIPOPROTEIN_PARTICLE_STIMULUS	-0.24312263223789257			
GSE29164_CD8_TCELL_VS_CD8_TCELL_AND_IL12_TREATED_MELANOMA_DAY7_DN	-0.24313029658972665			
GSE2770_UNTREATED_VS_IL12_TREATED_ACT_CD4_TCELL_6H_UP	-0.24313679957055506			
GO_NEGATIVE_REGULATION_OF_PEPTIDYL_CYSTEINE_S_NITROSYLATION	-0.24314876355950749			
GTGCAAT_MIR25_MIR32_MIR92_MIR363_MIR367	-0.24315019567775473			
GSE21927_SPLEEN_VS_BONE_MARROW_MONOCYTE_BALBC_UP	-0.24315661632174934			
GSE24814_STAT5_KO_VS_WT_PRE_BCELL_UP	-0.24316331007260986			
MIR26A_5P	-0.24316640353937477			
BILANGES_RAPAMYCIN_SENSITIVE_VIA_TSC1_AND_TSC2	-0.243175453140992			
GO_U7_SNRNP	-0.24318301439855677			
REACTOME_ROLE_OF_SECOND_MESSENGERS_IN_NETRIN_1_SIGNALING	-0.24318301845515194			
GO_FOREGUT_MORPHOGENESIS	-0.2431841782142377			
GO_POSITIVE_REGULATION_OF_SKELETAL_MUSCLE_FIBER_DEVELOPMENT	-0.2431931031783889			
GSE43863_NAIVE_VS_LY6C_LOW_CXCR5NEG_CD4_EFF_TCELL_D6_LCMV_DN	-0.24320278210777316			
REACTOME_RECOGNITION_AND_ASSOCIATION_OF_DNA_GLYCOSYLASE_WITH_SITE_CONTAINING_AN_AFFECTED_PURINE	-0.24321591814401033			
GSE30962_PRIMARY_VS_SECONDARY_ACUTE_LCMV_INF_CD8_TCELL_UP	-0.24323465495107857			
GO_LOCOMOTION_INVOLVED_IN_LOCOMOTORY_BEHAVIOR	-0.243243560933481			
GO_PYRIMIDINE_DEOXYRIBONUCLEOTIDE_BIOSYNTHETIC_PROCESS	-0.24324498594129257			
TAKADA_GASTRIC_CANCER_COPY_NUMBER_DN	-0.24325051751754653			
BASAKI_YBX1_TARGETS_UP	-0.24326663269999535			
chr16q11	-0.2432987586738539			
GO_PYRIMIDINE_DEOXYRIBONUCLEOSIDE_MONOPHOSPHATE_BIOSYNTHETIC_PROCESS	-0.24330070214998548			
GO_DNA_REPLICATION_CHECKPOINT	-0.24330813935973455			
GO_ACROSOME_REACTION	-0.2433334170221693			
GO_REGULATION_OF_EOSINOPHIL_MIGRATION	-0.24333596798690316			
ACEVEDO_METHYLATED_IN_LIVER_CANCER_DN	-0.24335559635010784			
GO_REGULATION_OF_MUSCLE_HYPERTROPHY	-0.2433571795923365			
MIR588	-0.24336892434612614			
GO_POSITIVE_REGULATION_OF_TRIGLYCERIDE_LIPASE_ACTIVITY	-0.24336979786569163			
IPA_HOXC4_UP	-0.24337098541258848			
REACTOME_RETROGRADE_NEUROTROPHIN_SIGNALLING	-0.24337439610060133			
GO_REGULATION_OF_CELL_DEVELOPMENT	-0.24337572517312836			
GSE17721_CPG_VS_GARDIQUIMOD_0.5H_BMDC_UP	-0.2434062248372485			
IPA_JMJD6_UP	-0.24341928825175232			
IPA_WHSC1L1_UP	-0.24341928825175232			
GSE3982_MAC_VS_BASOPHIL_UP	-0.24342843076535056			
MIR6511A_3P_MIR6511B_3P	-0.24344350916069857			
INAMURA_LUNG_CANCER_SCC_DN	-0.2434460294056611			
chr5q35	-0.24345167779061933			
GSE17721_CTRL_VS_PAM3CSK4_2H_BMDC_UP	-0.24345507588833426			
GO_REGULATION_OF_CELL_CYCLE_G1_S_PHASE_TRANSITION	-0.2434628778485478			
GSE7460_CTRL_VS_FOXP3_OVEREXPR_TCONV_UP	-0.24346963245650832			
GO_CHROMOSOME_SEGREGATION	-0.243472223021636			
MIR6072	-0.24349174878147678			
GO_REGULATION_OF_DNA_REPLICATION	-0.24349184906543878			
LIU_TARGETS_OF_VMYB_VS_CMYB_UP	-0.2434930607609983			
MIR1257	-0.24349493827353705			
GO_POSITIVE_REGULATION_OF_RESPONSE_TO_INTERFERON_GAMMA	-0.24350327956019138			
GO_VESICLE_TRANSPORT_ALONG_ACTIN_FILAMENT	-0.24353315968224226			
MIR4762_3P	-0.2435491659600028			
GO_NITRIC_OXIDE_MEDIATED_SIGNAL_TRANSDUCTION	-0.24358064391716017			
GO_HELICASE_ACTIVITY	-0.24358319839999792			
GO_OSTEOBLAST_DEVELOPMENT	-0.2435877878003722			
GO_REGULATION_OF_TRANSCRIPTION_REGULATORY_REGION_DNA_BINDING	-0.24360126373120583			
GO_NEGATIVE_REGULATION_OF_CELL_CYCLE_G1_S_PHASE_TRANSITION	-0.24360474039596824			
GO_BASIC_AMINO_ACID_TRANSMEMBRANE_TRANSPORTER_ACTIVITY	-0.24360580834441786			
KIM_ALL_DISORDERS_CALB1_CORR_DN	-0.2436168309249101			
GO_RESPONSE_TO_CAFFEINE	-0.24362110124296044			
GSE34156_NOD2_LIGAND_VS_NOD2_AND_TLR1_TLR2_LIGAND_24H_TREATED_MONOCYTE_UP	-0.24362290092625785			
PID_VEGFR1_PATHWAY	-0.2436270974319277			
GSE3982_MAST_CELL_VS_DC_DN	-0.24363374471830296			
GSE24210_IL35_TREATED_VS_UNTREATED_TCONV_CD4_TCELL_UP	-0.24363842840867908			
MIR548G_3P	-0.24364100262690536			
MIR548AT_5P	-0.24364115088237434			
GSE14413_UNSTIM_VS_IFNB_STIM_NIH3T3_CELLS_UP	-0.24364166823682407			
MIR4653_5P	-0.24364708554104664			
MIR3675_3P	-0.24364841006936314			
MIR548AS_3P	-0.24365172709757116			
GSE26030_TH1_VS_TH17_RESTIMULATED_DAY15_POST_POLARIZATION_DN	-0.24365179056917935			
REACTOME_SOS_MEDIATED_SIGNALLING	-0.2436588837547445			
BENPORATH_NOS_TARGETS	-0.24366739666876974			
GO_SPINAL_CORD_ASSOCIATION_NEURON_DIFFERENTIATION	-0.24367940932700893			
GO_POSITIVE_REGULATION_OF_HUMORAL_IMMUNE_RESPONSE_MEDIATED_BY_CIRCULATING_IMMUNOGLOBULIN	-0.2436936784967357			
GO_UBIQUITIN_LIKE_PROTEIN_SPECIFIC_PROTEASE_ACTIVITY	-0.2436972476391341			
GO_ENDONUCLEASE_ACTIVITY	-0.2437024394951395			
GO_GLYCEROLIPID_CATABOLIC_PROCESS	-0.24370450505654542			
GSE41978_WT_VS_ID2_KO_AND_BIM_KO_KLRG1_LOW_EFFECTOR_CD8_TCELL_UP	-0.24370474683676766			
GSE3982_EOSINOPHIL_VS_MAST_CELL_DN	-0.2437073779391295			
REACTOME_HDMS_DEMETHYLATE_HISTONES	-0.24371525911437464			
GO_REGULATION_OF_SMOOTH_MUSCLE_CELL_CHEMOTAXIS	-0.24371540299653877			
BIOCARTA_ERK5_PATHWAY	-0.24372091410098856			
GSE13887_RESTING_VS_NO_TREATED_CD4_TCELL_DN	-0.24372847736705117			
GSE6674_CPG_VS_PL2_3_STIM_BCELL_UP	-0.24374319136520875			
REACTOME_TRANSPORT_AND_SYNTHESIS_OF_PAPS	-0.24375146164385034			
MIR26B_5P	-0.243763454550615			
GO_POSITIVE_REGULATION_OF_INTRINSIC_APOPTOTIC_SIGNALING_PATHWAY_BY_P53_CLASS_MEDIATOR	-0.24376441669500476			
IPA_HIC1_DN	-0.24376537535930945			
GO_VESICLE_DOCKING	-0.2437762626170826			
REACTOME_ANCHORING_OF_THE_BASAL_BODY_TO_THE_PLASMA_MEMBRANE	-0.2437793427208082			
BIOCARTA_CXCR4_PATHWAY	-0.24378709646097868			
MIR2114_3P	-0.24378934440795408			
GO_POSITIVE_REGULATION_OF_RYANODINE_SENSITIVE_CALCIUM_RELEASE_CHANNEL_ACTIVITY	-0.2437937409495683			
GSE21033_3H_VS_24H_POLYIC_STIM_DC_DN	-0.24379439282168716			
GSE360_T_GONDII_VS_B_MALAYI_LOW_DOSE_MAC_UP	-0.24379932743772445			
GO_SULFURIC_ESTER_HYDROLASE_ACTIVITY	-0.24380314339704506			
HE_PTEN_TARGETS_UP	-0.24380332409039157			
ZHU_CMV_24_HR_UP	-0.2438166066642107			
GO_ALDITOL_METABOLIC_PROCESS	-0.24381754521255591			
GO_REGULATION_OF_MYELINATION	-0.24381871042510322			
REACTOME_PI3K_EVENTS_IN_ERBB4_SIGNALING	-0.243826688436429			
GSE42724_MEMORY_BCELL_VS_PLASMABLAST_DN	-0.24383590349192705			
REACTOME_THE_RETINOID_CYCLE_IN_CONES_DAYLIGHT_VISION	-0.2438410973034148			
GO_LYMPH_VESSEL_DEVELOPMENT	-0.24384550295026547			
GO_REGULATION_OF_CELL_CYCLE_PHASE_TRANSITION	-0.24384980126987607			
GO_MRNA_CLEAVAGE_AND_POLYADENYLATION_SPECIFICITY_FACTOR_COMPLEX	-0.24385138953972443			
GO_NEGATIVE_REGULATION_OF_JUN_KINASE_ACTIVITY	-0.2438713611919396			
GO_CHEMOKINE_C_C_MOTIF_LIGAND_5_PRODUCTION	-0.2438758809585666			
GSE13173_UNTREATED_VS_IL12_TREATED_ACT_CD8_TCELL_UP	-0.243879044010858			
SPIELMAN_LYMPHOBLAST_EUROPEAN_VS_ASIAN_UP	-0.24388490602451818			
HDGF_TARGET_GENES	-0.24390336794547582			
GO_MAMMALIAN_OOGENESIS_STAGE	-0.24390964222297892			
GO_NUCLEOSIDE_METABOLIC_PROCESS	-0.24390983044423795			
GO_TOXIN_TRANSPORT	-0.2439154692447441			
KEGG_MTOR_SIGNALING_PATHWAY	-0.24392029273235363			
CHOI_ATL_CHRONIC_VS_ACUTE_DN	-0.24392326566077838			
GO_ENDOCARDIAL_CUSHION_DEVELOPMENT	-0.24392574072748982			
GSE3982_CTRL_VS_IGE_STIM_MAST_CELL_UP	-0.24393366384021942			
GSE17721_LPS_VS_GARDIQUIMOD_2H_BMDC_DN	-0.24393416666134363			
GRAHAM_CML_QUIESCENT_VS_NORMAL_QUIESCENT_UP	-0.24393418603297007			
GO_GOLGI_ORGANIZATION	-0.24395206500401073			
ARP1_01	-0.24396413706491593			
GO_REGULATION_OF_CARDIOCYTE_DIFFERENTIATION	-0.24396906142830369			
MIR2115_3P	-0.24397073025547847			
GO_ATRIAL_SEPTUM_DEVELOPMENT	-0.24397829140403735			
RELA_DN.V1_UP	-0.24398278001754076			
GO_BASIC_AMINO_ACID_TRANSMEMBRANE_TRANSPORT	-0.24399049395433456			
MIR4650_3P	-0.2440015187097969			
REACTOME_SUMOYLATION_OF_UBIQUITINYLATION_PROTEINS	-0.24401873234431223			
MIR584_5P	-0.2440321112639608			
AUJLA_IL22_AND_IL17A_SIGNALING	-0.24403906416202045			
GTATGAT_MIR154_MIR487	-0.24404045233752547			
GSE21927_SPLEEN_C57BL6_VS_EL4_TUMOR_BALBC_MONOCYTES_DN	-0.24404717458782654			
MIR6823_3P	-0.24405066126603905			
GO_PYRIMIDINE_NUCLEOSIDE_TRIPHOSPHATE_METABOLIC_PROCESS	-0.24405407266759108			
IPA_H2AFZ_UP	-0.24406034970560156			
SRPK1_TARGET_GENES	-0.24406234951107975			
GO_REGULATION_OF_TRAIL_ACTIVATED_APOPTOTIC_SIGNALING_PATHWAY	-0.24408246048089305			
MIR378E	-0.24408651182556196			
GO_POSITIVE_REGULATION_OF_ANIMAL_ORGAN_MORPHOGENESIS	-0.24410533032619372			
GO_POSITIVE_REGULATION_OF_HEART_INDUCTION	-0.24411097761493172			
GO_NEUTRAL_LIPID_CATABOLIC_PROCESS	-0.24412433390293056			
REACTOME_PROLONGED_ERK_ACTIVATION_EVENTS	-0.24412563811714405			
MIR6743_5P	-0.24412612822930824			
GO_POSITIVE_REGULATION_OF_HEPATOCYTE_PROLIFERATION	-0.24412635957367626			
GO_CHROMOSOME_ORGANIZATION_INVOLVED_IN_MEIOTIC_CELL_CYCLE	-0.24413037754243908			
MDM2_TARGET_GENES	-0.24413538806361043			
GSE14000_4H_VS_16H_LPS_DC_DN	-0.24413596498593282			
TGAATGT_MIR181A_MIR181B_MIR181C_MIR181D	-0.24415219641837088			
ZHAN_MULTIPLE_MYELOMA_UP	-0.24415486043958512			
GO_POSITIVE_REGULATION_OF_MUSCLE_CELL_APOPTOTIC_PROCESS	-0.24415493015463716			
SMAD4_Q6	-0.24416022556405645			
FIGUEROA_AML_METHYLATION_CLUSTER_3_UP	-0.24416215235194336			
IPA_HOXB1_UP	-0.24416779928845045			
MIR27A_5P	-0.24418003135762054			
GSE28783_CTRL_ANTI_MIR_VS_UNTREATED_ATHEROSCLEROSIS_MACROPHAGE_UP	-0.24419542756072596			
MIR942_5P	-0.24419667199893397			
MIR371B_5P	-0.24419736524759106			
BIOCARTA_AKAP13_PATHWAY	-0.24419854820451886			
OUYANG_PROSTATE_CANCER_PROGRESSION_DN	-0.2442005892191672			
PRKDC_TARGET_GENES	-0.24421678699060576			
PETROVA_PROX1_TARGETS_UP	-0.24421732627939577			
IPA_STAT4_DN	-0.24422089242342118			
REACTOME_RUNX3_REGULATES_P14_ARF	-0.24422556179608926			
BIOCARTA_CARDIACEGF_PATHWAY	-0.24422773776469206			
JAATINEN_HEMATOPOIETIC_STEM_CELL_UP	-0.24423638017299942			
GO_RSC_TYPE_COMPLEX	-0.2442494425306736			
GO_NEUTROPHIL_CLEARANCE	-0.24425997803101437			
IPA_HSF1_DN	-0.2442663167440311			
MIR548AZ_3P	-0.24426788502827187			
GO_REGULATION_OF_MITOCHONDRIAL_FISSION	-0.2442712739544752			
GO_PROCOLLAGEN_PROLINE_4_DIOXYGENASE_ACTIVITY	-0.24427492749150154			
GO_VITAMIN_BIOSYNTHETIC_PROCESS	-0.24427577162483444			
PID_CDC42_REG_PATHWAY	-0.24427978015871865			
SU_TESTIS	-0.2442806995432764			
GO_NUCLEOBASE_CONTAINING_COMPOUND_TRANSPORT	-0.24428792907082983			
REACTOME_ACTIVATION_OF_ATR_IN_RESPONSE_TO_REPLICATION_STRESS	-0.24429932863324566			
MIR613	-0.2443034696953455			
GO_RESPONSE_TO_PEPTIDE_HORMONE	-0.24432857198997923			
BIOCARTA_ARENRF2_PATHWAY	-0.24433030659464933			
PRDM12_TARGET_GENES	-0.24433116566453308			
GSE28737_FOLLICULAR_VS_MARGINAL_ZONE_BCELL_DN	-0.24433254766351672			
GO_NEGATIVE_REGULATION_OF_DEVELOPMENTAL_PROCESS	-0.24433315273093129			
GO_POSITIVE_REGULATION_OF_OSTEOCLAST_DIFFERENTIATION	-0.24434653301083015			
GO_IMMUNOGLOBULIN_COMPLEX	-0.24435213372481837			
GO_NEGATIVE_REGULATION_OF_ORGANELLE_ASSEMBLY	-0.2443578490061051			
GO_REGULATION_OF_CELLULAR_RESPONSE_TO_MACROPHAGE_COLONY_STIMULATING_FACTOR_STIMULUS	-0.24435820730594598			
REACTOME_SIGNALING_BY_FGFR3	-0.24436437016383653			
GSE11864_CSF1_VS_CSF1_IFNG_IN_MAC_DN	-0.24437296966732952			
MIR629_3P	-0.24438541442744352			
HNF1_Q6	-0.24438894261645383			
GO_PROTEIN_KINASE_C_ACTIVITY	-0.24439028131955634			
GSE26030_UNSTIM_VS_RESTIM_TH17_DAY15_POST_POLARIZATION_DN	-0.2443973188708927			
GSE20366_EX_VIVO_VS_HOMEOSTATIC_CONVERSION_TREG_DN	-0.24439737836034311			
GO_CYTOPLASMIC_SEQUESTERING_OF_NF_KAPPAB	-0.2444001724320639			
GO_RECEPTOR_MEDIATED_VIRION_ATTACHMENT_TO_HOST_CELL	-0.2444031520956497			
GO_NEGATIVE_REGULATION_OF_CHROMATIN_SILENCING	-0.24440508694161445			
GO_PIRNA_METABOLIC_PROCESS	-0.2444075321860515			
GSE21379_TFH_VS_NON_TFH_SAP_KO_CD4_TCELL_UP	-0.24440767482394415			
GO_REGULATION_OF_MEIOTIC_NUCLEAR_DIVISION	-0.24441450503611628			
GO_REGULATION_OF_ION_TRANSPORT	-0.2444190506353482			
IPA_ALX4_DN	-0.2444247118987803			
GSE2770_UNTREATED_VS_IL12_TREATED_ACT_CD4_TCELL_2H_DN	-0.24444171739042525			
HALLMARK_PI3K_AKT_MTOR_SIGNALING	-0.2444617676510548			
GO_SM_LIKE_PROTEIN_FAMILY_COMPLEX	-0.2444663310052891			
chr1p31	-0.24448643188385802			
GO_FEMALE_MEIOSIS_CHROMOSOME_SEGREGATION	-0.2444983075699621			
GO_THYMIC_T_CELL_SELECTION	-0.2445116000912704			
GSE21927_UNTREATED_VS_GMCSF_IL6_TREATED_BONE_MARROW_UP	-0.24452178411432443			
GO_DNA_REPLICATION	-0.24452758548408923			
REACTOME_DEUBIQUITINATION	-0.24452962052403046			
MIR6776_5P	-0.24453134583684386			
GSE41867_DAY8_VS_DAY15_LCMV_CLONE13_EFFECTOR_CD8_TCELL_DN	-0.2445326542155572			
chr17q22	-0.2445426218211156			
GO_PEPTIDE_N_ACETYLTRANSFERASE_ACTIVITY	-0.2445482675820832			
GSE5099_UNSTIM_VS_MCSF_TREATED_MONOCYTE_DAY7_UP	-0.2445583694050975			
IPA_ZNF423_DN	-0.24456032067916433			
REACTOME_TRANSPORT_OF_INORGANIC_CATIONS_ANIONS_AND_AMINO_ACIDS_OLIGOPEPTIDES	-0.24456751631278867			
GSE4590_PRE_BCELL_VS_VPREB_POS_LARGE_PRE_BCELL_DN	-0.24457000761145703			
GAUSSMANN_MLL_AF4_FUSION_TARGETS_A_UP	-0.24457008439243055			
GSE37416_CTRL_VS_3H_F_TULARENSIS_LVS_NEUTROPHIL_DN	-0.24457102138961584			
GSE2770_UNTREATED_VS_TGFB_AND_IL12_TREATED_ACT_CD4_TCELL_48H_UP	-0.24457580371639087			
GO_DNA_LIGATION	-0.24458152585536116			
GO_PROTEIN_PEPTIDYL_PROLYL_ISOMERIZATION	-0.2445868432809935			
GO_PROTON_TRANSPORTING_V_TYPE_ATPASE_V0_DOMAIN	-0.24458895643360706			
GSE6674_CPG_VS_CPG_AND_ANTI_IGM_STIM_BCELL_UP	-0.2445904421861881			
GO_SYNAPTIC_VESICLE_DOCKING	-0.24460732113890632			
GSE22589_HEALTHY_VS_HIV_INFECTED_DC_UP	-0.24461783297387957			
GO_CATECHOLAMINE_BIOSYNTHETIC_PROCESS	-0.24462476920917828			
REACTOME_CELL_CYCLE_MITOTIC	-0.24462523304911382			
MIR4747_5P	-0.24462557648137284			
TSAI_DNAJB4_TARGETS_DN	-0.24463131632434873			
REACTOME_PREVENTION_OF_PHAGOSOMAL_LYSOSOMAL_FUSION	-0.2446388731591295			
GSE13887_RESTING_VS_ACT_CD4_TCELL_UP	-0.24464829378195188			
GO_U5_SNRNP	-0.24466686929036205			
GO_RESPONSE_TO_VITAMIN_A	-0.24468341081778733			
GO_NEGATIVE_REGULATION_OF_NUCLEOTIDE_BIOSYNTHETIC_PROCESS	-0.24468638652570118			
GSE36392_EOSINOPHIL_VS_NEUTROPHIL_IL25_TREATED_LUNG_DN	-0.24470433139192277			
MIR4516	-0.24470894332368906			
GO_TRANSLATION_REPRESSOR_ACTIVITY	-0.24471637537655758			
GO_CELLULAR_RESPONSE_TO_KETONE	-0.24472620785695853			
GO_FOREBRAIN_NEURON_DEVELOPMENT	-0.24473254223141638			
IPA_PITX2_DN	-0.24474955157243594			
IPA_KAT5_UP	-0.24475068748174017			
REACTOME_MITOTIC_SPINDLE_CHECKPOINT	-0.24476420231754847			
GSE5503_PLN_DC_VS_SPLEEN_DC_ACTIVATED_ALLOGENIC_TCELL_UP	-0.2447913072235803			
GO_DOUBLE_STRANDED_RNA_BINDING	-0.24479337318307048			
GO_POSITIVE_REGULATION_OF_SEQUESTERING_OF_CALCIUM_ION	-0.24480235402725806			
GO_NEGATIVE_REGULATION_OF_RESPIRATORY_BURST_INVOLVED_IN_INFLAMMATORY_RESPONSE	-0.2448071722657174			
GO_INTERLEUKIN_23_PRODUCTION	-0.24481185528565666			
chr6p22	-0.2448123844983744			
GO_GLOBAL_GENOME_NUCLEOTIDE_EXCISION_REPAIR	-0.24482156079394318			
GO_RESPONSE_TO_X_RAY	-0.24482351108357506			
NFY_Q6	-0.2448253812050091			
IIZUKA_LIVER_CANCER_PROGRESSION_L0_L1_UP	-0.2448282147441123			
GO_SENSORY_PERCEPTION_OF_TOUCH	-0.2448355667069955			
IPA_GATA4_UP	-0.244839591602018			
MIR30D_3P	-0.2448656258810746			
GTCAGGA_MIR378	-0.244866927942743			
MEF2D_TARGET_GENES	-0.24490402363215058			
GO_HYDROLASE_ACTIVITY_HYDROLYZING_N_GLYCOSYL_COMPOUNDS	-0.24491599381721396			
GSE28737_BCL6_HET_VS_BCL6_KO_MARGINAL_ZONE_BCELL_UP	-0.24491609080291887			
GO_NEUROTRANSMITTER_RECEPTOR_INTERNALIZATION	-0.2449213771641955			
GO_POSITIVE_REGULATION_OF_HOMOTYPIC_CELL_CELL_ADHESION	-0.24492154119485196			
GO_INTERFERON_RECEPTOR_ACTIVITY	-0.2449245283567548			
GO_UBIQUITIN_LIKE_PROTEIN_LIGASE_BINDING	-0.24493465639542736			
IPA_EBF1_UP	-0.24494797501156407			
PAX8_TARGET_GENES	-0.24496314229550664			
GO_HEAT_GENERATION	-0.24496463482386838			
GO_TRNA_CYTOSINE_5_METHYLTRANSFERASE_ACTIVITY	-0.24496767271836134			
GO_TRANS_SYNAPTIC_SIGNALING_BY_LIPID	-0.2449751562774026			
GO_PEPTIDE_ANTIGEN_ASSEMBLY_WITH_MHC_PROTEIN_COMPLEX	-0.2449843184042723			
GO_CRANIAL_NERVE_STRUCTURAL_ORGANIZATION	-0.2449950042940204			
IPA_MAP3K7_UP	-0.24499594356668436			
GO_NEGATIVE_REGULATION_OF_METALLOPEPTIDASE_ACTIVITY	-0.24499698287540608			
SHEPARD_BMYB_MORPHOLINO_DN	-0.24500297546097577			
GO_VACUOLAR_ACIDIFICATION	-0.24500905024403583			
LI_LUNG_CANCER	-0.24500922650483353			
GO_POSITIVE_REGULATION_OF_THYMOCYTE_APOPTOTIC_PROCESS	-0.24501395235496382			
IPA_ATF6B_UP	-0.24501719278182502			
SUH_COEXPRESSED_WITH_ID1_AND_ID2_UP	-0.24504588899427085			
MIR369_3P	-0.24507310554101333			
MIR4679	-0.2450815624394313			
GO_SCHAFFER_COLLATERAL_CA1_SYNAPSE	-0.24509244454107876			
GSE17721_PAM3CSK4_VS_CPG_0.5H_BMDC_UP	-0.2451141475531276			
GO_FILOPODIUM	-0.24511512142533573			
MIR10400_3P_MIR4674	-0.2451174917548769			
REACTOME_RETROGRADE_TRANSPORT_AT_THE_TRANS_GOLGI_NETWORK	-0.24513043473645457			
GSE15930_STIM_VS_STIM_AND_IFNAB_24H_CD8_T_CELL_UP	-0.24514187582115513			
GO_NEGATIVE_REGULATION_OF_SKELETAL_MUSCLE_CELL_DIFFERENTIATION	-0.24514204994781982			
GO_REGULATION_OF_CARDIAC_MUSCLE_TISSUE_DEVELOPMENT	-0.2451530409004127			
SHIPP_DLBCL_CURED_VS_FATAL_UP	-0.24515902023093797			
BROWNE_HCMV_INFECTION_1HR_DN	-0.24516759803429986			
GO_CELLULAR_RESPONSE_TO_EXTRACELLULAR_STIMULUS	-0.24518072042044073			
GSE15659_NAIVE_CD4_TCELL_VS_NONSUPPRESSIVE_TCELL_DN	-0.24518832829078963			
GSE43863_NAIVE_VS_LY6C_INT_CXCR5POS_CD4_EFF_TCELL_D6_LCMV_UP	-0.24520853124723815			
MIR4699_3P	-0.24523051443540406			
GO_CELLULAR_RESPONSE_TO_ATP	-0.2452318156300967			
GO_REGULATION_OF_ACTOMYOSIN_STRUCTURE_ORGANIZATION	-0.24523421659881312			
GO_REGULATION_OF_CELL_COMMUNICATION_BY_ELECTRICAL_COUPLING	-0.2452357121645196			
MIR148B_5P	-0.24524146057226295			
GO_COMPLEMENT_RECEPTOR_MEDIATED_SIGNALING_PATHWAY	-0.245245405156409			
GO_INTRINSIC_COMPONENT_OF_POSTSYNAPTIC_SPECIALIZATION_MEMBRANE	-0.24525567414032176			
GO_ZINC_ION_TRANSPORT	-0.24525642852954974			
GO_POSITIVE_REGULATION_OF_GRANULOCYTE_MACROPHAGE_COLONY_STIMULATING_FACTOR_PRODUCTION	-0.24526870792575145			
MIR4778_3P	-0.245271557488414			
GSE339_CD4POS_VS_CD4CD8DN_DC_IN_CULTURE_UP	-0.24527848221626286			
GO_MEMBRANE_PROTEIN_COMPLEX	-0.24527924880838553			
IPA_MIER1_DN	-0.24529637364781492			
GO_ISOPEPTIDASE_ACTIVITY	-0.24530681041166655			
BIOCARTA_EPO_PATHWAY	-0.24531180923997914			
OLSSON_E2F3_TARGETS_DN	-0.24532177747896303			
GO_PHOSPHORIC_DIESTER_HYDROLASE_ACTIVITY	-0.24532452024219967			
IPA_ELK4_UP	-0.2453544329364705			
GO_POSITIVE_REGULATION_OF_METHYLATION_DEPENDENT_CHROMATIN_SILENCING	-0.24537536753742775			
MIR6778_5P	-0.24538530085444932			
BANDRES_RESPONSE_TO_CARMUSTIN_MGMT_24HR_UP	-0.24539801260706706			
GO_PYRIMIDINE_DIMER_REPAIR	-0.2453985303797313			
TERAMOTO_OPN_TARGETS_CLUSTER_3	-0.24540301032080714			
IPA_KDM6A_DN	-0.24540518286467664			
GO_PROTEIN_STABILIZATION	-0.24540535517125114			
AGGAGTG_MIR483	-0.24542305105038123			
MIR6504_5P	-0.24543632854694256			
GO_REGULATION_OF_GONADOTROPIN_SECRETION	-0.24545070673570765			
GO_REGULATION_OF_GASTRULATION	-0.24545205383087784			
GO_RESPONSE_TO_EPINEPHRINE	-0.24545972008265443			
LEE_BMP2_TARGETS_DN	-0.2454746092095835			
GO_DELTA_CATENIN_BINDING	-0.24547648193420424			
MIR10525_3P	-0.24548513060109203			
PID_BARD1_PATHWAY	-0.24549340083042778			
TEF_Q6	-0.24549401363073936			
GO_REGULATION_OF_DNA_METABOLIC_PROCESS	-0.2454974723022563			
GO_NUCLEOTIDE_EXCISION_REPAIR_DNA_INCISION_3_TO_LESION	-0.2455013696464345			
CP2_01	-0.2455069469989467			
MIR382_5P	-0.24550846235021112			
IPA_TP53_UP	-0.2455148272384445			
E2F5_TARGET_GENES	-0.245517485504238			
GO_REGULATION_OF_CARDIAC_EPITHELIAL_TO_MESENCHYMAL_TRANSITION	-0.24551757424841664			
GSE14908_RESTING_VS_HDM_STIM_CD4_TCELL_NONATOPIC_PATIENT_UP	-0.24551893097053296			
MIR4494	-0.24552986766937335			
GO_GAMMA_TUBULIN_COMPLEX	-0.24553539902973343			
NKX25_02	-0.24554383956731454			
KIM_ALL_DISORDERS_DURATION_CORR_UP	-0.2455595528176181			
GO_REGULATION_OF_CATECHOLAMINE_METABOLIC_PROCESS	-0.24556028706531471			
MIR505_5P	-0.24556566536393157			
GSE2405_HEAT_KILLED_VS_LIVE_A_PHAGOCYTOPHILUM_STIM_NEUTROPHIL_9H_DN	-0.24556858307477572			
MIR4701_5P	-0.24557755805833154			
MIR483_3P	-0.24558890631423574			
MIR205_5P	-0.24559044245092781			
GSE36476_CTRL_VS_TSST_ACT_72H_MEMORY_CD4_TCELL_OLD_UP	-0.24560295089557468			
GO_PARANODAL_JUNCTION	-0.2456033236248009			
GO_L_GLUTAMINE_TRANSMEMBRANE_TRANSPORTER_ACTIVITY	-0.24560894277164674			
CAAGGAT_MIR362	-0.24562208939549598			
GO_PROTEIN_QUALITY_CONTROL_FOR_MISFOLDED_OR_INCOMPLETELY_SYNTHESIZED_PROTEINS	-0.24563225471047134			
GO_MEMBRANE_DISASSEMBLY	-0.24564952282589317			
MIR454_5P	-0.24565234682992054			
DANG_REGULATED_BY_MYC_UP	-0.24566423793914738			
MIR599	-0.24567233079276168			
GARCIA_TARGETS_OF_FLI1_AND_DAX1_UP	-0.24567728918511542			
GO_SENSORY_PERCEPTION_OF_SOUR_TASTE	-0.24571434394534475			
GSE24671_BAKIMULC_VS_SENDAI_VIRUS_INFECTED_MOUSE_SPLENOCYTES_UP	-0.2457221928408361			
GO_CELL_BODY	-0.24573205628829525			
GO_HISTONE_H3_ACETYLATION	-0.24573995936184012			
NIKOLSKY_BREAST_CANCER_20Q11_AMPLICON	-0.2457455030329243			
GSE26351_UNSTIM_VS_BMP_PATHWAY_STIM_HEMATOPOIETIC_PROGENITORS_UP	-0.24576744382215746			
GSE15330_LYMPHOID_MULTIPOTENT_VS_MEGAKARYOCYTE_ERYTHROID_PROGENITOR_IKAROS_KO_UP	-0.24577816881249165			
GSE7852_THYMUS_VS_FAT_TREG_DN	-0.24578476763874677			
GO_CHYLOMICRON_ASSEMBLY	-0.24578545202284743			
MIR329_3P	-0.24579199790017622			
GO_DNA_METABOLIC_PROCESS	-0.24579637607391047			
GO_CELL_PART_MORPHOGENESIS	-0.2457971371490775			
HOLLEMAN_DAUNORUBICIN_B_ALL_DN	-0.24580923515006953			
KEGG_GAP_JUNCTION	-0.2458105736654115			
GSE13547_2H_VS_12_H_ANTI_IGM_STIM_BCELL_DN	-0.24583158930497928			
GO_TRANSLATIONAL_READTHROUGH	-0.24584729234074157			
REACTOME_SUMOYLATION_OF_DNA_METHYLATION_PROTEINS	-0.2458476161733257			
GO_REGULATION_OF_ACTIVIN_RECEPTOR_SIGNALING_PATHWAY	-0.2458609955068061			
GO_EARLY_ENDOSOME_TO_GOLGI_TRANSPORT	-0.24587942823406095			
GSE26669_CD4_VS_CD8_TCELL_IN_MLR_UP	-0.24588371885830904			
GSE3982_MAC_VS_EFF_MEMORY_CD4_TCELL_DN	-0.2458911626959598			
MIR4659B_5P	-0.24589272254888772			
MIR4540	-0.24589310885443633			
IPA_SMARCA2_DN	-0.2458960113099215			
GO_REGULATION_OF_PROTEIN_TARGETING	-0.2459028121817781			
MIR8067	-0.24590499258208032			
GO_PARTURITION	-0.24590957057692506			
MIR3173_5P	-0.24591296936206383			
GSE14413_UNSTIM_VS_IFNB_STIM_L929_CELLS_DN	-0.24591551401649248			
REACTOME_ABC_TRANSPORTER_DISORDERS	-0.24591634678143867			
GSE360_L_MAJOR_VS_B_MALAYI_LOW_DOSE_DC_DN	-0.24592937422454667			
IPA_SALL4_DN	-0.24593075985480992			
YTATTTTNR_MEF2_02	-0.24593472497737986			
MIR3065_5P	-0.24593534654895366			
MIR3174	-0.24595742927319025			
GO_ACTIVIN_RECEPTOR_BINDING	-0.24597248573862732			
TCF11MAFG_01	-0.24599032522510636			
GSE22886_NAIVE_TCELL_VS_NEUTROPHIL_UP	-0.2460050708079116			
GSE13306_RA_VS_UNTREATED_TREG_DN	-0.24601179511521964			
GO_REGULATION_OF_PHOSPHOLIPID_CATABOLIC_PROCESS	-0.24601853862292947			
GO_MISMATCH_REPAIR_COMPLEX	-0.24602508491813094			
ERBB2_UP.V1_DN	-0.24602820674690615			
GSE22886_NAIVE_TCELL_VS_NKCELL_UP	-0.24603031692146143			
GO_PROTEIN_LOCALIZATION_TO_NUCLEAR_ENVELOPE	-0.24604510796089393			
SVIL_TARGET_GENES	-0.24604514888493706			
GRATIAS_RETINOBLASTOMA_16Q24	-0.2460596713027149			
MIR1185_5P	-0.24606530620742817			
GO_PEPTIDE_MODIFICATION	-0.2460746543247311			
MIR5010_5P	-0.2460776606734001			
GO_RESPONSE_TO_ACTIVITY	-0.24608089157624974			
GSE30083_SP1_VS_SP2_THYMOCYTE_UP	-0.24609203157637763			
GO_MYOSIN_COMPLEX	-0.246101175233685			
GSE40274_SATB1_VS_FOXP3_AND_SATB1_TRANSDUCED_ACTIVATED_CD4_TCELL_UP	-0.24610233099079556			
GSE37532_VISCERAL_ADIPOSE_TISSUE_VS_LN_DERIVED_PPARG_KO_TCONV_CD4_TCELL_UP	-0.2461042479896012			
GO_IMIDAZOLE_CONTAINING_COMPOUND_METABOLIC_PROCESS	-0.24611938845881307			
MIR3659	-0.24612030692433656			
GSE37532_VISCERAL_ADIPOSE_TISSUE_VS_LN_DERIVED_PPARG_KO_TREG_CD4_TCELL_DN	-0.24612471611478767			
MIR6779_3P	-0.246126493833717			
BOYAULT_LIVER_CANCER_SUBCLASS_G6_UP	-0.24613019155038882			
GO_INTERLEUKIN_1_ALPHA_SECRETION	-0.24613234068984477			
MIR1323	-0.24613314989798563			
REACTOME_INWARDLY_RECTIFYING_K_CHANNELS	-0.2461335415716786			
GO_POSITIVE_REGULATION_OF_CIRCADIAN_RHYTHM	-0.246136398306457			
BAHD1_TARGET_GENES	-0.24614268437533413			
GO_GDP_METABOLIC_PROCESS	-0.24614900530609823			
REACTOME_PHOSPHOLIPASE_C_MEDIATED_CASCADE_FGFR2	-0.24615558184033273			
MIR30E_3P	-0.2461562725979256			
KALMA_E2F1_TARGETS	-0.24615970484820032			
ACEVEDO_LIVER_CANCER_WITH_H3K9ME3_DN	-0.24617554333202837			
GSE37533_PPARG1_FOXP3_VS_FOXP3_TRANSDUCED_CD4_TCELL_UP	-0.24617653534306247			
GO_REGULATION_OF_HEPATOCYTE_PROLIFERATION	-0.24617933820822033			
GSE16450_IMMATURE_VS_MATURE_NEURON_CELL_LINE_DN	-0.24617967003974445			
GO_REGULATION_OF_CARBOHYDRATE_BIOSYNTHETIC_PROCESS	-0.24618119401070646			
BIOCARTA_GLEEVEC_PATHWAY	-0.24618137431628262			
GO_PERIPHERAL_NERVOUS_SYSTEM_AXON_REGENERATION	-0.24618307291030267			
GSE19941_UNSTIM_VS_LPS_AND_IL10_STIM_IL10_KO_NFKBP50_KO_MACROPHAGE_DN	-0.24619582065549536			
GO_ENSHEATHMENT_OF_NEURONS	-0.24619876928645482			
DEMAGALHAES_AGING_DN	-0.2462061818939939			
GO_NEGATIVE_REGULATION_OF_MEGAKARYOCYTE_DIFFERENTIATION	-0.24623030140642016			
LE_EGR2_TARGETS_UP	-0.2462408346788705			
MIR16_1_3P	-0.24625398869220158			
GO_TELOMERASE_RNA_BINDING	-0.24625725593887143			
GSE8835_HEALTHY_VS_CLL_CD4_TCELL_UP	-0.2462573849330337			
GO_BETA_CATENIN_DESTRUCTION_COMPLEX	-0.24626019881759323			
GO_MONOCYTE_CHEMOTACTIC_PROTEIN_1_PRODUCTION	-0.24627674497179172			
GSE3982_EOSINOPHIL_VS_TH1_DN	-0.24627991639131575			
GO_PURINE_NUCLEOSIDE_TRIPHOSPHATE_CATABOLIC_PROCESS	-0.24628486314899442			
REACTOME_REGULATION_OF_TP53_ACTIVITY_THROUGH_PHOSPHORYLATION	-0.2462884511183579			
GO_CORONARY_VASCULATURE_MORPHOGENESIS	-0.24629088033411475			
GO_FUCOSE_BINDING	-0.24629865519381405			
GO_NEGATIVE_REGULATION_OF_FERTILIZATION	-0.2463101889370228			
REACTOME_SIGNALING_BY_INSULIN_RECEPTOR	-0.24631404427158915			
GO_NEGATIVE_REGULATION_OF_GLYCOPROTEIN_BIOSYNTHETIC_PROCESS	-0.24631932907981838			
GSE17721_CTRL_VS_GARDIQUIMOD_0.5H_BMDC_DN	-0.24632446121310247			
GSE360_L_MAJOR_VS_B_MALAYI_LOW_DOSE_MAC_DN	-0.24633014359422928			
MIR4465	-0.24633741149371696			
GO_INTRA_GOLGI_VESICLE_MEDIATED_TRANSPORT	-0.24634419342669148			
GSE20198_UNTREATED_VS_IL12_IL18_TREATED_ACT_CD4_TCELL_DN	-0.24634588240541155			
GSE20366_TREG_VS_NAIVE_CD4_TCELL_DEC205_CONVERSION_DN	-0.24635465224914663			
GENTILE_UV_RESPONSE_CLUSTER_D8	-0.2463598541362121			
KAMIKUBO_MYELOID_MN1_NETWORK	-0.24636347312629706			
GO_NEGATIVE_REGULATION_OF_ENDOPLASMIC_RETICULUM_CALCIUM_ION_CONCENTRATION	-0.24637208422381537			
GO_MRNA_EXPORT_FROM_NUCLEUS	-0.24637567425219958			
GO_CULLIN_RING_UBIQUITIN_LIGASE_COMPLEX	-0.24638319231114028			
REACTOME_CA2_ACTIVATED_K_CHANNELS	-0.24638529472830548			
GO_ENDOPLASMIC_RETICULUM_MANNOSE_TRIMMING	-0.24639457746327267			
SHEPARD_CRUSH_AND_BURN_MUTANT_DN	-0.24639912601733172			
MIR3672	-0.2464004271720569			
GRYDER_PAX3FOXO1_ENHANCERS_KO_DOWN	-0.24640240167314303			
GO_RESPONSE_TO_STAUROSPORINE	-0.24641427991875373			
GSE22432_CDC_VS_COMMON_DC_PROGENITOR_DN	-0.24641498836851558			
MIR6870_3P	-0.24642239085859027			
GO_POSITIVE_REGULATION_OF_CELLULAR_AMIDE_METABOLIC_PROCESS	-0.24643418902317604			
GSE25846_IL10_POS_VS_NEG_CD8_TCELL_DAY7_POST_CORONAVIRUS_BRAIN_DN	-0.24644068251295104			
MIR29B_3P_MIR29C_3P	-0.24644140961615646			
GO_REGULATION_OF_DNA_BINDING	-0.246445560411984			
GO_POSITIVE_REGULATION_OF_OSTEOBLAST_DIFFERENTIATION	-0.24645455020477802			
GSE21774_CD62L_POS_CD56_BRIGHT_VS_CD62L_NEG_CD56_DIM_NK_CELL_DN	-0.24645478272867047			
GO_MITOCHONDRIAL_DNA_REPAIR	-0.2464633696213363			
GO_HIGH_DENSITY_LIPOPROTEIN_PARTICLE_REMODELING	-0.24646552043908532			
GSE360_CTRL_VS_M_TUBERCULOSIS_MAC_UP	-0.24649392550570212			
KYNG_DNA_DAMAGE_BY_4NQO_OR_UV	-0.2465048151729501			
PETRETTO_LEFT_VENTRICLE_MASS_QTL_CIS_UP	-0.24650584864148556			
HALLMARK_UNFOLDED_PROTEIN_RESPONSE	-0.24651514023171098			
BIOCARTA_RAN_PATHWAY	-0.24651771279336615			
LEE_LIVER_CANCER_MYC_TGFA_DN	-0.24652034923841748			
MIR4327	-0.2465265739742114			
MIR3622B_5P	-0.24654437124859532			
GO_ORGANELLE_MEMBRANE_CONTACT_SITE	-0.2465489917225865			
MARIADASON_RESPONSE_TO_BUTYRATE_CURCUMIN_SULINDAC_TSA_1	-0.24655107877278384			
GSE18281_MEDULLARY_THYMOCYTE_VS_WHOLE_MEDULLA_THYMUS_DN	-0.2465561453284853			
GO_NON_CANONICAL_WNT_SIGNALING_PATHWAY	-0.24656253453309193			
GO_APOPTOTIC_PROCESS_INVOLVED_IN_DEVELOPMENT	-0.24657486510084187			
GO_DEOXYRIBONUCLEOSIDE_METABOLIC_PROCESS	-0.24657525889187054			
TONKS_TARGETS_OF_RUNX1_RUNX1T1_FUSION_MONOCYTE_UP	-0.24661458797072208			
GO_SERINE_TRANSPORT	-0.24661971445411027			
GSE19923_WT_VS_HEB_KO_DP_THYMOCYTE_DN	-0.24662127257539532			
GO_ATRIAL_CARDIAC_MUSCLE_CELL_MEMBRANE_REPOLARIZATION	-0.24663011534814236			
MIR4678	-0.24663032938555612			
GO_NEGATIVE_REGULATION_OF_ION_TRANSMEMBRANE_TRANSPORT	-0.246633054880128			
SENESE_HDAC1_TARGETS_DN	-0.24663329460097239			
GO_SMAD_PROTEIN_SIGNAL_TRANSDUCTION	-0.246651654194014			
ZHAN_MULTIPLE_MYELOMA_MS_UP	-0.24665711959883613			
GO_NEGATIVE_REGULATION_OF_DEVELOPMENTAL_GROWTH	-0.24665972829160193			
GREGORY_SYNTHETIC_LETHAL_WITH_IMATINIB	-0.2466690654457377			
MIR382_3P	-0.24667050659036213			
MIR6131	-0.24667120620708166			
GO_MEIOTIC_SISTER_CHROMATID_SEGREGATION	-0.24667921025540981			
SUZUKI_RESPONSE_TO_TSA_AND_DECITABINE_1A	-0.24669827166938124			
S8_01	-0.24670334087685658			
GO_INTERLEUKIN_1_MEDIATED_SIGNALING_PATHWAY	-0.24670607549424792			
GO_EMBRYONIC_CRANIAL_SKELETON_MORPHOGENESIS	-0.2467100950965614			
MIR3668	-0.2467144550294178			
GO_PHOSPHATIDYLINOSITOL_3_KINASE_COMPLEX_CLASS_I	-0.24671670710631305			
GO_NEGATIVE_REGULATION_OF_METAPHASE_ANAPHASE_TRANSITION_OF_CELL_CYCLE	-0.24673869551225266			
GO_SODIUM_CHANNEL_INHIBITOR_ACTIVITY	-0.2467455508878757			
GO_REGULATION_OF_NERVOUS_SYSTEM_DEVELOPMENT	-0.24675578502095732			
ZNF547_TARGET_GENES	-0.246784081077262			
REACTOME_DNA_REPLICATION_INITIATION	-0.2467900149024083			
GO_TRNA_CYTOSINE_METHYLTRANSFERASE_ACTIVITY	-0.24679083245755729			
GO_DETERMINATION_OF_DORSAL_VENTRAL_ASYMMETRY	-0.24679936967709656			
GO_RESPONSE_TO_ACETYLCHOLINE	-0.2468046838159971			
GSE36476_YOUNG_VS_OLD_DONOR_MEMORY_CD4_TCELL_72H_TSST_ACT_UP	-0.24680747989326768			
GSE13522_WT_VS_IFNG_KO_SKING_T_CRUZI_Y_STRAIN_INF_UP	-0.24680749086586576			
PID_TRKR_PATHWAY	-0.24681546498266474			
GSE11924_TFH_VS_TH1_CD4_TCELL_UP	-0.24682142127372608			
IPA_SPI1_DN	-0.2468237871645512			
ZSCAN5C_TARGET_GENES	-0.24683275016592446			
GO_SODIUM_BICARBONATE_SYMPORTER_ACTIVITY	-0.24683392957324307			
chr19p12	-0.24684088868334272			
GO_DISTAL_AXON	-0.24684138952304055			
GSE5542_UNTREATED_VS_IFNA_AND_IFNG_TREATED_EPITHELIAL_CELLS_6H_UP	-0.24685689344488104			
GSE18791_CTRL_VS_NEWCASTLE_VIRUS_DC_16H_UP	-0.24686863760054595			
GSE13173_UNTREATED_VS_IL12_TREATED_ACT_CD8_TCELL_DN	-0.2468776618661433			
GO_INHIBIN_BINDING	-0.24688184124773074			
GO_POLYADENYLATION_DEPENDENT_RNA_CATABOLIC_PROCESS	-0.24688323161389666			
MIR520A_5P	-0.24688517078643346			
GO_INTRACELLULAR_CGMP_ACTIVATED_CATION_CHANNEL_ACTIVITY	-0.24689509614920344			
GSE2770_IL12_AND_TGFB_ACT_VS_ACT_CD4_TCELL_6H_UP	-0.2468999591818412			
REACTOME_TRANSCRIPTIONAL_REGULATION_OF_PLURIPOTENT_STEM_CELLS	-0.24692009362039308			
ATGTTTC_MIR494	-0.2469278963108775			
IPA_MAF_DN	-0.2469501735917424			
GSE24634_TREG_VS_TCONV_POST_DAY7_IL4_CONVERSION_UP	-0.24695619913813366			
GO_NUCLEAR_CHROMOSOME_SEGREGATION	-0.24697146013102103			
MIR4724_5P	-0.2469789478116391			
SANA_RESPONSE_TO_IFNG_DN	-0.246988066027736			
GO_NONASSOCIATIVE_LEARNING	-0.24699498961576463			
GO_PYRIMIDINE_NUCLEOTIDE_METABOLIC_PROCESS	-0.24700660015537562			
GSE23114_PERITONEAL_CAVITY_B1A_BCELL_VS_SPLEEN_BCELL_DN	-0.24700778306293347			
REACTOME_CHYLOMICRON_REMODELING	-0.24704294718599015			
GO_NUCLEAR_PERIPHERY	-0.2470456852994177			
GO_UBIQUITIN_LIKE_PROTEIN_TRANSFERASE_ACTIVITY	-0.24706169427773553			
MIR30A_3P	-0.24706308702082985			
GSE12198_LOW_IL2_STIM_NK_CELL_VS_HIGH_IL2_STIM_NK_CELL_UP	-0.24706627631262945			
REACTOME_REGULATION_OF_TP53_EXPRESSION_AND_DEGRADATION	-0.24707535954628562			
GSE20366_CD103_POS_VS_NEG_TREG_KLRG1NEG_UP	-0.2470805167196342			
IPA_DDIT3_UP	-0.24708553865809046			
GO_IRON_ION_TRANSMEMBRANE_TRANSPORTER_ACTIVITY	-0.24708661817973612			
CCCNNNNNNAAGWT_UNKNOWN	-0.24710468393769444			
GSE28783_ANTI_MIR33_VS_UNTREATED_ATHEROSCLEROSIS_MACROPHAGE_DN	-0.24712632209019214			
GSE7219_WT_VS_NIK_NFKB2_KO_LPS_AND_ANTI_CD40_STIM_DC_UP	-0.2471265328564283			
CHEN_ETV5_TARGETS_TESTIS	-0.24712923695529646			
MIR6802_5P	-0.24713162850314566			
REACTOME_CGMP_EFFECTS	-0.2471494043720463			
GSE42021_CD24INT_TREG_VS_CD24INT_TCONV_THYMUS_DN	-0.2471622295666234			
ZHAN_MULTIPLE_MYELOMA_CD2_UP	-0.24718742443528158			
GO_SEMI_LUNAR_VALVE_DEVELOPMENT	-0.24718959803649415			
WANG_TUMOR_INVASIVENESS_DN	-0.2472040319764135			
GO_BASIC_AMINO_ACID_TRANSPORT	-0.24721190387345673			
MARSHALL_VIRAL_INFECTION_RESPONSE_UP	-0.2472263993921648			
GO_AT_DNA_BINDING	-0.2472327576198803			
GSE11864_UNTREATED_VS_CSF1_PAM3CYS_IN_MAC_DN	-0.24723613602518202			
GSE29618_PRE_VS_DAY7_FLU_VACCINE_MDC_DN	-0.2472367850217522			
SRPK2_TARGET_GENES	-0.24724485885201025			
GO_ATP_GATED_ION_CHANNEL_ACTIVITY	-0.24725525092045475			
GO_SMALL_PROTEIN_ACTIVATING_ENZYME_BINDING	-0.2472694860147742			
IPA_OXSR1_UP	-0.24727093325005564			
IPA_WNK1_UP	-0.24727093325005564			
MIR6509_3P	-0.24727648987312925			
GO_PERICHROMATIN_FIBRILS	-0.24728370980995756			
GO_OLIGODENDROCYTE_DEVELOPMENT	-0.24728899761190157			
GO_SULFATE_TRANSPORT	-0.2473010926728391			
GO_MINERALOCORTICOID_METABOLIC_PROCESS	-0.24730534169246593			
BURTON_ADIPOGENESIS_4	-0.247308073466867			
GO_OUTER_DENSE_FIBER	-0.2473141530338069			
GO_POSITIVE_REGULATION_OF_LIPID_METABOLIC_PROCESS	-0.24731924686198084			
GO_NUCLEOBASE_BINDING	-0.24732359957153244			
GO_POSITIVE_REGULATION_OF_NITRIC_OXIDE_SYNTHASE_ACTIVITY	-0.24732886747159274			
REACTOME_DUAL_INCISION_IN_GG_NER	-0.24733192007597335			
GSE13522_CTRL_VS_T_CRUZI_Y_STRAIN_INF_SKIN_BALBC_MOUSE_DN	-0.24733204504481204			
GO_NEGATIVE_REGULATION_OF_CIRCADIAN_SLEEP_WAKE_CYCLE_SLEEP	-0.24734258141216967			
GSE15659_CD45RA_NEG_CD4_TCELL_VS_NONSUPPRESSIVE_TCELL_DN	-0.24735181513779708			
MIR4793_3P	-0.2473529730476452			
GO_NERVE_DEVELOPMENT	-0.2473567987569447			
GSE360_CTRL_VS_L_DONOVANI_MAC_UP	-0.2473580949870346			
MIR3661	-0.24737563643447966			
WAKASUGI_HAVE_ZNF143_BINDING_SITES	-0.2473838372565412			
GO_NUCLEOLAR_RIBONUCLEASE_P_COMPLEX	-0.24738884049230594			
GO_DATP_METABOLIC_PROCESS	-0.24739277714236904			
GSE15271_CXCR4_POS_VS_NEG_GC_BCELL_UP	-0.24739404885640953			
GO_CDP_DIACYLGLYCEROL_METABOLIC_PROCESS	-0.24740659532187345			
MIR3929	-0.24740740351392124			
AZARE_STAT3_TARGETS	-0.24741380973502314			
GSE16385_IFNG_TNF_VS_ROSIGLITAZONE_STIM_MACROPHAGE_UP	-0.24741397946726307			
IPA_SP3_DN	-0.24741460146140062			
MIR4316	-0.24743385781087324			
IPA_TRIM28_UP	-0.24744413176066843			
GSE9037_CTRL_VS_LPS_1H_STIM_IRAK4_KO_BMDM_DN	-0.24744466158957032			
GO_REGULATION_OF_CELL_CYCLE_CHECKPOINT	-0.24744803259124634			
BIOCARTA_MSP_PATHWAY	-0.2474515423937823			
GO_NUCLEOTIDE_SALVAGE	-0.24745367536260826			
GO_RESPONSE_TO_REACTIVE_OXYGEN_SPECIES	-0.24745379787879912			
GO_RESPONSE_TO_ETHANOL	-0.2474552726037818			
GSE36527_CD69_NEG_VS_POS_TREG_CD62L_LOS_KLRG1_NEG_DN	-0.24745659603072975			
GO_NEGATIVE_REGULATION_OF_TRANSLATIONAL_ELONGATION	-0.24750349040054084			
GO_CARBON_NITROGEN_LYASE_ACTIVITY	-0.24750667049047934			
GO_NEGATIVE_REGULATION_OF_AXON_EXTENSION	-0.2475140375802561			
IPA_PAX1_UP	-0.2475188390135983			
GSE360_T_GONDII_VS_B_MALAYI_LOW_DOSE_MAC_DN	-0.24752865566966942			
REACTOME_MOLECULES_ASSOCIATED_WITH_ELASTIC_FIBRES	-0.247528716139838			
GO_REGULATION_OF_AXONOGENESIS	-0.24754915001632755			
GSE21033_CTRL_VS_POLYIC_STIM_DC_3H_DN	-0.24756919443627542			
IPA_ARNT2_UP	-0.24756939571336717			
GO_LONG_CHAIN_FATTY_ACYL_COA_BIOSYNTHETIC_PROCESS	-0.2475830273118379			
SENESE_HDAC1_AND_HDAC2_TARGETS_DN	-0.24759613571689298			
REACTOME_MITOPHAGY	-0.2475968210628278			
GO_REGULATION_OF_PLATELET_DERIVED_GROWTH_FACTOR_RECEPTOR_ALPHA_SIGNALING_PATHWAY	-0.24759883986186876			
JONES_TCOF1_TARGETS	-0.24760795430965463			
GO_REGULATION_OF_NATURAL_KILLER_CELL_CHEMOTAXIS	-0.24761174770101205			
GO_CELL_CYCLE_PHASE_TRANSITION	-0.24761354972857255			
GO_LONG_TERM_SYNAPTIC_POTENTIATION	-0.2476163363239733			
CHIARETTI_T_ALL_REFRACTORY_TO_THERAPY	-0.24762677715046616			
chr18q11	-0.2476357995830413			
GO_REGULATION_OF_CHOLESTEROL_ESTERIFICATION	-0.24763697588531158			
YAP1_DN	-0.24763937140007997			
MIKKELSEN_NPC_WITH_LCP_H3K27ME3	-0.24764881533000868			
GO_POSITIVE_REGULATION_OF_DEVELOPMENTAL_PROCESS	-0.24765153992322989			
GO_POTASSIUM_CHANNEL_REGULATOR_ACTIVITY	-0.24765328795845487			
MIR323B_3P	-0.24767516743115747			
GO_PHAGOSOME_ACIDIFICATION	-0.24768243622717828			
GO_REGULATION_OF_CATION_CHANNEL_ACTIVITY	-0.2477034509337144			
GO_U2AF	-0.24770890629422315			
MIR1298_5P	-0.24771962035297942			
KUNINGER_IGF1_VS_PDGFB_TARGETS_DN	-0.24772893263373677			
GSE39556_CD8A_DC_VS_NK_CELL_UP	-0.24774095271103116			
GO_PHOSPHOLIPID_BINDING	-0.24774365696010434			
GSE24634_TREG_VS_TCONV_POST_DAY3_IL4_CONVERSION_UP	-0.24775148031093042			
MIR3938	-0.2477555019850734			
GSE7460_WT_VS_FOXP3_HET_ACT_TCONV_UP	-0.2477629344250946			
GSE21546_WT_VS_ELK1_KO_ANTI_CD3_STIM_DP_THYMOCYTES_DN	-0.24776550084656448			
THUM_MIR21_TARGETS_HEART_DISEASE_DN	-0.2477717824996477			
GSE30083_SP2_VS_SP3_THYMOCYTE_UP	-0.24777892749223765			
GO_PHOSPHOLIPASE_D_ACTIVITY	-0.2477811591809387			
GSE17721_0.5H_VS_4H_GARDIQUIMOD_BMDC_UP	-0.24779667039480247			
MIR183_3P	-0.24780607073640712			
GO_PROTEIN_POLYGLUTAMYLATION	-0.24781981235884978			
GSE13522_WT_VS_IFNG_KO_SKIN_DN	-0.24782402236832468			
GO_PROTEIN_LIPID_COMPLEX	-0.2478315968315647			
MIR5187_3P	-0.24783398121849734			
GO_HISTONE_SERINE_PHOSPHORYLATION	-0.2478407471870212			
chr2q36	-0.24784500403608664			
REACTOME_ACTIVATED_NTRK2_SIGNALS_THROUGH_FYN	-0.24785036356598564			
GO_NUCLEAR_RETENTION_OF_PRE_MRNA_AT_THE_SITE_OF_TRANSCRIPTION	-0.24785243128726162			
JAK2_DN.V1_DN	-0.24785470375595475			
REACTOME_COHESIN_LOADING_ONTO_CHROMATIN	-0.24785647432166139			
GO_POSITIVE_REGULATION_OF_CALCIUM_MEDIATED_SIGNALING	-0.2478600881187076			
GSE32901_NAIVE_VS_TH1_CD4_TCELL_UP	-0.24786290443936088			
GO_POSITIVE_REGULATION_OF_TRIGLYCERIDE_CATABOLIC_PROCESS	-0.24786564111441628			
MIR6797_3P	-0.24786750197546503			
HOXA4_Q2	-0.24787195502975293			
MIR6781_3P	-0.24787383342991026			
GO_ACTIN_FILAMENT_SEVERING	-0.2478776693065051			
REACTOME_ACTIVATED_NTRK3_SIGNALS_THROUGH_RAS	-0.2478816463832492			
KTGGYRSGAA_UNKNOWN	-0.24789636672029092			
GO_POSITIVE_REGULATION_OF_CELLULAR_COMPONENT_ORGANIZATION	-0.24789804138825305			
GO_NEGATIVE_REGULATION_OF_SMOOTH_MUSCLE_CELL_CHEMOTAXIS	-0.2478987582788193			
GO_NADPH_OXIDASE_COMPLEX	-0.2479009661028601			
FAC1_01	-0.24790798573160813			
REACTOME_TRIGLYCERIDE_CATABOLISM	-0.2479101009286304			
MIR6830_3P	-0.24791230417440882			
GO_RNA_DESTABILIZATION	-0.24793306833531353			
BIOCARTA_PDGF_PATHWAY	-0.24793683522622717			
MIR6818_5P	-0.247939397705887			
GO_PARANODE_REGION_OF_AXON	-0.24795488309658803			
TGGAAA_NFAT_Q4_01	-0.2479695061246638			
USF_01	-0.24797530652725375			
MIR6775_5P	-0.24797713176576877			
ATM_DN.V1_UP	-0.24798493748684322			
GO_PHOSPHATASE_REGULATOR_ACTIVITY	-0.247991248846913			
MIR7152_5P	-0.24800627470647038			
GO_DNA_TRANSLOCASE_ACTIVITY	-0.24802608613923194			
GSE13547_CTRL_VS_ANTI_IGM_STIM_ZFX_KO_BCELL_12H_UP	-0.24802995269829003			
JOHNSTONE_PARVB_TARGETS_2_DN	-0.24804175190243963			
GSE13547_CTRL_VS_ANTI_IGM_STIM_BCELL_12H_UP	-0.24804329465432282			
GO_DYNACTIN_COMPLEX	-0.24805902763305715			
BENPORATH_ES_CORE_NINE	-0.24806180776212575			
GO_URETERIC_BUD_ELONGATION	-0.2480657939773654			
GSE36888_UNTREATED_VS_IL2_TREATED_STAT5_AB_KNOCKIN_TCELL_6H_DN	-0.24806709512325248			
IPA_PPARGC1A_DN	-0.24808255590672326			
KEGG_NON_HOMOLOGOUS_END_JOINING	-0.24808393664194944			
GO_CELL_MORPHOGENESIS_INVOLVED_IN_DIFFERENTIATION	-0.248087871851164			
GO_SUMO_BINDING	-0.24809163657234626			
GO_INTRA_S_DNA_DAMAGE_CHECKPOINT	-0.24810009490827314			
chrXq11	-0.2481001127730355			
IPA_ADAR_UP	-0.2481058701249625			
IPA_HOXA6_DN	-0.2481063849537758			
GO_KERATIN_FILAMENT_BINDING	-0.2481073430748466			
GO_PHENOL_CONTAINING_COMPOUND_CATABOLIC_PROCESS	-0.24810873923937934			
MIR559	-0.24813129714041235			
GO_POSITIVE_REGULATION_OF_CHOLESTEROL_STORAGE	-0.24814135869120726			
MIR3064_5P	-0.24814138099600339			
KYNG_WERNER_SYNDROM_DN	-0.24814336420766558			
GO_NEUREGULIN_BINDING	-0.2481470527442229			
GO_DNA_CATABOLIC_PROCESS_ENDONUCLEOLYTIC	-0.24815186216002752			
GO_PROTEIN_XYLOSYLTRANSFERASE_ACTIVITY	-0.24815906476467708			
REACTOME_SEMA3A_PAK_DEPENDENT_AXON_REPULSION	-0.24817705564212394			
GO_HOMOLOGOUS_CHROMOSOME_SEGREGATION	-0.24818253621367137			
chr4p14	-0.24821476211569185			
REACTOME_C_TYPE_LECTIN_RECEPTORS_CLRS	-0.24821942236791944			
GO_CASPASE_BINDING	-0.24822621130286737			
PETRETTO_BLOOD_PRESSURE_DN	-0.2482577604498376			
GO_SYNAPTIC_VESICLE_BUDDING_FROM_PRESYNAPTIC_ENDOCYTIC_ZONE_MEMBRANE	-0.24826558486410824			
GO_HETEROPHILIC_CELL_CELL_ADHESION_VIA_PLASMA_MEMBRANE_CELL_ADHESION_MOLECULES	-0.24826564169025142			
BLALOCK_ALZHEIMERS_DISEASE_DN	-0.24827639404241975			
DAVICIONI_PAX_FOXO1_SIGNATURE_IN_ARMS_DN	-0.2482766845994205			
GSE20366_EX_VIVO_VS_DEC205_CONVERSION_UP	-0.24829485362956227			
MIR3126_3P	-0.24829514088590482			
REACTOME_RUNX1_REGULATES_GENES_INVOLVED_IN_MEGAKARYOCYTE_DIFFERENTIATION_AND_PLATELET_FUNCTION	-0.2482993059741774			
GO_POSITIVE_REGULATION_OF_CELL_GROWTH	-0.2482993775201701			
MIR525_5P	-0.2483056264703616			
GO_CATECHOLAMINE_METABOLIC_PROCESS	-0.24830711913853026			
GO_EXTRINSIC_COMPONENT_OF_SYNAPTIC_MEMBRANE	-0.2483107551909066			
DACOSTA_LOW_DOSE_UV_RESPONSE_VIA_ERCC3_XPCS_DN	-0.2483112085170376			
TTGGGAG_MIR150	-0.24831216839456136			
MIR17_3P	-0.2483200384475848			
GSE5503_LIVER_DC_VS_MLN_DC_ACTIVATED_ALLOGENIC_TCELL_UP	-0.24832220647738942			
GSE11386_NAIVE_VS_MEMORY_BCELL_DN	-0.2483229158805993			
GO_DEVELOPMENTAL_CELL_GROWTH	-0.24832323355965258			
GSE29618_PRE_VS_DAY7_POST_TIV_FLU_VACCINE_MDC_UP	-0.2483269424968357			
MIR4283	-0.2483318815566349			
NOUZOVA_TRETINOIN_AND_H4_ACETYLATION	-0.24833304952620128			
MIR6134	-0.2483330927524076			
GO_PYRIMIDINE_DEOXYRIBONUCLEOSIDE_TRIPHOSPHATE_METABOLIC_PROCESS	-0.24833416773483735			
BIOCARTA_IFNG_PATHWAY	-0.2483346752684259			
CHOI_ATL_ACUTE_STAGE	-0.2483384316515739			
GO_CELLULAR_PROTEIN_CONTAINING_COMPLEX_ASSEMBLY	-0.24833926912850468			
HALLMARK_E2F_TARGETS	-0.24834005175353416			
GO_ENDOPLASMIC_RETICULUM_UNFOLDED_PROTEIN_RESPONSE	-0.2483428538835186			
IPA_EOMES_UP	-0.2483469652588762			
MARIADASON_REGULATED_BY_HISTONE_ACETYLATION_UP	-0.24835193969313946			
GO_GLYCOPROTEIN_CATABOLIC_PROCESS	-0.24835240221874288			
GO_MAST_CELL_DIFFERENTIATION	-0.24835417229752557			
GSE15930_NAIVE_VS_72H_IN_VITRO_STIM_IFNAB_CD8_TCELL_UP	-0.24835519176721796			
GSE2585_AIRE_KO_VS_WT_CD80_HIGH_MTEC_UP	-0.248367758914092			
REACTOME_PEPTIDE_LIGAND_BINDING_RECEPTORS	-0.24837689001410795			
GO_CORTICOSPINAL_TRACT_MORPHOGENESIS	-0.2483824252412531			
MIR204_3P	-0.24842010703855205			
IPA_ETV1_UP	-0.248421323882958			
GO_RESPONSE_TO_ORGANOPHOSPHORUS	-0.24842514757784165			
GSE22886_NAIVE_VS_IGM_MEMORY_BCELL_UP	-0.24842920481377376			
GO_GLYCOLIPID_BINDING	-0.24843142283313027			
BIOCARTA_STAT3_PATHWAY	-0.24843457796396515			
MIR373_5P	-0.24845972357192492			
REACTOME_ESTABLISHMENT_OF_SISTER_CHROMATID_COHESION	-0.24846066006140172			
MIR29A_3P	-0.24847100038836417			
MIR1825	-0.24847418887937975			
RPA1_TARGET_GENES	-0.2484763318087215			
GO_VENTRICULAR_SEPTUM_DEVELOPMENT	-0.24847670542959882			
GSE5542_UNTREATED_VS_IFNA_TREATED_EPITHELIAL_CELLS_6H_DN	-0.24847817971523212			
TGCTTTG_MIR330	-0.2484830689212448			
MIR138_5P	-0.2484884955839139			
IPA_MITF_UP	-0.24849486327154735			
chr5q31	-0.2485012033897377			
GO_METHIONINE_METABOLIC_PROCESS	-0.2485210765355451			
MIR338_5P	-0.2485302338347827			
MIR4518	-0.2485396388313441			
GO_REGULATION_OF_ACTIVATION_OF_JANUS_KINASE_ACTIVITY	-0.24854615842045627			
REACTOME_INTERACTIONS_OF_VPR_WITH_HOST_CELLULAR_PROTEINS	-0.24856029364366658			
MIR514A_3P_MIR514B_3P	-0.2485607673932759			
GO_REGULATION_OF_ENDOTHELIAL_CELL_DIFFERENTIATION	-0.24856492340774994			
GSE12845_IGD_POS_BLOOD_VS_DARKZONE_GC_TONSIL_BCELL_UP	-0.2485658122810328			
GSE21546_UNSTIM_VS_ANTI_CD3_STIM_SAP1A_KO_AND_ELK1_KO_DP_THYMOCYTES_DN	-0.24857417325990952			
MIR5191	-0.24857992180507518			
GO_NEGATIVE_REGULATION_OF_MUSCLE_CELL_DIFFERENTIATION	-0.24858990706950104			
IPA_PDX1_UP	-0.24866263595817162			
REACTOME_EGFR_TRANSACTIVATION_BY_GASTRIN	-0.24866439267602344			
GSE45837_WT_VS_GFI1_KO_PDC_UP	-0.24868251960549032			
IPA_MLXIPL_DN	-0.2486867598201363			
GO_NEUROMUSCULAR_SYNAPTIC_TRANSMISSION	-0.24868741615374895			
MIR4525	-0.24869716945402984			
GO_PEPTIDE_HORMONE_BINDING	-0.2486977521913894			
GO_ADRENERGIC_RECEPTOR_SIGNALING_PATHWAY	-0.24870108529566223			
GSE24634_NAIVE_CD4_TCELL_VS_DAY3_IL4_CONV_TREG_DN	-0.24870432081074134			
GO_NEGATIVE_REGULATION_OF_PROTEIN_MODIFICATION_PROCESS	-0.24871538951425076			
GSE17974_0H_VS_0.5H_IN_VITRO_ACT_CD4_TCELL_UP	-0.24872493674258758			
REACTOME_INTERACTIONS_OF_REV_WITH_HOST_CELLULAR_PROTEINS	-0.2487301461082802			
GO_DEATH_RECEPTOR_ACTIVITY	-0.24873626214381017			
IPA_HIF3A_DN	-0.2487539881529036			
GO_MACROAUTOPHAGY	-0.24875608844223426			
YANG_BREAST_CANCER_ESR1_BULK_DN	-0.248757124219547			
REACTOME_INTERACTION_WITH_CUMULUS_CELLS_AND_THE_ZONA_PELLUCIDA	-0.24875875045095763			
GO_AGGREPHAGY	-0.2487612490670958			
GO_D1_DOPAMINE_RECEPTOR_BINDING	-0.24876418413886758			
GSE1925_CTRL_VS_IFNG_PRIMED_MACROPHAGE_24H_IFNG_STIM_DN	-0.24877531495136757			
MIR138_1_3P	-0.24878139026853327			
REACTOME_CONSTITUTIVE_SIGNALING_BY_ABERRANT_PI3K_IN_CANCER	-0.24879208013463286			
GO_IMPORTIN_ALPHA_FAMILY_PROTEIN_BINDING	-0.24880155207808352			
NABA_ECM_GLYCOPROTEINS	-0.24880289891791635			
MIR3934_3P	-0.24880876233508634			
GO_GAMMA_TUBULIN_BINDING	-0.24880969109871956			
GSE17974_CTRL_VS_ACT_IL4_AND_ANTI_IL12_4H_CD4_TCELL_DN	-0.248813536275165			
GSE29618_PRE_VS_DAY7_FLU_VACCINE_MDC_UP	-0.2488204835793972			
OCT1_01	-0.24882311589943992			
GO_SMALL_NUCLEAR_RIBONUCLEOPROTEIN_COMPLEX	-0.24883570204106598			
GO_NEGATIVE_REGULATION_OF_NITRIC_OXIDE_SYNTHASE_BIOSYNTHETIC_PROCESS	-0.2488503162890967			
GO_BENZODIAZEPINE_RECEPTOR_BINDING	-0.24886410758476937			
MIR378A_5P	-0.24887112512695012			
GO_OUTWARD_RECTIFIER_POTASSIUM_CHANNEL_ACTIVITY	-0.24888403659071995			
GO_EPITHELIAL_CELL_APOPTOTIC_PROCESS	-0.24889625978632796			
MIR4671_5P	-0.24889848539459997			
GO_LACTATE_DEHYDROGENASE_ACTIVITY	-0.2489092891443141			
REACTOME_DIGESTION_OF_DIETARY_CARBOHYDRATE	-0.24890944458701017			
MIR6768_5P	-0.24892056120868025			
KIM_MYCN_AMPLIFICATION_TARGETS_UP	-0.2489292552951689			
MIR335_3P	-0.2489321533962955			
IPA_PROX1_UP	-0.24893313911436055			
GO_FACIAL_NERVE_MORPHOGENESIS	-0.24893655857703043			
GO_POSITIVE_REGULATION_OF_SYNAPTIC_VESICLE_ENDOCYTOSIS	-0.24897044833288604			
GO_NEURON_PROJECTION_EXTENSION	-0.24897771097272053			
GO_INTEGRAL_COMPONENT_OF_CYTOPLASMIC_SIDE_OF_ENDOPLASMIC_RETICULUM_MEMBRANE	-0.24897917653959967			
REACTOME_SIGNALING_BY_FGFR4	-0.24898986528480269			
MIR5682	-0.2489996331302745			
REACTOME_RHO_GTPASE_EFFECTORS	-0.24900267103220258			
REACTOME_CASPASE_ACTIVATION_VIA_EXTRINSIC_APOPTOTIC_SIGNALLING_PATHWAY	-0.24901401180408078			
GO_NEGATIVE_REGULATION_OF_VIRAL_INDUCED_CYTOPLASMIC_PATTERN_RECOGNITION_RECEPTOR_SIGNALING_PATHWAY	-0.24901532562316395			
MIR431_5P	-0.24901774977642166			
GO_LAMININ_1_BINDING	-0.24903084316085597			
GO_REGULATION_OF_CELLULAR_LOCALIZATION	-0.2490334072297407			
PID_VEGFR1_2_PATHWAY	-0.24907916893618381			
GSE18791_UNSTIM_VS_NEWCATSLE_VIRUS_DC_10H_UP	-0.2490849983427076			
GO_MESODERMAL_CELL_FATE_COMMITMENT	-0.24909084106452486			
BURTON_ADIPOGENESIS_2	-0.24909956939549616			
GO_CARBONATE_DEHYDRATASE_ACTIVITY	-0.24910605532810057			
RAO_BOUND_BY_SALL4	-0.24910688214756416			
IKEDA_MIR133_TARGETS_UP	-0.2491071900014342			
MIR4527	-0.2491134284817776			
GO_NEUROTRANSMITTER_RECEPTOR_TRANSPORT_POSTSYNAPTIC_ENDOSOME_TO_LYSOSOME	-0.2491183633578396			
GO_BUBBLE_DNA_BINDING	-0.249130856014316			
GO_GLOMERULUS_DEVELOPMENT	-0.24913738256121545			
GO_REGULATION_OF_MICROTUBULE_DEPOLYMERIZATION	-0.24914732892949393			
GO_HEART_TRABECULA_MORPHOGENESIS	-0.24914812120301827			
PALOMERO_GSI_SENSITIVITY_UP	-0.2491544976612648			
GO_SYNAPTIC_VESICLE_ENDOCYTOSIS	-0.2491560478876997			
REACTOME_TRAF3_DEPENDENT_IRF_ACTIVATION_PATHWAY	-0.24916762439658102			
GO_NEGATIVE_REGULATION_OF_NEUROTRANSMITTER_TRANSPORT	-0.24917388585710795			
RODRIGUES_NTN1_TARGETS_UP	-0.24917434379015624			
GO_GAP_JUNCTION_HEMI_CHANNEL_ACTIVITY	-0.2491808083459648			
FIGUEROA_AML_METHYLATION_CLUSTER_4_DN	-0.24918507766499076			
GO_PURINERGIC_NUCLEOTIDE_RECEPTOR_SIGNALING_PATHWAY	-0.24918972538251838			
GO_REGULATION_OF_CELLULAR_COMPONENT_BIOGENESIS	-0.24921125929853552			
GSE22443_NAIVE_VS_ACT_AND_IL12_TREATED_CD8_TCELL_DN	-0.24921918244258512			
EPPERT_PROGENITOR	-0.24922083427803654			
GO_LYS48_SPECIFIC_DEUBIQUITINASE_ACTIVITY	-0.24923971733315467			
GO_REGULATION_OF_BMP_SIGNALING_PATHWAY	-0.24924323811940186			
GO_ADENYLATE_CYCLASE_ACTIVATING_G_PROTEIN_COUPLED_RECEPTOR_SIGNALING_PATHWAY	-0.24924676743331414			
GSE27786_LIN_NEG_VS_ERYTHROBLAST_UP	-0.24926464704020246			
MIR7113_3P	-0.24927304987244772			
TGAGATT_MIR216	-0.2492783837627433			
GO_NEGATIVE_REGULATION_OF_HIGH_VOLTAGE_GATED_CALCIUM_CHANNEL_ACTIVITY	-0.2492825976332471			
TATA_C	-0.2492829932032897			
NIKOLSKY_BREAST_CANCER_14Q22_AMPLICON	-0.24930233710400804			
GSE10240_CTRL_VS_IL22_STIM_PRIMARY_BRONCHIAL_EPITHELIAL_CELLS_DN	-0.24930305904545338			
GSE10239_NAIVE_VS_DAY4.5_EFF_CD8_TCELL_DN	-0.2493047402216812			
GO_BASAL_DENDRITE	-0.24931762612338093			
GSE45837_WT_VS_GFI1_KO_PDC_DN	-0.24932407802366405			
TACAATC_MIR508	-0.2493316376823489			
GSE14308_NAIVE_CD4_TCELL_VS_NATURAL_TREG_UP	-0.249349482264649			
REACTOME_CREB1_PHOSPHORYLATION_THROUGH_THE_ACTIVATION_OF_CAMKII_CAMKK_CAMKIV_CASCASDE	-0.24936262388656918			
GO_RNA_2_O_METHYLTRANSFERASE_ACTIVITY	-0.24937687195160438			
GSE38304_MYC_NEG_VS_POS_GC_BCELL_UP	-0.2493786057846386			
GO_MEIOTIC_COHESIN_COMPLEX	-0.24938511394391494			
GO_SULFATE_TRANSMEMBRANE_TRANSPORTER_ACTIVITY	-0.24938549812753377			
GO_VIRAL_LATENCY	-0.24940195265076573			
JAZAG_TGFB1_SIGNALING_UP	-0.2494193820165889			
SASSON_FSH_RESPONSE	-0.2494286212446295			
GO_POSITIVE_REGULATION_OF_CIRCADIAN_SLEEP_WAKE_CYCLE_SLEEP	-0.24943475625372097			
MIR6747_5P	-0.2494362789024473			
MIR510_3P	-0.24944084107742429			
IPA_CEBPA_DN	-0.24944343570923513			
MIR4493	-0.24948242211675156			
GO_POSITIVE_REGULATION_OF_ORGANELLE_ORGANIZATION	-0.2494826535078789			
GO_PROTEASOME_CORE_COMPLEX_ALPHA_SUBUNIT_COMPLEX	-0.24948983612942816			
GSE5542_IFNA_VS_IFNA_AND_IFNG_TREATED_EPITHELIAL_CELLS_6H_UP	-0.24950310134070405			
MIR3169	-0.24950400959555183			
MIR5006_5P	-0.24950508275201003			
TGTATGA_MIR4853P	-0.24951230477914377			
GSE8621_UNSTIM_VS_LPS_PRIMED_UNSTIM_MACROPHAGE_DN	-0.2495262692665906			
GO_ARRESTIN_FAMILY_PROTEIN_BINDING	-0.24953107439185535			
IPA_NCOR1_UP	-0.2495348967044372			
BIOCARTA_PEPI_PATHWAY	-0.24954731458972895			
MIR7978	-0.2495508568680602			
MIR3154	-0.2495536259997763			
REACTOME_CLASS_C_3_METABOTROPIC_GLUTAMATE_PHEROMONE_RECEPTORS	-0.2495581964271885			
GO_SOMATIC_DIVERSIFICATION_OF_IMMUNE_RECEPTORS	-0.24957329486195218			
GO_NUCLEOSIDE_TRIPHOSPHATASE_REGULATOR_ACTIVITY	-0.24958516390369065			
AR_Q2	-0.24958572998319384			
SAKAI_TUMOR_INFILTRATING_MONOCYTES_DN	-0.2495864588060715			
GO_HISTONE_THREONINE_KINASE_ACTIVITY	-0.24960184425515713			
GO_HISTONE_THREONINE_PHOSPHORYLATION	-0.24960184425515713			
REACTOME_RET_SIGNALING	-0.24960371946052626			
GSE17721_CTRL_VS_LPS_12H_BMDC_UP	-0.24961093803186407			
GSE22886_NAIVE_CD4_TCELL_VS_48H_ACT_TH1_DN	-0.24961880458091842			
GO_HOMEOSTATIC_PROCESS	-0.249631699014372			
GSE6259_FLT3L_INDUCED_33D1_POS_DC_VS_CD4_TCELL_DN	-0.2496326096164617			
GO_INTERLEUKIN_8_BIOSYNTHETIC_PROCESS	-0.249641499165368			
GSE17721_POLYIC_VS_CPG_8H_BMDC_UP	-0.24965093016277656			
GSE46606_UNSTIM_VS_CD40L_IL2_IL5_3DAY_STIMULATED_IRF4_KO_BCELL_DN	-0.24966305052691756			
GO_CELL_CYCLE_G1_S_PHASE_TRANSITION	-0.24969074589693588			
IPA_ZEB1_UP	-0.24969512123270607			
GO_POSITIVE_REGULATION_OF_CELL_PROLIFERATION_INVOLVED_IN_KIDNEY_DEVELOPMENT	-0.24970687654075752			
GO_TRANSFERASE_COMPLEX_TRANSFERRING_PHOSPHORUS_CONTAINING_GROUPS	-0.2497161506080636			
AP3_Q6	-0.2497262547425315			
GENTILE_UV_RESPONSE_CLUSTER_D4	-0.2497282690968521			
GO_RESPONSE_TO_STIMULUS_INVOLVED_IN_REGULATION_OF_MUSCLE_ADAPTATION	-0.24972979738860246			
GSE23505_IL6_IL1_VS_IL6_IL1_TGFB_TREATED_CD4_TCELL_DN	-0.24973476077146528			
GO_NEGATIVE_REGULATION_OF_PEPTIDYL_SERINE_PHOSPHORYLATION	-0.24973568457336853			
GO_REGULATION_OF_OSTEOCLAST_PROLIFERATION	-0.249744024995127			
GSE21063_CTRL_VS_ANTI_IGM_STIM_BCELL_NFATC1_KO_8H_DN	-0.24974858392913726			
BIOCARTA_PLCE_PATHWAY	-0.24975503531863336			
GSE15324_ELF4_KO_VS_WT_ACTIVATED_CD8_TCELL_UP	-0.24975835261671553			
GO_SMOOTH_MUSCLE_CELL_DIFFERENTIATION	-0.24976224939107566			
GO_DNA_REPLICATION_ORIGIN_BINDING	-0.2497638668668973			
GSE11961_MEMORY_BCELL_DAY7_VS_MEMORY_BCELL_DAY40_UP	-0.24976579352951017			
REACTOME_GLYCOGEN_SYNTHESIS	-0.24977788667626263			
GO_LIPID_EXPORT_FROM_CELL	-0.24979084647454403			
MIR6516_5P	-0.2497910743455883			
GO_PARAXIAL_MESODERM_FORMATION	-0.24979614702887676			
CHEOK_RESPONSE_TO_MERCAPTOPURINE_DN	-0.2498063922545605			
REACTOME_TRIGLYCERIDE_METABOLISM	-0.2498148287137069			
DPPA3_TARGET_GENES	-0.24981906291702255			
GSE9006_TYPE_1_DIABETES_AT_DX_VS_1MONTH_POST_DX_PBMC_DN	-0.2498256589162119			
GO_NEGATIVE_REGULATION_OF_CELL_CHEMOTAXIS_TO_FIBROBLAST_GROWTH_FACTOR	-0.24983624368357424			
GO_NEGATIVE_REGULATION_OF_SUPRAMOLECULAR_FIBER_ORGANIZATION	-0.2498497098831146			
BOYERINAS_ONCOFETAL_TARGETS_OF_LET7A1	-0.2498662531791281			
ZNF92_TARGET_GENES	-0.2498726504423			
GO_HEART_VALVE_DEVELOPMENT	-0.2498747525028677			
GSE4590_SMALL_VS_VPREB_POS_LARGE_PRE_BCELL_DN	-0.24988462131096753			
GSE5503_LIVER_DC_VS_PLN_DC_ACTIVATED_ALLOGENIC_TCELL_UP	-0.2498941309029213			
PID_NFAT_3PATHWAY	-0.2499099011433008			
GO_SNARE_COMPLEX_ASSEMBLY	-0.24991535370245613			
LIANG_HEMATOPOIESIS_STEM_CELL_NUMBER_LARGE_VS_TINY_DN	-0.2499723917053634			
GSE20198_UNTREATED_VS_IFNA_TREATED_ACT_CD4_TCELL_DN	-0.24997845800494936			
GO_G_PROTEIN_COUPLED_SEROTONIN_RECEPTOR_BINDING	-0.24998259906662507			
GSE43955_10H_VS_30H_ACT_CD4_TCELL_WITH_TGFB_IL6_UP	-0.249988870770517			
MULLIGHAN_NPM1_SIGNATURE_3_DN	-0.24999572602847198			
GSE3039_ALPHAALPHA_CD8_TCELL_VS_B1_BCELL_DN	-0.2500033572186021			
GO_BMP_BINDING	-0.25000386991662404			
TTTGCAG_MIR518A2	-0.2500044365303422			
GO_MANNOSYL_OLIGOSACCHARIDE_1_2_ALPHA_MANNOSIDASE_ACTIVITY	-0.250004559621831			
GSE12003_4D_VS_8D_CULTURE_BM_PROGENITOR_UP	-0.2500160365298896			
GO_GALACTOSE_METABOLIC_PROCESS	-0.2500282611568916			
GSE37301_RAG2_KO_VS_RAG2_AND_ETS1_KO_NK_CELL_UP	-0.2500287752756901			
GSE25088_WT_VS_STAT6_KO_MACROPHAGE_UP	-0.2500302264075802			
GO_ATRIAL_SEPTUM_MORPHOGENESIS	-0.2500307008043552			
GO_REGULATION_OF_VASCULAR_SMOOTH_MUSCLE_CELL_DIFFERENTIATION	-0.25003342031259945			
GO_REGULATION_OF_SUBSTRATE_ADHESION_DEPENDENT_CELL_SPREADING	-0.25007543885486394			
GO_SPERM_MOTILITY	-0.25007727395620594			
GSE16385_IL4_VS_ROSIGLITAZONE_STIM_MACROPHAGE_DN	-0.2500889033695505			
REACTOME_BIOSYNTHESIS_OF_THE_N_GLYCAN_PRECURSOR_DOLICHOL_LIPID_LINKED_OLIGOSACCHARIDE_LLO_AND_TRANSFER_TO_A_NASCENT_PROTEIN	-0.25009368461234543			
GO_SEROTONIN_SECRETION	-0.2501084710072943			
GSE17721_CTRL_VS_CPG_2H_BMDC_UP	-0.2501145984934872			
GSE22045_TREG_VS_TCONV_DN	-0.2501151310495452			
MIR362_3P	-0.2501204352552994			
JIANG_AGING_HYPOTHALAMUS_UP	-0.2501291919250097			
REACTOME_ACTIVATION_OF_AMPK_DOWNSTREAM_OF_NMDARS	-0.2501335355030278			
GSE28726_NAIVE_CD4_TCELL_VS_NAIVE_NKTCELL_DN	-0.2501430207266272			
GO_PROTOPORPHYRINOGEN_IX_BIOSYNTHETIC_PROCESS	-0.2501711475609364			
GSE37301_COMMON_LYMPHOID_PROGENITOR_VS_PRO_BCELL_DN	-0.25018849750662264			
MIR379_3P_MIR411_3P	-0.2501897066316703			
GO_POSITIVE_REGULATION_OF_TOLL_LIKE_RECEPTOR_2_SIGNALING_PATHWAY	-0.2501901289062161			
MIR6751_5P	-0.2502028200367767			
GO_EXONUCLEASE_ACTIVITY	-0.2502085362402313			
GSE5589_UNSTIM_VS_45MIN_LPS_AND_IL6_STIM_MACROPHAGE_UP	-0.25020890270086654			
GO_RAL_GTPASE_BINDING	-0.2502164486044959			
GO_OSTEOBLAST_PROLIFERATION	-0.25022522654131724			
GO_REGULATION_OF_NEUTROPHIL_DEGRANULATION	-0.2502262205559734			
GO_CLATHRIN_SCULPTED_MONOAMINE_TRANSPORT_VESICLE	-0.2502468207924042			
GO_HYPOXIA_INDUCIBLE_FACTOR_1ALPHA_SIGNALING_PATHWAY	-0.250248089305341			
GO_NEGATIVE_REGULATION_OF_THYMOCYTE_APOPTOTIC_PROCESS	-0.2502493024862258			
REACTOME_SCAVENGING_BY_CLASS_F_RECEPTORS	-0.2502497739391886			
REACTOME_REGULATION_OF_PTEN_STABILITY_AND_ACTIVITY	-0.25025105927298286			
REACTOME_INTERACTION_BETWEEN_L1_AND_ANKYRINS	-0.2502559503126407			
MULLIGAN_NTF3_SIGNALING_VIA_INSR_AND_IGF1R_UP	-0.25026668638190647			
GO_PHAGOPHORE_ASSEMBLY_SITE_MEMBRANE	-0.250274300185259			
HOFFMANN_SMALL_PRE_BII_TO_IMMATURE_B_LYMPHOCYTE_DN	-0.2502768735211452			
GSE17974_0.5H_VS_72H_IL4_AND_ANTI_IL12_ACT_CD4_TCELL_DN	-0.25027768728220556			
GO_SODIUM_PHOSPHATE_SYMPORTER_ACTIVITY	-0.25027905175429715			
GO_CELLULAR_COMPONENT_MORPHOGENESIS	-0.25030146658846997			
GO_CORTICAL_CYTOSKELETON	-0.2503044212334786			
CHIBA_RESPONSE_TO_TSA	-0.2503048301491135			
GO_DOUBLE_STRAND_BREAK_REPAIR_VIA_BREAK_INDUCED_REPLICATION	-0.25030624479656555			
KORKOLA_CHORIOCARCINOMA_UP	-0.250315229803927			
GO_RECEPTOR_TYROSINE_KINASE_BINDING	-0.2503267773198816			
GO_PHAGOSOME_LYSOSOME_FUSION	-0.2503272738396041			
GO_MYOSIN_BINDING	-0.2503315072547289			
MIR4755_3P	-0.2503347869581908			
TCTGATA_MIR361	-0.2503425320546059			
GSE17721_12H_VS_24H_CPG_BMDC_DN	-0.25034937074392244			
GSE11961_MARGINAL_ZONE_BCELL_VS_MEMORY_BCELL_DAY7_UP	-0.2503571403500581			
MIR4777_5P	-0.25036001771948707			
MIR6881_3P	-0.250364232543045			
MIR4484	-0.25036674450274365			
GSE24142_EARLY_THYMIC_PROGENITOR_VS_DN2_THYMOCYTE_ADULT_DN	-0.2503751025254173			
GO_HISTONE_H3_K27_DEMETHYLATION	-0.2503947659925851			
GO_HISTONE_DEMETHYLASE_ACTIVITY_H3_K27_SPECIFIC	-0.2503947659925851			
REACTOME_LIPOPHAGY	-0.2503971768927059			
GO_VOLUNTARY_MUSCULOSKELETAL_MOVEMENT	-0.2504040984037115			
REACTOME_ACETYLCHOLINE_REGULATES_INSULIN_SECRETION	-0.25041961050243056			
GO_REGULATION_OF_ANDROGEN_RECEPTOR_SIGNALING_PATHWAY	-0.25042594472159696			
REACTOME_REMOVAL_OF_AMINOTERMINAL_PROPEPTIDES_FROM_GAMMA_CARBOXYLATED_PROTEINS	-0.25043191434945233			
REACTOME_SYNTHESIS_OF_SUBSTRATES_IN_N_GLYCAN_BIOSYTHESIS	-0.25043441994278337			
GSE37532_TREG_VS_TCONV_CD4_TCELL_FROM_VISCERAL_ADIPOSE_TISSUE_DN	-0.25043632495759366			
chr21p11	-0.2504385494272283			
GO_CGMP_MEDIATED_SIGNALING	-0.25045030900130333			
GSE25087_FETAL_VS_ADULT_TREG_UP	-0.2504533756524323			
GO_CELL_CELL_ADHESION_INVOLVED_IN_GASTRULATION	-0.2504567796018876			
GO_POSITIVE_REGULATION_OF_ENDOTHELIAL_CELL_APOPTOTIC_PROCESS	-0.250458651537696			
GO_REGULATION_OF_FIBROBLAST_GROWTH_FACTOR_RECEPTOR_SIGNALING_PATHWAY	-0.2504857401376082			
GSE360_CTRL_VS_M_TUBERCULOSIS_MAC_DN	-0.2504917089679608			
GO_BEHAVIORAL_RESPONSE_TO_PAIN	-0.2504964040649679			
MIR20A_5P	-0.25050232610304013			
GO_PIP_BODY	-0.2505195815142773			
GO_FOREBRAIN_CELL_MIGRATION	-0.25052133112070474			
GO_SMAD_BINDING	-0.25053639826502144			
PARK_OSTEOBLAST_DIFFERENTIATION_BY_PHENYLAMIL_UP	-0.2505435187677957			
GO_NEGATIVE_REGULATION_OF_CELL_CYCLE_G2_M_PHASE_TRANSITION	-0.2505451460660863			
MIR141_3P	-0.25057069969064805			
GSE19825_CD24LOW_VS_IL2RA_HIGH_DAY3_EFF_CD8_TCELL_DN	-0.25057304505440386			
GO_PRESYNAPTIC_MEMBRANE_ORGANIZATION	-0.2505952119336395			
HUNSBERGER_EXERCISE_REGULATED_GENES	-0.2506113693718486			
GO_ACTIVIN_RECEPTOR_SIGNALING_PATHWAY	-0.25062353112396796			
MIR6809_5P	-0.2506244798769828			
GO_ALPHA_N_ACETYLNEURAMINATE_ALPHA_2_8_SIALYLTRANSFERASE_ACTIVITY	-0.25062831878127806			
GO_PURINE_DEOXYRIBONUCLEOSIDE_TRIPHOSPHATE_CATABOLIC_PROCESS	-0.2506326222923118			
GO_METAL_ION_TRANSPORT	-0.2506387865762393			
GSE28737_WT_VS_BCL6_KO_MARGINAL_ZONE_BCELL_DN	-0.25063997102724195			
REACTOME_PYRIMIDINE_SALVAGE	-0.25065224238909156			
GO_BLASTOCYST_FORMATION	-0.2506544275534197			
GSE27859_DC_VS_CD11C_INT_F480_HI_MACROPHAGE_UP	-0.2506581238323301			
GO_NEGATIVE_REGULATION_OF_PROTEIN_POLYMERIZATION	-0.2506610230051043			
GO_HOST_CELL_PART	-0.25066310689205523			
GSE24634_NAIVE_CD4_TCELL_VS_DAY5_IL4_CONV_TREG_UP	-0.25066387583001487			
GO_REGULATION_OF_PROTEIN_LIPIDATION	-0.25066460613878366			
GO_HISTONE_H2A_MONOUBIQUITINATION	-0.25066470717801886			
GO_HISTONE_METHYLTRANSFERASE_ACTIVITY_H3_K4_SPECIFIC	-0.2506826890705043			
GO_REGULATION_OF_LAMELLIPODIUM_ORGANIZATION	-0.25069367639037216			
GSE2826_XID_VS_BTK_KO_BCELL_UP	-0.25069989803577497			
GO_NEURON_PROJECTION	-0.25071085363431056			
GSE26928_EFF_MEMORY_VS_CXCR5_POS_CD4_TCELL_UP	-0.2507118802159501			
MIR378F	-0.25071470217568903			
GO_NEGATIVE_REGULATION_OF_T_CELL_MIGRATION	-0.25072239025394893			
GO_ADENYLATE_CYCLASE_ACTIVATOR_ACTIVITY	-0.2507236704829004			
GSE4984_LPS_VS_VEHICLE_CTRL_TREATED_DC_UP	-0.2507293900888819			
GSE24972_MARGINAL_ZONE_BCELL_VS_FOLLICULAR_BCELL_IRF8_KO_DN	-0.2507297759438305			
GO_POSITIVE_REGULATION_OF_PROTEIN_LOCALIZATION_TO_NUCLEUS	-0.2507431242527186			
REACTOME_G2_PHASE	-0.25074505960513094			
REACTOME_SUMOYLATION_OF_SUMOYLATION_PROTEINS	-0.2507455513830895			
REACTOME_DEFECTIVE_B4GALT1_CAUSES_B4GALT1_CDG_CDG_2D	-0.25075062483221894			
GO_U1_SNRNA_BINDING	-0.250758579224888			
GSE4984_GALECTIN1_VS_VEHICLE_CTRL_TREATED_DC_DN	-0.25076228401422235			
GO_CHYLOMICRON_REMODELING	-0.25077222471381366			
GO_EMBRYONIC_DIGESTIVE_TRACT_DEVELOPMENT	-0.2507752183733605			
GSE22589_HEALTHY_VS_SIV_INFECTED_DC_UP	-0.25077658400680397			
GSE20198_IL12_VS_IFNA_TREATED_ACT_CD4_TCELL_DN	-0.2507770421836751			
GO_CELLULAR_RESPONSE_TO_TEMPERATURE_STIMULUS	-0.250789981083885			
MIR4701_3P	-0.2507908257877192			
VEGF_A_UP.V1_DN	-0.2508044032578739			
GO_INTRINSIC_COMPONENT_OF_PLASMA_MEMBRANE	-0.25080455225651477			
GSE21546_WT_VS_SAP1A_KO_DP_THYMOCYTES_DN	-0.2508072296782423			
GO_DNA_CONFORMATION_CHANGE	-0.2508099129855066			
GO_TRANSFERASE_ACTIVITY_TRANSFERRING_GLYCOSYL_GROUPS	-0.25081153701333614			
GSE10422_WT_VS_BAFF_TRANSGENIC_LN_BCELL_DN	-0.25081470753216467			
KEGG_GLYCOSPHINGOLIPID_BIOSYNTHESIS_GANGLIO_SERIES	-0.25081928783713536			
IPA_NKX2-1_DN	-0.25083214211245347			
GO_NEGATIVE_REGULATION_OF_CELL_CYCLE_PROCESS	-0.25086543030883046			
MIR4795_3P	-0.2508678125537277			
IPA_WHSC1_UP	-0.2508850608826766			
GO_SYNDECAN_BINDING	-0.25089989370833826			
GO_RESPONSE_TO_ZINC_ION	-0.25090346848491296			
GO_APOPTOTIC_PROCESS_INVOLVED_IN_HEART_MORPHOGENESIS	-0.25091232809224207			
GSE17721_POLYIC_VS_PAM3CSK4_6H_BMDC_DN	-0.2509124240323978			
GO_REGULATION_OF_MACROPHAGE_CHEMOTAXIS	-0.2509361487445252			
GO_ORGANELLE_DISASSEMBLY	-0.2509451640224117			
GO_BLOOD_MICROPARTICLE	-0.25095953370126867			
GO_PROTEIN_AUTO_ADP_RIBOSYLATION	-0.25096696451901196			
MIR580_5P	-0.2509800900320819			
MIR1_5P	-0.25098221990822595			
GO_MODIFICATION_OF_POSTSYNAPTIC_STRUCTURE	-0.2509973014802383			
GO_DNA_REPAIR_COMPLEX	-0.25099794683422094			
PID_FAK_PATHWAY	-0.251001090126938			
IPA_HDAC8_UP	-0.2510128733863056			
GSE21927_SPLEEN_C57BL6_VS_4T1_TUMOR_BALBC_MONOCYTES_UP	-0.2510214200022489			
GO_PROTEIN_K48_LINKED_DEUBIQUITINATION	-0.2510256392164879			
MIR4483	-0.2510363813796691			
GO_METANEPHRIC_COLLECTING_DUCT_DEVELOPMENT	-0.2510398010164517			
GO_TRIGLYCERIDE_RICH_LIPOPROTEIN_PARTICLE_REMODELING	-0.2510450478213139			
MIR6837_3P	-0.25105302967855786			
GO_POSITIVE_REGULATION_OF_VIRAL_GENOME_REPLICATION	-0.25105327513551473			
REACTOME_INTEGRATION_OF_ENERGY_METABOLISM	-0.2510666209937705			
MIR6872_3P	-0.2510957885692897			
MIR200A_3P	-0.2511009905592558			
MIR1200	-0.25111814263068644			
GO_RETINAL_ROD_CELL_DIFFERENTIATION	-0.2511195787300449			
chr4q13	-0.2511238282169449			
MIR6832_3P	-0.251126106691138			
GSE46606_IRF4HIGH_VS_WT_CD40L_IL2_IL5_DAY1_STIMULATED_BCELL_UP	-0.25112987212674387			
GO_NEGATIVE_REGULATION_OF_INTERFERON_ALPHA_PRODUCTION	-0.2511346946766197			
IPA_POU4F1_UP	-0.25113571998269363			
GO_CELL_GROWTH	-0.2511403925160948			
GO_GLYCOGEN_BIOSYNTHETIC_PROCESS	-0.25114110918083865			
GO_CENTRIOLE	-0.2511531836301651			
REN_BOUND_BY_E2F	-0.2511546668031112			
GO_CYTOLYTIC_GRANULE	-0.25117074879947554			
GO_RECEPTOR_SIGNALING_COMPLEX_ADAPTOR_ACTIVITY	-0.251174443514027			
GO_MUSCLE_ATROPHY	-0.2511788443190496			
IPA_NFKBIZ_DN	-0.25118555714505597			
GSE23321_CD8_STEM_CELL_MEMORY_VS_CENTRAL_MEMORY_CD8_TCELL_UP	-0.2511858256957089			
GO_STRIATED_MUSCLE_MYOSIN_THICK_FILAMENT_ASSEMBLY	-0.2512060149893413			
GO_CELLULAR_RESPONSE_TO_ENDOGENOUS_STIMULUS	-0.2512273404496416			
GSE43863_NAIVE_VS_TH1_EFF_CD4_TCELL_D6_LCMV_DN	-0.25123048543168236			
GO_NEGATIVE_REGULATION_OF_AXONOGENESIS	-0.2512306390819388			
TURASHVILI_BREAST_CARCINOMA_DUCTAL_VS_LOBULAR_DN	-0.2512375522661388			
TFAM_TARGET_GENES	-0.2512383963505422			
GO_SIGNAL_TRANSDUCTION_IN_ABSENCE_OF_LIGAND	-0.2512479781554743			
GO_REGULATION_OF_PROTON_TRANSPORT	-0.2512575040948319			
GO_REGULATION_OF_MACROAUTOPHAGY	-0.2512626776115314			
REACTOME_PI_METABOLISM	-0.25127014544849163			
RIZKI_TUMOR_INVASIVENESS_3D_DN	-0.25127339260842535			
GO_TRANSCRIPTION_FACTOR_TFIIA_COMPLEX	-0.25127411211901324			
GSE21670_STAT3_KO_VS_WT_CD4_TCELL_IL6_TREATED_DN	-0.25128666180058606			
GSE15930_NAIVE_VS_24H_IN_VITRO_STIM_INFAB_CD8_TCELL_UP	-0.25129454267389106			
MIR2909	-0.25130023512326277			
MIR518A_5P_MIR527	-0.2513080152888226			
GENTILE_UV_RESPONSE_CLUSTER_D7	-0.2513454710353835			
MIR548Q	-0.25134903765670796			
GO_NEGATIVE_REGULATION_OF_ORGANELLE_ORGANIZATION	-0.2513551172632568			
GSE7831_UNSTIM_VS_INFLUENZA_STIM_PDC_1H_UP	-0.2513609474352036			
NATSUME_RESPONSE_TO_INTERFERON_BETA_UP	-0.25136423569691463			
GO_NEURAL_CREST_FORMATION	-0.2513647249226593			
GO_PHOSPHATIDYLINOSITOL_BISPHOSPHATE_PHOSPHATASE_ACTIVITY	-0.25136709297063653			
MIR874_3P	-0.25140372118105303			
KOKKINAKIS_METHIONINE_DEPRIVATION_48HR_DN	-0.2514059617999346			
MIR591	-0.2514116444420928			
GO_PULMONARY_VALVE_DEVELOPMENT	-0.2514189547609308			
GGCACTT_MIR519E	-0.25144810047006183			
GO_MEMBRANE_DEPOLARIZATION	-0.2514539012528616			
GLI1_UP.V1_DN	-0.25147142449278925			
GO_POSITIVE_REGULATION_OF_OLIGODENDROCYTE_DIFFERENTIATION	-0.25147150306226546			
LET_7F_2_3P	-0.2514717659859679			
GO_CHROMATIN_ASSEMBLY	-0.2514735980905239			
chr1q25	-0.2514744891599223			
MIR197_5P	-0.2514806294047664			
GO_RUFFLE_ORGANIZATION	-0.25148431899078466			
MIR5587_5P	-0.2514858208122694			
GO_NEGATIVE_REGULATION_OF_NLRP3_INFLAMMASOME_COMPLEX_ASSEMBLY	-0.2514877004229788			
IPA_PROX1_DN	-0.25149598130285744			
GO_CONDENSED_NUCLEAR_CHROMOSOME	-0.2515078267543355			
GO_MALE_MATING_BEHAVIOR	-0.25151008017882387			
GO_EPITHELIAL_FLUID_TRANSPORT	-0.25151021327263534			
GO_U2_SNRNA_BINDING	-0.25151935670919			
MIR106B_5P	-0.25153441297710927			
GO_MEMBRANE_DISRUPTION_IN_OTHER_ORGANISM	-0.2515371824256131			
NATSUME_RESPONSE_TO_INTERFERON_BETA_DN	-0.2515378764777362			
GSE6092_UNSTIM_VS_IFNG_STIM_AND_B_BURGDORFERI_INF_ENDOTHELIAL_CELL_UP	-0.2515430155371674			
MIR5003_3P	-0.2515446602088085			
GO_GROWTH_CONE_MEMBRANE	-0.2515497004381185			
GO_GLUTAMATE_RECEPTOR_SIGNALING_PATHWAY	-0.2515500798593698			
GO_NEGATIVE_REGULATION_OF_RESPONSE_TO_ENDOPLASMIC_RETICULUM_STRESS	-0.25155702842143374			
GO_NEGATIVE_REGULATION_OF_SYNAPTIC_PLASTICITY	-0.25156589103972177			
GSE1925_CTRL_VS_IFNG_PRIMED_MACROPHAGE_DN	-0.2515698720422413			
GO_CAJAL_BODY	-0.25157086947627594			
LOPEZ_MESOTHELIOMA_SURVIVAL_UP	-0.25157306975442867			
MORI_MATURE_B_LYMPHOCYTE_DN	-0.2515789306762893			
MIR548U	-0.25158357692048394			
GO_AMINO_SUGAR_METABOLIC_PROCESS	-0.25159897723048785			
GSE17721_CTRL_VS_PAM3CSK4_6H_BMDC_UP	-0.2516196162325845			
CTTGTAT_MIR381	-0.25163100708467556			
REACTOME_COMPLEMENT_CASCADE	-0.25163283343324855			
GSE26488_HDAC7_KO_VS_VP16_TRANSGENIC_HDAC7_KO_DOUBLE_POSITIVE_THYMOCYTE_DN	-0.2516540565563374			
GO_AMYLOID_BETA_CLEARANCE_BY_CELLULAR_CATABOLIC_PROCESS	-0.2516746855279609			
FIRESTEIN_CTNNB1_PATHWAY	-0.25170413654675067			
GO_NON_MOTILE_CILIUM	-0.25170929995072266			
GO_VACUOLE_ORGANIZATION	-0.25171994003939185			
ZNF175_TARGET_GENES	-0.2517244573441128			
IPA_SSRP1_UP	-0.25173908221316216			
GO_ALDOSTERONE_METABOLIC_PROCESS	-0.25176900931923457			
GSE43863_TH1_VS_TFH_EFFECTOR_CD4_TCELL_DN	-0.2517799014740817			
MIR381_5P	-0.25178476105302544			
BRACHAT_RESPONSE_TO_METHOTREXATE_DN	-0.2517905648889819			
IPA_NFKBIB_DN	-0.25179218783473356			
GSE29164_DAY3_VS_DAY7_CD8_TCELL_TREATED_MELANOMA_UP	-0.2518013150897896			
GSE20198_IL12_IL18_VS_IFNA_TREATED_ACT_CD4_TCELL_DN	-0.2518025191110736			
MIR6861_5P	-0.2518130387016452			
IIZUKA_LIVER_CANCER_PROGRESSION_G2_G3_DN	-0.25181396206364876			
MIR4789_3P	-0.2518221580244909			
GO_ACTIVATION_OF_MAPKK_ACTIVITY	-0.2518281393170337			
GSE42021_CD24HI_VS_CD24INT_TCONV_THYMUS_UP	-0.25183555864672225			
GSE22601_DOUBLE_POSITIVE_VS_CD4_SINGLE_POSITIVE_THYMOCYTE_DN	-0.2518572164300105			
GO_RESPONSE_TO_ESTROGEN	-0.25186873541018395			
GO_MICROTUBULE	-0.2518716936503808			
MIR4654	-0.25187457221246073			
TTTNNANAGCYR_UNKNOWN	-0.251892162970821			
GO_NEGATIVE_REGULATION_OF_RNA_POLYMERASE_II_REGULATORY_REGION_SEQUENCE_SPECIFIC_DNA_BINDING	-0.25189766371812833			
IPA_BCL6_UP	-0.251898946631173			
chr16q23	-0.25190816656697584			
MIR122_5P	-0.2519112695200147			
GSE24726_WT_VS_E2_2_KO_PDC_DN	-0.2519168956841934			
LASTOWSKA_COAMPLIFIED_WITH_MYCN	-0.2519178051099321			
SUNG_METASTASIS_STROMA_DN	-0.25193299446358874			
MIR4695_3P	-0.2519375224309431			
REACTOME_SIGNALING_BY_FGFR2_IN_DISEASE	-0.25193814805766274			
ZAMORA_NOS2_TARGETS_UP	-0.2519419704910918			
GSE18893_CTRL_VS_TNF_TREATED_TCONV_2H_DN	-0.2519479184909613			
MIR7161_5P	-0.25195129204030686			
MIR1915_5P	-0.251953034573078			
GO_CANNABINOID_SIGNALING_PATHWAY	-0.2519531577402272			
GREENBAUM_E2A_TARGETS_UP	-0.251960187842026			
REACTOME_CYCLIN_A_CDK2_ASSOCIATED_EVENTS_AT_S_PHASE_ENTRY	-0.25196316296229204			
ESC_V6.5_UP_EARLY.V1_UP	-0.25196447811958234			
REACTOME_GAP_JUNCTION_DEGRADATION	-0.25196759673315683			
GSE15930_STIM_VS_STIM_AND_IL12_24H_CD8_T_CELL_UP	-0.251968606899095			
TSENG_IRS1_TARGETS_DN	-0.25197539084564236			
MIR4649_5P	-0.2519821409482542			
BIOCARTA_ACH_PATHWAY	-0.252007857783929			
MATZUK_STEROIDOGENESIS	-0.2520094634291774			
GO_DNA_BINDING_BENDING	-0.25201394650893727			
REACTOME_PLATELET_SENSITIZATION_BY_LDL	-0.2520220146712518			
ZNF513_TARGET_GENES	-0.2520302283343189			
GO_CARDIAC_CELL_DEVELOPMENT	-0.2520394172833946			
MIR1322	-0.25204386981391924			
GSE21546_WT_VS_SAP1A_KO_AND_ELK1_KO_DP_THYMOCYTES_DN	-0.2520488611791248			
MIR6764_5P	-0.2520523092469195			
MIR4713_3P	-0.25205253329706634			
GO_INTERCELLULAR_BRIDGE	-0.2520528185058038			
GO_MHC_CLASS_IB_RECEPTOR_ACTIVITY	-0.252056565306571			
GO_ANTIGEN_PROCESSING_AND_PRESENTATION_OF_PEPTIDE_ANTIGEN_VIA_MHC_CLASS_IB	-0.2520577753619948			
MIR3689A_5P_MIR3689B_5P_MIR3689E_MIR3689F	-0.25205783557649675			
GO_CELLULAR_RESPONSE_TO_UV_C	-0.2520606513644805			
GSE17721_LPS_VS_PAM3CSK4_0.5H_BMDC_DN	-0.25206767386552476			
GOLDRATH_NAIVE_VS_MEMORY_CD8_TCELL_UP	-0.25206885715969635			
GO_POSITIVE_REGULATION_OF_HYDROGEN_PEROXIDE_INDUCED_CELL_DEATH	-0.2520789773437724			
GSE22103_UNSTIM_VS_GMCSF_AND_IFNG_STIM_NEUTROPHIL_DN	-0.25207919953030233			
AAAGGGA_MIR204_MIR211	-0.25208476887021597			
GO_NEGATIVE_REGULATION_OF_BINDING	-0.2520887203616427			
GSE13229_MATURE_VS_INTMATURE_NKCELL_DN	-0.2520932414597379			
GO_POSITIVE_REGULATION_OF_PROTEIN_LOCALIZATION_TO_EARLY_ENDOSOME	-0.25211111078694154			
GSE16385_MONOCYTE_VS_12H_ROSIGLITAZONE_TREATED_MACROPHAGE_UP	-0.2521136603043113			
GARY_CD5_TARGETS_DN	-0.25211797130316915			
PID_ALPHA_SYNUCLEIN_PATHWAY	-0.2521371799856625			
REACTOME_CHOLINE_CATABOLISM	-0.2521462493790151			
GO_CONDENSIN_COMPLEX	-0.2521526738574651			
GO_VESICLE_COAT	-0.25217895771566545			
GO_REGULATION_OF_VIRAL_ENTRY_INTO_HOST_CELL	-0.2521833425911602			
GO_PHOSPHODIESTERASE_I_ACTIVITY	-0.2521940836367015			
REACTOME_HDR_THROUGH_SINGLE_STRAND_ANNEALING_SSA	-0.25219542555583474			
GO_MODIFICATION_DEPENDENT_PROTEIN_BINDING	-0.2521963011112064			
SCHAEFFER_PROSTATE_DEVELOPMENT_AND_CANCER_BOX2_UP	-0.25219651705500085			
GSE19941_UNSTIM_VS_LPS_AND_IL10_STIM_IL10_KO_MACROPHAGE_DN	-0.25220734085156526			
CEBP_C	-0.2522172135660814			
GO_NUCLEAR_INNER_MEMBRANE	-0.252224794302447			
GO_REGULATION_OF_MACROPHAGE_MIGRATION	-0.2522317386239452			
MIR6715B_3P	-0.2522372250024599			
GSE21546_ELK1_KO_VS_SAP1A_KO_AND_ELK1_KO_DP_THYMOCYTES_DN	-0.25224168559131244			
KAYO_AGING_MUSCLE_DN	-0.25224682935450576			
VANDESLUIS_NORMAL_EMBRYOS_UP	-0.25225324293982676			
LAMB3_TARGET_GENES	-0.25226650893889924			
GO_REGULATION_OF_INTESTINAL_ABSORPTION	-0.2522710203175296			
MIR8081	-0.25227211214680534			
GO_RENAL_VESICLE_DEVELOPMENT	-0.2522757010192435			
WANG_METASTASIS_OF_BREAST_CANCER_ESR1_UP	-0.2522910575388166			
CSR_LATE_UP.V1_UP	-0.25229385377136654			
IPA_AHR_UP	-0.2523132888681993			
MIR12114	-0.25232061754862867			
GO_POSITIVE_REGULATION_OF_MYOBLAST_DIFFERENTIATION	-0.25232570447520425			
GO_REGULATION_OF_MYOBLAST_DIFFERENTIATION	-0.2523268877818821			
GO_POSITIVE_REGULATION_OF_FATTY_ACID_TRANSPORT	-0.2523299630538984			
MIR3941	-0.25234581899923836			
HEIDENBLAD_AMPLICON_8Q24_UP	-0.25236247205923085			
GSE15930_STIM_VS_STIM_AND_IFNAB_24H_CD8_T_CELL_DN	-0.25236403145306074			
GO_NEGATIVE_REGULATION_OF_UBIQUITIN_DEPENDENT_PROTEIN_CATABOLIC_PROCESS	-0.2523692866397385			
GO_POSITIVE_REGULATION_OF_HETEROTYPIC_CELL_CELL_ADHESION	-0.25236930183956546			
GO_CENTRIOLE_ASSEMBLY	-0.2523772740139801			
MIR6765_3P	-0.2523840437313534			
GO_C21_STEROID_HORMONE_BIOSYNTHETIC_PROCESS	-0.25239031566059006			
GCNP_SHH_UP_EARLY.V1_UP	-0.2523922435045484			
GSE3691_IFN_PRODUCING_KILLER_DC_VS_CONVENTIONAL_DC_SPLEEN_DN	-0.25242129521456325			
MARIADASON_RESPONSE_TO_BUTYRATE_CURCUMIN_SULINDAC_TSA_2	-0.25242377673180055			
BIOCARTA_RB_PATHWAY	-0.2524270841269917			
GO_VASCULAR_PROCESS_IN_CIRCULATORY_SYSTEM	-0.25242876067301967			
GO_CEREBELLAR_GRANULAR_LAYER_MORPHOGENESIS	-0.2524304980078258			
GO_MUSCLE_HYPERTROPHY_IN_RESPONSE_TO_STRESS	-0.25243196068529195			
GO_REGULATION_OF_RAS_PROTEIN_SIGNAL_TRANSDUCTION	-0.25243608551145885			
GSE7568_IL4_VS_IL4_AND_DEXAMETHASONE_TREATED_MACROPHAGE_UP	-0.2524417238526843			
MIR526B_3P	-0.2524446231130428			
GSE18203_CTRL_VS_INTRATUMORAL_CPG_INJ_MC38_TUMOR_UP	-0.2524695679718918			
MIR1297	-0.2524832267453295			
GO_CAMP_METABOLIC_PROCESS	-0.25248369685742744			
GO_SYNAPTIC_VESICLE_UNCOATING	-0.25248509746106856			
MIR557	-0.2524872737981292			
REACTOME_L1CAM_INTERACTIONS	-0.25248804809008674			
GO_MICROGLIAL_CELL_MIGRATION	-0.2524906789584482			
GO_MRNA_5_UTR_BINDING	-0.25249473085471263			
GO_HIGH_DENSITY_LIPOPROTEIN_PARTICLE_CLEARANCE	-0.25250294501688253			
GO_9PLUS0_NON_MOTILE_CILIUM	-0.2525039876168511			
NFE2L1_TARGET_GENES	-0.25250399848126204			
GO_MINERALOCORTICOID_SECRETION	-0.2525127947548084			
GO_CELLULAR_RESPONSE_TO_PURINE_CONTAINING_COMPOUND	-0.252533169007473			
GO_POSITIVE_REGULATION_OF_CELL_MATURATION	-0.2525334111496357			
GO_POSITIVE_REGULATION_OF_CHROMATIN_SILENCING	-0.25253896882491			
GO_POSITIVE_REGULATION_OF_SPINDLE_CHECKPOINT	-0.2525413816838256			
GSE41978_KLRG1_HIGH_VS_LOW_EFFECTOR_CD8_TCELL_UP	-0.2525441211188559			
REACTOME_FATTY_ACIDS_BOUND_TO_GPR40_FFAR1_REGULATE_INSULIN_SECRETION	-0.25254979626270996			
GO_PATTERN_RECOGNITION_RECEPTOR_ACTIVITY	-0.2525601216355986			
GSE2706_UNSTIM_VS_2H_LPS_AND_R848_DC_UP	-0.2525760459125453			
GO_GLIOGENESIS	-0.25257829033766277			
GO_DNA_METHYLATION_ON_CYTOSINE	-0.2525979471263556			
MIR3120_3P	-0.252613414653083			
GO_OXIDOREDUCTASE_ACTIVITY_ACTING_ON_A_SULFUR_GROUP_OF_DONORS_OXYGEN_AS_ACCEPTOR	-0.252620586229523			
GO_REGULATION_OF_BARBED_END_ACTIN_FILAMENT_CAPPING	-0.2526300250690872			
GO_ENDOMEMBRANE_SYSTEM_ORGANIZATION	-0.25263012653764466			
chr7q21	-0.25263314852960367			
GO_ANNEALING_ACTIVITY	-0.2526366729196966			
MIR1251_5P	-0.25264513293479657			
GO_ACTIVATION_OF_JUN_KINASE_ACTIVITY	-0.25264515529348114			
BROWNE_HCMV_INFECTION_10HR_UP	-0.2526460314955368			
GSE37301_PRO_BCELL_VS_RAG2_KO_NK_CELL_UP	-0.25266604558955386			
GO_NEURON_PROJECTION_ARBORIZATION	-0.2526667560537915			
GSE22432_MULTIPOTENT_PROGENITOR_VS_CDC_DN	-0.25267128783692705			
GSE17974_IL4_AND_ANTI_IL12_VS_UNTREATED_0.5H_ACT_CD4_TCELL_UP	-0.2526970859729428			
GO_POSITIVE_REGULATION_OF_SARCOMERE_ORGANIZATION	-0.25270031056426673			
MIR450B_3P	-0.252704025850284			
GO_POSITIVE_REGULATION_OF_CATECHOLAMINE_SECRETION	-0.25272199582647337			
GO_POSITIVE_REGULATION_OF_NEUROTRANSMITTER_TRANSPORT	-0.2527227873095122			
ABE_VEGFA_TARGETS_2HR	-0.252724390969792			
GO_REGULATION_OF_ORGAN_GROWTH	-0.25274200846490935			
GO_MEMORY	-0.25275110843396703			
BROWNE_HCMV_INFECTION_14HR_UP	-0.2527665489895393			
GSE6269_HEALTHY_VS_E_COLI_INF_PBMC_DN	-0.2527749228751273			
chr6p21	-0.25277695735763384			
ACCAAAG_MIR9	-0.25277874226127867			
GSE22432_UNTREATED_VS_TGFB1_TREATED_COMMON_DC_PROGENITOR_UP	-0.25278631165035653			
GSE8835_CD4_VS_CD8_TCELL_UP	-0.25279581569923854			
KAUFFMANN_DNA_REPAIR_GENES	-0.2527976854743292			
GO_PIGMENT_GRANULE_ORGANIZATION	-0.2528020766095846			
GSE7548_NAIVE_VS_DAY7_PCC_IMMUNIZATION_CD4_TCELL_UP	-0.2528027196495771			
GSE360_DC_VS_MAC_B_MALAYI_LOW_DOSE_DN	-0.25280933022409857			
GO_REVERSE_CHOLESTEROL_TRANSPORT	-0.25280939134181063			
MIR196A_3P	-0.25281246646694816			
NUNODA_RESPONSE_TO_DASATINIB_IMATINIB_UP	-0.25281434373980405			
GSE8685_IL2_ACT_IL2_STARVED_VS_IL15_ACT_IL2_STARVED_CD4_TCELL_DN	-0.2528236929975871			
chr10p11	-0.2528267448903035			
GO_NUCLEAR_CHROMOSOME_TELOMERIC_REGION	-0.2528447415410205			
GO_MYELIN_SHEATH_ADAXONAL_REGION	-0.252859846324632			
GO_HEMATOPOIETIC_STEM_CELL_MIGRATION	-0.2528630865809445			
GO_RESPONSE_TO_PROSTAGLANDIN_E	-0.2528736212919289			
IPA_SMARCC1_UP	-0.25287869564002574			
GO_POSITIVE_REGULATION_OF_SYNAPTIC_TRANSMISSION_DOPAMINERGIC	-0.2528820573907646			
GO_HISTONE_METHYLTRANSFERASE_ACTIVITY	-0.2528831291587309			
ESC_J1_UP_LATE.V1_DN	-0.2528975010500155			
MIR12135	-0.252927679967572			
GO_G_PROTEIN_COUPLED_PURINERGIC_NUCLEOTIDE_RECEPTOR_SIGNALING_PATHWAY	-0.2529384083608403			
GO_G_PROTEIN_COUPLED_NUCLEOTIDE_RECEPTOR_ACTIVITY	-0.2529384083608403			
GO_REGULATION_OF_SYNAPTIC_VESICLE_RECYCLING	-0.25294444788683534			
GSE15930_NAIVE_VS_24H_IN_VITRO_STIM_CD8_TCELL_UP	-0.25295098922358666			
GO_NEGATIVE_REGULATION_OF_TUMOR_NECROSIS_FACTOR_MEDIATED_SIGNALING_PATHWAY	-0.25296240714460344			
KAMMINGA_EZH2_TARGETS	-0.25298508609422193			
GO_THYMOCYTE_APOPTOTIC_PROCESS	-0.2529894891841539			
GO_CORONARY_VASCULATURE_DEVELOPMENT	-0.2529952946710157			
MIR6502_3P	-0.25299535060513495			
IPA_HMGB1_UP	-0.25302614182623956			
REACTOME_METABOLISM_OF_POLYAMINES	-0.25302802860389795			
MIR548AD_3P	-0.253041962705413			
MIR3910	-0.2530537716950512			
REACTOME_SODIUM_COUPLED_SULPHATE_DI_AND_TRI_CARBOXYLATE_TRANSPORTERS	-0.2530634423191633			
KOKKINAKIS_METHIONINE_DEPRIVATION_48HR_UP	-0.2530668598096872			
IPA_PARP1_UP	-0.25307281352170113			
MIR20B_5P	-0.25307595340835104			
GO_POSITIVE_REGULATION_OF_LYASE_ACTIVITY	-0.25307760176088656			
GO_RESPONSE_TO_ENDOGENOUS_STIMULUS	-0.25308222207551706			
GO_INTESTINE_SMOOTH_MUSCLE_CONTRACTION	-0.2530907776445678			
REACTOME_NGF_STIMULATED_TRANSCRIPTION	-0.25309323344454593			
MIR4757_5P	-0.2530986154306929			
GSE15330_HSC_VS_PRO_BCELL_UP	-0.25310207530233186			
GO_RESPONSE_TO_VITAMIN_D	-0.2531123717760776			
chr5q22	-0.2531343806169822			
MMS_MOUSE_LYMPH_HIGH_4HRS_UP	-0.25315021978516483			
GSE369_PRE_VS_POST_IL6_INJECTION_IFNG_WT_LIVER_UP	-0.25315678552193005			
GO_VASCULOGENESIS	-0.25315747322307863			
GO_REGULATION_OF_GROWTH_HORMONE_RECEPTOR_SIGNALING_PATHWAY	-0.25316052451856036			
MIR1262	-0.2531615397882361			
MIR452_3P	-0.25317262380650396			
GSE12003_MIR223_KO_VS_WT_BM_PROGENITOR_4D_CULTURE_DN	-0.2531806415194405			
GSE14415_ACT_TCONV_VS_ACT_NATURAL_TREG_UP	-0.2531843443101148			
GO_PROTEIN_DNA_COMPLEX_SUBUNIT_ORGANIZATION	-0.25320369032666135			
GSE23502_BM_VS_COLON_TUMOR_HDC_KO_MYELOID_DERIVED_SUPPRESSOR_CELL_UP	-0.2532078205326294			
REACTOME_TRANSCRIPTION_OF_E2F_TARGETS_UNDER_NEGATIVE_CONTROL_BY_P107_RBL1_AND_P130_RBL2_IN_COMPLEX_WITH_HDAC1	-0.253218744424669			
GSE27786_CD8_TCELL_VS_MONO_MAC_UP	-0.25321966905339227			
GO_REGULATION_OF_VASCULAR_PERMEABILITY	-0.25322065528573195			
HEDENFALK_BREAST_CANCER_BRACX_UP	-0.25322801241486076			
GSE17721_POLYIC_VS_GARDIQUIMOD_8H_BMDC_DN	-0.25322896701004327			
GO_GROWTH_FACTOR_BINDING	-0.25324067715736204			
GO_PHOSPHATIDYLINOSITOL_3_PHOSPHATE_BIOSYNTHETIC_PROCESS	-0.25324464791470713			
MIR208A_5P	-0.25324620883902377			
GSE3982_EOSINOPHIL_VS_BCELL_UP	-0.2532571566528364			
GO_SYNAPSE_PRUNING	-0.2532585002362793			
GSE13484_3H_UNSTIM_VS_YF17D_VACCINE_STIM_PBMC_UP	-0.25326805026780397			
GO_ESC_E_Z_COMPLEX	-0.25327168563202856			
GO_REGION_OF_CYTOSOL	-0.25327192347518107			
MYB_Q6	-0.25327231962433006			
GO_REGULATION_OF_CALCINEURIN_MEDIATED_SIGNALING	-0.25327537968610225			
ZNF433_TARGET_GENES	-0.2532785829191487			
GO_ATRIOVENTRICULAR_CANAL_DEVELOPMENT	-0.25328154474117953			
WESTON_VEGFA_TARGETS	-0.25328346397839296			
GO_SPECIFICATION_OF_SYMMETRY	-0.25328559968595554			
REACTOME_INTERLEUKIN_17_SIGNALING	-0.25329609745531523			
GSE2770_TGFB_AND_IL4_VS_IL12_TREATED_ACT_CD4_TCELL_2H_UP	-0.2532972135585588			
GO_PROTON_TRANSPORTING_TWO_SECTOR_ATPASE_COMPLEX_PROTON_TRANSPORTING_DOMAIN	-0.253301177301181			
GO_REGULATION_OF_ALKALINE_PHOSPHATASE_ACTIVITY	-0.25330658391509925			
GO_REGULATION_OF_DNA_DAMAGE_CHECKPOINT	-0.253308212589798			
GSE7852_LN_VS_FAT_TCONV_UP	-0.2533167429621277			
MIR3191_5P	-0.2533186679007053			
IPA_ZNF217_DN	-0.2533225085558268			
WELCSH_BRCA1_TARGETS_UP	-0.25333175146026266			
GSE41867_NAIVE_VS_DAY15_LCMV_CONE13_EFFECTOR_CD8_TCELL_DN	-0.25333338413335227			
GSE21927_BALBC_VS_C57BL6_MONOCYTE_SPLEEN_UP	-0.25333859000926634			
GSE22886_UNSTIM_VS_IL15_STIM_NKCELL_DN	-0.25333956496919546			
MIR4301	-0.25334477390856436			
MIR5196_3P	-0.25335958813082116			
MIR7847_3P	-0.2533661739402158			
GSE19888_ADENOSINE_A3R_ACT_VS_A3R_ACT_WITH_A3R_INH_PRETREATMENT_IN_MAST_CELL_DN	-0.253381649281017			
GSE22886_IL2_VS_IL15_STIM_NKCELL_DN	-0.25339479258379644			
ROVERSI_GLIOMA_LOH_REGIONS	-0.2534027917467184			
GO_MICROTUBULE_PLUS_END_BINDING	-0.2534044083705096			
ZNF282_TARGET_GENES	-0.25342845456210733			
GO_REGULATION_OF_FERTILIZATION	-0.25344036146068005			
GO_REGULATION_OF_NEURON_PROJECTION_DEVELOPMENT	-0.25345732771520213			
GSE41867_DAY6_VS_DAY8_LCMV_CLONE13_EFFECTOR_CD8_TCELL_DN	-0.25346158539307057			
MIR7153_3P	-0.25346684994007146			
MIR507	-0.25346693234552903			
GSE17721_LPS_VS_CPG_24H_BMDC_DN	-0.25347010749721927			
GO_GTPASE_REGULATOR_ACTIVITY	-0.2534717590636699			
GO_PUTRESCINE_METABOLIC_PROCESS	-0.253474937618029			
GO_GLYCOSIDE_METABOLIC_PROCESS	-0.25348453132521404			
GSE12963_ENV_NEF_VS_ENV_NEF_AND_VPR_DEFICIENT_HIV1_INF_CD4_TCELL_UP	-0.25349005282555664			
MIR7160_3P	-0.25349274648267855			
GO_DETECTION_OF_MECHANICAL_STIMULUS_INVOLVED_IN_SENSORY_PERCEPTION_OF_SOUND	-0.253499227567055			
chr10q23	-0.2535121383701032			
MIR6514_5P	-0.25353139976831135			
GO_PLATELET_ALPHA_GRANULE_MEMBRANE	-0.25353185991952265			
IPA_BATF_UP	-0.2535429730388233			
IPA_NMI_UP	-0.2535429730388233			
GO_NEGATIVE_REGULATION_OF_MUSCLE_TISSUE_DEVELOPMENT	-0.25355487246985375			
GSE27786_CD8_TCELL_VS_NKCELL_DN	-0.25356442585583816			
IRF7_01	-0.25356618834948197			
KEGG_MELANOMA	-0.25356659860438024			
GSE3982_BCELL_VS_TH2_DN	-0.2535674930170428			
IPA_ATF7_UP	-0.25357713565370615			
GSE12198_CTRL_VS_HIGH_IL2_STIM_NK_CELL_DN	-0.2535772317312628			
IVANOVA_HEMATOPOIESIS_EARLY_PROGENITOR	-0.2535784800493002			
GO_LIVER_MORPHOGENESIS	-0.253580765079835			
KEGG_BASAL_TRANSCRIPTION_FACTORS	-0.25358262421660693			
REACTOME_PLASMA_LIPOPROTEIN_CLEARANCE	-0.2535887599141837			
ZHAN_MULTIPLE_MYELOMA_DN	-0.2535898929911907			
GO_UDP_GLYCOSYLTRANSFERASE_ACTIVITY	-0.2535984200878844			
GOTTWEIN_TARGETS_OF_KSHV_MIR_K12_11	-0.2535993164013374			
MIR650	-0.253608768104912			
GSE22886_UNSTIM_VS_IL2_STIM_NKCELL_DN	-0.2536137210171282			
PIGF_UP.V1_UP	-0.2536139122706765			
GO_GLOMERULAR_MESANGIUM_DEVELOPMENT	-0.2536167861388947			
MIR129_1_3P_MIR129_2_3P	-0.25362015048173414			
GO_EMBRYONIC_EYE_MORPHOGENESIS	-0.25362039864665414			
GSE31082_CD4_VS_CD8_SP_THYMOCYTE_DN	-0.2536222692167297			
GO_REGULATION_OF_SYNAPSE_STRUCTURAL_PLASTICITY	-0.2536254717535746			
GO_NUCLEAR_TRANSCRIBED_MRNA_CATABOLIC_PROCESS_NONSENSE_MEDIATED_DECAY	-0.2536260865607812			
GO_NEGATIVE_REGULATION_OF_MITOTIC_CELL_CYCLE	-0.25362956791433316			
GO_SPHINGOSINE_1_PHOSPHATE_RECEPTOR_SIGNALING_PATHWAY	-0.25363626955866764			
MIR4330	-0.25364537179030777			
GSE22886_NAIVE_TCELL_VS_MONOCYTE_UP	-0.2536492382666325			
GO_ATPASE_ACTIVITY_COUPLED_TO_TRANSMEMBRANE_MOVEMENT_OF_IONS_ROTATIONAL_MECHANISM	-0.25365916969496727			
MTOR_UP.N4.V1_DN	-0.25366154080441067			
GO_REGULATION_OF_TRANSCRIPTION_FROM_RNA_POLYMERASE_II_PROMOTER_INVOLVED_IN_HEART_DEVELOPMENT	-0.25366559742437755			
GO_NEGATIVE_REGULATION_OF_PROTEIN_SERINE_THREONINE_KINASE_ACTIVITY	-0.25366972099720686			
GO_REGULATION_OF_PROTEIN_POLYMERIZATION	-0.25367098217848094			
GSE7764_IL15_TREATED_VS_CTRL_NK_CELL_24H_UP	-0.2536790309138549			
BIOCARTA_VOBESITY_PATHWAY	-0.25368162903146907			
GO_NEURON_MIGRATION	-0.25371296621758377			
MIR6884_3P	-0.25372710703992485			
GO_HYDROLASE_ACTIVITY_ACTING_ON_CARBON_NITROGEN_BUT_NOT_PEPTIDE_BONDS	-0.25373117671154743			
MIR6715B_5P	-0.25373754079424665			
GO_VESICLE_LOCALIZATION	-0.25373993376865844			
MIR10527_5P	-0.2537486718250926			
ZNF302_TARGET_GENES	-0.2537538386333328			
BAE_BRCA1_TARGETS_DN	-0.2537580934505809			
GSE9601_UNTREATED_VS_PI3K_INHIBITOR_TREATED_HCMV_INF_MONOCYTE_UP	-0.25375832092486456			
GSE46606_DAY1_VS_DAY3_CD40L_IL2_IL5_STIMULATED_IRF4HIGH_BCELL_UP	-0.2537589486580088			
MIR4694_3P	-0.2537591476490984			
GO_REGULATION_OF_UBIQUITIN_PROTEIN_TRANSFERASE_ACTIVITY	-0.25375998043307557			
GSE40277_EOS_AND_LEF1_TRANSDUCED_VS_GATA1_AND_SATB1_TRANSDUCED_CD4_TCELL_UP	-0.2537682774848932			
REACTOME_NEUROFASCIN_INTERACTIONS	-0.2537686552027711			
GO_NEGATIVE_REGULATION_OF_PHOSPHORYLATION	-0.2537827277103851			
ZNF697_TARGET_GENES	-0.25379310655180765			
GTATTAT_MIR3693P	-0.25380101203308614			
HORIUCHI_WTAP_TARGETS_DN	-0.2538021181548889			
GSE20500_CTRL_VS_RETINOIC_ACID_TREATED_CD4_TCELL_DN	-0.2538196892843854			
MIR9_5P	-0.2538229143920083			
GO_VERY_LOW_DENSITY_LIPOPROTEIN_PARTICLE_REMODELING	-0.25382741146956567			
chr6p25	-0.253833727663194			
YRTCANNRCGC_UNKNOWN	-0.2538346276696275			
GSE41978_ID2_KO_VS_BIM_KO_KLRG1_LOW_EFFECTOR_CD8_TCELL_DN	-0.25384995214726025			
IPA_CREB1_DN	-0.2538563687275205			
GSE7852_LN_VS_THYMUS_TREG_DN	-0.2538682322059363			
GO_POSITIVE_REGULATION_OF_INTERLEUKIN_8_BIOSYNTHETIC_PROCESS	-0.25386948558695155			
MIR626	-0.25387567582618026			
GSE6259_FLT3L_INDUCED_VS_WT_SPLENIC_DC_33D1_POS_DN	-0.2538785112185127			
GSE40068_CXCR5POS_BCL6POS_TFH_VS_CXCR5NEG_BCL6NEG_CD4_TCELL_DN	-0.25388081677064805			
GO_AMINOPEPTIDASE_ACTIVITY	-0.25388204375452006			
GO_NEGATIVE_REGULATION_OF_RESPONSE_TO_EXTRACELLULAR_STIMULUS	-0.25389407708844053			
BROWNE_HCMV_INFECTION_2HR_DN	-0.2538952147412656			
GO_POSITIVE_REGULATION_OF_NUCLEOTIDE_METABOLIC_PROCESS	-0.2538981124500172			
GO_RNA_DNA_HYBRID_RIBONUCLEASE_ACTIVITY	-0.25391225756227			
GO_ESTABLISHMENT_OF_SERTOLI_CELL_BARRIER	-0.2539127689060144			
GO_CARBOXYPEPTIDASE_ACTIVITY	-0.25392408470200695			
chr19p13	-0.2539400454305937			
GSE25088_WT_VS_STAT6_KO_MACROPHAGE_ROSIGLITAZONE_AND_IL4_STIM_UP	-0.25394296522681203			
REACTOME_ELASTIC_FIBRE_FORMATION	-0.25394803477566175			
GO_SMOOTH_MUSCLE_ADAPTATION	-0.25395829551460863			
GSE13547_WT_VS_ZFX_KO_BCELL_ANTI_IGM_STIM_2H_UP	-0.25396148665229107			
GO_MAST_CELL_CYTOKINE_PRODUCTION	-0.2539718798187819			
GO_RESPONSE_TO_WATER	-0.2539751644427883			
GSE25123_CTRL_VS_IL4_AND_ROSIGLITAZONE_STIM_MACROPHAGE_UP	-0.25398848417330644			
SU_KIDNEY	-0.25399272917005355			
MIR93_5P	-0.25399630176838395			
REACTOME_G0_AND_EARLY_G1	-0.2539986968965556			
GAZDA_DIAMOND_BLACKFAN_ANEMIA_ERYTHROID_UP	-0.2540047149350484			
MIR1253	-0.2540103212910921			
GO_RNA_POLYMERASE_III_TYPE_3_PROMOTER_DNA_BINDING	-0.2540216092735353			
IPA_SP4_UP	-0.2540382537354784			
FOURNIER_ACINAR_DEVELOPMENT_EARLY_DN	-0.2540506493781168			
MATZUK_CUMULUS_EXPANSION	-0.2540658124759788			
GO_HISTONE_METHYLTRANSFERASE_COMPLEX	-0.2540671279294325			
ZHAN_VARIABLE_EARLY_DIFFERENTIATION_GENES_DN	-0.25408255477366004			
GO_POSITIVE_REGULATION_OF_LIPID_BIOSYNTHETIC_PROCESS	-0.25408622000640485			
REACTOME_SIGNALING_BY_TGF_BETA_FAMILY_MEMBERS	-0.2540889373877048			
IPA_ING4_UP	-0.25410184698551963			
PASTURAL_RIZ1_TARGETS_DN	-0.2541040942298643			
MIR586	-0.25410600752202633			
GO_NEGATIVE_REGULATION_OF_TUMOR_NECROSIS_FACTOR_SECRETION	-0.25411347987936417			
GSE7831_UNSTIM_VS_INFLUENZA_STIM_PDC_4H_DN	-0.25412780494984955			
GO_NEUROBLAST_PROLIFERATION	-0.25414179133621656			
MIR3667_3P	-0.25414312080106405			
GO_POSITIVE_REGULATION_OF_MEMBRANE_DEPOLARIZATION	-0.25414689633619203			
MIR6505_5P	-0.2541548548642575			
MIR4735_5P	-0.2541567611140475			
GO_REGULATION_OF_LIPOPROTEIN_LIPASE_ACTIVITY	-0.254181073810217			
GSE10273_LOW_IL7_VS_HIGH_IL7_AND_IRF4_IN_IRF4_8_NULL_PRE_BCELL_UP	-0.2541910183486153			
BYSTROEM_CORRELATED_WITH_IL5_UP	-0.25420817763552134			
GO_CYTOSKELETAL_PROTEIN_BINDING	-0.25421011847742536			
GSE2770_IL12_AND_TGFB_ACT_VS_ACT_CD4_TCELL_48H_DN	-0.25422402823092954			
MIR145_3P	-0.2542274359527126			
GO_POSITIVE_REGULATION_OF_CELLULAR_CATABOLIC_PROCESS	-0.254231311422623			
BEGUM_TARGETS_OF_PAX3_FOXO1_FUSION_AND_PAX3	-0.2542314226059639			
GO_REGULATION_OF_CELLULAR_PH_REDUCTION	-0.2542336568712456			
KORKOLA_CORRELATED_WITH_POU5F1	-0.25423552805883204			
NOTCH3_TARGET_GENES	-0.25424530456854155			
REACTOME_GENE_AND_PROTEIN_EXPRESSION_BY_JAK_STAT_SIGNALING_AFTER_INTERLEUKIN_12_STIMULATION	-0.2542472465311872			
KATSANOU_ELAVL1_TARGETS_DN	-0.25426219132666633			
GO_CYTOPLASMIC_SIDE_OF_ROUGH_ENDOPLASMIC_RETICULUM_MEMBRANE	-0.25427950641043146			
GO_PHOSPHATIDYLINOSITOL_3_5_BISPHOSPHATE_BINDING	-0.2542807838973343			
REACTOME_N_GLYCAN_TRIMMING_AND_ELONGATION_IN_THE_CIS_GOLGI	-0.2542860920983286			
GSE3982_DC_VS_EFF_MEMORY_CD4_TCELL_DN	-0.25429055135799367			
GO_POSITIVE_REGULATION_OF_GROWTH_HORMONE_SECRETION	-0.254295357441666			
MIR1185_1_3P_MIR1185_2_3P	-0.2543002524078019			
LI_CISPLATIN_RESISTANCE_DN	-0.254306525373912			
GO_NEGATIVE_REGULATION_OF_CHROMOSOME_SEGREGATION	-0.2543100951563824			
GO_DETERMINATION_OF_ADULT_LIFESPAN	-0.2543278055787229			
BCAT_GDS748_UP	-0.2543335983570103			
GO_SKIN_MORPHOGENESIS	-0.2543376659307333			
GSE2770_TGFB_AND_IL4_VS_TGFB_AND_IL12_TREATED_ACT_CD4_TCELL_48H_UP	-0.2543415159923817			
MIR208B_5P	-0.2543647879931709			
REACTOME_DISEASES_OF_SIGNAL_TRANSDUCTION_BY_GROWTH_FACTOR_RECEPTORS_AND_SECOND_MESSENGERS	-0.2543684177523561			
MIR3065_3P	-0.25437849345690583			
GO_LUNG_LOBE_DEVELOPMENT	-0.25438553654040075			
GSE9960_HEALTHY_VS_SEPSIS_PBMC_UP	-0.254385725484605			
MIR8076	-0.25438578922025556			
MIR663B	-0.2543885922917844			
IPA_PLAG1_DN	-0.2543911340382504			
MIR6831_5P	-0.2543961220570452			
GO_STEROL_TRANSPORTER_ACTIVITY	-0.25440347799114765			
NFAT_Q4_01	-0.25440519248583676			
REACTOME_CATION_COUPLED_CHLORIDE_COTRANSPORTERS	-0.2544105713105227			
GO_REGULATION_OF_NEURON_DIFFERENTIATION	-0.25441590065264924			
MIR12124	-0.2544227079718092			
REACTOME_HATS_ACETYLATE_HISTONES	-0.25442410280249145			
GSE19198_6H_VS_24H_IL21_TREATED_TCELL_DN	-0.25443327686518596			
FONTAINE_FOLLICULAR_THYROID_ADENOMA_DN	-0.25443562325691793			
GO_REGULATION_OF_NMDA_RECEPTOR_ACTIVITY	-0.25444186065514196			
GO_BODY_MORPHOGENESIS	-0.25444355649118056			
MIR519D_3P	-0.25444718227814606			
MIR3158_5P	-0.2544638739144792			
GO_REGULATION_OF_BRANCHING_MORPHOGENESIS_OF_A_NERVE	-0.25449554549977493			
MARIADASON_REGULATED_BY_HISTONE_ACETYLATION_DN	-0.2545002699716839			
GO_NUCLEOTIDE_TRANSMEMBRANE_TRANSPORT	-0.2545170128032304			
GO_SULFOTRANSFERASE_ACTIVITY	-0.2545209947528771			
GO_MICROTUBULE_ORGANIZING_CENTER_ORGANIZATION	-0.2545220489645657			
GO_NEGATIVE_REGULATION_OF_HORMONE_SECRETION	-0.25452821955358546			
VALK_AML_WITH_EVI1	-0.25452970263354674			
MIR12123	-0.25454919123723296			
GO_CARGO_ADAPTOR_ACTIVITY	-0.25456753590942965			
GSE360_CTRL_VS_L_DONOVANI_MAC_DN	-0.2545817132846391			
GO_NEGATIVE_REGULATION_OF_VITAMIN_D_BIOSYNTHETIC_PROCESS	-0.2546036408652705			
GSE2770_UNTREATED_VS_TGFB_AND_IL12_TREATED_ACT_CD4_TCELL_48H_DN	-0.2546228641245668			
GO_PROTEIN_HOMODIMERIZATION_ACTIVITY	-0.2546362482808793			
GSE7460_CTRL_VS_TGFB_TREATED_ACT_FOXP3_HET_TCONV_UP	-0.25463787645960956			
GO_GANGLION_DEVELOPMENT	-0.2546441818161602			
GO_RESPONSE_TO_MUSCLE_INACTIVITY	-0.2546741922419909			
GO_GLUCOSE_BINDING	-0.2546772562022467			
MIR656_5P	-0.2546774382427835			
GSE23308_WT_VS_MINERALCORTICOID_REC_KO_MACROPHAGE_CORTICOSTERONE_TREATED_DN	-0.25469240862304715			
chrYp11	-0.2546953292948978			
SCHLINGEMANN_SKIN_CARCINOGENESIS_TPA_DN	-0.2546992879107779			
GSE18893_CTRL_VS_TNF_TREATED_TREG_24H_UP	-0.2547059197356993			
GSE12845_IGD_NEG_BLOOD_VS_PRE_GC_TONSIL_BCELL_DN	-0.2547084114091964			
MIR7704	-0.2547101181854635			
MIR5003_5P	-0.2547277974641511			
GO_REGULATION_OF_VERY_LOW_DENSITY_LIPOPROTEIN_PARTICLE_REMODELING	-0.2547365451922656			
MIR6888_3P	-0.2547427203398797			
REACTOME_CLASS_A_1_RHODOPSIN_LIKE_RECEPTORS	-0.25474274644520467			
MIR17_5P	-0.25474899960144953			
GO_AMPA_GLUTAMATE_RECEPTOR_CLUSTERING	-0.2547550691751231			
IPA_SET_UP	-0.254761231229643			
GO_CYTIDINE_TO_URIDINE_EDITING	-0.25476325592940485			
GSE17721_LPS_VS_PAM3CSK4_12H_BMDC_DN	-0.25477093726339095			
GO_CONDENSED_CHROMOSOME_OUTER_KINETOCHORE	-0.25478657108973846			
ZA_Q9UM89_TARGET_GENES	-0.25478963260586335			
MIR6814_3P_MIR6872_5P	-0.2547991397345844			
MIR6806_5P	-0.2548069290488285			
GO_HEXOSAMINIDASE_ACTIVITY	-0.254809848241739			
MIR106A_5P	-0.2548191629044049			
MIR3137	-0.2548311217988124			
GO_PARAXIAL_MESODERM_MORPHOGENESIS	-0.2548387148016957			
MIR1537_5P	-0.25484883356038673			
GSE17721_LPS_VS_POLYIC_4H_BMDC_UP	-0.2548631695994662			
COLINA_TARGETS_OF_4EBP1_AND_4EBP2	-0.2548700265798608			
GSE37532_VISCERAL_ADIPOSE_TISSUE_VS_LN_DERIVED_PPARG_KO_TCONV_CD4_TCELL_DN	-0.2548889694185369			
GO_CHANGES_TO_DNA_METHYLATION_INVOLVED_IN_EMBRYO_DEVELOPMENT	-0.2548893005340231			
GO_SARCOPLASMIC_RETICULUM_LUMEN	-0.25489293762952353			
GO_REGULATION_OF_TRANSMEMBRANE_RECEPTOR_PROTEIN_SERINE_THREONINE_KINASE_SIGNALING_PATHWAY	-0.25491047878105766			
GO_REGULATION_OF_FEVER_GENERATION	-0.25491235561898384			
GSE34217_MIR17_92_OVEREXPRESS_VS_WT_ACT_CD8_TCELL_DN	-0.2549308671060069			
GO_REGULATION_OF_LYSOSOME_ORGANIZATION	-0.25493825426385813			
GO_REGULATION_OF_SMAD_PROTEIN_SIGNAL_TRANSDUCTION	-0.25494992679423667			
GO_LEADING_EDGE_MEMBRANE	-0.25495876788848265			
GO_POSITIVE_REGULATION_OF_VASCULAR_PERMEABILITY	-0.25496148038471			
PHESSE_TARGETS_OF_APC_AND_MBD2_DN	-0.25497692728673726			
BIOCARTA_NKCELLS_PATHWAY	-0.2549827256230478			
GO_NEGATIVE_REGULATION_OF_MYOTUBE_DIFFERENTIATION	-0.2550002919788786			
VEGF_A_UP.V1_UP	-0.2550044248181561			
GO_NEGATIVE_REGULATION_OF_CELL_MATURATION	-0.2550049060823656			
IPA_SMAD7_UP	-0.2550103669579766			
CTCTGGA_MIR520A_MIR525	-0.2550139531905445			
IPA_MLLT3_UP	-0.25502009298073125			
FOXO3_01	-0.255021943915586			
GO_EARLY_ENDOSOME	-0.2550266611206342			
REACTOME_CHEMOKINE_RECEPTORS_BIND_CHEMOKINES	-0.2550375962012631			
chr4q12	-0.2550383598633782			
chr8p21	-0.25504040127305366			
IPA_PAX5_UP	-0.2550494234827488			
GO_INOSITOL_PHOSPHATE_BIOSYNTHETIC_PROCESS	-0.2550607989741355			
HOFFMANN_LARGE_TO_SMALL_PRE_BII_LYMPHOCYTE_UP	-0.25507531066752426			
GO_PRONUCLEUS	-0.2550872643912715			
GO_DNA_PACKAGING	-0.255087286376734			
GSE19941_IL10_KO_VS_IL10_KO_AND_NFKBP50_KO_LPS_STIM_MACROPHAGE_DN	-0.2550921998618781			
MIR488_3P	-0.2550984448896555			
IPA_NR1H2_DN	-0.25510499840570305			
GO_DEATH_RECEPTOR_BINDING	-0.25511271312552486			
BIOCARTA_HCMV_PATHWAY	-0.2551247480095197			
GO_PHOSPHATIDYLINOSITOL_MONOPHOSPHATE_PHOSPHATASE_ACTIVITY	-0.25513388597387837			
MIR4452	-0.2551368264870501			
GSE27241_WT_VS_RORGT_KO_TH17_POLARIZED_CD4_TCELL_TREATED_WITH_DIGOXIN_UP	-0.25513839401525495			
GO_HISTONE_MRNA_METABOLIC_PROCESS	-0.255141340149031			
GSE22611_NOD2_VS_MUTANT_NOD2_TRANSDUCED_HEK293T_CELL_DN	-0.25514268102457904			
CREB_02	-0.25514358799482334			
HNF1_01	-0.25515763566458544			
GSE21927_SPLENIC_VS_TUMOR_MONOCYTES_FROM_C26GM_TUMOROUS_MICE_BALBC_UP	-0.2551703837757497			
MIR593_3P	-0.25517264567605125			
GO_PROPRIOCEPTION	-0.2551970317545888			
REACTOME_SYNTHESIS_OF_GDP_MANNOSE	-0.2552043602975664			
MNX1_TARGET_GENES	-0.2552197173267439			
MIR4326	-0.25522670368882994			
GO_REGULATION_OF_MRNA_METABOLIC_PROCESS	-0.25522699474441657			
ZNF585B_TARGET_GENES	-0.25522719854496273			
AKL_HTLV1_INFECTION_UP	-0.25522899701611584			
GSE20366_TREG_VS_NAIVE_CD4_TCELL_HOMEOSTATIC_CONVERSION_UP	-0.2552519025582473			
MIR3121_3P	-0.2552560761400534			
BIOCARTA_RANMS_PATHWAY	-0.2552607958941425			
VALK_AML_WITH_FLT3_ITD	-0.25526212381550684			
GO_NEGATIVE_REGULATION_OF_TRANSPORTER_ACTIVITY	-0.25526689850666917			
GSE17721_POLYIC_VS_CPG_24H_BMDC_DN	-0.255293864335181			
IPA_SIX1_DN	-0.2553055408696701			
REACTOME_FOXO_MEDIATED_TRANSCRIPTION_OF_CELL_CYCLE_GENES	-0.2553177280673613			
KEGG_GLIOMA	-0.2553198282210562			
GALE_APL_WITH_FLT3_MUTATED_UP	-0.25532111293603843			
REACTOME_MECP2_REGULATES_TRANSCRIPTION_FACTORS	-0.25532156596826405			
GO_AUTONOMIC_NERVOUS_SYSTEM_DEVELOPMENT	-0.2553255724892258			
GO_CELLULAR_BIOGENIC_AMINE_METABOLIC_PROCESS	-0.25532871686458564			
IPA_LITAF_UP	-0.25533963409256794			
IPA_HDAC2_UP	-0.2553524902184024			
GO_OPIOID_RECEPTOR_SIGNALING_PATHWAY	-0.2553800120166665			
MIR338_3P	-0.25539586698300487			
chr3p11	-0.255415089954266			
GO_EXIT_FROM_MITOSIS	-0.2554297770436014			
ZNF512_TARGET_GENES	-0.25543028585038746			
GO_AXIS_ELONGATION_INVOLVED_IN_SOMITOGENESIS	-0.25543296904040147			
GO_REGULATION_OF_CARDIAC_MUSCLE_CONTRACTION_BY_CALCIUM_ION_SIGNALING	-0.255442895914351			
GO_REGULATION_OF_GENE_EXPRESSION_EPIGENETIC	-0.25545384318156844			
GO_OVULATION_CYCLE_PROCESS	-0.2554545903850466			
GO_THYMOCYTE_MIGRATION	-0.25547665281857246			
GSE32423_IL7_VS_IL7_IL4_NAIVE_CD8_TCELL_UP	-0.2554814062771391			
IPA_TAZ_UP	-0.2554846077182974			
MIR448	-0.25549039369879667			
GSE12366_PLASMA_CELL_VS_MEMORY_BCELL_UP	-0.25549340047223446			
RHODES_UNDIFFERENTIATED_CANCER	-0.25549521587223933			
IPA_YBX1_DN	-0.2555014393111855			
IPA_SUB1_DN	-0.2555014393111855			
IPA_IRF5_DN	-0.2555014393111855			
GO_CALCIUM_INDEPENDENT_PHOSPHOLIPASE_A2_ACTIVITY	-0.25551414394597166			
GSE41867_DAY8_EFFECTOR_VS_DAY30_EXHAUSTED_CD8_TCELL_LCMV_CLONE13_UP	-0.255520523473523			
JAZAG_TGFB1_SIGNALING_DN	-0.2555235130687581			
GO_LAMININ_BINDING	-0.25553469487001834			
GCAAGGA_MIR502	-0.255539573590295			
GO_HUMORAL_IMMUNE_RESPONSE_MEDIATED_BY_CIRCULATING_IMMUNOGLOBULIN	-0.25554197955569385			
DELASERNA_MYOD_TARGETS_DN	-0.25554978535390904			
GO_CYCLIC_NUCLEOTIDE_MEDIATED_SIGNALING	-0.25555299690481154			
CIZ_01	-0.2555533591330731			
MIR3190_5P	-0.2555671397989869			
GO_C_X_C_CHEMOKINE_BINDING	-0.2555701816050401			
GSE12507_PDC_CELL_LINE_VS_IMMATUE_T_CELL_LINE_UP	-0.2555716411785949			
GSE17721_0.5H_VS_8H_GARDIQUIMOD_BMDC_UP	-0.255575641208551			
MIR508_5P	-0.2555810357912109			
KOBAYASHI_EGFR_SIGNALING_24HR_DN	-0.2555845152589531			
MIR545_3P	-0.2556045419370315			
MIR6854_5P	-0.25560527384856746			
GO_AUTOPHAGOSOME_ORGANIZATION	-0.25561123271653613			
GO_PRE_B_CELL_DIFFERENTIATION	-0.25563163891042046			
GSE26928_NAIVE_VS_CENT_MEMORY_CD4_TCELL_UP	-0.25563209017637345			
IPA_YY1_DN	-0.25563616393542393			
chr3p12	-0.2556584388709017			
MIR877_3P	-0.25566733128500607			
GO_CHAPERONE_MEDIATED_AUTOPHAGY	-0.2556739881093968			
HUMMEL_BURKITTS_LYMPHOMA_UP	-0.2556743938536907			
UROSEVIC_RESPONSE_TO_IMIQUIMOD	-0.25568464881422376			
IPA_SMARCE1_DN	-0.2556899778268554			
MIR1283	-0.2556903334023818			
GO_GLUCOCORTICOID_BIOSYNTHETIC_PROCESS	-0.2556968179047846			
CLAUS_PGR_POSITIVE_MENINGIOMA_DN	-0.2557032732571352			
CTTTAAR_UNKNOWN	-0.25572658414710064			
HERNANDEZ_MITOTIC_ARREST_BY_DOCETAXEL_1_UP	-0.2557358565463219			
GO_PROTEIN_LYSINE_6_OXIDASE_ACTIVITY	-0.2557412203311155			
GO_PEPTIDYL_LYSINE_OXIDATION	-0.2557412203311155			
GO_REGULATION_OF_CILIUM_ASSEMBLY	-0.25574333998213117			
MIR5680	-0.2557523601810118			
GO_PROTEIN_CHROMOPHORE_LINKAGE	-0.2557765066374726			
ADCYAP1_TARGET_GENES	-0.2557770555842153			
GO_MEMBRANE_FUSION	-0.25577758732275624			
GO_BETA_CATENIN_TCF_COMPLEX_ASSEMBLY	-0.25577805641459794			
MIR4305	-0.25578085941013057			
CRX_NRL_DN.V1_DN	-0.25580240199734433			
MIR31_5P	-0.2558447084938412			
MIR548AR_3P	-0.2558450730769087			
REACTOME_SIGNALING_BY_SCF_KIT	-0.255851665748764			
MIR4255	-0.25586757658499065			
REACTOME_TRANSPORT_OF_CONNEXONS_TO_THE_PLASMA_MEMBRANE	-0.25587193237523576			
PID_S1P_S1P4_PATHWAY	-0.25587382349211013			
GO_GRANULOCYTE_MACROPHAGE_COLONY_STIMULATING_FACTOR_PRODUCTION	-0.25588085011262984			
GO_KINETOCHORE	-0.25588307898525897			
GSE6259_33D1_POS_VS_DEC205_POS_FLT3L_INDUCED_SPLENIC_DC_DN	-0.2558902480150683			
GO_REGULATION_OF_ACTIN_FILAMENT_ORGANIZATION	-0.2558914666855041			
GSE4984_UNTREATED_VS_GALECTIN1_TREATED_DC_DN	-0.2558993332591944			
MIR196A_1_3P	-0.25590784798682403			
REACTOME_G_ALPHA_I_SIGNALLING_EVENTS	-0.2559132058973555			
GO_INOSITOL_PHOSPHATE_MEDIATED_SIGNALING	-0.2559189676100388			
MIR193A_3P_MIR193B_3P	-0.2559214723871408			
GO_NEGATIVE_REGULATION_OF_STRIATED_MUSCLE_CELL_DIFFERENTIATION	-0.25592242007145743			
MIR4694_5P	-0.2559318671988648			
GO_POLY_A_SPECIFIC_RIBONUCLEASE_ACTIVITY	-0.2559344635571396			
chrXp11	-0.25593512492962966			
GSE12392_CD8A_POS_VS_NEG_SPLEEN_IFNB_KO_DC_UP	-0.2559390480355962			
COLLIS_PRKDC_REGULATORS	-0.25594189015776164			
GSE21927_BALBC_VS_C57BL6_MONOCYTE_TUMOR_DN	-0.25594332598218056			
REACTOME_RECEPTOR_MEDIATED_MITOPHAGY	-0.25594747924088007			
GO_POSITIVE_REGULATION_OF_GRANULOCYTE_DIFFERENTIATION	-0.25597923551229623			
KANG_AR_TARGETS_UP	-0.2559820110232313			
GO_NEGATIVE_REGULATION_OF_RIG_I_SIGNALING_PATHWAY	-0.2559839754968685			
IPA_CDK2_UP	-0.2559879339234787			
ZHAN_MULTIPLE_MYELOMA_CD1_DN	-0.25600060999885366			
GSE46606_IRF4HIGH_VS_WT_CD40L_IL2_IL5_DAY1_STIMULATED_BCELL_DN	-0.25600530912863384			
GO_NUCLEAR_PERICENTRIC_HETEROCHROMATIN	-0.2560060715049794			
GO_NEGATIVE_REGULATION_OF_LIPID_LOCALIZATION	-0.2560081370515129			
GSE2585_CD80_HIGH_VS_LOW_MTEC_DN	-0.2560350689367024			
GO_SELECTIVE_AUTOPHAGY	-0.25604667204403075			
MIR1912_5P	-0.2560580616174262			
TANG_SENESCENCE_TP53_TARGETS_UP	-0.25606830493154303			
MIR2276_3P	-0.2560745742029798			
GO_CEREBELLAR_GRANULAR_LAYER_DEVELOPMENT	-0.25607483958204613			
MIR3925_5P	-0.25607528856815936			
TOMLINS_METASTASIS_DN	-0.25607529289503594			
GSE17721_0.5H_VS_4H_PAM3CSK4_BMDC_UP	-0.2560918190088902			
MIR3192_3P	-0.256092902148813			
GO_NEGATIVE_REGULATION_OF_CELLULAR_RESPONSE_TO_INSULIN_STIMULUS	-0.25610884956922103			
MIR3658	-0.25611822182406			
MIR4478	-0.25613159195086316			
GO_GLUTAMINE_TRANSPORT	-0.2561346566868341			
GO_CHITIN_BINDING	-0.25615199113979814			
IPA_TBX2_UP	-0.25616607435860905			
GO_THYROID_HORMONE_RECEPTOR_BINDING	-0.2561756144009672			
GSE17721_LPS_VS_POLYIC_24H_BMDC_UP	-0.25618634413742364			
GO_NEGATIVE_REGULATION_OF_MACROAUTOPHAGY	-0.25619426308231474			
GO_NEGATIVE_REGULATION_OF_INTERLEUKIN_5_PRODUCTION	-0.256205197547634			
GSE20500_CTRL_VS_RARA_ANTAGONIST_TREATED_CD4_TCELL_UP	-0.25620965741714063			
BAKER_HEMATOPOESIS_STAT5_TARGETS	-0.2562172153569049			
GO_AMP_METABOLIC_PROCESS	-0.2562463136011885			
GO_DNA_DEPENDENT_ATPASE_ACTIVITY	-0.2562562318126588			
GO_ECTOPIC_GERM_CELL_PROGRAMMED_CELL_DEATH	-0.2562615247736413			
GO_GLYCOSYLPHOSPHATIDYLINOSITOL_N_ACETYLGLUCOSAMINYLTRANSFERASE_GPI_GNT_COMPLEX	-0.2562618500374958			
GSE6269_HEALTHY_VS_STAPH_PNEUMO_INF_PBMC_UP	-0.25626374362325594			
GO_AP_1_ADAPTOR_COMPLEX_BINDING	-0.2562649302757472			
GO_CALMODULIN_BINDING	-0.2562742538372992			
GSE3982_DC_VS_TH2_DN	-0.2562903872272311			
MIR22_5P	-0.2562911211686031			
MOSERLE_IFNA_RESPONSE	-0.2562935722078936			
FORTSCHEGGER_PHF8_TARGETS_DN	-0.25629736301124667			
GSE19941_UNSTIM_VS_LPS_STIM_IL10_KO_MACROPHAGE_DN	-0.25630004976861187			
GSE21063_3H_VS_16H_ANTI_IGM_STIM_NFATC1_KOBCELL_DN	-0.2563050502324298			
GO_REGULATION_OF_RHO_PROTEIN_SIGNAL_TRANSDUCTION	-0.2563087969892514			
IPA_ZFHX3_DN	-0.25631771103263806			
GO_MESENCHYMAL_EPITHELIAL_CELL_SIGNALING	-0.25631797014854			
GO_BRANCHING_MORPHOGENESIS_OF_A_NERVE	-0.25632326500886504			
GO_REGULATION_OF_UBIQUITIN_PROTEIN_LIGASE_ACTIVITY	-0.25633498893596146			
GO_INNERVATION	-0.2563378058928953			
MIR425_5P	-0.25634450934881786			
GO_PRESYNAPTIC_ACTIVE_ZONE	-0.25635070322099807			
BIOCARTA_FLUMAZENIL_PATHWAY	-0.25636642207684684			
GO_NEGATIVE_REGULATION_OF_CELLULAR_RESPONSE_TO_VASCULAR_ENDOTHELIAL_GROWTH_FACTOR_STIMULUS	-0.256378788815679			
GO_PHOSPHOLIPID_EFFLUX	-0.2563890595615506			
GRESHOCK_CANCER_COPY_NUMBER_UP	-0.25639217801607644			
BIOCARTA_PLATELETAPP_PATHWAY	-0.25639406412431154			
BIOCARTA_BTG2_PATHWAY	-0.25640210169758754			
GO_EMBRYO_IMPLANTATION	-0.25640295743929686			
OUILLETTE_CLL_13Q14_DELETION_UP	-0.2564085721476481			
GO_CCR1_CHEMOKINE_RECEPTOR_BINDING	-0.25641458461102873			
GO_NUCLEOBASE_CATABOLIC_PROCESS	-0.2564156918689762			
GO_CELL_CYCLE	-0.2564205757999187			
GSE19825_NAIVE_VS_IL2RALOW_DAY3_EFF_CD8_TCELL_DN	-0.2564252360991712			
GO_POSITIVE_REGULATION_OF_NATURAL_KILLER_CELL_CHEMOTAXIS	-0.2564281502088643			
GO_NEGATIVE_REGULATION_OF_CYTOKINE_PRODUCTION_INVOLVED_IN_INFLAMMATORY_RESPONSE	-0.2564286428329746			
RIZKI_TUMOR_INVASIVENESS_3D_UP	-0.2564315454899447			
KEGG_PHOSPHATIDYLINOSITOL_SIGNALING_SYSTEM	-0.2564498111908616			
GO_OXIDOREDUCTASE_ACTIVITY_ACTING_ON_THE_CH_NH2_GROUP_OF_DONORS_OXYGEN_AS_ACCEPTOR	-0.2564550176818629			
GO_REGULATION_OF_UBIQUITIN_SPECIFIC_PROTEASE_ACTIVITY	-0.2564587906647899			
GO_CELL_CORTEX	-0.25645966686419475			
GO_STEROID_ESTERIFICATION	-0.25646474494612514			
FOXD3_TARGET_GENES	-0.2564662925779254			
chr3q22	-0.25646881104173835			
LMNB2_TARGET_GENES	-0.2564778506741893			
GSE5589_WT_VS_IL6_KO_LPS_STIM_MACROPHAGE_45MIN_DN	-0.25647923581361975			
GSE6674_UNSTIM_VS_PL2_3_STIM_BCELL_UP	-0.2564859015306424			
MIR3688_3P	-0.25649803613016414			
GUTIERREZ_CHRONIC_LYMPHOCYTIC_LEUKEMIA_DN	-0.25650851346293757			
IPA_KDM5B_UP	-0.2565092900587887			
ZNF626_TARGET_GENES	-0.2565219946402171			
GO_GLYCOSYLCERAMIDE_METABOLIC_PROCESS	-0.25652575746412176			
GO_POSITIVE_REGULATION_OF_PROTEIN_OLIGOMERIZATION	-0.25654267946084286			
GSE360_DC_VS_MAC_M_TUBERCULOSIS_DN	-0.2565537112966677			
KORKOLA_YOLK_SAC_TUMOR_UP	-0.2565640065237182			
MIR194_5P	-0.256582657310804			
SMN2_TARGET_GENES	-0.25658370016156573			
SMN1_TARGET_GENES	-0.25658370016156573			
MIR187_5P	-0.2566139211673022			
GO_PHOSPHATIDYLINOSITOL_3_KINASE_COMPLEX_CLASS_III	-0.25661816799233345			
IPA_CHAF1B_DN	-0.2566271138470034			
KEGG_NEUROTROPHIN_SIGNALING_PATHWAY	-0.25663515846028234			
GO_POSITIVE_REGULATION_OF_NUCLEOTIDE_BIOSYNTHETIC_PROCESS	-0.2566545990544927			
GSE360_CTRL_VS_T_GONDII_MAC_DN	-0.2566637304270202			
LEE_LIVER_CANCER_MYC_E2F1_UP	-0.25667042475439333			
REACTOME_ABACAVIR_TRANSPORT_AND_METABOLISM	-0.25668470331217436			
MIR711	-0.256686564573829			
GSE17186_MEMORY_VS_NAIVE_BCELL_UP	-0.2566934517511782			
GO_UBIQUITIN_LIKE_PROTEIN_BINDING	-0.2566989790196983			
GO_DIPHOSPHOTRANSFERASE_ACTIVITY	-0.25670374099175186			
GO_TRANSMEMBRANE_RECEPTOR_PROTEIN_TYROSINE_KINASE_SIGNALING_PATHWAY	-0.2567189234024016			
GO_GLYCOSPHINGOLIPID_METABOLIC_PROCESS	-0.25672511202611625			
GO_C_C_CHEMOKINE_BINDING	-0.25672871616371545			
GSE17580_TREG_VS_TEFF_UP	-0.25672945693054683			
GERHOLD_RESPONSE_TO_TZD_DN	-0.2567305230092178			
GO_REGULATION_OF_GTPASE_ACTIVITY	-0.25674000241050354			
EHLERS_ANEUPLOIDY_DN	-0.2567564884963927			
BIOCARTA_HIF_PATHWAY	-0.25676554548745745			
GO_MRNA_3_END_PROCESSING_BY_STEM_LOOP_BINDING_AND_CLEAVAGE	-0.25677471887743525			
MIR4262	-0.2567771313264798			
GSE2405_S_AUREUS_VS_UNTREATED_NEUTROPHIL_UP	-0.2567827552964576			
GO_PLASMA_MEMBRANE_ORGANIZATION	-0.25678369345821755			
MIR5582_3P	-0.25679017089295736			
GSE1925_CTRL_VS_IFNG_PRIMED_MACROPHAGE_3H_IFNG_STIM_UP	-0.25679086382541344			
MIR5589_3P	-0.25679353399641647			
GO_REGULATION_OF_PROTEIN_STABILITY	-0.2568016520790517			
GO_POSITIVE_REGULATION_OF_DOUBLE_STRAND_BREAK_REPAIR_VIA_NONHOMOLOGOUS_END_JOINING	-0.2568194161462455			
REACTOME_NUCLEAR_EVENTS_KINASE_AND_TRANSCRIPTION_FACTOR_ACTIVATION	-0.25681983958337007			
INGRAM_SHH_TARGETS_UP	-0.25683992047230847			
GO_NEGATIVE_REGULATION_OF_SIGNAL_TRANSDUCTION_IN_ABSENCE_OF_LIGAND	-0.2568402737371092			
GSE25088_CTRL_VS_ROSIGLITAZONE_STIM_STAT6_KO_MACROPHAGE_DN	-0.256841282420463			
SIMBULAN_PARP1_TARGETS_DN	-0.2568469250074016			
GO_REGULATION_OF_DEACETYLASE_ACTIVITY	-0.25685647524442834			
GO_VOLTAGE_GATED_CATION_CHANNEL_ACTIVITY	-0.25685650298961765			
GO_CELLULAR_RESPONSE_TO_OSMOTIC_STRESS	-0.2568575207369899			
GO_FEVER_GENERATION	-0.25685895467829467			
GO_NOREPINEPHRINE_TRANSPORT	-0.25685914347874617			
GO_5S_RRNA_BINDING	-0.25686137800579284			
MIR548AR_5P	-0.2568765677603463			
MIR4799_5P	-0.25688648260265295			
IPA_CHAF1B_UP	-0.2569000058382342			
IPA_ASF1B_UP	-0.2569000058382342			
IPA_PRDM5_DN	-0.2569000058382342			
IPA_E2F8_UP	-0.2569000058382342			
MIR4650_5P	-0.2569065702406834			
GO_FERROUS_IRON_BINDING	-0.256910518910402			
GO_RESPONSE_TO_REDOX_STATE	-0.256914028375801			
GO_NEGATIVE_REGULATION_OF_TROPHOBLAST_CELL_MIGRATION	-0.25692072241819325			
LIU_SMARCA4_TARGETS	-0.25693000390696985			
GO_REGULATION_OF_TUBE_SIZE	-0.2569517196386425			
GO_INTERMEDIATE_DENSITY_LIPOPROTEIN_PARTICLE	-0.25695200245769556			
MIR328_3P	-0.2569549312009936			
MIR4529_3P	-0.2569653505086622			
GO_ENDOCRINE_SYSTEM_DEVELOPMENT	-0.2569664192711212			
GO_POSITIVE_REGULATION_OF_MYELINATION	-0.25696843789588464			
MIR520G_3P_MIR520H	-0.2569883415219281			
MIR103A_1_5P	-0.2569938654183284			
GSE18281_SUBCAPSULAR_VS_PERIMEDULLARY_CORTICAL_REGION_OF_THYMUS_UP	-0.25699622597505817			
GSE39152_CD103_NEG_VS_POS_MEMORY_CD8_TCELL_UP	-0.25699786868656904			
WU_ALZHEIMER_DISEASE_UP	-0.2570047942506379			
GO_HIGH_DENSITY_LIPOPROTEIN_PARTICLE_BINDING	-0.257009580270503			
GO_MITOGEN_ACTIVATED_PROTEIN_KINASE_BINDING	-0.2570096489641129			
GO_SCHMIDT_LANTERMAN_INCISURE	-0.2570114178378148			
REACTOME_FGFR1C_LIGAND_BINDING_AND_ACTIVATION	-0.2570233922287486			
chr7q22	-0.2570267819339329			
GO_MHC_CLASS_I_RECEPTOR_ACTIVITY	-0.2570280154317138			
REACTOME_FCERI_MEDIATED_MAPK_ACTIVATION	-0.25703258642179083			
MIR4636	-0.257033354931056			
GSE17186_BLOOD_VS_CORD_BLOOD_CD21HIGH_TRANSITIONAL_BCELL_UP	-0.25704173534914787			
GO_NEGATIVE_REGULATION_OF_KINASE_ACTIVITY	-0.2570431162632092			
GO_WASH_COMPLEX	-0.2570493057625531			
GO_PYRIMIDINE_CONTAINING_COMPOUND_METABOLIC_PROCESS	-0.2570644512107866			
AP2_Q6	-0.25707802496322535			
WAMUNYOKOLI_OVARIAN_CANCER_GRADES_1_2_DN	-0.2570789376226812			
GO_RIBOSOME_BINDING	-0.2570851209995197			
GSE34217_MIR17_92_OVEREXPRESS_VS_WT_ACT_CD8_TCELL_UP	-0.2570918843700442			
GO_3_PHOSPHOADENOSINE_5_PHOSPHOSULFATE_BIOSYNTHETIC_PROCESS	-0.25711230255196416			
GO_MACROPHAGE_MIGRATION	-0.2571419108518593			
IPA_TBX21_DN	-0.25714216313758936			
DING_LUNG_CANCER_MUTATED_SIGNIFICANTLY	-0.25715173634486826			
GSE10240_IL22_VS_IL17_STIM_PRIMARY_BRONCHIAL_EPITHELIAL_CELLS_UP	-0.2571653802084088			
GSE17301_IFNA2_VS_IFNA5_STIM_ACD3_ACD28_ACT_CD8_TCELL_DN	-0.25716984291426953			
GO_NK_T_CELL_DIFFERENTIATION	-0.2571760351926444			
GSE17186_NAIVE_VS_CD21HIGH_TRANSITIONAL_BCELL_UP	-0.25719350354804055			
GSE43955_TH0_VS_TGFB_IL6_IL23_TH17_ACT_CD4_TCELL_60H_UP	-0.2571978026055587			
JIANG_AGING_CEREBRAL_CORTEX_UP	-0.2571989969922694			
MIR555	-0.25720934546747876			
GO_NEGATIVE_REGULATION_OF_SMALL_GTPASE_MEDIATED_SIGNAL_TRANSDUCTION	-0.2572103828890757			
GSE35685_CD34POS_CD38NEG_VS_CD34POS_CD10POS_BONE_MARROW_UP	-0.25721076193669695			
GO_PERICENTRIOLAR_MATERIAL	-0.2572218224092124			
GO_UTERINE_SMOOTH_MUSCLE_CONTRACTION	-0.25722895700122334			
GO_RESPONSE_TO_OXIDATIVE_STRESS	-0.25723406264511717			
GRABARCZYK_BCL11B_TARGETS_DN	-0.2572355573296341			
GO_KERATINOCYTE_MIGRATION	-0.2572428035170089			
REACTOME_FGFR1_LIGAND_BINDING_AND_ACTIVATION	-0.257244348991716			
GO_REGULATION_OF_SKELETAL_MUSCLE_TISSUE_DEVELOPMENT	-0.25724444100338334			
GO_DORSAL_SPINAL_CORD_DEVELOPMENT	-0.2572444946993146			
GO_FACIAL_NERVE_STRUCTURAL_ORGANIZATION	-0.2572496883172952			
GO_COLUMNAR_CUBOIDAL_EPITHELIAL_CELL_MATURATION	-0.25726348610336336			
GO_ESTABLISHMENT_OF_PROTEIN_LOCALIZATION_TO_VACUOLE	-0.2572676999284925			
GO_NEGATIVE_REGULATION_OF_JNK_CASCADE	-0.2572762240484588			
GO_NEGATIVE_REGULATION_OF_CYTOSKELETON_ORGANIZATION	-0.25728239854933255			
GSE22886_NAIVE_VS_MEMORY_TCELL_DN	-0.25728376173910167			
GSE3203_INFLUENZA_INF_VS_IFNB_TREATED_LN_BCELL_DN	-0.25728560810356327			
GO_REGULATION_OF_CENTROSOME_DUPLICATION	-0.25729681979804303			
GO_LIPOPROTEIN_METABOLIC_PROCESS	-0.2572997994835436			
GSE20151_CTRL_VS_FUSOBACT_NUCLEATUM_NEUTROPHIL_DN	-0.2572999302767685			
ZHENG_IL22_SIGNALING_DN	-0.25730126349287663			
SRC_UP.V1_DN	-0.25730527429723726			
IVANOVA_HEMATOPOIESIS_INTERMEDIATE_PROGENITOR	-0.2573077125723239			
TGACAGNY_MEIS1_01	-0.2573100996273051			
MIR5586_5P	-0.2573254146051888			
GSE6259_FLT3L_INDUCED_33D1_POS_DC_VS_CD8_TCELL_UP	-0.25733167520022265			
GO_COPII_VESICLE_COAT	-0.25734162665067245			
chr12q23	-0.25734311035775176			
GSE46606_UNSTIM_VS_CD40L_IL2_IL5_DAY1_STIMULATED_BCELL_UP	-0.2573481918340591			
MIR576_3P	-0.2573490532123196			
IPA_IRF7_DN	-0.25736811111102725			
GO_PROTEIN_O_LINKED_GLYCOSYLATION_VIA_SERINE	-0.2574049797281935			
chr4p15	-0.25742489138006003			
GO_POSITIVE_REGULATION_OF_BLOOD_VESSEL_DIAMETER	-0.25742811471506916			
GO_SUPEROXIDE_GENERATING_NADPH_OXIDASE_ACTIVATOR_ACTIVITY	-0.2574281410804962			
GO_PYRUVATE_DEHYDROGENASE_LIPOAMIDE_PHOSPHATASE_ACTIVITY	-0.25743636042202067			
GO_POSITIVE_REGULATION_OF_PYRUVATE_DEHYDROGENASE_ACTIVITY	-0.25743636042202067			
MIR139_5P	-0.25743741614099974			
CCTGAGT_MIR510	-0.2574427940725118			
MIR4297	-0.25744563389868935			
REACTOME_METABOLISM_OF_CARBOHYDRATES	-0.25744583080902406			
IPA_HOXA1_UP	-0.2574526652708133			
REACTOME_DISINHIBITION_OF_SNARE_FORMATION	-0.2574528341157911			
GO_EXOGENOUS_PROTEIN_BINDING	-0.2574570109771484			
GO_BOX_C_D_SNORNP_COMPLEX	-0.2574584101021479			
PID_ER_NONGENOMIC_PATHWAY	-0.2574622619604134			
GSE3565_DUSP1_VS_WT_SPLENOCYTES_POST_LPS_INJECTION_UP	-0.25748277449226864			
GO_CARBOHYDRATE_TRANSPORT	-0.25748482765195035			
GO_PROTEIN_TAG	-0.25749391382695486			
SA_TRKA_RECEPTOR	-0.2574977456274893			
GO_NEGATIVE_REGULATION_OF_NIK_NF_KAPPAB_SIGNALING	-0.2575029695970438			
GSE14769_40MIN_VS_360MIN_LPS_BMDM_UP	-0.2575100088812001			
GO_NEGATIVE_REGULATION_OF_ENDOTHELIAL_CELL_APOPTOTIC_PROCESS	-0.25752445568142757			
MYLLYKANGAS_AMPLIFICATION_HOT_SPOT_27	-0.25754704509428267			
GO_POSITIVE_REGULATION_OF_LYMPHOCYTE_CHEMOTAXIS	-0.25755187773105187			
GO_ENUCLEATE_ERYTHROCYTE_DIFFERENTIATION	-0.2575554980737535			
GO_STRAND_INVASION	-0.2575651921141617			
GSE21063_WT_VS_NFATC1_KO_16H_ANTI_IGM_STIM_BCELL_UP	-0.25757077962484504			
REACTOME_PINK_PARKIN_MEDIATED_MITOPHAGY	-0.257581214784502			
CHESLER_BRAIN_HIGHEST_EXPRESSION	-0.257584514878892			
GSE19401_RETINOIC_ACID_VS_RETINOIC_ACID_AND_PAM2CSK4_STIM_FOLLICULAR_DC_DN	-0.2575919816393385			
GSE30962_PRIMARY_VS_SECONDARY_ACUTE_LCMV_INF_CD8_TCELL_DN	-0.2575974641198347			
MIR494_3P	-0.2576035132536144			
HAHTOLA_SEZARY_SYNDROM_UP	-0.2576144027328268			
GSE369_SOCS3_KO_VS_IFNG_KO_LIVER_UP	-0.25761841914102823			
MIR6509_5P	-0.25762324027921124			
GO_NEGATIVE_REGULATION_OF_CHOLESTEROL_METABOLIC_PROCESS	-0.25766236165209805			
GO_NAD_METABOLIC_PROCESS	-0.2576626641122989			
GO_REGULATION_OF_ALDOSTERONE_METABOLIC_PROCESS	-0.2576653516964365			
IPA_RUNX1T1_DN	-0.25766737658296673			
GSE27786_BCELL_VS_ERYTHROBLAST_UP	-0.2576788359675568			
MIR1238_3P	-0.2576836202984301			
REACTOME_CRMPS_IN_SEMA3A_SIGNALING	-0.25768594296238834			
GO_ARF_GUANYL_NUCLEOTIDE_EXCHANGE_FACTOR_ACTIVITY	-0.25770032370064994			
GO_DENDRITE_EXTENSION	-0.25770803683763327			
REACTOME_NUCLEOTIDE_SALVAGE	-0.2577086261439945			
SCHAEFFER_PROSTATE_DEVELOPMENT_AND_CANCER_BOX5_UP	-0.2577100492385309			
YAO_TEMPORAL_RESPONSE_TO_PROGESTERONE_CLUSTER_14	-0.2577120464740057			
MIR3059_5P	-0.25771861047535194			
GSE6269_E_COLI_VS_STAPH_AUREUS_INF_PBMC_UP	-0.25772122808858666			
GSE40274_FOXP3_VS_FOXP3_AND_PBX1_TRANSDUCED_ACTIVATED_CD4_TCELL_DN	-0.2577282029288824			
GO_POSITIVE_REGULATION_OF_INTERLEUKIN_12_BIOSYNTHETIC_PROCESS	-0.25772948526778416			
GO_PROTEIN_MODIFICATION_BY_SMALL_PROTEIN_REMOVAL	-0.2577351624307258			
IPA_ZNF711_DN	-0.25773686859234235			
IPA_SETD7_DN	-0.25773686859234235			
TTGGAGA_MIR5155P_MIR519E	-0.25774001527741486			
GO_NEGATIVE_REGULATION_OF_HISTONE_H3_K27_METHYLATION	-0.25774609853865643			
GO_REGULATION_OF_INTERLEUKIN_12_SECRETION	-0.2577520505699578			
MIR3144_5P	-0.25776088474085507			
GO_GROWTH_HORMONE_RECEPTOR_SIGNALING_PATHWAY_VIA_JAK_STAT	-0.2577688083618329			
GSE3039_CD4_TCELL_VS_ALPHAALPHA_CD8_TCELL_DN	-0.2577780364563706			
GO_ANDROGEN_RECEPTOR_SIGNALING_PATHWAY	-0.2577832718216022			
GO_NEGATIVE_REGULATION_OF_PROTEIN_TARGETING_TO_MITOCHONDRION	-0.2577924130180506			
GO_HISTONE_H2A_K119_MONOUBIQUITINATION	-0.2577942781116218			
TAKAYAMA_BOUND_BY_AR	-0.2577995994861664			
KAAB_HEART_ATRIUM_VS_VENTRICLE_UP	-0.25780185280155027			
GO_AMINE_METABOLIC_PROCESS	-0.2578062004342195			
GO_CONDENSED_CHROMOSOME	-0.257810588314396			
GO_POSITIVE_REGULATION_OF_CYTOSKELETON_ORGANIZATION	-0.25781220932341703			
REACTOME_FREE_FATTY_ACIDS_REGULATE_INSULIN_SECRETION	-0.2578161188637785			
GO_MITOCHONDRIAL_FISSION	-0.25782478329178565			
GO_REGULATION_OF_EPITHELIAL_CELL_APOPTOTIC_PROCESS	-0.25784346060662366			
chr11q14	-0.25784636623686996			
LEE_TARGETS_OF_PTCH1_AND_SUFU_UP	-0.2578543285860337			
GO_REGULATION_OF_NEURON_PROJECTION_REGENERATION	-0.2578634797275011			
GSE15659_CD45RA_NEG_CD4_TCELL_VS_RESTING_TREG_UP	-0.25786417166477543			
GO_POSITIVE_REGULATION_OF_AUTOPHAGY	-0.25787310961271004			
GO_POSITIVE_REGULATION_OF_SPHINGOLIPID_BIOSYNTHETIC_PROCESS	-0.2578751145906167			
GO_CELLULAR_RESPONSE_TO_AMINO_ACID_STIMULUS	-0.25787616447910705			
YAGI_AML_SURVIVAL	-0.2578848842503812			
YATTNATC_UNKNOWN	-0.2579004648880419			
GO_RESPONSE_TO_IONIZING_RADIATION	-0.2579049217845005			
GO_RESPONSE_TO_IRON_ION	-0.25790537420987136			
MACAEVA_PBMC_RESPONSE_TO_IR	-0.2579157219655543			
GO_LYTIC_VACUOLE_ORGANIZATION	-0.2579238224633207			
GO_MEIOTIC_CHROMOSOME_CONDENSATION	-0.25793122013016767			
LEIN_MEDULLA_MARKERS	-0.25797116579845214			
REACTOME_REGULATION_OF_PLK1_ACTIVITY_AT_G2_M_TRANSITION	-0.2579717460853572			
GO_NEGATIVE_REGULATION_OF_TUMOR_NECROSIS_FACTOR_BIOSYNTHETIC_PROCESS	-0.2579898621173118			
GO_REGULATION_OF_NUCLEOTIDE_BIOSYNTHETIC_PROCESS	-0.2579923255446799			
BIOCARTA_VITCB_PATHWAY	-0.25799742944430926			
REACTOME_SIGNALING_BY_BMP	-0.25801159972591603			
BURTON_ADIPOGENESIS_7	-0.25801534292766676			
BIOCARTA_MPR_PATHWAY	-0.25801700883839146			
GSE43955_TH0_VS_TGFB_IL6_TH17_ACT_CD4_TCELL_10H_DN	-0.2580258466220847			
GO_SA_NODE_CELL_TO_ATRIAL_CARDIAC_MUSCLE_CELL_COMMUNICATION	-0.25802870933022926			
MIR548AW	-0.25804196949723895			
GSE46606_IRF4HIGH_VS_IRF4MID_CD40L_IL2_IL5_DAY1_STIMULATED_BCELL_DN	-0.2580504620265165			
REACTOME_GLUCAGON_TYPE_LIGAND_RECEPTORS	-0.2580660502108465			
GO_CARDIAC_MUSCLE_CELL_MYOBLAST_DIFFERENTIATION	-0.2580668632338464			
GSE42021_CD24INT_VS_CD24LOW_TREG_THYMUS_UP	-0.2580691697751201			
MIR4495	-0.2580700314477766			
GSE40274_CTRL_VS_FOXP3_AND_SATB1_TRANSDUCED_ACTIVATED_CD4_TCELL_UP	-0.25808413149191933			
GSE37605_FOXP3_FUSION_GFP_VS_IRES_GFP_TREG_NOD_UP	-0.2580867062905631			
IPA_TBX2_DN	-0.25811070071578596			
GO_GROWTH	-0.25812683740305803			
MOREIRA_RESPONSE_TO_TSA_DN	-0.2581299396276993			
GO_POSITIVE_REGULATION_OF_B_CELL_RECEPTOR_SIGNALING_PATHWAY	-0.2581311809156867			
GO_REGULATION_OF_REPRODUCTIVE_PROCESS	-0.25813129777720895			
GO_REGULATION_OF_MULTICELLULAR_ORGANISM_GROWTH	-0.2581322761159619			
GO_CXCR3_CHEMOKINE_RECEPTOR_BINDING	-0.25813489777175974			
GO_RESPONSE_TO_TOPOLOGICALLY_INCORRECT_PROTEIN	-0.2581370108983986			
GO_TRANSFERASE_ACTIVITY_TRANSFERRING_PENTOSYL_GROUPS	-0.25815422192670306			
ZNF560_TARGET_GENES	-0.2581566245503076			
GO_ENDOCRINE_HORMONE_SECRETION	-0.25816233907785807			
CHEOK_RESPONSE_TO_MERCAPTOPURINE_AND_HD_MTX_DN	-0.25817275257735084			
GO_AMYLOID_PRECURSOR_PROTEIN_BIOSYNTHETIC_PROCESS	-0.25817356391651297			
MIR501_3P_MIR502_3P	-0.25817445546980144			
IPA_PITX2_UP	-0.25817680744182026			
MIR4742_3P	-0.2582049834737295			
YAO_TEMPORAL_RESPONSE_TO_PROGESTERONE_CLUSTER_11	-0.2582050977065988			
GSE29618_PRE_VS_DAY7_POST_LAIV_FLU_VACCINE_PDC_DN	-0.25821606157038884			
MIR633	-0.258219782269653			
GO_NEGATIVE_REGULATION_OF_CELL_SUBSTRATE_JUNCTION_ORGANIZATION	-0.25822256709171265			
GO_ADENYLATE_CYCLASE_INHIBITING_G_PROTEIN_COUPLED_RECEPTOR_SIGNALING_PATHWAY	-0.25823036474202193			
GO_METALLOCHAPERONE_ACTIVITY	-0.2582325720101791			
AMIT_SERUM_RESPONSE_40_MCF10A	-0.25824035655557126			
CAGTGTT_MIR141_MIR200A	-0.25824079831909813			
GSE3565_CTRL_VS_LPS_INJECTED_DUSP1_KO_SPLENOCYTES_DN	-0.2582415469669688			
GO_MOTOR_NEURON_APOPTOTIC_PROCESS	-0.25824976545601763			
BAELDE_DIABETIC_NEPHROPATHY_DN	-0.25826688087196853			
IPA_ID1_DN	-0.2582802115641746			
MIR8078	-0.2582833381576894			
XU_HGF_TARGETS_INDUCED_BY_AKT1_48HR_DN	-0.25828482517593426			
GSE21063_WT_VS_NFATC1_KO_3H_ANTI_IGM_STIM_BCELL_UP	-0.25829246350973384			
GO_POSITIVE_REGULATION_OF_EXTRINSIC_APOPTOTIC_SIGNALING_PATHWAY_VIA_DEATH_DOMAIN_RECEPTORS	-0.2583011752818193			
REACTOME_HEDGEHOG_OFF_STATE	-0.25830550029950916			
MIR548AB	-0.25831118794511965			
GSE17721_POLYIC_VS_GARDIQUIMOD_12H_BMDC_DN	-0.2583213477031482			
MIR1913	-0.25832402630268847			
GSE22501_PERIPHERAL_BLOOD_VS_CORD_BLOOD_TREG_DN	-0.25832426878604425			
GO_LIPID_STORAGE	-0.25832681702784377			
GO_RESPONSE_TO_AXON_INJURY	-0.2583274178998823			
GSE32423_MEMORY_VS_NAIVE_CD8_TCELL_IL7_UP	-0.25832889743304094			
GSE3039_NKT_CELL_VS_ALPHABETA_CD8_TCELL_UP	-0.25833857035305574			
GO_CARDIAC_MUSCLE_TISSUE_DEVELOPMENT	-0.2583493825669897			
MIR937_5P	-0.25835334045905345			
REACTOME_MITOTIC_G1_PHASE_AND_G1_S_TRANSITION	-0.25835690252794297			
GSE32901_TH1_VS_TH17_NEG_CD4_TCELL_DN	-0.25835793186460054			
ATATGCA_MIR448	-0.2583714907823318			
GO_NEUTROPHIL_MEDIATED_CYTOTOXICITY	-0.2583715358823374			
GSE7509_DC_VS_MONOCYTE_WITH_FCGRIIB_STIM_UP	-0.25838083505901804			
IPA_ID2_UP	-0.2583925985750891			
MIR5001_3P	-0.2584032525141424			
CROONQUIST_IL6_DEPRIVATION_DN	-0.2584055120184892			
GSE13762_CTRL_VS_125_VITAMIND_DAY12_DC_UP	-0.25840620191536234			
GO_HISTONE_PRE_MRNA_3_END_PROCESSING_COMPLEX	-0.25840930506715015			
BAKKER_FOXO3_TARGETS_UP	-0.2584136224550617			
REACTOME_DISEASES_OF_MISMATCH_REPAIR_MMR	-0.25842296201906195			
GO_CYTOPLASMIC_MRNA_PROCESSING_BODY_ASSEMBLY	-0.25842610204218874			
GO_INOSITOL_PHOSPHATE_METABOLIC_PROCESS	-0.25843337202822136			
GO_NEGATIVE_REGULATION_OF_AMYLOID_BETA_CLEARANCE	-0.2584355211182735			
GSE15324_ELF4_KO_VS_WT_ACTIVATED_CD8_TCELL_DN	-0.2584657241046712			
GSE32034_LY6C_HIGH_VS_LOW_ROSIGLIZATONE_TREATED_MONOCYTE_UP	-0.25847368775827345			
MIR362_5P	-0.2584743234514503			
TOMIDA_LUNG_CANCER_POOR_SURVIVAL	-0.2584779709058275			
MIR4457	-0.25847835902577765			
GO_UBIQUITIN_SPECIFIC_PROTEASE_BINDING	-0.25847878525612916			
GSE5589_WT_VS_IL10_KO_LPS_AND_IL10_STIM_MACROPHAGE_45MIN_DN	-0.2584800243862733			
GO_CALCIUM_ION_IMPORT_INTO_CYTOSOL	-0.25849663969984127			
GO_PHOSPHOLIPID_DEPHOSPHORYLATION	-0.2585076181425849			
MIR2355_3P	-0.25850865290449326			
GO_REGULATION_OF_SYNAPTIC_PLASTICITY	-0.2585102512700311			
MIR6853_3P	-0.2585110117245157			
GSE13547_WT_VS_ZFX_KO_BCELL_ANTI_IGM_STIM_2H_DN	-0.2585195101369845			
GSE5099_DAY3_VS_DAY7_MCSF_TREATED_MACROPHAGE_DN	-0.258524503395474			
GO_GANGLIOSIDE_BIOSYNTHETIC_PROCESS	-0.2585303139999165			
GSE11057_NAIVE_VS_CENT_MEMORY_CD4_TCELL_UP	-0.25853556602136296			
GO_RESPONSE_TO_PARATHYROID_HORMONE	-0.25855015932433867			
IPA_GATA5_UP	-0.25855287033625274			
MIR606	-0.2585618245555037			
GO_ACTIVATION_OF_STORE_OPERATED_CALCIUM_CHANNEL_ACTIVITY	-0.25856251808938796			
ALONSO_METASTASIS_DN	-0.258563333951937			
MIR6882_3P	-0.25856550838621206			
CAMPS_COLON_CANCER_COPY_NUMBER_DN	-0.25856641965000793			
GSE14308_NAIVE_CD4_TCELL_VS_INDUCED_TREG_DN	-0.258569689625672			
CGGAARNGGCNG_UNKNOWN	-0.2585801779967063			
CHOI_ATL_STAGE_PREDICTOR	-0.258593155557972			
IPA_SCXA_UP	-0.2585934071344012			
MIR500B_5P	-0.2585934191664816			
GO_MIDDLE_EAR_MORPHOGENESIS	-0.25859547788406295			
GSE2770_IL12_VS_IL4_TREATED_ACT_CD4_TCELL_2H_UP	-0.2585961696619122			
GSE1566_WT_VS_EZH2_KO_LN_TCELL_UP	-0.2585970385592661			
GSE36392_EOSINOPHIL_VS_MAC_IL25_TREATED_LUNG_DN	-0.25862029020572813			
chr15q26	-0.25863036370043746			
GTGCCAT_MIR183	-0.25863222907213285			
GO_MALE_MEIOSIS_I	-0.2586561048703262			
GO_PHOSPHOLIPID_HOMEOSTASIS	-0.2586581687114051			
MIR1182	-0.25866437533728215			
GSE36078_WT_VS_IL1R_KO_LUNG_DC_AFTER_AD5_INF_DN	-0.2586819399595064			
MCCLUNG_COCAINE_REWARD_5D	-0.2586984576091508			
GO_POSITIVE_REGULATION_OF_NEUROTRANSMITTER_UPTAKE	-0.25871329589427183			
GO_INTERLEUKIN_12_BIOSYNTHETIC_PROCESS	-0.2587183634095801			
MIR6816_3P	-0.25874521097089964			
MIR4517	-0.2587496872184868			
GSE29618_PRE_VS_DAY7_FLU_VACCINE_MONOCYTE_DN	-0.2587584889034121			
GO_REGULATION_OF_CAMP_DEPENDENT_PROTEIN_KINASE_ACTIVITY	-0.2587665588123543			
IPA_RARG_UP	-0.2587751241661144			
MIR34A_5P	-0.25877617159164384			
GSE25088_CTRL_VS_IL4_STIM_STAT6_KO_MACROPHAGE_DN	-0.25877889778032426			
GO_POSITIVE_REGULATION_OF_SYNAPTIC_TRANSMISSION_GABAERGIC	-0.2587803599342801			
BYSTRYKH_SCP2_QTL	-0.2587822945083738			
GO_IONOTROPIC_GLUTAMATE_RECEPTOR_ACTIVITY	-0.2587945250298731			
GO_POSITIVE_REGULATION_OF_MITOCHONDRION_ORGANIZATION	-0.25880177446275415			
GO_POSITIVE_REGULATION_OF_CELL_CYCLE_CHECKPOINT	-0.25881654773572377			
GSE6269_STAPH_AUREUS_VS_STREP_PNEUMO_INF_PBMC_UP	-0.2588199927525755			
GCNP_SHH_UP_LATE.V1_UP	-0.25882035173196416			
GO_INTRINSIC_COMPONENT_OF_ENDOPLASMIC_RETICULUM_MEMBRANE	-0.2588270049119941			
MIR544B	-0.2588423348913034			
GO_PIGMENT_GRANULE	-0.25886427129095446			
MIR4713_5P	-0.25887456406942405			
KEGG_LONG_TERM_POTENTIATION	-0.25887469176013017			
ZNF426_TARGET_GENES	-0.25887821137644895			
chr9p11	-0.25888492149164005			
MIR758_5P	-0.2588962674428435			
GO_RIBONUCLEOPROTEIN_GRANULE	-0.2589073697871353			
GO_MESONEPHRIC_DUCT_DEVELOPMENT	-0.2589100945722294			
GO_REGULATION_OF_INWARD_RECTIFIER_POTASSIUM_CHANNEL_ACTIVITY	-0.2589159708514763			
GO_REGULATION_OF_EXOCYTOSIS	-0.25891812181406954			
MIR7702	-0.25892448571479565			
GO_UBIQUITIN_RECYCLING	-0.2589399783096285			
GO_N_FORMYL_PEPTIDE_RECEPTOR_ACTIVITY	-0.2589403668249043			
MARKS_ACETYLATED_NON_HISTONE_PROTEINS	-0.25894821337440044			
GSE5679_PPARG_LIGAND_ROSIGLITAZONE_VS_ROSIGLITAZONE_AND_RARA_AGONIST_AM580_TREATED_DC_DN	-0.25895829508659435			
ABE_VEGFA_TARGETS_30MIN	-0.25895889739548017			
JIANG_CORE_DUPLICON_GENES	-0.2589673699352593			
DORSAM_HOXA9_TARGETS_UP	-0.25897396751926266			
GO_UV_DAMAGE_EXCISION_REPAIR	-0.2589921771101496			
GO_CELL_CYCLE_DNA_REPLICATION	-0.2590046696062119			
GO_POSITIVE_REGULATION_OF_PROTEIN_MONOUBIQUITINATION	-0.259005062186548			
REACTOME_CAMK_IV_MEDIATED_PHOSPHORYLATION_OF_CREB	-0.2590120313987405			
GO_REGULATION_OF_MUSCLE_SYSTEM_PROCESS	-0.2590283139787072			
GO_BICARBONATE_TRANSPORT	-0.2590303046375661			
MIR208A_3P	-0.2590376966465134			
GO_CELLULAR_RESPONSE_TO_EPINEPHRINE_STIMULUS	-0.2590517185126966			
GO_GONADOTROPIN_SECRETION	-0.25905549031261504			
GSE11924_TH2_VS_TH17_CD4_TCELL_UP	-0.2590569984217983			
DACOSTA_UV_RESPONSE_VIA_ERCC3_COMMON_DN	-0.2590621118605361			
MARTORIATI_MDM4_TARGETS_NEUROEPITHELIUM_UP	-0.2590640468266309			
GSE36392_MAC_VS_NEUTROPHIL_IL25_TREATED_LUNG_UP	-0.2590696822873712			
TEL2_Q6	-0.2590714315733424			
REACTOME_DEFECTIVE_CHST6_CAUSES_MCDC1	-0.25907718728684076			
GO_LIPOPOLYSACCHARIDE_BINDING	-0.25907862505865226			
GO_GATOR1_COMPLEX	-0.259091307977955			
GO_RESPONSE_TO_CELL_CYCLE_CHECKPOINT_SIGNALING	-0.25909590960986917			
HNF3B_01	-0.25909674598202087			
KRAS.AMP.LUNG_UP.V1_DN	-0.259106314344658			
MIR4999_5P	-0.259107796964923			
GO_BLOOD_VESSEL_ENDOTHELIAL_CELL_DIFFERENTIATION	-0.2591144370636768			
KEGG_PATHWAYS_IN_CANCER	-0.2591203305840071			
GSE11057_NAIVE_VS_EFF_MEMORY_CD4_TCELL_UP	-0.2591211392940644			
GO_PLATELET_DENSE_GRANULE_LUMEN	-0.25915235248400526			
FIGUEROA_AML_METHYLATION_CLUSTER_1_UP	-0.25915646242429347			
GO_NEGATIVE_REGULATION_OF_CANONICAL_WNT_SIGNALING_PATHWAY	-0.2591576292080498			
MIR548S	-0.2591627541616332			
GSE14308_TH17_VS_NAIVE_CD4_TCELL_UP	-0.2591713890096936			
BANDRES_RESPONSE_TO_CARMUSTIN_WITHOUT_MGMT_48HR_DN	-0.259172783861448			
MIR4424	-0.25917664554196945			
KRAS.AMP.LUNG_UP.V1_UP	-0.25917926206731445			
GO_NEGATIVE_REGULATION_OF_SYNAPTIC_TRANSMISSION	-0.2591822877807119			
GO_NEURON_CELLULAR_HOMEOSTASIS	-0.25918254355307857			
OHASHI_AURKB_TARGETS	-0.25920658734537333			
IPA_NFKBIB_UP	-0.2592159044617584			
IPA_MYRF_UP	-0.259228958515441			
GO_INTRINSIC_COMPONENT_OF_VACUOLAR_MEMBRANE	-0.25923080500409584			
GSE11924_TFH_VS_TH2_CD4_TCELL_DN	-0.2592315718629552			
MIR4717_3P	-0.25923992663566137			
GO_JUN_KINASE_BINDING	-0.25928059407668336			
CSR_EARLY_UP.V1_UP	-0.2592817370277718			
MIR3139	-0.25928290003732996			
MILICIC_FAMILIAL_ADENOMATOUS_POLYPOSIS_DN	-0.25929142709812963			
GO_POSITIVE_REGULATION_OF_RECEPTOR_CLUSTERING	-0.2592956206838558			
GO_REGULATION_OF_SUPEROXIDE_DISMUTASE_ACTIVITY	-0.2593065310498977			
GSE28408_LY6G_POS_VS_NEG_DC_DN	-0.25931515796131444			
HASLINGER_B_CLL_WITH_6Q21_DELETION	-0.2593165410470304			
GO_NOREPINEPHRINE_SECRETION	-0.2593191410631972			
GSE16385_UNTREATED_VS_12H_ROSIGLITAZONE_IL4_TREATED_MACROPHAGE_UP	-0.259321918681601			
GO_POSITIVE_REGULATION_OF_INTEGRIN_ACTIVATION	-0.2593284141550301			
GO_MUSCLE_MYOSIN_COMPLEX	-0.2593342716389466			
AGTTCTC_MIR146A_MIR146B	-0.25933709826245255			
GO_ANIMAL_ORGAN_REGENERATION	-0.25933982555559176			
GO_ACYLGLYCEROL_TRANSPORT	-0.25936717664215536			
GO_SPLICEOSOMAL_COMPLEX	-0.25936970283039046			
IPA_MYBL1_UP	-0.2593699143114147			
GO_VASCULAR_ASSOCIATED_SMOOTH_MUSCLE_CELL_MIGRATION	-0.25938081712713756			
GO_INTRINSIC_COMPONENT_OF_GOLGI_MEMBRANE	-0.2593935680014541			
GO_CELLULAR_MACROMOLECULE_CATABOLIC_PROCESS	-0.2593948248741355			
GROSS_HIF1A_TARGETS_DN	-0.25939554633325856			
GSE16450_CTRL_VS_IFNA_12H_STIM_MATURE_NEURON_CELL_LINE_DN	-0.25940648966902746			
MULLIGHAN_MLL_SIGNATURE_2_DN	-0.25942613911830176			
BIOCARTA_PLC_PATHWAY	-0.2594318002545397			
GSE17721_0.5H_VS_8H_CPG_BMDC_UP	-0.25943186212303715			
GO_ATP_BIOSYNTHETIC_PROCESS	-0.2594403110644996			
DELYS_THYROID_CANCER_DN	-0.2594667150948446			
MIR598_3P	-0.25947055261228125			
MIR6088	-0.25948009044718834			
GO_SOMATIC_DIVERSIFICATION_OF_IMMUNE_RECEPTORS_VIA_GERMLINE_RECOMBINATION_WITHIN_A_SINGLE_LOCUS	-0.25948060505838794			
GO_AMINE_BIOSYNTHETIC_PROCESS	-0.2594946554370582			
GSE6259_33D1_POS_DC_VS_BCELL_DN	-0.2594958578565608			
GO_P38MAPK_CASCADE	-0.25949626212690335			
GO_STRIATED_MUSCLE_ADAPTATION	-0.25950072099909505			
REACTOME_RHO_GTPASES_ACTIVATE_NADPH_OXIDASES	-0.259502900497999			
GSE2770_TGFB_AND_IL4_VS_TGFB_AND_IL12_TREATED_ACT_CD4_TCELL_2H_DN	-0.25950688924714765			
IPA_SMAD4_UP	-0.2595131199638945			
GSE6269_HEALTHY_VS_FLU_INF_PBMC_UP	-0.25951647925720833			
MIR548I	-0.259518313274931			
DUAN_PRDM5_TARGETS	-0.2595268906943392			
MIR152_3P	-0.2595512465957578			
GSE22103_LPS_VS_GMCSF_AND_IFNG_STIM_NEUTROPHIL_UP	-0.25957220347163146			
GSE46606_UNSTIM_VS_CD40L_IL2_IL5_3DAY_STIMULATED_IRF4MID_SORTED_BCELL_UP	-0.2595922736773467			
GO_RESPONSE_TO_COBALT_ION	-0.25960015342059634			
GSE3982_DC_VS_NKCELL_UP	-0.25960037350601567			
REACTOME_PI_3K_CASCADE_FGFR3	-0.25961600801855084			
IPA_HDAC6_UP	-0.2596214215094905			
LHX4_TARGET_GENES	-0.2596449058777374			
GSE21927_SPLENIC_C26GM_TUMOROUS_VS_BONE_MARROW_MONOCYTES_DN	-0.25965010220817925			
BAKER_HEMATOPOIESIS_STAT3_TARGETS	-0.2596636558790728			
IPA_MEIS1_UP	-0.25967500330328785			
GO_LIPOPROTEIN_LOCALIZATION	-0.2596791802768565			
GO_GTP_DEPENDENT_PROTEIN_BINDING	-0.25968044150698905			
GSE21546_WT_VS_SAP1A_KO_AND_ELK1_KO_ANTI_CD3_STIM_DP_THYMOCYTES_DN	-0.2596827985257194			
GO_NEGATIVE_REGULATION_OF_PROTEIN_CONTAINING_COMPLEX_DISASSEMBLY	-0.25968301169104935			
AFFAR_YY1_TARGETS_DN	-0.25968476541518215			
GSE6090_UNSTIM_VS_DC_SIGN_STIM_DC_DN	-0.2596943688970085			
GO_POSITIVE_REGULATION_OF_ACTIN_NUCLEATION	-0.25970134901116015			
GARCIA_TARGETS_OF_FLI1_AND_DAX1_DN	-0.2597071641091442			
GSE360_HIGH_DOSE_B_MALAYI_VS_M_TUBERCULOSIS_DC_UP	-0.25971191033111257			
CTTTGTA_MIR524	-0.2597262137923545			
GSE34156_TLR1_TLR2_LIGAND_VS_NOD2_AND_TLR1_TLR2_LIGAND_24H_TREATED_MONOCYTE_DN	-0.25972867199126015			
CTTTGCA_MIR527	-0.2597316281339943			
GO_GUANYL_NUCLEOTIDE_BINDING	-0.2597369625513222			
GO_GTP_METABOLIC_PROCESS	-0.2597475878290662			
GO_INTEGRAL_COMPONENT_OF_PRESYNAPTIC_ACTIVE_ZONE_MEMBRANE	-0.25975640864964905			
AMIT_EGF_RESPONSE_40_MCF10A	-0.2597572635220337			
GO_REGULATION_OF_SMALL_GTPASE_MEDIATED_SIGNAL_TRANSDUCTION	-0.25977276478939915			
AGTCTTA_MIR499	-0.25979008816731675			
WANG_RESPONSE_TO_BEXAROTENE_UP	-0.25979592407624225			
GO_REGULATION_OF_SYNAPSE_STRUCTURE_OR_ACTIVITY	-0.2598252356569218			
GO_POSITIVE_REGULATION_OF_PINOCYTOSIS	-0.259838745279491			
MIR4423_3P	-0.2598406753245083			
MIR571	-0.25985055241238175			
MIR1303	-0.259860635560827			
GSE5589_IL6_KO_VS_IL10_KO_LPS_AND_IL6_STIM_MACROPHAGE_45MIN_DN	-0.2598614985152026			
IPA_NR2E3_DN	-0.25986220890660966			
TAVOR_CEBPA_TARGETS_UP	-0.2598825676834453			
KAAB_FAILED_HEART_VENTRICLE_DN	-0.2598924259984049			
IPA_FOXN1_UP	-0.25989507807361983			
GO_AMMONIUM_ION_BINDING	-0.25989532676845023			
SEITZ_NEOPLASTIC_TRANSFORMATION_BY_8P_DELETION_UP	-0.2598954538158195			
RADMACHER_AML_PROGNOSIS	-0.25989912468650955			
GO_C_TERMINAL_PROTEIN_DEGLUTAMYLATION	-0.2599072927377135			
GO_ADHERENS_JUNCTION_MAINTENANCE	-0.25990997615480016			
IPA_FOXF2_DN	-0.25991092982868774			
GSE45365_HEALTHY_VS_MCMV_INFECTION_CD11B_DC_DN	-0.2599117428610929			
GO_ENDOCARDIUM_DEVELOPMENT	-0.25991944996360195			
KEGG_OOCYTE_MEIOSIS	-0.2599274151433982			
LINDGREN_BLADDER_CANCER_CLUSTER_1_DN	-0.25994531897135437			
GO_MUSCLE_CELL_FATE_COMMITMENT	-0.2599455577023335			
GRAHAM_CML_DIVIDING_VS_NORMAL_QUIESCENT_UP	-0.2599622420250064			
GO_BASE_EXCISION_REPAIR_GAP_FILLING	-0.25996912474686307			
IPA_RNF2_DN	-0.2599729067011577			
MIR548AS_5P	-0.2599778219965315			
GO_POSITIVE_REGULATION_OF_INTERLEUKIN_5_PRODUCTION	-0.2599843760274159			
GSE37301_CD4_TCELL_VS_GRANULOCYTE_MONOCYTE_PROGENITOR_UP	-0.2599847008172338			
YAMASHITA_SILENCED_BY_METHYLATION	-0.2599965571658932			
GO_PLASMA_MEMBRANE_RAFT_ASSEMBLY	-0.2600027944181009			
GO_ATG1_ULK1_KINASE_COMPLEX	-0.26000427239921475			
GO_CELLULAR_RESPONSE_TO_MINERALOCORTICOID_STIMULUS	-0.2600093617575332			
REACTOME_REGULATION_OF_KIT_SIGNALING	-0.2600115380391718			
GSE3982_MAST_CELL_VS_TH1_UP	-0.2600145249494831			
MIR449B_5P	-0.26001664896526283			
GO_RESPONSE_TO_VITAMIN	-0.2600192332602955			
GO_VITAMIN_TRANSPORT	-0.26003332635827703			
GO_PRI_MIRNA_TRANSCRIPTION_BY_RNA_POLYMERASE_II	-0.2600373587771955			
YU_BAP1_TARGETS	-0.260051172263232			
MIR4653_3P	-0.26005552235384993			
GO_MESODERMAL_CELL_DIFFERENTIATION	-0.2600574010270837			
SNACANNNYSYAGA_UNKNOWN	-0.2600616045947402			
MIR127_3P	-0.26006174710658714			
HP1SITEFACTOR_Q6	-0.260065630904291			
GO_NEGATIVE_REGULATION_OF_AXON_GUIDANCE	-0.2600679221319041			
GSE20727_H2O2_VS_ROS_INHIBITOR_TREATED_DC_DN	-0.26007527386668294			
MIR548A_5P	-0.260101733271386			
GO_PROTEIN_MONOUBIQUITINATION	-0.26010206732830743			
MIR548BB_5P	-0.2601055588008484			
GSE45365_CD8A_DC_VS_CD11B_DC_IFNAR_KO_UP	-0.26011539172296344			
IPA_FOXE3_UP	-0.2601184793407391			
PID_MYC_ACTIV_PATHWAY	-0.26012122649905495			
REACTOME_DAG_AND_IP3_SIGNALING	-0.26012359627375037			
BIOCARTA_SKP2E2F_PATHWAY	-0.26012413552029134			
GSE15659_NAIVE_CD4_TCELL_VS_RESTING_TREG_UP	-0.260134085858038			
ZNF555_TARGET_GENES	-0.26013769288619415			
MIR4743_3P	-0.26013945038537384			
GO_CONDENSED_NUCLEAR_CHROMOSOME_CENTROMERIC_REGION	-0.2601481764289408			
MIR3612	-0.26014909630901545			
GO_LYMPHATIC_ENDOTHELIAL_CELL_DIFFERENTIATION	-0.2601501038185116			
FUNG_IL2_SIGNALING_2	-0.2601613880948857			
MIKKELSEN_NPC_LCP_WITH_H3K4ME3	-0.2601773643592042			
SENESE_HDAC2_TARGETS_DN	-0.2601829145627753			
GO_DNA_DEALKYLATION	-0.260190711418465			
GSE339_EX_VIVO_VS_IN_CULTURE_CD4POS_DC_DN	-0.2602028183954157			
GO_PURINE_CONTAINING_COMPOUND_CATABOLIC_PROCESS	-0.26020693160334873			
GO_APICAL_PROTEIN_LOCALIZATION	-0.26021291027453786			
MIR1304_5P	-0.2602148466829589			
EGUCHI_CELL_CYCLE_RB1_TARGETS	-0.2602260781412667			
GSE46468_LUNG_INNATE_LYMPHOID_CELL_VS_SPLEEN_CD4_TCELL_DN	-0.2602460693144241			
GO_NEURON_RECOGNITION	-0.26027393555449085			
REACTOME_CA2_PATHWAY	-0.26029638143989814			
GRADE_COLON_AND_RECTAL_CANCER_DN	-0.2603016569222794			
GO_CELLULAR_RESPONSE_TO_REACTIVE_OXYGEN_SPECIES	-0.26030585159145236			
GSE17721_LPS_VS_POLYIC_16H_BMDC_DN	-0.260309473344128			
MIR3156_3P	-0.2603163971294928			
GO_CALCINEURIN_COMPLEX	-0.2603200732135913			
GO_OXIDOREDUCTASE_ACTIVITY_ACTING_ON_THE_CH_NH2_GROUP_OF_DONORS	-0.26034227504875307			
IPA_TFCP2_UP	-0.2603490297213287			
GO_PINOSOME	-0.2603512067217522			
GSE41867_DAY8_VS_DAY15_LCMV_ARMSTRONG_EFFECTOR_CD8_TCELL_DN	-0.260357254927544			
MIR5590_5P	-0.2603625250625466			
chr1p11	-0.26038349423186957			
FURUKAWA_DUSP6_TARGETS_PCI35_DN	-0.2603880320784285			
GARGALOVIC_RESPONSE_TO_OXIDIZED_PHOSPHOLIPIDS_TAN_DN	-0.260395351200691			
GO_UNCONVENTIONAL_MYOSIN_COMPLEX	-0.2603968580512186			
DOT1L_TARGET_GENES	-0.26040305735996677			
MEIS1_01	-0.2604142081690787			
IPA_TRRAP_UP	-0.26043364383172857			
GSE32986_GMCSF_VS_GMCSF_AND_CURDLAN_HIGHDOSE_STIM_DC_UP	-0.2604356613661054			
GO_SPECIFICATION_OF_ANIMAL_ORGAN_IDENTITY	-0.26043798443950206			
GO_NEGATIVE_REGULATION_OF_BLOOD_VESSEL_DIAMETER	-0.26044604861438064			
GSE17721_CPG_VS_GARDIQUIMOD_2H_BMDC_DN	-0.2604502484065268			
GSE15330_WT_VS_IKAROS_KO_MEGAKARYOCYTE_ERYTHROID_PROGENITOR_DN	-0.260453789264857			
MIR548AP_5P_MIR548J_5P	-0.26046583423719244			
GO_CONTRACTILE_ACTIN_FILAMENT_BUNDLE_ASSEMBLY	-0.26047536025669615			
MIR148B_3P	-0.2604913209218799			
REACTOME_ACTIVATED_NTRK2_SIGNALS_THROUGH_CDK5	-0.2604942522745708			
YANG_BREAST_CANCER_ESR1_DN	-0.26049463314122123			
GSE17721_4H_VS_24H_POLYIC_BMDC_DN	-0.26050166518452983			
GO_NEGATIVE_REGULATION_OF_OXIDATIVE_STRESS_INDUCED_NEURON_DEATH	-0.26051296685442416			
GSE27786_CD4_TCELL_VS_ERYTHTROBLAST_UP	-0.2605277595424623			
HIRSCH_CELLULAR_TRANSFORMATION_SIGNATURE_DN	-0.26053713432271636			
GO_SUMO_SPECIFIC_PROTEASE_ACTIVITY	-0.260549869524407			
IPA_FOXF2_UP	-0.2605510223245885			
GSE36078_UNTREATED_VS_AD5_INF_IL1R_KO_MOUSE_LUNG_DC_UP	-0.26055205808724624			
CHEN_LVAD_SUPPORT_OF_FAILING_HEART_UP	-0.260556169805484			
GSE45365_CTRL_VS_MCMV_INFECTION_NK_CELL_UP	-0.2605626571140897			
GSE34156_NOD2_LIGAND_VS_TLR1_TLR2_LIGAND_24H_TREATED_MONOCYTE_DN	-0.2605851005626045			
GO_POSITIVE_REGULATION_OF_CATABOLIC_PROCESS	-0.26059080523161116			
IPA_CTNNB1_UP	-0.26059835424146777			
REACTOME_CLEC7A_DECTIN_1_INDUCES_NFAT_ACTIVATION	-0.26059995929820107			
MIR1251_3P	-0.2606459243311659			
MYLLYKANGAS_AMPLIFICATION_HOT_SPOT_23	-0.2606722695655373			
GO_POSITIVE_REGULATION_OF_CALCIUM_ION_TRANSMEMBRANE_TRANSPORTER_ACTIVITY	-0.26067346500442246			
GO_ACTIN_NUCLEATION	-0.26068250503134943			
IPA_SCXA_DN	-0.26068462946526894			
GSE45739_UNSTIM_VS_ACD3_ACD28_STIM_NRAS_KO_CD4_TCELL_UP	-0.26068808930079546			
GO_POSITIVE_REGULATION_OF_SMAD_PROTEIN_SIGNAL_TRANSDUCTION	-0.26068967977682644			
GO_AMYLOID_BETA_CLEARANCE	-0.2606969192512145			
GO_PIGMENTATION	-0.26069900372455607			
GO_PROSTAGLANDIN_TRANSPORT	-0.2607101108715972			
IPA_DMTF1_UP	-0.26071555047064593			
GO_CRANIOFACIAL_SUTURE_MORPHOGENESIS	-0.2607163738673878			
IPA_GATA2_DN	-0.2607238904929038			
KEGG_ENDOMETRIAL_CANCER	-0.26074585099063524			
GO_STEM_CELL_FATE_COMMITMENT	-0.2607585954907306			
MIR4786_5P	-0.2607609819256509			
LU_AGING_BRAIN_UP	-0.26077852131829327			
chr5q21	-0.2607893321351958			
GSE44649_NAIVE_VS_ACTIVATED_CD8_TCELL_MIR155_KO_UP	-0.2607904501726039			
GO_NEGATIVE_REGULATION_OF_ERK1_AND_ERK2_CASCADE	-0.26079324329590114			
IPA_PAX7_DN	-0.2607988661442893			
GO_FOREBRAIN_DEVELOPMENT	-0.2608001473367777			
GSE25123_IL4_VS_IL4_AND_ROSIGLITAZONE_STIM_PPARG_KO_MACROPHAGE_DAY10_UP	-0.26082732014433563			
MIR3150A_3P	-0.2608361391492352			
GSE19198_CTRL_VS_IL21_TREATED_TCELL_1H_UP	-0.26083802834170294			
GSE14000_TRANSLATED_RNA_VS_MRNA_16H_LPS_DC_DN	-0.26084592168448734			
GSE10325_LUPUS_CD4_TCELL_VS_LUPUS_MYELOID_UP	-0.2608702243896383			
MIR1233_5P	-0.2608911204285813			
GSE11961_MARGINAL_ZONE_BCELL_VS_MEMORY_BCELL_DAY40_UP	-0.2608974004486139			
HONMA_DOCETAXEL_RESISTANCE	-0.2609026143029072			
HO_LIVER_CANCER_VASCULAR_INVASION	-0.26092608907019926			
GSE41867_NAIVE_VS_DAY8_LCMV_ARMSTRONG_EFFECTOR_CD8_TCELL_DN	-0.26093432906776687			
GO_REGULATION_OF_LIPOPHAGY	-0.260934661478287			
IKEDA_MIR30_TARGETS_DN	-0.2609402123754139			
GO_GLYCOSYL_COMPOUND_BIOSYNTHETIC_PROCESS	-0.2609690881432981			
GO_SMALL_MOLECULE_SENSOR_ACTIVITY	-0.26098206506420296			
TONKS_TARGETS_OF_RUNX1_RUNX1T1_FUSION_ERYTHROCYTE_DN	-0.2609866032227635			
GO_NEGATIVE_REGULATION_OF_LAMELLIPODIUM_ORGANIZATION	-0.2609988677190197			
GO_REGULATION_OF_MESODERMAL_CELL_FATE_SPECIFICATION	-0.2610049692598583			
GO_NEGATIVE_REGULATION_OF_LEUKOCYTE_ADHESION_TO_VASCULAR_ENDOTHELIAL_CELL	-0.2610144201330676			
HOLLERN_ADENOMYOEPITHELIAL_BREAST_TUMOR	-0.261017650570827			
GO_NUCLEAR_MATRIX	-0.2610228908805042			
GO_REGULATION_OF_CELLULAR_AMINO_ACID_METABOLIC_PROCESS	-0.2610262871079097			
PAL_PRMT5_TARGETS_UP	-0.261033248267803			
ATACTGT_MIR144	-0.261049952340344			
EPPERT_CE_HSC_LSC	-0.26107606762593966			
MIR6750_3P	-0.2610924733544507			
GO_REGULATION_OF_POSTSYNAPTIC_MEMBRANE_ORGANIZATION	-0.26109531358832205			
GO_REGULATION_OF_NEUTROPHIL_ACTIVATION	-0.2610967362804684			
GSE24634_IL4_VS_CTRL_TREATED_NAIVE_CD4_TCELL_DAY7_UP	-0.2611010632225052			
MIR4652_3P	-0.26110327424934443			
TGTYNNNNNRGCARM_UNKNOWN	-0.26110606574082296			
MIR449A	-0.2611076991769909			
MIR4284	-0.26110823593155447			
MIR7515	-0.2611199831143116			
GO_CELLULAR_RESPONSE_TO_ABIOTIC_STIMULUS	-0.2611305344547339			
GO_SPERM_EJACULATION	-0.2611310238873432			
TET1_Splice_Variant_VP_DE456_TARGET_GENES	-0.26113167441699303			
GO_ERYTHROCYTE_DEVELOPMENT	-0.26113805603761087			
GSE41867_DAY15_EFFECTOR_VS_DAY30_MEMORY_CD8_TCELL_LCMV_ARMSTRONG_DN	-0.26114294851831815			
GO_OUTFLOW_TRACT_SEPTUM_MORPHOGENESIS	-0.26115330101795187			
MIR513B_5P	-0.26115344762414394			
BAKER_HEMATOPOESIS_STAT1_TARGETS	-0.261156938734609			
PEPPER_CHRONIC_LYMPHOCYTIC_LEUKEMIA_DN	-0.2611580686098164			
MIR4662A_5P	-0.261165434595099			
GO_POSITIVE_REGULATION_OF_COMPLEMENT_ACTIVATION	-0.261166171330368			
MIR602	-0.26117068787154946			
MIR3662	-0.2611707549630614			
GO_REGULATION_OF_SKELETAL_MUSCLE_CELL_DIFFERENTIATION	-0.26118021104976985			
GO_F_ACTIN_CAPPING_PROTEIN_COMPLEX	-0.2611893994571229			
GO_REGULATION_OF_MACROPHAGE_DERIVED_FOAM_CELL_DIFFERENTIATION	-0.26120902381537164			
GSE360_L_MAJOR_VS_M_TUBERCULOSIS_DC_DN	-0.2612094323099197			
MIR6751_3P	-0.2612102923877369			
LET_7E_3P	-0.2612169119324752			
REACTOME_INTRA_GOLGI_TRAFFIC	-0.2612248865332617			
GO_CALCINEURIN_MEDIATED_SIGNALING	-0.2612352687865991			
IPA_IRF6_UP	-0.2612361653858416			
GO_ANTEROGRADE_DENDRITIC_TRANSPORT	-0.2612488725241913			
GO_OTHER_ORGANISM_PART	-0.2612520742708963			
ZHONG_SECRETOME_OF_LUNG_CANCER_AND_ENDOTHELIUM	-0.26125272130224003			
GSE3982_NEUTROPHIL_VS_BCELL_DN	-0.26125834176755336			
GO_PHOSPHATIDYLINOSITOL_3_KINASE_REGULATOR_ACTIVITY	-0.26125927917478425			
GO_MUCOSAL_ASSOCIATED_LYMPHOID_TISSUE_DEVELOPMENT	-0.26126234313408025			
GO_REGULATION_OF_INTRACELLULAR_TRANSPORT	-0.26126786738342667			
GO_ELONGATOR_HOLOENZYME_COMPLEX	-0.2612707870881296			
REACTOME_CREB1_PHOSPHORYLATION_THROUGH_THE_ACTIVATION_OF_ADENYLATE_CYCLASE	-0.2612735190934026			
AAGCACA_MIR218	-0.26127492948044057			
GO_VAGINA_DEVELOPMENT	-0.26131637973352884			
GSE21670_TGFB_VS_TGFB_AND_IL6_TREATED_STAT3_KO_CD4_TCELL_DN	-0.26132046341092796			
TAKEDA_TARGETS_OF_NUP98_HOXA9_FUSION_10D_DN	-0.26133765937966186			
GO_SUPERCOILED_DNA_BINDING	-0.2613521608851471			
GO_A_BAND	-0.2613528975899781			
GO_GLIAL_CELL_DIFFERENTIATION	-0.2613533095110982			
IPA_SP7_UP	-0.2613574150505954			
MIZUKAMI_HYPOXIA_DN	-0.2613595662252556			
GSE24142_DN2_VS_DN3_THYMOCYTE_DN	-0.261373422701843			
PARENT_MTOR_SIGNALING_DN	-0.2613791456575521			
GO_JUXTAPARANODE_REGION_OF_AXON	-0.2613843822806916			
GSE9509_10MIN_VS_30MIN_LPS_AND_IL10_STIM_IL10_KO_MACROPHAGE_UP	-0.26138538315125287			
KANNAN_TP53_TARGETS_DN	-0.2614006829790603			
GO_TELENCEPHALON_DEVELOPMENT	-0.2614102001256194			
GO_DORSAL_ROOT_GANGLION_DEVELOPMENT	-0.26141560837780203			
GO_METANEPHRIC_RENAL_VESICLE_MORPHOGENESIS	-0.2614186307771235			
MIR151A_5P_MIR151B	-0.26142907732304294			
GO_CHROMATIN_ASSEMBLY_OR_DISASSEMBLY	-0.2614354222177921			
GO_VESICLE_FUSION_WITH_GOLGI_APPARATUS	-0.26144073149330516			
GO_DNA_RECOMBINATION	-0.26144824219908			
ILK_TARGET_GENES	-0.26146735117271297			
MIR219B_5P	-0.2614706963795069			
KONG_E2F3_TARGETS	-0.26147359810140935			
MIR101_5P	-0.2614772583281396			
GO_NEGATIVE_REGULATION_OF_MOLECULAR_FUNCTION_IN_OTHER_ORGANISM	-0.26148195961582316			
GO_DISRUPTION_OF_CELLS_OF_OTHER_ORGANISM_INVOLVED_IN_SYMBIOTIC_INTERACTION	-0.2614858266148493			
GO_REGULATION_OF_JUN_KINASE_ACTIVITY	-0.2614955927809233			
MIR34C_5P	-0.2614974350973235			
GO_HSP90_PROTEIN_BINDING	-0.26150273741866115			
GSE369_PRE_VS_POST_IL6_INJECTION_IFNG_KO_LIVER_DN	-0.2615082771386083			
GSE2770_UNTREATED_VS_TGFB_AND_IL12_TREATED_ACT_CD4_TCELL_6H_UP	-0.26152408156140683			
GO_SYNAPTIC_VESICLE_PRIMING	-0.26152890921560845			
IPA_ZBTB17_DN	-0.2615374015819441			
IPA_ZBTB17_UP	-0.2615374015819441			
BIOCARTA_D4GDI_PATHWAY	-0.26155040670896423			
GO_BETA_2_MICROGLOBULIN_BINDING	-0.26155344971832095			
GO_HYDROLASE_ACTIVITY_ACTING_ON_CARBON_NITROGEN_BUT_NOT_PEPTIDE_BONDS_IN_CYCLIC_AMIDES	-0.26159795967160615			
GO_FOREBRAIN_MORPHOGENESIS	-0.2616015699446903			
CCAWNWWNNNGGC_UNKNOWN	-0.26160513595515933			
GAVIN_FOXP3_TARGETS_CLUSTER_P2	-0.2616086473418123			
REACTOME_RUNX1_REGULATES_ESTROGEN_RECEPTOR_MEDIATED_TRANSCRIPTION	-0.26161135759624915			
GO_VACUOLAR_PROTON_TRANSPORTING_V_TYPE_ATPASE_COMPLEX	-0.2616188832136521			
GO_HEMATOPOIETIC_PROGENITOR_CELL_DIFFERENTIATION	-0.26162369938871965			
GSE20727_DNFB_ALLERGEN_VS_ROS_INH_AND_DNFB_ALLERGEN_TREATED_DC_DN	-0.2616325869244075			
GO_CHROMOSOME_PASSENGER_COMPLEX	-0.261635671414941			
GO_FAT_SOLUBLE_VITAMIN_BIOSYNTHETIC_PROCESS	-0.26163775123445904			
chr3p22	-0.2616382907672226			
GO_CELLULAR_RESPONSE_TO_THYROID_HORMONE_STIMULUS	-0.26164186189264044			
GO_N_ACETYLGALACTOSAMINE_4_O_SULFOTRANSFERASE_ACTIVITY	-0.261647013914839			
REACTOME_G_PROTEIN_MEDIATED_EVENTS	-0.26165177968668973			
GO_FRUCTOSE_TRANSMEMBRANE_TRANSPORT	-0.26165631500821085			
GO_PRESPLICEOSOME	-0.2616623106824613			
GO_POSITIVE_REGULATION_OF_AXONOGENESIS	-0.26166658158679507			
GSE3982_BASOPHIL_VS_EFF_MEMORY_CD4_TCELL_DN	-0.2616757722339505			
GO_PHOSPHATIDYLCHOLINE_TRANSPORTER_ACTIVITY	-0.2616835657205972			
MIR596	-0.2616978810411994			
DANG_MYC_TARGETS_DN	-0.2616999885620267			
GO_POSITIVE_REGULATION_OF_ACTIN_FILAMENT_POLYMERIZATION	-0.26170262297953134			
GSE17721_PAM3CSK4_VS_CPG_6H_BMDC_UP	-0.2617053470835402			
CCAGGGG_MIR331	-0.26171205722120494			
GSE17721_POLYIC_VS_PAM3CSK4_24H_BMDC_DN	-0.2617194442700976			
GO_PLATELET_ACTIVATING_FACTOR_METABOLIC_PROCESS	-0.26172022510759135			
REACTOME_SODIUM_COUPLED_PHOSPHATE_COTRANSPORTERS	-0.26172216325111425			
REACTOME_CD28_CO_STIMULATION	-0.26173035653808224			
MIR3123	-0.2617340822729439			
BIOCARTA_EXTRINSIC_PATHWAY	-0.26174528027363736			
GO_POSITIVE_REGULATION_OF_COAGULATION	-0.2617456170933674			
WEBER_METHYLATED_ICP_IN_SPERM_DN	-0.26175101269249673			
GSE4984_GALECTIN1_VS_LPS_STIM_DC_UP	-0.26175663446936115			
IPA_SOX10_UP	-0.2617658517842349			
SRY_02	-0.2617697418492199			
GO_REGULATION_OF_MEMBRANE_INVAGINATION	-0.2617735801702471			
GO_CARGO_RECEPTOR_ACTIVITY	-0.26177400850331406			
ACTGTAG_MIR139	-0.2617810923915509			
MIR629_5P	-0.26178902726565934			
GO_NEGATIVE_REGULATION_OF_GENE_SILENCING	-0.26180506867227316			
GSE27786_CD4_TCELL_VS_NKTCELL_DN	-0.2618188634846506			
MIR6736_5P	-0.261844071930927			
GO_POST_MRNA_RELEASE_SPLICEOSOMAL_COMPLEX	-0.2618445609102928			
GO_REGULATION_OF_HISTONE_H3_K36_METHYLATION	-0.2618502256962813			
IPA_IKZF4_UP	-0.2618581185755614			
IPA_IKZF3_DN	-0.2618581185755614			
GO_NEGATIVE_REGULATION_OF_CYTOSOLIC_CALCIUM_ION_CONCENTRATION	-0.2618624411966868			
LIU_IL13_PRIMING_MODEL	-0.2618669176329586			
MIR126_5P	-0.2619018637817173			
MIR6755_3P	-0.2619024165543603			
GSE32901_TH17_EMRICHED_VS_TH17_NEG_CD4_TCELL_UP	-0.2619124004507737			
GO_DETERMINATION_OF_HEART_LEFT_RIGHT_ASYMMETRY	-0.26193675610172995			
GSE22886_TCELL_VS_BCELL_NAIVE_DN	-0.2619402217213372			
GO_POSITIVE_REGULATION_OF_TAU_PROTEIN_KINASE_ACTIVITY	-0.2619625654346652			
GSE41176_UNSTIM_VS_ANTI_IGM_STIM_TAK1_KO_BCELL_24H_UP	-0.2619697606695696			
HDAC4_TARGET_GENES	-0.2619802057291273			
MIR2467_5P	-0.2619803120486188			
GSE3982_EFF_MEMORY_VS_CENT_MEMORY_CD4_TCELL_UP	-0.26199274448644005			
REACTOME_EXTRA_NUCLEAR_ESTROGEN_SIGNALING	-0.2619988179934031			
GO_TASTE_RECEPTOR_ACTIVITY	-0.2620163755984323			
GO_TRANSLATION_INITIATION_FACTOR_BINDING	-0.26202002284348114			
VALK_AML_CLUSTER_16	-0.2620215704987608			
RB_DN.V1_DN	-0.2620330930206927			
REACTOME_ROLE_OF_PHOSPHOLIPIDS_IN_PHAGOCYTOSIS	-0.26203429268002004			
KOKKINAKIS_METHIONINE_DEPRIVATION_96HR_UP	-0.2620441685354686			
FIGUEROA_AML_METHYLATION_CLUSTER_7_DN	-0.2620495564878325			
GO_POSITIVE_REGULATION_OF_PHAGOCYTOSIS_ENGULFMENT	-0.26205789706767807			
GO_COENZYME_TRANSMEMBRANE_TRANSPORTER_ACTIVITY	-0.2620583337024768			
MIR4659A_3P_MIR4659B_3P	-0.26206488768064246			
PID_AR_NONGENOMIC_PATHWAY	-0.2620755626904442			
MORI_IMMATURE_B_LYMPHOCYTE_DN	-0.2620771788373916			
GSE45365_WT_VS_IFNAR_KO_CD8A_DC_UP	-0.26207913886746065			
BIOCARTA_SET_PATHWAY	-0.2620817850252165			
chr16q24	-0.2621065743985752			
GSE17721_LPS_VS_POLYIC_12H_BMDC_UP	-0.2621150751534673			
GSE10500_ARTHRITIC_SYNOVIAL_FLUID_VS_HEALTHY_MACROPHAGE_UP	-0.26212113964235695			
GSE35435_RESTING_VS_IL4_TREATED_MACROPHAGE_UP	-0.26212189746416686			
REACTOME_RELEASE_OF_APOPTOTIC_FACTORS_FROM_THE_MITOCHONDRIA	-0.2621423950643493			
GO_REGULATION_OF_SUPRAMOLECULAR_FIBER_ORGANIZATION	-0.26215362838838124			
MIR3200_5P	-0.2621679339735099			
GSE42021_TREG_PLN_VS_CD24HI_TREG_THYMUS_DN	-0.2621713366298895			
REACTOME_IKBA_VARIANT_LEADS_TO_EDA_ID	-0.2621741218303689			
GSE14308_TH2_VS_TH1_UP	-0.262174580904691			
MIR215_3P	-0.2622006010937099			
GSE29949_MICROGLIA_BRAIN_VS_MONOCYTE_BONE_MARROW_UP	-0.2622018667538835			
IPA_RAX_UP	-0.2622125209086624			
MEIS1AHOXA9_01	-0.26221963927735636			
GO_LEUKOTRIENE_SIGNALING_PATHWAY	-0.2622297239196599			
IPA_LITAF_DN	-0.2622302752453286			
GO_POSITIVE_REGULATION_OF_NEUROBLAST_PROLIFERATION	-0.26223318775123483			
WILLIAMS_ESR2_TARGETS_DN	-0.2622347329737465			
KEGG_PANTOTHENATE_AND_COA_BIOSYNTHESIS	-0.26223620826039595			
GO_FEMALE_PREGNANCY	-0.26223822642245964			
IPA_SPIC_DN	-0.262245317313391			
chr4p12	-0.2622566939992972			
SHIN_B_CELL_LYMPHOMA_CLUSTER_2	-0.2622649718643414			
MIR4632_5P	-0.2622669817327664			
REACTOME_INLB_MEDIATED_ENTRY_OF_LISTERIA_MONOCYTOGENES_INTO_HOST_CELL	-0.262285184433169			
REACTOME_HIV_TRANSCRIPTION_INITIATION	-0.26231327263151527			
GO_NEGATIVE_REGULATION_OF_STRIATED_MUSCLE_CONTRACTION	-0.26232984233406764			
BAELDE_DIABETIC_NEPHROPATHY_UP	-0.26233361459511434			
HOLLEMAN_VINCRISTINE_RESISTANCE_ALL_UP	-0.26233965208408283			
GO_PHOSPHATIDYLGLYCEROL_BINDING	-0.26234584743452893			
MIR223_5P	-0.2623561265627338			
MIR132_5P	-0.26235891846251147			
GO_NEGATIVE_REGULATION_OF_SODIUM_ION_TRANSPORT	-0.2623597501677961			
NERF_Q2	-0.26237049841427046			
SU_SALIVARY_GLAND	-0.26237896447643516			
GO_REGULATION_OF_SULFUR_METABOLIC_PROCESS	-0.2623812659354976			
RATTENBACHER_BOUND_BY_CELF1	-0.26239143002950743			
GSE9960_GRAM_NEG_VS_GRAM_POS_SEPSIS_PBMC_DN	-0.26239789422457416			
REACTOME_LEUKOTRIENE_RECEPTORS	-0.26240430158036504			
REACTOME_SCAVENGING_BY_CLASS_A_RECEPTORS	-0.262408422603876			
MIR656_3P	-0.26241077558705406			
GO_PHOSPHATIDYLINOSITOL_3_4_5_TRISPHOSPHATE_BINDING	-0.26242652443644937			
GO_SMALL_GTPASE_MEDIATED_SIGNAL_TRANSDUCTION	-0.26243469407560915			
GO_PEPTIDYL_TYROSINE_AUTOPHOSPHORYLATION	-0.26243578870848344			
GO_FOREBRAIN_VENTRICULAR_ZONE_PROGENITOR_CELL_DIVISION	-0.26244838073426713			
GO_UBIQUITIN_LIKE_MODIFIER_ACTIVATING_ENZYME_ACTIVITY	-0.26244866074838424			
GO_CELLULAR_RESPONSE_TO_MANGANESE_ION	-0.2624558911866686			
GO_REGULATION_OF_FLAGELLATED_SPERM_MOTILITY	-0.26245836143782864			
IPA_MTA1_UP	-0.2624791043740575			
GSE22935_24H_VS_48H_MBOVIS_BCG_STIM_MACROPHAGE_DN	-0.26248847072781384			
GO_PEROXISOME_PROLIFERATOR_ACTIVATED_RECEPTOR_BINDING	-0.26249131481541466			
GO_RENAL_RESPONSE_TO_BLOOD_FLOW_INVOLVED_IN_CIRCULATORY_RENIN_ANGIOTENSIN_REGULATION_OF_SYSTEMIC_ARTERIAL_BLOOD_PRESSURE	-0.26249578673283464			
GO_POSITIVE_REGULATION_OF_ATTACHMENT_OF_SPINDLE_MICROTUBULES_TO_KINETOCHORE	-0.26250841752609366			
GO_REACTIVE_OXYGEN_SPECIES_BIOSYNTHETIC_PROCESS	-0.26251074700513344			
IPA_CDK9_UP	-0.26255288548560474			
MIR4645_3P	-0.26255697340220446			
GO_TRANSCRIPTION_EXPORT_COMPLEX	-0.2625572619321952			
GO_BICARBONATE_TRANSMEMBRANE_TRANSPORTER_ACTIVITY	-0.262558752584738			
GSE40274_CTRL_VS_FOXP3_AND_SATB1_TRANSDUCED_ACTIVATED_CD4_TCELL_DN	-0.26256847678774947			
MIR5010_3P	-0.2625690013819247			
GO_WOUND_HEALING_SPREADING_OF_EPIDERMAL_CELLS	-0.26258072702543017			
GO_CHEMOKINE_ACTIVITY	-0.2625890693633187			
IPA_NRF1_DN	-0.26261143969526246			
GO_REGULATION_OF_RECEPTOR_CLUSTERING	-0.2626159732975759			
GSE2405_0H_VS_24H_A_PHAGOCYTOPHILUM_STIM_NEUTROPHIL_DN	-0.26265265028561374			
GSE41978_WT_VS_BIM_KO_KLRG1_LOW_EFFECTOR_CD8_TCELL_DN	-0.2626805739326955			
GO_ESTABLISHMENT_OF_VIRAL_LATENCY	-0.2627181303007101			
GO_EXTRINSIC_COMPONENT_OF_PLASMA_MEMBRANE	-0.26272034075547124			
IPA_KAT2B_DN	-0.26274681018163465			
GO_PROTEIN_REPAIR	-0.2627612200139803			
MAHADEVAN_IMATINIB_RESISTANCE_DN	-0.2627758628985058			
VALK_AML_WITH_11Q23_REARRANGED	-0.26278160392476213			
GSE29164_UNTREATED_VS_CD8_TCELL_TREATED_MELANOMA_DAY3_UP	-0.2627878772297643			
CHICAS_RB1_TARGETS_GROWING	-0.26278921588587584			
GSE20715_WT_VS_TLR4_KO_LUNG_UP	-0.2628022641762882			
GSE411_WT_VS_SOCS3_KO_MACROPHAGE_IL6_STIM_400MIN_DN	-0.26280612473954734			
GO_BEHAVIORAL_RESPONSE_TO_ETHANOL	-0.26281211259376713			
GSE4984_GALECTIN1_VS_VEHICLE_CTRL_TREATED_DC_UP	-0.2628206892994015			
GSE27786_NKCELL_VS_MONO_MAC_DN	-0.26282269705621125			
GSE360_T_GONDII_VS_B_MALAYI_LOW_DOSE_DC_DN	-0.2628433430969487			
GSE16451_IMMATURE_VS_MATURE_NEURON_CELL_LINE_WEST_EQUINE_ENC_VIRUS_UP	-0.2628458138373792			
REACTOME_SIGNALING_BY_NODAL	-0.2628601686945723			
PDGF_ERK_DN.V1_UP	-0.26287452031100866			
GO_ORGAN_INDUCTION	-0.2628836675306891			
GO_AXON_EXTENSION	-0.262911177405086			
IPA_FOXJ1_UP	-0.26293549243830316			
MIR6792_3P	-0.2629359686895049			
GO_POSITIVE_REGULATION_OF_ATPASE_ACTIVITY	-0.26293607326205104			
GSE45365_HEALTHY_VS_MCMV_INFECTION_CD11B_DC_IFNAR_KO_DN	-0.2629389146989884			
GO_RESPONSE_TO_ABIOTIC_STIMULUS	-0.2629517332361215			
GSE6259_DEC205_POS_DC_VS_CD8_TCELL_DN	-0.26295728656354594			
GO_PROGRAMMED_CELL_DEATH_INVOLVED_IN_CELL_DEVELOPMENT	-0.26296146380677543			
GO_RESPONSE_TO_AMMONIUM_ION	-0.2629696246886109			
MIR764	-0.2629886234448218			
REACTOME_AMINO_ACIDS_REGULATE_MTORC1	-0.26299565732604746			
GO_POSITIVE_REGULATION_OF_RECEPTOR_MEDIATED_ENDOCYTOSIS	-0.2630002990486122			
GSE2585_THYMIC_DC_VS_MTEC_DN	-0.2630041554446389			
GSE2770_IL12_AND_TGFB_ACT_VS_ACT_CD4_TCELL_2H_UP	-0.2630083852855711			
SCIBETTA_KDM5B_TARGETS_UP	-0.26301669088757385			
MIR6790_3P	-0.2630262870417625			
REACTOME_ORGANIC_CATION_ANION_ZWITTERION_TRANSPORT	-0.26303045877414166			
SMID_BREAST_CANCER_BASAL_UP	-0.26304881415175096			
IPA_KDM8_DN	-0.263050900398978			
GO_FIBRINOGEN_COMPLEX	-0.2630540553204155			
MIR7845_5P	-0.26307078427902153			
GO_REGULATION_OF_CELLULAR_PROTEIN_LOCALIZATION	-0.2630724355931848			
GSE10211_UV_INACT_SENDAI_VS_LIVE_SENDAI_VIRUS_TRACHEAL_EPITHELIAL_CELLS_DN	-0.26307678541816015			
MIR3618	-0.2630808027083261			
MIR4691_5P	-0.2630846478140446			
BIOCARTA_BARR_MAPK_PATHWAY	-0.26308576898750147			
GO_ORIGIN_RECOGNITION_COMPLEX	-0.2630889123137632			
BIOCARTA_HSWI_SNF_PATHWAY	-0.2630923726957951			
GO_POSITIVE_REGULATION_OF_SUPRAMOLECULAR_FIBER_ORGANIZATION	-0.26309831956129237			
GSE17721_LPS_VS_GARDIQUIMOD_24H_BMDC_DN	-0.2630992412436182			
GSE15330_WT_VS_IKAROS_KO_LYMPHOID_MULTIPOTENT_PROGENITOR_DN	-0.2630997712566841			
GSE5679_CTRL_VS_RARA_AGONIST_AM580_TREATED_DC_DN	-0.2631053657150223			
GO_DENDRITE_MEMBRANE	-0.2631102067934384			
GSE15330_HSC_VS_MEGAKARYOCYTE_ERYTHROID_PROGENITOR_DN	-0.2631158241478529			
CHIANG_LIVER_CANCER_SUBCLASS_POLYSOMY7_DN	-0.2631221276271143			
CONCANNON_APOPTOSIS_BY_EPOXOMICIN_DN	-0.2631221468157106			
SHARMA_PILOCYTIC_ASTROCYTOMA_LOCATION_DN	-0.26312312690800804			
IPA_CEBPA_UP	-0.2631292896560976			
REACTOME_ACTIVATED_NTRK2_SIGNALS_THROUGH_PI3K	-0.26313700665369466			
GO_ORGANELLE_SUBCOMPARTMENT	-0.2631655884983356			
GSE45881_CXCR6HI_VS_CXCR1LO_COLONIC_LAMINA_PROPRIA_UP	-0.2631702903328082			
VANDESLUIS_NORMAL_EMBRYOS_DN	-0.2631725968364998			
chr15q25	-0.2631734239862446			
GSE19825_NAIVE_VS_DAY3_EFF_CD8_TCELL_DN	-0.26318254067830343			
MIR4534	-0.2631863882777668			
GO_DIPEPTIDASE_ACTIVITY	-0.26321696696282465			
chr6p11	-0.26322383645193			
HU_GENOTOXIN_ACTION_DIRECT_VS_INDIRECT_4HR	-0.26322546532282237			
MIR3654	-0.2632344915143912			
GO_KINESIN_BINDING	-0.2632383436528917			
IPA_PLAGL2_UP	-0.2632415921756985			
REACTOME_FIBRONECTIN_MATRIX_FORMATION	-0.26324413322840334			
GO_AGGRESOME	-0.2632619527865497			
GO_INTERLEUKIN_1_RECEPTOR_BINDING	-0.2632628274866582			
GO_NAD_DEPENDENT_PROTEIN_DEACETYLASE_ACTIVITY	-0.26326466310355673			
REACTOME_ACTIVATION_OF_NMDA_RECEPTORS_AND_POSTSYNAPTIC_EVENTS	-0.26327519986469156			
IPA_MAFB_DN	-0.26329592597905976			
MIR618	-0.2633121344509484			
GO_HOMOTYPIC_CELL_CELL_ADHESION	-0.26332218125063844			
GSE28237_FOLLICULAR_VS_EARLY_GC_BCELL_UP	-0.2633359923758371			
GO_CHROMOSOME_CENTROMERIC_REGION	-0.26334492604432636			
GO_HOLLIDAY_JUNCTION_RESOLVASE_COMPLEX	-0.2633466921653011			
REACTOME_PI3K_AKT_ACTIVATION	-0.2633543800743492			
GSE17186_NAIVE_VS_CD21HIGH_TRANSITIONAL_BCELL_CORD_BLOOD_UP	-0.26336148773107865			
GSE18893_CTRL_VS_TNF_TREATED_TREG_2H_DN	-0.2633690116234154			
GO_REGULATION_OF_ENDOTHELIAL_TUBE_MORPHOGENESIS	-0.26338004141872273			
GO_CELLULAR_RESPONSE_TO_PARATHYROID_HORMONE_STIMULUS	-0.263387596194148			
CAFFAREL_RESPONSE_TO_THC_DN	-0.2633877930238228			
IPA_XRCC6_UP	-0.2633984007892698			
GO_POSITIVE_REGULATION_OF_ACTIVATION_OF_JANUS_KINASE_ACTIVITY	-0.2634018570699342			
GSE36392_MAC_VS_NEUTROPHIL_IL25_TREATED_LUNG_DN	-0.2634092092811125			
MATZUK_MATERNAL_EFFECT	-0.2634183927251027			
GSE15624_3H_VS_6H_HALOFUGINONE_TREATED_CD4_TCELL_DN	-0.26341858453252043			
ONKEN_UVEAL_MELANOMA_DN	-0.263429461246479			
MMEF2_Q6	-0.2634391914992239			
GSE2706_R848_VS_R848_AND_LPS_8H_STIM_DC_UP	-0.2634567985372043			
GO_POSITIVE_REGULATION_OF_HISTONE_PHOSPHORYLATION	-0.2634605545156307			
MIR30C_1_3P	-0.2634683054473313			
IPA_PHOX2B_UP	-0.26347621783348535			
GO_NEURON_SPINE	-0.26348848875571523			
MULLIGAN_NTF3_SIGNALING_VIA_INSR_AND_IGF1R_DN	-0.26350217203482357			
IPA_SIRT1_DN	-0.2635149322897964			
QI_HYPOXIA_TARGETS_OF_HIF1A_AND_FOXA2	-0.2635191548747745			
GSE14415_TCONV_VS_FOXP3_KO_INDUCED_TREG_DN	-0.26353460007707735			
IPA_CBFB_UP	-0.2635382854973542			
GO_MEIOSIS_I_CELL_CYCLE_PROCESS	-0.2635433949434448			
GO_POSITIVE_REGULATION_OF_RESPONSE_TO_TUMOR_CELL	-0.2635538862648187			
MIR4776_3P	-0.26355707449963744			
GO_SULFUR_AMINO_ACID_CATABOLIC_PROCESS	-0.2635702683931863			
GO_NADPLUS_ADP_RIBOSYLTRANSFERASE_ACTIVITY	-0.2635989909656062			
PID_AVB3_OPN_PATHWAY	-0.26361632072833147			
MIR96_3P	-0.2636185731785114			
GSE557_WT_VS_CIITA_KO_DC_UP	-0.26362256091399594			
MIR148A_3P	-0.26363363481831925			
GSE21927_SPLENIC_C26GM_TUMOROUS_VS_4T1_TUMOR_MONOCYTES_UP	-0.2636352327357292			
TIEN_INTESTINE_PROBIOTICS_2HR_DN	-0.26364529869972864			
GO_PLASMA_LIPOPROTEIN_PARTICLE_CLEARANCE	-0.2636516129968776			
GSE42021_TREG_PLN_VS_TREG_PRECURSORS_THYMUS_UP	-0.2636881398263271			
GO_POSITIVE_REGULATION_OF_CELL_PROLIFERATION_IN_BONE_MARROW	-0.263696030689035			
GO_MHC_PROTEIN_BINDING	-0.26370443389123877			
REACTOME_HOST_INTERACTIONS_OF_HIV_FACTORS	-0.2637063688366297			
GSE25088_CTRL_VS_IL4_STIM_STAT6_KO_MACROPHAGE_UP	-0.2637324174730996			
IPA_DNMT1_UP	-0.2637325977308893			
PARK_HSC_VS_MULTIPOTENT_PROGENITORS_DN	-0.2637338785852054			
BANDRES_RESPONSE_TO_CARMUSTIN_MGMT_48HR_UP	-0.26373785335853717			
GO_HOST_CELL_CYTOPLASM	-0.2637611318560009			
SIG_PIP3_SIGNALING_IN_B_LYMPHOCYTES	-0.2637703438742734			
MIR24_3P	-0.2637832865708398			
REACTOME_ERYTHROPOIETIN_ACTIVATES_PHOSPHOLIPASE_C_GAMMA_PLCG	-0.2637919237680091			
GO_POSITIVE_REGULATION_OF_WNT_SIGNALING_PATHWAY_PLANAR_CELL_POLARITY_PATHWAY	-0.2637936617848323			
chr4q28	-0.26380537721133007			
chr12q15	-0.2638055706006366			
GSE36476_YOUNG_VS_OLD_DONOR_MEMORY_CD4_TCELL_16H_TSST_ACT_DN	-0.26380815768540594			
GSE3720_UNSTIM_VS_PMA_STIM_VD2_GAMMADELTA_TCELL_DN	-0.2638392568570716			
MIR520F_5P	-0.2638528036487419			
GSE17721_CTRL_VS_PAM3CSK4_4H_BMDC_UP	-0.2638651136942596			
REACTOME_REGULATION_OF_SIGNALING_BY_CBL	-0.26386950522983904			
GO_NEGATIVE_REGULATION_OF_GASTRULATION	-0.26387462118957433			
PAX_Q6	-0.26388527045835547			
MIR7852_3P	-0.263885587864377			
GSE21063_CTRL_VS_ANTI_IGM_STIM_BCELL_NFATC1_KO_16H_DN	-0.26389982382999705			
GO_DETECTION_OF_ABIOTIC_STIMULUS	-0.2639014264775381			
GO_REGULATION_OF_MEIOSIS_I	-0.2639092792996187			
KEGG_RENAL_CELL_CARCINOMA	-0.26391319322733336			
GO_GOLGI_APPARATUS	-0.2639228470381459			
GO_PHOSPHATIDYLINOSITOL_3_KINASE_SIGNALING	-0.2639232505685374			
GO_HETEROCHROMATIN	-0.26393714191954487			
IPA_PCGF2_UP	-0.2639374902430043			
GSE19401_PAM2CSK4_VS_RETINOIC_ACID_AND_PAM2CSK4_STIM_FOLLICULAR_DC_UP	-0.2639583373594771			
GO_POSITIVE_REGULATION_OF_LAMELLIPODIUM_MORPHOGENESIS	-0.26397794864201535			
GO_POSITIVE_REGULATION_OF_PROTEIN_TARGETING_TO_MITOCHONDRION	-0.2639928063355314			
GO_NEGATIVE_REGULATION_OF_DENDRITIC_CELL_APOPTOTIC_PROCESS	-0.2639937024535871			
NME2_TARGET_GENES	-0.26399510416609834			
GO_NEGATIVE_REGULATION_OF_WNT_SIGNALING_PATHWAY_INVOLVED_IN_HEART_DEVELOPMENT	-0.2639988764208639			
GO_NEGATIVE_REGULATION_OF_RESPIRATORY_BURST	-0.2640020948950167			
GSE33162_UNTREATED_VS_4H_LPS_STIM_HDAC3_KO_MACROPHAGE_UP	-0.2640058783787661			
ATAACCT_MIR154	-0.2640157849583431			
GO_ACTOMYOSIN_STRUCTURE_ORGANIZATION	-0.2640522874539824			
GO_NEGATIVE_REGULATION_OF_UBIQUITIN_PROTEIN_TRANSFERASE_ACTIVITY	-0.2640598733299577			
HSD17B8_TARGET_GENES	-0.2640639213777953			
KYNG_NORMAL_AGING_DN	-0.26406800984966877			
GO_DNA_ENDOREDUPLICATION	-0.2640894911856445			
chr2q23	-0.2640998634642079			
GO_VASCULAR_ENDOTHELIAL_GROWTH_FACTOR_RECEPTOR_2_BINDING	-0.26410301696560445			
MIR6804_3P	-0.26410741895655443			
GARGALOVIC_RESPONSE_TO_OXIDIZED_PHOSPHOLIPIDS_YELLOW_DN	-0.2641165672080097			
GSE16385_MONOCYTE_VS_12H_ROSIGLITAZONE_IFNG_TNF_TREATED_MACROPHAGE_UP	-0.2641204248538188			
MURAKAMI_UV_RESPONSE_6HR_DN	-0.26412048553988937			
MULLIGHAN_NPM1_SIGNATURE_3_UP	-0.2641308681754899			
REACTOME_PROLACTIN_RECEPTOR_SIGNALING	-0.2641326862490844			
GSE32986_UNSTIM_VS_GMCSF_STIM_DC_UP	-0.2641379358596688			
GSE9960_GRAM_POS_VS_GRAM_NEG_AND_POS_SEPSIS_PBMC_UP	-0.2641662410006165			
GO_MICROTUBULE_NUCLEATION_BY_MICROTUBULE_ORGANIZING_CENTER	-0.26417193848813714			
MIR2682_5P	-0.2641736252350716			
GSE3691_IFN_PRODUCING_KILLER_DC_VS_PLASMACYTOID_DC_SPLEEN_UP	-0.26417963609345263			
GO_PH_ELEVATION	-0.26417997094727996			
IPA_IFI16_DN	-0.2641936352370045			
GO_GROWTH_HORMONE_RECEPTOR_BINDING	-0.26419786155008795			
GO_NEGATIVE_REGULATION_OF_PROTEASOMAL_PROTEIN_CATABOLIC_PROCESS	-0.26419821684454775			
GO_HORMONE_RECEPTOR_BINDING	-0.2642059126608854			
REACTOME_SUMOYLATION_OF_DNA_REPLICATION_PROTEINS	-0.2642141475179733			
IPA_THRB_DN	-0.26422061793378593			
GO_PHOSPHOPROTEIN_PHOSPHATASE_ACTIVITY	-0.26422709774074754			
GO_SITE_OF_POLARIZED_GROWTH	-0.2642326237882166			
GSE17721_LPS_VS_GARDIQUIMOD_4H_BMDC_DN	-0.2642345027927591			
GSE22886_NAIVE_CD4_TCELL_VS_NEUTROPHIL_UP	-0.2642421896332506			
REACTOME_INTERLEUKIN_1_SIGNALING	-0.2642428878840948			
IPA_LRRFIP1_UP	-0.2642459783690597			
GO_ENDOPLASMIC_RETICULUM_QUALITY_CONTROL_COMPARTMENT	-0.2642701385814806			
GSE17721_4_VS_24H_GARDIQUIMOD_BMDC_DN	-0.26427290595017944			
GO_NUCLEAR_PORE	-0.26428573622474166			
CTCTAGA_MIR526C_MIR518F_MIR526A	-0.2642918502656578			
GSE39820_CTRL_VS_TGFBETA3_IL6_IL23A_CD4_TCELL_DN	-0.2643109781389504			
GSE41867_DAY6_VS_DAY15_LCMV_ARMSTRONG_EFFECTOR_CD8_TCELL_DN	-0.2643170657558978			
GO_NEGATIVE_REGULATION_OF_IMMUNOGLOBULIN_PRODUCTION	-0.26432671988353434			
ONO_AML1_TARGETS_UP	-0.26433077454087467			
DACOSTA_UV_RESPONSE_VIA_ERCC3_TTD_DN	-0.264330792019064			
GSE17721_CTRL_VS_GARDIQUIMOD_4H_BMDC_DN	-0.2643346030562064			
GSE16385_MONOCYTE_VS_12H_IL4_TREATED_MACROPHAGE_DN	-0.2643473210673484			
MIR6513_3P	-0.2643479707854594			
KONDO_PROSTATE_CANCER_WITH_H3K27ME3	-0.26435293588905784			
GSE21033_CTRL_VS_POLYIC_STIM_DC_3H_UP	-0.2643541481761415			
chr12q21	-0.264364268075332			
chr2p13	-0.26436647350012793			
GSE35685_CD34POS_CD38NEG_VS_CD34POS_CD10NEG_CD62LPOS_BONE_MARROW_UP	-0.26438722472410753			
GO_CELL_TIP	-0.26439561740357925			
GO_NEGATIVE_REGULATION_OF_CALCIUM_ION_TRANSPORT	-0.2643973125243212			
GSE45365_CD8A_DC_VS_CD11B_DC_UP	-0.2644046851542709			
GO_CLATHRIN_COATED_VESICLE	-0.2644104805789394			
GSE20727_H2O2_VS_ROS_INHIBITOR_TREATED_DC_UP	-0.2644171076521656			
GO_REGULATION_OF_CELLULAR_RESPONSE_TO_VASCULAR_ENDOTHELIAL_GROWTH_FACTOR_STIMULUS	-0.2644182913605004			
MIR124_3P	-0.26442143804986473			
GSE17721_CTRL_VS_POLYIC_12H_BMDC_DN	-0.2644284735577601			
MIR1468_3P	-0.2644384118100966			
GO_BLOC_COMPLEX	-0.2644571917312067			
NAKAMURA_TUMOR_ZONE_PERIPHERAL_VS_CENTRAL_UP	-0.2644625802458559			
GSE18203_CTRL_VS_INTRATUMORAL_CPG_INJ_MC38_TUMOR_DN	-0.26446846241423155			
GO_CHEMOKINE_C_X_C_MOTIF_LIGAND_2_PRODUCTION	-0.2645007332965724			
REACTOME_VIRAL_MESSENGER_RNA_SYNTHESIS	-0.26451289020195634			
GO_NEGATIVE_REGULATION_OF_PROTEIN_EXIT_FROM_ENDOPLASMIC_RETICULUM	-0.26452951096250743			
MIR4699_5P	-0.2645477112769865			
GO_DNA_STRAND_RENATURATION	-0.26455120129135734			
GSE13306_RA_VS_UNTREATED_TREG_UP	-0.26455284105140814			
MIR4254	-0.2645895670636839			
GO_HISTONE_H3_K36_METHYLATION	-0.26459061412101964			
GSE17186_NAIVE_VS_CD21LOW_TRANSITIONAL_BCELL_CORD_BLOOD_DN	-0.2646048695394877			
MIR548AK_MIR548AM_5P_MIR548C_5P_MIR548H_5P_MIR548O_5P_MIR548AU_5P	-0.2646149410289446			
MIR548O_5P_MIR548W	-0.2646149410289446			
GSE24574_NAIVE_VS_TCONV_CD4_TCELL_DN	-0.26461979386685947			
GO_ADENOSINE_RECEPTOR_SIGNALING_PATHWAY	-0.2646225750432564			
GSE32986_UNSTIM_VS_GMCSF_AND_CURDLAN_HIGHDOSE_STIM_DC_UP	-0.2646225880869772			
GO_TRANSFORMING_GROWTH_FACTOR_BETA_PRODUCTION	-0.26466044592226295			
GO_NEGATIVE_REGULATION_OF_GROWTH	-0.2646686114514638			
MIR561_5P	-0.26467195465973864			
BLALOCK_ALZHEIMERS_DISEASE_INCIPIENT_DN	-0.26468058579425235			
GO_NEGATIVE_REGULATION_OF_EPITHELIAL_CELL_MIGRATION	-0.26469200465682013			
MIR1277_5P	-0.26469695408018473			
MIR4277	-0.2646975731120256			
PID_ALK1_PATHWAY	-0.2646998063119813			
BIOCARTA_TCAPOPTOSIS_PATHWAY	-0.2647000989347643			
GO_RESPONSE_TO_PAIN	-0.26470429403924833			
GO_NUCLEOLUS_ORGANIZATION	-0.26471551106886476			
GSE360_L_DONOVANI_VS_T_GONDII_DC_UP	-0.26472199525752516			
GSE29949_CD8_NEG_DC_SPLEEN_VS_MONOCYTE_BONE_MARROW_UP	-0.26472344711675233			
GSE3982_DC_VS_BCELL_DN	-0.26473122172892294			
BCL6B_TARGET_GENES	-0.26473411783998385			
GSE3039_CD4_TCELL_VS_NKT_CELL_DN	-0.264737899544945			
GO_ACTIVATION_OF_JANUS_KINASE_ACTIVITY	-0.2647389808113491			
MIR6882_5P	-0.26476562896973704			
GO_DEVELOPMENTAL_GROWTH_INVOLVED_IN_MORPHOGENESIS	-0.2647781347775306			
GO_ION_HOMEOSTASIS	-0.2647794890745576			
GSE4590_PRE_BCELL_VS_LARGE_PRE_BCELL_UP	-0.2647857582531381			
GO_NEGATIVE_REGULATION_OF_T_CELL_APOPTOTIC_PROCESS	-0.2647868611747397			
GO_REGULATION_OF_EARLY_ENDOSOME_TO_LATE_ENDOSOME_TRANSPORT	-0.2647975890646255			
REACTOME_OPIOID_SIGNALLING	-0.26479794555465735			
GO_SPLICEOSOMAL_TRI_SNRNP_COMPLEX_ASSEMBLY	-0.264799670723361			
GO_POSITIVE_REGULATION_OF_AXON_GUIDANCE	-0.2648088482727016			
GO_CELL_CYCLE_PROCESS	-0.26480932778637173			
BIOCARTA_TCR_PATHWAY	-0.2648155482645395			
MIR628_3P	-0.26482065784747255			
GO_POSITIVE_REGULATION_OF_CILIUM_ASSEMBLY	-0.264832510121463			
GO_HYDROLASE_ACTIVITY_ACTING_ON_ACID_ANHYDRIDES	-0.264853952791552			
GO_CELL_MIGRATION_INVOLVED_IN_GASTRULATION	-0.26485475415474924			
CROONQUIST_STROMAL_STIMULATION_DN	-0.26485699656386924			
FOSTER_KDM1A_TARGETS_UP	-0.2648739152601647			
GSE15659_RESTING_TREG_VS_NONSUPPRESSIVE_TCELL_DN	-0.26488077706220103			
KEGG_NEUROACTIVE_LIGAND_RECEPTOR_INTERACTION	-0.2648895930969098			
GSE14350_TREG_VS_TEFF_IN_IL2RB_KO_DN	-0.2648942617476911			
GO_RAP_PROTEIN_SIGNAL_TRANSDUCTION	-0.264922977740319			
IVANOVA_HEMATOPOIESIS_STEM_CELL	-0.26492369640721736			
GSE37416_12H_VS_48H_F_TULARENSIS_LVS_NEUTROPHIL_DN	-0.2649315878049441			
MIR506_3P	-0.26493209533988815			
GO_NEGATIVE_REGULATION_OF_CIRCADIAN_RHYTHM	-0.2649360212713852			
GSE19888_CTRL_VS_A3R_ACT_TREATED_MAST_CELL_PRETREATED_WITH_A3R_INH_UP	-0.26494117522737365			
GO_PROTEIN_LOCALIZATION_TO_CILIARY_MEMBRANE	-0.2649502678963027			
GSE40274_EOS_VS_FOXP3_AND_EOS_TRANSDUCED_ACTIVATED_CD4_TCELL_UP	-0.26495958826183796			
GO_DENDRITIC_SHAFT	-0.2649599839431081			
BROWNE_HCMV_INFECTION_6HR_DN	-0.2649607865017654			
GO_REGULATION_OF_CATABOLIC_PROCESS	-0.2649626527312077			
MIR4721	-0.264970114153345			
IPA_BACH1_UP	-0.2649705840263826			
MIR6732_5P	-0.26497517922569513			
PAX3_TARGET_GENES	-0.26499214559956624			
GSE17721_CTRL_VS_LPS_0.5H_BMDC_DN	-0.2650008403886552			
GO_SERINE_TRANSMEMBRANE_TRANSPORTER_ACTIVITY	-0.26500267058280214			
ZNF791_TARGET_GENES	-0.2650070504118764			
GO_NEGATIVE_REGULATION_BY_HOST_OF_SYMBIONT_MOLECULAR_FUNCTION	-0.26500884038056394			
LE_NEURONAL_DIFFERENTIATION_UP	-0.2650102189916049			
P53_DN.V2_DN	-0.26501605211531665			
GO_REGULATION_OF_MEMBRANE_TUBULATION	-0.26502451636938373			
GO_REGULATION_OF_CELL_SUBSTRATE_ADHESION	-0.26503023968775197			
GSE37416_CTRL_VS_6H_F_TULARENSIS_LVS_NEUTROPHIL_UP	-0.2650303242260762			
GO_CUL4_RING_E3_UBIQUITIN_LIGASE_COMPLEX	-0.2650315131216002			
GO_URINARY_TRACT_SMOOTH_MUSCLE_CONTRACTION	-0.2650377021259497			
GSE15659_RESTING_VS_ACTIVATED_TREG_DN	-0.2650439013436873			
IPA_KDM8_UP	-0.26504662835449705			
MIR422A	-0.265047871820082			
GSE6269_HEALTHY_VS_STAPH_AUREUS_INF_PBMC_DN	-0.26505676069671685			
GO_HISTONE_BINDING	-0.2650571861009264			
GO_S_ADENOSYL_L_METHIONINE_BINDING	-0.2650671998007406			
GO_PYRIMIDINE_NUCLEOSIDE_TRIPHOSPHATE_BIOSYNTHETIC_PROCESS	-0.2650883431606694			
REACTOME_NEUROTRANSMITTER_RECEPTORS_AND_POSTSYNAPTIC_SIGNAL_TRANSMISSION	-0.26509581763197865			
chr19q12	-0.26509685082990436			
REACTOME_FRS_MEDIATED_FGFR1_SIGNALING	-0.26510153258617974			
GSE10239_NAIVE_VS_DAY4.5_EFF_CD8_TCELL_UP	-0.2651037596541399			
MARKS_HDAC_TARGETS_UP	-0.2651234172291775			
SHEN_SMARCA2_TARGETS_DN	-0.2651267300542907			
GSE13411_NAIVE_VS_MEMORY_BCELL_DN	-0.2651314852452696			
GO_NPBAF_COMPLEX	-0.2651362823908578			
GO_NEGATIVE_REGULATION_OF_LOCOMOTION	-0.26513760663742875			
GO_CELLULAR_RESPONSE_TO_TOPOLOGICALLY_INCORRECT_PROTEIN	-0.26513827261215145			
BIOCARTA_GH_PATHWAY	-0.2651391508807248			
GO_ATPASE_BINDING	-0.2651518752342698			
GO_MISMATCH_REPAIR_COMPLEX_BINDING	-0.26515223769330304			
BIOCARTA_ACE2_PATHWAY	-0.26515605658904745			
GO_REGULATION_OF_ER_ASSOCIATED_UBIQUITIN_DEPENDENT_PROTEIN_CATABOLIC_PROCESS	-0.26516005285869204			
GSE11973_MIR223_KOVS_WT_BONE_MARROW_NEUTROPHIL_UP	-0.2651634679295182			
MIR548AU_3P	-0.2651714773920415			
CHIARADONNA_NEOPLASTIC_TRANSFORMATION_CDC25_UP	-0.2651742094192972			
GO_NEGATIVE_REGULATION_OF_ENDOPLASMIC_RETICULUM_UNFOLDED_PROTEIN_RESPONSE	-0.2651947724381801			
GO_NEGATIVE_REGULATION_OF_PHOSPHORUS_METABOLIC_PROCESS	-0.2652018936751359			
ZNF507_TARGET_GENES	-0.2652087244542071			
VALK_AML_WITH_CEBPA	-0.26520913589441697			
SA_PROGRAMMED_CELL_DEATH	-0.26520971353279615			
GO_11_CIS_RETINAL_BINDING	-0.26521189336140116			
MIR498_5P	-0.2652173576609878			
GSE2770_IL12_ACT_VS_ACT_CD4_TCELL_6H_UP	-0.26521747069710166			
GO_TISSUE_HOMEOSTASIS	-0.26521843636586007			
GO_POSITIVE_REGULATION_OF_ADENYLATE_CYCLASE_ACTIVITY	-0.26522985002133675			
GO_PALLIUM_DEVELOPMENT	-0.26523471470628696			
KIM_HYPOXIA	-0.2652348914912586			
GO_MUSCLE_CELL_CELLULAR_HOMEOSTASIS	-0.26524863211344984			
GO_HISTONE_MRNA_CATABOLIC_PROCESS	-0.2652502967991549			
MIR548AD_5P_MIR548AE_5P_MIR548AY_5P_MIR548B_5P_MIR548D_5P	-0.26525107560800554			
GO_CHROMOSOMAL_REGION	-0.26525138565599793			
GO_HEART_TRABECULA_FORMATION	-0.26525319984651474			
ZNF529_TARGET_GENES	-0.26525578364698393			
GO_NEUROTROPHIN_SIGNALING_PATHWAY	-0.2652599183775134			
CHEN_NEUROBLASTOMA_COPY_NUMBER_GAINS	-0.26527699761586965			
PID_ALK2_PATHWAY	-0.26527853593867595			
GO_VESICLE_BUDDING_FROM_MEMBRANE	-0.26528333395312814			
GO_CARDIOCYTE_DIFFERENTIATION	-0.26529267919055827			
GO_POSITIVE_REGULATION_OF_GROWTH	-0.2652965372375411			
GO_CHROMOSOME_LOCALIZATION	-0.2653087289066851			
GO_NEGATIVE_REGULATION_OF_SIGNAL_TRANSDUCTION_BY_P53_CLASS_MEDIATOR	-0.2653129399040546			
IPA_HOXA13_DN	-0.26531687925538955			
GO_TRANSLATION_FACTOR_ACTIVITY_RNA_BINDING	-0.26531983237712115			
STAT_01	-0.26532617809767434			
GO_NEGATIVE_REGULATION_OF_CELL_SUBSTRATE_ADHESION	-0.26532980548652596			
GO_REGULATION_OF_PROTEIN_MONOUBIQUITINATION	-0.2653336409247461			
GO_MEIOTIC_CHROMOSOME_SEGREGATION	-0.26534541520300114			
GO_POSITIVE_REGULATION_OF_REACTIVE_OXYGEN_SPECIES_BIOSYNTHETIC_PROCESS	-0.2653464513950695			
GO_NEGATIVE_REGULATION_OF_LIPOPROTEIN_PARTICLE_CLEARANCE	-0.26535707754123816			
GO_MOLECULAR_TRANSDUCER_ACTIVITY	-0.26535884979994534			
GO_NATURAL_KILLER_CELL_LECTIN_LIKE_RECEPTOR_BINDING	-0.26536105303465923			
GO_ACTIN_FILAMENT_BUNDLE	-0.2653711932920208			
GUILLAUMOND_KLF10_TARGETS_DN	-0.26537800013781876			
GO_CLATHRIN_COATED_ENDOCYTIC_VESICLE	-0.2653835959891583			
GSE5542_IFNA_VS_IFNA_AND_IFNG_TREATED_EPITHELIAL_CELLS_24H_DN	-0.2653841123401259			
PUJANA_BRCA_CENTERED_NETWORK	-0.26538418983136447			
IPA_IRF4_DN	-0.26539913667489107			
REACTOME_TRANSPORT_OF_ORGANIC_ANIONS	-0.2654018094674105			
GO_BRANCHING_INVOLVED_IN_BLOOD_VESSEL_MORPHOGENESIS	-0.26541656592977886			
MIR3194_3P	-0.26541698942453396			
MIR153_3P	-0.2654259890910558			
GO_ESTROUS_CYCLE	-0.26543083473389784			
REACTOME_MEMBRANE_TRAFFICKING	-0.26543507422479085			
GO_PROTEIN_MEMBRANE_ADAPTOR	-0.26547742334459123			
KIM_WT1_TARGETS_8HR_UP	-0.2654803179353456			
GSE27786_BCELL_VS_NEUTROPHIL_UP	-0.26548907519073445			
GO_RESPONSE_TO_TESTOSTERONE	-0.26549977660567087			
WHITEFORD_PEDIATRIC_CANCER_MARKERS	-0.26550785054904513			
GO_REGULATION_OF_FIBRINOLYSIS	-0.2655166006845003			
BYSTRYKH_HEMATOPOIESIS_STEM_CELL_AND_BRAIN_QTL_CIS	-0.26551792779719463			
GO_HISTONE_PHOSPHORYLATION	-0.2655189877688222			
MIR4715_3P	-0.2655284038232624			
BIOCARTA_MEF2D_PATHWAY	-0.26554230973123016			
ACEVEDO_LIVER_CANCER_UP	-0.2655448714363116			
GO_POSITIVE_REGULATION_OF_FEEDING_BEHAVIOR	-0.26554876353595386			
IPA_BHLHE40_UP	-0.2655509442483322			
GSE17721_PAM3CSK4_VS_CPG_24H_BMDC_DN	-0.26555770984334665			
REACTOME_ERYTHROCYTES_TAKE_UP_CARBON_DIOXIDE_AND_RELEASE_OXYGEN	-0.265564860758716			
GO_ENDOPEPTIDASE_ACTIVATOR_ACTIVITY	-0.2655863604017931			
GO_CELLULAR_RESPONSE_TO_REACTIVE_NITROGEN_SPECIES	-0.26558649028858083			
GSE16385_IFNG_TNF_VS_IL4_STIM_MACROPHAGE_ROSIGLITAZONE_TREATED_UP	-0.26559151292076516			
MIR376A_5P	-0.2656071796926316			
GO_POSITIVE_REGULATION_OF_CHEMOKINE_C_C_MOTIF_LIGAND_2_SECRETION	-0.2656487971722496			
FIGUEROA_AML_METHYLATION_CLUSTER_2_DN	-0.2656561019799183			
REACTOME_INTERLEUKIN_18_SIGNALING	-0.26567460238487595			
REACTOME_SIGNALLING_TO_P38_VIA_RIT_AND_RIN	-0.265687908227062			
GO_NEGATIVE_REGULATION_OF_TRANSFERASE_ACTIVITY	-0.26569465693804173			
GO_REGULATION_OF_EXTENT_OF_CELL_GROWTH	-0.26569808484384905			
GO_ANTRAL_OVARIAN_FOLLICLE_GROWTH	-0.26569950175005164			
GSE5589_LPS_VS_LPS_AND_IL10_STIM_MACROPHAGE_180MIN_DN	-0.2657313910647882			
STAT1_02	-0.26573507747601416			
GSE19772_HCMV_INFL_VS_HCMV_INF_MONOCYTES_AND_PI3K_INHIBITION_DN	-0.26573795483271634			
GO_PEPTIDYL_LYSINE_HYDROXYLATION	-0.2657412515738181			
GO_REGULATION_OF_GUANYL_NUCLEOTIDE_EXCHANGE_FACTOR_ACTIVITY	-0.2657690741517818			
GO_UBIQUITIN_PROTEIN_TRANSFERASE_REGULATOR_ACTIVITY	-0.2657699031198037			
NFY_C	-0.26577785832317014			
CTR9_TARGET_GENES	-0.2657796929599157			
chr5q13	-0.2657864037418552			
IPA_SRCAP_UP	-0.265787341083156			
GO_PHOSPHATIDYLSERINE_1_ACYLHYDROLASE_ACTIVITY	-0.26579935490735174			
MIR5581_3P	-0.2658048780336639			
GSE20727_DNFB_ALLERGEN_VS_ROS_INH_AND_DNFB_ALLERGEN_TREATED_DC_UP	-0.2658073865922028			
GO_ACTIN_FILAMENT_ORGANIZATION	-0.26580974367512294			
TAATGTG_MIR323	-0.26581114317662247			
chr9q21	-0.2658175532661331			
TANG_SENESCENCE_TP53_TARGETS_DN	-0.2658192142079541			
GSE16450_IMMATURE_VS_MATURE_NEURON_CELL_LINE_UP	-0.2658233442342885			
GSE29164_UNTREATED_VS_CD8_TCELL_AND_IL12_TREATED_MELANOMA_DAY7_DN	-0.2658302642933314			
IPA_DEAF1_UP	-0.26583721891938034			
GO_ENAMEL_MINERALIZATION	-0.2658375524009952			
REACTOME_HEDGEHOG_LIGAND_BIOGENESIS	-0.2658711318295701			
GO_REGULATION_OF_METANEPHROS_DEVELOPMENT	-0.26587199473683487			
REACTOME_GLUCAGON_LIKE_PEPTIDE_1_GLP1_REGULATES_INSULIN_SECRETION	-0.26588002710251873			
GSE31082_DP_VS_CD8_SP_THYMOCYTE_DN	-0.2658819370491492			
REACTOME_NEGATIVE_REGULATION_OF_FGFR3_SIGNALING	-0.26588254015629653			
GO_NON_RECOMBINATIONAL_REPAIR	-0.26589048233029566			
GSE22282_HYPOXIA_VS_NORMOXIA_MYELOID_DC_UP	-0.26589550675526974			
GSE19941_IL10_KO_VS_IL10_KO_AND_NFKBP50_KO_UNSTIM_MACROPHAGE_DN	-0.26591238785523635			
GO_NEGATIVE_REGULATION_OF_RESPONSE_TO_OXIDATIVE_STRESS	-0.26591455210617365			
GO_PROTEOGLYCAN_BIOSYNTHETIC_PROCESS	-0.26592188893852453			
GO_PYRIMIDINE_CONTAINING_COMPOUND_BIOSYNTHETIC_PROCESS	-0.2659274979850447			
IPA_YAP1_UP	-0.2659291450511971			
GO_CORECEPTOR_ACTIVITY	-0.2659382953203232			
GSE45365_HEALTHY_VS_MCMV_INFECTION_CD8A_DC_IFNAR_KO_UP	-0.26593967806272273			
GSE27786_BCELL_VS_CD4_TCELL_DN	-0.2659427784061461			
GSE25088_CTRL_VS_IL4_STIM_MACROPHAGE_UP	-0.2659458148716505			
GO_POSITIVE_REGULATION_OF_EPITHELIAL_CELL_APOPTOTIC_PROCESS	-0.2659460945342344			
GSE22527_ANTI_CD3_INVIVO_VS_UNTREATED_MOUSE_TREG_UP	-0.26595803008464547			
MIR3142	-0.2659668858414391			
GSE21927_EL4_VS_MCA203_TUMOR_MONOCYTES_UP	-0.2659712096072763			
MIR4264	-0.26598124564420766			
HOFMANN_MYELODYSPLASTIC_SYNDROM_HIGH_RISK_DN	-0.26599243875748196			
GO_REGULATION_OF_ANTIGEN_PROCESSING_AND_PRESENTATION_OF_PEPTIDE_ANTIGEN	-0.2660048399386182			
GO_EXPLORATION_BEHAVIOR	-0.266005034492265			
GO_HORMONE_ACTIVITY	-0.26601110617669405			
MIR1236_5P	-0.2660122115067368			
WONG_ENDMETRIUM_CANCER_DN	-0.2660125013373449			
REACTOME_GABA_B_RECEPTOR_ACTIVATION	-0.2660279384760249			
MIR3680_3P	-0.26603346209266515			
MIR6770_5P	-0.2660367275820635			
GSE10239_MEMORY_VS_KLRG1INT_EFF_CD8_TCELL_UP	-0.2660394539118968			
MTOR_UP.N4.V1_UP	-0.2660474653469985			
GO_CXCR_CHEMOKINE_RECEPTOR_BINDING	-0.2660571026969036			
MIR5589_5P	-0.26606153490270523			
KAECH_NAIVE_VS_DAY15_EFF_CD8_TCELL_UP	-0.26606849905540386			
GSE24210_TCONV_VS_TREG_UP	-0.2660726245167949			
GO_REGULATION_OF_SYSTEMIC_ARTERIAL_BLOOD_PRESSURE_MEDIATED_BY_A_CHEMICAL_SIGNAL	-0.26608901360509035			
GSE17186_MEMORY_VS_CD21LOW_TRANSITIONAL_BCELL_UP	-0.2660908461233755			
LIU_NASOPHARYNGEAL_CARCINOMA	-0.26609089647827255			
chr2p11	-0.266091514485617			
MIR30C_2_3P	-0.2660935932252036			
BIOCARTA_IL2_PATHWAY	-0.2661033649268829			
GSE39110_DAY3_VS_DAY6_POST_IMMUNIZATION_CD8_TCELL_WITH_IL2_TREATMENT_UP	-0.2661039030373152			
MIR4769_5P	-0.266117862645616			
AFP1_Q6	-0.2661192981816074			
MIR6790_5P	-0.2661228596562652			
GO_POSITIVE_REGULATION_OF_GRANULOCYTE_CHEMOTAXIS	-0.2661228904690879			
GSE35435_RESTING_VS_IL4_TREATED_MACROPHAGE_DN	-0.266138267157687			
chr7q31	-0.2661454353644235			
GO_NEGATIVE_REGULATION_OF_TOLL_LIKE_RECEPTOR_4_SIGNALING_PATHWAY	-0.2661463333101995			
GO_MOTOR_LEARNING	-0.266146480600839			
GSE30962_ACUTE_VS_CHRONIC_LCMV_PRIMARY_INF_CD8_TCELL_DN	-0.2661524997855604			
MIR921	-0.2661533269544029			
GSE22886_IGM_MEMORY_BCELL_VS_BM_PLASMA_CELL_DN	-0.2661533361035118			
GO_TRANSFERRIN_RECEPTOR_BINDING	-0.2661548877291345			
REACTOME_IRAK2_MEDIATED_ACTIVATION_OF_TAK1_COMPLEX	-0.26617220776865685			
ATF_01	-0.26617335172831463			
MIR205_3P	-0.2661744465867323			
GSE46606_IRF4HIGH_VS_IRF4MID_CD40L_IL2_IL5_DAY3_STIMULATED_BCELL_UP	-0.2661771694457166			
MIR4261	-0.2661790906110338			
REACTOME_SIGNALING_BY_LEPTIN	-0.26618284093414035			
GSE3565_DUSP1_VS_WT_SPLENOCYTES_DN	-0.2661854873282046			
BYSTRYKH_HEMATOPOIESIS_STEM_CELL_FLI1	-0.2661855968559553			
GO_G_PROTEIN_COUPLED_RECEPTOR_SIGNALING_PATHWAY_COUPLED_TO_CYCLIC_NUCLEOTIDE_SECOND_MESSENGER	-0.26619102892052676			
GSE31082_DN_VS_CD4_SP_THYMOCYTE_DN	-0.2661933198346929			
GO_CELL_PROLIFERATION_IN_BONE_MARROW	-0.2662138565281803			
GO_CHECKPOINT_CLAMP_COMPLEX	-0.26621656921582365			
REACTOME_RHO_GTPASES_ACTIVATE_FORMINS	-0.26621826306092955			
MYLLYKANGAS_AMPLIFICATION_HOT_SPOT_18	-0.2662250108747396			
GO_BONE_MARROW_DEVELOPMENT	-0.26623953953589985			
GSE14000_UNSTIM_VS_16H_LPS_DC_UP	-0.2662638689982494			
GO_POSITIVE_REGULATION_OF_PATHWAY_RESTRICTED_SMAD_PROTEIN_PHOSPHORYLATION	-0.2662671493231014			
MIR6842_3P	-0.2662710312282598			
GO_PYROPTOSIS	-0.266275797937531			
GO_NEGATIVE_REGULATION_OF_GLUCOCORTICOID_METABOLIC_PROCESS	-0.2662800602526241			
GO_POSITIVE_REGULATION_OF_METALLOENDOPEPTIDASE_ACTIVITY	-0.26629946839571284			
REACTOME_SIGNALING_BY_PDGFR_IN_DISEASE	-0.266305960011817			
MIR378H	-0.26631276464166354			
GSE40068_CXCR5POS_BCL6POS_TFH_VS_CXCR5NEG_BCL6NEG_CD4_TCELL_UP	-0.26631759278074396			
MIR939_3P	-0.2663205939390785			
ATGTCAC_MIR489	-0.2663311299384375			
GO_POSITIVE_REGULATION_OF_SUBSTRATE_ADHESION_DEPENDENT_CELL_SPREADING	-0.26633340950012235			
GO_DETECTION_OF_OTHER_ORGANISM	-0.26633472536522645			
GO_RESPONSE_TO_MORPHINE	-0.26634521524689303			
GSE24814_STAT5_KO_VS_WT_PRE_BCELL_DN	-0.26634953439051345			
GSE12198_NK_VS_NK_ACT_EXPANSION_SYSTEM_DERIVED_NK_CELL_UP	-0.26635054796989055			
FIGUEROA_AML_METHYLATION_CLUSTER_1_DN	-0.2663574577775652			
IPA_MYOG_UP	-0.2663772834999856			
ZHAN_MULTIPLE_MYELOMA_CD1_UP	-0.266386327072134			
GO_REGULATION_OF_BLOOD_VESSEL_REMODELING	-0.2663897214835126			
chr15q13	-0.2664111911668177			
MORI_SMALL_PRE_BII_LYMPHOCYTE_UP	-0.26641279020172093			
GO_NEUTROPHIL_DIFFERENTIATION	-0.2664138179590376			
GO_CORTISOL_METABOLIC_PROCESS	-0.2664224537203785			
GO_BETA_N_ACETYLHEXOSAMINIDASE_ACTIVITY	-0.2664302975144774			
GO_REGULATION_OF_EPITHELIAL_TO_MESENCHYMAL_TRANSITION	-0.26644202658668986			
TCTAGAG_MIR517	-0.26644218150801197			
GO_EPITHELIAL_TO_MESENCHYMAL_TRANSITION	-0.26644556308443734			
GO_TRANSITION_METAL_ION_HOMEOSTASIS	-0.2664646893623964			
MIR339_3P	-0.2664699139137239			
IPA_E2F1_DN	-0.2664760905008929			
GO_STORE_OPERATED_CALCIUM_ENTRY	-0.266483706842428			
PID_IL2_PI3K_PATHWAY	-0.26648663328768835			
RIZKI_TUMOR_INVASIVENESS_2D_UP	-0.26649574784287366			
IPA_ALYREF_UP	-0.2665061151458257			
REACTOME_AURKA_ACTIVATION_BY_TPX2	-0.26651215471464756			
GO_REGULATION_OF_METHYLATION_DEPENDENT_CHROMATIN_SILENCING	-0.266512234248747			
GO_ISG15_PROTEIN_CONJUGATION	-0.26651493305697954			
GSE14386_UNTREATED_VS_IFNA_TREATED_ACT_PBMC_MS_PATIENT_UP	-0.2665164207215048			
GSE12392_WT_VS_IFNAR_KO_CD8A_NEG_SPLEEN_DC_DN	-0.26652197937733074			
SASAKI_ADULT_T_CELL_LEUKEMIA	-0.2665281094081167			
GO_AMINO_ACID_HOMEOSTASIS	-0.26652823404277354			
NAKAMURA_CANCER_MICROENVIRONMENT_UP	-0.26656053006017194			
PALOMERO_GSI_SENSITIVITY_DN	-0.26656353377722813			
GO_REGULATION_OF_PHOSPHATIDYLINOSITOL_BIOSYNTHETIC_PROCESS	-0.2665654737509329			
GO_REGULATION_OF_HETEROTYPIC_CELL_CELL_ADHESION	-0.26658687251837027			
GSE41176_WT_VS_TAK1_KO_ANTI_IGM_STIM_BCELL_24H_DN	-0.26659200501991004			
ZNF781_TARGET_GENES	-0.26659767796206896			
MIR6736_3P	-0.2666019930328412			
GO_ENTERIC_NERVOUS_SYSTEM_DEVELOPMENT	-0.2666104212535485			
GO_NUCLEOSOMAL_HISTONE_BINDING	-0.2666152270539152			
MIR922	-0.26662650884984085			
WTGAAAT_UNKNOWN	-0.2666466533672848			
GO_REGULATION_OF_PEPTIDYL_TYROSINE_AUTOPHOSPHORYLATION	-0.2666574194524481			
IPA_FLI1_UP	-0.2666624404814259			
GSE27786_ERYTHROBLAST_VS_MONO_MAC_DN	-0.26666470551908056			
GSE32986_UNSTIM_VS_CURDLAN_HIGHDOSE_STIM_DC_UP	-0.26666967011384035			
GSE37532_WT_VS_PPARG_KO_VISCERAL_ADIPOSE_TISSUE_TREG_UP	-0.26667290728902127			
BOYAULT_LIVER_CANCER_SUBCLASS_G23_DN	-0.26667824705055787			
GO_REGULATION_OF_VASOCONSTRICTION	-0.2666895310088577			
GSE17721_CTRL_VS_LPS_24H_BMDC_DN	-0.26670359951189765			
MIR5584_3P	-0.2667045689434464			
GSE1925_CTRL_VS_IFNG_PRIMED_MACROPHAGE_UP	-0.2667095918385912			
GO_ENDODEOXYRIBONUCLEASE_COMPLEX	-0.2667313672400527			
IPA_SP8_UP	-0.2667423622232166			
BIOCARTA_SPPA_PATHWAY	-0.26674363058358336			
PR_02	-0.26674684201068			
GO_REGULATION_OF_VASCULOGENESIS	-0.26674710123580014			
GO_REGULATION_OF_CELL_MATRIX_ADHESION	-0.2667495108018939			
GO_POSITIVE_REGULATION_OF_CORTICOTROPIN_SECRETION	-0.2667499681363265			
GO_NEGATIVE_REGULATION_OF_INTERFERON_BETA_PRODUCTION	-0.26675717079785694			
GSE31622_WT_VS_KLF3_KO_BCELL_DN	-0.2667607984969914			
GO_MRNA_TRANSCRIPTION	-0.2667637783362939			
GSE17721_12H_VS_24H_CPG_BMDC_UP	-0.2667748938318021			
MIR4524B_5P	-0.26678463707727335			
MIR4524A_5P	-0.26678463707727335			
YANAGISAWA_LUNG_CANCER_RECURRENCE	-0.2668516458394024			
GSE32423_MEMORY_VS_NAIVE_CD8_TCELL_IL7_IL4_DN	-0.2668539511651788			
NIKOLSKY_BREAST_CANCER_7Q21_Q22_AMPLICON	-0.266880261475547			
IPA_RUNX3_DN	-0.2668922005810405			
GSE17721_LPS_VS_PAM3CSK4_6H_BMDC_DN	-0.2668974090300706			
GO_SEBACEOUS_GLAND_DEVELOPMENT	-0.2669064943997223			
GO_GRANULOCYTE_COLONY_STIMULATING_FACTOR_PRODUCTION	-0.26691223034949496			
GO_DOUBLE_STRAND_BREAK_REPAIR_VIA_CLASSICAL_NONHOMOLOGOUS_END_JOINING	-0.2669285672537422			
GO_CELLULAR_RESPONSE_TO_ALDEHYDE	-0.2669385303946555			
SHIPP_DLBCL_VS_FOLLICULAR_LYMPHOMA_UP	-0.26694866876673906			
GSE20152_HTNFA_OVERXPRESS_ANKLE_VS_CTRL_SPHK1_KO_ANKLE_UP	-0.26695380440561184			
GSE17301_CTRL_VS_48H_ACD3_ACD28_IFNA5_STIM_CD8_TCELL_UP	-0.2669593673337301			
REACTOME_TRANSCRIPTIONAL_REGULATION_BY_E2F6	-0.2669642662565264			
IPA_MTA3_UP	-0.2669771562806623			
IPA_CTCF_UP	-0.26697926811093226			
VECCHI_GASTRIC_CANCER_EARLY_DN	-0.266988755313001			
IPA_STAT6_UP	-0.2670035123823361			
GO_NEGATIVE_REGULATION_OF_TRANSCRIPTION_REGULATORY_REGION_DNA_BINDING	-0.2670037556082924			
GO_SYNAPTONEMAL_STRUCTURE	-0.26700482686100524			
REACTOME_POSTMITOTIC_NUCLEAR_PORE_COMPLEX_NPC_REFORMATION	-0.26701176911035723			
BENNETT_SYSTEMIC_LUPUS_ERYTHEMATOSUS	-0.26703748561714463			
GSE28737_FOLLICULAR_VS_MARGINAL_ZONE_BCELL_BCL6_HET_DN	-0.26703868885106075			
REACTOME_GALACTOSE_CATABOLISM	-0.2670496304055626			
GO_VENTRICULAR_SEPTUM_MORPHOGENESIS	-0.2670794268865169			
GO_REGULATION_OF_T_CELL_EXTRAVASATION	-0.26708611687727696			
JOHNSTONE_PARVB_TARGETS_1_UP	-0.2670924421824409			
GARGALOVIC_RESPONSE_TO_OXIDIZED_PHOSPHOLIPIDS_GREY_UP	-0.2671010417449078			
BIOCARTA_ARF_PATHWAY	-0.2671048686906696			
DACOSTA_ERCC3_ALLELE_XPCS_VS_TTD_UP	-0.26712194448686233			
GO_PHOSPHATIDYLINOSITOL_PHOSPHATE_4_PHOSPHATASE_ACTIVITY	-0.2671289140137045			
GO_REGULATION_OF_CELL_MORPHOGENESIS	-0.26713089440285176			
GSE26495_PD1HIGH_VS_PD1LOW_CD8_TCELL_UP	-0.2671382498811116			
MIR32_3P	-0.26714294880122025			
GO_ALDITOL_BIOSYNTHETIC_PROCESS	-0.26715891439197625			
IPA_ATF6_UP	-0.2671726608440677			
GO_GLUCOSAMINE_CONTAINING_COMPOUND_METABOLIC_PROCESS	-0.26718871888797147			
REACTOME_PI_3K_CASCADE_FGFR2	-0.26719083974574565			
HOFFMANN_IMMATURE_TO_MATURE_B_LYMPHOCYTE_DN	-0.2671910294778917			
GO_NEGATIVE_REGULATION_OF_PROTEIN_BINDING	-0.26719410171417823			
GO_MALE_MEIOTIC_NUCLEAR_DIVISION	-0.2671958746484563			
GSE39110_UNTREATED_VS_IL2_TREATED_CD8_TCELL_DAY6_POST_IMMUNIZATION_DN	-0.26720241340322254			
MIR6773_3P	-0.2672085770882698			
REACTOME_MRNA_DECAY_BY_5_TO_3_EXORIBONUCLEASE	-0.2672090237131787			
GO_INCLUSION_BODY	-0.2672117004791034			
GO_NUCLEOSOME_ORGANIZATION	-0.26721413385986753			
MIR10393_5P	-0.2672156220251175			
GO_REGULATION_OF_DNA_DEPENDENT_DNA_REPLICATION	-0.26721767055700757			
GO_PARENTAL_BEHAVIOR	-0.2672190138017297			
GSE35543_IN_VIVO_NTREG_VS_IN_VITRO_ITREG_DN	-0.2672243041610245			
GO_REGULATION_OF_PRESYNAPTIC_CYTOSOLIC_CALCIUM_ION_CONCENTRATION	-0.26723496852497225			
KOYAMA_SEMA3B_TARGETS_DN	-0.2672354703717144			
MIR6817_3P	-0.2672670944263982			
GSE37532_WT_VS_PPARG_KO_LN_TCONV_UP	-0.2672797834936733			
GSE26928_NAIVE_VS_CXCR5_POS_CD4_TCELL_DN	-0.2672954530082561			
GO_CANONICAL_WNT_SIGNALING_PATHWAY_INVOLVED_IN_OSTEOBLAST_DIFFERENTIATION	-0.2673040019773197			
GO_ACROSOME_ASSEMBLY	-0.26730588739599775			
GAUSSMANN_MLL_AF4_FUSION_TARGETS_E_UP	-0.2673129914818076			
GSE13485_DAY1_VS_DAY21_YF17D_VACCINE_PBMC_DN	-0.26731830247021543			
MIR6832_5P	-0.26731864986095955			
GO_CD4_POSITIVE_CD25_POSITIVE_ALPHA_BETA_REGULATORY_T_CELL_DIFFERENTIATION	-0.26732085459244825			
HALLMARK_REACTIVE_OXYGEN_SPECIES_PATHWAY	-0.26732789795652734			
GSE10239_NAIVE_VS_KLRG1INT_EFF_CD8_TCELL_DN	-0.2673357812547833			
GSE2770_UNTREATED_VS_TGFB_AND_IL4_TREATED_ACT_CD4_TCELL_2H_UP	-0.26735831338708355			
IPA_MYBBP1A_UP	-0.2673753658641827			
MIR6762_3P	-0.2673808775042063			
GO_NEGATIVE_REGULATION_OF_INTERLEUKIN_6_SECRETION	-0.2673840207303021			
GO_BITTER_TASTE_RECEPTOR_ACTIVITY	-0.2673878416369468			
GO_SCAVENGER_RECEPTOR_ACTIVITY	-0.2673941975271135			
GO_ENDOTHELIAL_CELL_APOPTOTIC_PROCESS	-0.2673956604584705			
CHESLER_BRAIN_D6MIT150_QTL_CIS	-0.26739812209178976			
GO_NUCLEUS_ORGANIZATION	-0.2674005333907737			
BIOCARTA_CALCINEURIN_PATHWAY	-0.26740371386432193			
MIR4420	-0.2674091177476332			
REACTOME_TRANSPORT_OF_MATURE_MRNAS_DERIVED_FROM_INTRONLESS_TRANSCRIPTS	-0.26741242572634694			
IPA_IGFBP1_UP	-0.26742402509104163			
MCBRYAN_PUBERTAL_BREAST_5_6WK_DN	-0.2674345307452997			
GO_NEGATIVE_REGULATION_OF_CHROMOSOME_ORGANIZATION	-0.2674387371525371			
MYB_Q5_01	-0.2674394650307388			
CHEMNITZ_RESPONSE_TO_PROSTAGLANDIN_E2_UP	-0.2674470838344354			
GO_NEGATIVE_REGULATION_OF_MONOCYTE_CHEMOTAXIS	-0.2674605268521545			
IPA_ISL1_UP	-0.2674653777752483			
GO_POSITIVE_REGULATION_OF_EPITHELIAL_TO_MESENCHYMAL_TRANSITION	-0.2674745753258507			
MIR4662A_3P	-0.2674788193788788			
GO_MITOTIC_DNA_REPLICATION_CHECKPOINT	-0.2674844174909967			
GO_CORTICAL_ACTIN_CYTOSKELETON	-0.2674965279803149			
ZNF488_TARGET_GENES	-0.2675095304259491			
GSE2770_IL4_ACT_VS_ACT_CD4_TCELL_6H_DN	-0.2675186779520434			
GSE369_PRE_VS_POST_IL6_INJECTION_SOCS3_KO_LIVER_DN	-0.2675205457496004			
GO_MITOTIC_G2_DNA_DAMAGE_CHECKPOINT	-0.26752171110853473			
GO_REGULATION_OF_RESPONSE_TO_WOUNDING	-0.2675279358488373			
HALLMARK_SPERMATOGENESIS	-0.26752959016421773			
PITX2_Q2	-0.2675310248672401			
TCCAGAG_MIR518C	-0.2675317820421825			
GO_REGULATION_OF_PHOSPHOLIPID_METABOLIC_PROCESS	-0.2675449622322551			
GO_FEMALE_PRONUCLEUS	-0.26754635440659863			
REACTOME_NEGATIVE_REGULATION_OF_FGFR1_SIGNALING	-0.2675584349331308			
GO_TELOMERE_LOCALIZATION	-0.267593701066173			
MYCMAX_03	-0.267613305853228			
GSE10273_HIGH_IL7_VS_HIGH_IL7_AND_IRF4_IN_IRF4_8_NULL_PRE_BCELL_DN	-0.2676152166110055			
GO_DEFENSE_RESPONSE_TO_FUNGUS	-0.26763346723659454			
GSE17974_0H_VS_72H_IN_VITRO_ACT_CD4_TCELL_DN	-0.2676344272393318			
GO_STEROL_BINDING	-0.267650447347539			
GO_STRIATED_MUSCLE_ATROPHY	-0.2676557795591841			
IPA_GABPB1_UP	-0.2676888630593847			
ZNF510_TARGET_GENES	-0.2676984470915528			
STEGMEIER_PREMITOTIC_CELL_CYCLE_REGULATORS	-0.267700258232826			
IPA_USF1_UP	-0.26770971213330164			
GO_MHC_PROTEIN_COMPLEX_ASSEMBLY	-0.26771028140111			
GO_REGULATION_OF_NUCLEASE_ACTIVITY	-0.2677107884590965			
ACATATC_MIR190	-0.2677194841894809			
IPA_OTX2_UP	-0.2677369365112925			
GO_POSITIVE_REGULATION_OF_DENDRITE_MORPHOGENESIS	-0.2677535695396703			
GO_OLIGODENDROCYTE_DIFFERENTIATION	-0.26775795413872633			
BRN2_01	-0.2677585139340239			
GSE24081_CONTROLLER_VS_PROGRESSOR_HIV_SPECIFIC_CD8_TCELL_UP	-0.2677598994746524			
GSE22886_NAIVE_CD4_TCELL_VS_MEMORY_TCELL_DN	-0.2677702968954855			
GSE12366_GC_VS_MEMORY_BCELL_UP	-0.26779294193112985			
REACTOME_P2Y_RECEPTORS	-0.2677948182900546			
GO_RESPONSE_TO_COPPER_ION	-0.2678084764759652			
GO_PHAGOPHORE_ASSEMBLY_SITE	-0.26781131575962513			
GSE6674_PL2_3_VS_ANTI_IGM_AND_CPG_STIM_BCELL_UP	-0.2678176022066134			
GSE45739_NRAS_KO_VS_WT_UNSTIM_CD4_TCELL_UP	-0.2678294278772431			
REACTOME_SIGNALING_BY_HEDGEHOG	-0.26783203007644524			
GO_NUCLEOTIDE_SUGAR_BIOSYNTHETIC_PROCESS	-0.26783519885707435			
MAHAJAN_RESPONSE_TO_IL1A_DN	-0.26783720504690406			
REACTOME_REGULATION_OF_MECP2_EXPRESSION_AND_ACTIVITY	-0.2678373126066059			
GSE24726_WT_VS_E2_2_KO_PDC_DAY6_POST_DELETION_UP	-0.26784561329070133			
GSE19772_CTRL_VS_HCMV_INF_MONOCYTES_AND_PI3K_INHIBITION_UP	-0.2678466092609302			
GRABARCZYK_BCL11B_TARGETS_UP	-0.2678566320033177			
EVI1_01	-0.2678590748835728			
MIR1285_5P	-0.26786666017459987			
GO_REGULATION_OF_CD8_POSITIVE_ALPHA_BETA_T_CELL_DIFFERENTIATION	-0.26787007333982943			
GO_10_FORMYLTETRAHYDROFOLATE_METABOLIC_PROCESS	-0.2678724420779105			
BIOCARTA_STATHMIN_PATHWAY	-0.2678794299447798			
GO_PROTEIN_PRENYLTRANSFERASE_ACTIVITY	-0.2678796016439193			
GO_MOLECULAR_CARRIER_ACTIVITY	-0.26788154638149086			
GSE21033_1H_VS_12H_POLYIC_STIM_DC_DN	-0.26788460706436656			
GSE6875_TCONV_VS_TREG_UP	-0.2678901514226584			
GO_GONADAL_MESODERM_DEVELOPMENT	-0.2678960531786511			
GO_CARDIAC_MUSCLE_TISSUE_MORPHOGENESIS	-0.26790333903222			
KOYAMA_SEMA3B_TARGETS_UP	-0.26790908396095586			
GSE17974_0H_VS_0.5H_IN_VITRO_ACT_CD4_TCELL_DN	-0.2679093018645939			
GO_RAN_GTPASE_BINDING	-0.2679202869369777			
GO_ENDOLYSOSOME	-0.26792226449375484			
GO_POSITIVE_REGULATION_OF_STORE_OPERATED_CALCIUM_CHANNEL_ACTIVITY	-0.267929498207319			
HAHTOLA_MYCOSIS_FUNGOIDES_UP	-0.2679388492249702			
CROONQUIST_NRAS_VS_STROMAL_STIMULATION_DN	-0.26794317167533			
TONKS_TARGETS_OF_RUNX1_RUNX1T1_FUSION_GRANULOCYTE_DN	-0.26794502258276054			
CTATGCA_MIR153	-0.26795320825069313			
GO_NEUROMUSCULAR_JUNCTION	-0.2679567714906946			
GO_POSITIVE_REGULATION_OF_TOR_SIGNALING	-0.2679775583895518			
GSE26343_WT_VS_NFAT5_KO_MACROPHAGE_LPS_STIM_UP	-0.26798103564555853			
MIR6775_3P	-0.2679820799958126			
GSE26343_WT_VS_NFAT5_KO_MACROPHAGE_UP	-0.2679857745318155			
GSE16451_CTRL_VS_WEST_EQUINE_ENC_VIRUS_MATURE_NEURON_CELL_LINE_DN	-0.26799474274139085			
GSE19825_NAIVE_VS_IL2RAHIGH_DAY3_EFF_CD8_TCELL_UP	-0.26801628072703104			
TSUDA_ALVEOLAR_SOFT_PART_SARCOMA	-0.2680286125286016			
REACTOME_NRIF_SIGNALS_CELL_DEATH_FROM_THE_NUCLEUS	-0.26802921096257953			
GO_SAGA_COMPLEX	-0.2680317197393407			
GO_LIPASE_BINDING	-0.2680587125754124			
GSE6259_33D1_POS_DC_VS_CD4_TCELL_UP	-0.26807261727087706			
LIN_NPAS4_TARGETS_DN	-0.2680761135824993			
TURJANSKI_MAPK14_TARGETS	-0.26807766959442186			
IPA_XRCC5_DN	-0.2680841090432467			
MILI_PSEUDOPODIA_CHEMOTAXIS_DN	-0.2680917415161907			
MIR4531	-0.2681041997049937			
GO_NEGATIVE_REGULATION_OF_RYANODINE_SENSITIVE_CALCIUM_RELEASE_CHANNEL_ACTIVITY	-0.26810848902248613			
GO_INVADOPODIUM	-0.26811467473295536			
GSE7460_CTRL_VS_TGFB_TREATED_ACT_FOXP3_MUT_TCONV_UP	-0.2681223356190632			
GSE11961_GERMINAL_CENTER_BCELL_DAY7_VS_GERMINAL_CENTER_BCELL_DAY40_DN	-0.2681231916693261			
GSE37301_MULTIPOTENT_PROGENITOR_VS_COMMON_LYMPHOID_PROGENITOR_UP	-0.26812895942978365			
GSE20152_HTNFA_OVERXPRESS_ANKLE_VS_CTRL_SPHK1_KO_ANKLE_DN	-0.2681468350267818			
LASTOWSKA_NEUROBLASTOMA_COPY_NUMBER_DN	-0.26815414174048546			
GO_PANTOTHENATE_METABOLIC_PROCESS	-0.2681565666566562			
GO_LUTEINIZATION	-0.2681610525560559			
GSE36476_CTRL_VS_TSST_ACT_40H_MEMORY_CD4_TCELL_OLD_UP	-0.26816298321672266			
GSE39820_CTRL_VS_IL1B_IL6_IL23A_CD4_TCELL_UP	-0.2681743216083108			
GO_POSITIVE_REGULATION_OF_PROTEIN_MODIFICATION_BY_SMALL_PROTEIN_CONJUGATION_OR_REMOVAL	-0.2681765557279362			
GO_PROTEIN_DEGLYCOSYLATION	-0.2681798790566143			
ESC_V6.5_UP_EARLY.V1_DN	-0.2681891962007161			
GO_RESPONSE_TO_HYDROGEN_PEROXIDE	-0.26820696639735603			
REACTOME_SIGNALING_BY_PDGFRA_TRANSMEMBRANE_JUXTAMEMBRANE_AND_KINASE_DOMAIN_MUTANTS	-0.2682098303512481			
MIR4718	-0.2682121115342472			
GO_RESPONSE_TO_DIACYL_BACTERIAL_LIPOPEPTIDE	-0.2682185654393655			
GO_MESENCHYMAL_TO_EPITHELIAL_TRANSITION_INVOLVED_IN_METANEPHROS_MORPHOGENESIS	-0.2682206992667029			
MIR610	-0.2682360878913939			
MIR146B_3P	-0.2682440113287512			
GSE3982_MAC_VS_BCELL_DN	-0.2682449159481			
chrYq11	-0.26825892293818987			
GO_REGULATION_OF_SPHINGOLIPID_BIOSYNTHETIC_PROCESS	-0.26826678334653525			
GSE42021_CD24INT_TREG_VS_CD24INT_TCONV_THYMUS_UP	-0.26827721963574724			
GO_REGULATION_OF_CELLULAR_COMPONENT_SIZE	-0.2682781802698783			
REACTOME_ERK_MAPK_TARGETS	-0.268293468638144			
BIOCARTA_ALK_PATHWAY	-0.2683023720930404			
GO_POSITIVE_REGULATION_OF_ER_ASSOCIATED_UBIQUITIN_DEPENDENT_PROTEIN_CATABOLIC_PROCESS	-0.26830924718174126			
chr9p22	-0.2683235619998785			
ACATTCC_MIR1_MIR206	-0.26832432508785004			
GO_GLYCOPROTEIN_METABOLIC_PROCESS	-0.26833480547371547			
GAUSSMANN_MLL_AF4_FUSION_TARGETS_C_DN	-0.26833618976953955			
GSE26669_CTRL_VS_COSTIM_BLOCK_MLR_CD4_TCELL_UP	-0.2683376472811221			
GSE14699_NAIVE_VS_ACT_CD8_TCELL_DN	-0.2683444056133872			
GO_POSITIVE_REGULATION_OF_ATP_BIOSYNTHETIC_PROCESS	-0.268346541744382			
PID_EPHRINB_REV_PATHWAY	-0.26835111994948796			
GO_RESPONSE_TO_ANTIMETABOLITE	-0.2683590141042007			
chr10p12	-0.2683664408440392			
MIR6732_3P	-0.2683714861747254			
GO_POSITIVE_REGULATION_OF_MEMBRANE_PROTEIN_ECTODOMAIN_PROTEOLYSIS	-0.2683764573589085			
GO_PROTEIN_LOCALIZATION_TO_MICROTUBULE_ORGANIZING_CENTER	-0.26838327981783944			
BIOCARTA_ATRBRCA_PATHWAY	-0.2683857565081714			
GSE37533_PPARG2_FOXP3_VS_FOXP3_TRANSDUCED_CD4_TCELL_PIOGLITAZONE_TREATED_DN	-0.2683872883313703			
GO_NEGATIVE_REGULATION_OF_MATRIX_METALLOPEPTIDASE_SECRETION	-0.26839707249286043			
GSE360_T_GONDII_VS_B_MALAYI_HIGH_DOSE_MAC_UP	-0.2684004025614467			
GSE11924_TFH_VS_TH2_CD4_TCELL_UP	-0.2684028685882725			
HAHTOLA_CTCL_PATHOGENESIS	-0.2684162541817582			
GSE3039_NKT_CELL_VS_B1_BCELL_UP	-0.26842053195201626			
REACTOME_VASOPRESSIN_LIKE_RECEPTORS	-0.26843245417637024			
GO_NEGATIVE_CHEMOTAXIS	-0.2684337361836846			
GSE23308_CTRL_VS_CORTICOSTERONE_TREATED_MACROPHAGE_DN	-0.2684498164044068			
GO_RESPONSE_TO_ESTRADIOL	-0.26844992533859696			
GSE17721_POLYIC_VS_CPG_12H_BMDC_DN	-0.2684521870523296			
GSE7509_FCGRIIB_VS_TNFA_IL1B_IL6_PGE_STIM_DC_DN	-0.26845279012648793			
GO_OVULATION_CYCLE	-0.26845640551185956			
PUJANA_ATM_PCC_NETWORK	-0.268473353768365			
REACTOME_RAB_REGULATION_OF_TRAFFICKING	-0.268479150825406			
GO_POLY_A_BINDING	-0.2684956089527294			
GSE2706_UNSTIM_VS_8H_LPS_AND_R848_DC_UP	-0.26850004278969714			
GO_POSITIVE_REGULATION_OF_MUSCLE_ADAPTATION	-0.2685027603377328			
MIR6729_3P	-0.2685064516485221			
REACTOME_CLEC7A_DECTIN_1_SIGNALING	-0.2685173790231639			
GO_CELLULAR_COMPONENT_DISASSEMBLY	-0.2685305771626444			
REACTOME_PHASE_0_RAPID_DEPOLARISATION	-0.26853500357350907			
REACTOME_CA_DEPENDENT_EVENTS	-0.2685373084928869			
GO_NUCLEAR_TRANSCRIBED_MRNA_CATABOLIC_PROCESS_DEADENYLATION_INDEPENDENT_DECAY	-0.2685623272613335			
GSE40666_NAIVE_VS_EFFECTOR_CD8_TCELL_UP	-0.2685702912767708			
GO_PREFOLDIN_COMPLEX	-0.2685887962026279			
TONKS_TARGETS_OF_RUNX1_RUNX1T1_FUSION_SUSTAINED_IN_MONOCYTE_UP	-0.26860003444908337			
REACTOME_CILIUM_ASSEMBLY	-0.26860024349454725			
GO_LUTEINIZING_HORMONE_SECRETION	-0.26860586612924336			
GO_PROTEIN_PHOSPHATASE_TYPE_1_COMPLEX	-0.2686083664308777			
ELK1_01	-0.26861123650219754			
REACTOME_KERATAN_SULFATE_KERATIN_METABOLISM	-0.26862084999312175			
RYAAAKNNNNNNTTGW_UNKNOWN	-0.26862385252562826			
GO_METHYLATION_DEPENDENT_CHROMATIN_SILENCING	-0.26863001507343115			
VANHARANTA_UTERINE_FIBROID_UP	-0.2686412298769292			
GO_CLATHRIN_COAT_OF_COATED_PIT	-0.2686454330282349			
GSE2770_IL12_ACT_VS_ACT_CD4_TCELL_6H_DN	-0.2686516335968387			
SONG_TARGETS_OF_IE86_CMV_PROTEIN	-0.2686538959915458			
JAZAERI_BREAST_CANCER_BRCA1_VS_BRCA2_UP	-0.26866069401310966			
GSE15330_LYMPHOID_MULTIPOTENT_VS_MEGAKARYOCYTE_ERYTHROID_PROGENITOR_DN	-0.2686709379977519			
REACTOME_THE_ACTIVATION_OF_ARYLSULFATASES	-0.2687045316930957			
GSE7852_LN_VS_FAT_TREG_DN	-0.2687072055055787			
GSE14308_TH1_VS_TH17_DN	-0.2687078799756395			
MIR181B_2_3P_MIR181B_3P	-0.2687151763135336			
MIR1290	-0.2687198881882805			
GSE40274_FOXP3_VS_FOXP3_AND_XBP1_TRANSDUCED_ACTIVATED_CD4_TCELL_UP	-0.26872472599352265			
GO_PROTEIN_O_LINKED_FUCOSYLATION	-0.26873353482672646			
KIM_WT1_TARGETS_8HR_DN	-0.2687388311578146			
IPA_IRF9_DN	-0.2687402893438965			
BIOCARTA_TSP1_PATHWAY	-0.26874137861478054			
GO_NEGATIVE_REGULATION_OF_INTERLEUKIN_6_BIOSYNTHETIC_PROCESS	-0.26875609435331854			
CASTELLANO_NRAS_TARGETS_DN	-0.268762004463069			
GO_RESPONSE_TO_L_ASCORBIC_ACID	-0.2687850521974243			
LANDIS_ERBB2_BREAST_PRENEOPLASTIC_DN	-0.2687932253408162			
MIR548AQ_5P	-0.26879820611145233			
REACTOME_ADENYLATE_CYCLASE_INHIBITORY_PATHWAY	-0.2688550328575032			
GSE17301_CTRL_VS_48H_ACD3_ACD28_IFNA5_STIM_CD8_TCELL_DN	-0.26886053339365296			
MIR6895_3P	-0.26889475557688364			
GSE9650_EFFECTOR_VS_EXHAUSTED_CD8_TCELL_UP	-0.2689016178395533			
GO_PRESYNAPTIC_DENSE_CORE_VESICLE_EXOCYTOSIS	-0.2689054408181233			
KEGG_REGULATION_OF_AUTOPHAGY	-0.26890686983892886			
CUI_TCF21_TARGETS_UP	-0.26891371975558415			
MIR5579_5P	-0.2689144107138266			
GO_G_PROTEIN_COUPLED_RECEPTOR_SIGNALING_PATHWAY_INVOLVED_IN_HEART_PROCESS	-0.2689198136528693			
GO_DEVELOPMENTAL_INDUCTION	-0.2689289784548963			
GO_REGULATION_OF_FEEDING_BEHAVIOR	-0.2689384570654513			
TRIP13_TARGET_GENES	-0.26895274829985144			
GO_VESICLE_UNCOATING	-0.2689595241931833			
GO_PINOCYTOSIS	-0.26895962693015124			
GO_TRNA_THIO_MODIFICATION	-0.26896669645010723			
GO_PHOSPHATIDYLINOSITOL_DEPHOSPHORYLATION	-0.26897020074878486			
REACTOME_DEGRADATION_OF_DVL	-0.2689770089768324			
GO_RIBOSOMAL_SMALL_SUBUNIT_BINDING	-0.26897960567803114			
MIR6791_3P	-0.26899885656371414			
MIR3671	-0.26900289879395156			
IPA_XBP1_UP	-0.2690048933697406			
GSE5589_LPS_VS_LPS_AND_IL10_STIM_IL6_KO_MACROPHAGE_180MIN_UP	-0.2690062826464663			
GO_REGULATION_OF_ERAD_PATHWAY	-0.2690062903489709			
REACTOME_ERYTHROPOIETIN_ACTIVATES_RAS	-0.26900725733612996			
GSE17974_0.5H_VS_72H_UNTREATED_IN_VITRO_CD4_TCELL_UP	-0.2690160269610851			
GSE9037_CTRL_VS_LPS_1H_STIM_IRAK4_KO_BMDM_UP	-0.26902142864849554			
GO_REGULATION_OF_CARDIAC_MUSCLE_CELL_DIFFERENTIATION	-0.2690229460433026			
MORI_PRE_BI_LYMPHOCYTE_UP	-0.2690256204557144			
MIR124_5P	-0.26903323733505935			
PLASARI_TGFB1_TARGETS_1HR_DN	-0.26903537642747466			
GSE43956_WT_VS_SGK1_KO_TH17_DIFFERENTIATED_CD4_TCELL_UP	-0.26903793775577445			
GO_ASTROCYTE_DIFFERENTIATION	-0.26904311807340836			
GO_REGULATION_OF_MITOPHAGY	-0.2690437418620063			
chr5q12	-0.2690483664213181			
GSE1460_INTRATHYMIC_T_PROGENITOR_VS_CD4_THYMOCYTE_UP	-0.2690491072585923			
GO_GLIAL_CELL_DERIVED_NEUROTROPHIC_FACTOR_RECEPTOR_ACTIVITY	-0.26905153858425973			
KORKOLA_YOLK_SAC_TUMOR	-0.2690593261877337			
RUIZ_TNC_TARGETS_UP	-0.2690805159530474			
GO_POLY_PURINE_TRACT_BINDING	-0.26908721965862636			
GO_MANNOSE_BINDING	-0.26909203269221627			
GO_RESPONSE_TO_ANGIOTENSIN	-0.2691060963477294			
MIR3646	-0.2691217923376897			
GO_MYELOID_PROGENITOR_CELL_DIFFERENTIATION	-0.2691364277579762			
GSE22886_NAIVE_BCELL_VS_BLOOD_PLASMA_CELL_DN	-0.26915272883006486			
GO_EOSINOPHIL_CHEMOTAXIS	-0.2691587765245706			
GSE45382_UNTREATED_VS_TGFB_TREATED_MACROPHAGES_DN	-0.2691826288984789			
GO_THROMBIN_ACTIVATED_RECEPTOR_ACTIVITY	-0.26918388362898865			
CAVARD_LIVER_CANCER_MALIGNANT_VS_BENIGN	-0.2691848089644171			
CAHOY_ASTROGLIAL	-0.26918694067957893			
MIR328_5P	-0.2691895953601818			
GSE27786_LSK_VS_CD8_TCELL_UP	-0.26919199065575133			
LEE_METASTASIS_AND_ALTERNATIVE_SPLICING_UP	-0.26919803038394013			
REACTOME_COOPERATION_OF_PDCL_PHLP1_AND_TRIC_CCT_IN_G_PROTEIN_BETA_FOLDING	-0.2692007349237456			
REACTOME_MULTIFUNCTIONAL_ANION_EXCHANGERS	-0.269210285786498			
GSE3982_DC_VS_NKCELL_DN	-0.26922697489907244			
GO_PLATELET_DERIVED_GROWTH_FACTOR_RECEPTOR_BETA_SIGNALING_PATHWAY	-0.26923540661436557			
GO_BARBED_END_ACTIN_FILAMENT_CAPPING	-0.2692596861413054			
MIR216A_5P	-0.2692660257945697			
GO_LIPID_TRANSLOCATION	-0.2692804989987855			
MIR6748_5P	-0.26928084511709977			
GO_REGULATION_OF_MIDBRAIN_DOPAMINERGIC_NEURON_DIFFERENTIATION	-0.2692951177729297			
GO_HISTONE_KINASE_ACTIVITY	-0.2693040831492596			
GO_CELLULAR_RESPONSE_TO_NUTRIENT	-0.2693063170444005			
VANOEVELEN_MYOGENESIS_SIN3A_TARGETS	-0.2693089929148128			
BIOCARTA_CDC42RAC_PATHWAY	-0.26931170316602077			
GSE1791_CTRL_VS_NEUROMEDINU_IN_T_CELL_LINE_12H_DN	-0.2693345717959524			
GO_POSITIVE_REGULATION_OF_WOUND_HEALING	-0.2693403015609896			
GO_ENDOPLASMIC_RETICULUM	-0.26934258075638146			
GO_INTERFERON_GAMMA_BIOSYNTHETIC_PROCESS	-0.2693537118291188			
GO_UBIQUITIN_PROTEIN_TRANSFERASE_INHIBITOR_ACTIVITY	-0.26936605853759177			
GSE17721_CTRL_VS_POLYIC_6H_BMDC_DN	-0.26939387133225173			
REACTOME_TAK1_ACTIVATES_NFKB_BY_PHOSPHORYLATION_AND_ACTIVATION_OF_IKKS_COMPLEX	-0.269396226922314			
REACTOME_SLBP_DEPENDENT_PROCESSING_OF_REPLICATION_DEPENDENT_HISTONE_PRE_MRNAS	-0.2694561737116391			
GSE43955_TH0_VS_TGFB_IL6_TH17_ACT_CD4_TCELL_60H_UP	-0.2694562917384058			
REACTOME_NEGATIVE_FEEDBACK_REGULATION_OF_MAPK_PATHWAY	-0.26945854093524874			
GO_REGULATION_OF_ACTIN_FILAMENT_BUNDLE_ASSEMBLY	-0.26946042849519214			
IPA_FOSB_UP	-0.2694606507382317			
GO_POSITIVE_REGULATION_OF_ACTIN_FILAMENT_BUNDLE_ASSEMBLY	-0.26946582020938964			
MIR7843_5P	-0.26946601665599984			
MIR6788_5P	-0.2694772463918576			
EGR3_01	-0.2694780246542765			
GSE37533_UNTREATED_VS_PIOGLIZATONE_TREATED_CD4_TCELL_PPARG1_AND_FOXP3_TRASDUCED_DN	-0.2694787611344508			
GO_METANEPHRIC_S_SHAPED_BODY_MORPHOGENESIS	-0.26947889064433395			
SHAFFER_IRF4_TARGETS_IN_ACTIVATED_B_LYMPHOCYTE	-0.2695012879888854			
MIR1301_3P_MIR5047	-0.26950358053240736			
GSE1460_INTRATHYMIC_T_PROGENITOR_VS_DP_THYMOCYTE_UP	-0.2695138242599544			
GO_MYOSIN_LIGHT_CHAIN_BINDING	-0.269532040228061			
GO_POSITIVE_REGULATION_OF_TRANSLATION	-0.2695403793236754			
GO_MEMBRANE_FISSION	-0.2695541004781094			
GO_LYMPHANGIOGENESIS	-0.2695617780706226			
GO_REGULATION_OF_CELLULAR_CATABOLIC_PROCESS	-0.2695643924231682			
REACTOME_METABOLISM_OF_PORPHYRINS	-0.2695751549510151			
GSE2770_UNTREATED_VS_IL4_TREATED_ACT_CD4_TCELL_48H_UP	-0.26957891357509456			
GSE3039_ALPHAALPHA_CD8_TCELL_VS_B2_BCELL_UP	-0.2695830393662789			
GO_DNA_DEMETHYLATION	-0.2695852371452514			
GO_LYMPH_VESSEL_MORPHOGENESIS	-0.2696002924209131			
GO_THROMBOPOIETIN_MEDIATED_SIGNALING_PATHWAY	-0.269610708046267			
KEGG_CELL_CYCLE	-0.2696108247082771			
REACTOME_INTERLEUKIN_20_FAMILY_SIGNALING	-0.26961672077086984			
MIR7_5P	-0.2696180316358982			
GO_REPLACEMENT_OSSIFICATION	-0.2696213723685797			
CDX2_Q5	-0.2696356489801867			
REACTOME_FASL_CD95L_SIGNALING	-0.269639120803563			
SOX10_TARGET_GENES	-0.26964504210233287			
MIR103A_2_5P	-0.26965613071203953			
GO_REGULATION_OF_TYPE_I_INTERFERON_MEDIATED_SIGNALING_PATHWAY	-0.2696562157331302			
GSE24210_IL35_TREATED_VS_UNTREATED_TCONV_CD4_TCELL_DN	-0.2696572396479388			
MIR541_3P	-0.2696582363366455			
GO_CELL_ADHESION_MOLECULE_PRODUCTION	-0.26965946525547857			
GSE16385_ROSIGLITAZONE_VS_UNTREATED_IFNG_TNF_STIM_MACROPHAGE_UP	-0.26966816149678013			
ZWANG_CLASS_1_TRANSIENTLY_INDUCED_BY_EGF	-0.2696769738800414			
REACTOME_IRF3_MEDIATED_INDUCTION_OF_TYPE_I_IFN	-0.2696778070743712			
GO_REGULATION_OF_ACROSOME_REACTION	-0.2696782364366429			
GO_PLATELET_DERIVED_GROWTH_FACTOR_RECEPTOR_ALPHA_SIGNALING_PATHWAY	-0.2696944967009785			
GSE13547_WT_VS_ZFX_KO_BCELL_ANTI_IGM_STIM_12H_DN	-0.26969697371400114			
GSE7348_UNSTIM_VS_TOLERIZED_AND_LPS_STIM_MACROPHAGE_UP	-0.2697038359749146			
GSE22342_CD11C_HIGH_VS_LOW_DECIDUAL_MACROPHAGES_UP	-0.26970646559721007			
BLALOCK_ALZHEIMERS_DISEASE_UP	-0.26970885286727836			
ZHAN_MULTIPLE_MYELOMA_MF_UP	-0.2697094298640281			
MIR6807_3P	-0.2697229169151665			
MIR378A_3P_MIR378C_MIR378D_MIR378I	-0.26972733488206424			
GSE15139_GMCSF_TREATED_VS_UNTREATED_NEUTROPHILS_DN	-0.2697298417115963			
MIR1204	-0.26973377713308566			
GO_HIGH_DENSITY_LIPOPROTEIN_PARTICLE_ASSEMBLY	-0.26975092430252023			
chr3p26	-0.2697621463879878			
REACTOME_PRC2_METHYLATES_HISTONES_AND_DNA	-0.26976512069594943			
IPA_EP400_UP	-0.2697670158168936			
GSE3982_MAC_VS_NEUTROPHIL_LPS_STIM_UP	-0.2697686209744732			
GO_AUTOPHAGY_OF_MITOCHONDRION	-0.26977731509296743			
GO_POSITIVE_REGULATION_OF_HISTONE_H3_K27_METHYLATION	-0.26981115046649967			
GSE9037_WT_VS_IRAK4_KO_BMDM_DN	-0.26981189387524795			
HMGIY_Q6	-0.26982375515268747			
GO_POSITIVE_REGULATION_OF_BLOOD_VESSEL_ENDOTHELIAL_CELL_PROLIFERATION_INVOLVED_IN_SPROUTING_ANGIOGENESIS	-0.2698279232066997			
PID_ERBB1_INTERNALIZATION_PATHWAY	-0.26984116351812576			
GSE9006_HEALTHY_VS_TYPE_2_DIABETES_PBMC_AT_DX_UP	-0.26985236244919225			
CATGTAA_MIR496	-0.26985396072642664			
GO_INTERFERON_GAMMA_SECRETION	-0.2698563935427355			
GO_SMOOTHENED_SIGNALING_PATHWAY	-0.2698601688076433			
GO_NEGATIVE_REGULATION_OF_DNA_BINDING_TRANSCRIPTION_FACTOR_ACTIVITY	-0.26987193254599967			
GSE43700_UNTREATED_VS_IL10_TREATED_PBMC_DN	-0.26987471929733753			
GSE5142_CTRL_VS_HTERT_TRANSDUCED_CD8_TCELL_EARLY_PASSAGE_CLONE_DN	-0.26987691335915515			
MEF2_04	-0.26987724143384206			
GSE37534_GW1929_VS_PIOGLITAZONE_TREATED_CD4_TCELL_PPARG1_FOXP3_TRANSDUCED_UP	-0.26988085952449054			
GSE23695_CD57_POS_VS_NEG_NK_CELL_DN	-0.2698864992216456			
MIR4646_5P	-0.2698990496945179			
GSE43955_1H_VS_20H_ACT_CD4_TCELL_WITH_TGFB_IL6_UP	-0.2699017656915158			
GO_METANEPHRIC_LOOP_OF_HENLE_DEVELOPMENT	-0.2699118223363961			
IPA_HDAC6_DN	-0.26991205412039476			
MIR1273C	-0.26991320208721387			
GO_PHOSPHATIDYLINOSITOL_PHOSPHATE_KINASE_ACTIVITY	-0.26995224398392914			
GO_PHOTORECEPTOR_ACTIVITY	-0.26996349845425477			
MIR193B_5P	-0.2699659186061996			
GO_NEGATIVE_REGULATION_OF_OSSIFICATION	-0.26997901260897317			
CALVET_IRINOTECAN_SENSITIVE_VS_REVERTED_DN	-0.26998640808764696			
AGARWAL_AKT_PATHWAY_TARGETS	-0.2699884760269182			
BALDWIN_PRKCI_TARGETS_UP	-0.26999081765724			
GSE8921_UNSTIM_VS_TLR1_2_STIM_MONOCYTE_12H_UP	-0.2699971735396857			
IPA_GLI3_DN	-0.2700000666182504			
GO_POSITIVE_REGULATION_OF_PROTEIN_LOCALIZATION_TO_CELL_SURFACE	-0.2700028771201881			
GO_NEGATIVE_REGULATION_OF_PROTEIN_EXPORT_FROM_NUCLEUS	-0.2700064005128797			
GSE3982_MAST_CELL_VS_MAC_UP	-0.2700106815188354			
REACTOME_ADENYLATE_CYCLASE_ACTIVATING_PATHWAY	-0.270024752244255			
GSE17721_CPG_VS_GARDIQUIMOD_16H_BMDC_DN	-0.2700355583356142			
GSE21360_PRIMARY_VS_SECONDARY_MEMORY_CD8_TCELL_DN	-0.27004778858942513			
GO_GROWTH_INVOLVED_IN_HEART_MORPHOGENESIS	-0.2700589271335129			
BERENJENO_TRANSFORMED_BY_RHOA_UP	-0.270059951014539			
GO_POSITIVE_REGULATION_OF_PHOSPHATIDYLINOSITOL_BIOSYNTHETIC_PROCESS	-0.2700699135277807			
GSE22601_DOUBLE_NEGATIVE_VS_IMMATURE_CD4_SP_THYMOCYTE_DN	-0.27007282330209526			
GO_RIBONUCLEOTIDE_CATABOLIC_PROCESS	-0.27008774366499777			
MIR1237_3P	-0.2700972832438859			
GO_CHROMO_SHADOW_DOMAIN_BINDING	-0.2700977030821445			
FONTAINE_THYROID_TUMOR_UNCERTAIN_MALIGNANCY_DN	-0.27010463056157796			
ZNF776_TARGET_GENES	-0.27011358728210283			
MIR6768_3P	-0.27011943837858576			
IPA_NCOR2_UP	-0.2701362354967962			
GO_GALACTOSE_CATABOLIC_PROCESS_VIA_UDP_GALACTOSE	-0.27015249697660176			
REACTOME_ACTIVATION_OF_NIMA_KINASES_NEK9_NEK6_NEK7	-0.27015844580067405			
REACTOME_RESOLUTION_OF_SISTER_CHROMATID_COHESION	-0.27015945520342916			
BACOLOD_RESISTANCE_TO_ALKYLATING_AGENTS_UP	-0.2701599560609746			
GO_AROMATIC_AMINO_ACID_TRANSPORT	-0.2701630275812183			
GSE13522_CTRL_VS_T_CRUZI_BRAZIL_STRAIN_INF_SKIN_UP	-0.2701686719332238			
GO_NEGATIVE_REGULATION_OF_FATTY_ACID_BIOSYNTHETIC_PROCESS	-0.2701791555364894			
LANDIS_ERBB2_BREAST_TUMORS_324_DN	-0.270189266540138			
MIR11401	-0.2701899253846722			
GSE8921_UNSTIM_0H_VS_TLR1_2_STIM_MONOCYTE_24H_UP	-0.27019943546601294			
GSE22886_NAIVE_CD8_TCELL_VS_NEUTROPHIL_UP	-0.2702045038225357			
GSE37301_COMMON_LYMPHOID_PROGENITOR_VS_GRAN_MONO_PROGENITOR_DN	-0.27021579606635143			
MIR6846_3P	-0.2702188570093195			
MIR203B_3P	-0.27022573391292015			
GSE15330_MEGAKARYOCYTE_ERYTHROID_VS_GRANULOCYTE_MONOCYTE_PROGENITOR_IKAROS_KO_DN	-0.2702296457923639			
GSE14413_UNSTIM_VS_IFNB_STIM_NIH3T3_CELLS_DN	-0.27023095437613975			
GO_KERATAN_SULFATE_METABOLIC_PROCESS	-0.2702360511104255			
CHEN_HOXA5_TARGETS_9HR_DN	-0.2702449944960389			
GO_CALCIUM_ION_IMPORT	-0.2702556340514911			
GSE14413_UNSTIM_VS_IFNB_STIM_L929_CELLS_UP	-0.2702607645684689			
GSE5099_UNSTIM_VS_MCSF_TREATED_MONOCYTE_DAY3_DN	-0.27026261092839543			
GO_NEGATIVE_REGULATION_OF_PROTEIN_IMPORT_INTO_NUCLEUS	-0.27026870333192676			
GO_EPITHELIAL_CELL_DIFFERENTIATION_INVOLVED_IN_KIDNEY_DEVELOPMENT	-0.2702698980097556			
IPA_NR1H4_DN	-0.27027175114043206			
GO_COENZYME_TRANSPORT	-0.27030665894583655			
FIGUEROA_AML_METHYLATION_CLUSTER_3_DN	-0.2703220689317851			
GO_NEGATIVE_REGULATION_OF_NUCLEASE_ACTIVITY	-0.27032220241784227			
GO_POSITIVE_REGULATION_OF_SYNAPTIC_VESICLE_CLUSTERING	-0.2703292010237187			
MIR654_5P	-0.2703549968804537			
REACTOME_SIGNALING_BY_FGFR1_IN_DISEASE	-0.270364435682483			
MIR4736	-0.2703818506094026			
GO_DISRUPTION_BY_HOST_OF_SYMBIONT_CELLS	-0.27038267063961874			
FIGUEROA_AML_METHYLATION_CLUSTER_4_UP	-0.2703970263512656			
BORCZUK_MALIGNANT_MESOTHELIOMA_DN	-0.2704014215367742			
SCHAEFFER_PROSTATE_DEVELOPMENT_12HR_DN	-0.27042244441755076			
MIR3679_3P	-0.2704230025197089			
IPA_MYOD1_UP	-0.2704384326366165			
AMEF2_Q6	-0.27045343117229426			
GSE42088_2H_VS_24H_LEISHMANIA_INF_DC_DN	-0.27045652724501645			
MIR3663_5P	-0.27045912017338003			
BIOCARTA_AKT_PATHWAY	-0.2704622558903404			
MIR2054	-0.2704863065575171			
GSE2770_TGFB_AND_IL4_VS_IL4_TREATED_ACT_CD4_TCELL_6H_DN	-0.27049462545217046			
ZNF354C_TARGET_GENES	-0.2704968381451787			
VETTER_TARGETS_OF_PRKCA_AND_ETS1_UP	-0.27050148564635595			
KIM_MYCN_AMPLIFICATION_TARGETS_DN	-0.2705035815010658			
GO_SPHINGOLIPID_MEDIATED_SIGNALING_PATHWAY	-0.2705041075654859			
FOXF1_TARGET_GENES	-0.27051431917485586			
GSE39110_UNTREATED_VS_IL2_TREATED_CD8_TCELL_DAY3_POST_IMMUNIZATION_DN	-0.27052289535501495			
GSE17721_0.5H_VS_4H_GARDIQUIMOD_BMDC_DN	-0.2705336772012421			
IPA_ZBTB7A_DN	-0.2705419605303819			
GO_MUSCLE_FIBER_DEVELOPMENT	-0.2705595729602676			
GSE29617_CTRL_VS_DAY3_TIV_FLU_VACCINE_PBMC_2008_DN	-0.2705600227699625			
MORI_LARGE_PRE_BII_LYMPHOCYTE_UP	-0.27056234635703597			
MIR487A_5P	-0.27057058669184547			
GO_NEUROTROPHIN_TRK_RECEPTOR_SIGNALING_PATHWAY	-0.2705740211223044			
GO_REGULATION_OF_DOPAMINE_UPTAKE_INVOLVED_IN_SYNAPTIC_TRANSMISSION	-0.2705777849329219			
REACTOME_TRYPTOPHAN_CATABOLISM	-0.27059056091881467			
GSE3982_CTRL_VS_PMA_STIM_EOSINOPHIL_UP	-0.27065148147554957			
GO_PRE_MIRNA_PROCESSING	-0.2706551285105672			
GO_MODULATION_BY_VIRUS_OF_HOST_MORPHOLOGY_OR_PHYSIOLOGY	-0.2706631834927953			
GO_POSITIVE_REGULATION_OF_EPITHELIAL_TO_MESENCHYMAL_TRANSITION_INVOLVED_IN_ENDOCARDIAL_CUSHION_FORMATION	-0.2706649851188708			
GSE24634_NAIVE_CD4_TCELL_VS_DAY3_IL4_CONV_TREG_UP	-0.2706758774370435			
HUANG_FOXA2_TARGETS_DN	-0.2706859793696223			
IPA_ELK1_DN	-0.2706894880366953			
GO_REGULATION_OF_TOLL_LIKE_RECEPTOR_2_SIGNALING_PATHWAY	-0.27068972338905145			
GSE29618_MONOCYTE_VS_PDC_DN	-0.27069695585380016			
GO_GAS_HOMEOSTASIS	-0.2706989624072289			
GSE22611_UNSTIM_VS_6H_MDP_STIM_MUTANT_NOD2_TRANSDUCED_HEK293T_CELL_DN	-0.27071360056986676			
GO_G_PROTEIN_BETA_SUBUNIT_BINDING	-0.27071639532498876			
GSE5589_LPS_VS_LPS_AND_IL6_STIM_IL6_KO_MACROPHAGE_45MIN_UP	-0.27072746662805924			
LOPES_METHYLATED_IN_COLON_CANCER_UP	-0.2707297096255885			
GO_DEFINITIVE_HEMOPOIESIS	-0.27073469589085675			
GENTILE_UV_RESPONSE_CLUSTER_D6	-0.27073584495112524			
MIR548Y	-0.27074256276851394			
AP1_Q6_01	-0.27074301154432284			
GSE21670_UNTREATED_VS_IL6_TREATED_STAT3_KO_CD4_TCELL_DN	-0.2707497463169677			
MIR4491	-0.2707713515539411			
IPA_EGR1_UP	-0.2707743833364626			
GSE21033_CTRL_VS_POLYIC_STIM_DC_6H_DN	-0.270778287606045			
PAX4_03	-0.27078276180135163			
KORKOLA_CHORIOCARCINOMA	-0.27078810284494703			
GO_REGULATION_OF_RIBONUCLEOPROTEIN_COMPLEX_LOCALIZATION	-0.2707884367387781			
BONCI_TARGETS_OF_MIR15A_AND_MIR16_1	-0.27078899385067384			
GSE43955_TH0_VS_TGFB_IL6_TH17_ACT_CD4_TCELL_20H_DN	-0.2707926021299668			
GSE9006_HEALTHY_VS_TYPE_1_DIABETES_PBMC_AT_DX_UP	-0.2707928859751083			
GO_AMYLOID_BETA_CLEARANCE_BY_TRANSCYTOSIS	-0.270794526448994			
MIR603	-0.27079623428764293			
GSE27786_NKTCELL_VS_MONO_MAC_DN	-0.27081246311146706			
MYLLYKANGAS_AMPLIFICATION_HOT_SPOT_16	-0.2708157164766386			
FLORIO_HUMAN_NEOCORTEX	-0.2708489972424069			
GO_INTERLEUKIN_2_RECEPTOR_BINDING	-0.2708736836673129			
GO_BRCA1_A_COMPLEX	-0.2708752167230077			
GSE24574_BCL6_HIGH_VS_LOW_TFH_CD4_TCELL_UP	-0.27089757019638405			
GSE23505_IL6_IL1_VS_IL6_IL1_IL23_TREATED_CD4_TCELL_UP	-0.27092481944686786			
MIR216B_3P	-0.27092562448459917			
GO_NEGATIVE_REGULATION_OF_BLOOD_CIRCULATION	-0.2709258182689729			
MIR186_5P	-0.2709483900869096			
CHEN_LVAD_SUPPORT_OF_FAILING_HEART_DN	-0.2709502889317438			
GO_GUANYL_NUCLEOTIDE_EXCHANGE_FACTOR_COMPLEX	-0.2709542552627855			
PARK_OSTEOBLAST_DIFFERENTIATION_BY_PHENYLAMIL_DN	-0.2709560036107388			
IPA_FOSL1_UP	-0.27097033912047674			
MAX_01	-0.2709722316169746			
REACTOME_INTRAFLAGELLAR_TRANSPORT	-0.27097276067679493			
GO_RESPONSE_TO_STEROL	-0.27097450531087736			
GO_OXYGEN_HOMEOSTASIS	-0.2709749023638523			
GO_NEGATIVE_REGULATION_OF_MACROPHAGE_CYTOKINE_PRODUCTION	-0.27097610185312104			
FERRANDO_HOX11_NEIGHBORS	-0.2709904083644396			
WANG_IMMORTALIZED_BY_HOXA9_AND_MEIS1_UP	-0.27099716421537606			
GO_UDP_GLUCOSYLTRANSFERASE_ACTIVITY	-0.27101338842528844			
GUTIERREZ_WALDENSTROEMS_MACROGLOBULINEMIA_1_UP	-0.271022484481536			
MIR4771	-0.2710363809912242			
MIR4667_3P	-0.2710401560675509			
GO_HEART_DEVELOPMENT	-0.2710479241304002			
HASLINGER_B_CLL_WITH_CHROMOSOME_12_TRISOMY	-0.27106017877008737			
GO_ACTIN_FILAMENT_DEPOLYMERIZATION	-0.27106535155023775			
IPA_NFIA_DN	-0.2710654898227329			
VANTVEER_BREAST_CANCER_BRCA1_UP	-0.271067807487033			
GO_CELLULAR_RESPONSE_TO_NITROGEN_STARVATION	-0.2710678843216583			
CHANG_IMMORTALIZED_BY_HPV31_UP	-0.27106997336918476			
GO_REGULATION_OF_INTERLEUKIN_17_SECRETION	-0.2710702517201553			
RASHI_RESPONSE_TO_IONIZING_RADIATION_1	-0.27108346113385207			
GO_GERM_CELL_PROLIFERATION	-0.27108543894425774			
GO_HOMEOSTASIS_OF_NUMBER_OF_CELLS_WITHIN_A_TISSUE	-0.27109405432951544			
GSE43700_UNTREATED_VS_IL10_TREATED_PBMC_UP	-0.2710982870563663			
GO_NEGATIVE_REGULATION_OF_PHOSPHATIDYLINOSITOL_3_KINASE_SIGNALING	-0.27109997913090467			
GSE17974_0H_VS_4H_IN_VITRO_ACT_CD4_TCELL_UP	-0.2711114480427338			
GSE360_T_GONDII_VS_M_TUBERCULOSIS_MAC_DN	-0.27111247016177853			
PRC2_EZH2_UP.V1_DN	-0.2711137235894658			
IPA_PARP1_DN	-0.2711239796246356			
GO_LAMELLIPODIUM_MORPHOGENESIS	-0.27112953524991984			
DACOSTA_UV_RESPONSE_VIA_ERCC3_DN	-0.27113699571493893			
GO_POSITIVE_REGULATION_OF_SIGNALING_RECEPTOR_ACTIVITY	-0.2711392134125416			
KEGG_GALACTOSE_METABOLISM	-0.2711437915725015			
GO_NEGATIVE_REGULATION_OF_SYNAPSE_ORGANIZATION	-0.2711515803108093			
GO_REGULATION_OF_T_HELPER_17_CELL_LINEAGE_COMMITMENT	-0.27115190334905465			
GO_FATZ_BINDING	-0.27115482869215973			
GO_NEGATIVE_REGULATION_OF_ERAD_PATHWAY	-0.27119162694714194			
AGTCTAG_MIR151	-0.2712064834326268			
MIR12125	-0.27120792861550086			
CORDENONSI_YAP_CONSERVED_SIGNATURE	-0.27123291353818196			
MIR1206	-0.2712369258223284			
MIR4256	-0.271247654370633			
chr6q22	-0.27126065000199723			
GSE40685_NAIVE_CD4_TCELL_VS_TREG_DN	-0.2712619645463233			
MIR3679_5P	-0.27127399737243435			
COATES_MACROPHAGE_M1_VS_M2_DN	-0.2712834771327421			
MIR6819_5P	-0.2712839970953412			
chr1q43	-0.27128537609925096			
MIR487B_5P	-0.2712870674232843			
GO_RECOGNITION_OF_APOPTOTIC_CELL	-0.27128805144480816			
HOFMANN_CELL_LYMPHOMA_UP	-0.2712970503548881			
MIR5002_5P	-0.27129724098276853			
GO_LIMBIC_SYSTEM_DEVELOPMENT	-0.27130017824505476			
IPA_IFI16_UP	-0.271306936028795			
GSE19941_UNSTIM_VS_LPS_STIM_IL10_KO_NFKBP50_KO_MACROPHAGE_UP	-0.2713141436818736			
GSE39820_TGFBETA1_VS_TGFBETA3_IN_IL6_TREATED_CD4_TCELL_UP	-0.27131825920877295			
GSE29617_CTRL_VS_DAY3_TIV_FLU_VACCINE_PBMC_2008_UP	-0.27133090771519747			
GO_RESPONSE_TO_OXYGEN_CONTAINING_COMPOUND	-0.2713374879907015			
GO_REGULATION_OF_NK_T_CELL_ACTIVATION	-0.27135302132691924			
REACTOME_ANTIGEN_PROCESSING_UBIQUITINATION_PROTEASOME_DEGRADATION	-0.27136374863436935			
GO_REGULATION_OF_INOSITOL_1_4_5_TRISPHOSPHATE_SENSITIVE_CALCIUM_RELEASE_CHANNEL_ACTIVITY	-0.2713665721343455			
DALESSIO_TSA_RESPONSE	-0.27137509882902366			
MIR6733_3P	-0.27138107927137883			
MIR4535	-0.2714089426746493			
GSE22282_HYPOXIA_VS_NORMOXIA_MYELOID_DC_DN	-0.27141638579512734			
GSE26495_PD1HIGH_VS_PD1LOW_CD8_TCELL_DN	-0.2714255519263932			
IPA_SNAI2_UP	-0.2714310577266033			
GO_ACTIN_FILAMENT_BASED_PROCESS	-0.2714400945712049			
MIR6796_3P	-0.2714624193532411			
MIR506_5P	-0.2714743843812127			
GO_POSITIVE_REGULATION_OF_CELL_SUBSTRATE_ADHESION	-0.27147443501408736			
MIR3190_3P	-0.2714745583497239			
GO_POSITIVE_REGULATION_OF_CALCIUM_ION_TRANSPORT	-0.2715061459458743			
GO_TYPE_I_TRANSFORMING_GROWTH_FACTOR_BETA_RECEPTOR_BINDING	-0.27150792230118276			
GSE41176_UNSTIM_VS_ANTI_IGM_STIM_BCELL_6H_UP	-0.27151111473191847			
GO_MANCHETTE	-0.2715192015927569			
GO_NEUROTRANSMITTER_REUPTAKE	-0.27151963145172403			
GSE1432_CTRL_VS_IFNG_1H_MICROGLIA_DN	-0.27152051184748127			
GO_REGULATION_OF_RYANODINE_SENSITIVE_CALCIUM_RELEASE_CHANNEL_ACTIVITY	-0.2715211110480886			
MIR9902	-0.2715348035278207			
MIR6810_3P	-0.2715385290603577			
CAGNYGKNAAA_UNKNOWN	-0.27154163069404286			
MIR4658	-0.27154677276783895			
GSE21063_WT_VS_NFATC1_KO_16H_ANTI_IGM_STIM_BCELL_DN	-0.27155921347437545			
GO_SIGNALING_ADAPTOR_ACTIVITY	-0.27156053679128866			
GSE16385_MONOCYTE_VS_12H_IL4_TREATED_MACROPHAGE_UP	-0.271563887292749			
GO_LYSINE_N_ACETYLTRANSFERASE_ACTIVITY_ACTING_ON_ACETYL_PHOSPHATE_AS_DONOR	-0.2715670223065725			
GO_REGULATION_OF_PROTEIN_K63_LINKED_UBIQUITINATION	-0.2715674644497401			
MIR1324	-0.2715778463297039			
GO_MACROPHAGE_INFLAMMATORY_PROTEIN_1_ALPHA_PRODUCTION	-0.27157870184960353			
GSE12845_NAIVE_VS_PRE_GC_TONSIL_BCELL_UP	-0.2716029398911442			
GO_ERAD_PATHWAY	-0.271606501098785			
REACTOME_VOLTAGE_GATED_POTASSIUM_CHANNELS	-0.2716097259236489			
GO_IMMUNOLOGICAL_MEMORY_FORMATION_PROCESS	-0.2716318822646808			
IPA_FLI1_DN	-0.2716366500045044			
GSE27786_LSK_VS_CD8_TCELL_DN	-0.2716386821704716			
GO_ERYTHROCYTE_HOMEOSTASIS	-0.2716564356844205			
GO_U3_SNORNA_BINDING	-0.27165655071894723			
GO_MITOTIC_CELL_CYCLE_ARREST	-0.2716649227680169			
GSE37319_WT_VS_RC3H1_KO_CD44LOW_CD8_TCELL_UP	-0.2716708467010348			
MIKKELSEN_PLURIPOTENT_STATE_DN	-0.2716861037620167			
GO_IDENTICAL_PROTEIN_BINDING	-0.27168996497211695			
GSE41978_ID2_KO_VS_ID2_KO_AND_BIM_KO_KLRG1_LOW_EFFECTOR_CD8_TCELL_DN	-0.2716936825323641			
GO_REGULATION_OF_TRANSFERASE_ACTIVITY	-0.2716971768421227			
GSE15930_STIM_VS_STIM_AND_TRICHOSTATINA_24H_CD8_T_CELL_DN	-0.2717017262682599			
GSE29164_DAY3_VS_DAY7_UNTREATED_MELANOMA_DN	-0.2717034727279088			
GSE1925_CTRL_VS_24H_IFNG_STIM_MACROPHAGE_UP	-0.2717124977441195			
BROWN_MYELOID_CELL_DEVELOPMENT_DN	-0.2717132322261632			
BACOLOD_RESISTANCE_TO_ALKYLATING_AGENTS_DN	-0.2717142327691516			
GO_POSITIVE_REGULATION_OF_GLOMERULUS_DEVELOPMENT	-0.27171608826325994			
MIR2110	-0.27171650768939165			
ALONSO_METASTASIS_NEURAL_UP	-0.27172623261049156			
GSE17580_UNINFECTED_VS_S_MANSONI_INF_TREG_DN	-0.2717391317794004			
MIR200A_5P	-0.2717415036909367			
GSE17974_CTRL_VS_ACT_IL4_AND_ANTI_IL12_6H_CD4_TCELL_DN	-0.27174217519270144			
GO_ELASTIN_CATABOLIC_PROCESS	-0.27174422977983553			
IPA_POU3F1_DN	-0.27174512195017947			
OCT1_B	-0.27175386856825584			
GO_ANDROGEN_RECEPTOR_BINDING	-0.27176363421111904			
MIR12130	-0.27176801645138776			
IPA_IKZF1_UP	-0.27176853209243595			
GSE21379_TFH_VS_NON_TFH_SAP_KO_CD4_TCELL_DN	-0.27177076948335166			
GO_POSITIVE_REGULATION_OF_CYTOPLASMIC_TRANSPORT	-0.2717736929492641			
GSE23114_PERITONEAL_CAVITY_B1A_BCELL_VS_SPLEEN_BCELL_UP	-0.2717753061431096			
BENPORATH_ES_2	-0.27177614695028063			
GSE3920_IFNB_VS_IFNG_TREATED_ENDOTHELIAL_CELL_DN	-0.2717895581813596			
GSE21063_CTRL_VS_ANTI_IGM_STIM_BCELL_NFATC1_KO_8H_UP	-0.27179091395065336			
GSE17974_1H_VS_72H_UNTREATED_IN_VITRO_CD4_TCELL_DN	-0.2717970559342315			
GO_REGULATION_OF_CELLULAR_KETONE_METABOLIC_PROCESS	-0.2717999419275885			
MIR668_3P	-0.27181304045787347			
GO_TRANSMEMBRANE_RECEPTOR_PROTEIN_SERINE_THREONINE_KINASE_SIGNALING_PATHWAY	-0.27183235759148766			
PHONG_TNF_RESPONSE_VIA_P38_COMPLETE	-0.2718708955854263			
GO_REGULATION_OF_ATRIAL_CARDIAC_MUSCLE_CELL_MEMBRANE_REPOLARIZATION	-0.2718716806376566			
MIR5693	-0.27187466889385226			
GO_SUMO_LIGASE_COMPLEX	-0.27188267003449973			
BIOCARTA_FMLP_PATHWAY	-0.2718937546424659			
GO_MITOCHONDRIAL_FUSION	-0.271902090692632			
SOX15_TARGET_GENES	-0.27191526777112895			
GO_POSITIVE_REGULATION_OF_MONOCYTE_CHEMOTAXIS	-0.2719166743320814			
GSE43955_TH0_VS_TGFB_IL6_IL23_TH17_ACT_CD4_TCELL_52H_UP	-0.2719336683286387			
IPA_ELF4_DN	-0.27193644703094594			
GO_MUSCLE_TISSUE_DEVELOPMENT	-0.27193673877118407			
GO_REGULATION_OF_BILE_ACID_METABOLIC_PROCESS	-0.27195426780374965			
GO_ZINC_ION_BINDING	-0.2719817265494057			
GO_RESPIRATORY_BURST	-0.2719827871579496			
DOANE_BREAST_CANCER_CLASSES_DN	-0.2719831697423935			
SABATES_COLORECTAL_ADENOMA_SIZE_UP	-0.2719868145833236			
MIR23B_5P	-0.27200192221237124			
PCGF6_TARGET_GENES	-0.27200279825909557			
chr6p24	-0.27201028002362454			
GO_RECYCLING_ENDOSOME	-0.27201484146489424			
TCGA_GLIOBLASTOMA_COPY_NUMBER_DN	-0.27201572569776866			
REACTOME_ADRENALINE_NORADRENALINE_INHIBITS_INSULIN_SECRETION	-0.2720233053155909			
GO_REGULATION_OF_DENDRITE_EXTENSION	-0.27202417771348686			
TAXCREB_02	-0.2720380934452459			
GO_RECEPTOR_GUANYLYL_CYCLASE_SIGNALING_PATHWAY	-0.2720384818414951			
MIR4633_5P	-0.2720491512361136			
HAHTOLA_MYCOSIS_FUNGOIDES_DN	-0.27205792095024617			
GO_REGULATION_OF_T_CELL_CHEMOTAXIS	-0.2720713466218892			
CHANG_POU5F1_TARGETS_UP	-0.2720943804890155			
GSE32986_GMCSF_AND_CURDLAN_LOWDOSE_VS_GMCSF_AND_CURDLAN_HIGHDOSE_STIM_DC_UP	-0.27209581734821836			
YWATTWNNRGCT_UNKNOWN	-0.27209629766741783			
GO_RESPONSE_TO_CARBOHYDRATE	-0.272102242828781			
CHIARADONNA_NEOPLASTIC_TRANSFORMATION_CDC25_DN	-0.272123952247716			
AGGAAGC_MIR5163P	-0.2721282441482007			
KLEIN_TARGETS_OF_BCR_ABL1_FUSION	-0.27213636619338216			
GO_COMPLEX_OF_COLLAGEN_TRIMERS	-0.27214539495752654			
GO_MEIOTIC_CELL_CYCLE	-0.27214540373602397			
REACTOME_ASSEMBLY_AND_CELL_SURFACE_PRESENTATION_OF_NMDA_RECEPTORS	-0.27216269406207916			
GSE25123_ROSIGLITAZONE_VS_IL4_AND_ROSIGLITAZONE_STIM_PPARG_KO_MACROPHAGE_DAY10_DN	-0.27217068441485703			
HERNANDEZ_ABERRANT_MITOSIS_BY_DOCETACEL_2NM_DN	-0.27217518152042397			
GSE14699_NAIVE_VS_DELETIONAL_TOLERANCE_CD8_TCELL_DN	-0.2721895773129706			
GO_DENTINOGENESIS	-0.27219228448697985			
ZNF768_TARGET_GENES	-0.2722065131015047			
chr13q33	-0.2722128942169857			
GO_NEGATIVE_REGULATION_OF_LIPOPOLYSACCHARIDE_MEDIATED_SIGNALING_PATHWAY	-0.27222406300837815			
GO_LOCOMOTION	-0.27223015025206715			
GO_NEGATIVE_REGULATION_OF_CELL_GROWTH	-0.27225107904192897			
MIR4697_3P	-0.2722512611927473			
GSE40666_WT_VS_STAT1_KO_CD8_TCELL_UP	-0.27226352889341476			
GSE37301_PRO_BCELL_VS_CD4_TCELL_DN	-0.2722664118724767			
GSE22103_UNSTIM_VS_GMCSF_AND_IFNG_STIM_NEUTROPHIL_UP	-0.27227178314745615			
MIKHAYLOVA_OXIDATIVE_STRESS_RESPONSE_VIA_VHL_DN	-0.272278442021068			
REACTOME_TRANSCRIPTIONAL_REGULATION_BY_RUNX2	-0.2722858868358443			
WAMUNYOKOLI_OVARIAN_CANCER_LMP_DN	-0.2723215991143391			
GSE27786_CD4_VS_CD8_TCELL_DN	-0.2723292628149408			
GSE5589_LPS_VS_LPS_AND_IL6_STIM_MACROPHAGE_45MIN_UP	-0.27233226554527823			
GSE15930_STIM_VS_STIM_AND_IFNAB_72H_CD8_T_CELL_DN	-0.2723450008858286			
GO_NEURON_PROJECTION_REGENERATION	-0.27234759186165697			
GO_CYTOKINE_PRODUCTION_INVOLVED_IN_INFLAMMATORY_RESPONSE	-0.272354377418719			
REACTOME_TRANSPORT_OF_THE_SLBP_DEPENDANT_MATURE_MRNA	-0.27236128453776337			
GSE21063_3H_VS_16H_ANTI_IGM_STIM_NFATC1_KOBCELL_UP	-0.27236482911489623			
GSE23308_WT_VS_MINERALCORTICOID_REC_KO_MACROPHAGE_UP	-0.2723788840614266			
GSE8685_IL2_STARVED_VS_IL15_ACT_IL2_STARVED_CD4_TCELL_UP	-0.2723796365894561			
IPA_HOXD11_UP	-0.27238335187908325			
GO_REGULATION_OF_EPITHELIAL_TO_MESENCHYMAL_TRANSITION_INVOLVED_IN_ENDOCARDIAL_CUSHION_FORMATION	-0.27238745327557884			
IPA_ATF3_UP	-0.2723913425628726			
IPA_MEOX2_DN	-0.27239459912558556			
GSE9316_IL6_KO_VS_IFNG_KO_INVIVO_EXPANDED_CD4_TCELL_UP	-0.2724112467982113			
GO_PHOSPHATIDYLINOSITOL_METABOLIC_PROCESS	-0.2724167037846904			
GSE4142_PLASMA_CELL_VS_MEMORY_BCELL_UP	-0.2724189020228951			
VALK_AML_CLUSTER_13	-0.27243128808471084			
KEGG_COLORECTAL_CANCER	-0.27243308682097234			
GSE22886_NAIVE_CD4_TCELL_VS_DC_UP	-0.27244486602372164			
IPA_MAX_DN	-0.2724476593986879			
BIOCARTA_CTBP1_PATHWAY	-0.2724493385601108			
GO_ASYMMETRIC_CELL_DIVISION	-0.2724560925208047			
RORA2_01	-0.2724626006167065			
GO_ENDOTHELIUM_DEVELOPMENT	-0.2724667430339469			
GO_LONG_TERM_MEMORY	-0.27247085057552656			
GSE41867_DAY6_VS_DAY8_LCMV_ARMSTRONG_EFFECTOR_CD8_TCELL_UP	-0.2724835666045657			
MIR516B_5P	-0.2724870867286655			
PID_FAS_PATHWAY	-0.2725019717545421			
GO_PROTEIN_KINASE_C_SIGNALING	-0.2725197743902259			
chr17q23	-0.27252163596762385			
GSE3982_BCELL_VS_NKCELL_UP	-0.2725270190409673			
ZNF133_TARGET_GENES	-0.2725345369587871			
GSE21063_WT_VS_NFATC1_KO_8H_ANTI_IGM_STIM_BCELL_UP	-0.2725347877064676			
GSE37301_LYMPHOID_PRIMED_MPP_VS_CD4_TCELL_DN	-0.272539706625497			
REACTOME_TRAF6_MEDIATED_IRF7_ACTIVATION_IN_TLR7_8_OR_9_SIGNALING	-0.2725521103210421			
GSE22886_CD8_TCELL_VS_BCELL_NAIVE_DN	-0.27255518061879824			
GO_G_PROTEIN_BETA_GAMMA_SUBUNIT_COMPLEX	-0.27256975066375894			
MIR6829_3P	-0.2725827852757145			
MIR4433A_5P	-0.2725857570709401			
IPA_DDIT3_DN	-0.2725878775755894			
GSE36476_CTRL_VS_TSST_ACT_16H_MEMORY_CD4_TCELL_YOUNG_DN	-0.27258878329716724			
MCDOWELL_ACUTE_LUNG_INJURY_DN	-0.27260227259612896			
GSE28726_NAIVE_CD4_TCELL_VS_NAIVE_VA24NEG_NKTCELL_UP	-0.2726193941449534			
REACTOME_CYTOSOLIC_SENSORS_OF_PATHOGEN_ASSOCIATED_DNA	-0.27264131159102845			
GO_TANGENTIAL_MIGRATION_FROM_THE_SUBVENTRICULAR_ZONE_TO_THE_OLFACTORY_BULB	-0.27265300825205985			
RAY_ALZHEIMERS_DISEASE	-0.2726750500576982			
MIR4294	-0.27268239678236467			
GSE27786_NKCELL_VS_NEUTROPHIL_DN	-0.27268981081250276			
RUTELLA_RESPONSE_TO_CSF2RB_AND_IL4_UP	-0.2726898861418142			
MIR6801_3P	-0.2726910806828243			
GO_REGULATION_OF_NEURAL_PRECURSOR_CELL_PROLIFERATION	-0.2727078772838745			
MIR383_3P	-0.2727080579634388			
REACTOME_PLASMA_LIPOPROTEIN_ASSEMBLY	-0.27272197163238765			
WANG_TARGETS_OF_MLL_CBP_FUSION_UP	-0.27273200279512094			
GO_REGULATION_OF_DOUBLE_STRAND_BREAK_REPAIR	-0.27273431102033646			
GO_SNRNA_TRANSCRIPTION_BY_RNA_POLYMERASE_III	-0.2727441888284784			
MIR3162_3P	-0.2727546030783163			
GO_POSITIVE_REGULATION_OF_MACROPHAGE_DIFFERENTIATION	-0.27275880343515085			
GTTRYCATRR_UNKNOWN	-0.27277667193755306			
GO_POSITIVE_REGULATION_OF_TUMOR_NECROSIS_FACTOR_SECRETION	-0.27281703765000104			
REACTOME_HCMV_EARLY_EVENTS	-0.2728185101438235			
WIZ_TARGET_GENES	-0.2728216039802306			
GO_HEAD_MORPHOGENESIS	-0.2728340486238214			
GO_REGULATION_OF_DNA_TEMPLATED_TRANSCRIPTION_INITIATION	-0.27284857974820204			
FUNG_IL2_TARGETS_WITH_STAT5_BINDING_SITES_T1	-0.27288469791284986			
GO_CORTICOTROPIN_RELEASING_HORMONE_RECEPTOR_BINDING	-0.27289215883485873			
GO_REGULATION_OF_LAMELLIPODIUM_MORPHOGENESIS	-0.2729107540282549			
chr13q34	-0.2729183841494658			
MIR4800_5P	-0.27292112716654976			
IPA_RORA_UP	-0.2729326194882482			
GSE5589_WT_VS_IL6_KO_LPS_AND_IL10_STIM_MACROPHAGE_180MIN_DN	-0.2729365830691109			
REACTOME_PRESYNAPTIC_DEPOLARIZATION_AND_CALCIUM_CHANNEL_OPENING	-0.27294052397226554			
GO_FILAMENTOUS_ACTIN	-0.27295025838272935			
GO_CILIARY_PLASM	-0.2729716752213671			
GO_MANNOSIDASE_ACTIVITY	-0.2729776641699755			
EVI1_03	-0.27298118673739347			
CACGTG_MYC_Q2	-0.27298631885634406			
GSE14350_TREG_VS_TEFF_IN_IL2RB_KO_UP	-0.27299972876591594			
GO_RESPONSE_TO_SELENIUM_ION	-0.2730008928313515			
USF_02	-0.2730015571418009			
MIR330_3P	-0.2730091576558109			
GRAHAM_CML_DIVIDING_VS_NORMAL_DIVIDING_UP	-0.273010533381041			
FUJIWARA_PARK2_IN_LIVER_CANCER_DN	-0.2730517788895664			
GO_PLATELET_DENSE_TUBULAR_NETWORK	-0.273051866529167			
GO_LACTATE_TRANSPORT	-0.2730630085888659			
GO_NEGATIVE_REGULATION_OF_HISTONE_H3_K9_METHYLATION	-0.27306409991413305			
GO_NEGATIVE_REGULATION_OF_VASCULAR_PERMEABILITY	-0.2730702146550984			
GO_GTPASE_INHIBITOR_ACTIVITY	-0.27307516508678087			
WU_HBX_TARGETS_2_UP	-0.2730770720309335			
GO_REGULATION_OF_WOUND_HEALING_SPREADING_OF_EPIDERMAL_CELLS	-0.27308038004069307			
MIR377_3P	-0.27309752083128			
GO_CELL_MIGRATION_INVOLVED_IN_HEART_DEVELOPMENT	-0.2730983755561972			
GO_FATTY_ACYL_COA_SYNTHASE_ACTIVITY	-0.2731071213725721			
GO_ACTIVATION_OF_PHOSPHOLIPASE_C_ACTIVITY	-0.2731249833810769			
IPA_GATA1_DN	-0.27313215829945375			
MIR6506_5P	-0.27314494410346474			
GO_SENSORY_PERCEPTION_OF_PAIN	-0.2731482222874159			
GO_NEGATIVE_REGULATION_OF_FIBRINOLYSIS	-0.2731627066088287			
GO_MESODERM_MORPHOGENESIS	-0.2731632546171355			
GO_NEGATIVE_REGULATION_OF_CALCIUM_ION_TRANSPORT_INTO_CYTOSOL	-0.2731714045718391			
GO_GLUCOSE_IMPORT	-0.2731834781838499			
GO_POSITIVE_REGULATION_OF_JUN_KINASE_ACTIVITY	-0.273219460522924			
GSE30962_ACUTE_VS_CHRONIC_LCMV_SECONDARY_INF_CD8_TCELL_DN	-0.27322406781412334			
IPA_NFKB1_DN	-0.2732289557279851			
GSE37301_PRO_BCELL_VS_GRANULOCYTE_MONOCYTE_PROGENITOR_DN	-0.2732380767251818			
GO_ACTIN_CYTOSKELETON	-0.27324920252440216			
GO_MAINTENANCE_OF_CELL_POLARITY	-0.27326013263478577			
CCATCCA_MIR432	-0.2732643303210422			
REACTOME_JOSEPHIN_DOMAIN_DUBS	-0.2732697768689006			
GSE37301_HEMATOPOIETIC_STEM_CELL_VS_COMMON_LYMPHOID_PROGENITOR_UP	-0.2732837672445587			
GO_LOW_DENSITY_LIPOPROTEIN_PARTICLE_RECEPTOR_BINDING	-0.27328682274136984			
KEGG_AMINO_SUGAR_AND_NUCLEOTIDE_SUGAR_METABOLISM	-0.27329045004813224			
FIGUEROA_AML_METHYLATION_CLUSTER_6_UP	-0.27330781935122717			
MIR2116_5P	-0.2733232321793567			
GO_POSITIVE_REGULATION_OF_T_CELL_APOPTOTIC_PROCESS	-0.273328451266751			
GO_B_CELL_CHEMOTAXIS	-0.2733294282095579			
GSE41867_DAY15_EFFECTOR_VS_DAY30_MEMORY_CD8_TCELL_LCMV_ARMSTRONG_UP	-0.2733506611701221			
MIR4793_5P	-0.27335874571148994			
MIR335_5P	-0.2733726765450091			
GSE360_DC_VS_MAC_DN	-0.27337538467892314			
GO_OLIGOSACCHARIDE_METABOLIC_PROCESS	-0.27338318527829913			
GSE20727_ROS_INH_VS_ROS_INH_AND_DNFB_ALLERGEN_TREATED_DC_DN	-0.27339262456642627			
MIR6857_3P	-0.2733938864189513			
GSE37301_LYMPHOID_PRIMED_MPP_VS_COMMON_LYMPHOID_PROGENITOR_DN	-0.27343959313177424			
MIR6874_5P	-0.27345405863482813			
GO_NEGATIVE_REGULATION_OF_CELL_MOTILITY	-0.27345561965684473			
GO_BETA_GALACTOSIDASE_ACTIVITY	-0.2734743334820359			
CTGRYYYNATT_UNKNOWN	-0.2734930434318819			
MIR6879_3P	-0.2734959061954598			
GO_REGULATION_OF_ATP_BIOSYNTHETIC_PROCESS	-0.2735039889671991			
SRF_Q4	-0.2735070130174359			
GSE3982_DC_VS_MAC_DN	-0.27351748157178885			
GSE5099_MONOCYTE_VS_CLASSICAL_M1_MACROPHAGE_DN	-0.2735205951029579			
MIR6737_5P	-0.273526058995122			
GO_ANNEALING_HELICASE_ACTIVITY	-0.2735412941466854			
GO_TRIGLYCERIDE_RICH_LIPOPROTEIN_PARTICLE_CLEARANCE	-0.2735427119740367			
GSE46242_CTRL_VS_EGR2_DELETED_ANERGIC_TH1_CD4_TCELL_UP	-0.2735652591579081			
GO_METHYLATED_HISTONE_BINDING	-0.27356814132232743			
GO_SMOOTH_MUSCLE_CELL_MIGRATION	-0.2735759500077531			
BIOCARTA_AT1R_PATHWAY	-0.2735791506838336			
DITTMER_PTHLH_TARGETS_DN	-0.27360715810728536			
TAVAZOIE_METASTASIS	-0.27362330112730243			
GO_MITOTIC_G2_M_TRANSITION_CHECKPOINT	-0.2736279774632639			
GO_NOREPINEPHRINE_METABOLIC_PROCESS	-0.2736420790159489			
AP1_Q2	-0.27365560084075236			
GSE40274_CTRL_VS_FOXP3_AND_IRF4_TRANSDUCED_ACTIVATED_CD4_TCELL_UP	-0.2736631602202732			
MIR6765_5P	-0.27366832857075524			
GSE360_T_GONDII_VS_B_MALAYI_HIGH_DOSE_DC_DN	-0.2736712050952823			
GSE14415_FOXP3_KO_NATURAL_TREG_VS_TCONV_DN	-0.2736955128796934			
GSE21927_UNTREATED_VS_GMCSF_GCSF_TREATED_BONE_MARROW_UP	-0.2737069412799812			
GO_NEURAL_PRECURSOR_CELL_PROLIFERATION	-0.2737273421494836			
GO_SYNAPSE	-0.2737369275148292			
GO_MITOTIC_CHROMOSOME_CONDENSATION	-0.2737540644668062			
GO_REGULATION_OF_CHAPERONE_MEDIATED_AUTOPHAGY	-0.27375436291077104			
GO_SEROTONIN_TRANSPORT	-0.2737801750020377			
BUYTAERT_PHOTODYNAMIC_THERAPY_STRESS_DN	-0.2737847588626538			
GSE3982_NKCELL_VS_TH2_DN	-0.2737877105236827			
GSE3982_MEMORY_CD4_TCELL_VS_TH2_DN	-0.27378967457400133			
GERY_CEBP_TARGETS	-0.2738000789736103			
GO_REGULATION_OF_PROTEIN_AUTOPHOSPHORYLATION	-0.27381541144478716			
GO_REGULATION_OF_DEVELOPMENTAL_GROWTH	-0.27383312548169925			
GO_POSITIVE_REGULATION_OF_CELL_DIFFERENTIATION	-0.2738351824541464			
GO_REGULATION_OF_CALCIUM_ION_TRANSMEMBRANE_TRANSPORTER_ACTIVITY	-0.2738425585685264			
GO_CELLULAR_TRANSITION_METAL_ION_HOMEOSTASIS	-0.27385152850366123			
GO_SH3_SH2_ADAPTOR_ACTIVITY	-0.2738630183723415			
PID_LYSOPHOSPHOLIPID_PATHWAY	-0.2738672099928826			
MIR4426	-0.27387208924835815			
GSE23114_PERITONEAL_CAVITY_B1A_BCELL_VS_SPLEEN_BCELL_IN_SLE2C1_MOUSE_UP	-0.2738751569279516			
AGTGCGT_MIR521	-0.27388190191293377			
GO_NEGATIVE_REGULATION_OF_HISTONE_METHYLATION	-0.2738901709179818			
KORKOLA_EMBRYONAL_CARCINOMA_UP	-0.27389357241565426			
GO_RESPONSE_TO_MACROPHAGE_COLONY_STIMULATING_FACTOR	-0.2738937716804099			
GO_REGULATION_OF_CHEMOKINE_MEDIATED_SIGNALING_PATHWAY	-0.27390864133504134			
GO_PROTEIN_ADP_RIBOSYLATION	-0.2739161539226032			
GO_POSITIVE_REGULATION_OF_MONOCYTE_DIFFERENTIATION	-0.27393093429414156			
SCHLOSSER_SERUM_RESPONSE_UP	-0.2739342654946901			
GTACAGG_MIR486	-0.27393707806960205			
WEST_ADRENOCORTICAL_CARCINOMA_VS_ADENOMA_DN	-0.27394716362554394			
POU3F2_02	-0.2739487924264841			
GSE23695_CD57_POS_VS_NEG_NK_CELL_UP	-0.27396677818234894			
GO_POSITIVE_REGULATION_OF_CELL_MATRIX_ADHESION	-0.2739752565017844			
GO_METALLOENDOPEPTIDASE_INHIBITOR_ACTIVITY	-0.27397853686576024			
ROSS_AML_WITH_PML_RARA_FUSION	-0.27397957516452515			
GSE16755_CTRL_VS_IFNA_TREATED_MAC_UP	-0.27398128684460504			
GO_POSITIVE_REGULATION_OF_RESPONSE_TO_REACTIVE_OXYGEN_SPECIES	-0.2739924405480524			
GO_ACTIN_BINDING	-0.2739925491836401			
GSE17721_POLYIC_VS_GARDIQUIMOD_1H_BMDC_DN	-0.27399763656588483			
GO_HEPARAN_SULFATE_GLUCOSAMINE_3_SULFOTRANSFERASE_1_ACTIVITY	-0.27399868072172806			
GO_POLYAMINE_METABOLIC_PROCESS	-0.2740103743422427			
GSE21033_1H_VS_24H_POLYIC_STIM_DC_UP	-0.27401215814477337			
GSE8685_IL15_ACT_IL2_STARVED_VS_IL21_ACT_IL2_STARVED_CD4_TCELL_DN	-0.27401242671610787			
PUJANA_BREAST_CANCER_WITH_BRCA1_MUTATED_UP	-0.27402718392190034			
GSE45365_WT_VS_IFNAR_KO_BCELL_MCMV_INFECTION_UP	-0.2740406331437452			
GSE41978_ID2_KO_VS_ID2_KO_AND_BIM_KO_KLRG1_LOW_EFFECTOR_CD8_TCELL_UP	-0.27405680109568353			
GO_REGULATION_OF_BINDING	-0.27406133432276364			
SCHLESINGER_H3K27ME3_IN_NORMAL_AND_METHYLATED_IN_CANCER	-0.2740632786266323			
MIR9718	-0.2740662979660637			
MIR642B_5P	-0.2740684631229474			
GO_GLUCOSYLTRANSFERASE_ACTIVITY	-0.27407084586274705			
GO_FEMALE_GENITALIA_DEVELOPMENT	-0.2740762373660775			
KEGG_OTHER_GLYCAN_DEGRADATION	-0.2740833962579301			
GO_PYRIMIDINE_NUCLEOTIDE_BIOSYNTHETIC_PROCESS	-0.2740858778880342			
GO_CYTOSKELETAL_ANCHORING_AT_NUCLEAR_MEMBRANE	-0.2740938943482814			
MIR4657	-0.27411521202397154			
GSE24634_TREG_VS_TCONV_POST_DAY10_IL4_CONVERSION_UP	-0.2741158979532907			
GSE34179_THPOK_KO_VS_WT_VA14I_NKTCELL_UP	-0.274124571963934			
GSE39820_CTRL_VS_TGFBETA1_IL6_IL23A_CD4_TCELL_UP	-0.27412969984925656			
REACTOME_SUPPRESSION_OF_PHAGOSOMAL_MATURATION	-0.27415497210631734			
GO_NEGATIVE_REGULATION_OF_VITAMIN_METABOLIC_PROCESS	-0.27415714248731166			
GO_TROPHOBLAST_GIANT_CELL_DIFFERENTIATION	-0.27415797050516644			
ACAWYAAAG_UNKNOWN	-0.2741653952758739			
BIOCARTA_CERAMIDE_PATHWAY	-0.2741664359042557			
IPA_ETS2_UP	-0.2741682115016207			
MIR4676_3P	-0.2741796859694404			
GO_HEMATOPOIETIC_STEM_CELL_PROLIFERATION	-0.27419020003606487			
GO_VENOUS_BLOOD_VESSEL_MORPHOGENESIS	-0.2742083160911438			
GO_REGULATION_OF_MUSCLE_ORGAN_DEVELOPMENT	-0.27421209391719986			
FIGUEROA_AML_METHYLATION_CLUSTER_5_DN	-0.274216517198952			
MIR11181_5P	-0.2742335594657665			
KORKOLA_SEMINOMA_UP	-0.27424613518884156			
MIR500A_5P	-0.2742617218383981			
GO_POSITIVE_REGULATION_OF_LIPID_KINASE_ACTIVITY	-0.2742645131307748			
BCAT_BILD_ET_AL_DN	-0.2742681042930512			
chr15q14	-0.27428195980743036			
WU_HBX_TARGETS_1_DN	-0.27432450964651434			
NEMETH_INFLAMMATORY_RESPONSE_LPS_DN	-0.27432585695087064			
ZNF410_TARGET_GENES	-0.27432912535670156			
MIR936	-0.27434072706368695			
CAFFAREL_RESPONSE_TO_THC_UP	-0.2743449738385452			
WANG_RESPONSE_TO_GSK3_INHIBITOR_SB216763_DN	-0.2743504594188048			
BIOCARTA_TALL1_PATHWAY	-0.27438390152901254			
LEE_LIVER_CANCER_E2F1_UP	-0.2743880855277443			
MIR4672	-0.27439322314916886			
GSE11961_MARGINAL_ZONE_BCELL_VS_MEMORY_BCELL_DAY40_DN	-0.2744232791214634			
GO_POSTSYNAPSE	-0.27443207986029405			
chr3p13	-0.2744423125785928			
GSE22229_RENAL_TRANSPLANT_IMMUNOSUPP_THERAPY_VS_HEALTHY_PBMC_UP	-0.274446737811216			
GSE20366_CD103_POS_VS_CD103_KLRG1_DP_TREG_DN	-0.2744482859018252			
CDP_02	-0.2744573876244043			
GO_ARTERY_DEVELOPMENT	-0.27447502879260904			
BIOCARTA_IL3_PATHWAY	-0.2744801092195979			
GO_RESPONSE_TO_INACTIVITY	-0.2744905519372224			
GSE25123_CTRL_VS_IL4_AND_ROSIGLITAZONE_STIM_MACROPHAGE_DN	-0.27450273251597085			
GO_REGULATION_OF_ASTROCYTE_ACTIVATION	-0.27450925843469104			
GTCTTCC_MIR7	-0.2745191356302021			
MIR4750_3P	-0.27454235044843756			
GSE43863_TH1_VS_LY6C_LOW_CXCR5NEG_EFFECTOR_CD4_TCELL_UP	-0.27454275789830895			
PID_HDAC_CLASSIII_PATHWAY	-0.27455582119088834			
GO_VIRAL_GENOME_REPLICATION	-0.274558220370076			
GSE22886_NAIVE_CD4_TCELL_VS_12H_ACT_TH2_DN	-0.2745716257163601			
GO_NEGATIVE_REGULATION_OF_CYTOPLASMIC_TRANSLATION	-0.27460686797324574			
chr3q13	-0.2746323287363052			
GSE40274_CTRL_VS_IRF4_TRANSDUCED_ACTIVATED_CD4_TCELL_DN	-0.2746384767795264			
GO_OVULATION	-0.27465538919750754			
GO_RESPONSE_TO_TRANSFORMING_GROWTH_FACTOR_BETA	-0.27465606749847093			
MIR4302	-0.27465660088323823			
GO_MODULATION_BY_SYMBIONT_OF_HOST_PROGRAMMED_CELL_DEATH	-0.27465692349321924			
GO_SECRETION_OF_LYSOSOMAL_ENZYMES	-0.2746601011118673			
REACTOME_APOPTOSIS_INDUCED_DNA_FRAGMENTATION	-0.27466172625065455			
MOREIRA_RESPONSE_TO_TSA_UP	-0.27467436825132446			
IPA_RELA_DN	-0.2746813526532082			
GO_POSITIVE_REGULATION_OF_MITOCHONDRIAL_DEPOLARIZATION	-0.2746837826013052			
GSE40184_HEALTHY_VS_HCV_INFECTED_DONOR_PBMC_UP	-0.2746863641458615			
MIR6848_3P	-0.27469610485679563			
REACTOME_NCAM1_INTERACTIONS	-0.27469990795421034			
OISHI_CHOLANGIOMA_STEM_CELL_LIKE_DN	-0.27472190156470044			
REACTOME_NITRIC_OXIDE_STIMULATES_GUANYLATE_CYCLASE	-0.2747253500011346			
GSE35825_UNTREATED_VS_IFNA_STIM_MACROPHAGE_UP	-0.27474104050580306			
MIR1296_3P	-0.27474178434583557			
KUMAR_AUTOPHAGY_NETWORK	-0.2747543778006006			
GSE22432_MULTIPOTENT_VS_COMMON_DC_PROGENITOR_DN	-0.27476764461835657			
REACTOME_RUNX1_REGULATES_EXPRESSION_OF_COMPONENTS_OF_TIGHT_JUNCTIONS	-0.2747776220050116			
GSE40274_CTRL_VS_FOXP3_AND_GATA1_TRANSDUCED_ACTIVATED_CD4_TCELL_UP	-0.27478511903679786			
GSE7460_TREG_VS_TCONV_ACT_WITH_TGFB_DN	-0.27478808617843287			
KASLER_HDAC7_TARGETS_2_DN	-0.2747890860294391			
GSE9509_LPS_VS_LPS_AND_IL10_STIM_IL10_KO_MACROPHAGE_20MIN_DN	-0.27480037399326274			
GO_COMPACT_MYELIN	-0.2748030526602017			
GARGALOVIC_RESPONSE_TO_OXIDIZED_PHOSPHOLIPIDS_BROWN_UP	-0.27480656010880944			
GSE41176_WT_VS_TAK1_KO_UNSTIM_BCELL_UP	-0.27481156251819705			
BIOCARTA_UCALPAIN_PATHWAY	-0.2748450487581421			
GSE11961_PLASMA_CELL_DAY7_VS_MEMORY_BCELL_DAY40_UP	-0.27485491209732027			
GSE19198_CTRL_VS_IL21_TREATED_TCELL_6H_DN	-0.27485738338292953			
GSE5589_UNSTIM_VS_180MIN_LPS_AND_IL10_STIM_MACROPHAGE_DN	-0.2748594654220567			
GO_PROTEIN_LIPID_COMPLEX_ASSEMBLY	-0.27486579819518003			
ZHOU_INFLAMMATORY_RESPONSE_LIVE_DN	-0.2748660826538743			
BIOCARTA_RHODOPSIN_PATHWAY	-0.2748696635884343			
IPA_ERG_UP	-0.27488443522202777			
GSE2706_UNSTIM_VS_2H_R848_DC_UP	-0.27488524920840185			
SHANK_TAL1_TARGETS_DN	-0.2748874601822322			
GO_REGULATION_OF_DEPHOSPHORYLATION	-0.2748943239174633			
BIOCARTA_HSP27_PATHWAY	-0.2748976212683628			
chr6q11	-0.2749031295980719			
GSE17721_POLYIC_VS_GARDIQUIMOD_4H_BMDC_DN	-0.27490763634956394			
IPA_MZF1_DN	-0.274915928313018			
GO_CELLULAR_RESPONSE_TO_LIPOPROTEIN_PARTICLE_STIMULUS	-0.27491788696706615			
GSE17974_2.5H_VS_72H_IL4_AND_ANTI_IL12_ACT_CD4_TCELL_UP	-0.2749194886879454			
MIR4688	-0.2749256583851041			
GSE360_CTRL_VS_L_DONOVANI_DC_UP	-0.27492948457691563			
GSE33425_CD161_HIGH_VS_NEG_CD8_TCELL_UP	-0.27493139475002043			
MIR181D_5P	-0.2749495879541257			
GO_METALLOAMINOPEPTIDASE_ACTIVITY	-0.2749544143731135			
GO_G2_DNA_DAMAGE_CHECKPOINT	-0.27496246191726065			
GO_REGULATION_OF_INTEGRIN_ACTIVATION	-0.2749719550497593			
GOLDRATH_NAIVE_VS_EFF_CD8_TCELL_UP	-0.2749998786430474			
MIR4434	-0.2750013656078054			
GO_REGULATION_OF_ARP2_3_COMPLEX_MEDIATED_ACTIN_NUCLEATION	-0.27501486552659726			
REACTOME_NOSTRIN_MEDIATED_ENOS_TRAFFICKING	-0.2750168902076476			
GO_FAT_CELL_PROLIFERATION	-0.27501851985118075			
GO_ACTIVIN_BINDING	-0.27502816080481346			
IPA_KLF10_UP	-0.27502952315398554			
IPA_ESRRB_DN	-0.2750530695341578			
GO_OXIDOREDUCTASE_ACTIVITY_ACTING_ON_A_SULFUR_GROUP_OF_DONORS	-0.27506073955319704			
GO_OPSONIZATION	-0.27507564082163766			
AGCYRWTTC_UNKNOWN	-0.27509002831981194			
GO_ADAPTATION_OF_SIGNALING_PATHWAY	-0.2750909789813285			
IPA_GABPA_UP	-0.2750931954353535			
MIR1288_3P	-0.27509522628472377			
GSE6269_FLU_VS_STREP_PNEUMO_INF_PBMC_UP	-0.27509980418867064			
HOFMANN_MYELODYSPLASTIC_SYNDROM_LOW_RISK_UP	-0.27510375183605645			
GO_NEUTROPHIL_MEDIATED_KILLING_OF_GRAM_NEGATIVE_BACTERIUM	-0.2751044391814432			
GO_NEGATIVE_REGULATION_OF_RESPONSE_TO_DRUG	-0.27510897339828067			
PID_LIS1_PATHWAY	-0.2751103369922996			
GO_RAS_PROTEIN_SIGNAL_TRANSDUCTION	-0.27513452408618116			
GSE1460_CORD_VS_ADULT_BLOOD_NAIVE_CD4_TCELL_UP	-0.27513583481210335			
MIR6780A_3P	-0.27513722708338784			
GO_PEPTIDYL_LYSINE_DEACETYLATION	-0.27514264131397953			
JOHNSTONE_PARVB_TARGETS_2_UP	-0.2751613048049817			
GSE13547_2H_VS_12_H_ANTI_IGM_STIM_BCELL_UP	-0.27517933215248086			
GSE17721_POLYIC_VS_PAM3CSK4_2H_BMDC_DN	-0.2751826349842191			
GSE17721_POLYIC_VS_PAM3CSK4_0.5H_BMDC_DN	-0.2751947418225927			
GSE34392_ST2_KO_VS_WT_DAY8_LCMV_EFFECTOR_CD8_TCELL_UP	-0.2751953346770579			
GSE21360_PRIMARY_VS_QUATERNARY_MEMORY_CD8_TCELL_DN	-0.27520752866390774			
OKUMURA_INFLAMMATORY_RESPONSE_LPS	-0.27521245005329337			
GO_NEGATIVE_REGULATION_OF_AMYLOID_PRECURSOR_PROTEIN_BIOSYNTHETIC_PROCESS	-0.27522084646787215			
BIOCARTA_SARS_PATHWAY	-0.2752374400735588			
ACEVEDO_LIVER_CANCER_WITH_H3K27ME3_UP	-0.2752409626173942			
GSE339_EX_VIVO_VS_IN_CULTURE_CD4POS_DC_UP	-0.2752530522249369			
GO_EGO_COMPLEX	-0.2752627146986376			
GAVIN_FOXP3_TARGETS_CLUSTER_P6	-0.2752818769432828			
GO_B_CELL_LINEAGE_COMMITMENT	-0.27528517429305416			
GAL_LEUKEMIC_STEM_CELL_DN	-0.2752878871455458			
ENGELMANN_CANCER_PROGENITORS_UP	-0.2752976366463614			
ZNF514_TARGET_GENES	-0.2753104916567737			
GO_GALACTOSIDE_BINDING	-0.27532218095593264			
GSE11961_FOLLICULAR_BCELL_VS_GERMINAL_CENTER_BCELL_DAY40_DN	-0.27532567814188014			
GO_ADENYLATE_CYCLASE_INHIBITING_DOPAMINE_RECEPTOR_SIGNALING_PATHWAY	-0.27532572689616186			
GO_DOSAGE_COMPENSATION	-0.2753257678892118			
IPA_PPARG_DN	-0.2753362251621289			
MIR6864_5P	-0.27534492413607414			
IPA_GSX2_DN	-0.275349727504887			
GSE45365_NK_CELL_VS_CD8_TCELL_UP	-0.2753537971083504			
GO_POSITIVE_REGULATION_OF_INTERFERON_GAMMA_BIOSYNTHETIC_PROCESS	-0.2753875015076529			
GO_SITE_OF_DNA_DAMAGE	-0.27539537610088455			
REACTOME_INTEGRIN_SIGNALING	-0.2753983142180826			
GO_CELL_VOLUME_HOMEOSTASIS	-0.27540934655754623			
GO_REGULATION_OF_SYNAPTIC_TRANSMISSION_DOPAMINERGIC	-0.27541209125695026			
GSE22045_TREG_VS_TCONV_UP	-0.2754338884285792			
RACTNNRTTTNC_UNKNOWN	-0.2754339087400622			
GO_K63_LINKED_POLYUBIQUITIN_MODIFICATION_DEPENDENT_PROTEIN_BINDING	-0.27543947729863855			
GSE21670_UNTREATED_VS_TGFB_IL6_TREATED_CD4_TCELL_UP	-0.275442717184237			
GSE6875_WT_VS_FOXP3_KO_TREG_DN	-0.2754471956927594			
GO_RESPONSE_TO_WATER_DEPRIVATION	-0.275451828154645			
MIR129_5P	-0.27545555283683215			
CHIARADONNA_NEOPLASTIC_TRANSFORMATION_KRAS_UP	-0.27545917671571185			
LIM_MAMMARY_LUMINAL_MATURE_DN	-0.275459569167831			
FREAC7_01	-0.2754596194678066			
GO_POSITIVE_REGULATION_OF_B_CELL_DIFFERENTIATION	-0.2754630125759491			
GO_NEGATIVE_REGULATION_OF_GENE_EXPRESSION_EPIGENETIC	-0.2754633688242238			
GSE21670_IL6_VS_TGFB_AND_IL6_TREATED_STAT3_KO_CD4_TCELL_DN	-0.275467881123306			
REACTOME_SEMA3A_PLEXIN_REPULSION_SIGNALING_BY_INHIBITING_INTEGRIN_ADHESION	-0.2754822707410837			
BIOCARTA_CREB_PATHWAY	-0.2754823282616545			
GO_CDC42_PROTEIN_SIGNAL_TRANSDUCTION	-0.2755007115516119			
GSE26669_CD4_VS_CD8_TCELL_IN_MLR_COSTIM_BLOCK_UP	-0.2755096301593092			
GO_AUTOPHAGOSOME_MATURATION	-0.2755143692173024			
MIR5193	-0.2755184081081053			
MIR211_3P	-0.2755215371060883			
GO_ESTABLISHMENT_OF_SISTER_CHROMATID_COHESION	-0.27552868520726337			
GO_MEIOTIC_CHROMOSOME_SEPARATION	-0.2755364930305615			
MIR4802_5P	-0.27554103032476956			
MIR6082	-0.2755473151144484			
GSE37301_MULTIPOTENT_PROGENITOR_VS_PRO_BCELL_DN	-0.27555688471429324			
MIR4682	-0.27556209292167144			
IPA_TWIST1_UP	-0.275570946282553			
IPA_NFIX_UP	-0.2755797027400037			
GO_MODULATION_BY_SYMBIONT_OF_HOST_CELLULAR_PROCESS	-0.275583822815604			
GSE29617_DAY3_VS_DAY7_TIV_FLU_VACCINE_PBMC_2008_DN	-0.27559372848896707			
GO_CONDENSED_CHROMOSOME_INNER_KINETOCHORE	-0.27561532742320516			
GSE5589_WT_VS_IL6_KO_LPS_AND_IL6_STIM_MACROPHAGE_45MIN_UP	-0.2756284401611776			
GO_NEDD8_TRANSFERASE_ACTIVITY	-0.2756396341975504			
REACTOME_E3_UBIQUITIN_LIGASES_UBIQUITINATE_TARGET_PROTEINS	-0.27564266194584236			
REACTOME_HYALURONAN_METABOLISM	-0.27564526358784763			
GO_POSITIVE_REGULATION_OF_TRANSCRIPTION_FROM_RNA_POLYMERASE_II_PROMOTER_IN_RESPONSE_TO_ENDOPLASMIC_RETICULUM_STRESS	-0.27564689844663404			
GO_TRANSCRIPTION_FACTOR_TFTC_COMPLEX	-0.2756494317584545			
GO_SKELETAL_SYSTEM_MORPHOGENESIS	-0.2756528390827303			
GSE339_CD8POS_VS_CD4CD8DN_DC_UP	-0.27565664417180047			
GO_PLATELET_DENSE_GRANULE_MEMBRANE	-0.2756574079739325			
GSE3039_NKT_CELL_VS_ALPHABETA_CD8_TCELL_DN	-0.27565910026539536			
GSE22886_NAIVE_BCELL_VS_DC_UP	-0.2756614525413886			
MIR631	-0.2756645066911545			
GO_NEGATIVE_REGULATION_OF_CHEMOKINE_PRODUCTION	-0.2756748932267013			
chr22q12	-0.2756830712427888			
GO_REGULATION_OF_TRANSCRIPTION_FROM_RNA_POLYMERASE_II_PROMOTER_INVOLVED_IN_MYOCARDIAL_PRECURSOR_CELL_DIFFERENTIATION	-0.2757056344177886			
GO_SUPEROXIDE_METABOLIC_PROCESS	-0.27570687419070455			
GO_REGULATION_OF_DOPAMINE_RECEPTOR_SIGNALING_PATHWAY	-0.2757195370042438			
GO_MUSCLE_CELL_DIFFERENTIATION	-0.27572786346122313			
MIR181A_5P_MIR181B_5P	-0.27572973567950065			
IPA_SKI_UP	-0.27573211353662613			
MIR585_5P	-0.2757365981158056			
GAVIN_FOXP3_TARGETS_CLUSTER_P3	-0.2757404878193639			
GSE14415_INDUCED_VS_NATURAL_TREG_DN	-0.2757524309308469			
REACTOME_SIGNAL_TRANSDUCTION_BY_L1	-0.27577209652440116			
GO_NEGATIVE_REGULATION_OF_FAT_CELL_DIFFERENTIATION	-0.2757741890901158			
GO_RIBONUCLEOSIDE_METABOLIC_PROCESS	-0.27581784816201427			
GSE43955_TH0_VS_TGFB_IL6_TH17_ACT_CD4_TCELL_30H_UP	-0.2758190019717924			
ROZANOV_MMP14_CORRELATED	-0.2758338546474234			
GO_INTRAMOLECULAR_TRANSFERASE_ACTIVITY_PHOSPHOTRANSFERASES	-0.27583720979744			
GSE15930_NAIVE_VS_72H_IN_VITRO_STIM_IL12_CD8_TCELL_DN	-0.2758404352080223			
IPA_RELB_UP	-0.27584146840344037			
E2F1_Q4	-0.27585341233781474			
GSE5589_WT_VS_IL10_KO_LPS_STIM_MACROPHAGE_180MIN_DN	-0.27585598063324607			
NABA_CORE_MATRISOME	-0.27585728085965805			
IPA_ATF2_UP	-0.27585870018584585			
GO_POSITIVE_REGULATION_OF_DNA_TEMPLATED_TRANSCRIPTION_INITIATION	-0.27586906740064193			
TAKEDA_TARGETS_OF_NUP98_HOXA9_FUSION_16D_DN	-0.27586956808290414			
GO_CLEAVAGE_FURROW	-0.2758700020498723			
GO_NEGATIVE_REGULATION_OF_DNA_BINDING	-0.2758925364942503			
GSE3982_BCELL_VS_TH2_UP	-0.2759021936367499			
MIR892C_3P	-0.2759095952411438			
GO_MEMBRANE_RAFT_ORGANIZATION	-0.27591578856627014			
WIERENGA_STAT5A_TARGETS_GROUP1	-0.27592928581350806			
MIR147B_5P	-0.27594387813010923			
GO_PROTEIN_K63_LINKED_UBIQUITINATION	-0.2759485970553809			
GO_REGULATION_OF_OXIDOREDUCTASE_ACTIVITY	-0.27595642332485665			
GO_NEGATIVE_REGULATION_OF_SMOOTH_MUSCLE_CELL_PROLIFERATION	-0.27596749302348583			
TESAR_ALK_AND_JAK_TARGETS_MOUSE_ES_D4_UP	-0.2759917338304788			
GSE40274_LEF1_VS_FOXP3_AND_LEF1_TRANSDUCED_ACTIVATED_CD4_TCELL_UP	-0.27599881646044705			
MIKKELSEN_ES_ICP_WITH_H3K27ME3	-0.2760002802812868			
GSE21546_WT_VS_SAP1A_KO_AND_ELK1_KO_ANTI_CD3_STIM_DP_THYMOCYTES_UP	-0.276002165794717			
MALTA_CURATED_STEMNESS_MARKERS	-0.2760115578428488			
ZNF493_TARGET_GENES	-0.27601479213214164			
GSE22103_LPS_VS_GMCSF_AND_IFNG_STIM_NEUTROPHIL_DN	-0.2760227083086144			
GO_CELLULAR_PROTEIN_CATABOLIC_PROCESS	-0.276040053798201			
GO_REGULATION_OF_LYSOSOMAL_LUMEN_PH	-0.27604883561758076			
MIR4418	-0.27605788317988905			
FLECHNER_PBL_KIDNEY_TRANSPLANT_REJECTED_VS_OK_DN	-0.276080499843302			
MIR659_5P	-0.27608151593372393			
GO_SET1C_COMPASS_COMPLEX	-0.2760882709369287			
GSE37416_CTRL_VS_12H_F_TULARENSIS_LVS_NEUTROPHIL_UP	-0.2760904743891744			
GO_REGULATION_OF_KETONE_BIOSYNTHETIC_PROCESS	-0.27612171038091143			
ZHAN_EARLY_DIFFERENTIATION_GENES_UP	-0.2761245160024923			
GO_NEGATIVE_REGULATION_OF_T_HELPER_1_TYPE_IMMUNE_RESPONSE	-0.27612826916319816			
GSE35685_CD34POS_CD10NEG_CD62LPOS_VS_CD34POS_CD10POS_BONE_MARROW_UP	-0.27612936136636834			
GO_KINASE_BINDING	-0.2761350028181539			
GSE22611_UNSTIM_VS_2H_MDP_STIM_MUTANT_NOD2_TRANSDUCED_HEK293T_CELL_DN	-0.2761368333403542			
GO_NEGATIVE_REGULATION_OF_MEIOTIC_CELL_CYCLE	-0.27615097547146866			
GSE45365_NK_CELL_VS_CD8A_DC_MCMV_INFECTION_DN	-0.27616664612089276			
SIMBULAN_UV_RESPONSE_NORMAL_UP	-0.27617635368916593			
GO_ORGAN_GROWTH	-0.27619756261746753			
GO_COPPER_ION_BINDING	-0.27620066839817603			
REACTOME_SIGNAL_REGULATORY_PROTEIN_FAMILY_INTERACTIONS	-0.2762009220198224			
BIOCARTA_INTRINSIC_PATHWAY	-0.2762029807382195			
GO_TRANS_GOLGI_NETWORK_MEMBRANE	-0.2762198828209903			
GO_N_N_DIMETHYLANILINE_MONOOXYGENASE_ACTIVITY	-0.2762536462889239			
GENTILE_UV_HIGH_DOSE_DN	-0.27626034896054635			
GO_MEMBRANE_PROTEIN_INTRACELLULAR_DOMAIN_PROTEOLYSIS	-0.27626614219837026			
GSE25123_CTRL_VS_IL4_STIM_MACROPHAGE_DN	-0.2763030316384131			
REACTOME_TRANSMISSION_ACROSS_CHEMICAL_SYNAPSES	-0.27630483301151965			
IPA_HMGB1_DN	-0.2763157888653826			
GO_DEAMINASE_ACTIVITY	-0.27631748771627235			
MIR4693_5P	-0.2763282020253164			
GO_NEGATIVE_REGULATION_OF_CELL_VOLUME	-0.2763329359548804			
GSE44732_UNSTIM_VS_IL27_STIM_IMATURE_DC_UP	-0.27636012601589727			
TGACATY_UNKNOWN	-0.27636331853053575			
MIR181C_5P	-0.2763645428199978			
GO_INNER_CELL_MASS_CELL_DIFFERENTIATION	-0.276375281779602			
GSE7460_WT_VS_FOXP3_HET_ACT_WITH_TGFB_TCONV_DN	-0.2763770073261351			
GO_CELL_RECOGNITION	-0.2763934315943704			
GO_NEGATIVE_REGULATION_OF_MEMBRANE_PROTEIN_ECTODOMAIN_PROTEOLYSIS	-0.27639832652329804			
GSE46606_UNSTIM_VS_CD40L_IL2_IL5_DAY1_STIMULATED_BCELL_DN	-0.27640310743493823			
GO_SMOOTH_MUSCLE_CELL_MATRIX_ADHESION	-0.27640366916730147			
KUROZUMI_RESPONSE_TO_ONCOCYTIC_VIRUS_AND_CYCLIC_RGD	-0.2764239936177838			
LEE_AGING_NEOCORTEX_UP	-0.276426945532528			
GO_NEGATIVE_REGULATION_OF_LEUKOCYTE_MIGRATION	-0.276429493793114			
BIOCARTA_VEGF_PATHWAY	-0.27643277920731485			
REACTOME_O_GLYCOSYLATION_OF_TSR_DOMAIN_CONTAINING_PROTEINS	-0.27644446015189167			
GO_NEGATIVE_REGULATION_OF_CELL_MATRIX_ADHESION	-0.2764502288017158			
GSE12845_IGD_POS_VS_NEG_BLOOD_BCELL_UP	-0.2764589553227222			
IPA_AR_DN	-0.2764610218882371			
MIR3158_3P	-0.2764678451309571			
MIR4314	-0.2764720057594331			
GSE26928_EFF_MEM_VS_CENTR_MEM_CD4_TCELL_UP	-0.27647789117152627			
GO_PYRIMIDINE_RIBONUCLEOTIDE_METABOLIC_PROCESS	-0.2764798344997141			
TSUTSUMI_FBXW8_TARGETS	-0.27649259654606173			
GO_REDUCTION_OF_FOOD_INTAKE_IN_RESPONSE_TO_DIETARY_EXCESS	-0.2764960955778603			
CHO_NR4A1_TARGETS	-0.2764996016291691			
SCHLOSSER_SERUM_RESPONSE_DN	-0.2764998602194291			
GSE37301_MULTIPOTENT_PROGENITOR_VS_RAG2_KO_NK_CELL_UP	-0.27650336197089614			
YKACATTT_UNKNOWN	-0.2765136616309675			
GO_POSITIVE_REGULATION_OF_FERTILIZATION	-0.27651479111382493			
GSE13493_DP_VS_CD4INTCD8POS_THYMOCYTE_DN	-0.27652812244966873			
REACTOME_AUTOPHAGY	-0.2765355181740795			
GSE27670_CTRL_VS_LMP1_TRANSDUCED_GC_BCELL_UP	-0.27653553161113326			
MIR3165	-0.2765473771637025			
GO_MRNA_TRANSCRIPTION_BY_RNA_POLYMERASE_II	-0.276550278053831			
GO_INTERLEUKIN_10_SECRETION	-0.2765520276489538			
GSE30083_SP1_VS_SP3_THYMOCYTE_DN	-0.2765627115445012			
GO_N_ACETYLNEURAMINATE_CATABOLIC_PROCESS	-0.27656535123040743			
GO_POSITIVE_REGULATION_OF_CHROMATIN_BINDING	-0.2765962902079806			
MIR299_5P	-0.2765978366657053			
GO_PROTEIN_POLYUBIQUITINATION	-0.27660157490232645			
MIR4727_5P	-0.27660874703957194			
GSE5503_MLN_DC_VS_PLN_DC_ACTIVATED_ALLOGENIC_TCELL_UP	-0.2766182503949777			
GO_NEGATIVE_REGULATION_OF_HEMOPOIESIS	-0.27661843211690795			
MIR183_5P	-0.27663102022523267			
STAT4_01	-0.2766519528295447			
MIR3677_3P	-0.27665310479221306			
GO_POSITIVE_REGULATION_OF_MEMORY_T_CELL_DIFFERENTIATION	-0.27665917614301677			
MIR1910_5P	-0.2766603724009603			
GO_UDP_N_ACETYLGLUCOSAMINE_METABOLIC_PROCESS	-0.2766615741050295			
IPA_HSF4_UP	-0.27666422248009453			
MIR670_3P	-0.2766671116737282			
GSE7460_CTRL_VS_TGFB_TREATED_ACT_CD8_TCELL_UP	-0.2766672358537771			
AMIT_EGF_RESPONSE_480_HELA	-0.2766674026229933			
GO_CLATHRIN_COAT_ASSEMBLY	-0.27667625851191846			
IPA_NFIX_DN	-0.2766911335601398			
GO_POSITIVE_REGULATION_OF_NEURON_PROJECTION_DEVELOPMENT	-0.2767052187316413			
FLECHNER_BIOPSY_KIDNEY_TRANSPLANT_OK_VS_DONOR_UP	-0.27670532015618565			
GO_CATALYTIC_STEP_2_SPLICEOSOME	-0.27671797909801954			
IPA_IRF5_UP	-0.27672426934934274			
GO_POSITIVE_REGULATION_OF_TROPHOBLAST_CELL_MIGRATION	-0.2767293274114179			
GO_REGULATION_OF_ANTIGEN_PROCESSING_AND_PRESENTATION_OF_PEPTIDE_OR_POLYSACCHARIDE_ANTIGEN_VIA_MHC_CLASS_II	-0.27673770484310767			
SAMOLS_TARGETS_OF_KHSV_MIRNAS_DN	-0.27675211141816963			
GSE17721_LPS_VS_POLYIC_6H_BMDC_DN	-0.2767522125002649			
HINATA_NFKB_MATRIX	-0.27675726636142833			
GO_MUSCLE_HYPERTROPHY	-0.276763546224715			
chrXq27	-0.27676857123418874			
GSE360_CTRL_VS_L_MAJOR_DC_UP	-0.2767781390800673			
GO_REGULATION_OF_LYMPHANGIOGENESIS	-0.27678025429586456			
GO_RESPONSE_TO_INTERFERON_BETA	-0.27678947789814123			
GSE32986_GMCSF_VS_GMCSF_AND_CURDLAN_LOWDOSE_STIM_DC_DN	-0.2767898405540554			
TAVOR_CEBPA_TARGETS_DN	-0.2768017779442269			
MEINHOLD_OVARIAN_CANCER_LOW_GRADE_UP	-0.27680746384044935			
GO_T_CELL_CHEMOTAXIS	-0.2768090740130293			
GO_REGULATION_OF_CELLULAR_RESPONSE_TO_GROWTH_FACTOR_STIMULUS	-0.2768230328240252			
IPA_SMAD4_DN	-0.27682354741519183			
GO_DEHYDROASCORBIC_ACID_TRANSMEMBRANE_TRANSPORTER_ACTIVITY	-0.27682609748961506			
GO_DEHYDROASCORBIC_ACID_TRANSPORT	-0.27682609748961506			
MA_MYELOID_DIFFERENTIATION_UP	-0.2768343072610481			
MIR6815_3P	-0.2768416727040351			
DODD_NASOPHARYNGEAL_CARCINOMA_DN	-0.2768428778461529			
GO_POSITIVE_REGULATION_OF_MACROAUTOPHAGY	-0.27686533260615204			
REACTOME_TRANSCRIPTIONAL_REGULATION_BY_MECP2	-0.2768730271358612			
IPA_HDAC3_DN	-0.27688036402722926			
PID_P53_DOWNSTREAM_PATHWAY	-0.27688596930137543			
GSE19772_HCMV_INFL_VS_HCMV_INF_MONOCYTES_AND_PI3K_INHIBITION_UP	-0.2768975532113719			
PHESSE_TARGETS_OF_APC_AND_MBD2_UP	-0.2769111818692235			
GSE36891_UNSTIM_VS_POLYIC_TLR3_STIM_PERITONEAL_MACROPHAGE_DN	-0.27692193981689794			
GCTNWTTGK_UNKNOWN	-0.2769242388351334			
MULLIGHAN_MLL_SIGNATURE_1_DN	-0.2769329943689185			
MIR424_3P	-0.2769334442519219			
GSE11864_UNTREATED_VS_CSF1_IN_MAC_DN	-0.2769484170796033			
GO_1_PHOSPHATIDYLINOSITOL_4_PHOSPHATE_3_KINASE_ACTIVITY	-0.2769577171267045			
KEGG_RENIN_ANGIOTENSIN_SYSTEM	-0.2769607870765526			
GO_NEGATIVE_REGULATION_OF_CATABOLIC_PROCESS	-0.2769701949588917			
GO_POSITIVE_REGULATION_OF_T_HELPER_2_CELL_CYTOKINE_PRODUCTION	-0.2769734703428564			
GSE17721_POLYIC_VS_CPG_0.5H_BMDC_DN	-0.2769772703442469			
GSE19198_CTRL_VS_IL21_TREATED_TCELL_1H_DN	-0.27698976388964747			
GSE1925_CTRL_VS_24H_IFNG_STIM_IFNG_PRIMED_MACROPHAGE_UP	-0.27699461820564575			
GSE17721_PAM3CSK4_VS_CPG_1H_BMDC_DN	-0.2770090948128283			
GO_REGULATION_OF_NATURAL_KILLER_CELL_DIFFERENTIATION	-0.27701641756289314			
GSE25846_IL10_POS_VS_NEG_CD8_TCELL_DAY7_POST_CORONAVIRUS_BRAIN_UP	-0.2770238370440017			
GSE13484_UNSTIM_VS_YF17D_VACCINE_STIM_PBMC_UP	-0.2770246491170224			
MINGUEZ_LIVER_CANCER_VASCULAR_INVASION_DN	-0.27704348488052083			
YAO_TEMPORAL_RESPONSE_TO_PROGESTERONE_CLUSTER_15	-0.2770538306339687			
MIR4760_3P	-0.27705547413845			
GSE37532_TREG_VS_TCONV_PPARG_KO_CD4_TCELL_FROM_LN_DN	-0.27706015750003327			
GO_CELL_SUBSTRATE_ADHESION	-0.27706336944447724			
GO_NEGATIVE_REGULATION_OF_NEURON_MIGRATION	-0.2770683957385926			
MIR660_3P	-0.2770698060000146			
GO_RESPONSE_TO_METHYLMERCURY	-0.27707147141348565			
GO_G_PROTEIN_COUPLED_RECEPTOR_KINASE_ACTIVITY	-0.27711429104474566			
REACTOME_ASPARAGINE_N_LINKED_GLYCOSYLATION	-0.2771627195198223			
MIR4522	-0.2771668753964035			
GO_POSITIVE_REGULATION_OF_GLIAL_CELL_MIGRATION	-0.27716757523232316			
GSE27786_NKCELL_VS_MONO_MAC_UP	-0.2771728550880294			
GO_TUBULIN_BINDING	-0.2771776450040347			
GSE11057_EFF_MEM_VS_CENT_MEM_CD4_TCELL_DN	-0.27719390504927277			
IYENGAR_RESPONSE_TO_ADIPOCYTE_FACTORS	-0.2771943607231264			
GO_CELL_SUBSTRATE_JUNCTION_ORGANIZATION	-0.2772124640180762			
GO_NBAF_COMPLEX	-0.2772205053649883			
MIR4318	-0.2772226870554013			
MIR4684_3P	-0.27722773834546766			
MIR7155_3P	-0.2772334365117759			
GO_VINCULIN_BINDING	-0.27724701405398705			
GSE37301_MULTIPOTENT_PROGENITOR_VS_COMMON_LYMPHOID_PROGENITOR_DN	-0.277248744582094			
GO_PHOSPHOLIPASE_C_ACTIVATING_G_PROTEIN_COUPLED_RECEPTOR_SIGNALING_PATHWAY	-0.2772545671943151			
GSE28726_ACT_CD4_TCELL_VS_ACT_VA24NEG_NKTCELL_UP	-0.27725769187439264			
GSE46606_DAY1_VS_DAY3_CD40L_IL2_IL5_STIMULATED_BCELL_UP	-0.2772691829332306			
GSE24972_MARGINAL_ZONE_BCELL_VS_FOLLICULAR_BCELL_IRF8_KO_UP	-0.2772697693340963			
MIR4257	-0.2772832270236573			
GSE3720_UNSTIM_VS_LPS_STIM_VD2_GAMMADELTA_TCELL_DN	-0.2772908469833673			
GSE42021_TCONV_PLN_VS_CD24INT_TCONV_THYMUS_UP	-0.2772925658846474			
GO_TRNA_WOBBLE_BASE_MODIFICATION	-0.27730767074145884			
GO_NEGATIVE_REGULATION_OF_CELL_CYCLE_PHASE_TRANSITION	-0.2773088888163367			
IPA_EPAS1_UP	-0.27730944956069836			
GO_ACTOMYOSIN	-0.2773103367327241			
GO_POSITIVE_REGULATION_OF_PHOSPHOLIPID_BIOSYNTHETIC_PROCESS	-0.27731160059627596			
GSE1740_MCSF_VS_MCSF_AND_IFNG_DAY2_DERIVED_MACROPHAGE_WITH_IFNA_STIM_DN	-0.277315626311559			
GSE29618_BCELL_VS_MONOCYTE_DAY7_FLU_VACCINE_UP	-0.27731900699810186			
GO_RIPOPTOSOME	-0.27731906947012375			
GO_NEGATIVE_REGULATION_OF_PROTEIN_AUTOPHOSPHORYLATION	-0.2773316590471087			
GO_NEGATIVE_REGULATION_OF_MACROPHAGE_APOPTOTIC_PROCESS	-0.2773318103743327			
GO_FLEMMING_BODY	-0.2773351593553515			
CAIRO_LIVER_DEVELOPMENT_DN	-0.2773390685181427			
MIR199B_5P	-0.2773391940592854			
chr4q26	-0.2773448664583225			
MIR4474_3P	-0.27734701298489584			
GO_ACTIVATION_OF_ADENYLATE_CYCLASE_ACTIVITY	-0.2773497085363696			
GO_CYSTEINE_TYPE_ENDOPEPTIDASE_ACTIVATOR_ACTIVITY_INVOLVED_IN_APOPTOTIC_PROCESS	-0.27735401677990745			
REACTOME_NEGATIVE_REGULATION_OF_THE_PI3K_AKT_NETWORK	-0.27736478653981533			
GO_CLATHRIN_COAT_OF_ENDOCYTIC_VESICLE	-0.2773710992257333			
TERAMOTO_OPN_TARGETS_CLUSTER_7	-0.27737287525380483			
GSE6674_ANTI_IGM_VS_CPG_STIM_BCELL_DN	-0.2773733077359873			
GSE3982_MAST_CELL_VS_EFF_MEMORY_CD4_TCELL_UP	-0.27742475200753913			
GO_PRESYNAPTIC_CYTOSOL	-0.2774514911816448			
GO_DIENCEPHALON_DEVELOPMENT	-0.2774742049051165			
MIR449C_5P	-0.27747486691326356			
FREAC3_01	-0.27747623368344515			
REACTOME_NCAM_SIGNALING_FOR_NEURITE_OUT_GROWTH	-0.27747762438604534			
IWANAGA_E2F1_TARGETS_INDUCED_BY_SERUM	-0.2774913886631651			
GSE360_DC_VS_MAC_T_GONDII_DN	-0.27750041799571346			
GO_DNA_TOPOISOMERASE_ACTIVITY	-0.27751230663781834			
MIR208B_3P	-0.2775171787881356			
REACTOME_ORGANIC_CATION_TRANSPORT	-0.27753717919906484			
GSE43955_TH0_VS_TGFB_IL6_TH17_ACT_CD4_TCELL_42H_UP	-0.27754711124047154			
GSE17721_0.5H_VS_24H_PAM3CSK4_BMDC_UP	-0.2775494927447181			
WEI_MIR34A_TARGETS	-0.2775514412707185			
GO_REGULATION_OF_STEM_CELL_POPULATION_MAINTENANCE	-0.27755146826098204			
GSE22601_DOUBLE_NEGATIVE_VS_DOUBLE_POSITIVE_THYMOCYTE_UP	-0.2775686863544276			
IPA_POU1F1_DN	-0.2775690520272227			
GSE39152_CD103_NEG_VS_POS_MEMORY_CD8_TCELL_DN	-0.2775869636047258			
KEGG_PROGESTERONE_MEDIATED_OOCYTE_MATURATION	-0.2775914184447379			
GSE17721_4_VS_24H_CPG_BMDC_UP	-0.27759421671809326			
GO_CYCLIC_NUCLEOTIDE_PHOSPHODIESTERASE_ACTIVITY	-0.2776000806070267			
GO_REGULATION_OF_NEUROBLAST_PROLIFERATION	-0.27761253412409853			
GSE11961_MEMORY_BCELL_DAY7_VS_GERMINAL_CENTER_BCELL_DAY40_UP	-0.27761659545203404			
PU1_Q6	-0.2776179132051324			
KORKOLA_EMBRYONAL_CARCINOMA_DN	-0.27762958656026687			
GO_POSITIVE_REGULATION_OF_PROSTAGLANDIN_BIOSYNTHETIC_PROCESS	-0.27763160382697344			
MIR6873_3P	-0.27763419805240547			
REACTOME_TOLL_LIKE_RECEPTOR_10_TLR10_CASCADE	-0.2776410912440251			
GO_LENS_FIBER_CELL_DEVELOPMENT	-0.2776491880098413			
MIR676_5P	-0.27765152633094153			
GO_REGULATION_OF_HIGH_VOLTAGE_GATED_CALCIUM_CHANNEL_ACTIVITY	-0.2776545555698429			
REACTOME_NEGATIVE_REGULATION_OF_FGFR2_SIGNALING	-0.2776635976912326			
MIR6126	-0.27767134215539785			
GO_REGULATION_OF_RELAXATION_OF_MUSCLE	-0.2776763818339765			
GO_POSITIVE_REGULATION_OF_VASOCONSTRICTION	-0.27767928174144757			
MIR28_3P	-0.2777019418159242			
GO_POSITIVE_REGULATION_OF_INTERLEUKIN_23_PRODUCTION	-0.2777171419753832			
GSE13493_DP_VS_CD4INTCD8POS_THYMOCYTE_UP	-0.27772577271673166			
GO_REGULATION_OF_SYSTEMIC_ARTERIAL_BLOOD_PRESSURE_BY_HORMONE	-0.27772655764651205			
PID_DNA_PK_PATHWAY	-0.2777303033165516			
GO_TRANSFORMING_GROWTH_FACTOR_BETA_BINDING	-0.27773835956727233			
GSE20152_SPHK1_KO_VS_HTNFA_OVEREXPRESS_ANKLE_UP	-0.27774415931839747			
GO_ISOTYPE_SWITCHING_TO_IGA_ISOTYPES	-0.2777479701588891			
MIR199A_5P	-0.27776203794715715			
GO_NEGATIVE_REGULATION_OF_TOLL_LIKE_RECEPTOR_SIGNALING_PATHWAY	-0.2777658236319641			
GO_REGULATION_OF_CELL_SIZE	-0.27777566395581943			
MIR3151_5P	-0.2777900870421826			
GSE26030_TH1_VS_TH17_DAY5_POST_POLARIZATION_DN	-0.27779081986353704			
GO_CELLULAR_SENESCENCE	-0.2777948038341515			
REACTOME_POTASSIUM_CHANNELS	-0.27779741605692215			
BOQUEST_STEM_CELL_CULTURED_VS_FRESH_UP	-0.277798816839322			
GSE28726_ACT_CD4_TCELL_VS_ACT_VA24NEG_NKTCELL_DN	-0.27781452862604894			
GO_PUTRESCINE_BIOSYNTHETIC_PROCESS	-0.2778271172908143			
GSE7219_UNSTIM_VS_LPS_AND_ANTI_CD40_STIM_NIK_NFKB2_KO_DC_DN	-0.27782865387566746			
GSE36476_CTRL_VS_TSST_ACT_16H_MEMORY_CD4_TCELL_OLD_DN	-0.27784668685417946			
GSE24142_EARLY_THYMIC_PROGENITOR_VS_DN2_THYMOCYTE_FETAL_DN	-0.27785015076671954			
GO_CHONDROCYTE_PROLIFERATION	-0.2778513039618341			
GO_REGULATORY_RNA_BINDING	-0.2778566660448137			
KEGG_MAPK_SIGNALING_PATHWAY	-0.27786789725924943			
MIR548M	-0.2778787385007904			
MEF2_01	-0.27788333044763863			
GSE5679_CTRL_VS_PPARG_LIGAND_ROSIGLITAZONE_AND_RARA_AGONIST_AM580_TREATED_DC_DN	-0.27788711118026943			
NADLER_HYPERGLYCEMIA_AT_OBESITY	-0.2778967406451088			
GO_REGULATION_OF_OSSIFICATION	-0.27791961048708946			
MIR4703_3P	-0.2779353350002267			
MIR1252_3P	-0.27795355366300023			
GO_POSTSYNAPTIC_SPECIALIZATION_ASSEMBLY	-0.27797316247014203			
GSE37301_LYMPHOID_PRIMED_MPP_VS_GRAN_MONO_PROGENITOR_DN	-0.27798168878942925			
IPA_IRF2_UP	-0.2780049744408687			
GSE32423_IL7_VS_IL7_IL4_MEMORY_CD8_TCELL_UP	-0.2780086842984959			
GO_ESTABLISHMENT_OF_LOCALIZATION_IN_CELL	-0.27801631821702527			
GSE32986_UNSTIM_VS_CURDLAN_LOWDOSE_STIM_DC_UP	-0.27802214842837886			
IPA_RUNX3_UP	-0.2780230238494541			
SEMENZA_HIF1_TARGETS	-0.2780231297774593			
GO_TAXIS	-0.27802783340705955			
GO_SYNAPTIC_TRANSMISSION_GABAERGIC	-0.27803441031237375			
GSE28726_NAIVE_VS_ACTIVATED_CD4_TCELL_DN	-0.27805937096432365			
GSE27786_LSK_VS_NKTCELL_DN	-0.27806048905645997			
REACTOME_IL_6_TYPE_CYTOKINE_RECEPTOR_LIGAND_INTERACTIONS	-0.278073990102375			
GOLDRATH_EFF_VS_MEMORY_CD8_TCELL_UP	-0.27807795274721364			
YATGNWAAT_OCT_C	-0.2780899088460173			
GO_DETECTION_OF_MECHANICAL_STIMULUS_INVOLVED_IN_SENSORY_PERCEPTION_OF_PAIN	-0.2781069516118432			
GO_REGULATION_OF_CALCIDIOL_1_MONOOXYGENASE_ACTIVITY	-0.2781081936546013			
GO_CRD_MEDIATED_MRNA_STABILITY_COMPLEX	-0.2781142533854497			
GARGALOVIC_RESPONSE_TO_OXIDIZED_PHOSPHOLIPIDS_GREEN_UP	-0.2781164526881343			
NEWMAN_ERCC6_TARGETS_DN	-0.2781174384296043			
GO_NEGATIVE_REGULATION_OF_EPITHELIAL_CELL_APOPTOTIC_PROCESS	-0.27812130131301976			
GO_PEPTIDYL_SERINE_DEPHOSPHORYLATION	-0.278126678230594			
MIR6741_5P	-0.27814702692948584			
IPA_FOXP3_UP	-0.27815902699027717			
MIR3924	-0.27816752903066955			
IPA_GATA1_UP	-0.2781735076703005			
GO_POSITIVE_REGULATION_OF_CELL_MORPHOGENESIS_INVOLVED_IN_DIFFERENTIATION	-0.2781856628227494			
KIM_ALL_DISORDERS_OLIGODENDROCYTE_NUMBER_CORR_DN	-0.2782163211701943			
GO_VESTIBULOCOCHLEAR_NERVE_MORPHOGENESIS	-0.27823988029709007			
ABRAMSON_INTERACT_WITH_AIRE	-0.27824901438647803			
REACTOME_ACTIVATED_NTRK2_SIGNALS_THROUGH_FRS2_AND_FRS3	-0.2782542425554703			
GSE12392_WT_VS_IFNB_KO_CD8A_POS_SPLEEN_DC_UP	-0.27825694005332946			
GO_POLYAMINE_BIOSYNTHETIC_PROCESS	-0.27826346405750096			
GYORFFY_DOXORUBICIN_RESISTANCE	-0.27826666651318605			
GO_CYTOSKELETAL_ADAPTOR_ACTIVITY	-0.278299581092181			
GO_POSITIVE_REGULATION_OF_T_HELPER_1_TYPE_IMMUNE_RESPONSE	-0.27830140527626285			
GO_OSTEOBLAST_DIFFERENTIATION	-0.2783036853617448			
MIR1843	-0.27830860316345807			
GO_CARDIAC_MUSCLE_CELL_PROLIFERATION	-0.2783095219894861			
GO_MANNOSE_METABOLIC_PROCESS	-0.2783193281614709			
PID_LPA4_PATHWAY	-0.2783203912136792			
MATTIOLI_MGUS_VS_PCL	-0.27833501909386305			
WHITEHURST_PACLITAXEL_SENSITIVITY	-0.27834739023878563			
MIR34B_5P	-0.2783558448019724			
IPA_RB1_DN	-0.2783632472936557			
GSE25085_FETAL_BM_VS_ADULT_BM_SP4_THYMIC_IMPLANT_DN	-0.27836641115972305			
GO_MITOCHONDRIAL_CALCIUM_ION_HOMEOSTASIS	-0.27836869960623367			
GSE40277_EOS_AND_LEF1_TRANSDUCED_VS_GATA1_AND_SATB1_TRANSDUCED_CD4_TCELL_DN	-0.2783759351340702			
MIR34C_3P	-0.2783761472305083			
GO_REGULATION_OF_VASCULAR_WOUND_HEALING	-0.27837662879830116			
GO_POSITIVE_REGULATION_OF_BINDING	-0.278378161788811			
MARTINELLI_IMMATURE_NEUTROPHIL_DN	-0.2783807808242441			
BIOCARTA_PRION_PATHWAY	-0.27838574285440737			
GSE11961_MARGINAL_ZONE_BCELL_VS_GERMINAL_CENTER_BCELL_DAY7_UP	-0.2783990041861157			
LE_SKI_TARGETS_DN	-0.2784020269119134			
KINSEY_TARGETS_OF_EWSR1_FLII_FUSION_UP	-0.27840607702172415			
MIR6740_3P	-0.2784151915186661			
MIR7158_3P	-0.2784266933085784			
BEGUM_TARGETS_OF_PAX3_FOXO1_FUSION_DN	-0.27842960152141166			
GO_NEGATIVE_REGULATION_OF_INTERLEUKIN_1_MEDIATED_SIGNALING_PATHWAY	-0.278435192153657			
GSE13484_12H_UNSTIM_VS_YF17D_VACCINE_STIM_PBMC_UP	-0.2784666995426204			
AACWWCAANK_UNKNOWN	-0.27847082159816205			
REACTOME_MITOTIC_PROMETAPHASE	-0.27847424622878325			
CRX_DN.V1_DN	-0.27848479571811274			
GO_RENAL_FILTRATION	-0.2784878663474098			
GSE46606_IRF4HIGH_VS_WT_CD40L_IL2_IL5_DAY3_STIMULATED_BCELL_DN	-0.27849036936563176			
YAGI_AML_WITH_T_9_11_TRANSLOCATION	-0.2785014566428524			
GSE36009_UNSTIM_VS_LPS_STIM_NLRP10_KO_DC_UP	-0.27850876777874173			
ZHAN_MULTIPLE_MYELOMA_PR_DN	-0.27852091874288587			
GSE13411_SWITCHED_MEMORY_BCELL_VS_PLASMA_CELL_DN	-0.27853657194181786			
REACTOME_INTRINSIC_PATHWAY_OF_FIBRIN_CLOT_FORMATION	-0.2785443889231527			
HSIAO_HOUSEKEEPING_GENES	-0.27854995228577756			
IPA_TCEB1_UP	-0.2785699355778175			
GSE36826_WT_VS_IL1R_KO_SKIN_STAPH_AUREUS_INF_UP	-0.2785866102230417			
BIOCARTA_IFNA_PATHWAY	-0.27859261714334393			
GO_REGULATION_OF_TOLL_LIKE_RECEPTOR_4_SIGNALING_PATHWAY	-0.27859476518572496			
GSE3982_MAC_VS_NEUTROPHIL_DN	-0.278595286348961			
GO_PROTEIN_LIPID_COMPLEX_BINDING	-0.2786094720413438			
IKEDA_MIR30_TARGETS_UP	-0.27861788699367923			
GO_RESPONSE_TO_MECHANICAL_STIMULUS	-0.2786273857294118			
GSE32164_ALTERNATIVELY_ACT_M2_VS_CMYC_INHIBITED_MACROPHAGE_DN	-0.2786300305311461			
KEGG_CHRONIC_MYELOID_LEUKEMIA	-0.2786315586808115			
GSE40274_CTRL_VS_EOS_TRANSDUCED_ACTIVATED_CD4_TCELL_DN	-0.2786322016278337			
MARTENS_TRETINOIN_RESPONSE_DN	-0.27863560980301316			
GSE33162_HDAC3_KO_VS_HDAC3_KO_4H_LPS_STIM_MACROPHAGE_UP	-0.2786534331096262			
LEE_DOUBLE_POLAR_THYMOCYTE	-0.2786785357791184			
PRC2_EED_UP.V1_UP	-0.27868043610134785			
GO_POSITIVE_REGULATION_OF_NATURAL_KILLER_CELL_DIFFERENTIATION	-0.2786993993706349			
FAELT_B_CLL_WITH_VH3_21_DN	-0.2787088197417102			
BIOCARTA_AKAPCENTROSOME_PATHWAY	-0.27871200450519446			
HEIDENBLAD_AMPLICON_12P11_12_UP	-0.2787229177820526			
GSE34156_UNTREATED_VS_24H_NOD2_AND_TLR1_TLR2_LIGAND_TREATED_MONOCYTE_UP	-0.2787260806614843			
MIKKELSEN_PLURIPOTENT_STATE_UP	-0.2787277706083166			
GO_STRIATED_MUSCLE_CELL_DIFFERENTIATION	-0.2787279250756979			
GO_CALCIUM_AND_CALMODULIN_DEPENDENT_PROTEIN_KINASE_COMPLEX	-0.27873379413822363			
REACTOME_INFECTIOUS_DISEASE	-0.27874026309178307			
ZHU_SKIL_TARGETS_DN	-0.2787504098113312			
GO_HEART_GROWTH	-0.27875055781666597			
GSE14415_NATURAL_TREG_VS_FOXP3_KO_NATURAL_TREG_DN	-0.27876767602529823			
GSE22140_HEALTHY_VS_ARTHRITIC_MOUSE_CD4_TCELL_UP	-0.27879159054233915			
GSE2405_0H_VS_6H_A_PHAGOCYTOPHILUM_STIM_NEUTROPHIL_DN	-0.27883733131271493			
GO_C_TERMINAL_PROTEIN_AMINO_ACID_MODIFICATION	-0.2788377970323017			
GO_REGENERATION	-0.2788379691408592			
IPA_WDR82_UP	-0.27884227639407144			
IPA_MNT_DN	-0.278842723488809			
BIOCARTA_MAL_PATHWAY	-0.27886405636704725			
GSE6674_UNSTIM_VS_ANTI_IGM_AND_CPG_STIM_BCELL_DN	-0.2788768307141522			
GO_PURINE_NUCLEOSIDE_BIOSYNTHETIC_PROCESS	-0.27888942927104987			
GSE1432_6H_VS_24H_IFNG_MICROGLIA_UP	-0.2789100818429251			
GSE3720_UNSTIM_VS_PMA_STIM_VD1_GAMMADELTA_TCELL_DN	-0.27891157271363914			
HOOI_ST7_TARGETS_UP	-0.27891159823769635			
REACTOME_CELLULAR_HEXOSE_TRANSPORT	-0.27891756691333586			
GO_COMMON_PARTNER_SMAD_PROTEIN_PHOSPHORYLATION	-0.27892713850192546			
GO_CUL4A_RING_E3_UBIQUITIN_LIGASE_COMPLEX	-0.27893042251834116			
GO_NEGATIVE_REGULATION_OF_PROTEIN_POLYUBIQUITINATION	-0.2789492276839913			
GO_POSITIVE_REGULATION_OF_NERVOUS_SYSTEM_DEVELOPMENT	-0.2789554294036474			
CHICAS_RB1_TARGETS_SENESCENT	-0.278959145526037			
BIOCARTA_BARRESTIN_PATHWAY	-0.27896243103518975			
GO_REGULATION_OF_PROTEIN_DEPOLYMERIZATION	-0.27897001863899723			
GO_NECROPTOTIC_SIGNALING_PATHWAY	-0.2789717946640718			
GO_REGULATION_OF_CYTOPLASMIC_MRNA_PROCESSING_BODY_ASSEMBLY	-0.27901105399978354			
MIR302F	-0.27903008315086036			
GO_CO_RECEPTOR_BINDING	-0.279032410138878			
REACTOME_ACTIVATION_OF_NOXA_AND_TRANSLOCATION_TO_MITOCHONDRIA	-0.2790454391517104			
GO_ACTIN_FILAMENT_BUNDLE_ORGANIZATION	-0.279050616262328			
TSUNODA_CISPLATIN_RESISTANCE_UP	-0.2790567090233932			
GO_GALACTOSE_CATABOLIC_PROCESS	-0.27906563726040023			
REACTOME_ROS_AND_RNS_PRODUCTION_IN_PHAGOCYTES	-0.2790788859020728			
GSE3039_ALPHAALPHA_CD8_TCELL_VS_B2_BCELL_DN	-0.27908283328428524			
GO_NEURON_PROJECTION_EXTENSION_INVOLVED_IN_NEURON_PROJECTION_GUIDANCE	-0.2790853202790889			
GO_REGULATION_OF_CELLULAR_RESPONSE_TO_STRESS	-0.27910004167840874			
GSE22025_UNTREATED_VS_PROGESTERONE_TREATED_CD4_TCELL_UP	-0.2791066837415325			
GO_MUSCLE_STRUCTURE_DEVELOPMENT	-0.27910887071181667			
GO_POSITIVE_REGULATION_OF_INTERLEUKIN_2_BIOSYNTHETIC_PROCESS	-0.27911294276799814			
MIR6853_5P	-0.27912218271311096			
GATA4_Q3	-0.27916194799887795			
GO_REGULATION_OF_TOLL_LIKE_RECEPTOR_9_SIGNALING_PATHWAY	-0.2791668245885885			
GSE1448_ANTI_VALPHA2_VS_VBETA5_DP_THYMOCYTE_UP	-0.27917225453021816			
GSE1925_CTRL_VS_3H_IFNG_STIM_IFNG_PRIMED_MACROPHAGE_DN	-0.27917242600772074			
IPA_CCNH_DN	-0.2791986145384626			
GO_I_BAND	-0.279201883710463			
WOO_LIVER_CANCER_RECURRENCE_UP	-0.27920373473235177			
REACTOME_FGFR1B_LIGAND_BINDING_AND_ACTIVATION	-0.27923983237743344			
chr11p15	-0.27924001430854206			
GO_GAMMA_CATENIN_BINDING	-0.2792422912265671			
BOHN_PRIMARY_IMMUNODEFICIENCY_SYNDROM_UP	-0.279247655124939			
GO_POINTED_END_ACTIN_FILAMENT_CAPPING	-0.2792627753116615			
GSE17721_CTRL_VS_LPS_24H_BMDC_UP	-0.27927061456262897			
GSE43863_NAIVE_VS_TFH_CD4_EFF_TCELL_D6_LCMV_DN	-0.2792730270788857			
MIR8086	-0.2792736254769298			
GO_REGULATION_OF_EXTRINSIC_APOPTOTIC_SIGNALING_PATHWAY_IN_ABSENCE_OF_LIGAND	-0.2792844693615324			
GSE26488_WT_VS_VP16_TRANSGENIC_HDAC7_KO_DOUBLE_POSITIVE_THYMOCYTE_UP	-0.27928553284142177			
GSE17721_POLYIC_VS_GARDIQUIMOD_24H_BMDC_DN	-0.2792949924467665			
GO_METANEPHRIC_DISTAL_TUBULE_DEVELOPMENT	-0.27929617049571825			
GSE9988_LOW_LPS_VS_CTRL_TREATED_MONOCYTE_DN	-0.27930862864121103			
GO_REGULATION_OF_DNA_RECOMBINATION	-0.27932561469219713			
GO_ACTIVATION_OF_CYSTEINE_TYPE_ENDOPEPTIDASE_ACTIVITY	-0.27933142529800453			
IPA_FLII_DN	-0.27934940860090907			
GO_MYOFIBRIL_ASSEMBLY	-0.27935474886410866			
MARTORIATI_MDM4_TARGETS_FETAL_LIVER_DN	-0.2793593401934964			
NOUZOVA_METHYLATED_IN_APL	-0.2793747397347143			
MIR4497	-0.2793778147668936			
GO_RESPONSE_TO_PROTOZOAN	-0.27938047199610794			
IPA_RUNX2_DN	-0.279385017280671			
GSE5589_UNSTIM_VS_180MIN_LPS_STIM_MACROPHAGE_DN	-0.2793866668284405			
KRIGE_RESPONSE_TO_TOSEDOSTAT_24HR_DN	-0.2794057898722575			
POMEROY_MEDULLOBLASTOMA_DESMOPLASIC_VS_CLASSIC_DN	-0.27941336628718677			
GO_LUTEOLYSIS	-0.2794156029302538			
CHEOK_RESPONSE_TO_HD_MTX_DN	-0.27943450212729837			
SASAI_RESISTANCE_TO_NEOPLASTIC_TRANSFROMATION	-0.2794456554238964			
GO_NEGATIVE_REGULATION_OF_VESICLE_FUSION	-0.2794469376032345			
GSE41867_NAIVE_VS_DAY15_LCMV_EFFECTOR_CD8_TCELL_DN	-0.27945132889261304			
PID_ENDOTHELIN_PATHWAY	-0.27945248439675197			
GSE27291_6H_VS_7D_STIM_GAMMADELTA_TCELL_UP	-0.27945443163836214			
GO_G_PROTEIN_BETA_GAMMA_SUBUNIT_COMPLEX_BINDING	-0.2794620843568776			
GO_CELLULAR_RESPONSE_TO_ETHANOL	-0.27947009764923747			
MARTIN_VIRAL_GPCR_SIGNALING_UP	-0.2794726001767244			
GO_UDP_GALACTOSYLTRANSFERASE_ACTIVITY	-0.2794734754844994			
MIR587	-0.27948993837163766			
GO_ELASTIN_METABOLIC_PROCESS	-0.27950268276652573			
MATTHEWS_SKIN_CARCINOGENESIS_VIA_JUN	-0.2795067415138081			
GO_NK_T_CELL_ACTIVATION	-0.27951604458236995			
WONG_ADULT_TISSUE_STEM_MODULE	-0.27951867992952706			
GSE19825_NAIVE_VS_IL2RAHIGH_DAY3_EFF_CD8_TCELL_DN	-0.279526409641753			
GSE3982_EOSINOPHIL_VS_MAST_CELL_UP	-0.27952880003791064			
GSE18893_CTRL_VS_TNF_TREATED_TREG_2H_UP	-0.2795290627850569			
GSE5589_UNSTIM_VS_45MIN_LPS_STIM_MACROPHAGE_UP	-0.2795295393127379			
GSE26156_DOUBLE_POSITIVE_VS_CD4_SINGLE_POSITIVE_THYMOCYTE_DN	-0.27954401292908915			
IPA_E4F1_UP	-0.27954935397958103			
GO_REGULATION_OF_DENDRITIC_CELL_CHEMOTAXIS	-0.2795576621944956			
GSE4748_CTRL_VS_LPS_STIM_DC_3H_DN	-0.2795614565325963			
GSE7548_DAY7_VS_DAY28_PCC_IMMUNIZATION_CD4_TCELL_DN	-0.2795658353170579			
GO_SUPRAMOLECULAR_FIBER_ORGANIZATION	-0.27956613225733623			
GO_PEPTIDASE_ACTIVITY	-0.2795694842262353			
GSE17301_ACD3_ACD28_VS_ACD3_ACD28_AND_IFNA2_STIM_CD8_TCELL_UP	-0.2795761810088272			
STAMBOLSKY_TARGETS_OF_MUTATED_TP53_DN	-0.2795865010159266			
MIR10395_3P	-0.27961312449988657			
FUJIWARA_PARK2_IN_LIVER_CANCER_UP	-0.2796306475112283			
GSE17721_12H_VS_24H_POLYIC_BMDC_UP	-0.27963215861401847			
GSE5589_WT_VS_IL6_KO_LPS_AND_IL10_STIM_MACROPHAGE_45MIN_DN	-0.2796339894440229			
PID_AURORA_A_PATHWAY	-0.27964083673861545			
GSE15330_MEGAKARYOCYTE_ERYTHROID_VS_GRANULOCYTE_MONOCYTE_PROGENITOR_DN	-0.27964359185460286			
GO_KINASE_ACTIVATOR_ACTIVITY	-0.27964618083867926			
GO_NEGATIVE_REGULATION_OF_CARDIAC_MUSCLE_CONTRACTION	-0.2796533839152727			
XU_HGF_TARGETS_REPRESSED_BY_AKT1_DN	-0.2796559360507843			
GO_PYRIMIDINE_NUCLEOTIDE_SALVAGE	-0.279663045418625			
GSE22886_NAIVE_TCELL_VS_NEUTROPHIL_DN	-0.27966363994107274			
HUI_MAPK14_TARGETS_UP	-0.27967820753584277			
GSE5503_LIVER_DC_VS_SPLEEN_DC_ACTIVATED_ALLOGENIC_TCELL_DN	-0.27967908293116167			
GO_NEGATIVE_REGULATION_OF_ACUTE_INFLAMMATORY_RESPONSE	-0.27968195310014926			
GSE3982_EOSINOPHIL_VS_BASOPHIL_DN	-0.2796870302036177			
GSE29618_PRE_VS_DAY7_POST_LAIV_FLU_VACCINE_MDC_DN	-0.2796992623948376			
IPA_HOXC8_UP	-0.2797021439378637			
GO_NEGATIVE_REGULATION_OF_PROTEIN_KINASE_ACTIVITY_BY_REGULATION_OF_PROTEIN_PHOSPHORYLATION	-0.27970508443918435			
LIN_NPAS4_TARGETS_UP	-0.27971672344119974			
NIKOLSKY_BREAST_CANCER_21Q22_AMPLICON	-0.27973300927220374			
IPA_NR6A1_DN	-0.27973503097547053			
MIR6871_3P	-0.27973620145933253			
TAL1ALPHAE47_01	-0.27973688569584393			
XU_HGF_TARGETS_REPRESSED_BY_AKT1_UP	-0.27974078219536275			
GO_REGULATION_OF_SMOOTHENED_SIGNALING_PATHWAY	-0.2797470125198912			
GO_UBIQUITIN_DEPENDENT_ERAD_PATHWAY	-0.2797558516627529			
PLASARI_TGFB1_SIGNALING_VIA_NFIC_1HR_UP	-0.2797676656523536			
MIR6503_5P	-0.27977535270649134			
ZHAN_MULTIPLE_MYELOMA_LB_UP	-0.2797809075068586			
YAGI_AML_WITH_INV_16_TRANSLOCATION	-0.2797865450546039			
MIR3974	-0.27980215225432026			
GO_REGULATION_OF_INTERLEUKIN_10_SECRETION	-0.279808896700938			
GO_RESPONSE_TO_AUDITORY_STIMULUS	-0.2798101156238097			
REACTOME_NEGATIVE_REGULATION_OF_MET_ACTIVITY	-0.2798131173047966			
TNCATNTCCYR_UNKNOWN	-0.2798197716336217			
GUILLAUMOND_KLF10_TARGETS_UP	-0.279825730997691			
GO_POSITIVE_REGULATION_OF_FIBROBLAST_MIGRATION	-0.27982821790111917			
GSE10273_HIGH_VS_LOW_IL7_TREATED_IRF4_8_NULL_PRE_BCELL_UP	-0.2798373586348016			
GSE37532_VISCERAL_ADIPOSE_TISSUE_VS_LN_DERIVED_TREG_CD4_TCELL_DN	-0.2798470239529103			
BIOCARTA_FCER1_PATHWAY	-0.27984751380458933			
GO_POSTSYNAPTIC_MEMBRANE_ORGANIZATION	-0.27984871797400074			
GO_NEGATIVE_REGULATION_OF_BMP_SIGNALING_PATHWAY	-0.2798529851309331			
chr18p11	-0.2798566074856051			
GO_FEMALE_SEX_DIFFERENTIATION	-0.2798590611238171			
PAX5_02	-0.279862714296639			
MIR3074_3P	-0.27988653618821213			
MIR4738_3P	-0.27990483062356397			
GO_POSITIVE_REGULATION_OF_DNA_RECOMBINATION	-0.27991403106894114			
IPA_HHEX_UP	-0.27991421012212575			
GSE27241_WT_CTRL_VS_DIGOXIN_TREATED_RORGT_KO_CD4_TCELL_IN_TH17_POLARIZING_CONDITIONS_DN	-0.27992127820058105			
GO_TRANSLATION_TERMINATION_FACTOR_ACTIVITY	-0.27993004302292634			
GO_PIGMENT_GRANULE_MATURATION	-0.27994389739618186			
KERLEY_RESPONSE_TO_CISPLATIN_UP	-0.2799470355806525			
GSE27670_CTRL_VS_LMP1_TRANSDUCED_GC_BCELL_DN	-0.27994779225543864			
GSE3982_BCELL_VS_TH1_DN	-0.27995054303921696			
GO_POSITIVE_REGULATION_OF_CELL_DEVELOPMENT	-0.2799573285313621			
FERRANDO_T_ALL_WITH_MLL_ENL_FUSION_DN	-0.2799681705786631			
GSE21927_SPLEEN_VS_TUMOR_MONOCYTE_BALBC_UP	-0.2799683054698558			
IIZUKA_LIVER_CANCER_PROGRESSION_L1_G1_DN	-0.27998978682923326			
REACTOME_PROTEIN_UBIQUITINATION	-0.27999554247042857			
GO_FREE_UBIQUITIN_CHAIN_POLYMERIZATION	-0.2799964178993238			
GO_REGULATION_OF_TRANSLATION_IN_RESPONSE_TO_ENDOPLASMIC_RETICULUM_STRESS	-0.28000294829120914			
LEE_LIVER_CANCER_HEPATOBLAST	-0.2800158966824899			
GSE26351_WNT_VS_BMP_PATHWAY_STIM_HEMATOPOIETIC_PROGENITORS_DN	-0.28001762351135184			
MIR200C_5P	-0.2800392090467624			
IPA_SPIB_UP	-0.28004128823293933			
GO_POSITIVE_REGULATION_OF_MITOCHONDRIAL_FISSION	-0.2800423286124791			
GO_GLYCINERGIC_SYNAPSE	-0.2800548044629911			
GO_OUTFLOW_TRACT_MORPHOGENESIS	-0.2800567872855723			
MIR4753_3P	-0.28006289358994874			
GSE17721_CPG_VS_GARDIQUIMOD_16H_BMDC_UP	-0.2800695319658853			
GSE12392_CD8A_POS_VS_NEG_SPLEEN_DC_DN	-0.28007063121975845			
GO_PLASMA_MEMBRANE_BOUNDED_CELL_PROJECTION_CYTOPLASM	-0.28008091058206813			
IPA_NFKBIA_DN	-0.28008149577049496			
GSE2405_0H_VS_6H_A_PHAGOCYTOPHILUM_STIM_NEUTROPHIL_UP	-0.2800874739952504			
GSE27241_CTRL_VS_DIGOXIN_TREATED_RORGT_KO_CD4_TCELL_IN_TH17_POLARIZING_CONDITIONS_UP	-0.2801081461104597			
GTGTGAG_MIR342	-0.2801136769813546			
GO_REGULATION_OF_GLIAL_CELL_DIFFERENTIATION	-0.2801153077163414			
GSE14308_TH1_VS_INDUCED_TREG_UP	-0.2801191972722983			
GO_POSITIVE_REGULATION_OF_NEURON_MATURATION	-0.2801279890549227			
GSE26343_UNSTIM_VS_LPS_STIM_NFAT5_KO_MACROPHAGE_UP	-0.2801282032252454			
YORDY_RECIPROCAL_REGULATION_BY_ETS1_AND_SP100_DN	-0.2801310852110012			
JAZAERI_BREAST_CANCER_BRCA1_VS_BRCA2_DN	-0.2801321805885635			
GO_FOREBRAIN_NEURON_DIFFERENTIATION	-0.2801338195197765			
IPA_RAD21_UP	-0.28014076769098933			
KONDO_COLON_CANCER_HCP_WITH_H3K27ME1	-0.2801426929272493			
GO_RESPONSE_TO_GROWTH_FACTOR	-0.28017283240852153			
HUMMERICH_SKIN_CANCER_PROGRESSION_UP	-0.2801757663185702			
GSE23568_CTRL_VS_ID3_TRANSDUCED_CD8_TCELL_UP	-0.2801766796213221			
MIR6855_5P	-0.2801861188694798			
GO_ACUTE_PHASE_RESPONSE	-0.28022144338393506			
GO_SIGNAL_TRANSDUCTION_IN_RESPONSE_TO_DNA_DAMAGE	-0.2802249893249865			
GO_HISTONE_H2A_UBIQUITINATION	-0.2802313535434297			
GSE14350_IL2RB_KO_VS_WT_TREG_UP	-0.28025227029697525			
MIR664A_3P	-0.280257566052346			
GO_REGULATION_OF_NUCLEOTIDE_BINDING_OLIGOMERIZATION_DOMAIN_CONTAINING_2_SIGNALING_PATHWAY	-0.28025827455043495			
PEDERSEN_TARGETS_OF_611CTF_ISOFORM_OF_ERBB2	-0.28027114048884133			
GSE37301_HEMATOPOIETIC_STEM_CELL_VS_CD4_TCELL_DN	-0.2802741372097004			
AMIT_EGF_RESPONSE_480_MCF10A	-0.28029862135708095			
GO_REGULATION_OF_FEAR_RESPONSE	-0.28029953025016263			
GO_POSITIVE_REGULATION_OF_DEPHOSPHORYLATION	-0.28030889557769784			
GSE32423_CTRL_VS_IL4_MEMORY_CD8_TCELL_DN	-0.2803123812669936			
GO_T_CELL_EXTRAVASATION	-0.2803139379974429			
GO_VERY_LOW_DENSITY_LIPOPROTEIN_PARTICLE_CLEARANCE	-0.2803193588942931			
GSE29618_BCELL_VS_MONOCYTE_UP	-0.28031951033703134			
MIR432_3P	-0.2803214958128386			
GO_PLATELET_DERIVED_GROWTH_FACTOR_RECEPTOR_SIGNALING_PATHWAY	-0.2803320685064653			
GSE13547_CTRL_VS_ANTI_IGM_STIM_BCELL_2H_DN	-0.2803351202351471			
GO_PHOSPHATIDYLINOSITOL_KINASE_ACTIVITY	-0.2803357279416928			
GO_REGULATION_OF_ISOTYPE_SWITCHING_TO_IGE_ISOTYPES	-0.2803365999928053			
GO_LYMPHOCYTE_CHEMOTAXIS	-0.2803431684579643			
GOTZMANN_EPITHELIAL_TO_MESENCHYMAL_TRANSITION_UP	-0.2803734372907803			
MIKKELSEN_IPS_LCP_WITH_H3K27ME3	-0.2803767065532245			
BIOCARTA_BIOPEPTIDES_PATHWAY	-0.28038444593674244			
GSE16385_ROSIGLITAZONE_IL4_VS_IFNG_TNF_STIM_MACROPHAGE_DN	-0.2803916705395793			
GO_CELLULAR_RESPONSE_TO_VITAMIN_D	-0.2803942850283012			
chrXq12	-0.2804209260851066			
GSE24634_IL4_VS_CTRL_TREATED_NAIVE_CD4_TCELL_DAY10_UP	-0.28042266055567505			
IPA_ZIC3_UP	-0.2804233676625459			
GO_TYPE_I_INTERFERON_SECRETION	-0.280433285489671			
MIR429	-0.28043455840707654			
GO_SEMAPHORIN_PLEXIN_SIGNALING_PATHWAY	-0.28045819903174085			
GSE29164_CD8_TCELL_VS_CD8_TCELL_AND_IL12_TREATED_MELANOMA_DAY3_DN	-0.280464017308175			
GO_HISTAMINE_PRODUCTION_INVOLVED_IN_INFLAMMATORY_RESPONSE	-0.28046448896089893			
GSE4748_CTRL_VS_CYANOBACTERIUM_LPSLIKE_STIM_DC_1H_UP	-0.28046808930952327			
MUELLER_COMMON_TARGETS_OF_AML_FUSIONS_DN	-0.2804892234212736			
GO_DENSE_CORE_GRANULE_EXOCYTOSIS	-0.2805033569114886			
AAGCCAT_MIR135A_MIR135B	-0.2805144448890469			
GARGALOVIC_RESPONSE_TO_OXIDIZED_PHOSPHOLIPIDS_LIGHTYELLOW_UP	-0.28052888307287993			
WU_HBX_TARGETS_3_DN	-0.280541219634617			
GO_LATERAL_ELEMENT	-0.28057381920380386			
GSE17974_0H_VS_4H_IN_VITRO_ACT_CD4_TCELL_DN	-0.2805901964946697			
IPA_TBX19_UP	-0.2806017207271962			
IPA_TBX19_DN	-0.2806017207271962			
SANSOM_APC_TARGETS_DN	-0.2806046822256994			
GO_AMINOGLYCOSIDE_ANTIBIOTIC_METABOLIC_PROCESS	-0.28061442147145776			
GO_REGULATION_OF_CELL_DIFFERENTIATION	-0.2806171112800771			
GO_ANTEROGRADE_AXONAL_PROTEIN_TRANSPORT	-0.280617244821821			
CHEOK_RESPONSE_TO_HD_MTX_UP	-0.28062226920023015			
GO_ACTIN_FILAMENT_POLYMERIZATION	-0.28062878171803135			
KEGG_FC_EPSILON_RI_SIGNALING_PATHWAY	-0.28063566417499847			
GSE29618_LAIV_VS_TIV_FLU_VACCINE_DAY7_MONOCYTE_DN	-0.2806386941696447			
GSE17721_LPS_VS_GARDIQUIMOD_8H_BMDC_UP	-0.28064972546068173			
BAUS_TFF2_TARGETS_UP	-0.2806564841993103			
IPA_CTBP2_UP	-0.2806572514837333			
GO_POSITIVE_REGULATION_OF_DOUBLE_STRAND_BREAK_REPAIR_VIA_HOMOLOGOUS_RECOMBINATION	-0.2806764408368873			
GO_CLATHRIN_DEPENDENT_ENDOCYTOSIS	-0.2806850492048439			
GO_RENAL_SYSTEM_VASCULATURE_DEVELOPMENT	-0.28068930639551654			
IPA_TCF12_UP	-0.2806930534609694			
GO_NEGATIVE_REGULATION_OF_NUCLEOCYTOPLASMIC_TRANSPORT	-0.28070156222764453			
GSE10239_NAIVE_VS_KLRG1HIGH_EFF_CD8_TCELL_UP	-0.2807018977265661			
YTAATTAA_LHX3_01	-0.2807178396539263			
FUNG_IL2_SIGNALING_1	-0.28073154509297704			
GSE27786_LIN_NEG_VS_CD8_TCELL_UP	-0.2807361394113637			
MIZUKAMI_HYPOXIA_UP	-0.2807413692066916			
HASINA_NOL7_TARGETS_UP	-0.2807454588226179			
PBX1_02	-0.2807610281881324			
GO_PEPTIDASE_ACTIVATOR_ACTIVITY	-0.28076946521446994			
GSE25123_IL4_VS_IL4_AND_ROSIGLITAZONE_STIM_MACROPHAGE_DAY10_UP	-0.28077267722344484			
LANDIS_ERBB2_BREAST_TUMORS_65_DN	-0.28077521706558767			
LEI_HOXC8_TARGETS_UP	-0.2807916614093206			
FINETTI_BREAST_CANCER_KINOME_GREEN	-0.28079605613126996			
GO_NEGATIVE_REGULATION_OF_B_CELL_MEDIATED_IMMUNITY	-0.28079855548553856			
GSE15330_HSC_VS_GRANULOCYTE_MONOCYTE_PROGENITOR_IKAROS_KO_UP	-0.2808021011554481			
GSE8678_IL7R_LOW_VS_HIGH_EFF_CD8_TCELL_UP	-0.2808172557001706			
MIR6854_3P	-0.28081982564887786			
GO_PROTEIN_DISULFIDE_ISOMERASE_ACTIVITY	-0.2808299908781119			
PARK_HSC_MARKERS	-0.28083896078819864			
GO_ANATOMICAL_STRUCTURE_FORMATION_INVOLVED_IN_MORPHOGENESIS	-0.28083970953754855			
HOEBEKE_LYMPHOID_STEM_CELL_DN	-0.2808424141125837			
GARGALOVIC_RESPONSE_TO_OXIDIZED_PHOSPHOLIPIDS_PURPLE_DN	-0.2808513799508813			
GO_TRANSFORMING_GROWTH_FACTOR_BETA_RECEPTOR_BINDING	-0.2808548556588045			
GO_POSITIVE_REGULATION_OF_PROTEIN_POLYUBIQUITINATION	-0.28086058637530104			
BIOCARTA_CELL2CELL_PATHWAY	-0.28086285850706366			
GSE24142_DN2_VS_DN3_THYMOCYTE_ADULT_UP	-0.28086325371990517			
PLASARI_TGFB1_TARGETS_1HR_UP	-0.28086489953331245			
HOLLEMAN_PREDNISOLONE_RESISTANCE_B_ALL_DN	-0.28087599067862745			
FOXF2_TARGET_GENES	-0.2809010657232741			
GSE32986_CURDLAN_HIGHDOSE_VS_GMCSF_AND_CURDLAN_HIGHDOSE_STIM_DC_UP	-0.2809372838957575			
GO_RESPONSE_TO_BRONCHODILATOR	-0.2809389209814124			
GSE21670_IL6_VS_TGFB_AND_IL6_TREATED_STAT3_KO_CD4_TCELL_UP	-0.28096600150071394			
REACTOME_METALLOTHIONEINS_BIND_METALS	-0.28097534149513514			
RNTCANNRNNYNATTW_UNKNOWN	-0.28097940929506077			
GO_REGULATION_OF_PEPTIDYL_SERINE_PHOSPHORYLATION_OF_STAT_PROTEIN	-0.28098166607126146			
KEGG_PANCREATIC_CANCER	-0.28098735834040917			
BURTON_ADIPOGENESIS_9	-0.2809992627925755			
REACTOME_CLATHRIN_MEDIATED_ENDOCYTOSIS	-0.2810064472429127			
GO_FOREBRAIN_GENERATION_OF_NEURONS	-0.28100897426202415			
GO_REACTIVE_NITROGEN_SPECIES_METABOLIC_PROCESS	-0.2810099416993547			
GAUSSMANN_MLL_AF4_FUSION_TARGETS_A_DN	-0.2810185260841526			
GO_EXTRINSIC_COMPONENT_OF_MEMBRANE	-0.28102344545555064			
MIR4436B_3P	-0.28103071954931164			
IPA_NPAS3_UP	-0.28103495497942693			
GO_NEGATIVE_REGULATION_OF_SIGNALING	-0.2810472263545932			
REACTOME_PROTON_COUPLED_MONOCARBOXYLATE_TRANSPORT	-0.281051836278307			
GO_PHOSPHOTYROSINE_RESIDUE_BINDING	-0.281061710939811			
GO_INTRINSIC_COMPONENT_OF_NUCLEAR_INNER_MEMBRANE	-0.28108520813985927			
YOSHIMURA_MAPK8_TARGETS_DN	-0.28110404667404876			
GO_PYRIDINE_CONTAINING_COMPOUND_METABOLIC_PROCESS	-0.2811073276927196			
LEE_EARLY_T_LYMPHOCYTE_UP	-0.28110947142020504			
FARDIN_HYPOXIA_11	-0.28110970871408736			
GO_REGULATION_OF_MESENCHYMAL_TO_EPITHELIAL_TRANSITION_INVOLVED_IN_METANEPHROS_MORPHOGENESIS	-0.28113620405563006			
GO_PROSTAGLANDIN_E_RECEPTOR_ACTIVITY	-0.2811409667281038			
GO_REGULATION_OF_WOUND_HEALING	-0.2811540321027085			
GO_CELL_DEATH_IN_RESPONSE_TO_OXIDATIVE_STRESS	-0.28116302793861764			
GO_REGULATION_OF_CGMP_MEDIATED_SIGNALING	-0.28116653689957183			
GO_OLIGOSACCHARIDE_CATABOLIC_PROCESS	-0.2811779446875221			
GO_G_PROTEIN_COUPLED_ACETYLCHOLINE_RECEPTOR_SIGNALING_PATHWAY	-0.28118922403155977			
YAO_TEMPORAL_RESPONSE_TO_PROGESTERONE_CLUSTER_0	-0.2811934424139261			
GSE32986_CURDLAN_LOWDOSE_VS_GMCSF_AND_CURDLAN_LOWDOSE_STIM_DC_UP	-0.2811969473742981			
GO_MUSCLE_ORGAN_DEVELOPMENT	-0.2812034020886715			
MIR1291	-0.2812087389801395			
ACEVEDO_LIVER_CANCER_WITH_H3K9ME3_UP	-0.281215388180773			
MATTIOLI_MGUS_VS_MULTIPLE_MYELOMA	-0.2812209965521241			
GSE3039_ALPHABETA_CD8_TCELL_VS_B2_BCELL_UP	-0.28122493284487937			
GO_CILIARY_TRANSITION_FIBER	-0.28123251193065935			
GO_ANDROGEN_CATABOLIC_PROCESS	-0.28124283927570776			
GSE17721_PAM3CSK4_VS_GADIQUIMOD_6H_BMDC_DN	-0.2812441016165299			
MIR134_5P	-0.28124779166151587			
GSE1460_NAIVE_CD4_TCELL_ADULT_BLOOD_VS_THYMIC_STROMAL_CELL_DN	-0.281264576197925			
BIOCARTA_ARAP_PATHWAY	-0.28127429908050405			
GO_ANATOMICAL_STRUCTURE_REGRESSION	-0.28128963530430223			
GO_POSTSYNAPTIC_DENSITY_PROTEIN_95_CLUSTERING	-0.28129144683395474			
MIR6827_3P	-0.28131030345300245			
MONNIER_POSTRADIATION_TUMOR_ESCAPE_DN	-0.28131219217197095			
PUIFFE_INVASION_INHIBITED_BY_ASCITES_UP	-0.2813245827543413			
GO_ADENYLATE_CYCLASE_BINDING	-0.28132469008236144			
GSE37301_COMMON_LYMPHOID_PROGENITOR_VS_RAG2_KO_NK_CELL_UP	-0.28133857154642467			
GSE22313_HEALTHY_VS_SLE_MOUSE_CD4_TCELL_UP	-0.28135702070394963			
GO_NEGATIVE_REGULATION_OF_NEURON_DEATH	-0.2813861903207231			
GO_CELLULAR_RESPONSE_TO_OXYGEN_LEVELS	-0.2813876957150568			
GO_G_PROTEIN_COUPLED_GLUTAMATE_RECEPTOR_SIGNALING_PATHWAY	-0.2813914129074463			
GSE17721_CTRL_VS_LPS_1H_BMDC_DN	-0.2814003215510253			
GO_GLUCOCORTICOID_METABOLIC_PROCESS	-0.2814173313268782			
GO_PROTEIN_OXIDATION	-0.2814309273032492			
RSRFC4_Q2	-0.28143292024713773			
GO_NEGATIVE_REGULATION_OF_CYTOKINE_SECRETION_INVOLVED_IN_IMMUNE_RESPONSE	-0.28143736261323865			
GLI1_UP.V1_UP	-0.2814387895237904			
GO_NEGATIVE_REGULATION_OF_PROTEIN_DEPHOSPHORYLATION	-0.2814395680524233			
GSE22886_NAIVE_BCELL_VS_MONOCYTE_UP	-0.2814513409353061			
GO_MICROTUBULE_MOTOR_ACTIVITY	-0.2814616623591851			
IPA_HHEX_DN	-0.2814645176878747			
FRIDMAN_IMMORTALIZATION_DN	-0.28149441223587823			
GO_REGULATION_OF_DOPAMINERGIC_NEURON_DIFFERENTIATION	-0.28150314142005206			
REACTOME_RECYCLING_PATHWAY_OF_L1	-0.2815067501015375			
REACTOME_MECP2_REGULATES_NEURONAL_RECEPTORS_AND_CHANNELS	-0.28151305816221023			
BRCA1_DN.V1_UP	-0.28151601226095635			
GO_SYNAPTIC_VESICLE_LOCALIZATION	-0.28152218546854674			
GSE43863_TH1_VS_TFH_MEMORY_CD4_TCELL_UP	-0.281538091873817			
MIR6730_5P	-0.2815507490246656			
YAP1_UP	-0.281551343778911			
GO_AXO_DENDRITIC_PROTEIN_TRANSPORT	-0.2815642857653879			
GSE39820_CTRL_VS_IL1B_IL6_CD4_TCELL_UP	-0.28156522874592066			
FRIDMAN_SENESCENCE_UP	-0.28156718977943523			
IPA_PRDM8_DN	-0.2815710377505232			
GO_MIDBRAIN_DOPAMINERGIC_NEURON_DIFFERENTIATION	-0.2815722554124275			
GO_CRD_MEDIATED_MRNA_STABILIZATION	-0.2815820752827233			
GO_AZUROPHIL_GRANULE_MEMBRANE	-0.2815940603859252			
GO_CCR5_CHEMOKINE_RECEPTOR_BINDING	-0.28159700066598403			
VERRECCHIA_DELAYED_RESPONSE_TO_TGFB1	-0.28161057691726327			
GSE20727_CTRL_VS_ROS_INH_AND_DNFB_ALLERGEN_TREATED_DC_UP	-0.2816268318016422			
MIR33A_3P	-0.2816285428350646			
GO_NEGATIVE_REGULATION_OF_CELL_MIGRATION_INVOLVED_IN_SPROUTING_ANGIOGENESIS	-0.28163047501115557			
REACTOME_G_PROTEIN_ACTIVATION	-0.2816329121124155			
CAGTATT_MIR200B_MIR200C_MIR429	-0.28165070562738737			
GSE17721_CPG_VS_GARDIQUIMOD_24H_BMDC_DN	-0.2816722554060034			
GO_SITE_OF_DOUBLE_STRAND_BREAK	-0.28167688027558846			
GSE18281_SUBCAPSULAR_CORTICAL_REGION_VS_WHOLE_MEDULLA_THYMUS_DN	-0.2816828772764645			
GO_MEIOTIC_CELL_CYCLE_PROCESS	-0.281697755508713			
GO_CELLULAR_COMPONENT_ASSEMBLY_INVOLVED_IN_MORPHOGENESIS	-0.2817057746404423			
REACTOME_MITOTIC_G2_G2_M_PHASES	-0.28170915599223373			
KORKOLA_EMBRYONIC_CARCINOMA_VS_SEMINOMA_DN	-0.2817092237825764			
GO_REGULATION_OF_DOUBLE_STRAND_BREAK_REPAIR_VIA_NONHOMOLOGOUS_END_JOINING	-0.28171010097356114			
GTCAACC_MIR3805P	-0.2817123314483078			
NIKOLSKY_BREAST_CANCER_15Q26_AMPLICON	-0.2817129074235987			
GO_POSITIVE_REGULATION_OF_PROTEIN_HOMODIMERIZATION_ACTIVITY	-0.2817225480988855			
GSE14308_TH2_VS_INDUCED_TREG_UP	-0.28172782773911037			
GO_NEGATIVE_REGULATION_OF_MACROPHAGE_DERIVED_FOAM_CELL_DIFFERENTIATION	-0.2817322798906151			
ARID5B_TARGET_GENES	-0.28173404567226445			
GO_REGULATION_OF_CHRONIC_INFLAMMATORY_RESPONSE	-0.2817456045441403			
GO_NEGATIVE_REGULATION_OF_DENDRITIC_CELL_DIFFERENTIATION	-0.2817512846153622			
RRCCGTTA_UNKNOWN	-0.2817569935103321			
GSE15930_STIM_VS_STIM_AND_IFNAB_72H_CD8_T_CELL_UP	-0.28176077125305365			
MIR6750_5P	-0.2817615923332891			
chrXq23	-0.28177132937975136			
GO_LEUKOCYTE_AGGREGATION	-0.28177157395734914			
BIOCARTA_ETS_PATHWAY	-0.28177815321346167			
GO_STAGA_COMPLEX	-0.28177941131360157			
GSE27786_LSK_VS_ERYTHROBLAST_UP	-0.28180322835138455			
GSE45739_NRAS_KO_VS_WT_ACD3_ACD28_STIM_CD4_TCELL_DN	-0.28181373686531397			
GSE6674_CPG_VS_PL2_3_STIM_BCELL_DN	-0.2818228263355228			
GO_REGULATION_OF_PROTEIN_POLYUBIQUITINATION	-0.28182993619584534			
GO_CHEMOKINE_RECEPTOR_BINDING	-0.2818571703999731			
KDM5D_TARGET_GENES	-0.2818658815091347			
GO_ISOTYPE_SWITCHING_TO_IGG_ISOTYPES	-0.28186811538786816			
GO_POSITIVE_REGULATION_OF_SMALL_MOLECULE_METABOLIC_PROCESS	-0.2818699666497461			
GO_NUCLEOBASE_CONTAINING_SMALL_MOLECULE_CATABOLIC_PROCESS	-0.28188407493473466			
GSE8921_UNSTIM_VS_TLR1_2_STIM_MONOCYTE_12H_DN	-0.28193319258660904			
MIR6778_3P	-0.2819380958804024			
GO_HISTONE_DEACETYLASE_ACTIVITY_H3_K14_SPECIFIC	-0.2819430915352857			
GO_REGULATION_OF_PROTEIN_CONTAINING_COMPLEX_DISASSEMBLY	-0.2819444073812334			
GO_AGING	-0.2819509623291946			
GO_MICROTUBULE_BINDING	-0.28196500426221865			
GO_GABAERGIC_NEURON_DIFFERENTIATION	-0.28197127440374764			
FREDERICK_PRKCI_TARGETS	-0.281995880130895			
REACTOME_A_TETRASACCHARIDE_LINKER_SEQUENCE_IS_REQUIRED_FOR_GAG_SYNTHESIS	-0.28200731770099385			
MIR6878_3P	-0.2820123021990339			
REACTOME_RHO_GTPASES_ACTIVATE_PAKS	-0.28202077459803887			
MIR4468	-0.28202762934589426			
chrXp21	-0.28202877454881237			
GO_REGULATION_OF_MEMBRANE_REPOLARIZATION_DURING_ACTION_POTENTIAL	-0.2820354923665026			
GO_IMMUNE_RESPONSE_INHIBITING_SIGNAL_TRANSDUCTION	-0.2820446213501588			
GO_SUMO_POLYMER_BINDING	-0.2820454973503826			
GO_STAT_FAMILY_PROTEIN_BINDING	-0.28205564829842167			
GO_FORMATION_OF_ANATOMICAL_BOUNDARY	-0.28206566792604837			
GO_INTERACTION_WITH_SYMBIONT	-0.2820758808561798			
GO_COBALAMIN_TRANSPORT	-0.28208061548328534			
GSE4748_CTRL_VS_LPS_AND_CYANOBACTERIUM_LPSLIKE_STIM_DC_3H_DN	-0.2820829441892426			
GO_POSITIVE_REGULATION_OF_GAMMA_DELTA_T_CELL_ACTIVATION	-0.28208509816631927			
LEE_LIVER_CANCER_DENA_UP	-0.2820942060385666			
GO_PROTEOLYSIS	-0.2821081830553578			
REACTOME_TRAF6_MEDIATED_NF_KB_ACTIVATION	-0.28210846196224254			
GO_MONOCYTE_ACTIVATION	-0.28211071148421457			
GO_ACETYL_COA_HYDROLASE_ACTIVITY	-0.2821409556360598			
MIR9983_3P	-0.2821500457086418			
GO_B_1_B_CELL_DIFFERENTIATION	-0.2821732795698207			
GO_COATED_VESICLE	-0.2821777290510554			
GSE5542_IFNG_VS_IFNA_AND_IFNG_TREATED_EPITHELIAL_CELLS_24H_UP	-0.28220553886045713			
GO_DYNEIN_HEAVY_CHAIN_BINDING	-0.2822120812057163			
IPA_IKZF1_DN	-0.2822161675741197			
GO_REGULATION_OF_ENTRY_OF_BACTERIUM_INTO_HOST_CELL	-0.28222012486367437			
GO_PROTEIN_K29_LINKED_UBIQUITINATION	-0.28222814002625096			
IPA_EGR1_DN	-0.28223718252301316			
GSE21033_3H_VS_24H_POLYIC_STIM_DC_UP	-0.2822372135961077			
GO_SUGAR_TRANSMEMBRANE_TRANSPORTER_ACTIVITY	-0.2822547908509178			
GSE2770_IL12_AND_TGFB_VS_IL4_TREATED_ACT_CD4_TCELL_48H_DN	-0.28226991144903674			
GSE14908_RESTING_VS_HDM_STIM_CD4_TCELL_NONATOPIC_PATIENT_DN	-0.28227475966170923			
GO_G_PROTEIN_COUPLED_CHEMOATTRACTANT_RECEPTOR_ACTIVITY	-0.2822757487997595			
GO_MUSCLE_CELL_MIGRATION	-0.2822789972751053			
MIR181A_3P	-0.28230284947195655			
ZHAN_MULTIPLE_MYELOMA_CD1_VS_CD2_DN	-0.2823043019769708			
LINDVALL_IMMORTALIZED_BY_TERT_DN	-0.28230447007108456			
GO_AROMATIC_AMINO_ACID_TRANSMEMBRANE_TRANSPORTER_ACTIVITY	-0.28230600402072775			
GSE14308_TH17_VS_NATURAL_TREG_UP	-0.28231369226783454			
GO_POSITIVE_REGULATION_OF_CAMP_DEPENDENT_PROTEIN_KINASE_ACTIVITY	-0.28233914486903094			
GSE2585_CTEC_VS_THYMIC_MACROPHAGE_DN	-0.2823416691279875			
ARNT_02	-0.2823555183420153			
IPA_TFAP2B_DN	-0.28236060595329776			
IPA_IRX2_DN	-0.28236060595329776			
GSE11961_FOLLICULAR_BCELL_VS_PLASMA_CELL_DAY7_UP	-0.28236614614072947			
GO_HISTONE_H3_DEACETYLATION	-0.2823741367837866			
REACTOME_EICOSANOID_LIGAND_BINDING_RECEPTORS	-0.28237834062223877			
AP1_Q4	-0.2823790451378363			
CHIARETTI_T_ALL_RELAPSE_PROGNOSIS	-0.2824072106582686			
MIR3136_3P	-0.28240888982047324			
MSX1_01	-0.28240915594162536			
GSE17974_2H_VS_72H_UNTREATED_IN_VITRO_CD4_TCELL_UP	-0.28242366516847206			
KORKOLA_SEMINOMA_DN	-0.2824255847387598			
MIR1184	-0.28243118063465983			
GO_MHC_CLASS_II_PROTEIN_COMPLEX	-0.28244874169855416			
GO_POSITIVE_REGULATION_OF_PHOSPHOLIPID_METABOLIC_PROCESS	-0.28247027628842963			
GO_NCRNA_CATABOLIC_PROCESS	-0.2824856768025758			
GO_NEGATIVE_REGULATION_OF_BLOOD_VESSEL_ENDOTHELIAL_CELL_MIGRATION	-0.28248955633222705			
GOBERT_CORE_OLIGODENDROCYTE_DIFFERENTIATION	-0.2825036010745178			
GSE41867_LCMV_ARMSTRONG_VS_CLONE13_DAY8_EFFECTOR_CD8_TCELL_DN	-0.28250867738099783			
MIR5703	-0.2825215812008872			
GO_CONNECTIVE_TISSUE_DEVELOPMENT	-0.28253433867982003			
GO_ORNITHINE_METABOLIC_PROCESS	-0.2825375684842721			
GERHOLD_ADIPOGENESIS_DN	-0.2825502599608736			
GSE29618_PRE_VS_DAY7_POST_TIV_FLU_VACCINE_BCELL_DN	-0.28255694672629017			
GSE17721_CTRL_VS_LPS_6H_BMDC_DN	-0.28256834282698895			
KANG_IMMORTALIZED_BY_TERT_DN	-0.2826051905749351			
GSE360_DC_VS_MAC_UP	-0.28262482895889973			
GSE7509_UNSTIM_VS_FCGRIIB_STIM_MONOCYTE_DN	-0.2826307629892527			
HASLINGER_B_CLL_WITH_11Q23_DELETION	-0.2826362157575229			
GO_POSITIVE_REGULATION_OF_CELL_AGING	-0.2826396958019924			
ETS2_B	-0.2826434888904632			
GO_GOLGI_CIS_CISTERNA	-0.2826458430964786			
GO_GLYCOSYL_COMPOUND_METABOLIC_PROCESS	-0.2826539026148745			
GO_ACROSIN_BINDING	-0.28266625318198346			
SYED_ESTRADIOL_RESPONSE	-0.2826825587623237			
GSE7831_1H_VS_4H_INFLUENZA_STIM_PDC_DN	-0.28269188777560234			
MIR1244	-0.2826923719062906			
GO_OLFACTORY_BULB_INTERNEURON_DEVELOPMENT	-0.2827005751181427			
GO_MYOSIN_FILAMENT_ORGANIZATION	-0.28271216630445595			
GSE3982_MAST_CELL_VS_TH1_DN	-0.2827243781559542			
GO_NEGATIVE_REGULATION_OF_VASOCONSTRICTION	-0.2827283914008983			
GSE9960_HEALTHY_VS_SEPSIS_PBMC_DN	-0.28273949507204627			
GO_T_CELL_DIFFERENTIATION_IN_THYMUS	-0.28277048173707403			
GO_ENDOPLASMIC_RETICULUM_CALCIUM_ION_HOMEOSTASIS	-0.28278445539724245			
GSE24102_GRANULOCYSTIC_MDSC_VS_NEUTROPHIL_UP	-0.2827869905701697			
BIOCARTA_BCELLSURVIVAL_PATHWAY	-0.2827929677884327			
IPA_MLXIP_DN	-0.28280645747698			
GO_NEGATIVE_REGULATION_OF_NEUTROPHIL_ACTIVATION	-0.28281423826696817			
ZIRN_TRETINOIN_RESPONSE_UP	-0.2828162604153886			
PUIFFE_INVASION_INHIBITED_BY_ASCITES_DN	-0.28282832777866057			
HADDAD_B_LYMPHOCYTE_PROGENITOR	-0.2828290651451228			
GO_REGULATION_OF_HUMORAL_IMMUNE_RESPONSE	-0.28284255792380475			
GO_DIACYLGLYCEROL_BINDING	-0.28284347060727444			
GO_REGULATION_OF_MYELOID_DENDRITIC_CELL_ACTIVATION	-0.28285490751565606			
MIR6839_3P	-0.282858789300531			
GENTLES_LEUKEMIC_STEM_CELL_DN	-0.28288487590484895			
GO_POSITIVE_REGULATION_OF_NATURAL_KILLER_CELL_MEDIATED_IMMUNE_RESPONSE_TO_TUMOR_CELL	-0.2828889460716478			
GSE7831_UNSTIM_VS_CPG_STIM_PDC_4H_DN	-0.2829020459673544			
GSE32986_CURDLAN_LOWDOSE_VS_GMCSF_AND_CURDLAN_LOWDOSE_STIM_DC_DN	-0.2829245920026818			
IPA_HOPX_UP	-0.28293092581783336			
REACTOME_LYSOSPHINGOLIPID_AND_LPA_RECEPTORS	-0.2829315385855918			
KEGG_DORSO_VENTRAL_AXIS_FORMATION	-0.28293181816257873			
REACTOME_FGFR1_MUTANT_RECEPTOR_ACTIVATION	-0.2829444140087107			
BIERIE_INFLAMMATORY_RESPONSE_TGFB1	-0.2829553774610624			
REACTOME_ASSEMBLY_OF_ACTIVE_LPL_AND_LIPC_LIPASE_COMPLEXES	-0.282959643298182			
GSE45365_HEALTHY_VS_MCMV_INFECTION_CD8_TCELL_IFNAR_KO_DN	-0.28296349886604794			
JIANG_HYPOXIA_NORMAL	-0.2829637757803163			
GO_CHEMOKINE_BIOSYNTHETIC_PROCESS	-0.28296943579080847			
GO_EOSINOPHIL_MIGRATION	-0.2829705710704528			
ZNF33A_TARGET_GENES	-0.28297709590121956			
GSE30971_2H_VS_4H_LPS_STIM_MACROPHAGE_WBP7_KO_DN	-0.2829813733047331			
GO_REGULATION_OF_PHOSPHATE_TRANSPORT	-0.28299538161230176			
ONKEN_UVEAL_MELANOMA_UP	-0.28301710945232783			
GSE5463_CTRL_VS_DEXAMETHASONE_TREATED_THYMOCYTE_DN	-0.2830188947919923			
GO_RESPONSE_TO_COCAINE	-0.2830246779317818			
NAB2_TARGET_GENES	-0.28302921364342853			
LEE_AGING_NEOCORTEX_DN	-0.283059365537664			
GAZDA_DIAMOND_BLACKFAN_ANEMIA_PROGENITOR_DN	-0.283069309195219			
REACTOME_SUPPRESSION_OF_APOPTOSIS	-0.2830784682359226			
GO_ODONTOBLAST_DIFFERENTIATION	-0.2830801995750728			
JEPSEN_SMRT_TARGETS	-0.28309805083472545			
GSE37532_WT_VS_PPARG_KO_VISCERAL_ADIPOSE_TISSUE_TCONV_UP	-0.28310508302214066			
GO_REGULATION_OF_RESPONSE_TO_TUMOR_CELL	-0.28310983026123565			
SEITZ_NEOPLASTIC_TRANSFORMATION_BY_8P_DELETION_DN	-0.2831255162471096			
GO_REGULATION_OF_LYMPHOCYTE_CHEMOTAXIS	-0.28314100224652183			
MIR1226_5P	-0.2831646367412259			
MIR6878_5P	-0.2831653578444098			
DAIRKEE_CANCER_PRONE_RESPONSE_BPA_E2	-0.28316546129532194			
PID_ATF2_PATHWAY	-0.28316798062308324			
GO_NEGATIVE_REGULATION_OF_RECEPTOR_MEDIATED_ENDOCYTOSIS	-0.28317253835067163			
IPA_PTF1A_UP	-0.28320328423253177			
GO_NEGATIVE_REGULATION_OF_CATION_CHANNEL_ACTIVITY	-0.28320556993092544			
GO_INTERLEUKIN_12_SECRETION	-0.28320869260750287			
GO_RESPONSE_TO_OXYGEN_LEVELS	-0.28322093845841123			
GO_DEVELOPMENT_OF_PRIMARY_FEMALE_SEXUAL_CHARACTERISTICS	-0.2832304015971523			
IPA_TP53BP2_DN	-0.2832389230860022			
GO_PEPTIDYL_SERINE_MODIFICATION	-0.2832412407643159			
GSE24634_TEFF_VS_TCONV_DAY5_IN_CULTURE_DN	-0.2832418785036073			
ZNF530_TARGET_GENES	-0.28324800039133674			
TORCHIA_TARGETS_OF_EWSR1_FLI1_FUSION_UP	-0.2832488327873148			
GSE40274_CTRL_VS_GATA1_TRANSDUCED_ACTIVATED_CD4_TCELL_DN	-0.2832700773756908			
MIR509_5P	-0.2832810354229917			
PID_SYNDECAN_3_PATHWAY	-0.2832956705390521			
GSE20484_MCSG_VS_CXCL4_MONOCYTE_DERIVED_MACROPHAGE_UP	-0.28331345579475087			
GO_HEPATIC_STELLATE_CELL_ACTIVATION	-0.2833324806695513			
GSE21063_CTRL_VS_ANTI_IGM_STIM_BCELL_3H_DN	-0.28334300509557436			
GO_PEPTIDASE_ACTIVATOR_ACTIVITY_INVOLVED_IN_APOPTOTIC_PROCESS	-0.2833499976999546			
GO_REPLICATIVE_SENESCENCE	-0.2833509807005567			
NABA_BASEMENT_MEMBRANES	-0.28335445404514836			
PELLICCIOTTA_HDAC_IN_ANTIGEN_PRESENTATION_UP	-0.2833619029613367			
GO_GRANULOCYTE_DIFFERENTIATION	-0.2833848567787659			
MIR509_3_5P	-0.28340026472318425			
MIR6843_3P	-0.28340316528972365			
GSE45881_CXCR6HI_VS_CXCR1LO_COLONIC_LAMINA_PROPRIA_DN	-0.2834246292381663			
GSE22886_NAIVE_CD8_TCELL_VS_MEMORY_TCELL_UP	-0.28343083562684346			
GO_DEVELOPMENTAL_GROWTH	-0.28343688635443254			
GO_GLUCURONOSYLTRANSFERASE_ACTIVITY	-0.2834393238829034			
GSE12845_PRE_GC_VS_DARKZONE_GC_TONSIL_BCELL_DN	-0.2834582211364581			
MIR4731_3P	-0.28346102997435946			
KEGG_ARRHYTHMOGENIC_RIGHT_VENTRICULAR_CARDIOMYOPATHY_ARVC	-0.283467427280333			
GSE3920_IFNA_VS_IFNG_TREATED_ENDOTHELIAL_CELL_UP	-0.28346896570927266			
GSE16450_CTRL_VS_IFNA_12H_STIM_IMMATURE_NEURON_CELL_LINE_DN	-0.28350735519275017			
GO_COMPLEMENT_ACTIVATION	-0.283517227846873			
GO_MONOUBIQUITINATED_PROTEIN_DEUBIQUITINATION	-0.2835178775846825			
REACTOME_ERYTHROPOIETIN_ACTIVATES_STAT5	-0.2835195093291134			
GSE24671_CTRL_VS_SENDAI_VIRUS_INFECTED_MOUSE_SPLENOCYTES_DN	-0.2835201268424885			
GO_CELLULAR_RESPONSE_TO_NITRIC_OXIDE	-0.28353017859155993			
BURTON_ADIPOGENESIS_8	-0.2835486672472565			
NIKOLSKY_BREAST_CANCER_12Q13_Q21_AMPLICON	-0.28355139196885903			
GO_ACTIN_FILAMENT	-0.2835651067818952			
MIR1287_5P	-0.2835661132744416			
RODRIGUES_THYROID_CARCINOMA_ANAPLASTIC_UP	-0.2835970829912242			
MIR135B_5P	-0.2836145588422559			
GSE5589_IL6_KO_VS_IL10_KO_LPS_AND_IL6_STIM_MACROPHAGE_45MIN_UP	-0.28362125991518056			
GO_RETROGRADE_TRANSPORT_ENDOSOME_TO_GOLGI	-0.2836220460841814			
GO_MUSCLE_HYPERPLASIA	-0.28362816695614806			
GO_VITAMIN_D3_METABOLIC_PROCESS	-0.2836298609101076			
CHIARADONNA_NEOPLASTIC_TRANSFORMATION_KRAS_DN	-0.28365007837246414			
GO_NEGATIVE_REGULATION_OF_TRANSMEMBRANE_TRANSPORT	-0.28366131531671074			
GSE7509_UNSTIM_VS_FCGRIIB_STIM_DC_UP	-0.2836723209120115			
GSE20198_IL12_VS_IL12_IL18_TREATED_ACT_CD4_TCELL_DN	-0.2836763529176365			
MIR549A_3P	-0.28368725671452494			
GO_MICROTUBULE_DEPOLYMERIZATION	-0.28368826136250813			
GSE37301_HEMATOPOIETIC_STEM_CELL_VS_GRAN_MONO_PROGENITOR_DN	-0.2836991881816203			
REACTOME_FCGR3A_MEDIATED_IL10_SYNTHESIS	-0.2836995724960676			
GO_MHC_CLASS_II_RECEPTOR_ACTIVITY	-0.2837067349427339			
GO_REGULATION_OF_GLUTAMINE_FAMILY_AMINO_ACID_METABOLIC_PROCESS	-0.28370811368135507			
MIR6879_5P	-0.28372042876823034			
GSE37301_LYMPHOID_PRIMED_MPP_VS_RAG2_KO_NK_CELL_UP	-0.28372414938575735			
GO_G_PROTEIN_COUPLED_RECEPTOR_DIMERIC_COMPLEX	-0.28374106392055976			
BIOCARTA_RECK_PATHWAY	-0.28377056963825564			
GSE29949_DC_BRAIN_VS_MONOCYTE_BONE_MARROW_DN	-0.2837766033207088			
GO_IMPORT_INTO_CELL	-0.2837782581090721			
LY_AGING_PREMATURE_DN	-0.28378405941117757			
SWEET_KRAS_TARGETS_UP	-0.2837883194719233			
REACTOME_GABA_RECEPTOR_ACTIVATION	-0.28379174646849803			
GO_REGULATION_OF_RECEPTOR_BIOSYNTHETIC_PROCESS	-0.2838004772616041			
CROMER_TUMORIGENESIS_UP	-0.2838092358644094			
KASLER_HDAC7_TARGETS_1_DN	-0.2838150130618273			
GO_TITIN_BINDING	-0.283821337170527			
GSE24634_TEFF_VS_TCONV_DAY10_IN_CULTURE_DN	-0.2838407841451392			
GO_MUSCLE_ORGAN_MORPHOGENESIS	-0.28384694203021793			
GO_MEMBRANE_ORGANIZATION	-0.283853763306343			
GO_POSITIVE_REGULATION_OF_URINE_VOLUME	-0.28385541771488654			
REACTOME_RESPONSE_TO_METAL_IONS	-0.28386044212570627			
GO_REGULATION_OF_CELLULAR_COMPONENT_MOVEMENT	-0.2838741876792781			
STAT5A_04	-0.2839025503574464			
GSE17721_POLYIC_VS_GARDIQUIMOD_12H_BMDC_UP	-0.28390477932365465			
GSE21670_IL6_VS_TGFB_AND_IL6_TREATED_CD4_TCELL_UP	-0.283905950220384			
MIR146A_3P	-0.28391039944351776			
PASINI_SUZ12_TARGETS_UP	-0.28391430501529685			
GO_MEIOTIC_TELOMERE_CLUSTERING	-0.2839156998977311			
GO_NEGATIVE_REGULATION_OF_MEMBRANE_PERMEABILITY	-0.28394080111321673			
VILIMAS_NOTCH1_TARGETS_DN	-0.28394444144541625			
BIOCARTA_DNAFRAGMENT_PATHWAY	-0.28394733923462273			
GSE41176_UNSTIM_VS_ANTI_IGM_STIM_TAK1_KO_BCELL_6H_UP	-0.28395190125427405			
GSE3039_ALPHAALPHA_VS_ALPHABETA_CD8_TCELL_DN	-0.28396402585899516			
GO_POSITIVE_REGULATION_OF_INTERFERON_ALPHA_PRODUCTION	-0.28396650945920493			
CTCCAAG_MIR432	-0.28397446723387443			
GO_MELANOSOME_ASSEMBLY	-0.2839882698720154			
GO_CALCIUM_ION_EXPORT	-0.28400422635723116			
GO_POSITIVE_REGULATION_OF_PROTEIN_CATABOLIC_PROCESS	-0.28401472829846597			
REACTOME_MAP2K_AND_MAPK_ACTIVATION	-0.28401629385709654			
GO_MITOPHAGY	-0.28402476001710036			
GO_POSITIVE_REGULATION_OF_T_HELPER_1_CELL_DIFFERENTIATION	-0.2840261621304588			
WINTER_HYPOXIA_METAGENE	-0.2840304110596237			
GSE17721_LPS_VS_POLYIC_8H_BMDC_UP	-0.2840310690141236			
FLECHNER_PBL_KIDNEY_TRANSPLANT_REJECTED_VS_OK_UP	-0.2840345211945542			
IPA_SMAD2_UP	-0.2840550566911619			
GSE9988_ANTI_TREM1_VS_CTRL_TREATED_MONOCYTES_DN	-0.2840553993198369			
GO_REGULATION_OF_MAST_CELL_CYTOKINE_PRODUCTION	-0.2840566461950914			
NAKAMURA_METASTASIS	-0.2840622166694393			
GO_POSITIVE_REGULATION_OF_INTERLEUKIN_6_BIOSYNTHETIC_PROCESS	-0.28407067882202075			
LEIN_LOCALIZED_TO_PROXIMAL_DENDRITES	-0.2840768352815895			
chr12p13	-0.2840964659840841			
GSE29949_CD8_POS_DC_SPLEEN_VS_DC_BRAIN_DN	-0.2841068715341632			
REACTOME_PECAM1_INTERACTIONS	-0.28410999397897385			
GO_POSITIVE_REGULATION_OF_TYPE_I_INTERFERON_PRODUCTION	-0.28412178488956485			
GSE3982_NEUTROPHIL_VS_BASOPHIL_DN	-0.284122351289629			
GO_ECTODERMAL_CELL_DIFFERENTIATION	-0.28413149513405156			
REACTOME_NEF_MEDIATED_CD8_DOWN_REGULATION	-0.28414308742106087			
GSE22443_IL2_VS_IL12_TREATED_ACT_CD8_TCELL_DN	-0.2841440276575657			
MIR6886_3P	-0.2841448754778902			
GO_ENDOTHELIAL_CELL_CHEMOTAXIS	-0.2841483649916037			
GO_POSITIVE_REGULATION_OF_PROTEIN_LOCALIZATION_TO_SYNAPSE	-0.2841529347383073			
SHI_SPARC_TARGETS_DN	-0.2841648259111049			
GSE37605_C57BL6_VS_NOD_FOXP3_IRES_GFP_TCONV_DN	-0.2841695399065218			
IPA_YY1_UP	-0.2841715031448219			
GSE20198_IL12_IL18_VS_IFNA_TREATED_ACT_CD4_TCELL_UP	-0.28417242428114736			
GTAAGAT_MIR200A	-0.2841750354333512			
GSE17721_12H_VS_24H_PAM3CSK4_BMDC_DN	-0.28420377770969996			
GO_NEGATIVE_REGULATION_OF_NF_KAPPAB_TRANSCRIPTION_FACTOR_ACTIVITY	-0.2842259743695041			
GSE27859_CD11C_INT_F480_HI_MACROPHAGE_VS_CD11C_ING_F480_INT_DC_DN	-0.2842277973601491			
GSE11864_UNTREATED_VS_CSF1_IFNG_IN_MAC_UP	-0.2842344057652318			
GSE3982_DC_VS_NEUTROPHIL_UP	-0.2842456721470057			
GO_CARDIOLIPIN_BINDING	-0.28425837090579126			
GO_REGULATION_OF_DENDRITIC_CELL_DIFFERENTIATION	-0.2842584935502712			
GSE21063_CTRL_VS_ANTI_IGM_STIM_BCELL_NFATC1_KO_16H_UP	-0.28426707022829606			
GSE11884_WT_VS_FURIN_KO_NAIVE_CD4_TCELL_UP	-0.28428083232018575			
KEGG_PRIMARY_IMMUNODEFICIENCY	-0.28429088015837395			
GO_NUCLEAR_BODY_ORGANIZATION	-0.2842951295510416			
RODRIGUES_THYROID_CARCINOMA_UP	-0.28430014659310293			
THUM_MIR21_TARGETS_HEART_DISEASE_UP	-0.2843054826633478			
RUIZ_TNC_TARGETS_DN	-0.2843088994591481			
GO_CELLULAR_RESPONSE_TO_DRUG	-0.28431737927619166			
REACTOME_COPI_INDEPENDENT_GOLGI_TO_ER_RETROGRADE_TRAFFIC	-0.28432462674773806			
GO_PROTEIN_C_LINKED_GLYCOSYLATION	-0.2843374652226221			
GSE13485_DAY1_VS_DAY3_YF17D_VACCINE_PBMC_DN	-0.2843384699536744			
GSE1460_DP_THYMOCYTE_VS_NAIVE_CD4_TCELL_CORD_BLOOD_DN	-0.2843391013021606			
GO_CELLULAR_RESPONSE_TO_VIRUS	-0.28434645291706934			
GO_LATE_ENDOSOME_MEMBRANE	-0.2843492819881075			
TGATTTRY_GFI1_01	-0.2843501052384328			
MIR4999_3P	-0.28436154506526873			
IPA_POU3F2_UP	-0.28436446526102227			
GTF3A_TARGET_GENES	-0.284371546470097			
GSE21546_SAP1A_KO_VS_SAP1A_KO_AND_ELK1_KO_DP_THYMOCYTES_UP	-0.2843723344616247			
WANG_IMMORTALIZED_BY_HOXA9_AND_MEIS1_DN	-0.28439481980784065			
GSE3337_4H_VS_16H_IFNG_IN_CD8POS_DC_UP	-0.2844058661549959			
AZARE_NEOPLASTIC_TRANSFORMATION_BY_STAT3_UP	-0.28442861286505006			
GO_SAGA_TYPE_COMPLEX	-0.2844408672390997			
GO_MICROTUBULE_ANCHORING_AT_CENTROSOME	-0.2844621659339743			
GSE5503_LIVER_DC_VS_MLN_DC_ACTIVATED_ALLOGENIC_TCELL_DN	-0.2844848495574086			
MIR517_5P	-0.28448690195188414			
GO_POSITIVE_REGULATION_OF_ORGAN_GROWTH	-0.28452069367583177			
BIOCARTA_TOB1_PATHWAY	-0.2845269309394616			
GSE3720_UNSTIM_VS_PMA_STIM_VD2_GAMMADELTA_TCELL_UP	-0.2845293678661794			
MIR6529_5P	-0.2845383450571487			
GSE9988_ANTI_TREM1_AND_LPS_VS_CTRL_TREATED_MONOCYTES_DN	-0.284561463466173			
GSE14769_20MIN_VS_360MIN_LPS_BMDM_UP	-0.28456304464080495			
GO_DETERMINATION_OF_LIVER_LEFT_RIGHT_ASYMMETRY	-0.28457353930075535			
MARCHINI_TRABECTEDIN_RESISTANCE_DN	-0.2845847180921541			
NFAT_Q6	-0.2845897683904695			
MIR299_3P	-0.2845910315485551			
MIR122B_5P	-0.28460120551101004			
GO_FERRIC_IRON_BINDING	-0.28461975387704547			
TAGGTCA_MIR192_MIR215	-0.2846580130677087			
GO_PROTEIN_SULFATION	-0.28466700501373726			
GO_OSSIFICATION	-0.28468811192542254			
GSE11924_TH1_VS_TH17_CD4_TCELL_DN	-0.2846893460379174			
GO_RESPONSE_TO_INTERLEUKIN_4	-0.2846904425280234			
GSE17301_CTRL_VS_48H_ACD3_ACD28_STIM_CD8_TCELL_UP	-0.28469101366393923			
GSE11924_TH1_VS_TH2_CD4_TCELL_DN	-0.2847028653435975			
BIOCARTA_MTOR_PATHWAY	-0.2847031295955167			
GO_SCF_COMPLEX_ASSEMBLY	-0.28470342216621125			
GSE19923_E2A_KO_VS_E2A_AND_HEB_KO_DP_THYMOCYTE_UP	-0.2847043471614047			
GSE44649_WT_VS_MIR155_KO_ACTIVATED_CD8_TCELL_DN	-0.28470634400584793			
GO_ALDEHYDE_BIOSYNTHETIC_PROCESS	-0.2847132677188646			
MIR135A_5P	-0.2847136309366417			
GO_GERM_CELL_DEVELOPMENT	-0.2847139893724008			
GO_POSITIVE_REGULATION_OF_NK_T_CELL_ACTIVATION	-0.2847175610274077			
GACTGTT_MIR212_MIR132	-0.2847216689128878			
GO_NEGATIVE_REGULATION_OF_VIRAL_PROCESS	-0.28473184474471014			
GO_TOLL_LIKE_RECEPTOR_7_SIGNALING_PATHWAY	-0.2847407155583687			
GO_NEGATIVE_REGULATION_OF_DNA_REPAIR	-0.28474192806560933			
GO_HYDROLASE_ACTIVITY_ACTING_ON_CARBON_NITROGEN_BUT_NOT_PEPTIDE_BONDS_IN_CYCLIC_AMIDINES	-0.28474888417492206			
MAGRANGEAS_MULTIPLE_MYELOMA_IGG_VS_IGA_DN	-0.28475130444538377			
PID_REELIN_PATHWAY	-0.2847571228323961			
FLOTHO_PEDIATRIC_ALL_THERAPY_RESPONSE_UP	-0.284762557265081			
GSE27786_LIN_NEG_VS_BCELL_UP	-0.28476618134255666			
GSE23398_WT_VS_IL2_KO_CD4_TCELL_SCURFY_MOUSE_DN	-0.2848007666043327			
IPA_ID3_DN	-0.2848121594768892			
GSE18804_SPLEEN_MACROPHAGE_VS_TUMORAL_MACROPHAGE_UP	-0.2848133624678774			
GO_MITOCHONDRIA_ASSOCIATED_ENDOPLASMIC_RETICULUM_MEMBRANE	-0.28481606669496445			
GO_PEPTIDYL_PROLINE_MODIFICATION	-0.2848183601562832			
GSE9960_HEALTHY_VS_GRAM_NEG_SEPSIS_PBMC_UP	-0.2848458240142407			
DAVICIONI_PAX_FOXO1_SIGNATURE_IN_ARMS_UP	-0.28486643298557646			
GO_POSITIVE_REGULATION_OF_INTEGRIN_MEDIATED_SIGNALING_PATHWAY	-0.2848732960517118			
GO_DETOXIFICATION_OF_INORGANIC_COMPOUND	-0.2848770783808301			
REACTOME_POST_TRANSLATIONAL_PROTEIN_MODIFICATION	-0.28487782094137554			
PUJANA_BRCA2_PCC_NETWORK	-0.28488308289811787			
GSE4748_CTRL_VS_LPS_STIM_DC_3H_UP	-0.2848833450608721			
HALLMARK_TGF_BETA_SIGNALING	-0.2848951272829178			
GO_LOW_DENSITY_LIPOPROTEIN_PARTICLE_RECEPTOR_BIOSYNTHETIC_PROCESS	-0.2849080717416296			
INGRAM_SHH_TARGETS_DN	-0.2849252923895266			
HUANG_DASATINIB_RESISTANCE_UP	-0.28492699128688614			
GO_MODIFICATION_OF_SYNAPTIC_STRUCTURE	-0.2849297825479963			
GO_PEPTIDYL_GLUTAMIC_ACID_MODIFICATION	-0.28494018717805303			
GO_HEMATOPOIETIC_STEM_CELL_HOMEOSTASIS	-0.28498082750830994			
GO_MYOTUBE_CELL_DEVELOPMENT	-0.28498392333023914			
GSE36826_NORMAL_VS_STAPH_AUREUS_INF_SKIN_DN	-0.28498932532843424			
GSE22935_UNSTIM_VS_12H_MBOVIS_BCG_STIM_MACROPHAGE_UP	-0.2849936717038567			
IPA_CEBPB_UP	-0.28500634300629035			
GO_FIBROBLAST_ACTIVATION	-0.28501899738055647			
EHLERS_ANEUPLOIDY_UP	-0.2850244835465689			
GO_EUKARYOTIC_INITIATION_FACTOR_4E_BINDING	-0.2850319629272489			
PID_RB_1PATHWAY	-0.28503576391985913			
GO_REGULATION_OF_MATRIX_METALLOPEPTIDASE_SECRETION	-0.28505756918215736			
GO_HEAT_SHOCK_PROTEIN_BINDING	-0.2850746246025612			
GO_POSITIVE_REGULATION_OF_OSSIFICATION	-0.285074651225057			
ATGCAGT_MIR217	-0.2850920522907821			
GO_NEGATIVE_REGULATION_OF_REPRODUCTIVE_PROCESS	-0.28509633561814973			
REACTOME_GLYCOSPHINGOLIPID_METABOLISM	-0.28510746318609076			
GSE1791_CTRL_VS_NEUROMEDINU_IN_T_CELL_LINE_0.8H_DN	-0.28511128992106466			
DIRMEIER_LMP1_RESPONSE_LATE_DN	-0.28511245930573137			
GO_CELLULAR_RESPONSE_TO_OXYGEN_CONTAINING_COMPOUND	-0.2851269489818919			
GO_ENDODERMAL_CELL_FATE_SPECIFICATION	-0.2851285964805062			
GO_TRNA_WOBBLE_URIDINE_MODIFICATION	-0.28513299837231937			
IPA_ETV6_UP	-0.28514044391690785			
GO_TRABECULA_FORMATION	-0.2851430114108933			
GSE7568_IL4_VS_IL4_AND_DEXAMETHASONE_TREATED_MACROPHAGE_DN	-0.2851508733553018			
REACTOME_CREB_PHOSPHORYLATION	-0.28516051588032126			
MIR200C_3P	-0.28517143681846024			
GO_PHOSPHATIDYLINOSITOL_PHOSPHATE_PHOSPHATASE_ACTIVITY	-0.28518651715409593			
MIR5681B	-0.28519736153129815			
GSE3039_ALPHABETA_CD8_TCELL_VS_B1_BCELL_UP	-0.2852360740827146			
GSE23114_PERITONEAL_CAVITY_B1A_BCELL_VS_SPLEEN_BCELL_IN_SLE2C1_MOUSE_DN	-0.2852398778403125			
GSE13485_CTRL_VS_DAY21_YF17D_VACCINE_PBMC_UP	-0.2852488974655543			
GHO_ATF5_TARGETS_DN	-0.2852632973253731			
KYNG_WERNER_SYNDROM_AND_NORMAL_AGING_DN	-0.28526519868028044			
GO_GALACTOSIDASE_ACTIVITY	-0.28527991948577774			
FERREIRA_EWINGS_SARCOMA_UNSTABLE_VS_STABLE_UP	-0.2852838574402934			
SOX6_TARGET_GENES	-0.2853040039336833			
GO_NEGATIVE_REGULATION_OF_SKELETAL_MUSCLE_TISSUE_DEVELOPMENT	-0.2853198101120475			
GO_REGULATION_OF_BONE_REMODELING	-0.28533735039573016			
GO_REGULATION_OF_MITOTIC_CYTOKINESIS	-0.2853428115510636			
YAMASHITA_METHYLATED_IN_PROSTATE_CANCER	-0.28535782596872505			
GO_REGULATION_OF_DNA_DAMAGE_RESPONSE_SIGNAL_TRANSDUCTION_BY_P53_CLASS_MEDIATOR	-0.28535969872162226			
GSE30971_2H_VS_4H_LPS_STIM_MACROPHAGE_WBP7_HET_DN	-0.2853766378295613			
ONDER_CDH1_SIGNALING_VIA_CTNNB1	-0.28537692665602576			
GO_POSITIVE_REGULATION_OF_VIRAL_ENTRY_INTO_HOST_CELL	-0.28537692809263454			
MIR3118	-0.2853876322631982			
GO_MELANOCYTE_DIFFERENTIATION	-0.28539537519668773			
BANDRES_RESPONSE_TO_CARMUSTIN_WITHOUT_MGMT_24HR_UP	-0.2854064078604117			
GO_RESPONSE_TO_LEAD_ION	-0.28541925173341326			
GO_MONOCYTE_EXTRAVASATION	-0.2854468254674275			
GO_CUL3_RING_UBIQUITIN_LIGASE_COMPLEX	-0.2854497652945295			
GO_REGULATION_OF_MAST_CELL_CHEMOTAXIS	-0.2854527465036216			
GO_CGMP_BIOSYNTHETIC_PROCESS	-0.2854565219408061			
REACTOME_INTRA_GOLGI_AND_RETROGRADE_GOLGI_TO_ER_TRAFFIC	-0.28547469408431997			
GSE21546_UNSTIM_VS_ANTI_CD3_STIM_SAP1A_KO_AND_ELK1_KO_DP_THYMOCYTES_UP	-0.2854767944280618			
GO_INOSITOL_LIPID_MEDIATED_SIGNALING	-0.28548087291286695			
GO_INTERFERON_ALPHA_BIOSYNTHETIC_PROCESS	-0.2854834279264942			
GO_ACTIN_CYTOSKELETON_REORGANIZATION	-0.28548344354759103			
HSF4_TARGET_GENES	-0.28549062407274184			
GSE36891_UNSTIM_VS_PAM_TLR2_STIM_PERITONEAL_MACROPHAGE_UP	-0.2854923752104763			
GSE43955_10H_VS_30H_ACT_CD4_TCELL_WITH_TGFB_IL6_DN	-0.2855004518145592			
GO_CARTILAGE_DEVELOPMENT	-0.28550350291344034			
HOEGERKORP_CD44_TARGETS_TEMPORAL_DN	-0.28551266626179683			
MIR5190	-0.2855333199934294			
GSE6674_ANTI_IGM_VS_CPG_STIM_BCELL_UP	-0.28553371229751884			
GO_PROTEIN_PHOSPHATASE_BINDING	-0.28553478710106633			
GO_PROTEIN_PHOSPHATASE_1_BINDING	-0.28553515024242665			
GO_STEM_CELL_DIVISION	-0.2855638654923213			
GSE3982_MAC_VS_TH1_DN	-0.2855659566290485			
NCOA2_TARGET_GENES	-0.28557514732595496			
GO_NEGATIVE_REGULATION_OF_GLYCOPROTEIN_METABOLIC_PROCESS	-0.2855789946277711			
REACTOME_ADORA2B_MEDIATED_ANTI_INFLAMMATORY_CYTOKINES_PRODUCTION	-0.2855849235962502			
GO_MHC_CLASS_I_BIOSYNTHETIC_PROCESS	-0.2855862099662202			
XU_AKT1_TARGETS_48HR	-0.28558830117999884			
GO_CELLULAR_RESPONSE_TO_LEAD_ION	-0.2855964016441975			
MARCINIAK_ER_STRESS_RESPONSE_VIA_CHOP	-0.2856015327245613			
GO_POSITIVE_REGULATION_OF_DEVELOPMENTAL_PIGMENTATION	-0.2856149090719959			
GSE32128_INOS_DEPENDENT_VS_INOS_INDEPENDENT_ACTIVATED_TCELL_UP	-0.28565241608884206			
PID_IL1_PATHWAY	-0.28565294846973305			
ELVIDGE_HYPOXIA_UP	-0.2856532807484677			
GSE17974_2H_VS_72H_UNTREATED_IN_VITRO_CD4_TCELL_DN	-0.2856729704487306			
GSE29618_BCELL_VS_MDC_DAY7_FLU_VACCINE_UP	-0.2856836508371543			
GO_1_PHOSPHATIDYLINOSITOL_3_KINASE_ACTIVITY	-0.28568854667606797			
TARTE_PLASMA_CELL_VS_PLASMABLAST_UP	-0.28569795061627723			
GO_POSITIVE_REGULATION_OF_ERAD_PATHWAY	-0.2857058511146778			
GO_PHOTORECEPTOR_OUTER_SEGMENT	-0.2857096766900529			
TONKS_TARGETS_OF_RUNX1_RUNX1T1_FUSION_SUSTAINED_IN_GRANULOCYTE_DN	-0.2857130602132105			
GO_MANNOSYL_OLIGOSACCHARIDE_MANNOSIDASE_ACTIVITY	-0.2857405706287949			
GALE_APL_WITH_FLT3_MUTATED_DN	-0.2857407510151983			
LI_WILMS_TUMOR_ANAPLASTIC_UP	-0.28574662074501506			
IPA_STAT3_DN	-0.2857496758372112			
GO_ADRENAL_GLAND_DEVELOPMENT	-0.28576785076841316			
GSE8621_LPS_PRIMED_UNSTIM_VS_LPS_PRIMED_AND_LPS_STIM_MACROPHAGE_DN	-0.28577419781531804			
GSE24726_WT_VS_E2_2_KO_PDC_UP	-0.2857771932063449			
GSE9650_NAIVE_VS_EXHAUSTED_CD8_TCELL_UP	-0.28577851692521816			
MIR200B_3P	-0.2857798148746906			
GSE33374_CD8_ALPHAALPHA_VS_ALPHABETA_CD161_HIGH_TCELL_UP	-0.2857801955286515			
MIR3684	-0.28578055787559414			
FIGUEROA_AML_METHYLATION_CLUSTER_5_UP	-0.2857832073598039			
GSE14699_NAIVE_VS_DELETIONAL_TOLERANCE_CD8_TCELL_UP	-0.28578651543182226			
GO_MAST_CELL_MIGRATION	-0.2857955353489189			
GO_POSITIVE_REGULATION_OF_MELANOCYTE_DIFFERENTIATION	-0.285799255842689			
GO_POSITIVE_REGULATION_OF_NUCLEAR_CELL_CYCLE_DNA_REPLICATION	-0.2858021011422889			
TAL1BETAE47_01	-0.2858027123916058			
GO_TUMOR_NECROSIS_FACTOR_ACTIVATED_RECEPTOR_ACTIVITY	-0.28580641444898214			
GSE24574_BCL6_HIGH_TFH_VS_TCONV_CD4_TCELL_DN	-0.28580863919851174			
GSE1460_DP_THYMOCYTE_VS_THYMIC_STROMAL_CELL_DN	-0.28581291318745866			
GSE8835_CD4_VS_CD8_TCELL_CLL_PATIENT_DN	-0.28581356904187766			
GSE3982_BCELL_VS_EFF_MEMORY_CD4_TCELL_DN	-0.28582155018664407			
ZNF34_TARGET_GENES	-0.28583084322636243			
GSE29164_CD8_TCELL_VS_CD8_TCELL_AND_IL12_TREATED_MELANOMA_DAY7_UP	-0.28583388030744245			
MIR6793_5P	-0.28586607902030264			
IPA_KLF3_DN	-0.28589170650992074			
GSE41978_WT_VS_ID2_KO_KLRG1_LOW_EFFECTOR_CD8_TCELL_DN	-0.2859101445530424			
GO_TUBE_DEVELOPMENT	-0.2859195995380739			
REN_MIF_TARGETS_DN	-0.28592305717065103			
BIOCARTA_PLCD_PATHWAY	-0.2859253415861806			
GSE23321_EFFECTOR_MEMORY_VS_NAIVE_CD8_TCELL_UP	-0.2859342602749396			
GSE46242_CTRL_VS_EGR2_DELETED_TH1_CD4_TCELL_DN	-0.28593443344224323			
GSE360_DC_VS_MAC_B_MALAYI_LOW_DOSE_UP	-0.28594016415554857			
PID_VEGF_VEGFR_PATHWAY	-0.28595517292097455			
SRF_Q5_01	-0.2859563595929322			
GSE1740_MCSF_VS_MCSF_AND_IFNG_DAY2_DERIVED_MACROPHAGE_UP	-0.2859567384331489			
MIR589_3P	-0.2859592331812099			
MIR657	-0.285986107932938			
IPA_HOXA9_UP	-0.28599427221456597			
GSE32901_TH1_VS_TH17_NEG_CD4_TCELL_UP	-0.2859969494791178			
GO_NEGATIVE_REGULATION_OF_DNA_DAMAGE_RESPONSE_SIGNAL_TRANSDUCTION_BY_P53_CLASS_MEDIATOR	-0.2859980816763258			
IPA_EP300_UP	-0.28600219718914416			
GSE46025_WT_VS_FOXO1_KO_KLRG1_LOW_CD8_EFFECTOR_TCELL_DN	-0.28600769505424295			
GO_COMPLEMENT_BINDING	-0.2860080793883856			
GO_NEGATIVE_REGULATION_OF_HUMORAL_IMMUNE_RESPONSE	-0.28600824627151245			
GSE11924_TH2_VS_TH17_CD4_TCELL_DN	-0.2860202659099209			
GSE32034_LY6C_HIGH_VS_LOW_MONOCYTE_DN	-0.28603613453576365			
GTTATAT_MIR410	-0.28603837640471164			
chr4q34	-0.2860397196205302			
KEGG_LEUKOCYTE_TRANSENDOTHELIAL_MIGRATION	-0.28604453252188067			
GSE42088_UNINF_VS_LEISHMANIA_INF_DC_4H_UP	-0.28604528729774803			
GO_CELL_MOTILITY	-0.28606051660506976			
REACTOME_INTERLEUKIN_1_FAMILY_SIGNALING	-0.28606866058941305			
GO_VESICLE_TARGETING_TO_FROM_OR_WITHIN_GOLGI	-0.28606900821778597			
MIR218_5P	-0.2861003404628356			
GSE360_CTRL_VS_M_TUBERCULOSIS_DC_UP	-0.28610168408033054			
GSE360_L_DONOVANI_VS_T_GONDII_MAC_UP	-0.2861148625982499			
GSE32255_WT_UNSTIM_VS_JMJD2D_KNOCKDOWN_4H_LPS_STIM_DC_UP	-0.2861220950251264			
GO_NEGATIVE_REGULATION_OF_RHO_PROTEIN_SIGNAL_TRANSDUCTION	-0.2861224172421985			
MIR4643	-0.28616817179270126			
GO_REGULATION_OF_T_HELPER_2_CELL_CYTOKINE_PRODUCTION	-0.2861704887539286			
ZHAN_V1_LATE_DIFFERENTIATION_GENES_DN	-0.2861710586412169			
GO_ALPHA_BETA_T_CELL_RECEPTOR_COMPLEX	-0.2861810325267328			
VANDESLUIS_COMMD1_TARGETS_GROUP_2_UP	-0.28620087306159053			
BREDEMEYER_RAG_SIGNALING_NOT_VIA_ATM_DN	-0.2862042519392922			
GSE19941_UNSTIM_VS_LPS_STIM_IL10_KO_MACROPHAGE_UP	-0.2862080456793126			
GO_ALANINE_TRANSMEMBRANE_TRANSPORTER_ACTIVITY	-0.2862086513770428			
GO_L_ALANINE_TRANSPORT	-0.2862086513770428			
GSE17721_CTRL_VS_GARDIQUIMOD_2H_BMDC_DN	-0.28621872646593305			
GO_REGULATION_OF_BEHAVIOR	-0.28622348899116673			
GO_POSITIVE_REGULATION_OF_CELL_JUNCTION_ASSEMBLY	-0.28622988693085194			
GO_POSITIVE_REGULATION_OF_HEART_GROWTH	-0.2862299355844657			
GO_EARLY_PHAGOSOME	-0.28624242704339903			
GO_ADENYLATE_CYCLASE_ACTIVATING_ADRENERGIC_RECEPTOR_SIGNALING_PATHWAY_INVOLVED_IN_HEART_PROCESS	-0.2862590416238578			
GSE23568_CTRL_TRANSDUCED_VS_WT_CD8_TCELL_DN	-0.2862813471955394			
IPA_NFATC2_DN	-0.28628677863992996			
GSE34006_WT_VS_A2AR_KO_TREG_DN	-0.28629670356305476			
GO_POSITIVE_REGULATION_OF_EPITHELIAL_CELL_PROLIFERATION	-0.2863001338828774			
GSE360_L_MAJOR_VS_B_MALAYI_LOW_DOSE_MAC_UP	-0.2863102983769321			
BERENJENO_TRANSFORMED_BY_RHOA_REVERSIBLY_DN	-0.2863141635164008			
GO_STRUCTURAL_CONSTITUENT_OF_MUSCLE	-0.2863271025125121			
IPA_NFYB_UP	-0.2863271259817707			
GO_POSITIVE_REGULATION_OF_ENDOCYTOSIS	-0.28635054714222724			
IPA_CIITA_UP	-0.28637828358854117			
GSE46606_UNSTIM_VS_CD40L_IL2_IL5_DAY3_STIMULATED_BCELL_DN	-0.2863787705591784			
GO_MIRNA_MEDIATED_INHIBITION_OF_TRANSLATION	-0.2863877679597787			
IPA_SMARCA4_DN	-0.2863932136176985			
GO_RHO_PROTEIN_SIGNAL_TRANSDUCTION	-0.2864137205609341			
GSE4748_CYANOBACTERIUM_LPSLIKE_VS_LPS_AND_CYANOBACTERIUM_LPSLIKE_STIM_DC_3H_UP	-0.28642009451502143			
GSE37301_MULTIPOTENT_PROGENITOR_VS_LYMPHOID_PRIMED_MPP_UP	-0.2864307431534609			
GO_DEFENSE_RESPONSE_TO_GRAM_POSITIVE_BACTERIUM	-0.28643721530862803			
MIR133A_5P	-0.28643833581872474			
GO_REGULATION_OF_NECROTIC_CELL_DEATH	-0.2864462254205585			
GO_REGULATION_OF_RESPONSE_TO_DNA_DAMAGE_STIMULUS	-0.2864512491543801			
GO_POSITIVE_REGULATION_OF_CYTOKINE_PRODUCTION_INVOLVED_IN_INFLAMMATORY_RESPONSE	-0.2864640810028322			
MIR655_5P	-0.2864711664252834			
GO_POSITIVE_REGULATION_OF_TOLERANCE_INDUCTION	-0.28647125959411046			
GSE39556_UNTREATED_VS_3H_POLYIC_INJ_MOUSE_NK_CELL_UP	-0.2864736323392828			
GO_SMOOTH_MUSCLE_CELL_CHEMOTAXIS	-0.28647692429372434			
GO_NEGATIVE_REGULATION_OF_GUANYL_NUCLEOTIDE_EXCHANGE_FACTOR_ACTIVITY	-0.2864777619117088			
GSE24142_EARLY_THYMIC_PROGENITOR_VS_DN3_THYMOCYTE_ADULT_DN	-0.2864783397520062			
GSE13547_WT_VS_ZFX_KO_BCELL_UP	-0.2864902639125986			
GSE17721_CTRL_VS_CPG_24H_BMDC_DN	-0.28649079815775863			
GO_OOGENESIS	-0.286512988083014			
GO_REGULATION_OF_ANATOMICAL_STRUCTURE_SIZE	-0.2865283338505636			
GSE3720_LPS_VS_PMA_STIM_VD2_GAMMADELTA_TCELL_DN	-0.28654167647512624			
MIR7156_5P	-0.2865850236794681			
REACTOME_SEMAPHORIN_INTERACTIONS	-0.28659149172647574			
IPA_ILF3_UP	-0.2865968719754338			
GSE37605_C57BL6_VS_NOD_FOXP3_FUSION_GFP_TREG_DN	-0.286602079806238			
GO_REGULATION_OF_PEPTIDYL_SERINE_DEPHOSPHORYLATION	-0.2866044397600557			
GSE22025_UNTREATED_VS_TGFB1_TREATED_CD4_TCELL_DN	-0.28661235870631907			
PID_IL5_PATHWAY	-0.2866173642134962			
GSE9037_WT_VS_IRAK4_KO_BMDM_UP	-0.28662514514185294			
GO_CATECHOLAMINE_UPTAKE_INVOLVED_IN_SYNAPTIC_TRANSMISSION	-0.286643411218594			
GO_REGULATION_OF_GRANULOCYTE_CHEMOTAXIS	-0.28667937592112713			
GO_NEURON_NEURON_SYNAPTIC_TRANSMISSION	-0.2866928928986348			
GSE37301_COMMON_LYMPHOID_PROGENITOR_VS_GRAN_MONO_PROGENITOR_UP	-0.28671761102763954			
GSE7460_CTRL_VS_FOXP3_OVEREXPR_TCONV_DN	-0.2867253889908646			
GO_OXIDOREDUCTASE_ACTIVITY_ACTING_ON_A_SULFUR_GROUP_OF_DONORS_DISULFIDE_AS_ACCEPTOR	-0.2867319850473651			
PID_GLYPICAN_1PATHWAY	-0.286736678606722			
GO_NEGATIVE_REGULATION_OF_VASCULAR_ASSOCIATED_SMOOTH_MUSCLE_CELL_MIGRATION	-0.2867470036868099			
ZWANG_CLASS_2_TRANSIENTLY_INDUCED_BY_EGF	-0.286747336279146			
FAELT_B_CLL_WITH_VH_REARRANGEMENTS_DN	-0.2867545867641207			
GSE360_CTRL_VS_B_MALAYI_HIGH_DOSE_MAC_DN	-0.28676323463095116			
GO_NEGATIVE_REGULATION_OF_VIRAL_GENOME_REPLICATION	-0.2867714909388464			
GSE360_CTRL_VS_B_MALAYI_HIGH_DOSE_DC_DN	-0.28677533681716877			
GO_CEREBRAL_CORTEX_TANGENTIAL_MIGRATION	-0.2867922188631528			
GO_POSITIVE_REGULATION_OF_ASTROCYTE_DIFFERENTIATION	-0.2867964406316895			
GSE24210_TCONV_VS_TREG_DN	-0.2868244461965466			
GO_MACROPHAGE_APOPTOTIC_PROCESS	-0.2868391269026419			
GAVIN_IL2_RESPONSIVE_FOXP3_TARGETS_DN	-0.2868417176893293			
GSE21927_SPLENIC_VS_TUMOR_MONOCYTES_FROM_C26GM_TUMOROUS_MICE_BALBC_DN	-0.28684748723260783			
MODY_HIPPOCAMPUS_NEONATAL	-0.2868482852180219			
IPA_STAT5B_DN	-0.28685015889106114			
GO_REGULATION_OF_MITOTIC_RECOMBINATION	-0.28685366838779325			
HAHTOLA_MYCOSIS_FUNGOIDES_CD4_DN	-0.2868610517161955			
GO_POSITIVE_REGULATION_OF_NEUROTROPHIN_TRK_RECEPTOR_SIGNALING_PATHWAY	-0.2868636730913943			
GO_BIOLOGICAL_ADHESION	-0.28686823203610584			
GSE20715_0H_VS_48H_OZONE_TLR4_KO_LUNG_UP	-0.2868823250221024			
GO_CALCIUM_ION_TRANSMEMBRANE_TRANSPORTER_ACTIVITY	-0.2868945964984624			
GO_ENTRY_INTO_HOST	-0.28690514690394375			
VART_KSHV_INFECTION_ANGIOGENIC_MARKERS_DN	-0.2869338720133425			
PID_TRAIL_PATHWAY	-0.28693389520064455			
IPA_BCL11A_DN	-0.286941843138309			
GO_PRODUCTION_OF_MOLECULAR_MEDIATOR_INVOLVED_IN_INFLAMMATORY_RESPONSE	-0.2869477459713615			
GO_POSITIVE_REGULATION_OF_MICROTUBULE_MOTOR_ACTIVITY	-0.28694887642389694			
GO_ACTIVATED_T_CELL_PROLIFERATION	-0.28695311159636017			
GO_EXTRINSIC_COMPONENT_OF_ENDOSOME_MEMBRANE	-0.2869618945749551			
GO_REGULATION_OF_INOSITOL_PHOSPHATE_BIOSYNTHETIC_PROCESS	-0.2869808191333984			
GSE360_LOW_DOSE_B_MALAYI_VS_M_TUBERCULOSIS_DC_UP	-0.2869886242775324			
GO_1_PHOSPHATIDYLINOSITOL_3_KINASE_REGULATOR_ACTIVITY	-0.28699262775114187			
NABA_COLLAGENS	-0.286994619748911			
DOUGLAS_BMI1_TARGETS_UP	-0.286995209958483			
FARMER_BREAST_CANCER_CLUSTER_1	-0.2870007488919704			
MIR3942_3P	-0.28700586066913947			
GO_REGULATION_OF_GAMMA_DELTA_T_CELL_DIFFERENTIATION	-0.28701291208770197			
GO_FOCAL_ADHESION_ASSEMBLY	-0.2870222142417832			
REACTOME_RUNX1_REGULATES_TRANSCRIPTION_OF_GENES_INVOLVED_IN_INTERLEUKIN_SIGNALING	-0.2870348541169055			
ACTGAAA_MIR30A3P_MIR30E3P	-0.2870354351399772			
GO_CHONDROITIN_SULFATE_BINDING	-0.2870488932609541			
GO_REGULATION_OF_HEART_GROWTH	-0.2870612737281467			
GO_ALPHA_TUBULIN_BINDING	-0.28706131558102127			
GSE17721_LPS_VS_CPG_6H_BMDC_UP	-0.2870746966116294			
GO_RESPONSE_TO_TYPE_I_INTERFERON	-0.28709362346896505			
GARGALOVIC_RESPONSE_TO_OXIDIZED_PHOSPHOLIPIDS_CYAN_UP	-0.28709853481353664			
GO_RESPIRATORY_BURST_INVOLVED_IN_INFLAMMATORY_RESPONSE	-0.28710333624356377			
FIGUEROA_AML_METHYLATION_CLUSTER_2_UP	-0.287110122205588			
GSE26030_TH1_VS_TH17_RESTIMULATED_DAY15_POST_POLARIZATION_UP	-0.2871107144330556			
MAF_Q6	-0.28711502434354863			
chr1q44	-0.2871176372066585			
GSE15733_BM_VS_SPLEEN_MEMORY_CD4_TCELL_DN	-0.2871357108774481			
IPA_SMAD1_UP	-0.2871450793110542			
GO_NEGATIVE_REGULATION_OF_CELL_FATE_SPECIFICATION	-0.2871637943766784			
MIR3611	-0.2871640323205024			
GOLUB_ALL_VS_AML_UP	-0.28717466430662353			
GSE24634_TEFF_VS_TCONV_DAY7_IN_CULTURE_UP	-0.2871750180169788			
GSE24142_ADULT_VS_FETAL_EARLY_THYMIC_PROGENITOR_UP	-0.2872345818003788			
ZHONG_SECRETOME_OF_LUNG_CANCER_AND_FIBROBLAST	-0.28725308966061724			
GSE22886_NAIVE_CD8_TCELL_VS_DC_UP	-0.28725403504431163			
IPA_HEY2_DN	-0.28725502965726807			
MIR4649_3P	-0.2872638992468437			
RSRFC4_01	-0.2872742668238836			
MIR7977	-0.2872865206120492			
GO_SYNAPTIC_TRANSMISSION_DOPAMINERGIC	-0.2872997457197885			
GO_CALCIUM_ION_TRANSMEMBRANE_TRANSPORT	-0.28731870956639005			
GO_NEGATIVE_REGULATION_OF_INTERLEUKIN_6_PRODUCTION	-0.28732132281040645			
BIOCARTA_CDMAC_PATHWAY	-0.2873307090221725			
GSE2770_IL12_ACT_VS_ACT_CD4_TCELL_48H_UP	-0.28735647963047684			
GO_INOSITOL_1_4_5_TRISPHOSPHATE_BINDING	-0.28736457594282006			
MIR888_3P	-0.2873870884918709			
MIR4446_5P	-0.2873950808875722			
GSE42088_UNINF_VS_LEISHMANIA_INF_DC_8H_UP	-0.28741518681027195			
GO_DENDRITIC_TRANSPORT	-0.2874412069952162			
GO_LENS_FIBER_CELL_DIFFERENTIATION	-0.2874590485486756			
GSE6269_HEALTHY_VS_STAPH_AUREUS_INF_PBMC_UP	-0.2874840232778778			
SCHAEFFER_PROSTATE_DEVELOPMENT_AND_CANCER_BOX1_DN	-0.2874896606224292			
REACTOME_POU5F1_OCT4_SOX2_NANOG_ACTIVATE_GENES_RELATED_TO_PROLIFERATION	-0.2875011711657662			
BIOCARTA_AMAN_PATHWAY	-0.2875431922449449			
GO_MRNA_5_SPLICE_SITE_RECOGNITION	-0.28755293179323			
REACTOME_VEGF_LIGAND_RECEPTOR_INTERACTIONS	-0.28757961244578367			
BRUINS_UVC_RESPONSE_VIA_TP53_GROUP_B	-0.2875804204185424			
MYB_Q3	-0.2875967071552385			
JIANG_HYPOXIA_VIA_VHL	-0.28761317041397105			
IL15_UP.V1_UP	-0.2876251753069585			
GO_NEGATIVE_REGULATION_OF_CYSTEINE_TYPE_ENDOPEPTIDASE_ACTIVITY	-0.28763319538367915			
chr21q11	-0.2876367712870004			
chr3p21	-0.28763872802227664			
MIR12119	-0.28764447522610814			
GSE17721_12H_VS_24H_POLYIC_BMDC_DN	-0.28764861857967444			
GO_POSITIVE_REGULATION_OF_TYPE_I_INTERFERON_MEDIATED_SIGNALING_PATHWAY	-0.28764976454065555			
GSE30971_CTRL_VS_LPS_STIM_MACROPHAGE_WBP7_HET_4H_DN	-0.28766287106728694			
GO_PEPTIDE_HORMONE_PROCESSING	-0.28767661098259156			
GO_RECEPTOR_ANTAGONIST_ACTIVITY	-0.28769029569017196			
GSE4748_CTRL_VS_LPS_AND_CYANOBACTERIUM_LPSLIKE_STIM_DC_3H_UP	-0.28770637842231456			
GO_RESPONSE_TO_GLYCOPROTEIN	-0.28771005948479306			
GO_NEGATIVE_REGULATION_OF_PROTEIN_CONTAINING_COMPLEX_ASSEMBLY	-0.28772885303345536			
MIR7161_3P	-0.28773782582876456			
REACTOME_SELECTIVE_AUTOPHAGY	-0.28774439224678156			
LEE_NEURAL_CREST_STEM_CELL_UP	-0.28776384991415627			
GO_PROTEIN_MATURATION	-0.28776478877224			
LTE2_UP.V1_DN	-0.28777855486573867			
MIR6529_3P	-0.2877882297946806			
MIR3912_3P	-0.28778994820720927			
GO_RNA_DECAPPING	-0.28780553653725605			
GO_PROTEIN_TRIMERIZATION	-0.2878113032853442			
GSE5589_IL6_KO_VS_IL10_KO_LPS_STIM_MACROPHAGE_45MIN_UP	-0.28782469141069333			
GSE2770_UNTREATED_VS_IL12_TREATED_ACT_CD4_TCELL_2H_UP	-0.2878249022561421			
GSE21546_WT_VS_ELK1_KO_DP_THYMOCYTES_UP	-0.2878269547403611			
GSE14769_UNSTIM_VS_20MIN_LPS_BMDM_DN	-0.28783353710433784			
GO_POSITIVE_REGULATION_OF_EARLY_ENDOSOME_TO_LATE_ENDOSOME_TRANSPORT	-0.28784216459808765			
GO_REGULATION_OF_RECEPTOR_INTERNALIZATION	-0.28784378578287756			
FERRANDO_LYL1_NEIGHBORS	-0.28785048860334095			
DEMAGALHAES_AGING_UP	-0.28785260521011086			
GSE27786_CD4_TCELL_VS_NKCELL_DN	-0.28785579037803727			
GSE9946_IMMATURE_VS_PROSTAGLANDINE2_TREATED_MATURE_DC_UP	-0.28789184893499364			
GO_LAMELLIPODIUM_MEMBRANE	-0.28790006258313433			
PID_S1P_META_PATHWAY	-0.28791474932648686			
GO_POSITIVE_REGULATION_OF_SIGNAL_TRANSDUCTION_BY_P53_CLASS_MEDIATOR	-0.28793799168733997			
GSE9239_CTRL_VS_TNF_INHIBITOR_TREATED_DC_DN	-0.287938703384125			
GSE22601_DOUBLE_NEGATIVE_VS_CD4_SINGLE_POSITIVE_THYMOCYTE_UP	-0.28795265851234053			
GO_GANGLIOSIDE_METABOLIC_PROCESS	-0.2879568850229026			
REACTOME_FCERI_MEDIATED_NF_KB_ACTIVATION	-0.2879613243980656			
MIR128_1_5P	-0.2879616211330597			
GO_POSITIVE_REGULATION_OF_FEAR_RESPONSE	-0.2879617732324007			
REACTOME_CARBOXYTERMINAL_POST_TRANSLATIONAL_MODIFICATIONS_OF_TUBULIN	-0.2879738123816836			
GSE39820_IL1B_IL6_VS_IL1B_IL6_IL23A_TREATED_CD4_TCELL_UP	-0.28797530887683565			
GSE17721_0.5H_VS_8H_GARDIQUIMOD_BMDC_DN	-0.2879924642903022			
GO_POSITIVE_REGULATION_OF_REGULATORY_T_CELL_DIFFERENTIATION	-0.28800319364808313			
GO_REGULATION_OF_CALCIUM_ION_TRANSMEMBRANE_TRANSPORT	-0.2880128377792331			
GSE8621_UNSTIM_VS_LPS_PRIMED_AND_LPS_STIM_MACROPHAGE_DN	-0.2880285025837155			
IPA_FUS_UP	-0.2880298893755991			
GSE8835_HEALTHY_VS_CLL_CD8_TCELL_UP	-0.2880307397200123			
REACTOME_REGULATION_OF_RUNX1_EXPRESSION_AND_ACTIVITY	-0.2880436106583059			
GSE14350_IL2RB_KO_VS_WT_TREG_DN	-0.2880653404171078			
GSE12003_MIR223_KO_VS_WT_BM_PROGENITOR_8D_CULTURE_UP	-0.28807935544833146			
GO_REGULATION_OF_MONOCYTE_CHEMOTAXIS	-0.2880948222760512			
MIR5572	-0.28810022943193114			
GSE17721_CTRL_VS_GARDIQUIMOD_24H_BMDC_DN	-0.2881313928919286			
GO_CLATHRIN_COATED_VESICLE_MEMBRANE	-0.2881363476121724			
GO_NEGATIVE_REGULATION_OF_ACTIN_FILAMENT_POLYMERIZATION	-0.2881384856838217			
GSE28726_ACT_CD4_TCELL_VS_ACT_NKTCELL_UP	-0.288149058423416			
GO_TUMOR_NECROSIS_FACTOR_RECEPTOR_BINDING	-0.28815610408640197			
SCHLESINGER_METHYLATED_IN_COLON_CANCER	-0.28816781268114644			
GO_LIPASE_ACTIVATOR_ACTIVITY	-0.28817462350991546			
GO_HUMORAL_IMMUNE_RESPONSE	-0.28817623487026567			
GSE22935_UNSTIM_VS_48H_MBOVIS_BCG_STIM_MACROPHAGE_DN	-0.28819449637143785			
GRAHAM_CML_DIVIDING_VS_NORMAL_DIVIDING_DN	-0.2882031032935317			
BIOCARTA_TOLL_PATHWAY	-0.28821470413426653			
SABATES_COLORECTAL_ADENOMA_DN	-0.2882394410896108			
GSE11864_CSF1_PAM3CYS_VS_CSF1_IFNG_PAM3CYS_IN_MAC_UP	-0.28824271780306965			
HAN_SATB1_TARGETS_UP	-0.2882437265319254			
GSE12003_MIR223_KO_VS_WT_BM_PROGENITOR_4D_CULTURE_UP	-0.2882522028209206			
GO_VASCULAR_ENDOTHELIAL_GROWTH_FACTOR_SIGNALING_PATHWAY	-0.2882538544639195			
MARTINEZ_TP53_TARGETS_UP	-0.28825767619565407			
GSE3982_MAC_VS_TH2_UP	-0.28825934371554884			
GSE29618_PRE_VS_DAY7_FLU_VACCINE_PDC_DN	-0.2882672706355286			
GSE6875_TCONV_VS_FOXP3_KO_TREG_DN	-0.2883039939774337			
GSE22886_NAIVE_BCELL_VS_NEUTROPHIL_UP	-0.28831210826019377			
GO_RESPONSE_TO_BACTERIAL_LIPOPROTEIN	-0.288318447765004			
JACKSON_DNMT1_TARGETS_UP	-0.288320251714492			
WEBER_METHYLATED_IN_COLON_CANCER	-0.2883239886222035			
BOYLAN_MULTIPLE_MYELOMA_C_D_UP	-0.28834387424900326			
IPA_ATF4_DN	-0.2883516924557897			
GO_POSITIVE_REGULATION_OF_TUMOR_NECROSIS_FACTOR_BIOSYNTHETIC_PROCESS	-0.28837416523386245			
GO_DNA_DEAMINATION	-0.288386214649905			
GSE33424_CD161_HIGH_VS_INT_CD8_TCELL_DN	-0.288392496735128			
GSE22886_CTRL_VS_LPS_24H_DC_UP	-0.28841123137131525			
GSE41176_UNSTIM_VS_ANTI_IGM_STIM_BCELL_6H_DN	-0.2884118318052918			
GO_TUBE_MORPHOGENESIS	-0.288418018315969			
GO_EARLY_ENDOSOME_MEMBRANE	-0.2884391878917932			
REACTOME_PKA_MEDIATED_PHOSPHORYLATION_OF_CREB	-0.28844000062958025			
GO_CHEMOKINE_C_C_MOTIF_LIGAND_2_SECRETION	-0.2884602807303799			
GSE17721_CTRL_VS_PAM3CSK4_0.5H_BMDC_UP	-0.2884666065034916			
GSE2585_CTEC_VS_MTEC_THYMUS_UP	-0.2884749173271626			
IPA_FOXG1_UP	-0.28848950694959463			
GO_NEGATIVE_REGULATION_OF_HEART_RATE	-0.28849659190947247			
GRAESSMANN_APOPTOSIS_BY_SERUM_DEPRIVATION_UP	-0.2885089861420648			
REACTOME_CHL1_INTERACTIONS	-0.2885096357915668			
BOYLAN_MULTIPLE_MYELOMA_PCA3_DN	-0.28851553045268125			
IPA_CEBPE_UP	-0.288522424823708			
GO_TRAPP_COMPLEX	-0.288525582013638			
GO_PLATELET_DERIVED_GROWTH_FACTOR_BINDING	-0.28854112869426074			
ZHAN_MULTIPLE_MYELOMA_HP_DN	-0.28854166261070463			
GO_NEGATIVE_REGULATION_OF_EXTRACELLULAR_MATRIX_ORGANIZATION	-0.2885440898400451			
PID_P75_NTR_PATHWAY	-0.2885516926416422			
REACTOME_P75NTR_REGULATES_AXONOGENESIS	-0.28856909510266787			
PID_TGFBR_PATHWAY	-0.28857761783551306			
GSE14769_UNSTIM_VS_360MIN_LPS_BMDM_DN	-0.2885863763620077			
GSE43955_1H_VS_42H_ACT_CD4_TCELL_WITH_TGFB_IL6_UP	-0.28858987564024374			
MIR33A_5P_MIR33B_5P	-0.28861177661576487			
GSE17721_LPS_VS_CPG_2H_BMDC_DN	-0.28861327876734677			
OVOL3_TARGET_GENES	-0.2886161075088584			
ZHANG_PROLIFERATING_VS_QUIESCENT	-0.2886288158391717			
GSE6259_33D1_POS_VS_DEC205_POS_SPLENIC_DC_UP	-0.28862891350760034			
DAZARD_RESPONSE_TO_UV_SCC_DN	-0.28863278051248614			
NAM_FXYD5_TARGETS_DN	-0.2886379522859421			
chr12q14	-0.28864066754474554			
GO_HYPERSENSITIVITY	-0.2886406998079349			
GSE17721_0.5H_VS_24H_GARDIQUIMOD_BMDC_DN	-0.2886451172375694			
GO_AMINO_SUGAR_CATABOLIC_PROCESS	-0.28864606549281635			
REACTOME_SIGNALING_BY_ERYTHROPOIETIN	-0.2886479734751767			
REACTOME_DEFECTIVE_CHST14_CAUSES_EDS_MUSCULOCONTRACTURAL_TYPE	-0.2886570320988562			
BURTON_ADIPOGENESIS_PEAK_AT_8HR	-0.28865894551053295			
GO_REGULATION_OF_SIGNALING_RECEPTOR_ACTIVITY	-0.2886704897604157			
MIR1245B_5P	-0.288671953813646			
GO_SYNAPTIC_SIGNALING	-0.2886857578837771			
GSE13306_TREG_VS_TCONV_LAMINA_PROPRIA_DN	-0.2886897300572779			
GO_RAC_PROTEIN_SIGNAL_TRANSDUCTION	-0.2886948600208736			
GSE37416_CTRL_VS_48H_F_TULARENSIS_LVS_NEUTROPHIL_DN	-0.2887065365768105			
GO_CELLULAR_RESPONSE_TO_EXOGENOUS_DSRNA	-0.28870900430625246			
BIOCARTA_VIP_PATHWAY	-0.28872485292395383			
GSE32901_TH17_EMRICHED_VS_TH17_NEG_CD4_TCELL_DN	-0.2887894241246758			
GO_PYRIMIDINE_NUCLEOBASE_METABOLIC_PROCESS	-0.28881127735323153			
GO_NON_MEMBRANE_SPANNING_PROTEIN_TYROSINE_KINASE_ACTIVITY	-0.2888294466784292			
GSE17580_UNINFECTED_VS_S_MANSONI_INF_TREG_UP	-0.28884314265385236			
GO_DNA_DAMAGE_RESPONSE_SIGNAL_TRANSDUCTION_BY_P53_CLASS_MEDIATOR	-0.28884899085842175			
DAVICIONI_TARGETS_OF_PAX_FOXO1_FUSIONS_UP	-0.2888632671071315			
GSE3982_MAST_CELL_VS_BASOPHIL_UP	-0.28886728445468823			
PID_IL2_STAT5_PATHWAY	-0.2888783416192969			
CEBPB_01	-0.28890280041576516			
GO_CEREBRAL_CORTEX_GABAERGIC_INTERNEURON_DIFFERENTIATION	-0.2889234056398499			
GSE360_L_DONOVANI_VS_B_MALAYI_LOW_DOSE_MAC_UP	-0.2889293489302617			
MARTIN_NFKB_TARGETS_UP	-0.2889420459297929			
GO_DERMATAN_SULFATE_METABOLIC_PROCESS	-0.2889563258227977			
GSE8621_LPS_PRIMED_UNSTIM_VS_LPS_PRIMED_AND_LPS_STIM_MACROPHAGE_UP	-0.28897273489311176			
GO_REGULATION_OF_GLIOGENESIS	-0.28897624719721904			
GO_CILIARY_NEUROTROPHIC_FACTOR_RECEPTOR_BINDING	-0.28898456963508745			
IPA_CHAF1A_DN	-0.2889889316486121			
GSE17721_LPS_VS_GARDIQUIMOD_2H_BMDC_UP	-0.28900115856469544			
GSE557_WT_VS_I_AB_KO_DC_UP	-0.2890130162237304			
GO_PROTEIN_PHOSPHORYLATED_AMINO_ACID_BINDING	-0.289019413181719			
GSE43955_1H_VS_42H_ACT_CD4_TCELL_WITH_TGFB_IL6_DN	-0.28902059140768743			
GSE43955_TH0_VS_TGFB_IL6_TH17_ACT_CD4_TCELL_4H_DN	-0.28902444233714447			
GSE14308_INDUCED_VS_NATURAL_TREG_DN	-0.28903049086434224			
MIR190B_3P	-0.28903639400032793			
PUJANA_XPRSS_INT_NETWORK	-0.2890398030182957			
SWEET_LUNG_CANCER_KRAS_DN	-0.28905162213193475			
GSE21380_NON_TFH_VS_GERMINAL_CENTER_TFH_CD4_TCELL_DN	-0.28905613600326685			
GO_POSITIVE_REGULATION_OF_NEURON_DIFFERENTIATION	-0.28905944212729195			
GSE15930_NAIVE_VS_72H_IN_VITRO_STIM_TRICHOSTATINA_CD8_TCELL_UP	-0.2890717070315161			
HOFMANN_MYELODYSPLASTIC_SYNDROM_RISK_DN	-0.2890731975905638			
GO_PROTEIN_K27_LINKED_UBIQUITINATION	-0.2890944943020031			
TAKEDA_TARGETS_OF_NUP98_HOXA9_FUSION_8D_UP	-0.2891214988550429			
GSE8835_HEALTHY_VS_CLL_CD8_TCELL_DN	-0.28912351448161955			
REACTOME_RELAXIN_RECEPTORS	-0.2891325361148807			
GO_REGULATION_OF_ANATOMICAL_STRUCTURE_MORPHOGENESIS	-0.2891377177899665			
GSE9509_LPS_VS_LPS_AND_IL10_STIM_IL10_KO_MACROPHAGE_10MIN_DN	-0.28913791017044643			
HOEBEKE_LYMPHOID_STEM_CELL_UP	-0.28914354816692167			
MIR6735_5P	-0.2891724430413146			
ATACCTC_MIR202	-0.28919149208401856			
GSE2770_IL4_ACT_VS_ACT_CD4_TCELL_48H_UP	-0.28919504142913155			
GO_NEGATIVE_REGULATION_OF_FIBROBLAST_APOPTOTIC_PROCESS	-0.28919641474380675			
GSE8678_IL7R_LOW_VS_HIGH_EFF_CD8_TCELL_DN	-0.28922081392863114			
CCAGGTT_MIR490	-0.2892306775442537			
REACTOME_REGULATION_OF_IFNG_SIGNALING	-0.28923387289516206			
GO_MITOGEN_ACTIVATED_PROTEIN_KINASE_P38_BINDING	-0.28923766895973824			
chr7p15	-0.2892389100502618			
MIR4443	-0.2892459566210439			
GO_POSITIVE_REGULATION_OF_PROTEOLYSIS	-0.2892806237653652			
GO_GOLGI_ASSOCIATED_VESICLE_MEMBRANE	-0.2892850795477458			
PID_CXCR3_PATHWAY	-0.28928702415335233			
GO_DENDRITIC_CELL_APOPTOTIC_PROCESS	-0.2892873082216047			
GO_CELL_MATRIX_ADHESION	-0.28928976962435055			
HELLER_SILENCED_BY_METHYLATION_DN	-0.28929176808948587			
GO_MIRNA_CATABOLIC_PROCESS	-0.28929237186080087			
GO_PROTEIN_DISULFIDE_OXIDOREDUCTASE_ACTIVITY	-0.28933311032452547			
GSE25890_CTRL_VS_IL33_IL7_TREATED_NUOCYTES_DN	-0.28934619698989433			
HALLMARK_INTERFERON_ALPHA_RESPONSE	-0.2893497546083703			
ZHAN_V1_LATE_DIFFERENTIATION_GENES_UP	-0.28935934565619376			
ZHOU_TNF_SIGNALING_4HR	-0.28937470813009264			
GO_NUCLEAR_PORE_NUCLEAR_BASKET	-0.28940772918616614			
GO_REGULATION_OF_ENDOCRINE_PROCESS	-0.2894128613629101			
ZHENG_RESPONSE_TO_ARSENITE_UP	-0.28944640428143337			
GSE2585_CTEC_VS_THYMIC_DC_UP	-0.2894858734497395			
GSE21033_CTRL_VS_POLYIC_STIM_DC_1H_DN	-0.28949617056666194			
DAIRKEE_CANCER_PRONE_RESPONSE_E2	-0.2895181413922183			
GSE3920_UNTREATED_VS_IFNA_TREATED_ENDOTHELIAL_CELL_DN	-0.2895251777166483			
GSE17721_LPS_VS_PAM3CSK4_4H_BMDC_UP	-0.2895411975735756			
GO_PROTEIN_DEPOLYMERIZATION	-0.2895431675278206			
GO_CYCLIN_DEPENDENT_PROTEIN_KINASE_ACTIVITY	-0.28955386291976476			
GO_INTERKINETIC_NUCLEAR_MIGRATION	-0.2895632567467642			
GO_AUTOLYSOSOME	-0.28956563491622833			
GO_REGULATION_OF_VESICLE_SIZE	-0.2895724745937157			
GSE7831_UNSTIM_VS_CPG_STIM_PDC_1H_UP	-0.2895875132545408			
MIR4803	-0.2896080300643866			
GO_GROWTH_FACTOR_RECEPTOR_BINDING	-0.2896173278792271			
GSE9037_CTRL_VS_LPS_4H_STIM_IRAK4_KO_BMDM_DN	-0.28962411469033333			
GSE2706_R848_VS_LPS_2H_STIM_DC_DN	-0.289637713393496			
GO_MAINTENANCE_OF_DNA_METHYLATION	-0.28964714711398315			
POU6F1_01	-0.28964759402699325			
GO_GTPASE_ACTIVITY	-0.2896580164772755			
SHETH_LIVER_CANCER_VS_TXNIP_LOSS_PAM5	-0.2896640847423422			
GO_NEGATIVE_REGULATION_OF_COMPLEMENT_ACTIVATION	-0.2896683354258721			
MIR1296_5P	-0.2896821202573633			
GO_NEGATIVE_REGULATION_OF_STEM_CELL_POPULATION_MAINTENANCE	-0.28968388069541656			
GO_BRADYKININ_CATABOLIC_PROCESS	-0.28969099051812897			
GSE11961_FOLLICULAR_BCELL_VS_MEMORY_BCELL_DAY40_DN	-0.2897122877466027			
GO_NEGATIVE_REGULATION_BY_HOST_OF_VIRAL_PROCESS	-0.28971471031919227			
GSE10147_IL3_VS_IL3_AND_CPG_STIM_PDC_UP	-0.28971501090957547			
GO_NEGATIVE_REGULATION_OF_INTERLEUKIN_1_SECRETION	-0.28971796590855564			
GSE13547_CTRL_VS_ANTI_IGM_STIM_ZFX_KO_BCELL_2H_DN	-0.2897337793201878			
REACTOME_REGULATION_OF_IFNA_SIGNALING	-0.28974107833453294			
REACTOME_REGULATION_OF_INSULIN_SECRETION	-0.28974385935518815			
MIR4801	-0.28976298793327465			
MIR4731_5P	-0.28979122229850707			
MIR1265	-0.2897982836475044			
GO_POSITIVE_REGULATION_OF_DEVELOPMENTAL_GROWTH	-0.28980220878157625			
GO_CORTICOTROPIN_SECRETION	-0.28981866425812836			
GO_VESTIBULOCOCHLEAR_NERVE_FORMATION	-0.2898206304262725			
BIOCARTA_ION_PATHWAY	-0.2898365059003257			
MIR452_5P	-0.28983894443383973			
chr13q13	-0.28984188366070956			
PAPASPYRIDONOS_UNSTABLE_ATEROSCLEROTIC_PLAQUE_DN	-0.2898537622121522			
GO_SPERMATID_DIFFERENTIATION	-0.289854276985086			
GSE1460_CD4_THYMOCYTE_VS_NAIVE_CD4_TCELL_ADULT_BLOOD_UP	-0.2898822602628592			
IPA_NR1H3_DN	-0.28988514718129965			
GO_DEOXYCYTIDINE_DEAMINASE_ACTIVITY	-0.28988564512886356			
GSE36476_YOUNG_VS_OLD_DONOR_MEMORY_CD4_TCELL_UP	-0.28988675864356395			
MIR3136_5P	-0.2899087991934105			
PRC2_EED_UP.V1_DN	-0.2899250700866611			
GSE22611_UNSTIM_VS_2H_MDP_STIM_MUTANT_NOD2_TRANSDUCED_HEK293T_CELL_UP	-0.2899322198871755			
MAINA_VHL_TARGETS_UP	-0.2899367508358761			
GSE28237_FOLLICULAR_VS_LATE_GC_BCELL_DN	-0.2899730651853825			
HASLINGER_B_CLL_WITH_13Q14_DELETION	-0.28997774655625047			
GO_URIDYLYLTRANSFERASE_ACTIVITY	-0.2899811028557221			
GSE7831_1H_VS_4H_CPG_STIM_PDC_DN	-0.28998203233459263			
COLIN_PILOCYTIC_ASTROCYTOMA_VS_GLIOBLASTOMA_UP	-0.28998287703453846			
BIOCARTA_NFAT_PATHWAY	-0.28999781738166086			
AMIT_EGF_RESPONSE_120_MCF10A	-0.2900017825058838			
GO_AUTOPHAGIC_CELL_DEATH	-0.2900275141423563			
GO_INTERLEUKIN_1_BIOSYNTHETIC_PROCESS	-0.290036717246362			
GO_INTERLEUKIN_1_BETA_BIOSYNTHETIC_PROCESS	-0.290036717246362			
GSE3203_HEALTHY_VS_INFLUENZA_INFECTED_LN_BCELL_UP	-0.2900496572657949			
GO_ORGANELLE_LOCALIZATION	-0.29005857841068156			
GSE17721_LPS_VS_POLYIC_16H_BMDC_UP	-0.29009633661407497			
GO_PROTEIN_LOCALIZATION_TO_VACUOLE	-0.2900976283151986			
GSE37301_HEMATOPOIETIC_STEM_CELL_VS_COMMON_LYMPHOID_PROGENITOR_DN	-0.29010557331800546			
IPA_ESR1_DN	-0.29011655945046627			
GSE3982_MAST_CELL_VS_MAC_DN	-0.2901199158973211			
GSE4590_SMALL_VS_LARGE_PRE_BCELL_DN	-0.2901214512999368			
GO_CITRULLINE_BIOSYNTHETIC_PROCESS	-0.29012475002696136			
HOLLEMAN_VINCRISTINE_RESISTANCE_ALL_DN	-0.290127751278014			
GO_REGULATION_OF_SARCOMERE_ORGANIZATION	-0.2901291076438017			
MIR6760_3P	-0.2901353645979717			
GO_SYNAPTIC_VESICLE_CLUSTERING	-0.29014367423826687			
PID_KIT_PATHWAY	-0.29014877716202997			
GO_LOCOMOTORY_EXPLORATION_BEHAVIOR	-0.29017077479237385			
MIR152_5P	-0.29019667596869275			
GO_SKELETAL_SYSTEM_DEVELOPMENT	-0.2901985671571032			
GO_NEGATIVE_REGULATION_OF_CELLULAR_PROTEIN_LOCALIZATION	-0.29021611774240735			
GSE10239_NAIVE_VS_KLRG1HIGH_EFF_CD8_TCELL_DN	-0.2902455175980222			
GSE8384_CTRL_VS_B_ABORTUS_4H_MAC_CELL_LINE_UP	-0.2902490730933896			
MIR6844	-0.2902584127978016			
GSE10240_IL22_VS_IL22_AND_IL17_STIM_PRIMARY_BRONCHIAL_EPITHELIAL_CELLS_DN	-0.2902654502356137			
GO_NASCENT_POLYPEPTIDE_ASSOCIATED_COMPLEX	-0.29028038207073376			
MIR3166	-0.29028755884114354			
GSE6269_STAPH_AUREUS_VS_STREP_PNEUMO_INF_PBMC_DN	-0.29028948900972174			
GO_PHAGOCYTOSIS_RECOGNITION	-0.2902928542694858			
GSE21927_C26GM_VS_4T1_TUMOR_MONOCYTE_BALBC_UP	-0.2903057719397718			
GSE7548_DAY7_VS_DAY28_PCC_IMMUNIZATION_CD4_TCELL_UP	-0.29031518759850433			
MIR578	-0.2903164010193611			
MIR375_3P	-0.2903208553464187			
CAMP_UP.V1_DN	-0.2903309690993713			
GSE32423_CTRL_VS_IL7_MEMORY_CD8_TCELL_DN	-0.29035125724684474			
KEGG_SMALL_CELL_LUNG_CANCER	-0.2903567240332804			
GSE6259_BCELL_VS_CD4_TCELL_DN	-0.29035779099093595			
MIR3200_3P	-0.29036214799831195			
HALLMARK_APOPTOSIS	-0.29037651166845196			
REACTOME_PLATELET_HOMEOSTASIS	-0.29037823312164096			
GO_ALKALI_METAL_ION_BINDING	-0.2904150710035514			
GSE29949_MICROGLIA_VS_DC_BRAIN_DN	-0.2904161814594996			
MIR3144_3P	-0.2904567935943324			
IPA_SPDEF_DN	-0.2904576891169938			
GSE18791_CTRL_VS_NEWCASTLE_VIRUS_DC_2H_DN	-0.2904659452093933			
GSE7459_UNTREATED_VS_IL6_TREATED_ACT_CD4_TCELL_UP	-0.2904804818982031			
GO_OXIDOREDUCTASE_ACTIVITY_ACTING_ON_A_SULFUR_GROUP_OF_DONORS_NAD_P_AS_ACCEPTOR	-0.2904893116514192			
GO_COPULATION	-0.2905060378231179			
GO_NEGATIVE_REGULATION_OF_NEUROTRANSMITTER_SECRETION	-0.29052681108425765			
MIR4753_5P	-0.2905412490330416			
GO_CHROMOCENTER	-0.2905463927297964			
GO_NEGATIVE_REGULATION_OF_PATHWAY_RESTRICTED_SMAD_PROTEIN_PHOSPHORYLATION	-0.29054838446834297			
GO_POSITIVE_REGULATION_OF_ANTIGEN_PROCESSING_AND_PRESENTATION	-0.2905520923001372			
KIM_GERMINAL_CENTER_T_HELPER_DN	-0.29055574738103535			
GSE12845_IGD_NEG_BLOOD_VS_DARKZONE_GC_TONSIL_BCELL_DN	-0.2905645049181456			
GO_MYOBLAST_MIGRATION	-0.2905901151640696			
GSE26030_TH1_VS_TH17_DAY15_POST_POLARIZATION_UP	-0.2905954453707029			
GO_VARICOSITY	-0.2906025493657265			
GO_RIBONUCLEOSIDE_CATABOLIC_PROCESS	-0.29060333390157245			
CATTGTYY_SOX9_B1	-0.29063138764031715			
GO_SUBSTRATE_ADHESION_DEPENDENT_CELL_SPREADING	-0.2906345179875321			
PASQUALUCCI_LYMPHOMA_BY_GC_STAGE_DN	-0.2906414401622785			
GO_REGULATION_OF_LIPID_KINASE_ACTIVITY	-0.2906435391068219			
AAACCAC_MIR140	-0.2906461736349658			
GO_VESICLE_TARGETING	-0.29065954446080816			
GO_FIBROBLAST_PROLIFERATION	-0.29066084152931143			
MIR5092	-0.290668342795903			
GSE3982_MEMORY_CD4_TCELL_VS_TH1_DN	-0.2906796650863005			
GSE12366_GC_BCELL_VS_PLASMA_CELL_UP	-0.29069038363055866			
GSE25123_CTRL_VS_ROSIGLITAZONE_STIM_MACROPHAGE_DN	-0.29070850258915854			
MATTHEWS_AP1_TARGETS	-0.2907095908893311			
GSE6674_UNSTIM_VS_ANTI_IGM_STIM_BCELL_UP	-0.29071788972285356			
GO_NUCLEOTIDE_BINDING_OLIGOMERIZATION_DOMAIN_CONTAINING_1_SIGNALING_PATHWAY	-0.2907217717233251			
GO_PROTEIN_TYROSINE_SERINE_THREONINE_PHOSPHATASE_ACTIVITY	-0.29072327778909407			
MIR581	-0.2907235938669395			
FUJII_YBX1_TARGETS_UP	-0.2907280577440959			
NOJIMA_SFRP2_TARGETS_UP	-0.29073255596740716			
GO_BLEB_ASSEMBLY	-0.2907330627056928			
GO_DISULFIDE_OXIDOREDUCTASE_ACTIVITY	-0.2907345028706904			
SCHAEFFER_PROSTATE_DEVELOPMENT_48HR_DN	-0.29073504616933576			
PIONTEK_PKD1_TARGETS_DN	-0.29076432634770455			
MIR4311	-0.29077074163042066			
GSE10239_NAIVE_VS_KLRG1INT_EFF_CD8_TCELL_UP	-0.2907829132737316			
AACGGTT_MIR451	-0.2907835120684436			
IPA_MYOCD_DN	-0.2907871967250211			
GO_REGULATION_OF_VIRAL_GENOME_REPLICATION	-0.29078821075836814			
REACTOME_CASPASE_MEDIATED_CLEAVAGE_OF_CYTOSKELETAL_PROTEINS	-0.29079669752381776			
GO_NEGATIVE_REGULATION_OF_CYSTEINE_TYPE_ENDOPEPTIDASE_ACTIVITY_INVOLVED_IN_APOPTOTIC_SIGNALING_PATHWAY	-0.2907971834063116			
GYORFFY_MITOXANTRONE_RESISTANCE	-0.29080746464800733			
NKX22_01	-0.2908079857285254			
GO_PROCOLLAGEN_PROLINE_DIOXYGENASE_ACTIVITY	-0.29081864417701936			
MIR1298_3P	-0.2908228106986444			
BIOCARTA_MYOSIN_PATHWAY	-0.290826188155524			
GO_PRESYNAPTIC_ACTIVE_ZONE_MEMBRANE	-0.29082718535378776			
GSE40274_GATA1_VS_FOXP3_AND_GATA1_TRANSDUCED_ACTIVATED_CD4_TCELL_DN	-0.29086435295252167			
MIR1238_5P_MIR4758_5P	-0.29086749068405265			
REACTOME_OVARIAN_TUMOR_DOMAIN_PROTEASES	-0.29087127115159683			
GO_B_CELL_PROLIFERATION_INVOLVED_IN_IMMUNE_RESPONSE	-0.29087488558146324			
GSE14699_DELETIONAL_TOLERANCE_VS_ACTIVATED_CD8_TCELL_DN	-0.2908811476584731			
GSE20754_WT_VS_TCF1_KO_MEMORY_CD8_TCELL_DN	-0.2908962194132011			
GO_ENDOPEPTIDASE_REGULATOR_ACTIVITY	-0.29089712692607006			
GO_REGULATION_OF_MONONUCLEAR_CELL_MIGRATION	-0.2909078964683641			
HELLEBREKERS_SILENCED_DURING_TUMOR_ANGIOGENESIS	-0.2909224004566769			
GO_EXTRINSIC_APOPTOTIC_SIGNALING_PATHWAY	-0.2909268397655491			
GSE3982_CTRL_VS_IGE_STIM_MAST_CELL_DN	-0.29093924041183195			
GO_NEGATIVE_REGULATION_OF_RELAXATION_OF_MUSCLE	-0.29094999496490936			
GO_NEURON_INTRINSIC_APOPTOTIC_SIGNALING_PATHWAY_IN_RESPONSE_TO_OXIDATIVE_STRESS	-0.2909705863599454			
CACCAGC_MIR138	-0.290971413216022			
GO_AU_RICH_ELEMENT_BINDING	-0.2909754409135294			
GO_NEGATIVE_REGULATION_OF_MONOCYTE_DIFFERENTIATION	-0.2909754955974809			
BIOCARTA_CASPASE_PATHWAY	-0.29099179663397184			
GSE7568_CTRL_VS_3H_TGFB_TREATED_MACROPHAGES_WITH_IL4_AND_DEXAMETHASONE_DN	-0.2910149661106052			
chr7q33	-0.2910157226810454			
ZHAN_EARLY_DIFFERENTIATION_GENES_DN	-0.2910220410811188			
GO_NEGATIVE_REGULATION_OF_GLUCOSE_IMPORT	-0.29102506411458523			
AMIT_EGF_RESPONSE_240_HELA	-0.29103528995226813			
DASU_IL6_SIGNALING_DN	-0.29105934964116714			
GO_GROWTH_PLATE_CARTILAGE_DEVELOPMENT	-0.2910659588446718			
GO_MICROTUBULE_SEVERING	-0.2910706329517988			
GO_DYSTROGLYCAN_COMPLEX	-0.291072798896941			
GO_MESENCHYMAL_CELL_DIFFERENTIATION	-0.2910894760736904			
IPA_RBL1_UP	-0.2910917659010458			
GSE22886_NEUTROPHIL_VS_MONOCYTE_DN	-0.29110093017290223			
GO_ZYMOGEN_ACTIVATION	-0.2911152759781572			
GO_ANTIGEN_PROCESSING_AND_PRESENTATION_OF_EXOGENOUS_PEPTIDE_ANTIGEN_VIA_MHC_CLASS_I_TAP_INDEPENDENT	-0.29114357927871354			
HMGB2_TARGET_GENES	-0.2911533046230662			
GSE12845_IGD_NEG_BLOOD_VS_PRE_GC_TONSIL_BCELL_UP	-0.2911629807167951			
REACTOME_INTERLEUKIN_3_INTERLEUKIN_5_AND_GM_CSF_SIGNALING	-0.29116472391323994			
IPA_ELF2_UP	-0.29117015091585857			
GO_REGULATION_OF_RESPONSE_TO_EXTRACELLULAR_STIMULUS	-0.29117897447623436			
GSE9037_CTRL_VS_LPS_1H_STIM_BMDM_UP	-0.29118666464000964			
GSE46242_TH1_VS_ANERGIC_TH1_CD4_TCELL_WITH_EGR2_DELETED_DN	-0.29119069669544617			
GO_GLIAL_CELL_MIGRATION	-0.2911942178349477			
GSE21360_PRIMARY_VS_SECONDARY_MEMORY_CD8_TCELL_UP	-0.29123528525100467			
GO_POSITIVE_REGULATION_OF_MAPKKK_CASCADE_BY_FIBROBLAST_GROWTH_FACTOR_RECEPTOR_SIGNALING_PATHWAY	-0.2912361218192832			
GSE27859_DC_VS_CD11C_INT_F480_INT_DC_UP	-0.29124118822223377			
PECE_MAMMARY_STEM_CELL_DN	-0.2912535361478001			
GO_OSTEOCLAST_FUSION	-0.2912761260516648			
GSE34205_HEALTHY_VS_FLU_INF_INFANT_PBMC_DN	-0.2912829456701083			
WRNIP1_TARGET_GENES	-0.29128340606016456			
REACTOME_GOLGI_TO_ER_RETROGRADE_TRANSPORT	-0.2912986120225797			
GO_ADULT_HEART_DEVELOPMENT	-0.2913215989070859			
GO_TENDON_DEVELOPMENT	-0.29132824027280585			
PID_TCPTP_PATHWAY	-0.29133498630113613			
GO_POSITIVE_REGULATION_OF_CARDIAC_MUSCLE_CELL_PROLIFERATION	-0.29133587639260206			
GO_INTERSPECIES_INTERACTION_BETWEEN_ORGANISMS	-0.2913435981396981			
GSE24634_IL4_VS_CTRL_TREATED_NAIVE_CD4_TCELL_DAY10_DN	-0.2913689387237117			
MIR486_5P	-0.2913734924468801			
GO_SARCOPLASMIC_RETICULUM_CALCIUM_ION_TRANSPORT	-0.29137508250888133			
GSE22886_CD4_TCELL_VS_BCELL_NAIVE_DN	-0.29137625902773917			
NIKOLSKY_OVERCONNECTED_IN_BREAST_CANCER	-0.2913989830842842			
REACTOME_GROWTH_HORMONE_RECEPTOR_SIGNALING	-0.2914010511029232			
TGFB_UP.V1_UP	-0.29140688686307503			
GSE17974_CTRL_VS_ACT_IL4_AND_ANTI_IL12_2H_CD4_TCELL_DN	-0.2914225623053292			
MIR607	-0.2914317306600986			
OSADA_ASCL1_TARGETS_DN	-0.29144187426212087			
GO_POSITIVE_REGULATION_OF_OSTEOBLAST_PROLIFERATION	-0.29144911759289116			
GSE3203_INFLUENZA_INF_VS_IFNB_TREATED_LN_BCELL_UP	-0.2914550956435006			
LIM_MAMMARY_STEM_CELL_UP	-0.2914632840457985			
GO_CHEMOREPULSION_OF_AXON	-0.29146792015528317			
REACTOME_SIGNALING_BY_RECEPTOR_TYROSINE_KINASES	-0.2914682173801725			
GO_NEGATIVE_REGULATION_OF_CHEMOKINE_MEDIATED_SIGNALING_PATHWAY	-0.2914800864032983			
GSE36009_WT_VS_NLRP10_KO_DC_LPS_STIM_UP	-0.29148033350860886			
MIR5583_5P	-0.29148171844625437			
GSE45739_NRAS_KO_VS_WT_ACD3_ACD28_STIM_CD4_TCELL_UP	-0.29148446216453056			
KORKOLA_CHORIOCARCINOMA_DN	-0.2915283794237592			
GSE360_L_DONOVANI_VS_B_MALAYI_HIGH_DOSE_DC_DN	-0.2915307811656147			
ALFANO_MYC_TARGETS	-0.29153632733516527			
MIR12128	-0.2915448659048526			
GSE1925_CTRL_VS_3H_IFNG_STIM_MACROPHAGE_UP	-0.29155134520929704			
GO_NEGATIVE_REGULATION_OF_DOUBLE_STRAND_BREAK_REPAIR_VIA_NONHOMOLOGOUS_END_JOINING	-0.29155577250520137			
LEE_AGING_CEREBELLUM_DN	-0.2915739765685881			
TESAR_ALK_TARGETS_EPISC_4D_UP	-0.2915744692047718			
VALK_AML_CLUSTER_4	-0.2915944182207403			
GSE18804_BRAIN_VS_COLON_TUMORAL_MACROPHAGE_UP	-0.29160226817432655			
GARY_CD5_TARGETS_UP	-0.2916084871723771			
GSE40666_UNTREATED_VS_IFNA_STIM_EFFECTOR_CD8_TCELL_90MIN_DN	-0.2916129953580917			
MIR139_3P	-0.29161449191955474			
BREDEMEYER_RAG_SIGNALING_VIA_ATM_NOT_VIA_NFKB_UP	-0.29162319799614944			
KEGG_PROSTATE_CANCER	-0.29165893574733537			
REACTOME_TRANSPORT_TO_THE_GOLGI_AND_SUBSEQUENT_MODIFICATION	-0.2916706954710348			
GO_N_ACETYLGLUCOSAMINE_6_O_SULFOTRANSFERASE_ACTIVITY	-0.2917095717205532			
GSE29618_PRE_VS_DAY7_FLU_VACCINE_BCELL_DN	-0.2917201534730091			
KARAKAS_TGFB1_SIGNALING	-0.2917220410467295			
REACTOME_PROTEIN_FOLDING	-0.29173280570398236			
GO_DIOXYGENASE_ACTIVITY	-0.2917347635250741			
GO_GAMMA_DELTA_T_CELL_ACTIVATION	-0.29173939468108695			
MATSUDA_NATURAL_KILLER_DIFFERENTIATION	-0.2917409462587908			
GO_POSITIVE_REGULATION_OF_UNSATURATED_FATTY_ACID_BIOSYNTHETIC_PROCESS	-0.291748072521425			
GO_ENZYME_LINKED_RECEPTOR_PROTEIN_SIGNALING_PATHWAY	-0.2917523984090252			
GO_REGULATION_OF_SYNAPTIC_VESICLE_ENDOCYTOSIS	-0.29176773807929895			
ZHAN_VARIABLE_EARLY_DIFFERENTIATION_GENES_UP	-0.29178521533650187			
GO_ACTIVATION_OF_PROTEIN_KINASE_A_ACTIVITY	-0.29179312166746446			
GO_PCAF_COMPLEX	-0.29179698207793386			
GO_VASCULAR_ENDOTHELIAL_GROWTH_FACTOR_RECEPTOR_BINDING	-0.2918053060578425			
SIMBULAN_PARP1_TARGETS_UP	-0.2918188745200545			
GO_CYSTEINE_TYPE_ENDOPEPTIDASE_ACTIVITY_INVOLVED_IN_APOPTOTIC_PROCESS	-0.29184566770195425			
GO_ETHANOLAMINE_CONTAINING_COMPOUND_METABOLIC_PROCESS	-0.29187363042632786			
GO_PHOSPHOLIPASE_A1_ACTIVITY	-0.2918781079765165			
EINAV_INTERFERON_SIGNATURE_IN_CANCER	-0.2919170988971332			
GO_GOLGI_ASSOCIATED_VESICLE	-0.29191910017994116			
GO_LEARNED_VOCALIZATION_BEHAVIOR_OR_VOCAL_LEARNING	-0.2919286834132268			
GO_PHOSPHATIDYLINOSITOL_PHOSPHORYLATION	-0.2919600906457864			
GSE41867_NAIVE_VS_DAY8_LCMV_CLONE13_EFFECTOR_CD8_TCELL_UP	-0.2919668247530324			
GO_HISTONE_H3_K36_TRIMETHYLATION	-0.2919673471168675			
GSE3982_NEUTROPHIL_VS_NKCELL_DN	-0.29198074374371774			
LEE_DIFFERENTIATING_T_LYMPHOCYTE	-0.29198712762467066			
GSE41867_DAY8_EFFECTOR_VS_DAY30_MEMORY_CD8_TCELL_LCMV_ARMSTRONG_DN	-0.29199993245977146			
ROZANOV_MMP14_TARGETS_SUBSET	-0.2920021174917164			
GSE36826_WT_VS_IL1R_KO_SKIN_UP	-0.29200406551131813			
SIG_BCR_SIGNALING_PATHWAY	-0.29201769182854603			
GO_NEGATIVE_REGULATION_OF_TOLL_LIKE_RECEPTOR_2_SIGNALING_PATHWAY	-0.2920254236517999			
HENDRICKS_SMARCA4_TARGETS_UP	-0.2920340702438399			
REACTOME_RECRUITMENT_OF_MITOTIC_CENTROSOME_PROTEINS_AND_COMPLEXES	-0.2920419865880181			
GO_PIGMENT_CELL_DIFFERENTIATION	-0.292042866674688			
ZHOU_INFLAMMATORY_RESPONSE_FIMA_DN	-0.29204973788817823			
GO_NEGATIVE_REGULATION_OF_CELLULAR_AMINE_METABOLIC_PROCESS	-0.29205179561684325			
SPIELMAN_LYMPHOBLAST_EUROPEAN_VS_ASIAN_DN	-0.2920612557748359			
GO_RECEPTOR_BIOSYNTHETIC_PROCESS	-0.29206542595179225			
IPA_BCL3_DN	-0.2920668240857143			
GO_RESPONSE_TO_FUNGUS	-0.2920689738588925			
GSE13547_CTRL_VS_ANTI_IGM_STIM_ZFX_KO_BCELL_2H_UP	-0.292070532585981			
GSE27092_WT_VS_HDAC7_PHOSPHO_DEFICIENT_CD8_TCELL_DN	-0.292072378497526			
GO_REGULATION_OF_CENTROMERE_COMPLEX_ASSEMBLY	-0.2920829364597355			
MIR331_5P	-0.2920851698687751			
GO_PERICENTRIC_HETEROCHROMATIN	-0.29211658610886737			
GO_MYOSIN_HEAVY_CHAIN_BINDING	-0.2921319254311341			
PRMT5_TARGET_GENES	-0.29213643299118497			
GO_REGULATION_OF_CENTRIOLE_REPLICATION	-0.2921364714562321			
GSE1925_3H_VS_24H_IFNG_STIM_IFNG_PRIMED_MACROPHAGE_UP	-0.2921574369098049			
GSE14308_TH2_VS_NAIVE_CD4_TCELL_DN	-0.2921701436305255			
GO_POSITIVE_REGULATION_OF_IMMUNOGLOBULIN_PRODUCTION	-0.29217546938077166			
EWSR1_TARGET_GENES	-0.2921760806246747			
MIR620	-0.29218140387903857			
REACTOME_PKA_ACTIVATION_IN_GLUCAGON_SIGNALLING	-0.2921841698335438			
GSE6269_HEALTHY_VS_STAPH_PNEUMO_INF_PBMC_DN	-0.29218507080747796			
GSE360_DC_VS_MAC_B_MALAYI_HIGH_DOSE_UP	-0.29219210228333325			
MIR3677_5P	-0.2921955224022616			
IPA_TP53_DN	-0.2922219289026393			
NABA_MATRISOME_ASSOCIATED	-0.29223881216251474			
GSE11961_UNSTIM_VS_ANTI_IGM_AND_CD40_STIM_6H_FOLLICULAR_BCELL_DN	-0.29223913664858114			
GO_SINGLE_STRAND_BREAK_REPAIR	-0.29224469687177534			
GO_FEAR_RESPONSE	-0.2922506695957804			
BIOCARTA_MITR_PATHWAY	-0.292269059768582			
MIR577	-0.2922732601354513			
GSE17301_CTRL_VS_48H_ACD3_ACD28_IFNA2_STIM_CD8_TCELL_DN	-0.29228389787284687			
GO_METANEPHRIC_NEPHRON_TUBULE_EPITHELIAL_CELL_DIFFERENTIATION	-0.2922908525839561			
ROZANOV_MMP14_TARGETS_UP	-0.2923049524528861			
GO_NEUROMUSCULAR_PROCESS	-0.29230836747823424			
WANG_METHYLATED_IN_BREAST_CANCER	-0.2923104242035124			
GSE2585_THYMIC_DC_VS_THYMIC_MACROPHAGE_DN	-0.29232056680223284			
GO_POSITIVE_REGULATION_OF_ISOTYPE_SWITCHING	-0.2923294500638361			
GO_CYSTEINE_TYPE_PEPTIDASE_ACTIVITY	-0.2923379252751802			
GO_2_OXOGLUTARATE_DEPENDENT_DIOXYGENASE_ACTIVITY	-0.2923581307938821			
GSE27786_BCELL_VS_NKTCELL_UP	-0.29236872473273967			
GSE1460_CD4_THYMOCYTE_VS_NAIVE_CD4_TCELL_ADULT_BLOOD_DN	-0.2923719598083798			
GSE1448_CTRL_VS_ANTI_VBETA5_DP_THYMOCYTE_UP	-0.2923725144930934			
NABA_MATRISOME	-0.29239334336256356			
GO_TYPE_I_INTERFERON_BIOSYNTHETIC_PROCESS	-0.29240222556856943			
GO_RETINA_VASCULATURE_DEVELOPMENT_IN_CAMERA_TYPE_EYE	-0.2924055378648588			
GO_GLYCOSPHINGOLIPID_BIOSYNTHETIC_PROCESS	-0.29241265664459515			
GO_ADENYLATE_CYCLASE_ACTIVATING_DOPAMINE_RECEPTOR_SIGNALING_PATHWAY	-0.2924198791689155			
GO_ENDOCARDIUM_MORPHOGENESIS	-0.2924332195076233			
GO_SOMATIC_RECOMBINATION_OF_IMMUNOGLOBULIN_GENE_SEGMENTS	-0.2924359382624813			
GSE9006_HEALTHY_VS_TYPE_1_DIABETES_PBMC_1MONTH_POST_DX_DN	-0.29244468751426045			
GSE21546_WT_VS_SAP1A_KO_ANTI_CD3_STIM_DP_THYMOCYTES_DN	-0.29244682578648756			
GO_REGULATION_OF_ENDODEOXYRIBONUCLEASE_ACTIVITY	-0.29245090732586826			
IPA_FOS_DN	-0.29245613774180035			
GSE37605_TREG_VS_TCONV_C57BL6_FOXP3_FUSION_GFP_DN	-0.2924675755810285			
REACTOME_SIGNALING_BY_FGFR_IN_DISEASE	-0.2924803489621188			
CAHOY_OLIGODENDROCUTIC	-0.29249147327465697			
ODONNELL_TFRC_TARGETS_UP	-0.2924992794036958			
KIM_WT1_TARGETS_UP	-0.292501997244484			
REACTOME_EGR2_AND_SOX10_MEDIATED_INITIATION_OF_SCHWANN_CELL_MYELINATION	-0.2925025589510677			
REACTOME_DNA_DAMAGE_TELOMERE_STRESS_INDUCED_SENESCENCE	-0.2925102989382436			
GSE411_100MIN_VS_400MIN_IL6_STIM_MACROPHAGE_UP	-0.29252610206043594			
GO_MYOBLAST_DIFFERENTIATION	-0.29252888041007624			
ELVIDGE_HIF1A_TARGETS_DN	-0.2925415610832313			
GSE37605_FOXP3_FUSION_GFP_VS_IRES_GFP_TREG_C57BL6_DN	-0.29255105409219945			
GO_PROTEIN_K6_LINKED_UBIQUITINATION	-0.29257934895203974			
GO_WNT_SIGNALING_PATHWAY_CALCIUM_MODULATING_PATHWAY	-0.29258028180816337			
GRAHAM_CML_QUIESCENT_VS_NORMAL_DIVIDING_UP	-0.29259413785421334			
GO_HEXOSE_TRANSMEMBRANE_TRANSPORTER_ACTIVITY	-0.2925958411286088			
PAX7_TARGET_GENES	-0.29259695739773994			
BIOCARTA_IL22BP_PATHWAY	-0.2926030079741039			
MIR29B_2_5P	-0.2926039312307825			
MIR6773_5P	-0.29263709274666644			
GENTILE_UV_RESPONSE_CLUSTER_D1	-0.29263869493668404			
GO_N_ACYLPHOSPHATIDYLETHANOLAMINE_SPECIFIC_PHOSPHOLIPASE_D_ACTIVITY	-0.29265998141731403			
HOLLEMAN_ASPARAGINASE_RESISTANCE_B_ALL_UP	-0.2926606950188582			
GSE360_DC_VS_MAC_T_GONDII_UP	-0.2926619383267505			
GO_HEPATOCYTE_DIFFERENTIATION	-0.2926774228070933			
GO_CELLULAR_RESPONSE_TO_CHEMICAL_STRESS	-0.29268341187103103			
GSE24634_IL4_VS_CTRL_TREATED_NAIVE_CD4_TCELL_DAY3_UP	-0.29269585871156634			
GARGALOVIC_RESPONSE_TO_OXIDIZED_PHOSPHOLIPIDS_YELLOW_UP	-0.2927493658085133			
GRAHAM_CML_QUIESCENT_VS_CML_DIVIDING_DN	-0.2927667013237779			
GO_REGULATION_OF_AUTOPHAGY_OF_MITOCHONDRION_IN_RESPONSE_TO_MITOCHONDRIAL_DEPOLARIZATION	-0.29277300426784614			
HU_GENOTOXIC_DAMAGE_24HR	-0.29278489287005877			
GSE29949_CD8_NEG_DC_SPLEEN_VS_CD8_POS_DC_SPLEEN_DN	-0.2927875596487595			
GO_REGULATION_OF_RECEPTOR_LOCALIZATION_TO_SYNAPSE	-0.29281283141215936			
IPA_DLX5_UP	-0.2928177856079136			
GSE21927_UNTREATED_VS_GMCSF_GCSF_TREATED_BONE_MARROW_DN	-0.29282125436499323			
chr3q24	-0.2928271019738321			
KOBAYASHI_RESPONSE_TO_ROMIDEPSIN	-0.292836028337361			
GO_MICROGLIA_DIFFERENTIATION	-0.29284452019867363			
GO_CELLULAR_RESPONSE_TO_VITAMIN	-0.2928589782804853			
GO_REGULATION_OF_TRANSMEMBRANE_TRANSPORT	-0.29286265155989133			
GO_RESPONSE_TO_METHOTREXATE	-0.29286752633674035			
GO_EXTERNAL_ENCAPSULATING_STRUCTURE	-0.2928735851394085			
GO_RESPONSE_TO_NITRIC_OXIDE	-0.2928904315059239			
GSE9316_CD4_TCELL_BALBC_VS_TH17_ENRI_CD4_TCELL_SKG_PMA_IONO_STIM_FR4NEG_DN	-0.29290259546475117			
REACTOME_RUNX2_REGULATES_GENES_INVOLVED_IN_CELL_MIGRATION	-0.292912210642392			
GSE22886_IGG_IGA_MEMORY_BCELL_VS_BM_PLASMA_CELL_DN	-0.29292774026747637			
GSE17721_CTRL_VS_PAM3CSK4_24H_BMDC_UP	-0.2929304467245878			
REACTOME_DNA_METHYLATION	-0.2929327754092176			
GSE17974_IL4_AND_ANTI_IL12_VS_UNTREATED_48H_ACT_CD4_TCELL_UP	-0.29294903553931084			
REACTOME_HEPARAN_SULFATE_HEPARIN_HS_GAG_METABOLISM	-0.2929554749714136			
GSE26030_UNSTIM_VS_RESTIM_TH17_DAY5_POST_POLARIZATION_UP	-0.29295621857885423			
REACTOME_INFECTION_WITH_MYCOBACTERIUM_TUBERCULOSIS	-0.29296689355666267			
GO_REGULATION_OF_INTERLEUKIN_1_SECRETION	-0.29297344511350454			
GSE5142_CTRL_VS_HTERT_TRANSDUCED_CD8_TCELL_EARLY_PASSAGE_CLONE_UP	-0.29298986332472254			
GSE26488_WT_VS_HDAC7_DELTAP_TG_OT2_THYMOCYTE_WITH_PEPTIDE_INJECTION_UP	-0.29302720926396975			
GO_DENDRITIC_SPINE_MAINTENANCE	-0.29302951518733333			
GSE17301_ACD3_ACD28_VS_ACD3_ACD28_AND_IFNA5_STIM_CD8_TCELL_UP	-0.2930363250473566			
GO_CELLULAR_RESPONSE_TO_OXIDISED_LOW_DENSITY_LIPOPROTEIN_PARTICLE_STIMULUS	-0.29305761734359254			
GO_POSITIVE_REGULATION_OF_CAMP_MEDIATED_SIGNALING	-0.2930624127483727			
GO_PHAGOLYSOSOME	-0.2930657896526549			
PEA3_Q6	-0.29308583667315913			
REACTOME_RUNX3_REGULATES_CDKN1A_TRANSCRIPTION	-0.2930918581250339			
GSE3982_MAST_CELL_VS_BCELL_DN	-0.2930976855262313			
GO_RESPONSE_TO_ALKALOID	-0.293115480324985			
GO_NEGATIVE_REGULATION_OF_EXTRACELLULAR_MATRIX_DISASSEMBLY	-0.2931249258599325			
REACTOME_TRANSCRIPTIONAL_REGULATION_BY_VENTX	-0.29312600270081185			
GO_INTERFERON_BETA_BIOSYNTHETIC_PROCESS	-0.2931397812517503			
GSE8921_UNSTIM_0H_VS_TLR1_2_STIM_MONOCYTE_6H_DN	-0.29315088450888943			
GO_DEVELOPMENTAL_PIGMENTATION	-0.29315330678954954			
JOSEPH_RESPONSE_TO_SODIUM_BUTYRATE_UP	-0.29315514321436015			
GO_NEGATIVE_REGULATION_OF_RESPONSE_TO_DNA_DAMAGE_STIMULUS	-0.2931563000949541			
GO_ROUNDABOUT_SIGNALING_PATHWAY	-0.2931779155208553			
GO_NEGATIVE_REGULATION_OF_PROTEIN_METABOLIC_PROCESS	-0.293178136405987			
BIOCARTA_REELIN_PATHWAY	-0.29319037401850184			
GSE41867_NAIVE_VS_DAY8_LCMV_CLONE13_EFFECTOR_CD8_TCELL_DN	-0.29320110862423443			
BIOCARTA_RANBP2_PATHWAY	-0.2932582291789599			
HECKER_IFNB1_TARGETS	-0.2932792195878682			
GO_NEGATIVE_REGULATION_OF_SMOOTHENED_SIGNALING_PATHWAY	-0.29328433286458755			
GSE29164_UNTREATED_VS_CD8_TCELL_AND_IL12_TREATED_MELANOMA_DAY7_UP	-0.29329630494613285			
MYLLYKANGAS_AMPLIFICATION_HOT_SPOT_9	-0.29329650500733456			
GO_POLYUBIQUITIN_MODIFICATION_DEPENDENT_PROTEIN_BINDING	-0.2933069568124886			
GO_ACYLGLYCEROL_LIPASE_ACTIVITY	-0.29333065180672996			
TTTGTAG_MIR520D	-0.29333790712262153			
GSE17721_PAM3CSK4_VS_GADIQUIMOD_24H_BMDC_DN	-0.29334374576811034			
KRAS.PROSTATE_UP.V1_UP	-0.29336622697396614			
REACTOME_PLATELET_CALCIUM_HOMEOSTASIS	-0.2933763193960115			
CONCANNON_APOPTOSIS_BY_EPOXOMICIN_UP	-0.29341693780182915			
SCIAN_INVERSED_TARGETS_OF_TP53_AND_TP73_DN	-0.29342260095473566			
GO_CELL_SURFACE_RECEPTOR_SIGNALING_PATHWAY_INVOLVED_IN_HEART_DEVELOPMENT	-0.29343613296480736			
RAG1_TARGET_GENES	-0.293455982227782			
KRIGE_RESPONSE_TO_TOSEDOSTAT_6HR_DN	-0.2934564519346321			
chr7q32	-0.2934605478157097			
GSE360_CTRL_VS_T_GONDII_MAC_UP	-0.2934606883228191			
GSE24634_NAIVE_CD4_TCELL_VS_DAY7_IL4_CONV_TREG_DN	-0.29347724826165655			
ZHAN_MULTIPLE_MYELOMA_CD1_AND_CD2_UP	-0.2934810004425134			
GSE17721_ALL_VS_24H_PAM3CSK4_BMDC_DN	-0.29348626875848277			
GO_SKELETAL_MUSCLE_THIN_FILAMENT_ASSEMBLY	-0.29348854691925325			
GSE17721_0.5H_VS_24H_CPG_BMDC_UP	-0.2934923873924105			
GO_POSITIVE_REGULATION_OF_T_CELL_TOLERANCE_INDUCTION	-0.29349342066291784			
PDGF_UP.V1_UP	-0.29349787794976456			
BONOME_OVARIAN_CANCER_POOR_SURVIVAL_UP	-0.29349816365931425			
NABA_SECRETED_FACTORS	-0.2935000726473612			
GSE36476_CTRL_VS_TSST_ACT_72H_MEMORY_CD4_TCELL_YOUNG_UP	-0.2935288363681826			
BIOCARTA_MELANOCYTE_PATHWAY	-0.29354078474579853			
GO_COLLAGEN_TRIMER	-0.29354899034511095			
GO_CD4_RECEPTOR_BINDING	-0.29355089566304626			
GO_PROTEASOME_CORE_COMPLEX	-0.29355562370797433			
SAKAI_TUMOR_INFILTRATING_MONOCYTES_UP	-0.2935662076244395			
EPPERT_HSC_R	-0.2935766308326272			
REACTOME_DEFECTIVE_CHST3_CAUSES_SEDCJD	-0.2935896964795615			
GO_REGULATION_OF_NON_CANONICAL_WNT_SIGNALING_PATHWAY	-0.29359598189748665			
GSE29618_PRE_VS_DAY7_POST_LAIV_FLU_VACCINE_BCELL_UP	-0.2935984241818645			
GSE41176_UNSTIM_VS_ANTI_IGM_STIM_BCELL_3H_DN	-0.29359887035863147			
GO_NEGATIVE_REGULATION_OF_FIBROBLAST_MIGRATION	-0.29363420127900147			
MIR876_5P	-0.2936394403752708			
TGCAAAC_MIR452	-0.29366314844556113			
IPA_CEBPD_DN	-0.2936675863025284			
GSE34205_RSV_VS_FLU_INF_INFANT_PBMC_DN	-0.2936870265498484			
GSE24574_BCL6_HIGH_TFH_VS_TFH_CD4_TCELL_DN	-0.29369035605916344			
GO_MACROPHAGE_CHEMOTAXIS	-0.2936928395700317			
REACTOME_COLLAGEN_CHAIN_TRIMERIZATION	-0.2937132603990661			
IPA_GATA3_DN	-0.2937137248023131			
GO_POSITIVE_REGULATION_OF_FATTY_ACID_METABOLIC_PROCESS	-0.2937367993950143			
GO_POSITIVE_REGULATION_OF_LEUKOCYTE_DEGRANULATION	-0.2937379032969224			
GSE2770_IL12_AND_TGFB_VS_IL4_TREATED_ACT_CD4_TCELL_2H_DN	-0.29374170042429315			
GSE17721_LPS_VS_CPG_6H_BMDC_DN	-0.29375331068331134			
GSE21360_NAIVE_VS_TERTIARY_MEMORY_CD8_TCELL_UP	-0.2937537801371936			
GO_NEGATIVE_REGULATION_OF_TRANSCRIPTION_BY_RNA_POLYMERASE_I	-0.29375752201247685			
GO_POSITIVE_REGULATION_OF_MHC_CLASS_I_BIOSYNTHETIC_PROCESS	-0.2937681269195827			
YANG_BREAST_CANCER_ESR1_LASER_DN	-0.2937751354804536			
GSE14308_TH2_VS_TH1_DN	-0.29380471121472523			
MIR5009_5P	-0.2938073851409213			
MIR1258	-0.29381150105485515			
GO_PROTEIN_PROCESSING	-0.29382113133725535			
GO_CANONICAL_WNT_SIGNALING_PATHWAY_INVOLVED_IN_HEART_DEVELOPMENT	-0.2938367955753699			
REACTOME_MET_ACTIVATES_PTPN11	-0.29383930919095413			
GSE25085_FETAL_LIVER_VS_FETAL_BM_SP4_THYMIC_IMPLANT_UP	-0.29384874688229745			
REACTOME_COPII_MEDIATED_VESICLE_TRANSPORT	-0.29385064871819355			
CHEBOTAEV_GR_TARGETS_DN	-0.2938522198643791			
REACTOME_WNT5A_DEPENDENT_INTERNALIZATION_OF_FZD4	-0.29386226521481096			
GO_POSITIVE_REGULATION_OF_APOPTOTIC_PROCESS_INVOLVED_IN_DEVELOPMENT	-0.2938716233884199			
GO_POSITIVE_REGULATION_OF_APOPTOTIC_PROCESS_INVOLVED_IN_MORPHOGENESIS	-0.2938716233884199			
GSE22935_UNSTIM_VS_12H_MBOVIS_BCG_STIM_MYD88_KO_MACROPHAGE_DN	-0.2938752267143153			
MIR1468_5P	-0.2938759117176208			
GO_NEGATIVE_REGULATION_OF_RESPONSE_TO_WOUNDING	-0.2938773934208094			
REACTOME_HYALURONAN_UPTAKE_AND_DEGRADATION	-0.29387761613182994			
GO_POSITIVE_REGULATION_OF_BEHAVIOR	-0.29389012020028665			
GO_POSITIVE_REGULATION_OF_DNA_LIGATION	-0.2938948950448631			
GO_REGULATION_OF_PROTEIN_LOCALIZATION_TO_SYNAPSE	-0.29391958098650584			
GO_PROTEASOMAL_UBIQUITIN_INDEPENDENT_PROTEIN_CATABOLIC_PROCESS	-0.29394633096194317			
MIR488_5P	-0.29394767546214057			
MIR6780B_3P	-0.29395194552683557			
IPA_H2AFX_UP	-0.2939711814213238			
GTGACTT_MIR224	-0.29397735199162417			
GO_APOPTOTIC_SIGNALING_PATHWAY	-0.2940199841462217			
GO_CD8_POSITIVE_ALPHA_BETA_T_CELL_DIFFERENTIATION	-0.2940216678170493			
PLASARI_TGFB1_TARGETS_10HR_UP	-0.2940473683773488			
OSMAN_BLADDER_CANCER_DN	-0.29405911025674075			
REACTOME_INTERFERON_ALPHA_BETA_SIGNALING	-0.2940644893722348			
GO_NEURAL_CREST_CELL_MIGRATION_INVOLVED_IN_AUTONOMIC_NERVOUS_SYSTEM_DEVELOPMENT	-0.2940755447584684			
GO_PLATELET_MORPHOGENESIS	-0.2940941935245564			
CTAGGAA_MIR384	-0.29409618831772627			
chr5q32	-0.2941062850215901			
GSE8921_UNSTIM_0H_VS_TLR1_2_STIM_MONOCYTE_24H_DN	-0.29411091577522297			
BOYAULT_LIVER_CANCER_SUBCLASS_G1_DN	-0.29411381559595745			
GO_ORGANELLE_FUSION	-0.2941416248225438			
GO_ENDOCARDIAL_CELL_DIFFERENTIATION	-0.29414853547171144			
GSE37301_MULTIPOTENT_PROGENITOR_VS_GRAN_MONO_PROGENITOR_UP	-0.29414944711531255			
REACTOME_OTHER_INTERLEUKIN_SIGNALING	-0.2941633174640895			
GROSS_HYPOXIA_VIA_HIF1A_DN	-0.29418477560207945			
GSE19923_HEB_KO_VS_HEB_AND_E2A_KO_DP_THYMOCYTE_UP	-0.2942021090867427			
MIR3129_3P	-0.29421623924634527			
GO_REGULATION_OF_RESPONSE_TO_OXIDATIVE_STRESS	-0.29422206427380637			
GO_ACTININ_BINDING	-0.29422540283798493			
GSE3982_EOSINOPHIL_VS_DC_DN	-0.29422671862967803			
GO_REGULATION_OF_CELL_JUNCTION_ASSEMBLY	-0.2942272633054514			
GSE360_L_MAJOR_VS_B_MALAYI_HIGH_DOSE_MAC_UP	-0.2942298257959384			
GO_THREONINE_TYPE_PEPTIDASE_ACTIVITY	-0.29424196043389195			
GSE2128_C57BL6_VS_NOD_THYMOCYTE_UP	-0.29424448191393027			
GO_RECEPTOR_REGULATOR_ACTIVITY	-0.29425644095068587			
PIEPOLI_LGI1_TARGETS_DN	-0.2942626264170104			
MIR3692_3P	-0.2942631599770238			
MIR6757_3P	-0.2942711457936596			
GSE11864_CSF1_VS_CSF1_PAM3CYS_IN_MAC_DN	-0.2942820504339532			
GO_NEGATIVE_REGULATION_OF_PHOSPHOLIPASE_ACTIVITY	-0.29428800024876267			
GSE9006_TYPE_1_DIABETES_AT_DX_VS_1MONTH_POST_DX_PBMC_UP	-0.2942930009703929			
TONKS_TARGETS_OF_RUNX1_RUNX1T1_FUSION_MONOCYTE_DN	-0.29432365734557003			
GO_REGULATION_OF_PROTEIN_COMPLEX_STABILITY	-0.29432490365243397			
IRF1_01	-0.2943273439821588			
GSE37301_COMMON_LYMPHOID_PROGENITOR_VS_CD4_TCELL_UP	-0.2943396528437632			
ITO_PTTG1_TARGETS_UP	-0.29434130851474			
GO_SEXUAL_REPRODUCTION	-0.2943455248691096			
PID_IL6_7_PATHWAY	-0.29436018187641183			
WARTERS_RESPONSE_TO_IR_SKIN	-0.2943692428184509			
GSE27291_6H_VS_7D_STIM_GAMMADELTA_TCELL_DN	-0.2943714001214598			
IPA_SMAD3_DN	-0.29439617353550973			
GO_POSITIVE_REGULATION_OF_VASCULOGENESIS	-0.2943981093824636			
GO_TRANS_GOLGI_NETWORK	-0.2944072896487151			
GSE17721_POLYIC_VS_PAM3CSK4_2H_BMDC_UP	-0.2944159685995832			
GO_REGULATION_OF_VITAMIN_METABOLIC_PROCESS	-0.29441659844068807			
PID_INTEGRIN5_PATHWAY	-0.29444197466049227			
REACTOME_NOD1_2_SIGNALING_PATHWAY	-0.29444224854880885			
GSE17186_NAIVE_VS_CD21LOW_TRANSITIONAL_BCELL_CORD_BLOOD_UP	-0.29444342797070217			
TAKEDA_TARGETS_OF_NUP98_HOXA9_FUSION_3D_DN	-0.29444436476669716			
GO_REGULATION_OF_METAL_ION_TRANSPORT	-0.2944475517425545			
GO_MIRNA_METABOLIC_PROCESS	-0.29445558707715147			
MIR4646_3P	-0.29445604261923003			
REACTOME_SMOOTH_MUSCLE_CONTRACTION	-0.2944754852614899			
MYLLYKANGAS_AMPLIFICATION_HOT_SPOT_25	-0.2944828675523316			
GO_PROTEIN_DNA_COMPLEX_DISASSEMBLY	-0.2944865177620329			
GO_ENDOTHELIAL_CELL_MORPHOGENESIS	-0.2944952498787442			
GSE3982_MAC_VS_NEUTROPHIL_LPS_STIM_DN	-0.2945312455542416			
GO_RESPONSE_TO_LIPOTEICHOIC_ACID	-0.2945379346463761			
CHARAFE_BREAST_CANCER_LUMINAL_VS_BASAL_DN	-0.29456286225158446			
GO_CALCIUM_DEPENDENT_PROTEIN_KINASE_ACTIVITY	-0.29459241107696016			
GO_CELLULAR_RESPONSE_TO_NITROGEN_COMPOUND	-0.2945926333862355			
IPA_FOSL2_UP	-0.2945938622256313			
GO_PML_BODY	-0.29460105020984156			
MIR128_2_5P	-0.29460520477760194			
CARDOSO_RESPONSE_TO_GAMMA_RADIATION_AND_3AB	-0.29460675789244745			
LINDVALL_IMMORTALIZED_BY_TERT_UP	-0.29461869101944943			
GSE3920_UNTREATED_VS_IFNG_TREATED_ENDOTHELIAL_CELL_UP	-0.2946210481383261			
GO_B_CELL_ACTIVATION_INVOLVED_IN_IMMUNE_RESPONSE	-0.2946224343200872			
PID_HIF1_TFPATHWAY	-0.29463064569602115			
GO_NEGATIVE_REGULATION_OF_CALCINEURIN_MEDIATED_SIGNALING	-0.29464358558289283			
GSE41867_DAY6_VS_DAY15_LCMV_ARMSTRONG_EFFECTOR_CD8_TCELL_UP	-0.294662737306986			
LEE_SP4_THYMOCYTE	-0.29466733889316665			
GO_SPERMATOPROTEASOME_COMPLEX	-0.2946695666315841			
BIOCARTA_41BB_PATHWAY	-0.2946871792966876			
GO_INTERLEUKIN_6_BIOSYNTHETIC_PROCESS	-0.29469784475183747			
GO_MORPHOGENESIS_OF_AN_ENDOTHELIUM	-0.2947015145710438			
GSE2770_UNTREATED_VS_TGFB_AND_IL4_TREATED_ACT_CD4_TCELL_48H_DN	-0.2947043300034715			
GO_MESENCHYME_DEVELOPMENT	-0.29472417703428844			
MIR4752	-0.2947474821785562			
KEGG_DILATED_CARDIOMYOPATHY	-0.294754492095699			
GSE17721_LPS_VS_POLYIC_1H_BMDC_UP	-0.29475683133143515			
GSE24081_CONTROLLER_VS_PROGRESSOR_HIV_SPECIFIC_CD8_TCELL_DN	-0.2947604789407374			
GSE13485_DAY3_VS_DAY7_YF17D_VACCINE_PBMC_DN	-0.29477626396374984			
BIOCARTA_BCR_PATHWAY	-0.29478217374790244			
GO_REGULATION_OF_RESPONSE_TO_INTERFERON_GAMMA	-0.2947924120755469			
GO_TROPOMYOSIN_BINDING	-0.29479457545517085			
GO_INTERLEUKIN_12_PRODUCTION	-0.29479635055881126			
GSE7460_CTRL_VS_TGFB_TREATED_ACT_CD8_TCELL_DN	-0.2948000548173866			
GENTILE_UV_RESPONSE_CLUSTER_D9	-0.2948001868890166			
MIR3064_3P	-0.2948059357751958			
GSE2405_S_AUREUS_VS_A_PHAGOCYTOPHILUM_NEUTROPHIL_UP	-0.2948071107163943			
GSE29949_CD8_POS_DC_SPLEEN_VS_MONOCYTE_BONE_MARROW_UP	-0.2948235213318894			
ONGUSAHA_BRCA1_TARGETS_UP	-0.2948235357755486			
REACTOME_ROLE_OF_LAT2_NTAL_LAB_ON_CALCIUM_MOBILIZATION	-0.29482436214886126			
BIOCARTA_HDAC_PATHWAY	-0.29482952984175154			
GO_SMOOTH_MUSCLE_CONTRACTION	-0.29483033267517433			
GSE40685_NAIVE_CD4_TCELL_VS_TREG_UP	-0.29486909252935656			
GSE37416_12H_VS_24H_F_TULARENSIS_LVS_NEUTROPHIL_DN	-0.2948695821873768			
GSE26928_NAIVE_VS_CENT_MEMORY_CD4_TCELL_DN	-0.2948747707765169			
GSE27786_NKTCELL_VS_NEUTROPHIL_DN	-0.29487726955321325			
GO_REACTIVE_OXYGEN_SPECIES_METABOLIC_PROCESS	-0.2948980497685255			
CHIBA_RESPONSE_TO_TSA_DN	-0.2948982464262385			
GSE29949_CD8_NEG_DC_SPLEEN_VS_DC_BRAIN_DN	-0.29490311463336716			
GO_MODIFICATION_OF_MORPHOLOGY_OR_PHYSIOLOGY_OF_OTHER_ORGANISM_INVOLVED_IN_SYMBIOTIC_INTERACTION	-0.2949329467720589			
GSE22886_NAIVE_TCELL_VS_DC_DN	-0.2949401239940429			
GO_LYSOPHOSPHOLIPASE_ACTIVITY	-0.29496008133602747			
GSE2706_2H_VS_8H_R848_AND_LPS_STIM_DC_DN	-0.29496697427520413			
GO_POSITIVE_REGULATION_OF_DENDRITIC_CELL_ANTIGEN_PROCESSING_AND_PRESENTATION	-0.2949681243716218			
GO_DNA_CATABOLIC_PROCESS	-0.2949693893621947			
REACTOME_SIGNALING_BY_THE_B_CELL_RECEPTOR_BCR	-0.29497363615833655			
GSE5589_WT_VS_IL6_KO_LPS_AND_IL10_STIM_MACROPHAGE_45MIN_UP	-0.2949928263189714			
REACTOME_PI_3K_CASCADE_FGFR1	-0.2949963064765342			
MIR6822_5P	-0.2950037955493345			
REACTOME_TNFR1_MEDIATED_CERAMIDE_PRODUCTION	-0.29501408514308664			
GSE17721_POLYIC_VS_CPG_16H_BMDC_UP	-0.29501476260083215			
GO_INTERLEUKIN_13_PRODUCTION	-0.29502625104219654			
GSE14350_TREG_VS_TEFF_UP	-0.295036921319583			
REACTOME_INTERLEUKIN_7_SIGNALING	-0.2950438599830078			
EBAUER_TARGETS_OF_PAX3_FOXO1_FUSION_UP	-0.2950447494862882			
GO_LIPOPOLYSACCHARIDE_IMMUNE_RECEPTOR_ACTIVITY	-0.2951029341445676			
GO_REGULATION_OF_MOTOR_NEURON_APOPTOTIC_PROCESS	-0.2951082652164509			
SANA_RESPONSE_TO_IFNG_UP	-0.2951148053181998			
PID_PI3KCI_PATHWAY	-0.29511532251315753			
WORSCHECH_TUMOR_REJECTION_UP	-0.29511633751215594			
GSE43955_1H_VS_20H_ACT_CD4_TCELL_DN	-0.29512551402346443			
GO_SUBSTRATE_DEPENDENT_CEREBRAL_CORTEX_TANGENTIAL_MIGRATION	-0.2951301327693119			
GSE3039_ALPHAALPHA_VS_ALPHABETA_CD8_TCELL_UP	-0.29515901372262854			
GSE6674_UNSTIM_VS_CPG_STIM_BCELL_DN	-0.2951696130876627			
REACTOME_DEFECTIVE_ST3GAL3_CAUSES_MCT12_AND_EIEE15	-0.29517249714833826			
GO_PEPTIDASE_REGULATOR_ACTIVITY	-0.2951818519910023			
GO_PROTEIN_POLY_ADP_RIBOSYLATION	-0.2951833322713423			
GSE39110_UNTREATED_VS_IL2_TREATED_CD8_TCELL_DAY3_POST_IMMUNIZATION_UP	-0.2951924614361236			
GO_REGULATION_OF_PODOSOME_ASSEMBLY	-0.29521474292504873			
MIR4709_3P	-0.29523055607807175			
GO_REGULATION_OF_PYRUVATE_DEHYDROGENASE_ACTIVITY	-0.2952603718317502			
VETTER_TARGETS_OF_PRKCA_AND_ETS1_DN	-0.2952701618198274			
GSE17721_LPS_VS_GARDIQUIMOD_12H_BMDC_UP	-0.2952765244228922			
AMIT_EGF_RESPONSE_60_HELA	-0.2952813297439517			
GO_CYTOPLASMIC_SEQUESTERING_OF_PROTEIN	-0.2952821411090628			
KEGG_LYSOSOME	-0.2952889573726971			
GSE25087_TREG_VS_TCONV_FETUS_UP	-0.2952937396629446			
MIR548AJ_5P_MIR548G_5P_MIR548X_5P	-0.29529589997378164			
MIR1208	-0.29530136945919927			
GO_NEGATIVE_REGULATION_OF_INTERLEUKIN_2_PRODUCTION	-0.295319113095622			
IPA_DAXX_UP	-0.2953225412511789			
GO_POSITIVE_REGULATION_OF_INTERLEUKIN_10_PRODUCTION	-0.2953272431903845			
GO_CHONDROCYTE_DEVELOPMENT_INVOLVED_IN_ENDOCHONDRAL_BONE_MORPHOGENESIS	-0.29533644782818347			
GSE12505_WT_VS_E2_2_HET_PDC_DN	-0.295341688864959			
NICK_RESPONSE_TO_PROC_TREATMENT_DN	-0.2953506330931927			
GO_MAINTENANCE_OF_PROTEIN_LOCATION_IN_CELL	-0.2953520265279227			
GO_NEURON_CELL_CELL_ADHESION	-0.29535764968400613			
GO_POSITIVE_REGULATION_OF_CELL_CYCLE_G1_S_PHASE_TRANSITION	-0.2953832476332133			
GSE26343_WT_VS_NFAT5_KO_MACROPHAGE_LPS_STIM_DN	-0.2953916430478647			
GSE9960_HEALTHY_VS_GRAM_NEG_AND_POS_SEPSIS_PBMC_DN	-0.29540199949660545			
PLASARI_TGFB1_SIGNALING_VIA_NFIC_10HR_DN	-0.2954121270170951			
GSE3982_BCELL_VS_TH1_UP	-0.2954168780378572			
GSE2770_UNTREATED_VS_IL4_TREATED_ACT_CD4_TCELL_6H_UP	-0.29541871473134246			
MIR5186	-0.29542908424233366			
GO_POSITIVE_REGULATION_OF_ISOTYPE_SWITCHING_TO_IGA_ISOTYPES	-0.29543523065138044			
ZEILSTRA_CD44_TARGETS_UP	-0.29543569547363907			
GO_REGULATION_OF_GRANULOCYTE_DIFFERENTIATION	-0.295444148299165			
ACCAATC_MIR509	-0.2954564752566777			
IPA_NCOA1_DN	-0.2954573827595316			
GO_BONE_TRABECULA_MORPHOGENESIS	-0.2954740035031123			
GSE16266_LPS_VS_HEATSHOCK_AND_LPS_STIM_MEF_DN	-0.2954879771103726			
GO_REGULATION_OF_PENILE_ERECTION	-0.29549317312583806			
GO_NATURAL_KILLER_CELL_CHEMOTAXIS	-0.295493212119222			
GO_MHC_CLASS_II_BIOSYNTHETIC_PROCESS	-0.29549458299181464			
MIR26A_2_3P	-0.29550925258842076			
GSE15659_TREG_VS_TCONV_DN	-0.29552196673647746			
GSE19941_IL10_KO_VS_IL10_KO_AND_NFKBP50_KO_LPS_AND_IL10_STIM_MACROPHAGE_UP	-0.2955224843639195			
GO_MULTI_MULTICELLULAR_ORGANISM_PROCESS	-0.2955289755574509			
GSE9509_LPS_VS_LPS_AND_IL10_STIM_IL10_KO_MACROPHAGE_30MIN_DN	-0.2955297799226403			
GSE22886_NAIVE_VS_IGG_IGA_MEMORY_BCELL_UP	-0.2955317910039999			
GSE32986_UNSTIM_VS_GMCSF_AND_CURDLAN_LOWDOSE_STIM_DC_UP	-0.29554031949436677			
GSE7852_LN_VS_THYMUS_TCONV_UP	-0.29554268508550136			
GO_RESPONSE_TO_PEPTIDE	-0.29554906133159536			
GO_PROTEIN_TYROSINE_KINASE_BINDING	-0.2955499200427033			
RB_P107_DN.V1_UP	-0.2955568961406121			
MIR466	-0.29556187039735715			
BRUINS_UVC_RESPONSE_LATE	-0.29556858190794144			
GO_NEGATIVE_REGULATION_OF_ACTIN_FILAMENT_BUNDLE_ASSEMBLY	-0.2955736793220038			
MIR3135A	-0.2956045464966607			
GO_REGULATION_OF_MEGAKARYOCYTE_DIFFERENTIATION	-0.29560483623091255			
GO_REGULATION_OF_MONOCYTE_DIFFERENTIATION	-0.2956079602257148			
GO_HFE_TRANSFERRIN_RECEPTOR_COMPLEX	-0.29561186294548947			
GO_REGULATION_OF_TRANS_SYNAPTIC_SIGNALING	-0.29561321162429804			
GO_RENAL_CONTROL_OF_PERIPHERAL_VASCULAR_RESISTANCE_INVOLVED_IN_REGULATION_OF_SYSTEMIC_ARTERIAL_BLOOD_PRESSURE	-0.29561425216344156			
GO_STORE_OPERATED_CALCIUM_CHANNEL_ACTIVITY	-0.29563028048138273			
WANG_SMARCE1_TARGETS_UP	-0.2956348308138471			
SRF_Q6	-0.29564346986006507			
GRUETZMANN_PANCREATIC_CANCER_UP	-0.2956536763107886			
GO_CYTOLYSIS	-0.2957184414934589			
GSE7460_TCONV_VS_TREG_THYMUS_UP	-0.29572071430163244			
GO_ENDOCRINE_PROCESS	-0.295727269944117			
GGGCATT_MIR365	-0.295730810618761			
GSE360_L_DONOVANI_VS_B_MALAYI_HIGH_DOSE_MAC_UP	-0.29574144808441644			
MIR623	-0.2957439589966211			
GSE5589_UNSTIM_VS_180MIN_LPS_AND_IL10_STIM_MACROPHAGE_UP	-0.2957474322254992			
GSE2706_UNSTIM_VS_2H_LPS_DC_UP	-0.29576788047811087			
BROWNE_INTERFERON_RESPONSIVE_GENES	-0.2957693413419239			
GO_POSTTRANSLATIONAL_PROTEIN_TARGETING_TO_ENDOPLASMIC_RETICULUM_MEMBRANE	-0.2957916557035017			
GO_POSITIVE_REGULATION_OF_INTERLEUKIN_12_PRODUCTION	-0.2958093474311848			
GO_REGULATION_OF_SKELETAL_MUSCLE_FIBER_DEVELOPMENT	-0.29584357473152023			
JECHLINGER_EPITHELIAL_TO_MESENCHYMAL_TRANSITION_UP	-0.29584999731717915			
GSE25088_ROSIGLITAZONE_VS_IL4_AND_ROSIGLITAZONE_STIM_MACROPHAGE_DAY10_DN	-0.2958749417061584			
GO_REGULATION_OF_STORE_OPERATED_CALCIUM_CHANNEL_ACTIVITY	-0.2958763860067633			
LIU_VMYB_TARGETS_UP	-0.29587920838240733			
LET_7D_3P	-0.29588025492023873			
KRAS.300_UP.V1_UP	-0.2958929450955813			
IPA_GZF1_UP	-0.29593708786228545			
GO_POSITIVE_REGULATION_OF_SMOOTH_MUSCLE_CELL_MIGRATION	-0.29593806356614416			
GSE10240_CTRL_VS_IL17_STIM_PRIMARY_BRONCHIAL_EPITHELIAL_CELLS_DN	-0.29595391923691455			
MIR4798_3P	-0.2959554009128841			
GO_PHOSPHATIDYLINOSITOL_3_KINASE_ACTIVITY	-0.2959591380857544			
GSE46606_IRF4MID_VS_WT_CD40L_IL2_IL5_DAY3_STIMULATED_BCELL_DN	-0.2959734763981473			
GSE26928_CENTR_MEMORY_VS_CXCR5_POS_CD4_TCELL_UP	-0.29597581053648225			
GSE5589_IL6_KO_VS_IL10_KO_LPS_AND_IL10_STIM_MACROPHAGE_45MIN_DN	-0.29597837565782464			
WCTCNATGGY_UNKNOWN	-0.29599157498623296			
GSE339_CD4POS_VS_CD4CD8DN_DC_UP	-0.2959959170989378			
GO_REGULATION_OF_CELL_CHEMOTAXIS_TO_FIBROBLAST_GROWTH_FACTOR	-0.295995917877828			
GO_REGULATION_OF_SYSTEMIC_ARTERIAL_BLOOD_PRESSURE_BY_VASOPRESSIN	-0.29600130572032407			
GSE9509_LPS_VS_LPS_AND_IL10_STIM_IL10_KO_MACROPHAGE_10MIN_UP	-0.29600584564025745			
MIR1261	-0.2960115431298726			
LI_WILMS_TUMOR_VS_FETAL_KIDNEY_2_UP	-0.29601196119474893			
GAJATE_RESPONSE_TO_TRABECTEDIN_UP	-0.2960278872367126			
GSE23925_DARK_ZONE_VS_NAIVE_BCELL_DN	-0.29604342767897035			
GSE2405_0H_VS_9H_A_PHAGOCYTOPHILUM_STIM_NEUTROPHIL_UP	-0.2960455856351771			
GO_POSITIVE_REGULATION_OF_INTERFERON_BETA_PRODUCTION	-0.296048096402019			
MARTINEZ_RESPONSE_TO_TRABECTEDIN_UP	-0.2960703411862616			
GSE17721_POLYIC_VS_PAM3CSK4_4H_BMDC_UP	-0.29608755566266415			
GSE25088_WT_VS_STAT6_KO_MACROPHAGE_ROSIGLITAZONE_STIM_UP	-0.29608994205035977			
GSE29164_CD8_TCELL_VS_CD8_TCELL_AND_IL12_TREATED_MELANOMA_DAY3_UP	-0.29609759462608803			
GSE3982_EOSINOPHIL_VS_NEUTROPHIL_UP	-0.29610870236036746			
IPA_IRF4_UP	-0.2961090593041602			
REACTOME_ADP_SIGNALLING_THROUGH_P2Y_PURINOCEPTOR_1	-0.2961098661064683			
PARK_HSC_AND_MULTIPOTENT_PROGENITORS	-0.2961107597396664			
OSF2_Q6	-0.296120747791264			
GO_MOTOR_BEHAVIOR	-0.29613465433107017			
GO_REGULATION_OF_DEOXYRIBONUCLEASE_ACTIVITY	-0.2961351771311936			
GO_BASAL_CORTEX	-0.29613780904723364			
VALK_AML_CLUSTER_15	-0.29613932416284683			
YAO_TEMPORAL_RESPONSE_TO_PROGESTERONE_CLUSTER_3	-0.2961405054449175			
GO_NEGATIVE_REGULATION_OF_EXTRINSIC_APOPTOTIC_SIGNALING_PATHWAY_VIA_DEATH_DOMAIN_RECEPTORS	-0.29616597855560733			
NAGY_STAGA_COMPONENTS_HUMAN	-0.296169440873093			
IPA_HDAC5_UP	-0.2962035771436258			
GO_PEPTIDYL_TYROSINE_DEPHOSPHORYLATION_INVOLVED_IN_INACTIVATION_OF_PROTEIN_KINASE_ACTIVITY	-0.29621879819073904			
NIKOLSKY_BREAST_CANCER_19P13_AMPLICON	-0.2962320054529293			
GSE7460_CTRL_VS_FOXP3_OVEREXPR_TCONV_1_DN	-0.2962330250247594			
GO_REGULATION_OF_ISOTYPE_SWITCHING	-0.29624411485860463			
FUNG_IL2_TARGETS_WITH_STAT5_BINDING_SITES	-0.29628351901420763			
GSE26890_CXCR1_NEG_VS_POS_EFFECTOR_CD8_TCELL_UP	-0.2962939038037785			
GSE10240_IL17_VS_IL17_AND_IL22_STIM_PRIMARY_BRONCHIAL_EPITHELIAL_CELLS_UP	-0.2963032468249639			
GO_REGULATION_OF_SUPEROXIDE_METABOLIC_PROCESS	-0.29631327427932963			
MIR3160_5P	-0.2963152007077226			
GSE24634_NAIVE_CD4_TCELL_VS_DAY10_IL4_CONV_TREG_DN	-0.2963273857283811			
GO_POSITIVE_REGULATION_OF_TRANSPORT	-0.296357555724673			
GO_CELLULAR_RESPONSE_TO_CADMIUM_ION	-0.29638581620252946			
MIR4781_3P	-0.2963922780492279			
GO_T_CELL_PROLIFERATION_INVOLVED_IN_IMMUNE_RESPONSE	-0.29639707100271817			
GO_CELL_LEADING_EDGE	-0.29639917304194674			
GO_PLATELET_DENSE_GRANULE	-0.2964151128114472			
GO_REGULATION_OF_PROTEIN_BINDING	-0.2964244957938318			
GO_POSITIVE_REGULATION_OF_CYSTEINE_TYPE_ENDOPEPTIDASE_ACTIVITY_INVOLVED_IN_APOPTOTIC_SIGNALING_PATHWAY	-0.2964306413047391			
GO_CIRCULATORY_SYSTEM_DEVELOPMENT	-0.29643345314097924			
GSE13485_CTRL_VS_DAY1_YF17D_VACCINE_PBMC_UP	-0.2964417399945488			
GO_FOREBRAIN_NEURON_FATE_COMMITMENT	-0.29645537636632935			
GO_ER_MEMBRANE_INSERTION_COMPLEX	-0.29645971839311686			
NIKOLSKY_BREAST_CANCER_19Q13.1_AMPLICON	-0.29646483583904826			
GO_REGULATION_OF_SYNAPTIC_VESICLE_CYCLE	-0.296468338478542			
GO_RESPONSE_TO_MITOCHONDRIAL_DEPOLARISATION	-0.29647803563067504			
REACTOME_LATE_ENDOSOMAL_MICROAUTOPHAGY	-0.29648383111972093			
GO_REGULATION_OF_INTERLEUKIN_18_PRODUCTION	-0.2965122787118556			
GO_ENDOPEPTIDASE_ACTIVITY	-0.2965206768102698			
HERNANDEZ_ABERRANT_MITOSIS_BY_DOCETACEL_4NM_UP	-0.29652296829878017			
IPA_TBX5_UP	-0.29652416218704347			
GSE23502_BM_VS_COLON_TUMOR_HDC_KO_MYELOID_DERIVED_SUPPRESSOR_CELL_DN	-0.2965361257001278			
MARKEY_RB1_CHRONIC_LOF_DN	-0.29653734652355396			
GO_LATE_ENDOSOME	-0.29653836405511236			
GSE13484_UNSTIM_VS_12H_YF17D_VACCINE_STIM_PBMC_UP	-0.2965400720296085			
GO_PROTEOGLYCAN_METABOLIC_PROCESS	-0.2965433509074469			
MIR3913_3P	-0.29655540085244314			
chr2q31	-0.296557845394258			
GSE17721_0.5H_VS_12H_PAM3CSK4_BMDC_DN	-0.29656874024404717			
GSE13306_TREG_VS_TCONV_SPLEEN_DN	-0.29656986124872076			
KEGG_PATHOGENIC_ESCHERICHIA_COLI_INFECTION	-0.29657126111744214			
GO_ASTROCYTE_CELL_MIGRATION	-0.2965716501342532			
SU_PANCREAS	-0.29657735614368297			
MIR7158_5P	-0.29660396337891143			
AML_Q6	-0.2966718997691195			
GSE17721_CTRL_VS_PAM3CSK4_6H_BMDC_DN	-0.2966771111050236			
GO_PROTEIN_GLUTAMINE_GAMMA_GLUTAMYLTRANSFERASE_ACTIVITY	-0.2966776250364189			
GO_DNA_CYTOSINE_DEAMINATION	-0.2966788578319473			
WAKABAYASHI_ADIPOGENESIS_PPARG_RXRA_BOUND_36HR	-0.2966946225427438			
GO_CD40_RECEPTOR_COMPLEX	-0.29670037369074204			
GSE42021_CD24HI_VS_CD24INT_TCONV_THYMUS_DN	-0.29675521178951353			
GO_NEGATIVE_REGULATION_OF_HUMORAL_IMMUNE_RESPONSE_MEDIATED_BY_CIRCULATING_IMMUNOGLOBULIN	-0.29676833781350054			
GO_POLYSOME_BINDING	-0.2967912801487648			
IPA_CREBBP_DN	-0.29679314765458703			
GO_MODIFICATION_BY_SYMBIONT_OF_HOST_MORPHOLOGY_OR_PHYSIOLOGY	-0.2968242016383614			
GO_NEGATIVE_REGULATION_OF_MYOSIN_LIGHT_CHAIN_PHOSPHATASE_ACTIVITY	-0.2968546962069008			
GO_LIPOPOLYSACCHARIDE_RECEPTOR_COMPLEX	-0.2968641928164489			
GO_RS_DOMAIN_BINDING	-0.2968711397318286			
GO_NEGATIVE_REGULATION_OF_MACROPHAGE_CHEMOTAXIS	-0.2968772379754447			
GO_PATHWAY_RESTRICTED_SMAD_PROTEIN_PHOSPHORYLATION	-0.29688236663915835			
GO_POSITIVE_REGULATION_OF_TRANSFORMING_GROWTH_FACTOR_BETA_PRODUCTION	-0.29688917042316104			
GRANDVAUX_IFN_RESPONSE_NOT_VIA_IRF3	-0.29688931539463886			
XU_HGF_TARGETS_INDUCED_BY_AKT1_48HR_UP	-0.29689036911338174			
GO_CARDIAC_ATRIUM_DEVELOPMENT	-0.29689851538605916			
GSE14415_NATURAL_TREG_VS_TCONV_DN	-0.2969005718715773			
GO_NEGATIVE_REGULATION_OF_RESPONSE_TO_CYTOKINE_STIMULUS	-0.29691801988275607			
GO_PEPTIDYL_TYROSINE_DEPHOSPHORYLATION	-0.29693980683980853			
KAYO_CALORIE_RESTRICTION_MUSCLE_UP	-0.2969405986567067			
MIR367_5P	-0.2969425105818115			
GSE17721_CPG_VS_GARDIQUIMOD_24H_BMDC_UP	-0.2969447975192991			
GO_STRIATED_MUSCLE_CELL_PROLIFERATION	-0.2969591571951297			
GSE17721_CTRL_VS_PAM3CSK4_1H_BMDC_DN	-0.2969779711310084			
MIR1229_5P	-0.2969794564127909			
GO_NEGATIVE_REGULATION_OF_CHEMOTAXIS	-0.2969987446697958			
GO_REGULATION_OF_PROTEOLYSIS	-0.2970114037139201			
GO_REGULATION_OF_URINE_VOLUME	-0.29703217473924914			
GO_REGULATION_OF_CELL_SUBSTRATE_JUNCTION_ASSEMBLY	-0.2970392101223819			
GO_REGULATION_OF_UNSATURATED_FATTY_ACID_BIOSYNTHETIC_PROCESS	-0.29704567250783215			
GO_MATERNAL_PROCESS_INVOLVED_IN_FEMALE_PREGNANCY	-0.2970514509089545			
GO_G_PROTEIN_COUPLED_GLUTAMATE_RECEPTOR_BINDING	-0.2970562388617383			
GSE3982_BASOPHIL_VS_TH1_UP	-0.29705821613030614			
GO_ARP2_3_COMPLEX_MEDIATED_ACTIN_NUCLEATION	-0.2970617732765435			
GO_HYALURONAN_METABOLIC_PROCESS	-0.2970769297635784			
REACTOME_RESPONSE_OF_MTB_TO_PHAGOCYTOSIS	-0.2971073772352133			
GO_REGULATION_OF_DNA_TOPOISOMERASE_ATP_HYDROLYZING_ACTIVITY	-0.2971145847271537			
GSE21670_TGFB_VS_TGFB_AND_IL6_TREATED_CD4_TCELL_UP	-0.2971268813187254			
LU_TUMOR_ANGIOGENESIS_UP	-0.2971302482067789			
HOLLEMAN_VINCRISTINE_RESISTANCE_B_ALL_UP	-0.29714150010968887			
GSE3982_DC_VS_BASOPHIL_UP	-0.29715612247077			
JNK_DN.V1_UP	-0.2971575414591296			
ZNF165_TARGET_GENES	-0.2971632342559303			
GSE17721_LPS_VS_CPG_1H_BMDC_DN	-0.29717156849331644			
IPA_ATF6_DN	-0.2972069050742525			
GSE32986_UNSTIM_VS_GMCSF_STIM_DC_DN	-0.29720702254888265			
GSE17721_0.5H_VS_4H_POLYIC_BMDC_DN	-0.29721094641202217			
MIR518C_5P	-0.29721094917260343			
COLIN_PILOCYTIC_ASTROCYTOMA_VS_GLIOBLASTOMA_DN	-0.2972171557978984			
GO_REGULATION_OF_GAMMA_DELTA_T_CELL_ACTIVATION	-0.2972190468557464			
GSE40274_CTRL_VS_HELIOS_TRANSDUCED_ACTIVATED_CD4_TCELL_UP	-0.2972249466648207			
REACTOME_ASSEMBLY_OF_COLLAGEN_FIBRILS_AND_OTHER_MULTIMERIC_STRUCTURES	-0.2972446672895478			
GSE34205_HEALTHY_VS_FLU_INF_INFANT_PBMC_UP	-0.29724758408190577			
GO_REGULATION_OF_NEUROTRANSMITTER_UPTAKE	-0.2972530321307412			
GO_EXTRACELLULAR_MATRIX_BINDING	-0.29727514790203285			
GSE2770_UNTREATED_VS_ACT_CD4_TCELL_48H_DN	-0.2972751809764208			
GSE41087_WT_VS_FOXP3_MUT_ANTI_CD3_CD28_STIM_CD4_TCELL_DN	-0.2972949106743971			
GSE6269_E_COLI_VS_STREP_PNEUMO_INF_PBMC_DN	-0.29729746380424127			
GO_DEATH_INDUCING_SIGNALING_COMPLEX_ASSEMBLY	-0.29730042480979224			
GO_REGULATION_OF_RIBONUCLEASE_ACTIVITY	-0.29730410161723037			
GSE557_WT_VS_CIITA_KO_DC_DN	-0.29731163771842517			
GSE5589_WT_VS_IL10_KO_LPS_STIM_MACROPHAGE_45MIN_UP	-0.2973148669756216			
GO_NEGATIVE_REGULATION_OF_ION_TRANSPORT	-0.29733552525017454			
REACTOME_DEX_H_BOX_HELICASES_ACTIVATE_TYPE_I_IFN_AND_INFLAMMATORY_CYTOKINES_PRODUCTION	-0.2973444419456125			
GO_EXTRACELLULAR_MATRIX_STRUCTURAL_CONSTITUENT_CONFERRING_TENSILE_STRENGTH	-0.29736074298005205			
GO_NEGATIVE_REGULATION_OF_LEUKOCYTE_CHEMOTAXIS	-0.29736078691456935			
GO_PHOSPHATIDYLINOSITOL_3_KINASE_COMPLEX	-0.2973638503912482			
PID_IL3_PATHWAY	-0.2973699446201717			
GO_RESPONSE_TO_TUMOR_CELL	-0.2973952186961495			
MIR643	-0.2973979247266419			
REACTOME_ERYTHROPOIETIN_ACTIVATES_PHOSPHOINOSITIDE_3_KINASE_PI3K	-0.2973992836080962			
HAN_JNK_SINGALING_UP	-0.29740520259757464			
IPA_LMO1_UP	-0.29740567220066333			
IPA_OLIG2_UP	-0.29740567220066333			
GO_POSITIVE_REGULATION_OF_GLIOGENESIS	-0.2974105840261538			
GSE21927_SPLEEN_VS_C26GM_TUMOR_MONOCYTE_BALBC_UP	-0.2974114462367376			
GO_PHAGOSOME_MATURATION	-0.29742020964374793			
GSE13485_DAY7_VS_DAY21_YF17D_VACCINE_PBMC_UP	-0.29742282240933554			
IRF1_Q6	-0.2974268164881876			
GSE40666_STAT1_KO_VS_STAT4_KO_CD8_TCELL_UP	-0.29743076627404336			
MIR8058	-0.29743300869129535			
LAIHO_COLORECTAL_CANCER_SERRATED_UP	-0.29743829542292777			
GO_IMMUNOLOGICAL_MEMORY_PROCESS	-0.2974389988587494			
GSE2585_THYMIC_MACROPHAGE_VS_MTEC_UP	-0.29744893614586254			
GSE28737_BCL6_HET_VS_BCL6_KO_FOLLICULAR_BCELL_DN	-0.29745074569510127			
DACOSTA_LOW_DOSE_UV_RESPONSE_VIA_ERCC3_XPCS_UP	-0.2974770668675606			
GO_REGULATION_OF_NUCLEAR_CELL_CYCLE_DNA_REPLICATION	-0.2974775269557223			
GSE21927_SPLEEN_MONOCYTE_VS_GMCSF_GCSF_BONE_MARROW_DN	-0.29752299340121763			
GSE7596_AKT_TRANSD_VS_CTRL_CD4_TCONV_WITH_TGFB_UP	-0.29753205327048415			
GSE22886_NAIVE_CD8_TCELL_VS_DC_DN	-0.2975377934408942			
GSE26030_UNSTIM_VS_RESTIM_TH1_DAY5_POST_POLARIZATION_UP	-0.29754770090961125			
GSE37605_TREG_VS_TCONV_C57BL6_FOXP3_FUSION_GFP_UP	-0.2975573094554966			
LET_7I_5P	-0.2975589699001346			
MIR498_3P	-0.2975637125050023			
GO_REGULATION_OF_PROTEIN_CATABOLIC_PROCESS	-0.29756374805607533			
GSE17721_PAM3CSK4_VS_GADIQUIMOD_1H_BMDC_UP	-0.2975781985354442			
MIR4474_5P	-0.2975801422396227			
GO_MUSCLE_ADAPTATION	-0.2975951259941455			
GO_POSITIVE_REGULATION_OF_ISOTYPE_SWITCHING_TO_IGG_ISOTYPES	-0.2976174153062651			
GSE39022_LN_VS_SPLEEN_DC_UP	-0.2976522516877106			
REACTOME_CROSS_PRESENTATION_OF_PARTICULATE_EXOGENOUS_ANTIGENS_PHAGOSOMES	-0.2976575842467739			
GSE17301_IFNA2_VS_IFNA5_STIM_ACD3_ACD28_ACT_CD8_TCELL_UP	-0.2976599883706349			
GO_PEPTIDE_HORMONE_RECEPTOR_BINDING	-0.29766209758889733			
GO_NEGATIVE_REGULATION_OF_MITOCHONDRIAL_FUSION	-0.2977348281159405			
GO_TRANSPOSITION	-0.297747389215466			
GSE17721_CPG_VS_GARDIQUIMOD_2H_BMDC_UP	-0.2977679654435629			
GO_NEGATIVE_REGULATION_OF_PLATELET_ACTIVATION	-0.29776973500889936			
GO_ESTABLISHMENT_OF_MEIOTIC_SPINDLE_LOCALIZATION	-0.297783933030902			
GO_PROTEIN_DE_ADP_RIBOSYLATION	-0.29778812013696954			
GSE13547_2H_VS_12_H_ANTI_IGM_STIM_ZFX_KO_BCELL_UP	-0.29780210610817004			
GSE18804_SPLEEN_MACROPHAGE_VS_BRAIN_TUMORAL_MACROPHAGE_UP	-0.29781772680519203			
GSE11864_UNTREATED_VS_CSF1_PAM3CYS_IN_MAC_UP	-0.2978186230578821			
GSE10240_CTRL_VS_IL22_STIM_PRIMARY_BRONCHIAL_EPITHELIAL_CELLS_UP	-0.29783256673390496			
ROVERSI_GLIOMA_COPY_NUMBER_DN	-0.29784276425381195			
IPA_SIRT1_UP	-0.2978477850554136			
GSE2405_HEAT_KILLED_LYSATE_VS_LIVE_A_PHAGOCYTOPHILUM_STIM_NEUTROPHIL_9H_DN	-0.29787840407117294			
HESSON_TUMOR_SUPPRESSOR_CLUSTER_3P21_3	-0.29788126492961636			
GROSS_ELK3_TARGETS_DN	-0.2978924042668123			
GO_TRANSFORMING_GROWTH_FACTOR_BETA1_PRODUCTION	-0.29790971169497804			
GO_POSITIVE_REGULATION_OF_CALCIUM_ION_TRANSPORT_INTO_CYTOSOL	-0.2979187268329652			
GSE3982_DC_VS_TH1_DN	-0.29791896033130216			
GSE28237_EARLY_VS_LATE_GC_BCELL_DN	-0.297920458706109			
GSE34006_A2AR_KO_VS_A2AR_AGONIST_TREATED_TREG_UP	-0.2979210038960243			
RASHI_RESPONSE_TO_IONIZING_RADIATION_6	-0.2979242988914835			
GSE29618_PRE_VS_DAY7_POST_LAIV_FLU_VACCINE_MDC_UP	-0.2979402515542001			
GO_EMBRYONIC_VISCEROCRANIUM_MORPHOGENESIS	-0.29795773811061205			
GSE5542_IFNG_VS_IFNA_TREATED_EPITHELIAL_CELLS_24H_DN	-0.2979704895964553			
MIR6755_5P	-0.2979724073681496			
GSE13411_NAIVE_VS_IGM_MEMORY_BCELL_UP	-0.29797302088822175			
GO_L_ASCORBIC_ACID_BINDING	-0.29797510040009084			
GSE21774_CD56_BRIGHT_VS_DIM_CD62L_POSITIVE_NK_CELL_UP	-0.29798971544525			
LIU_BREAST_CANCER	-0.29799014531529333			
GSE5589_WT_VS_IL6_KO_LPS_STIM_MACROPHAGE_45MIN_UP	-0.29799083727711256			
GO_CARDIAC_CHAMBER_FORMATION	-0.2979915908770369			
GSE6269_HEALTHY_VS_E_COLI_INF_PBMC_UP	-0.29799560592121027			
GSE40273_XBP1_KO_VS_WT_TREG_UP	-0.29800331600395835			
GO_REGULATION_OF_ANGIOTENSIN_LEVELS_IN_BLOOD	-0.29801222728362153			
GSE339_EX_VIVO_VS_IN_CULTURE_CD8POS_DC_DN	-0.29802266941507255			
BOHN_PRIMARY_IMMUNODEFICIENCY_SYNDROM_DN	-0.2980275014956132			
LET_7G_5P	-0.29804107812292335			
GSE24634_IL4_VS_CTRL_TREATED_NAIVE_CD4_TCELL_DAY5_UP	-0.2980534127882359			
GO_NEGATIVE_REGULATION_OF_VASCULAR_SMOOTH_MUSCLE_CELL_PROLIFERATION	-0.29807251011197033			
GCM_Q2	-0.2980742661269732			
GSE29618_LAIV_VS_TIV_FLU_VACCINE_DAY7_PDC_UP	-0.2980767319438742			
UZONYI_RESPONSE_TO_LEUKOTRIENE_AND_THROMBIN	-0.29807763884157423			
GSE22935_UNSTIM_VS_24H_MBOVIS_BCG_STIM_MACROPHAGE_DN	-0.2980856685510944			
TTANTCA_UNKNOWN	-0.29809025247659077			
GO_POSITIVE_REGULATION_OF_GTPASE_ACTIVITY	-0.298091564214422			
REACTOME_COPI_DEPENDENT_GOLGI_TO_ER_RETROGRADE_TRAFFIC	-0.29809872330210213			
BERENJENO_TRANSFORMED_BY_RHOA_FOREVER_UP	-0.29812121838626815			
SAKAI_CHRONIC_HEPATITIS_VS_LIVER_CANCER_UP	-0.2981298506525472			
GSE15324_NAIVE_VS_ACTIVATED_ELF4_KO_CD8_TCELL_UP	-0.29813516316850863			
GO_REGULATION_OF_SYSTEMIC_ARTERIAL_BLOOD_PRESSURE_BY_RENIN_ANGIOTENSIN	-0.29814974257022064			
GSE43863_TH1_VS_LY6C_INT_CXCR5POS_EFFECTOR_CD4_TCELL_DN	-0.2981510073483186			
IPA_SIM1_UP	-0.29815523751515716			
GO_MICROTUBULE_ANCHORING_AT_MICROTUBULE_ORGANIZING_CENTER	-0.29816230873927213			
REACTOME_CARGO_CONCENTRATION_IN_THE_ER	-0.2981672499306358			
REACTOME_INTERLEUKIN_6_FAMILY_SIGNALING	-0.2981731524563701			
GSE41978_WT_VS_ID2_KO_AND_BIM_KO_KLRG1_LOW_EFFECTOR_CD8_TCELL_DN	-0.298185534924011			
MIR6867_5P	-0.29819498703738373			
GO_FIBROBLAST_MIGRATION	-0.2981997172848373			
IPA_SP3_UP	-0.29820202145291447			
GSE17721_LPS_VS_PAM3CSK4_16H_BMDC_DN	-0.2982050688966336			
GSE2128_C57BL6_VS_NOD_THYMOCYTE_MIMETOPE_NEGATIVE_SELECTION_DN	-0.2982082915154636			
GSE17974_0H_VS_72H_IN_VITRO_ACT_CD4_TCELL_UP	-0.2982528316594582			
GO_CELL_REDOX_HOMEOSTASIS	-0.2982829730196924			
IPA_MYOD1_DN	-0.29828554799899587			
GO_MACROMOLECULE_CATABOLIC_PROCESS	-0.2982929276024814			
GO_OVARIAN_FOLLICLE_DEVELOPMENT	-0.2983028978435616			
GSE43863_NAIVE_VS_LY6C_LOW_CXCR5NEG_CD4_EFF_TCELL_D6_LCMV_UP	-0.2983260754788133			
GO_REGULATION_OF_SYNAPTIC_VESICLE_CLUSTERING	-0.2983272545223595			
GSE22589_HIV_VS_HIV_AND_SIV_INFECTED_DC_UP	-0.2983296923315886			
GO_DETECTION_OF_MECHANICAL_STIMULUS	-0.2983317990444483			
GO_OXALATE_TRANSPORT	-0.29835237188651403			
MIR4435	-0.29836088337888			
GO_G_PROTEIN_COUPLED_RECEPTOR_INTERNALIZATION	-0.29836483747739845			
CHIARADONNA_NEOPLASTIC_TRANSFORMATION_KRAS_CDC25_UP	-0.2983729775234956			
IPA_STAT5A_DN	-0.2983741297316504			
MIR1270	-0.29837703239051544			
GSE37336_LY6C_POS_VS_NEG_NAIVE_CD4_TCELL_UP	-0.2983900760312512			
BIOCARTA_MET_PATHWAY	-0.29841039418166543			
GO_BASEMENT_MEMBRANE_ORGANIZATION	-0.2984165072393689			
GO_NEGATIVE_REGULATION_OF_CELL_DEATH	-0.2984307413073184			
GO_REGULATION_OF_APOPTOTIC_PROCESS_INVOLVED_IN_DEVELOPMENT	-0.29843145779105706			
REACTOME_PRESYNAPTIC_FUNCTION_OF_KAINATE_RECEPTORS	-0.29843509611159774			
GO_CHONDROCYTE_DIFFERENTIATION	-0.2984372685522915			
PID_CASPASE_PATHWAY	-0.2984433545832942			
WIEDERSCHAIN_TARGETS_OF_BMI1_AND_PCGF2	-0.2984532328626034			
TOOKER_GEMCITABINE_RESISTANCE_DN	-0.29846275319306853			
GSE37301_COMMON_LYMPHOID_PROGENITOR_VS_CD4_TCELL_DN	-0.2984904562553045			
GO_REGULATION_OF_MACROPHAGE_DIFFERENTIATION	-0.29850845313414587			
SIPA1_TARGET_GENES	-0.2985137873542097			
ZHAN_MULTIPLE_MYELOMA_CD1_AND_CD2_DN	-0.29851915943405166			
GO_PHOSPHATIDYLINOSITOL_BISPHOSPHATE_KINASE_ACTIVITY	-0.29852971231684083			
GILDEA_METASTASIS	-0.2985326813310911			
GO_FIBRILLAR_COLLAGEN_TRIMER	-0.2985624139861381			
GO_NEGATIVE_REGULATION_OF_LIPID_STORAGE	-0.29857379246210636			
GSE14308_NAIVE_CD4_TCELL_VS_NATURAL_TREG_DN	-0.29858355295441114			
WAGSCHAL_EHMT2_TARGETS_UP	-0.2985875224835719			
GSE43863_DAY6_EFF_VS_DAY150_MEM_LY6C_INT_CXCR5POS_CD4_TCELL_UP	-0.2986050400326903			
WANG_MLL_TARGETS	-0.29861010957985346			
GSE11864_UNTREATED_VS_CSF1_IFNG_IN_MAC_DN	-0.29861356986776005			
GO_REGULATION_OF_PHOSPHATASE_ACTIVITY	-0.29861846305860335			
GO_POSITIVE_REGULATION_OF_NIK_NF_KAPPAB_SIGNALING	-0.29861866905059337			
GSE5589_LPS_VS_LPS_AND_IL6_STIM_IL6_KO_MACROPHAGE_45MIN_DN	-0.29862236794311725			
ZHAN_MULTIPLE_MYELOMA_CD1_VS_CD2_UP	-0.29862257697184585			
MIR550A_3P	-0.2986294141133197			
HOXC11_TARGET_GENES	-0.29863483178868966			
PID_INTEGRIN_A4B1_PATHWAY	-0.29863882207869796			
GO_BCL_2_FAMILY_PROTEIN_COMPLEX	-0.2986400305991387			
PID_SYNDECAN_4_PATHWAY	-0.29864234875677376			
KIM_LIVER_CANCER_POOR_SURVIVAL_UP	-0.298668647101262			
GSE39820_CTRL_VS_TGFBETA1_IL6_IL23A_CD4_TCELL_DN	-0.2986848506758089			
GSE13485_DAY1_VS_DAY7_YF17D_VACCINE_PBMC_DN	-0.29868784665870207			
GSE411_WT_VS_SOCS3_KO_MACROPHAGE_IL6_STIM_100MIN_UP	-0.29869536685430986			
REACTOME_OPSINS	-0.29870018102130663			
GO_MHC_CLASS_IB_PROTEIN_BINDING	-0.29871827612822804			
GO_NEGATIVE_REGULATION_OF_OXIDATIVE_STRESS_INDUCED_NEURON_INTRINSIC_APOPTOTIC_SIGNALING_PATHWAY	-0.29875244768517856			
FIGUEROA_AML_METHYLATION_CLUSTER_6_DN	-0.2987575743982486			
GO_EXTRACELLULAR_MATRIX_ASSEMBLY	-0.2987655719124589			
GO_INTEGRIN_BINDING	-0.298781873038101			
GSE32986_GMCSF_VS_GMCSF_AND_CURDLAN_HIGHDOSE_STIM_DC_DN	-0.2987923924195084			
GO_POSITIVE_REGULATION_OF_SMOOTHENED_SIGNALING_PATHWAY	-0.2988154357173142			
PID_HDAC_CLASSII_PATHWAY	-0.29884304483261104			
GO_POSITIVE_REGULATION_OF_BIOMINERALIZATION	-0.2988441864135735			
GO_NEGATIVE_REGULATION_OF_NITRIC_OXIDE_SYNTHASE_ACTIVITY	-0.2988521264092046			
KYNG_DNA_DAMAGE_BY_4NQO_OR_GAMMA_RADIATION	-0.29885468766893447			
IPA_SOX5_DN	-0.2988559276954249			
GSE13522_WT_VS_IFNG_KO_SKING_T_CRUZI_Y_STRAIN_INF_DN	-0.2988576770036815			
GO_CARTILAGE_DEVELOPMENT_INVOLVED_IN_ENDOCHONDRAL_BONE_MORPHOGENESIS	-0.298871132181359			
GSE6259_BCELL_VS_CD8_TCELL_DN	-0.298878956847052			
GO_MHC_CLASS_I_PROTEIN_COMPLEX	-0.29889731761895755			
GSE13887_RESTING_VS_ACT_CD4_TCELL_DN	-0.2989140340475814			
HALLMARK_ANGIOGENESIS	-0.298917769441473			
DAZARD_RESPONSE_TO_UV_NHEK_UP	-0.29893957572920443			
GO_ESTABLISHMENT_OF_ORGANELLE_LOCALIZATION	-0.29896883658330575			
GO_TRANSFORMING_GROWTH_FACTOR_BETA_RECEPTOR_SIGNALING_PATHWAY	-0.29899227977125553			
GSE2826_WT_VS_BTK_KO_BCELL_DN	-0.29899313938605654			
GSE360_L_DONOVANI_VS_B_MALAYI_LOW_DOSE_DC_UP	-0.29899735526093724			
GO_NEGATIVE_REGULATION_OF_MAP_KINASE_ACTIVITY	-0.2990034719613279			
MIR489_3P	-0.2990308484935074			
GO_ADENOSINE_METABOLIC_PROCESS	-0.29903411628136206			
GO_NUCLEOSIDE_MONOPHOSPHATE_CATABOLIC_PROCESS	-0.29903677816599694			
GO_NEGATIVE_REGULATION_OF_CELLULAR_COMPONENT_ORGANIZATION	-0.2990654469191845			
MIR6845_3P	-0.2990740906083064			
GSE3982_MEMORY_CD4_TCELL_VS_TH2_UP	-0.29907620762883597			
FIRESTEIN_PROLIFERATION	-0.299121454569859			
REACTOME_INTERLEUKIN_RECEPTOR_SHC_SIGNALING	-0.29912478604390974			
HARRIS_HYPOXIA	-0.29913207643227663			
GO_RESPONSE_TO_INTERLEUKIN_3	-0.2991389530806706			
MIR24_1_5P_MIR24_2_5P	-0.29914378008408343			
GSE30971_CTRL_VS_LPS_STIM_MACROPHAGE_WBP7_HET_4H_UP	-0.2991804674235107			
REACTOME_SIGNALING_BY_MODERATE_KINASE_ACTIVITY_BRAF_MUTANTS	-0.29918190635231223			
REACTOME_CD28_DEPENDENT_VAV1_PATHWAY	-0.2991901481676293			
TAAWWATAG_RSRFC4_Q2	-0.2991934136338942			
GO_QUATERNARY_AMMONIUM_GROUP_BINDING	-0.29919392154235164			
GSE40274_IRF4_VS_FOXP3_AND_IRF4_TRANSDUCED_ACTIVATED_CD4_TCELL_UP	-0.2991977299602189			
MATZUK_MEIOTIC_AND_DNA_REPAIR	-0.2992155248429519			
GSE9878_CTRL_VS_EBF_TRANSDUCED_PAX5_KO_PRO_BCELL_UP	-0.29921947748784217			
GSE45739_NRAS_KO_VS_WT_UNSTIM_CD4_TCELL_DN	-0.29922113602035205			
GSE2770_TGFB_AND_IL4_ACT_VS_ACT_CD4_TCELL_2H_UP	-0.29922536698987917			
GSE7852_LN_VS_FAT_TREG_UP	-0.29923967135978474			
GO_INVADOPODIUM_MEMBRANE	-0.29924157410062296			
GO_MUSCLE_ALPHA_ACTININ_BINDING	-0.299253337475807			
GO_RETINA_VASCULATURE_MORPHOGENESIS_IN_CAMERA_TYPE_EYE	-0.29925492783678603			
PURBEY_TARGETS_OF_CTBP1_NOT_SATB1_UP	-0.29926129697850595			
GSE45365_NK_CELL_VS_CD8A_DC_MCMV_INFECTION_UP	-0.299284901883246			
GSE22935_UNSTIM_VS_24H_MBOVIS_BCG_STIM_MYD88_KO_MACROPHAGE_UP	-0.2992853441514132			
ATTACAT_MIR3803P	-0.29929021763059194			
GSE6259_FLT3L_INDUCED_DEC205_POS_DC_VS_CD8_TCELL_UP	-0.29929476574343505			
LIANG_SILENCED_BY_METHYLATION_2	-0.299300318864857			
GO_NEGATIVE_REGULATION_OF_VIRAL_LIFE_CYCLE	-0.2993010849260726			
MIKKELSEN_MCV6_ICP_WITH_H3K27ME3	-0.29932236157437936			
GSE33292_DN3_THYMOCYTE_VS_TCELL_LYMPHOMA_FROM_TCF1_KO_DN	-0.2993373072326029			
LE_SKI_TARGETS_UP	-0.2993555378407447			
ONO_FOXP3_TARGETS_UP	-0.29936810902164257			
WGTTNNNNNAAA_UNKNOWN	-0.2993765957188911			
YAO_TEMPORAL_RESPONSE_TO_PROGESTERONE_CLUSTER_16	-0.2994136384898441			
BOYAULT_LIVER_CANCER_SUBCLASS_G56_DN	-0.2994228559518864			
GO_MULTI_ORGANISM_REPRODUCTIVE_PROCESS	-0.2994253042570196			
GO_NEGATIVE_REGULATION_OF_PEPTIDASE_ACTIVITY	-0.299440308846027			
PETROVA_ENDOTHELIUM_LYMPHATIC_VS_BLOOD_DN	-0.29944222915322444			
GSE24972_WT_VS_IRF8_KO_MARGINAL_ZONE_SPLEEN_BCELL_UP	-0.2994445913593222			
IPA_XRCC6_DN	-0.2994507651942709			
GSE360_L_DONOVANI_VS_B_MALAYI_LOW_DOSE_DC_DN	-0.2994734538845678			
GO_REGULATION_OF_B_CELL_DIFFERENTIATION	-0.2994780946013587			
GSE23114_WT_VS_SLE2C1_MOUSE_PERITONEAL_CAVITY_B1A_BCELL_UP	-0.2994782768012076			
GO_PERICILIARY_MEMBRANE_COMPARTMENT	-0.2994905045223114			
SNIJDERS_AMPLIFIED_IN_HEAD_AND_NECK_TUMORS	-0.2994940351752288			
GSE46606_IRF4MID_VS_WT_CD40L_IL2_IL5_DAY3_STIMULATED_BCELL_UP	-0.29950662012452633			
GO_REGULATION_OF_STRESS_ACTIVATED_PROTEIN_KINASE_SIGNALING_CASCADE	-0.29954362279978525			
MILI_PSEUDOPODIA	-0.29955668196829455			
MANALO_HYPOXIA_UP	-0.2995655260515666			
GSE17721_PAM3CSK4_VS_GADIQUIMOD_16H_BMDC_UP	-0.29957230194746715			
SMIRNOV_RESPONSE_TO_IR_2HR_UP	-0.29960429956876194			
GSE2405_0H_VS_1.5H_A_PHAGOCYTOPHILUM_STIM_NEUTROPHIL_DN	-0.29961783849437196			
WESTON_VEGFA_TARGETS_6HR	-0.2996258009889301			
NAKAMURA_ALVEOLAR_EPITHELIUM	-0.2996282226160803			
GO_COLLAGEN_RECEPTOR_ACTIVITY	-0.29964337324918144			
GO_BASEMENT_MEMBRANE	-0.2996451579797618			
MIR5684	-0.29965094517606006			
GSE11864_UNTREATED_VS_CSF1_IFNG_PAM3CYS_IN_MAC_UP	-0.2996589974676946			
GO_POSITIVE_REGULATION_OF_CELL_DEATH	-0.2996722186002203			
GO_CAVEOLA	-0.2996993517418995			
AP1_Q6	-0.29973595150999416			
IPA_SMAD7_DN	-0.2997591388320951			
GO_FIBRONECTIN_BINDING	-0.2997598566244638			
IPA_FOXP3_DN	-0.29978126993170456			
TBK1.DF_UP	-0.2997855895273803			
GSE22025_TGFB1_VS_TGFB1_AND_PROGESTERONE_TREATED_CD4_TCELL_DN	-0.29978860923216655			
GO_NEGATIVE_REGULATION_OF_NITRIC_OXIDE_METABOLIC_PROCESS	-0.2997897399270573			
GSE2770_IL12_VS_TGFB_AND_IL12_TREATED_ACT_CD4_TCELL_48H_UP	-0.2997916347504035			
GSE360_T_GONDII_VS_B_MALAYI_HIGH_DOSE_MAC_DN	-0.29980077470796			
GSE17974_IL4_AND_ANTI_IL12_VS_UNTREATED_12H_ACT_CD4_TCELL_UP	-0.2998089387973701			
GSE24634_TREG_VS_TCONV_POST_DAY10_IL4_CONVERSION_DN	-0.2998108814787515			
GO_REGULATION_OF_AUTOPHAGOSOME_MATURATION	-0.29981183261957145			
GSE3982_CENT_MEMORY_CD4_TCELL_VS_TH1_UP	-0.2998138307464783			
GO_NEGATIVE_REGULATION_OF_NECROTIC_CELL_DEATH	-0.2998405204275321			
GSE3920_UNTREATED_VS_IFNB_TREATED_ENDOTHELIAL_CELL_DN	-0.2998406753930471			
REACTOME_TICAM1_DEPENDENT_ACTIVATION_OF_IRF3_IRF7	-0.29984097228012935			
GO_REGULATION_OF_T_CELL_APOPTOTIC_PROCESS	-0.29984248254235457			
GSE7400_CTRL_VS_CSF3_IN_VIVO_TREATED_PBMC_DN	-0.29984815795654296			
GSE14308_TH2_VS_TH17_DN	-0.2998509425699388			
REACTOME_FACTORS_INVOLVED_IN_MEGAKARYOCYTE_DEVELOPMENT_AND_PLATELET_PRODUCTION	-0.2998536375985378			
MIR4487	-0.2998538557240743			
REACTOME_TRANSCRIPTIONAL_REGULATION_OF_GRANULOPOIESIS	-0.2998541048139575			
REACTOME_STING_MEDIATED_INDUCTION_OF_HOST_IMMUNE_RESPONSES	-0.29985748950559565			
LIAO_HAVE_SOX4_BINDING_SITES	-0.2998664636568332			
REACTOME_G_ALPHA_Z_SIGNALLING_EVENTS	-0.2998730542625604			
GSE10239_MEMORY_VS_DAY4.5_EFF_CD8_TCELL_UP	-0.299876957498616			
GSE6269_FLU_VS_STAPH_AUREUS_INF_PBMC_UP	-0.29987782281377157			
MIR875_5P	-0.29988124990427234			
GO_SEROTONIN_UPTAKE	-0.2999212561529488			
REACTOME_CLEC7A_INFLAMMASOME_PATHWAY	-0.29992318672805107			
GO_ANAPHASE_PROMOTING_COMPLEX_BINDING	-0.2999290755981465			
GSE42021_CD24LO_TREG_VS_CD24LO_TCONV_THYMUS_UP	-0.29994058329417206			
PBX1_01	-0.2999432396673105			
ZHANG_ANTIVIRAL_RESPONSE_TO_RIBAVIRIN_DN	-0.2999539620600593			
GO_NUCLEOTIDE_BINDING_OLIGOMERIZATION_DOMAIN_CONTAINING_2_SIGNALING_PATHWAY	-0.2999685614902486			
GO_GROWTH_FACTOR_ACTIVITY	-0.2999734556745177			
EGFR_UP.V1_UP	-0.29997726502158056			
GO_REGULATION_OF_RENAL_SYSTEM_PROCESS	-0.30000268751487585			
GSE27786_BCELL_VS_NEUTROPHIL_DN	-0.3000149735059338			
GENTILE_UV_RESPONSE_CLUSTER_D2	-0.3000150147583509			
IPA_E2F7_UP	-0.30002074629141956			
LET_7D_5P	-0.30003955790980136			
GO_ENDOPLASMIC_RETICULUM_GOLGI_INTERMEDIATE_COMPARTMENT_MEMBRANE	-0.3000481989873943			
GSE3982_MAC_VS_BASOPHIL_DN	-0.3000655361841871			
KEGG_T_CELL_RECEPTOR_SIGNALING_PATHWAY	-0.30007026163846007			
GSE3720_LPS_VS_PMA_STIM_VD1_GAMMADELTA_TCELL_UP	-0.30007441536980944			
GO_REGULATION_OF_MAP_KINASE_ACTIVITY	-0.3000751610501085			
GSE24972_WT_VS_IRF8_KO_SPLEEN_FOLLICULAR_BCELL_DN	-0.3000809594863576			
REACTOME_GLUCAGON_SIGNALING_IN_METABOLIC_REGULATION	-0.30009643636472766			
SARTIPY_BLUNTED_BY_INSULIN_RESISTANCE_UP	-0.3001292547834367			
MIR192_5P	-0.30014231182430834			
HALLMARK_MYOGENESIS	-0.3001425754870006			
KAN_RESPONSE_TO_ARSENIC_TRIOXIDE	-0.3001472323988657			
SASSON_RESPONSE_TO_GONADOTROPHINS_UP	-0.3001487126195031			
NKX6_1_TARGET_GENES	-0.3001490087412079			
GO_REGULATION_OF_TOLERANCE_INDUCTION	-0.30016417061413303			
MYAATNNNNNNNGGC_UNKNOWN	-0.30016775437985044			
GO_NEGATIVE_REGULATION_OF_INFLAMMATORY_RESPONSE_TO_ANTIGENIC_STIMULUS	-0.300184035389577			
ZFP28_TARGET_GENES	-0.3001935996037499			
GO_PROTEIN_DEPHOSPHORYLATION	-0.30019745703239575			
GO_NEGATIVE_REGULATION_OF_CREB_TRANSCRIPTION_FACTOR_ACTIVITY	-0.30020663770734635			
GSE3920_UNTREATED_VS_IFNG_TREATED_FIBROBLAST_DN	-0.3002078279062112			
GO_CLATHRIN_COATED_ENDOCYTIC_VESICLE_MEMBRANE	-0.30021000063977377			
GO_REGULATION_OF_INTERLEUKIN_4_PRODUCTION	-0.3002186128169718			
GO_EXTRINSIC_COMPONENT_OF_EXTERNAL_SIDE_OF_PLASMA_MEMBRANE	-0.300221081272192			
GO_DEFENSE_RESPONSE_TO_GRAM_NEGATIVE_BACTERIUM	-0.300224607138495			
GO_TRANSMEMBRANE_RECEPTOR_PROTEIN_TYROSINE_KINASE_ADAPTOR_ACTIVITY	-0.300225235249849			
REACTOME_DAP12_SIGNALING	-0.30022884698153024			
REACTOME_SYNTHESIS_OF_PIPS_AT_THE_LATE_ENDOSOME_MEMBRANE	-0.30024156616950665			
GSE17974_IL4_AND_ANTI_IL12_VS_UNTREATED_1H_ACT_CD4_TCELL_UP	-0.300241650637047			
GSE17721_LPS_VS_GARDIQUIMOD_16H_BMDC_DN	-0.3002458742800141			
SIG_REGULATION_OF_THE_ACTIN_CYTOSKELETON_BY_RHO_GTPASES	-0.3002656426839688			
GO_POSITIVE_REGULATION_OF_TRANSFERASE_ACTIVITY	-0.3002664437963434			
GO_IMMUNOGLOBULIN_BINDING	-0.3002829420130609			
GSE24972_MARGINAL_ZONE_BCELL_VS_FOLLICULAR_BCELL_DN	-0.3003112388511531			
GO_T_CELL_APOPTOTIC_PROCESS	-0.30031525273733944			
GGCAGCT_MIR22	-0.3003231470190299			
IPA_KAT2B_UP	-0.30038999496989405			
REACTOME_ACTIVATION_OF_KAINATE_RECEPTORS_UPON_GLUTAMATE_BINDING	-0.30044627896865433			
GO_PEPTIDYL_PROLINE_DIOXYGENASE_ACTIVITY	-0.30046099972441104			
YAGI_AML_RELAPSE_PROGNOSIS	-0.3004623053273201			
GSE16385_ROSIGLITAZONE_IFNG_TNF_VS_IL4_STIM_MACROPHAGE_UP	-0.300464819501179			
GSE45365_NK_CELL_VS_CD8A_DC_UP	-0.3004843351290506			
GO_METALLOEXOPEPTIDASE_ACTIVITY	-0.3004951328840405			
KASLER_HDAC7_TARGETS_2_UP	-0.30050089413390035			
GSE7460_TCONV_VS_TREG_LN_UP	-0.30050228499548165			
GSE5589_WT_VS_IL10_KO_LPS_STIM_MACROPHAGE_180MIN_UP	-0.30050695438725467			
NGO_MALIGNANT_GLIOMA_1P_LOH	-0.30051949736061273			
GO_NEGATIVE_REGULATION_OF_APOPTOTIC_SIGNALING_PATHWAY	-0.30052791723623695			
GSE42021_TREG_PLN_VS_CD24HI_TREG_THYMUS_UP	-0.3005279617190432			
GSE28783_CTRL_ANTI_MIR_VS_UNTREATED_ATHEROSCLEROSIS_MACROPHAGE_DN	-0.3005321587345789			
GSE23321_EFFECTOR_MEMORY_VS_NAIVE_CD8_TCELL_DN	-0.3005398298006425			
GSE17721_LPS_VS_PAM3CSK4_6H_BMDC_UP	-0.300552934737077			
GSE29617_DAY3_VS_DAY7_TIV_FLU_VACCINE_PBMC_2008_UP	-0.30057052069930273			
MIR7973	-0.300577478805346			
GO_GROWTH_PLATE_CARTILAGE_CHONDROCYTE_DIFFERENTIATION	-0.30058233213349117			
GO_VITAMIN_D_METABOLIC_PROCESS	-0.3005853862524155			
GO_PROTEIN_PHOSPHATASE_2B_BINDING	-0.30059738731295943			
GO_REGULATION_OF_CELL_POPULATION_PROLIFERATION	-0.3006045599827831			
GSE26928_NAIVE_VS_EFF_MEMORY_CD4_TCELL_DN	-0.30060945467379646			
GSE41867_NAIVE_VS_DAY6_LCMV_ARMSTRONG_EFFECTOR_CD8_TCELL_UP	-0.3006204531956594			
REACTOME_DISEASE	-0.3006336381779722			
GSE2706_2H_VS_8H_R848_AND_LPS_STIM_DC_UP	-0.30064303146256977			
MIR8069	-0.3006440686321193			
GO_MALE_GAMETE_GENERATION	-0.3006548917891721			
GO_MAINTENANCE_OF_LOCATION_IN_CELL	-0.3006646546468625			
GO_MODULATION_OF_AGE_RELATED_BEHAVIORAL_DECLINE	-0.3006650084896085			
MIR7156_3P	-0.3006906405895566			
SENGUPTA_NASOPHARYNGEAL_CARCINOMA_UP	-0.3007181506478834			
MIR6741_3P	-0.3007395068082952			
GSE16266_CTRL_VS_HEATSHOCK_AND_LPS_STIM_MEF_UP	-0.300755366005729			
SERVITJA_ISLET_HNF1A_TARGETS_UP	-0.3007560301597825			
KEGG_VASCULAR_SMOOTH_MUSCLE_CONTRACTION	-0.3007762537067258			
GSE5589_LPS_VS_LPS_AND_IL10_STIM_IL6_KO_MACROPHAGE_45MIN_UP	-0.3007824471702484			
GO_ESTABLISHMENT_OF_LYMPHOCYTE_POLARITY	-0.30079258961190897			
MIR98_5P	-0.30080739320111627			
ETS_Q4	-0.3008075251130534			
ADDYA_ERYTHROID_DIFFERENTIATION_BY_HEMIN	-0.30081162766847963			
BOYAULT_LIVER_CANCER_SUBCLASS_G2	-0.3008232746710646			
REACTOME_DERMATAN_SULFATE_BIOSYNTHESIS	-0.30082582169979427			
GO_PYRIMIDINE_CONTAINING_COMPOUND_CATABOLIC_PROCESS	-0.30082691380938315			
GO_POSITIVE_THYMIC_T_CELL_SELECTION	-0.30083673296953667			
PID_RAS_PATHWAY	-0.3008385993797166			
GO_AUTOPHAGOSOME	-0.3008403520912001			
GO_ENDOCARDIAL_CUSHION_MORPHOGENESIS	-0.30084908758026124			
GSE11961_FOLLICULAR_BCELL_VS_MARGINAL_ZONE_BCELL_UP	-0.30086902982807934			
GO_CLATHRIN_SCULPTED_GAMMA_AMINOBUTYRIC_ACID_TRANSPORT_VESICLE_MEMBRANE	-0.3008728538912855			
IPA_KDM1A_DN	-0.30087321506656634			
ZNF26_TARGET_GENES	-0.3008760060627638			
ABRAHAM_ALPC_VS_MULTIPLE_MYELOMA_UP	-0.3008779071703862			
MIR4666A_5P	-0.3008913528053841			
GO_REGULATION_OF_CHEMOKINE_C_C_MOTIF_LIGAND_2_SECRETION	-0.300914524652669			
REACTOME_MUCOPOLYSACCHARIDOSES	-0.3009165217049077			
GO_REGULATION_OF_CHAPERONE_MEDIATED_PROTEIN_FOLDING	-0.30093378217767974			
PID_NFKAPPAB_CANONICAL_PATHWAY	-0.300934107519143			
REACTOME_DOWNREGULATION_OF_TGF_BETA_RECEPTOR_SIGNALING	-0.3009438965295229			
GSE31082_CD4_VS_CD8_SP_THYMOCYTE_UP	-0.3009502693121618			
GSE12845_IGD_NEG_BLOOD_VS_NAIVE_TONSIL_BCELL_UP	-0.30096545059064195			
GO_FOAM_CELL_DIFFERENTIATION	-0.30097380266014095			
MIR374C_3P	-0.30097750087632974			
GO_MULTINUCLEAR_OSTEOCLAST_DIFFERENTIATION	-0.3009841182453707			
GO_PENILE_ERECTION	-0.3009841323509561			
ZHU_CMV_ALL_UP	-0.3009901131049628			
IPA_STAT5A_UP	-0.3009944235451932			
chr3q12	-0.30099964819505465			
REACTOME_MYOGENESIS	-0.3010000912204259			
PASINI_SUZ12_TARGETS_DN	-0.30100373821585047			
GSE17721_4_VS_24H_CPG_BMDC_DN	-0.30102044571181713			
GSE39152_BRAIN_VS_SPLEEN_CD103_NEG_MEMORY_CD8_TCELL_DN	-0.30105354373699506			
REACTOME_FORMATION_OF_TUBULIN_FOLDING_INTERMEDIATES_BY_CCT_TRIC	-0.30108246208570566			
GO_VASCULAR_ENDOTHELIAL_GROWTH_FACTOR_PRODUCTION	-0.3010884143840063			
MIR26B_3P	-0.30109980351788823			
REACTOME_ELEVATION_OF_CYTOSOLIC_CA2_LEVELS	-0.3011219072202103			
GO_RESPONSE_TO_OSMOTIC_STRESS	-0.3011333247724285			
GSE9650_EXHAUSTED_VS_MEMORY_CD8_TCELL_UP	-0.30113583313071024			
GSE9960_GRAM_POS_VS_GRAM_NEG_AND_POS_SEPSIS_PBMC_DN	-0.30114337080259485			
WEINMANN_ADAPTATION_TO_HYPOXIA_DN	-0.3011788510868675			
GO_RETINAL_DEHYDROGENASE_ACTIVITY	-0.3012020439164928			
REACTOME_SIGNALING_BY_MEMBRANE_TETHERED_FUSIONS_OF_PDGFRA_OR_PDGFRB	-0.30121805453548145			
CREIGHTON_ENDOCRINE_THERAPY_RESISTANCE_2	-0.30124473224894527			
GSE21546_SAP1A_KO_VS_SAP1A_KO_AND_ELK1_KO_DP_THYMOCYTES_DN	-0.30124655655382193			
IPA_EHMT2_DN	-0.3012573922315944			
BURTON_ADIPOGENESIS_PEAK_AT_16HR	-0.3012575114265529			
WANG_SMARCE1_TARGETS_DN	-0.3012614393789371			
GSE9006_1MONTH_VS_4MONTH_POST_TYPE_1_DIABETES_DX_PBMC_UP	-0.3012674353177869			
WANG_TNF_TARGETS	-0.30127229630232505			
GO_POSITIVE_REGULATION_OF_PENILE_ERECTION	-0.3012792251895247			
LI_WILMS_TUMOR_VS_FETAL_KIDNEY_1_DN	-0.3012982747197713			
LEE_RECENT_THYMIC_EMIGRANT	-0.301309019201883			
AMIT_EGF_RESPONSE_120_HELA	-0.3013118512127561			
GSE2706_R848_VS_R848_AND_LPS_8H_STIM_DC_DN	-0.301320317960219			
GSE9650_NAIVE_VS_EXHAUSTED_CD8_TCELL_DN	-0.30133738014330835			
GO_DEFENSE_RESPONSE_TO_BACTERIUM	-0.3013412461544613			
GO_CENTRAL_REGION_OF_GROWTH_CONE	-0.30134239733687296			
KREPPEL_CD99_TARGETS_DN	-0.3013461439943526			
STEGER_ADIPOGENESIS_DN	-0.3013477771500137			
GO_REGULATION_OF_TRANSPOSITION	-0.30135881812951			
LIANG_HEMATOPOIESIS_STEM_CELL_NUMBER_QTL	-0.3013674292560564			
CHEN_ETV5_TARGETS_SERTOLI	-0.3013888006725651			
GO_PLATELET_DENSE_GRANULE_ORGANIZATION	-0.3014001116998427			
GSE22601_IMMATURE_CD4_SINGLE_POSITIVE_VS_DOUBLE_POSITIVE_THYMOCYTE_UP	-0.30141818216383953			
MIR7160_5P	-0.30142274085748627			
GSE37301_CD4_TCELL_VS_RAG2_KO_NK_CELL_DN	-0.30142295309797623			
GSE6259_FLT3L_INDUCED_33D1_POS_DC_VS_CD4_TCELL_UP	-0.30144417636538945			
KEGG_CYTOSOLIC_DNA_SENSING_PATHWAY	-0.3014614940316782			
BIOCARTA_IL2RB_PATHWAY	-0.3014668241395521			
GO_OLIGODENDROCYTE_PROGENITOR_PROLIFERATION	-0.30146777728802615			
GO_FICOLIN_1_RICH_GRANULE	-0.301491411240253			
COLDREN_GEFITINIB_RESISTANCE_UP	-0.30150622078804395			
GO_REGULATION_OF_RELEASE_OF_SEQUESTERED_CALCIUM_ION_INTO_CYTOSOL	-0.30150864086815543			
GSE43955_TH0_VS_TGFB_IL6_IL23_TH17_ACT_CD4_TCELL_52H_DN	-0.301530931741173			
GO_NEGATIVE_REGULATION_OF_LYMPHOCYTE_APOPTOTIC_PROCESS	-0.30154928298763506			
IPA_SMARCA4_UP	-0.3015546695175537			
MIR875_3P	-0.30155895880826056			
WUNDER_INFLAMMATORY_RESPONSE_AND_CHOLESTEROL_UP	-0.3015818021938589			
GO_REGULATION_OF_G_PROTEIN_COUPLED_RECEPTOR_SIGNALING_PATHWAY	-0.3015880631751356			
GO_NUCLEOTIDE_SUGAR_METABOLIC_PROCESS	-0.3015938832104356			
GO_LIPID_ANTIGEN_BINDING	-0.3016063326746265			
GO_ANTIGEN_PROCESSING_AND_PRESENTATION_ENDOGENOUS_LIPID_ANTIGEN_VIA_MHC_CLASS_IB	-0.3016063326746265			
MIR3185	-0.3016115638640542			
GSE369_SOCS3_KO_VS_IFNG_KO_LIVER_DN	-0.3016219546938205			
GSE21063_CTRL_VS_ANTI_IGM_STIM_BCELL_NFATC1_KO_3H_UP	-0.3016270980615138			
GO_REGULATION_OF_DENDRITIC_SPINE_MAINTENANCE	-0.3016410759493038			
MIR4768_3P	-0.30164541364109504			
GO_HISTAMINE_TRANSPORT	-0.30165802417994975			
GO_REGULATION_OF_MYOSIN_LIGHT_CHAIN_PHOSPHATASE_ACTIVITY	-0.3016771536500465			
GO_CARTILAGE_MORPHOGENESIS	-0.30170599431448825			
GO_POSITIVE_REGULATION_OF_MYELOID_LEUKOCYTE_MEDIATED_IMMUNITY	-0.30170737038932866			
GO_SKELETAL_MUSCLE_ACETYLCHOLINE_GATED_CHANNEL_CLUSTERING	-0.30170828484626694			
ELVIDGE_HYPOXIA_BY_DMOG_UP	-0.301715947407317			
GO_CALCIUM_MEDIATED_SIGNALING_USING_INTRACELLULAR_CALCIUM_SOURCE	-0.3017236118772938			
MIR6724_5P	-0.3017258624762835			
GSE21379_WT_VS_SAP_KO_CD4_TCELL_DN	-0.30172725202521133			
IPA_CREBBP_UP	-0.30173028218760195			
GSE360_HIGH_DOSE_B_MALAYI_VS_M_TUBERCULOSIS_MAC_UP	-0.3017575668040439			
GO_POSITIVE_REGULATION_OF_EXTRINSIC_APOPTOTIC_SIGNALING_PATHWAY	-0.3017650169651173			
GU_PDEF_TARGETS_UP	-0.3017776816804799			
REACTOME_GPVI_MEDIATED_ACTIVATION_CASCADE	-0.3017784639670051			
JAIN_NFKB_SIGNALING	-0.3017856221541521			
GAUSSMANN_MLL_AF4_FUSION_TARGETS_G_DN	-0.3018058312504503			
GSE7460_FOXP3_MUT_VS_WT_ACT_WITH_TGFB_TCONV_UP	-0.3018524536780729			
GO_RIG_I_SIGNALING_PATHWAY	-0.30190259348518655			
DASU_IL6_SIGNALING_SCAR_UP	-0.3019162955153696			
GO_ENDOCHONDRAL_BONE_MORPHOGENESIS	-0.3019186359535312			
GSE17721_LPS_VS_POLYIC_8H_BMDC_DN	-0.30193038697938007			
GO_BONE_GROWTH	-0.3019325493393963			
GO_CELL_SUBSTRATE_JUNCTION	-0.30197063747341824			
GO_MULTIVESICULAR_BODY	-0.3019890606464361			
GO_POSITIVE_REGULATION_OF_CELL_ADHESION_MEDIATED_BY_INTEGRIN	-0.3019895043559693			
GSE17721_CTRL_VS_PAM3CSK4_8H_BMDC_DN	-0.30198973762721504			
MIR892A	-0.30200390390482096			
REACTOME_PYRIMIDINE_CATABOLISM	-0.30200397876000906			
GSE17721_POLYIC_VS_GARDIQUIMOD_8H_BMDC_UP	-0.3020090088558085			
MIR625_3P	-0.3020212091142339			
GSE17721_0.5H_VS_24H_LPS_BMDC_DN	-0.3020262087437226			
GO_MOLECULAR_ADAPTOR_ACTIVITY	-0.3020306033768143			
GO_POSITIVE_REGULATION_OF_MEGAKARYOCYTE_DIFFERENTIATION	-0.30203126406873687			
GSE17186_MEMORY_VS_CD21LOW_TRANSITIONAL_BCELL_DN	-0.3020383011056359			
MIR491_3P	-0.3020474122896935			
GSE26669_CD4_VS_CD8_TCELL_IN_MLR_COSTIM_BLOCK_DN	-0.3020475979459581			
GO_POSITIVE_REGULATION_OF_DOUBLE_STRAND_BREAK_REPAIR	-0.302048126598621			
GSE8685_IL2_STARVED_VS_IL2_ACT_IL2_STARVED_CD4_TCELL_UP	-0.3020626531147194			
MIR1247_5P	-0.3020682121954788			
GO_NEGATIVE_REGULATION_OF_MEMBRANE_POTENTIAL	-0.30207648257377223			
GSE24634_IL4_VS_CTRL_TREATED_NAIVE_CD4_TCELL_DAY7_DN	-0.30208383443240094			
GO_REGULATION_OF_SYNCYTIUM_FORMATION_BY_PLASMA_MEMBRANE_FUSION	-0.3020924903210253			
MIR653_3P	-0.3020936458586759			
GO_POSITIVE_REGULATION_OF_LONG_TERM_SYNAPTIC_DEPRESSION	-0.30209671801577337			
GO_POSITIVE_REGULATION_OF_PROTEIN_BINDING	-0.30210967151910706			
GO_POSITIVE_REGULATION_OF_AUTOPHAGOSOME_MATURATION	-0.3021173831708268			
GSE17721_PAM3CSK4_VS_GADIQUIMOD_16H_BMDC_DN	-0.30213855535112644			
GO_POSITIVE_REGULATION_OF_PODOSOME_ASSEMBLY	-0.30216863336587724			
E2F1_UP.V1_DN	-0.3021802686474311			
GO_CD4_POSITIVE_ALPHA_BETA_T_CELL_PROLIFERATION	-0.3022168115851212			
CLASPER_LYMPHATIC_VESSELS_DURING_METASTASIS_DN	-0.302218272269345			
GSE39022_LN_VS_SPLEEN_DC_DN	-0.30222622242545094			
GSE29618_BCELL_VS_MDC_UP	-0.30223244051608733			
GSE17721_PAM3CSK4_VS_CPG_16H_BMDC_DN	-0.30223510076373417			
GSE4142_GC_BCELL_VS_MEMORY_BCELL_UP	-0.3022437356384815			
GO_POSITIVE_REGULATION_OF_NAD_P_H_OXIDASE_ACTIVITY	-0.3022505367759767			
MIR484	-0.30226001992042084			
GO_REGULATION_OF_ADENYLATE_CYCLASE_ACTIVATING_G_PROTEIN_COUPLED_RECEPTOR_SIGNALING_PATHWAY	-0.3022638829682966			
MIR7111_3P	-0.3022803440307227			
MIR95_5P	-0.302281509331246			
MIR548F_5P	-0.3022880875053817			
BIOCARTA_CCR5_PATHWAY	-0.30229588085824544			
ZHU_SKIL_TARGETS_UP	-0.3023374707134417			
GSE21927_SPLENIC_C26GM_TUMOROUS_VS_4T1_TUMOR_MONOCYTES_DN	-0.30234215715835777			
MIR645	-0.30234266477113686			
GO_REGULATION_OF_KERATINOCYTE_MIGRATION	-0.3023475486718384			
GSE26156_DOUBLE_POSITIVE_VS_CD4_SINGLE_POSITIVE_THYMOCYTE_UP	-0.30235197553659904			
GO_MONOSACCHARIDE_BINDING	-0.3023539371875055			
GSE15930_STIM_VS_STIM_AND_IL12_72H_CD8_T_CELL_UP	-0.30239591833902807			
GSE20715_WT_VS_TLR4_KO_48H_OZONE_LUNG_UP	-0.3024038189587452			
GO_INTERLEUKIN_2_BIOSYNTHETIC_PROCESS	-0.30241165053478397			
GSE27859_MACROPHAGE_VS_CD11C_INT_F480_INT_DC_DN	-0.30241232889877756			
GO_TUMOR_NECROSIS_FACTOR_SECRETION	-0.30244400451331327			
GO_POSITIVE_REGULATION_OF_INTERLEUKIN_6_SECRETION	-0.3024467939875564			
HASINA_NOL7_TARGETS_DN	-0.30244709074693765			
GSE41176_UNSTIM_VS_ANTI_IGM_STIM_TAK1_KO_BCELL_24H_DN	-0.30245289724289476			
GSE17721_POLYIC_VS_PAM3CSK4_24H_BMDC_UP	-0.30245587288242687			
GO_REGULATION_OF_MRNA_PROCESSING	-0.3024614915029474			
GSE17721_CTRL_VS_POLYIC_0.5H_BMDC_UP	-0.3024645967294939			
GO_HYALURONIC_ACID_BINDING	-0.30246641760123905			
REACTOME_INTERLEUKIN_23_SIGNALING	-0.3024684332375378			
GO_CHROMATIN_DISASSEMBLY	-0.3024784301960764			
BILD_HRAS_ONCOGENIC_SIGNATURE	-0.3024795652747244			
HOQUE_METHYLATED_IN_CANCER	-0.3024796429272847			
GO_REGULATION_OF_GLUCOSE_TRANSMEMBRANE_TRANSPORT	-0.30247990396174174			
GO_SUPEROXIDE_ANION_GENERATION	-0.30248191087770154			
GSE22886_NAIVE_TCELL_VS_DC_UP	-0.3025055754763247			
GO_REGULATION_OF_LIPOPOLYSACCHARIDE_MEDIATED_SIGNALING_PATHWAY	-0.3025239004704249			
GSE34205_HEALTHY_VS_RSV_INF_INFANT_PBMC_UP	-0.30254840432327734			
TET1_TARGET_GENES	-0.3026223283934443			
GSE22919_RESTING_VS_IL2_IL12_IL15_STIM_NK_CELL_DN	-0.30262712594334473			
GO_SPHINGOLIPID_BINDING	-0.3026335745346095			
GSE15930_STIM_VS_STIM_AND_TRICHOSTATINA_48H_CD8_T_CELL_UP	-0.3026354802790267			
GO_NEGATIVE_REGULATION_OF_CAMP_MEDIATED_SIGNALING	-0.3026451411888909			
VALK_AML_CLUSTER_1	-0.3026548646229284			
MIR384	-0.3026570517481101			
HUANG_FOXA2_TARGETS_UP	-0.3026713201122375			
GO_REGULATION_OF_OXIDATIVE_STRESS_INDUCED_CELL_DEATH	-0.3026723172045597			
GO_MUSCLE_CONTRACTION	-0.30267589506574105			
IPA_LDB1_UP	-0.30268649381415375			
GSE2770_TGFB_AND_IL4_ACT_VS_ACT_CD4_TCELL_6H_UP	-0.30268658466215836			
MIR4300	-0.3026872317142684			
GSE24726_WT_VS_E2_2_KO_PDC_DAY6_POST_DELETION_DN	-0.30268900545674			
GSE16385_IFNG_TNF_VS_UNSTIM_MACROPHAGE_ROSIGLITAZONE_TREATED_DN	-0.30269290316959746			
KYNG_DNA_DAMAGE_BY_GAMMA_AND_UV_RADIATION	-0.3027039139167798			
VERRECCHIA_RESPONSE_TO_TGFB1_C1	-0.30270959859439955			
GSE19941_LPS_VS_LPS_AND_IL10_STIM_IL10_KO_NFKBP50_KO_MACROPHAGE_UP	-0.3027146538633014			
MIR2052	-0.3027199846567162			
GO_TOOTH_ERUPTION	-0.30272796990587886			
REACTOME_STAT5_ACTIVATION	-0.30272937344069045			
GSE17186_BLOOD_VS_CORD_BLOOD_NAIVE_BCELL_DN	-0.30273483840639664			
GO_NEGATIVE_REGULATION_OF_GLIOGENESIS	-0.3027561497085931			
GO_POSITIVE_REGULATION_OF_CYTOPLASMIC_TRANSLATION	-0.3027851567388964			
GSE3982_EOSINOPHIL_VS_DC_UP	-0.30279032391195576			
chr2p22	-0.3027996432786615			
GO_REGULATION_OF_HUMORAL_IMMUNE_RESPONSE_MEDIATED_BY_CIRCULATING_IMMUNOGLOBULIN	-0.30280042257525625			
MIR3146	-0.3028005761037774			
BILANGES_SERUM_SENSITIVE_VIA_TSC2	-0.3028201248171103			
REACTOME_P130CAS_LINKAGE_TO_MAPK_SIGNALING_FOR_INTEGRINS	-0.30282133425208163			
GO_CELLULAR_RESPONSE_TO_GROWTH_HORMONE_STIMULUS	-0.30282315323223213			
NFKB_Q6	-0.3028255714461156			
GSE3982_MAC_VS_CENT_MEMORY_CD4_TCELL_DN	-0.30285738988904737			
GSE369_PRE_VS_POST_IL6_INJECTION_IFNG_KO_LIVER_UP	-0.302865075426112			
GO_KINESIN_COMPLEX	-0.3028862791847462			
GO_NEGATIVE_REGULATION_OF_INTERLEUKIN_10_PRODUCTION	-0.30288885063683707			
NUYTTEN_EZH2_TARGETS_UP	-0.3028925754444894			
GRAESSMANN_RESPONSE_TO_MC_AND_SERUM_DEPRIVATION_UP	-0.3029276180741062			
GO_REGULATION_OF_ADHERENS_JUNCTION_ORGANIZATION	-0.3029368283006659			
HOOI_ST7_TARGETS_DN	-0.3029391825895916			
GSE23321_CENTRAL_VS_EFFECTOR_MEMORY_CD8_TCELL_UP	-0.30293989922021736			
GO_PIRNA_BIOSYNTHETIC_PROCESS	-0.30299149387666463			
HAHTOLA_MYCOSIS_FUNGOIDES_SKIN_UP	-0.3030026811432298			
BIOCARTA_ERYTH_PATHWAY	-0.30300984971732015			
GO_AORTA_MORPHOGENESIS	-0.30302498595076405			
GO_MUSCLE_SYSTEM_PROCESS	-0.3030506269522847			
GSE40068_CXCR5NEG_BCL6NEG_CD4_TCELL_VS_CXCR5POS_BCL6NEG_TFH_DN	-0.3030551917020082			
KEGG_COMPLEMENT_AND_COAGULATION_CASCADES	-0.30305532568869836			
GSE15767_MED_VS_SCS_MAC_LN_UP	-0.303056940424981			
GO_POSITIVE_REGULATION_OF_DNA_DAMAGE_RESPONSE_SIGNAL_TRANSDUCTION_BY_P53_CLASS_MEDIATOR	-0.30305904292806574			
GSE17721_LPS_VS_POLYIC_2H_BMDC_UP	-0.3030708272857724			
GSE15215_CD2_POS_VS_NEG_PDC_DN	-0.303074603496873			
GSE15330_LYMPHOID_MULTIPOTENT_VS_GRANULOCYTE_MONOCYTE_PROGENITOR_DN	-0.30309925003021215			
GO_MAINTENANCE_OF_CELL_NUMBER	-0.30310488768491556			
IRITANI_MAD1_TARGETS_UP	-0.3031058899869395			
GO_REGULATION_OF_GLIAL_CELL_PROLIFERATION	-0.30311893094487563			
MIR7112_3P	-0.30312239287441645			
CHEN_HOXA5_TARGETS_6HR_UP	-0.30314530240144805			
GSE7764_IL15_TREATED_VS_CTRL_NK_CELL_24H_DN	-0.3031469274662154			
GSE3982_EOSINOPHIL_VS_BASOPHIL_UP	-0.30315653792835595			
GO_NEGATIVE_REGULATION_OF_CELL_JUNCTION_ASSEMBLY	-0.30316204149910997			
IPA_LHX6_UP	-0.30316261898729424			
REACTOME_ANTIGEN_ACTIVATES_B_CELL_RECEPTOR_BCR_LEADING_TO_GENERATION_OF_SECOND_MESSENGERS	-0.3031647550475543			
GSE2770_IL12_AND_TGFB_VS_IL4_TREATED_ACT_CD4_TCELL_2H_UP	-0.30317558959185276			
TURASHVILI_BREAST_DUCTAL_CARCINOMA_VS_LOBULAR_NORMAL_UP	-0.303190220935205			
GO_NEGATIVE_REGULATION_OF_TRANSMEMBRANE_RECEPTOR_PROTEIN_SERINE_THREONINE_KINASE_SIGNALING_PATHWAY	-0.3032091137929125			
GO_POSITIVE_REGULATION_OF_BONE_MINERALIZATION	-0.3032242375457744			
MIR524_3P_MIR525_3P	-0.3032285080513909			
GO_REGULATION_OF_LUTEINIZING_HORMONE_SECRETION	-0.3032334378563697			
GO_DERMATAN_SULFATE_PROTEOGLYCAN_METABOLIC_PROCESS	-0.30323969138646334			
GO_PHOSPHATASE_BINDING	-0.3032493033048658			
GSE22229_RENAL_TRANSPLANT_IMMUNOSUPP_THERAPY_VS_HEALTHY_PBMC_DN	-0.3032757633905153			
MIR122_3P	-0.3032795550827836			
GO_ENDOCYTIC_VESICLE_LUMEN	-0.30329175396483965			
GSE22589_HEALTHY_VS_HIV_INFECTED_DC_DN	-0.3032920609293706			
GO_POSITIVE_REGULATION_OF_AMYLOID_BETA_CLEARANCE	-0.30329452724732026			
RAMJAUN_APOPTOSIS_BY_TGFB1_VIA_SMAD4_UP	-0.3033003260456721			
chr2q22	-0.30330690497167273			
GSE18281_CORTICAL_VS_MEDULLARY_THYMOCYTE_DN	-0.30334058945421694			
GSE19401_UNSTIM_VS_RETINOIC_ACID_STIM_FOLLICULAR_DC_DN	-0.3033563941124153			
MIKKELSEN_MCV6_LCP_WITH_H3K4ME3	-0.30335906025317594			
REACTOME_HDL_ASSEMBLY	-0.30335974037778246			
MIR3140_3P	-0.30336235947474555			
GO_ENGULFMENT_OF_APOPTOTIC_CELL	-0.3033709667893522			
GSE43955_1H_VS_42H_ACT_CD4_TCELL_UP	-0.3033725563409209			
BROWNE_HCMV_INFECTION_16HR_DN	-0.3033813854719619			
GSE42021_CD24INT_VS_CD24LOW_TREG_THYMUS_DN	-0.3033826755608985			
GO_EXTRACELLULAR_MATRIX_STRUCTURAL_CONSTITUENT	-0.3034082765434522			
GO_POSITIVE_REGULATION_OF_CELL_SUBSTRATE_JUNCTION_ORGANIZATION	-0.30341067287548124			
GO_REGULATION_OF_WNT_SIGNALING_PATHWAY_INVOLVED_IN_HEART_DEVELOPMENT	-0.3034109462303003			
GO_TRANSMEMBRANE_RECEPTOR_PROTEIN_PHOSPHATASE_ACTIVITY	-0.30342096536427793			
GO_NEGATIVE_REGULATION_OF_ENDOTHELIAL_CELL_PROLIFERATION	-0.3034250431618458			
GO_PROTEIN_SIDE_CHAIN_DEGLUTAMYLATION	-0.30343096238878847			
GSE4142_NAIVE_VS_GC_BCELL_UP	-0.30343976041598575			
TBX1_TARGET_GENES	-0.30346489503422813			
GSE37301_HEMATOPOIETIC_STEM_CELL_VS_GRAN_MONO_PROGENITOR_UP	-0.3034653917978088			
GO_POST_TRANSLATIONAL_PROTEIN_MODIFICATION	-0.3034671245910682			
GO_MHC_CLASS_II_PROTEIN_COMPLEX_BINDING	-0.3034796875472218			
MIR3928_3P	-0.30349376591692084			
MAEKAWA_ATF2_TARGETS	-0.3035243032813474			
HTF_01	-0.3035391757623462			
MIR4439	-0.3035398036725079			
GSE2770_UNTREATED_VS_ACT_CD4_TCELL_6H_UP	-0.30355891965608356			
GSE16385_ROSIGLITAZONE_IFNG_TNF_VS_IL4_STIM_MACROPHAGE_DN	-0.30357702903745515			
ZHOU_INFLAMMATORY_RESPONSE_LPS_UP	-0.30359227376911985			
JIANG_TIP30_TARGETS_UP	-0.30360385135463186			
JAZAG_TGFB1_SIGNALING_VIA_SMAD4_DN	-0.3036131650167921			
GO_BONE_TRABECULA_FORMATION	-0.30364779453423607			
REACTOME_KINESINS	-0.30364796363433305			
GSE21546_ELK1_KO_VS_SAP1A_KO_AND_ELK1_KO_ANTI_CD3_STIM_DP_THYMOCYTES_DN	-0.3036961640049319			
GSE18791_CTRL_VS_NEWCASTLE_VIRUS_DC_16H_DN	-0.303710352543129			
GO_POSITIVE_REGULATION_OF_BLOOD_VESSEL_ENDOTHELIAL_CELL_MIGRATION	-0.3037292383670507			
GSE11961_MEMORY_BCELL_DAY7_VS_PLASMA_CELL_DAY7_UP	-0.3037486024432835			
BIOCARTA_STEM_PATHWAY	-0.30379390647674914			
MIR1178_3P	-0.3038190922814691			
LET_7B_5P	-0.3038244909390741			
MIR5583_3P	-0.30383585554622167			
GO_PEPTIDE_SECRETION	-0.30384569104765824			
COWLING_MYCN_TARGETS	-0.3038571097731145			
IPA_RARG_DN	-0.30390172752650885			
GSE18791_CTRL_VS_NEWCASTLE_VIRUS_DC_8H_DN	-0.30390271844388933			
DAZARD_UV_RESPONSE_CLUSTER_G1	-0.30391850678884597			
REACTOME_CYTOCHROME_C_MEDIATED_APOPTOTIC_RESPONSE	-0.303922334733595			
MIR4273	-0.30392905940568854			
GO_RETINOIC_ACID_RECEPTOR_BINDING	-0.3039425316964948			
MIR4720_3P	-0.30400533355024983			
GSE1460_INTRATHYMIC_T_PROGENITOR_VS_NAIVE_CD4_TCELL_CORD_BLOOD_UP	-0.3040215940230463			
GSE33425_CD161_HIGH_VS_NEG_CD8_TCELL_DN	-0.3040245880109704			
GRAHAM_CML_QUIESCENT_VS_NORMAL_DIVIDING_DN	-0.30404402599278085			
MIR6871_5P	-0.3040606191105188			
KYNG_RESPONSE_TO_H2O2	-0.3040620847991068			
IPA_TFDP1_UP	-0.3040817457720181			
GO_POSITIVE_REGULATION_OF_INTERLEUKIN_8_SECRETION	-0.3040838879304099			
MIR3907	-0.3040953225316299			
GO_TOLL_LIKE_RECEPTOR_4_SIGNALING_PATHWAY	-0.3041228035620716			
SWEET_KRAS_ONCOGENIC_SIGNATURE	-0.30414608853832925			
GSE37534_GW1929_VS_PIOGLITAZONE_TREATED_CD4_TCELL_PPARG1_FOXP3_TRANSDUCED_DN	-0.30415143982110854			
GSE33374_CD8_ALPHAALPHA_VS_ALPHABETA_CD161_HIGH_TCELL_DN	-0.3041523907794586			
GO_NEUTROPHIL_APOPTOTIC_PROCESS	-0.30416794434004873			
MIR619_5P	-0.30417748949432105			
RODRIGUES_THYROID_CARCINOMA_DN	-0.3041829589544044			
GO_RAC_GTPASE_BINDING	-0.3042027631610219			
GO_NEGATIVE_REGULATION_OF_SINGLE_STRANDED_VIRAL_RNA_REPLICATION_VIA_DOUBLE_STRANDED_DNA_INTERMEDIATE	-0.3042266250565095			
GSE36888_UNTREATED_VS_IL2_TREATED_TCELL_17H_UP	-0.30424721358775303			
REACTOME_CELLULAR_SENESCENCE	-0.304256523429128			
GO_NEGATIVE_REGULATION_OF_HISTONE_H4_ACETYLATION	-0.3042670217428276			
GO_NEGATIVE_REGULATION_OF_PROTEIN_CATABOLIC_PROCESS	-0.3042751698300946			
REACTOME_ADP_SIGNALLING_THROUGH_P2Y_PURINOCEPTOR_12	-0.3042787490779164			
REACTOME_FCGR_ACTIVATION	-0.3042796387539295			
PID_HIV_NEF_PATHWAY	-0.30429052800900935			
ZHANG_INTERFERON_RESPONSE	-0.30429536335560514			
GO_POSITIVE_REGULATION_OF_FIBROBLAST_GROWTH_FACTOR_PRODUCTION	-0.3043043023310315			
GSE16385_UNTREATED_VS_12H_IFNG_TNF_TREATED_MACROPHAGE_DN	-0.3043073195885988			
GSE29618_PRE_VS_DAY7_POST_TIV_FLU_VACCINE_PDC_DN	-0.3043262989928125			
GSE21546_UNSTIM_VS_ANTI_CD3_STIM_SAP1A_KO_DP_THYMOCYTES_UP	-0.3043309286242874			
GO_T_CELL_SELECTION	-0.3043349417208727			
SCHAEFFER_PROSTATE_DEVELOPMENT_6HR_UP	-0.30434572547179606			
GO_SECRETORY_VESICLE	-0.30434599401215545			
GSE21774_CD62L_POS_CD56_BRIGHT_VS_CD62L_NEG_CD56_DIM_NK_CELL_UP	-0.3043461844727695			
KEGG_FOCAL_ADHESION	-0.3043480901679478			
GO_RESPONSE_TO_ERYTHROPOIETIN	-0.30434818135497643			
GO_RESPONSE_TO_WOUNDING	-0.30436570116031336			
GSE17974_0H_VS_1H_IN_VITRO_ACT_CD4_TCELL_UP	-0.3043758565072551			
GO_ENDODERM_FORMATION	-0.3043759442114166			
GO_POSITIVE_REGULATION_OF_PHOSPHATASE_ACTIVITY	-0.3043798135586542			
MIR4749_5P	-0.3043865952053222			
GO_CHONDROITIN_SULFOTRANSFERASE_ACTIVITY	-0.3043882185932157			
TSAI_RESPONSE_TO_RADIATION_THERAPY	-0.30440693241180894			
GO_POSITIVE_REGULATION_OF_LOCOMOTION	-0.3044228649809339			
GSE9006_HEALTHY_VS_TYPE_2_DIABETES_PBMC_AT_DX_DN	-0.304423564816693			
REACTOME_COOPERATION_OF_PREFOLDIN_AND_TRIC_CCT_IN_ACTIN_AND_TUBULIN_FOLDING	-0.304424861531921			
GO_RESOLUTION_OF_MEIOTIC_RECOMBINATION_INTERMEDIATES	-0.30444445097856293			
GO_REGULATION_OF_PLATELET_ACTIVATION	-0.304446189000732			
GSE11864_UNTREATED_VS_CSF1_IN_MAC_UP	-0.3044680002079602			
GSE2405_S_AUREUS_VS_UNTREATED_NEUTROPHIL_DN	-0.3044745742474682			
GSE339_EX_VIVO_VS_IN_CULTURE_CD8POS_DC_UP	-0.3044795406472677			
GO_MUSCLE_FILAMENT_SLIDING	-0.3044812664396782			
GSE36009_UNSTIM_VS_LPS_STIM_DC_DN	-0.304499468145892			
GO_3_PHOSPHOADENOSINE_5_PHOSPHOSULFATE_BINDING	-0.3045069265264247			
SHIN_B_CELL_LYMPHOMA_CLUSTER_8	-0.30451813510947146			
GSE33425_CD161_HIGH_VS_INT_CD8_TCELL_DN	-0.30452160000937406			
GO_INTERLEUKIN_10_PRODUCTION	-0.3045724478031169			
ELVIDGE_HIF1A_AND_HIF2A_TARGETS_DN	-0.3046087363610438			
VALK_AML_WITH_T_8_21_TRANSLOCATION	-0.30462083366313725			
LET_7F_5P	-0.30462670269704806			
IPA_ARX_UP	-0.30463229304763906			
GO_OXALATE_TRANSMEMBRANE_TRANSPORTER_ACTIVITY	-0.3046352202906821			
GO_ACTIN_POLYMERIZATION_OR_DEPOLYMERIZATION	-0.30464908281974623			
NAKAMURA_LUNG_CANCER	-0.3046599035171062			
GO_NEGATIVE_REGULATION_OF_MACROPHAGE_MIGRATION	-0.3047056728787587			
FERRANDO_T_ALL_WITH_MLL_ENL_FUSION_UP	-0.30471929883289334			
GSE18791_UNSTIM_VS_NEWCATSLE_VIRUS_DC_6H_UP	-0.30474179220035963			
LET_7A_5P_LET_7C_5P_LET_7E_5P	-0.30474850214792604			
GO_NEURAL_CREST_CELL_DIFFERENTIATION	-0.30474858863053494			
GO_ACTIVATION_OF_PROTEIN_KINASE_ACTIVITY	-0.3047500164840079			
GO_REGULATION_OF_MAPK_CASCADE	-0.3047600362680288			
IPA_ATOH1_UP	-0.30476368151919336			
GO_POSITIVE_REGULATION_OF_TYPE_2_IMMUNE_RESPONSE	-0.3047696222922983			
GO_REGULATION_OF_RESPIRATORY_SYSTEM_PROCESS	-0.3047802423559152			
GSE3982_DC_VS_TH1_UP	-0.3047832469956518			
GO_REGULATION_OF_CDC42_PROTEIN_SIGNAL_TRANSDUCTION	-0.3048022994124896			
GO_MACROPINOCYTOSIS	-0.30480567198413405			
GSE21033_CTRL_VS_POLYIC_STIM_DC_12H_DN	-0.3048281780176941			
GSE29949_CD8_POS_DC_SPLEEN_VS_DC_BRAIN_UP	-0.3048384969919251			
GO_RESPONSE_TO_INTERLEUKIN_12	-0.3048401335477081			
WILLERT_WNT_SIGNALING	-0.3048442263105396			
KRAS.DF.V1_UP	-0.304861494979757			
IPA_MBD1_DN	-0.30488752043790374			
GO_HETEROTRIMERIC_G_PROTEIN_COMPLEX	-0.30488872861201183			
GO_POSITIVE_REGULATION_OF_LYMPHOCYTE_APOPTOTIC_PROCESS	-0.30491262383565243			
GSE20152_SPHK1_KO_VS_WT_HTNFA_OVERXPRESS_ANKLE_UP	-0.30492260047713654			
FAELT_B_CLL_WITH_VH3_21_UP	-0.30492901937266725			
GO_SUBPALLIUM_DEVELOPMENT	-0.3049341362956916			
GSE20366_TREG_VS_NAIVE_CD4_TCELL_DN	-0.30494479847379363			
MIR4458	-0.3049490304809632			
MIR3622A_3P_MIR3622B_3P	-0.3049497883607832			
IPA_MAFG_UP	-0.3049619366445135			
KHETCHOUMIAN_TRIM24_TARGETS_UP	-0.30497079008447764			
GO_SERINE_PHOSPHORYLATION_OF_STAT_PROTEIN	-0.3049792740056672			
ACTACCT_MIR196A_MIR196B	-0.3049949132521914			
GSE22313_HEALTHY_VS_SLE_MOUSE_CD4_TCELL_DN	-0.30499706432987095			
PSMB5_TARGET_GENES	-0.30501248156546196			
GSE9037_WT_VS_IRAK4_KO_LPS_4H_STIM_BMDM_DN	-0.3050207877436217			
IPA_GLI1_UP	-0.30504303236478775			
YY1_01	-0.30504354787290905			
GO_REGULATION_OF_TRANSCRIPTION_INVOLVED_IN_G1_S_TRANSITION_OF_MITOTIC_CELL_CYCLE	-0.3050627341350286			
GSE46468_LUNG_INNATE_LYMPHOID_CELL_VS_SPLEEN_CD4_TCELL_UP	-0.30506975146871157			
GO_ENDOSOME_MEMBRANE	-0.30507716509830496			
GSE360_L_DONOVANI_VS_L_MAJOR_MAC_DN	-0.30509863777961693			
REACTOME_BASIGIN_INTERACTIONS	-0.3051069176769172			
SA_FAS_SIGNALING	-0.30512213826964335			
GO_AORTA_DEVELOPMENT	-0.30513374781182884			
GO_REGULATION_OF_CELLULAR_RESPONSE_TO_DRUG	-0.3051371611212837			
AGCATTA_MIR155	-0.30515421716864416			
GSE5589_WT_VS_IL6_KO_LPS_AND_IL6_STIM_MACROPHAGE_45MIN_DN	-0.30516545090199976			
GSE8621_UNSTIM_VS_LPS_STIM_MACROPHAGE_DN	-0.3051716470667368			
GSE18791_CTRL_VS_NEWCASTLE_VIRUS_DC_14H_DN	-0.3051716731636109			
ZHU_CMV_24_HR_DN	-0.3051793621806217			
HEDVAT_ELF4_TARGETS_UP	-0.30517950464795046			
GSE27786_LIN_NEG_VS_BCELL_DN	-0.3052158390245723			
GO_POSITIVE_REGULATION_OF_MAP_KINASE_ACTIVITY	-0.3052533171802617			
GSE3982_EOSINOPHIL_VS_MAC_UP	-0.30525688471068113			
GSE23925_LIGHT_ZONE_VS_DARK_ZONE_BCELL_DN	-0.3052605696341691			
CREL_01	-0.30527397232151193			
GO_POSITIVE_REGULATION_OF_CELLULAR_EXTRAVASATION	-0.30527953169947164			
GSE3920_IFNA_VS_IFNB_TREATED_ENDOTHELIAL_CELL_UP	-0.3052805740720727			
GSE18281_SUBCAPSULAR_VS_PERIMEDULLARY_CORTICAL_REGION_OF_THYMUS_DN	-0.3052958043919757			
GO_MIRNA_BINDING	-0.3052985262497332			
GSE1432_6H_VS_24H_IFNG_MICROGLIA_DN	-0.3053031485418124			
GO_NEGATIVE_REGULATION_OF_PROTEIN_LOCALIZATION_TO_CELL_SURFACE	-0.3053438281873382			
GSE14000_UNSTIM_VS_16H_LPS_DC_TRANSLATED_RNA_UP	-0.30534893727602513			
GO_POSITIVE_REGULATION_OF_STRIATED_MUSCLE_CELL_APOPTOTIC_PROCESS	-0.3053776638642622			
BIOCARTA_MRP_PATHWAY	-0.3053984591008847			
GO_AMINO_SUGAR_BIOSYNTHETIC_PROCESS	-0.30541582886367574			
GSE3982_MAST_CELL_VS_NEUTROPHIL_UP	-0.305428018534267			
GO_GRANZYME_MEDIATED_APOPTOTIC_SIGNALING_PATHWAY	-0.30544689452272533			
GO_REGULATION_OF_SECRETION	-0.305466156177944			
MIR5004_3P	-0.3054734111288394			
KYNG_DNA_DAMAGE_BY_UV	-0.3054749853436416			
REACTOME_BINDING_AND_UPTAKE_OF_LIGANDS_BY_SCAVENGER_RECEPTORS	-0.30549284593669107			
MIR3152_3P	-0.30549370849263324			
GSE17721_LPS_VS_CPG_2H_BMDC_UP	-0.3054945018317662			
GSE2770_TGFB_AND_IL4_VS_IL4_TREATED_ACT_CD4_TCELL_48H_DN	-0.30550606264734065			
GO_ACTIVATION_OF_INNATE_IMMUNE_RESPONSE	-0.30550712550335807			
GO_REGULATION_OF_LEUKOCYTE_TETHERING_OR_ROLLING	-0.30552659872713744			
GSE11864_CSF1_VS_CSF1_PAM3CYS_IN_MAC_UP	-0.30554693493221474			
GSE33425_CD8_ALPHAALPHA_VS_ALPHABETA_CD161_HIGH_TCELL_DN	-0.3055564592544755			
BROWNE_HCMV_INFECTION_48HR_DN	-0.30557674854306305			
REACTOME_FORMYL_PEPTIDE_RECEPTORS_BIND_FORMYL_PEPTIDES_AND_MANY_OTHER_LIGANDS	-0.3055773292563406			
MATZUK_SPERMATOZOA	-0.3055956353438357			
REACTOME_MAPK_FAMILY_SIGNALING_CASCADES	-0.3055979732694903			
GO_SKELETAL_MUSCLE_SATELLITE_CELL_PROLIFERATION	-0.3056135683867692			
GSE360_HIGH_DOSE_B_MALAYI_VS_M_TUBERCULOSIS_DC_DN	-0.30563796652881825			
GO_NEGATIVE_REGULATION_OF_VASCULATURE_DEVELOPMENT	-0.30564626262323297			
GO_POSITIVE_REGULATION_OF_SPROUTING_ANGIOGENESIS	-0.3056475572178753			
GSE37416_CTRL_VS_24H_F_TULARENSIS_LVS_NEUTROPHIL_UP	-0.30566315867519916			
GO_GROWTH_PLATE_CARTILAGE_MORPHOGENESIS	-0.30566358318330367			
IPA_ASCL1_DN	-0.3056667698923289			
GSE3982_EFF_MEMORY_CD4_TCELL_VS_TH1_DN	-0.3056718697709797			
NFKAPPAB_01	-0.305696605121846			
MIR934	-0.3057013192723004			
VERRECCHIA_RESPONSE_TO_TGFB1_C3	-0.30571359280497407			
PID_AURORA_B_PATHWAY	-0.3057193052797265			
IPA_TBX5_DN	-0.3057435726155328			
NFKAPPAB65_01	-0.3057797340165546			
GO_POSITIVE_REGULATION_OF_TRANSLATION_IN_RESPONSE_TO_STRESS	-0.3057876680308262			
GSE9239_CTRL_VS_TNF_INHIBITOR_TREATED_DC_UP	-0.30579674595099693			
GO_REGULATION_OF_NK_T_CELL_DIFFERENTIATION	-0.3058007331111816			
IPA_STAT2_DN	-0.30581069440739095			
GSE11864_CSF1_IFNG_VS_CSF1_IFNG_PAM3CYS_IN_MAC_UP	-0.3058177789439261			
GO_PROTEIN_KINASE_C_ACTIVATING_G_PROTEIN_COUPLED_RECEPTOR_SIGNALING_PATHWAY	-0.3058272867401366			
GSE39110_DAY3_VS_DAY6_POST_IMMUNIZATION_CD8_TCELL_UP	-0.3058347907725111			
SUNG_METASTASIS_STROMA_UP	-0.30584693033073573			
MYLLYKANGAS_AMPLIFICATION_HOT_SPOT_1	-0.3058567648686171			
GSE27786_CD4_TCELL_VS_NKTCELL_UP	-0.3058725576943338			
MIR1245B_3P	-0.3059098614773489			
MISSIAGLIA_REGULATED_BY_METHYLATION_UP	-0.30591401935096585			
GO_POSITIVE_REGULATION_OF_RHO_PROTEIN_SIGNAL_TRANSDUCTION	-0.3059185948024175			
GO_NEGATIVE_REGULATION_OF_T_CELL_CYTOKINE_PRODUCTION	-0.3059282508634373			
GSE5589_IL6_KO_VS_IL10_KO_LPS_AND_IL10_STIM_MACROPHAGE_180MIN_DN	-0.3059286935354259			
GO_DSRNA_TRANSPORT	-0.3059354375143224			
GSE25123_WT_VS_PPARG_KO_MACROPHAGE_IL4_STIM_DN	-0.30593786448368304			
GSE23505_IL6_IL1_IL23_VS_IL6_IL1_TGFB_TREATED_CD4_TCELL_DN	-0.3059766069493289			
GSE29617_CTRL_VS_TIV_FLU_VACCINE_PBMC_2008_UP	-0.3059826473093445			
PID_INTEGRIN3_PATHWAY	-0.30600071590016725			
chr2p14	-0.3060083753738143			
GO_INTERFERON_BETA_SECRETION	-0.3060182874602885			
GO_NEGATIVE_REGULATION_OF_MYELOID_CELL_APOPTOTIC_PROCESS	-0.30602370695275			
GO_LAMELLIPODIUM	-0.3060451356309458			
GSE360_CTRL_VS_T_GONDII_DC_UP	-0.3060632197840746			
BRUECKNER_TARGETS_OF_MIRLET7A3_DN	-0.30606926032711307			
GO_ORGANELLE_MEMBRANE_FUSION	-0.30607108738999456			
GO_CELLULAR_RESPONSE_TO_PEPTIDE	-0.30609781269953595			
GO_NATURAL_KILLER_CELL_ACTIVATION_INVOLVED_IN_IMMUNE_RESPONSE	-0.3061041338787667			
REACTOME_TRAFFICKING_AND_PROCESSING_OF_ENDOSOMAL_TLR	-0.3061376529199193			
GSE36078_UNTREATED_VS_AD5_T425A_HEXON_INF_MOUSE_LUNG_DC_DN	-0.30614268171975495			
HOLLEMAN_PREDNISOLONE_RESISTANCE_ALL_DN	-0.3061435661534744			
GSE3039_B2_VS_B1_BCELL_UP	-0.3061780086449868			
GSE36527_CD62L_HIGH_CD69_NEG_VS_CD62L_LOW_CD69_POS_TREG_KLRG1_NEG_DN	-0.3061956439700069			
WALLACE_PROSTATE_CANCER_DN	-0.30619711415359585			
DEBOSSCHER_NFKB_TARGETS_REPRESSED_BY_GLUCOCORTICOIDS	-0.30620454706408673			
GO_GASTRULATION	-0.30620982007517644			
IPA_SKIL_DN	-0.30624976973887613			
GSE6259_DEC205_POS_DC_VS_CD4_TCELL_UP	-0.30625397569005597			
NUNODA_RESPONSE_TO_DASATINIB_IMATINIB_DN	-0.30627385860612727			
SCHOEN_NFKB_SIGNALING	-0.306277234357937			
MIR520G_5P	-0.30627892776072724			
GSE6259_CD4_TCELL_VS_CD8_TCELL_UP	-0.3062855308746176			
MCCLUNG_DELTA_FOSB_TARGETS_8WK	-0.30633201856503117			
BIOCARTA_IL6_PATHWAY	-0.3063343423628671			
GSE14415_ACT_VS_CTRL_NATURAL_TREG_DN	-0.30634012039453706			
XU_HGF_TARGETS_INDUCED_BY_AKT1_6HR	-0.306340452475871			
GO_DETECTION_OF_EXTERNAL_BIOTIC_STIMULUS	-0.3063534644868911			
GO_PROTEIN_CATABOLIC_PROCESS	-0.30637894848535613			
CHEN_HOXA5_TARGETS_9HR_UP	-0.30638224732190356			
GSE22432_UNTREATED_VS_TGFB1_TREATED_COMMON_DC_PROGENITOR_DN	-0.30638583977001305			
GO_NEGATIVE_REGULATION_OF_CELLULAR_RESPONSE_TO_GROWTH_FACTOR_STIMULUS	-0.3063862474632749			
GO_ACTIN_CROSSLINK_FORMATION	-0.3063872489911623			
GO_CYSTEINE_TYPE_ENDOPEPTIDASE_ACTIVITY_INVOLVED_IN_APOPTOTIC_SIGNALING_PATHWAY	-0.3064040541958839			
GO_NEGATIVE_REGULATION_OF_MITOCHONDRIAL_MEMBRANE_PERMEABILITY	-0.3064069327078612			
GSE17974_0.5H_VS_72H_UNTREATED_IN_VITRO_CD4_TCELL_DN	-0.30642428255092696			
GSE1432_1H_VS_6H_IFNG_MICROGLIA_DN	-0.30643754409047896			
KIM_GLIS2_TARGETS_DN	-0.3064574951745719			
GO_REGULATION_OF_VASCULAR_SMOOTH_MUSCLE_CELL_PROLIFERATION	-0.30645922719114516			
GO_CARDIAC_VENTRICLE_FORMATION	-0.30647829839311524			
SIG_IL4RECEPTOR_IN_B_LYPHOCYTES	-0.30649359413837474			
GO_DNA_TOPOLOGICAL_CHANGE	-0.30650447015064297			
GSE40068_CXCR5NEG_BCL6NEG_CD4_TCELL_VS_CXCR5POS_BCL6NEG_TFH_UP	-0.3065152889485552			
GO_REGULATION_OF_CELL_ADHESION_MOLECULE_PRODUCTION	-0.3065471472874766			
GO_VENOUS_BLOOD_VESSEL_DEVELOPMENT	-0.30656061762608017			
GO_FIBROBLAST_GROWTH_FACTOR_PRODUCTION	-0.306591016872358			
GO_DETECTION_OF_MOLECULE_OF_BACTERIAL_ORIGIN	-0.30660372486714704			
GSE17186_CD21LOW_VS_CD21HIGH_TRANSITIONAL_BCELL_CORD_BLOOD_DN	-0.30660943309870275			
GO_REGULATION_OF_NUCLEOTIDE_BINDING_OLIGOMERIZATION_DOMAIN_CONTAINING_SIGNALING_PATHWAY	-0.3066388558177442			
HADDAD_T_LYMPHOCYTE_AND_NK_PROGENITOR_DN	-0.3066422854634196			
REACTOME_G_ALPHA_Q_SIGNALLING_EVENTS	-0.3066621132276955			
GSE6259_FLT3L_INDUCED_33D1_POS_DC_VS_BCELL_DN	-0.3066657550919918			
chr4q27	-0.3066741683270072			
GSE17721_POLYIC_VS_PAM3CSK4_4H_BMDC_DN	-0.3066770149244538			
GO_NEGATIVE_REGULATION_OF_HOMOTYPIC_CELL_CELL_ADHESION	-0.3066800205376662			
GO_POSITIVE_REGULATION_OF_VASCULAR_SMOOTH_MUSCLE_CELL_PROLIFERATION	-0.30668442352228176			
GSE42088_UNINF_VS_LEISHMANIA_INF_DC_2H_DN	-0.30668521544529237			
MIR6735_3P	-0.3066900933475133			
IPA_HIF1A_UP	-0.30673103982176303			
GSE17721_LPS_VS_CPG_8H_BMDC_DN	-0.3067537709213706			
MIR6862_3P	-0.30675677713285093			
GO_POSITIVE_REGULATION_OF_TOLL_LIKE_RECEPTOR_SIGNALING_PATHWAY	-0.30675968585090824			
GO_EXTRACELLULAR_MATRIX_STRUCTURAL_CONSTITUENT_CONFERRING_COMPRESSION_RESISTANCE	-0.30678497417462575			
IPA_GATA4_DN	-0.30678846375254276			
GO_REGULATION_OF_FATTY_ACID_METABOLIC_PROCESS	-0.30678967235288			
KEGG_PRION_DISEASES	-0.3068103686101847			
GO_TOLERANCE_INDUCTION_DEPENDENT_UPON_IMMUNE_RESPONSE	-0.30683143816125075			
GO_NADPLUS_KINASE_ACTIVITY	-0.3068444789471117			
GSE17721_POLYIC_VS_GARDIQUIMOD_16H_BMDC_UP	-0.3068592739067949			
KEGG_CALCIUM_SIGNALING_PATHWAY	-0.3068772157585539			
GSE13485_PRE_VS_POST_YF17D_VACCINATION_PBMC_DN	-0.306879579260099			
IPA_TRIM24_DN	-0.30689071235795956			
GO_REGULATION_OF_CELLULAR_RESPONSE_TO_TRANSFORMING_GROWTH_FACTOR_BETA_STIMULUS	-0.3068991377185908			
GSE11961_GERMINAL_CENTER_BCELL_DAY7_VS_GERMINAL_CENTER_BCELL_DAY40_UP	-0.30691963341705136			
GSE22886_NAIVE_CD4_TCELL_VS_NEUTROPHIL_DN	-0.30695079412678067			
GO_PHOSPHATIDYLINOSITOL_3_KINASE_BINDING	-0.30695160307529923			
GO_REGULATION_OF_SYMBIOSIS_ENCOMPASSING_MUTUALISM_THROUGH_PARASITISM	-0.30695718184947135			
GSE3337_CTRL_VS_16H_IFNG_IN_CD8POS_DC_UP	-0.3069789932803356			
GSE14769_UNSTIM_VS_120MIN_LPS_BMDM_UP	-0.3069900323060964			
GSE42088_UNINF_VS_LEISHMANIA_INF_DC_24H_DN	-0.30699325881543577			
GSE16450_IMMATURE_VS_MATURE_NEURON_CELL_LINE_6H_IFNA_STIM_DN	-0.30700395703890704			
GSE26290_CTRL_VS_AKT_INHIBITOR_TREATED_ANTI_CD3_AND_IL2_STIM_CD8_TCELL_UP	-0.3070229528604451			
REACTOME_SIGNALING_BY_PDGF	-0.30703632147113935			
TORCHIA_TARGETS_OF_EWSR1_FLI1_FUSION_TOP20_DN	-0.30703944916376497			
GO_POSITIVE_REGULATION_OF_CELL_FATE_COMMITMENT	-0.3070503777733904			
GO_REGULATION_OF_ENDOSOME_SIZE	-0.30706780804203987			
YAO_HOXA10_TARGETS_VIA_PROGESTERONE_DN	-0.30709412373688333			
SUPT16H_TARGET_GENES	-0.3071128493353235			
BIOCARTA_CYTOKINE_PATHWAY	-0.30712634806273104			
GO_REGULATION_OF_ASTROCYTE_DIFFERENTIATION	-0.30715433683712046			
ZWANG_EGF_INTERVAL_UP	-0.3071639705064607			
GO_MYOBLAST_FUSION	-0.3071704670890542			
GSE20198_UNTREATED_VS_IL12_TREATED_ACT_CD4_TCELL_UP	-0.307177933385321			
GSE6259_33D1_POS_DC_VS_CD4_TCELL_DN	-0.3072048291030101			
MIR5591_5P	-0.3072118826588071			
GSE32423_CTRL_VS_IL4_MEMORY_CD8_TCELL_UP	-0.30721697948829135			
GO_NEGATIVE_T_CELL_SELECTION	-0.30722421648787374			
GO_HSP70_PROTEIN_BINDING	-0.3072414930444115			
VALK_AML_CLUSTER_6	-0.30725176138654037			
GO_MEMBRANE_TO_MEMBRANE_DOCKING	-0.30728158949864987			
GO_AGGRESSIVE_BEHAVIOR	-0.3072924363808188			
REACTOME_PREGNENOLONE_BIOSYNTHESIS	-0.3073003653550138			
GSE42724_B1_BCELL_VS_PLASMABLAST_DN	-0.3073073424096056			
GSE7852_THYMUS_VS_FAT_TCONV_DN	-0.3073165331996737			
PRC2_SUZ12_UP.V1_UP	-0.3073876374873067			
MIR4666B	-0.3074129240425655			
GO_POSITIVE_REGULATION_OF_T_CELL_CYTOKINE_PRODUCTION	-0.30743621960531026			
BROWNE_HCMV_INFECTION_24HR_DN	-0.30746361290843294			
GSE40666_UNTREATED_VS_IFNA_STIM_STAT1_KO_CD8_TCELL_90MIN_DN	-0.30746597122480934			
GSE17721_POLYIC_VS_CPG_2H_BMDC_UP	-0.30747039238805157			
GO_NEGATIVE_REGULATION_OF_GLUCOSE_TRANSMEMBRANE_TRANSPORT	-0.30747088290702257			
ZHENG_RESPONSE_TO_ARSENITE_DN	-0.30749217239465515			
GO_DENDRITIC_SPINE_MEMBRANE	-0.30751150207116484			
GENTILE_UV_LOW_DOSE_DN	-0.30752314101960526			
LUI_THYROID_CANCER_CLUSTER_4	-0.3075445154513901			
GSE17721_LPS_VS_GARDIQUIMOD_4H_BMDC_UP	-0.307550307155362			
MIR3161	-0.3075653269535117			
GSE26669_CTRL_VS_COSTIM_BLOCK_MLR_CD8_TCELL_DN	-0.30758329192864914			
GSE7460_CTRL_VS_TGFB_TREATED_ACT_FOXP3_MUT_TCONV_DN	-0.30759935159540547			
GSE37533_PPARG1_FOXP3_VS_FOXP3_TRANSDUCED_CD4_TCELL_DN	-0.3076006431372562			
DAZARD_RESPONSE_TO_UV_SCC_UP	-0.3076222760228923			
GSE24574_BCL6_HIGH_TFH_VS_TCONV_CD4_TCELL_UP	-0.3076392194116363			
GO_REGULATION_OF_REACTIVE_OXYGEN_SPECIES_BIOSYNTHETIC_PROCESS	-0.3076396405964751			
GO_AMINOGLYCAN_BIOSYNTHETIC_PROCESS	-0.3076423739652801			
ZHAN_MULTIPLE_MYELOMA_MS_DN	-0.3076494754172619			
BIOCARTA_BBCELL_PATHWAY	-0.30765135499979973			
BIOCARTA_NO2IL12_PATHWAY	-0.3076619090210371			
GO_NEGATIVE_REGULATION_OF_ANTIGEN_PROCESSING_AND_PRESENTATION	-0.30767340383297875			
LU_TUMOR_VASCULATURE_UP	-0.3076866352427309			
GO_CARDIOVASCULAR_SYSTEM_DEVELOPMENT	-0.30769012245183136			
REACTOME_METABOLISM_OF_ANGIOTENSINOGEN_TO_ANGIOTENSINS	-0.3076920574034264			
GSE5589_LPS_AND_IL10_VS_LPS_AND_IL6_STIM_MACROPHAGE_45MIN_DN	-0.30770127037930284			
MIR8074	-0.30771068018989745			
REACTOME_SYNTHESIS_OF_PG	-0.30771070097028547			
GSE8868_SPLEEN_VS_INTESTINE_CD11B_POS_CD11C_NEG_DC_DN	-0.30772684489358315			
NAKAMURA_ADIPOGENESIS_LATE_UP	-0.30773335435718707			
GO_REGULATION_OF_COMPLEMENT_DEPENDENT_CYTOTOXICITY	-0.3077679074641944			
GO_REGULATION_OF_SUPEROXIDE_ANION_GENERATION	-0.30777287341978676			
GSE3565_DUSP1_VS_WT_SPLENOCYTES_POST_LPS_INJECTION_DN	-0.3077816192959635			
PHONG_TNF_RESPONSE_NOT_VIA_P38	-0.3077818742957338			
GSE22033_UNTREATED_VS_MRL24_TREATED_MEF_DN	-0.3077888519677085			
GO_POSITIVE_REGULATION_OF_INTERLEUKIN_1_SECRETION	-0.3078332596048112			
GSE13306_TREG_VS_TCONV_LAMINA_PROPRIA_UP	-0.30785500374701696			
GSE22886_IGM_MEMORY_BCELL_VS_BLOOD_PLASMA_CELL_UP	-0.3078688747094435			
GO_NEGATIVE_REGULATION_OF_MYELOID_LEUKOCYTE_MEDIATED_IMMUNITY	-0.30788006192934325			
PID_CMYB_PATHWAY	-0.30788861276172863			
APPEL_IMATINIB_RESPONSE	-0.3079396291920781			
GSE27786_BCELL_VS_NKTCELL_DN	-0.3079564687752767			
GSE3982_EOSINOPHIL_VS_NKCELL_UP	-0.3079579736838892			
REACTOME_EARLY_PHASE_OF_HIV_LIFE_CYCLE	-0.3079588884950652			
GSE17301_IFNA2_VS_IFNA2_AND_ACD3_ACD28_STIM_CD8_TCELL_DN	-0.30796178224215204			
SENGUPTA_EBNA1_ANTICORRELATED	-0.3079637072848691			
GSE36888_STAT5_AB_KNOCKIN_VS_WT_TCELL_IL2_TREATED_6H_DN	-0.3079717289315458			
GSE2770_UNTREATED_VS_IL4_TREATED_ACT_CD4_TCELL_6H_DN	-0.30798732607991197			
GO_PROTEIN_TYROSINE_PHOSPHATASE_ACTIVITY	-0.3079896084796287			
MIR891B	-0.3079968122955776			
MAFG_TARGET_GENES	-0.3079989530248111			
GSE17721_CPG_VS_GARDIQUIMOD_12H_BMDC_UP	-0.3079999887069917			
GO_INTRINSIC_COMPONENT_OF_PRESYNAPTIC_ACTIVE_ZONE_MEMBRANE	-0.308012232180702			
GCTCTTG_MIR335	-0.30802475612390684			
GO_REGULATION_OF_FC_RECEPTOR_MEDIATED_STIMULATORY_SIGNALING_PATHWAY	-0.30805340540970083			
GSE2770_UNTREATED_VS_TGFB_AND_IL4_TREATED_ACT_CD4_TCELL_2H_DN	-0.30805412514974573			
GO_REGULATION_OF_IMMUNOGLOBULIN_SECRETION	-0.3080626139577534			
GO_PEPTIDYL_PROLINE_HYDROXYLATION	-0.3080837815906988			
GSE17974_IL4_AND_ANTI_IL12_VS_UNTREATED_2H_ACT_CD4_TCELL_UP	-0.30809149088159493			
GO_NEGATIVE_REGULATION_OF_I_KAPPAB_KINASE_NF_KAPPAB_SIGNALING	-0.30811393787906			
GSE7764_NKCELL_VS_SPLENOCYTE_DN	-0.30813274716373706			
GO_REGULATION_OF_PROTEIN_MODIFICATION_PROCESS	-0.3081390025450898			
GSE33425_CD161_INT_VS_NEG_CD8_TCELL_UP	-0.30814286566942184			
GO_MAINTENANCE_OF_PROTEIN_LOCATION	-0.30815760912775664			
GSE27786_BCELL_VS_CD8_TCELL_UP	-0.30816993351527605			
RODWELL_AGING_KIDNEY_NO_BLOOD_UP	-0.3081700261400317			
MIR542_3P	-0.3081737456844832			
IPA_NFKB2_DN	-0.3082069875530466			
GO_INTERLEUKIN_18_PRODUCTION	-0.30823189329431283			
GSE29949_MICROGLIA_VS_DC_BRAIN_UP	-0.30823379128124795			
GO_ACTIN_MONOMER_BINDING	-0.30824031121297996			
GSE2770_TGFB_AND_IL4_VS_TGFB_AND_IL12_TREATED_ACT_CD4_TCELL_48H_DN	-0.3082539455664529			
GO_POSITIVE_REGULATION_OF_LIPOPOLYSACCHARIDE_MEDIATED_SIGNALING_PATHWAY	-0.3082582181823767			
ODONNELL_TARGETS_OF_MYC_AND_TFRC_UP	-0.308264308081875			
KRIEG_KDM3A_TARGETS_NOT_HYPOXIA	-0.30831000664597746			
METTL14_TARGET_GENES	-0.30831700905945514			
MIR433_3P	-0.3083258675682758			
XU_HGF_SIGNALING_NOT_VIA_AKT1_6HR	-0.3083471424664987			
GO_FC_EPSILON_RECEPTOR_SIGNALING_PATHWAY	-0.3083474598242735			
GSE14308_TH2_VS_NATURAL_TREG_UP	-0.30834788201386426			
GSE17721_LPS_VS_PAM3CSK4_24H_BMDC_UP	-0.30836055183464955			
GSE20500_RETINOIC_ACID_VS_RARA_ANTAGONIST_TREATED_CD4_TCELL_DN	-0.30837443044750124			
GSE3982_CTRL_VS_LPS_48H_DC_UP	-0.3083865142210459			
GSE17721_LPS_VS_PAM3CSK4_8H_BMDC_DN	-0.30838690400149354			
REACTOME_TGF_BETA_RECEPTOR_SIGNALING_ACTIVATES_SMADS	-0.30839545565072785			
ZHAN_V2_LATE_DIFFERENTIATION_GENES	-0.308398171477613			
GO_CELLULAR_RESPONSE_TO_EXTERNAL_STIMULUS	-0.3084030179412594			
MIR6807_5P	-0.30841686234893345			
GSE25088_CTRL_VS_IL4_AND_ROSIGLITAZONE_STIM_STAT6_KO_MACROPHAGE_DN	-0.3084207792608156			
PID_ANTHRAX_PATHWAY	-0.3084336165361419			
GSE29618_PRE_VS_DAY7_POST_LAIV_FLU_VACCINE_MONOCYTE_UP	-0.30844413821236755			
GSE36891_POLYIC_TLR3_VS_PAM_TLR2_STIM_PERITONEAL_MACROPHAGE_DN	-0.30845495373648335			
IPA_TP63_DN	-0.3084809706457641			
GSE17721_LPS_VS_POLYIC_6H_BMDC_UP	-0.308486602027904			
GSE411_WT_VS_SOCS3_KO_MACROPHAGE_DN	-0.3085259737240649			
GO_NUCLEAR_NUCLEOSOME	-0.30852845029980114			
XU_RESPONSE_TO_TRETINOIN_UP	-0.3085896073596637			
GO_REGULATION_OF_BODY_FLUID_LEVELS	-0.3085944450291977			
IPA_SOHLH1_UP	-0.30860249100330917			
GO_INTERACTION_WITH_HOST	-0.308625744956688			
GO_NEGATIVE_REGULATION_OF_HYDROGEN_PEROXIDE_MEDIATED_PROGRAMMED_CELL_DEATH	-0.30863249515471836			
GO_FORMATION_OF_PRIMARY_GERM_LAYER	-0.3086326952754904			
GSE17721_0.5H_VS_12H_POLYIC_BMDC_DN	-0.3086370313877519			
MARTINEZ_RB1_AND_TP53_TARGETS_UP	-0.30865072210154165			
GO_REGULATION_OF_T_CELL_ACTIVATION_VIA_T_CELL_RECEPTOR_CONTACT_WITH_ANTIGEN_BOUND_TO_MHC_MOLECULE_ON_ANTIGEN_PRESENTING_CELL	-0.30865240249913894			
LEE_AGING_MUSCLE_DN	-0.30865710590130413			
GO_INTERLEUKIN_12_RECEPTOR_BINDING	-0.30866671511424515			
GSE17721_POLYIC_VS_GARDIQUIMOD_2H_BMDC_UP	-0.30867391080968115			
GO_REGULATION_OF_SYNAPTIC_TRANSMISSION_GLUTAMATERGIC	-0.3086748382183983			
GO_MHC_PROTEIN_COMPLEX_BINDING	-0.30867566750611203			
REACTOME_RUNX1_REGULATES_TRANSCRIPTION_OF_GENES_INVOLVED_IN_BCR_SIGNALING	-0.30869084072090625			
GO_ENDOPLASMIC_RETICULUM_GOLGI_INTERMEDIATE_COMPARTMENT	-0.3086911628790904			
GSE23308_CTRL_VS_CORTICOSTERONE_TREATED_MACROPHAGE_MINERALCORTICOID_REC_KO_UP	-0.3087246196014165			
GO_AIM2_INFLAMMASOME_COMPLEX	-0.3087287323243614			
GSE2585_THYMIC_MACROPHAGE_VS_MTEC_DN	-0.3087316067533037			
GSE33292_DN3_THYMOCYTE_VS_TCF1_KO_TCELL_LYMPHOMA_DN	-0.30876054644148004			
MOLENAAR_TARGETS_OF_CCND1_AND_CDK4_UP	-0.30879615540899646			
ZMYND8_TARGET_GENES	-0.3087979522652478			
MIR5588_3P	-0.3088000863886402			
GSE42021_CD24HI_VS_CD24LOW_TREG_THYMUS_DN	-0.3088196653769951			
MIR26A_1_3P	-0.3088507898032876			
ZHU_CMV_ALL_DN	-0.30885457358904883			
GSE15735_CTRL_VS_HDAC_INHIBITOR_TREATED_CD4_TCELL_12H_DN	-0.30888553177197203			
GO_CELLULAR_RESPONSE_TO_COPPER_ION	-0.3089289739338675			
HAHTOLA_CTCL_CUTANEOUS	-0.3089337083346413			
BIOCARTA_KERATINOCYTE_PATHWAY	-0.3089387080701422			
GO_AUTOPHAGOSOME_MEMBRANE	-0.3089445470647192			
GSE17721_0.5H_VS_12H_LPS_BMDC_DN	-0.30895428390477897			
IPA_CDK7_UP	-0.3089626359013997			
MIR4512	-0.3089793138884919			
GO_HETEROTYPIC_CELL_CELL_ADHESION	-0.3089924179444074			
FOSTER_TOLERANT_MACROPHAGE_DN	-0.30900907939957584			
GO_RESPONSE_TO_ANESTHETIC	-0.3090123388645035			
GSE23984_CTRL_VS_HYPOCALEMIC_VITAMIND_ANALOG_TCELL_DN	-0.3090250317588742			
GO_CALCIUM_TRANSMEMBRANE_TRANSPORTER_ACTIVITY_PHOSPHORYLATIVE_MECHANISM	-0.3090253972936626			
GO_REGULATION_OF_MITOCHONDRIAL_FUSION	-0.3090324599490433			
GSE37301_GRANULOCYTE_MONOCYTE_PROGENITOR_VS_RAG2_KO_NK_CELL_DN	-0.30904219483596096			
GO_POSITIVE_REGULATION_OF_CD4_POSITIVE_ALPHA_BETA_T_CELL_PROLIFERATION	-0.3090469164130766			
GO_POSITIVE_REGULATION_OF_MYOTUBE_DIFFERENTIATION	-0.30904916236155316			
MIR3119	-0.30905477945656884			
GSE5542_IFNG_VS_IFNA_AND_IFNG_TREATED_EPITHELIAL_CELLS_6H_UP	-0.30906743144021265			
GSE17974_CTRL_VS_ACT_IL4_AND_ANTI_IL12_72H_CD4_TCELL_DN	-0.30907636583413983			
GSE7460_CTRL_VS_TGFB_TREATED_ACT_TREG_UP	-0.3090817078694925			
SASSON_RESPONSE_TO_FORSKOLIN_DN	-0.309094957949614			
TTGCWCAAY_CEBPB_02	-0.3091137909583196			
GSE1460_INTRATHYMIC_T_PROGENITOR_VS_THYMIC_STROMAL_CELL_UP	-0.3091246998188582			
GO_BIOACTIVE_LIPID_RECEPTOR_ACTIVITY	-0.3091316719927205			
MIR215_5P	-0.3091540386362913			
GO_IMMUNE_RESPONSE_TO_TUMOR_CELL	-0.30915632683354394			
GSE26669_CTRL_VS_COSTIM_BLOCK_MLR_CD4_TCELL_DN	-0.309162209718913			
GO_REGULATION_OF_NON_MEMBRANE_SPANNING_PROTEIN_TYROSINE_KINASE_ACTIVITY	-0.3091633900763738			
GO_REGULATION_OF_DNA_LIGATION	-0.30916458325482793			
VISALA_AGING_LYMPHOCYTE_DN	-0.30916802128763365			
GAVIN_FOXP3_TARGETS_CLUSTER_T7	-0.3091714586765738			
REACTOME_CARGO_RECOGNITION_FOR_CLATHRIN_MEDIATED_ENDOCYTOSIS	-0.3091880062667532			
GSE28408_LY6G_POS_VS_NEG_DC_UP	-0.30921487180975293			
GILMORE_CORE_NFKB_PATHWAY	-0.30922352032779515			
GSE26030_TH1_VS_TH17_DAY5_POST_POLARIZATION_UP	-0.30924497340772505			
CCAWWNAAGG_SRF_Q4	-0.3092556808623291			
GUTIERREZ_WALDENSTROEMS_MACROGLOBULINEMIA_2	-0.30926328826031274			
BMI1_DN.V1_UP	-0.30927069980044464			
MIR3147	-0.309278003790866			
IPA_MED28_DN	-0.3092840029611715			
GO_TUMOR_NECROSIS_FACTOR_RECEPTOR_SUPERFAMILY_BINDING	-0.30930282465222386			
GO_ENDOSOME_LUMEN	-0.3093171738062512			
MIR4444	-0.3093355444258283			
KEGG_FC_GAMMA_R_MEDIATED_PHAGOCYTOSIS	-0.30934266211559985			
IPA_HOXA7_UP	-0.3093647769128024			
XU_GH1_EXOGENOUS_TARGETS_DN	-0.309396998460062			
GO_PEPTIDE_ANTIGEN_BINDING	-0.30942918052918217			
GO_MUSCLE_CELL_DEVELOPMENT	-0.3094357989909417			
GSE6269_FLU_VS_STAPH_AUREUS_INF_PBMC_DN	-0.30945625831616996			
GO_LYMPH_NODE_DEVELOPMENT	-0.3094582654731456			
GSE11961_GERMINAL_CENTER_BCELL_DAY7_VS_MEMORY_BCELL_DAY40_DN	-0.3095527676414384			
GO_LEUKOCYTE_TETHERING_OR_ROLLING	-0.30956447772333917			
MIR4500	-0.30956593334254967			
LEF1_UP.V1_UP	-0.3095726263620124			
MIR924	-0.3095775732247113			
GSE26928_NAIVE_VS_CXCR5_POS_CD4_TCELL_UP	-0.30960250927329774			
GO_METAL_ION_HOMEOSTASIS	-0.3096092055993823			
SCIAN_INVERSED_TARGETS_OF_TP53_AND_TP73_UP	-0.3096110301607818			
chr7p12	-0.3096308167317334			
GO_WOUND_HEALING	-0.30966491627322673			
GO_RESPONSE_TO_CHEMOKINE	-0.30967084663828415			
BIOCARTA_MITOCHONDRIA_PATHWAY	-0.3096788778112604			
GO_POSITIVE_REGULATION_OF_VASCULAR_ENDOTHELIAL_GROWTH_FACTOR_PRODUCTION	-0.3096867009510868			
GSE42021_CD24HI_VS_CD24LOW_TREG_THYMUS_UP	-0.30969269133591526			
GSE22886_NAIVE_CD8_TCELL_VS_NEUTROPHIL_DN	-0.30970644197345765			
MIR4709_5P	-0.30971898686507693			
GO_VACUOLAR_MEMBRANE	-0.3097667851631424			
GSE29618_LAIV_VS_TIV_FLU_VACCINE_DAY7_MDC_UP	-0.3097758324327331			
GO_HYPOTHALAMUS_CELL_DIFFERENTIATION	-0.30977595344404146			
LIEN_BREAST_CARCINOMA_METAPLASTIC	-0.30977786353402587			
GSE39382_IL3_VS_IL3_IL33_TREATED_MAST_CELL_UP	-0.3097826853219935			
GSE37533_PPARG1_FOXP3_VS_PPARG2_FOXP3_TRANSDUCED_CD4_TCELL_PIOGLITAZONE_TREATED_UP	-0.3097900810386062			
GSE15733_BM_VS_SPLEEN_MEMORY_CD4_TCELL_UP	-0.3097919408051225			
STAT5A_01	-0.3098108692595258			
GO_LYMPHOCYTE_AGGREGATION	-0.3098121971971001			
GSE37301_LYMPHOID_PRIMED_MPP_VS_GRAN_MONO_PROGENITOR_UP	-0.3098176528442238			
GO_RESPONSE_TO_ATP	-0.3098188803749299			
GSE43955_1H_VS_60H_ACT_CD4_TCELL_WITH_TGFB_IL6_DN	-0.3098374215758556			
GSE21063_CTRL_VS_ANTI_IGM_STIM_BCELL_8H_UP	-0.30983999798183304			
GO_LUMENAL_SIDE_OF_MEMBRANE	-0.30984132778448964			
MIR4687_5P	-0.3098506160394532			
GO_CELLULAR_RESPONSE_TO_LIPID	-0.30986552821858226			
GO_PHOSPHATIDYLETHANOLAMINE_BINDING	-0.3098755162271341			
GO_REGULATION_OF_LUNG_BLOOD_PRESSURE	-0.3098809990128111			
GO_MRNA_3_UTR_BINDING	-0.3098816393275997			
GSE3720_UNSTIM_VS_LPS_STIM_VD2_GAMMADELTA_TCELL_UP	-0.30988657125329777			
GSE3982_DC_VS_MAC_UP	-0.30994097330096904			
GO_REGULATION_OF_VERY_LOW_DENSITY_LIPOPROTEIN_PARTICLE_CLEARANCE	-0.30994479046039086			
GSE24142_EARLY_THYMIC_PROGENITOR_VS_DN2_THYMOCYTE_DN	-0.30995444817053996			
GSE46606_IRF4HIGH_VS_IRF4MID_CD40L_IL2_IL5_DAY1_STIMULATED_BCELL_UP	-0.30997731154158825			
GSE13547_CTRL_VS_ANTI_IGM_STIM_BCELL_12H_DN	-0.309992723993059			
LINDSTEDT_DENDRITIC_CELL_MATURATION_C	-0.30999710193552327			
GO_CONTRACTILE_FIBER	-0.3100183572385645			
GSE17186_NAIVE_VS_CD21LOW_TRANSITIONAL_BCELL_DN	-0.31002062281313103			
TAGAACC_MIR182	-0.3100230403784203			
GSE2770_TGFB_AND_IL4_VS_IL12_TREATED_ACT_CD4_TCELL_48H_UP	-0.3100355192364742			
PTEN_DN.V2_UP	-0.3100478971557247			
GO_ZINC_ION_HOMEOSTASIS	-0.31004829562796143			
PID_PDGFRB_PATHWAY	-0.31005506302319036			
GO_PERK_MEDIATED_UNFOLDED_PROTEIN_RESPONSE	-0.31007141211743466			
MGGAAGTG_GABP_B	-0.3100809592920386			
ACOSTA_PROLIFERATION_INDEPENDENT_MYC_TARGETS_DN	-0.31008609053861647			
REACTOME_RUNX1_REGULATES_TRANSCRIPTION_OF_GENES_INVOLVED_IN_DIFFERENTIATION_OF_KERATINOCYTES	-0.3101203491688516			
GAZIN_EPIGENETIC_SILENCING_BY_KRAS	-0.3101471394637562			
GO_REGULATION_OF_SYNAPTIC_TRANSMISSION_GABAERGIC	-0.3101496392536893			
GSE14000_4H_VS_16H_LPS_DC_UP	-0.31014977001393224			
GO_BONE_MORPHOGENESIS	-0.31017404258642056			
REACTOME_FCGAMMA_RECEPTOR_FCGR_DEPENDENT_PHAGOCYTOSIS	-0.31021024112073686			
IPA_TAL1_DN	-0.3102127581764911			
GO_ENDOLYSOSOME_LUMEN	-0.31022542174483747			
GO_NEGATIVE_REGULATION_OF_ADENYLATE_CYCLASE_ACTIVATING_G_PROTEIN_COUPLED_RECEPTOR_SIGNALING_PATHWAY	-0.3102280119631885			
GSE43863_NAIVE_VS_MEMORY_TFH_CD4_TCELL_D150_LCMV_DN	-0.3102723632274519			
GO_CHROMOSOME_MOVEMENT_TOWARDS_SPINDLE_POLE	-0.310275127962749			
GO_CYTIDINE_DEAMINASE_ACTIVITY	-0.3102999729366038			
GSE32901_TH1_VS_TH17_ENRICHED_CD4_TCELL_UP	-0.31030846921648664			
GSE17721_LPS_VS_PAM3CSK4_8H_BMDC_UP	-0.31031078048263183			
GSE22886_NAIVE_CD4_TCELL_VS_DC_DN	-0.3103339240715207			
GSE25123_WT_VS_PPARG_KO_MACROPHAGE_DN	-0.3103343989902489			
GO_WALKING_BEHAVIOR	-0.31036906370462886			
GO_FOUR_WAY_JUNCTION_HELICASE_ACTIVITY	-0.31038013506303386			
HOELZEL_NF1_TARGETS_UP	-0.3103928221790375			
GSE11818_WT_VS_DICER_KO_TREG_DN	-0.31042408535867516			
GSE17721_PAM3CSK4_VS_CPG_6H_BMDC_DN	-0.3104261096223225			
REACTOME_DISEASES_OF_GLYCOSYLATION	-0.3104426832588637			
GSE17322_CD103_POS_VS_CD11B_HIGH_LUNG_DC_UP	-0.3104449634505388			
GO_NEGATIVE_REGULATION_OF_CELL_AGING	-0.3104761758079471			
NUMATA_CSF3_SIGNALING_VIA_STAT3	-0.3104783467797122			
GO_REGULATION_OF_SPROUTING_ANGIOGENESIS	-0.31048595645137417			
DUNNE_TARGETS_OF_AML1_MTG8_FUSION_DN	-0.3104898843951493			
GO_POSITIVE_REGULATION_OF_CELLULAR_RESPONSE_TO_DRUG	-0.31050772671911064			
GSE23502_WT_VS_HDC_KO_MYELOID_DERIVED_SUPPRESSOR_CELL_BM_UP	-0.3105121095518232			
GO_POSITIVE_REGULATION_OF_MITOPHAGY	-0.3105226207112189			
GSE5589_LPS_VS_LPS_AND_IL10_STIM_IL6_KO_MACROPHAGE_180MIN_DN	-0.31052302700542805			
IPA_CEBPE_DN	-0.3105280586994349			
GINESTIER_BREAST_CANCER_20Q13_AMPLIFICATION_DN	-0.31053957138932853			
GO_REGULATION_OF_SALIVA_SECRETION	-0.31055458524508456			
GSE43863_LY6C_INT_CXCR5POS_VS_LY6C_LOW_CXCR5NEG_EFFECTOR_CD4_TCELL_UP	-0.31056355806489155			
GSE39556_CD8A_DC_VS_NK_CELL_MOUSE_3H_POST_POLYIC_INJ_DN	-0.31056653790974204			
REACTOME_TNFS_BIND_THEIR_PHYSIOLOGICAL_RECEPTORS	-0.3105704866916815			
DASU_IL6_SIGNALING_UP	-0.31057437077634636			
GSE13493_DP_VS_CD8POS_THYMOCYTE_UP	-0.3105972978234796			
PID_GMCSF_PATHWAY	-0.3105978026467402			
GSE37533_PPARG1_FOXP3_VS_PPARG2_FOXP3_TRANSDUCED_CD4_TCELL_DN	-0.31060495610724004			
GO_T_TUBULE_ORGANIZATION	-0.31061565686462694			
GSE3982_DC_VS_MAC_LPS_STIM_DN	-0.31061681331718133			
ABDULRAHMAN_KIDNEY_CANCER_VHL_DN	-0.31062313853367246			
GO_PROTEIN_ADP_RIBOSYLASE_ACTIVITY	-0.31063102649228314			
GO_NEGATIVE_REGULATION_OF_ADENYLATE_CYCLASE_ACTIVATING_ADRENERGIC_RECEPTOR_SIGNALING_PATHWAY	-0.31066745289194925			
GARGALOVIC_RESPONSE_TO_OXIDIZED_PHOSPHOLIPIDS_RED_UP	-0.3106851711250381			
GSE45365_WT_VS_IFNAR_KO_BCELL_UP	-0.3106860576759814			
GO_REGULATION_OF_ENDOCYTOSIS	-0.3107064858672737			
PID_TCR_CALCIUM_PATHWAY	-0.3107085733484233			
GSE23502_BM_VS_COLON_TUMOR_MYELOID_DERIVED_SUPPRESSOR_CELL_DN	-0.31070980961663514			
GO_INTERLEUKIN_4_PRODUCTION	-0.3107147936381069			
MIR212_3P	-0.3107180731672828			
GSE24574_NAIVE_VS_TCONV_CD4_TCELL_UP	-0.31071814309101925			
GO_CELLULAR_RESPONSE_TO_VASCULAR_ENDOTHELIAL_GROWTH_FACTOR_STIMULUS	-0.3107278503443731			
SRF_01	-0.3107291520857395			
GO_REGULATION_OF_EXECUTION_PHASE_OF_APOPTOSIS	-0.3107393732271484			
GO_MEMBRANE_PROTEIN_PROTEOLYSIS	-0.3107421141981259			
GO_NEGATIVE_REGULATION_OF_CELL_KILLING	-0.3107537665209462			
GO_NEGATIVE_REGULATION_OF_VOLTAGE_GATED_POTASSIUM_CHANNEL_ACTIVITY	-0.31077206667869794			
chr2q33	-0.31078718135755024			
GO_RESPONSE_TO_NITROGEN_COMPOUND	-0.3107897532457156			
REACTOME_MUSCLE_CONTRACTION	-0.3107993446958704			
GSE40685_NAIVE_CD4_TCELL_VS_FOXP3_KO_TREG_PRECURSOR_UP	-0.3108098954220975			
GSE22601_IMMATURE_CD4_SINGLE_POSITIVE_VS_CD4_SINGLE_POSITIVE_THYMOCYTE_DN	-0.31082005132308715			
GO_OSTEOCLAST_PROLIFERATION	-0.31082212454294605			
PID_SYNDECAN_2_PATHWAY	-0.3108318214552515			
REACTOME_PROSTANOID_LIGAND_RECEPTORS	-0.31083815137002185			
GO_CYTOKINE_SECRETION_INVOLVED_IN_IMMUNE_RESPONSE	-0.3108528124529197			
REACTOME_INFLAMMASOMES	-0.31086024674958807			
KEGG_HYPERTROPHIC_CARDIOMYOPATHY_HCM	-0.3108683143751425			
GSE37301_COMMON_LYMPHOID_PROGENITOR_VS_RAG2_KO_NK_CELL_DN	-0.31087800906925317			
PAPASPYRIDONOS_UNSTABLE_ATEROSCLEROTIC_PLAQUE_UP	-0.31089153655957563			
GSE2585_THYMIC_DC_VS_MTEC_UP	-0.3108929908833795			
GO_REGULATION_OF_PROTEIN_MATURATION	-0.3109309738307868			
IPA_SMAD3_UP	-0.3109413173967084			
TURJANSKI_MAPK7_TARGETS	-0.3109429066807824			
ZHAN_MULTIPLE_MYELOMA_MF_DN	-0.3109627426846157			
GO_CELLULAR_HOMEOSTASIS	-0.3109749685121672			
GSE6259_FLT3L_INDUCED_DEC205_POS_DC_VS_BCELL_DN	-0.31097822009057835			
HERNANDEZ_MITOTIC_ARREST_BY_DOCETAXEL_2_UP	-0.31098508750745096			
GO_OUTER_EAR_MORPHOGENESIS	-0.310985491255198			
GSE13522_CTRL_VS_T_CRUZI_Y_STRAIN_INF_SKIN_IFNG_KO_DN	-0.31098794119002865			
KEGG_NICOTINATE_AND_NICOTINAMIDE_METABOLISM	-0.31100304854181327			
CTACCTC_LET7A_LET7B_LET7C_LET7D_LET7E_LET7F_MIR98_LET7G_LET7I	-0.31103634269064884			
MIR548AT_3P	-0.31103880540141005			
IPA_FOXM1_UP	-0.31104349355916217			
GO_MEGAKARYOCYTE_DEVELOPMENT	-0.31105483428693276			
GO_EXTRINSIC_COMPONENT_OF_PRESYNAPTIC_MEMBRANE	-0.3110577837509177			
GSE339_CD4POS_VS_CD4CD8DN_DC_IN_CULTURE_DN	-0.3110799116578439			
GO_POSITIVE_REGULATION_OF_AXON_EXTENSION	-0.3110821806103971			
BIOCARTA_AMI_PATHWAY	-0.31109302029803987			
GO_REGULATION_OF_PROTEIN_FOLDING	-0.3110988223904833			
GSE3982_MAC_VS_CENT_MEMORY_CD4_TCELL_UP	-0.3111017359451786			
BOWIE_RESPONSE_TO_TAMOXIFEN	-0.31113222078074143			
GO_SEQUESTERING_OF_ACTIN_MONOMERS	-0.31114844874709063			
GO_NUCLEOSIDE_CATABOLIC_PROCESS	-0.3111546532103504			
GO_LEWY_BODY	-0.31115929763044264			
GSE13306_RA_VS_UNTREATED_MEM_CD4_TCELL_DN	-0.3111755622757006			
CENPT_TARGET_GENES	-0.31119300279906575			
GSE36009_WT_VS_NLRP10_KO_DC_DN	-0.31120401435843503			
GO_PHOSPHOLIPASE_INHIBITOR_ACTIVITY	-0.3112041540123546			
GSE6092_IFNG_VS_IFNG_AND_B_BURGDORFERI_INF_ENDOTHELIAL_CELL_DN	-0.3112042423031488			
REACTOME_INTERLEUKIN_2_FAMILY_SIGNALING	-0.31120910399371315			
REACTOME_STRIATED_MUSCLE_CONTRACTION	-0.31122531760080285			
GO_ANTIGEN_PROCESSING_AND_PRESENTATION_OF_ENDOGENOUS_PEPTIDE_ANTIGEN	-0.31123141669926546			
GO_NEGATIVE_REGULATION_OF_DEFENSE_RESPONSE_TO_VIRUS	-0.311233765477606			
GSE3982_DC_VS_NEUTROPHIL_DN	-0.31123431836277426			
GO_PROTEASOME_CORE_COMPLEX_BETA_SUBUNIT_COMPLEX	-0.31123492304076783			
GO_NEGATIVE_REGULATION_OF_PROTEOLYSIS	-0.3112715691205758			
GO_RESPONSE_TO_PHORBOL_13_ACETATE_12_MYRISTATE	-0.31127570380979797			
GO_CELLULAR_PROCESS_INVOLVED_IN_REPRODUCTION_IN_MULTICELLULAR_ORGANISM	-0.3112877331927057			
GO_REGULATION_OF_VIRAL_LIFE_CYCLE	-0.3112954519292779			
GO_REGULATION_OF_INTERFERON_GAMMA_SECRETION	-0.3113131359001964			
IPA_IRF1_DN	-0.3113213356841622			
RAF_UP.V1_UP	-0.3113228042604141			
GO_POSITIVE_REGULATION_OF_SIGNALING	-0.3113269898260255			
REACTOME_VESICLE_MEDIATED_TRANSPORT	-0.31134657236115737			
GO_NEGATIVE_REGULATION_OF_HYDROLASE_ACTIVITY	-0.31135346522060414			
URS_ADIPOCYTE_DIFFERENTIATION_DN	-0.3113550158295016			
GSE42088_UNINF_VS_LEISHMANIA_INF_DC_2H_UP	-0.31135725417575894			
GSE19888_ADENOSINE_A3R_INH_VS_ACT_WITH_INHIBITOR_PRETREATMENT_IN_MAST_CELL_UP	-0.31138269161244514			
MIR8084	-0.3113834224274418			
GSE3982_DC_VS_NEUTROPHIL_LPS_STIM_DN	-0.31139323072281905			
GO_RENAL_SODIUM_EXCRETION	-0.3114080066038225			
TING_SILENCED_BY_DICER	-0.31140843805882745			
GSE20727_CTRL_VS_DNFB_ALLERGEN_TREATED_DC_UP	-0.31141763509921744			
GTGTTGA_MIR505	-0.31143575990137845			
GO_NEGATIVE_REGULATION_OF_CELL_ADHESION	-0.3114367665203603			
GO_NEGATIVE_REGULATION_OF_ADAPTIVE_IMMUNE_RESPONSE	-0.3114571631311109			
GSE9988_ANTI_TREM1_VS_ANTI_TREM1_AND_LPS_MONOCYTE_UP	-0.31145910386285613			
GO_REGULATION_OF_MYOBLAST_FUSION	-0.311461280749738			
IPA_SPI1_UP	-0.3114703372121981			
PARK_TRETINOIN_RESPONSE	-0.3114891178567952			
IPA_RELB_DN	-0.31151189237707805			
GSE360_L_DONOVANI_VS_B_MALAYI_HIGH_DOSE_MAC_DN	-0.31152884043086515			
GO_POSITIVE_REGULATION_OF_NON_CANONICAL_WNT_SIGNALING_PATHWAY	-0.31154772139831555			
GSE17974_1.5H_VS_72H_IL4_AND_ANTI_IL12_ACT_CD4_TCELL_UP	-0.31155698409785115			
GO_POSITIVE_REGULATION_OF_TOLL_LIKE_RECEPTOR_3_SIGNALING_PATHWAY	-0.31156542781083085			
CHANG_POU5F1_TARGETS_DN	-0.31157061118615137			
GO_REGULATION_OF_DEFENSE_RESPONSE_TO_VIRUS_BY_VIRUS	-0.31163284310199973			
MIR4804_3P	-0.3116363558220842			
FINAK_BREAST_CANCER_SDPP_SIGNATURE	-0.3116611354662944			
GO_REGULATION_OF_ACUTE_INFLAMMATORY_RESPONSE_TO_ANTIGENIC_STIMULUS	-0.31167556683626413			
GSE1925_3H_VS_24H_IFNG_STIM_MACROPHAGE_DN	-0.3116765143190161			
GSE5589_LPS_AND_IL10_VS_LPS_AND_IL6_STIM_IL10_KO_MACROPHAGE_45MIN_DN	-0.3116778592597316			
IPA_MYCN_DN	-0.3116841820438412			
GCCNNNWTAAR_UNKNOWN	-0.3117081414802631			
GSE22886_DAY0_VS_DAY7_MONOCYTE_IN_CULTURE_DN	-0.31172372615158245			
GO_REGULATION_OF_HOMOTYPIC_CELL_CELL_ADHESION	-0.3117517139586838			
GO_RESPONSE_TO_LIPID	-0.31176439338204776			
GSE17721_CTRL_VS_GARDIQUIMOD_0.5H_BMDC_UP	-0.3117774030192836			
BILBAN_B_CLL_LPL_UP	-0.31178336415221497			
BASSO_B_LYMPHOCYTE_NETWORK	-0.31180919349905056			
GSE3982_MAC_VS_NKCELL_UP	-0.31181138424346333			
GSE46242_CTRL_VS_EGR2_DELETED_TH1_CD4_TCELL_UP	-0.3118133332712349			
GSE6092_B_BURGDOFERI_VS_B_BURGDORFERI_AND_IFNG_STIM_ENDOTHELIAL_CELL_UP	-0.31183055931864884			
REACTOME_DISSOLUTION_OF_FIBRIN_CLOT	-0.31183280478062547			
GSE2706_R848_VS_R848_AND_LPS_2H_STIM_DC_DN	-0.31183348873222416			
GO_NEGATIVE_REGULATION_OF_INTERFERON_GAMMA_PRODUCTION	-0.31183800148630136			
MIR556_5P	-0.3118520791494875			
MIR3156_5P	-0.3118536426605393			
GO_PLASMA_MEMBRANE_REPAIR	-0.31187090239901827			
GSE32034_LY6C_HIGH_VS_LOW_ROSIGLIZATONE_TREATED_MONOCYTE_DN	-0.31187854559596423			
GO_MYELOID_CELL_HOMEOSTASIS	-0.31192167058567694			
GO_NATURAL_KILLER_CELL_DEGRANULATION	-0.31193673724695065			
NFKB_Q6_01	-0.3119439021756566			
GO_REGULATION_OF_INTEGRIN_MEDIATED_SIGNALING_PATHWAY	-0.31194792320248915			
GSE16522_ANTI_CD3CD28_STIM_VS_UNSTIM_NAIVE_CD8_TCELL_DN	-0.31196513021863126			
REACTOME_AMYLOID_FIBER_FORMATION	-0.31198280654621463			
GO_POSITIVE_REGULATION_OF_THE_FORCE_OF_HEART_CONTRACTION	-0.31198435163050375			
GSE41176_WT_VS_TAK1_KO_ANTI_IGM_STIM_BCELL_6H_UP	-0.3119934333221184			
GO_POSITIVE_REGULATION_OF_PROTEIN_CONTAINING_COMPLEX_DISASSEMBLY	-0.31200477097338974			
BROWNE_HCMV_INFECTION_12HR_DN	-0.3120544304546277			
GO_ENDOCYTIC_PATCH	-0.3120645125658905			
GO_COMPLEMENT_DEPENDENT_CYTOTOXICITY	-0.3121138313085723			
GSE13522_WT_VS_IFNAR_KO_SKING_T_CRUZI_Y_STRAIN_INF_UP	-0.31214026220799823			
ROSS_AML_WITH_AML1_ETO_FUSION	-0.31216304947988804			
ZNF486_TARGET_GENES	-0.31217012130105926			
PID_IL8_CXCR1_PATHWAY	-0.3121760108138689			
CHESLER_BRAIN_QTL_TRANS	-0.3121955793787808			
GO_RELEASE_OF_SEQUESTERED_CALCIUM_ION_INTO_CYTOSOL_BY_ENDOPLASMIC_RETICULUM	-0.3122011607022817			
GSE17721_CTRL_VS_LPS_8H_BMDC_DN	-0.31222307537076466			
GSE11961_GERMINAL_CENTER_BCELL_DAY7_VS_PLASMA_CELL_DAY7_UP	-0.31222452453272875			
GO_CORTICAL_CYTOSKELETON_ORGANIZATION	-0.31223624244991616			
REACTOME_PARASITE_INFECTION	-0.31224081496379263			
BROWNE_HCMV_INFECTION_1HR_UP	-0.3122635104953981			
GSE7460_CD8_TCELL_VS_TREG_ACT_UP	-0.3122648988813219			
GSE23321_CD8_STEM_CELL_MEMORY_VS_NAIVE_CD8_TCELL_DN	-0.31228383004010457			
KEGG_EPITHELIAL_CELL_SIGNALING_IN_HELICOBACTER_PYLORI_INFECTION	-0.3122978157850393			
GO_POSITIVE_REGULATION_OF_CYSTEINE_TYPE_ENDOPEPTIDASE_ACTIVITY	-0.3122988173132811			
IPA_SP4_DN	-0.3123038422267436			
MIR6771_3P	-0.3123064976977285			
TOMLINS_PROSTATE_CANCER_DN	-0.31231740381314843			
GO_CLATHRIN_SCULPTED_VESICLE	-0.31232435033174294			
REACTOME_GRB2_SOS_PROVIDES_LINKAGE_TO_MAPK_SIGNALING_FOR_INTEGRINS	-0.3123700480330177			
GSE17974_0H_VS_12H_IN_VITRO_ACT_CD4_TCELL_UP	-0.31238603721181835			
PID_TXA2PATHWAY	-0.31240785949705335			
MIR132_3P	-0.3124208526448211			
GO_PML_BODY_ORGANIZATION	-0.31243183855549905			
GO_NEGATIVE_REGULATION_OF_PERK_MEDIATED_UNFOLDED_PROTEIN_RESPONSE	-0.31243194936424046			
GSE15330_HSC_VS_GRANULOCYTE_MONOCYTE_PROGENITOR_DN	-0.312441712761414			
NAGY_PCAF_COMPONENTS_HUMAN	-0.31246625945256973			
IPA_KDR_UP	-0.3124703744532902			
GO_REGULATION_OF_WNT_SIGNALING_PATHWAY_PLANAR_CELL_POLARITY_PATHWAY	-0.3124947051868561			
GSE6269_E_COLI_VS_STAPH_AUREUS_INF_PBMC_DN	-0.3124975257158708			
GSE11864_CSF1_IFNG_VS_CSF1_PAM3CYS_IN_MAC_DN	-0.3125048127615207			
OSWALD_HEMATOPOIETIC_STEM_CELL_IN_COLLAGEN_GEL_DN	-0.3125067081279215			
GO_PERIPHERAL_NERVOUS_SYSTEM_NEURON_DIFFERENTIATION	-0.31251343929079345			
GO_REGULATION_OF_PEPTIDE_SECRETION	-0.3125443660662517			
BIOCARTA_STRESS_PATHWAY	-0.31257088434293223			
HOEGERKORP_CD44_TARGETS_DIRECT_UP	-0.31258688634106			
GO_MAINTENANCE_OF_PROTEIN_LOCATION_IN_NUCLEUS	-0.3125926625394617			
IPA_SNAI1_UP	-0.31260438744215335			
GSE22886_NAIVE_BCELL_VS_BM_PLASMA_CELL_UP	-0.3126062682831524			
GO_REGULATION_OF_MRNA_SPLICING_VIA_SPLICEOSOME	-0.3126090349901611			
MAHADEVAN_GIST_MORPHOLOGICAL_SWITCH	-0.3126221190029643			
GSE32423_IL7_VS_IL7_IL4_NAIVE_CD8_TCELL_DN	-0.3126413096330464			
GSE3982_MAST_CELL_VS_CENT_MEMORY_CD4_TCELL_UP	-0.31266704680082863			
TRAYNOR_RETT_SYNDROM_UP	-0.31266841470959916			
GO_NEGATIVE_REGULATION_OF_LEUKOCYTE_CELL_CELL_ADHESION	-0.31266970061564625			
GSE23308_CTRL_VS_CORTICOSTERONE_TREATED_MACROPHAGE_MINERALCORTICOID_REC_KO_DN	-0.31269862269525883			
chr11q22	-0.3127105707816788			
GSE13229_IMM_VS_INTMATURE_NKCELL_DN	-0.312756795646232			
KOBAYASHI_EGFR_SIGNALING_6HR_DN	-0.31276098396059426			
GO_HIPPOCAMPUS_DEVELOPMENT	-0.31277991178213715			
GSE9601_NFKB_INHIBITOR_VS_PI3K_INHIBITOR_TREATED_HCMV_INF_MONOCYTE_DN	-0.31278040253058526			
GSE8921_UNSTIM_VS_TLR1_2_STIM_MONOCYTE_3H_DN	-0.3128139515422162			
MIKKELSEN_IPS_HCP_WITH_H3_UNMETHYLATED	-0.3128335110971202			
GO_RESPONSE_TO_THYROID_HORMONE	-0.3128589947626486			
BIOCARTA_IL4_PATHWAY	-0.3128806622918608			
SASSON_RESPONSE_TO_GONADOTROPHINS_DN	-0.3128877619862879			
REACTOME_PEPTIDE_HORMONE_METABOLISM	-0.31290273250744977			
GSE6674_ANTI_IGM_VS_ANTI_IGM_AND_CPG_STIM_BCELL_UP	-0.31290861323971075			
GSE5589_LPS_VS_LPS_AND_IL10_STIM_MACROPHAGE_45MIN_UP	-0.312921428445848			
GSE22140_HEALTHY_VS_ARTHRITIC_GERMFREE_MOUSE_CD4_TCELL_UP	-0.3129966264610676			
GSE10094_LCMV_VS_LISTERIA_IND_EFF_CD4_TCELL_UP	-0.31299689736565806			
ABDELMOHSEN_ELAVL4_TARGETS	-0.31299752310558937			
GSE14350_IL2RB_KO_VS_WT_TEFF_DN	-0.3130003293649233			
IPA_STAT6_DN	-0.31300216923778895			
GO_INTERLEUKIN_1_SECRETION	-0.3130159545791638			
GSE3982_MAST_CELL_VS_NKCELL_UP	-0.3130281236116769			
MIR301A_5P	-0.31306017294576066			
MIR301B_5P	-0.31306017294576066			
GO_REGULATION_OF_MYOTUBE_DIFFERENTIATION	-0.3130641789853503			
GO_VASCULAR_SMOOTH_MUSCLE_CONTRACTION	-0.3130722254038458			
GSE5679_RARA_AGONIST_AM580_VS_AM580_AND_ROSIGLITAZONE_TREATED_DC_UP	-0.3130893915430549			
REACTOME_CALCINEURIN_ACTIVATES_NFAT	-0.31309043661086927			
CHUNG_BLISTER_CYTOTOXICITY_DN	-0.31309622659201547			
GSE2770_IL12_VS_TGFB_AND_IL12_TREATED_ACT_CD4_TCELL_6H_DN	-0.3131031274025635			
GSE17186_CD21LOW_VS_CD21HIGH_TRANSITIONAL_BCELL_DN	-0.3131181532494338			
GO_SYNCYTIUM_FORMATION	-0.3131190428114226			
GO_SECRETORY_GRANULE	-0.3131301784994764			
GSE3720_UNSTIM_VS_PMA_STIM_VD1_GAMMADELTA_TCELL_UP	-0.31315296808536697			
CALVET_IRINOTECAN_SENSITIVE_VS_REVERTED_UP	-0.3131615119810767			
GSE22601_DOUBLE_POSITIVE_VS_CD8_SINGLE_POSITIVE_THYMOCYTE_DN	-0.3131947632252543			
GSE1791_CTRL_VS_NEUROMEDINU_IN_T_CELL_LINE_6H_DN	-0.3132102553879914			
GO_REGULATION_OF_RETINAL_GANGLION_CELL_AXON_GUIDANCE	-0.313211679348649			
GO_REGULATION_OF_FIBROBLAST_MIGRATION	-0.31322659757534727			
GO_COATED_VESICLE_MEMBRANE	-0.3132466788835832			
GSE10240_IL22_VS_IL22_AND_IL17_STIM_PRIMARY_BRONCHIAL_EPITHELIAL_CELLS_UP	-0.3132508307516149			
IPA_CHD4_UP	-0.3132860864347019			
GO_VESICLE_ORGANIZATION	-0.313290363144248			
GO_REGULATION_OF_CELL_CELL_ADHESION_MEDIATED_BY_INTEGRIN	-0.3132926089041676			
GO_OLFACTORY_BULB_INTERNEURON_DIFFERENTIATION	-0.31329416268937443			
GSE6259_FLT3L_INDUCED_DEC205_POS_DC_VS_BCELL_UP	-0.3133061123255845			
GSE1925_CTRL_VS_IFNG_PRIMED_MACROPHAGE_24H_IFNG_STIM_UP	-0.31331227675122975			
GSE14769_20MIN_VS_360MIN_LPS_BMDM_DN	-0.3133168626500557			
GSE3720_LPS_VS_PMA_STIM_VD2_GAMMADELTA_TCELL_UP	-0.31332450928349553			
GSE17721_0.5H_VS_8H_LPS_BMDC_DN	-0.31337569658667336			
GO_REGULATION_OF_MEMBRANE_PROTEIN_ECTODOMAIN_PROTEOLYSIS	-0.3133896970544846			
STEARMAN_TUMOR_FIELD_EFFECT_UP	-0.3134218871439639			
GO_REGULATION_OF_MULTI_ORGANISM_PROCESS	-0.3134363831114105			
GO_EXTRACELLULAR_STRUCTURE_ORGANIZATION	-0.31345346264874774			
REACTOME_NF_KB_ACTIVATION_THROUGH_FADD_RIP_1_PATHWAY_MEDIATED_BY_CASPASE_8_AND_10	-0.31346936143064474			
GSE20715_0H_VS_24H_OZONE_LUNG_UP	-0.3134817120065334			
GO_SKELETAL_MUSCLE_CELL_PROLIFERATION	-0.31349241646652226			
GO_POSITIVE_REGULATION_OF_CELL_PROLIFERATION_INVOLVED_IN_HEART_MORPHOGENESIS	-0.31352830264844445			
ITO_PTTG1_TARGETS_DN	-0.3135409829742104			
IPA_SKI_DN	-0.3135478565538398			
XU_AKT1_TARGETS_6HR	-0.31355441846095017			
MIR3945	-0.3135717023480046			
MIR6811_5P	-0.3135838934700166			
GSE37605_C57BL6_VS_NOD_FOXP3_IRES_GFP_TREG_DN	-0.31361649438401484			
GSE18893_TCONV_VS_TREG_2H_CULTURE_UP	-0.31362126435195675			
GSE17721_POLYIC_VS_GARDIQUIMOD_24H_BMDC_UP	-0.31362445995185323			
ZIRN_TRETINOIN_RESPONSE_WT1_UP	-0.31362506398467543			
MIR3167	-0.31362674922091205			
WOOD_EBV_EBNA1_TARGETS_DN	-0.31363685826433413			
GENTILE_UV_HIGH_DOSE_UP	-0.3136379632112392			
LI_WILMS_TUMOR_ANAPLASTIC_DN	-0.31366498038794005			
GSE3982_MAST_CELL_VS_NEUTROPHIL_DN	-0.31368507044250743			
BOYLAN_MULTIPLE_MYELOMA_C_D_DN	-0.3136879629878715			
GO_CYSTEINE_TYPE_ENDOPEPTIDASE_INHIBITOR_ACTIVITY_INVOLVED_IN_APOPTOTIC_PROCESS	-0.31369564986797216			
GO_POSITIVE_REGULATION_OF_ENDOTHELIAL_CELL_MIGRATION	-0.3136998402022847			
GSE39820_TGFBETA3_IL6_VS_TGFBETA3_IL6_IL23A_TREATED_CD4_TCELL_UP	-0.31370284181282326			
REACTOME_FCERI_MEDIATED_CA_2_MOBILIZATION	-0.31373154916487805			
GO_T_CELL_HOMEOSTASIS	-0.31375303699317836			
DORSAM_HOXA9_TARGETS_DN	-0.31377037006082015			
GO_POSITIVE_REGULATION_OF_ANTIGEN_RECEPTOR_MEDIATED_SIGNALING_PATHWAY	-0.31377254091268036			
IPA_DDB2_UP	-0.3137731084976503			
IPA_ABL1_DN	-0.3137861648551411			
GSE12366_PLASMA_CELL_VS_NAIVE_BCELL_DN	-0.3138024447779437			
GO_MICROTUBULE_ASSOCIATED_COMPLEX	-0.31381038193551297			
REACTOME_CELL_EXTRACELLULAR_MATRIX_INTERACTIONS	-0.31381999949908224			
GSE37605_C57BL6_VS_NOD_FOXP3_FUSION_GFP_TCONV_DN	-0.31385643654987766			
GO_POSITIVE_REGULATION_OF_APOPTOTIC_DNA_FRAGMENTATION	-0.3138842696567676			
GSE41867_DAY6_EFFECTOR_VS_DAY30_EXHAUSTED_CD8_TCELL_LCMV_CLONE13_UP	-0.31388619792562605			
GSE3039_CD4_TCELL_VS_B1_BCELL_UP	-0.3139044666804899			
BOYLAN_MULTIPLE_MYELOMA_PCA1_UP	-0.313915213788283			
GAUSSMANN_MLL_AF4_FUSION_TARGETS_B_UP	-0.31392240603785165			
GO_REGULATION_OF_CD40_SIGNALING_PATHWAY	-0.3139244939453352			
MIKKELSEN_NPC_ICP_WITH_H3K4ME3	-0.3139566782364622			
GSE3720_LPS_VS_PMA_STIM_VD1_GAMMADELTA_TCELL_DN	-0.31396505603359554			
GO_REGULATION_OF_PLASMINOGEN_ACTIVATION	-0.31396729778380816			
MIR376B_5P_MIR376C_5P	-0.31400158821140234			
GSE16266_LPS_VS_HEATSHOCK_AND_LPS_STIM_MEF_UP	-0.31400514718659495			
HENDRICKS_SMARCA4_TARGETS_DN	-0.31405374938684655			
GSE5960_TH1_VS_ANERGIC_TH1_DN	-0.31406423431222236			
AMIT_EGF_RESPONSE_240_MCF10A	-0.3140769592459701			
MARSHALL_VIRAL_INFECTION_RESPONSE_DN	-0.31408631375066065			
MIR3925_3P	-0.3140900785719853			
ROZANOV_MMP14_TARGETS_DN	-0.3141047842617002			
IPA_HOXB8_DN	-0.3141119993308973			
MCBRYAN_PUBERTAL_TGFB1_TARGETS_UP	-0.31413032386272255			
GSE11961_MEMORY_BCELL_DAY7_VS_PLASMA_CELL_DAY7_DN	-0.31413900014125834			
GSE3982_MAC_VS_EFF_MEMORY_CD4_TCELL_UP	-0.31415159957698546			
GO_NEGATIVE_REGULATION_OF_INTRACELLULAR_SIGNAL_TRANSDUCTION	-0.3142036645941078			
GO_LYMPHOCYTE_HOMEOSTASIS	-0.3142271177576667			
MIR6794_3P	-0.31423521091790957			
GO_AORTA_SMOOTH_MUSCLE_TISSUE_MORPHOGENESIS	-0.3142409219750983			
GO_POSITIVE_REGULATION_OF_NEURON_PROJECTION_REGENERATION	-0.3142433452302832			
GSE25088_CTRL_VS_IL4_AND_ROSIGLITAZONE_STIM_MACROPHAGE_UP	-0.31425034483187864			
IPA_AHR_DN	-0.31425944588508203			
REACTOME_TOLL_LIKE_RECEPTOR_9_TLR9_CASCADE	-0.31427148837355207			
GSE40666_WT_VS_STAT4_KO_CD8_TCELL_DN	-0.3142816690421621			
GO_DENDRITIC_CELL_MIGRATION	-0.31428866041012654			
IPA_ID2_DN	-0.3142906633184028			
REACTOME_SIGNALING_BY_CYTOSOLIC_FGFR1_FUSION_MUTANTS	-0.3142987390595526			
GSE22886_IGG_IGA_MEMORY_BCELL_VS_BLOOD_PLASMA_CELL_DN	-0.3143107096525374			
GSE20715_WT_VS_TLR4_KO_6H_OZONE_LUNG_UP	-0.31433863167164117			
MIR451A	-0.31436395084405716			
KANG_AR_TARGETS_DN	-0.3143691058909113			
NUTT_GBM_VS_AO_GLIOMA_UP	-0.3143813882623052			
GSE43863_LY6C_INT_CXCR5POS_VS_LY6C_LOW_CXCR5NEG_EFFECTOR_CD4_TCELL_DN	-0.3144010166460981			
GO_IMMUNOGLOBULIN_SECRETION	-0.31440827159587137			
JEON_SMAD6_TARGETS_UP	-0.314414322391071			
GO_NEGATIVE_REGULATION_OF_SPROUTING_ANGIOGENESIS	-0.31444830872857715			
GO_GALACTOSE_BINDING	-0.3144773206212395			
RUTELLA_RESPONSE_TO_HGF_UP	-0.3144819984803676			
GO_REGULATION_OF_KINASE_ACTIVITY	-0.31451034210075735			
BIOCARTA_CD40_PATHWAY	-0.314510387504209			
GSE9988_LPS_VS_CTRL_TREATED_MONOCYTE_DN	-0.3145161940845883			
GO_CARBOHYDRATE_TRANSMEMBRANE_TRANSPORT	-0.3145443786913937			
GSE19941_LPS_VS_LPS_AND_IL10_STIM_IL10_KO_NFKBP50_KO_MACROPHAGE_DN	-0.3145456183642646			
GSE34006_A2AR_KO_VS_A2AR_AGONIST_TREATED_TREG_DN	-0.31456396904991846			
GSE17580_UNINFECTED_VS_S_MANSONI_INF_TEFF_UP	-0.3145803537785237			
GSE7548_NAIVE_VS_DAY7_PCC_IMMUNIZATION_CD4_TCELL_DN	-0.31458224842847005			
GSE40443_INDUCED_VS_TOTAL_TREG_UP	-0.31458563057819106			
GO_CYTOKINE_ACTIVITY	-0.31459158224381717			
GSE42021_CD24INT_VS_CD24LOW_TCONV_THYMUS_DN	-0.31459913735790096			
GSE5099_CLASSICAL_M1_VS_ALTERNATIVE_M2_MACROPHAGE_DN	-0.3146096902566127			
GSE3982_MAST_CELL_VS_DC_UP	-0.31462084816235186			
GSE2770_TGFB_AND_IL4_VS_IL4_TREATED_ACT_CD4_TCELL_48H_UP	-0.31462294781618444			
REACTOME_PLATELET_AGGREGATION_PLUG_FORMATION	-0.314623557189208			
GSE43863_NAIVE_VS_MEMORY_LY6C_INT_CXCR5POS_CD4_TCELL_D150_LCMV_UP	-0.3146344447205634			
GSE40666_UNTREATED_VS_IFNA_STIM_EFFECTOR_CD8_TCELL_90MIN_UP	-0.31464437843875565			
EBAUER_MYOGENIC_TARGETS_OF_PAX3_FOXO1_FUSION	-0.31466310314287543			
GUENTHER_GROWTH_SPHERICAL_VS_ADHERENT_DN	-0.3146769259924583			
GSE27786_LIN_NEG_VS_NKTCELL_DN	-0.3146811645580134			
VANTVEER_BREAST_CANCER_ESR1_DN	-0.3146917314399913			
KEGG_ACUTE_MYELOID_LEUKEMIA	-0.31469846421838366			
GO_POSITIVE_REGULATION_OF_CELL_CELL_ADHESION_MEDIATED_BY_INTEGRIN	-0.31470806597095013			
ASTON_MAJOR_DEPRESSIVE_DISORDER_UP	-0.3147261510295623			
ISRE_01	-0.3147426131425371			
GSE25146_UNSTIM_VS_HELIOBACTER_PYLORI_LPS_STIM_AGS_CELL_UP	-0.3147439836627354			
GO_REGULATION_OF_CYSTEINE_TYPE_ENDOPEPTIDASE_ACTIVITY_INVOLVED_IN_APOPTOTIC_SIGNALING_PATHWAY	-0.3147705193459957			
GO_CYCLIC_NUCLEOTIDE_BIOSYNTHETIC_PROCESS	-0.3147771424107464			
KYNG_DNA_DAMAGE_DN	-0.3148007437211217			
GSE13485_CTRL_VS_DAY7_YF17D_VACCINE_PBMC_DN	-0.314812995964844			
GSE39152_BRAIN_VS_SPLEEN_CD103_NEG_MEMORY_CD8_TCELL_UP	-0.3148293727046046			
GO_NEGATIVE_REGULATION_OF_NEURON_APOPTOTIC_PROCESS	-0.31483864735896216			
IPA_RFXANK_DN	-0.3148446957907937			
GSE7460_CTRL_VS_TGFB_TREATED_ACT_TCONV_DN	-0.31484475493347314			
ZERBINI_RESPONSE_TO_SULINDAC_UP	-0.31484839542209847			
ATF2_S_UP.V1_UP	-0.31488224614003957			
GO_FIBRINOLYSIS	-0.3149084755669266			
GSE37416_0H_VS_24H_F_TULARENSIS_LVS_NEUTROPHIL_UP	-0.3149117065716251			
GO_NEGATIVE_REGULATION_OF_T_CELL_PROLIFERATION	-0.3149271806552508			
HAEGERSTRAND_RESPONSE_TO_IMATINIB	-0.314939412314253			
GSE8685_IL2_ACT_IL2_STARVED_VS_IL21_ACT_IL2_STARVED_CD4_TCELL_UP	-0.31494802118680176			
MIR1180_3P	-0.3149542299614913			
GSE28726_ACT_CD4_TCELL_VS_ACT_NKTCELL_DN	-0.31496718059117856			
GO_NEGATIVE_REGULATION_OF_CYTOKINE_BIOSYNTHETIC_PROCESS	-0.31496861407244153			
GSE21546_WT_VS_SAP1A_KO_DP_THYMOCYTES_UP	-0.31497367802708875			
MIR3149	-0.31499946651083			
GO_NEURON_DEATH_IN_RESPONSE_TO_OXIDATIVE_STRESS	-0.31500566919832407			
GO_AMIDE_BINDING	-0.31502369262724433			
GSE22886_IGM_MEMORY_BCELL_VS_BM_PLASMA_CELL_UP	-0.3150372750729108			
GO_MUTSALPHA_COMPLEX_BINDING	-0.31504847223674637			
GO_REGULATION_OF_GLIAL_CELL_MIGRATION	-0.3150625710470702			
IPA_TP73_DN	-0.3150646842512827			
GSE17721_0.5H_VS_24H_POLYIC_BMDC_DN	-0.3150732038923761			
GSE36888_STAT5_AB_KNOCKIN_VS_WT_TCELL_IL2_TREATED_2H_UP	-0.3150834559461586			
GSE3982_CENT_MEMORY_CD4_TCELL_VS_TH2_UP	-0.315083615061764			
GSE43955_10H_VS_60H_ACT_CD4_TCELL_WITH_TGFB_IL6_DN	-0.31508868261398276			
GALIE_TUMOR_ANGIOGENESIS	-0.3151215967885113			
DORSEY_GAB2_TARGETS	-0.3151269895757305			
MORI_SMALL_PRE_BII_LYMPHOCYTE_DN	-0.3151287470371718			
GSE27786_NKCELL_VS_ERYTHROBLAST_UP	-0.31514887832045085			
SUZUKI_RESPONSE_TO_TSA	-0.3151571105259716			
GO_REGULATION_OF_ISOMERASE_ACTIVITY	-0.31515775066853163			
MIR4252	-0.3151586688539974			
GO_NEGATIVE_REGULATION_OF_RECEPTOR_SIGNALING_PATHWAY_VIA_STAT	-0.3151614059500119			
GSE6875_TCONV_VS_FOXP3_KO_TREG_UP	-0.3151655729443534			
GO_REGULATION_OF_COAGULATION	-0.31516857815828625			
GO_PLASMA_MEMBRANE_RAFT	-0.31517540105408837			
GSE9006_TYPE_1_DIABETES_AT_DX_VS_4MONTH_POST_DX_PBMC_UP	-0.3151758376608006			
GO_BLOOD_VESSEL_MORPHOGENESIS	-0.3151859638397868			
GSE29618_MONOCYTE_VS_PDC_DAY7_FLU_VACCINE_DN	-0.3152459165841546			
LY_AGING_MIDDLE_UP	-0.3152677130335947			
GO_INTERLEUKIN_2_BINDING	-0.3152849910075052			
GSE19401_UNSTIM_VS_PAM2CSK4_STIM_FOLLICULAR_DC_UP	-0.3152995505898246			
GO_POSITIVE_REGULATION_OF_T_CELL_DIFFERENTIATION_IN_THYMUS	-0.3153113174341441			
GO_POSITIVE_REGULATION_OF_INTERLEUKIN_8_PRODUCTION	-0.31536345950822364			
BERENJENO_TRANSFORMED_BY_RHOA_DN	-0.31536478290983133			
CHIANG_LIVER_CANCER_SUBCLASS_CTNNB1_DN	-0.31537810127171895			
GO_SPECIFIC_GRANULE_LUMEN	-0.3154027619574724			
GSE21360_NAIVE_VS_QUATERNARY_MEMORY_CD8_TCELL_DN	-0.3154057965410242			
GSE45365_BCELL_VS_CD8_TCELL_DN	-0.31542380819767507			
VISALA_AGING_LYMPHOCYTE_UP	-0.3154353779411178			
GSE15624_CTRL_VS_3H_HALOFUGINONE_TREATED_CD4_TCELL_UP	-0.3154706918555271			
GSE25502_WT_VS_KLF13_KO_THYMIC_MEMORY_LIKE_CD8_TCELL_UP	-0.31549682436441867			
GSE27786_LIN_NEG_VS_CD8_TCELL_DN	-0.3155090163421015			
GSE42021_CD24INT_VS_CD24LOW_TCONV_THYMUS_UP	-0.3155227983528319			
MIR548AY_3P	-0.31552839448994596			
GO_TOLL_LIKE_RECEPTOR_2_SIGNALING_PATHWAY	-0.3155574756940532			
GSE3982_EOSINOPHIL_VS_NEUTROPHIL_DN	-0.31557180561000187			
GO_POSITIVE_REGULATION_OF_VASCULAR_SMOOTH_MUSCLE_CELL_DIFFERENTIATION	-0.31558006348956297			
GO_CELLULAR_RESPONSE_TO_MECHANICAL_STIMULUS	-0.3156021857983652			
GO_REGULATION_OF_RETINA_DEVELOPMENT_IN_CAMERA_TYPE_EYE	-0.31561606902032796			
AGGGCCA_MIR328	-0.3156187174864875			
REACTOME_FLT3_SIGNALING	-0.31563208636782203			
GSE26669_CD4_VS_CD8_TCELL_IN_MLR_DN	-0.31563325653289476			
GSE33425_CD8_ALPHAALPHA_VS_ALPHABETA_CD161_HIGH_TCELL_UP	-0.3156374597122712			
FALVELLA_SMOKERS_WITH_LUNG_CANCER	-0.31569480837647534			
GSE39916_B_CELL_SPLEEN_VS_PLASMA_CELL_BONE_MARROW_UP	-0.3157107931356857			
GO_PLASMINOGEN_ACTIVATION	-0.31571702672035595			
IL2_UP.V1_UP	-0.315729439085958			
GSE5099_UNSTIM_VS_MCSF_TREATED_MONOCYTE_DAY3_UP	-0.31573600224740783			
GO_POSITIVE_REGULATION_OF_LEUKOCYTE_CHEMOTAXIS	-0.31573654645327764			
GSE6092_IFNG_VS_IFNG_AND_B_BURGDORFERI_INF_ENDOTHELIAL_CELL_UP	-0.31574234642084187			
GSE12003_4D_VS_8D_CULTURE_BM_PROGENITOR_DN	-0.31575080512291503			
GO_SULFUR_COMPOUND_BINDING	-0.31576754317537203			
GSE21927_SPLEEN_VS_C26GM_TUMOR_MONOCYTE_BALBC_DN	-0.3157835187292226			
NABA_PROTEOGLYCANS	-0.3157899563980598			
GO_BLOOD_VESSEL_ENDOTHELIAL_CELL_PROLIFERATION_INVOLVED_IN_SPROUTING_ANGIOGENESIS	-0.3157927018349034			
GSE21546_UNSTIM_VS_ANTI_CD3_STIM_ELK1_KO_DP_THYMOCYTES_UP	-0.31579373863046417			
GO_CELL_PROLIFERATION_IN_FOREBRAIN	-0.3158083463025966			
GO_PEPTIDE_CATABOLIC_PROCESS	-0.3158399280710042			
GO_CYSTEINE_TYPE_ENDOPEPTIDASE_ACTIVITY	-0.3158461877955301			
GSE7831_CPG_VS_INFLUENZA_STIM_PDC_4H_DN	-0.31590089460066345			
GSE5503_PLN_DC_VS_SPLEEN_DC_ACTIVATED_ALLOGENIC_TCELL_DN	-0.3159047679154836			
HELLER_SILENCED_BY_METHYLATION_UP	-0.31591740839043886			
GO_REGULATION_OF_PEPTIDASE_ACTIVITY	-0.31593453308557057			
IPA_STAT2_UP	-0.3159373582645919			
GO_REGULATION_OF_MYD88_INDEPENDENT_TOLL_LIKE_RECEPTOR_SIGNALING_PATHWAY	-0.31594267888538635			
GO_ENDODERM_DEVELOPMENT	-0.31594418019925813			
LIN_TUMOR_ESCAPE_FROM_IMMUNE_ATTACK	-0.3159444146981558			
GO_REGULATION_OF_ERYTHROCYTE_DIFFERENTIATION	-0.315952919365391			
GSE7219_WT_VS_NIK_NFKB2_KO_LPS_AND_ANTI_CD40_STIM_DC_DN	-0.3159648223128306			
REACTOME_COLLAGEN_BIOSYNTHESIS_AND_MODIFYING_ENZYMES	-0.3159904580595037			
GO_INTERLEUKIN_23_MEDIATED_SIGNALING_PATHWAY	-0.31599820611599105			
GSE39382_IL3_VS_IL3_IL33_TREATED_MAST_CELL_DN	-0.3160052299583506			
GO_ORGANONITROGEN_COMPOUND_CATABOLIC_PROCESS	-0.3160136439265711			
GSE17721_CTRL_VS_PAM3CSK4_12H_BMDC_DN	-0.31602788066824833			
GO_REGULATION_OF_RECEPTOR_MEDIATED_ENDOCYTOSIS	-0.31602811953640486			
GO_INTERFERON_BETA_PRODUCTION	-0.3160360798531239			
BIOCARTA_ASBCELL_PATHWAY	-0.31604140695613775			
BROWNE_HCMV_INFECTION_18HR_DN	-0.3160515572441317			
MIR4689	-0.31605520285258787			
GO_REGULATION_OF_T_CELL_CYTOKINE_PRODUCTION	-0.3160610871810624			
MIR6772_5P	-0.3160616154948267			
GSE36527_CD69_NEG_VS_POS_TREG_CD62L_LOS_KLRG1_NEG_UP	-0.31607515536278735			
GSE18791_UNSTIM_VS_NEWCATSLE_VIRUS_DC_6H_DN	-0.3160841003220295			
GO_MEGAKARYOCYTE_DIFFERENTIATION	-0.31608732356727426			
GSE17580_UNINFECTED_VS_S_MANSONI_INF_TEFF_DN	-0.3160947768826394			
GSE45365_HEALTHY_VS_MCMV_INFECTION_CD8_TCELL_IFNAR_KO_UP	-0.3161049459946665			
GSE339_CD8POS_VS_CD4CD8DN_DC_IN_CULTURE_UP	-0.3161494027076315			
GO_REGULATION_OF_POSTSYNAPTIC_CYTOSOLIC_CALCIUM_ION_CONCENTRATION	-0.31616220011748425			
DASU_IL6_SIGNALING_SCAR_DN	-0.3161684901382645			
GO_LUMENAL_SIDE_OF_ENDOPLASMIC_RETICULUM_MEMBRANE	-0.31617134811554737			
GO_REGULATION_OF_ENDOTHELIAL_CELL_MIGRATION	-0.31617374292335754			
GSE17186_BLOOD_VS_CORD_BLOOD_NAIVE_BCELL_UP	-0.31617491665707453			
GO_CELL_AGING	-0.3161770823680454			
GO_NEGATIVE_REGULATION_OF_NATURAL_KILLER_CELL_MEDIATED_IMMUNITY	-0.31620036991932243			
GO_NEURAL_CREST_CELL_MIGRATION	-0.3162111542136382			
LU_EZH2_TARGETS_DN	-0.3162152923975401			
GSE21927_C26GM_VS_4T1_TUMOR_MONOCYTE_BALBC_DN	-0.3162201641900576			
GO_IMMUNE_RESPONSE_INHIBITING_CELL_SURFACE_RECEPTOR_SIGNALING_PATHWAY	-0.3162635335882352			
GSE360_L_MAJOR_VS_B_MALAYI_LOW_DOSE_DC_UP	-0.31626876850359864			
TCF7_TARGET_GENES	-0.3162733677575789			
GSE36888_UNTREATED_VS_IL2_TREATED_STAT5_AB_KNOCKIN_TCELL_2H_DN	-0.316288513818199			
MEF2_02	-0.31630974282624547			
GO_C_TERMINAL_PROTEIN_LIPIDATION	-0.3163212137924845			
GSE43955_TH0_VS_TGFB_IL6_TH17_ACT_CD4_TCELL_4H_UP	-0.3163706502159308			
VISALA_RESPONSE_TO_HEAT_SHOCK_AND_AGING_DN	-0.31637361267056513			
SAGIV_CD24_TARGETS_DN	-0.3163964013705844			
GSE24142_EARLY_THYMIC_PROGENITOR_VS_DN3_THYMOCYTE_ADULT_UP	-0.31640232582814504			
KRAS.50_UP.V1_UP	-0.3164172848491644			
REACTOME_FC_EPSILON_RECEPTOR_FCERI_SIGNALING	-0.3164178219893352			
GSE17721_POLYIC_VS_CPG_6H_BMDC_DN	-0.31641811644966955			
GSE2770_IL12_VS_IL4_TREATED_ACT_CD4_TCELL_48H_DN	-0.3164547843789694			
GO_REGULATION_OF_CYTOKINE_SECRETION_INVOLVED_IN_IMMUNE_RESPONSE	-0.31645500239289304			
RAY_TARGETS_OF_P210_BCR_ABL_FUSION_UP	-0.3164681262321625			
GSE7460_WT_VS_FOXP3_HET_ACT_TCONV_DN	-0.31647993219415516			
REACTOME_METHYLATION	-0.3165222705541631			
PID_IFNG_PATHWAY	-0.3165252712538234			
GO_AMINOGLYCAN_METABOLIC_PROCESS	-0.31654737291519836			
NUYTTEN_NIPP1_TARGETS_UP	-0.3165692768226234			
KYNG_ENVIRONMENTAL_STRESS_RESPONSE_UP	-0.31657464746916836			
GO_NEGATIVE_REGULATION_OF_RECEPTOR_SIGNALING_PATHWAY_VIA_JAK_STAT	-0.31658683341677846			
GSE17721_CTRL_VS_POLYIC_24H_BMDC_DN	-0.31659264108106605			
GO_REGULATION_OF_EXTRINSIC_APOPTOTIC_SIGNALING_PATHWAY	-0.3165994684827751			
GSE15930_STIM_VS_STIM_AND_IFNAB_48H_CD8_T_CELL_UP	-0.3166224838165511			
YANG_BCL3_TARGETS_DN	-0.31662853693752735			
BERTUCCI_MEDULLARY_VS_DUCTAL_BREAST_CANCER_DN	-0.3166285793863787			
GSE21546_UNSTIM_VS_ANTI_CD3_STIM_DP_THYMOCYTES_UP	-0.3166324822217224			
GSE17721_CPG_VS_GARDIQUIMOD_8H_BMDC_UP	-0.316652162837968			
GROSS_HYPOXIA_VIA_ELK3_AND_HIF1A_UP	-0.3166630489180355			
GO_IMMUNOGLOBULIN_PRODUCTION_INVOLVED_IN_IMMUNOGLOBULIN_MEDIATED_IMMUNE_RESPONSE	-0.3166647315365843			
GSE22886_IGM_MEMORY_BCELL_VS_BLOOD_PLASMA_CELL_DN	-0.3166725150409923			
GO_SYNAPTIC_TRANSMISSION_GLUTAMATERGIC	-0.3166783584655134			
GSE37416_0H_VS_3H_F_TULARENSIS_LVS_NEUTROPHIL_UP	-0.3166830559131513			
GSE411_UNSTIM_VS_100MIN_IL6_STIM_SOCS3_KO_MACROPHAGE_UP	-0.31668548048259654			
GO_POSITIVE_REGULATION_OF_FIBROBLAST_PROLIFERATION	-0.31669744333280253			
PID_SYNDECAN_1_PATHWAY	-0.3167230039625085			
FERRANDO_TAL1_NEIGHBORS	-0.31675289673214846			
GSE23321_CD8_STEM_CELL_MEMORY_VS_CENTRAL_MEMORY_CD8_TCELL_DN	-0.31677472923305927			
ALCALA_APOPTOSIS	-0.31678078602674326			
GO_POSITIVE_REGULATION_OF_INTERLEUKIN_6_PRODUCTION	-0.3167840047878878			
GSE24142_ADULT_VS_FETAL_DN3_THYMOCYTE_UP	-0.31679337328649954			
GSE36476_CTRL_VS_TSST_ACT_16H_MEMORY_CD4_TCELL_OLD_UP	-0.3168242043872461			
GSE27786_CD4_TCELL_VS_MONO_MAC_DN	-0.31684604416196327			
GSE43863_TH1_VS_LY6C_INT_CXCR5POS_MEMORY_CD4_TCELL_UP	-0.31686400952483507			
GSE43955_TGFB_IL6_VS_TGFB_IL6_IL23_TH17_ACT_CD4_TCELL_52H_DN	-0.3168757926636205			
GSE13547_2H_VS_12_H_ANTI_IGM_STIM_ZFX_KO_BCELL_DN	-0.31688462854075106			
KIM_WT1_TARGETS_12HR_DN	-0.31689402482563994			
ATGCTGC_MIR103_MIR107	-0.3168978984804675			
EVI1_06	-0.3169011109511119			
PID_EPO_PATHWAY	-0.3169266299952874			
GSE43260_BTLA_POS_VS_NEG_INTRATUMORAL_CD8_TCELL_UP	-0.3169267299240647			
REACTOME_RECRUITMENT_OF_NUMA_TO_MITOTIC_CENTROSOMES	-0.31693577081327945			
GSE7218_IGM_VS_IGG_SIGNAL_THGOUGH_ANTIGEN_BCELL_DN	-0.31699869092410343			
GO_NERVE_GROWTH_FACTOR_SIGNALING_PATHWAY	-0.3170015371186071			
REACTOME_POST_CHAPERONIN_TUBULIN_FOLDING_PATHWAY	-0.3170036620200077			
GO_POSITIVE_REGULATION_OF_SECRETION	-0.3170062341607516			
GO_NATURAL_KILLER_CELL_DIFFERENTIATION	-0.31700846586234904			
GO_REGULATION_OF_NAD_P_H_OXIDASE_ACTIVITY	-0.31700857148496475			
GSE6566_STRONG_VS_WEAK_DC_STIMULATED_CD4_TCELL_DN	-0.3170287546052186			
GO_NEGATIVE_REGULATION_OF_CYTOKINE_PRODUCTION_INVOLVED_IN_IMMUNE_RESPONSE	-0.3170287658775361			
PID_CD8_TCR_PATHWAY	-0.3170654264102702			
MIR3651	-0.31709929973364076			
BIOCARTA_DC_PATHWAY	-0.3171215013926162			
GO_MATURE_B_CELL_DIFFERENTIATION_INVOLVED_IN_IMMUNE_RESPONSE	-0.3171364067191148			
GO_REGULATION_OF_EXTRACELLULAR_MATRIX_ORGANIZATION	-0.3171415318274701			
GO_DENDRITIC_CELL_ANTIGEN_PROCESSING_AND_PRESENTATION	-0.3171534699502832			
GSE26912_TUMORICIDAL_VS_CTRL_MACROPHAGE_DN	-0.3171555077659464			
GO_POSITIVE_REGULATION_OF_ERYTHROCYTE_DIFFERENTIATION	-0.31716166826634407			
GSE7852_TREG_VS_TCONV_FAT_UP	-0.31718772347460167			
REACTOME_PEXOPHAGY	-0.3172001663981587			
GSE43955_10H_VS_60H_ACT_CD4_TCELL_DN	-0.31721798811731755			
ALCALAY_AML_BY_NPM1_LOCALIZATION_DN	-0.3172335390630551			
GSE14769_UNSTIM_VS_80MIN_LPS_BMDM_UP	-0.31724517548057496			
PID_IL8_CXCR2_PATHWAY	-0.31729208091433264			
GO_MATURE_B_CELL_DIFFERENTIATION	-0.3173034026130099			
GO_PHOSPHATIDYLCHOLINE_CATABOLIC_PROCESS	-0.31730660651429965			
GO_EXTRACELLULAR_MATRIX_DISASSEMBLY	-0.3173128484891916			
GO_POSITIVE_REGULATION_OF_INFLAMMATORY_RESPONSE_TO_ANTIGENIC_STIMULUS	-0.3173189227785983			
GSE1448_CTRL_VS_ANTI_VALPHA2_DP_THYMOCYTE_DN	-0.3173393130426821			
WESTON_VEGFA_TARGETS_12HR	-0.3173393520995083			
MILI_PSEUDOPODIA_HAPTOTAXIS_DN	-0.3173444831689898			
GO_BLOOD_VESSEL_ENDOTHELIAL_CELL_MIGRATION	-0.3173544052705421			
WATANABE_RECTAL_CANCER_RADIOTHERAPY_RESPONSIVE_DN	-0.31736996496784653			
HOSHIDA_LIVER_CANCER_LATE_RECURRENCE_UP	-0.31741043413514575			
IRF9_TARGET_GENES	-0.3174121108159928			
WILCOX_RESPONSE_TO_PROGESTERONE_DN	-0.31742896975316115			
GO_REGULATION_OF_ANION_CHANNEL_ACTIVITY	-0.31745270969643913			
GSE25123_WT_VS_PPARG_KO_MACROPHAGE_IL4_AND_ROSIGLITAZONE_STIM_DN	-0.3174566876479881			
RAAGNYNNCTTY_UNKNOWN	-0.31746723156648576			
GO_ENDOCYTOSIS	-0.31747824728150553			
TAL1BETAITF2_01	-0.3174800336683144			
KINSEY_TARGETS_OF_EWSR1_FLII_FUSION_DN	-0.31751267465679933			
GO_NEGATIVE_REGULATION_OF_AUTOPHAGY	-0.3175174147363513			
GO_RESPONSE_TO_INTERLEUKIN_9	-0.3175180828111666			
GSE1460_DP_THYMOCYTE_VS_NAIVE_CD4_TCELL_ADULT_BLOOD_DN	-0.3175195546120679			
GO_EOSINOPHIL_ACTIVATION	-0.3175311331791901			
GSE15930_STIM_VS_STIM_AND_TRICHOSTATINA_48H_CD8_T_CELL_DN	-0.3175336871881442			
JI_CARCINOGENESIS_BY_KRAS_AND_STK11_DN	-0.3175463418493978			
GSE360_T_GONDII_VS_B_MALAYI_HIGH_DOSE_DC_UP	-0.3175582250380223			
GO_ALPHA_ACTININ_BINDING	-0.31756227645348384			
GO_PEPTIDYL_AMINO_ACID_MODIFICATION	-0.3175705021100079			
MIR563	-0.31758167540391996			
GO_POSITIVE_REGULATION_OF_NITRIC_OXIDE_SYNTHASE_BIOSYNTHETIC_PROCESS	-0.3175838361004264			
GSE17721_CTRL_VS_CPG_6H_BMDC_DN	-0.317605960727083			
STEARMAN_LUNG_CANCER_EARLY_VS_LATE_DN	-0.3176117188595103			
MIR4507	-0.3176237362869858			
KRIEG_HYPOXIA_VIA_KDM3A	-0.31764503815126216			
GO_WOUND_HEALING_INVOLVED_IN_INFLAMMATORY_RESPONSE	-0.3176553625192782			
HINATA_NFKB_TARGETS_KERATINOCYTE_UP	-0.3176696098166549			
TGCTGAY_UNKNOWN	-0.3176856121641942			
GO_VIRAL_LIFE_CYCLE	-0.31769691673560346			
GO_REGULATION_OF_ACTIN_CYTOSKELETON_REORGANIZATION	-0.3176978914088167			
KEGG_B_CELL_RECEPTOR_SIGNALING_PATHWAY	-0.3177043474804605			
GSE10463_CD40L_AND_VA347_VS_CD40L_IN_DC_UP	-0.31772186475416814			
ICSBP_Q6	-0.317746771670453			
GO_RECEPTOR_METABOLIC_PROCESS	-0.317764125015326			
GCAAGAC_MIR431	-0.3177898171048092			
GSE16522_MEMORY_VS_NAIVE_CD8_TCELL_UP	-0.3177956301326989			
GSE17974_1H_VS_72H_UNTREATED_IN_VITRO_CD4_TCELL_UP	-0.3178266165042052			
GO_RESPONSE_TO_INTERLEUKIN_1	-0.31782961923857783			
GSE1432_1H_VS_24H_IFNG_MICROGLIA_UP	-0.317835980560865			
GO_MUSCLE_CELL_PROLIFERATION	-0.3178401133767278			
GO_PROTEOGLYCAN_BINDING	-0.31785808839317337			
GO_MONONUCLEAR_CELL_MIGRATION	-0.31786295680680987			
REACTOME_DEFECTIVE_CHSY1_CAUSES_TPBS	-0.3178706352076847			
WINTER_HYPOXIA_DN	-0.31787568142489164			
GSE2770_IL12_ACT_VS_ACT_CD4_TCELL_2H_DN	-0.3178892208016556			
GSE27896_HDAC6_KO_VS_WT_TREG_UP	-0.31792610823230244			
MIR4263	-0.3179315807504349			
BYSTRYKH_HEMATOPOIESIS_STEM_CELL_SCP2_QTL_TRANS	-0.3179459793456882			
GSE30962_PRIMARY_VS_SECONDARY_CHRONIC_LCMV_INF_CD8_TCELL_DN	-0.31795674065323903			
GO_POSITIVE_REGULATION_OF_NLRP3_INFLAMMASOME_COMPLEX_ASSEMBLY	-0.3179624611398544			
GENTILE_UV_RESPONSE_CLUSTER_D5	-0.3179809446743824			
GSE36476_YOUNG_VS_OLD_DONOR_MEMORY_CD4_TCELL_72H_TSST_ACT_DN	-0.31805408169827526			
GO_POSITIVE_REGULATION_OF_JNK_CASCADE	-0.318055461335082			
GO_NEGATIVE_REGULATION_OF_MULTI_ORGANISM_PROCESS	-0.31805793973261204			
GO_INTERLEUKIN_7_MEDIATED_SIGNALING_PATHWAY	-0.3180863314342771			
BIOCARTA_GCR_PATHWAY	-0.31812429319370744			
GO_CELL_MATRIX_ADHESION_MEDIATOR_ACTIVITY	-0.31813234826185866			
MIR1911_3P	-0.3181390384294848			
KEGG_RIG_I_LIKE_RECEPTOR_SIGNALING_PATHWAY	-0.3181443797001964			
YAMAZAKI_TCEB3_TARGETS_UP	-0.3181445576290259			
IPA_ASF1A_UP	-0.3181458082509759			
IPA_JARID2_UP	-0.3181458082509759			
GSE20366_EX_VIVO_VS_DEC205_CONVERSION_DN	-0.3181459474451395			
PILON_KLF1_TARGETS_UP	-0.3181589651862084			
BIOCARTA_ECM_PATHWAY	-0.31815977157185044			
GO_POSITIVE_REGULATION_OF_AUTOPHAGY_OF_MITOCHONDRION	-0.31818293797442443			
BIOCARTA_EOSINOPHILS_PATHWAY	-0.31819918358355914			
GSE14000_UNSTIM_VS_4H_LPS_DC_TRANSLATED_RNA_DN	-0.3182116374016427			
GO_CELLULAR_ION_HOMEOSTASIS	-0.318216681261513			
GO_REGULATION_OF_TUMOR_NECROSIS_FACTOR_MEDIATED_SIGNALING_PATHWAY	-0.3182168569492151			
GO_REGULATION_OF_EPITHELIAL_CELL_MIGRATION	-0.3182391508640856			
XU_HGF_SIGNALING_NOT_VIA_AKT1_48HR_DN	-0.3182432114776775			
GO_POSITIVE_REGULATION_OF_CELL_KILLING	-0.318268122076315			
GSE32034_LY6C_HIGH_VS_LOW_MONOCYTE_UP	-0.3182738883767017			
IGLESIAS_E2F_TARGETS_UP	-0.3183231003131828			
GSE9037_CTRL_VS_LPS_4H_STIM_IRAK4_KO_BMDM_UP	-0.3183315697460665			
GSE17721_PAM3CSK4_VS_GADIQUIMOD_4H_BMDC_DN	-0.3183364348318273			
GSE29617_CTRL_VS_DAY7_TIV_FLU_VACCINE_PBMC_2008_UP	-0.318341376880009			
GSE45365_NK_CELL_VS_BCELL_UP	-0.3183602041421493			
GSE25677_MPL_VS_MPL_AND_R848_STIM_BCELL_UP	-0.31837067239276934			
GSE11961_MARGINAL_ZONE_BCELL_VS_PLASMA_CELL_DAY7_DN	-0.3183853436396163			
GO_CELLULAR_RESPONSE_TO_DSRNA	-0.31838796762614063			
MAML1_TARGET_GENES	-0.3184144432820491			
GO_MHC_PROTEIN_COMPLEX	-0.3184220017151711			
GSE37533_PPARG1_FOXP3_VS_PPARG2_FOXP3_TRANSDUCED_CD4_TCELL_PIOGLITAZONE_TREATED_DN	-0.3184467914211237			
ZEILSTRA_CD44_TARGETS_DN	-0.31845685761656584			
GSE17186_BLOOD_VS_CORD_BLOOD_CD21HIGH_TRANSITIONAL_BCELL_DN	-0.3184587297425991			
GO_NEGATIVE_REGULATION_OF_CELLULAR_SENESCENCE	-0.318501635877759			
AGGGCAG_MIR18A	-0.3185254095143216			
GO_ACTIN_CORTICAL_PATCH_LOCALIZATION	-0.3185339882165296			
KASLER_HDAC7_TARGETS_1_UP	-0.3185902716767845			
GSE37301_HEMATOPOIETIC_STEM_CELL_VS_PRO_BCELL_UP	-0.3186239940629933			
GSE20715_0H_VS_48H_OZONE_LUNG_UP	-0.3186357725030228			
GO_VIRAL_RNA_GENOME_REPLICATION	-0.318657947254059			
HALLMARK_UV_RESPONSE_DN	-0.3186815759110059			
REACTOME_EXTRACELLULAR_MATRIX_ORGANIZATION	-0.3186874185130034			
GSE25677_R848_VS_MPL_AND_R848_STIM_BCELL_DN	-0.3186926048515056			
GO_TROPHOBLAST_CELL_MIGRATION	-0.3186934117247444			
LANDIS_BREAST_CANCER_PROGRESSION_DN	-0.31869620689080747			
GSE5542_IFNA_VS_IFNA_AND_IFNG_TREATED_EPITHELIAL_CELLS_24H_UP	-0.3186965020842058			
GO_NEGATIVE_REGULATION_OF_B_CELL_RECEPTOR_SIGNALING_PATHWAY	-0.3187059608720217			
GO_POSITIVE_REGULATION_OF_STRESS_ACTIVATED_PROTEIN_KINASE_SIGNALING_CASCADE	-0.3187183739567396			
GSE5589_IL6_KO_VS_IL10_KO_LPS_STIM_MACROPHAGE_180MIN_UP	-0.3187223312973034			
KEGG_APOPTOSIS	-0.31873530404185724			
GSE46606_IRF4_KO_VS_WT_UNSTIM_BCELL_DN	-0.3187424523516083			
GSE15330_WT_VS_IKAROS_KO_GRANULOCYTE_MONOCYTE_PROGENITOR_UP	-0.31874256032676707			
IPA_MEOX2_UP	-0.3187626715192445			
GSE360_CTRL_VS_L_MAJOR_DC_DN	-0.31876837629416127			
WANG_METASTASIS_OF_BREAST_CANCER_ESR1_DN	-0.31877256409024207			
GSE16450_CTRL_VS_IFNA_12H_STIM_IMMATURE_NEURON_CELL_LINE_UP	-0.31877390498028946			
GO_EXTRACELLULAR_MATRIX	-0.31883526244441257			
BOYLAN_MULTIPLE_MYELOMA_D_CLUSTER_DN	-0.31883911063655834			
GSE25088_CTRL_VS_IL4_AND_ROSIGLITAZONE_STIM_MACROPHAGE_DN	-0.318860950144098			
GSE22886_NAIVE_CD8_TCELL_VS_MEMORY_TCELL_DN	-0.31887841545169837			
DANG_REGULATED_BY_MYC_DN	-0.31890332789336684			
MIR1179	-0.3189094871475022			
RAMPON_ENRICHED_LEARNING_ENVIRONMENT_LATE_UP	-0.3189214720035032			
GSE5679_CTRL_VS_PPARG_LIGAND_ROSIGLITAZONE_AND_RARA_AGONIST_AM580_TREATED_DC_UP	-0.31892349845517465			
IPA_SRF_UP	-0.3189258245414235			
GO_TUMOR_NECROSIS_FACTOR_MEDIATED_SIGNALING_PATHWAY	-0.3189473193235399			
IRF_Q6	-0.31894873640762694			
GO_POSITIVE_REGULATION_OF_NEUTROPHIL_MIGRATION	-0.3189571783858788			
GO_POSITIVE_REGULATION_OF_EXECUTION_PHASE_OF_APOPTOSIS	-0.31897589780463026			
GSE37533_PPARG2_FOXP3_VS_FOXP3_TRANSDUCED_CD4_TCELL_DN	-0.3189912951492379			
GO_CD4_POSITIVE_ALPHA_BETA_T_CELL_CYTOKINE_PRODUCTION	-0.3190081698958773			
DOUGLAS_BMI1_TARGETS_DN	-0.31902090335582123			
GO_NEGATIVE_REGULATION_OF_NEUROINFLAMMATORY_RESPONSE	-0.3190440273616103			
GSE1925_CTRL_VS_3H_IFNG_STIM_MACROPHAGE_DN	-0.31904651098660536			
GO_DETECTION_OF_VIRUS	-0.31905061411930385			
GSE411_WT_VS_SOCS3_KO_MACROPHAGE_IL6_STIM_400MIN_UP	-0.3190549283330925			
GO_POSITIVE_REGULATION_OF_B_CELL_MEDIATED_IMMUNITY	-0.31906430133494684			
GO_RETINA_DEVELOPMENT_IN_CAMERA_TYPE_EYE	-0.31907565666267007			
GO_VITAMIN_D_BIOSYNTHETIC_PROCESS	-0.3190992296348913			
GSE2770_TGFB_AND_IL4_VS_IL4_TREATED_ACT_CD4_TCELL_6H_UP	-0.31909998828669023			
GO_POSITIVE_REGULATION_OF_PHOSPHATIDYLINOSITOL_3_KINASE_SIGNALING	-0.3191328788499921			
REACTOME_G_BETA_GAMMA_SIGNALLING_THROUGH_PI3KGAMMA	-0.31914059024828745			
VERRECCHIA_EARLY_RESPONSE_TO_TGFB1	-0.3191620747101152			
GO_MRE11_COMPLEX	-0.3191634423411282			
GO_MAP_KINASE_PHOSPHATASE_ACTIVITY	-0.3191684928093437			
GO_DNA_PACKAGING_COMPLEX	-0.31919610025135814			
MIR2053	-0.3192126269595361			
MIR6841_5P	-0.31922320443869173			
USF_Q6	-0.3192253629572152			
GSE45365_WT_VS_IFNAR_KO_CD11B_DC_DN	-0.3192480086605443			
GSE20366_TREG_VS_NAIVE_CD4_TCELL_UP	-0.3192563849092494			
BIOCARTA_BLYMPHOCYTE_PATHWAY	-0.31926189777630887			
GO_REGULATION_OF_CELL_SHAPE	-0.3192971197531086			
GSE17721_CTRL_VS_PAM3CSK4_4H_BMDC_DN	-0.3193032810396115			
GO_ENDOCARDIAL_CUSHION_FORMATION	-0.3193099993673578			
GO_REGULATION_OF_NEUROTROPHIN_TRK_RECEPTOR_SIGNALING_PATHWAY	-0.31932441163426245			
GSE24671_CTRL_VS_BAKIMULC_INFECTED_MOUSE_SPLENOCYTES_DN	-0.3193254359033684			
GSE2770_IL12_AND_TGFB_ACT_VS_ACT_CD4_TCELL_6H_DN	-0.31933754702265565			
GSE32986_GMCSF_AND_CURDLAN_LOWDOSE_VS_GMCSF_AND_CURDLAN_HIGHDOSE_STIM_DC_DN	-0.3193477535735368			
BUYTAERT_PHOTODYNAMIC_THERAPY_STRESS_UP	-0.31936494888976447			
GSE11961_MEMORY_BCELL_DAY7_VS_GERMINAL_CENTER_BCELL_DAY7_DN	-0.31936961606171643			
GO_MHC_CLASS_I_PROTEIN_BINDING	-0.31939421132038187			
GSE3982_DC_VS_CENT_MEMORY_CD4_TCELL_UP	-0.3194122770436131			
GO_NEGATIVE_REGULATION_OF_POTASSIUM_ION_TRANSMEMBRANE_TRANSPORT	-0.31941244212914943			
BOSCO_TH1_CYTOTOXIC_MODULE	-0.3194216505058778			
BOWIE_RESPONSE_TO_EXTRACELLULAR_MATRIX	-0.3194435732610976			
GSE9650_EFFECTOR_VS_MEMORY_CD8_TCELL_UP	-0.31947049447221665			
GSE36009_UNSTIM_VS_LPS_STIM_DC_UP	-0.31947339076004744			
GRANDVAUX_IRF3_TARGETS_DN	-0.31948422592569653			
REACTOME_CD22_MEDIATED_BCR_REGULATION	-0.3194918480324791			
ROSS_AML_WITH_CBFB_MYH11_FUSION	-0.31949335389262057			
PID_LYMPH_ANGIOGENESIS_PATHWAY	-0.3195123564613605			
REACTOME_NON_INTEGRIN_MEMBRANE_ECM_INTERACTIONS	-0.31953562156537824			
BOQUEST_STEM_CELL_UP	-0.3195719149565652			
PID_IL2_1PATHWAY	-0.31959803052512514			
GO_AMEBOIDAL_TYPE_CELL_MIGRATION	-0.31960967157263176			
GO_CARDIAC_LEFT_VENTRICLE_MORPHOGENESIS	-0.3196128892366632			
GSE42021_TCONV_PLN_VS_CD24LO_TCONV_THYMUS_DN	-0.31961431196612555			
GSE2706_UNSTIM_VS_8H_LPS_AND_R848_DC_DN	-0.31961700977253105			
GSE22229_RENAL_TRANSPLANT_VS_HEALTHY_PBMC_UP	-0.31963341997019945			
GO_REGULATION_OF_MUSCLE_CELL_DIFFERENTIATION	-0.31963615511224686			
BIOCARTA_RAC1_PATHWAY	-0.3196402834194214			
GO_FC_RECEPTOR_MEDIATED_STIMULATORY_SIGNALING_PATHWAY	-0.31968445559208203			
GO_CHEMOKINE_SECRETION	-0.31969355973558244			
MIR6726_5P	-0.31970341695333004			
GSE3982_NEUTROPHIL_VS_TH1_UP	-0.3197176456382405			
GO_ACTIN_POLYMERIZATION_DEPENDENT_CELL_MOTILITY	-0.3197254352962849			
GSE17974_0H_VS_2H_IN_VITRO_ACT_CD4_TCELL_UP	-0.3197439397771041			
GSE4590_PRE_BCELL_VS_VPREB_POS_LARGE_PRE_BCELL_UP	-0.31975135649914277			
GSE29949_MICROGLIA_BRAIN_VS_CD8_NEG_DC_SPLEEN_UP	-0.31975957396057875			
BLALOCK_ALZHEIMERS_DISEASE_INCIPIENT_UP	-0.319759952055983			
GSE42724_NAIVE_BCELL_VS_PLASMABLAST_UP	-0.31976121638402266			
REACTOME_COLLAGEN_FORMATION	-0.31976815510282947			
GO_REGULATION_OF_SYSTEMIC_ARTERIAL_BLOOD_PRESSURE_BY_CIRCULATORY_RENIN_ANGIOTENSIN	-0.31977881296427246			
GO_TOLL_LIKE_RECEPTOR_9_SIGNALING_PATHWAY	-0.3197809615414028			
GO_WEIBEL_PALADE_BODY	-0.31979652538103126			
NABA_ECM_REGULATORS	-0.31982895810374273			
GSE3982_MAST_CELL_VS_BCELL_UP	-0.319855660079216			
GSE16450_CTRL_VS_IFNA_6H_STIM_IMMATURE_NEURON_CELL_LINE_DN	-0.3198762784917151			
GSE40274_CTRL_VS_EOS_TRANSDUCED_ACTIVATED_CD4_TCELL_UP	-0.3198839833169412			
WWTAAGGC_UNKNOWN	-0.3198970035222798			
GSE3982_DC_VS_BASOPHIL_DN	-0.3198996246490839			
IPA_RFX5_UP	-0.31992448977502674			
GO_WNT_SIGNALING_PATHWAY_INVOLVED_IN_HEART_DEVELOPMENT	-0.3199531908330781			
GO_FC_RECEPTOR_SIGNALING_PATHWAY	-0.3199579389388818			
GO_COLLAGEN_CONTAINING_EXTRACELLULAR_MATRIX	-0.3199738865079349			
WORSCHECH_TUMOR_EVASION_AND_TOLEROGENICITY_DN	-0.32001493762602345			
TESAR_ALK_AND_JAK_TARGETS_MOUSE_ES_D4_DN	-0.3200278026065866			
KAECH_DAY15_EFF_VS_MEMORY_CD8_TCELL_DN	-0.3200306148563993			
GO_NEGATIVE_REGULATION_OF_WOUND_HEALING	-0.3200349789573049			
ZHOU_INFLAMMATORY_RESPONSE_FIMA_UP	-0.320039328028765			
IRF2_01	-0.3200580066724413			
GO_REGULATION_OF_TRANSPORT	-0.32005859091103045			
GSE28737_WT_VS_BCL6_HET_FOLLICULAR_BCELL_DN	-0.32007356380355806			
DAZARD_UV_RESPONSE_CLUSTER_G28	-0.32008477166416754			
ZWANG_TRANSIENTLY_UP_BY_2ND_EGF_PULSE_ONLY	-0.3201017127598176			
HOFFMANN_PRE_BI_TO_LARGE_PRE_BII_LYMPHOCYTE_UP	-0.3201152346011156			
GSE22886_UNSTIM_VS_STIM_MEMORY_TCELL_UP	-0.3201327602941109			
GSE33424_CD161_HIGH_VS_NEG_CD8_TCELL_DN	-0.32014110743517166			
GSE22935_WT_VS_MYD88_KO_MACROPHAGE_12H_MBOVIS_BCG_STIM_DN	-0.3201418595630513			
GO_POSITIVE_REGULATION_OF_MULTI_ORGANISM_PROCESS	-0.3201447207051024			
GO_NEGATIVE_REGULATION_OF_INTRACELLULAR_TRANSPORT	-0.32015340915771173			
GSE5589_WT_VS_IL10_KO_LPS_AND_IL10_STIM_MACROPHAGE_45MIN_UP	-0.3201623208427031			
GO_ACUTE_INFLAMMATORY_RESPONSE	-0.3201646017437305			
CROMER_METASTASIS_UP	-0.32018008319172436			
MIR647	-0.3201992081106898			
MIR6833_5P	-0.3202554761152308			
GO_PEPTIDYL_THREONINE_DEPHOSPHORYLATION	-0.3202695371867168			
GO_TYPE_II_TRANSFORMING_GROWTH_FACTOR_BETA_RECEPTOR_BINDING	-0.3202701919991018			
GO_TISSUE_MIGRATION	-0.3202732518061992			
GSE14308_TH2_VS_TH17_UP	-0.3202819777406301			
GO_REGULATION_OF_T_CELL_DIFFERENTIATION	-0.32031685546911487			
HOLLEMAN_VINCRISTINE_RESISTANCE_B_ALL_DN	-0.32033229112586664			
GSE20366_EX_VIVO_VS_DEC205_CONVERSION_NAIVE_CD4_TCELL_UP	-0.3203563681071			
GSE4590_LARGE_PRE_BCELL_VS_VPREB_POS_LARGE_PRE_BCELL_DN	-0.3203578422642214			
GSE29949_MICROGLIA_BRAIN_VS_CD8_POS_DC_SPLEEN_UP	-0.32040970592545837			
GSE22025_UNTREATED_VS_TGFB1_TREATED_CD4_TCELL_UP	-0.3204190044952816			
BARRIER_CANCER_RELAPSE_TUMOR_SAMPLE_UP	-0.32044974846787155			
GSE21927_SPLEEN_C57BL6_VS_4T1_TUMOR_BALBC_MONOCYTES_DN	-0.32048487133460074			
TONKS_TARGETS_OF_RUNX1_RUNX1T1_FUSION_HSC_UP	-0.32048551384924623			
KONDO_EZH2_TARGETS	-0.3204963912019336			
GO_POSITIVE_REGULATION_OF_INTERFERON_GAMMA_SECRETION	-0.3205259915462001			
GO_PROTEASE_BINDING	-0.32056164750354094			
GO_REGULATION_OF_TISSUE_REMODELING	-0.32056471846886997			
REACTOME_INTERFERON_SIGNALING	-0.32057132173792724			
DEBIASI_APOPTOSIS_BY_REOVIRUS_INFECTION_UP	-0.3206179598160436			
GSE7509_DC_VS_MONOCYTE_UP	-0.32066802255764804			
REACTOME_NEGATIVE_REGULATORS_OF_DDX58_IFIH1_SIGNALING	-0.320687280473775			
GSE42021_CD24HI_TREG_VS_CD24HI_TCONV_THYMUS_DN	-0.3207076950483766			
GO_INFLAMMATORY_RESPONSE_TO_WOUNDING	-0.3207078380559918			
GSE27241_WT_VS_RORGT_KO_TH17_POLARIZED_CD4_TCELL_TREATED_WITH_DIGOXIN_DN	-0.3207098994742909			
GO_REGULATION_OF_CALCIUM_ION_TRANSPORT_INTO_CYTOSOL	-0.32076478312177226			
KEGG_ASTHMA	-0.3208047275866627			
REACTOME_CHONDROITIN_SULFATE_DERMATAN_SULFATE_METABOLISM	-0.3208146640181289			
GO_REGULATION_OF_CAMP_MEDIATED_SIGNALING	-0.32082438483749803			
GO_REGULATION_OF_DNA_BINDING_TRANSCRIPTION_FACTOR_ACTIVITY	-0.3208287759717673			
GSE360_CTRL_VS_B_MALAYI_LOW_DOSE_DC_DN	-0.32083356245547406			
GO_NEGATIVE_REGULATION_OF_MOLECULAR_FUNCTION	-0.3208514468148957			
MIR4635	-0.32088010776999115			
GSE4984_UNTREATED_VS_VEHICLE_CTRL_TREATED_DC_UP	-0.32090679507855424			
GO_POSITIVE_REGULATION_OF_MHC_CLASS_II_BIOSYNTHETIC_PROCESS	-0.32092144749030105			
MIR4506	-0.32096226570282016			
GO_POSITIVE_REGULATION_OF_TUMOR_NECROSIS_FACTOR_SUPERFAMILY_CYTOKINE_PRODUCTION	-0.3209815504817254			
MIR20A_3P	-0.3209928966784909			
GO_ACTIVATION_OF_MAPK_ACTIVITY	-0.3210225537126531			
GO_ENZYME_INHIBITOR_ACTIVITY	-0.3210247710467932			
GO_SARCOLEMMA	-0.3210280822261224			
STTTCRNTTT_IRF_Q6	-0.3210332131741292			
GO_APOLIPOPROTEIN_A_I_BINDING	-0.32106135163224947			
GSE360_DC_VS_MAC_L_DONOVANI_DN	-0.3210659704536215			
GSE9006_TYPE_1_VS_TYPE_2_DIABETES_PBMC_AT_DX_DN	-0.3210662359503162			
DAVIES_MULTIPLE_MYELOMA_VS_MGUS_DN	-0.3210674491002108			
GAVIN_FOXP3_TARGETS_CLUSTER_P7	-0.32109356372538034			
GO_REGULATION_OF_PROTEIN_SERINE_THREONINE_KINASE_ACTIVITY	-0.3210943147183359			
HATADA_METHYLATED_IN_LUNG_CANCER_UP	-0.3211297658063858			
GSE24634_TREG_VS_TCONV_POST_DAY7_IL4_CONVERSION_DN	-0.3211451261771544			
TARTE_PLASMA_CELL_VS_B_LYMPHOCYTE_UP	-0.3211456760114363			
WNT_UP.V1_DN	-0.32115157848065967			
BIOCARTA_PML_PATHWAY	-0.3211599422900241			
GSE4590_SMALL_VS_VPREB_POS_LARGE_PRE_BCELL_UP	-0.32118270052966014			
GSE360_L_MAJOR_VS_T_GONDII_MAC_UP	-0.32121909385513336			
GSE24142_DN2_VS_DN3_THYMOCYTE_FETAL_UP	-0.32128402490116553			
REACTOME_RAF_INDEPENDENT_MAPK1_3_ACTIVATION	-0.3212969319317871			
GO_REGULATION_OF_MAST_CELL_ACTIVATION_INVOLVED_IN_IMMUNE_RESPONSE	-0.32131276562320543			
MIR4772_3P	-0.321319093063631			
chr16q13	-0.32136540799242536			
GO_MONOCYTE_CHEMOTAXIS	-0.3213737608529204			
HOWLIN_PUBERTAL_MAMMARY_GLAND	-0.32138725272109314			
NADELLA_PRKAR1A_TARGETS_DN	-0.3213974010776513			
HALLMARK_HYPOXIA	-0.321401848690581			
SAFFORD_T_LYMPHOCYTE_ANERGY	-0.32140355424711636			
HOFFMANN_PRE_BI_TO_LARGE_PRE_BII_LYMPHOCYTE_DN	-0.321406274481431			
GSE5542_UNTREATED_VS_IFNA_AND_IFNG_TREATED_EPITHELIAL_CELLS_24H_UP	-0.3214085100625983			
GARGALOVIC_RESPONSE_TO_OXIDIZED_PHOSPHOLIPIDS_BLACK_UP	-0.3214201191389912			
GO_MULTI_ORGANISM_MEMBRANE_ORGANIZATION	-0.3214239802501908			
LIU_VAV3_PROSTATE_CARCINOGENESIS_UP	-0.3214291916497739			
GO_EXTRACELLULAR_REGULATION_OF_SIGNAL_TRANSDUCTION	-0.3214292748429424			
GO_RESPONSE_TO_TUMOR_NECROSIS_FACTOR	-0.3214405024307828			
GO_ENDOSOME	-0.3214663563941538			
GO_CYSTEINE_TYPE_ENDOPEPTIDASE_REGULATOR_ACTIVITY_INVOLVED_IN_APOPTOTIC_PROCESS	-0.3214948975154071			
GSE42021_TREG_PLN_VS_CD24INT_TREG_THYMUS_UP	-0.3215219705762551			
MIR1231	-0.32152291350658013			
GSE6269_HEALTHY_VS_FLU_INF_PBMC_DN	-0.32155302568369554			
GSE17974_CTRL_VS_ACT_IL4_AND_ANTI_IL12_2H_CD4_TCELL_UP	-0.32155651129331037			
GSE34515_CD16_NEG_VS_POS_MONOCYTE_DN	-0.3215590247897607			
GSE17721_LPS_VS_GARDIQUIMOD_6H_BMDC_UP	-0.32156666919834476			
MUNSHI_MULTIPLE_MYELOMA_UP	-0.32157327238585454			
HOFFMANN_SMALL_PRE_BII_TO_IMMATURE_B_LYMPHOCYTE_UP	-0.3216084112796628			
SRF_C	-0.32161660336446435			
GO_NEGATIVE_REGULATION_OF_CELL_CELL_ADHESION	-0.3216191291321882			
GSE3982_DC_VS_CENT_MEMORY_CD4_TCELL_DN	-0.3216204628697927			
GSE19401_RETINOIC_ACID_VS_RETINOIC_ACID_AND_PAM2CSK4_STIM_FOLLICULAR_DC_UP	-0.32163304626754285			
CHARAFE_BREAST_CANCER_BASAL_VS_MESENCHYMAL_DN	-0.32163334241012315			
FARMER_BREAST_CANCER_CLUSTER_4	-0.32164762699096733			
PETRETTO_CARDIAC_HYPERTROPHY	-0.3216540455399042			
ALONSO_METASTASIS_UP	-0.32165702720590955			
TBK1.DN.48HRS_DN	-0.3216875544956562			
GSE34006_UNTREATED_VS_A2AR_AGONIST_TREATED_TREG_UP	-0.3217102033142272			
GO_POSITIVE_REGULATION_OF_INTERLEUKIN_13_PRODUCTION	-0.3217116506736026			
GSE5589_LPS_VS_LPS_AND_IL10_STIM_IL10_KO_MACROPHAGE_45MIN_DN	-0.3217184078312853			
GSE37301_MULTIPOTENT_PROGENITOR_VS_CD4_TCELL_UP	-0.32172409494030835			
HMGA1_TARGET_GENES	-0.32174115014571947			
GSE44649_NAIVE_VS_ACTIVATED_CD8_TCELL_MIR155_KO_DN	-0.32174287495653314			
GO_REGULATION_OF_B_CELL_RECEPTOR_SIGNALING_PATHWAY	-0.32175372666874985			
GO_FICOLIN_1_RICH_GRANULE_MEMBRANE	-0.32180962710749156			
NAKAMURA_METASTASIS_MODEL_DN	-0.32183279380203			
GSE34156_UNTREATED_VS_6H_NOD2_AND_TLR1_TLR2_LIGAND_TREATED_MONOCYTE_DN	-0.3218568574353246			
GO_GLYCOSPHINGOLIPID_BINDING	-0.32185943366715064			
REACTOME_CHAPERONE_MEDIATED_AUTOPHAGY	-0.32186452169457525			
REACTOME_SIGNAL_AMPLIFICATION	-0.3218781746167512			
GO_RECEPTOR_INTERNALIZATION	-0.32188171311825103			
LU_AGING_BRAIN_DN	-0.32190683850518165			
GSE27786_LIN_NEG_VS_MONO_MAC_DN	-0.3219085367672843			
IPA_IRF3_UP	-0.32190941168653653			
GSE22025_PROGESTERONE_VS_TGFB1_AND_PROGESTERONE_TREATED_CD4_TCELL_DN	-0.32193024306471413			
MENSE_HYPOXIA_UP	-0.3219802019079283			
PID_INTEGRIN1_PATHWAY	-0.32199072537329765			
SASSON_RESPONSE_TO_FORSKOLIN_UP	-0.32200192616507706			
IPA_RUNX2_UP	-0.3220046261681875			
GSE22935_24H_VS_48H_MBOVIS_BCG_STIM_MYD88_KO_MACROPHAGE_UP	-0.3220205234475735			
BIOCARTA_HIVNEF_PATHWAY	-0.322026591203373			
GSE21033_1H_VS_24H_POLYIC_STIM_DC_DN	-0.3220322175116364			
PID_P38_ALPHA_BETA_PATHWAY	-0.32203283806617905			
GAZDA_DIAMOND_BLACKFAN_ANEMIA_MYELOID_UP	-0.3220392682200712			
GSE22935_WT_VS_MYD88_KO_MACROPHAGE_24H_MBOVIS_BCG_STIM_DN	-0.3220481491350613			
GSE19401_UNSTIM_VS_RETINOIC_ACID_STIM_FOLLICULAR_DC_UP	-0.32209566759030134			
WENG_POR_DOSAGE	-0.32212135264125163			
GO_SULFUR_COMPOUND_CATABOLIC_PROCESS	-0.3221347105792831			
REACTOME_THE_NLRP3_INFLAMMASOME	-0.3221503573529555			
GO_NEGATIVE_REGULATION_OF_COLLAGEN_METABOLIC_PROCESS	-0.32215096377329405			
GSE11961_FOLLICULAR_BCELL_VS_MEMORY_BCELL_DAY7_UP	-0.32217475336160756			
GO_NEGATIVE_REGULATION_OF_INNATE_IMMUNE_RESPONSE	-0.3221830277791197			
GO_MEMBRANE_RAFT_DISTRIBUTION	-0.3222062765234776			
GSE20198_UNTREATED_VS_IL12_TREATED_ACT_CD4_TCELL_DN	-0.32221072323009947			
GO_ANTIGEN_PROCESSING_AND_PRESENTATION_OF_PEPTIDE_ANTIGEN_VIA_MHC_CLASS_I	-0.3222417530465321			
GSE41867_DAY6_EFFECTOR_VS_DAY30_MEMORY_CD8_TCELL_LCMV_ARMSTRONG_UP	-0.3222471277589945			
GO_REGULATION_OF_INTERLEUKIN_6_MEDIATED_SIGNALING_PATHWAY	-0.3222524970709119			
GO_RESPONSE_TO_PLATELET_DERIVED_GROWTH_FACTOR	-0.3222820279870856			
GSE2770_IL4_ACT_VS_ACT_CD4_TCELL_6H_UP	-0.3222878309933371			
GO_REGULATION_OF_VESICLE_MEDIATED_TRANSPORT	-0.3222905797395207			
REACTOME_DOWNSTREAM_SIGNALING_EVENTS_OF_B_CELL_RECEPTOR_BCR	-0.3223001104191207			
GO_NEGATIVE_REGULATION_OF_RESPONSE_TO_STIMULUS	-0.3223030851749293			
GSE11961_GERMINAL_CENTER_BCELL_DAY7_VS_MEMORY_BCELL_DAY40_UP	-0.32230485922711216			
CALVET_IRINOTECAN_SENSITIVE_VS_RESISTANT_UP	-0.32231319672965353			
GSE14000_UNSTIM_VS_16H_LPS_DC_TRANSLATED_RNA_DN	-0.3223151734892628			
CASORELLI_APL_SECONDARY_VS_DE_NOVO_UP	-0.3223170299931218			
GO_REGULATION_OF_NIK_NF_KAPPAB_SIGNALING	-0.322359781192735			
MYLLYKANGAS_AMPLIFICATION_HOT_SPOT_15	-0.32239018478381487			
GO_CYTOPLASMIC_PATTERN_RECOGNITION_RECEPTOR_SIGNALING_PATHWAY_IN_RESPONSE_TO_VIRUS	-0.3224624069239002			
GSE17721_POLYIC_VS_GARDIQUIMOD_0.5H_BMDC_DN	-0.3224984511363617			
DER_IFN_ALPHA_RESPONSE_UP	-0.3225262394999294			
GSE39820_CTRL_VS_TGFBETA3_IL6_CD4_TCELL_UP	-0.322549830016017			
NAGY_TFTC_COMPONENTS_HUMAN	-0.3225640015349937			
GSE16450_CTRL_VS_IFNA_6H_STIM_MATURE_NEURON_CELL_LINE_DN	-0.3225849853374845			
MARTORIATI_MDM4_TARGETS_NEUROEPITHELIUM_DN	-0.3226083473341965			
GSE21546_ELK1_KO_VS_SAP1A_KO_AND_ELK1_KO_DP_THYMOCYTES_UP	-0.32261027142286147			
GO_T_CELL_ANTIGEN_PROCESSING_AND_PRESENTATION	-0.3226326868754967			
PID_ARF6_TRAFFICKING_PATHWAY	-0.32263381328577945			
REACTOME_MET_PROMOTES_CELL_MOTILITY	-0.3226381387980509			
GSE360_L_DONOVANI_VS_M_TUBERCULOSIS_DC_DN	-0.32264463394628917			
GO_NIK_NF_KAPPAB_SIGNALING	-0.32264738422591205			
GSE14415_NATURAL_TREG_VS_TCONV_UP	-0.32264791145063787			
KEGG_ECM_RECEPTOR_INTERACTION	-0.3226513031137211			
IPA_RFXANK_UP	-0.32266592769195895			
IPA_GFI1_DN	-0.3226688658732553			
GSE13484_UNSTIM_VS_3H_YF17D_VACCINE_STIM_PBMC_UP	-0.32270982611293647			
GO_POSITIVE_REGULATION_OF_MONONUCLEAR_CELL_MIGRATION	-0.32271258899679683			
MARSON_FOXP3_TARGETS_DN	-0.3227250540424611			
GO_NEGATIVE_REGULATION_OF_PLATELET_AGGREGATION	-0.3227344880311353			
GSE21360_PRIMARY_VS_QUATERNARY_MEMORY_CD8_TCELL_UP	-0.32276407757791237			
VECCHI_GASTRIC_CANCER_ADVANCED_VS_EARLY_UP	-0.3228199952858752			
GSE40666_WT_VS_STAT4_KO_CD8_TCELL_WITH_IFNA_STIM_90MIN_UP	-0.32284208169241285			
GSE17721_CTRL_VS_LPS_12H_BMDC_DN	-0.3228432495085331			
PID_INSULIN_PATHWAY	-0.32284475474173197			
GSE3039_NKT_CELL_VS_B2_BCELL_UP	-0.32285462953267013			
GSE32901_NAIVE_VS_TH17_ENRICHED_CD4_TCELL_DN	-0.32286202973594563			
REACTOME_REGULATION_OF_INSULIN_LIKE_GROWTH_FACTOR_IGF_TRANSPORT_AND_UPTAKE_BY_INSULIN_LIKE_GROWTH_FACTOR_BINDING_PROTEINS_IGFBPS	-0.322864073531216			
NFKB_C	-0.32288376101870164			
BURTON_ADIPOGENESIS_PEAK_AT_2HR	-0.3228887658769859			
GSE37416_0H_VS_12H_F_TULARENSIS_LVS_NEUTROPHIL_UP	-0.32290118951097796			
IPA_IL18_DN	-0.32290508194009804			
IPA_JMJD6_DN	-0.32291702879502376			
GO_COLLAGEN_FIBRIL_ORGANIZATION	-0.32291724142487			
BIOCARTA_THELPER_PATHWAY	-0.32292805365963373			
LI_INDUCED_T_TO_NATURAL_KILLER_DN	-0.3229347461818958			
HOXA3_01	-0.3229526276713016			
GSE33424_CD161_INT_VS_NEG_CD8_TCELL_UP	-0.32296020368431244			
CAGNWMCNNNGAC_UNKNOWN	-0.3229723483637084			
GSE24726_WT_VS_E2_2_KO_PDC_DAY4_POST_DELETION_UP	-0.3229884194227924			
GSE41867_DAY8_EFFECTOR_VS_DAY30_EXHAUSTED_CD8_TCELL_LCMV_CLONE13_DN	-0.32298980934606414			
GSE5542_UNTREATED_VS_IFNG_TREATED_EPITHELIAL_CELLS_6H_UP	-0.3229926792672382			
RORIE_TARGETS_OF_EWSR1_FLI1_FUSION_UP	-0.32303723045186405			
GO_RESPONSE_TO_CORTISOL	-0.3230391675753312			
GO_REGULATION_OF_VASCULAR_ENDOTHELIAL_GROWTH_FACTOR_RECEPTOR_SIGNALING_PATHWAY	-0.32306259595795894			
NIKOLSKY_BREAST_CANCER_8P12_P11_AMPLICON	-0.3230903935006646			
GO_POSITIVE_REGULATION_OF_EPITHELIAL_CELL_MIGRATION	-0.3231103643164446			
NEWMAN_ERCC6_TARGETS_UP	-0.32311107324454724			
GO_PROTEIN_HETEROTRIMERIZATION	-0.32311233995128275			
KEGG_REGULATION_OF_ACTIN_CYTOSKELETON	-0.32311403742873374			
GO_TYPE_I_INTERFERON_PRODUCTION	-0.3231321468546167			
GSE40277_EOS_AND_LEF1_TRANSDUCED_VS_CTRL_CD4_TCELL_UP	-0.32314754763974013			
SCHAEFFER_SOX9_TARGETS_IN_PROSTATE_DEVELOPMENT_DN	-0.32314975439821675			
MIR141_5P	-0.323170378241188			
DAVICIONI_RHABDOMYOSARCOMA_PAX_FOXO1_FUSION_DN	-0.32317386444301077			
GO_POSITIVE_REGULATION_OF_T_CELL_RECEPTOR_SIGNALING_PATHWAY	-0.32318696996342855			
GSE41867_DAY8_VS_DAY15_LCMV_CLONE13_EFFECTOR_CD8_TCELL_UP	-0.32320647886282045			
GSE25087_FETAL_VS_ADULT_TREG_DN	-0.32321752479144344			
GO_PEPTIDE_BINDING	-0.3232237897163507			
GSE22601_IMMATURE_CD4_SINGLE_POSITIVE_VS_CD8_SINGLE_POSITIVE_THYMOCYTE_UP	-0.32322548936307643			
RAGHAVACHARI_PLATELET_SPECIFIC_GENES	-0.3232260152657955			
SATO_SILENCED_BY_METHYLATION_IN_PANCREATIC_CANCER_1	-0.3232282939014373			
DING_LUNG_CANCER_MUTATED_FREQUENTLY	-0.323231049811979			
GSE21670_UNTREATED_VS_IL6_TREATED_CD4_TCELL_DN	-0.3232390778319283			
GO_AMINOGLYCAN_CATABOLIC_PROCESS	-0.3232465271218864			
GO_NEGATIVE_REGULATION_OF_CALCIUM_ION_DEPENDENT_EXOCYTOSIS	-0.3232580935811637			
GO_NEGATIVE_REGULATION_OF_INTRACELLULAR_PROTEIN_TRANSPORT	-0.3232724035407637			
IPA_CDK1_DN	-0.32327811736672046			
BIOCARTA_PAR1_PATHWAY	-0.32328115756541076			
VILIMAS_NOTCH1_TARGETS_UP	-0.32332364107125006			
GO_MACROPHAGE_ACTIVATION_INVOLVED_IN_IMMUNE_RESPONSE	-0.32336785089253484			
GO_CELL	-0.3233684141586121			
GSE26727_WT_VS_KLF2_KO_LPS_STIM_MACROPHAGE_UP	-0.3233688534146126			
BIOCARTA_GRANULOCYTES_PATHWAY	-0.3233809540944571			
GO_CONNECTIVE_TISSUE_REPLACEMENT	-0.32340308505545434			
NAKAMURA_METASTASIS_MODEL_UP	-0.3234114109792167			
GSE43863_TH1_VS_TFH_MEMORY_CD4_TCELL_DN	-0.3234147686878872			
GSE31082_DN_VS_CD8_SP_THYMOCYTE_DN	-0.3234642866263803			
IPA_TRRAP_DN	-0.3234776657956061			
IPA_RORA_DN	-0.3234776657956061			
IPA_ZBTB43_DN	-0.3234776657956061			
IPA_FOXN3_DN	-0.3234776657956061			
GSE40274_FOXP3_VS_FOXP3_AND_LEF1_TRANSDUCED_ACTIVATED_CD4_TCELL_UP	-0.3235329296071956			
GO_ANTIGEN_PROCESSING_AND_PRESENTATION_OF_EXOGENOUS_PEPTIDE_ANTIGEN_VIA_MHC_CLASS_I	-0.3236202297595174			
MIR1976	-0.3236211356539858			
GO_GLIAL_CELL_PROLIFERATION	-0.3236243417206661			
GSE39820_CTRL_VS_TGFBETA1_IL6_CD4_TCELL_UP	-0.32363504434102747			
GSE27786_CD8_TCELL_VS_MONO_MAC_DN	-0.32365445045290575			
GSE3982_DC_VS_TH2_UP	-0.32366227375546425			
GO_MEMBRANE_RAFT_LOCALIZATION	-0.32366870906814577			
GO_SPHINGOSINE_1_PHOSPHATE_RECEPTOR_ACTIVITY	-0.32367751042162224			
GSE5542_UNTREATED_VS_IFNA_TREATED_EPITHELIAL_CELLS_24H_DN	-0.3236876675220106			
GO_BONE_DEVELOPMENT	-0.32369167929058024			
REACTOME_HDL_CLEARANCE	-0.32369352042807936			
GSE16385_ROSIGLITAZONE_IL4_VS_IL4_ALONE_STIM_MACROPHAGE_12H_UP	-0.3236960823236792			
GSE40274_LEF1_VS_FOXP3_AND_LEF1_TRANSDUCED_ACTIVATED_CD4_TCELL_DN	-0.3237226457456925			
TERF2_TARGET_GENES	-0.32373565173495694			
GO_BIOMINERALIZATION	-0.32377897699182323			
MIR181A_2_3P	-0.3237804620233518			
GO_T_CELL_LINEAGE_COMMITMENT	-0.3237807694294692			
GO_DEATH_DOMAIN_BINDING	-0.32380100937186085			
BROWNE_HCMV_INFECTION_14HR_DN	-0.32381154348325225			
GO_UDP_N_ACETYLGLUCOSAMINE_BIOSYNTHETIC_PROCESS	-0.32381169714571445			
GSE3039_CD4_TCELL_VS_B2_BCELL_UP	-0.3238148825856025			
GSE25088_WT_VS_STAT6_KO_MACROPHAGE_ROSIGLITAZONE_AND_IL4_STIM_DN	-0.3238289541854074			
IPA_NFKBIA_UP	-0.3238336719341353			
GSE43863_TFH_VS_LY6C_INT_CXCR5POS_MEMORY_CD4_TCELL_UP	-0.32384288949895734			
STAT3_01	-0.3238450467392791			
GSE18893_TCONV_VS_TREG_2H_CULTURE_DN	-0.32385566176867314			
GSE42021_TREG_PLN_VS_TREG_PRECURSORS_THYMUS_DN	-0.3238630988413841			
GSE36891_UNSTIM_VS_POLYIC_TLR3_STIM_PERITONEAL_MACROPHAGE_UP	-0.3238637831860927			
GSE23505_IL6_IL1_IL23_VS_IL6_IL1_TGFB_TREATED_CD4_TCELL_UP	-0.3238886114521998			
SPIELMAN_LYMPHOBLAST_EUROPEAN_VS_ASIAN_2FC_DN	-0.32397269318796823			
GO_TUMOR_NECROSIS_FACTOR_BIOSYNTHETIC_PROCESS	-0.3239919642674852			
REACTOME_TRIF_MEDIATED_PROGRAMMED_CELL_DEATH	-0.32402057216811164			
GSE37605_TREG_VS_TCONV_NOD_FOXP3_FUSION_GFP_DN	-0.32403501849850563			
GO_POSITIVE_REGULATION_OF_PROTEIN_CONTAINING_COMPLEX_ASSEMBLY	-0.32404081976614335			
GO_CYSTEINE_TYPE_ENDOPEPTIDASE_INHIBITOR_ACTIVITY	-0.32404086248293146			
GSE7568_IL4_VS_IL4_AND_TGFB_TREATED_MACROPHAGE_24H_UP	-0.32404306071126265			
GSE7509_DC_VS_MONOCYTE_DN	-0.3240487213463586			
GSE37301_MULTIPOTENT_PROGENITOR_VS_GRAN_MONO_PROGENITOR_DN	-0.32406369108757094			
GSE22611_NOD2_VS_CTRL_TRANSDUCED_HEK293T_CELL_UP	-0.3240651238386247			
GO_CHONDROCYTE_DEVELOPMENT	-0.3240711829684627			
KENNY_CTNNB1_TARGETS_UP	-0.3240980556516515			
IPA_IRF8_DN	-0.3241139582709202			
GSE27786_NKCELL_VS_NKTCELL_UP	-0.32411833824604586			
GSE17721_CTRL_VS_POLYIC_4H_BMDC_DN	-0.3241802078757472			
CTCTATG_MIR368	-0.32418551898144343			
ONDER_CDH1_TARGETS_2_UP	-0.324203231079655			
chr5q14	-0.3242086224653123			
GO_POSITIVE_REGULATION_OF_RECEPTOR_BINDING	-0.32423769381410733			
GO_NITRIC_OXIDE_SYNTHASE_BIOSYNTHETIC_PROCESS	-0.32424832555556565			
GSE22886_IGG_IGA_MEMORY_BCELL_VS_BLOOD_PLASMA_CELL_UP	-0.32425347991634695			
GSE4590_LARGE_PRE_BCELL_VS_VPREB_POS_LARGE_PRE_BCELL_UP	-0.324270559831269			
DE_YY1_TARGETS_DN	-0.32427096177551995			
GSE17721_PAM3CSK4_VS_CPG_4H_BMDC_UP	-0.3242860671768817			
GO_JNK_CASCADE	-0.32433057726522074			
BYSTRYKH_HEMATOPOIESIS_STEM_CELL_QTL_CIS	-0.32438652070429774			
NEUROD2_TARGET_GENES	-0.32441035975706395			
GSE2706_2H_VS_8H_R848_STIM_DC_UP	-0.32441337887922583			
GSE3982_CTRL_VS_LPS_48H_DC_DN	-0.3244611731058021			
GSE21927_BALBC_VS_C57BL6_MONOCYTE_SPLEEN_DN	-0.3244646284067325			
GO_ANTIGEN_PROCESSING_AND_PRESENTATION_VIA_MHC_CLASS_IB	-0.32448550027668405			
GO_PLASMA_MEMBRANE_PROTEIN_COMPLEX	-0.324486154207417			
GO_MULTICELLULAR_ORGANISM_REPRODUCTION	-0.32448877805437243			
CHAUHAN_RESPONSE_TO_METHOXYESTRADIOL_DN	-0.3245113965704503			
GSE30083_SP2_VS_SP3_THYMOCYTE_DN	-0.32452662687242745			
GO_POSITIVE_REGULATION_OF_NITRIC_OXIDE_METABOLIC_PROCESS	-0.3245299709860812			
GO_OXIDOREDUCTASE_ACTIVITY_ACTING_ON_PAIRED_DONORS_WITH_INCORPORATION_OR_REDUCTION_OF_MOLECULAR_OXYGEN_REDUCED_ASCORBATE_AS_ONE_DONOR_AND_INCORPORATION_OF_ONE_ATOM_OF_OXYGEN	-0.32453639241866494			
GO_RECEPTOR_MEDIATED_ENDOCYTOSIS	-0.32459439371510734			
chr5q11	-0.3245975603335081			
GSE21360_PRIMARY_VS_TERTIARY_MEMORY_CD8_TCELL_UP	-0.3246057952649217			
GSE8921_3H_VS_24H_TLR1_2_STIM_MONOCYTE_DN	-0.3246075030566975			
GSE36078_UNTREATED_VS_AD5_INF_MOUSE_LUNG_DC_DN	-0.32462869554947454			
GO_LYMPHOCYTE_APOPTOTIC_PROCESS	-0.3246296032282388			
BERTUCCI_MEDULLARY_VS_DUCTAL_BREAST_CANCER_UP	-0.32463924999685495			
GO_SIGNALING_RECEPTOR_BINDING	-0.32464168602993265			
GO_REGULATION_OF_ESTABLISHMENT_OF_PROTEIN_LOCALIZATION	-0.3246441892278564			
GSE11961_GERMINAL_CENTER_BCELL_DAY7_VS_PLASMA_CELL_DAY7_DN	-0.32464579544549366			
GO_CELLULAR_HYPEROSMOTIC_SALINITY_RESPONSE	-0.3246591948951434			
GSE2770_IL12_AND_TGFB_ACT_VS_ACT_CD4_TCELL_2H_DN	-0.32467025678063194			
GSE7768_OVA_ALONE_VS_OVA_WITH_MPL_IMMUNIZED_MOUSE_WHOLE_SPLEEN_6H_DN	-0.324677989042038			
GO_NEGATIVE_REGULATION_OF_EXTRINSIC_APOPTOTIC_SIGNALING_PATHWAY	-0.3246828844696584			
CCCAGAG_MIR326	-0.3246936748942788			
GSE21670_STAT3_KO_VS_WT_CD4_TCELL_IL6_TREATED_UP	-0.3246946637885661			
GO_NEGATIVE_REGULATION_OF_TYPE_2_IMMUNE_RESPONSE	-0.3246972657965964			
TESAR_ALK_TARGETS_EPISC_3D_UP	-0.3246974474067313			
GSE17721_POLYIC_VS_CPG_12H_BMDC_UP	-0.3247062591161526			
GO_DORSAL_AORTA_DEVELOPMENT	-0.3247184313591319			
GO_POSITIVE_REGULATION_OF_PEPTIDE_SECRETION	-0.3247591017583331			
GSE23308_WT_VS_MINERALCORTICOID_REC_KO_MACROPHAGE_DN	-0.32476867180720437			
GO_RESPONSE_TO_VIRUS	-0.32476878267415027			
GO_TRAIL_ACTIVATED_APOPTOTIC_SIGNALING_PATHWAY	-0.3247736084984928			
GSE17721_PAM3CSK4_VS_GADIQUIMOD_2H_BMDC_DN	-0.32479712700723823			
GSE30971_WBP7_HET_VS_KO_MACROPHAGE_UP	-0.32481285721166653			
GO_ATPASE_COUPLED_AMIDE_TRANSPORTER_ACTIVITY	-0.3248480218162049			
REACTOME_ATF4_ACTIVATES_GENES_IN_RESPONSE_TO_ENDOPLASMIC_RETICULUM_STRESS	-0.32486405416857284			
GSE27291_0H_VS_7D_STIM_GAMMADELTA_TCELL_DN	-0.32491033295784144			
GSE16451_CTRL_VS_WEST_EQUINE_ENC_VIRUS_IMMATURE_NEURON_CELL_LINE_UP	-0.32492107915190344			
GO_CHONDROCYTE_DIFFERENTIATION_INVOLVED_IN_ENDOCHONDRAL_BONE_MORPHOGENESIS	-0.3249254025067606			
GSE10325_CD4_TCELL_VS_LUPUS_CD4_TCELL_DN	-0.3249630951418553			
GSE21360_SECONDARY_VS_TERTIARY_MEMORY_CD8_TCELL_DN	-0.3250017532082188			
GO_INTERFERON_ALPHA_PRODUCTION	-0.3250073773954141			
GSE1460_CD4_THYMOCYTE_VS_THYMIC_STROMAL_CELL_DN	-0.32501091973920654			
GO_POSITIVE_REGULATION_OF_OSTEOCLAST_DEVELOPMENT	-0.3250470738942124			
MIR3117_3P	-0.3250523917221194			
GSE19401_PAM2CSK4_VS_RETINOIC_ACID_AND_PAM2CSK4_STIM_FOLLICULAR_DC_DN	-0.32506263118757783			
GSE40274_FOXP3_VS_FOXP3_AND_XBP1_TRANSDUCED_ACTIVATED_CD4_TCELL_DN	-0.32507669224295416			
BROWNE_HCMV_INFECTION_10HR_DN	-0.32507831191618164			
GSE21670_STAT3_KO_VS_WT_CD4_TCELL_TGFB_IL6_TREATED_UP	-0.32510090976024775			
CHICAS_RB1_TARGETS_CONFLUENT	-0.325124311044081			
GO_ATRIAL_CARDIAC_MUSCLE_TISSUE_DEVELOPMENT	-0.3251275315412223			
GO_T_CELL_CYTOKINE_PRODUCTION	-0.32514087781736956			
GSE16385_MONOCYTE_VS_MACROPHAGE_UP	-0.32516790359589254			
GO_RECEPTOR_COMPLEX	-0.3251739553366563			
GSE3720_VD1_VS_VD2_GAMMADELTA_TCELL_WITH_LPS_STIM_DN	-0.3251944605790657			
GSE12366_PLASMA_CELL_VS_MEMORY_BCELL_DN	-0.3252075216976107			
GSE42021_TREG_VS_TCONV_PLN_UP	-0.32524791369703593			
GSE25085_FETAL_LIVER_VS_FETAL_BM_SP4_THYMIC_IMPLANT_DN	-0.3252676919052258			
GSE43955_1H_VS_20H_ACT_CD4_TCELL_UP	-0.3252725705777876			
PICCALUGA_ANGIOIMMUNOBLASTIC_LYMPHOMA_UP	-0.32527600134742446			
GSE40666_UNTREATED_VS_IFNA_STIM_STAT4_KO_EFFECTOR_CD8_TCELL_90MIN_DN	-0.32529132420616863			
GSE36888_STAT5_AB_KNOCKIN_VS_WT_TCELL_IL2_TREATED_2H_DN	-0.3253025218904714			
JIANG_HYPOXIA_CANCER	-0.3253424092613036			
PID_CERAMIDE_PATHWAY	-0.3253677487375459			
GSE8921_3H_VS_24H_TLR1_2_STIM_MONOCYTE_UP	-0.3253687792617932			
GO_REGULATION_OF_CELLULAR_EXTRAVASATION	-0.32539368818410935			
PID_CD40_PATHWAY	-0.32541358773870177			
GSE13484_12H_VS_3H_YF17D_VACCINE_STIM_PBMC_DN	-0.3254187757234738			
PANGAS_TUMOR_SUPPRESSION_BY_SMAD1_AND_SMAD5_UP	-0.3254294348940707			
MAINA_VHL_TARGETS_DN	-0.3254490702162809			
GSE40274_FOXP3_VS_FOXP3_AND_IRF4_TRANSDUCED_ACTIVATED_CD4_TCELL_UP	-0.3254550179783211			
GSE21360_NAIVE_VS_PRIMARY_MEMORY_CD8_TCELL_DN	-0.3254651732769031			
GO_POSITIVE_REGULATION_OF_ENDOTHELIAL_CELL_PROLIFERATION	-0.325467295824797			
GSE6269_FLU_VS_E_COLI_INF_PBMC_UP	-0.32546938913344314			
STK33_SKM_UP	-0.32547263850392166			
GSE32423_CTRL_VS_IL7_IL4_MEMORY_CD8_TCELL_UP	-0.3254750243842744			
GSE43863_DAY6_EFF_VS_DAY150_MEM_LY6C_INT_CXCR5POS_CD4_TCELL_DN	-0.32548499236488715			
GO_REGULATION_OF_RESPIRATORY_GASEOUS_EXCHANGE_BY_NERVOUS_SYSTEM_PROCESS	-0.3255086694761608			
GO_POSITIVE_REGULATION_OF_CELL_MIGRATION_INVOLVED_IN_SPROUTING_ANGIOGENESIS	-0.3255148818827899			
GSE43955_1H_VS_60H_ACT_CD4_TCELL_WITH_TGFB_IL6_UP	-0.3255199397215442			
GSE43955_TH0_VS_TGFB_IL6_TH17_ACT_CD4_TCELL_30H_DN	-0.32554732599614156			
CHESLER_BRAIN_HIGHEST_GENETIC_VARIANCE	-0.32554765300684474			
REACTOME_COPI_MEDIATED_ANTEROGRADE_TRANSPORT	-0.3255571872627285			
JI_RESPONSE_TO_FSH_DN	-0.32556637853372505			
GO_KERATAN_SULFATE_CATABOLIC_PROCESS	-0.32556657033028275			
IPA_STAT4_UP	-0.3255774907318226			
REACTOME_DDX58_IFIH1_MEDIATED_INDUCTION_OF_INTERFERON_ALPHA_BETA	-0.32557880076239704			
GSE16451_CTRL_VS_WEST_EQUINE_ENC_VIRUS_IMMATURE_NEURON_CELL_LINE_DN	-0.32558413722551127			
GO_TERTIARY_GRANULE_LUMEN	-0.32558435375823647			
GSE19198_CTRL_VS_IL21_TREATED_TCELL_24H_UP	-0.32558879221285886			
IPA_IRF7_UP	-0.3256062690193293			
GO_POSITIVE_REGULATION_OF_CALCIUM_ION_IMPORT	-0.3256066835557168			
GO_INSEMINATION	-0.3256333474734634			
IPA_IRF1_UP	-0.325636061755386			
REACTOME_INTERLEUKIN_27_SIGNALING	-0.32569289821904535			
GO_MEMBRANE_PROTEIN_ECTODOMAIN_PROTEOLYSIS	-0.3257222045197681			
GSE34156_NOD2_LIGAND_VS_TLR1_TLR2_LIGAND_6H_TREATED_MONOCYTE_UP	-0.32573665282746966			
PID_ILK_PATHWAY	-0.32574816661326633			
GSE22025_TGFB1_VS_TGFB1_AND_PROGESTERONE_TREATED_CD4_TCELL_UP	-0.3257510370165946			
WIERENGA_STAT5A_TARGETS_DN	-0.325777692298047			
FOSTER_TOLERANT_MACROPHAGE_UP	-0.3258289399352228			
GO_MYELOID_CELL_DEVELOPMENT	-0.3258347059976506			
GSE9960_HEALTHY_VS_GRAM_POS_SEPSIS_PBMC_DN	-0.32584805634634034			
MIR4641	-0.3258823737496871			
MIR4513	-0.3258925452978147			
REACTOME_AGGREPHAGY	-0.32593191650868036			
GSE7852_TREG_VS_TCONV_UP	-0.3259452871166752			
GSE13485_DAY3_VS_DAY21_YF17D_VACCINE_PBMC_UP	-0.3259548567686865			
REACTOME_GLYCOSAMINOGLYCAN_METABOLISM	-0.3259594013076251			
KORKOLA_EMBRYONAL_CARCINOMA	-0.3259665365795741			
GSE40655_FOXO1_KO_VS_WT_NTREG_UP	-0.32598714073310214			
IPA_HDAC1_UP	-0.3260074759202676			
GSE2770_IL12_AND_TGFB_VS_IL4_TREATED_ACT_CD4_TCELL_48H_UP	-0.3260127036656527			
GSE40666_WT_VS_STAT4_KO_CD8_TCELL_WITH_IFNA_STIM_90MIN_DN	-0.3260137893400894			
DAUER_STAT3_TARGETS_UP	-0.3260251273576409			
GSE8835_CD4_VS_CD8_TCELL_CLL_PATIENT_UP	-0.32603598881832924			
PLASARI_NFIC_TARGETS_BASAL_DN	-0.3260525178114082			
GARGALOVIC_RESPONSE_TO_OXIDIZED_PHOSPHOLIPIDS_TURQUOISE_UP	-0.32607619198005466			
GSE30971_CTRL_VS_LPS_STIM_MACROPHAGE_WBP7_HET_2H_DN	-0.32607763792971173			
KAECH_NAIVE_VS_MEMORY_CD8_TCELL_UP	-0.3260862670358151			
REACTOME_INTERLEUKIN_9_SIGNALING	-0.3261068676928293			
GSE33424_CD161_INT_VS_NEG_CD8_TCELL_DN	-0.3261072047348596			
WORSCHECH_TUMOR_EVASION_AND_TOLEROGENICITY_UP	-0.32613635890398823			
GO_DENDRITE_ARBORIZATION	-0.3261501682717611			
GO_REGULATION_OF_PROGRAMMED_NECROTIC_CELL_DEATH	-0.3261534429125877			
GO_REGULATION_OF_CELL_KILLING	-0.32616394182783787			
GO_INACTIVATION_OF_MAPK_ACTIVITY	-0.32617337842512484			
GSE15330_WT_VS_IKAROS_KO_HSC_DN	-0.3261955580121734			
GSE37416_0H_VS_6H_F_TULARENSIS_LVS_NEUTROPHIL_UP	-0.3262300178120659			
WEIGEL_OXIDATIVE_STRESS_BY_HNE_AND_H2O2	-0.32623033470135043			
GSE7509_DC_VS_MONOCYTE_WITH_FCGRIIB_STIM_DN	-0.3262572448425257			
MIR4515	-0.32626162116447854			
MIR1197	-0.3262787426503744			
GSE40274_GATA1_VS_FOXP3_AND_GATA1_TRANSDUCED_ACTIVATED_CD4_TCELL_UP	-0.3262884443873683			
GO_NEUTROPHIL_MIGRATION	-0.32631363948564074			
GSE17721_LPS_VS_GARDIQUIMOD_0.5H_BMDC_UP	-0.32631782054753167			
KAMIKUBO_MYELOID_CEBPA_NETWORK	-0.32631926961119095			
GSE30971_WBP7_HET_VS_KO_MACROPHAGE_4H_LPS_STIM_DN	-0.32632284622340035			
GSE5589_IL6_KO_VS_IL10_KO_LPS_AND_IL10_STIM_MACROPHAGE_180MIN_UP	-0.3263235483967566			
SENESE_HDAC2_TARGETS_UP	-0.32633283606247526			
LIANG_SILENCED_BY_METHYLATION_DN	-0.326346410120231			
GSE39820_CTRL_VS_TGFBETA3_IL6_CD4_TCELL_DN	-0.32635852340329685			
GSE39864_WT_VS_GATA3_KO_TREG_UP	-0.326361632732777			
BIOCARTA_EDG1_PATHWAY	-0.3263631845210976			
GO_POSITIVE_REGULATION_OF_T_HELPER_2_CELL_DIFFERENTIATION	-0.32636396954139535			
MIR3650	-0.3263933236658054			
GSE21063_3H_VS_16H_ANTI_IGM_STIM_BCELL_UP	-0.3264017420069016			
MIKKELSEN_MCV6_LCP_WITH_H3K27ME3	-0.3264094912146195			
GSE7768_OVA_WITH_LPS_VS_OVA_WITH_MPL_IMMUNIZED_MOUSE_WHOLE_SPLEEN_6H_UP	-0.32640991899293365			
GSE15330_WT_VS_IKAROS_KO_LYMPHOID_MULTIPOTENT_PROGENITOR_UP	-0.3264884511924014			
chr8p11	-0.32649569618271196			
GSE21360_NAIVE_VS_QUATERNARY_MEMORY_CD8_TCELL_UP	-0.3265052989284788			
GSE17721_PAM3CSK4_VS_GADIQUIMOD_12H_BMDC_DN	-0.3265150272052529			
TENEDINI_MEGAKARYOCYTE_MARKERS	-0.32655308270835515			
MIR5087	-0.326561393735123			
GSE6259_DEC205_POS_DC_VS_BCELL_DN	-0.32657149932544416			
GO_HINDBRAIN_RADIAL_GLIA_GUIDED_CELL_MIGRATION	-0.32658277989441137			
GO_POSITIVE_CHEMOTAXIS	-0.3265867723164522			
PID_HIF2PATHWAY	-0.32660763773964285			
GSE42021_TCONV_PLN_VS_CD24INT_TCONV_THYMUS_DN	-0.32666304353607023			
MIR10398_5P	-0.3266633026716163			
REACTOME_INTERLEUKIN_1_PROCESSING	-0.3267216816050782			
GO_NITRIC_OXIDE_SYNTHASE_BINDING	-0.3267688062879639			
GO_EXTRINSIC_APOPTOTIC_SIGNALING_PATHWAY_VIA_DEATH_DOMAIN_RECEPTORS	-0.32677329663827925			
MIR320E	-0.32678258524263826			
VART_KSHV_INFECTION_ANGIOGENIC_MARKERS_UP	-0.3267878261159428			
IPA_HNRNPK_DN	-0.3267932144855355			
PID_RHOA_PATHWAY	-0.3267934149305991			
GSE13411_IGM_MEMORY_BCELL_VS_PLASMA_CELL_UP	-0.3267983219125414			
GSE17721_0.5H_VS_24H_PAM3CSK4_BMDC_DN	-0.3268056508696178			
BERENJENO_ROCK_SIGNALING_NOT_VIA_RHOA_DN	-0.3268353632885216			
GSE8868_SPLEEN_VS_INTESTINE_CD11B_POS_CD11C_NEG_DC_UP	-0.3268382466896417			
CROONQUIST_STROMAL_STIMULATION_UP	-0.3268405421102716			
GO_CYTOSOLIC_CALCIUM_ION_TRANSPORT	-0.32685319323250217			
GO_REGULATION_OF_CARDIAC_MUSCLE_CONTRACTION_BY_REGULATION_OF_THE_RELEASE_OF_SEQUESTERED_CALCIUM_ION	-0.3268653539521018			
MIR203A_5P	-0.32688216730409564			
GO_SNAP_RECEPTOR_ACTIVITY	-0.3268980177692338			
IPA_RFX1_DN	-0.32695796802142524			
GO_ENDOTHELIAL_CELL_MIGRATION	-0.3269583635306339			
GSE8685_IL2_ACT_IL2_STARVED_VS_IL15_ACT_IL2_STARVED_CD4_TCELL_UP	-0.3269693390070193			
GO_POSITIVE_REGULATION_OF_MYELOID_CELL_APOPTOTIC_PROCESS	-0.3269777270666865			
GO_CELLULAR_RESPONSE_TO_ESTROGEN_STIMULUS	-0.3269968173992428			
ONO_FOXP3_TARGETS_DN	-0.32700376554132704			
GO_POSITIVE_REGULATION_OF_RESPONSE_TO_BIOTIC_STIMULUS	-0.3270213314503782			
chr5q15	-0.3270244755295207			
GO_DEFENSE_RESPONSE_TO_VIRUS	-0.3270702157578568			
GSE40666_WT_VS_STAT1_KO_CD8_TCELL_DN	-0.32707635262099943			
GSE3982_MAST_CELL_VS_TH2_UP	-0.32710781217724744			
GSE17721_CTRL_VS_CPG_8H_BMDC_DN	-0.32710885556506414			
GSE17974_IL4_AND_ANTI_IL12_VS_UNTREATED_12H_ACT_CD4_TCELL_DN	-0.32717359244740046			
GSE3400_UNTREATED_VS_IFNB_TREATED_MEF_DN	-0.32719742897613213			
GO_POSITIVE_REGULATION_OF_REACTIVE_OXYGEN_SPECIES_METABOLIC_PROCESS	-0.3272112314517267			
MIR3176	-0.3272560781593975			
REACTOME_PROSTACYCLIN_SIGNALLING_THROUGH_PROSTACYCLIN_RECEPTOR	-0.32725969943210087			
REACTOME_ENDOSOMAL_VACUOLAR_PATHWAY	-0.32726548267874267			
GO_IMMUNOGLOBULIN_PRODUCTION	-0.32727004297171697			
GSE17721_CTRL_VS_LPS_4H_BMDC_DN	-0.32727726766314447			
STAT6_02	-0.327318509627047			
MIR3614_5P	-0.3273263608970431			
GSE23321_CD8_STEM_CELL_MEMORY_VS_EFFECTOR_MEMORY_CD8_TCELL_UP	-0.32732810986762806			
GSE13522_WT_VS_IFNAR_KO_SKIN_UP	-0.3273332821212602			
GO_TELETHONIN_BINDING	-0.32740025582981447			
GSE27434_WT_VS_DNMT1_KO_TREG_DN	-0.327402521877651			
GAUSSMANN_MLL_AF4_FUSION_TARGETS_F_DN	-0.3274047466820531			
GSE45365_WT_VS_IFNAR_KO_CD8A_DC_DN	-0.3274092123523772			
GSE14699_NAIVE_VS_ACT_CD8_TCELL_UP	-0.32741447905851806			
GSE22611_NOD2_VS_CTRL_TRANSDUCED_HEK293T_CELL_DN	-0.32742366299448816			
GO_INTERLEUKIN_27_MEDIATED_SIGNALING_PATHWAY	-0.3274303138298174			
REACTOME_PD_1_SIGNALING	-0.32743269433391375			
PID_AVB3_INTEGRIN_PATHWAY	-0.32747107297597294			
GO_MUTLALPHA_COMPLEX	-0.32747827215316305			
GSE7764_IL15_NK_CELL_24H_VS_SPLENOCYTE_DN	-0.3275135334147261			
GO_POSITIVE_REGULATION_OF_FC_RECEPTOR_MEDIATED_STIMULATORY_SIGNALING_PATHWAY	-0.327519614568758			
GSE1460_CORD_VS_ADULT_BLOOD_NAIVE_CD4_TCELL_DN	-0.32752416546072133			
REACTOME_KERATAN_SULFATE_DEGRADATION	-0.3275304090310626			
GO_REGULATION_OF_EXCRETION	-0.3275438017225932			
GRAHAM_CML_QUIESCENT_VS_NORMAL_QUIESCENT_DN	-0.32755814229393027			
GO_POSITIVE_REGULATION_OF_VASCULAR_ENDOTHELIAL_CELL_PROLIFERATION	-0.3275692897114854			
GSE1925_CTRL_VS_24H_IFNG_STIM_MACROPHAGE_DN	-0.3276223590157363			
GO_NEGATIVE_REGULATION_OF_MICROGLIAL_CELL_ACTIVATION	-0.3276287361508583			
MIR549A_5P	-0.32766101921464025			
GO_NEGATIVE_REGULATION_OF_MAST_CELL_ACTIVATION_INVOLVED_IN_IMMUNE_RESPONSE	-0.327667958610759			
CERVERA_SDHB_TARGETS_2	-0.3276784002995372			
GO_NEGATIVE_REGULATION_OF_ACTIVATED_T_CELL_PROLIFERATION	-0.3277218665841038			
GO_NEGATIVE_REGULATION_OF_LEUKOCYTE_DIFFERENTIATION	-0.327741425224575			
MIR10401_3P	-0.3277493326386716			
GSE9946_MATURE_STIMULATORY_VS_LISTERIA_INF_MATURE_DC_DN	-0.3277539513664921			
BIOCARTA_PCAF_PATHWAY	-0.32777220436717286			
PHONG_TNF_TARGETS_UP	-0.32779688092450304			
GO_POSITIVE_REGULATION_OF_RENAL_SODIUM_EXCRETION	-0.3278197099222251			
GSE21670_TGFB_VS_TGFB_AND_IL6_TREATED_STAT3_KO_CD4_TCELL_UP	-0.3278343552898895			
GO_CELLULAR_RESPONSE_TO_INTERFERON_BETA	-0.32785209527996295			
GO_ENDOPLASMIC_RETICULUM_LUMEN	-0.32790552248721005			
LINDGREN_BLADDER_CANCER_HIGH_RECURRENCE	-0.32791198517535436			
GO_METALLOPEPTIDASE_ACTIVITY	-0.3279441469496072			
GSE32533_MIR17_KO_VS_MIR17_OVEREXPRESS_ACT_CD4_TCELL_DN	-0.3279584464372601			
TONKS_TARGETS_OF_RUNX1_RUNX1T1_FUSION_HSC_DN	-0.3279695322922879			
GSE37533_PPARG1_FOXP3_VS_FOXP3_TRANSDUCED_CD4_TCELL_PIOGLITAZONE_TREATED_UP	-0.32800559853894473			
IIZUKA_LIVER_CANCER_PROGRESSION_L0_L1_DN	-0.3280094408303424			
GSE3982_EFF_MEMORY_CD4_TCELL_VS_NKCELL_DN	-0.32801246034049614			
GSE17721_LPS_VS_POLYIC_12H_BMDC_DN	-0.3280139266231684			
HARRIS_BRAIN_CANCER_PROGENITORS	-0.3280181881646518			
ZHANG_RESPONSE_TO_CANTHARIDIN_UP	-0.3280236995098156			
HERNANDEZ_MITOTIC_ARREST_BY_DOCETAXEL_1_DN	-0.3280312107514855			
GSE46606_DAY1_VS_DAY3_CD40L_IL2_IL5_STIMULATED_BCELL_DN	-0.32804244433705854			
REACTOME_ANTI_INFLAMMATORY_RESPONSE_FAVOURING_LEISHMANIA_PARASITE_INFECTION	-0.32806687935965384			
GSE9650_NAIVE_VS_MEMORY_CD8_TCELL_UP	-0.3280788692323831			
GSE33292_DN3_THYMOCYTE_VS_TCF1_KO_TCELL_LYMPHOMA_UP	-0.3280994208148263			
BREDEMEYER_RAG_SIGNALING_NOT_VIA_ATM_UP	-0.32812449815839895			
ALONSO_METASTASIS_EMT_UP	-0.32814234148919424			
GO_ACTIVATION_OF_CYSTEINE_TYPE_ENDOPEPTIDASE_ACTIVITY_INVOLVED_IN_APOPTOTIC_PROCESS	-0.32816580981567994			
GSE12366_NAIVE_VS_MEMORY_BCELL_DN	-0.3282551366939781			
GO_T_CELL_DIFFERENTIATION	-0.3282613229629284			
GSE28737_WT_VS_BCL6_KO_FOLLICULAR_BCELL_UP	-0.3282882211888556			
GSE40666_NAIVE_VS_EFFECTOR_CD8_TCELL_WITH_IFNA_STIM_90MIN_DN	-0.3282957513042939			
GSE3982_MEMORY_CD4_TCELL_VS_BCELL_DN	-0.32830590777901236			
GO_REGULATION_OF_VITAMIN_D_BIOSYNTHETIC_PROCESS	-0.32832788313145844			
GO_NEGATIVE_REGULATION_OF_CATALYTIC_ACTIVITY	-0.3283411380951979			
REACTOME_SENESCENCE_ASSOCIATED_SECRETORY_PHENOTYPE_SASP	-0.3283713989739691			
GSE20366_EX_VIVO_VS_HOMEOSTATIC_CONVERSION_NAIVE_CD4_TCELL_UP	-0.328381464104641			
DIRMEIER_LMP1_RESPONSE_EARLY	-0.3283850253954039			
GO_CELLULAR_RESPONSE_TO_ZINC_ION	-0.32839562183975596			
GO_NEGATIVE_REGULATION_OF_ALCOHOL_BIOSYNTHETIC_PROCESS	-0.3284018520806966			
GSE18893_TCONV_VS_TREG_24H_CULTURE_DN	-0.32841178796077103			
GO_PHAGOLYSOSOME_ASSEMBLY	-0.3284192856365721			
GO_REGULATION_OF_BONE_MINERALIZATION_INVOLVED_IN_BONE_MATURATION	-0.32842104428560265			
HOLLEMAN_ASPARAGINASE_RESISTANCE_ALL_UP	-0.328426811543736			
GO_B_CELL_RECEPTOR_SIGNALING_PATHWAY	-0.32845057279919565			
MIR598_5P	-0.3284604465717878			
DER_IFN_BETA_RESPONSE_UP	-0.32846179194893044			
MIR3978	-0.3284895571607037			
YAGI_AML_FAB_MARKERS	-0.328509910512068			
LEE_NAIVE_T_LYMPHOCYTE	-0.32852789408737776			
GO_LUNG_GROWTH	-0.32855298621007895			
GO_NEGATIVE_REGULATION_OF_INTERLEUKIN_1_PRODUCTION	-0.32856436871399913			
GSE9316_IL6_KO_VS_IFNG_KO_INVIVO_EXPANDED_CD4_TCELL_DN	-0.3285827173831226			
GSE43863_TH1_VS_LY6C_LOW_CXCR5NEG_EFFECTOR_CD4_TCELL_DN	-0.32859530823307775			
GSE17186_CD21LOW_VS_CD21HIGH_TRANSITIONAL_BCELL_UP	-0.3286115196757112			
GSE40274_FOXP3_VS_FOXP3_AND_SATB1_TRANSDUCED_ACTIVATED_CD4_TCELL_DN	-0.3286221940896775			
GSE2826_XID_VS_BTK_KO_BCELL_DN	-0.3286319894952645			
GSE39820_TGFBETA1_IL6_VS_TGFBETA1_IL6_IL23A_TREATED_CD4_TCELL_UP	-0.3287056794947022			
GSE13738_TCR_VS_BYSTANDER_ACTIVATED_CD4_TCELL_DN	-0.32870938031705527			
MIR3197	-0.3287604864334351			
GOLDRATH_EFF_VS_MEMORY_CD8_TCELL_DN	-0.32876615497095746			
ALK_DN.V1_UP	-0.3287955931925411			
GO_CELLULAR_RESPONSE_TO_PEPTIDOGLYCAN	-0.32881535006442303			
REACTOME_TRAF6_MEDIATED_INDUCTION_OF_TAK1_COMPLEX_WITHIN_TLR4_COMPLEX	-0.32885079202302964			
GSE27241_CTRL_VS_DIGOXIN_TREATED_CD4_TCELL_IN_TH17_POLARIZING_CONDITIONS_UP	-0.32886072461538113			
GSE46606_UNSTIM_VS_CD40L_IL2_IL5_1DAY_STIMULATED_IRF4MID_SORTED_BCELL_UP	-0.32888958735716173			
BIOCARTA_RELA_PATHWAY	-0.3288910148980007			
GO_NEGATIVE_REGULATION_OF_CD4_POSITIVE_ALPHA_BETA_T_CELL_ACTIVATION	-0.32890535165406193			
GSE3203_UNTREATED_VS_IFNB_TREATED_LN_BCELL_UP	-0.3289485480511206			
BIOCARTA_NKT_PATHWAY	-0.328968739830705			
GSE2585_CD80_HIGH_VS_LOW_AIRE_KO_MTEC_UP	-0.3289801451036443			
GO_EXTRACELLULAR_MATRIX_CONSTITUENT_CONFERRING_ELASTICITY	-0.32898038586777145			
GO_NEGATIVE_REGULATION_OF_POTASSIUM_ION_TRANSPORT	-0.3289838366553258			
IPA_PRDM1_DN	-0.3290002637259124			
GSE40666_NAIVE_VS_EFFECTOR_CD8_TCELL_DN	-0.32903277313929724			
REACTOME_VITAMIN_C_ASCORBATE_METABOLISM	-0.32903413230407824			
GO_SH3_DOMAIN_BINDING	-0.32905204122748855			
GO_CD8_POSITIVE_ALPHA_BETA_T_CELL_PROLIFERATION	-0.3290593387512405			
TSENG_ADIPOGENIC_POTENTIAL_DN	-0.3290707956370841			
GSE37416_12H_VS_24H_F_TULARENSIS_LVS_NEUTROPHIL_UP	-0.32911346184001855			
HEIDENBLAD_AMPLICON_8Q24_DN	-0.3291226087779924			
GO_POSITIVE_REGULATION_OF_VASCULAR_ENDOTHELIAL_GROWTH_FACTOR_RECEPTOR_SIGNALING_PATHWAY	-0.3291368727461461			
GSE22886_NAIVE_BCELL_VS_DC_DN	-0.3291520353617062			
GO_REGULATORY_T_CELL_DIFFERENTIATION	-0.3291623631901031			
GSE3982_BCELL_VS_BASOPHIL_DN	-0.32917999005942955			
GO_B_CELL_HOMEOSTASIS	-0.32921747649298366			
PRAMOONJAGO_SOX4_TARGETS_UP	-0.3292722608005963			
GSE17721_POLYIC_VS_CPG_4H_BMDC_DN	-0.329296092976762			
REACTOME_CD209_DC_SIGN_SIGNALING	-0.32931355841451554			
PID_RAC1_REG_PATHWAY	-0.3293196904537191			
IPA_POU2AF1_UP	-0.32932854134998846			
MIR514A_5P	-0.32935291296450003			
GO_CELL_MIGRATION_IN_HINDBRAIN	-0.32936048002288953			
GO_REGULATION_OF_PHOSPHOLIPASE_ACTIVITY	-0.3293828302641207			
GSE37534_UNTREATED_VS_PIOGLITAZONE_TREATED_CD4_TCELL_PPARG1_AND_FOXP3_TRASDUCED_DN	-0.3293925057872524			
GO_POSITIVE_REGULATION_OF_FC_GAMMA_RECEPTOR_SIGNALING_PATHWAY_INVOLVED_IN_PHAGOCYTOSIS	-0.32942169862720794			
GO_REGULATION_OF_IMMUNOGLOBULIN_PRODUCTION	-0.32942697621054223			
GSE19198_CTRL_VS_IL21_TREATED_TCELL_6H_UP	-0.32943253259457395			
GO_POSITIVE_REGULATION_OF_PHOSPHOPROTEIN_PHOSPHATASE_ACTIVITY	-0.32943947164114534			
VERNELL_RETINOBLASTOMA_PATHWAY_DN	-0.329460216032856			
NIKOLSKY_BREAST_CANCER_19Q13.4_AMPLICON	-0.32946896742599346			
JOHNSTONE_PARVB_TARGETS_1_DN	-0.3294801946200134			
GSE1432_1H_VS_24H_IFNG_MICROGLIA_DN	-0.3294994465088783			
ZSCAN4_TARGET_GENES	-0.3294995349032794			
GSE43955_1H_VS_10H_ACT_CD4_TCELL_DN	-0.32953773077885934			
GO_NEGATIVE_REGULATION_OF_MAST_CELL_DEGRANULATION	-0.32956597767581636			
GSE22935_WT_VS_MYD88_KO_MACROPHAGE_12H_MBOVIS_BCG_STIM_UP	-0.329582424490029			
GSE32164_ALTERNATIVELY_ACT_M2_VS_CMYC_INHIBITED_MACROPHAGE_UP	-0.32959139547710864			
GO_REGULATION_OF_HEMOPOIESIS	-0.3295925738113458			
VERRECCHIA_RESPONSE_TO_TGFB1_C4	-0.3296087623578533			
MIR3922_3P	-0.32963225616721414			
GSE32164_RESTING_DIFFERENTIATED_VS_CMYC_INHIBITED_MACROPHAGE_DN	-0.3296437184278058			
GO_POSITIVE_REGULATION_OF_I_KAPPAB_KINASE_NF_KAPPAB_SIGNALING	-0.32964461942927015			
MIR202_3P	-0.32966518419144125			
KIM_GERMINAL_CENTER_T_HELPER_UP	-0.3296661191252186			
MIR6511B_5P	-0.3296921314156528			
GSE6259_33D1_POS_VS_DEC205_POS_SPLENIC_DC_DN	-0.3297019426014252			
GO_REGULATION_OF_GERMINAL_CENTER_FORMATION	-0.3297126475321005			
MIR6500_3P	-0.32974285675522763			
GO_RESPONSE_TO_FLUID_SHEAR_STRESS	-0.329746074146009			
HALMOS_CEBPA_TARGETS_UP	-0.32976166023023434			
GSE44649_WT_VS_MIR155_KO_NAIVE_CD8_TCELL_DN	-0.32978136132062075			
GSE13484_UNSTIM_VS_3H_YF17D_VACCINE_STIM_PBMC_DN	-0.3297905698362196			
GSE2706_LPS_VS_R848_AND_LPS_8H_STIM_DC_UP	-0.32979867421256526			
MIR3201	-0.3298035668251764			
FIGUEROA_AML_METHYLATION_CLUSTER_7_UP	-0.32981151891961147			
GSE8921_UNSTIM_VS_TLR1_2_STIM_MONOCYTE_24H_UP	-0.32981721833362637			
GSE40273_XBP1_KO_VS_WT_TREG_DN	-0.32981894435085085			
GSE24634_TEFF_VS_TCONV_DAY7_IN_CULTURE_DN	-0.3298204290854323			
GO_REGULATION_OF_CYSTEINE_TYPE_ENDOPEPTIDASE_ACTIVITY	-0.32982139442873115			
GSE17721_PAM3CSK4_VS_CPG_8H_BMDC_DN	-0.32982321325438735			
PID_FRA_PATHWAY	-0.32982475637395975			
GSE36888_STAT5_AB_KNOCKIN_VS_WT_TCELL_IL2_TREATED_17H_UP	-0.3298512922571042			
GSE18281_MEDULLARY_THYMOCYTE_VS_WHOLE_MEDULLA_THYMUS_UP	-0.32985383594658263			
GSE15330_HSC_VS_MEGAKARYOCYTE_ERYTHROID_PROGENITOR_IKAROS_KO_UP	-0.32991383594885676			
GO_POSITIVE_REGULATION_OF_PROTEIN_MODIFICATION_PROCESS	-0.3299186504335			
RGAGGAARY_PU1_Q6	-0.3299450453195291			
GSE24142_ADULT_VS_FETAL_DN2_THYMOCYTE_UP	-0.3299480447796852			
GSE46242_TH1_VS_ANERGIC_TH1_CD4_TCELL_UP	-0.3299735720911036			
GO_NEGATIVE_REGULATION_OF_T_HELPER_CELL_DIFFERENTIATION	-0.3299892681349608			
GSE46143_CTRL_VS_LMP2A_TRANSDUCED_CD10_POS_GC_BCELL_DN	-0.33004240990449285			
GO_LIPID_PHOSPHORYLATION	-0.3300480377460348			
GO_SEQUESTERING_OF_EXTRACELLULAR_LIGAND_FROM_RECEPTOR	-0.33008778786063664			
MIR6855_3P	-0.3301073982761124			
CEBPGAMMA_Q6	-0.3301089715891544			
GO_POSITIVE_T_CELL_SELECTION	-0.33011471978379137			
SANA_TNF_SIGNALING_UP	-0.3301441709178388			
GO_NEGATIVE_REGULATION_OF_LEUKOCYTE_DEGRANULATION	-0.3301519752874239			
GSE14908_ATOPIC_VS_NONATOPIC_PATIENT_RESTING_CD4_TCELL_UP	-0.33018035704232707			
GSE17186_BLOOD_VS_CORD_BLOOD_CD21LOW_TRANSITIONAL_BCELL_UP	-0.33018952632871484			
FLECHNER_BIOPSY_KIDNEY_TRANSPLANT_REJECTED_VS_OK_UP	-0.3301956160144924			
GO_OLFACTORY_LOBE_DEVELOPMENT	-0.3302326700088731			
GSE3720_VD1_VS_VD2_GAMMADELTA_TCELL_WITH_PMA_STIM_UP	-0.33024937389302206			
IPA_NR5A1_DN	-0.3302762594394528			
GSE17974_0H_VS_6H_IN_VITRO_ACT_CD4_TCELL_UP	-0.33027925703288336			
GO_NEGATIVE_REGULATION_OF_PROTEIN_LOCALIZATION_TO_MEMBRANE	-0.3302937836271273			
GSE411_100MIN_VS_400MIN_IL6_STIM_SOCS3_KO_MACROPHAGE_DN	-0.3303026635814915			
GO_OSSIFICATION_INVOLVED_IN_BONE_REMODELING	-0.3303192549101716			
BIOCARTA_CSK_PATHWAY	-0.33033608009382903			
GSE27241_CTRL_VS_DIGOXIN_TREATED_RORGT_KO_CD4_TCELL_IN_TH17_POLARIZING_CONDITIONS_DN	-0.33035979755055556			
GSE3982_MAC_VS_BCELL_UP	-0.3303724165403158			
chr5q33	-0.3303785201299702			
MIR3940_5P	-0.3303801070102088			
GSE19198_6H_VS_24H_IL21_TREATED_TCELL_UP	-0.330435662252071			
GSE8921_UNSTIM_0H_VS_TLR1_2_STIM_MONOCYTE_12H_DN	-0.33048801672188105			
REACTOME_DEGRADATION_OF_THE_EXTRACELLULAR_MATRIX	-0.330531249533521			
REACTOME_TP53_REGULATES_TRANSCRIPTION_OF_GENES_INVOLVED_IN_G1_CELL_CYCLE_ARREST	-0.3306040455447546			
GO_PROTEIN_LOCALIZATION_TO_CELL_SURFACE	-0.33061966909529866			
GSE29949_MICROGLIA_BRAIN_VS_MONOCYTE_BONE_MARROW_DN	-0.33062449804119226			
GO_POSITIVE_REGULATION_OF_LYMPHOCYTE_MIGRATION	-0.3306246596575178			
GO_REGULATION_OF_CELL_AGING	-0.330633864743018			
GSE35825_UNTREATED_VS_IFNG_STIM_MACROPHAGE_DN	-0.3306432183813922			
GO_REGULATION_OF_CELL_DEATH	-0.3306637673771023			
GSE25088_WT_VS_STAT6_KO_MACROPHAGE_ROSIGLITAZONE_STIM_DN	-0.33067539075310415			
GO_NEGATIVE_REGULATION_OF_MYELOID_CELL_DIFFERENTIATION	-0.3306822040188099			
IPA_CEBPD_UP	-0.33068832114849095			
GSE17974_0H_VS_2H_IN_VITRO_ACT_CD4_TCELL_DN	-0.33068988875760175			
BIOCARTA_IL7_PATHWAY	-0.33072737130530244			
GSE11961_UNSTIM_VS_ANTI_IGM_AND_CD40_STIM_6H_FOLLICULAR_BCELL_UP	-0.33074873144712624			
GSE29949_CD8_NEG_DC_SPLEEN_VS_MONOCYTE_BONE_MARROW_DN	-0.33078388153053656			
DACOSTA_UV_RESPONSE_VIA_ERCC3_XPCS_DN	-0.33078888632019493			
BACH1_01	-0.33080320393783263			
GSE40225_WT_VS_RIP_B7X_DIABETIC_MOUSE_PANCREATIC_CD8_TCELL_UP	-0.3308121383230469			
GSE43260_BTLA_POS_VS_NEG_INTRATUMORAL_CD8_TCELL_DN	-0.33084247152210833			
OSWALD_HEMATOPOIETIC_STEM_CELL_IN_COLLAGEN_GEL_UP	-0.3308764740097408			
GO_NEGATIVE_REGULATION_OF_MEIOTIC_NUCLEAR_DIVISION	-0.3308807459308021			
GO_GAMETE_GENERATION	-0.33089010834409716			
GO_SIGNAL_TRANSDUCTION_BY_PROTEIN_PHOSPHORYLATION	-0.3308960003830803			
GSE41176_UNSTIM_VS_ANTI_IGM_STIM_BCELL_3H_UP	-0.3309015111005238			
GO_ENDOTHELIAL_CELL_PROLIFERATION	-0.33092820574374165			
GSE5589_IL6_KO_VS_IL10_KO_LPS_AND_IL10_STIM_MACROPHAGE_45MIN_UP	-0.33093233755777685			
GSE25123_CTRL_VS_IL4_STIM_PPARG_KO_MACROPHAGE_DN	-0.33094436759495366			
IPA_ID3_UP	-0.3309501488062789			
GO_REGULATION_OF_HYDROLASE_ACTIVITY	-0.33096187049206244			
GSE29618_PDC_VS_MDC_UP	-0.33096598629128127			
GSE35825_UNTREATED_VS_IFNG_STIM_MACROPHAGE_UP	-0.3310024631652716			
GO_MEIOTIC_CYTOKINESIS	-0.3310217911659835			
SHAFFER_IRF4_MULTIPLE_MYELOMA_PROGRAM	-0.3310294051428855			
BIOCARTA_BAD_PATHWAY	-0.33103537909459235			
GSE10856_CTRL_VS_TNFRSF6B_IN_MACROPHAGE_UP	-0.33105334908743805			
PETRETTO_HEART_MASS_QTL_CIS_DN	-0.33107170308809336			
CUI_TCF21_TARGETS_2_DN	-0.33107983849376915			
GSE17721_CTRL_VS_GARDIQUIMOD_8H_BMDC_DN	-0.3310971415657837			
GO_CELL_TRAILING_EDGE	-0.33109819925428			
KUMAR_TARGETS_OF_MLL_AF9_FUSION	-0.33110650766527655			
TAKEDA_TARGETS_OF_NUP98_HOXA9_FUSION_10D_UP	-0.33111209498760186			
REACTOME_THROMBOXANE_SIGNALLING_THROUGH_TP_RECEPTOR	-0.3311239262385253			
BIOCARTA_CTLA4_PATHWAY	-0.33114694869159644			
MIR4499	-0.3312126204098924			
GSE21670_UNTREATED_VS_TGFB_IL6_TREATED_STAT3_KO_CD4_TCELL_DN	-0.33123413596455903			
GO_ARF_PROTEIN_SIGNAL_TRANSDUCTION	-0.33125144537431467			
GSE18791_UNSTIM_VS_NEWCATSLE_VIRUS_DC_10H_DN	-0.33126938947818385			
CHAF1B_TARGET_GENES	-0.33128226893077956			
ZHOU_INFLAMMATORY_RESPONSE_LIVE_UP	-0.3313123461950859			
GSE41867_NAIVE_VS_DAY6_LCMV_EFFECTOR_CD8_TCELL_DN	-0.33131239993270634			
GO_PLATELET_DERIVED_GROWTH_FACTOR_RECEPTOR_BINDING	-0.3313275348292205			
MIKKELSEN_MEF_LCP_WITH_H3K4ME3	-0.3313302893769474			
GO_POSITIVE_REGULATION_OF_ESTABLISHMENT_OF_PROTEIN_LOCALIZATION	-0.3313420206921624			
GSE42088_UNINF_VS_LEISHMANIA_INF_DC_4H_DN	-0.33134399839364365			
GENTLES_LEUKEMIC_STEM_CELL_UP	-0.3313674843078796			
STAT5B_01	-0.33137904490990516			
SCHRAETS_MLL_TARGETS_DN	-0.3314552455683338			
GREENBAUM_E2A_TARGETS_DN	-0.3314873397676028			
GO_POSITIVE_REGULATION_OF_G1_S_TRANSITION_OF_MITOTIC_CELL_CYCLE	-0.3314880255096773			
REACTOME_IRAK4_DEFICIENCY_TLR2_4	-0.33149538161393277			
GO_POSITIVE_REGULATION_OF_CHEMOKINE_C_X_C_MOTIF_LIGAND_2_PRODUCTION	-0.33151404105718996			
GO_REGULATION_OF_CALCIUM_ION_IMPORT	-0.33154119651039005			
GSE15930_STIM_VS_STIM_AND_TRICHOSTATINA_72H_CD8_T_CELL_UP	-0.33156936757212613			
GSE15624_3H_VS_6H_HALOFUGINONE_TREATED_CD4_TCELL_UP	-0.331587332565535			
GO_NEGATIVE_REGULATION_OF_PEPTIDYL_TYROSINE_PHOSPHORYLATION	-0.33159495160935076			
GO_LIPOPEPTIDE_BINDING	-0.33162258426795027			
GSE41978_ID2_KO_VS_BIM_KO_KLRG1_LOW_EFFECTOR_CD8_TCELL_UP	-0.3316292550115083			
GSE12392_WT_VS_IFNB_KO_CD8A_POS_SPLEEN_DC_DN	-0.3316387444831988			
GSE19198_CTRL_VS_IL21_TREATED_TCELL_24H_DN	-0.3316426114619155			
GSE5589_LPS_VS_LPS_AND_IL10_STIM_IL6_KO_MACROPHAGE_45MIN_DN	-0.3316698770100593			
GSE43955_1H_VS_10H_ACT_CD4_TCELL_UP	-0.3316854849644806			
ATGCACG_MIR517B	-0.331704349514315			
GSE7348_UNSTIM_VS_TOLERIZED_AND_LPS_STIM_MACROPHAGE_DN	-0.3317237941295578			
GO_STRESS_ACTIVATED_PROTEIN_KINASE_SIGNALING_CASCADE	-0.33174848982854604			
GO_PROTEIN_KINASE_B_SIGNALING	-0.3317507807738257			
IPA_RUNX1_DN	-0.3317700534188675			
GSE17974_IL4_AND_ANTI_IL12_VS_UNTREATED_6H_ACT_CD4_TCELL_DN	-0.3318243294122945			
CTCAAGA_MIR526B	-0.33184202822197334			
GO_NEGATIVE_REGULATION_OF_COAGULATION	-0.33184559795349944			
GSE28737_WT_VS_BCL6_KO_FOLLICULAR_BCELL_DN	-0.3318550121156843			
GSE21670_STAT3_KO_VS_WT_CD4_TCELL_UP	-0.331864159528379			
HELLER_HDAC_TARGETS_SILENCED_BY_METHYLATION_UP	-0.3318684178800015			
GSE17721_POLYIC_VS_PAM3CSK4_8H_BMDC_UP	-0.33188372408886035			
GSE27241_WT_CTRL_VS_DIGOXIN_TREATED_RORGT_KO_CD4_TCELL_IN_TH17_POLARIZING_CONDITIONS_UP	-0.33190619244137204			
GO_POSITIVE_REGULATION_OF_CATALYTIC_ACTIVITY	-0.3319197660148413			
GO_SECOND_MESSENGER_MEDIATED_SIGNALING	-0.3319206506700233			
GO_NEGATIVE_REGULATION_OF_VASCULAR_ENDOTHELIAL_CELL_PROLIFERATION	-0.3319358207794302			
GO_POSITIVE_REGULATION_OF_MITOCHONDRIAL_CALCIUM_ION_CONCENTRATION	-0.3319443216784607			
TAKEDA_TARGETS_OF_NUP98_HOXA9_FUSION_3D_UP	-0.33196642203351245			
GSE41867_LCMV_ARMSTRONG_VS_CLONE13_DAY15_EFFECTOR_CD8_TCELL_UP	-0.3319825292691645			
chr3p24	-0.33200085688995645			
GO_REGULATION_OF_NEUTROPHIL_CHEMOTAXIS	-0.3320120487037299			
PID_UPA_UPAR_PATHWAY	-0.3320152341621573			
GSE28737_FOLLICULAR_VS_MARGINAL_ZONE_BCELL_BCL6_HET_UP	-0.33202140566085686			
GO_VACUOLE	-0.33202400631489054			
GSE1460_NAIVE_CD4_TCELL_CORD_BLOOD_VS_THYMIC_STROMAL_CELL_DN	-0.33203094158186597			
GO_EPITHELIAL_TO_MESENCHYMAL_TRANSITION_INVOLVED_IN_ENDOCARDIAL_CUSHION_FORMATION	-0.33203971353419987			
GSE17721_POLYIC_VS_GARDIQUIMOD_2H_BMDC_DN	-0.3320405261326793			
GO_STRUCTURAL_MOLECULE_ACTIVITY_CONFERRING_ELASTICITY	-0.33204713507129413			
GSE23502_BM_VS_COLON_TUMOR_MYELOID_DERIVED_SUPPRESSOR_CELL_UP	-0.33205799689656457			
GO_REGULATION_OF_PLATELET_AGGREGATION	-0.3320594651045126			
GSE29618_PDC_VS_MDC_DAY7_FLU_VACCINE_UP	-0.33207733537137213			
MIR6800_5P	-0.3320954809190743			
GO_REGULATION_OF_PHOSPHORYLATION	-0.3320985615517552			
REACTOME_MET_ACTIVATES_RAP1_AND_RAC1	-0.3321235328910382			
GSE1432_CTRL_VS_IFNG_6H_MICROGLIA_DN	-0.33215023321628795			
GSE10325_LUPUS_BCELL_VS_LUPUS_MYELOID_DN	-0.33215481700294813			
IPA_SMARCA2_UP	-0.3321549871171376			
GO_POSITIVE_REGULATION_OF_INTERLEUKIN_4_PRODUCTION	-0.3321587802857608			
BOSCO_INTERFERON_INDUCED_ANTIVIRAL_MODULE	-0.3321815126767979			
IPA_MYOCD_UP	-0.3321995904239919			
IVANOVA_HEMATOPOIESIS_MATURE_CELL	-0.33220208806062307			
GO_CELLULAR_RESPONSE_TO_MURAMYL_DIPEPTIDE	-0.3322101093611477			
GO_LYSOSOMAL_LUMEN	-0.3322159619281881			
GSE38681_WT_VS_LYL1_KO_LYMPHOID_PRIMED_MULTIPOTENT_PROGENITOR_DN	-0.3322293524926119			
GAZDA_DIAMOND_BLACKFAN_ANEMIA_ERYTHROID_DN	-0.33223487690364023			
GO_NEGATIVE_REGULATION_OF_B_CELL_ACTIVATION	-0.3322491841703877			
GSE3982_NEUTROPHIL_VS_BCELL_UP	-0.332270236900612			
GSE37416_CTRL_VS_3H_F_TULARENSIS_LVS_NEUTROPHIL_UP	-0.3322839754818275			
GO_INTERLEUKIN_6_SECRETION	-0.33230869484958064			
GO_POSITIVE_REGULATION_OF_PROTEIN_KINASE_B_SIGNALING	-0.3323237808465138			
GSE36095_WT_VS_HDAC9_KO_TREG_UP	-0.3323328999439221			
GSE9509_LPS_VS_LPS_AND_IL10_STIM_IL10_KO_MACROPHAGE_30MIN_UP	-0.33235375082955626			
PID_IL4_2PATHWAY	-0.33235516155690686			
GSE12845_IGD_POS_VS_NEG_BLOOD_BCELL_DN	-0.3323597954894212			
GO_REGULATION_OF_T_HELPER_17_TYPE_IMMUNE_RESPONSE	-0.332362391925907			
GSE5542_UNTREATED_VS_IFNA_AND_IFNG_TREATED_EPITHELIAL_CELLS_24H_DN	-0.33238302031591277			
IPA_FOS_UP	-0.3323859935814412			
GSE36891_POLYIC_TLR3_VS_PAM_TLR2_STIM_PERITONEAL_MACROPHAGE_UP	-0.33238796152282174			
WUNDER_INFLAMMATORY_RESPONSE_AND_CHOLESTEROL_DN	-0.3323896277609258			
GSE11057_EFF_MEM_VS_CENT_MEM_CD4_TCELL_UP	-0.33240255239008776			
GSE14769_40MIN_VS_360MIN_LPS_BMDM_DN	-0.33241558515292025			
REACTOME_TNFR2_NON_CANONICAL_NF_KB_PATHWAY	-0.33245193345179996			
GO_POSITIVE_REGULATION_OF_STRIATED_MUSCLE_CELL_DIFFERENTIATION	-0.3324567433879926			
GSE1448_CTRL_VS_ANTI_VBETA5_DP_THYMOCYTE_DN	-0.33247543696733256			
GO_T_CELL_RECEPTOR_COMPLEX	-0.3324777631171768			
GO_RESPONSE_TO_AMYLOID_BETA	-0.3324786127826255			
GO_NEGATIVE_REGULATION_OF_REACTIVE_OXYGEN_SPECIES_BIOSYNTHETIC_PROCESS	-0.3324891658255282			
GO_L_ASCORBIC_ACID_METABOLIC_PROCESS	-0.33250210692841353			
REACTOME_GP1B_IX_V_ACTIVATION_SIGNALLING	-0.33252095843107177			
SHEDDEN_LUNG_CANCER_GOOD_SURVIVAL_A12	-0.33252671179400145			
TIEN_INTESTINE_PROBIOTICS_6HR_DN	-0.33253698348721794			
GO_SINGLE_STRANDED_VIRAL_RNA_REPLICATION_VIA_DOUBLE_STRANDED_DNA_INTERMEDIATE	-0.332565690092683			
GSE22033_UNTREATED_VS_ROSIGLITAZONE_TREATED_MEF_DN	-0.33260509583898			
GO_POSITIVE_REGULATION_OF_SMOOTH_MUSCLE_CELL_DIFFERENTIATION	-0.3326207583309529			
GO_HYALURONAN_CATABOLIC_PROCESS	-0.33263769575816904			
BURTON_ADIPOGENESIS_PEAK_AT_0HR	-0.3326548228487368			
GO_PROTEIN_CONTAINING_COMPLEX_BINDING	-0.3326559821552939			
GSE29618_MONOCYTE_VS_MDC_DN	-0.332661760224867			
GO_METALLOENDOPEPTIDASE_ACTIVITY	-0.33268034638076416			
GSE17974_0H_VS_48H_IN_VITRO_ACT_CD4_TCELL_UP	-0.3327304639877825			
GSE22196_HEALTHY_VS_OBESE_MOUSE_SKIN_GAMMADELTA_TCELL_UP	-0.3327324670802818			
GSE36009_WT_VS_NLRP10_KO_DC_UP	-0.33273576574622427			
NAKAMURA_ADIPOGENESIS_EARLY_UP	-0.3327471816281872			
GO_RESPIRATORY_BURST_INVOLVED_IN_DEFENSE_RESPONSE	-0.33277784348911044			
GO_ERK1_AND_ERK2_CASCADE	-0.332819046568453			
BOYLAN_MULTIPLE_MYELOMA_C_CLUSTER_DN	-0.3328359333516648			
MIR7844_5P	-0.33285172440374433			
GSE5142_HTERT_TRANSDUCED_VS_CTRL_CD8_TCELL_LATE_PASSAGE_CLONE_DN	-0.332907101421218			
GSE19888_NO_PRETREAT_VS_ADENOSINE_A3R_INHIBITOR_PRETREATED_MAST_CELL_TCELL_MEMBRANES_ACT_DN	-0.3329088655214404			
GSE11961_FOLLICULAR_BCELL_VS_GERMINAL_CENTER_BCELL_DAY7_UP	-0.3329395383497562			
GSE12845_IGD_NEG_BLOOD_VS_NAIVE_TONSIL_BCELL_DN	-0.33295821859265234			
GSE22140_GERMFREE_VS_SPF_ARTHRITIC_MOUSE_CD4_TCELL_UP	-0.3329629922504366			
YAMANAKA_GLIOBLASTOMA_SURVIVAL_UP	-0.33296727065049836			
GO_MAINTENANCE_OF_LOCATION	-0.3329996120110186			
GSE40068_BCL6_POS_VS_NEG_CXCR5_POS_TFH_UP	-0.33300646283663177			
GSE2770_IL4_ACT_VS_ACT_CD4_TCELL_2H_DN	-0.3330072925562292			
GO_T_HELPER_2_CELL_CYTOKINE_PRODUCTION	-0.3330182051813505			
GO_NEGATIVE_REGULATION_OF_PHAGOCYTOSIS	-0.33303062004968254			
PID_TOLL_ENDOGENOUS_PATHWAY	-0.33308660637335463			
GO_REGULATION_OF_PHOSPHATIDYLINOSITOL_3_KINASE_SIGNALING	-0.33308918931274734			
GSE15930_STIM_VS_STIM_AND_IL12_48H_CD8_T_CELL_DN	-0.33310395036890217			
GO_BH_DOMAIN_BINDING	-0.33310785061281134			
SPIRA_SMOKERS_LUNG_CANCER_DN	-0.33314275247122366			
REACTOME_ECM_PROTEOGLYCANS	-0.33316393913841097			
GSE34006_UNTREATED_VS_A2AR_AGONIST_TREATED_TREG_DN	-0.3331657785208606			
REACTOME_THE_ROLE_OF_NEF_IN_HIV_1_REPLICATION_AND_DISEASE_PATHOGENESIS	-0.3332466817879258			
PID_AP1_PATHWAY	-0.3332606630415601			
ANASTASSIOU_MULTICANCER_INVASIVENESS_SIGNATURE	-0.3332715698868005			
BIOCARTA_TCYTOTOXIC_PATHWAY	-0.3332853614032542			
GSE17301_CTRL_VS_48H_IFNA2_STIM_CD8_TCELL_UP	-0.3332914899517464			
MORI_PLASMA_CELL_DN	-0.3332993101948435			
GSE29949_DC_BRAIN_VS_MONOCYTE_BONE_MARROW_UP	-0.3333081595544457			
BURTON_ADIPOGENESIS_1	-0.3333145134697142			
GSE17580_TREG_VS_TEFF_DN	-0.3333331891787416			
GO_NEGATIVE_REGULATION_OF_MONOOXYGENASE_ACTIVITY	-0.33333760631061315			
GSE15330_LYMPHOID_MULTIPOTENT_VS_GRANULOCYTE_MONOCYTE_PROGENITOR_IKAROS_KO_DN	-0.3333445537522966			
MIR6717_5P	-0.33334487275999314			
SENESE_HDAC3_TARGETS_UP	-0.33336050865744976			
GSE13484_12H_VS_3H_YF17D_VACCINE_STIM_PBMC_UP	-0.3333750059531747			
GSE13411_NAIVE_BCELL_VS_PLASMA_CELL_UP	-0.33341959026813245			
GSE360_L_DONOVANI_VS_M_TUBERCULOSIS_MAC_DN	-0.33342615106615353			
GSE22196_HEALTHY_VS_OBESE_MOUSE_SKIN_GAMMADELTA_TCELL_DN	-0.33344044145945273			
OZANNE_AP1_TARGETS_UP	-0.3334681007341543			
GO_ENDOSOMAL_VESICLE_FUSION	-0.33350762638330206			
GO_ENZYME_ACTIVATOR_ACTIVITY	-0.3335154446892233			
GSE39110_DAY3_VS_DAY6_POST_IMMUNIZATION_CD8_TCELL_WITH_IL2_TREATMENT_DN	-0.33352424649804047			
REACTOME_DISEASES_ASSOCIATED_WITH_GLYCOSAMINOGLYCAN_METABOLISM	-0.3335573271424763			
GO_SUBSTRATE_DEPENDENT_CELL_MIGRATION	-0.333583378818839			
GO_NATURAL_KILLER_CELL_CYTOKINE_PRODUCTION	-0.33358897366780405			
TONKS_TARGETS_OF_RUNX1_RUNX1T1_FUSION_ERYTHROCYTE_UP	-0.3336057528248826			
OCT1_02	-0.3336113877713025			
BIOCARTA_IL17_PATHWAY	-0.3336117809876379			
IPA_TCF7L1_DN	-0.3336351156798621			
GO_LYMPHOCYTE_MIGRATION	-0.3336392031004435			
GSE43955_1H_VS_60H_ACT_CD4_TCELL_DN	-0.3336437286804094			
GSE2585_AIRE_KO_VS_WT_CD80_HIGH_MTEC_DN	-0.3336490037926156			
GSE6259_DEC205_POS_DC_VS_CD8_TCELL_UP	-0.333654374698182			
GSE2770_UNTREATED_VS_IL12_TREATED_ACT_CD4_TCELL_48H_UP	-0.33366391789213284			
GO_PYRIMIDINE_NUCLEOSIDE_METABOLIC_PROCESS	-0.33368079156862124			
PID_CD8_TCR_DOWNSTREAM_PATHWAY	-0.3336861506789004			
REACTOME_MHC_CLASS_II_ANTIGEN_PRESENTATION	-0.3337174161787715			
GO_T_HELPER_1_CELL_DIFFERENTIATION	-0.3337205459935903			
GO_POSITIVE_REGULATION_OF_GLIAL_CELL_PROLIFERATION	-0.33373762648763744			
GO_OSTEOCLAST_DEVELOPMENT	-0.3337598479753729			
MIR5586_3P	-0.333760888608335			
HALLMARK_EPITHELIAL_MESENCHYMAL_TRANSITION	-0.333772598528314			
LIAN_LIPA_TARGETS_3M	-0.3338003469782255			
GO_AXONOGENESIS_INVOLVED_IN_INNERVATION	-0.333804188002416			
GO_NEGATIVE_REGULATION_OF_RESPONSE_TO_BIOTIC_STIMULUS	-0.33381329655528913			
MIR155_5P	-0.333841878754829			
GSE10325_MYELOID_VS_LUPUS_MYELOID_DN	-0.333857420031469			
GO_SH2_DOMAIN_BINDING	-0.33387717493056546			
REACTOME_INTERLEUKIN_12_SIGNALING	-0.33389788551199473			
GO_VASCULAR_ENDOTHELIAL_GROWTH_FACTOR_ACTIVATED_RECEPTOR_ACTIVITY	-0.3339010884771124			
LENAOUR_DENDRITIC_CELL_MATURATION_UP	-0.3339306114438063			
TAKEDA_TARGETS_OF_NUP98_HOXA9_FUSION_16D_UP	-0.33393933190943964			
MIR6089	-0.333939616577801			
BEIER_GLIOMA_STEM_CELL_DN	-0.3339723175661499			
VALK_AML_CLUSTER_5	-0.3339768045959676			
GO_MAST_CELL_MEDIATED_IMMUNITY	-0.333977896393342			
STK33_UP	-0.33398039394459555			
GSE45365_CD8A_DC_VS_CD11B_DC_IFNAR_KO_MCMV_INFECTION_DN	-0.33398488885866223			
MURAKAMI_UV_RESPONSE_1HR_DN	-0.3340144425328725			
GSE20484_MCSG_VS_CXCL4_MONOCYTE_DERIVED_MACROPHAGE_DN	-0.3340318067357136			
STREICHER_LSM1_TARGETS_DN	-0.33403386209249697			
GO_POSITIVE_REGULATION_OF_SMALL_GTPASE_MEDIATED_SIGNAL_TRANSDUCTION	-0.3340390307792347			
GO_MESENCHYME_MORPHOGENESIS	-0.33404158986610466			
GSE36888_STAT5_AB_KNOCKIN_VS_WT_TCELL_IL2_TREATED_6H_UP	-0.3340551910896807			
GSE19888_ADENOSINE_A3R_INH_VS_TCELL_MEMBRANES_ACT_MAST_CELL_UP	-0.3341184429424047			
GSE45365_NK_CELL_VS_BCELL_DN	-0.33413167756391976			
GSE5099_DAY3_VS_DAY7_MCSF_TREATED_MACROPHAGE_UP	-0.33417904350878125			
GSE19923_E2A_KO_VS_HEB_AND_E2A_KO_DP_THYMOCYTE_DN	-0.33418839060274574			
GO_ANGIOGENESIS_INVOLVED_IN_WOUND_HEALING	-0.33420209401173223			
GO_G_PROTEIN_ALPHA_SUBUNIT_BINDING	-0.33421353089159583			
LINSLEY_MIR16_TARGETS	-0.3342581732551891			
GSE13411_PLASMA_CELL_VS_MEMORY_BCELL_DN	-0.33427502557299893			
GSE24726_WT_VS_E2_22_KO_PDC_DAY4_POST_DELETION_DN	-0.33428659493476276			
GO_REGULATION_OF_B_CELL_MEDIATED_IMMUNITY	-0.3343033119148152			
IPA_IRF8_UP	-0.3343079643850936			
GSE32533_WT_VS_MIR17_KO_ACT_CD4_TCELL_DN	-0.33430913422271796			
MIZUSHIMA_AUTOPHAGOSOME_FORMATION	-0.33431705836815967			
GO_NEGATIVE_REGULATION_OF_LEUKOCYTE_PROLIFERATION	-0.33433390941162605			
LIEN_BREAST_CARCINOMA_METAPLASTIC_VS_DUCTAL_UP	-0.33434827503308623			
GO_POSITIVE_REGULATION_OF_LEUKOCYTE_MEDIATED_IMMUNITY	-0.3343665605577518			
GSE18893_TCONV_VS_TREG_24H_CULTURE_UP	-0.3343668886226269			
GSE18281_CORTEX_VS_MEDULLA_THYMUS_DN	-0.3343684172376034			
GSE12845_IGD_POS_BLOOD_VS_NAIVE_TONSIL_BCELL_DN	-0.3343786328972876			
SEKI_INFLAMMATORY_RESPONSE_LPS_UP	-0.33439732253600013			
GSE5455_HEALTHY_VS_TUMOR_BEARING_MOUSE_SPLEEN_MONOCYTE_24H_INCUBATION_DN	-0.3343989979522306			
MIR3606_5P	-0.3344009677812212			
GO_REGULATION_OF_T_HELPER_1_TYPE_IMMUNE_RESPONSE	-0.3344522072956896			
GHANDHI_BYSTANDER_IRRADIATION_UP	-0.3344687858861485			
GSE1460_CD4_THYMOCYTE_VS_THYMIC_STROMAL_CELL_UP	-0.33447536952398155			
GSE30962_ACUTE_VS_CHRONIC_LCMV_SECONDARY_INF_CD8_TCELL_UP	-0.3344828115194118			
GSE43955_TGFB_IL6_VS_TGFB_IL6_IL23_TH17_ACT_CD4_TCELL_60H_UP	-0.3345136853248575			
GO_REGULATION_OF_ADENYLATE_CYCLASE_ACTIVATING_ADRENERGIC_RECEPTOR_SIGNALING_PATHWAY_INVOLVED_IN_HEART_PROCESS	-0.33453451386361194			
GSE38696_LIGHT_ZONE_VS_DARK_ZONE_BCELL_UP	-0.3345722609457629			
GO_INNATE_IMMUNE_RESPONSE	-0.3346078687036356			
GSE9006_HEALTHY_VS_TYPE_1_DIABETES_PBMC_AT_DX_DN	-0.33462886235569606			
GO_REGULATION_OF_CELL_ADHESION_MEDIATED_BY_INTEGRIN	-0.3346627569576475			
GO_POSITIVE_REGULATION_OF_ACUTE_INFLAMMATORY_RESPONSE	-0.3347011698229682			
HOLLMANN_APOPTOSIS_VIA_CD40_DN	-0.3347516995793159			
GO_LIPASE_INHIBITOR_ACTIVITY	-0.33476397128394614			
GO_APOPTOTIC_CELL_CLEARANCE	-0.33477205053386105			
THEILGAARD_NEUTROPHIL_AT_SKIN_WOUND_DN	-0.334777836510944			
IPA_GSC_UP	-0.3347868122308001			
MEF2_03	-0.33483716255009777			
GO_CELL_KILLING	-0.3348762307440404			
GO_POSITIVE_REGULATION_OF_KINASE_ACTIVITY	-0.3348856245408698			
LI_INDUCED_T_TO_NATURAL_KILLER_UP	-0.33488843933641527			
GSE21360_TERTIARY_VS_QUATERNARY_MEMORY_CD8_TCELL_UP	-0.33491591469923565			
GO_PROTEIN_HYDROXYLATION	-0.33493605706769625			
GO_IMMUNE_RECEPTOR_ACTIVITY	-0.33494460690151506			
GSE411_WT_VS_SOCS3_KO_MACROPHAGE_IL6_STIM_100MIN_DN	-0.3349702001527493			
RASHI_RESPONSE_TO_IONIZING_RADIATION_4	-0.3349824722288215			
GSE12845_IGD_NEG_BLOOD_VS_DARKZONE_GC_TONSIL_BCELL_UP	-0.3349884256213429			
GSE40666_UNTREATED_VS_IFNA_STIM_STAT1_KO_CD8_TCELL_90MIN_UP	-0.3349914804431788			
IPA_ZFP42_DN	-0.3350023601544066			
IPA_POU2F2_UP	-0.3350190694233936			
GSE27786_CD8_TCELL_VS_NKTCELL_DN	-0.33503276635934853			
BIOCARTA_SODD_PATHWAY	-0.3350399435096192			
GSE21927_UNTREATED_VS_GMCSF_IL6_TREATED_BONE_MARROW_DN	-0.33504292129398283			
GO_POSITIVE_REGULATION_OF_ACUTE_INFLAMMATORY_RESPONSE_TO_ANTIGENIC_STIMULUS	-0.33507653319768005			
GO_CELLULAR_RESPONSE_TO_AMYLOID_BETA	-0.3350871084088445			
RIGGI_EWING_SARCOMA_PROGENITOR_DN	-0.33509104841588555			
GSE38697_LIGHT_ZONE_VS_DARK_ZONE_BCELL_UP	-0.3351097438315242			
GO_MONONUCLEAR_CELL_DIFFERENTIATION	-0.3351166343862544			
REACTOME_ER_TO_GOLGI_ANTEROGRADE_TRANSPORT	-0.3351554868663394			
GSE17721_4H_VS_24H_POLYIC_BMDC_UP	-0.3351578896642393			
BUCKANOVICH_T_LYMPHOCYTE_HOMING_ON_TUMOR_UP	-0.3351796353940005			
DORMOY_ELAVL1_TARGETS	-0.33519088631087846			
GSE42724_NAIVE_VS_MEMORY_BCELL_UP	-0.3352091365629774			
GO_VASCULAR_ENDOTHELIAL_GROWTH_FACTOR_RECEPTOR_SIGNALING_PATHWAY	-0.3352150760853046			
IPA_SIM2_DN	-0.3352173953271728			
GSE34156_UNTREATED_VS_6H_NOD2_LIGAND_TREATED_MONOCYTE_DN	-0.3352293896210118			
GO_CARD_DOMAIN_BINDING	-0.3352451902355761			
GSE339_EX_VIVO_VS_IN_CULTURE_CD4CD8DN_DC_UP	-0.335259084692716			
GO_ACUTE_INFLAMMATORY_RESPONSE_TO_ANTIGENIC_STIMULUS	-0.3352639195358389			
GO_NEGATIVE_REGULATION_OF_CELLULAR_RESPONSE_TO_TRANSFORMING_GROWTH_FACTOR_BETA_STIMULUS	-0.33527471829925565			
KEGG_CHEMOKINE_SIGNALING_PATHWAY	-0.3352768783842565			
GO_MAINTENANCE_OF_PROTEIN_LOCATION_IN_EXTRACELLULAR_REGION	-0.33528380757737203			
GSE42021_CD24HI_VS_CD24INT_TREG_THYMUS_DN	-0.33531923741450376			
GARGALOVIC_RESPONSE_TO_OXIDIZED_PHOSPHOLIPIDS_BLACK_DN	-0.33532150144639083			
GSE32986_UNSTIM_VS_CURDLAN_HIGHDOSE_STIM_DC_DN	-0.33536078531297364			
GSE9988_ANTI_TREM1_VS_VEHICLE_TREATED_MONOCYTES_DN	-0.3353756439919619			
PID_TCR_PATHWAY	-0.3354095516327382			
GSE32255_UNSTIM_VS_4H_LPS_STIM_DC_UP	-0.3354925461808103			
GO_REGULATION_OF_NITRIC_OXIDE_BIOSYNTHETIC_PROCESS	-0.33550112933389226			
GSE22886_NAIVE_BCELL_VS_BM_PLASMA_CELL_DN	-0.33551035439119153			
GSE2197_CPG_DNA_VS_UNTREATED_IN_DC_UP	-0.33551038425779356			
IPA_MAF_UP	-0.3355126956543708			
REACTOME_MYD88_INDEPENDENT_TLR4_CASCADE	-0.33553003288623034			
GSE41867_NAIVE_VS_DAY8_LCMV_EFFECTOR_CD8_TCELL_DN	-0.3355369638287591			
GO_NEGATIVE_REGULATION_OF_INFLAMMATORY_RESPONSE	-0.3355477869058361			
BYSTROEM_CORRELATED_WITH_IL5_DN	-0.3355572465059751			
GSE40274_HELIOS_VS_FOXP3_AND_HELIOS_TRANSDUCED_ACTIVATED_CD4_TCELL_DN	-0.3355716602120972			
GSE3039_NKT_CELL_VS_ALPHAALPHA_CD8_TCELL_UP	-0.3355721402844095			
XU_HGF_SIGNALING_NOT_VIA_AKT1_48HR_UP	-0.33557859890093994			
GO_POSITIVE_REGULATION_OF_PRODUCTION_OF_MOLECULAR_MEDIATOR_OF_IMMUNE_RESPONSE	-0.3355893796626604			
HORIUCHI_WTAP_TARGETS_UP	-0.33560779849234906			
KRAS.600_UP.V1_UP	-0.3356805694181852			
GSE3720_UNSTIM_VS_LPS_STIM_VD1_GAMMADELTA_TCELL_UP	-0.33569634636622747			
GSE28737_WT_VS_BCL6_HET_MARGINAL_ZONE_BCELL_DN	-0.335721792636017			
GSE18893_CTRL_VS_TNF_TREATED_TCONV_2H_UP	-0.33572404111115073			
BIOCARTA_IL10_PATHWAY	-0.33573008773002433			
GSE43955_TH0_VS_TGFB_IL6_TH17_ACT_CD4_TCELL_20H_UP	-0.3357359293311282			
HOWLIN_CITED1_TARGETS_1_UP	-0.33575865250864567			
GSE24210_IL35_TREATED_VS_RESTING_TREG_UP	-0.3357611366021362			
GSE32901_NAIVE_VS_TH1_CD4_TCELL_DN	-0.335766220990353			
GSE29164_DAY3_VS_DAY7_UNTREATED_MELANOMA_UP	-0.3358215996298428			
KEGG_NATURAL_KILLER_CELL_MEDIATED_CYTOTOXICITY	-0.3358477705313228			
GSE9509_10MIN_VS_30MIN_LPS_STIM_IL10_KO_MACROPHAGE_UP	-0.3358569518172597			
GO_REGULATION_OF_DEFENSE_RESPONSE_TO_VIRUS_BY_HOST	-0.33586508971359874			
GSE36826_WT_VS_IL1R_KO_SKIN_STAPH_AUREUS_INF_DN	-0.33587873892937564			
GO_POSITIVE_REGULATION_OF_B_CELL_ACTIVATION	-0.3358856619053401			
IPA_RUNX1T1_UP	-0.3358994343923843			
GO_REGULATION_OF_ACUTE_INFLAMMATORY_RESPONSE	-0.3359188544917699			
MIR133A_3P_MIR133B	-0.335928174197766			
GSE3039_ALPHABETA_CD8_TCELL_VS_B1_BCELL_DN	-0.33593329405411426			
GSE41176_UNSTIM_VS_ANTI_IGM_STIM_TAK1_KO_BCELL_1H_UP	-0.3359422526227451			
GO_REGULATION_OF_PROTEIN_HOMODIMERIZATION_ACTIVITY	-0.3359567160195838			
GO_NATURAL_KILLER_CELL_PROLIFERATION	-0.33601173960824354			
GSE6092_B_BURGDOFERI_VS_B_BURGDORFERI_AND_IFNG_STIM_ENDOTHELIAL_CELL_DN	-0.33602245430372185			
WILSON_PROTEASES_AT_TUMOR_BONE_INTERFACE_UP	-0.336022751973622			
GSE9650_EFFECTOR_VS_MEMORY_CD8_TCELL_DN	-0.3360530215140058			
GO_SECRETORY_GRANULE_ORGANIZATION	-0.3360714051605497			
BIOCARTA_TCRA_PATHWAY	-0.3360770265086188			
GO_FEMALE_GAMETE_GENERATION	-0.3360782354292381			
GSE4748_CTRL_VS_CYANOBACTERIUM_LPSLIKE_STIM_DC_3H_UP	-0.3360832962506239			
REACTOME_RHO_GTPASES_ACTIVATE_WASPS_AND_WAVES	-0.3361001923867674			
REACTOME_RESPONSE_TO_ELEVATED_PLATELET_CYTOSOLIC_CA2	-0.33613160594494007			
REACTOME_COSTIMULATION_BY_THE_CD28_FAMILY	-0.3361420309530204			
GSE22140_GERMFREE_VS_SPF_ARTHRITIC_MOUSE_CD4_TCELL_DN	-0.3361456036244553			
GSE411_UNSTIM_VS_100MIN_IL6_STIM_SOCS3_KO_MACROPHAGE_DN	-0.33616085345313806			
GSE46606_UNSTIM_VS_CD40L_IL2_IL5_1DAY_STIMULATED_IRF4_KO_BCELL_UP	-0.33617723306499825			
GO_VESICLE_FUSION_WITH_ENDOPLASMIC_RETICULUM_GOLGI_INTERMEDIATE_COMPARTMENT_ERGIC_MEMBRANE	-0.33618974283634045			
GSE22886_TH1_VS_TH2_48H_ACT_DN	-0.33625197340245955			
GSE13485_CTRL_VS_DAY3_YF17D_VACCINE_PBMC_DN	-0.3362828200371332			
GSE12392_IFNAR_KO_VS_IFNB_KO_CD8_NEG_SPLEEN_DC_DN	-0.33628487195910073			
GO_POSITIVE_REGULATION_OF_DEFENSE_RESPONSE	-0.3363001200135411			
GO_RESPONSE_TO_INTERLEUKIN_15	-0.3363256780174112			
GSE15330_WT_VS_IKAROS_KO_GRANULOCYTE_MONOCYTE_PROGENITOR_DN	-0.33633160363121795			
GO_LYS63_SPECIFIC_DEUBIQUITINASE_ACTIVITY	-0.3363422468686023			
GSE5589_LPS_VS_LPS_AND_IL10_STIM_IL10_KO_MACROPHAGE_180MIN_DN	-0.33636110488891885			
GSE11864_CSF1_IFNG_VS_CSF1_PAM3CYS_IN_MAC_UP	-0.33640706355330013			
GSE40685_NAIVE_CD4_TCELL_VS_FOXP3_KO_TREG_PRECURSOR_DN	-0.3364128856144459			
GSE37301_CD4_TCELL_VS_GRANULOCYTE_MONOCYTE_PROGENITOR_DN	-0.3364153442072873			
GSE3982_CENT_MEMORY_CD4_TCELL_VS_NKCELL_DN	-0.33642653950956325			
GSE27859_CD11C_INT_F480_HI_MACROPHAGE_VS_CD11C_ING_F480_INT_DC_UP	-0.33647108514129925			
GO_GAMMA_DELTA_T_CELL_DIFFERENTIATION	-0.33648412131307825			
GO_B_CELL_DIFFERENTIATION	-0.33652654664677806			
GSE17301_CTRL_VS_48H_ACD3_ACD28_IFNA2_STIM_CD8_TCELL_UP	-0.336581734140964			
GO_BONE_MINERALIZATION_INVOLVED_IN_BONE_MATURATION	-0.3365859072184137			
LINDSTEDT_DENDRITIC_CELL_MATURATION_D	-0.3365862801202697			
ELF1_Q6	-0.3365977733802727			
GO_POSITIVE_REGULATION_OF_HYDROLASE_ACTIVITY	-0.3366372451902165			
MIR4490	-0.33664905301771825			
GSE3337_CTRL_VS_4H_IFNG_IN_CD8POS_DC_UP	-0.33668191868368935			
GO_REGULATION_OF_LYMPHOCYTE_DIFFERENTIATION	-0.3367030341407856			
GO_TOLERANCE_INDUCTION	-0.33672741561045433			
GO_SPROUTING_ANGIOGENESIS	-0.3367308230163823			
GSE26727_WT_VS_KLF2_KO_LPS_STIM_MACROPHAGE_DN	-0.3367819310840956			
GO_REGULATION_OF_BIOMINERALIZATION	-0.33678434730232376			
SMIRNOV_CIRCULATING_ENDOTHELIOCYTES_IN_CANCER_UP	-0.33680707002839383			
GSE18281_PERIMEDULLARY_CORTICAL_REGION_VS_WHOLE_CORTEX_THYMUS_DN	-0.3368122232894457			
GO_VESICLE_LUMEN	-0.33682428662497416			
GSE40274_XBP1_VS_FOXP3_AND_XBP1_TRANSDUCED_ACTIVATED_CD4_TCELL_DN	-0.3368472291292794			
GSE7348_UNSTIM_VS_LPS_STIM_MACROPHAGE_UP	-0.3368637519583473			
GSE360_CTRL_VS_M_TUBERCULOSIS_DC_DN	-0.33687217835997424			
GO_REGULATION_OF_PROTEIN_TYROSINE_PHOSPHATASE_ACTIVITY	-0.3368892413414387			
GO_NEGATIVE_REGULATION_OF_BONE_MINERALIZATION	-0.3368893338993666			
GO_POSITIVE_REGULATION_OF_MUSCLE_CELL_DIFFERENTIATION	-0.3368969614334414			
REACTOME_INTERLEUKIN_2_SIGNALING	-0.3369176472169607			
HOFFMANN_IMMATURE_TO_MATURE_B_LYMPHOCYTE_UP	-0.3369232216006485			
GSE16450_CTRL_VS_IFNA_6H_STIM_IMMATURE_NEURON_CELL_LINE_UP	-0.3369325087523001			
MIR3155A_MIR3155B	-0.33696154343662194			
GSE37301_MULTIPOTENT_PROGENITOR_VS_LYMPHOID_PRIMED_MPP_DN	-0.3369965424424776			
GO_PLATELET_DEGRANULATION	-0.33702829268407597			
GSE411_UNSTIM_VS_100MIN_IL6_STIM_MACROPHAGE_DN	-0.33707499557976434			
GO_LYMPHOCYTE_DIFFERENTIATION	-0.337078048755993			
ZHENG_FOXP3_TARGETS_IN_T_LYMPHOCYTE_DN	-0.3370800371027667			
GSE11961_FOLLICULAR_BCELL_VS_PLASMA_CELL_DAY7_DN	-0.3371106729232575			
GSE19198_1H_VS_6H_IL21_TREATED_TCELL_DN	-0.3371363699144052			
GO_LIM_DOMAIN_BINDING	-0.33716576592874437			
GO_NEGATIVE_REGULATION_OF_INTERLEUKIN_1_BETA_SECRETION	-0.3371737306018187			
GO_POSITIVE_REGULATION_OF_VASCULATURE_DEVELOPMENT	-0.3372142023604088			
GSE42088_2H_VS_24H_LEISHMANIA_INF_DC_UP	-0.3372250213703159			
GSE25088_IL4_VS_IL4_AND_ROSIGLITAZONE_STIM_STAT6_KO_MACROPHAGE_DAY10_UP	-0.33723270628989555			
GO_RESPONSE_TO_DSRNA	-0.33724041541010474			
CHIANG_LIVER_CANCER_SUBCLASS_INTERFERON_UP	-0.33728088399047584			
GO_ER_TO_GOLGI_TRANSPORT_VESICLE_MEMBRANE	-0.33729078555500575			
GSE28726_NAIVE_VS_ACTIVATED_CD4_TCELL_UP	-0.3372949159934476			
ZNF318_TARGET_GENES	-0.3373023658999617			
MIR4759	-0.33731408206360336			
GO_PARKIN_MEDIATED_STIMULATION_OF_MITOPHAGY_IN_RESPONSE_TO_MITOCHONDRIAL_DEPOLARIZATION	-0.3373847176861395			
VANASSE_BCL2_TARGETS_DN	-0.3373875057945762			
IPA_TBX21_UP	-0.33738875235356913			
GSE15330_WT_VS_IKAROS_KO_HSC_UP	-0.3373973248678314			
KRASNOSELSKAYA_ILF3_TARGETS_UP	-0.33742733180273976			
BOYLAN_MULTIPLE_MYELOMA_D_DN	-0.3374503383001283			
REACTOME_INTEGRIN_CELL_SURFACE_INTERACTIONS	-0.3374688138166946			
BASSO_HAIRY_CELL_LEUKEMIA_UP	-0.33748716839410536			
GSE30971_WBP7_HET_VS_KO_MACROPHAGE_4H_LPS_STIM_UP	-0.3375006097691186			
GSE5589_UNSTIM_VS_45MIN_LPS_AND_IL10_STIM_MACROPHAGE_UP	-0.3375059697741725			
IPA_LMO1_DN	-0.3375211933010677			
PID_INTEGRIN_A9B1_PATHWAY	-0.3375526625758724			
GO_B_CELL_PROLIFERATION	-0.3375707547370182			
GO_GRANULOCYTE_MIGRATION	-0.33758796056822876			
GO_LYMPHOCYTE_COSTIMULATION	-0.33764879860863006			
ACEVEDO_LIVER_CANCER_WITH_H3K27ME3_DN	-0.33766085681968955			
GNATENKO_PLATELET_SIGNATURE	-0.337664229829916			
GSE360_DC_VS_MAC_B_MALAYI_HIGH_DOSE_DN	-0.33768145683039763			
GO_OPIOID_RECEPTOR_BINDING	-0.33771411491369613			
GSE19401_UNSTIM_VS_RETINOIC_ACID_AND_PAM2CSK4_STIM_FOLLICULAR_DC_UP	-0.337738533917697			
IPA_MMP3_DN	-0.3377420091894896			
GO_REGULATION_OF_PROTEIN_CONTAINING_COMPLEX_ASSEMBLY	-0.33778062326042635			
GSE1460_INTRATHYMIC_T_PROGENITOR_VS_NAIVE_CD4_TCELL_ADULT_BLOOD_DN	-0.33778424816517466			
GSE3982_BCELL_VS_EFF_MEMORY_CD4_TCELL_UP	-0.3377867102150847			
BIOCARTA_EPHA4_PATHWAY	-0.3378033915247834			
GO_POSITIVE_REGULATION_OF_NATURAL_KILLER_CELL_PROLIFERATION	-0.3378076326825445			
GSE27786_LSK_VS_BCELL_DN	-0.3378145647569877			
REACTOME_SYNDECAN_INTERACTIONS	-0.33782666662884103			
GO_BH3_DOMAIN_BINDING	-0.3378349701286171			
GSE24102_GRANULOCYSTIC_MDSC_VS_NEUTROPHIL_DN	-0.3378373743042749			
GO_POSITIVE_REGULATION_OF_TYROSINE_PHOSPHORYLATION_OF_STAT_PROTEIN	-0.337846838175136			
GSE32986_CURDLAN_LOWDOSE_VS_CURDLAN_HIGHDOSE_STIM_DC_UP	-0.33786607347515774			
GSE32034_UNTREATED_VS_ROSIGLIZATONE_TREATED_LY6C_HIGH_MONOCYTE_UP	-0.3378712331161258			
IPA_NOBOX_UP	-0.33791278072075775			
TAKEDA_TARGETS_OF_NUP98_HOXA9_FUSION_6HR_UP	-0.33792632490431485			
REACTOME_INTERLEUKIN_37_SIGNALING	-0.33793471493041755			
GSE34515_CD16_NEG_MONOCYTE_VS_DC_DN	-0.3379374171226539			
GO_POSITIVE_REGULATION_OF_RESPONSE_TO_CYTOKINE_STIMULUS	-0.33794751289121855			
GO_POSITIVE_REGULATION_OF_INTERLEUKIN_1_PRODUCTION	-0.33794948554126225			
GSE3982_MAC_VS_TH1_UP	-0.3379645589590057			
GSE2770_IL12_AND_TGFB_VS_IL4_TREATED_ACT_CD4_TCELL_6H_DN	-0.33797284332958283			
GO_T_CELL_RECEPTOR_BINDING	-0.33797359733228			
GO_PLATELET_ALPHA_GRANULE	-0.3379834331020263			
SMIRNOV_RESPONSE_TO_IR_6HR_DN	-0.3379888294972464			
GO_RECEPTOR_CLUSTERING	-0.33802827668297253			
GSE40685_TREG_VS_FOXP3_KO_TREG_PRECURSOR_UP	-0.3380646106169231			
GO_PROTEIN_COMPLEX_INVOLVED_IN_CELL_ADHESION	-0.3380845834737395			
BIOCARTA_RANKL_PATHWAY	-0.33809628890236026			
GSE16450_IMMATURE_VS_MATURE_NEURON_CELL_LINE_12H_IFNA_STIM_DN	-0.33813350055443936			
PODAR_RESPONSE_TO_ADAPHOSTIN_UP	-0.3381431655558427			
KUROKAWA_LIVER_CANCER_EARLY_RECURRENCE_DN	-0.33816999215731725			
MIR6858_5P	-0.33817601228653416			
DER_IFN_GAMMA_RESPONSE_UP	-0.3381964538358006			
IPF1_Q4	-0.33820008933696494			
GO_CHEMOKINE_PRODUCTION	-0.33821772177228526			
GO_VACUOLAR_LUMEN	-0.3382302699810784			
BROWNE_HCMV_INFECTION_30MIN_DN	-0.33825979392815475			
GO_MACROPHAGE_FUSION	-0.33828096353638726			
HALLMARK_COAGULATION	-0.3383165014014239			
GO_PHOSPHATIDYLINOSITOL_3_4_BISPHOSPHATE_5_KINASE_ACTIVITY	-0.3383334784805671			
GO_COMPLEMENT_COMPONENT_C1Q_COMPLEX_BINDING	-0.3383448488246323			
GARGALOVIC_RESPONSE_TO_OXIDIZED_PHOSPHOLIPIDS_BLUE_UP	-0.3383492820759026			
GO_GLYCOSYL_COMPOUND_CATABOLIC_PROCESS	-0.33837358506073184			
GO_REGULATION_OF_INFLAMMATORY_RESPONSE_TO_ANTIGENIC_STIMULUS	-0.33838106902735643			
IPA_SKIL_UP	-0.3384012700766379			
MIR877_5P	-0.3384112514302203			
KANG_IMMORTALIZED_BY_TERT_UP	-0.3384567024855467			
GSE36476_CTRL_VS_TSST_ACT_40H_MEMORY_CD4_TCELL_YOUNG_UP	-0.33846787223018204			
PHONG_TNF_RESPONSE_VIA_P38_PARTIAL	-0.33847145130552686			
GSE22601_DOUBLE_NEGATIVE_VS_IMMATURE_CD4_SP_THYMOCYTE_UP	-0.3384801786213751			
GO_NLRP3_INFLAMMASOME_COMPLEX	-0.3384930890570454			
YAGUE_PRETUMOR_DRUG_RESISTANCE_DN	-0.33853450528171036			
GSE411_UNSTIM_VS_400MIN_IL6_STIM_SOCS3_KO_MACROPHAGE_UP	-0.33855192656003813			
GSE3982_DC_VS_EFF_MEMORY_CD4_TCELL_UP	-0.3385773456422023			
GSE1112_HY_CD8AB_VS_HY_CD8AA_THYMOCYTE_RTOC_CULTURE_UP	-0.3385814118480659			
REACTOME_TNF_RECEPTOR_SUPERFAMILY_TNFSF_MEMBERS_MEDIATING_NON_CANONICAL_NF_KB_PATHWAY	-0.3385815803868814			
GSE1460_CD4_THYMOCYTE_VS_NAIVE_CD4_TCELL_CORD_BLOOD_UP	-0.33858750198336107			
GSE37532_TREG_VS_TCONV_PPARG_KO_CD4_TCELL_FROM_VISCERAL_ADIPOSE_TISSUE_DN	-0.3386079806099648			
GSE42021_TREG_PLN_VS_CD24INT_TREG_THYMUS_DN	-0.3386295007439965			
GO_POSITIVE_REGULATION_OF_IMMUNOGLOBULIN_SECRETION	-0.3386470637805775			
GO_SMOOTH_MUSCLE_CELL_PROLIFERATION	-0.3386544087393024			
GSE14415_INDUCED_VS_NATURAL_TREG_UP	-0.3386716251121544			
REACTOME_TNFR1_INDUCED_PROAPOPTOTIC_SIGNALING	-0.33874693501427905			
chr6q26	-0.3387598291586058			
HUTTMANN_B_CLL_POOR_SURVIVAL_DN	-0.33876336586198014			
GO_REGULATION_OF_T_CELL_TOLERANCE_INDUCTION	-0.3388355569684235			
IKEDA_MIR1_TARGETS_UP	-0.33886516743989764			
GO_REGULATION_OF_RESPONSE_TO_BIOTIC_STIMULUS	-0.338872830316403			
BIOCARTA_FIBRINOLYSIS_PATHWAY	-0.33888030867991653			
GO_INDUCTION_OF_POSITIVE_CHEMOTAXIS	-0.33888137701757187			
GO_WHOLE_MEMBRANE	-0.3388977678800987			
GO_POSITIVE_REGULATION_OF_NATURAL_KILLER_CELL_MEDIATED_IMMUNITY	-0.33890017806502915			
GSE17812_WT_VS_THPOK_KO_MEMORY_CD8_TCELL_UP	-0.3389022947207435			
GO_ANTIGEN_PROCESSING_AND_PRESENTATION_OF_PEPTIDE_OR_POLYSACCHARIDE_ANTIGEN_VIA_MHC_CLASS_II	-0.3389025814781939			
GSE3982_EOSINOPHIL_VS_TH1_UP	-0.3389045502958466			
GO_MHC_CLASS_I_PEPTIDE_LOADING_COMPLEX	-0.33896657318768786			
GALI_TP53_TARGETS_APOPTOTIC_UP	-0.33897081454882066			
GO_NEGATIVE_REGULATION_OF_TYROSINE_PHOSPHORYLATION_OF_STAT_PROTEIN	-0.3389743937393077			
GO_RESPONSE_TO_CADMIUM_ION	-0.33903097167834834			
GO_POSITIVE_REGULATION_OF_T_CELL_MIGRATION	-0.33908667720161745			
GSE36888_UNTREATED_VS_IL2_TREATED_STAT5_AB_KNOCKIN_TCELL_2H_UP	-0.33909248254547675			
KRIEG_HYPOXIA_NOT_VIA_KDM3A	-0.33909423558469165			
GO_COLLAGEN_BINDING_INVOLVED_IN_CELL_MATRIX_ADHESION	-0.3391296885647455			
GO_VESICLE_MEMBRANE	-0.33913214228884414			
GO_POSITIVE_REGULATION_OF_MICROGLIAL_CELL_ACTIVATION	-0.3391747512210055			
GSE2770_IL4_ACT_VS_ACT_CD4_TCELL_48H_DN	-0.3391839056623332			
GO_REGULATION_OF_STRIATED_MUSCLE_CELL_DIFFERENTIATION	-0.33922076981910887			
GO_RESPONSE_TO_INTERLEUKIN_2	-0.3392419916008909			
GSE13484_UNSTIM_VS_YF17D_VACCINE_STIM_PBMC_DN	-0.3392541862359149			
GSE1740_UNSTIM_VS_IFNA_STIMULATED_MCSF_IFNG_DERIVED_MACROPHAGE_UP	-0.3392973584355017			
REACTOME_PERK_REGULATES_GENE_EXPRESSION	-0.33930913756351205			
LU_TUMOR_ENDOTHELIAL_MARKERS_UP	-0.3393125855337361			
DIRMEIER_LMP1_RESPONSE_LATE_UP	-0.3393350603905381			
GSE21670_UNTREATED_VS_TGFB_IL6_TREATED_STAT3_KO_CD4_TCELL_UP	-0.33937735447787304			
GSE22611_MUTANT_NOD2_VS_CTRL_TRANSDUCED_HEK293T_CELL_UP	-0.33938391446929245			
GO_GLYCOSAMINOGLYCAN_BINDING	-0.3394148974425819			
REACTOME_RUNX1_REGULATES_TRANSCRIPTION_OF_GENES_INVOLVED_IN_DIFFERENTIATION_OF_MYELOID_CELLS	-0.3394218167834052			
BROWNE_HCMV_INFECTION_20HR_DN	-0.33944906731178753			
GO_CYTOPLASMIC_PATTERN_RECOGNITION_RECEPTOR_SIGNALING_PATHWAY	-0.33947018804332524			
GSE15330_HSC_VS_MEGAKARYOCYTE_ERYTHROID_PROGENITOR_IKAROS_KO_DN	-0.3394944652908224			
GO_REGULATION_OF_PHOSPHOLIPASE_C_ACTIVITY	-0.3395313499082881			
GSE15930_STIM_VS_STIM_AND_IFNAB_48H_CD8_T_CELL_DN	-0.3395690343873957			
GO_CHONDROITIN_SULFATE_PROTEOGLYCAN_BIOSYNTHETIC_PROCESS	-0.33957016509758126			
ZHAN_MULTIPLE_MYELOMA_LB_DN	-0.33957030437850294			
MIR8064	-0.3396270653226114			
GO_HEPARIN_BINDING	-0.33963499780766465			
GSE32164_RESTING_DIFFERENTIATED_VS_CMYC_INHIBITED_MACROPHAGE_UP	-0.33964875301775915			
GSE25677_MPL_VS_R848_STIM_BCELL_UP	-0.33966864791242807			
GSE21063_WT_VS_NFATC1_KO_3H_ANTI_IGM_STIM_BCELL_DN	-0.3396796162750422			
GSE10325_CD4_TCELL_VS_BCELL_DN	-0.3396892416027886			
GSE42088_UNINF_VS_LEISHMANIA_INF_DC_24H_UP	-0.3397328892167234			
GSE46606_IRF4HIGH_VS_WT_CD40L_IL2_IL5_DAY3_STIMULATED_BCELL_UP	-0.3397475651409784			
GSE17721_CTRL_VS_GARDIQUIMOD_6H_BMDC_DN	-0.3397701263472437			
KEGG_INTESTINAL_IMMUNE_NETWORK_FOR_IGA_PRODUCTION	-0.3397946970224465			
GO_DETECTION_OF_MECHANICAL_STIMULUS_INVOLVED_IN_SENSORY_PERCEPTION	-0.3398076908924013			
GO_ANTIGEN_PROCESSING_AND_PRESENTATION_OF_LIPID_ANTIGEN_VIA_MHC_CLASS_IB	-0.3398188926748655			
GSE10211_UV_INACT_SENDAI_VS_LIVE_SENDAI_VIRUS_TRACHEAL_EPITHELIAL_CELLS_UP	-0.3398863434248168			
TURASHVILI_BREAST_DUCTAL_CARCINOMA_VS_DUCTAL_NORMAL_UP	-0.3399276469901052			
GO_NEGATIVE_REGULATION_OF_MACROPHAGE_ACTIVATION	-0.33994252624511956			
GO_POSITIVE_REGULATION_OF_EXTRACELLULAR_MATRIX_ORGANIZATION	-0.33996877987445867			
MEL18_DN.V1_UP	-0.33999693958262206			
MA_MYELOID_DIFFERENTIATION_DN	-0.3400302193886943			
GSE1432_CTRL_VS_IFNG_24H_MICROGLIA_DN	-0.3400328135352711			
GO_CYTOKINE_RECEPTOR_ACTIVITY	-0.3400481658727448			
REACTOME_G_BETA_GAMMA_SIGNALLING_THROUGH_CDC42	-0.3400790727832397			
GSE2405_0H_VS_24H_A_PHAGOCYTOPHILUM_STIM_NEUTROPHIL_UP	-0.3400845517423857			
GO_DEFENSE_RESPONSE_TO_OTHER_ORGANISM	-0.34012378652632347			
GO_PYRIMIDINE_RIBONUCLEOSIDE_METABOLIC_PROCESS	-0.3401336781480375			
GO_NUCLEOTIDE_BINDING_DOMAIN_LEUCINE_RICH_REPEAT_CONTAINING_RECEPTOR_SIGNALING_PATHWAY	-0.34015860489431754			
GO_BONE_RESORPTION	-0.34016625706436626			
GSE28726_NAIVE_VS_ACTIVATED_NKTCELL_DN	-0.3401876445895374			
REACTOME_GENERATION_OF_SECOND_MESSENGER_MOLECULES	-0.3401878062597967			
REACTOME_INTERLEUKIN_35_SIGNALLING	-0.34022296704862187			
GSE21774_CD62L_POS_CD56_DIM_VS_CD62L_NEG_CD56_DIM_NK_CELL_DN	-0.34023279107236304			
GSE40666_UNTREATED_VS_IFNA_STIM_STAT4_KO_EFFECTOR_CD8_TCELL_90MIN_UP	-0.3402803520601707			
PELLICCIOTTA_HDAC_IN_ANTIGEN_PRESENTATION_DN	-0.3403188886979637			
MULLIGHAN_MLL_SIGNATURE_2_UP	-0.34031954779961776			
JNK_DN.V1_DN	-0.3403262931400183			
GO_POSITIVE_REGULATION_OF_NATURAL_KILLER_CELL_ACTIVATION	-0.3403449053267258			
REACTOME_THROMBIN_SIGNALLING_THROUGH_PROTEINASE_ACTIVATED_RECEPTORS_PARS	-0.3403757586563929			
GSE3920_UNTREATED_VS_IFNA_TREATED_FIBROBLAST_DN	-0.340377111526824			
GSE25088_ROSIGLITAZONE_VS_IL4_AND_ROSIGLITAZONE_STIM_STAT6_KO_MACROPHAGE_DAY10_UP	-0.340388316665597			
GSE4748_CTRL_VS_CYANOBACTERIUM_LPSLIKE_STIM_DC_3H_DN	-0.34039817537631206			
GO_VASCULAR_WOUND_HEALING	-0.3404060531466058			
GSE41867_NAIVE_VS_DAY15_LCMV_ARMSTRONG_EFFECTOR_CD8_TCELL_DN	-0.34042879812888016			
GSE17186_NAIVE_VS_CD21HIGH_TRANSITIONAL_BCELL_CORD_BLOOD_DN	-0.34043209913557043			
GSE46606_DAY1_VS_DAY3_CD40L_IL2_IL5_STIMULATED_IRF4MID_BCELL_DN	-0.34044752324445804			
GSE19198_1H_VS_24H_IL21_TREATED_TCELL_UP	-0.3405055809944023			
GSE26030_UNSTIM_VS_RESTIM_TH17_DAY15_POST_POLARIZATION_UP	-0.3405304210653803			
GSE23321_CD8_STEM_CELL_MEMORY_VS_EFFECTOR_MEMORY_CD8_TCELL_DN	-0.34053441423797043			
GSE19888_CTRL_VS_A3R_ACT_TREATED_MAST_CELL_PRETREATED_WITH_A3R_INH_DN	-0.34057050142724066			
LEONARD_HYPOXIA	-0.34058474181621895			
KAECH_DAY15_EFF_VS_MEMORY_CD8_TCELL_UP	-0.3406091320299698			
BRUNO_HEMATOPOIESIS	-0.3406323101266296			
GSE17721_0.5H_VS_8H_POLYIC_BMDC_DN	-0.34063315862114446			
DAZARD_UV_RESPONSE_CLUSTER_G3	-0.340669469638504			
MORI_IMMATURE_B_LYMPHOCYTE_UP	-0.34070607130478264			
GO_POSITIVE_REGULATION_OF_PROTEIN_METABOLIC_PROCESS	-0.34073333756789			
GO_REGULATION_OF_PHOSPHORUS_METABOLIC_PROCESS	-0.34073701035197973			
GO_NEGATIVE_REGULATION_OF_LEUKOCYTE_APOPTOTIC_PROCESS	-0.34074951369235135			
GO_REGULATION_OF_INTRACELLULAR_SIGNAL_TRANSDUCTION	-0.3407541729478726			
GO_POSITIVE_REGULATION_OF_NATURAL_KILLER_CELL_MEDIATED_CYTOTOXICITY	-0.3407646071763131			
REACTOME_RUNX3_REGULATES_IMMUNE_RESPONSE_AND_CELL_MIGRATION	-0.3408197840631858			
GSE43955_TH0_VS_TGFB_IL6_TH17_ACT_CD4_TCELL_10H_UP	-0.34084419512384445			
GOLDRATH_NAIVE_VS_EFF_CD8_TCELL_DN	-0.3408731893605303			
GSE360_DC_VS_MAC_M_TUBERCULOSIS_UP	-0.3408885533175064			
GO_PODOSOME_ASSEMBLY	-0.3409203989899249			
GO_REGULATION_OF_CELL_MIGRATION_INVOLVED_IN_SPROUTING_ANGIOGENESIS	-0.3409241964733287			
GO_CELL_CELL_ADHESION	-0.34094634068462376			
GO_POSITIVE_REGULATION_OF_OXIDATIVE_STRESS_INDUCED_CELL_DEATH	-0.3409507829248885			
GSE30153_LUPUS_VS_HEALTHY_DONOR_BCELL_UP	-0.34095198321230724			
GO_POSITIVE_REGULATION_OF_DEFENSE_RESPONSE_TO_VIRUS_BY_HOST	-0.34095224303332994			
GEISS_RESPONSE_TO_DSRNA_UP	-0.340972371865151			
GSE16522_MEMORY_VS_NAIVE_ANTI_CD3CD28_STIM_CD8_TCELL_UP	-0.3409766142590475			
GSE2706_UNSTIM_VS_8H_R848_DC_UP	-0.34099613997211714			
GSE7764_NKCELL_VS_SPLENOCYTE_UP	-0.3410214600909841			
GSE22886_DAY0_VS_DAY7_MONOCYTE_IN_CULTURE_UP	-0.34106462486806227			
GSE43955_TH0_VS_TGFB_IL6_TH17_ACT_CD4_TCELL_52H_UP	-0.3410802793724728			
GSE9650_NAIVE_VS_EFF_CD8_TCELL_DN	-0.3410906331770112			
GSE21063_WT_VS_NFATC1_KO_BCELL_UP	-0.3411371980883423			
GSE27786_CD8_TCELL_VS_ERYTHROBLAST_UP	-0.3411531998922713			
MARTENS_BOUND_BY_PML_RARA_FUSION	-0.3411777727269061			
MIR920	-0.3411938668756505			
BIOCARTA_CTL_PATHWAY	-0.34120311508783907			
GSE3691_CONVENTIONAL_VS_PLASMACYTOID_DC_SPLEEN_UP	-0.3412411182055253			
REACTOME_TOLL_LIKE_RECEPTOR_TLR1_TLR2_CASCADE	-0.3412926045056252			
STK33_NOMO_UP	-0.3412973415817683			
GSE339_EX_VIVO_VS_IN_CULTURE_CD4CD8DN_DC_DN	-0.3413137780201871			
GSE37605_TREG_VS_TCONV_NOD_FOXP3_FUSION_GFP_UP	-0.34132254053099903			
GO_NEUTROPHIL_EXTRAVASATION	-0.3413466625206205			
GSE43955_TH0_VS_TGFB_IL6_IL23_TH17_ACT_CD4_TCELL_60H_DN	-0.3413565735257475			
GO_MEMBRANE_REGION	-0.3413678656364614			
GO_HOMEOSTASIS_OF_NUMBER_OF_CELLS	-0.34136986232525857			
GO_MYD88_DEPENDENT_TOLL_LIKE_RECEPTOR_SIGNALING_PATHWAY	-0.3413760590649147			
IPA_PRKCD_DN	-0.3413866908440811			
GO_STRUCTURAL_CONSTITUENT_OF_EYE_LENS	-0.3413972349500285			
GO_SECRETION	-0.3413985511528647			
GO_RESPONSE_TO_BIOTIC_STIMULUS	-0.341405316017281			
GSE21360_NAIVE_VS_SECONDARY_MEMORY_CD8_TCELL_DN	-0.3414342012104316			
GSE11386_NAIVE_VS_MEMORY_BCELL_UP	-0.34143461909090406			
GO_POSITIVE_REGULATION_OF_T_HELPER_17_CELL_DIFFERENTIATION	-0.34144926732374914			
GSE1460_NAIVE_CD4_TCELL_ADULT_BLOOD_VS_THYMIC_STROMAL_CELL_UP	-0.34149287800450245			
KAECH_DAY8_EFF_VS_DAY15_EFF_CD8_TCELL_DN	-0.34149817077982264			
KEGG_ANTIGEN_PROCESSING_AND_PRESENTATION	-0.34151078790331035			
GSE6259_FLT3L_INDUCED_33D1_POS_DC_VS_CD8_TCELL_DN	-0.3416015122163093			
IPA_HDAC4_DN	-0.34165808247525054			
REACTOME_INTERFERON_GAMMA_SIGNALING	-0.3416648611329965			
GO_DETECTION_OF_BIOTIC_STIMULUS	-0.34166689175612674			
KEGG_SYSTEMIC_LUPUS_ERYTHEMATOSUS	-0.3416887226051932			
GO_INTERLEUKIN_35_MEDIATED_SIGNALING_PATHWAY	-0.3417059948963708			
HALLMARK_INTERFERON_GAMMA_RESPONSE	-0.3417402951181283			
WINZEN_DEGRADED_VIA_KHSRP	-0.3418181116040984			
VERRECCHIA_RESPONSE_TO_TGFB1_C2	-0.34183988585314434			
GSE3039_NKT_CELL_VS_B2_BCELL_DN	-0.34185083207179495			
GSE42724_NAIVE_VS_MEMORY_BCELL_DN	-0.34186739957496587			
GO_REGULATION_OF_LYMPHOCYTE_APOPTOTIC_PROCESS	-0.341916586210912			
GO_REGULATION_OF_BONE_MINERALIZATION	-0.34192348933119443			
GO_REGULATION_OF_NEUTROPHIL_MIGRATION	-0.3419384826122901			
LIAN_NEUTROPHIL_GRANULE_CONSTITUENTS	-0.3419484268788861			
GO_NEGATIVE_REGULATION_OF_MAST_CELL_ACTIVATION	-0.3419693174789796			
GO_RESPONSE_TO_INTERFERON_GAMMA	-0.3419758075692892			
GO_REGULATION_OF_NATURAL_KILLER_CELL_MEDIATED_IMMUNITY	-0.3419976652736681			
GSE44649_WT_VS_MIR155_KO_ACTIVATED_CD8_TCELL_UP	-0.34202643318690884			
BIOCARTA_IL5_PATHWAY	-0.3420835616193133			
GO_B_CELL_ACTIVATION	-0.3420948464872179			
GSE19888_ADENOSINE_A3R_INH_PRETREAT_AND_ACT_BY_A3R_VS_TCELL_MEMBRANES_ACT_MAST_CELL_UP	-0.34209671393405405			
GO_INFLAMMATORY_CELL_APOPTOTIC_PROCESS	-0.342110972643496			
LINDGREN_BLADDER_CANCER_CLUSTER_2A_DN	-0.3421716616085227			
GSE17580_TREG_VS_TEFF_S_MANSONI_INF_DN	-0.3422852152300541			
GO_BLOOD_VESSEL_REMODELING	-0.3423555231168713			
GSE26890_CXCR1_NEG_VS_POS_EFFECTOR_CD8_TCELL_DN	-0.34237844148275165			
IPA_SATB1_DN	-0.34240073357701917			
GSE22886_DAY0_VS_DAY1_MONOCYTE_IN_CULTURE_DN	-0.34242046108266116			
GO_MACROPHAGE_CYTOKINE_PRODUCTION	-0.3424216587753086			
XU_RESPONSE_TO_TRETINOIN_AND_NSC682994_UP	-0.34242413975684094			
NAKAYAMA_FRA2_TARGETS	-0.34242638475687337			
GO_ENZYME_REGULATOR_ACTIVITY	-0.342455552501325			
GO_MESENCHYME_MIGRATION	-0.3424881246899632			
GSE18791_CTRL_VS_NEWCASTLE_VIRUS_DC_12H_DN	-0.3424942659748453			
REACTOME_REDUCTION_OF_CYTOSOLIC_CA_LEVELS	-0.34253025814356103			
GSE8515_CTRL_VS_IL1_4H_STIM_MAC_DN	-0.3425429642617524			
MIR4717_5P	-0.34258304540867407			
GSE40274_FOXP3_VS_FOXP3_AND_HELIOS_TRANSDUCED_ACTIVATED_CD4_TCELL_DN	-0.34260246042737885			
GSE18791_CTRL_VS_NEWCASTLE_VIRUS_DC_4H_DN	-0.3426084468269607			
KLEIN_PRIMARY_EFFUSION_LYMPHOMA_DN	-0.3426134608922316			
IPA_NFATC2_UP	-0.34269706935117855			
GO_CALCIUM_MEDIATED_SIGNALING	-0.34270085196134037			
GO_REGULATION_OF_B_CELL_ACTIVATION	-0.3427116618526983			
REACTOME_NICOTINAMIDE_SALVAGING	-0.34274675864843934			
REACTOME_METALLOPROTEASE_DUBS	-0.34275308028343215			
GSE10325_LUPUS_CD4_TCELL_VS_LUPUS_BCELL_DN	-0.34277129468732603			
PID_TCR_JNK_PATHWAY	-0.3427982954959736			
GSE1460_INTRATHYMIC_T_PROGENITOR_VS_THYMIC_STROMAL_CELL_DN	-0.3428189037740182			
GO_LEUKOCYTE_ADHESION_TO_VASCULAR_ENDOTHELIAL_CELL	-0.342822491875463			
GO_PLATELET_ALPHA_GRANULE_LUMEN	-0.34283306927496615			
GSE19401_PLN_VS_PEYERS_PATCH_FOLLICULAR_DC_DN	-0.34285261796559585			
GSE32986_UNSTIM_VS_CURDLAN_LOWDOSE_STIM_DC_DN	-0.34285693635294784			
GSE25088_IL4_VS_IL4_AND_ROSIGLITAZONE_STIM_MACROPHAGE_DAY10_UP	-0.3428649528782388			
GSE2585_CTEC_VS_THYMIC_MACROPHAGE_UP	-0.3428765921601398			
GO_CELL_MIGRATION_INVOLVED_IN_SPROUTING_ANGIOGENESIS	-0.34289311488185215			
GSE45365_WT_VS_IFNAR_KO_CD8A_DC_MCMV_INFECTION_UP	-0.3429090544169376			
KEGG_NOD_LIKE_RECEPTOR_SIGNALING_PATHWAY	-0.3429142571424268			
MARKS_HDAC_TARGETS_DN	-0.3429290297681316			
GSE17721_LPS_VS_CPG_16H_BMDC_UP	-0.34293803430709596			
GSE7460_CTRL_VS_FOXP3_OVEREXPR_TCONV_1_UP	-0.34297500164225286			
GSE360_DC_VS_MAC_L_DONOVANI_UP	-0.3429900554367105			
GSE15930_STIM_VS_STIM_AND_IL12_48H_CD8_T_CELL_UP	-0.34299239614690386			
GSE37534_UNTREATED_VS_GW1929_TREATED_CD4_TCELL_PPARG1_AND_FOXP3_TRASDUCED_UP	-0.3430115033084657			
GOLUB_ALL_VS_AML_DN	-0.3430140436679224			
GO_NEGATIVE_REGULATION_OF_REACTIVE_OXYGEN_SPECIES_METABOLIC_PROCESS	-0.3430390014995836			
GSE12845_NAIVE_VS_DARKZONE_GC_TONSIL_BCELL_UP	-0.34306646911991845			
GSE22886_IGA_VS_IGM_MEMORY_BCELL_DN	-0.3431335953364456			
GO_REGULATION_OF_B_CELL_APOPTOTIC_PROCESS	-0.34323704370904184			
IPA_NOTCH1_UP	-0.3432856938679962			
GO_MACROPHAGE_DIFFERENTIATION	-0.343296714840083			
REACTOME_MET_ACTIVATES_PTK2_SIGNALING	-0.34329718723200764			
KEGG_TYPE_I_DIABETES_MELLITUS	-0.3433756807282067			
GO_IMMUNE_SYSTEM_DEVELOPMENT	-0.3433939590271592			
MIR6508_3P	-0.3434143030235696			
GSE17721_POLYIC_VS_PAM3CSK4_1H_BMDC_DN	-0.3434180316749605			
GSE43955_1H_VS_10H_ACT_CD4_TCELL_WITH_TGFB_IL6_DN	-0.3434239254519763			
WIERENGA_STAT5A_TARGETS_UP	-0.34342956482360915			
MORI_MATURE_B_LYMPHOCYTE_UP	-0.3434477784856713			
GO_NEGATIVE_REGULATION_OF_TYPE_I_INTERFERON_PRODUCTION	-0.34347009504014614			
GSE40273_EOS_KO_VS_WT_TREG_DN	-0.34347674787318716			
GO_REGULATION_OF_B_CELL_PROLIFERATION	-0.34348793207161943			
REACTOME_ACTIVATION_OF_IRF3_IRF7_MEDIATED_BY_TBK1_IKK_EPSILON	-0.3435130936674373			
REN_ALVEOLAR_RHABDOMYOSARCOMA_DN	-0.34351732654983985			
GSE17580_TREG_VS_TEFF_S_MANSONI_INF_UP	-0.34352170055158915			
REACTOME_NUCLEOTIDE_BINDING_DOMAIN_LEUCINE_RICH_REPEAT_CONTAINING_RECEPTOR_NLR_SIGNALING_PATHWAYS	-0.34352295221175894			
GO_POSITIVE_REGULATION_OF_PROTEIN_DEPHOSPHORYLATION	-0.34353373784624536			
GO_REGULATION_OF_PEPTIDYL_SERINE_PHOSPHORYLATION	-0.34354296348567315			
GSE13522_CTRL_VS_T_CRUZI_Y_STRAIN_INF_SKIN_IFNAR_KO_DN	-0.34360084830066984			
GO_HYPOTHALAMUS_DEVELOPMENT	-0.34364440620574166			
GSE21670_TGFB_VS_IL6_TREATED_STAT3_KO_CD4_TCELL_DN	-0.3436451916664365			
MIR1263	-0.34365029172420747			
GSE41176_WT_VS_TAK1_KO_ANTI_IGM_STIM_BCELL_24H_UP	-0.3436801845180931			
REACTOME_CHONDROITIN_SULFATE_BIOSYNTHESIS	-0.34368606647662525			
REACTOME_COLLAGEN_DEGRADATION	-0.3436938510687545			
GSE39820_IL1B_IL6_VS_IL1B_IL6_IL23A_TREATED_CD4_TCELL_DN	-0.3437152943570301			
HUMMERICH_MALIGNANT_SKIN_TUMOR_UP	-0.34371649391307874			
RASHI_NFKB1_TARGETS	-0.34373145346345046			
GSE21063_CTRL_VS_ANTI_IGM_STIM_BCELL_3H_UP	-0.34377518390787243			
GO_MOLECULAR_FUNCTION_REGULATOR	-0.34377691296390045			
GO_INTERLEUKIN_4_MEDIATED_SIGNALING_PATHWAY	-0.34378390129437136			
GO_POSITIVE_REGULATION_OF_MYELOID_LEUKOCYTE_DIFFERENTIATION	-0.34382838981171826			
SARTIPY_NORMAL_AT_INSULIN_RESISTANCE_UP	-0.343845007647083			
GO_REGULATION_OF_T_HELPER_1_CELL_DIFFERENTIATION	-0.34387044857632487			
GSE25123_WT_VS_PPARG_KO_MACROPHAGE_ROSIGLITAZONE_STIM_DN	-0.3439565856502509			
GAUSSMANN_MLL_AF4_FUSION_TARGETS_D_UP	-0.3439961146967174			
CROONQUIST_NRAS_SIGNALING_UP	-0.34399785844842357			
NAKAMURA_ADIPOGENESIS_EARLY_DN	-0.34405516892509747			
NRL_DN.V1_DN	-0.3440726077741738			
GSE22886_NAIVE_BCELL_VS_MONOCYTE_DN	-0.3440737982902781			
GSE22589_HEALTHY_VS_SIV_INFECTED_DC_DN	-0.3440929061238003			
MIYAGAWA_TARGETS_OF_EWSR1_ETS_FUSIONS_DN	-0.34410226314503284			
GSE23308_WT_VS_MINERALCORTICOID_REC_KO_MACROPHAGE_CORTICOSTERONE_TREATED_UP	-0.3441179481493405			
GO_PATTERN_RECOGNITION_RECEPTOR_SIGNALING_PATHWAY	-0.34412199515147773			
GSE6259_FLT3L_INDUCED_DEC205_POS_DC_VS_CD8_TCELL_DN	-0.34412850656477556			
GSE3982_MEMORY_CD4_TCELL_VS_BCELL_UP	-0.34413634201993204			
GSE19888_CTRL_VS_TCELL_MEMBRANES_ACT_MAST_CELL_PRETREAT_A3R_INH_DN	-0.3441455410452348			
GO_PYRIMIDINE_NUCLEOSIDE_CATABOLIC_PROCESS	-0.3441749739766173			
PASTURAL_RIZ1_TARGETS_UP	-0.34417581616876286			
GSE25088_ROSIGLITAZONE_VS_IL4_AND_ROSIGLITAZONE_STIM_STAT6_KO_MACROPHAGE_DAY10_DN	-0.3441783588748191			
CEBALLOS_TARGETS_OF_TP53_AND_MYC_DN	-0.3441933306398334			
GSE40274_CTRL_VS_FOXP3_AND_XBP1_TRANSDUCED_ACTIVATED_CD4_TCELL_DN	-0.3442061698106286			
GO_REGULATION_OF_FATTY_ACID_BIOSYNTHETIC_PROCESS	-0.3442540936252886			
GO_NLRP3_INFLAMMASOME_COMPLEX_ASSEMBLY	-0.3442623328938566			
CHIARETTI_ACUTE_LYMPHOBLASTIC_LEUKEMIA_ZAP70	-0.3442720723933224			
GSE19888_ADENOSINE_A3R_INH_VS_ACT_IN_MAST_CELL_DN	-0.3442801053238739			
GSE3400_UNTREATED_VS_IFNB_TREATED_MEF_UP	-0.344281727724154			
MIR6788_3P	-0.3443469635964947			
PID_IL12_STAT4_PATHWAY	-0.34435322582445765			
GO_CALCIUM_ION_TRANSMEMBRANE_IMPORT_INTO_CYTOSOL	-0.3443592647006485			
GARGALOVIC_RESPONSE_TO_OXIDIZED_PHOSPHOLIPIDS_MAGENTA_UP	-0.3443620104123717			
GO_POSITIVE_REGULATION_OF_DNA_BINDING_TRANSCRIPTION_FACTOR_ACTIVITY	-0.34436903752903214			
GSE14000_UNSTIM_VS_4H_LPS_DC_DN	-0.3443876921580019			
GSE18791_CTRL_VS_NEWCASTLE_VIRUS_DC_6H_DN	-0.34439192000844177			
GO_EXTRINSIC_COMPONENT_OF_CYTOPLASMIC_SIDE_OF_PLASMA_MEMBRANE	-0.3444743299517622			
WANG_ESOPHAGUS_CANCER_PROGRESSION_UP	-0.3444759328627898			
GO_IMMUNOGLOBULIN_RECEPTOR_BINDING	-0.34456268827801445			
PID_PTP1B_PATHWAY	-0.3445627564173652			
GSE10325_BCELL_VS_MYELOID_DN	-0.3445654488018659			
GSE27859_MACROPHAGE_VS_CD11C_INT_F480_HI_MACROPHAGE_DN	-0.34458846168209434			
MIR380_5P	-0.34458965887415927			
REACTOME_EFFECTS_OF_PIP2_HYDROLYSIS	-0.34460475750023356			
GSE7219_WT_VS_NIK_NFKB2_KO_DC_DN	-0.34462460101235926			
GSE3039_NKT_CELL_VS_ALPHAALPHA_CD8_TCELL_DN	-0.34464014981545393			
GSE3982_MEMORY_CD4_TCELL_VS_TH1_UP	-0.3446563666246931			
GSE25146_UNSTIM_VS_HELIOBACTER_PYLORI_LPS_STIM_AGS_CELL_DN	-0.3446641337770563			
GSE27786_BCELL_VS_NKCELL_DN	-0.34467677393207746			
GSE22886_CTRL_VS_LPS_24H_DC_DN	-0.34481093296812126			
GSE24210_CTRL_VS_IL35_TREATED_TCONV_CD4_TCELL_UP	-0.34483360036821376			
GSE17721_CPG_VS_GARDIQUIMOD_4H_BMDC_UP	-0.3448684552978858			
REACTOME_REGULATION_OF_TNFR1_SIGNALING	-0.3449314730247228			
REACTOME_UNFOLDED_PROTEIN_RESPONSE_UPR	-0.3449543666753246			
LEE_EARLY_T_LYMPHOCYTE_DN	-0.3449788407099968			
ETS1_B	-0.34504491607426313			
GSE13738_TCR_VS_BYSTANDER_ACTIVATED_CD4_TCELL_UP	-0.3450551556324399			
GO_NEGATIVE_REGULATION_OF_LEUKOCYTE_MEDIATED_IMMUNITY	-0.34506964638333476			
GO_MYELOID_LEUKOCYTE_MIGRATION	-0.3450809939491861			
GSE17721_4_VS_24H_GARDIQUIMOD_BMDC_UP	-0.34512024916807216			
GO_NEGATIVE_REGULATION_OF_LYMPHOCYTE_MEDIATED_IMMUNITY	-0.34514514203366825			
GSE22432_MULTIPOTENT_PROGENITOR_VS_PDC_UP	-0.34520039431476873			
MIR4329	-0.3452240208494135			
GO_COLLAGEN_BINDING	-0.3452300476377458			
GO_SKELETAL_MYOFIBRIL_ASSEMBLY	-0.3452369963081439			
SOUCEK_MYC_TARGETS	-0.3452624530912674			
GSE26559_TCF1_KO_VS_WT_LIN_NEG_CELL_UP	-0.3452686956606008			
IPA_MYB_UP	-0.34526906508997557			
GSE7852_TREG_VS_TCONV_FAT_DN	-0.3452938401258687			
GO_NEGATIVE_REGULATION_OF_INTERLEUKIN_8_PRODUCTION	-0.3453068310841756			
GSE20366_TREG_VS_NAIVE_CD4_TCELL_DEC205_CONVERSION_UP	-0.3453087631771233			
GO_NEGATIVE_REGULATION_OF_LEUKOCYTE_MEDIATED_CYTOTOXICITY	-0.34534400242557517			
GSE24634_TEFF_VS_TCONV_DAY10_IN_CULTURE_UP	-0.3453554345621851			
GSE21927_SPLEEN_C57BL6_VS_EL4_TUMOR_BALBC_MONOCYTES_UP	-0.34537391342766577			
GSE9988_LOW_LPS_VS_ANTI_TREM1_AND_LPS_MONOCYTE_UP	-0.34541268925303836			
GO_REGULATION_OF_DEFENSE_RESPONSE	-0.3454215546893911			
GO_POSITIVE_REGULATION_OF_CHEMOKINE_SECRETION	-0.3454277876781145			
GSE2197_IMMUNOSUPPRESSIVE_DNA_VS_UNTREATED_IN_DC_UP	-0.3454531544654209			
GO_REGULATION_OF_MYELOID_LEUKOCYTE_MEDIATED_IMMUNITY	-0.34549369983414896			
GSE39916_B_CELL_SPLEEN_VS_PLASMA_CELL_BONE_MARROW_DN	-0.3455095178119686			
TIAN_TNF_SIGNALING_VIA_NFKB	-0.345519316999905			
REACTOME_NICOTINATE_METABOLISM	-0.3455393893981452			
GSE22589_SIV_VS_HIV_AND_SIV_INFECTED_DC_UP	-0.3455433705849765			
GSE37534_UNTREATED_VS_ROSIGLITAZONE_TREATED_CD4_TCELL_PPARG1_AND_FOXP3_TRASDUCED_DN	-0.34555277818643076			
GO_REGULATION_OF_REACTIVE_OXYGEN_SPECIES_METABOLIC_PROCESS	-0.34558928069308137			
GSE43863_NAIVE_VS_MEMORY_TH1_CD4_TCELL_D150_LCMV_UP	-0.3456059230879844			
GSE40685_TREG_VS_FOXP3_KO_TREG_PRECURSOR_DN	-0.345606462415792			
GSE22140_GERMFREE_VS_SPF_MOUSE_CD4_TCELL_UP	-0.3456190194953141			
GSE32986_UNSTIM_VS_GMCSF_AND_CURDLAN_LOWDOSE_STIM_DC_DN	-0.345624215998057			
GSE22140_GERMFREE_VS_SPF_MOUSE_CD4_TCELL_DN	-0.34564938702205567			
GSE36078_WT_VS_IL1R_KO_LUNG_DC_UP	-0.3456720878404493			
PEPPER_CHRONIC_LYMPHOCYTIC_LEUKEMIA_UP	-0.34571324450207275			
GSE3337_CTRL_VS_16H_IFNG_IN_CD8POS_DC_DN	-0.3457194521025018			
GSE22611_UNSTIM_VS_6H_MDP_STIM_MUTANT_NOD2_TRANSDUCED_HEK293T_CELL_UP	-0.3457235920919707			
GSE12198_NK_VS_NK_ACT_EXPANSION_SYSTEM_DERIVED_NK_CELL_DN	-0.3457246070162445			
GO_POSITIVE_REGULATION_OF_FATTY_ACID_BIOSYNTHETIC_PROCESS	-0.3457319320603841			
GO_NEGATIVE_REGULATION_OF_DEFENSE_RESPONSE	-0.345738141805103			
GO_REGULATION_OF_VASCULATURE_DEVELOPMENT	-0.345741043902083			
REACTOME_REGULATION_OF_CYTOSKELETAL_REMODELING_AND_CELL_SPREADING_BY_IPP_COMPLEX_COMPONENTS	-0.34577738889690823			
GO_POSITIVE_REGULATION_OF_INTERLEUKIN_17_PRODUCTION	-0.3458522717914649			
GO_POSITIVE_REGULATION_OF_MOLECULAR_FUNCTION	-0.34586566041608136			
SU_THYMUS	-0.34586618782423945			
GO_NEUTROPHIL_HOMEOSTASIS	-0.3458776371857591			
GO_CHRONIC_INFLAMMATORY_RESPONSE	-0.3459043111987526			
GO_CHEMOKINE_BINDING	-0.3459305982161975			
GSE29618_MONOCYTE_VS_MDC_DAY7_FLU_VACCINE_UP	-0.34593277841844977			
GSE360_T_GONDII_VS_M_TUBERCULOSIS_DC_DN	-0.34595518692609856			
GO_POSITIVE_REGULATION_OF_HYPERSENSITIVITY	-0.3459604747557739			
GSE18791_CTRL_VS_NEWCASTLE_VIRUS_DC_18H_DN	-0.3459919194881848			
MULLIGHAN_MLL_SIGNATURE_1_UP	-0.3460049485635799			
GO_POSITIVE_REGULATION_OF_LEUKOCYTE_MIGRATION	-0.34601796722575817			
GSE26343_UNSTIM_VS_LPS_STIM_MACROPHAGE_UP	-0.34602303942395657			
TAKEDA_TARGETS_OF_NUP98_HOXA9_FUSION_8D_DN	-0.3460297505765285			
TAKEDA_TARGETS_OF_NUP98_HOXA9_FUSION_6HR_DN	-0.346036233650535			
GO_POSITIVE_REGULATION_OF_CD8_POSITIVE_ALPHA_BETA_T_CELL_ACTIVATION	-0.346048439228909			
GSE35685_CD34POS_CD38NEG_VS_CD34POS_CD10POS_BONE_MARROW_DN	-0.34606122206145096			
GSE40273_EOS_KO_VS_WT_TREG_UP	-0.34606163748952057			
GSE36527_CD62L_HIGH_VS_CD62L_LOW_TREG_CD69_NEG_KLRG1_NEG_UP	-0.3460859206804147			
PETROVA_PROX1_TARGETS_DN	-0.3461052981690556			
GSE17721_0.5H_VS_24H_CPG_BMDC_DN	-0.3461069165130894			
GSE22886_IGG_IGA_MEMORY_BCELL_VS_BM_PLASMA_CELL_UP	-0.34611621078009097			
REACTOME_COMMON_PATHWAY_OF_FIBRIN_CLOT_FORMATION	-0.34611909976986205			
NAKAJIMA_MAST_CELL	-0.34619785429109645			
BILBAN_B_CLL_LPL_DN	-0.34620802738091877			
GSE45382_UNTREATED_VS_TGFB_TREATED_MACROPHAGES_UP	-0.3462259688619358			
GSE29618_BCELL_VS_MDC_DAY7_FLU_VACCINE_DN	-0.34624668989655955			
GSE42021_TCONV_PLN_VS_TREG_PRECURSORS_THYMUS_DN	-0.3462510401138913			
GO_REGULATION_OF_LEUKOCYTE_CHEMOTAXIS	-0.34626125367422905			
MIR4509	-0.346269757583984			
HESS_TARGETS_OF_HOXA9_AND_MEIS1_DN	-0.3462781530696491			
GO_REGULATION_OF_LEUKOCYTE_MEDIATED_IMMUNITY	-0.34639685548364485			
RAMASWAMY_METASTASIS_DN	-0.3464122762592402			
GSE18281_SUBCAPSULAR_VS_CENTRAL_CORTICAL_REGION_OF_THYMUS_DN	-0.34641523209989306			
GO_REGULATION_OF_PROTEIN_DEPHOSPHORYLATION	-0.34643696385808015			
PID_INTEGRIN_CS_PATHWAY	-0.34644367331034015			
GSE41867_DAY15_EFFECTOR_VS_DAY30_EXHAUSTED_CD8_TCELL_LCMV_CLONE13_UP	-0.34645194404153123			
GO_MODULATION_BY_SYMBIONT_OF_HOST_AUTOPHAGY	-0.34649192056167294			
GO_CELLULAR_EXTRAVASATION	-0.34652689977311923			
GO_POSITIVE_REGULATION_OF_OXIDATIVE_STRESS_INDUCED_NEURON_DEATH	-0.34656747416221534			
GO_NEGATIVE_REGULATION_OF_OXIDOREDUCTASE_ACTIVITY	-0.3465748187816496			
GSE33424_CD161_HIGH_VS_INT_CD8_TCELL_UP	-0.34660082768623235			
IPA_JUN_UP	-0.3466107937581309			
GSE37416_CTRL_VS_24H_F_TULARENSIS_LVS_NEUTROPHIL_DN	-0.3466271532438525			
GSE40274_CTRL_VS_FOXP3_AND_HELIOS_TRANSDUCED_ACTIVATED_CD4_TCELL_UP	-0.3466544122410382			
GSE7460_FOXP3_MUT_VS_HET_ACT_TCONV_UP	-0.34665689842634057			
KIM_LRRC3B_TARGETS	-0.3466915528746081			
GSE25087_FETAL_VS_ADULT_TCONV_UP	-0.3466925276237418			
GO_INTERLEUKIN_6_PRODUCTION	-0.3466989011472283			
HUTTMANN_B_CLL_POOR_SURVIVAL_UP	-0.34670505668966783			
HALLMARK_TNFA_SIGNALING_VIA_NFKB	-0.34673357833472057			
BOQUEST_STEM_CELL_DN	-0.3467504422814934			
WANG_CISPLATIN_RESPONSE_AND_XPC_DN	-0.34675625124947074			
WANG_RESPONSE_TO_GSK3_INHIBITOR_SB216763_UP	-0.3467861214208747			
GSE36888_UNTREATED_VS_IL2_TREATED_TCELL_17H_DN	-0.3467998703579579			
KAECH_NAIVE_VS_DAY8_EFF_CD8_TCELL_DN	-0.3468250601134647			
REACTOME_CASPASE_ACTIVATION_VIA_DEATH_RECEPTORS_IN_THE_PRESENCE_OF_LIGAND	-0.3468480392448012			
REACTOME_NEF_AND_SIGNAL_TRANSDUCTION	-0.34684868736354035			
GO_POSITIVE_REGULATION_OF_ERK1_AND_ERK2_CASCADE	-0.34686763956209626			
GSE3982_EOSINOPHIL_VS_EFF_MEMORY_CD4_TCELL_UP	-0.3468686188619826			
GO_APOLIPOPROTEIN_A_I_MEDIATED_SIGNALING_PATHWAY	-0.3469021894025876			
HELLER_HDAC_TARGETS_DN	-0.3469045801832164			
GO_INTERFERON_GAMMA_MEDIATED_SIGNALING_PATHWAY	-0.34693412335075385			
GO_DEFENSE_RESPONSE	-0.346965699275252			
GSE21360_NAIVE_VS_PRIMARY_MEMORY_CD8_TCELL_UP	-0.3470093073501897			
PEDRIOLI_MIR31_TARGETS_DN	-0.34702291166935256			
GSE17721_LPS_VS_CPG_12H_BMDC_UP	-0.34715911769455327			
HINATA_NFKB_IMMU_INF	-0.3471791403033718			
GSE19888_CTRL_VS_A3R_INHIBITOR_TREATED_MAST_CELL_DN	-0.3471928568132705			
GSE20754_WT_VS_TCF1_KO_MEMORY_CD8_TCELL_UP	-0.34719905082096664			
GO_COPII_COATED_ER_TO_GOLGI_TRANSPORT_VESICLE	-0.34720156206717884			
GO_NEGATIVE_REGULATION_OF_PRODUCTION_OF_MOLECULAR_MEDIATOR_OF_IMMUNE_RESPONSE	-0.34725632442948284			
GO_POSITIVE_REGULATION_OF_MULTICELLULAR_ORGANISMAL_PROCESS	-0.34725880674010007			
GSE9650_EXHAUSTED_VS_MEMORY_CD8_TCELL_DN	-0.3472590453116748			
GSE26030_UNSTIM_VS_RESTIM_TH17_DAY5_POST_POLARIZATION_DN	-0.3472784883264833			
GSE9037_CTRL_VS_LPS_4H_STIM_BMDM_DN	-0.3472921802695822			
GO_RESPONSE_TO_MURAMYL_DIPEPTIDE	-0.3473057544321469			
GO_RESPONSE_TO_BACTERIUM	-0.34738055215151353			
GSE42021_TREG_PLN_VS_CD24LO_TREG_THYMUS_DN	-0.3474267671009746			
GSE22025_PROGESTERONE_VS_TGFB1_AND_PROGESTERONE_TREATED_CD4_TCELL_UP	-0.3474527914332714			
IPA_HDAC2_DN	-0.34745838414772745			
KEGG_CELL_ADHESION_MOLECULES_CAMS	-0.3474676516889107			
CASORELLI_ACUTE_PROMYELOCYTIC_LEUKEMIA_UP	-0.34746874174020725			
GO_POSITIVE_REGULATION_OF_B_CELL_PROLIFERATION	-0.3474764894663228			
REACTOME_INTERLEUKIN_21_SIGNALING	-0.3474878602230065			
GSE46606_IRF4MID_VS_WT_CD40L_IL2_IL5_DAY1_STIMULATED_BCELL_DN	-0.34748854019307135			
GO_REGULATION_OF_LEUKOCYTE_DEGRANULATION	-0.34749333422592715			
GO_POSITIVE_REGULATION_OF_ADHERENS_JUNCTION_ORGANIZATION	-0.34754573051848686			
GSE18791_UNSTIM_VS_NEWCATSLE_VIRUS_DC_18H_DN	-0.3475997450836003			
GSE23925_LIGHT_ZONE_VS_NAIVE_BCELL_UP	-0.34763936180708893			
GO_OPSONIN_BINDING	-0.3476572885094553			
MIR1292_5P	-0.34767111869340833			
GO_VASCULAR_ENDOTHELIAL_GROWTH_FACTOR_BINDING	-0.3477094084376961			
GSE9601_UNTREATED_VS_NFKB_INHIBITOR_TREATED_HCMV_INF_MONOCYTE_DN	-0.34771786790556913			
MITSIADES_RESPONSE_TO_APLIDIN_UP	-0.3477237948020408			
GSE36392_TYPE_2_MYELOID_VS_NEUTROPHIL_IL25_TREATED_LUNG_UP	-0.34772495468806186			
GSE23505_IL6_IL1_VS_IL6_IL1_IL23_TREATED_CD4_TCELL_DN	-0.34776379680897407			
GO_POSITIVE_REGULATION_OF_MACROPHAGE_FUSION	-0.34777689101057596			
GO_NEGATIVE_REGULATION_OF_PROTEIN_LOCALIZATION_TO_CELL_PERIPHERY	-0.3478499562400744			
GO_RESPONSE_TO_PEPTIDOGLYCAN	-0.3478552067080673			
GO_NECROTIC_CELL_DEATH	-0.3478553041975471			
GSE22886_DAY0_VS_DAY1_MONOCYTE_IN_CULTURE_UP	-0.3478891793007122			
MIR5011_3P	-0.347916533597681			
GSE29949_CD8_POS_DC_SPLEEN_VS_MONOCYTE_BONE_MARROW_DN	-0.3479434703274756			
GO_DIVALENT_INORGANIC_CATION_HOMEOSTASIS	-0.3479435302376702			
GO_B_CELL_APOPTOTIC_PROCESS	-0.348033410077033			
GSE18893_TCONV_VS_TREG_2H_TNF_STIM_DN	-0.3481404327685178			
GSE26030_UNSTIM_VS_RESTIM_TH1_DAY5_POST_POLARIZATION_DN	-0.3481757642150528			
GSE7852_LN_VS_FAT_TCONV_DN	-0.3481852126956541			
GSE38304_MYC_NEG_VS_POS_GC_BCELL_DN	-0.3482150080407867			
MARSON_BOUND_BY_FOXP3_UNSTIMULATED	-0.34823604842431344			
GGAMTNNNNNTCCY_UNKNOWN	-0.34828932961816567			
GSE43957_UNTREATED_VS_NACL_TREATED_ANTI_CD3_CD28_STIM_CD4_TCELL_DN	-0.34829762971900463			
GSE22886_NAIVE_BCELL_VS_BLOOD_PLASMA_CELL_UP	-0.348375537185765			
GSE21546_WT_VS_SAP1A_KO_ANTI_CD3_STIM_DP_THYMOCYTES_UP	-0.34841580301006003			
GSE18281_CORTICAL_VS_MEDULLARY_THYMOCYTE_UP	-0.34847691665052155			
GSE17721_12H_VS_24H_PAM3CSK4_BMDC_UP	-0.3484867083308741			
GO_CELL_CHEMOTAXIS	-0.3484897760364253			
GSE6259_BCELL_VS_CD8_TCELL_UP	-0.34853455320043625			
REACTOME_FORMATION_OF_FIBRIN_CLOT_CLOTTING_CASCADE	-0.3485699807880686			
GSE9988_ANTI_TREM1_VS_VEHICLE_TREATED_MONOCYTES_UP	-0.3485981186558647			
GSE24634_IL4_VS_CTRL_TREATED_NAIVE_CD4_TCELL_DAY3_DN	-0.3485999269257271			
GSE21546_WT_VS_SAP1A_KO_AND_ELK1_KO_DP_THYMOCYTES_UP	-0.3486032671710223			
PRC2_EZH2_UP.V1_UP	-0.34861466797723895			
GSE19923_E2A_KO_VS_E2A_AND_HEB_KO_DP_THYMOCYTE_DN	-0.3486369554199925			
GSE2770_TGFB_AND_IL4_ACT_VS_ACT_CD4_TCELL_48H_DN	-0.34865242593568113			
GSE39556_UNTREATED_VS_3H_POLYIC_INJ_MOUSE_CD8A_DC_DN	-0.3486779425395353			
GO_REGULATION_OF_PHAGOCYTOSIS	-0.3487020390525762			
GO_LOCALIZATION_WITHIN_MEMBRANE	-0.3487051338661083			
GSE17974_CTRL_VS_ACT_IL4_AND_ANTI_IL12_6H_CD4_TCELL_UP	-0.3487066575648838			
GO_CELLULAR_RESPONSE_TO_ALKALOID	-0.348750193886216			
GO_OLIGOSACCHARIDE_BINDING	-0.34875267358913475			
GSE13484_12H_UNSTIM_VS_YF17D_VACCINE_STIM_PBMC_DN	-0.3487585120310013			
GSE5589_LPS_AND_IL10_VS_LPS_AND_IL6_STIM_IL6_KO_MACROPHAGE_45MIN_UP	-0.3487924065185131			
GO_CHONDROITIN_SULFATE_BIOSYNTHETIC_PROCESS	-0.3487936723203653			
GSE42724_MEMORY_VS_B1_BCELL_DN	-0.3487968086436341			
GSE36476_YOUNG_VS_OLD_DONOR_MEMORY_CD4_TCELL_40H_TSST_ACT_DN	-0.3488233028770998			
GSE7460_CTRL_VS_TGFB_TREATED_ACT_TCONV_UP	-0.34886634596199			
VERHAAK_AML_WITH_NPM1_MUTATED_UP	-0.34887802959731745			
GO_CYTOKINE_MEDIATED_SIGNALING_PATHWAY	-0.3489416367124765			
HERNANDEZ_ABERRANT_MITOSIS_BY_DOCETACEL_2NM_UP	-0.3489962713350371			
FULCHER_INFLAMMATORY_RESPONSE_LECTIN_VS_LPS_DN	-0.3490047449817122			
GSE44732_UNSTIM_VS_IL27_STIM_IMATURE_DC_DN	-0.3490889780135064			
GSE32034_UNTREATED_VS_ROSIGLIZATONE_TREATED_LY6C_LOW_MONOCYTE_DN	-0.3491232819468372			
GSE17721_POLYIC_VS_PAM3CSK4_16H_BMDC_UP	-0.3492186965115791			
GSE34156_NOD2_LIGAND_VS_TLR1_TLR2_LIGAND_6H_TREATED_MONOCYTE_DN	-0.34922849362755465			
GSE369_IFNG_KO_VS_WT_LIVER_UP	-0.3492343015578425			
GSE46242_CTRL_VS_EGR2_DELETED_ANERGIC_TH1_CD4_TCELL_DN	-0.34925422651760657			
GO_ROUNDABOUT_BINDING	-0.34934625052387647			
REACTOME_TNF_SIGNALING	-0.34938715494136363			
MIR885_5P	-0.3494053398838592			
GSE12963_UNINF_VS_ENV_AND_NEF_AND_VPR_DEFICIENT_HIV1_INF_CD4_TCELL_UP	-0.34943137781617356			
GSE3982_NKCELL_VS_TH2_UP	-0.3495321159747963			
GSE15271_CXCR4_POS_VS_NEG_GC_BCELL_DN	-0.3495574011121058			
GSE42724_NAIVE_VS_B1_BCELL_UP	-0.3495603121141415			
GSE36392_TYPE_2_MYELOID_VS_EOSINOPHIL_IL25_TREATED_LUNG_UP	-0.3495876237802904			
GSE2770_UNTREATED_VS_TGFB_AND_IL4_TREATED_ACT_CD4_TCELL_4H_UP	-0.3496043277444559			
IVANOVA_HEMATOPOIESIS_LATE_PROGENITOR	-0.3497257728699083			
HOLLMANN_APOPTOSIS_VIA_CD40_UP	-0.34972598737934885			
GSE9988_ANTI_TREM1_VS_CTRL_TREATED_MONOCYTES_UP	-0.34973282366278585			
GSE20366_CD103_KLRG1_DP_VS_DN_TREG_DN	-0.3497380793992429			
REACTOME_INTERLEUKIN_15_SIGNALING	-0.34973950368740564			
GROSS_HYPOXIA_VIA_ELK3_DN	-0.34977088368718295			
GSE19923_HEB_KO_VS_HEB_AND_E2A_KO_DP_THYMOCYTE_DN	-0.34978961132002084			
GSE32901_NAIVE_VS_TH17_NEG_CD4_TCELL_DN	-0.3498317272879695			
GO_POSITIVE_REGULATION_OF_RESPONSE_TO_OXIDATIVE_STRESS	-0.34985842237525666			
GSE28130_ACTIVATED_VS_INDUCEED_TREG_UP	-0.3498674585182804			
GO_PROTEIN_SERINE_THREONINE_KINASE_ACTIVATOR_ACTIVITY	-0.3498731441241459			
LEE_AGING_CEREBELLUM_UP	-0.349886649709733			
GO_NEGATIVE_REGULATION_OF_B_CELL_PROLIFERATION	-0.34989005983029087			
GO_T_HELPER_2_CELL_DIFFERENTIATION	-0.34991249532775126			
GSE17721_LPS_VS_PAM3CSK4_1H_BMDC_DN	-0.35003594970815616			
GO_REGULATION_OF_T_CELL_MIGRATION	-0.3500382615901239			
GO_DIVALENT_INORGANIC_CATION_TRANSPORT	-0.3501121691752914			
SA_PTEN_PATHWAY	-0.3501198866245859			
GSE22601_IMMATURE_CD4_SINGLE_POSITIVE_VS_CD4_SINGLE_POSITIVE_THYMOCYTE_UP	-0.3501893408155484			
GSE34392_ST2_KO_VS_WT_DAY8_LCMV_EFFECTOR_CD8_TCELL_DN	-0.35033192695478826			
GSE46606_IRF4HIGH_VS_IRF4MID_CD40L_IL2_IL5_DAY3_STIMULATED_BCELL_DN	-0.3503710047936505			
GSE3982_BCELL_VS_CENT_MEMORY_CD4_TCELL_UP	-0.3503954298773248			
JU_AGING_TERC_TARGETS_UP	-0.35042277928728593			
GSE17721_LPS_VS_GARDIQUIMOD_24H_BMDC_UP	-0.3504285960251751			
PARK_APL_PATHOGENESIS_DN	-0.3504508186400488			
GO_EXOCYTOSIS	-0.3504563938172823			
GSE23568_ID3_TRANSDUCED_VS_ID3_KO_CD8_TCELL_UP	-0.35049218615832733			
GSE7348_UNSTIM_VS_LPS_STIM_MACROPHAGE_DN	-0.35050105741748744			
GSE7852_TREG_VS_TCONV_THYMUS_UP	-0.3505352008715322			
GHANDHI_DIRECT_IRRADIATION_UP	-0.35056360225673394			
GO_IMMUNOLOGICAL_SYNAPSE_FORMATION	-0.3506369690683943			
GO_LEUKOCYTE_CHEMOTAXIS	-0.3506949820120412			
GO_POSITIVE_REGULATION_OF_CHEMOTAXIS	-0.3507192404839544			
GO_REGULATION_OF_PROTEIN_LOCALIZATION_TO_CELL_SURFACE	-0.350721241238038			
GSE22443_NAIVE_VS_ACT_AND_IL12_TREATED_CD8_TCELL_UP	-0.3507646751187211			
GSE9988_LPS_VS_LPS_AND_ANTI_TREM1_MONOCYTE_UP	-0.35079853935295924			
KEGG_GLYCOSAMINOGLYCAN_BIOSYNTHESIS_CHONDROITIN_SULFATE	-0.3507996490168228			
GSE22886_TCELL_VS_BCELL_NAIVE_UP	-0.3508030268484359			
GSE3982_NEUTROPHIL_VS_NKCELL_UP	-0.35084005588197303			
GSE16385_ROSIGLITAZONE_IL4_VS_IL4_ALONE_STIM_MACROPHAGE_12H_DN	-0.3508566910854208			
LIAN_LIPA_TARGETS_6M	-0.3508639763879606			
GSE10325_BCELL_VS_LUPUS_BCELL_DN	-0.3508678451431008			
ZHANG_RESPONSE_TO_IKK_INHIBITOR_AND_TNF_UP	-0.35090381600468595			
GO_POSITIVE_REGULATION_OF_SMOOTH_MUSCLE_CELL_PROLIFERATION	-0.350912583292255			
GO_CHONDROITIN_SULFATE_CATABOLIC_PROCESS	-0.35091408024430143			
GSE15330_MEGAKARYOCYTE_ERYTHROID_PROGENITOR_VS_PRO_BCELL_UP	-0.35091762794026765			
GO_POSITIVE_REGULATION_OF_PROTEIN_SERINE_THREONINE_KINASE_ACTIVITY	-0.35094987431628794			
REACTOME_TNFR1_INDUCED_NFKAPPAB_SIGNALING_PATHWAY	-0.3509538469486678			
P53_DN.V1_DN	-0.3509573615378881			
IPA_KDR_DN	-0.35101305003089023			
GSE16755_CTRL_VS_IFNA_TREATED_MAC_DN	-0.3510416198605539			
MIR411_5P	-0.3511603485409624			
GO_REGULATION_OF_LEUKOCYTE_ADHESION_TO_VASCULAR_ENDOTHELIAL_CELL	-0.35117168494607653			
GSE17721_0.5H_VS_4H_LPS_BMDC_DN	-0.3511785971086671			
GSE339_CD4POS_VS_CD8POS_DC_IN_CULTURE_UP	-0.3511795412036432			
KUROZUMI_RESPONSE_TO_ONCOCYTIC_VIRUS	-0.35118156620762886			
CHARAFE_BREAST_CANCER_LUMINAL_VS_MESENCHYMAL_DN	-0.35119433459412			
GO_REGULATION_OF_PROTEIN_LOCALIZATION	-0.35122136382500563			
VALK_AML_CLUSTER_9	-0.3512220806454374			
MPHOSPH8_TARGET_GENES	-0.3512517178083109			
GSE3982_DC_VS_BCELL_UP	-0.35135357944116463			
IPA_YWHAE_DN	-0.35136304563798343			
GSE9037_CTRL_VS_LPS_4H_STIM_BMDM_UP	-0.35139033526433666			
REACTOME_PURINERGIC_SIGNALING_IN_LEISHMANIASIS_INFECTION	-0.3514158560299118			
SMID_BREAST_CANCER_LUMINAL_B_DN	-0.35142508675431655			
GSE13306_TREG_VS_TCONV_SPLEEN_UP	-0.35146075056896886			
TTCYNRGAA_STAT5B_01	-0.3514613104626271			
GSE41867_DAY6_EFFECTOR_VS_DAY30_MEMORY_CD8_TCELL_LCMV_ARMSTRONG_DN	-0.35146218216479			
GO_REGULATION_OF_DEFENSE_RESPONSE_TO_VIRUS	-0.3514687439304211			
KIM_GLIS2_TARGETS_UP	-0.35146899269060855			
GSE17186_MEMORY_VS_NAIVE_BCELL_DN	-0.35149040746382115			
KEGG_JAK_STAT_SIGNALING_PATHWAY	-0.3515078255209482			
GO_INTERLEUKIN_2_PRODUCTION	-0.35151940587223035			
GO_CARDIAC_MYOFIBRIL_ASSEMBLY	-0.35152497881499045			
GSE30153_LUPUS_VS_HEALTHY_DONOR_BCELL_DN	-0.35155302215165957			
GO_ANTIGEN_PROCESSING_AND_PRESENTATION_OF_PEPTIDE_ANTIGEN	-0.35160174450093984			
GO_CD8_POSITIVE_ALPHA_BETA_T_CELL_ACTIVATION	-0.3516276729002391			
IPA_IRF3_DN	-0.3516300793790977			
GO_REGULATION_OF_EXTRINSIC_APOPTOTIC_SIGNALING_PATHWAY_VIA_DEATH_DOMAIN_RECEPTORS	-0.35166090253795296			
GSE42021_CD24HI_VS_CD24LOW_TCONV_THYMUS_DN	-0.35171738185761053			
GSE36826_NORMAL_VS_STAPH_AUREUS_INF_SKIN_UP	-0.35173261924487415			
GO_REGULATION_OF_POSITIVE_CHEMOTAXIS	-0.3517337141837177			
TSAI_RESPONSE_TO_IONIZING_RADIATION	-0.3517645801621135			
SNF5_DN.V1_UP	-0.35179609609895335			
GSE40274_HELIOS_VS_FOXP3_AND_HELIOS_TRANSDUCED_ACTIVATED_CD4_TCELL_UP	-0.35180627736860165			
GO_POSITIVE_REGULATION_OF_RESPONSE_TO_EXTERNAL_STIMULUS	-0.352043793021725			
CROONQUIST_NRAS_VS_STROMAL_STIMULATION_UP	-0.3520758979087383			
WU_HBX_TARGETS_2_DN	-0.35210200215103693			
GSE37301_HEMATOPOIETIC_STEM_CELL_VS_MULTIPOTENT_PROGENITOR_DN	-0.3521923257508495			
GO_POSITIVE_REGULATION_OF_INTRACELLULAR_SIGNAL_TRANSDUCTION	-0.3522069035628001			
GSE2770_TGFB_AND_IL4_ACT_VS_ACT_CD4_TCELL_48H_UP	-0.352260374559569			
GO_POSITIVE_REGULATION_OF_MAPK_CASCADE	-0.35229854376758435			
GSE17721_CTRL_VS_POLYIC_8H_BMDC_DN	-0.3523417156817713			
GSE24574_BCL6_HIGH_TFH_VS_NAIVE_CD4_TCELL_DN	-0.35238849046388177			
GSE17974_IL4_AND_ANTI_IL12_VS_UNTREATED_24H_ACT_CD4_TCELL_DN	-0.3524138271921794			
IPA_PML_UP	-0.35243299004110795			
GSE360_T_GONDII_VS_B_MALAYI_LOW_DOSE_DC_UP	-0.35248819902763184			
GO_REGULATION_OF_FC_GAMMA_RECEPTOR_SIGNALING_PATHWAY_INVOLVED_IN_PHAGOCYTOSIS	-0.3524956929201111			
KAECH_DAY8_EFF_VS_MEMORY_CD8_TCELL_DN	-0.3525703602356484			
GSE2124_CTRL_VS_LYMPHOTOXIN_BETA_TREATED_MLN_DN	-0.3525724809007128			
GSE29618_MONOCYTE_VS_MDC_UP	-0.35259175085661415			
REACTOME_CLASS_I_MHC_MEDIATED_ANTIGEN_PROCESSING_PRESENTATION	-0.35262609799791383			
GO_MYELOID_LEUKOCYTE_CYTOKINE_PRODUCTION	-0.35266236008224044			
GO_POSITIVE_REGULATION_OF_PEPTIDYL_SERINE_PHOSPHORYLATION	-0.35266854283070914			
SHAFFER_IRF4_TARGETS_IN_ACTIVATED_DENDRITIC_CELL	-0.35271409585596125			
MIR3192_5P	-0.35280478489059436			
REACTOME_INTERLEUKIN_10_SIGNALING	-0.35280583029568896			
BIOCARTA_TNFR2_PATHWAY	-0.3528659865325349			
REACTOME_G_PROTEIN_BETA_GAMMA_SIGNALLING	-0.352881526147488			
PID_BCR_5PATHWAY	-0.35288491205986916			
GSE20727_CTRL_VS_ROS_INHIBITOR_TREATED_DC_DN	-0.35289806609004404			
GSE2770_TGFB_AND_IL4_ACT_VS_ACT_CD4_TCELL_2H_DN	-0.35293705088762706			
GROSS_HYPOXIA_VIA_ELK3_ONLY_UP	-0.35305696683804627			
COREBINDINGFACTOR_Q6	-0.3530718956978911			
BMI1_DN_MEL18_DN.V1_UP	-0.3530843659698008			
GO_REGULATION_OF_LYMPHOCYTE_MEDIATED_IMMUNITY	-0.35309560621627073			
WU_HBX_TARGETS_1_UP	-0.35313702693615595			
GSE360_HIGH_DOSE_B_MALAYI_VS_M_TUBERCULOSIS_MAC_DN	-0.35314120310553176			
GO_ALPHA_BETA_T_CELL_DIFFERENTIATION	-0.353150202492021			
GSE24634_IL4_VS_CTRL_TREATED_NAIVE_CD4_TCELL_DAY5_DN	-0.3531525915894472			
GSE46606_IRF4_KO_VS_WT_CD40L_IL2_IL5_3DAY_STIMULATED_BCELL_DN	-0.3532099082481637			
GO_POSITIVE_REGULATION_OF_T_CELL_MEDIATED_CYTOTOXICITY	-0.3532100931608628			
GSE12366_GC_VS_MEMORY_BCELL_DN	-0.35327873495597806			
GO_DIAPEDESIS	-0.3533078184568355			
REACTOME_ANTIGEN_PRESENTATION_FOLDING_ASSEMBLY_AND_PEPTIDE_LOADING_OF_CLASS_I_MHC	-0.35336285441214266			
IIZUKA_LIVER_CANCER_EARLY_RECURRENCE	-0.35340964338988984			
MCBRYAN_TERMINAL_END_BUD_DN	-0.3534539058404104			
GSE21774_CD62L_POS_CD56_DIM_VS_CD62L_NEG_CD56_DIM_NK_CELL_UP	-0.35345452460362803			
GSE8621_LPS_STIM_VS_LPS_PRIMED_AND_LPS_STIM_MACROPHAGE_DN	-0.3534591889219812			
GO_REGULATION_OF_LEUKOCYTE_DIFFERENTIATION	-0.3535344594372421			
GSE26351_UNSTIM_VS_WNT_PATHWAY_STIM_HEMATOPOIETIC_PROGENITORS_DN	-0.3535416929556474			
MARTIN_VIRAL_GPCR_SIGNALING_DN	-0.35356459952410363			
GO_REGULATION_OF_MAST_CELL_ACTIVATION	-0.3535707806287335			
MEF2_Q6_01	-0.35360617905887104			
GO_ANTIGEN_PROCESSING_AND_PRESENTATION_OF_ENDOGENOUS_ANTIGEN	-0.35361357902670437			
GO_RESPONSE_TO_INTERLEUKIN_7	-0.3536341358395605			
GO_REGULATION_OF_T_HELPER_2_CELL_DIFFERENTIATION	-0.35365486363114595			
GSE4984_UNTREATED_VS_GALECTIN1_TREATED_DC_UP	-0.35373018581026844			
KEGG_TOLL_LIKE_RECEPTOR_SIGNALING_PATHWAY	-0.3537326384027046			
GO_NEGATIVE_REGULATION_OF_T_CELL_MEDIATED_CYTOTOXICITY	-0.35373320499536764			
GO_CELL_ADHESION_MEDIATED_BY_INTEGRIN	-0.35380131423213834			
GO_POSITIVE_REGULATION_OF_EXTRACELLULAR_MATRIX_DISASSEMBLY	-0.3538115853386844			
GSE10239_KLRG1INT_VS_KLRG1HIGH_EFF_CD8_TCELL_DN	-0.35381402986671323			
GSE17974_CTRL_VS_ACT_IL4_AND_ANTI_IL12_72H_CD4_TCELL_UP	-0.3538292868569996			
REACTOME_IKK_COMPLEX_RECRUITMENT_MEDIATED_BY_RIP1	-0.3538506285368406			
GO_GERMINAL_CENTER_FORMATION	-0.35385789151950575			
IPA_MEF2C_DN	-0.3538689055610014			
REACTOME_INTERLEUKIN_6_SIGNALING	-0.3539248127254548			
GSE22432_CDC_VS_COMMON_DC_PROGENITOR_UP	-0.3539772672817365			
GSE12392_WT_VS_IFNAR_KO_CD8A_NEG_SPLEEN_DC_UP	-0.3540089233297757			
YU_MYC_TARGETS_DN	-0.3540117492064482			
GO_BONE_MINERALIZATION	-0.3540203463736373			
GO_CYTOPLASMIC_SIDE_OF_MEMBRANE	-0.3540444971629585			
GO_MAST_CELL_ACTIVATION	-0.35405460000015615			
GO_MUCOPOLYSACCHARIDE_METABOLIC_PROCESS	-0.35406538665719267			
GSE42021_TCONV_PLN_VS_TREG_PRECURSORS_THYMUS_UP	-0.3541041403040855			
GO_VASCULAR_ENDOTHELIAL_CELL_PROLIFERATION	-0.3541531810232753			
IPA_SOX1_UP	-0.3542477712225887			
GSE45365_HEALTHY_VS_MCMV_INFECTION_CD8A_DC_IFNAR_KO_DN	-0.3542951498362356			
CHUNG_BLISTER_CYTOTOXICITY_UP	-0.35430365593856467			
GSE24574_BCL6_LOW_TFH_VS_NAIVE_CD4_TCELL_UP	-0.35433796688595426			
SIRNA_EIF4GI_DN	-0.3543443164288282			
ZHAN_LATE_DIFFERENTIATION_GENES_UP	-0.35436906569987714			
GSE13411_SWITCHED_MEMORY_BCELL_VS_PLASMA_CELL_UP	-0.35438063907259965			
MAHAJAN_RESPONSE_TO_IL1A_UP	-0.3544405348361265			
GSE22601_CD4_SINGLE_POSITIVE_VS_CD8_SINGLE_POSITIVE_THYMOCYTE_DN	-0.35446497120556436			
GSE22432_CONVENTIONAL_CDC_VS_PLASMACYTOID_PDC_DN	-0.3545649539123031			
GO_REGULATION_OF_ANTIGEN_PROCESSING_AND_PRESENTATION	-0.35463823738425126			
GSE360_L_MAJOR_VS_B_MALAYI_HIGH_DOSE_DC_UP	-0.3547590729662088			
GO_CYTOKINE_RECEPTOR_BINDING	-0.35479040462478556			
GO_REGULATION_OF_LIPASE_ACTIVITY	-0.3548088837997558			
HELLER_HDAC_TARGETS_SILENCED_BY_METHYLATION_DN	-0.35483336722019876			
REACTOME_LEISHMANIA_INFECTION	-0.3548664019709211			
GO_POSITIVE_REGULATION_OF_LEUKOCYTE_APOPTOTIC_PROCESS	-0.3548686760313176			
GO_B_CELL_MEDIATED_IMMUNITY	-0.35488665241229533			
GO_POSITIVE_REGULATION_OF_LEUKOCYTE_ADHESION_TO_VASCULAR_ENDOTHELIAL_CELL	-0.35494091170914943			
GO_POSITIVE_REGULATION_OF_LEUKOCYTE_MEDIATED_CYTOTOXICITY	-0.35494096333842484			
GO_CHONDROITIN_SULFATE_PROTEOGLYCAN_METABOLIC_PROCESS	-0.35494732504001997			
GO_POSITIVE_REGULATION_OF_PHOSPHORUS_METABOLIC_PROCESS	-0.3549650226638568			
GSE21380_NON_TFH_VS_TFH_CD4_TCELL_UP	-0.35499807470778044			
GSE13484_3H_UNSTIM_VS_YF17D_VACCINE_STIM_PBMC_DN	-0.35501845229776824			
GSE9988_ANTI_TREM1_AND_LPS_VS_VEHICLE_TREATED_MONOCYTES_UP	-0.35501928961143564			
GO_INFLAMMATORY_RESPONSE_TO_ANTIGENIC_STIMULUS	-0.3550935291710615			
GSE36078_WT_VS_IL1R_KO_LUNG_DC_AFTER_AD5_T425A_HEXON_INF_UP	-0.35509692568796924			
GSE33292_WT_VS_TCF1_KO_DN3_THYMOCYTE_UP	-0.35514804990546844			
GSE1791_CTRL_VS_NEUROMEDINU_IN_T_CELL_LINE_6H_UP	-0.3551865080595165			
GSE3039_CD4_TCELL_VS_B1_BCELL_DN	-0.3551993930186588			
GSE13411_NAIVE_VS_SWITCHED_MEMORY_BCELL_DN	-0.3552298637252694			
SIG_CHEMOTAXIS	-0.35526431080660675			
BIOCARTA_IL1R_PATHWAY	-0.3552758047110835			
GSE14308_TH17_VS_INDUCED_TREG_UP	-0.35528749025169004			
KRAS.BREAST_UP.V1_UP	-0.3552907267415509			
GSE30971_CTRL_VS_LPS_STIM_MACROPHAGE_WBP7_HET_2H_UP	-0.3552953435007346			
GSE19512_NAUTRAL_VS_INDUCED_TREG_DN	-0.3553152223875325			
GO_T_CELL_MEDIATED_CYTOTOXICITY	-0.3553331122607242			
REACTOME_SIGNALING_BY_TGF_BETA_RECEPTOR_COMPLEX_IN_CANCER	-0.355356818589644			
WILENSKY_RESPONSE_TO_DARAPLADIB	-0.3553638917686602			
GO_PLATELET_AGGREGATION	-0.3553794828980572			
TURASHVILI_BREAST_LOBULAR_CARCINOMA_VS_LOBULAR_NORMAL_DN	-0.3554153351581898			
GO_PROTEIN_ANTIGEN_BINDING	-0.35543081676168486			
GSE17721_CTRL_VS_CPG_4H_BMDC_DN	-0.35547411170128174			
WIERENGA_STAT5A_TARGETS_GROUP2	-0.355486517123267			
GSE3982_CENT_MEMORY_CD4_TCELL_VS_TH1_DN	-0.3555989027710886			
IKEDA_MIR133_TARGETS_DN	-0.35560002495604187			
GSE13484_UNSTIM_VS_12H_YF17D_VACCINE_STIM_PBMC_DN	-0.35567835948317267			
GSE22611_UNSTIM_VS_6H_MDP_STIM_NOD2_TRANSDUCED_HEK293T_CELL_DN	-0.3556988452300602			
HINATA_NFKB_TARGETS_FIBROBLAST_UP	-0.3557145560846378			
GSE17974_0H_VS_24H_IN_VITRO_ACT_CD4_TCELL_UP	-0.35572446760792054			
GO_CELL_SURFACE	-0.3557265330974896			
GSE20366_EX_VIVO_VS_DEC205_CONVERSION_NAIVE_CD4_TCELL_DN	-0.3557326619198893			
GSE22886_NAIVE_CD8_TCELL_VS_MONOCYTE_DN	-0.3557404679218813			
BIOCARTA_LAIR_PATHWAY	-0.35575872251150026			
GSE40274_CTRL_VS_IRF4_TRANSDUCED_ACTIVATED_CD4_TCELL_UP	-0.3558085332833731			
ROETH_TERT_TARGETS_DN	-0.3559877080221539			
GSE19401_NAIVE_VS_IMMUNIZED_MOUSE_PLN_FOLLICULAR_DC_DN	-0.3559907842570823			
GO_REGULATION_OF_ALPHA_BETA_T_CELL_DIFFERENTIATION	-0.35609416336729127			
GSE43863_NAIVE_VS_MEMORY_TFH_CD4_TCELL_D150_LCMV_UP	-0.3561937305907204			
GSE41867_DAY6_VS_DAY8_LCMV_CLONE13_EFFECTOR_CD8_TCELL_UP	-0.3562148996210796			
GSE40274_CTRL_VS_SATB1_TRANSDUCED_ACTIVATED_CD4_TCELL_UP	-0.3562423667878621			
GSE36078_WT_VS_IL1R_KO_LUNG_DC_AFTER_AD5_INF_UP	-0.356308504239817			
GSE16522_ANTI_CD3CD28_STIM_VS_UNSTIM_MEMORY_CD8_TCELL_DN	-0.35633111243562676			
REACTOME_RUNX1_AND_FOXP3_CONTROL_THE_DEVELOPMENT_OF_REGULATORY_T_LYMPHOCYTES_TREGS	-0.35634191247220426			
GO_PROGRAMMED_NECROTIC_CELL_DEATH	-0.3563585645575001			
GSE41867_NAIVE_VS_DAY6_LCMV_EFFECTOR_CD8_TCELL_UP	-0.356368929843296			
GSE41176_UNSTIM_VS_ANTI_IGM_STIM_BCELL_1H_UP	-0.35640292321804146			
GSE17721_CPG_VS_GARDIQUIMOD_4H_BMDC_DN	-0.35652713432068084			
GSE14769_UNSTIM_VS_40MIN_LPS_BMDM_DN	-0.3565685816374017			
WIKMAN_ASBESTOS_LUNG_CANCER_DN	-0.3565829930144894			
WANG_RESPONSE_TO_BEXAROTENE_DN	-0.3566040515835309			
GSE339_CD8POS_VS_CD4CD8DN_DC_DN	-0.35661846073312864			
REACTOME_OTHER_SEMAPHORIN_INTERACTIONS	-0.35667743035545874			
IPA_STAT1_UP	-0.35671190192003716			
GO_POSITIVE_REGULATION_OF_BONE_DEVELOPMENT	-0.3567580895060088			
GO_CD4_POSITIVE_ALPHA_BETA_T_CELL_LINEAGE_COMMITMENT	-0.3567923947058644			
GSE19401_UNSTIM_VS_PAM2CSK4_STIM_FOLLICULAR_DC_DN	-0.356794750372214			
KRAS.LUNG_UP.V1_UP	-0.3569172769460152			
GSE3720_UNSTIM_VS_LPS_STIM_VD1_GAMMADELTA_TCELL_DN	-0.3569416282177366			
GO_LYSOSOME_LOCALIZATION	-0.35696871544373215			
GSE360_CTRL_VS_T_GONDII_DC_DN	-0.3569796860579176			
GO_PROTEIN_PHOSPHORYLATION	-0.35698211509286243			
GSE35825_UNTREATED_VS_IFNA_STIM_MACROPHAGE_DN	-0.3570311947294142			
GSE5542_UNTREATED_VS_IFNA_TREATED_EPITHELIAL_CELLS_24H_UP	-0.35704692076285816			
KAECH_DAY8_EFF_VS_MEMORY_CD8_TCELL_UP	-0.35704912321262144			
BLUM_RESPONSE_TO_SALIRASIB_UP	-0.35708659251294855			
GSE37416_0H_VS_24H_F_TULARENSIS_LVS_NEUTROPHIL_DN	-0.3570917771440765			
GO_NEGATIVE_REGULATION_OF_T_CELL_MEDIATED_IMMUNITY	-0.35709710180188203			
GO_POSITIVE_REGULATION_OF_CYTOSOLIC_CALCIUM_ION_CONCENTRATION_INVOLVED_IN_PHOSPHOLIPASE_C_ACTIVATING_G_PROTEIN_COUPLED_SIGNALING_PATHWAY	-0.3571090461774597			
GSE3039_CD4_TCELL_VS_ALPHAALPHA_CD8_TCELL_UP	-0.35711075120959457			
GSE14415_NATURAL_TREG_VS_FOXP3_KO_NATURAL_TREG_UP	-0.35711973452555823			
GO_NEGATIVE_REGULATION_OF_INTERLEUKIN_12_PRODUCTION	-0.3571342571708105			
GSE22886_NAIVE_TCELL_VS_MONOCYTE_DN	-0.35713466476674377			
PID_IL27_PATHWAY	-0.35715905744525406			
GSE14000_4H_VS_16H_LPS_DC_TRANSLATED_RNA_UP	-0.357208127825759			
GSE9988_ANTI_TREM1_VS_LOW_LPS_MONOCYTE_UP	-0.35722504320044934			
GSE36392_TYPE_2_MYELOID_VS_EOSINOPHIL_IL25_TREATED_LUNG_DN	-0.35722711279865066			
GO_I_KAPPAB_KINASE_NF_KAPPAB_SIGNALING	-0.3572608812977718			
GO_NEGATIVE_REGULATION_OF_REGULATED_SECRETORY_PATHWAY	-0.35726612728128126			
GSE30971_CTRL_VS_LPS_STIM_MACROPHAGE_WBP7_KO_4H_DN	-0.3572739253684528			
GO_REGULATION_OF_PRODUCTION_OF_MOLECULAR_MEDIATOR_OF_IMMUNE_RESPONSE	-0.357542588671945			
GSE9988_ANTI_TREM1_AND_LPS_VS_VEHICLE_TREATED_MONOCYTES_DN	-0.35756012964048967			
GSE37301_PRO_BCELL_VS_RAG2_KO_NK_CELL_DN	-0.3575643962999049			
GSE369_PRE_VS_POST_IL6_INJECTION_IFNG_WT_LIVER_DN	-0.3575847337894242			
GSE21927_SPLEEN_MONOCYTE_VS_GMCSF_GCSF_BONE_MARROW_UP	-0.35766014545785907			
GSE27241_CTRL_VS_DIGOXIN_TREATED_CD4_TCELL_IN_TH17_POLARIZING_CONDITIONS_DN	-0.35766184933330414			
SHAFFER_IRF4_TARGETS_IN_PLASMA_CELL_VS_MATURE_B_LYMPHOCYTE	-0.35773292347832897			
GO_REGULATION_OF_EXTRACELLULAR_MATRIX_CONSTITUENT_SECRETION	-0.3577392780304186			
GO_NEGATIVE_REGULATION_OF_PLASMINOGEN_ACTIVATION	-0.3577799217383606			
GO_NEGATIVE_REGULATION_OF_INTERLEUKIN_8_SECRETION	-0.3578201976910946			
GSE13522_CTRL_VS_T_CRUZI_G_STRAIN_INF_SKIN_DN	-0.3578391255287101			
GSE43863_DAY6_EFF_VS_DAY150_MEM_TFH_CD4_TCELL_DN	-0.357864296774241			
GSE13522_CTRL_VS_T_CRUZI_Y_STRAIN_INF_SKIN_IFNAR_KO_UP	-0.3578908919095461			
GSE557_CIITA_KO_VS_I_AB_KO_DC_UP	-0.35790164800069957			
GO_REGULATION_OF_TOLL_LIKE_RECEPTOR_3_SIGNALING_PATHWAY	-0.3579193651461266			
GO_POSITIVE_REGULATION_OF_NF_KAPPAB_TRANSCRIPTION_FACTOR_ACTIVITY	-0.3579600049625653			
REACTOME_ANTIGEN_PROCESSING_CROSS_PRESENTATION	-0.35799185105878534			
GO_BLEB	-0.3579942176393156			
GSE22886_CD4_TCELL_VS_BCELL_NAIVE_UP	-0.35799988212525363			
IPA_NFKB2_UP	-0.3580230098093338			
GSE16385_ROSIGLITAZONE_IL4_VS_IFNG_TNF_STIM_MACROPHAGE_UP	-0.35804228750067063			
GO_CD4_POSITIVE_OR_CD8_POSITIVE_ALPHA_BETA_T_CELL_LINEAGE_COMMITMENT	-0.358052529609943			
GSE19888_ADENOSINE_A3R_INH_VS_INH_PRETREAT_AND_ACT_WITH_TCELL_MEMBRANES_MAST_CELL_UP	-0.35805540406259073			
GO_REGULATION_OF_CD8_POSITIVE_ALPHA_BETA_T_CELL_ACTIVATION	-0.35808133178326457			
GO_INTERLEUKIN_21_MEDIATED_SIGNALING_PATHWAY	-0.3581033457685129			
GSE26290_WT_VS_PDK1_KO_ANTI_CD3_AND_IL2_STIM_CD8_TCELL_UP	-0.3581106902950188			
GSE12198_CTRL_VS_LOW_IL2_STIM_NK_CELL_UP	-0.3582926011284832			
GSE5455_HEALTHY_VS_TUMOR_BEARING_MOUSE_SPLEEN_MONOCYTE_UP	-0.35833127020713273			
GSE37416_CTRL_VS_6H_F_TULARENSIS_LVS_NEUTROPHIL_DN	-0.3583754458259255			
IPA_STAT1_DN	-0.35840030453944666			
JOSEPH_RESPONSE_TO_SODIUM_BUTYRATE_DN	-0.35845586322174783			
GO_REGULATION_OF_LYMPHOCYTE_MIGRATION	-0.3584761071507993			
GSE17974_0.5H_VS_72H_IL4_AND_ANTI_IL12_ACT_CD4_TCELL_UP	-0.35847959181087397			
GSE26488_WT_VS_VP16_TRANSGENIC_HDAC7_KO_DOUBLE_POSITIVE_THYMOCYTE_DN	-0.3585739397182991			
GSE360_L_DONOVANI_VS_B_MALAYI_HIGH_DOSE_DC_UP	-0.3586127682839117			
MILI_PSEUDOPODIA_CHEMOTAXIS_UP	-0.35869598169571765			
GSE7460_FOXP3_MUT_VS_WT_ACT_WITH_TGFB_TCONV_DN	-0.35869796566142853			
GSE24142_EARLY_THYMIC_PROGENITOR_VS_DN3_THYMOCYTE_UP	-0.35876004543812234			
VICENT_METASTASIS_UP	-0.3587747937374148			
GO_NEGATIVE_REGULATION_OF_ESTABLISHMENT_OF_PROTEIN_LOCALIZATION	-0.35882277478243113			
GSE21033_CTRL_VS_POLYIC_STIM_DC_6H_UP	-0.3588491785615284			
GO_NEGATIVE_REGULATION_OF_ALPHA_BETA_T_CELL_ACTIVATION	-0.358849287507661			
GSE23505_UNTREATED_VS_4DAY_IL6_IL1_IL23_TREATED_CD4_TCELL_UP	-0.35885819393738233			
GSE2770_IL12_VS_IL4_TREATED_ACT_CD4_TCELL_6H_DN	-0.35887248520154136			
GO_ELL_EAF_COMPLEX	-0.35891131672830473			
GSE23398_WT_VS_IL2_KO_CD4_TCELL_SCURFY_MOUSE_UP	-0.3589176820864471			
GSE17301_CTRL_VS_48H_ACD3_ACD28_STIM_CD8_TCELL_DN	-0.35893239059700127			
GSE15330_GRANULOCYTE_MONOCYTE_PROGENITOR_VS_PRO_BCELL_DN	-0.3589516855344802			
GSE27786_LSK_VS_CD4_TCELL_DN	-0.3589872003231505			
GSE17812_WT_VS_THPOK_KO_MEMORY_CD8_TCELL_DN	-0.3590144935924031			
GSE7460_CD8_TCELL_VS_CD4_TCELL_ACT_UP	-0.35901718129922744			
GSE19825_CD24LOW_VS_IL2RA_HIGH_DAY3_EFF_CD8_TCELL_UP	-0.3590502471827885			
GSE22886_CD8_VS_CD4_NAIVE_TCELL_UP	-0.3590726518336233			
GO_POSITIVE_REGULATION_OF_ALPHA_BETA_T_CELL_DIFFERENTIATION	-0.3591211581382652			
IWANAGA_CARCINOGENESIS_BY_KRAS_PTEN_DN	-0.3592109893499509			
GO_REGULATION_OF_IMMUNE_EFFECTOR_PROCESS	-0.35921581191641105			
HIRSCH_CELLULAR_TRANSFORMATION_SIGNATURE_UP	-0.3592501199094861			
ONO_AML1_TARGETS_DN	-0.3592518335029483			
ZHU_CMV_8_HR_UP	-0.3592985358604127			
GO_POSITIVE_REGULATION_OF_IMMUNE_EFFECTOR_PROCESS	-0.35933483524039644			
REACTOME_PLATELET_ADHESION_TO_EXPOSED_COLLAGEN	-0.3593903737749095			
GSE21360_TERTIARY_VS_QUATERNARY_MEMORY_CD8_TCELL_DN	-0.3594406761593801			
GO_REGULATION_OF_PHOSPHOPROTEIN_PHOSPHATASE_ACTIVITY	-0.359441498782259			
YAN_ESCAPE_FROM_ANOIKIS	-0.3595076865048134			
GO_POSITIVE_REGULATION_OF_NEUROINFLAMMATORY_RESPONSE	-0.3595467363512867			
GSE43863_DAY6_EFF_VS_DAY150_MEM_TFH_CD4_TCELL_UP	-0.359559104987198			
GSE7460_TREG_VS_TCONV_ACT_UP	-0.35967343058413764			
GSE17974_CTRL_VS_ACT_IL4_AND_ANTI_IL12_12H_CD4_TCELL_UP	-0.3596804688044439			
GSE17721_POLYIC_VS_CPG_2H_BMDC_DN	-0.3596981951346998			
GSE36392_EOSINOPHIL_VS_NEUTROPHIL_IL25_TREATED_LUNG_UP	-0.359717027592913			
GSE30083_SP1_VS_SP4_THYMOCYTE_DN	-0.35972601501210427			
GSE23505_UNTREATED_VS_4DAY_IL6_IL1_IL23_TREATED_CD4_TCELL_DN	-0.35973430039618626			
GO_LEUKOCYTE_DIFFERENTIATION	-0.35973719116322067			
GSE37533_UNTREATED_VS_PIOGLIZATONE_TREATED_CD4_TCELL_PPARG1_AND_FOXP3_TRASDUCED_UP	-0.359749789203205			
BROWN_MYELOID_CELL_DEVELOPMENT_UP	-0.3597652468564084			
SENESE_HDAC1_TARGETS_UP	-0.3597879628711732			
IPA_SATB1_UP	-0.359806725592496			
MIR1207_3P	-0.35981433409537983			
GSE32986_CURDLAN_HIGHDOSE_VS_GMCSF_AND_CURDLAN_HIGHDOSE_STIM_DC_DN	-0.3598266083682639			
GSE19888_ADENOSINE_A3R_INH_PRETREAT_AND_ACT_BY_A3R_VS_A3R_INH_AND_TCELL_MEMBRANES_ACT_MAST_CELL_UP	-0.35983021948116317			
GO_INFLAMMASOME_COMPLEX	-0.35983778075648126			
PICCALUGA_ANGIOIMMUNOBLASTIC_LYMPHOMA_DN	-0.3599400017112761			
GSE5503_MLN_DC_VS_SPLEEN_DC_ACTIVATED_ALLOGENIC_TCELL_UP	-0.35999905183931913			
GSE17974_IL4_AND_ANTI_IL12_VS_UNTREATED_72H_ACT_CD4_TCELL_DN	-0.3600185355014169			
TURASHVILI_BREAST_LOBULAR_CARCINOMA_VS_DUCTAL_NORMAL_UP	-0.36012215169960354			
GO_COLLAGEN_BIOSYNTHETIC_PROCESS	-0.36012494812748796			
REACTOME_INTERLEUKIN_12_FAMILY_SIGNALING	-0.3602367862282441			
MIR182_3P	-0.36026910994202693			
GSE369_PRE_VS_POST_IL6_INJECTION_SOCS3_KO_LIVER_UP	-0.3602948569950809			
GO_CARBOHYDRATE_DERIVATIVE_CATABOLIC_PROCESS	-0.36032689813238733			
GO_P_BODY	-0.36037048929561366			
KEGG_GLYCOSAMINOGLYCAN_DEGRADATION	-0.3604342644380763			
GSE21360_SECONDARY_VS_QUATERNARY_MEMORY_CD8_TCELL_UP	-0.36044795966918985			
GSE12003_4D_VS_8D_CULTURE_MIR223_KO_BM_PROGENITOR_DN	-0.36048397443949			
GSE3039_ALPHAALPHA_CD8_TCELL_VS_B1_BCELL_UP	-0.3604936274531118			
GO_POSITIVE_REGULATION_OF_INFLAMMATORY_RESPONSE	-0.3605469129122085			
CTIP_DN.V1_UP	-0.3605738689342201			
GSE360_LOW_DOSE_B_MALAYI_VS_M_TUBERCULOSIS_MAC_DN	-0.3605743803824404			
ROSS_AML_WITH_MLL_FUSIONS	-0.36059814584076577			
GO_NEGATIVE_REGULATION_OF_BIOMINERALIZATION	-0.36064740568444964			
GSE39820_CTRL_VS_TGFBETA1_IL6_CD4_TCELL_DN	-0.3607590414363191			
GSE22601_DOUBLE_NEGATIVE_VS_CD4_SINGLE_POSITIVE_THYMOCYTE_DN	-0.3607973376128955			
GO_INTERLEUKIN_1_BETA_PRODUCTION	-0.3608303151628461			
GO_THROMBIN_ACTIVATED_RECEPTOR_SIGNALING_PATHWAY	-0.36095946478138613			
GRAHAM_CML_QUIESCENT_VS_CML_DIVIDING_UP	-0.3609674988240332			
GSE23505_UNTREATED_VS_4DAY_IL6_IL1_TGFB_TREATED_CD4_TCELL_UP	-0.3610004533363039			
GO_AZUROPHIL_GRANULE_LUMEN	-0.36104303578469715			
GO_ANTIGEN_RECEPTOR_MEDIATED_SIGNALING_PATHWAY	-0.3610494404434763			
KRAS.600.LUNG.BREAST_UP.V1_UP	-0.3610517334579785			
GSE30971_CTRL_VS_LPS_STIM_MACROPHAGE_WBP7_KO_4H_UP	-0.3611071169279081			
GSE26030_UNSTIM_VS_RESTIM_TH1_DAY15_POST_POLARIZATION_DN	-0.36114020734326574			
GSE2706_2H_VS_8H_R848_STIM_DC_DN	-0.3611427769070078			
IPA_STAT3_UP	-0.3612492627071419			
GO_NATURAL_KILLER_CELL_ACTIVATION	-0.3612751496327745			
GSE6674_CPG_VS_CPG_AND_ANTI_IGM_STIM_BCELL_DN	-0.3613188730861631			
GSE24634_TEFF_VS_TCONV_DAY3_IN_CULTURE_DN	-0.3613350417982415			
GSE11864_CSF1_VS_CSF1_IFNG_PAM3CYS_IN_MAC_DN	-0.3613583287436851			
DUNNE_TARGETS_OF_AML1_MTG8_FUSION_UP	-0.3613659654066356			
RHEIN_ALL_GLUCOCORTICOID_THERAPY_UP	-0.36137582127147766			
GSE23568_ID3_KO_VS_WT_CD8_TCELL_DN	-0.3613837924248076			
GSE40274_CTRL_VS_FOXP3_AND_PBX1_TRANSDUCED_ACTIVATED_CD4_TCELL_UP	-0.361411605547877			
JISON_SICKLE_CELL_DISEASE_UP	-0.36147772960429103			
HALLMARK_KRAS_SIGNALING_UP	-0.36149953775488913			
GO_COLLAGEN_CATABOLIC_PROCESS	-0.3615195547274781			
GSE7831_CPG_VS_INFLUENZA_STIM_PDC_1H_UP	-0.36154664815403764			
GO_REGULATION_OF_TOLL_LIKE_RECEPTOR_SIGNALING_PATHWAY	-0.36156323448188077			
GSE40274_CTRL_VS_XBP1_TRANSDUCED_ACTIVATED_CD4_TCELL_UP	-0.3616303304235913			
GSE25085_FETAL_BM_VS_ADULT_BM_SP4_THYMIC_IMPLANT_UP	-0.3616416186991239			
BIOCARTA_MHC_PATHWAY	-0.36164215637840963			
RUTELLA_RESPONSE_TO_HGF_VS_CSF2RB_AND_IL4_DN	-0.3616989138056536			
REACTOME_SYNTHESIS_OF_UDP_N_ACETYL_GLUCOSAMINE	-0.36171381227936317			
GSE26343_WT_VS_NFAT5_KO_MACROPHAGE_DN	-0.36172514954707125			
GO_POSITIVE_REGULATION_OF_LYMPHOCYTE_MEDIATED_IMMUNITY	-0.36173255936758486			
GSE3920_IFNA_VS_IFNG_TREATED_FIBROBLAST_UP	-0.36174743618811			
REACTOME_DISEASES_OF_IMMUNE_SYSTEM	-0.3617611028249738			
GSE6259_FLT3L_INDUCED_VS_WT_SPLENIC_DC_33D1_POS_UP	-0.36184893711252086			
GO_NEGATIVE_REGULATION_OF_PEPTIDE_SECRETION	-0.3618838446052408			
GSE36476_CTRL_VS_TSST_ACT_16H_MEMORY_CD4_TCELL_YOUNG_UP	-0.3618899224602906			
GSE2770_TGFB_AND_IL4_VS_IL12_TREATED_ACT_CD4_TCELL_48H_DN	-0.3619089616913356			
GSE39556_UNTREATED_VS_3H_POLYIC_INJ_MOUSE_NK_CELL_DN	-0.36201538414722034			
GSE19401_NAIVE_VS_IMMUNIZED_MOUSE_PLN_FOLLICULAR_DC_UP	-0.3620696436163131			
CORRE_MULTIPLE_MYELOMA_UP	-0.3620843917054559			
KEGG_SNARE_INTERACTIONS_IN_VESICULAR_TRANSPORT	-0.36213121400005693			
GSE29618_BCELL_VS_MDC_DN	-0.3621786977907197			
GSE24634_TREG_VS_TCONV_POST_DAY5_IL4_CONVERSION_DN	-0.36222688783609075			
GSE40277_GATA1_AND_SATB1_TRANSDUCED_VS_CTRL_CD4_TCELL_UP	-0.3623013145418728			
GO_NEUROINFLAMMATORY_RESPONSE	-0.3623297401340666			
REACTOME_INNATE_IMMUNE_SYSTEM	-0.36237890845276977			
GSE45365_NK_CELL_VS_CD8_TCELL_MCMV_INFECTION_UP	-0.3623790602388263			
COLLER_MYC_TARGETS_DN	-0.36242979653042345			
GSE33162_HDAC3_KO_VS_HDAC3_KO_MACROPHAGE_DN	-0.3624402306969227			
REACTOME_DAP12_INTERACTIONS	-0.36253373816032813			
GSE39556_UNTREATED_VS_3H_POLYIC_INJ_MOUSE_CD8A_DC_UP	-0.36258696052743594			
IPA_IL18_UP	-0.36260944024250436			
GSE26343_UNSTIM_VS_LPS_STIM_MACROPHAGE_DN	-0.3626165014942911			
GGGNNTTTCC_NFKB_Q6_01	-0.36263051535957425			
GSE32901_NAIVE_VS_TH17_NEG_CD4_TCELL_UP	-0.3626394881897548			
PID_NFAT_TFPATHWAY	-0.36266021718895375			
NAKAMURA_ADIPOGENESIS_LATE_DN	-0.3627634554282931			
REACTOME_CS_DS_DEGRADATION	-0.3627648795859329			
REACTOME_TOLL_LIKE_RECEPTOR_CASCADES	-0.3628153278528176			
GSE36888_STAT5_AB_KNOCKIN_VS_WT_TCELL_IL2_TREATED_17H_DN	-0.36286726529639923			
GSE29618_BCELL_VS_MONOCYTE_DAY7_FLU_VACCINE_DN	-0.3629514917685309			
GSE14386_UNTREATED_VS_IFNA_TREATED_ACT_PBMC_MS_PATIENT_DN	-0.3629717143469356			
GSE7509_UNSTIM_VS_FCGRIIB_STIM_DC_DN	-0.36299212726691665			
MARSON_FOXP3_CORE_DIRECT_TARGETS	-0.3629986942243463			
GSE360_LOW_DOSE_B_MALAYI_VS_M_TUBERCULOSIS_DC_DN	-0.36303996600701155			
KEGG_ALLOGRAFT_REJECTION	-0.3631543544706136			
GO_INTERLEUKIN_6_RECEPTOR_BINDING	-0.36318870897253785			
GSE1740_UNSTIM_VS_IFNA_STIMULATED_MCSF_DERIVED_MACROPHAGE_DN	-0.36319627843417324			
RAMALHO_STEMNESS_DN	-0.3632309041437937			
GSE29164_UNTREATED_VS_CD8_TCELL_TREATED_MELANOMA_DAY7_UP	-0.36330520703029445			
GSE7460_TCONV_VS_TREG_THYMUS_DN	-0.36331447626763397			
GSE16450_IMMATURE_VS_MATURE_NEURON_CELL_LINE_12H_IFNA_STIM_UP	-0.3633458884351291			
BIOCARTA_TH1TH2_PATHWAY	-0.36335214111774383			
GSE18804_SPLEEN_MACROPHAGE_VS_COLON_TUMORAL_MACROPHAGE_UP	-0.3633639532017351			
REACTOME_REELIN_SIGNALLING_PATHWAY	-0.36336444109657184			
GO_RESPONSE_TO_INTERLEUKIN_6	-0.36337262087211186			
IPA_NFATC1_UP	-0.36346446632321905			
KEGG_CYTOKINE_CYTOKINE_RECEPTOR_INTERACTION	-0.3635109837718668			
GSE14769_UNSTIM_VS_240MIN_LPS_BMDM_DN	-0.36355076134073966			
GO_TYPE_5_METABOTROPIC_GLUTAMATE_RECEPTOR_BINDING	-0.363571515590609			
GO_REGULATION_OF_LEUKOCYTE_MEDIATED_CYTOTOXICITY	-0.3636128874417728			
GSE23321_CENTRAL_MEMORY_VS_NAIVE_CD8_TCELL_UP	-0.3636679764272753			
GSE37416_0H_VS_48H_F_TULARENSIS_LVS_NEUTROPHIL_UP	-0.36369712868061826			
PID_S1P_S1P3_PATHWAY	-0.3636979599775831			
GSE3920_UNTREATED_VS_IFNB_TREATED_ENDOTHELIAL_CELL_UP	-0.36381089501821245			
GSE29618_MONOCYTE_VS_MDC_DAY7_FLU_VACCINE_DN	-0.3638263224063238			
TFEB_TARGET_GENES	-0.36383367711620496			
GSE29618_BCELL_VS_PDC_DN	-0.36411945981944815			
GO_RESPONSE_TO_MOLECULE_OF_BACTERIAL_ORIGIN	-0.36421044627344185			
HUMMEL_BURKITTS_LYMPHOMA_DN	-0.36421533231152764			
BOSCO_ALLERGEN_INDUCED_TH2_ASSOCIATED_MODULE	-0.3642418123490753			
GSE35825_IFNA_VS_IFNG_STIM_MACROPHAGE_UP	-0.3642427977676741			
LINDSTEDT_DENDRITIC_CELL_MATURATION_A	-0.364279796599858			
GSE43955_TGFB_IL6_VS_TGFB_IL6_IL23_TH17_ACT_CD4_TCELL_60H_DN	-0.3642815402455075			
SHIN_B_CELL_LYMPHOMA_CLUSTER_3	-0.3642842498973			
GSE14308_NAIVE_CD4_TCELL_VS_INDUCED_TREG_UP	-0.3643375811103693			
VERHAAK_AML_WITH_NPM1_MUTATED_DN	-0.36434238566854305			
MIR31_3P	-0.36438439803374667			
GSE21360_PRIMARY_VS_TERTIARY_MEMORY_CD8_TCELL_DN	-0.36439069943434205			
GSE29618_BCELL_VS_PDC_DAY7_FLU_VACCINE_DN	-0.3645511138769666			
GSE9037_CTRL_VS_LPS_1H_STIM_BMDM_DN	-0.364582043637684			
GSE10325_CD4_TCELL_VS_BCELL_UP	-0.3645983032939978			
GSE7219_UNSTIM_VS_LPS_AND_ANTI_CD40_STIM_NIK_NFKB2_KO_DC_UP	-0.3645990829485963			
GO_LYMPHOCYTE_ACTIVATION	-0.36461334212072266			
GO_T_HELPER_17_CELL_LINEAGE_COMMITMENT	-0.3646262861297632			
GO_POSITIVE_REGULATION_OF_T_HELPER_17_TYPE_IMMUNE_RESPONSE	-0.3646286878356646			
LU_IL4_SIGNALING	-0.3647158064126393			
GSE13306_LAMINA_PROPRIA_VS_SPLEEN_TREG_UP	-0.3647192310590822			
KEGG_AUTOIMMUNE_THYROID_DISEASE	-0.3647584294458179			
GSE41176_UNSTIM_VS_ANTI_IGM_STIM_BCELL_1H_DN	-0.3647718882968471			
PID_INTEGRIN2_PATHWAY	-0.3648430662483984			
GO_REGULATION_OF_COLLAGEN_METABOLIC_PROCESS	-0.36487920943501795			
GSE7218_UNSTIM_VS_ANTIGEN_STIM_THROUGH_IGG_BCELL_DN	-0.36488601348000066			
GSE2706_R848_VS_LPS_8H_STIM_DC_DN	-0.36494365528444733			
GSE43863_TFH_VS_LY6C_INT_CXCR5POS_EFFECTOR_CD4_TCELL_DN	-0.36502917097679			
GSE13946_CTRL_VS_DSS_COLITIS_GD_TCELL_FROM_COLON_UP	-0.3651093902300074			
GSE22886_NAIVE_CD4_TCELL_VS_MONOCYTE_DN	-0.36512888057353937			
GSE11057_CD4_EFF_MEM_VS_PBMC_DN	-0.3652034221078635			
IPA_KLF13_UP	-0.36521277299720495			
GO_POSITIVE_REGULATION_OF_CELL_POPULATION_PROLIFERATION	-0.36526829031182767			
GSE32986_CURDLAN_LOWDOSE_VS_CURDLAN_HIGHDOSE_STIM_DC_DN	-0.3653442530354722			
GSE369_SOCS3_KO_VS_WT_LIVER_POST_IL6_INJECTION_DN	-0.36535845230904324			
GSE26030_TH1_VS_TH17_DAY15_POST_POLARIZATION_DN	-0.365390097240193			
GSE17721_CTRL_VS_CPG_2H_BMDC_DN	-0.36539095482218564			
GSE11961_MEMORY_BCELL_DAY7_VS_GERMINAL_CENTER_BCELL_DAY7_UP	-0.36539665747842376			
GO_CD4_POSITIVE_ALPHA_BETA_T_CELL_DIFFERENTIATION	-0.3654226273911508			
ICHIBA_GRAFT_VERSUS_HOST_DISEASE_D7_UP	-0.3654474993963104			
GO_REGULATION_OF_EXTRACELLULAR_MATRIX_DISASSEMBLY	-0.36545374403118275			
GSE32423_IL7_VS_IL4_MEMORY_CD8_TCELL_UP	-0.3654828100197421			
GO_POSITIVE_REGULATION_OF_LEUKOCYTE_PROLIFERATION	-0.36550513288435044			
GO_T_CELL_MIGRATION	-0.36551968068762913			
SENESE_HDAC1_AND_HDAC2_TARGETS_UP	-0.3655744446838074			
GSE17721_PAM3CSK4_VS_GADIQUIMOD_8H_BMDC_DN	-0.36561515153714164			
KONDO_HYPOXIA	-0.3656307177334105			
PID_S1P_S1P1_PATHWAY	-0.3657329373976468			
GSE17721_LPS_VS_PAM3CSK4_16H_BMDC_UP	-0.36574563233528345			
WATANABE_ULCERATIVE_COLITIS_WITH_CANCER_DN	-0.3657560071715168			
REACTOME_TCR_SIGNALING	-0.3657663289017412			
GSE43863_TFH_VS_LY6C_LOW_CXCR5NEG_EFFECTOR_CD4_TCELL_UP	-0.3658100208075008			
FLORIO_NEOCORTEX_BASAL_RADIAL_GLIA_UP	-0.3658276631606804			
GO_REGULATION_OF_RESPONSE_TO_CYTOKINE_STIMULUS	-0.3659730707390063			
GO_CELLULAR_RESPONSE_TO_INSULIN_LIKE_GROWTH_FACTOR_STIMULUS	-0.3659844362596512			
GSE41867_NAIVE_VS_DAY30_LCMV_CLONE13_EXHAUSTED_CD8_TCELL_UP	-0.36600005177049505			
GSE13411_IGM_VS_SWITCHED_MEMORY_BCELL_DN	-0.3660396735212478			
GSE9006_HEALTHY_VS_TYPE_1_DIABETES_PBMC_4MONTH_POST_DX_UP	-0.36606794385583014			
GSE17721_0.5H_VS_12H_CPG_BMDC_DN	-0.3660696841602908			
GSE46606_UNSTIM_VS_CD40L_IL2_IL5_3DAY_STIMULATED_IRF4MID_SORTED_BCELL_DN	-0.366099257816093			
FULCHER_INFLAMMATORY_RESPONSE_LECTIN_VS_LPS_UP	-0.3661169066473258			
GSE40273_GATA1_KO_VS_WT_TREG_DN	-0.36614894057910896			
GO_CELL_MIGRATION_INVOLVED_IN_VASCULOGENESIS	-0.3661783609050188			
GSE42021_TCONV_PLN_VS_CD24HI_TCONV_THYMUS_UP	-0.3662558080040952			
GO_POSITIVE_REGULATION_OF_CYTOKINE_SECRETION	-0.36626019743816796			
GO_TERTIARY_GRANULE	-0.36627970064928284			
GSE32533_MIR17_KO_VS_MIR17_OVEREXPRESS_ACT_CD4_TCELL_UP	-0.3663505231973896			
GSE26343_UNSTIM_VS_LPS_STIM_NFAT5_KO_MACROPHAGE_DN	-0.36637844081784615			
PARK_TRETINOIN_RESPONSE_AND_PML_RARA_FUSION	-0.36639816010047377			
GSE30971_WBP7_HET_VS_KO_MACROPHAGE_DN	-0.36640026567944184			
GSE30971_CTRL_VS_LPS_STIM_MACROPHAGE_WBP7_KO_2H_UP	-0.3664008866185967			
BIOCARTA_LYM_PATHWAY	-0.3664233147580457			
GSE27786_LIN_NEG_VS_NKCELL_DN	-0.3664387751451034			
GSE22601_IMMATURE_CD4_SINGLE_POSITIVE_VS_DOUBLE_POSITIVE_THYMOCYTE_DN	-0.3664800138975464			
GO_DEADENYLATION_DEPENDENT_DECAPPING_OF_NUCLEAR_TRANSCRIBED_MRNA	-0.3665218920643623			
REACTOME_INTERLEUKIN_4_AND_INTERLEUKIN_13_SIGNALING	-0.3666424878825442			
GSE45365_NK_CELL_VS_CD8_TCELL_MCMV_INFECTION_DN	-0.36668905426777276			
GO_POSITIVE_REGULATION_OF_DNA_CATABOLIC_PROCESS	-0.3666919364503907			
GSE17721_PAM3CSK4_VS_CPG_12H_BMDC_DN	-0.36671278331974694			
GSE46606_IRF4_KO_VS_WT_CD40L_IL2_IL5_1DAY_STIMULATED_BCELL_DN	-0.36673104848852034			
GSE2770_TGFB_AND_IL4_VS_IL12_TREATED_ACT_CD4_TCELL_2H_DN	-0.3667913192256667			
DACOSTA_ERCC3_ALLELE_XPCS_VS_TTD_DN	-0.3668047751067928			
REACTOME_IMMUNOREGULATORY_INTERACTIONS_BETWEEN_A_LYMPHOID_AND_A_NON_LYMPHOID_CELL	-0.3669341419342418			
GSE5679_PPARG_LIGAND_ROSIGLITAZONE_VS_RARA_AGONIST_AM580_TREATED_DC_DN	-0.3669866256161325			
GSE16385_IFNG_TNF_VS_IL4_STIM_MACROPHAGE_ROSIGLITAZONE_TREATED_DN	-0.36699762694675664			
GO_PHAGOCYTIC_VESICLE_MEMBRANE	-0.36701252167973164			
GSE22140_HEALTHY_VS_ARTHRITIC_MOUSE_CD4_TCELL_DN	-0.36706660910009514			
GO_INTERLEUKIN_1_PRODUCTION	-0.36706844991801385			
SHAFFER_IRF4_TARGETS_IN_MYELOMA_VS_MATURE_B_LYMPHOCYTE	-0.36707739214966867			
MARSON_BOUND_BY_FOXP3_STIMULATED	-0.3670964033687622			
GO_GLIAL_CELL_ACTIVATION	-0.367105846506746			
GSE19888_ADENOSINE_A3R_INH_PRETREAT_AND_ACT_BY_A3R_VS_A3R_INH_AND_TCELL_MEMBRANES_ACT_MAST_CELL_DN	-0.36711675367670804			
GSE2128_C57BL6_VS_NOD_CD4CD8_DP_THYMOCYTE_UP	-0.3673106070820796			
GSE24142_EARLY_THYMIC_PROGENITOR_VS_DN3_THYMOCYTE_DN	-0.3673141925964325			
GSE17974_CTRL_VS_ACT_IL4_AND_ANTI_IL12_1H_CD4_TCELL_DN	-0.3674358458177641			
GO_INTERLEUKIN_8_PRODUCTION	-0.36746822352990594			
GO_TISSUE_REMODELING	-0.36747314649225143			
MIR4524A_3P	-0.36754906024802275			
GO_BLOOD_VESSEL_MATURATION	-0.3675783205193211			
GSE17186_NAIVE_VS_CD21LOW_TRANSITIONAL_BCELL_UP	-0.3675861631207105			
FERRARI_RESPONSE_TO_FENRETINIDE_UP	-0.3676161062150655			
GSE7768_OVA_ALONE_VS_OVA_WITH_LPS_IMMUNIZED_MOUSE_WHOLE_SPLEEN_6H_UP	-0.3676203141192489			
GSE9988_LOW_LPS_VS_VEHICLE_TREATED_MONOCYTE_DN	-0.3676207310583219			
MIR8075	-0.3676539397000636			
GSE30971_WBP7_HET_VS_KO_MACROPHAGE_2H_LPS_STIM_UP	-0.3677249921696584			
GSE7768_OVA_ALONE_VS_OVA_WITH_LPS_IMMUNIZED_MOUSE_WHOLE_SPLEEN_6H_DN	-0.36772801732147536			
GO_PRODUCTION_OF_MOLECULAR_MEDIATOR_OF_IMMUNE_RESPONSE	-0.36773464902229575			
REACTOME_CYTOKINE_SIGNALING_IN_IMMUNE_SYSTEM	-0.3677497532695865			
GSE22886_NAIVE_BCELL_VS_NEUTROPHIL_DN	-0.36787421025825573			
GSE2706_UNSTIM_VS_8H_LPS_DC_DN	-0.3680578302742311			
GSE2706_UNSTIM_VS_2H_LPS_AND_R848_DC_DN	-0.36808214831854547			
GSE29618_BCELL_VS_PDC_UP	-0.36815958086860273			
GSE36888_UNTREATED_VS_IL2_TREATED_TCELL_2H_UP	-0.36816172970905037			
GSE20727_CTRL_VS_H2O2_TREATED_DC_UP	-0.36817771841543334			
AKL_HTLV1_INFECTION_DN	-0.36818349120266797			
GO_RESPONSE_TO_CYTOKINE	-0.36822601184216064			
GSE22886_NAIVE_VS_IGG_IGA_MEMORY_BCELL_DN	-0.3682386227441993			
GSE9988_LOW_LPS_VS_ANTI_TREM1_AND_LPS_MONOCYTE_DN	-0.36825279845532544			
GSE22103_UNSTIM_VS_LPS_STIM_NEUTROPHIL_UP	-0.36828073891262597			
GSE20366_TREG_VS_NAIVE_CD4_TCELL_HOMEOSTATIC_CONVERSION_DN	-0.36830662508168366			
HALLMARK_COMPLEMENT	-0.36831192190950185			
GSE13522_CTRL_VS_T_CRUZI_G_STRAIN_INF_SKIN_UP	-0.3683806385407531			
GO_POSITIVE_REGULATION_OF_CHEMOKINE_PRODUCTION	-0.36849581769954753			
REACTOME_MAPK3_ERK1_ACTIVATION	-0.36853296268323693			
GSE27786_LIN_NEG_VS_CD4_TCELL_DN	-0.368533970306537			
GO_NEGATIVE_REGULATION_OF_LYMPHOCYTE_ACTIVATION	-0.3685883333568078			
GSE6674_UNSTIM_VS_PL2_3_STIM_BCELL_DN	-0.3685915823007204			
GSE15735_CTRL_VS_HDAC_INHIBITOR_TREATED_CD4_TCELL_2H_DN	-0.36865626483061176			
GSE9509_10MIN_VS_30MIN_LPS_AND_IL10_STIM_IL10_KO_MACROPHAGE_DN	-0.3686716125138159			
GO_IMMUNE_RESPONSE_REGULATING_CELL_SURFACE_RECEPTOR_SIGNALING_PATHWAY	-0.36867336271360945			
GSE15735_CTRL_VS_HDAC_INHIBITOR_TREATED_CD4_TCELL_2H_UP	-0.3687401604319406			
KEGG_GRAFT_VERSUS_HOST_DISEASE	-0.36885277462932764			
PID_FCER1_PATHWAY	-0.36887740235064226			
GO_NEGATIVE_REGULATION_OF_MULTICELLULAR_ORGANISMAL_PROCESS	-0.3689228031868117			
GO_REGULATION_OF_CALCIUM_ION_TRANSPORT	-0.3689536937049676			
GSE24634_TREG_VS_TCONV_POST_DAY3_IL4_CONVERSION_DN	-0.36906940119188225			
GSE17721_CTRL_VS_GARDIQUIMOD_12H_BMDC_DN	-0.3690954823547696			
GSE2128_CTRL_VS_MIMETOPE_NEGATIVE_SELECTION_DP_THYMOCYTE_C57BL6_UP	-0.3691513555754301			
GSE6875_WT_VS_FOXP3_KO_TREG_UP	-0.36917041309256754			
GSE2585_CTEC_VS_THYMIC_DC_DN	-0.36918387988730356			
REACTOME_LOSS_OF_FUNCTION_OF_SMAD2_3_IN_CANCER	-0.369213719946613			
GSE31082_DP_VS_CD4_SP_THYMOCYTE_DN	-0.36926792715089823			
MARZEC_IL2_SIGNALING_UP	-0.36931797063008004			
MIR4633_3P_MIR6500_5P	-0.36937729430277816			
ZHONG_RESPONSE_TO_AZACITIDINE_AND_TSA_UP	-0.3693886882468492			
GSE46606_DAY1_VS_DAY3_CD40L_IL2_IL5_STIMULATED_IRF4MID_BCELL_UP	-0.3694241637139386			
TARTE_PLASMA_CELL_VS_B_LYMPHOCYTE_DN	-0.36942688275453556			
GO_REGULATION_OF_NATURAL_KILLER_CELL_ACTIVATION	-0.3694503381098495			
GSE11057_NAIVE_VS_CENT_MEMORY_CD4_TCELL_DN	-0.3694538662976349			
GRAHAM_NORMAL_QUIESCENT_VS_NORMAL_DIVIDING_UP	-0.3694771746297021			
GO_INFLAMMATORY_RESPONSE	-0.3694795604844045			
GSE10325_LUPUS_CD4_TCELL_VS_LUPUS_BCELL_UP	-0.36951171995253906			
GO_BONE_CELL_DEVELOPMENT	-0.36952088542197503			
GSE9988_ANTI_TREM1_AND_LPS_VS_CTRL_TREATED_MONOCYTES_UP	-0.3695556350282077			
GO_REGULATION_OF_INFLAMMATORY_RESPONSE	-0.36958188870794356			
GSE2585_CTEC_VS_MTEC_THYMUS_DN	-0.36958365471785776			
REACTOME_TOLL_LIKE_RECEPTOR_4_TLR4_CASCADE	-0.36964867040287736			
GO_POSITIVE_REGULATION_OF_PHAGOCYTOSIS	-0.36967485498703895			
GO_ALPHA_BETA_T_CELL_PROLIFERATION	-0.36969274342730835			
GO_LEUKOCYTE_PROLIFERATION	-0.3697355831462801			
GO_T_CELL_TOLERANCE_INDUCTION	-0.36976593750160597			
GO_POSITIVE_REGULATION_OF_INTERLEUKIN_2_PRODUCTION	-0.3697754074470164			
GSE17721_PAM3CSK4_VS_CPG_2H_BMDC_DN	-0.3698432562531238			
GSE29618_MONOCYTE_VS_PDC_DAY7_FLU_VACCINE_UP	-0.3698452322416382			
HALLMARK_INFLAMMATORY_RESPONSE	-0.36987376172297276			
GSE12366_NAIVE_VS_MEMORY_BCELL_UP	-0.3698981510919225			
GSE5455_EX_VIVO_VS_POST_24H_INCUBATION_MONOCYTES_FROM_TUMOR_BEARING_MOUSE_DN	-0.36992227999090077			
IPA_PRDM1_UP	-0.36994814767521156			
GSE5099_CLASSICAL_M1_VS_ALTERNATIVE_M2_MACROPHAGE_UP	-0.369965379113699			
GSE21380_NON_TFH_VS_TFH_CD4_TCELL_DN	-0.36998302607995665			
GSE17721_12H_VS_24H_LPS_BMDC_UP	-0.36999307485041794			
GSE37416_0H_VS_3H_F_TULARENSIS_LVS_NEUTROPHIL_DN	-0.37000915528056477			
GSE17721_LPS_VS_PAM3CSK4_12H_BMDC_UP	-0.37001743795697867			
GSE40274_FOXP3_VS_FOXP3_AND_EOS_TRANSDUCED_ACTIVATED_CD4_TCELL_UP	-0.3700199278826504			
GSE3982_EOSINOPHIL_VS_CENT_MEMORY_CD4_TCELL_UP	-0.3702408025863304			
GSE13547_WT_VS_ZFX_KO_BCELL_DN	-0.3702415026707587			
GSE17974_IL4_AND_ANTI_IL12_VS_UNTREATED_2H_ACT_CD4_TCELL_DN	-0.37035581493897596			
GSE40666_NAIVE_VS_EFFECTOR_CD8_TCELL_WITH_IFNA_STIM_90MIN_UP	-0.3703848258872548			
GO_NEGATIVE_REGULATION_OF_RESPONSE_TO_EXTERNAL_STIMULUS	-0.3704010828846646			
GO_PEPTIDYL_TYROSINE_MODIFICATION	-0.3704049420474547			
ROSS_LEUKEMIA_WITH_MLL_FUSIONS	-0.37040828397841824			
GO_REGULATION_OF_T_CELL_MEDIATED_IMMUNITY	-0.3704426987891629			
GRAHAM_CML_DIVIDING_VS_NORMAL_QUIESCENT_DN	-0.3704924646853204			
MIR3160_3P	-0.3705368051346911			
BIOCARTA_INFLAM_PATHWAY	-0.37054237758494263			
GSE16697_CD4_TCELL_VS_TFH_CD4_TCELL_UP	-0.37066016673960767			
GSE3039_CD4_TCELL_VS_NKT_CELL_UP	-0.3706669530754051			
GO_REGULATION_OF_TYPE_2_IMMUNE_RESPONSE	-0.3707111853712596			
MCMURRAY_TP53_HRAS_COOPERATION_RESPONSE_UP	-0.3707759890321816			
IZADPANAH_STEM_CELL_ADIPOSE_VS_BONE_UP	-0.37078272579204613			
GSE17974_CTRL_VS_ACT_IL4_AND_ANTI_IL12_0.5H_CD4_TCELL_DN	-0.3708568100931748			
GSE17974_0H_VS_1H_IN_VITRO_ACT_CD4_TCELL_DN	-0.37086281108386787			
GSE14000_UNSTIM_VS_16H_LPS_DC_DN	-0.3708794679942872			
KEGG_LEISHMANIA_INFECTION	-0.37091545810528587			
GSE40274_CTRL_VS_GATA1_TRANSDUCED_ACTIVATED_CD4_TCELL_UP	-0.3709360396297758			
GSE27859_MACROPHAGE_VS_CD11C_INT_F480_HI_MACROPHAGE_UP	-0.37094146290263075			
GSE29618_BCELL_VS_PDC_DAY7_FLU_VACCINE_UP	-0.371043951098999			
GSE33425_CD161_INT_VS_NEG_CD8_TCELL_DN	-0.37111089340290904			
GSE37532_WT_VS_PPARG_KO_LN_TREG_UP	-0.3711421363126625			
GO_POSITIVE_REGULATION_OF_MACROPHAGE_CYTOKINE_PRODUCTION	-0.3711862439037353			
GSE24210_RESTING_TREG_VS_TCONV_UP	-0.37127235703654815			
GSE21360_SECONDARY_VS_QUATERNARY_MEMORY_CD8_TCELL_DN	-0.3712924389069743			
GO_INTEGRIN_MEDIATED_SIGNALING_PATHWAY	-0.37140217151975957			
GO_CD40_SIGNALING_PATHWAY	-0.37143332027766385			
GSE33513_TCF7_KO_VS_HET_EARLY_THYMIC_PROGENITOR_UP	-0.37144493993736943			
MIR7162_3P	-0.37149206336318763			
GSE32986_GMCSF_VS_GMCSF_AND_CURDLAN_LOWDOSE_STIM_DC_UP	-0.3715481318361441			
IPA_REL_UP	-0.37163825705525716			
GSE19941_UNSTIM_VS_LPS_AND_IL10_STIM_IL10_KO_MACROPHAGE_UP	-0.3716411718759681			
GO_LYMPHOCYTE_MEDIATED_IMMUNITY	-0.37176857723779805			
GSE7219_WT_VS_NIK_NFKB2_KO_DC_UP	-0.3718093625803089			
GSE37416_12H_VS_48H_F_TULARENSIS_LVS_NEUTROPHIL_UP	-0.37184540572262353			
GO_REGULATION_OF_NEUROINFLAMMATORY_RESPONSE	-0.37187165657958776			
GSE9960_GRAM_NEG_VS_GRAM_POS_SEPSIS_PBMC_UP	-0.37190086886511864			
GSE24671_CTRL_VS_SENDAI_VIRUS_INFECTED_MOUSE_SPLENOCYTES_UP	-0.37191734023528905			
GSE3039_CD4_TCELL_VS_ALPHABETA_CD8_TCELL_UP	-0.3719242692671832			
GSE13522_WT_VS_IFNAR_KO_SKIN_DN	-0.3721263715300909			
GO_POSITIVE_REGULATION_OF_PHOSPHOLIPASE_ACTIVITY	-0.3722372389537317			
RYTTCCTG_ETS2_B	-0.3722610853452934			
GO_LEUKOCYTE_ACTIVATION_INVOLVED_IN_INFLAMMATORY_RESPONSE	-0.37226399981544317			
GSE17721_0.5H_VS_8H_CPG_BMDC_DN	-0.3723161841215799			
GSE37416_0H_VS_48H_F_TULARENSIS_LVS_NEUTROPHIL_DN	-0.37234847968968987			
RUTELLA_RESPONSE_TO_HGF_VS_CSF2RB_AND_IL4_UP	-0.37235031233727295			
GSE28783_ANTI_MIR33_VS_UNTREATED_ATHEROSCLEROSIS_MACROPHAGE_UP	-0.3724941351146716			
GO_T_CELL_ACTIVATION_VIA_T_CELL_RECEPTOR_CONTACT_WITH_ANTIGEN_BOUND_TO_MHC_MOLECULE_ON_ANTIGEN_PRESENTING_CELL	-0.3724990191961135			
GO_LYMPHOCYTE_ACTIVATION_INVOLVED_IN_IMMUNE_RESPONSE	-0.3725032209567789			
GO_NEGATIVE_REGULATION_OF_COFACTOR_METABOLIC_PROCESS	-0.37253881106470227			
GSE40274_CTRL_VS_FOXP3_AND_EOS_TRANSDUCED_ACTIVATED_CD4_TCELL_UP	-0.3725519906348633			
GSE25123_CTRL_VS_ROSIGLITAZONE_STIM_PPARG_KO_MACROPHAGE_DN	-0.37258736622580874			
GSE18791_CTRL_VS_NEWCASTLE_VIRUS_DC_10H_DN	-0.3725978034773506			
GSE22886_NAIVE_CD4_TCELL_VS_NKCELL_DN	-0.37261827190902935			
GSE41867_NAIVE_VS_DAY6_LCMV_ARMSTRONG_EFFECTOR_CD8_TCELL_DN	-0.37267907466712985			
GO_REGULATION_OF_T_CELL_ACTIVATION	-0.3727074279137233			
GO_COLLAGEN_METABOLIC_PROCESS	-0.37271588704551045			
GSE1112_HY_CD8AB_VS_HY_CD8AA_THYMOCYTE_RTOC_CULTURE_DN	-0.37277181962256073			
GSE17721_LPS_VS_GARDIQUIMOD_16H_BMDC_UP	-0.3728088670461646			
MIKKELSEN_DEDIFFERENTIATED_STATE_DN	-0.3728521770304074			
GSE17974_CTRL_VS_ACT_IL4_AND_ANTI_IL12_24H_CD4_TCELL_UP	-0.37288097270296844			
GO_REGULATION_OF_T_CELL_MEDIATED_CYTOTOXICITY	-0.372918716561726			
GO_NEGATIVE_REGULATION_OF_G_PROTEIN_COUPLED_RECEPTOR_SIGNALING_PATHWAY	-0.3729407407172358			
HOSHIDA_LIVER_CANCER_SURVIVAL_UP	-0.3730094080930695			
GSE28726_NAIVE_CD4_TCELL_VS_NAIVE_NKTCELL_UP	-0.37309163882594437			
WANG_ESOPHAGUS_CANCER_VS_NORMAL_UP	-0.3731301205312641			
GSE5679_RARA_AGONIST_AM580_VS_AM580_AND_ROSIGLITAZONE_TREATED_DC_DN	-0.37322387187935785			
GO_REGULATION_OF_CALCIUM_MEDIATED_SIGNALING	-0.373227323505463			
GSE30971_CTRL_VS_LPS_STIM_MACROPHAGE_WBP7_KO_2H_DN	-0.3732918185752306			
GSE2706_2H_VS_8H_LPS_STIM_DC_DN	-0.3732930349941183			
GSE360_CTRL_VS_L_DONOVANI_DC_DN	-0.37332132446632305			
GSE36826_NORMAL_VS_STAPH_AUREUS_INF_IL1R_KO_SKIN_DN	-0.3733513022982026			
GSE3982_BASOPHIL_VS_TH2_UP	-0.37336986084990664			
GSE45365_NK_CELL_VS_BCELL_MCMV_INFECTION_UP	-0.3733771765430665			
GSE23568_CTRL_TRANSDUCED_VS_WT_CD8_TCELL_UP	-0.37341201654223294			
GO_POSITIVE_REGULATION_OF_INTERFERON_GAMMA_PRODUCTION	-0.37342646836072485			
GO_REGULATION_OF_IMMUNE_RESPONSE	-0.3734981554370996			
GSE23114_WT_VS_SLE2C1_MOUSE_SPLEEN_B1A_BCELL_UP	-0.37350020800087425			
GAVIN_FOXP3_TARGETS_CLUSTER_P4	-0.37368050288556504			
GO_REGULATION_OF_BONE_DEVELOPMENT	-0.3737681825638163			
GSE3982_EOSINOPHIL_VS_TH2_UP	-0.37382881986143784			
GO_REGULATION_OF_CHEMOTAXIS	-0.3738409099442345			
GSE3337_CTRL_VS_4H_IFNG_IN_CD8POS_DC_DN	-0.37384371194811095			
GSE13229_IMM_VS_MATURE_NKCELL_DN	-0.3738462598924549			
GO_ACTIVATION_OF_IMMUNE_RESPONSE	-0.3738721394358312			
PID_THROMBIN_PAR1_PATHWAY	-0.3739566073378856			
MORI_LARGE_PRE_BII_LYMPHOCYTE_DN	-0.37413389104599987			
GSE11864_UNTREATED_VS_CSF1_IFNG_PAM3CYS_IN_MAC_DN	-0.37418486368102344			
GSE9988_ANTI_TREM1_VS_LPS_MONOCYTE_DN	-0.3742270448814535			
GSE37532_WT_VS_PPARG_KO_LN_TCONV_DN	-0.3742364910467203			
GO_LEUKOCYTE_MEDIATED_CYTOTOXICITY	-0.3742528532362363			
GSE9650_NAIVE_VS_MEMORY_CD8_TCELL_DN	-0.3742798904452862			
GSE44955_MCSF_VS_MCSF_AND_IL27_STIM_MACROPHAGE_UP	-0.37429403557523266			
GSE15330_LYMPHOID_MULTIPOTENT_VS_MEGAKARYOCYTE_ERYTHROID_PROGENITOR_IKAROS_KO_DN	-0.37435854806393476			
GSE21678_WT_VS_FOXO1_FOXO3_KO_TREG_UP	-0.3744575248661827			
GSE20366_TREG_VS_TCONV_DN	-0.37450660875840697			
GO_REGULATION_OF_LYMPHOCYTE_ACTIVATION	-0.3745104022928194			
GSE40274_XBP1_VS_FOXP3_AND_XBP1_TRANSDUCED_ACTIVATED_CD4_TCELL_UP	-0.374515199983071			
GO_REGULATION_OF_IMMUNE_SYSTEM_PROCESS	-0.3745786635705055			
GSE43955_1H_VS_20H_ACT_CD4_TCELL_WITH_TGFB_IL6_DN	-0.37464099161403974			
GSE40443_INDUCED_VS_TOTAL_TREG_DN	-0.37469531882759977			
GO_SPECIFIC_GRANULE	-0.374844180311852			
GSE35685_CD34POS_CD10NEG_CD62LPOS_VS_CD34POS_CD10POS_BONE_MARROW_DN	-0.37490793610634093			
MARKEY_RB1_ACUTE_LOF_DN	-0.37495570841455095			
GOLDRATH_ANTIGEN_RESPONSE	-0.37501473945838865			
LIU_TARGETS_OF_VMYB_VS_CMYB_DN	-0.37506126371876103			
GO_BONE_REMODELING	-0.3751506879518806			
GO_EXTRACELLULAR_MATRIX_CONSTITUENT_SECRETION	-0.3752099308134886			
GSE17721_CTRL_VS_LPS_2H_BMDC_DN	-0.3752673106883934			
KRAS.LUNG.BREAST_UP.V1_UP	-0.37531400004313864			
GSE13738_RESTING_VS_TCR_ACTIVATED_CD4_TCELL_DN	-0.37536439963748447			
GSE1791_CTRL_VS_NEUROMEDINU_IN_T_CELL_LINE_3H_UP	-0.375391722243986			
GALINDO_IMMUNE_RESPONSE_TO_ENTEROTOXIN	-0.37541476008298197			
GSE13306_RA_VS_UNTREATED_MEM_CD4_TCELL_UP	-0.37543304266568595			
GO_AZUROPHIL_GRANULE	-0.3755216655618831			
NADLER_OBESITY_UP	-0.3755305495306265			
GSE21033_CTRL_VS_POLYIC_STIM_DC_24H_UP	-0.3755342623904971			
GSE9988_ANTI_TREM1_VS_LPS_MONOCYTE_UP	-0.3755804132234239			
GO_CELLULAR_RESPONSE_TO_MORPHINE	-0.3755817217357918			
BIOCARTA_IL12_PATHWAY	-0.37561185643329165			
GO_ANTIGEN_BINDING	-0.37565964517008876			
GO_INTERLEUKIN_8_SECRETION	-0.3756751327307168			
LENAOUR_DENDRITIC_CELL_MATURATION_DN	-0.37576866188312086			
GSE45365_NK_CELL_VS_CD11B_DC_DN	-0.375802149692924			
GSE43863_TFH_VS_LY6C_LOW_CXCR5NEG_EFFECTOR_CD4_TCELL_DN	-0.37588158952418754			
GO_TERTIARY_GRANULE_MEMBRANE	-0.3759218223519987			
IPA_MYC_DN	-0.37593873607015976			
GO_POSITIVE_REGULATION_OF_T_CELL_MEDIATED_IMMUNITY	-0.37594115760897745			
BROWNE_HCMV_INFECTION_8HR_DN	-0.3759677235761494			
GSE19923_WT_VS_HEB_AND_E2A_KO_DP_THYMOCYTE_DN	-0.37603398023679624			
GSE23502_WT_VS_HDC_KO_MYELOID_DERIVED_SUPPRESSOR_CELL_BM_DN	-0.37612200737235296			
FLECHNER_PBL_KIDNEY_TRANSPLANT_OK_VS_DONOR_DN	-0.3761402465288055			
GSE14769_UNSTIM_VS_60MIN_LPS_BMDM_DN	-0.3761696236377399			
IPA_ETV6_DN	-0.37626055389870483			
ROY_WOUND_BLOOD_VESSEL_UP	-0.376301601258243			
GO_REGULATION_OF_RESPONSE_TO_STRESS	-0.3763108910079962			
GSE21379_WT_VS_SAP_KO_TFH_CD4_TCELL_DN	-0.3764124272454462			
GSE37416_0H_VS_12H_F_TULARENSIS_LVS_NEUTROPHIL_DN	-0.3764528733189385			
GO_TOLL_LIKE_RECEPTOR_SIGNALING_PATHWAY	-0.37651603580225174			
GO_NEGATIVE_REGULATION_OF_PROTEIN_MATURATION	-0.3765197995175552			
GO_T_HELPER_1_TYPE_IMMUNE_RESPONSE	-0.37658425030677334			
GO_POSITIVE_REGULATION_OF_LIPASE_ACTIVITY	-0.37665373895318816			
GSE2706_UNSTIM_VS_2H_LPS_DC_DN	-0.3766709974031279			
GSE37301_HEMATOPOIETIC_STEM_CELL_VS_CD4_TCELL_UP	-0.37670285245562884			
GO_SECRETORY_GRANULE_MEMBRANE	-0.3767146473636062			
GO_POSITIVE_REGULATION_OF_ACTIN_CYTOSKELETON_REORGANIZATION	-0.37673642424559706			
GSE27786_LSK_VS_NEUTROPHIL_DN	-0.37676770266011816			
GO_CARBOHYDRATE_BINDING	-0.3767814791724878			
GO_REGULATION_OF_RESPONSE_TO_EXTERNAL_STIMULUS	-0.3768015301059833			
GO_REGULATION_OF_CELL_CELL_ADHESION	-0.3768041048970643			
GO_TYPE_2_IMMUNE_RESPONSE	-0.37700373932431175			
GSE39556_CD8A_DC_VS_NK_CELL_DN	-0.3770733412442754			
GO_NEGATIVE_REGULATION_OF_IMMUNE_SYSTEM_PROCESS	-0.37708625065416373			
HOXA9_DN.V1_UP	-0.37713916348032955			
GO_INHIBITION_OF_CYSTEINE_TYPE_ENDOPEPTIDASE_ACTIVITY_INVOLVED_IN_APOPTOTIC_PROCESS	-0.3771666705291031			
REACTOME_CD163_MEDIATING_AN_ANTI_INFLAMMATORY_RESPONSE	-0.3772446151022551			
PID_AMB2_NEUTROPHILS_PATHWAY	-0.37728261865721957			
GSE3920_UNTREATED_VS_IFNA_TREATED_FIBROBLAST_UP	-0.3773325119776207			
GO_REGULATION_OF_CD4_POSITIVE_ALPHA_BETA_T_CELL_DIFFERENTIATION	-0.3773717102894391			
ALTEMEIER_RESPONSE_TO_LPS_WITH_MECHANICAL_VENTILATION	-0.37739306276631895			
GSE21670_UNTREATED_VS_TGFB_TREATED_STAT3_KO_CD4_TCELL_DN	-0.37744913538438574			
GSE2706_UNSTIM_VS_8H_R848_DC_DN	-0.3774564674067537			
GSE14415_INDUCED_TREG_VS_FOXP3_KO_INDUCED_TREG_IL2_CULTURE_DN	-0.3774845424151167			
GSE11961_MARGINAL_ZONE_BCELL_VS_GERMINAL_CENTER_BCELL_DAY7_DN	-0.3775413177268498			
GSE3982_CTRL_VS_LPS_4H_MAC_DN	-0.37761502525048257			
GSE41176_WT_VS_TAK1_KO_ANTI_IGM_STIM_BCELL_3H_DN	-0.3776476280423934			
GSE16266_CTRL_VS_LPS_STIM_MEF_UP	-0.37765757633382174			
GO_ENDOCYTIC_VESICLE_MEMBRANE	-0.37766320570390244			
GO_T_CELL_RECEPTOR_SIGNALING_PATHWAY	-0.37767379559936864			
GSE6259_33D1_POS_DC_VS_CD8_TCELL_DN	-0.37771186154185593			
GSE29618_BCELL_VS_MONOCYTE_DN	-0.3777577884428086			
GOLDRATH_IMMUNE_MEMORY	-0.3777806634555194			
GSE37416_CTRL_VS_12H_F_TULARENSIS_LVS_NEUTROPHIL_DN	-0.37778508663410654			
GO_REGULATION_OF_ALPHA_BETA_T_CELL_ACTIVATION	-0.37778776609984605			
PID_ANGIOPOIETIN_RECEPTOR_PATHWAY	-0.37782317018907347			
GO_POSITIVE_REGULATION_OF_COLLAGEN_METABOLIC_PROCESS	-0.3779439874884566			
GSE11057_CD4_CENT_MEM_VS_PBMC_DN	-0.37796240950433696			
GSE6674_UNSTIM_VS_CPG_STIM_BCELL_UP	-0.37804990571648744			
GAVIN_PDE3B_TARGETS	-0.378076097726467			
MARSON_FOXP3_TARGETS_UP	-0.3781175887310887			
GO_INTERFERON_GAMMA_PRODUCTION	-0.3781292518248468			
GSE17974_IL4_AND_ANTI_IL12_VS_UNTREATED_48H_ACT_CD4_TCELL_DN	-0.3783171733444028			
IPA_RELA_UP	-0.3783921910133169			
GO_ALPHA_BETA_T_CELL_ACTIVATION	-0.3783980362853976			
GSE19772_CTRL_VS_HCMV_INF_MONOCYTES_UP	-0.3784216718835542			
GSE6259_FLT3L_INDUCED_DEC205_POS_DC_VS_CD4_TCELL_UP	-0.3786257518742682			
GSE41176_WT_VS_TAK1_KO_ANTI_IGM_STIM_BCELL_6H_DN	-0.3786259905612134			
GSE11057_NAIVE_CD4_VS_PBMC_CD4_TCELL_DN	-0.3787092918932523			
REACTOME_ACTIVATION_OF_MATRIX_METALLOPROTEINASES	-0.37873170286736463			
IPA_NFKB1_UP	-0.37874193801247863			
GO_IMMUNOLOGICAL_SYNAPSE	-0.37875225852712635			
GSE25123_CTRL_VS_IL4_STIM_MACROPHAGE_UP	-0.37876337714330993			
RUTELLA_RESPONSE_TO_HGF_DN	-0.37877047578867495			
GO_TUMOR_NECROSIS_FACTOR_SUPERFAMILY_CYTOKINE_PRODUCTION	-0.3787804624551898			
REACTOME_SIGNALING_BY_INTERLEUKINS	-0.37878465943541834			
GO_T_CELL_ACTIVATION	-0.3788529821240751			
GO_REGULATION_OF_CELL_ADHESION	-0.3788710671693675			
GO_T_CELL_DIFFERENTIATION_INVOLVED_IN_IMMUNE_RESPONSE	-0.37893767663958994			
GAURNIER_PSMD4_TARGETS	-0.3789443733192452			
GSE27859_MACROPHAGE_VS_CD11C_INT_F480_INT_DC_UP	-0.37900484334707346			
GO_POSITIVE_REGULATION_OF_MYELOID_CELL_DIFFERENTIATION	-0.37904067996279706			
GSE20366_CD103_POS_VS_NEG_TREG_KLRG1NEG_DN	-0.37904618451390265			
GSE12392_IFNAR_KO_VS_IFNB_KO_CD8_NEG_SPLEEN_DC_UP	-0.37910498138645676			
GSE21670_STAT3_KO_VS_WT_CD4_TCELL_DN	-0.37920925889552615			
GSE17974_CTRL_VS_ACT_IL4_AND_ANTI_IL12_4H_CD4_TCELL_UP	-0.3793062845200493			
GSE30083_SP2_VS_SP4_THYMOCYTE_DN	-0.37932299610249676			
GSE8685_IL15_ACT_IL2_STARVED_VS_IL21_ACT_IL2_STARVED_CD4_TCELL_UP	-0.3793442816041529			
GSE30971_WBP7_HET_VS_KO_MACROPHAGE_2H_LPS_STIM_DN	-0.3794619736129781			
GSE7219_UNSTIM_VS_LPS_AND_ANTI_CD40_STIM_DC_DN	-0.379469319367839			
RACCACAR_AML_Q6	-0.37948133085884983			
GO_NATURAL_KILLER_CELL_MEDIATED_IMMUNITY	-0.3796122088213241			
GSE33425_CD161_HIGH_VS_INT_CD8_TCELL_UP	-0.3797772211710424			
GSE17721_CPG_VS_GARDIQUIMOD_1H_BMDC_UP	-0.37983345465286644			
PKCA_DN.V1_DN	-0.37985642792634927			
IPA_HDAC1_DN	-0.37987700026492366			
GSE11961_MARGINAL_ZONE_BCELL_VS_GERMINAL_CENTER_BCELL_DAY40_UP	-0.37990508907710024			
GSE11057_NAIVE_VS_MEMORY_CD4_TCELL_DN	-0.3799107233878368			
GSE12845_PRE_GC_VS_DARKZONE_GC_TONSIL_BCELL_UP	-0.37994338061959854			
MAHADEVAN_IMATINIB_RESISTANCE_UP	-0.3799814442879292			
GO_POSITIVE_REGULATION_OF_T_CELL_PROLIFERATION	-0.3800244215106229			
GO_NEGATIVE_REGULATION_OF_P38MAPK_CASCADE	-0.38010391782665753			
PID_IL23_PATHWAY	-0.3802259326317584			
GO_LIPOPOLYSACCHARIDE_MEDIATED_SIGNALING_PATHWAY	-0.38026978876037365			
KEGG_VIRAL_MYOCARDITIS	-0.38028846286806245			
BERTUCCI_INVASIVE_CARCINOMA_DUCTAL_VS_LOBULAR_DN	-0.38029586749508215			
GSE25088_IL4_VS_IL4_AND_ROSIGLITAZONE_STIM_STAT6_KO_MACROPHAGE_DAY10_DN	-0.3803176289975409			
IPA_JUNB_UP	-0.38034194771720414			
DUTTA_APOPTOSIS_VIA_NFKB	-0.3803426165592115			
GSE5589_LPS_VS_LPS_AND_IL10_STIM_MACROPHAGE_180MIN_UP	-0.38034335290646304			
GSE25088_IL4_VS_IL4_AND_ROSIGLITAZONE_STIM_MACROPHAGE_DAY10_DN	-0.38038415932761976			
HAHTOLA_MYCOSIS_FUNGOIDES_CD4_UP	-0.38045070099656797			
GSE27786_LSK_VS_NKCELL_DN	-0.38053146651204234			
GSE9988_LPS_VS_VEHICLE_TREATED_MONOCYTE_DN	-0.3805969631558931			
GSE12366_GC_VS_NAIVE_BCELL_DN	-0.38065587888182906			
LIANG_HEMATOPOIESIS_STEM_CELL_NUMBER_LARGE_VS_TINY_UP	-0.3806602455165359			
GSE37301_HEMATOPOIETIC_STEM_CELL_VS_RAG2_KO_NK_CELL_DN	-0.38066707663700994			
GO_MYELOID_CELL_DIFFERENTIATION	-0.3806729779506655			
GSE17721_LPS_VS_PAM3CSK4_2H_BMDC_UP	-0.38077320389615715			
GO_TYROSINE_PHOSPHORYLATION_OF_STAT_PROTEIN	-0.3808445850009875			
IPA_RUNX1_UP	-0.38103893265583055			
GSE14415_INDUCED_TREG_VS_FOXP3_KO_INDUCED_TREG_IL2_CULTURE_UP	-0.3810409004684961			
GO_NEGATIVE_REGULATION_OF_IMMUNE_RESPONSE	-0.38109712526888206			
AMUNDSON_RESPONSE_TO_ARSENITE	-0.3811114467222736			
BIOCARTA_NEUTROPHIL_PATHWAY	-0.38130789324978054			
GSE6259_33D1_POS_VS_DEC205_POS_FLT3L_INDUCED_SPLENIC_DC_UP	-0.38136077373568744			
GO_NEGATIVE_REGULATION_OF_TRANSPORT	-0.38137650293014			
GSE22432_PDC_VS_TGFB1_TREATEDCOMMON_DC_PROGENITOR_DN	-0.3814232096330732			
GSE22886_CD8_TCELL_VS_BCELL_NAIVE_UP	-0.3814962252101356			
GUTIERREZ_CHRONIC_LYMPHOCYTIC_LEUKEMIA_UP	-0.38155906183428745			
GSE19923_E2A_KO_VS_HEB_AND_E2A_KO_DP_THYMOCYTE_UP	-0.3815745251629639			
GSE7568_CTRL_VS_24H_TGFB_TREATED_MACROPHAGES_WITH_IL4_AND_DEXAMETHASONE_UP	-0.3816547845638849			
GSE17721_CTRL_VS_CPG_12H_BMDC_DN	-0.3816589943609949			
GSE37416_0H_VS_6H_F_TULARENSIS_LVS_NEUTROPHIL_DN	-0.3816806569810404			
GSE15330_HSC_VS_LYMPHOID_PRIMED_MULTIPOTENT_PROGENITOR_UP	-0.38177883039622634			
IPA_JUN_DN	-0.38182692479898495			
GSE6092_UNSTIM_VS_IFNG_STIM_ENDOTHELIAL_CELL_DN	-0.38193140274967113			
GSE22611_NOD2_TRANSDUCED_VS_CTRL_HEK293T_STIMULATED_WITH_MDP_2H_UP	-0.3820034007541902			
ROSS_ACUTE_MYELOID_LEUKEMIA_CBF	-0.3820564661310809			
GO_SPECIFIC_GRANULE_MEMBRANE	-0.38207715571410644			
FLECHNER_PBL_KIDNEY_TRANSPLANT_OK_VS_DONOR_UP	-0.3820777261224265			
GO_POSITIVE_REGULATION_OF_HEMOPOIESIS	-0.3821085339204349			
GO_POSITIVE_REGULATION_OF_CELL_ACTIVATION	-0.3821329703358063			
GO_T_HELPER_17_TYPE_IMMUNE_RESPONSE	-0.38219297144338876			
QI_PLASMACYTOMA_UP	-0.3821980852335867			
GSE3337_4H_VS_16H_IFNG_IN_CD8POS_DC_DN	-0.3822116156581844			
GSE8384_CTRL_VS_B_ABORTUS_4H_MAC_CELL_LINE_DN	-0.38222173290914757			
CGTCTTA_MIR208	-0.3822305013524952			
GSE29164_UNTREATED_VS_CD8_TCELL_TREATED_MELANOMA_DAY3_DN	-0.38226634441378704			
GO_LEUKOCYTE_HOMEOSTASIS	-0.38231156033995994			
GO_POSITIVE_REGULATION_OF_CYTOKINE_PRODUCTION_INVOLVED_IN_IMMUNE_RESPONSE	-0.38241578228294704			
MORI_EMU_MYC_LYMPHOMA_BY_ONSET_TIME_DN	-0.38242618547440016			
GSE21927_SPLEEN_VS_BONE_MARROW_MONOCYTE_BALBC_DN	-0.3824490247615019			
GO_PHAGOCYTIC_CUP	-0.38252597710440495			
GO_REGULATION_OF_LEUKOCYTE_PROLIFERATION	-0.3825588179643476			
GSE9037_WT_VS_IRAK4_KO_LPS_4H_STIM_BMDM_UP	-0.3825866579760554			
GSE40184_HEALTHY_VS_HCV_INFECTED_DONOR_PBMC_DN	-0.38260188487652375			
GO_REGULATION_OF_LEUKOCYTE_MIGRATION	-0.38273280150925465			
GSE5455_HEALTHY_VS_TUMOR_BEARING_MOUSE_SPLEEN_MONOCYTE_DN	-0.38291746366522755			
GSE2706_UNSTIM_VS_2H_R848_DC_DN	-0.3829264979036008			
GO_REGULATION_OF_MYELOID_CELL_DIFFERENTIATION	-0.3829679911386923			
GSE43955_TH0_VS_TGFB_IL6_TH17_ACT_CD4_TCELL_1H_UP	-0.38310871819341547			
YAGI_AML_WITH_T_8_21_TRANSLOCATION	-0.3831371915782423			
GSE15330_LYMPHOID_MULTIPOTENT_VS_PRO_BCELL_DN	-0.38316720901516604			
GO_POSITIVE_REGULATION_OF_CYTOKINE_BIOSYNTHETIC_PROCESS	-0.3831907034492192			
PID_SHP2_PATHWAY	-0.383238272723162			
GO_T_CELL_MEDIATED_IMMUNITY	-0.38326673922693194			
GO_POSITIVE_REGULATION_OF_IMMUNE_RESPONSE	-0.38327545758474285			
GSE46606_UNSTIM_VS_CD40L_IL2_IL5_1DAY_STIMULATED_IRF4HIGH_SORTED_BCELL_DN	-0.38331554760745257			
GSE2405_0H_VS_12H_A_PHAGOCYTOPHILUM_STIM_NEUTROPHIL_UP	-0.383328258422591			
GO_IMMUNE_RESPONSE_REGULATING_SIGNALING_PATHWAY	-0.3834630016984972			
FAELT_B_CLL_WITH_VH_REARRANGEMENTS_UP	-0.3836338571044905			
GSE14769_UNSTIM_VS_120MIN_LPS_BMDM_DN	-0.3836342761947029			
BIOCARTA_NFKB_PATHWAY	-0.3837197424201866			
GSE10273_LOW_IL7_VS_HIGH_IL7_AND_IRF4_IN_IRF4_8_NULL_PRE_BCELL_DN	-0.3837511430418197			
COATES_MACROPHAGE_M1_VS_M2_UP	-0.3840238894633366			
GO_REGULATION_OF_ADAPTIVE_IMMUNE_RESPONSE	-0.38404688832575024			
GO_POSITIVE_REGULATION_OF_IMMUNE_SYSTEM_PROCESS	-0.38418635205747775			
IPA_PRKCD_UP	-0.38425491471187323			
SA_MMP_CYTOKINE_CONNECTION	-0.38428202789296834			
GSE27786_CD8_TCELL_VS_NEUTROPHIL_DN	-0.3842832817351231			
GSE40274_CTRL_VS_FOXP3_AND_LEF1_TRANSDUCED_ACTIVATED_CD4_TCELL_UP	-0.38435344903710683			
GSE26030_UNSTIM_VS_RESTIM_TH1_DAY15_POST_POLARIZATION_UP	-0.38447791798535397			
GSE7852_TREG_VS_TCONV_DN	-0.38456603061633166			
GSE29618_MONOCYTE_VS_PDC_UP	-0.38466743672241704			
GSE34515_CD16_POS_MONOCYTE_VS_DC_DN	-0.3846826403639657			
GO_POSITIVE_REGULATION_OF_LEUKOCYTE_DIFFERENTIATION	-0.38469439325312904			
GSE3982_MAST_CELL_VS_BASOPHIL_DN	-0.38472290158430233			
GSE369_SOCS3_KO_VS_WT_LIVER_DN	-0.38478204500973995			
GSE36078_WT_VS_IL1R_KO_LUNG_DC_DN	-0.38480273705192813			
GSE29618_PDC_VS_MDC_DN	-0.3848189808628498			
ZHENG_FOXP3_TARGETS_UP	-0.3848247717326606			
GO_NEGATIVE_REGULATION_OF_CYTOKINE_SECRETION	-0.3848816696786863			
GSE22601_DOUBLE_POSITIVE_VS_CD8_SINGLE_POSITIVE_THYMOCYTE_UP	-0.38491936602833116			
GSE10325_LUPUS_CD4_TCELL_VS_LUPUS_MYELOID_DN	-0.3849227747691503			
GSE9988_LPS_VS_CTRL_TREATED_MONOCYTE_UP	-0.3849469278202043			
GO_COAGULATION	-0.3850111819669906			
IPA_HDAC3_UP	-0.38503758131430266			
PARK_TRETINOIN_RESPONSE_AND_RARA_PLZF_FUSION	-0.38515565496399773			
GO_T_CELL_ACTIVATION_INVOLVED_IN_IMMUNE_RESPONSE	-0.38515699207441806			
GSE27859_MACROPHAGE_VS_DC_UP	-0.3853272278609299			
GSE2128_CTRL_VS_MIMETOPE_NEGATIVE_SELECTION_DP_THYMOCYTE_NOD_UP	-0.38533545690381643			
GO_NEGATIVE_REGULATION_OF_SECRETION	-0.3853981617424116			
GSE14769_UNSTIM_VS_80MIN_LPS_BMDM_DN	-0.38552010165323247			
GSE4590_SMALL_VS_LARGE_PRE_BCELL_UP	-0.38555464581224363			
PID_IL12_2PATHWAY	-0.3855613602542603			
GSE24142_DN2_VS_DN3_THYMOCYTE_UP	-0.38567112642153445			
GSE3982_NEUTROPHIL_VS_CENT_MEMORY_CD4_TCELL_UP	-0.3858866645125242			
KRIGE_RESPONSE_TO_TOSEDOSTAT_6HR_UP	-0.38594556012572934			
GSE24142_EARLY_THYMIC_PROGENITOR_VS_DN2_THYMOCYTE_FETAL_UP	-0.3862574599623251			
GSE45365_HEALTHY_VS_MCMV_INFECTION_CD8A_DC_DN	-0.3863557810012668			
GO_POSITIVE_REGULATION_OF_LYMPHOCYTE_DIFFERENTIATION	-0.38646502341034106			
GSE43955_1H_VS_60H_ACT_CD4_TCELL_UP	-0.38661492396501534			
GSE7831_UNSTIM_VS_CPG_STIM_PDC_4H_UP	-0.386717930502252			
GSE43863_DAY6_EFF_VS_DAY150_MEM_TH1_CD4_TCELL_UP	-0.38673531113546855			
HALLMARK_IL6_JAK_STAT3_SIGNALING	-0.3867749895886895			
GO_LEUKOCYTE_CELL_CELL_ADHESION	-0.3868227132467927			
GSE9988_ANTI_TREM1_VS_LOW_LPS_MONOCYTE_DN	-0.38693775116417756			
ABE_VEGFA_TARGETS	-0.3869785550487774			
GSE24142_EARLY_THYMIC_PROGENITOR_VS_DN2_THYMOCYTE_UP	-0.38699136069092355			
GSE40274_CTRL_VS_LEF1_TRANSDUCED_ACTIVATED_CD4_TCELL_UP	-0.3871517024866092			
GSE36888_UNTREATED_VS_IL2_TREATED_STAT5_AB_KNOCKIN_TCELL_6H_UP	-0.38717025982747477			
HOLLERN_EMT_BREAST_TUMOR_UP	-0.38717219633116473			
GSE11057_PBMC_VS_MEM_CD4_TCELL_UP	-0.38727972846915343			
GO_MAST_CELL_GRANULE	-0.3873514602822111			
MATZUK_SPERMATOGONIA	-0.3875262561155963			
GO_T_CELL_PROLIFERATION	-0.3877305439845086			
GO_REGULATION_OF_CELL_ACTIVATION	-0.3879131458133067			
GO_MYELOID_CELL_APOPTOTIC_PROCESS	-0.3879199581278359			
GO_CELLULAR_RESPONSE_TO_BIOTIC_STIMULUS	-0.38801616640089437			
KAECH_NAIVE_VS_MEMORY_CD8_TCELL_DN	-0.3880381983390079			
GSE7460_FOXP3_MUT_VS_WT_ACT_TCONV_UP	-0.3881594149548514			
GSE10273_HIGH_VS_LOW_IL7_TREATED_IRF4_8_NULL_PRE_BCELL_DN	-0.38817234238880444			
GSE3920_UNTREATED_VS_IFNA_TREATED_ENDOTHELIAL_CELL_UP	-0.38826271642024773			
GSE3982_BASOPHIL_VS_EFF_MEMORY_CD4_TCELL_UP	-0.38826592514603103			
TERF1_TARGET_GENES	-0.3882902540992904			
GSE25088_CTRL_VS_ROSIGLITAZONE_STIM_STAT6_KO_MACROPHAGE_UP	-0.38829745815760736			
GSE42724_NAIVE_BCELL_VS_PLASMABLAST_DN	-0.38835178694382544			
GO_INTERLEUKIN_6_MEDIATED_SIGNALING_PATHWAY	-0.38851045627287384			
GO_RESPONSE_TO_GONADOTROPIN_RELEASING_HORMONE	-0.38853353854986084			
THUM_SYSTOLIC_HEART_FAILURE_UP	-0.38856828517905			
GSE36888_UNTREATED_VS_IL2_TREATED_TCELL_6H_UP	-0.3886772231993638			
RAY_TARGETS_OF_P210_BCR_ABL_FUSION_DN	-0.38868681288642803			
GSE43955_10H_VS_30H_ACT_CD4_TCELL_UP	-0.3888752386584394			
GSE1460_INTRATHYMIC_T_PROGENITOR_VS_CD4_THYMOCYTE_DN	-0.3888925002410023			
GSE21670_STAT3_KO_VS_WT_CD4_TCELL_TGFB_IL6_TREATED_DN	-0.38891535240388136			
GO_SECONDARY_LYSOSOME	-0.38908905119851844			
GSE17721_0.5H_VS_4H_CPG_BMDC_DN	-0.3893284368813058			
GSE21360_NAIVE_VS_SECONDARY_MEMORY_CD8_TCELL_UP	-0.38934090115396164			
GO_IMMUNE_EFFECTOR_PROCESS	-0.3894390466288893			
GO_CYTOKINE_PRODUCTION_INVOLVED_IN_IMMUNE_RESPONSE	-0.3895140415037443			
GSE40274_FOXP3_VS_FOXP3_AND_PBX1_TRANSDUCED_ACTIVATED_CD4_TCELL_UP	-0.3895668806916289			
GO_CYTOKINE_BINDING	-0.38964898133495235			
GSE7768_OVA_WITH_LPS_VS_OVA_WITH_MPL_IMMUNIZED_MOUSE_WHOLE_SPLEEN_6H_DN	-0.389716729349902			
GO_NEGATIVE_REGULATION_OF_INTERLEUKIN_17_PRODUCTION	-0.38991542368402704			
GOLDRATH_NAIVE_VS_MEMORY_CD8_TCELL_DN	-0.3900214608972922			
PID_THROMBIN_PAR4_PATHWAY	-0.390098755758053			
WIELAND_UP_BY_HBV_INFECTION	-0.39011097433089365			
GSE9988_LOW_LPS_VS_CTRL_TREATED_MONOCYTE_UP	-0.3901371787574411			
GO_PLATELET_ACTIVATION	-0.39037855637129043			
GSE11057_NAIVE_VS_EFF_MEMORY_CD4_TCELL_DN	-0.39044461905533284			
GO_CELLULAR_DEFENSE_RESPONSE	-0.3905897156208798			
GO_INTEGRIN_ACTIVATION	-0.39066036006501376			
GO_CYTOKINE_SECRETION	-0.39070464141351124			
GSE43956_WT_VS_SGK1_KO_TH17_DIFFERENTIATED_CD4_TCELL_DN	-0.39071705378956006			
GO_CELL_ACTIVATION_INVOLVED_IN_IMMUNE_RESPONSE	-0.3907198319445456			
GSE7509_UNSTIM_VS_IFNA_STIM_IMMATURE_DC_DN	-0.39073356870205667			
GSE2770_TGFB_AND_IL4_VS_IL12_TREATED_ACT_CD4_TCELL_6H_UP	-0.3909685473775146			
GSE43863_DAY6_EFF_VS_DAY150_MEM_TH1_CD4_TCELL_DN	-0.3909731440619499			
YAGI_AML_WITH_11Q23_REARRANGED	-0.3909887460449538			
GO_MYELOID_LEUKOCYTE_MEDIATED_IMMUNITY	-0.3912433651375461			
GO_REGULATION_OF_CD4_POSITIVE_ALPHA_BETA_T_CELL_ACTIVATION	-0.3913069158651			
PTEN_DN.V1_DN	-0.3913226366035626			
GO_NEGATIVE_REGULATION_OF_TUMOR_NECROSIS_FACTOR_SUPERFAMILY_CYTOKINE_PRODUCTION	-0.39135481302752123			
GSE34515_CD16_NEG_MONOCYTE_VS_DC_UP	-0.3916183741860501			
MARSON_FOXP3_TARGETS_STIMULATED_UP	-0.39161901569601343			
GSE9988_LPS_VS_LPS_AND_ANTI_TREM1_MONOCYTE_DN	-0.39166187604783165			
GSE10325_CD4_TCELL_VS_MYELOID_DN	-0.39168645220501946			
GO_POSITIVE_REGULATION_OF_ALPHA_BETA_T_CELL_ACTIVATION	-0.3917111372497216			
GSE29164_DAY3_VS_DAY7_CD8_TCELL_AND_IL12_TREATED_MELANOMA_UP	-0.3917758192233214			
GO_NEGATIVE_REGULATION_OF_OSTEOCLAST_DEVELOPMENT	-0.3918127312868601			
REACTOME_NEUTROPHIL_DEGRANULATION	-0.3918251911031465			
GSE24671_CTRL_VS_BAKIMULC_INFECTED_MOUSE_SPLENOCYTES_UP	-0.39186912092682913			
GSE5542_UNTREATED_VS_IFNA_AND_IFNG_TREATED_EPITHELIAL_CELLS_6H_DN	-0.391882926957577			
GO_NEGATIVE_REGULATION_OF_ALPHA_BETA_T_CELL_DIFFERENTIATION	-0.39195540015811076			
GSE30962_ACUTE_VS_CHRONIC_LCMV_PRIMARY_INF_CD8_TCELL_UP	-0.3919909644659209			
GSE34156_TLR1_TLR2_LIGAND_VS_NOD2_AND_TLR1_TLR2_LIGAND_24H_TREATED_MONOCYTE_UP	-0.3920088206423133			
GSE41867_MEMORY_VS_EXHAUSTED_CD8_TCELL_DAY30_LCMV_UP	-0.39201914084608214			
BROCKE_APOPTOSIS_REVERSED_BY_IL6	-0.3920609124375316			
GSE34156_UNTREATED_VS_24H_NOD2_LIGAND_TREATED_MONOCYTE_DN	-0.3921228024959826			
GSE25677_MPL_VS_R848_STIM_BCELL_DN	-0.39224266249249545			
GSE17721_PAM3CSK4_VS_CPG_4H_BMDC_DN	-0.3923177459753882			
GSE40274_FOXP3_VS_FOXP3_AND_IRF4_TRANSDUCED_ACTIVATED_CD4_TCELL_DN	-0.39232509358644746			
GO_POSITIVE_REGULATION_OF_CD4_POSITIVE_ALPHA_BETA_T_CELL_DIFFERENTIATION	-0.39233053176973637			
GSE23568_ID3_TRANSDUCED_VS_ID3_KO_CD8_TCELL_DN	-0.3923985550858941			
BOYAULT_LIVER_CANCER_SUBCLASS_G5_DN	-0.39249839261386277			
GSE22886_NAIVE_CD8_TCELL_VS_NKCELL_DN	-0.39257212375098505			
PID_TNF_PATHWAY	-0.3925812117901888			
GSE34156_UNTREATED_VS_6H_TLR1_TLR2_LIGAND_TREATED_MONOCYTE_UP	-0.39258503883757634			
GO_POSITIVE_REGULATION_OF_MYELOID_LEUKOCYTE_CYTOKINE_PRODUCTION_INVOLVED_IN_IMMUNE_RESPONSE	-0.39277875511394617			
GO_POSITIVE_REGULATION_OF_MACROPHAGE_ACTIVATION	-0.3927983304900371			
ZNF597_TARGET_GENES	-0.3928516278830047			
BIOCARTA_NTHI_PATHWAY	-0.3931222351807934			
GSE14699_DELETIONAL_TOLERANCE_VS_ACTIVATED_CD8_TCELL_UP	-0.3931628614819062			
GO_ANTIGEN_PROCESSING_AND_PRESENTATION	-0.3931918429610958			
GSE17721_CPG_VS_GARDIQUIMOD_6H_BMDC_UP	-0.3932464252385023			
GSE39110_UNTREATED_VS_IL2_TREATED_CD8_TCELL_DAY6_POST_IMMUNIZATION_UP	-0.3932932295495036			
GO_LEUKOCYTE_MEDIATED_IMMUNITY	-0.3933560774843231			
IPA_HDAC5_DN	-0.39350559872714985			
GSE22140_HEALTHY_VS_ARTHRITIC_GERMFREE_MOUSE_CD4_TCELL_DN	-0.3935392291449328			
XU_CREBBP_TARGETS_DN	-0.39371619369802713			
JAATINEN_HEMATOPOIETIC_STEM_CELL_DN	-0.39379813038414263			
GO_CYTOKINE_PRODUCTION	-0.3938073579024339			
VERHAAK_GLIOBLASTOMA_MESENCHYMAL	-0.3938446446549284			
KAECH_NAIVE_VS_DAY15_EFF_CD8_TCELL_DN	-0.39390369081194165			
LANG_MYB_FAMILY_TARGETS	-0.394054746178854			
GSE22886_DC_VS_MONOCYTE_DN	-0.39407154085887197			
GO_CD4_POSITIVE_ALPHA_BETA_T_CELL_ACTIVATION	-0.39411071215074966			
GO_NEGATIVE_REGULATION_OF_T_CELL_RECEPTOR_SIGNALING_PATHWAY	-0.3941576314183961			
MORI_PRE_BI_LYMPHOCYTE_DN	-0.3944796993805501			
GO_REGULATION_OF_CYTOKINE_PRODUCTION_INVOLVED_IN_IMMUNE_RESPONSE	-0.3944980404284796			
GSE21546_SAP1A_KO_VS_SAP1A_KO_AND_ELK1_KO_ANTI_CD3_STIM_DP_THYMOCYTES_DN	-0.3945377201674329			
GSE9988_LPS_VS_VEHICLE_TREATED_MONOCYTE_UP	-0.3945572818619387			
NAKAYAMA_SOFT_TISSUE_TUMORS_PCA1_UP	-0.3947328844597403			
GSE17974_CTRL_VS_ACT_IL4_AND_ANTI_IL12_48H_CD4_TCELL_UP	-0.394816080459136			
GSE21033_CTRL_VS_POLYIC_STIM_DC_12H_UP	-0.3948895210227619			
GSE45365_NK_CELL_VS_BCELL_MCMV_INFECTION_DN	-0.39496524466151317			
GO_ENDOCYTIC_VESICLE	-0.39503511544792713			
GSE39820_CTRL_VS_IL1B_IL6_CD4_TCELL_DN	-0.3950516513478992			
GSE24142_EARLY_THYMIC_PROGENITOR_VS_DN2_THYMOCYTE_ADULT_UP	-0.3952781149718319			
GSE42724_MEMORY_BCELL_VS_PLASMABLAST_UP	-0.39528021508290995			
GSE14415_ACT_TCONV_VS_ACT_NATURAL_TREG_DN	-0.3954204862045415			
GAVIN_FOXP3_TARGETS_CLUSTER_T4	-0.39576822308672394			
GSE3982_BASOPHIL_VS_NKCELL_UP	-0.3958891506129547			
GO_REGULATION_OF_LEUKOCYTE_APOPTOTIC_PROCESS	-0.39613004884456443			
GO_ADAPTIVE_IMMUNE_RESPONSE_BASED_ON_SOMATIC_RECOMBINATION_OF_IMMUNE_RECEPTORS_BUILT_FROM_IMMUNOGLOBULIN_SUPERFAMILY_DOMAINS	-0.39632410173637617			
GSE46242_TH1_VS_ANERGIC_TH1_CD4_TCELL_WITH_EGR2_DELETED_UP	-0.39635583457859164			
GSE1460_INTRATHYMIC_T_PROGENITOR_VS_DP_THYMOCYTE_DN	-0.3964892314276864			
ROPERO_HDAC2_TARGETS	-0.3967245731766568			
GO_REGULATION_OF_PEPTIDYL_TYROSINE_PHOSPHORYLATION	-0.3967300967853413			
GSE19401_UNSTIM_VS_RETINOIC_ACID_AND_PAM2CSK4_STIM_FOLLICULAR_DC_DN	-0.39685188577993175			
GSE17186_MEMORY_VS_CD21HIGH_TRANSITIONAL_BCELL_DN	-0.39697117897818673			
GSE3982_NEUTROPHIL_VS_EFF_MEMORY_CD4_TCELL_UP	-0.39711127153709136			
GO_POSITIVE_REGULATION_OF_LEUKOCYTE_CELL_CELL_ADHESION	-0.3971390903106255			
GSE7831_UNSTIM_VS_CPG_STIM_PDC_1H_DN	-0.39714476662655696			
GO_POSITIVE_REGULATION_OF_CYTOKINE_PRODUCTION	-0.397200668541113			
GSE15330_HSC_VS_LYMPHOID_PRIMED_MULTIPOTENT_PROGENITOR_DN	-0.39731836628688016			
GO_NEGATIVE_REGULATION_OF_EXOCYTOSIS	-0.3974518399081708			
P53_DN.V2_UP	-0.39752036523791157			
SHI_SPARC_TARGETS_UP	-0.3978064916191995			
GSE7219_UNSTIM_VS_LPS_AND_ANTI_CD40_STIM_DC_UP	-0.3979238388369137			
GSE25123_WT_VS_PPARG_KO_MACROPHAGE_UP	-0.39799494767876953			
GSE19198_1H_VS_24H_IL21_TREATED_TCELL_DN	-0.39819068539028035			
GSE22601_IMMATURE_CD4_SINGLE_POSITIVE_VS_CD8_SINGLE_POSITIVE_THYMOCYTE_DN	-0.39828122059406446			
OSMAN_BLADDER_CANCER_UP	-0.3983351563384068			
GSE8515_IL1_VS_IL6_4H_STIM_MAC_UP	-0.3984388610892286			
GSE9988_LOW_LPS_VS_VEHICLE_TREATED_MONOCYTE_UP	-0.398461717743868			
GSE3982_NEUTROPHIL_VS_TH2_UP	-0.39846511849510197			
THEILGAARD_NEUTROPHIL_AT_SKIN_WOUND_UP	-0.3985174477687031			
GSE27786_LIN_NEG_VS_NEUTROPHIL_DN	-0.3987954590321152			
GSE22886_NAIVE_TCELL_VS_NKCELL_DN	-0.3988437875931103			
HALLMARK_ALLOGRAFT_REJECTION	-0.39890766403603084			
GSE9960_HEALTHY_VS_GRAM_NEG_SEPSIS_PBMC_DN	-0.39897125126778576			
GO_NEGATIVE_REGULATION_OF_BONE_REMODELING	-0.3990108850679091			
GO_CYTOKINE_METABOLIC_PROCESS	-0.399069612958319			
GSE7852_TREG_VS_TCONV_LN_UP	-0.39908645541262594			
GSE3920_IFNA_VS_IFNB_TREATED_ENDOTHELIAL_CELL_DN	-0.3991964358288484			
GO_NEGATIVE_REGULATION_OF_CELL_ACTIVATION	-0.39921694950481473			
GO_PHAGOCYTIC_VESICLE	-0.3992407565563282			
GO_TOLL_LIKE_RECEPTOR_3_SIGNALING_PATHWAY	-0.3992800879503253			
GAZDA_DIAMOND_BLACKFAN_ANEMIA_PROGENITOR_UP	-0.3994108951577472			
GO_POSITIVE_REGULATION_OF_ALPHA_BETA_T_CELL_PROLIFERATION	-0.399550994969725			
IPA_ETS1_UP	-0.3995840024396572			
GSE6259_CD4_TCELL_VS_CD8_TCELL_DN	-0.3997282011402292			
GSE21379_TFH_VS_NON_TFH_CD4_TCELL_UP	-0.39974211737840737			
GO_ADAPTIVE_IMMUNE_RESPONSE	-0.39986120276161385			
ZHENG_FOXP3_TARGETS_IN_THYMUS_UP	-0.39987283083813635			
POOLA_INVASIVE_BREAST_CANCER_UP	-0.3999803337447609			
GSE4748_LPS_VS_LPS_AND_CYANOBACTERIUM_LPSLIKE_STIM_DC_3H_UP	-0.40000109078149243			
GSE46606_DAY1_VS_DAY3_CD40L_IL2_IL5_STIMULATED_IRF4HIGH_BCELL_DN	-0.4000205917037487			
GSE7852_LN_VS_THYMUS_TREG_UP	-0.40036329932381237			
GO_C_X3_C_CHEMOKINE_BINDING	-0.40039348075352843			
GSE30083_SP3_VS_SP4_THYMOCYTE_DN	-0.40045225477339397			
REACTOME_MAPK1_ERK2_ACTIVATION	-0.40058543745973413			
chr10p13	-0.4007034102594109			
GSE411_UNSTIM_VS_100MIN_IL6_STIM_MACROPHAGE_UP	-0.4008327617105223			
GSE2770_IL12_ACT_VS_ACT_CD4_TCELL_2H_UP	-0.4008791258476163			
GO_REGULATION_OF_OSTEOCLAST_DIFFERENTIATION	-0.4009329716184449			
GO_MYELOID_DENDRITIC_CELL_DIFFERENTIATION	-0.40093538703459725			
HBZ_TARGET_GENES	-0.4010426099717806			
GSE4984_LPS_VS_VEHICLE_CTRL_TREATED_DC_DN	-0.4010536657863384			
GO_LEUKOCYTE_MIGRATION	-0.40137514947167763			
ICHIBA_GRAFT_VERSUS_HOST_DISEASE_35D_UP	-0.40157291278157886			
GSE1460_DP_VS_CD4_THYMOCYTE_DN	-0.4016106663863904			
GO_NEGATIVE_REGULATION_OF_TISSUE_REMODELING	-0.4016492256034883			
GO_LEUKOCYTE_APOPTOTIC_PROCESS	-0.4016708017600468			
GSE22601_DOUBLE_NEGATIVE_VS_DOUBLE_POSITIVE_THYMOCYTE_DN	-0.4016731138701092			
SHIN_B_CELL_LYMPHOMA_CLUSTER_5	-0.40169478882794807			
SMID_BREAST_CANCER_NORMAL_LIKE_UP	-0.40171754396882364			
GO_POSITIVE_REGULATION_OF_CELL_CELL_ADHESION	-0.40185326048267894			
GO_NEGATIVE_REGULATION_OF_CYTOKINE_PRODUCTION	-0.4018921987387095			
GO_INTERLEUKIN_17_PRODUCTION	-0.4020278265849207			
ZHENG_BOUND_BY_FOXP3	-0.4022334164684282			
GO_NEGATIVE_REGULATION_OF_IMMUNE_EFFECTOR_PROCESS	-0.40228193550426733			
GSE26290_CTRL_VS_AKT_INHIBITOR_TREATED_ANTI_CD3_AND_IL2_STIM_CD8_TCELL_DN	-0.40230176346079394			
GO_DENDRITIC_CELL_DIFFERENTIATION	-0.40253244422796325			
LINDSTEDT_DENDRITIC_CELL_MATURATION_B	-0.4026409038820728			
IPA_ETS1_DN	-0.40267255895797865			
GSE4535_BM_DERIVED_DC_VS_FOLLICULAR_DC_UP	-0.40274301689649994			
GSE36826_WT_VS_IL1R_KO_SKIN_DN	-0.40282959854009426			
GSE24292_WT_VS_PPARG_KO_MACROPHAGE_DN	-0.4028936642785344			
GO_REGULATION_OF_ANTIGEN_RECEPTOR_MEDIATED_SIGNALING_PATHWAY	-0.40306480314874094			
GSE27291_0H_VS_7D_STIM_GAMMADELTA_TCELL_UP	-0.40315813998380323			
GO_REGULATION_OF_MICROGLIAL_CELL_ACTIVATION	-0.4031848484556635			
SCHUHMACHER_MYC_TARGETS_DN	-0.4032666498986944			
GSE11864_CSF1_PAM3CYS_VS_CSF1_IFNG_PAM3CYS_IN_MAC_DN	-0.40330636700982686			
GO_MYELOID_LEUKOCYTE_ACTIVATION	-0.4033067124854557			
GSE6674_PL2_3_VS_ANTI_IGM_AND_CPG_STIM_BCELL_DN	-0.4034189826659988			
GO_NEGATIVE_REGULATION_OF_CD4_POSITIVE_ALPHA_BETA_T_CELL_DIFFERENTIATION	-0.4034358730592361			
GSE17721_12H_VS_24H_GARDIQUIMOD_BMDC_UP	-0.40362044896928684			
GSE27786_CD4_VS_CD8_TCELL_UP	-0.4036582242505728			
GSE15735_2H_VS_12H_HDAC_INHIBITOR_TREATED_CD4_TCELL_DN	-0.40372141323865496			
GSE29618_PDC_VS_MDC_DAY7_FLU_VACCINE_DN	-0.4037789934364409			
HALLMARK_IL2_STAT5_SIGNALING	-0.40417431816379057			
GSE11864_CSF1_IFNG_VS_CSF1_IFNG_PAM3CYS_IN_MAC_DN	-0.40419417798890295			
GSE27670_BLIMP1_VS_LMP1_TRANSDUCED_GC_BCELL_UP	-0.4042731783913441			
GO_POSITIVE_REGULATION_OF_ADAPTIVE_IMMUNE_RESPONSE	-0.4043535844341337			
GSE25123_IL4_VS_IL4_AND_ROSIGLITAZONE_STIM_PPARG_KO_MACROPHAGE_DAY10_DN	-0.4043565921921143			
GSE12392_WT_VS_IFNB_KO_CD8A_NEG_SPLEEN_DC_DN	-0.40457459497074033			
GO_CELL_ACTIVATION	-0.40460207594816633			
GO_REGULATION_OF_T_HELPER_CELL_DIFFERENTIATION	-0.40495030841574575			
GO_REGULATION_OF_MYELOID_LEUKOCYTE_DIFFERENTIATION	-0.4049806365263491			
GO_NEGATIVE_REGULATION_OF_BONE_DEVELOPMENT	-0.40514547292688846			
GSE339_CD4POS_VS_CD8POS_DC_UP	-0.4053769556239253			
GSE45739_UNSTIM_VS_ACD3_ACD28_STIM_WT_CD4_TCELL_DN	-0.4055482567265898			
BASSO_CD40_SIGNALING_UP	-0.4056651413948355			
LIANG_HEMATOPOIESIS_STEM_CELL_NUMBER_SMALL_VS_HUGE_DN	-0.40568395636756427			
GO_PHAGOCYTOSIS	-0.4057007725987125			
GO_CELL_CELL_ADHESION_MEDIATED_BY_INTEGRIN	-0.4060177578031224			
GO_PLASMA_MEMBRANE_SIGNALING_RECEPTOR_COMPLEX	-0.4063666515477551			
GO_MYD88_INDEPENDENT_TOLL_LIKE_RECEPTOR_SIGNALING_PATHWAY	-0.4064287250378616			
GO_REGULATION_OF_T_CELL_RECEPTOR_SIGNALING_PATHWAY	-0.40647817455349167			
MEF2C_TARGET_GENES	-0.40649188399325076			
GSE14415_INDUCED_TREG_VS_FAILED_INDUCED_TREG_DN	-0.4065747493966649			
GSE22935_WT_VS_MYD88_KO_MACROPHAGE_48H_MBOVIS_BCG_STIM_DN	-0.4066848647806546			
CHEN_METABOLIC_SYNDROM_NETWORK	-0.40705324822574734			
REACTOME_PLATELET_ACTIVATION_SIGNALING_AND_AGGREGATION	-0.4071211943570193			
GO_REGULATION_OF_DNA_CATABOLIC_PROCESS	-0.4073340454778045			
GSE26488_CTRL_VS_PEPTIDE_INJECTION_OT2_THYMOCYTE_DN	-0.4073945918853535			
GSE40277_EOS_AND_LEF1_TRANSDUCED_VS_CTRL_CD4_TCELL_DN	-0.4074127682096745			
GO_POSITIVE_REGULATION_OF_PEPTIDYL_TYROSINE_PHOSPHORYLATION	-0.40741475479127925			
GO_POSITIVE_REGULATION_OF_CELL_ADHESION	-0.4074269356998404			
DIAZ_CHRONIC_MEYLOGENOUS_LEUKEMIA_DN	-0.4074876210971498			
GSE7831_UNSTIM_VS_INFLUENZA_STIM_PDC_4H_UP	-0.4075873242186664			
GSE9988_ANTI_TREM1_VS_ANTI_TREM1_AND_LPS_MONOCYTE_DN	-0.4078732260602875			
GSE13738_RESTING_VS_BYSTANDER_ACTIVATED_CD4_TCELL_DN	-0.4080006840588588			
GSE20727_CTRL_VS_H2O2_TREATED_DC_DN	-0.4085237389064784			
RPS14_DN.V1_UP	-0.408619302744968			
GO_MYELOID_DENDRITIC_CELL_ACTIVATION	-0.4086372841675976			
GO_POSITIVE_REGULATION_OF_T_HELPER_CELL_DIFFERENTIATION	-0.4099240814286345			
CHYLA_CBFA2T3_TARGETS_UP	-0.4101167174490193			
GO_REGULATION_OF_OSTEOCLAST_DEVELOPMENT	-0.410179223417929			
MIR4423_5P	-0.4105775569885693			
GSE14415_INDUCED_TREG_VS_FOXP3_KO_INDUCED_TREG_DN	-0.41076414869493216			
LINDGREN_BLADDER_CANCER_CLUSTER_2B	-0.4108027221760744			
SCHUETZ_BREAST_CANCER_DUCTAL_INVASIVE_UP	-0.4110800540643215			
GSE14415_INDUCED_TREG_VS_TCONV_DN	-0.4113157293326726			
GSE22886_NAIVE_VS_IGM_MEMORY_BCELL_DN	-0.41190171484993054			
REACTOME_ADAPTIVE_IMMUNE_SYSTEM	-0.41202206010551296			
WALLACE_PROSTATE_CANCER_RACE_UP	-0.4121647595255952			
GSE26495_NAIVE_VS_PD1HIGH_CD8_TCELL_DN	-0.4122663035276559			
GSE37532_TREG_VS_TCONV_CD4_TCELL_FROM_LN_DN	-0.41253200338181795			
GSE22935_WT_VS_MYD88_KO_MACROPHAGE_UP	-0.41330572086964273			
GSE3994_WT_VS_PAC1_KO_ACTIVATED_MAST_CELL_DN	-0.41352695166155135			
GO_POSITIVE_REGULATION_OF_CD4_POSITIVE_ALPHA_BETA_T_CELL_ACTIVATION	-0.4140966584560337			
GO_POSITIVE_REGULATION_OF_RECEPTOR_SIGNALING_PATHWAY_VIA_STAT	-0.41458382718111625			
GSE7348_LPS_VS_TOLERIZED_AND_LPS_STIM_MACROPHAGE_DN	-0.4147581326075374			
GSE7460_TCONV_VS_TREG_LN_DN	-0.4150237281666491			
GSE17301_ACD3_ACD28_VS_ACD3_ACD28_AND_IFNA2_STIM_CD8_TCELL_DN	-0.4150252977806451			
GO_EXTERNAL_SIDE_OF_PLASMA_MEMBRANE	-0.41515827696168217			
GO_REGULATION_OF_CYTOSOLIC_CALCIUM_ION_CONCENTRATION	-0.41529079852166195			
GSE45365_NK_CELL_VS_CD11B_DC_MCMV_INFECTION_DN	-0.41529264741089766			
BIDUS_METASTASIS_DN	-0.41537495766826			
KRIGE_RESPONSE_TO_TOSEDOSTAT_24HR_UP	-0.41538122779795034			
GSE32164_RESTING_DIFFERENTIATED_VS_ALTERNATIVELY_ACT_M2_MACROPHAGE_DN	-0.4155481391384208			
GSE5542_UNTREATED_VS_IFNG_TREATED_EPITHELIAL_CELLS_24H_UP	-0.41578478887111714			
GSE24026_PD1_LIGATION_VS_CTRL_IN_ACT_TCELL_LINE_UP	-0.41605206730554023			
PID_CXCR4_PATHWAY	-0.41617326067487886			
BIOCARTA_MONOCYTE_PATHWAY	-0.41625227412195376			
GO_MEMBRANE_INVAGINATION	-0.41678710270098157			
GO_MYELOID_LEUKOCYTE_DIFFERENTIATION	-0.41683066629244936			
GSE39820_CTRL_VS_IL1B_IL6_IL23A_CD4_TCELL_DN	-0.41749759009276033			
GO_OSTEOCLAST_DIFFERENTIATION	-0.41785299195542097			
GSE17721_ALL_VS_24H_PAM3CSK4_BMDC_UP	-0.4181232048479732			
GO_NEGATIVE_REGULATION_OF_MYELOID_LEUKOCYTE_DIFFERENTIATION	-0.4182475388846021			
GO_ZYMOGEN_INHIBITION	-0.4185072646847937			
GSE7568_IL4_TGFB_DEXAMETHASONE_VS_IL4_TGFB_TREATED_MACROPHAGE_DN	-0.4188438741476089			
GSE25123_CTRL_VS_ROSIGLITAZONE_STIM_PPARG_KO_MACROPHAGE_UP	-0.4188899772292179			
MCLACHLAN_DENTAL_CARIES_UP	-0.41909787380458696			
BIOCARTA_LYMPHOCYTE_PATHWAY	-0.4191671996573113			
RODWELL_AGING_KIDNEY_UP	-0.4191930846688721			
GO_RECEPTOR_SIGNALING_PATHWAY_VIA_STAT	-0.41930965364614503			
GO_NEGATIVE_REGULATION_OF_CALCIUM_MEDIATED_SIGNALING	-0.4197813833701531			
GSE40274_CTRL_VS_FOXP3_TRANSDUCED_ACTIVATED_CD4_TCELL_DN	-0.4200257572998713			
GSE3982_BASOPHIL_VS_CENT_MEMORY_CD4_TCELL_UP	-0.42027645734810337			
GSE26495_NAIVE_VS_PD1LOW_CD8_TCELL_DN	-0.4205673903703079			
GSE16385_IFNG_TNF_VS_IL4_STIM_MACROPHAGE_UP	-0.4206879244917953			
RUTELLA_RESPONSE_TO_CSF2RB_AND_IL4_DN	-0.4212885985524392			
GSE33424_CD161_HIGH_VS_NEG_CD8_TCELL_UP	-0.42166837333648327			
GSE37532_VISCERAL_ADIPOSE_TISSUE_VS_LN_DERIVED_PPARG_KO_TREG_CD4_TCELL_UP	-0.42237949671437885			
GSE22886_DAY1_VS_DAY7_MONOCYTE_IN_CULTURE_UP	-0.42249700224337894			
HUANG_GATA2_TARGETS_UP	-0.42252134980043227			
GSE17721_LPS_VS_POLYIC_24H_BMDC_DN	-0.4245199053387409			
NEMETH_INFLAMMATORY_RESPONSE_LPS_UP	-0.4249761398460935			
GSE21670_UNTREATED_VS_IL6_TREATED_STAT3_KO_CD4_TCELL_UP	-0.4257708564786869			
GSE17301_ACD3_ACD28_VS_ACD3_ACD28_AND_IFNA5_STIM_CD8_TCELL_DN	-0.42668553796935965			
GSE19888_ADENOSINE_A3R_ACT_VS_TCELL_MEMBRANES_ACT_IN_MAST_CELL_UP	-0.427247708098985			
GSE15330_MEGAKARYOCYTE_ERYTHROID_VS_GRANULOCYTE_MONOCYTE_PROGENITOR_UP	-0.4275608002809379			
GSE17301_IFNA2_VS_IFNA2_AND_ACD3_ACD28_STIM_CD8_TCELL_UP	-0.42756383006687454			
GO_REGULATION_OF_RECEPTOR_SIGNALING_PATHWAY_VIA_STAT	-0.42787997590456744			
GSE36888_UNTREATED_VS_IL2_TREATED_STAT5_AB_KNOCKIN_TCELL_17H_UP	-0.4296432174187069			
GO_NEGATIVE_REGULATION_OF_ANTIGEN_RECEPTOR_MEDIATED_SIGNALING_PATHWAY	-0.42990905385669187			
GO_REGULATION_OF_MACROPHAGE_ACTIVATION	-0.4307476422964265			
HOSHIDA_LIVER_CANCER_SUBCLASS_S1	-0.4318007319735976			
GSE5542_UNTREATED_VS_IFNG_TREATED_EPITHELIAL_CELLS_6H_DN	-0.4328424680038601			
DEURIG_T_CELL_PROLYMPHOCYTIC_LEUKEMIA_DN	-0.4331996886693574			
GSE37532_VISCERAL_ADIPOSE_TISSUE_VS_LN_DERIVED_TREG_CD4_TCELL_UP	-0.4333531624472365			
GSE41087_WT_VS_FOXP3_MUT_ANTI_CD3_CD28_STIM_CD4_TCELL_UP	-0.4334468787602044			
GSE17721_LPS_VS_CPG_12H_BMDC_DN	-0.4346235661473057			
TORCHIA_TARGETS_OF_EWSR1_FLI1_FUSION_DN	-0.4362288305572104			
GO_MACROPHAGE_ACTIVATION	-0.43650623726501137			
REACTOME_HEMOSTASIS	-0.437018954757625			
REACTOME_CELL_SURFACE_INTERACTIONS_AT_THE_VASCULAR_WALL	-0.43739345510130145			
GSE5679_PPARG_LIGAND_ROSIGLITAZONE_VS_ROSIGLITAZONE_AND_RARA_AGONIST_AM580_TREATED_DC_UP	-0.438207145997983			
KEGG_HEMATOPOIETIC_CELL_LINEAGE	-0.43836780303446654			
GSE7831_UNSTIM_VS_INFLUENZA_STIM_PDC_1H_DN	-0.43915920802284864			
GSE45739_UNSTIM_VS_ACD3_ACD28_STIM_NRAS_KO_CD4_TCELL_DN	-0.43991622223725624			
GSE3565_CTRL_VS_LPS_INJECTED_DUSP1_KO_SPLENOCYTES_UP	-0.44054214659082963			
PARK_APL_PATHOGENESIS_UP	-0.440694841424769			
GO_NEGATIVE_REGULATION_OF_OSTEOCLAST_DIFFERENTIATION	-0.44076152591382106			
GSE3565_DUSP1_VS_WT_SPLENOCYTES_UP	-0.4411618757699734			
GSE20727_ROS_INH_VS_ROS_INH_AND_DNFB_ALLERGEN_TREATED_DC_UP	-0.4413895717155253			
GSE5542_UNTREATED_VS_IFNA_TREATED_EPITHELIAL_CELLS_6H_UP	-0.44192253834091977			
GSE5463_CTRL_VS_DEXAMETHASONE_TREATED_THYMOCYTE_UP	-0.4434211730037628			
GSE24142_EARLY_THYMIC_PROGENITOR_VS_DN3_THYMOCYTE_FETAL_UP	-0.44376482232896963			
GO_SIDE_OF_MEMBRANE	-0.44546563682862955			
GSE2935_UV_INACTIVATED_VS_LIVE_SENDAI_VIRUS_INF_MACROPHAGE_DN	-0.4505096156649538			
GSE3565_CTRL_VS_LPS_INJECTED_SPLENOCYTES_UP	-0.45141639384328747			
GSE25087_TREG_VS_TCONV_ADULT_UP	-0.46144174805159743			
chr13q11				
chr9q13				
F2RL1_TARGET_GENES				
LAMTOR5_TARGET_GENES				
SOD1_TARGET_GENES				
GO_REGULATION_OF_CIRCULATING_FIBRINOGEN_LEVELS				
GO_FLAVONOID_GLUCURONIDATION				
GO_NEGATIVE_REGULATION_OF_INTERLEUKIN_6_MEDIATED_SIGNALING_PATHWAY				
GO_NEGATIVE_REGULATION_OF_ARTERY_MORPHOGENESIS				
GO_NEGATIVE_REGULATION_OF_INTERLEUKIN_1_BIOSYNTHETIC_PROCESS				
GO_NEGATIVE_REGULATION_OF_INTERLEUKIN_1_BETA_BIOSYNTHETIC_PROCESS				
GO_RNA_BINDING_INVOLVED_IN_POSTTRANSCRIPTIONAL_GENE_SILENCING				
IPA_ACTL6A_DN				
IPA_ADAR_DN				
IPA_AIRE_DN				
IPA_ALX4_UP				
IPA_ALYREF_DN				
IPA_ARID1B_DN				
IPA_ARID4B_DN				
IPA_ARNT2_DN				
IPA_ATF1_DN				
IPA_ATF7_DN				
IPA_ATOH1_DN				
IPA_BACH2_DN				
IPA_BARHL2_DN				
IPA_BARX2_DN				
IPA_BATF_DN				
IPA_BCL11A_UP				
IPA_BDP1_UP				
IPA_BHLHE22_DN				
IPA_BHLHE40_DN				
IPA_BHLHE41_UP				
IPA_BNIP3_DN				
IPA_ZFP36L1_DN				
IPA_BRIP1_UP				
IPA_MYRF_DN				
IPA_CDC5L_DN				
IPA_CDCA7L_UP				
IPA_CDCA7L_DN				
IPA_CDK7_DN				
IPA_CHD3_DN				
IPA_CHD5_UP				
IPA_CHD7_DN				
IPA_CLOCK_DN				
IPA_CNOT3_UP				
IPA_CNOT3_DN				
IPA_CREB3_DN				
IPA_CREB3L2_DN				
IPA_CREB3L3_DN				
IPA_CREB5_UP				
IPA_CRTC1_DN				
IPA_CTCFL_DN				
IPA_DEK_UP				
IPA_DEK_DN				
IPA_DLX3_DN				
IPA_DMRT1_DN				
IPA_DMTF1_DN				
IPA_DNAJC1_DN				
IPA_E2F3_DN				
IPA_E2F5_UP				
IPA_E4F1_DN				
IPA_ELF1_DN				
IPA_ELK4_DN				
IPA_EMX1_DN				
IPA_ENO1_DN				
IPA_EP400_DN				
IPA_ERCC6_DN				
IPA_ERCC8_UP				
IPA_ERCC8_DN				
IPA_ETV4_DN				
IPA_FANCD2_DN				
IPA_FEV_DN				
IPA_FEZF2_DN				
IPA_FOXA3_DN				
IPA_FOXC1_DN				
IPA_FOXE3_DN				
IPA_FOXH1_DN				
IPA_FOXI1_DN				
IPA_FOXJ1_DN				
IPA_FOXN1_DN				
IPA_FOXN3_UP				
IPA_FOXP2_UP				
IPA_FUBP1_DN				
IPA_GABPB1_DN				
IPA_GATA5_DN				
IPA_GATA6_DN				
IPA_GLIS1_DN				
IPA_GRHL1_DN				
IPA_GRHL2_DN				
IPA_GRHL3_UP				
IPA_GRHL3_DN				
IPA_GTF2B_DN				
IPA_GTF2F2_DN				
IPA_GTF2H1_UP				
IPA_GTF2IRD1_UP				
IPA_GTF3C2_UP				
IPA_GZF1_DN				
IPA_HBP1_UP				
IPA_HBP1_DN				
IPA_HES2_DN				
IPA_HES7_DN				
IPA_HESX1_UP				
IPA_HINFP_DN				
IPA_HIVEP2_UP				
IPA_HIVEP2_DN				
IPA_HOPX_DN				
IPA_HOXA2_DN				
IPA_HOXA3_DN				
IPA_HOXA5_UP				
IPA_HOXA6_UP				
IPA_HOXB13_DN				
IPA_HOXB3_DN				
IPA_HOXB5_UP				
IPA_HOXB5_DN				
IPA_HOXB6_UP				
IPA_HOXB6_DN				
IPA_HOXB7_UP				
IPA_HOXB7_DN				
IPA_HOXC13_DN				
IPA_HOXD11_DN				
IPA_HOXD9_DN				
IPA_HSF2_UP				
IPA_HSF2_DN				
IPA_HSF4_DN				
IPA_IKZF3_UP				
IPA_ILF3_DN				
IPA_ING4_DN				
IPA_IRF6_DN				
IPA_IRX2_UP				
IPA_ISX_UP				
IPA_ISX_DN				
IPA_JDP2_DN				
IPA_KCNIP2_UP				
IPA_KCNIP4_UP				
IPA_KCNIP4_DN				
IPA_KLF1_DN				
IPA_KLF11_UP				
IPA_KLF15_DN				
IPA_KLF2_DN				
IPA_KLF7_UP				
IPA_KLF7_DN				
IPA_KLF8_UP				
IPA_LBX1_UP				
IPA_LDB2_DN				
IPA_LMO2_DN				
IPA_LMO3_UP				
IPA_LMX1A_DN				
IPA_LRPPRC_DN				
IPA_LRRFIP1_DN				
IPA_MAFF_DN				
IPA_MAFG_DN				
IPA_MAFK_DN				
IPA_MAPK8IP1_DN				
IPA_MBD1_UP				
IPA_MECOM_DN				
IPA_MESP1_DN				
IPA_MESP2_DN				
IPA_MIER1_UP				
IPA_KMT2A_DN				
IPA_KMT2C_DN				
IPA_MLX_DN				
IPA_MNAT1_DN				
IPA_MSLN_DN				
IPA_MTA2_UP				
IPA_MTA3_DN				
IPA_MTF1_DN				
IPA_MXD1_DN				
IPA_MXI1_UP				
IPA_MYBBP1A_DN				
IPA_MYCBP_DN				
IPA_MYF6_DN				
IPA_NCL_DN				
IPA_NCOA2_DN				
IPA_NCOA6_DN				
IPA_NEUROD2_DN				
IPA_NEUROD4_DN				
IPA_NEUROG3_DN				
IPA_NFATC4_DN				
IPA_NFYB_DN				
IPA_NFYC_DN				
IPA_NHLH1_DN				
IPA_NKX2-2_DN				
IPA_NKX3-2_DN				
IPA_NMI_DN				
IPA_NOBOX_DN				
IPA_NONO_DN				
IPA_NOV_DN				
IPA_NPAS2_DN				
IPA_NPAS3_DN				
IPA_NR1D1_UP				
IPA_NR1D2_UP				
IPA_NR2E3_UP				
IPA_NR6A1_UP				
IPA_OLIG2_DN				
IPA_OXSR1_DN				
IPA_OTP_DN				
IPA_OTX1_DN				
IPA_OVOL1_DN				
IPA_PA2G4_UP				
IPA_PAX1_DN				
IPA_PAX4_DN				
IPA_PBX2_DN				
IPA_PDCD2_UP				
IPA_PDCD2_DN				
IPA_PHOX2B_DN				
IPA_PLAGL2_DN				
IPA_POU3F2_DN				
IPA_PPP1R13B_DN				
IPA_PRDM16_DN				
IPA_PRDM8_UP				
IPA_PSMB1_DN				
IPA_RAX_DN				
IPA_RB1CC1_DN				
IPA_RBMS1_UP				
IPA_RBMS1_DN				
IPA_RBPJL_DN				
IPA_RCOR1_UP				
IPA_RFX4_DN				
IPA_RFX7_UP				
IPA_RPA1_UP				
IPA_RREB1_DN				
IPA_RUVBL1_DN				
IPA_SALL1_DN				
IPA_SFPQ_DN				
IPA_SIN3A_UP				
IPA_SIRT6_UP				
IPA_SIRT6_DN				
IPA_SIX1_UP				
IPA_SIX2_DN				
IPA_SIX3_UP				
IPA_SIX4_DN				
IPA_SIX5_DN				
IPA_SMARCC2_DN				
IPA_SNAPC1_UP				
IPA_SNAPC1_DN				
IPA_SNAPC2_UP				
IPA_SNAPC2_DN				
IPA_SNAPC3_UP				
IPA_SNAPC3_DN				
IPA_SNAPC4_UP				
IPA_SNAPC4_DN				
IPA_SOHLH1_DN				
IPA_SOX1_DN				
IPA_SOX11_DN				
IPA_SOX17_DN				
IPA_SOX6_DN				
IPA_SOX8_UP				
IPA_SP8_DN				
IPA_SPIB_DN				
IPA_SRCAP_DN				
IPA_SRY_DN				
IPA_SSRP1_DN				
IPA_STRAP_DN				
IPA_SUB1_UP				
IPA_T_UP				
IPA_T_DN				
IPA_TADA3_DN				
IPA_TAF10_DN				
IPA_TAF12_DN				
IPA_TAF4B_DN				
IPA_TARBP2_DN				
IPA_TAZ_DN				
IPA_TBX1_DN				
IPA_TBX22_DN				
IPA_TCF20_DN				
IPA_TFCP2_DN				
IPA_TFDP2_DN				
IPA_TFEB_DN				
IPA_TGFB1I1_DN				
IPA_TLE1_DN				
IPA_TLX1_DN				
IPA_TLX3_DN				
IPA_TRIM24_UP				
IPA_TSHZ3_UP				
IPA_UBTF_DN				
IPA_UHRF1_DN				
IPA_USF1_DN				
IPA_VSX2_UP				
IPA_WHSC1_DN				
IPA_XRCC5_UP				
IPA_YAP1_DN				
IPA_YBX2_DN				
IPA_ZBTB20_DN				
IPA_ZBTB43_UP				
IPA_ZBTB7A_UP				
IPA_ZBTB7C_DN				
IPA_ZBTB14_UP				
IPA_ZFPM2_DN				
IPA_ZMYND11_UP				
IPA_ZNF100_DN				
IPA_ZNF143_DN				
IPA_ZNF217_UP				
IPA_ZNF254_DN				
IPA_ZNF302_DN				
IPA_ZNF33A_UP				
IPA_ZNF354C_UP				
IPA_ZNF423_UP				
IPA_ZNF429_DN				
IPA_ZNF43_DN				
IPA_ZNF431_DN				
IPA_ZNF512B_UP				
IPA_ZNF528_DN				
IPA_ZNF536_DN				
IPA_ZNF552_UP				
IPA_ZNF665_DN				
IPA_ZNF708_DN				
IPA_ZNF85_DN				
IPA_ZNF91_DN				
IPA_ZSCAN10_DN				
IPA_HIST1H1C_UP				
IPA_HIST1H1D_UP				
IPA_H2AFY_UP				
IPA_HIST1H1E_UP				
IPA_SMYD3_DN				
IPA_SIRT2_DN				
IPA_ASF1B_DN				
IPA_KMT2D_DN				
IPA_MED14_UP				
IPA_MED14_DN				
IPA_MED13_UP				
IPA_SETD7_UP				
IPA_SUV39H2_DN				
IPA_SETD2_UP				
IPA_SETD2_DN				
IPA_NSD1_DN				
IPA_WHSC1L1_DN				
IPA_CHD8_DN				
IPA_CTR9_DN				
IPA_PRMT5_UP				
IPA_PSMC6_DN				
IPA_PAF1_DN				
IPA_CDC73_DN				
IPA_EED_UP				
IPA_WDR82_DN				
IPA_MED28_UP				
IPA_MLLT3_DN				
IPA_JARID2_DN				
IPA_SMARCD2_DN				
IPA_HIST1H2BE_DN				
IPA_ERCC6L_UP				
IPA_HIST1H2BG_DN				
IPA_SMARCD3_DN				
IPA_KDM2B_UP				
IPA_KDM2B_DN				
IPA_CENPA_DN				
IPA_ACTR3_DN				
IPA_KDM4C_DN				
IPA_SET_DN				
IPA_KDM4B_DN				
IPA_HIST1H2BC_DN				
IPA_H3F3B_UP				
IPA_H3F3B_DN				
IPA_HIST1H2BI_DN				
IPA_H3F3A_UP				
IPA_H3F3A_DN				
IPA_KAT7_UP				
IPA_HDAC10_UP				
