	Score	0.95 MoE	P-Value	Q-Value
GO_AMINO_ACID_HOMEOSTASIS	0.3244227567438147			
GSE21670_IL6_VS_TGFB_AND_IL6_TREATED_CD4_TCELL_UP	0.3064865573912589			
JAIN_NFKB_SIGNALING	0.3047150973555485			
GSE17974_CTRL_VS_ACT_IL4_AND_ANTI_IL12_0.5H_CD4_TCELL_DN	0.30264174874326333			
MORI_SMALL_PRE_BII_LYMPHOCYTE_DN	0.30212231185147176			
GSE5589_IL6_KO_VS_IL10_KO_LPS_AND_IL6_STIM_MACROPHAGE_45MIN_UP	0.30102995875872995			
GSE32986_UNSTIM_VS_CURDLAN_HIGHDOSE_STIM_DC_UP	0.30006684243323456			
GO_ATPASE_INHIBITOR_ACTIVITY	0.2981922853203546			
GSE22443_NAIVE_VS_ACT_AND_IL12_TREATED_CD8_TCELL_DN	0.29779439864298524			
REACTOME_METABOLISM_OF_FOLATE_AND_PTERINES	0.29749341876444224			
GO_10_FORMYLTETRAHYDROFOLATE_METABOLIC_PROCESS	0.29603629621974237			
IRITANI_MAD1_TARGETS_UP	0.29522392998613023			
GSE41867_DAY8_EFFECTOR_VS_DAY30_EXHAUSTED_CD8_TCELL_LCMV_CLONE13_DN	0.29491977697903854			
ZNF26_TARGET_GENES	0.2943268693322348			
BASSO_B_LYMPHOCYTE_NETWORK	0.29294711216014535			
HOXB8_TARGET_GENES	0.29269240832267474			
GSE369_PRE_VS_POST_IL6_INJECTION_IFNG_KO_LIVER_UP	0.2920225182249429			
GO_POSITIVE_REGULATION_OF_DOUBLE_STRAND_BREAK_REPAIR_VIA_HOMOLOGOUS_RECOMBINATION	0.2901892866054284			
IPA_NR1H4_DN	0.29006208275299705			
GO_REGULATION_OF_ISOTYPE_SWITCHING	0.2900321638530717			
GO_REGULATION_OF_TRANSPORTER_ACTIVITY	0.28971350093778275			
GSE22601_DOUBLE_NEGATIVE_VS_DOUBLE_POSITIVE_THYMOCYTE_DN	0.2895450251187585			
GO_DNA_POLYMERASE_ACTIVITY	0.28925009101155774			
GO_WASH_COMPLEX	0.2888282936564494			
GO_POSITIVE_REGULATION_OF_CD4_POSITIVE_ALPHA_BETA_T_CELL_DIFFERENTIATION	0.2885682204863176			
GSE6674_CPG_VS_CPG_AND_ANTI_IGM_STIM_BCELL_UP	0.288401556816603			
FUNG_IL2_SIGNALING_1	0.2883802636601814			
HUANG_GATA2_TARGETS_UP	0.28777341217881275			
GSE5099_CLASSICAL_M1_VS_ALTERNATIVE_M2_MACROPHAGE_UP	0.287475544817478			
GSE34515_CD16_POS_MONOCYTE_VS_DC_DN	0.2868912431795315			
IPA_CCNH_UP	0.28674205512286854			
GO_ANIMAL_ORGAN_REGENERATION	0.28599862326382824			
GSE27786_NKCELL_VS_MONO_MAC_UP	0.28593863333617753			
GSE15930_STIM_VS_STIM_AND_IFNAB_48H_CD8_T_CELL_UP	0.28591921272619614			
GSE14308_TH1_VS_INDUCED_TREG_UP	0.2857935290135802			
GSE32423_CTRL_VS_IL7_IL4_MEMORY_CD8_TCELL_DN	0.28563493187008776			
GSE3982_CTRL_VS_PMA_STIM_EOSINOPHIL_DN	0.28545195433838055			
GSE2770_UNTREATED_VS_ACT_CD4_TCELL_6H_UP	0.28529036446346223			
GSE3720_LPS_VS_PMA_STIM_VD1_GAMMADELTA_TCELL_DN	0.28463845165102375			
chr12p12	0.2845799543791764			
GO_INHIBITION_OF_CYSTEINE_TYPE_ENDOPEPTIDASE_ACTIVITY_INVOLVED_IN_APOPTOTIC_PROCESS	0.2843659172524908			
GO_REGULATION_OF_TOLL_LIKE_RECEPTOR_9_SIGNALING_PATHWAY	0.2841237160896952			
GSE19941_UNSTIM_VS_LPS_AND_IL10_STIM_IL10_KO_MACROPHAGE_DN	0.2840559799056035			
GENTLES_LEUKEMIC_STEM_CELL_DN	0.28404641231202304			
GSE2826_WT_VS_XID_BCELL_UP	0.2839659347213427			
GSE21670_STAT3_KO_VS_WT_CD4_TCELL_TGFB_IL6_TREATED_UP	0.28357891225412835			
GSE17721_CTRL_VS_POLYIC_6H_BMDC_UP	0.28348858754967904			
GSE21360_NAIVE_VS_TERTIARY_MEMORY_CD8_TCELL_UP	0.2833984666397089			
REACTOME_TRANSCRIPTIONAL_ACTIVITY_OF_SMAD2_SMAD3_SMAD4_HETEROTRIMER	0.2833916750684336			
MIR630	0.28323109408148495			
GO_ONE_CARBON_METABOLIC_PROCESS	0.2831534802822565			
SHIPP_DLBCL_VS_FOLLICULAR_LYMPHOMA_UP	0.28301646687853405			
GSE22886_NAIVE_VS_IGM_MEMORY_BCELL_DN	0.28300531708502935			
GSE17974_1H_VS_72H_UNTREATED_IN_VITRO_CD4_TCELL_DN	0.28299252626257676			
GO_RESPONSE_TO_INTERLEUKIN_12	0.2828537773216972			
GSE9988_ANTI_TREM1_AND_LPS_VS_VEHICLE_TREATED_MONOCYTES_DN	0.2826802645871683			
MARTINEZ_RESPONSE_TO_TRABECTEDIN_DN	0.28259724864038177			
MIR4662A_3P	0.28254633699375886			
GSE1432_6H_VS_24H_IFNG_MICROGLIA_DN	0.2824596715811684			
GSE3982_BASOPHIL_VS_CENT_MEMORY_CD4_TCELL_UP	0.2824375241115363			
GSE17186_NAIVE_VS_CD21LOW_TRANSITIONAL_BCELL_CORD_BLOOD_DN	0.28234098782432576			
GO_CELLULAR_EXTRAVASATION	0.28233120407460305			
GSE5099_DAY3_VS_DAY7_MCSF_TREATED_MACROPHAGE_UP	0.2822693369483054			
GSE339_CD8POS_VS_CD4CD8DN_DC_IN_CULTURE_DN	0.2822481224730998			
GSE5589_UNSTIM_VS_180MIN_LPS_AND_IL10_STIM_MACROPHAGE_DN	0.28222148022328963			
GSE21033_1H_VS_24H_POLYIC_STIM_DC_DN	0.2821368543029845			
GSE17721_0.5H_VS_4H_PAM3CSK4_BMDC_DN	0.28200836965889764			
GO_RESPONSE_TO_COBALT_ION	0.28198239618857407			
GO_T_CELL_DIFFERENTIATION_INVOLVED_IN_IMMUNE_RESPONSE	0.28174795357689403			
GSE43955_1H_VS_42H_ACT_CD4_TCELL_WITH_TGFB_IL6_UP	0.2815323740792321			
GSE19888_ADENOSINE_A3R_INH_VS_ACT_IN_MAST_CELL_DN	0.28145193120573075			
KORKOLA_EMBRYONAL_CARCINOMA_UP	0.2814014128040283			
GO_POSITIVE_REGULATION_OF_DNA_TEMPLATED_TRANSCRIPTION_INITIATION	0.2813389042911038			
GSE20151_CTRL_VS_FUSOBACT_NUCLEATUM_NEUTROPHIL_DN	0.2812551639913593			
REACTOME_REGULATION_OF_TNFR1_SIGNALING	0.2809984546230051			
GO_T_CELL_ACTIVATION_INVOLVED_IN_IMMUNE_RESPONSE	0.28089166327045895			
GO_ACYLGLYCEROL_TRANSPORT	0.28051336737088245			
GSE360_CTRL_VS_M_TUBERCULOSIS_MAC_DN	0.2804169176182228			
GSE2585_CTEC_VS_THYMIC_MACROPHAGE_UP	0.28037147448017075			
GSE21927_C26GM_VS_4T1_TUMOR_MONOCYTE_BALBC_UP	0.2802633870756282			
GSE45365_WT_VS_IFNAR_KO_BCELL_MCMV_INFECTION_DN	0.28012274702609113			
GO_MAST_CELL_GRANULE	0.28004129952398354			
MULLIGHAN_MLL_SIGNATURE_1_UP	0.27979444460316844			
IPA_FOXO3_DN	0.27966834760680276			
REACTOME_CD28_DEPENDENT_VAV1_PATHWAY	0.2796534211127241			
GO_TUMOR_NECROSIS_FACTOR_RECEPTOR_BINDING	0.27962187925467313			
MIR3126_5P	0.27960128681190316			
LIANG_HEMATOPOIESIS_STEM_CELL_NUMBER_SMALL_VS_HUGE_DN	0.2795004631325905			
GSE46143_CTRL_VS_LMP2A_TRANSDUCED_CD10_POS_GC_BCELL_DN	0.27928439288220097			
GO_OPSONIN_BINDING	0.2792330914693718			
GSE7831_UNSTIM_VS_CPG_STIM_PDC_4H_UP	0.2791969533269126			
GSE40274_CTRL_VS_FOXP3_AND_GATA1_TRANSDUCED_ACTIVATED_CD4_TCELL_DN	0.2788595881483079			
GO_TETRAHYDROFOLATE_METABOLIC_PROCESS	0.27884585609323637			
GO_POSITIVE_REGULATION_OF_CD4_POSITIVE_ALPHA_BETA_T_CELL_ACTIVATION	0.2786235311252964			
GOLDRATH_EFF_VS_MEMORY_CD8_TCELL_UP	0.278455308558784			
GO_TOLL_LIKE_RECEPTOR_9_SIGNALING_PATHWAY	0.27844404084540897			
GSE1925_CTRL_VS_3H_IFNG_STIM_IFNG_PRIMED_MACROPHAGE_UP	0.278410158237136			
GSE24574_BCL6_HIGH_TFH_VS_TCONV_CD4_TCELL_DN	0.2782984100720655			
GSE21927_SPLEEN_MONOCYTE_VS_GMCSF_GCSF_BONE_MARROW_DN	0.27829008325406795			
GSE21033_CTRL_VS_POLYIC_STIM_DC_12H_UP	0.2781391896396026			
CAFFAREL_RESPONSE_TO_THC_UP	0.2781349637704022			
GO_HIGH_DENSITY_LIPOPROTEIN_PARTICLE_BINDING	0.2780042893871309			
GSE17974_0H_VS_48H_IN_VITRO_ACT_CD4_TCELL_DN	0.2779163255147797			
ROSS_AML_WITH_MLL_FUSIONS	0.27786937529558403			
GSE17721_LPS_VS_PAM3CSK4_24H_BMDC_DN	0.2778393409402608			
HAHTOLA_SEZARY_SYNDROM_UP	0.27780855486155426			
GSE43955_1H_VS_20H_ACT_CD4_TCELL_DN	0.27780266348008664			
DAIRKEE_CANCER_PRONE_RESPONSE_BPA_E2	0.2776976840967006			
GO_MULTI_ORGANISM_REPRODUCTIVE_PROCESS	0.2776876787637042			
GO_REGULATION_OF_CORE_PROMOTER_BINDING	0.27765688873736033			
GO_POSITIVE_REGULATION_OF_CYSTEINE_TYPE_ENDOPEPTIDASE_ACTIVITY_INVOLVED_IN_APOPTOTIC_SIGNALING_PATHWAY	0.27741915264574846			
GSE41176_UNSTIM_VS_ANTI_IGM_STIM_BCELL_1H_DN	0.27737729680341244			
GSE42021_CD24HI_VS_CD24INT_TCONV_THYMUS_DN	0.2773135788352108			
GSE32423_IL7_VS_IL4_MEMORY_CD8_TCELL_UP	0.27731151810802446			
GSE32986_UNSTIM_VS_GMCSF_AND_CURDLAN_LOWDOSE_STIM_DC_UP	0.2772307889590637			
AZARE_STAT3_TARGETS	0.27720180395074706			
IPA_HDAC4_UP	0.277024171409159			
GO_FORMATE_METABOLIC_PROCESS	0.27697299666076586			
GO_PROTEIN_HOMOTETRAMERIZATION	0.27694424898635045			
SEMENZA_HIF1_TARGETS	0.27687458630822326			
GSE17721_0.5H_VS_4H_CPG_BMDC_UP	0.2767769853741836			
QI_PLASMACYTOMA_UP	0.2766310203924522			
GSE3039_ALPHAALPHA_CD8_TCELL_VS_B1_BCELL_DN	0.27658409526144845			
ICHIBA_GRAFT_VERSUS_HOST_DISEASE_35D_UP	0.2765799389144085			
IPA_ZFPM1_DN	0.2764569232818435			
GO_CELL_ACTIVATION	0.2762726464586025			
HAHTOLA_CTCL_CUTANEOUS	0.2760071112980736			
GSE29164_DAY3_VS_DAY7_CD8_TCELL_AND_IL12_TREATED_MELANOMA_DN	0.2758191952871319			
IPA_REL_UP	0.2757456166266289			
chr6q13	0.27569823378170544			
GO_ALDITOL_METABOLIC_PROCESS	0.27561972075049895			
GO_HISTONE_SERINE_PHOSPHORYLATION	0.2756045013283221			
GO_REGULATION_OF_ISOTYPE_SWITCHING_TO_IGE_ISOTYPES	0.275558237697482			
REACTOME_INTERLEUKIN_12_FAMILY_SIGNALING	0.27543629016805427			
GO_DEATH_INDUCING_SIGNALING_COMPLEX	0.2754189088584289			
IPA_PRDM1_UP	0.27534932137275725			
XU_RESPONSE_TO_TRETINOIN_UP	0.27532642778854677			
GSE21927_SPLEEN_VS_BONE_MARROW_MONOCYTE_BALBC_DN	0.27531358371732173			
GO_MALE_MEIOTIC_NUCLEAR_DIVISION	0.27529996013305547			
GSE6259_FLT3L_INDUCED_DEC205_POS_DC_VS_BCELL_DN	0.27528192805158574			
GO_GUANYLYLTRANSFERASE_ACTIVITY	0.27523649611293777			
BIOCARTA_IL4_PATHWAY	0.27514679208692083			
GSE13547_WT_VS_ZFX_KO_BCELL_DN	0.2751412642786531			
JIANG_AGING_HYPOTHALAMUS_UP	0.2751375853430115			
MIR3907	0.27499627071153326			
GSE17186_NAIVE_VS_CD21HIGH_TRANSITIONAL_BCELL_UP	0.27491264000118265			
GO_PHOSPHOLIPID_TRANSPORT	0.27489155290620365			
SENGUPTA_EBNA1_ANTICORRELATED	0.2748533950086761			
GO_REGULATION_OF_IMMUNE_EFFECTOR_PROCESS	0.2748364998279037			
GSE17974_2H_VS_72H_UNTREATED_IN_VITRO_CD4_TCELL_DN	0.2748308488297381			
GALI_TP53_TARGETS_APOPTOTIC_UP	0.2746910685636912			
GO_T_HELPER_1_CELL_DIFFERENTIATION	0.2746751663214893			
KORKOLA_SEMINOMA_UP	0.27466510117880577			
GSE2585_CTEC_VS_THYMIC_MACROPHAGE_DN	0.27465984315016095			
GSE24634_IL4_VS_CTRL_TREATED_NAIVE_CD4_TCELL_DAY5_DN	0.274641577573796			
DIAZ_CHRONIC_MEYLOGENOUS_LEUKEMIA_UP	0.27463877128769043			
TURJANSKI_MAPK7_TARGETS	0.2746109878020499			
GTF2E2_TARGET_GENES	0.2746051319798721			
GSE23925_DARK_ZONE_VS_NAIVE_BCELL_UP	0.2744553327645672			
MIR3136_5P	0.2743768174789908			
GO_CIRCADIAN_SLEEP_WAKE_CYCLE_REM_SLEEP	0.2741464265542673			
SCHLOSSER_SERUM_RESPONSE_DN	0.2737340939605434			
SAKAI_TUMOR_INFILTRATING_MONOCYTES_DN	0.2736260651262494			
GO_IMMUNE_EFFECTOR_PROCESS	0.2735638045218912			
GO_POSITIVE_REGULATION_OF_TRANSLATION	0.2735583999364514			
GSE2585_THYMIC_DC_VS_MTEC_UP	0.2735578498857213			
MATZUK_MATERNAL_EFFECT	0.2734302881215717			
GO_DNA_DIRECTED_DNA_POLYMERASE_ACTIVITY	0.2733566135776928			
GO_MATURE_B_CELL_DIFFERENTIATION	0.27325530834382233			
WU_HBX_TARGETS_3_UP	0.27319454690713757			
GSE29618_LAIV_VS_TIV_FLU_VACCINE_DAY7_MDC_DN	0.2731940971117789			
GSE25123_CTRL_VS_IL4_STIM_MACROPHAGE_DN	0.273142767330452			
GSE5589_LPS_AND_IL10_VS_LPS_AND_IL6_STIM_MACROPHAGE_45MIN_DN	0.2730301907652319			
GSE339_EX_VIVO_VS_IN_CULTURE_CD4CD8DN_DC_UP	0.27283965648343517			
PID_HIV_NEF_PATHWAY	0.27280970128158827			
GO_POSITIVE_REGULATION_OF_CYTOKINE_BIOSYNTHETIC_PROCESS	0.2727091288835645			
GO_PHAGOCYTOSIS	0.2726906008920586			
GO_POSITIVE_REGULATION_OF_IMMUNE_EFFECTOR_PROCESS	0.2726770791374748			
PEART_HDAC_PROLIFERATION_CLUSTER_DN	0.2726062728846136			
GSE22196_HEALTHY_VS_OBESE_MOUSE_SKIN_GAMMADELTA_TCELL_UP	0.27253134561136044			
GO_PERICENTRIC_HETEROCHROMATIN	0.2725196842677856			
REACTOME_SCAVENGING_BY_CLASS_F_RECEPTORS	0.272495849391933			
DEURIG_T_CELL_PROLYMPHOCYTIC_LEUKEMIA_DN	0.27244623225551806			
GSE28408_LY6G_POS_VS_NEG_DC_UP	0.27243256372861485			
GSE22935_WT_VS_MYD88_KO_MACROPHAGE_24H_MBOVIS_BCG_STIM_DN	0.2723718417703924			
GSE29618_PRE_VS_DAY7_FLU_VACCINE_BCELL_DN	0.2723532880640912			
GO_ZYMOGEN_INHIBITION	0.2723026067588195			
GAVIN_FOXP3_TARGETS_CLUSTER_T7	0.27230107640899653			
GSE21927_BALBC_VS_C57BL6_MONOCYTE_TUMOR_DN	0.27225541981530305			
POOLA_INVASIVE_BREAST_CANCER_UP	0.27221648566291745			
GSE22935_WT_VS_MYD88_KO_MACROPHAGE_UP	0.27216797873537696			
GSE7831_CPG_VS_INFLUENZA_STIM_PDC_1H_UP	0.2720950371677705			
GSE17721_CTRL_VS_GARDIQUIMOD_0.5H_BMDC_UP	0.2720798794694053			
GO_REGULATION_OF_MYELOID_LEUKOCYTE_MEDIATED_IMMUNITY	0.2719790184400872			
GSE17721_POLYIC_VS_GARDIQUIMOD_8H_BMDC_UP	0.2718915975013229			
GSE36078_WT_VS_IL1R_KO_LUNG_DC_DN	0.2718498181978078			
IPA_IRF8_DN	0.2717424836690873			
SA_G2_AND_M_PHASES	0.2717309993787021			
GSE9650_EFFECTOR_VS_EXHAUSTED_CD8_TCELL_UP	0.2714414046030107			
GSE10239_NAIVE_VS_KLRG1INT_EFF_CD8_TCELL_UP	0.27137947583021094			
GO_NEGATIVE_REGULATION_OF_DEFENSE_RESPONSE	0.27126645202188865			
GO_POSITIVE_REGULATION_OF_LEUKOCYTE_ADHESION_TO_VASCULAR_ENDOTHELIAL_CELL	0.27124807205987883			
GO_REGULATION_OF_CARDIAC_CONDUCTION	0.27123183052647887			
GO_NEGATIVE_REGULATION_OF_NEUTROPHIL_ACTIVATION	0.27122463529492447			
GSE43955_TH0_VS_TGFB_IL6_TH17_ACT_CD4_TCELL_30H_DN	0.271222730680631			
WANG_RESPONSE_TO_GSK3_INHIBITOR_SB216763_DN	0.27122232874877683			
GO_REGULATION_OF_PHAGOCYTOSIS	0.2712129567057671			
GSE29617_CTRL_VS_TIV_FLU_VACCINE_PBMC_2008_UP	0.27116639725708935			
GSE7764_IL15_NK_CELL_24H_VS_SPLENOCYTE_DN	0.27116359484591984			
GO_MATURE_B_CELL_DIFFERENTIATION_INVOLVED_IN_IMMUNE_RESPONSE	0.2711444546551578			
HADDAD_T_LYMPHOCYTE_AND_NK_PROGENITOR_DN	0.2710703298990771			
chr3q13	0.2710510993665137			
GSE17186_NAIVE_VS_CD21HIGH_TRANSITIONAL_BCELL_CORD_BLOOD_DN	0.27104013834375806			
GSE29618_PRE_VS_DAY7_FLU_VACCINE_PDC_DN	0.27098963451382224			
GO_ANATOMICAL_STRUCTURE_HOMEOSTASIS	0.2708912506090783			
GSE12845_IGD_POS_BLOOD_VS_NAIVE_TONSIL_BCELL_DN	0.2708696911018484			
BIOCARTA_VOBESITY_PATHWAY	0.27086914408549057			
GSE11961_GERMINAL_CENTER_BCELL_DAY7_VS_PLASMA_CELL_DAY7_DN	0.27086564387995354			
GSE6092_UNSTIM_VS_IFNG_STIM_ENDOTHELIAL_CELL_DN	0.2708596267144139			
REACTOME_FASL_CD95L_SIGNALING	0.27080039262419653			
EVI1_06	0.2707919528298967			
IPA_STAT5A_DN	0.2707313487527752			
GSE20715_0H_VS_6H_OZONE_LUNG_UP	0.270683839531641			
SHAFFER_IRF4_MULTIPLE_MYELOMA_PROGRAM	0.27066205173024394			
GO_HISTONE_H4_DEACETYLATION	0.27065705785608785			
GO_POSITIVE_REGULATION_OF_PHOSPHATIDYLINOSITOL_3_KINASE_SIGNALING	0.27064468274574405			
GSE42088_UNINF_VS_LEISHMANIA_INF_DC_24H_UP	0.2706434406164688			
HOLLEMAN_VINCRISTINE_RESISTANCE_ALL_DN	0.2705607045776221			
FLOTHO_PEDIATRIC_ALL_THERAPY_RESPONSE_UP	0.2705424812446574			
IPA_BCL3_UP	0.27053183608510445			
GSE16450_CTRL_VS_IFNA_6H_STIM_MATURE_NEURON_CELL_LINE_DN	0.2704908714291978			
GO_POSITIVE_REGULATION_OF_DEFENSE_RESPONSE_TO_VIRUS_BY_HOST	0.2704781576354307			
GSE339_CD4POS_VS_CD8POS_DC_IN_CULTURE_UP	0.2704497277887313			
GSE9960_HEALTHY_VS_GRAM_NEG_AND_POS_SEPSIS_PBMC_DN	0.27042105543171324			
GSE5503_LIVER_DC_VS_MLN_DC_ACTIVATED_ALLOGENIC_TCELL_DN	0.2702727457321605			
GO_NUCLEOBASE_BINDING	0.2702339847516935			
IPA_CREB3L3_UP	0.2702033827674488			
GSE46242_CTRL_VS_EGR2_DELETED_TH1_CD4_TCELL_UP	0.27017709310851656			
GO_MUSCLE_CONTRACTION	0.2701477536771446			
GO_MUSCLE_FILAMENT_SLIDING	0.27002057692036036			
GO_NEGATIVE_REGULATION_OF_MEIOTIC_NUCLEAR_DIVISION	0.27001482953904415			
GO_POSITIVE_REGULATION_OF_ISOTYPE_SWITCHING	0.2700052065992903			
GSE22589_HIV_VS_HIV_AND_SIV_INFECTED_DC_UP	0.27000384094360225			
GSE360_T_GONDII_VS_B_MALAYI_LOW_DOSE_DC_UP	0.2700012978717881			
MIR875_3P	0.2699551371733918			
GSE43955_10H_VS_60H_ACT_CD4_TCELL_WITH_TGFB_IL6_UP	0.2699453631715805			
IPA_CEBPB_UP	0.2699035224558628			
GSE21927_SPLEEN_C57BL6_VS_4T1_TUMOR_BALBC_MONOCYTES_UP	0.2698938754545941			
GSE3720_VD1_VS_VD2_GAMMADELTA_TCELL_DN	0.2698716312247802			
REACTOME_CHAPERONE_MEDIATED_AUTOPHAGY	0.2698382310640496			
MIR556_5P	0.26979067331945966			
GO_CELLULAR_KETONE_METABOLIC_PROCESS	0.2697904626649865			
GSE15930_STIM_VS_STIM_AND_TRICHOSTATINA_72H_CD8_T_CELL_UP	0.2696384185901			
GSE41867_NAIVE_VS_DAY6_LCMV_EFFECTOR_CD8_TCELL_UP	0.2695593662838366			
GSE15139_GMCSF_TREATED_VS_UNTREATED_NEUTROPHILS_UP	0.2695536377605519			
KEGG_CYTOKINE_CYTOKINE_RECEPTOR_INTERACTION	0.2695319531518341			
GSE29164_UNTREATED_VS_CD8_TCELL_AND_IL12_TREATED_MELANOMA_DAY7_UP	0.2695033954819911			
GSE23505_IL6_IL1_VS_IL6_IL1_IL23_TREATED_CD4_TCELL_UP	0.26948818382355305			
TBX1_TARGET_GENES	0.26947342125620327			
GSE13493_DP_VS_CD4INTCD8POS_THYMOCYTE_DN	0.26941132134650386			
GO_SAGA_TYPE_COMPLEX	0.26941096651993196			
MTOR_UP.N4.V1_UP	0.26934243546652914			
REACTOME_INNATE_IMMUNE_SYSTEM	0.26934141191437416			
CHEN_HOXA5_TARGETS_9HR_UP	0.2692374019614764			
GO_CELL_ACTIVATION_INVOLVED_IN_IMMUNE_RESPONSE	0.26914876620315015			
GSE11818_WT_VS_DICER_KO_TREG_DN	0.26913845463113173			
GSE41867_MEMORY_VS_EXHAUSTED_CD8_TCELL_DAY30_LCMV_UP	0.26913496992266284			
GSE40274_CTRL_VS_GATA1_TRANSDUCED_ACTIVATED_CD4_TCELL_UP	0.2690186735592985			
ATGCACG_MIR517B	0.26900230344576664			
IPA_MBD2_UP	0.268993196063881			
GSE14415_INDUCED_VS_NATURAL_TREG_DN	0.2689096291076333			
GSE24634_TREG_VS_TCONV_POST_DAY10_IL4_CONVERSION_UP	0.26886261254668703			
GSE17721_LPS_VS_CPG_6H_BMDC_UP	0.2688364939087809			
GSE19888_ADENOSINE_A3R_INH_PRETREAT_AND_ACT_BY_A3R_VS_TCELL_MEMBRANES_ACT_MAST_CELL_UP	0.26882107785075227			
REACTOME_TNFR1_INDUCED_NFKAPPAB_SIGNALING_PATHWAY	0.26880638947610275			
IPA_HDAC5_UP	0.2687376399089385			
GAL_LEUKEMIC_STEM_CELL_DN	0.2686959980679082			
GO_POSITIVE_REGULATION_OF_CORTICOTROPIN_SECRETION	0.26868888336988317			
STAT_01	0.2686755749792947			
GSE3400_UNTREATED_VS_IFNB_TREATED_MEF_DN	0.2686256895110396			
GO_AROMATIC_AMINO_ACID_FAMILY_CATABOLIC_PROCESS	0.2685995205602444			
GSE15659_RESTING_VS_ACTIVATED_TREG_DN	0.26855185242649987			
GSE42021_TCONV_PLN_VS_CD24INT_TCONV_THYMUS_UP	0.2685427221096054			
DER_IFN_ALPHA_RESPONSE_DN	0.2685173885692174			
GSE9316_CD4_TCELL_BALBC_VS_TH17_ENRI_CD4_TCELL_SKG_PMA_IONO_STIM_FR4NEG_DN	0.2684691295856183			
GO_REGULATION_OF_IRON_ION_TRANSPORT	0.2683989529679631			
GSE15330_HSC_VS_LYMPHOID_PRIMED_MULTIPOTENT_PROGENITOR_DN	0.2683611959690995			
GO_DEFENSE_RESPONSE	0.26830079294019116			
GSE17186_CD21LOW_VS_CD21HIGH_TRANSITIONAL_BCELL_UP	0.2682564820510953			
GSE13411_NAIVE_VS_SWITCHED_MEMORY_BCELL_DN	0.268203734027873			
HAHTOLA_MYCOSIS_FUNGOIDES_CD4_DN	0.2681796273558831			
NEMETH_INFLAMMATORY_RESPONSE_LPS_DN	0.2680844187039063			
GSE17721_0.5H_VS_12H_CPG_BMDC_DN	0.26807429253352116			
chr5q15	0.2680525014744816			
REACTOME_TNFS_BIND_THEIR_PHYSIOLOGICAL_RECEPTORS	0.268010313976697			
GSE32901_NAIVE_VS_TH17_NEG_CD4_TCELL_UP	0.2678498716075805			
GSE19888_ADENOSINE_A3R_ACT_VS_TCELL_MEMBRANES_ACT_IN_MAST_CELL_UP	0.26779809742136884			
MIR625_3P	0.2677928344923733			
MIKKELSEN_ES_ICP_WITH_H3K27ME3	0.2677819692950868			
HALLMARK_MTORC1_SIGNALING	0.26773145731986037			
GO_MEMBRANE_INVAGINATION	0.2677002516027863			
GO_REGULATION_OF_ASTROCYTE_ACTIVATION	0.26769991008162997			
REACTOME_INTERLEUKIN_23_SIGNALING	0.26767957041613977			
GO_INTERLEUKIN_27_MEDIATED_SIGNALING_PATHWAY	0.267646485487067			
GSE11057_CD4_EFF_MEM_VS_PBMC_DN	0.26761785515199643			
GSE24574_BCL6_HIGH_TFH_VS_NAIVE_CD4_TCELL_UP	0.2676174932222955			
GO_T_CELL_MEDIATED_IMMUNITY	0.26755480856818387			
CROONQUIST_NRAS_VS_STROMAL_STIMULATION_DN	0.26752811439308805			
GO_METANEPHRIC_MESENCHYME_DEVELOPMENT	0.2675269908823822			
GO_NEGATIVE_REGULATION_OF_TROPHOBLAST_CELL_MIGRATION	0.26749695022579273			
GSE2405_0H_VS_24H_A_PHAGOCYTOPHILUM_STIM_NEUTROPHIL_UP	0.2674427594539112			
GO_POSITIVE_REGULATION_OF_MAST_CELL_ACTIVATION	0.26742096273385796			
GO_CYTOKINE_PRODUCTION_INVOLVED_IN_INFLAMMATORY_RESPONSE	0.26739625234864134			
GO_REGULATION_OF_EXTRINSIC_APOPTOTIC_SIGNALING_PATHWAY_VIA_DEATH_DOMAIN_RECEPTORS	0.2673347517854266			
GO_TRANS_SYNAPTIC_SIGNALING_BY_TRANS_SYNAPTIC_COMPLEX	0.26732371019272666			
GSE3337_CTRL_VS_16H_IFNG_IN_CD8POS_DC_DN	0.26730465511331675			
GSE29949_MICROGLIA_BRAIN_VS_MONOCYTE_BONE_MARROW_DN	0.2672287483631865			
IPA_IRF4_UP	0.2672038082405009			
GSE22601_CD4_SINGLE_POSITIVE_VS_CD8_SINGLE_POSITIVE_THYMOCYTE_UP	0.2671795672741871			
GSE8621_LPS_STIM_VS_LPS_PRIMED_AND_LPS_STIM_MACROPHAGE_DN	0.267145166031124			
GO_NEGATIVE_REGULATION_OF_CYTOKINE_BIOSYNTHETIC_PROCESS	0.26714323516093563			
CAIRO_HEPATOBLASTOMA_POOR_SURVIVAL	0.2670666438054574			
GO_OXIDOREDUCTASE_ACTIVITY_ACTING_ON_THE_CH_NH_GROUP_OF_DONORS_NAD_OR_NADP_AS_ACCEPTOR	0.2670016912546057			
GSE19825_NAIVE_VS_IL2RAHIGH_DAY3_EFF_CD8_TCELL_DN	0.2669340774867888			
YAGI_AML_WITH_T_8_21_TRANSLOCATION	0.26693112826508236			
GSE19923_E2A_KO_VS_E2A_AND_HEB_KO_DP_THYMOCYTE_DN	0.2669225886800752			
GSE360_T_GONDII_VS_B_MALAYI_LOW_DOSE_DC_DN	0.26681049413819385			
MIR4653_3P	0.2667792340390516			
SEIDEN_ONCOGENESIS_BY_MET	0.26677619556304955			
GO_POSITIVE_REGULATION_OF_INTERLEUKIN_17_PRODUCTION	0.26677491302473877			
OSMAN_BLADDER_CANCER_UP	0.2667637526308776			
MIR7158_3P	0.2667619169612686			
GO_RNA_DECAPPING	0.26673254661042095			
GSE14769_UNSTIM_VS_20MIN_LPS_BMDM_DN	0.2667290862410409			
GO_COP9_SIGNALOSOME_ASSEMBLY	0.2667217230503944			
GSE41176_UNSTIM_VS_ANTI_IGM_STIM_TAK1_KO_BCELL_1H_UP	0.2667052884531117			
GSE29164_CD8_TCELL_VS_CD8_TCELL_AND_IL12_TREATED_MELANOMA_DAY3_UP	0.26669292447602816			
REACTOME_TELOMERE_EXTENSION_BY_TELOMERASE	0.2666696836845116			
HOEGERKORP_CD44_TARGETS_TEMPORAL_UP	0.2665379260561344			
SHETH_LIVER_CANCER_VS_TXNIP_LOSS_PAM6	0.26649074424185454			
GSE29949_CD8_NEG_DC_SPLEEN_VS_DC_BRAIN_DN	0.26646370554562154			
GO_MULTICELLULAR_ORGANISM_REPRODUCTION	0.26641632047763414			
REACTOME_COOPERATION_OF_PREFOLDIN_AND_TRIC_CCT_IN_ACTIN_AND_TUBULIN_FOLDING	0.2663795904531881			
HALLMARK_ALLOGRAFT_REJECTION	0.2663780868760955			
GO_PHOSPHATIDYLINOSITOL_TRISPHOSPHATE_PHOSPHATASE_ACTIVITY	0.26631483929809746			
GO_NEGATIVE_REGULATION_OF_OXIDATIVE_STRESS_INDUCED_NEURON_DEATH	0.2662880418859287			
GSE15930_NAIVE_VS_72H_IN_VITRO_STIM_IL12_CD8_TCELL_UP	0.26617886880922464			
GSE22432_MULTIPOTENT_PROGENITOR_VS_CDC_UP	0.26617479885648215			
GSE45365_NK_CELL_VS_CD8_TCELL_UP	0.2661383101382978			
GSE7509_UNSTIM_VS_FCGRIIB_STIM_DC_DN	0.2661186176264282			
KEGG_HOMOLOGOUS_RECOMBINATION	0.2660659508473248			
GO_POSITIVE_REGULATION_OF_LEUKOCYTE_MEDIATED_IMMUNITY	0.2660651223015773			
GO_MHC_CLASS_I_PROTEIN_BINDING	0.26602528696996186			
GSE45365_NK_CELL_VS_CD8_TCELL_MCMV_INFECTION_UP	0.2659752117615565			
GO_REGULATION_OF_IMMUNE_RESPONSE	0.26597443881422667			
GO_POSITIVE_REGULATION_OF_REGULATORY_T_CELL_DIFFERENTIATION	0.2659535429734697			
GSE25087_FETAL_VS_ADULT_TREG_UP	0.26593347521010824			
GO_REGULATION_OF_ANION_CHANNEL_ACTIVITY	0.2658795346091602			
GO_RESPONSE_TO_IONIZING_RADIATION	0.26587937683404483			
GSE22432_MULTIPOTENT_VS_COMMON_DC_PROGENITOR_DN	0.2658606001845068			
TORCHIA_TARGETS_OF_EWSR1_FLI1_FUSION_DN	0.2658421981442412			
IPA_ID3_DN	0.26583922513047925			
GO_COMPLEMENT_BINDING	0.26578075934692785			
MIR6875_5P	0.26571656365576785			
KORKOLA_TERATOMA	0.26566459620115257			
GO_POSITIVE_REGULATION_OF_VIRAL_PROCESS	0.26559897274091177			
GSE2706_R848_VS_LPS_2H_STIM_DC_DN	0.26559608020865316			
SPIELMAN_LYMPHOBLAST_EUROPEAN_VS_ASIAN_DN	0.265574194277171			
GSE41176_WT_VS_TAK1_KO_ANTI_IGM_STIM_BCELL_6H_DN	0.26555397729329683			
MARSON_BOUND_BY_FOXP3_STIMULATED	0.2655532407293934			
GO_POSITIVE_REGULATION_OF_T_HELPER_17_CELL_DIFFERENTIATION	0.2655364672040119			
GO_LEUKOCYTE_MEDIATED_IMMUNITY	0.2655266118752185			
GO_PHAGOCYTIC_VESICLE	0.2655222348967741			
GSE17974_0H_VS_72H_IN_VITRO_ACT_CD4_TCELL_DN	0.26550627641712626			
GO_NUCLEOTIDE_EXCISION_REPAIR_COMPLEX	0.26549605508219126			
GSE22601_CD4_SINGLE_POSITIVE_VS_CD8_SINGLE_POSITIVE_THYMOCYTE_DN	0.2654475414541224			
GO_APOLIPOPROTEIN_BINDING	0.2654466183965754			
GSE29618_PRE_VS_DAY7_POST_LAIV_FLU_VACCINE_MONOCYTE_UP	0.2654349667920932			
IPA_STAT5B_DN	0.2653907453379864			
TARTE_PLASMA_CELL_VS_PLASMABLAST_DN	0.26536764844821625			
MULLIGHAN_MLL_SIGNATURE_2_UP	0.26530225851158556			
GSE7568_IL4_TGFB_DEXAMETHASONE_VS_IL4_TGFB_TREATED_MACROPHAGE_DN	0.2652731947023919			
GSE339_CD4POS_VS_CD4CD8DN_DC_UP	0.265272374408704			
REACTOME_SPERM_MOTILITY_AND_TAXES	0.2652561477569264			
GO_NEGATIVE_REGULATION_OF_EXTRINSIC_APOPTOTIC_SIGNALING_PATHWAY_VIA_DEATH_DOMAIN_RECEPTORS	0.2652383400001214			
DACOSTA_UV_RESPONSE_VIA_ERCC3_XPCS_UP	0.26513468318997624			
GSE29164_UNTREATED_VS_CD8_TCELL_TREATED_MELANOMA_DAY7_UP	0.2650597562623102			
GSE9509_LPS_VS_LPS_AND_IL10_STIM_IL10_KO_MACROPHAGE_20MIN_DN	0.2650528810056197			
LEE_TARGETS_OF_PTCH1_AND_SUFU_UP	0.26500489016219436			
GSE32164_RESTING_DIFFERENTIATED_VS_ALTERNATIVELY_ACT_M2_MACROPHAGE_DN	0.2650031972721123			
BIOCARTA_HIVNEF_PATHWAY	0.2649921824654378			
GSE21670_UNTREATED_VS_TGFB_IL6_TREATED_STAT3_KO_CD4_TCELL_UP	0.26496594716249255			
GO_PHOSPHATIDYLINOSITOL_3_PHOSPHATE_BINDING	0.26494664806594315			
IPA_STAT1_DN	0.2649334828349509			
GO_REGULATION_OF_LEUKOCYTE_MEDIATED_IMMUNITY	0.2649071009238082			
GSE34515_CD16_NEG_MONOCYTE_VS_DC_DN	0.26489188387203183			
GO_ASPARTIC_TYPE_ENDOPEPTIDASE_INHIBITOR_ACTIVITY	0.2648059214974405			
GO_POSITIVE_REGULATION_OF_CELLULAR_AMIDE_METABOLIC_PROCESS	0.2648041946175004			
SHEN_SMARCA2_TARGETS_UP	0.2647572870740138			
MIR922	0.26470961895895206			
GSE21380_NON_TFH_VS_TFH_CD4_TCELL_UP	0.264664045362608			
COATES_MACROPHAGE_M1_VS_M2_UP	0.26464888391059127			
REACTOME_METALLOPROTEASE_DUBS	0.26463005621924557			
GSE8621_UNSTIM_VS_LPS_PRIMED_AND_LPS_STIM_MACROPHAGE_DN	0.26461746638190686			
GO_REGULATION_OF_T_HELPER_CELL_DIFFERENTIATION	0.2646111873731846			
GSE45365_NK_CELL_VS_BCELL_MCMV_INFECTION_DN	0.2646089806083752			
GO_CYCLIN_DEPENDENT_PROTEIN_KINASE_HOLOENZYME_COMPLEX	0.2645924416126272			
GO_NEGATIVE_REGULATION_OF_MULTI_ORGANISM_PROCESS	0.2645897654386301			
GO_IMMUNOLOGICAL_MEMORY_FORMATION_PROCESS	0.26456748685881243			
GSE17186_MEMORY_VS_NAIVE_BCELL_DN	0.26455656037892705			
KEGG_FC_GAMMA_R_MEDIATED_PHAGOCYTOSIS	0.26454973297655854			
GSE26488_WT_VS_VP16_TRANSGENIC_HDAC7_KO_DOUBLE_POSITIVE_THYMOCYTE_DN	0.2644557446082846			
GSE41867_NAIVE_VS_DAY6_LCMV_ARMSTRONG_EFFECTOR_CD8_TCELL_DN	0.26444661473393316			
REACTOME_SIGNALING_BY_TGF_BETA_RECEPTOR_COMPLEX	0.26439698458747724			
CETS1P54_01	0.26438889199555804			
BROWNE_HCMV_INFECTION_10HR_DN	0.26436448885209446			
GSE37532_TREG_VS_TCONV_CD4_TCELL_FROM_LN_DN	0.26436410174586694			
GO_POSITIVE_REGULATION_OF_PROTEIN_MONOUBIQUITINATION	0.26432560918574355			
GSE360_L_DONOVANI_VS_B_MALAYI_HIGH_DOSE_DC_DN	0.2642661962695545			
GSE3720_UNSTIM_VS_PMA_STIM_VD2_GAMMADELTA_TCELL_UP	0.26425393214300846			
GO_NEGATIVE_REGULATION_OF_TUMOR_NECROSIS_FACTOR_SUPERFAMILY_CYTOKINE_PRODUCTION	0.26420248219833575			
MIR27B_5P	0.2641725614590309			
IPA_LMX1A_UP	0.2641488997379111			
ZNF354C_TARGET_GENES	0.26413572176962846			
ELK1_01	0.26408882160361996			
GSE32034_LY6C_HIGH_VS_LOW_ROSIGLIZATONE_TREATED_MONOCYTE_UP	0.26407805681044744			
GSE20727_DNFB_ALLERGEN_VS_ROS_INH_AND_DNFB_ALLERGEN_TREATED_DC_UP	0.2640484009769125			
FUJIWARA_PARK2_HEPATOCYTE_PROLIFERATION_DN	0.2640317533667374			
GSE17812_WT_VS_THPOK_KO_MEMORY_CD8_TCELL_UP	0.26401531777064907			
GO_RESPONSE_TO_BIOTIC_STIMULUS	0.2639827798409938			
GO_TUMOR_NECROSIS_FACTOR_SUPERFAMILY_CYTOKINE_PRODUCTION	0.2639165989705837			
GSE17721_LPS_VS_POLYIC_6H_BMDC_UP	0.2639010804233036			
GO_LIPID_LOCALIZATION	0.26388858888279765			
GSE40225_WT_VS_RIP_B7X_DIABETIC_MOUSE_PANCREATIC_CD8_TCELL_DN	0.263819758614107			
GSE37301_LYMPHOID_PRIMED_MPP_VS_GRAN_MONO_PROGENITOR_UP	0.26380094387970265			
GO_CUPROUS_ION_BINDING	0.26379740862559786			
REACTOME_TNF_SIGNALING	0.263780978095117			
GO_POSITIVE_REGULATION_OF_PHAGOCYTOSIS	0.2637631507871022			
REACTOME_TNFR1_INDUCED_PROAPOPTOTIC_SIGNALING	0.2637213981980558			
VALK_AML_CLUSTER_5	0.2636893658618565			
GO_REGULATION_OF_METANEPHROS_DEVELOPMENT	0.26363126976920037			
GO_G_PROTEIN_BETA_SUBUNIT_BINDING	0.2636294371032691			
GO_NEGATIVE_REGULATION_OF_INFLAMMATORY_RESPONSE	0.26361079628805484			
GSE41867_DAY6_VS_DAY8_LCMV_CLONE13_EFFECTOR_CD8_TCELL_UP	0.26355323351678667			
GSE6674_UNSTIM_VS_CPG_STIM_BCELL_UP	0.26353141485573855			
GO_FOLIC_ACID_METABOLIC_PROCESS	0.2635190729056142			
MIR6868_5P	0.2634963207802917			
GO_POSITIVE_REGULATION_OF_IMMUNE_SYSTEM_PROCESS	0.26347973130368596			
HU_GENOTOXIN_ACTION_DIRECT_VS_INDIRECT_4HR	0.26335446490573117			
SARRIO_EPITHELIAL_MESENCHYMAL_TRANSITION_UP	0.2633500304222406			
GO_LEUKOCYTE_ACTIVATION_INVOLVED_IN_INFLAMMATORY_RESPONSE	0.26330786271531836			
GO_SUCCINATE_METABOLIC_PROCESS	0.26330349807668113			
GO_ANTIGEN_PROCESSING_AND_PRESENTATION_OF_EXOGENOUS_PEPTIDE_ANTIGEN_VIA_MHC_CLASS_I	0.26329646133679924			
GO_REGULATION_OF_CELL_KILLING	0.26329213767576504			
GSE14308_TH1_VS_TH17_DN	0.26329180519623474			
GO_REGULATION_OF_LEUKOCYTE_MEDIATED_CYTOTOXICITY	0.26328464152148673			
CHANDRAN_METASTASIS_UP	0.2632724986685609			
GSE15330_LYMPHOID_MULTIPOTENT_VS_GRANULOCYTE_MONOCYTE_PROGENITOR_UP	0.26327200998508826			
GSE17721_CTRL_VS_POLYIC_12H_BMDC_DN	0.263226624321645			
GO_PROTEIN_DESUMOYLATION	0.2632246122577933			
GSE1460_INTRATHYMIC_T_PROGENITOR_VS_CD4_THYMOCYTE_DN	0.2632218432145341			
REACTOME_HDR_THROUGH_HOMOLOGOUS_RECOMBINATION_HRR	0.2631320058917362			
GSE2770_IL4_ACT_VS_ACT_CD4_TCELL_2H_DN	0.2631174160708664			
PID_TCR_CALCIUM_PATHWAY	0.2631055456168308			
GO_CELL_KILLING	0.26309640414762236			
REACTOME_ION_HOMEOSTASIS	0.2630831165468266			
GO_LYMPHOCYTE_MEDIATED_IMMUNITY	0.2630615341934424			
chr5q14	0.2630459439703148			
KAPOSI_LIVER_CANCER_MET_UP	0.26304176887827446			
HOFFMANN_SMALL_PRE_BII_TO_IMMATURE_B_LYMPHOCYTE_UP	0.2630249005314507			
PID_HIF1_TFPATHWAY	0.26294727844754523			
GSE9650_EXHAUSTED_VS_MEMORY_CD8_TCELL_DN	0.26289812185232536			
CHANG_IMMORTALIZED_BY_HPV31_UP	0.26288608145822595			
GSE19941_IL10_KO_VS_IL10_KO_AND_NFKBP50_KO_LPS_STIM_MACROPHAGE_UP	0.26286149472208814			
GSE15330_HSC_VS_GRANULOCYTE_MONOCYTE_PROGENITOR_IKAROS_KO_DN	0.26283493982151424			
GO_CELLULAR_POTASSIUM_ION_HOMEOSTASIS	0.26279123742217453			
IPA_IRF7_UP	0.2627898976688681			
GSE40274_CTRL_VS_SATB1_TRANSDUCED_ACTIVATED_CD4_TCELL_UP	0.26278791536565			
STAT5B_01	0.2627597310958024			
PARK_HSC_MARKERS	0.2627412135964575			
GSE2770_TGFB_AND_IL4_ACT_VS_ACT_CD4_TCELL_48H_DN	0.2626861392490792			
GSE20198_IL12_VS_IL12_IL18_TREATED_ACT_CD4_TCELL_UP	0.26266967140799785			
SESTO_RESPONSE_TO_UV_C5	0.2626422371417			
ZEILSTRA_CD44_TARGETS_DN	0.2626134192497444			
GSE13547_2H_VS_12_H_ANTI_IGM_STIM_BCELL_DN	0.2625949006812394			
REACTOME_VLDL_ASSEMBLY	0.26259393907789236			
GO_B_CELL_MEDIATED_IMMUNITY	0.26257697962250315			
GSE6269_HEALTHY_VS_FLU_INF_PBMC_UP	0.2625669405166112			
GSE339_CD4POS_VS_CD4CD8DN_DC_IN_CULTURE_UP	0.26255683024182097			
GO_IMMUNOGLOBULIN_PRODUCTION_INVOLVED_IN_IMMUNOGLOBULIN_MEDIATED_IMMUNE_RESPONSE	0.26254723981065925			
GO_REVERSE_CHOLESTEROL_TRANSPORT	0.2625467826169327			
GO_INTERLEUKIN_12_RECEPTOR_BINDING	0.2625416569811864			
GSE22601_IMMATURE_CD4_SINGLE_POSITIVE_VS_CD4_SINGLE_POSITIVE_THYMOCYTE_UP	0.2625316562012974			
GSE7219_WT_VS_NIK_NFKB2_KO_DC_DN	0.26252570078922804			
MIR24_1_5P_MIR24_2_5P	0.2625039224256672			
HASLINGER_B_CLL_WITH_MUTATED_VH_GENES	0.2624475095076659			
GO_LYMPHOCYTE_COSTIMULATION	0.2624392917017437			
WIERENGA_STAT5A_TARGETS_DN	0.2624201892217966			
GO_REGULATION_OF_IMMUNE_SYSTEM_PROCESS	0.2624136979057823			
GO_MONOCARBOXYLIC_ACID_BIOSYNTHETIC_PROCESS	0.26240739406457864			
DAVIES_MULTIPLE_MYELOMA_VS_MGUS_DN	0.2624040850963046			
GO_LEUKOCYTE_ADHESION_TO_VASCULAR_ENDOTHELIAL_CELL	0.26235449248173787			
BIOCARTA_LYM_PATHWAY	0.2623399544626246			
REACTOME_SIGNALING_BY_INTERLEUKINS	0.2623397028253252			
chr1p31	0.2623363367344929			
GO_INTERLEUKIN_17_PRODUCTION	0.2623170511666834			
BIOCARTA_PML_PATHWAY	0.26231044178019186			
MIR4439	0.2623048541595538			
GO_CYTOKINE_METABOLIC_PROCESS	0.2623046182463726			
GSE2770_IL4_ACT_VS_ACT_CD4_TCELL_48H_DN	0.26225829132960843			
BIOCARTA_PTC1_PATHWAY	0.2622569950985087			
GSE46606_DAY1_VS_DAY3_CD40L_IL2_IL5_STIMULATED_IRF4MID_BCELL_UP	0.2622354114968297			
GSE5679_RARA_AGONIST_AM580_VS_AM580_AND_ROSIGLITAZONE_TREATED_DC_DN	0.26220361160493394			
KANNAN_TP53_TARGETS_DN	0.26218749135707514			
GSE37301_RAG2_KO_VS_RAG2_AND_ETS1_KO_NK_CELL_UP	0.26213454970830513			
GO_PRODUCTION_OF_MOLECULAR_MEDIATOR_INVOLVED_IN_INFLAMMATORY_RESPONSE	0.26213324213843886			
chr1p11	0.26212348157624826			
GSE9988_LPS_VS_LPS_AND_ANTI_TREM1_MONOCYTE_UP	0.26211021177595517			
GSE21670_UNTREATED_VS_IL6_TREATED_STAT3_KO_CD4_TCELL_UP	0.26209338450904807			
GSE15735_2H_VS_12H_HDAC_INHIBITOR_TREATED_CD4_TCELL_DN	0.26208938414305966			
GSE24142_EARLY_THYMIC_PROGENITOR_VS_DN2_THYMOCYTE_FETAL_UP	0.26203353881884955			
GO_REGULATION_OF_T_CIRCLE_FORMATION	0.2620329851043937			
GSE28237_EARLY_VS_LATE_GC_BCELL_DN	0.26202045757996234			
GO_REGULATION_OF_CYSTEINE_TYPE_ENDOPEPTIDASE_ACTIVITY_INVOLVED_IN_APOPTOTIC_SIGNALING_PATHWAY	0.2620151735545676			
MIR200A_5P	0.26199462502926935			
GO_NEGATIVE_REGULATION_OF_ISOTYPE_SWITCHING	0.2619679847840878			
PID_NFKAPPAB_CANONICAL_PATHWAY	0.2619395144948196			
GSE17580_TREG_VS_TEFF_UP	0.2618975901390724			
WAKABAYASHI_ADIPOGENESIS_PPARG_BOUND_8D	0.2618868181557294			
GSE36476_CTRL_VS_TSST_ACT_40H_MEMORY_CD4_TCELL_YOUNG_DN	0.26184094371417105			
GSE25677_MPL_VS_R848_STIM_BCELL_UP	0.2618211396304792			
GSE3982_MAST_CELL_VS_CENT_MEMORY_CD4_TCELL_UP	0.2618001026759367			
chr5p13	0.26178988297340533			
GSE5099_UNSTIM_VS_MCSF_TREATED_MONOCYTE_DAY3_UP	0.2617846831597363			
GO_CYTOKINE_PRODUCTION	0.26178451174222644			
BHATI_G2M_ARREST_BY_2METHOXYESTRADIOL_UP	0.26170937687972906			
GSE9988_LPS_VS_VEHICLE_TREATED_MONOCYTE_DN	0.2616723955836827			
GO_REGULATION_OF_LIPID_METABOLIC_PROCESS	0.2616630154488277			
REACTOME_G2_M_CHECKPOINTS	0.2616390355534624			
GO_POSITIVE_REGULATION_OF_HEMOPOIESIS	0.26163244256334944			
GSE21670_STAT3_KO_VS_WT_CD4_TCELL_DN	0.2616317053580667			
GSE45365_NK_CELL_VS_CD8A_DC_MCMV_INFECTION_DN	0.26160207460032514			
GSE22601_DOUBLE_POSITIVE_VS_CD4_SINGLE_POSITIVE_THYMOCYTE_DN	0.2615820161719586			
HMGA1_TARGET_GENES	0.2615604076226103			
GSE17721_12H_VS_24H_CPG_BMDC_UP	0.26154128209308175			
INAMURA_LUNG_CANCER_SCC_SUBTYPES_UP	0.26145178422231075			
GSE21546_SAP1A_KO_VS_SAP1A_KO_AND_ELK1_KO_ANTI_CD3_STIM_DP_THYMOCYTES_DN	0.2614441786206638			
GO_POSITIVE_REGULATION_OF_INTERLEUKIN_1_PRODUCTION	0.26140697980718536			
GSE16385_MONOCYTE_VS_12H_ROSIGLITAZONE_TREATED_MACROPHAGE_UP	0.26137421370974195			
GO_REGULATION_OF_HISTONE_DEACETYLATION	0.2613155115358727			
GO_POSITIVE_REGULATION_OF_LIPID_METABOLIC_PROCESS	0.2613110811408443			
GSE7596_AKT_TRANSD_VS_CTRL_CD4_TCONV_WITH_TGFB_UP	0.2613079257212342			
GO_T_CELL_PROLIFERATION	0.261293704579323			
IPA_USF2_UP	0.2612852105267952			
GSE17721_PAM3CSK4_VS_GADIQUIMOD_12H_BMDC_DN	0.2612695482197191			
GO_FICOLIN_1_RICH_GRANULE	0.2612320602657501			
GO_ZYMOGEN_ACTIVATION	0.26121919851920117			
GSE27786_CD4_TCELL_VS_NKTCELL_UP	0.2612116843575595			
GSE42088_UNINF_VS_LEISHMANIA_INF_DC_4H_DN	0.26111939179469823			
KOINUMA_COLON_CANCER_MSI_UP	0.26111041487214676			
MIR4681	0.2610292606168277			
MIR6797_3P	0.2610148591642474			
GO_REGULATION_OF_LIPOPHAGY	0.2609971550048426			
GO_MYELOID_LEUKOCYTE_ACTIVATION	0.2609869046400321			
BIOCARTA_G2_PATHWAY	0.2609562437889499			
GSE32533_WT_VS_MIR17_KO_ACT_CD4_TCELL_DN	0.2609536063910476			
YIH_RESPONSE_TO_ARSENITE_C3	0.2609043822593148			
KEGG_TYPE_II_DIABETES_MELLITUS	0.2608929968978859			
GO_POSITIVE_REGULATION_OF_INTERLEUKIN_1_SECRETION	0.2608507412335538			
GSE42021_TCONV_PLN_VS_CD24INT_TCONV_THYMUS_DN	0.2608332996332716			
GO_EXTRINSIC_APOPTOTIC_SIGNALING_PATHWAY_VIA_DEATH_DOMAIN_RECEPTORS	0.26083295826649655			
GSE18791_CTRL_VS_NEWCASTLE_VIRUS_DC_2H_UP	0.26080950247850065			
GSE7509_UNSTIM_VS_TNFA_IL1B_IL6_PGE_STIM_DC_UP	0.2607489804572801			
TESAR_ALK_AND_JAK_TARGETS_MOUSE_ES_D4_DN	0.26074032361183			
chr8q13	0.26070784656379			
MAFG_TARGET_GENES	0.2607053784955776			
GSE17721_LPS_VS_POLYIC_24H_BMDC_DN	0.26067818082348776			
GSE17186_NAIVE_VS_CD21LOW_TRANSITIONAL_BCELL_CORD_BLOOD_UP	0.26058363805391704			
BIOCARTA_LYMPHOCYTE_PATHWAY	0.2605627298846455			
GSE16266_LPS_VS_HEATSHOCK_AND_LPS_STIM_MEF_DN	0.26055716158550457			
IPA_RARG_UP	0.2605565886255768			
GO_POSITIVE_REGULATION_OF_PROTEIN_MODIFICATION_BY_SMALL_PROTEIN_CONJUGATION_OR_REMOVAL	0.26055561514123077			
GO_CHOLESTEROL_STORAGE	0.26054519773834633			
REACTOME_PI3K_AKT_ACTIVATION	0.26053999394002586			
GO_LEUKOCYTE_PROLIFERATION	0.2605371975785498			
GSE3982_BASOPHIL_VS_EFF_MEMORY_CD4_TCELL_UP	0.2604858733835406			
GO_REGULATION_OF_B_CELL_MEDIATED_IMMUNITY	0.26042714184340043			
GSE43955_1H_VS_60H_ACT_CD4_TCELL_WITH_TGFB_IL6_UP	0.2604171655209015			
SCIAN_CELL_CYCLE_TARGETS_OF_TP53_AND_TP73_DN	0.260382499706144			
GO_PHOSPHATE_ION_BINDING	0.26037849580758926			
MORI_PLASMA_CELL_DN	0.2603767449561078			
SPIELMAN_LYMPHOBLAST_EUROPEAN_VS_ASIAN_UP	0.26037441508206516			
TENEDINI_MEGAKARYOCYTE_MARKERS	0.26037036104353617			
GSE26559_TCF1_KO_VS_WT_LIN_NEG_CELL_UP	0.26035582605324525			
GO_NEGATIVE_REGULATION_OF_IMMUNE_RESPONSE	0.26033899819426987			
GSE13547_2H_VS_12_H_ANTI_IGM_STIM_ZFX_KO_BCELL_DN	0.26033804329424454			
FERRANDO_T_ALL_WITH_MLL_ENL_FUSION_DN	0.260322206919508			
GSE5589_UNSTIM_VS_45MIN_LPS_AND_IL6_STIM_MACROPHAGE_UP	0.2603197263152286			
GO_POSITIVE_REGULATION_OF_ERYTHROCYTE_DIFFERENTIATION	0.26026223181529984			
REACTOME_MUSCLE_CONTRACTION	0.26022370074129597			
IPA_MYBL2_DN	0.2600904625413483			
VANTVEER_BREAST_CANCER_BRCA1_UP	0.26008494652695163			
GSE40068_CXCR5NEG_BCL6NEG_CD4_TCELL_VS_CXCR5POS_BCL6NEG_TFH_UP	0.2600844023744555			
GSE12845_IGD_NEG_BLOOD_VS_NAIVE_TONSIL_BCELL_UP	0.26004111512520556			
GSE43955_1H_VS_60H_ACT_CD4_TCELL_DN	0.26003041749239375			
GO_OXYGEN_HOMEOSTASIS	0.260013951092889			
MEF2C_TARGET_GENES	0.2600008540051375			
GSE13547_CTRL_VS_ANTI_IGM_STIM_BCELL_2H_DN	0.2599970377230342			
REACTOME_STRIATED_MUSCLE_CONTRACTION	0.25999368430997205			
IVANOVA_HEMATOPOIESIS_LATE_PROGENITOR	0.25998389968637087			
GO_CASPASE_BINDING	0.2599567766652194			
REACTOME_FBXW7_MUTANTS_AND_NOTCH1_IN_CANCER	0.2599398766852933			
GSE22589_HEALTHY_VS_SIV_INFECTED_DC_DN	0.259935701566971			
GSE20198_UNTREATED_VS_IL12_IL18_TREATED_ACT_CD4_TCELL_DN	0.25989332127477793			
GO_RENAL_CONTROL_OF_PERIPHERAL_VASCULAR_RESISTANCE_INVOLVED_IN_REGULATION_OF_SYSTEMIC_ARTERIAL_BLOOD_PRESSURE	0.2598911567439519			
GSE5589_LPS_VS_LPS_AND_IL6_STIM_IL6_KO_MACROPHAGE_45MIN_DN	0.2598775522534694			
MYLLYKANGAS_AMPLIFICATION_HOT_SPOT_1	0.2598711550699445			
HASLINGER_B_CLL_WITH_CHROMOSOME_12_TRISOMY	0.2598692352718261			
GO_REGULATION_OF_SPINDLE_CHECKPOINT	0.2598552061646718			
HALLMARK_GLYCOLYSIS	0.2598550404644324			
GO_FLAP_ENDONUCLEASE_ACTIVITY	0.259796417161814			
GO_POSITIVE_REGULATION_OF_SISTER_CHROMATID_COHESION	0.25979124987443114			
BIOCARTA_S1P_PATHWAY	0.25977766812899383			
GO_PURINE_NUCLEOTIDE_SALVAGE	0.2596479038572578			
GSE5589_WT_VS_IL10_KO_LPS_STIM_MACROPHAGE_180MIN_UP	0.25964485057779424			
IRF5_TARGET_GENES	0.25963797249075443			
GO_POLYSACCHARIDE_METABOLIC_PROCESS	0.2596356318721855			
GO_MITOCHONDRIAL_CRISTA	0.2596288963893911			
REACTOME_INTERLEUKIN_12_SIGNALING	0.25960533104997824			
GO_REGULATION_OF_CD4_POSITIVE_ALPHA_BETA_T_CELL_DIFFERENTIATION	0.2596019459153882			
CHEMELLO_SOLEUS_VS_EDL_MYOFIBERS_DN	0.25958704855415526			
GSE3982_EOSINOPHIL_VS_CENT_MEMORY_CD4_TCELL_UP	0.25956965788908476			
JOHANSSON_GLIOMAGENESIS_BY_PDGFB_UP	0.2595051352450488			
GSE27291_6H_VS_7D_STIM_GAMMADELTA_TCELL_UP	0.2594688827097648			
GO_REGULATION_OF_T_CELL_CYTOKINE_PRODUCTION	0.259426526503947			
GSE27241_WT_CTRL_VS_DIGOXIN_TREATED_RORGT_KO_CD4_TCELL_IN_TH17_POLARIZING_CONDITIONS_DN	0.25942074227697093			
GO_PROTEIN_LOCALIZATION_TO_CHROMOSOME_TELOMERIC_REGION	0.2594199957953642			
GSE34156_NOD2_LIGAND_VS_NOD2_AND_TLR1_TLR2_LIGAND_24H_TREATED_MONOCYTE_UP	0.2593784716922431			
GO_POSITIVE_REGULATION_OF_LYMPHOCYTE_DIFFERENTIATION	0.2593035586686423			
GO_G_QUADRUPLEX_DNA_UNWINDING	0.25929801184551826			
GO_POSITIVE_REGULATION_OF_CHEMOKINE_SECRETION	0.2592936109217324			
GO_POSITIVE_REGULATION_OF_DNA_RECOMBINATION	0.25928970089243236			
GO_ALDEHYDE_BIOSYNTHETIC_PROCESS	0.2592348260216178			
CHEN_METABOLIC_SYNDROM_NETWORK	0.2592003453134797			
GO_INTERSPECIES_INTERACTION_BETWEEN_ORGANISMS	0.2591701454474083			
GSE27786_LSK_VS_ERYTHROBLAST_UP	0.25913951105527583			
GO_POSITIVE_REGULATION_OF_VASCULAR_PERMEABILITY	0.2591392417424131			
REACTOME_APOPTOSIS_INDUCED_DNA_FRAGMENTATION	0.2591384140019836			
GO_TUMOR_NECROSIS_FACTOR_SECRETION	0.25911776195310504			
GO_BLASTOCYST_DEVELOPMENT	0.25906247826705486			
GSE29618_PDC_VS_MDC_DN	0.2590411209090696			
GO_REGULATION_OF_CELLULAR_KETONE_METABOLIC_PROCESS	0.25902259271838907			
GSE26488_WT_VS_HDAC7_DELTAP_TG_OT2_THYMOCYTE_WITH_PEPTIDE_INJECTION_UP	0.259020191941048			
MIR3664_5P	0.2590053256784366			
RUTELLA_RESPONSE_TO_HGF_DN	0.2589753513497249			
GSE1460_DP_THYMOCYTE_VS_NAIVE_CD4_TCELL_ADULT_BLOOD_DN	0.2589362166989054			
TAF9B_TARGET_GENES	0.25891946832285906			
GO_POSITIVE_REGULATION_OF_DNA_METABOLIC_PROCESS	0.25889006175310203			
GSE3691_IFN_PRODUCING_KILLER_DC_VS_CONVENTIONAL_DC_SPLEEN_DN	0.2588730864831035			
GO_POSITIVE_REGULATION_OF_ADAPTIVE_IMMUNE_RESPONSE	0.25887065292797706			
GSE17721_POLYIC_VS_PAM3CSK4_1H_BMDC_UP	0.2588618546054298			
GO_FILOPODIUM_MEMBRANE	0.25884858783406806			
GO_PROTEIN_POLY_ADP_RIBOSYLATION	0.25884285696131276			
GO_REGULATION_OF_SODIUM_ION_TRANSMEMBRANE_TRANSPORT	0.2588056851686092			
GO_ADAPTIVE_IMMUNE_RESPONSE_BASED_ON_SOMATIC_RECOMBINATION_OF_IMMUNE_RECEPTORS_BUILT_FROM_IMMUNOGLOBULIN_SUPERFAMILY_DOMAINS	0.2587801874213838			
GSE30971_WBP7_HET_VS_KO_MACROPHAGE_4H_LPS_STIM_DN	0.2587654979592314			
GSE14415_TCONV_VS_FOXP3_KO_INDUCED_TREG_DN	0.2586756723192812			
GSE17974_IL4_AND_ANTI_IL12_VS_UNTREATED_6H_ACT_CD4_TCELL_DN	0.25867081604960024			
GSE29618_PDC_VS_MDC_DAY7_FLU_VACCINE_DN	0.25866271619348513			
GSE2770_TGFB_AND_IL4_ACT_VS_ACT_CD4_TCELL_6H_UP	0.2586621353632053			
GSE32901_NAIVE_VS_TH1_CD4_TCELL_DN	0.25860733077648995			
AC118549_1_TARGET_GENES	0.2586064087427078			
ZNF669_TARGET_GENES	0.25857769263083924			
GSE3720_LPS_VS_PMA_STIM_VD1_GAMMADELTA_TCELL_UP	0.2585753463329699			
GSE22611_UNSTIM_VS_2H_MDP_STIM_MUTANT_NOD2_TRANSDUCED_HEK293T_CELL_DN	0.25856242691853887			
GO_MYELOID_LEUKOCYTE_DIFFERENTIATION	0.25855989743073315			
GSE25123_CTRL_VS_ROSIGLITAZONE_STIM_MACROPHAGE_DN	0.25855824424579527			
GSE12845_NAIVE_VS_PRE_GC_TONSIL_BCELL_DN	0.25851785112114156			
GSE46606_IRF4HIGH_VS_IRF4MID_CD40L_IL2_IL5_DAY3_STIMULATED_BCELL_DN	0.25850837018215234			
GSE26669_CTRL_VS_COSTIM_BLOCK_MLR_CD8_TCELL_UP	0.2584910838744247			
REACTOME_MITOTIC_G1_PHASE_AND_G1_S_TRANSITION	0.25848444479740673			
GSE33425_CD161_HIGH_VS_INT_CD8_TCELL_DN	0.258469685090287			
GO_NEGATIVE_REGULATION_OF_LEUKOCYTE_PROLIFERATION	0.2584657297423968			
GSE5589_LPS_VS_LPS_AND_IL6_STIM_MACROPHAGE_45MIN_UP	0.2584476833176784			
GSE39110_DAY3_VS_DAY6_POST_IMMUNIZATION_CD8_TCELL_UP	0.2584401627607971			
GSE37416_0H_VS_6H_F_TULARENSIS_LVS_NEUTROPHIL_UP	0.25841955895259705			
GO_NEGATIVE_REGULATION_OF_TRIGLYCERIDE_CATABOLIC_PROCESS	0.2584174686695148			
GO_NEGATIVE_REGULATION_OF_INTERLEUKIN_17_PRODUCTION	0.2584001649679905			
GSE9037_CTRL_VS_LPS_4H_STIM_BMDM_DN	0.2583910211654074			
HUTTMANN_B_CLL_POOR_SURVIVAL_DN	0.2583788979650643			
GSE36888_STAT5_AB_KNOCKIN_VS_WT_TCELL_IL2_TREATED_6H_DN	0.25836944415835794			
GSE18281_MEDULLARY_THYMOCYTE_VS_WHOLE_MEDULLA_THYMUS_UP	0.2583648848492764			
HOLLEMAN_PREDNISOLONE_RESISTANCE_ALL_DN	0.2583551635172779			
REACTOME_FORMATION_OF_TUBULIN_FOLDING_INTERMEDIATES_BY_CCT_TRIC	0.258337033012758			
TSAI_RESPONSE_TO_IONIZING_RADIATION	0.25832499869244724			
GSE27859_CD11C_INT_F480_HI_MACROPHAGE_VS_CD11C_ING_F480_INT_DC_DN	0.2583119687025898			
GSE22886_IGM_MEMORY_BCELL_VS_BLOOD_PLASMA_CELL_UP	0.25830391839995187			
GSE40274_CTRL_VS_LEF1_TRANSDUCED_ACTIVATED_CD4_TCELL_UP	0.2583011652286877			
BIOCARTA_DC_PATHWAY	0.25829948431356475			
GO_CILIUM_MOVEMENT	0.25828624787875815			
GO_POSITIVE_REGULATION_OF_PROTEIN_POLYUBIQUITINATION	0.2582588314393976			
GO_POSITIVE_REGULATION_OF_PEPTIDYL_TYROSINE_PHOSPHORYLATION	0.2582536595515353			
GSE43700_UNTREATED_VS_IL10_TREATED_PBMC_DN	0.25824136677328235			
GSE29618_BCELL_VS_MDC_DAY7_FLU_VACCINE_DN	0.25820459385942			
GSE24142_EARLY_THYMIC_PROGENITOR_VS_DN2_THYMOCYTE_UP	0.25818919583351985			
GO_REGULATION_OF_MAST_CELL_ACTIVATION	0.2581709686306616			
BIOCARTA_MONOCYTE_PATHWAY	0.2581431783587961			
GO_REGULATION_OF_SMALL_MOLECULE_METABOLIC_PROCESS	0.25813429033272495			
GO_POSITIVE_REGULATION_OF_CELL_CELL_ADHESION	0.2581175554533595			
GSE6875_TCONV_VS_FOXP3_KO_TREG_UP	0.2580860684961582			
IPA_NFKB1_UP	0.2580642455738419			
GSE3982_NEUTROPHIL_VS_BCELL_DN	0.2580220157905151			
GSE21927_SPLEEN_VS_C26GM_TUMOR_MONOCYTE_BALBC_UP	0.2579951954274183			
GO_POSITIVE_REGULATION_OF_RESPONSE_TO_TUMOR_CELL	0.25798089707710087			
GO_CELLULAR_DEFENSE_RESPONSE	0.2579345731168647			
VEGF_A_UP.V1_DN	0.2579119736714657			
LEE_RECENT_THYMIC_EMIGRANT	0.2579091276536078			
GSE15659_NAIVE_VS_PTPRC_NEG_CD4_TCELL_DN	0.25788529955926226			
GO_DEATH_INDUCING_SIGNALING_COMPLEX_ASSEMBLY	0.2578746744459141			
GO_POSITIVE_REGULATION_OF_T_HELPER_CELL_DIFFERENTIATION	0.257790713209288			
GSE17721_POLYIC_VS_GARDIQUIMOD_2H_BMDC_UP	0.25778087657519194			
GO_NEGATIVE_REGULATION_OF_NECROTIC_CELL_DEATH	0.2577683487174354			
IPA_GABPA_UP	0.25776403565648914			
GO_PML_BODY_ORGANIZATION	0.2577538779187565			
GO_REGULATION_OF_LEUKOCYTE_PROLIFERATION	0.25773381067086687			
ELF1_Q6	0.2577248233032086			
GSE39820_CTRL_VS_TGFBETA3_IL6_CD4_TCELL_UP	0.2577161168679675			
COUP_01	0.25770175666729783			
FULCHER_INFLAMMATORY_RESPONSE_LECTIN_VS_LPS_DN	0.25767968600994606			
GSE40666_UNTREATED_VS_IFNA_STIM_EFFECTOR_CD8_TCELL_90MIN_DN	0.2576763901088576			
GSE42724_NAIVE_VS_B1_BCELL_UP	0.2576486649249373			
IPA_HIST1H4J_UP	0.25760039772214866			
IPA_HIST1H4D_UP	0.25760039772214866			
IPA_HIST1H4L_UP	0.25760039772214866			
IPA_HIST2H4B_UP	0.25760039772214866			
IPA_HIST1H4E_UP	0.25760039772214866			
IPA_HIST4H4_UP	0.25760039772214866			
IPA_HIST1H4I_UP	0.25760039772214866			
IPA_HIST1H4A_UP	0.25760039772214866			
IPA_HIST2H4A_UP	0.25760039772214866			
IPA_HIST1H4F_UP	0.25760039772214866			
IPA_HIST1H4H_UP	0.25760039772214866			
IPA_HIST1H4C_UP	0.25760039772214866			
GO_DENDRITIC_CELL_DIFFERENTIATION	0.25759838681317926			
CAIRO_HEPATOBLASTOMA_CLASSES_DN	0.2575883874894659			
GSE32164_RESTING_DIFFERENTIATED_VS_CMYC_INHIBITED_MACROPHAGE_UP	0.2575760015832533			
GO_RNA_POLYMERASE_II_CTD_HEPTAPEPTIDE_REPEAT_KINASE_ACTIVITY	0.25756774734018667			
chr9q33	0.25755418314649986			
GSE21546_WT_VS_SAP1A_KO_ANTI_CD3_STIM_DP_THYMOCYTES_UP	0.2575387147858229			
MIR6816_3P	0.25749229065712126			
GSE3982_DC_VS_TH1_DN	0.2574895096232866			
GSE7831_UNSTIM_VS_INFLUENZA_STIM_PDC_4H_UP	0.2574538803205986			
GSE2706_UNSTIM_VS_2H_R848_DC_UP	0.2574527422974007			
GSE13522_CTRL_VS_T_CRUZI_G_STRAIN_INF_SKIN_DN	0.25745071839449196			
GSE10211_UV_INACT_SENDAI_VS_LIVE_SENDAI_VIRUS_TRACHEAL_EPITHELIAL_CELLS_UP	0.2574428720919173			
IPA_TAF4B_UP	0.25742655032819806			
GSE34515_CD16_NEG_MONOCYTE_VS_DC_UP	0.25742431169466706			
GO_SMALL_MOLECULE_BIOSYNTHETIC_PROCESS	0.2574142997270081			
GARGALOVIC_RESPONSE_TO_OXIDIZED_PHOSPHOLIPIDS_TURQUOISE_UP	0.2574080921086117			
GSE7460_CTRL_VS_TGFB_TREATED_ACT_TREG_UP	0.2573887713857954			
NKX2_8_TARGET_GENES	0.2573846711581914			
GSE17721_LPS_VS_GARDIQUIMOD_4H_BMDC_UP	0.25736490437274395			
MIR6806_5P	0.25734385324433656			
GSE14308_TH2_VS_NAIVE_CD4_TCELL_UP	0.2573310773042425			
GSE29949_CD8_NEG_DC_SPLEEN_VS_MONOCYTE_BONE_MARROW_DN	0.2573178510271842			
PID_IL5_PATHWAY	0.2572952051783917			
GSE39556_CD8A_DC_VS_NK_CELL_UP	0.257283961860371			
GO_FIBROBLAST_PROLIFERATION	0.25726459746347385			
GSE5542_UNTREATED_VS_IFNA_TREATED_EPITHELIAL_CELLS_24H_DN	0.257235767863799			
GSE5455_EX_VIVO_VS_POST_24H_INCUBATION_MONOCYTES_FROM_TUMOR_BEARING_MOUSE_DN	0.2572345508337174			
GSE37416_0H_VS_12H_F_TULARENSIS_LVS_NEUTROPHIL_UP	0.2572131463234797			
GSE36527_CD62L_HIGH_VS_CD62L_LOW_TREG_CD69_NEG_KLRG1_NEG_UP	0.25720434539440257			
GSE7831_UNSTIM_VS_CPG_STIM_PDC_1H_UP	0.25719879073685725			
GO_VIRAL_GENOME_REPLICATION	0.25716315494349695			
GSE43863_NAIVE_VS_MEMORY_TH1_CD4_TCELL_D150_LCMV_UP	0.2571556098553682			
GO_RESPONSE_TO_VIRUS	0.2571257897823214			
GSE33162_HDAC3_KO_VS_HDAC3_KO_4H_LPS_STIM_MACROPHAGE_UP	0.257124608927088			
GSE3982_MAST_CELL_VS_NKCELL_DN	0.25712106372801086			
GSE17301_CTRL_VS_48H_ACD3_ACD28_IFNA2_STIM_CD8_TCELL_UP	0.2571126213998455			
SHIN_B_CELL_LYMPHOMA_CLUSTER_8	0.2570945060461399			
GO_CARBON_NITROGEN_LYASE_ACTIVITY	0.2570944849817149			
OLSSON_E2F3_TARGETS_DN	0.25708482059412474			
JAK2_DN.V1_DN	0.25708390179134843			
GO_POSITIVE_REGULATION_OF_T_HELPER_17_TYPE_IMMUNE_RESPONSE	0.2570562390416068			
GSE2706_2H_VS_8H_R848_AND_LPS_STIM_DC_UP	0.2570473666286763			
GSE40274_CTRL_VS_FOXP3_AND_LEF1_TRANSDUCED_ACTIVATED_CD4_TCELL_UP	0.25704658888355697			
GO_ADP_METABOLIC_PROCESS	0.25704644046302766			
GO_NATURAL_KILLER_CELL_ACTIVATION_INVOLVED_IN_IMMUNE_RESPONSE	0.257037508003793			
GSE37605_C57BL6_VS_NOD_FOXP3_IRES_GFP_TREG_DN	0.2570170020933604			
GO_VACUOLAR_PROTON_TRANSPORTING_V_TYPE_ATPASE_COMPLEX	0.2569901109163569			
REACTOME_SLC_TRANSPORTER_DISORDERS	0.2569798118914419			
GSE33513_TCF7_KO_VS_HET_EARLY_THYMIC_PROGENITOR_UP	0.2569627817182705			
NFKAPPAB65_01	0.2569373178313509			
GO_DENDRITIC_CELL_MIGRATION	0.25693665004458677			
GO_SOMATIC_RECOMBINATION_OF_IMMUNOGLOBULIN_GENE_SEGMENTS	0.25692392336869235			
GSE34156_TLR1_TLR2_LIGAND_VS_NOD2_AND_TLR1_TLR2_LIGAND_24H_TREATED_MONOCYTE_DN	0.256901266755806			
GSE411_WT_VS_SOCS3_KO_MACROPHAGE_IL6_STIM_100MIN_UP	0.25689879748499156			
GO_REGULATION_OF_TRIGLYCERIDE_METABOLIC_PROCESS	0.25689168535414			
ROSS_LEUKEMIA_WITH_MLL_FUSIONS	0.25689165235811223			
REACTOME_ROLE_OF_PHOSPHOLIPIDS_IN_PHAGOCYTOSIS	0.256881025421023			
GSE3982_EOSINOPHIL_VS_MAST_CELL_UP	0.2568810177001862			
GSE15930_STIM_VS_STIM_AND_IL12_72H_CD8_T_CELL_UP	0.25687853566199986			
REACTOME_SCAVENGING_OF_HEME_FROM_PLASMA	0.25685030949246773			
NFE2L1_TARGET_GENES	0.25684544207605126			
DIAZ_CHRONIC_MEYLOGENOUS_LEUKEMIA_DN	0.2568427885005505			
GO_NEGATIVE_REGULATION_OF_REPRODUCTIVE_PROCESS	0.25681986580977506			
GSE360_HIGH_DOSE_B_MALAYI_VS_M_TUBERCULOSIS_DC_UP	0.25680373119276584			
DIRMEIER_LMP1_RESPONSE_LATE_UP	0.25678949979857785			
GO_NEGATIVE_REGULATION_OF_TYPE_2_IMMUNE_RESPONSE	0.25677667041718505			
CHIARETTI_ACUTE_LYMPHOBLASTIC_LEUKEMIA_ZAP70	0.25677081663481227			
GO_PROTEIN_LOCALIZATION_TO_NUCLEAR_ENVELOPE	0.2567658231448001			
GO_NATURAL_KILLER_CELL_ACTIVATION	0.256759991993012			
KEGG_RIBOSOME	0.256755635942462			
GO_TOLL_LIKE_RECEPTOR_3_SIGNALING_PATHWAY	0.25670712450958166			
GSE18893_TCONV_VS_TREG_2H_CULTURE_UP	0.2567060751651145			
GSE7509_UNSTIM_VS_IFNA_STIM_IMMATURE_DC_DN	0.25670067972124655			
GO_IMMUNOLOGICAL_MEMORY_PROCESS	0.2566773399685624			
FERRANDO_LYL1_NEIGHBORS	0.2566143787246313			
GSE18893_CTRL_VS_TNF_TREATED_TCONV_2H_UP	0.25659635463372615			
LEE_LIVER_CANCER_ACOX1_DN	0.25651138529674844			
GO_POSITIVE_REGULATION_OF_DNA_DEPENDENT_DNA_REPLICATION	0.25650651994742046			
GO_CELLULAR_RESPONSE_TO_ABIOTIC_STIMULUS	0.2564730282786764			
GSE24292_WT_VS_PPARG_KO_MACROPHAGE_DN	0.25639877912373005			
GSE15930_STIM_VS_STIM_AND_IL12_48H_CD8_T_CELL_UP	0.25637794271722764			
GO_REGULATION_OF_RECEPTOR_SIGNALING_PATHWAY_VIA_STAT	0.256372203450062			
GO_INOSITOL_1_4_5_TRISPHOSPHATE_BINDING	0.25636428506767905			
GO_REGULATION_OF_NEUTROPHIL_CHEMOTAXIS	0.2563477848061361			
GO_REGULATION_OF_ERYTHROCYTE_DIFFERENTIATION	0.2563464976384951			
GSE17186_MEMORY_VS_CD21LOW_TRANSITIONAL_BCELL_DN	0.2563452083193779			
GSE41867_DAY15_EFFECTOR_VS_DAY30_MEMORY_CD8_TCELL_LCMV_ARMSTRONG_DN	0.25632865164939744			
GO_CONTRACTILE_FIBER	0.2563098414848604			
GSE11961_MARGINAL_ZONE_BCELL_VS_GERMINAL_CENTER_BCELL_DAY7_UP	0.2563030497293531			
GO_NAD_METABOLIC_PROCESS	0.2562845054228569			
GO_GOLGI_DISASSEMBLY	0.2562838069338089			
GO_REGULATION_OF_MULTI_ORGANISM_PROCESS	0.2562744478832641			
XU_CREBBP_TARGETS_DN	0.25625785406358664			
GO_POSITIVE_REGULATION_OF_FLAGELLATED_SPERM_MOTILITY	0.2562564805081858			
GSE45365_NK_CELL_VS_BCELL_MCMV_INFECTION_UP	0.2562395887192558			
SMIRNOV_RESPONSE_TO_IR_6HR_DN	0.25622604379123154			
GO_RESPONSE_TO_BACTERIUM	0.25622361537338784			
GSE24026_PD1_LIGATION_VS_CTRL_IN_ACT_TCELL_LINE_UP	0.2562200218384708			
FONTAINE_PAPILLARY_THYROID_CARCINOMA_DN	0.25621194984692214			
MIR6765_3P	0.25619771680606324			
CC2D1A_TARGET_GENES	0.25619757221042355			
NIKOLSKY_BREAST_CANCER_8P12_P11_AMPLICON	0.25616610652031996			
GO_LYMPHOCYTE_ACTIVATION_INVOLVED_IN_IMMUNE_RESPONSE	0.2561589321503742			
GO_POSITIVE_REGULATION_OF_FIBROBLAST_PROLIFERATION	0.2561469192112979			
GSE44649_NAIVE_VS_ACTIVATED_CD8_TCELL_MIR155_KO_DN	0.2561284538702669			
GSE5503_MLN_DC_VS_SPLEEN_DC_ACTIVATED_ALLOGENIC_TCELL_UP	0.2561269021873812			
PID_PDGFRA_PATHWAY	0.25612445928425087			
GSE36476_YOUNG_VS_OLD_DONOR_MEMORY_CD4_TCELL_72H_TSST_ACT_DN	0.2561070861914715			
GSE15624_3H_VS_6H_HALOFUGINONE_TREATED_CD4_TCELL_DN	0.2560957904310025			
GO_ENZYME_ACTIVATOR_ACTIVITY	0.25609533779852095			
GSE17974_0H_VS_1H_IN_VITRO_ACT_CD4_TCELL_UP	0.2560544725278061			
KOKKINAKIS_METHIONINE_DEPRIVATION_48HR_UP	0.2560453833050101			
BIOCARTA_MITOCHONDRIA_PATHWAY	0.2560348428773217			
GO_B_CELL_ACTIVATION_INVOLVED_IN_IMMUNE_RESPONSE	0.2560256304901861			
PILON_KLF1_TARGETS_UP	0.25601873346271625			
GO_UBIQUITIN_BINDING	0.25601452302522937			
RUTELLA_RESPONSE_TO_CSF2RB_AND_IL4_DN	0.25598964709706906			
GO_REGULATION_OF_VIRAL_GENOME_REPLICATION	0.25596936773647844			
GSE1448_CTRL_VS_ANTI_VBETA5_DP_THYMOCYTE_DN	0.25595449152085314			
GO_REGULATION_OF_ADAPTIVE_IMMUNE_RESPONSE	0.25595292209040355			
SENGUPTA_NASOPHARYNGEAL_CARCINOMA_UP	0.2559525732889277			
GO_GERM_CELL_PROLIFERATION	0.2559480172601307			
GSE42088_UNINF_VS_LEISHMANIA_INF_DC_2H_DN	0.2559265635062832			
GO_PROTEIN_ANTIGEN_BINDING	0.2559230607159898			
REACTOME_RELAXIN_RECEPTORS	0.25591150962410086			
MIR367_5P	0.25590430429280786			
SHIN_B_CELL_LYMPHOMA_CLUSTER_3	0.25589300375857127			
GO_REGULATION_OF_DEFENSE_RESPONSE	0.2558870709174695			
GO_RESPONSE_TO_AMPHETAMINE	0.2558682972787093			
GO_REGULATION_OF_NEUTROPHIL_ACTIVATION	0.25585107287273184			
GO_NADPH_HEMOPROTEIN_REDUCTASE_ACTIVITY	0.2558477006374961			
GSE22140_HEALTHY_VS_ARTHRITIC_GERMFREE_MOUSE_CD4_TCELL_UP	0.2558420020753242			
IPA_FOXP1_DN	0.25582288881882087			
GSE21546_ELK1_KO_VS_SAP1A_KO_AND_ELK1_KO_DP_THYMOCYTES_UP	0.2558015510893116			
GSE43863_DAY6_EFF_VS_DAY150_MEM_TFH_CD4_TCELL_DN	0.2557923134084261			
GO_REGULATION_OF_T_CELL_MEDIATED_IMMUNITY	0.2557510111831509			
MIR144_3P	0.25575074948982746			
HALLMARK_UNFOLDED_PROTEIN_RESPONSE	0.25573957329378544			
GO_PRIMITIVE_HEMOPOIESIS	0.2557348133850688			
GO_CELLULAR_RESPONSE_TO_VIRUS	0.255718956715407			
GO_PYRUVATE_METABOLIC_PROCESS	0.2557155048305807			
REACTOME_SMAD2_SMAD3_SMAD4_HETEROTRIMER_REGULATES_TRANSCRIPTION	0.25566297378382397			
GSE26669_CD4_VS_CD8_TCELL_IN_MLR_COSTIM_BLOCK_UP	0.25563594138454027			
MIR1231	0.2556330405464499			
ISRE_01	0.2556212494770563			
GSE17721_LPS_VS_CPG_24H_BMDC_UP	0.25559675734964227			
GSE29615_CTRL_VS_LAIV_FLU_VACCINE_PBMC_UP	0.25559436622599285			
GOLDRATH_ANTIGEN_RESPONSE	0.25558574227579767			
REACTOME_CELLULAR_RESPONSE_TO_HYPOXIA	0.2555839728636087			
GO_POSITIVE_REGULATION_OF_CYTOKINE_PRODUCTION	0.25556194655254416			
GSE21360_NAIVE_VS_TERTIARY_MEMORY_CD8_TCELL_DN	0.25555221814629503			
GO_CELLULAR_RESPONSE_TO_ALDEHYDE	0.2555374540256033			
GSE12198_CTRL_VS_LOW_IL2_STIM_NK_CELL_UP	0.25552860770669006			
GSE29164_DAY3_VS_DAY7_CD8_TCELL_AND_IL12_TREATED_MELANOMA_UP	0.2555271486046167			
GO_TOLERANCE_INDUCTION	0.2554771759154356			
GSE14699_DELETIONAL_TOLERANCE_VS_ACTIVATED_CD8_TCELL_DN	0.25546965229500024			
GSE8621_UNSTIM_VS_LPS_STIM_MACROPHAGE_DN	0.2554668236139196			
GO_HISTONE_METHYLTRANSFERASE_ACTIVITY_H3_K36_SPECIFIC	0.2554487519576601			
GSE36476_CTRL_VS_TSST_ACT_72H_MEMORY_CD4_TCELL_YOUNG_UP	0.25543022710531826			
GSE39820_CTRL_VS_TGFBETA1_IL6_CD4_TCELL_UP	0.25542091048636584			
GO_NECROPTOTIC_SIGNALING_PATHWAY	0.25541113681274163			
GSE37416_0H_VS_3H_F_TULARENSIS_LVS_NEUTROPHIL_UP	0.2553926718580886			
GSE17721_CPG_VS_GARDIQUIMOD_8H_BMDC_UP	0.2553312398895266			
GO_DEFENSE_RESPONSE_TO_FUNGUS	0.2553288404259557			
GSE7768_OVA_ALONE_VS_OVA_WITH_MPL_IMMUNIZED_MOUSE_WHOLE_SPLEEN_6H_UP	0.25530124416548333			
REACTOME_PURINE_SALVAGE	0.25529569114180867			
GSE37533_PPARG1_FOXP3_VS_PPARG2_FOXP3_TRANSDUCED_CD4_TCELL_PIOGLITAZONE_TREATED_DN	0.2552927282527738			
GSE3720_UNSTIM_VS_LPS_STIM_VD2_GAMMADELTA_TCELL_UP	0.25527827943397946			
IPA_YWHAE_DN	0.25526193468929936			
IPA_IRF4_DN	0.2552559780881196			
GSE15324_ELF4_KO_VS_WT_ACTIVATED_CD8_TCELL_DN	0.2552421267108051			
GSE6674_UNSTIM_VS_ANTI_IGM_STIM_BCELL_UP	0.25524110102669456			
GSE17721_0.5H_VS_8H_GARDIQUIMOD_BMDC_DN	0.2552287764691769			
GO_POSITIVE_REGULATION_OF_B_CELL_MEDIATED_IMMUNITY	0.2552210529588935			
GSE12392_WT_VS_IFNB_KO_CD8A_NEG_SPLEEN_DC_DN	0.25521845706283913			
IPA_PPARG_DN	0.2552029765353119			
GO_ANTIGEN_PROCESSING_AND_PRESENTATION_OF_PEPTIDE_ANTIGEN_VIA_MHC_CLASS_I	0.2551967547764772			
GO_POSITIVE_REGULATION_OF_T_CELL_PROLIFERATION	0.25518630878554266			
GSE40666_UNTREATED_VS_IFNA_STIM_EFFECTOR_CD8_TCELL_90MIN_UP	0.25518293775004725			
GSE21774_CD62L_POS_CD56_DIM_VS_CD62L_NEG_CD56_DIM_NK_CELL_DN	0.2551740630360041			
GO_REGULATION_OF_CATION_TRANSMEMBRANE_TRANSPORT	0.2551734371324179			
REACTOME_B_WICH_COMPLEX_POSITIVELY_REGULATES_RRNA_EXPRESSION	0.2551639726760193			
IPA_RB1_DN	0.25515218793448075			
GSE40274_LEF1_VS_FOXP3_AND_LEF1_TRANSDUCED_ACTIVATED_CD4_TCELL_DN	0.2551472436622067			
PDGF_UP.V1_UP	0.2551250548098954			
GSE39820_CTRL_VS_IL1B_IL6_CD4_TCELL_UP	0.2551227447582024			
GO_CELLULAR_RESPONSE_TO_STEROL	0.2551222788754279			
GSE41176_WT_VS_TAK1_KO_ANTI_IGM_STIM_BCELL_1H_UP	0.25511465949059003			
GSE11864_UNTREATED_VS_CSF1_PAM3CYS_IN_MAC_UP	0.2550954645264444			
GENTILE_UV_RESPONSE_CLUSTER_D7	0.2550934150770465			
GSE22432_UNTREATED_VS_TGFB1_TREATED_COMMON_DC_PROGENITOR_UP	0.25507641338771975			
GSE13485_DAY1_VS_DAY21_YF17D_VACCINE_PBMC_DN	0.25507526485310805			
GSE3982_DC_VS_MAC_LPS_STIM_UP	0.2550562184635058			
GSE37416_0H_VS_48H_F_TULARENSIS_LVS_NEUTROPHIL_UP	0.25505039867836826			
GO_CYTOKINE_SECRETION	0.25504290173393324			
IPA_CDK2_UP	0.2550138856734182			
LANDIS_ERBB2_BREAST_TUMORS_324_DN	0.25500995689670086			
GSE5589_IL6_KO_VS_IL10_KO_LPS_STIM_MACROPHAGE_45MIN_UP	0.2549878410743908			
GSE11864_CSF1_VS_CSF1_PAM3CYS_IN_MAC_UP	0.25498658194448054			
GO_INOSITOL_TRISPHOSPHATE_METABOLIC_PROCESS	0.25498621063208515			
GSE22611_NOD2_VS_CTRL_TRANSDUCED_HEK293T_CELL_UP	0.2549855175082523			
GO_CELLULAR_CARBOHYDRATE_BIOSYNTHETIC_PROCESS	0.25496048267293103			
GO_ARGININE_BINDING	0.2549308385915969			
GSE2405_HEAT_KILLED_VS_LIVE_A_PHAGOCYTOPHILUM_STIM_NEUTROPHIL_9H_UP	0.2549287113264357			
MIR6076	0.25491264633447236			
GO_DEFENSE_RESPONSE_TO_OTHER_ORGANISM	0.2549067693690218			
GSE37533_UNTREATED_VS_PIOGLIZATONE_TREATED_CD4_TCELL_FOXP3_TRASDUCED_CD4_TCELL_DN	0.2549053615764099			
GO_CD40_SIGNALING_PATHWAY	0.2548946409355126			
GSE12366_GC_VS_NAIVE_BCELL_DN	0.25489073667288414			
REACTOME_CS_DS_DEGRADATION	0.25486998151967993			
HOFFMANN_IMMATURE_TO_MATURE_B_LYMPHOCYTE_UP	0.25486243266301534			
GSE43863_DAY6_EFF_VS_DAY150_MEM_TH1_CD4_TCELL_DN	0.254848987065213			
GO_REGULATION_OF_LYMPHOCYTE_MEDIATED_IMMUNITY	0.25484839639376			
GSE38696_LIGHT_ZONE_VS_DARK_ZONE_BCELL_UP	0.2548383352401486			
MIR200B_5P	0.254817668292459			
GO_NEGATIVE_REGULATION_OF_MYELOID_CELL_APOPTOTIC_PROCESS	0.25480866516096157			
GSE22886_NAIVE_CD4_TCELL_VS_NEUTROPHIL_UP	0.25479395932865456			
GSE37532_TREG_VS_TCONV_PPARG_KO_CD4_TCELL_FROM_LN_UP	0.25479290756264183			
GSE37534_PIOGLITAZONE_VS_ROSIGLITAZONE_TREATED_CD4_TCELL_PPARG1_FOXP3_TRANSDUCED_DN	0.2547831966297143			
GO_CHROMOSOME_ORGANIZATION_INVOLVED_IN_MEIOTIC_CELL_CYCLE	0.25475139066271957			
GO_REGULATION_OF_SOMATIC_STEM_CELL_POPULATION_MAINTENANCE	0.25474986409147615			
KOKKINAKIS_METHIONINE_DEPRIVATION_96HR_UP	0.2547183544611597			
GSE24634_IL4_VS_CTRL_TREATED_NAIVE_CD4_TCELL_DAY3_DN	0.25470623533167563			
MIR301A_5P	0.2546577361221026			
MIR301B_5P	0.2546577361221026			
TOMLINS_PROSTATE_CANCER_DN	0.2546325767616044			
GO_POSITIVE_REGULATION_OF_CIRCADIAN_RHYTHM	0.25460831442520176			
GSE32164_ALTERNATIVELY_ACT_M2_VS_CMYC_INHIBITED_MACROPHAGE_UP	0.2546081920996596			
GO_REGULATION_OF_RESPONSE_TO_EXTERNAL_STIMULUS	0.25459611283461797			
GO_DISRUPTION_BY_HOST_OF_SYMBIONT_CELLS	0.2545834183173627			
MIR6724_5P	0.2545819228458386			
GSE2770_IL12_AND_TGFB_VS_IL4_TREATED_ACT_CD4_TCELL_48H_DN	0.2545665238229177			
GSE42088_2H_VS_24H_LEISHMANIA_INF_DC_UP	0.25454380265857585			
GSE2706_R848_VS_R848_AND_LPS_8H_STIM_DC_DN	0.25453969086765627			
GO_PEPTIDYL_TYROSINE_MODIFICATION	0.2545357905490803			
GO_CONNECTIVE_TISSUE_REPLACEMENT	0.2545332463883179			
GO_TERTIARY_GRANULE_MEMBRANE	0.2545313045850852			
IPA_SALL4_UP	0.2545057908994712			
GO_T_CELL_MEDIATED_CYTOTOXICITY	0.25450212389000787			
TONKS_TARGETS_OF_RUNX1_RUNX1T1_FUSION_GRANULOCYTE_DN	0.2545016096467468			
GO_TISSUE_HOMEOSTASIS	0.2544837956097472			
GO_NEGATIVE_REGULATION_OF_LEUKOCYTE_MEDIATED_IMMUNITY	0.25446856845175064			
GO_CARBONATE_DEHYDRATASE_ACTIVITY	0.2544677158944189			
GO_CD95_DEATH_INDUCING_SIGNALING_COMPLEX	0.25445382817631473			
MIR3158_3P	0.25445313534853586			
MIR101_5P	0.2544052182401745			
RODWELL_AGING_KIDNEY_UP	0.25440112708598284			
GO_DEFENSE_RESPONSE_TO_GRAM_NEGATIVE_BACTERIUM	0.2544004612732668			
GO_NEURON_DEATH_IN_RESPONSE_TO_OXIDATIVE_STRESS	0.2543583787410761			
GO_POSITIVE_REGULATION_OF_PODOSOME_ASSEMBLY	0.2543470292920203			
REACTOME_DISEASE	0.25433194318180286			
GO_POSITIVE_REGULATION_OF_TRIGLYCERIDE_CATABOLIC_PROCESS	0.2543242731372126			
GO_LEUKOCYTE_CELL_CELL_ADHESION	0.25432377717263416			
GSE3720_UNSTIM_VS_PMA_STIM_VD2_GAMMADELTA_TCELL_DN	0.2543196768176773			
REACTOME_FGFR1_MUTANT_RECEPTOR_ACTIVATION	0.2543166565645881			
GO_NEUTROPHIL_EXTRAVASATION	0.25431232254611874			
GSE40068_BCL6_POS_VS_NEG_CXCR5_POS_TFH_UP	0.25431222623423205			
KRIGE_RESPONSE_TO_TOSEDOSTAT_6HR_UP	0.25425105411424465			
GO_INTRINSIC_APOPTOTIC_SIGNALING_PATHWAY_IN_RESPONSE_TO_DNA_DAMAGE	0.25424978191068504			
GSE34515_CD16_POS_MONOCYTE_VS_DC_UP	0.2542463130049375			
GSE43863_TH1_VS_LY6C_INT_CXCR5POS_MEMORY_CD4_TCELL_UP	0.25424252048181006			
chr8p11	0.254238114487292			
GSE36476_YOUNG_VS_OLD_DONOR_MEMORY_CD4_TCELL_40H_TSST_ACT_DN	0.25422521354762784			
UBN1_TARGET_GENES	0.254196076868604			
GO_REGULATION_OF_UBIQUITIN_PROTEIN_LIGASE_ACTIVITY	0.2541707094052932			
REACTOME_ACTIVATION_OF_THE_MRNA_UPON_BINDING_OF_THE_CAP_BINDING_COMPLEX_AND_EIFS_AND_SUBSEQUENT_BINDING_TO_43S	0.2541687576818091			
GSE20727_DNFB_ALLERGEN_VS_ROS_INH_AND_DNFB_ALLERGEN_TREATED_DC_DN	0.2541323207375924			
GO_PATTERN_RECOGNITION_RECEPTOR_ACTIVITY	0.25413123174919766			
KAECH_DAY15_EFF_VS_MEMORY_CD8_TCELL_UP	0.25409099492720166			
IPA_STAT3_DN	0.2540819181564395			
GSE17721_POLYIC_VS_PAM3CSK4_1H_BMDC_DN	0.25407985817839795			
GO_RESPONSE_TO_REDOX_STATE	0.254065628718948			
GGGNNTTTCC_NFKB_Q6_01	0.25404712003235336			
GO_FATTY_ACID_LIGASE_ACTIVITY	0.25402280212559314			
GSE24574_BCL6_HIGH_TFH_VS_NAIVE_CD4_TCELL_DN	0.2540194755468275			
GAZDA_DIAMOND_BLACKFAN_ANEMIA_MYELOID_UP	0.25400919719140025			
GO_ESTABLISHMENT_OF_PROTEIN_LOCALIZATION_TO_TELOMERE	0.25399436205683074			
GSE27241_CTRL_VS_DIGOXIN_TREATED_RORGT_KO_CD4_TCELL_IN_TH17_POLARIZING_CONDITIONS_DN	0.2539877793167132			
REACTOME_SELENOAMINO_ACID_METABOLISM	0.2539662058979245			
GSE10325_CD4_TCELL_VS_MYELOID_DN	0.25396144105633406			
GO_VOLTAGE_GATED_SODIUM_CHANNEL_ACTIVITY	0.2539526702201152			
GSE46606_IRF4HIGH_VS_WT_CD40L_IL2_IL5_DAY3_STIMULATED_BCELL_DN	0.25391679880692336			
GSE41867_NAIVE_VS_DAY30_LCMV_ARMSTRONG_MEMORY_CD8_TCELL_UP	0.2538901153563082			
GO_RRNA_BASE_METHYLATION	0.2538747640483298			
MIR6748_5P	0.25387227153755376			
GSE37301_LYMPHOID_PRIMED_MPP_VS_RAG2_KO_NK_CELL_UP	0.25386806629275194			
BOSCO_INTERFERON_INDUCED_ANTIVIRAL_MODULE	0.2538523282233134			
HOWLIN_CITED1_TARGETS_1_DN	0.2538505509539123			
GO_LYSOSOME_LOCALIZATION	0.253843688724969			
GSE16450_IMMATURE_VS_MATURE_NEURON_CELL_LINE_12H_IFNA_STIM_UP	0.2537875066526661			
GO_RESPONSE_TO_CYTOKINE	0.25377798879688485			
GSE22935_UNSTIM_VS_12H_MBOVIS_BCG_STIM_MACROPHAGE_DN	0.2537701975857184			
REACTOME_INTERLEUKIN_27_SIGNALING	0.2537599894272894			
IPA_SMARCB1_DN	0.253754296676086			
MARZEC_IL2_SIGNALING_UP	0.25375218396134946			
GSE2706_2H_VS_8H_R848_STIM_DC_DN	0.25374499643921283			
GSE3982_EOSINOPHIL_VS_DC_UP	0.25371843983787			
GSE1791_CTRL_VS_NEUROMEDINU_IN_T_CELL_LINE_12H_DN	0.2537167440971339			
SIRNA_EIF4GI_DN	0.2537145986663488			
GSE14415_ACT_VS_CTRL_NATURAL_TREG_DN	0.2537021661367927			
GO_PLATELET_DERIVED_GROWTH_FACTOR_RECEPTOR_BINDING	0.25370164680372864			
GO_HIGH_DENSITY_LIPOPROTEIN_PARTICLE	0.2536907560629083			
GSE10239_NAIVE_VS_DAY4.5_EFF_CD8_TCELL_UP	0.25366644011965783			
GSE7400_CTRL_VS_CSF3_IN_VIVO_TREATED_PBMC_DN	0.25364942911742905			
IPA_CEBPB_DN	0.253604133920627			
GO_NITRIC_OXIDE_SYNTHASE_BIOSYNTHETIC_PROCESS	0.2535892193346977			
GSE360_CTRL_VS_T_GONDII_DC_UP	0.2535814302979717			
GSE37416_12H_VS_48H_F_TULARENSIS_LVS_NEUTROPHIL_DN	0.2535709570150925			
BYSTRYKH_HEMATOPOIESIS_STEM_CELL_QTL_CIS	0.25356817473632437			
GO_REGULATION_OF_PHOSPHATIDYLINOSITOL_DEPHOSPHORYLATION	0.2535299338606203			
GSE1460_CD4_THYMOCYTE_VS_NAIVE_CD4_TCELL_ADULT_BLOOD_UP	0.2535157429269898			
GO_POSITIVE_REGULATION_OF_LEUKOCYTE_CELL_CELL_ADHESION	0.25351255549922186			
LI_WILMS_TUMOR_ANAPLASTIC_UP	0.25351183032301167			
LY_AGING_PREMATURE_DN	0.2535076962620485			
GAZDA_DIAMOND_BLACKFAN_ANEMIA_ERYTHROID_UP	0.253501550197598			
GARGALOVIC_RESPONSE_TO_OXIDIZED_PHOSPHOLIPIDS_YELLOW_DN	0.2534958314966729			
MARKEY_RB1_ACUTE_LOF_DN	0.25347355981274106			
GSE17721_POLYIC_VS_GARDIQUIMOD_12H_BMDC_UP	0.2534633071167126			
GSE7460_CTRL_VS_TGFB_TREATED_ACT_TCONV_UP	0.2534526681954819			
GSE32423_MEMORY_VS_NAIVE_CD8_TCELL_IL7_IL4_DN	0.25344499704685786			
GO_POSITIVE_REGULATION_OF_CELL_ACTIVATION	0.25344268329030395			
PID_IL8_CXCR2_PATHWAY	0.2533941763109447			
GSE17186_NAIVE_VS_CD21LOW_TRANSITIONAL_BCELL_DN	0.25338365003460167			
STTTCRNTTT_IRF_Q6	0.2533713935587352			
GSE3982_MAC_VS_NEUTROPHIL_LPS_STIM_UP	0.2533575836089627			
FORTSCHEGGER_PHF8_TARGETS_UP	0.2533485758632301			
GSE9037_CTRL_VS_LPS_1H_STIM_IRAK4_KO_BMDM_DN	0.25333720223442574			
CHUNG_BLISTER_CYTOTOXICITY_UP	0.2533333514441679			
GO_MYELOID_CELL_HOMEOSTASIS	0.2533161988376119			
KEGG_APOPTOSIS	0.25329929473815666			
GSE29618_PRE_VS_DAY7_POST_LAIV_FLU_VACCINE_MDC_DN	0.2532726372850918			
KUMAR_TARGETS_OF_MLL_AF9_FUSION	0.25327105582678056			
GO_POSITIVE_REGULATION_OF_VIRAL_LIFE_CYCLE	0.25326809294371483			
GSE23568_ID3_TRANSDUCED_VS_ID3_KO_CD8_TCELL_DN	0.2532670259428327			
GSE9988_ANTI_TREM1_VS_VEHICLE_TREATED_MONOCYTES_DN	0.25325919056951995			
REACTOME_PREGNENOLONE_BIOSYNTHESIS	0.25325031420601524			
WU_HBX_TARGETS_2_DN	0.25323685069691987			
BILD_CTNNB1_ONCOGENIC_SIGNATURE	0.2532277974305509			
NUNODA_RESPONSE_TO_DASATINIB_IMATINIB_DN	0.25322410828740693			
GSE2706_R848_VS_R848_AND_LPS_2H_STIM_DC_DN	0.2532212888011473			
GO_REGULATION_OF_NEUTROPHIL_MIGRATION	0.2532117539669849			
GSE17721_0.5H_VS_4H_GARDIQUIMOD_BMDC_DN	0.25317644423086527			
BROWNE_HCMV_INFECTION_30MIN_DN	0.25317408361227206			
GSE11924_TH1_VS_TH17_CD4_TCELL_DN	0.25317280270459064			
GSE45382_UNTREATED_VS_TGFB_TREATED_MACROPHAGES_UP	0.2531677082582825			
GSE3920_IFNA_VS_IFNG_TREATED_ENDOTHELIAL_CELL_DN	0.25316668703155637			
GSE9601_NFKB_INHIBITOR_VS_PI3K_INHIBITOR_TREATED_HCMV_INF_MONOCYTE_DN	0.2531467383245982			
GSE17721_CTRL_VS_PAM3CSK4_0.5H_BMDC_UP	0.25313355467383414			
GSE27786_CD4_TCELL_VS_MONO_MAC_DN	0.25312775211975397			
GSE22886_NAIVE_VS_IGG_IGA_MEMORY_BCELL_DN	0.25312339940091855			
GSE41867_DAY6_EFFECTOR_VS_DAY30_EXHAUSTED_CD8_TCELL_LCMV_CLONE13_DN	0.25310484664402044			
GO_DERMATAN_SULFATE_METABOLIC_PROCESS	0.2531037777693708			
GO_SODIUM_ION_TRANSMEMBRANE_TRANSPORT	0.25307874755560794			
chr4q23	0.2530764632839459			
CAVIN1_TARGET_GENES	0.25306714343482795			
GO_POSITIVE_REGULATION_OF_MEIOTIC_CELL_CYCLE_PHASE_TRANSITION	0.25305541447201485			
GO_MITOTIC_G2_M_TRANSITION_CHECKPOINT	0.25305097933203186			
GO_CYTOKINE_MEDIATED_SIGNALING_PATHWAY	0.2530342414148738			
GO_PYRIMIDINE_RIBONUCLEOSIDE_MONOPHOSPHATE_METABOLIC_PROCESS	0.25303412381085816			
GO_1_PHOSPHATIDYLINOSITOL_3_KINASE_REGULATOR_ACTIVITY	0.2530280082897967			
GO_ENDOCYTIC_VESICLE_LUMEN	0.25302530889232555			
GSE24671_CTRL_VS_SENDAI_VIRUS_INFECTED_MOUSE_SPLENOCYTES_UP	0.2530250569308338			
PID_IL3_PATHWAY	0.25300838402774095			
GSE34006_A2AR_KO_VS_A2AR_AGONIST_TREATED_TREG_DN	0.2530008300841232			
GO_DISRUPTION_OF_CELLS_OF_OTHER_ORGANISM_INVOLVED_IN_SYMBIOTIC_INTERACTION	0.25296171899991804			
IPA_NR5A1_UP	0.25293839651621325			
GSE22229_RENAL_TRANSPLANT_VS_HEALTHY_PBMC_UP	0.2529371902451236			
GSE21380_NON_TFH_VS_TFH_CD4_TCELL_DN	0.2529358498519539			
GSE6259_CD4_TCELL_VS_CD8_TCELL_DN	0.2529034364065991			
HOXA9_DN.V1_UP	0.25290211805841295			
GSE6259_33D1_POS_DC_VS_BCELL_DN	0.25290049664533976			
IPA_GABPB1_UP	0.25287978790896426			
GSE32423_CTRL_VS_IL7_MEMORY_CD8_TCELL_DN	0.25286449690451684			
GSE41978_KLRG1_HIGH_VS_LOW_EFFECTOR_CD8_TCELL_DN	0.252851468580644			
GO_REGULATION_OF_PHOSPHATASE_ACTIVITY	0.25284187892388965			
YAO_TEMPORAL_RESPONSE_TO_PROGESTERONE_CLUSTER_3	0.2528220177830015			
GSE16522_ANTI_CD3CD28_STIM_VS_UNSTIM_MEMORY_CD8_TCELL_DN	0.252802395545312			
GO_POSITIVE_REGULATION_OF_MYELOID_LEUKOCYTE_MEDIATED_IMMUNITY	0.25280070545105665			
MIR640	0.2527916184093526			
GSE5503_LIVER_DC_VS_SPLEEN_DC_ACTIVATED_ALLOGENIC_TCELL_DN	0.2527817228760981			
GSE9509_10MIN_VS_30MIN_LPS_STIM_IL10_KO_MACROPHAGE_UP	0.25277785986396306			
GSE39556_UNTREATED_VS_3H_POLYIC_INJ_MOUSE_CD8A_DC_UP	0.2527641869156741			
GSE6259_DEC205_POS_DC_VS_CD8_TCELL_UP	0.25275987891022417			
GSE4984_UNTREATED_VS_VEHICLE_CTRL_TREATED_DC_UP	0.25273178956450243			
GSE10147_IL3_VS_IL3_AND_CPG_STIM_PDC_UP	0.25271601847504405			
GO_NEGATIVE_REGULATION_OF_INFLAMMATORY_RESPONSE_TO_ANTIGENIC_STIMULUS	0.2527144550579302			
GO_SIGNALING_RECEPTOR_BINDING	0.2527115594354463			
GOLUB_ALL_VS_AML_DN	0.2526812012750911			
GSE10239_NAIVE_VS_MEMORY_CD8_TCELL_DN	0.2526634679366483			
GSE37301_COMMON_LYMPHOID_PROGENITOR_VS_PRO_BCELL_DN	0.25263037571807895			
GO_NEGATIVE_REGULATION_OF_DNA_CATABOLIC_PROCESS	0.25262089547911004			
REACTOME_LIPOPHAGY	0.2526112048315762			
REACTOME_PROCESSIVE_SYNTHESIS_ON_THE_LAGGING_STRAND	0.25260621198009864			
IPA_TP53_DN	0.2525957556225755			
GO_REGULATION_OF_DNA_REPAIR	0.2525939118295843			
IPA_ID1_DN	0.2525924412379599			
GO_GLYCOSYL_COMPOUND_METABOLIC_PROCESS	0.25257098033596825			
MIR6838_5P	0.25256356780112377			
GO_LEUKOCYTE_MEDIATED_CYTOTOXICITY	0.25253146485693295			
REACTOME_IRAK4_DEFICIENCY_TLR2_4	0.25252605626562985			
GSE17721_CPG_VS_GARDIQUIMOD_0.5H_BMDC_UP	0.2525228531615171			
IPA_SP100_UP	0.25251796837103774			
PID_AP1_PATHWAY	0.25251271315426826			
GO_REGULATION_OF_SEQUESTERING_OF_ZINC_ION	0.25249274798365595			
GO_MYELOID_LEUKOCYTE_MEDIATED_IMMUNITY	0.25246996692498114			
GO_NEGATIVE_REGULATION_OF_CYTOKINE_PRODUCTION	0.25246768277358855			
STEIN_ESRRA_TARGETS_RESPONSIVE_TO_ESTROGEN_DN	0.2524612407169274			
GO_NEGATIVE_REGULATION_OF_CYTOKINE_PRODUCTION_INVOLVED_IN_IMMUNE_RESPONSE	0.2524509567692855			
GSE37416_CTRL_VS_3H_F_TULARENSIS_LVS_NEUTROPHIL_UP	0.25243991924655357			
LEE_EARLY_T_LYMPHOCYTE_DN	0.25243510599662156			
SASAKI_TARGETS_OF_TP73_AND_TP63	0.252410577584549			
ZHAN_V1_LATE_DIFFERENTIATION_GENES_DN	0.252404605172438			
LINDSTEDT_DENDRITIC_CELL_MATURATION_B	0.2523771924573326			
GO_REGULATION_OF_COMPLEMENT_DEPENDENT_CYTOTOXICITY	0.2523496265776384			
GO_TYPE_B_PANCREATIC_CELL_APOPTOTIC_PROCESS	0.2523400461170448			
GSE39382_IL3_VS_IL3_IL33_TREATED_MAST_CELL_UP	0.2523320090501203			
GO_INTRAMOLECULAR_OXIDOREDUCTASE_ACTIVITY_INTERCONVERTING_ALDOSES_AND_KETOSES	0.2523207223178683			
GO_NAD_DEPENDENT_PROTEIN_DEACETYLASE_ACTIVITY	0.2523071276472262			
GO_INFLAMMATORY_RESPONSE	0.25229987928506703			
SHAFFER_IRF4_TARGETS_IN_PLASMA_CELL_VS_MATURE_B_LYMPHOCYTE	0.25226692527054195			
GSE3720_LPS_VS_PMA_STIM_VD2_GAMMADELTA_TCELL_UP	0.252265585708281			
GAUSSMANN_MLL_AF4_FUSION_TARGETS_F_DN	0.2522517824963786			
GO_AZUROPHIL_GRANULE	0.25219626600383394			
GO_NEGATIVE_REGULATION_OF_IMMUNE_SYSTEM_PROCESS	0.25219601765003513			
GSE28737_WT_VS_BCL6_HET_FOLLICULAR_BCELL_DN	0.2521889303112395			
GSE19401_UNSTIM_VS_RETINOIC_ACID_STIM_FOLLICULAR_DC_DN	0.25218884172224837			
GO_POSITIVE_REGULATION_OF_LEUKOCYTE_MEDIATED_CYTOTOXICITY	0.25218254727343126			
GO_SINGLE_STRAND_BREAK_REPAIR	0.2521806636955286			
ZNF34_TARGET_GENES	0.2521706023248316			
GSE23695_CD57_POS_VS_NEG_NK_CELL_UP	0.2521684189102505			
GSE3720_VD1_VS_VD2_GAMMADELTA_TCELL_WITH_LPS_STIM_DN	0.2521610729647741			
GSE20366_EX_VIVO_VS_DEC205_CONVERSION_NAIVE_CD4_TCELL_UP	0.2521455880151436			
GSE29618_BCELL_VS_PDC_DAY7_FLU_VACCINE_UP	0.25214548161088834			
AHRARNT_02	0.2521388547473823			
GO_REGULATION_OF_CD4_POSITIVE_ALPHA_BETA_T_CELL_ACTIVATION	0.2521362123465459			
REACTOME_CYTOKINE_SIGNALING_IN_IMMUNE_SYSTEM	0.25213541284133917			
chr12p13	0.25212982124605493			
TTCYNRGAA_STAT5B_01	0.2521265106544821			
GSE18791_CTRL_VS_NEWCASTLE_VIRUS_DC_14H_DN	0.2521225154238627			
GSE22140_GERMFREE_VS_SPF_ARTHRITIC_MOUSE_CD4_TCELL_DN	0.25209971050589164			
GO_NEGATIVE_REGULATION_OF_METAPHASE_ANAPHASE_TRANSITION_OF_CELL_CYCLE	0.25206361928297666			
GO_NEGATIVE_REGULATION_OF_RESPONSE_TO_CYTOKINE_STIMULUS	0.2520403574679408			
GO_POSITIVE_REGULATION_OF_MEMORY_T_CELL_DIFFERENTIATION	0.25202102201216375			
MIKKELSEN_ES_ICP_WITH_H3K4ME3	0.2520158624887435			
GO_EXOCYTOSIS	0.25200901135799386			
ZNF318_TARGET_GENES	0.25199668102069966			
GO_STEROID_BINDING	0.2519381934475354			
GO_NEGATIVE_REGULATION_OF_SKELETAL_MUSCLE_TISSUE_DEVELOPMENT	0.2519364930482987			
GSE45365_HEALTHY_VS_MCMV_INFECTION_CD8_TCELL_IFNAR_KO_DN	0.2519349796029242			
GSE20366_TREG_VS_NAIVE_CD4_TCELL_UP	0.2519259548691146			
MIR411_5P	0.25192084681294713			
STAT5A_01	0.25190840754914445			
GSE22229_RENAL_TRANSPLANT_IMMUNOSUPP_THERAPY_VS_HEALTHY_PBMC_UP	0.2518859354126899			
BIOCARTA_PTDINS_PATHWAY	0.2518842739037407			
MIR4715_3P	0.25186077061801737			
GO_POSITIVE_REGULATION_OF_INTERLEUKIN_8_BIOSYNTHETIC_PROCESS	0.25185695922694673			
HARRIS_HYPOXIA	0.25185473915981016			
BIOCARTA_RELA_PATHWAY	0.2518518266293701			
KIM_GLIS2_TARGETS_UP	0.25183976936771973			
MIR1_5P	0.25181881005704			
ALCALA_APOPTOSIS	0.2518059406468195			
GSE24142_EARLY_THYMIC_PROGENITOR_VS_DN2_THYMOCYTE_ADULT_UP	0.251800867502362			
GO_GRANULAR_COMPONENT	0.2517835284586342			
GSE7568_IL4_VS_IL4_AND_DEXAMETHASONE_TREATED_MACROPHAGE_DN	0.2517835259296296			
GO_GLUCOSE_6_PHOSPHATE_METABOLIC_PROCESS	0.25177965814898984			
GO_CD4_POSITIVE_ALPHA_BETA_T_CELL_ACTIVATION	0.2517740703506353			
GSE15330_HSC_VS_PRO_BCELL_DN	0.25177155457466643			
GSE33374_CD8_ALPHAALPHA_VS_ALPHABETA_CD161_HIGH_TCELL_DN	0.25176914327135475			
GSE13887_RESTING_VS_ACT_CD4_TCELL_DN	0.25175882762068125			
GSE6269_STAPH_AUREUS_VS_STREP_PNEUMO_INF_PBMC_DN	0.2517546897431566			
REACTOME_REMOVAL_OF_THE_FLAP_INTERMEDIATE_FROM_THE_C_STRAND	0.25174719704457543			
IPA_NR5A1_DN	0.25174632969178323			
RBL1_TARGET_GENES	0.2517415247629084			
GSE14308_TH2_VS_NATURAL_TREG_UP	0.2517361031038679			
GO_FATTY_ACID_BIOSYNTHETIC_PROCESS	0.25173438707619056			
GO_LEUCINE_CATABOLIC_PROCESS	0.2517198914484178			
REACTOME_G2_M_DNA_DAMAGE_CHECKPOINT	0.25168602825907066			
GSE36891_UNSTIM_VS_PAM_TLR2_STIM_PERITONEAL_MACROPHAGE_DN	0.251679963005608			
GSE360_CTRL_VS_L_DONOVANI_MAC_DN	0.2516658360015757			
GO_POSITIVE_REGULATION_OF_BEHAVIOR	0.25164065670016306			
IPA_JUN_UP	0.25163320586043136			
GSE19198_CTRL_VS_IL21_TREATED_TCELL_6H_UP	0.2516174989289809			
GO_LIPOPOLYSACCHARIDE_MEDIATED_SIGNALING_PATHWAY	0.2516164837641855			
GO_POSITIVE_REGULATION_OF_CENTROSOME_DUPLICATION	0.2516156293560276			
GO_MYOSIN_LIGHT_CHAIN_BINDING	0.25161424820304135			
GSE22886_CD4_TCELL_VS_BCELL_NAIVE_UP	0.2516001062778677			
DACOSTA_LOW_DOSE_UV_RESPONSE_VIA_ERCC3_XPCS_DN	0.25159086267540154			
GSE7852_TREG_VS_TCONV_FAT_DN	0.25158294055437225			
WIELAND_UP_BY_HBV_INFECTION	0.2515694168879749			
GSE17721_PAM3CSK4_VS_GADIQUIMOD_1H_BMDC_UP	0.25156290456577346			
ZHOU_INFLAMMATORY_RESPONSE_LIVE_DN	0.25156253457023087			
GO_PHOSPHATIDYLINOSITOL_3_KINASE_ACTIVITY	0.2515377124148766			
GSE17186_BLOOD_VS_CORD_BLOOD_CD21LOW_TRANSITIONAL_BCELL_UP	0.25153578505003626			
GSE19198_1H_VS_24H_IL21_TREATED_TCELL_UP	0.25153288154327397			
GSE19888_CTRL_VS_TCELL_MEMBRANES_ACT_MAST_CELL_PRETREAT_A3R_INH_DN	0.2515278361366288			
GO_NEGATIVE_REGULATION_OF_CD4_POSITIVE_ALPHA_BETA_T_CELL_DIFFERENTIATION	0.25152363224778806			
GSE22611_NOD2_VS_CTRL_TRANSDUCED_HEK293T_CELL_DN	0.25152224834245723			
HOFMANN_CELL_LYMPHOMA_UP	0.2515162478087079			
YAGI_AML_RELAPSE_PROGNOSIS	0.2514763082295048			
UDAYAKUMAR_MED1_TARGETS_UP	0.25145237652836033			
GSE5589_LPS_AND_IL10_VS_LPS_AND_IL6_STIM_IL6_KO_MACROPHAGE_45MIN_UP	0.2514386826925523			
GSE4590_SMALL_VS_LARGE_PRE_BCELL_UP	0.2514358498683837			
ICHIBA_GRAFT_VERSUS_HOST_DISEASE_D7_UP	0.2514351298137179			
GSE27670_BLIMP1_VS_LMP1_TRANSDUCED_GC_BCELL_DN	0.25142203364056376			
GO_ACID_AMINO_ACID_LIGASE_ACTIVITY	0.25141519568157483			
GO_IRON_ION_HOMEOSTASIS	0.2514107979715962			
GSE46606_IRF4_KO_VS_WT_CD40L_IL2_IL5_3DAY_STIMULATED_BCELL_DN	0.2514105189433814			
GSE18893_TCONV_VS_TREG_24H_TNF_STIM_DN	0.25140402337138895			
MIR653_3P	0.2513991983897298			
GSE6259_DEC205_POS_DC_VS_BCELL_DN	0.25139901299483364			
GSE43863_NAIVE_VS_TFH_CD4_EFF_TCELL_D6_LCMV_DN	0.2513647641303585			
MIR3169	0.25136230996161485			
REACTOME_CD28_CO_STIMULATION	0.25134664418390035			
GSE27786_LIN_NEG_VS_BCELL_DN	0.25132659000606244			
GSE17186_MEMORY_VS_CD21HIGH_TRANSITIONAL_BCELL_DN	0.2513163597798534			
GSE19198_1H_VS_24H_IL21_TREATED_TCELL_DN	0.25131514542306815			
REACTOME_FCGR3A_MEDIATED_IL10_SYNTHESIS	0.2513133977449682			
GO_ELONGATOR_HOLOENZYME_COMPLEX	0.2513088368174355			
GOLDRATH_NAIVE_VS_MEMORY_CD8_TCELL_UP	0.2513036756825533			
GSE12845_PRE_GC_VS_DARKZONE_GC_TONSIL_BCELL_UP	0.2512832076714269			
TAKAO_RESPONSE_TO_UVB_RADIATION_DN	0.25128171863529			
GSE7831_CPG_VS_INFLUENZA_STIM_PDC_4H_DN	0.2512264713022029			
KEGG_RIG_I_LIKE_RECEPTOR_SIGNALING_PATHWAY	0.25121715364071695			
REACTOME_SYNTHESIS_OF_PIPS_AT_THE_PLASMA_MEMBRANE	0.2512055983913511			
GSE14308_TH2_VS_TH1_DN	0.2511858699323853			
GO_NEGATIVE_REGULATION_OF_B_CELL_PROLIFERATION	0.251166671437833			
GO_INTERLEUKIN_1_BETA_PRODUCTION	0.2511317831378277			
REACTOME_PI_METABOLISM	0.2511130556813528			
REACTOME_TNFR2_NON_CANONICAL_NF_KB_PATHWAY	0.2511099301969267			
GO_INTERLEUKIN_23_MEDIATED_SIGNALING_PATHWAY	0.25109746502169233			
GO_REGULATION_OF_PEPTIDYL_TYROSINE_PHOSPHORYLATION	0.2510941085355142			
MIR147A	0.25106986560887923			
GSE5589_IL6_KO_VS_IL10_KO_LPS_AND_IL10_STIM_MACROPHAGE_180MIN_DN	0.2510571555563995			
GSE43955_TH0_VS_TGFB_IL6_TH17_ACT_CD4_TCELL_4H_DN	0.2510472929229602			
GSE17721_CPG_VS_GARDIQUIMOD_6H_BMDC_UP	0.25104620418169865			
GO_NEGATIVE_REGULATION_OF_LIPOPROTEIN_LIPASE_ACTIVITY	0.2510403711619599			
GSE33292_DN3_THYMOCYTE_VS_TCF1_KO_TCELL_LYMPHOMA_UP	0.25102612443829697			
REACTOME_TRANSPORT_OF_ORGANIC_ANIONS	0.2510090128806958			
GSE37605_TREG_VS_TCONV_C57BL6_FOXP3_FUSION_GFP_UP	0.2510076905850778			
MIR1262	0.25100407648078193			
GSE21360_SECONDARY_VS_TERTIARY_MEMORY_CD8_TCELL_DN	0.2509879159945963			
GSE39820_TGFBETA1_IL6_VS_TGFBETA1_IL6_IL23A_TREATED_CD4_TCELL_UP	0.2509761266395894			
HMGB2_TARGET_GENES	0.2509498704534212			
REACTOME_NEUTROPHIL_DEGRANULATION	0.25093811570166386			
GSE17721_LPS_VS_PAM3CSK4_12H_BMDC_UP	0.250937253478278			
GSE29164_UNTREATED_VS_CD8_TCELL_AND_IL12_TREATED_MELANOMA_DAY7_DN	0.25093466751836474			
GREENBAUM_E2A_TARGETS_DN	0.25091274873499847			
GSE37416_CTRL_VS_12H_F_TULARENSIS_LVS_NEUTROPHIL_DN	0.2508918339033067			
GO_MEIOTIC_TELOMERE_CLUSTERING	0.25088381165249196			
REACTOME_REGULATION_OF_TP53_ACTIVITY_THROUGH_PHOSPHORYLATION	0.2508745498240437			
GSE29615_CTRL_VS_DAY3_LAIV_IFLU_VACCINE_PBMC_UP	0.25087325721226705			
GO_UV_DAMAGE_EXCISION_REPAIR	0.2508657766845281			
GO_OVULATION_FROM_OVARIAN_FOLLICLE	0.25083073628276525			
GO_CD4_POSITIVE_ALPHA_BETA_T_CELL_DIFFERENTIATION	0.2508273905696672			
GSE17721_POLYIC_VS_PAM3CSK4_6H_BMDC_UP	0.25082487444525253			
REACTOME_TNF_RECEPTOR_SUPERFAMILY_TNFSF_MEMBERS_MEDIATING_NON_CANONICAL_NF_KB_PATHWAY	0.2508060505147933			
GO_HUMORAL_IMMUNE_RESPONSE	0.2508024595026617			
GSE29949_CD8_POS_DC_SPLEEN_VS_MONOCYTE_BONE_MARROW_DN	0.25077553864840324			
GO_NEGATIVE_REGULATION_OF_VIRAL_GENOME_REPLICATION	0.2507728242347204			
GO_ATRIAL_CARDIAC_MUSCLE_CELL_TO_AV_NODE_CELL_SIGNALING	0.2507686546546192			
GSE6090_UNSTIM_VS_DC_SIGN_STIM_DC_DN	0.25076317453118446			
GSE15930_STIM_VS_STIM_AND_IL12_24H_CD8_T_CELL_DN	0.2507563115552532			
IPA_ESRRA_DN	0.250754566979656			
GO_REGULATION_OF_LEUKOCYTE_TETHERING_OR_ROLLING	0.25075042401211844			
GO_IMP_BIOSYNTHETIC_PROCESS	0.25074511399577804			
GSE7852_LN_VS_THYMUS_TCONV_UP	0.2507166158516683			
GSE5589_UNSTIM_VS_180MIN_LPS_STIM_MACROPHAGE_DN	0.25071174199550716			
IPA_NFKB1_DN	0.2507015123500104			
GSE27241_WT_VS_RORGT_KO_TH17_POLARIZED_CD4_TCELL_DN	0.25068927104292615			
GO_NEGATIVE_REGULATION_OF_TYROSINE_PHOSPHORYLATION_OF_STAT_PROTEIN	0.2506857775687005			
PID_HIF2PATHWAY	0.2506722802849551			
GO_HYPERSENSITIVITY	0.25066006033900945			
GSE5589_IL6_KO_VS_IL10_KO_LPS_AND_IL10_STIM_MACROPHAGE_180MIN_UP	0.25065853168722446			
GO_NLRP3_INFLAMMASOME_COMPLEX_ASSEMBLY	0.25065628888164965			
GSE36476_CTRL_VS_TSST_ACT_16H_MEMORY_CD4_TCELL_YOUNG_UP	0.2506389873794958			
GSE45365_NK_CELL_VS_CD11B_DC_MCMV_INFECTION_DN	0.2506361208464917			
GO_REGULATION_OF_LIPID_BIOSYNTHETIC_PROCESS	0.250615595414769			
GSE360_CTRL_VS_B_MALAYI_HIGH_DOSE_MAC_DN	0.25061014238050433			
GSE360_DC_VS_MAC_L_MAJOR_DN	0.25060733779613975			
GSE41867_LCMV_ARMSTRONG_VS_CLONE13_DAY15_EFFECTOR_CD8_TCELL_UP	0.25060165652424465			
GSE19888_CTRL_VS_T_CELL_MEMBRANES_ACT_MAST_CELL_UP	0.25060085767899615			
MIYAGAWA_TARGETS_OF_EWSR1_ETS_FUSIONS_UP	0.250594692341298			
MIKKELSEN_MCV6_ICP_WITH_H3K27ME3	0.2505614488088005			
GO_CELL_CHEMOTAXIS	0.2505526412511703			
GO_POSITIVE_REGULATION_OF_NEUTROPHIL_MIGRATION	0.2505301270530596			
TONKS_TARGETS_OF_RUNX1_RUNX1T1_FUSION_HSC_DN	0.25052475807076574			
GSE29618_BCELL_VS_MDC_DN	0.2505221305462129			
GO_RESPONSE_TO_MURAMYL_DIPEPTIDE	0.2505135062720166			
GSE1925_CTRL_VS_IFNG_PRIMED_MACROPHAGE_24H_IFNG_STIM_UP	0.2505003372791435			
GSE29618_MONOCYTE_VS_PDC_DAY7_FLU_VACCINE_UP	0.25049831029647535			
CHIARADONNA_NEOPLASTIC_TRANSFORMATION_KRAS_UP	0.2504824525783473			
GO_REGULATION_OF_FLAGELLATED_SPERM_MOTILITY	0.25048119615265174			
GSE26669_CD4_VS_CD8_TCELL_IN_MLR_COSTIM_BLOCK_DN	0.2504726228552952			
GO_REGULATION_OF_HYDROGEN_PEROXIDE_MEDIATED_PROGRAMMED_CELL_DEATH	0.250454505670068			
MSX2_TARGET_GENES	0.2504508890467207			
GO_RESPONSE_TO_PEPTIDOGLYCAN	0.2504489426696975			
REACTOME_TNFR1_MEDIATED_CERAMIDE_PRODUCTION	0.2504388595923518			
KEGG_CELL_CYCLE	0.25042945853280896			
GO_NEGATIVE_REGULATION_OF_RESPONSE_TO_EXTERNAL_STIMULUS	0.2504244475229461			
GSE360_L_DONOVANI_VS_B_MALAYI_LOW_DOSE_DC_DN	0.250417755526599			
OSMAN_BLADDER_CANCER_DN	0.25041482569496537			
GO_NEGATIVE_REGULATION_OF_NEUROINFLAMMATORY_RESPONSE	0.2504010400742136			
NAKAJIMA_MAST_CELL	0.2504000476248907			
GO_NEGATIVE_REGULATION_OF_RESPONSE_TO_BIOTIC_STIMULUS	0.25036558536811526			
GSE45739_UNSTIM_VS_ACD3_ACD28_STIM_NRAS_KO_CD4_TCELL_DN	0.2503554561582501			
IPA_ING4_UP	0.250353777431824			
GSE7831_1H_VS_4H_CPG_STIM_PDC_DN	0.2503312302977532			
GO_CHEMOKINE_PRODUCTION	0.25033056854595853			
GSE15330_LYMPHOID_MULTIPOTENT_VS_MEGAKARYOCYTE_ERYTHROID_PROGENITOR_IKAROS_KO_DN	0.25030591936393826			
GO_POSITIVE_REGULATION_OF_TUMOR_NECROSIS_FACTOR_SUPERFAMILY_CYTOKINE_PRODUCTION	0.25030226721519694			
GSE12845_NAIVE_VS_DARKZONE_GC_TONSIL_BCELL_DN	0.2502992164924826			
IPA_FLII_DN	0.2502933814345249			
GSE41867_NAIVE_VS_DAY6_LCMV_ARMSTRONG_EFFECTOR_CD8_TCELL_UP	0.2502868038831439			
GO_REGULATION_OF_SODIUM_ION_TRANSMEMBRANE_TRANSPORTER_ACTIVITY	0.2502815860866095			
RASHI_RESPONSE_TO_IONIZING_RADIATION_6	0.2502791065320785			
GO_POSITIVE_REGULATION_OF_LYMPHOCYTE_MEDIATED_IMMUNITY	0.2502787270157146			
REACTOME_FCGAMMA_RECEPTOR_FCGR_DEPENDENT_PHAGOCYTOSIS	0.2502784856427414			
GOLDRATH_NAIVE_VS_EFF_CD8_TCELL_DN	0.2502770859122316			
GO_SECRETION	0.2502740047531097			
GSE22611_UNSTIM_VS_6H_MDP_STIM_MUTANT_NOD2_TRANSDUCED_HEK293T_CELL_UP	0.2502647765517912			
MIR4635	0.25025301994817223			
chr21p11	0.2502362236294371			
GSE43955_TH0_VS_TGFB_IL6_IL23_TH17_ACT_CD4_TCELL_60H_DN	0.2502333817288371			
FERRANDO_HOX11_NEIGHBORS	0.2502091357220421			
GSE8921_UNSTIM_VS_TLR1_2_STIM_MONOCYTE_24H_UP	0.2501970711208315			
GSE9037_CTRL_VS_LPS_4H_STIM_IRAK4_KO_BMDM_DN	0.25019566694941603			
IPA_IRF1_DN	0.25019487433147514			
GSE3982_NEUTROPHIL_VS_EFF_MEMORY_CD4_TCELL_UP	0.2501907218371098			
GO_TRIGLYCERIDE_METABOLIC_PROCESS	0.25018390689880116			
GO_RESPONSE_TO_HYPEROXIA	0.25016603390057846			
MIR543	0.25016278331076686			
GSE26030_TH1_VS_TH17_DAY15_POST_POLARIZATION_DN	0.2501548907404761			
GSE22601_DOUBLE_NEGATIVE_VS_CD4_SINGLE_POSITIVE_THYMOCYTE_DN	0.250144887972162			
GSE30962_ACUTE_VS_CHRONIC_LCMV_PRIMARY_INF_CD8_TCELL_DN	0.25012815482300543			
WANG_RESPONSE_TO_BEXAROTENE_UP	0.2500851420216809			
MIR15B_5P	0.25005809985309035			
CHANDRAN_METASTASIS_TOP50_UP	0.25005024772312656			
GSE15930_STIM_VS_STIM_AND_IL12_24H_CD8_T_CELL_UP	0.25004673028475205			
IPA_RUNX2_DN	0.2500365937582301			
MIR3152_3P	0.25003215591505			
CHEOK_RESPONSE_TO_HD_MTX_DN	0.25002527855036333			
GSE34205_RSV_VS_FLU_INF_INFANT_PBMC_DN	0.24999971819695238			
GO_RENAL_SYSTEM_VASCULATURE_DEVELOPMENT	0.24999703617911587			
chr8q11	0.24998832691132167			
GO_TRYPTOPHAN_CATABOLIC_PROCESS_TO_KYNURENINE	0.24995613149492873			
GO_IMP_METABOLIC_PROCESS	0.24994117629463133			
MIR606	0.24993521162451693			
GSE18893_CTRL_VS_TNF_TREATED_TREG_24H_UP	0.24993006891494			
GSE17186_BLOOD_VS_CORD_BLOOD_NAIVE_BCELL_DN	0.24992716268190948			
GO_SCF_UBIQUITIN_LIGASE_COMPLEX	0.24991370277988387			
WANG_RESPONSE_TO_GSK3_INHIBITOR_SB216763_UP	0.24990022946872542			
GO_REGULATION_OF_DEFENSE_RESPONSE_TO_VIRUS_BY_HOST	0.24989377489361814			
BERTUCCI_INVASIVE_CARCINOMA_DUCTAL_VS_LOBULAR_DN	0.24988039695118267			
KEGG_PATHOGENIC_ESCHERICHIA_COLI_INFECTION	0.2498730458385883			
BIOCARTA_MITR_PATHWAY	0.24983361031701298			
GO_TELOMERE_LOCALIZATION	0.2498154088372473			
GO_DNA_CYTOSINE_DEAMINATION	0.24980320798966166			
GO_MEDIUM_CHAIN_FATTY_ACID_METABOLIC_PROCESS	0.2497798838962633			
GSE7568_CTRL_VS_24H_TGFB_TREATED_MACROPHAGES_WITH_IL4_AND_DEXAMETHASONE_UP	0.24977188791825897			
EBAUER_MYOGENIC_TARGETS_OF_PAX3_FOXO1_FUSION	0.24976866396726555			
GSE7852_LN_VS_FAT_TREG_UP	0.2497581737910004			
FURUKAWA_DUSP6_TARGETS_PCI35_DN	0.24975006066055988			
RYTTCCTG_ETS2_B	0.24974133305429988			
GO_REGULATION_OF_CYTOKINE_PRODUCTION_INVOLVED_IN_IMMUNE_RESPONSE	0.24973992951486754			
GSE17721_0.5H_VS_4H_LPS_BMDC_UP	0.2497382023354257			
KEGG_VIRAL_MYOCARDITIS	0.24970582619280104			
GSE37301_PRO_BCELL_VS_CD4_TCELL_DN	0.24969675383142195			
IPA_NR3C1_DN	0.24969105626355517			
LUI_THYROID_CANCER_CLUSTER_5	0.24968218311235482			
GO_REGULATION_OF_VIRAL_LIFE_CYCLE	0.24964576051234			
SHAFFER_IRF4_TARGETS_IN_ACTIVATED_DENDRITIC_CELL	0.24964209570133541			
GSE17974_CTRL_VS_ACT_IL4_AND_ANTI_IL12_72H_CD4_TCELL_DN	0.2496395669897208			
GSE19923_WT_VS_HEB_AND_E2A_KO_DP_THYMOCYTE_UP	0.24963839215813025			
GO_REGULATION_OF_PRODUCTION_OF_MOLECULAR_MEDIATOR_OF_IMMUNE_RESPONSE	0.24963708821399946			
ZNF33A_TARGET_GENES	0.24962852733333143			
THUM_SYSTOLIC_HEART_FAILURE_UP	0.24961689821076735			
GO_DEFENSE_RESPONSE_TO_VIRUS	0.24960156991101634			
BYSTROEM_CORRELATED_WITH_IL5_DN	0.24959317244606277			
MATTHEWS_AP1_TARGETS	0.24958907688023876			
GO_INNATE_IMMUNE_RESPONSE	0.24958123413419198			
GSE41176_WT_VS_TAK1_KO_ANTI_IGM_STIM_BCELL_24H_DN	0.24955913502163476			
ZNF597_TARGET_GENES	0.2495205051864109			
MIR145_5P	0.24951767485994514			
GO_CHONDROITIN_SULFATE_CATABOLIC_PROCESS	0.24950978304578245			
GO_HISTAMINE_TRANSPORT	0.24945645358887286			
GRAESSMANN_RESPONSE_TO_MC_AND_SERUM_DEPRIVATION_UP	0.24944949921416715			
GSE9988_LOW_LPS_VS_ANTI_TREM1_AND_LPS_MONOCYTE_UP	0.24941558150428322			
MYLLYKANGAS_AMPLIFICATION_HOT_SPOT_9	0.24938331473358688			
GSE27670_CTRL_VS_LMP1_TRANSDUCED_GC_BCELL_UP	0.24937574532392803			
GO_POSITIVE_REGULATION_OF_ACUTE_INFLAMMATORY_RESPONSE_TO_ANTIGENIC_STIMULUS	0.2493599647972068			
ALCALAY_AML_BY_NPM1_LOCALIZATION_DN	0.24934073234913057			
MIR128_1_5P	0.24933007624302653			
GSE17721_0.5H_VS_8H_CPG_BMDC_DN	0.24931561140714845			
GO_REGULATION_OF_T_CELL_MEDIATED_CYTOTOXICITY	0.24928977054321155			
GO_REGULATION_OF_INFLAMMATORY_RESPONSE	0.24927609576229845			
FUNG_IL2_TARGETS_WITH_STAT5_BINDING_SITES	0.2492751713046912			
GSE21670_STAT3_KO_VS_WT_CD4_TCELL_TGFB_IL6_TREATED_DN	0.2492749882650531			
GO_POSITIVE_REGULATION_OF_LEUKOCYTE_APOPTOTIC_PROCESS	0.24926985047504574			
GO_NEGATIVE_REGULATION_OF_PRODUCTION_OF_MOLECULAR_MEDIATOR_OF_IMMUNE_RESPONSE	0.24926642373002092			
GSE2405_0H_VS_6H_A_PHAGOCYTOPHILUM_STIM_NEUTROPHIL_UP	0.24925421756023836			
GSE23568_ID3_KO_VS_WT_CD8_TCELL_UP	0.24924924445068297			
GSE12198_NK_VS_NK_ACT_EXPANSION_SYSTEM_DERIVED_NK_CELL_DN	0.24923639908339304			
GO_TERTIARY_GRANULE	0.24921967900092518			
GO_POSITIVE_REGULATION_OF_LEUKOCYTE_DIFFERENTIATION	0.2492145005648694			
GO_SPECIFIC_GRANULE_MEMBRANE	0.24920203744441236			
REACTOME_CD28_DEPENDENT_PI3K_AKT_SIGNALING	0.24919790654935509			
IPA_ZNF354C_DN	0.24919773531629108			
GSE6259_FLT3L_INDUCED_33D1_POS_DC_VS_CD4_TCELL_DN	0.2491958549509949			
GSE22886_DC_VS_MONOCYTE_DN	0.24919044372105784			
GSE37301_LYMPHOID_PRIMED_MPP_VS_CD4_TCELL_DN	0.24918933693121653			
PIGF_UP.V1_UP	0.2491609027657658			
GSE5503_MLN_DC_VS_SPLEEN_DC_ACTIVATED_ALLOGENIC_TCELL_DN	0.2491437288737646			
GSE15624_3H_VS_6H_HALOFUGINONE_TREATED_CD4_TCELL_UP	0.24913522881353167			
GSE24142_DN2_VS_DN3_THYMOCYTE_UP	0.24913368667651328			
REACTOME_TRNA_PROCESSING_IN_THE_MITOCHONDRION	0.2491251630237655			
REACTOME_ASSEMBLY_OF_THE_ORC_COMPLEX_AT_THE_ORIGIN_OF_REPLICATION	0.2491245858491444			
MCLACHLAN_DENTAL_CARIES_UP	0.24912393558607238			
GO_INFLAMMASOME_COMPLEX	0.2491182788858011			
GSE36826_NORMAL_VS_STAPH_AUREUS_INF_IL1R_KO_SKIN_DN	0.249083832961292			
GSE28726_NAIVE_CD4_TCELL_VS_NAIVE_VA24NEG_NKTCELL_UP	0.2490779970650702			
GSE22886_CD8_TCELL_VS_BCELL_NAIVE_UP	0.2490704626023755			
SUNG_METASTASIS_STROMA_DN	0.2490663169918485			
GO_POSITIVE_REGULATION_OF_THE_FORCE_OF_HEART_CONTRACTION	0.24905488346301138			
REACTOME_CELL_CYCLE_CHECKPOINTS	0.24900977043153177			
GSE6259_33D1_POS_DC_VS_CD4_TCELL_UP	0.24897742898614178			
MIR4275	0.2489621192374919			
GSE18791_CTRL_VS_NEWCASTLE_VIRUS_DC_10H_DN	0.24896196413160976			
GO_IMMUNE_SYSTEM_DEVELOPMENT	0.2489558023484348			
GSE41867_DAY6_EFFECTOR_VS_DAY30_EXHAUSTED_CD8_TCELL_LCMV_CLONE13_UP	0.24893762859021015			
GO_POSITIVE_REGULATION_OF_METANEPHROS_DEVELOPMENT	0.24890896483594116			
GO_TRANSPOSITION	0.24890510978637134			
NAKAMURA_ADIPOGENESIS_LATE_UP	0.24889135757451128			
GSE35825_UNTREATED_VS_IFNA_STIM_MACROPHAGE_DN	0.2488872791249972			
GSE17721_ALL_VS_24H_PAM3CSK4_BMDC_UP	0.24888622137476868			
REACTOME_MEIOTIC_RECOMBINATION	0.2488763222811262			
CCAR2_TARGET_GENES	0.24887029162025529			
MA_MYELOID_DIFFERENTIATION_UP	0.24886958238093843			
BIOCARTA_IL22BP_PATHWAY	0.24886572533391454			
GSE7768_OVA_ALONE_VS_OVA_WITH_LPS_IMMUNIZED_MOUSE_WHOLE_SPLEEN_6H_UP	0.24885611057664708			
PID_IL27_PATHWAY	0.24882417779914126			
GO_LYMPHOCYTE_AGGREGATION	0.2488103275845666			
GO_REGULATION_OF_LEUKOCYTE_ADHESION_TO_VASCULAR_ENDOTHELIAL_CELL	0.24880529434801865			
KONDO_HYPOXIA	0.2487928553373985			
GSE26030_TH1_VS_TH17_RESTIMULATED_DAY5_POST_POLARIZATION_UP	0.24878132560143704			
MIR15A_5P	0.24874500956568504			
ZNF486_TARGET_GENES	0.24871575063054982			
GSE33424_CD161_HIGH_VS_NEG_CD8_TCELL_DN	0.24870174367120187			
GO_ACYL_COA_LIGASE_ACTIVITY	0.2486917295656537			
GO_CELLULAR_RESPONSE_TO_INSULIN_LIKE_GROWTH_FACTOR_STIMULUS	0.2486899912538976			
GSE14413_UNSTIM_VS_IFNB_STIM_NIH3T3_CELLS_UP	0.24868476761108452			
KEGG_DORSO_VENTRAL_AXIS_FORMATION	0.24868161522033314			
GSE22103_UNSTIM_VS_GMCSF_AND_IFNG_STIM_NEUTROPHIL_DN	0.2486571146882962			
MIR3615	0.24858734138381708			
GSE42724_B1_BCELL_VS_PLASMABLAST_DN	0.24857046845635442			
GO_TYPE_2_IMMUNE_RESPONSE	0.2485601786007931			
GSE20715_0H_VS_48H_OZONE_LUNG_UP	0.24855995180535606			
GO_RECEPTOR_SIGNALING_PATHWAY_VIA_STAT	0.24854487240705397			
GSE14308_TH2_VS_TH17_UP	0.24854327593894052			
GO_POSITIVE_REGULATION_OF_CYTOKINE_PRODUCTION_INVOLVED_IN_INFLAMMATORY_RESPONSE	0.24853747789918987			
GOLDRATH_IMMUNE_MEMORY	0.2485331140714904			
GSE14000_4H_VS_16H_LPS_DC_TRANSLATED_RNA_UP	0.24852978545967663			
GO_NUCLEOSIDE_DIPHOSPHATE_METABOLIC_PROCESS	0.24852153707081834			
GO_T_HELPER_1_TYPE_IMMUNE_RESPONSE	0.24851963215650022			
GO_L_THREONINE_CATABOLIC_PROCESS_TO_GLYCINE	0.2485153139282792			
GO_SODIUM_ION_TRANSPORT	0.24851503643212763			
GSE2770_UNTREATED_VS_TGFB_AND_IL12_TREATED_ACT_CD4_TCELL_2H_UP	0.24851386518986146			
GSE14769_UNSTIM_VS_360MIN_LPS_BMDM_UP	0.2485065434805924			
PID_GMCSF_PATHWAY	0.2484945179049109			
GSE28726_NAIVE_VS_ACTIVATED_NKTCELL_DN	0.24849114359085248			
GO_DEOXYRIBONUCLEASE_ACTIVITY	0.2484796290294978			
GSE37416_CTRL_VS_24H_F_TULARENSIS_LVS_NEUTROPHIL_UP	0.2484788879565021			
GO_RECEPTOR_TYROSINE_KINASE_BINDING	0.24847104527743927			
GSE6259_DEC205_POS_DC_VS_CD4_TCELL_UP	0.2484634048808027			
GSE11961_FOLLICULAR_BCELL_VS_MARGINAL_ZONE_BCELL_DN	0.24844855692998077			
GSE46242_TH1_VS_ANERGIC_TH1_CD4_TCELL_WITH_EGR2_DELETED_DN	0.2484148818611516			
GSE44649_WT_VS_MIR155_KO_ACTIVATED_CD8_TCELL_DN	0.24841450157620043			
MIR6128	0.24839606675425208			
GO_POSITIVE_REGULATION_OF_IMMUNE_RESPONSE	0.24839465235654298			
GO_NEGATIVE_REGULATION_OF_MEIOTIC_CELL_CYCLE	0.24838190071923594			
GSE13411_PLASMA_CELL_VS_MEMORY_BCELL_UP	0.248378813110057			
GSE16697_CD4_TCELL_VS_TFH_CD4_TCELL_UP	0.2483782300636616			
EMX1_TARGET_GENES	0.24836642855613267			
GSE46606_DAY1_VS_DAY3_CD40L_IL2_IL5_STIMULATED_IRF4HIGH_BCELL_DN	0.24836424030887702			
SHAFFER_IRF4_TARGETS_IN_MYELOMA_VS_MATURE_B_LYMPHOCYTE	0.24835674678345557			
GO_IMMUNE_RESPONSE_INHIBITING_SIGNAL_TRANSDUCTION	0.2483497531377142			
IPA_TFDP1_UP	0.24834737181368777			
XU_HGF_TARGETS_INDUCED_BY_AKT1_48HR_DN	0.24833620564509673			
GO_REGULATION_OF_WOUND_HEALING_SPREADING_OF_EPIDERMAL_CELLS	0.24829320102064956			
GSE26030_UNSTIM_VS_RESTIM_TH1_DAY15_POST_POLARIZATION_DN	0.24828524846416156			
GO_APOPTOTIC_PROCESS_INVOLVED_IN_MORPHOGENESIS	0.24827799895433214			
IPA_BACH1_UP	0.24826755827350372			
DING_LUNG_CANCER_MUTATED_RECURRENTLY	0.248260668017906			
GO_AMP_ACTIVATED_PROTEIN_KINASE_ACTIVITY	0.2482401880598975			
IPA_NKX3-2_UP	0.24823906916909447			
GSE17186_NAIVE_VS_CD21HIGH_TRANSITIONAL_BCELL_CORD_BLOOD_UP	0.248219476388912			
GSE24634_NAIVE_CD4_TCELL_VS_DAY5_IL4_CONV_TREG_UP	0.2482034895410484			
GO_CALCIUM_ACTIVATED_CATION_CHANNEL_ACTIVITY	0.2481983395485135			
GRAHAM_CML_QUIESCENT_VS_NORMAL_QUIESCENT_UP	0.24819435277729215			
GSE17721_POLYIC_VS_CPG_2H_BMDC_DN	0.24817124961423365			
GSE21670_UNTREATED_VS_IL6_TREATED_STAT3_KO_CD4_TCELL_DN	0.24816455746272356			
GSE17974_1.5H_VS_72H_IL4_AND_ANTI_IL12_ACT_CD4_TCELL_DN	0.24816176783677515			
IPA_NR1H4_UP	0.24815199456751622			
FLECHNER_PBL_KIDNEY_TRANSPLANT_OK_VS_DONOR_DN	0.24812738989150002			
GO_SUPRAMOLECULAR_FIBER_ORGANIZATION	0.2481144615646951			
GSE2770_IL12_VS_IL4_TREATED_ACT_CD4_TCELL_48H_UP	0.24809769695332212			
GSE25123_WT_VS_PPARG_KO_MACROPHAGE_DN	0.2480732018511563			
GSE339_CD8POS_VS_CD4CD8DN_DC_IN_CULTURE_UP	0.24807195725573986			
GSE14308_TH1_VS_INDUCED_TREG_DN	0.24807014025565843			
GSE40685_TREG_VS_FOXP3_KO_TREG_PRECURSOR_UP	0.2480550389065319			
GSE6674_CPG_VS_PL2_3_STIM_BCELL_UP	0.24804907173924368			
GO_DEOXYCYTIDINE_DEAMINASE_ACTIVITY	0.2480190233822832			
IPA_TBP_UP	0.24801601616449245			
GSE22935_WT_VS_MYD88_KO_MACROPHAGE_48H_MBOVIS_BCG_STIM_DN	0.24801376439789324			
GO_MICROTUBULE_ORGANIZING_CENTER_ORGANIZATION	0.2480104475163482			
REACTOME_INTERLEUKIN_4_AND_INTERLEUKIN_13_SIGNALING	0.24800871751991216			
GSE1925_CTRL_VS_IFNG_PRIMED_MACROPHAGE_3H_IFNG_STIM_UP	0.24800502151724027			
GO_MACROPHAGE_ACTIVATION_INVOLVED_IN_IMMUNE_RESPONSE	0.2480022203233056			
GO_RESPONSE_TO_MACROPHAGE_COLONY_STIMULATING_FACTOR	0.2480017884288411			
GO_ISOTYPE_SWITCHING_TO_IGA_ISOTYPES	0.2479853248330881			
GO_RECOMBINATIONAL_REPAIR	0.24797069366661315			
GSE12366_GC_VS_MEMORY_BCELL_DN	0.2479688016575602			
GSE44955_MCSF_VS_MCSF_AND_IL27_STIM_MACROPHAGE_DN	0.24795056439898425			
ZHANG_PROLIFERATING_VS_QUIESCENT	0.24794985793308782			
GSE15735_CTRL_VS_HDAC_INHIBITOR_TREATED_CD4_TCELL_2H_UP	0.24794586789397652			
GO_REGULATION_OF_HISTONE_H3_K36_METHYLATION	0.2479417378440658			
GO_NEGATIVE_REGULATION_OF_MEGAKARYOCYTE_DIFFERENTIATION	0.2479415886714785			
GO_TELOMERE_TETHERING_AT_NUCLEAR_PERIPHERY	0.24793143361908368			
REACTOME_IMMUNOREGULATORY_INTERACTIONS_BETWEEN_A_LYMPHOID_AND_A_NON_LYMPHOID_CELL	0.24788203966587422			
CHIANG_LIVER_CANCER_SUBCLASS_INTERFERON_UP	0.2478745491483127			
GO_POSITIVE_REGULATION_OF_LEUKOCYTE_PROLIFERATION	0.2478688023317473			
GO_CYTOSOLIC_LARGE_RIBOSOMAL_SUBUNIT	0.24786675345989773			
IPA_HIF1A_UP	0.24785707250041533			
GO_IMMUNOGLOBULIN_RECEPTOR_ACTIVITY	0.24784209330699505			
GO_NEGATIVE_REGULATION_OF_CELL_KILLING	0.2478327437507333			
CASORELLI_ACUTE_PROMYELOCYTIC_LEUKEMIA_DN	0.24783220523776056			
GO_NEGATIVE_REGULATION_OF_EPITHELIAL_CELL_MIGRATION	0.2478253476880945			
GSE13484_3H_UNSTIM_VS_YF17D_VACCINE_STIM_PBMC_UP	0.24779434859446614			
MIR7161_3P	0.24778849127381192			
FLECHNER_PBL_KIDNEY_TRANSPLANT_OK_VS_DONOR_UP	0.24778363501971884			
IPA_SMAD3_DN	0.24775427292382599			
HDGF_TARGET_GENES	0.24774359292783976			
GO_CHROMOSOME_LOCALIZATION	0.24773283047843767			
DORMOY_ELAVL1_TARGETS	0.2477268184207785			
MATTIOLI_MGUS_VS_PCL	0.24771914139493384			
GO_STEROID_BIOSYNTHETIC_PROCESS	0.24771293211625725			
GO_SECRETORY_GRANULE_MEMBRANE	0.2476700484695804			
GO_RESPONSE_TO_FUNGUS	0.24766776383785657			
GSE22140_HEALTHY_VS_ARTHRITIC_MOUSE_CD4_TCELL_DN	0.24766126937308733			
MIR195_5P	0.24766102319709135			
GO_REGULATION_OF_INTERLEUKIN_1_SECRETION	0.2476570646860764			
GSE41978_ID2_KO_VS_ID2_KO_AND_BIM_KO_KLRG1_LOW_EFFECTOR_CD8_TCELL_DN	0.24764221425713634			
VECCHI_GASTRIC_CANCER_ADVANCED_VS_EARLY_UP	0.2476399017434146			
GO_RESPONSE_TO_OXYGEN_LEVELS	0.24763895769460412			
GSE36826_WT_VS_IL1R_KO_SKIN_STAPH_AUREUS_INF_UP	0.24763231201009736			
MIR5195_3P	0.2475821756633088			
GSE33424_CD161_HIGH_VS_INT_CD8_TCELL_DN	0.24758084537495845			
GO_HIGH_DENSITY_LIPOPROTEIN_PARTICLE_CLEARANCE	0.2475785944807229			
ZNF558_TARGET_GENES	0.24757806060649684			
GO_MOLECULAR_FUNCTION_REGULATOR	0.24756720068330046			
GSE360_L_DONOVANI_VS_B_MALAYI_HIGH_DOSE_MAC_DN	0.24755634085836695			
GSE17186_MEMORY_VS_NAIVE_BCELL_UP	0.24754039048649093			
GO_MUSCLE_CELL_DEVELOPMENT	0.24750822624952115			
GSE3720_UNSTIM_VS_LPS_STIM_VD1_GAMMADELTA_TCELL_DN	0.247502116668812			
GSE17721_PAM3CSK4_VS_CPG_6H_BMDC_DN	0.24749776262001416			
IPA_UBE2B_DN	0.24749425434840125			
GSE34205_RSV_VS_FLU_INF_INFANT_PBMC_UP	0.24749353831172483			
GO_POSITIVE_REGULATION_OF_PROTEIN_CONTAINING_COMPLEX_DISASSEMBLY	0.2474880381443425			
GSE10856_CTRL_VS_TNFRSF6B_IN_MACROPHAGE_DN	0.24747440226129933			
GSE22589_HEALTHY_VS_SIV_INFECTED_DC_UP	0.24746469486750128			
MIR3614_3P	0.24745294640222074			
GSE16385_IL4_VS_ROSIGLITAZONE_STIM_MACROPHAGE_DN	0.24743220911939212			
GSE16522_ANTI_CD3CD28_STIM_VS_UNSTIM_MEMORY_CD8_TCELL_UP	0.24742177917507757			
GSE15930_STIM_VS_STIM_AND_TRICHOSTATINA_24H_CD8_T_CELL_DN	0.24742100667597933			
GO_REGULATION_OF_TYPE_2_IMMUNE_RESPONSE	0.2474202230919213			
KEGG_PATHWAYS_IN_CANCER	0.24740791394680214			
BRACHAT_RESPONSE_TO_METHOTREXATE_DN	0.24738208631372766			
GSE25146_UNSTIM_VS_HELIOBACTER_PYLORI_LPS_STIM_AGS_CELL_UP	0.24737493717184697			
GO_GAMMA_DELTA_T_CELL_ACTIVATION	0.24737277216764786			
DIRMEIER_LMP1_RESPONSE_EARLY	0.2473702373881799			
GSE11961_MEMORY_BCELL_DAY7_VS_GERMINAL_CENTER_BCELL_DAY7_DN	0.24736213975256327			
MIR513B_3P	0.24736197632453727			
REACTOME_MITOTIC_METAPHASE_AND_ANAPHASE	0.2473586174633181			
SMID_BREAST_CANCER_NORMAL_LIKE_UP	0.24735729217557328			
GSE17721_CPG_VS_GARDIQUIMOD_12H_BMDC_UP	0.24734073975506043			
GO_REGULATION_OF_FC_RECEPTOR_MEDIATED_STIMULATORY_SIGNALING_PATHWAY	0.24733283024732725			
GO_ER_TO_GOLGI_CERAMIDE_TRANSPORT	0.2473319322868567			
GSE43955_TGFB_IL6_VS_TGFB_IL6_IL23_TH17_ACT_CD4_TCELL_60H_UP	0.2473147189146028			
GSE23505_IL6_IL1_IL23_VS_IL6_IL1_TGFB_TREATED_CD4_TCELL_UP	0.2472767418572562			
GSE20727_CTRL_VS_H2O2_TREATED_DC_DN	0.24727644383182115			
GSE9988_LOW_LPS_VS_VEHICLE_TREATED_MONOCYTE_DN	0.24727294677559852			
STAT6_02	0.24727185569108143			
DER_IFN_ALPHA_RESPONSE_UP	0.2472642082593332			
GO_POSITIVE_REGULATION_OF_RECEPTOR_SIGNALING_PATHWAY_VIA_STAT	0.24724518723406602			
GSE369_PRE_VS_POST_IL6_INJECTION_SOCS3_KO_LIVER_UP	0.24723295291344566			
GSE25085_FETAL_LIVER_VS_FETAL_BM_SP4_THYMIC_IMPLANT_UP	0.24722536199190404			
BIOCARTA_STEM_PATHWAY	0.24721300948105185			
GSE37532_TREG_VS_TCONV_PPARG_KO_CD4_TCELL_FROM_VISCERAL_ADIPOSE_TISSUE_UP	0.24719354112749303			
GO_SUPERCOILED_DNA_BINDING	0.2471808848274343			
REACTOME_PYRUVATE_METABOLISM_AND_CITRIC_ACID_TCA_CYCLE	0.2471752917021476			
GSE17721_LPS_VS_PAM3CSK4_1H_BMDC_DN	0.24716393909367873			
GO_POSITIVE_REGULATION_OF_MACROPHAGE_DERIVED_FOAM_CELL_DIFFERENTIATION	0.24715485305454676			
IPA_HDAC6_UP	0.2471386554333587			
GO_CANONICAL_WNT_SIGNALING_PATHWAY_INVOLVED_IN_OSTEOBLAST_DIFFERENTIATION	0.24712839716631682			
GSE22432_MULTIPOTENT_PROGENITOR_VS_CDC_DN	0.2471256823975335			
GSE17721_0.5H_VS_8H_LPS_BMDC_DN	0.24710939972683624			
GO_VESICLE_LUMEN	0.24707361433210814			
GSE11386_NAIVE_VS_MEMORY_BCELL_UP	0.24706273221546987			
GO_PURINE_NUCLEOSIDE_MONOPHOSPHATE_METABOLIC_PROCESS	0.24699995672464437			
MOREIRA_RESPONSE_TO_TSA_DN	0.24699532564357088			
GO_REGULATION_OF_INTRINSIC_APOPTOTIC_SIGNALING_PATHWAY_BY_P53_CLASS_MEDIATOR	0.2469774103425579			
AMIT_EGF_RESPONSE_40_HELA	0.2469647340749716			
BIOCARTA_BIOPEPTIDES_PATHWAY	0.24695376156073373			
GSE17721_LPS_VS_CPG_12H_BMDC_UP	0.2469519609966827			
GSE17721_CTRL_VS_CPG_24H_BMDC_DN	0.24694917128338337			
GO_RESPONSE_TO_TYPE_I_INTERFERON	0.2469483620174369			
BASAKI_YBX1_TARGETS_UP	0.24694051749945273			
chr11q21	0.246936271058395			
GO_REGULATION_OF_PROTEIN_MONOUBIQUITINATION	0.2469346408943934			
GO_MAST_CELL_ACTIVATION	0.24693059252263258			
REACTOME_SIGNALING_BY_FGFR2_IIIA_TM	0.24690775875782825			
GSE21927_UNTREATED_VS_GMCSF_IL6_TREATED_BONE_MARROW_DN	0.24690718631738975			
GO_ELL_EAF_COMPLEX	0.24689371267528348			
GSE339_EX_VIVO_VS_IN_CULTURE_CD4POS_DC_DN	0.24686972402211843			
MIR6870_3P	0.24686756473506904			
GO_INOSITOL_TETRAKISPHOSPHATE_PHOSPHATASE_ACTIVITY	0.24686306088891743			
chr8p23	0.24685966983534866			
GSE339_CD4POS_VS_CD8POS_DC_IN_CULTURE_DN	0.24685716656426107			
PUIFFE_INVASION_INHIBITED_BY_ASCITES_UP	0.24683760249235404			
GO_LENS_FIBER_CELL_DEVELOPMENT	0.2468358324035847			
GSE8921_3H_VS_24H_TLR1_2_STIM_MONOCYTE_UP	0.2468231379066263			
CGTCTTA_MIR208	0.24680844047932843			
GSE17301_CTRL_VS_48H_ACD3_ACD28_STIM_CD8_TCELL_UP	0.24678180858375115			
GSE21927_SPLEEN_MONOCYTE_VS_GMCSF_GCSF_BONE_MARROW_UP	0.2467721398706184			
GO_TELOMERE_MAINTENANCE_VIA_RECOMBINATION	0.24677053901199533			
GSE360_L_MAJOR_VS_M_TUBERCULOSIS_DC_DN	0.24676687658258398			
GSE4142_PLASMA_CELL_VS_MEMORY_BCELL_UP	0.24676661766281519			
GO_CELLULAR_ALCOHOL_METABOLIC_PROCESS	0.24675867727486486			
GO_INTERLEUKIN_6_PRODUCTION	0.24675627188408333			
GSE9037_WT_VS_IRAK4_KO_BMDM_DN	0.24675120947056894			
WORSCHECH_TUMOR_REJECTION_UP	0.24673561737473756			
GO_ACTIN_MEDIATED_CELL_CONTRACTION	0.246732298456146			
GO_POSITIVE_REGULATION_OF_INFLAMMATORY_RESPONSE_TO_ANTIGENIC_STIMULUS	0.24672880658556354			
KEGG_CYTOSOLIC_DNA_SENSING_PATHWAY	0.2467238751798217			
GSE32533_MIR17_KO_VS_MIR17_OVEREXPRESS_ACT_CD4_TCELL_DN	0.2467232279097706			
VANDESLUIS_NORMAL_EMBRYOS_DN	0.24670419735291443			
LU_EZH2_TARGETS_DN	0.24670265353702472			
GO_TRANSITION_METAL_ION_BINDING	0.24669568839754233			
KOBAYASHI_RESPONSE_TO_ROMIDEPSIN	0.246671662404029			
GSE14769_UNSTIM_VS_80MIN_LPS_BMDM_DN	0.24666430456704638			
GSE18893_CTRL_VS_TNF_TREATED_TREG_24H_DN	0.2466606273447723			
GO_CELL_MATRIX_ADHESION_MEDIATOR_ACTIVITY	0.24665634900606123			
GSE30971_CTRL_VS_LPS_STIM_MACROPHAGE_WBP7_KO_2H_DN	0.2466535261537721			
GSE32901_TH1_VS_TH17_NEG_CD4_TCELL_DN	0.24663827250122355			
GO_SYNCYTIUM_FORMATION	0.24663484747825568			
GO_KERATINOCYTE_MIGRATION	0.2466335016296024			
MIR16_5P	0.24663238578881194			
GO_DEOXYRIBONUCLEOSIDE_METABOLIC_PROCESS	0.24662794534949162			
GO_HEMATOPOIETIC_STEM_CELL_PROLIFERATION	0.24661895299491754			
GO_POLYADENYLATION_DEPENDENT_RNA_CATABOLIC_PROCESS	0.2466164847911647			
REACTOME_BMAL1_CLOCK_NPAS2_ACTIVATES_CIRCADIAN_GENE_EXPRESSION	0.2466038209126602			
HU_GENOTOXIC_DAMAGE_24HR	0.2465994595293622			
GO_HOMEOSTASIS_OF_NUMBER_OF_CELLS	0.24658581683431388			
GO_REGULATION_OF_LYMPHOCYTE_DIFFERENTIATION	0.24657925783595777			
WAKABAYASHI_ADIPOGENESIS_PPARG_RXRA_BOUND_8D	0.24654853073018757			
GO_POSITIVE_REGULATION_OF_DEOXYRIBONUCLEASE_ACTIVITY	0.24654031565090118			
GO_METALLOPEPTIDASE_ACTIVITY	0.24653663775259088			
GSE14769_UNSTIM_VS_240MIN_LPS_BMDM_UP	0.24653025768672995			
OHASHI_AURKB_TARGETS	0.24652865083367242			
GO_RESPIRATORY_BURST_INVOLVED_IN_DEFENSE_RESPONSE	0.24650713391732657			
GSE33425_CD161_INT_VS_NEG_CD8_TCELL_UP	0.24647984664897551			
GO_NUCLEOID	0.246478113813407			
HALLMARK_IL6_JAK_STAT3_SIGNALING	0.24647361314112173			
GSE3565_DUSP1_VS_WT_SPLENOCYTES_POST_LPS_INJECTION_UP	0.24647327344714884			
IPA_RELA_DN	0.24646823321359032			
GSE19401_RETINOIC_ACID_VS_RETINOIC_ACID_AND_PAM2CSK4_STIM_FOLLICULAR_DC_DN	0.2464587306444584			
GO_RIBOSOMAL_LARGE_SUBUNIT_BINDING	0.24645227277984838			
GSE27241_CTRL_VS_DIGOXIN_TREATED_CD4_TCELL_IN_TH17_POLARIZING_CONDITIONS_DN	0.24644972523355618			
GSE360_DC_VS_MAC_L_DONOVANI_DN	0.2464468688252424			
GSE18791_UNSTIM_VS_NEWCATSLE_VIRUS_DC_10H_DN	0.24644559852222683			
GO_POSITIVE_REGULATION_OF_RESPONSE_TO_EXTERNAL_STIMULUS	0.24644513056337514			
GO_MYELOID_CELL_DIFFERENTIATION	0.24644386066672577			
GO_STORE_OPERATED_CALCIUM_CHANNEL_ACTIVITY	0.2464395873381219			
GO_CILIARY_BASE	0.24643757075298459			
GSE22313_HEALTHY_VS_SLE_MOUSE_CD4_TCELL_DN	0.2464202786152214			
IPA_DDIT3_UP	0.24640963450412323			
GO_CARBOHYDRATE_KINASE_ACTIVITY	0.2464052741832616			
GSE15330_LYMPHOID_MULTIPOTENT_VS_GRANULOCYTE_MONOCYTE_PROGENITOR_IKAROS_KO_UP	0.2463963886750606			
GSE17721_LPS_VS_POLYIC_8H_BMDC_DN	0.24639348336046688			
GSE42021_TREG_PLN_VS_CD24INT_TREG_THYMUS_UP	0.24636296635077376			
GSE3982_EOSINOPHIL_VS_EFF_MEMORY_CD4_TCELL_DN	0.24636295385222545			
KEGG_SYSTEMIC_LUPUS_ERYTHEMATOSUS	0.24634672791741816			
PID_MYC_ACTIV_PATHWAY	0.24634255114955667			
MAHADEVAN_IMATINIB_RESISTANCE_DN	0.24633456607326187			
GO_HOMEOSTATIC_PROCESS	0.24633287612346833			
GSE45365_WT_VS_IFNAR_KO_BCELL_UP	0.24632675856386133			
GSE26030_TH1_VS_TH17_DAY5_POST_POLARIZATION_DN	0.24632179238061486			
GO_ERYTHROCYTE_HOMEOSTASIS	0.24631960620222149			
SIG_CHEMOTAXIS	0.24631453622270447			
GSE22886_NAIVE_BCELL_VS_BLOOD_PLASMA_CELL_DN	0.24630992745791833			
ROVERSI_GLIOMA_LOH_REGIONS	0.24630743102631725			
GO_CELLULAR_RESPONSE_TO_HYPEROXIA	0.24630325260116254			
HU_GENOTOXIC_DAMAGE_4HR	0.24629106660553418			
GO_B_1_B_CELL_DIFFERENTIATION	0.24627593430727582			
GO_HISTONE_H3_S10_PHOSPHORYLATION	0.24626989436621172			
GO_PURINE_CONTAINING_COMPOUND_SALVAGE	0.24626302728775992			
GO_REGULATION_OF_RESPIRATORY_GASEOUS_EXCHANGE_BY_NERVOUS_SYSTEM_PROCESS	0.24624589905089742			
MULLIGHAN_MLL_SIGNATURE_1_DN	0.24623064495085017			
SNF5_DN.V1_UP	0.24621393876949665			
GSE19888_ADENOSINE_A3R_INH_VS_ACT_WITH_INHIBITOR_PRETREATMENT_IN_MAST_CELL_UP	0.24619916250289695			
GO_CORTICOTROPIN_SECRETION	0.2461967748284057			
GO_NEGATIVE_REGULATION_OF_LEUKOCYTE_MEDIATED_CYTOTOXICITY	0.24619380990533496			
GO_REGULATION_OF_CARDIAC_MUSCLE_CELL_ACTION_POTENTIAL_INVOLVED_IN_REGULATION_OF_CONTRACTION	0.24619103130697897			
GSE12963_ENV_NEF_VS_ENV_NEF_AND_VPR_DEFICIENT_HIV1_INF_CD4_TCELL_DN	0.246175915247014			
GSE16385_ROSIGLITAZONE_VS_UNTREATED_IFNG_TNF_STIM_MACROPHAGE_DN	0.2461579498850649			
GSE15330_HSC_VS_MEGAKARYOCYTE_ERYTHROID_PROGENITOR_DN	0.24615602342826182			
GO_HYDROXYMETHYL_FORMYL_AND_RELATED_TRANSFERASE_ACTIVITY	0.24615010011974947			
REACTOME_DOWNSTREAM_SIGNAL_TRANSDUCTION	0.24614358384803647			
GSE17974_0.5H_VS_72H_IL4_AND_ANTI_IL12_ACT_CD4_TCELL_UP	0.24614095084738943			
MIR3925_3P	0.24612641991728892			
GO_POSITIVE_REGULATION_OF_TYPE_I_INTERFERON_MEDIATED_SIGNALING_PATHWAY	0.24611869202914677			
PID_INSULIN_GLUCOSE_PATHWAY	0.24610538208786287			
CDC73_TARGET_GENES	0.24609918566961086			
REACTOME_BASIGIN_INTERACTIONS	0.24608947241518953			
GSE37532_WT_VS_PPARG_KO_LN_TCONV_DN	0.24607979757910953			
GO_POSITIVE_REGULATION_OF_SUPRAMOLECULAR_FIBER_ORGANIZATION	0.2460675097631325			
GSE3039_NKT_CELL_VS_B1_BCELL_DN	0.2460528057215534			
GO_REGULATION_OF_CELL_ACTIVATION	0.246045967306153			
GSE29618_BCELL_VS_PDC_UP	0.2460420552673563			
GO_CELLULAR_RESPONSE_TO_OXYGEN_LEVELS	0.24603777652893571			
GO_STRUCTURAL_CONSTITUENT_OF_TOOTH_ENAMEL	0.24603366107539495			
GSE17974_2.5H_VS_72H_IL4_AND_ANTI_IL12_ACT_CD4_TCELL_DN	0.24603176985763264			
REACTOME_DDX58_IFIH1_MEDIATED_INDUCTION_OF_INTERFERON_ALPHA_BETA	0.24603004467480094			
REACTOME_HDR_THROUGH_SINGLE_STRAND_ANNEALING_SSA	0.2460296973736715			
chr14q22	0.246028414067214			
GO_ADENOSINE_RECEPTOR_SIGNALING_PATHWAY	0.2460185487502512			
GSE12845_IGD_POS_BLOOD_VS_DARKZONE_GC_TONSIL_BCELL_DN	0.24600367987790264			
chr5q12	0.24600034552671085			
MIR496	0.24599269569248342			
HUMMERICH_MALIGNANT_SKIN_TUMOR_DN	0.2459727238867252			
GSE17721_0.5H_VS_24H_GARDIQUIMOD_BMDC_DN	0.2459676994803424			
BIOCARTA_STRESS_PATHWAY	0.24596595084028813			
GO_RESPONSE_TO_TESTOSTERONE	0.2459653897706476			
GO_KINETOCHORE_BINDING	0.24595761432942587			
GO_POSITIVE_REGULATION_OF_SPHINGOLIPID_BIOSYNTHETIC_PROCESS	0.24594841360761274			
GSE13522_CTRL_VS_T_CRUZI_Y_STRAIN_INF_SKIN_BALBC_MOUSE_UP	0.2459381831747306			
BCAT_BILD_ET_AL_DN	0.24592627145706977			
GO_REGULATION_OF_LYMPHOCYTE_MIGRATION	0.24591359959485284			
GO_PHOSPHATIDYLINOSITOL_3_5_BISPHOSPHATE_BINDING	0.24588727850313233			
GO_BLOOD_MICROPARTICLE	0.24588279162463128			
GSE13306_RA_VS_UNTREATED_TREG_DN	0.24587876515058302			
GO_MEMBRANE_TO_MEMBRANE_DOCKING	0.24587350947077438			
MIR548AW	0.24586659537159508			
IPA_POU2F2_UP	0.24586646069499918			
NFKAPPAB_01	0.2458615054419105			
GO_POSITIVE_REGULATION_OF_ALPHA_BETA_T_CELL_DIFFERENTIATION	0.2458559106945166			
GO_PTERIDINE_CONTAINING_COMPOUND_METABOLIC_PROCESS	0.24584188331157808			
GO_PRODUCTION_OF_MOLECULAR_MEDIATOR_OF_IMMUNE_RESPONSE	0.24583617589685483			
GO_HYPOTHALAMUS_DEVELOPMENT	0.2458320587423972			
DE_YY1_TARGETS_DN	0.2458317789637217			
GSE39110_UNTREATED_VS_IL2_TREATED_CD8_TCELL_DAY6_POST_IMMUNIZATION_UP	0.24582568747645295			
KEGG_PROXIMAL_TUBULE_BICARBONATE_RECLAMATION	0.245823550629564			
GO_REGULATION_OF_CILIUM_DEPENDENT_CELL_MOTILITY	0.24581808183823442			
PEDRIOLI_MIR31_TARGETS_UP	0.24581378878792418			
GO_NEGATIVE_REGULATION_OF_INTERLEUKIN_6_BIOSYNTHETIC_PROCESS	0.24580453313193215			
GSE24726_WT_VS_E2_2_KO_PDC_UP	0.2457996843573673			
GSE21360_SECONDARY_VS_QUATERNARY_MEMORY_CD8_TCELL_DN	0.2457810219235036			
GSE46606_IRF4HIGH_VS_IRF4MID_CD40L_IL2_IL5_DAY1_STIMULATED_BCELL_DN	0.24576460059181945			
CREL_01	0.24575788463358314			
GSE15735_CTRL_VS_HDAC_INHIBITOR_TREATED_CD4_TCELL_2H_DN	0.24572880080300713			
GO_CLASS_I_DNA_APURINIC_OR_APYRIMIDINIC_SITE_ENDONUCLEASE_ACTIVITY	0.2457283056875565			
HALLMARK_IL2_STAT5_SIGNALING	0.24572253584062628			
GSE2706_2H_VS_8H_LPS_STIM_DC_UP	0.24572028016577127			
GOLDRATH_EFF_VS_MEMORY_CD8_TCELL_DN	0.24571559424194686			
GO_REGULATION_OF_GLUTAMINE_FAMILY_AMINO_ACID_METABOLIC_PROCESS	0.245707468284789			
GO_DEFENSE_RESPONSE_TO_GRAM_POSITIVE_BACTERIUM	0.2457059073990911			
FU_INTERACT_WITH_ALKBH8	0.24567808972618813			
GO_REGULATION_OF_TOLERANCE_INDUCTION	0.24567177507061336			
GSE14415_INDUCED_TREG_VS_FAILED_INDUCED_TREG_DN	0.24566824804363016			
GSE360_L_MAJOR_VS_B_MALAYI_LOW_DOSE_MAC_UP	0.24565502640963832			
GSE37301_GRANULOCYTE_MONOCYTE_PROGENITOR_VS_RAG2_KO_NK_CELL_DN	0.24563886720563535			
REACTOME_INTERLEUKIN_35_SIGNALLING	0.24562696002121015			
GO_REGULATION_OF_DOUBLE_STRAND_BREAK_REPAIR	0.2455922106076529			
SA_CASPASE_CASCADE	0.24557392844707268			
GSE46606_UNSTIM_VS_CD40L_IL2_IL5_1DAY_STIMULATED_IRF4MID_SORTED_BCELL_UP	0.24557255377255388			
GSE22886_TCELL_VS_BCELL_NAIVE_UP	0.2455559427668332			
GSE27786_LIN_NEG_VS_CD8_TCELL_DN	0.24553086546189454			
GO_NEGATIVE_REGULATION_OF_PEPTIDE_SECRETION	0.24552846114729704			
GO_REGULATION_OF_TRIGLYCERIDE_CATABOLIC_PROCESS	0.24552610814602976			
GO_B_CELL_HOMEOSTASIS	0.24551005106572607			
GSE360_LOW_DOSE_B_MALAYI_VS_M_TUBERCULOSIS_MAC_DN	0.2455086383897782			
GSE29617_DAY3_VS_DAY7_TIV_FLU_VACCINE_PBMC_2008_UP	0.24550587454777276			
GO_POSITIVE_REGULATION_OF_ESTABLISHMENT_OF_PROTEIN_LOCALIZATION_TO_TELOMERE	0.2454779301974672			
SENESE_HDAC1_TARGETS_UP	0.24547502719879033			
GO_MRNA_5_UTR_BINDING	0.24544909399292125			
IPA_RELA_UP	0.24544453950223918			
LINDSTEDT_DENDRITIC_CELL_MATURATION_D	0.24544071660494016			
GSE21774_CD62L_POS_CD56_BRIGHT_VS_CD62L_NEG_CD56_DIM_NK_CELL_UP	0.2454258674585469			
GO_CARTILAGE_DEVELOPMENT	0.24541406663651225			
GO_FLAVIN_ADENINE_DINUCLEOTIDE_BINDING	0.24540791310466353			
GSE11864_CSF1_PAM3CYS_VS_CSF1_IFNG_PAM3CYS_IN_MAC_DN	0.2453956803091786			
GO_SHORT_CHAIN_CARBOXYLESTERASE_ACTIVITY	0.24539182000623613			
GSE23568_CTRL_TRANSDUCED_VS_WT_CD8_TCELL_DN	0.24539096599665552			
MIR5583_3P	0.24538981632273074			
CAIRO_LIVER_DEVELOPMENT_DN	0.2453641028207117			
BOGNI_TREATMENT_RELATED_MYELOID_LEUKEMIA_UP	0.24535674505956945			
GO_TYROSINE_PHOSPHORYLATION_OF_STAT_PROTEIN	0.24535030857000434			
GSE14308_TH17_VS_INDUCED_TREG_DN	0.24533840976043128			
GO_NEGATIVE_REGULATION_OF_G_PROTEIN_COUPLED_RECEPTOR_SIGNALING_PATHWAY	0.24532931592935442			
GSE21927_SPLEEN_VS_4T1_TUMOR_MONOCYTE_BALBC_UP	0.24531888468354			
GO_ALCOHOL_METABOLIC_PROCESS	0.24530056825985			
GSE40274_FOXP3_VS_FOXP3_AND_PBX1_TRANSDUCED_ACTIVATED_CD4_TCELL_UP	0.2452998401211337			
GO_PYRIMIDINE_CONTAINING_COMPOUND_CATABOLIC_PROCESS	0.24529733876988363			
GSE3982_MAC_VS_BCELL_DN	0.24529122430053896			
GSE29164_CD8_TCELL_VS_CD8_TCELL_AND_IL12_TREATED_MELANOMA_DAY3_DN	0.24528883046850447			
GO_CHEMICAL_HOMEOSTASIS	0.2452864869712728			
GO_LEUKOTRIENE_SIGNALING_PATHWAY	0.24527340867947717			
GSE1432_1H_VS_24H_IFNG_MICROGLIA_DN	0.24525717710004125			
ZMYND8_TARGET_GENES	0.24524944198224796			
MARSON_FOXP3_TARGETS_UP	0.24524926451544474			
GO_CHEMOKINE_SECRETION	0.2452399049478931			
GSE17721_CTRL_VS_PAM3CSK4_6H_BMDC_UP	0.2452382801549658			
KIM_WT1_TARGETS_DN	0.24521817074731608			
GO_REGULATION_OF_CD40_SIGNALING_PATHWAY	0.24521223858087468			
GO_POSITIVE_REGULATION_OF_CYTOSKELETON_ORGANIZATION	0.2452020687149112			
GSE3982_BASOPHIL_VS_EFF_MEMORY_CD4_TCELL_DN	0.24519233190050882			
GO_REGULATION_OF_ANION_TRANSMEMBRANE_TRANSPORT	0.24518989749458242			
GSE45365_HEALTHY_VS_MCMV_INFECTION_CD11B_DC_IFNAR_KO_DN	0.2451681412816609			
GSE27786_CD4_TCELL_VS_NEUTROPHIL_UP	0.24516734766715048			
MIR4703_3P	0.24516324945522183			
GSE7509_UNSTIM_VS_FCGRIIB_STIM_MONOCYTE_UP	0.2451572147896239			
GO_DNA_POLYMERASE_COMPLEX	0.24514319361048797			
GSE14000_4H_VS_16H_LPS_DC_UP	0.2451336426234069			
GO_REGULATION_OF_T_CELL_ACTIVATION	0.2451233261156795			
GSE3982_CTRL_VS_LPS_4H_MAC_DN	0.24511509939312248			
REACTOME_PLASMA_LIPOPROTEIN_ASSEMBLY_REMODELING_AND_CLEARANCE	0.24511024801284703			
GO_REGULATION_OF_MAST_CELL_ACTIVATION_INVOLVED_IN_IMMUNE_RESPONSE	0.24510972310091259			
GO_INTRINSIC_APOPTOTIC_SIGNALING_PATHWAY_IN_RESPONSE_TO_DNA_DAMAGE_BY_P53_CLASS_MEDIATOR	0.24510575817453767			
GO_MIDBODY	0.24510233832925477			
GO_REGULATION_OF_LIPID_KINASE_ACTIVITY	0.24509888015034578			
GSE21670_TGFB_VS_IL6_TREATED_STAT3_KO_CD4_TCELL_DN	0.24508165273412044			
GSE3039_NKT_CELL_VS_ALPHAALPHA_CD8_TCELL_DN	0.2450703307102831			
MIR544A	0.2450646563368067			
GO_ESTABLISHMENT_OF_PROTEIN_LOCALIZATION_TO_CHROMOSOME	0.2450505241460194			
GO_POSITIVE_REGULATION_OF_TYROSINE_PHOSPHORYLATION_OF_STAT_PROTEIN	0.2450242811985074			
REACTOME_PKMTS_METHYLATE_HISTONE_LYSINES	0.2450076723338129			
IRF2_01	0.24500354889334053			
REACTOME_NONSENSE_MEDIATED_DECAY_NMD	0.2449923526636814			
GO_SECRETORY_GRANULE	0.24499142677819172			
GSE39110_UNTREATED_VS_IL2_TREATED_CD8_TCELL_DAY3_POST_IMMUNIZATION_DN	0.24497878367136183			
WINTER_HYPOXIA_METAGENE	0.24497715119089963			
MIR659_3P	0.2449651101383547			
GO_REGULATION_OF_IMMUNOGLOBULIN_PRODUCTION	0.24496508917129392			
GSE1112_OT1_VS_HY_CD8AB_THYMOCYTE_RTOC_CULTURE_UP	0.24493609921483583			
LIEN_BREAST_CARCINOMA_METAPLASTIC_VS_DUCTAL_UP	0.24493189851709093			
GSE37301_HEMATOPOIETIC_STEM_CELL_VS_CD4_TCELL_UP	0.24492831084376745			
CHAUHAN_RESPONSE_TO_METHOXYESTRADIOL_DN	0.24491823333027873			
MIR424_5P	0.2449118807484244			
GSE2770_TGFB_AND_IL4_VS_IL4_TREATED_ACT_CD4_TCELL_6H_DN	0.24491168051988524			
GSE28130_ACTIVATED_VS_INDUCEED_TREG_UP	0.24490655030685837			
GSE22886_IGM_MEMORY_BCELL_VS_BM_PLASMA_CELL_UP	0.24490353668454565			
GSE17721_CTRL_VS_PAM3CSK4_6H_BMDC_DN	0.2448987044897281			
GSE29617_CTRL_VS_DAY7_TIV_FLU_VACCINE_PBMC_2008_UP	0.2448969274601177			
GO_CALCIUM_ACTIVATED_POTASSIUM_CHANNEL_ACTIVITY	0.2448882439043927			
BIOCARTA_EGF_PATHWAY	0.2448775161546169			
MIR5009_5P	0.2448747491189493			
IPA_STAT3_UP	0.24487150384243825			
PID_FCER1_PATHWAY	0.244862260685513			
BARRIER_COLON_CANCER_RECURRENCE_UP	0.2448610497261281			
GO_REPRODUCTION	0.24484385183472576			
FLORIO_HUMAN_NEOCORTEX	0.24483029041266408			
GSE40274_CTRL_VS_IRF4_TRANSDUCED_ACTIVATED_CD4_TCELL_UP	0.2448281682371008			
GO_REGULATION_OF_ACUTE_INFLAMMATORY_RESPONSE	0.24482432204807164			
GSE3982_MEMORY_CD4_TCELL_VS_TH2_UP	0.2448220727973343			
GO_ENZYME_REGULATOR_ACTIVITY	0.244807885675289			
JI_CARCINOGENESIS_BY_KRAS_AND_STK11_DN	0.24479918480786275			
RELA_DN.V1_UP	0.24479814682185488			
MIR6730_5P	0.24479473713647978			
REACTOME_ALPHA_DEFENSINS	0.24478128876766678			
MEF2D_TARGET_GENES	0.24477427879592506			
GO_TELETHONIN_BINDING	0.24477323911712054			
MYLLYKANGAS_AMPLIFICATION_HOT_SPOT_16	0.24476464680963475			
BIOCARTA_IFNG_PATHWAY	0.2447605718155043			
HOLLEMAN_VINCRISTINE_RESISTANCE_B_ALL_DN	0.24475944561784926			
BROWNE_HCMV_INFECTION_8HR_DN	0.2447578689500062			
GO_REGULATION_OF_KINASE_ACTIVITY	0.24475618164134974			
GO_PROTEIN_PHOSPHORYLATION	0.24474897999535838			
GSE29949_MICROGLIA_BRAIN_VS_CD8_POS_DC_SPLEEN_UP	0.24474087028600308			
GSE11864_CSF1_IFNG_VS_CSF1_PAM3CYS_IN_MAC_DN	0.2447288006376278			
GSE25123_CTRL_VS_ROSIGLITAZONE_STIM_PPARG_KO_MACROPHAGE_UP	0.24472067050881127			
GSE39152_BRAIN_VS_SPLEEN_CD103_NEG_MEMORY_CD8_TCELL_UP	0.24471460632057174			
GSE24634_TEFF_VS_TCONV_DAY7_IN_CULTURE_UP	0.24471075748644144			
GRAHAM_CML_QUIESCENT_VS_CML_DIVIDING_DN	0.2446739669187011			
GO_REGULATION_OF_PODOSOME_ASSEMBLY	0.24467267191566897			
GO_T_CELL_ACTIVATION	0.24466014390494334			
GSE42088_UNINF_VS_LEISHMANIA_INF_DC_8H_UP	0.24465229857000872			
GO_POSITIVE_REGULATION_OF_B_CELL_RECEPTOR_SIGNALING_PATHWAY	0.24464773779261972			
GSE17721_CTRL_VS_GARDIQUIMOD_24H_BMDC_UP	0.24464548535100497			
GO_NEGATIVE_REGULATION_OF_MOLECULAR_FUNCTION	0.2446438699561187			
REACTOME_VEGFR2_MEDIATED_CELL_PROLIFERATION	0.2446404577205836			
GSE22886_TH1_VS_TH2_48H_ACT_DN	0.24464035411915486			
GSE41867_NAIVE_VS_EFFECTOR_CD8_TCELL_UP	0.24463753894526533			
LINDGREN_BLADDER_CANCER_HIGH_RECURRENCE	0.24463525056032903			
GSE18791_CTRL_VS_NEWCASTLE_VIRUS_DC_1H_DN	0.2446289846793633			
GSE7219_UNSTIM_VS_LPS_AND_ANTI_CD40_STIM_DC_UP	0.24462163468118492			
GO_PROTEIN_LOCALIZATION_TO_CHROMOSOME	0.2446189543545622			
GSE6092_B_BURGDOFERI_VS_B_BURGDORFERI_AND_IFNG_STIM_ENDOTHELIAL_CELL_DN	0.24461123081896055			
MIR6736_5P	0.24457786795342112			
IPA_SRCAP_UP	0.24456593087165857			
REACTOME_REGULATION_OF_INSULIN_LIKE_GROWTH_FACTOR_IGF_TRANSPORT_AND_UPTAKE_BY_INSULIN_LIKE_GROWTH_FACTOR_BINDING_PROTEINS_IGFBPS	0.24455832469163435			
GO_GONADAL_MESODERM_DEVELOPMENT	0.24453720657363948			
GSE18804_SPLEEN_MACROPHAGE_VS_COLON_TUMORAL_MACROPHAGE_UP	0.24453351516783253			
PID_IL8_CXCR1_PATHWAY	0.24451667385087433			
ACOSTA_PROLIFERATION_INDEPENDENT_MYC_TARGETS_DN	0.2445042426786243			
GSE8921_UNSTIM_VS_TLR1_2_STIM_MONOCYTE_3H_UP	0.24450109975903273			
ETS1_B	0.2444962978069026			
GO_PROTEASOME_CORE_COMPLEX_BETA_SUBUNIT_COMPLEX	0.24447792924010456			
GSE43955_10H_VS_30H_ACT_CD4_TCELL_DN	0.2444547162555569			
REACTOME_ALPHA_PROTEIN_KINASE_1_SIGNALING_PATHWAY	0.24444267856469098			
PARK_TRETINOIN_RESPONSE_AND_PML_RARA_FUSION	0.24443810887472717			
GSE13738_RESTING_VS_TCR_ACTIVATED_CD4_TCELL_DN	0.2444333494531747			
GSE46606_UNSTIM_VS_CD40L_IL2_IL5_1DAY_STIMULATED_IRF4_KO_BCELL_UP	0.2444293277522363			
GSE13738_TCR_VS_BYSTANDER_ACTIVATED_CD4_TCELL_UP	0.24441606126324578			
GSE24142_EARLY_THYMIC_PROGENITOR_VS_DN3_THYMOCYTE_UP	0.24441471285285896			
GSE6259_CD4_TCELL_VS_CD8_TCELL_UP	0.24441032232455914			
KORKOLA_YOLK_SAC_TUMOR_UP	0.24440861836002958			
GO_REGULATION_OF_RESPONSE_TO_TUMOR_CELL	0.24438613502426995			
GSE37533_PPARG1_FOXP3_VS_FOXP3_TRANSDUCED_CD4_TCELL_DN	0.24438502815471005			
GSE17721_CTRL_VS_GARDIQUIMOD_6H_BMDC_DN	0.24438460837954815			
REACTOME_INTERFERON_ALPHA_BETA_SIGNALING	0.24436996262043784			
GO_NEGATIVE_REGULATION_OF_INTERLEUKIN_1_BETA_SECRETION	0.24436950753020834			
SENESE_HDAC2_TARGETS_UP	0.24436902596104698			
IPA_NFATC2_DN	0.24436791411326408			
GO_PLASMA_MEMBRANE_PROTEIN_COMPLEX	0.2443662198359332			
GO_REGULATION_OF_LEUKOCYTE_DEGRANULATION	0.2443628486803726			
SHEDDEN_LUNG_CANCER_POOR_SURVIVAL_A6	0.24436231746007242			
GSE40274_XBP1_VS_FOXP3_AND_XBP1_TRANSDUCED_ACTIVATED_CD4_TCELL_UP	0.24435855008408072			
ROETH_TERT_TARGETS_DN	0.24435471826824798			
GSE36476_CTRL_VS_TSST_ACT_72H_MEMORY_CD4_TCELL_YOUNG_DN	0.24434439665850638			
PARK_APL_PATHOGENESIS_UP	0.24434196983745846			
GSE43955_1H_VS_10H_ACT_CD4_TCELL_WITH_TGFB_IL6_UP	0.24433658940607797			
IPA_RXRG_DN	0.24433540705909626			
GO_REGULATION_OF_NUCLEAR_DIVISION	0.2443286240458317			
REACTOME_SRP_DEPENDENT_COTRANSLATIONAL_PROTEIN_TARGETING_TO_MEMBRANE	0.24432716764857845			
chr16q24	0.24432637217496794			
SHAFFER_IRF4_TARGETS_IN_ACTIVATED_B_LYMPHOCYTE	0.2442909598428096			
SANA_RESPONSE_TO_IFNG_DN	0.24428092608110769			
GSE1740_UNSTIM_VS_IFNA_STIMULATED_MCSF_IFNG_DERIVED_MACROPHAGE_UP	0.24427128218323277			
GO_PROTEIN_K11_LINKED_UBIQUITINATION	0.24426606177029794			
GO_POSITIVE_REGULATION_OF_INTERLEUKIN_13_PRODUCTION	0.2442638152005797			
GSE28737_WT_VS_BCL6_KO_FOLLICULAR_BCELL_DN	0.24423867952837863			
GSE22886_NAIVE_CD8_TCELL_VS_NKCELL_DN	0.24423069715012263			
GO_NEGATIVE_REGULATION_OF_VIRAL_LIFE_CYCLE	0.2442272440671047			
KONDO_PROSTATE_CANCER_WITH_H3K27ME3	0.24422644211568387			
GO_TUMOR_NECROSIS_FACTOR_BIOSYNTHETIC_PROCESS	0.24422573807085052			
YAGI_AML_WITH_11Q23_REARRANGED	0.24421253712581836			
GSE13484_12H_UNSTIM_VS_YF17D_VACCINE_STIM_PBMC_UP	0.24419873926876065			
GO_SEROTONIN_GATED_CATION_SELECTIVE_CHANNEL_ACTIVITY	0.24419694873380682			
GO_POSITIVE_REGULATION_OF_CHOLESTEROL_STORAGE	0.24418285625840316			
MYLLYKANGAS_AMPLIFICATION_HOT_SPOT_8	0.2441652545914039			
IRF1_Q6	0.24415586427036187			
GO_REGULATION_OF_APOPTOTIC_CELL_CLEARANCE	0.24413389519330833			
GO_ENDODEOXYRIBONUCLEASE_ACTIVITY	0.24412880001693232			
GO_NUCLEAR_REPLICATION_FORK	0.24412266899911927			
GSE12366_GC_BCELL_VS_PLASMA_CELL_UP	0.2441195833757108			
GO_CYTOPLASMIC_SIDE_OF_ENDOPLASMIC_RETICULUM_MEMBRANE	0.24409229913837835			
GSE17721_0.5H_VS_24H_POLYIC_BMDC_DN	0.24409183064726692			
GSE3982_DC_VS_TH2_DN	0.24408739037518953			
MIR4524B_5P	0.2440665960257251			
MIR4524A_5P	0.2440665960257251			
GSE19941_LPS_VS_LPS_AND_IL10_STIM_IL10_KO_NFKBP50_KO_MACROPHAGE_UP	0.24406649932008784			
GO_POSITIVE_REGULATION_OF_PHOSPHATASE_ACTIVITY	0.2440632737551647			
GSE22886_CD8_VS_CD4_NAIVE_TCELL_UP	0.24404880656626024			
REACTOME_DNA_REPLICATION_INITIATION	0.2440231768895913			
GO_IMMUNE_RECEPTOR_ACTIVITY	0.24401268814615962			
REACTOME_LRR_FLII_INTERACTING_PROTEIN_1_LRRFIP1_ACTIVATES_TYPE_I_IFN_PRODUCTION	0.24400007126957188			
WIEMANN_TELOMERE_SHORTENING_AND_CHRONIC_LIVER_DAMAGE_UP	0.24398872077418096			
GSE24026_PD1_LIGATION_VS_CTRL_IN_ACT_TCELL_LINE_DN	0.24398786095244943			
MIR3654	0.24398650994354845			
GO_REGULATION_OF_RESPONSE_TO_STRESS	0.24398430242118815			
GSE3337_CTRL_VS_4H_IFNG_IN_CD8POS_DC_UP	0.24397785792167295			
MIR497_5P	0.24396891636902152			
GSE29618_LAIV_VS_TIV_FLU_VACCINE_DAY7_BCELL_DN	0.24396202872340017			
ACEVEDO_LIVER_CANCER_UP	0.24395845391747925			
SRF_01	0.24394991144529776			
GSE21063_WT_VS_NFATC1_KO_3H_ANTI_IGM_STIM_BCELL_DN	0.24393457291709297			
STREICHER_LSM1_TARGETS_DN	0.24388349556578007			
IPA_ABL1_UP	0.24388056402930755			
GO_OLFACTORY_RECEPTOR_BINDING	0.24386922860862215			
GO_CYTOKINE_PRODUCTION_INVOLVED_IN_IMMUNE_RESPONSE	0.24386301455634252			
GO_REGULATION_OF_SODIUM_ION_TRANSPORT	0.2438474713412313			
GO_REGULATION_OF_NATURAL_KILLER_CELL_MEDIATED_IMMUNITY	0.24383819080342173			
GO_RRNA_TRANSPORT	0.24383002886210564			
GSE15330_LYMPHOID_MULTIPOTENT_VS_GRANULOCYTE_MONOCYTE_PROGENITOR_IKAROS_KO_DN	0.2438078868558652			
BIOCARTA_IL2RB_PATHWAY	0.24380709752026497			
GSE9601_UNTREATED_VS_PI3K_INHIBITOR_TREATED_HCMV_INF_MONOCYTE_UP	0.24379708951205814			
BIOCARTA_DEATH_PATHWAY	0.243792082447356			
GSE8921_UNSTIM_0H_VS_TLR1_2_STIM_MONOCYTE_24H_DN	0.24377573670791752			
GSE12366_GC_VS_MEMORY_BCELL_UP	0.24375206979966677			
NAGY_STAGA_COMPONENTS_HUMAN	0.24374104179992434			
GSE17974_CTRL_VS_ACT_IL4_AND_ANTI_IL12_4H_CD4_TCELL_UP	0.24372622435251523			
GSE7568_IL4_VS_IL4_AND_DEXAMETHASONE_TREATED_MACROPHAGE_UP	0.24372158626566376			
REACTOME_INTERLEUKIN_6_FAMILY_SIGNALING	0.24371116165398513			
GSE7460_FOXP3_MUT_VS_WT_ACT_WITH_TGFB_TCONV_UP	0.2437103245294441			
GSE22886_NAIVE_TCELL_VS_NEUTROPHIL_DN	0.2437032714749795			
GSE2770_IL12_VS_TGFB_AND_IL12_TREATED_ACT_CD4_TCELL_6H_DN	0.24369138164623297			
GSE34156_NOD2_LIGAND_VS_NOD2_AND_TLR1_TLR2_LIGAND_24H_TREATED_MONOCYTE_DN	0.24368881674581033			
REACTOME_ACTIVATION_OF_NIMA_KINASES_NEK9_NEK6_NEK7	0.24368252081691077			
GSE37301_COMMON_LYMPHOID_PROGENITOR_VS_CD4_TCELL_DN	0.243680548107188			
GSE29618_PRE_VS_DAY7_POST_LAIV_FLU_VACCINE_MONOCYTE_DN	0.24367670771692018			
GO_VITAMIN_METABOLIC_PROCESS	0.24366667712020082			
GSE9988_ANTI_TREM1_VS_LPS_MONOCYTE_DN	0.2436627004908831			
GO_NEGATIVE_REGULATION_OF_UBIQUITIN_PROTEIN_TRANSFERASE_ACTIVITY	0.24366037606315666			
GO_TESTOSTERONE_BIOSYNTHETIC_PROCESS	0.24365079525153818			
IPA_MYC_DN	0.24364523893840503			
GSE7568_CTRL_VS_3H_TGFB_TREATED_MACROPHAGES_WITH_IL4_AND_DEXAMETHASONE_DN	0.24364147022336916			
PID_SHP2_PATHWAY	0.24363249962472408			
GSE13493_DP_VS_CD4INTCD8POS_THYMOCYTE_UP	0.24362866626000496			
GSE17974_CTRL_VS_ACT_IL4_AND_ANTI_IL12_1H_CD4_TCELL_DN	0.2436190743670287			
GO_T_CELL_MIGRATION	0.2436031803075305			
GO_MACROPHAGE_ACTIVATION	0.24360304128860927			
GO_REGULATION_OF_LYMPHOCYTE_ACTIVATION	0.24358718497125012			
GO_POSITIVE_REGULATION_OF_ACUTE_INFLAMMATORY_RESPONSE	0.24358715129598166			
GSE43863_NAIVE_VS_MEMORY_TH1_CD4_TCELL_D150_LCMV_DN	0.2435867135478211			
RBM17_TARGET_GENES	0.24357948536574967			
KANG_DOXORUBICIN_RESISTANCE_DN	0.243575170939395			
BURTON_ADIPOGENESIS_PEAK_AT_16HR	0.2435647995746427			
GO_STEROL_TRANSPORTER_ACTIVITY	0.24356274259597965			
GSE5960_TH1_VS_ANERGIC_TH1_DN	0.2435587488082183			
GO_INTERLEUKIN_12_PRODUCTION	0.24355733120311318			
IPA_MXI1_DN	0.24355515728106675			
GSE29618_MONOCYTE_VS_MDC_DAY7_FLU_VACCINE_DN	0.2435548338539259			
GO_LIPID_TRANSPORTER_ACTIVITY	0.24355402154917027			
GSE24142_EARLY_THYMIC_PROGENITOR_VS_DN3_THYMOCYTE_FETAL_UP	0.24354795610519994			
REACTOME_SEPARATION_OF_SISTER_CHROMATIDS	0.24354172771249186			
GO_POSITIVE_REGULATION_OF_HYPERSENSITIVITY	0.24353191328719978			
GSE17721_PAM3CSK4_VS_CPG_16H_BMDC_DN	0.24352670050322184			
GO_HISTONE_DEACETYLASE_ACTIVITY_H3_K14_SPECIFIC	0.24352255714458076			
GSE9037_WT_VS_IRAK4_KO_LPS_1H_STIM_BMDM_UP	0.24352081341645665			
GSE2770_UNTREATED_VS_TGFB_AND_IL4_TREATED_ACT_CD4_TCELL_48H_DN	0.24349818071811322			
GSE10325_BCELL_VS_MYELOID_DN	0.24349681873533638			
BIOCARTA_NKT_PATHWAY	0.24348923059138985			
GENTLES_LEUKEMIC_STEM_CELL_UP	0.24348041549484245			
CHIANG_LIVER_CANCER_SUBCLASS_PROLIFERATION_UP	0.24346841912096331			
GO_POSITIVE_REGULATION_OF_IMMUNOGLOBULIN_SECRETION	0.24346585588376732			
GO_ORGANIC_ACID_BIOSYNTHETIC_PROCESS	0.2434651868984447			
REACTOME_G0_AND_EARLY_G1	0.24346273495443715			
GSE17721_LPS_VS_CPG_8H_BMDC_DN	0.24345920907081584			
GUO_HEX_TARGETS_DN	0.24344719332895848			
GO_NEGATIVE_REGULATION_OF_INTERLEUKIN_10_PRODUCTION	0.2434260627336203			
GO_POSITIVE_REGULATION_OF_CENTROSOME_CYCLE	0.24342170976566446			
GSE24574_BCL6_LOW_TFH_VS_NAIVE_CD4_TCELL_UP	0.24341283827435567			
PID_FAK_PATHWAY	0.24341249316218863			
GRADE_COLON_VS_RECTAL_CANCER_UP	0.2433922794933148			
GSE17301_ACD3_ACD28_VS_ACD3_ACD28_AND_IFNA5_STIM_CD8_TCELL_DN	0.24338120702109264			
GSE10239_NAIVE_VS_DAY4.5_EFF_CD8_TCELL_DN	0.24337412736009717			
HAHTOLA_MYCOSIS_FUNGOIDES_DN	0.24336308870559722			
GSE15330_MEGAKARYOCYTE_ERYTHROID_VS_GRANULOCYTE_MONOCYTE_PROGENITOR_IKAROS_KO_UP	0.24336102998241896			
GSE22282_HYPOXIA_VS_NORMOXIA_MYELOID_DC_UP	0.2433519108753971			
REACTOME_IL_6_TYPE_CYTOKINE_RECEPTOR_LIGAND_INTERACTIONS	0.24334400717660865			
GO_BUBBLE_DNA_BINDING	0.24334140468659016			
GO_POSITIVE_REGULATION_OF_I_KAPPAB_KINASE_NF_KAPPAB_SIGNALING	0.24330670773585933			
GSE17721_CTRL_VS_PAM3CSK4_4H_BMDC_DN	0.2432922224098275			
TSUNODA_CISPLATIN_RESISTANCE_UP	0.24328611486325882			
DIRMEIER_LMP1_RESPONSE_LATE_DN	0.24328501703209393			
MIR424_3P	0.24328449295480595			
REACTOME_DAP12_INTERACTIONS	0.2432684271473602			
GSE9960_GRAM_POS_VS_GRAM_NEG_AND_POS_SEPSIS_PBMC_UP	0.24325977985050595			
GO_POSITIVE_REGULATION_OF_TOLL_LIKE_RECEPTOR_SIGNALING_PATHWAY	0.24325963623097765			
GSE14415_NATURAL_TREG_VS_FOXP3_KO_NATURAL_TREG_UP	0.24323790238683388			
GSE18791_CTRL_VS_NEWCASTLE_VIRUS_DC_4H_DN	0.24323425216494565			
PID_P53_DOWNSTREAM_PATHWAY	0.24322244153468983			
GSE37301_HEMATOPOIETIC_STEM_CELL_VS_RAG2_KO_NK_CELL_DN	0.243221988011816			
NKX2_5_TARGET_GENES	0.24320646061643342			
GO_NUCLEOTIDE_ACTIVATED_PROTEIN_KINASE_COMPLEX	0.24320052567610448			
PLASARI_TGFB1_SIGNALING_VIA_NFIC_10HR_UP	0.24319888357471023			
GSE29949_CD8_POS_DC_SPLEEN_VS_DC_BRAIN_UP	0.24318567246707404			
GO_REGULATION_OF_PROTEIN_POLYUBIQUITINATION	0.2431839696434789			
GSE2770_UNTREATED_VS_IL12_TREATED_ACT_CD4_TCELL_48H_UP	0.24317541880271784			
GSE26488_WT_VS_VP16_TRANSGENIC_HDAC7_KO_DOUBLE_POSITIVE_THYMOCYTE_UP	0.24316175366412424			
GO_C_X3_C_CHEMOKINE_BINDING	0.24314012683727199			
GSE13547_CTRL_VS_ANTI_IGM_STIM_BCELL_2H_UP	0.24313933456685377			
GSE7460_WT_VS_FOXP3_HET_ACT_TCONV_DN	0.24313752212640657			
REACTOME_ATF4_ACTIVATES_GENES_IN_RESPONSE_TO_ENDOPLASMIC_RETICULUM_STRESS	0.24312966348446863			
GSE22886_DAY0_VS_DAY1_MONOCYTE_IN_CULTURE_UP	0.24309932938348336			
GO_PROTEIN_LOCALIZATION_TO_KINETOCHORE	0.24309136373608126			
GSE2706_R848_VS_LPS_8H_STIM_DC_DN	0.24308367179577972			
HELLER_HDAC_TARGETS_SILENCED_BY_METHYLATION_DN	0.24308246195594352			
GO_RESPONSE_TO_INTERFERON_BETA	0.24306907582638781			
GSE9960_HEALTHY_VS_SEPSIS_PBMC_DN	0.24306463063627187			
GSE46606_UNSTIM_VS_CD40L_IL2_IL5_3DAY_STIMULATED_IRF4MID_SORTED_BCELL_DN	0.24305985847133224			
GSE40274_SATB1_VS_FOXP3_AND_SATB1_TRANSDUCED_ACTIVATED_CD4_TCELL_UP	0.2430526120177572			
GO_PLATELET_DENSE_TUBULAR_NETWORK_MEMBRANE	0.2430480757734776			
GO_CENTRIOLAR_SUBDISTAL_APPENDAGE	0.243026719633326			
IPA_SREBF1_DN	0.2430138520815918			
GO_NEGATIVE_REGULATION_OF_LYMPHOCYTE_ACTIVATION	0.24300516092341823			
GO_DNA_INTEGRITY_CHECKPOINT	0.2430036827400766			
GO_REGULATION_OF_EXTRACELLULAR_MATRIX_CONSTITUENT_SECRETION	0.24300302967281961			
GSE45365_HEALTHY_VS_MCMV_INFECTION_CD8A_DC_UP	0.24299122367765172			
GSE32128_INOS_DEPENDENT_VS_INOS_INDEPENDENT_ACTIVATED_TCELL_UP	0.24298121349209043			
GSE1740_MCSF_VS_MCSF_AND_IFNG_DAY2_DERIVED_MACROPHAGE_UP	0.24297616389602192			
REACTOME_ROS_AND_RNS_PRODUCTION_IN_PHAGOCYTES	0.24296763005486977			
GO_REGULATION_OF_FATTY_ACID_BIOSYNTHETIC_PROCESS	0.24296161451500603			
MIR4762_3P	0.24295738655602908			
GO_LIPID_TRANSFER_ACTIVITY	0.24295043046651452			
GSE40274_CTRL_VS_FOXP3_AND_HELIOS_TRANSDUCED_ACTIVATED_CD4_TCELL_UP	0.24294900452493118			
GTF2A2_TARGET_GENES	0.24293776842505962			
GO_NUCLEOTIDE_SALVAGE	0.24292459307670256			
BIOCARTA_SODD_PATHWAY	0.24292128699585752			
GSE29618_MONOCYTE_VS_PDC_UP	0.242911713261002			
GSE17721_PAM3CSK4_VS_CPG_8H_BMDC_DN	0.24290755526808752			
GO_RESPONSE_TO_LIPOTEICHOIC_ACID	0.2429044990507962			
GSE339_CD4POS_VS_CD8POS_DC_UP	0.242903759159447			
DODD_NASOPHARYNGEAL_CARCINOMA_DN	0.24290035697500081			
MIR5092	0.24289205947902887			
GSE12003_4D_VS_8D_CULTURE_MIR223_KO_BM_PROGENITOR_DN	0.24289022664448393			
BIOCARTA_CASPASE_PATHWAY	0.24288872586893157			
GSE369_PRE_VS_POST_IL6_INJECTION_IFNG_WT_LIVER_DN	0.24288418954823765			
GO_TROPHOBLAST_CELL_MIGRATION	0.24287412268833303			
GO_TRAPP_COMPLEX	0.24286830714660076			
GO_DNA_REPLICATION_SYNTHESIS_OF_RNA_PRIMER	0.2428626411739328			
GO_POSITIVE_REGULATION_OF_ORGANELLE_ORGANIZATION	0.2428477857080748			
IPA_IRF8_UP	0.24284520225938352			
GSE22140_HEALTHY_VS_ARTHRITIC_MOUSE_CD4_TCELL_UP	0.24283844881905098			
GSE17580_UNINFECTED_VS_S_MANSONI_INF_TEFF_DN	0.24283540829034345			
GSE34156_UNTREATED_VS_6H_NOD2_AND_TLR1_TLR2_LIGAND_TREATED_MONOCYTE_DN	0.24283424991865496			
GSE42088_UNINF_VS_LEISHMANIA_INF_DC_2H_UP	0.2428191963221565			
REACTOME_REVERSIBLE_HYDRATION_OF_CARBON_DIOXIDE	0.24281648531414823			
GSE360_T_GONDII_VS_B_MALAYI_HIGH_DOSE_DC_UP	0.24281610567855824			
GO_LYS63_SPECIFIC_DEUBIQUITINASE_ACTIVITY	0.2428122223070771			
YAMANAKA_GLIOBLASTOMA_SURVIVAL_UP	0.2428096093457647			
GSE28237_FOLLICULAR_VS_LATE_GC_BCELL_DN	0.2428063419417238			
GO_UBIQUITIN_LIKE_PROTEIN_BINDING	0.24280249332481327			
HONRADO_BREAST_CANCER_BRCA1_VS_BRCA2	0.2427935254022839			
GO_NUCLEAR_TRANSCRIBED_MRNA_CATABOLIC_PROCESS_NONSENSE_MEDIATED_DECAY	0.2427926297481642			
GSE37416_0H_VS_24H_F_TULARENSIS_LVS_NEUTROPHIL_UP	0.2427460111474426			
GSE32164_RESTING_DIFFERENTIATED_VS_ALTERNATIVELY_ACT_M2_MACROPHAGE_UP	0.2427365308182063			
IPA_CREBBP_UP	0.24272992226741777			
RAMJAUN_APOPTOSIS_BY_TGFB1_VIA_SMAD4_UP	0.2427243811982311			
GO_REGULATION_OF_RESPONSE_TO_REACTIVE_OXYGEN_SPECIES	0.24271836556988066			
GSE28726_NAIVE_VS_ACTIVATED_CD4_TCELL_UP	0.24270677810472754			
GO_OXIDOREDUCTASE_ACTIVITY_OXIDIZING_METAL_IONS_OXYGEN_AS_ACCEPTOR	0.24269465089146872			
GHANDHI_DIRECT_IRRADIATION_UP	0.24268896872448145			
GO_TRANSCRIPTION_FACTOR_TFIIH_CORE_COMPLEX	0.2426822139824308			
GO_REGULATION_OF_ALPHA_BETA_T_CELL_DIFFERENTIATION	0.24268165701565378			
GO_POSITIVE_REGULATION_OF_MONOCYTE_CHEMOTACTIC_PROTEIN_1_PRODUCTION	0.24267948521608734			
REACTOME_TRANSPORT_OF_SMALL_MOLECULES	0.2426788514276774			
GSE11924_TFH_VS_TH2_CD4_TCELL_DN	0.2426557248649442			
GO_REGULATION_OF_VASCULATURE_DEVELOPMENT	0.24265434773416109			
GSE37532_TREG_VS_TCONV_CD4_TCELL_FROM_VISCERAL_ADIPOSE_TISSUE_DN	0.24264988350878824			
GO_HISTONE_H3_K36_METHYLATION	0.24260907442987834			
GSE17974_0H_VS_0.5H_IN_VITRO_ACT_CD4_TCELL_UP	0.24258873270725476			
KOBAYASHI_EGFR_SIGNALING_24HR_DN	0.24258008620138444			
GO_REGULATION_OF_CENTROMERE_COMPLEX_ASSEMBLY	0.24256863965404007			
BIOCARTA_TEL_PATHWAY	0.24256296157358473			
GSE17721_LPS_VS_CPG_24H_BMDC_DN	0.242554662961737			
EPPERT_PROGENITOR	0.24255380525959963			
GO_A_BAND	0.24254354360549682			
GSE17721_LPS_VS_POLYIC_12H_BMDC_DN	0.24254171549040776			
IPA_PPARGC1A_UP	0.24253644609286842			
GSE40666_UNTREATED_VS_IFNA_STIM_STAT4_KO_EFFECTOR_CD8_TCELL_90MIN_UP	0.2425321095544164			
GSE360_L_DONOVANI_VS_B_MALAYI_LOW_DOSE_MAC_UP	0.24252608525647798			
REACTOME_PROCESSIVE_SYNTHESIS_ON_THE_C_STRAND_OF_THE_TELOMERE	0.24252113052036028			
GSE37301_COMMON_LYMPHOID_PROGENITOR_VS_GRAN_MONO_PROGENITOR_DN	0.24250077522022376			
GSE39820_CTRL_VS_TGFBETA3_IL6_IL23A_CD4_TCELL_DN	0.24249477260296076			
GSE33424_CD161_INT_VS_NEG_CD8_TCELL_UP	0.2424902271092512			
GSE13522_CTRL_VS_T_CRUZI_Y_STRAIN_INF_SKIN_IFNAR_KO_UP	0.24247636706043116			
GO_NEGATIVE_REGULATION_OF_LIPID_LOCALIZATION	0.24247094156181054			
GSE20500_RETINOIC_ACID_VS_RARA_ANTAGONIST_TREATED_CD4_TCELL_DN	0.24246784154563633			
GSE22886_NAIVE_TCELL_VS_NKCELL_UP	0.24246413721750576			
GSE21927_UNTREATED_VS_GMCSF_GCSF_TREATED_BONE_MARROW_DN	0.24246295201761367			
ZWANG_EGF_INTERVAL_UP	0.24245823846240258			
GSE25123_IL4_VS_IL4_AND_ROSIGLITAZONE_STIM_PPARG_KO_MACROPHAGE_DAY10_DN	0.24245809430597137			
GSE13738_RESTING_VS_BYSTANDER_ACTIVATED_CD4_TCELL_DN	0.24245730904051305			
chr12q22	0.24245229625614456			
KAECH_NAIVE_VS_MEMORY_CD8_TCELL_UP	0.24245108534470947			
GSE21063_CTRL_VS_ANTI_IGM_STIM_BCELL_8H_UP	0.2424509926412337			
FIGUEROA_AML_METHYLATION_CLUSTER_5_DN	0.24244202430376524			
GSE3720_UNSTIM_VS_PMA_STIM_VD1_GAMMADELTA_TCELL_UP	0.24243703812193518			
REACTOME_DNA_REPLICATION_PRE_INITIATION	0.24242299721463373			
GO_REGULATION_OF_PLATELET_DERIVED_GROWTH_FACTOR_RECEPTOR_ALPHA_SIGNALING_PATHWAY	0.24241581033620024			
GO_MOTOR_NEURON_MIGRATION	0.24238957781879777			
GO_MAINTENANCE_OF_PROTEIN_LOCATION_IN_NUCLEUS	0.24238545144949677			
GO_DEADENYLATION_DEPENDENT_DECAPPING_OF_NUCLEAR_TRANSCRIBED_MRNA	0.24238483209708336			
OZANNE_AP1_TARGETS_UP	0.24237896506329967			
BURTON_ADIPOGENESIS_3	0.24237671108555425			
GO_MRNA_3_SPLICE_SITE_RECOGNITION	0.24236617771144206			
MARTIN_VIRAL_GPCR_SIGNALING_DN	0.24234732319222552			
GO_SODIUM_ION_EXPORT_ACROSS_PLASMA_MEMBRANE	0.24232245888650494			
IPA_EOMES_DN	0.24232147414138325			
GSE41867_DAY8_VS_DAY15_LCMV_CLONE13_EFFECTOR_CD8_TCELL_DN	0.2423196344540314			
GO_REGULATION_OF_MACROPHAGE_CHEMOTAXIS	0.24231346087938352			
IPA_FOXI1_UP	0.24231149473910854			
GSE360_L_MAJOR_VS_B_MALAYI_LOW_DOSE_DC_DN	0.24231021400761937			
YANG_BREAST_CANCER_ESR1_LASER_DN	0.24230713439014087			
GSE17721_LPS_VS_GARDIQUIMOD_2H_BMDC_DN	0.2422919487141057			
GO_GLIAL_CELL_ACTIVATION	0.2422875638655741			
REACTOME_ACTIVATION_OF_CASPASES_THROUGH_APOPTOSOME_MEDIATED_CLEAVAGE	0.24226705184078257			
GO_KINASE_BINDING	0.24226614480123687			
GSE2706_2H_VS_8H_LPS_STIM_DC_DN	0.2422613734018405			
GO_UNSATURATED_FATTY_ACID_BIOSYNTHETIC_PROCESS	0.24225441737543507			
GO_POSITIVE_REGULATION_OF_MYELOID_CELL_DIFFERENTIATION	0.24224119208020065			
FOURNIER_ACINAR_DEVELOPMENT_LATE_2	0.2422387168868375			
GSE18791_CTRL_VS_NEWCASTLE_VIRUS_DC_8H_DN	0.242225944647505			
GSE3982_CTRL_VS_PMA_STIM_EOSINOPHIL_UP	0.24222565715089686			
GSE2124_CTRL_VS_LYMPHOTOXIN_BETA_TREATED_MLN_DN	0.24221963068326885			
GO_REGULATION_OF_SYMBIOSIS_ENCOMPASSING_MUTUALISM_THROUGH_PARASITISM	0.24221667429751206			
GO_POSITIVE_REGULATION_OF_STEROID_METABOLIC_PROCESS	0.24220931827622882			
GO_CILIUM_MOVEMENT_INVOLVED_IN_CELL_MOTILITY	0.24220649312727968			
GSE17721_LPS_VS_GARDIQUIMOD_2H_BMDC_UP	0.24220213966633633			
GSE7348_LPS_VS_TOLERIZED_AND_LPS_STIM_MACROPHAGE_DN	0.2421968314740375			
GSE40274_CTRL_VS_FOXP3_AND_SATB1_TRANSDUCED_ACTIVATED_CD4_TCELL_UP	0.24217825818378655			
DLX4_TARGET_GENES	0.24217082372379242			
GO_CARBOXY_TERMINAL_DOMAIN_PROTEIN_KINASE_COMPLEX	0.24214985005586795			
GSE34205_HEALTHY_VS_RSV_INF_INFANT_PBMC_DN	0.24214941021895864			
GSE22935_UNSTIM_VS_48H_MBOVIS_BCG_STIM_MACROPHAGE_UP	0.24214676787223385			
GO_NEGATIVE_REGULATION_OF_VIRAL_PROCESS	0.2421326294839206			
REACTOME_INITIAL_TRIGGERING_OF_COMPLEMENT	0.24212819631672608			
REACTOME_RECYCLING_OF_BILE_ACIDS_AND_SALTS	0.24211452932608796			
GSE25088_CTRL_VS_ROSIGLITAZONE_STIM_STAT6_KO_MACROPHAGE_UP	0.24210324151443402			
GSE12392_CD8A_POS_VS_NEG_SPLEEN_DC_DN	0.2421007646898103			
GSE26488_HDAC7_KO_VS_VP16_TRANSGENIC_HDAC7_KO_DOUBLE_POSITIVE_THYMOCYTE_UP	0.2420942632479634			
GO_POSITIVE_REGULATION_OF_CELL_KILLING	0.24208877154740724			
GSE44649_NAIVE_VS_ACTIVATED_CD8_TCELL_UP	0.24208584523569063			
GO_CD4_POSITIVE_OR_CD8_POSITIVE_ALPHA_BETA_T_CELL_LINEAGE_COMMITMENT	0.24206220981479			
BIOCARTA_FXR_PATHWAY	0.24205729283259414			
MIR548U	0.2420565759091333			
chr11q14	0.242050094868403			
BIOCARTA_CARDIACEGF_PATHWAY	0.24204143868189795			
GSE7509_DC_VS_MONOCYTE_WITH_FCGRIIB_STIM_DN	0.2420410721947422			
IPA_IFI16_UP	0.24203480679078784			
GO_POSITIVE_REGULATION_OF_SPINDLE_CHECKPOINT	0.24202859580155994			
GO_REGULATION_OF_TRANSPOSITION	0.24200927725446278			
GO_DOUBLE_STRAND_BREAK_REPAIR_VIA_SYNTHESIS_DEPENDENT_STRAND_ANNEALING	0.2419988897385363			
GSE25085_FETAL_LIVER_VS_ADULT_BM_SP4_THYMIC_IMPLANT_DN	0.2419971957650532			
GRADE_COLON_AND_RECTAL_CANCER_UP	0.2419901442312547			
GSE16450_IMMATURE_VS_MATURE_NEURON_CELL_LINE_12H_IFNA_STIM_DN	0.24197517889562226			
GO_CONDENSED_CHROMOSOME_INNER_KINETOCHORE	0.24196740906757655			
GO_ATPASE_ACTIVITY	0.2419639940957233			
GSE4984_GALECTIN1_VS_VEHICLE_CTRL_TREATED_DC_UP	0.2419638689656447			
GSE360_CTRL_VS_L_DONOVANI_DC_UP	0.241948881289864			
GO_FAD_BINDING	0.2419452725763938			
GSE14769_UNSTIM_VS_120MIN_LPS_BMDM_DN	0.24194384260275778			
GO_CELL_CYCLE_DNA_REPLICATION	0.24193612544474216			
GSE15930_NAIVE_VS_72H_IN_VITRO_STIM_TRICHOSTATINA_CD8_TCELL_UP	0.24193340475551237			
ZHAN_MULTIPLE_MYELOMA_CD1_AND_CD2_UP	0.24193319287801446			
MIR3190_5P	0.24191631202661715			
GSE9988_ANTI_TREM1_AND_LPS_VS_CTRL_TREATED_MONOCYTES_UP	0.24191076994738134			
MIR410_3P	0.24190485667213793			
GO_NUCLEOTIDASE_ACTIVITY	0.24190324798860896			
GSE15930_STIM_VS_STIM_AND_IFNAB_48H_CD8_T_CELL_DN	0.24190282863924467			
IPA_STAT6_DN	0.24187121448009566			
GO_TRANSFERASE_ACTIVITY_TRANSFERRING_PENTOSYL_GROUPS	0.24184072442830185			
GO_REGULATION_OF_APPETITE	0.2418338608012567			
GSE7219_WT_VS_NIK_NFKB2_KO_DC_UP	0.24182379258028233			
REACTOME_INTERLEUKIN_36_PATHWAY	0.24180741447215337			
GSE27786_BCELL_VS_NKTCELL_UP	0.24180695956984857			
GO_INTERLEUKIN_2_PRODUCTION	0.24179880235969856			
GO_SECONDARY_LYSOSOME	0.2417964546380143			
GSE2585_THYMIC_MACROPHAGE_VS_MTEC_UP	0.24179069912744267			
GSE9960_HEALTHY_VS_GRAM_POS_SEPSIS_PBMC_UP	0.24177845865157194			
TAKADA_GASTRIC_CANCER_COPY_NUMBER_UP	0.24177490124633233			
GSE17721_LPS_VS_CPG_1H_BMDC_DN	0.24176010983869972			
GO_NEGATIVE_REGULATION_OF_T_CELL_MEDIATED_CYTOTOXICITY	0.2417547149366126			
GSE17186_MEMORY_VS_CD21LOW_TRANSITIONAL_BCELL_UP	0.2417399479856233			
IPA_KDM4B_UP	0.24172549728694231			
FIGUEROA_AML_METHYLATION_CLUSTER_5_UP	0.24170671473094474			
GO_SECRETORY_VESICLE	0.24169947715931112			
GSE10500_ARTHRITIC_SYNOVIAL_FLUID_VS_HEALTHY_MACROPHAGE_UP	0.24169130514642118			
GO_POSITIVE_REGULATION_OF_KINASE_ACTIVITY	0.24169098663455738			
NUNODA_RESPONSE_TO_DASATINIB_IMATINIB_UP	0.24166733701914725			
BURTON_ADIPOGENESIS_10	0.2416619528460026			
IPA_MTA1_UP	0.24165625886555572			
GSE29614_CTRL_VS_DAY7_TIV_FLU_VACCINE_PBMC_DN	0.2416454858440463			
NEMETH_INFLAMMATORY_RESPONSE_LPS_UP	0.2416381504764256			
GO_GLYCOSYL_COMPOUND_BIOSYNTHETIC_PROCESS	0.2416328351826061			
chr4p12	0.24162405074632845			
GO_POSITIVE_REGULATION_OF_PEPTIDE_SECRETION	0.24161518650495228			
GO_REGULATION_OF_ACTIN_FILAMENT_ORGANIZATION	0.2416115894470853			
GSE15930_STIM_VS_STIM_AND_IL12_72H_CD8_T_CELL_DN	0.24160465035202147			
GSE28408_LY6G_POS_VS_NEG_DC_DN	0.24159758952883004			
GO_PHOSPHATIDYLINOSITOL_3_KINASE_COMPLEX_CLASS_I	0.2415797234224124			
GO_SPERM_CAPACITATION	0.24157860136682408			
GO_APOLIPOPROTEIN_A_I_BINDING	0.2415654029901049			
GO_PROTEIN_TYROSINE_KINASE_BINDING	0.24152811027167306			
GSE37301_HEMATOPOIETIC_STEM_CELL_VS_LYMPHOID_PRIMED_MPP_UP	0.24151310319152203			
WU_APOPTOSIS_BY_CDKN1A_VIA_TP53	0.24151300245503457			
MIR146A_3P	0.24150830367727102			
GSE360_DC_VS_MAC_L_DONOVANI_UP	0.24149526851399078			
GSE42021_CD24LO_TREG_VS_CD24LO_TCONV_THYMUS_DN	0.24149448578932983			
GSE2770_IL12_VS_IL4_TREATED_ACT_CD4_TCELL_6H_DN	0.24148727911014778			
GSE22886_UNSTIM_VS_IL15_STIM_NKCELL_DN	0.24148528496745228			
GSE360_L_DONOVANI_VS_M_TUBERCULOSIS_DC_DN	0.24148263165258432			
GO_REGULATION_OF_PEPTIDE_SECRETION	0.24146882590203977			
GSE14386_UNTREATED_VS_IFNA_TREATED_ACT_PBMC_MS_PATIENT_DN	0.24146370901972625			
GSE6092_IFNG_VS_IFNG_AND_B_BURGDORFERI_INF_ENDOTHELIAL_CELL_DN	0.24145760664063862			
GO_PHAGOCYTIC_CUP	0.2414433974363813			
GO_HSP70_PROTEIN_BINDING	0.2414426293720887			
GO_NEGATIVE_REGULATION_OF_CHROMOSOME_SEGREGATION	0.2414306106792962			
GO_REGULATION_OF_REPRODUCTIVE_PROCESS	0.24142115780700638			
GSE23568_ID3_TRANSDUCED_VS_ID3_KO_CD8_TCELL_UP	0.24141385199857388			
GSE2770_IL12_AND_TGFB_VS_IL4_TREATED_ACT_CD4_TCELL_48H_UP	0.2413937719991726			
GSE11057_EFF_MEM_VS_CENT_MEM_CD4_TCELL_DN	0.2413893467955518			
GSE3982_EOSINOPHIL_VS_NEUTROPHIL_DN	0.24136098458686783			
GO_CYTIDINE_DEAMINASE_ACTIVITY	0.24136059655053793			
GSE16451_CTRL_VS_WEST_EQUINE_ENC_VIRUS_MATURE_NEURON_CELL_LINE_DN	0.2413587183939694			
CHIARETTI_T_ALL_RELAPSE_PROGNOSIS	0.24135300893133688			
TSAI_DNAJB4_TARGETS_DN	0.24134741446684327			
GO_ION_HOMEOSTASIS	0.24134392809677335			
MTOR_UP.N4.V1_DN	0.24134364180235388			
GSE37301_MULTIPOTENT_PROGENITOR_VS_LYMPHOID_PRIMED_MPP_UP	0.2413282511384125			
GSE11961_MEMORY_BCELL_DAY7_VS_GERMINAL_CENTER_BCELL_DAY40_UP	0.2413071250918029			
GSE22282_HYPOXIA_VS_NORMOXIA_MYELOID_DC_DN	0.2412942019846058			
GSE13946_CTRL_VS_DSS_COLITIS_GD_TCELL_FROM_COLON_DN	0.24129405914213442			
GSE22886_NAIVE_CD4_TCELL_VS_MEMORY_TCELL_DN	0.24129142329781506			
GO_NEGATIVE_REGULATION_OF_HYDROGEN_PEROXIDE_MEDIATED_PROGRAMMED_CELL_DEATH	0.24128819543239305			
GSE5589_LPS_VS_LPS_AND_IL10_STIM_IL10_KO_MACROPHAGE_45MIN_DN	0.2412797069413053			
GSE32986_UNSTIM_VS_GMCSF_AND_CURDLAN_HIGHDOSE_STIM_DC_UP	0.2412634677428744			
GSE40666_WT_VS_STAT1_KO_CD8_TCELL_WITH_IFNA_STIM_90MIN_DN	0.24125277857990723			
ATRX_TARGET_GENES	0.24124888820749854			
PID_CXCR4_PATHWAY	0.24124776161767225			
GSE1460_CD4_THYMOCYTE_VS_NAIVE_CD4_TCELL_CORD_BLOOD_DN	0.24124656452636029			
GSE25677_R848_VS_MPL_AND_R848_STIM_BCELL_UP	0.24124277997272306			
GO_VARICOSITY	0.2412242765675288			
GROSS_HIF1A_TARGETS_DN	0.2412240974151631			
GSE3982_DC_VS_EFF_MEMORY_CD4_TCELL_DN	0.241218741420439			
GSE21774_CD56_BRIGHT_VS_DIM_CD62L_POSITIVE_NK_CELL_DN	0.24121156453279224			
GSE39556_UNTREATED_VS_3H_POLYIC_INJ_MOUSE_NK_CELL_UP	0.24121113360331806			
GO_POSITIVE_REGULATION_OF_MAST_CELL_ACTIVATION_INVOLVED_IN_IMMUNE_RESPONSE	0.24120849821001117			
GO_REGULATION_OF_PROGRAMMED_NECROTIC_CELL_DEATH	0.2412057720342489			
GRESHOCK_CANCER_COPY_NUMBER_UP	0.24118726567559878			
LEE_LIVER_CANCER_HEPATOBLAST	0.2411858395891129			
GSE3920_IFNA_VS_IFNB_TREATED_ENDOTHELIAL_CELL_DN	0.24117835841648447			
GO_STEROID_METABOLIC_PROCESS	0.24116109550673			
GO_REGULATION_OF_HIGH_DENSITY_LIPOPROTEIN_PARTICLE_CLEARANCE	0.24115435536253046			
GSE20727_CTRL_VS_ROS_INH_AND_DNFB_ALLERGEN_TREATED_DC_DN	0.2411485940211583			
GSE26290_CTRL_VS_AKT_INHIBITOR_TREATED_ANTI_CD3_AND_IL2_STIM_CD8_TCELL_DN	0.2411473834113143			
GROSS_HYPOXIA_VIA_ELK3_DN	0.241146040292389			
IPA_NF1_DN	0.24114057299158756			
IPA_NR0B1_DN	0.2411316387093239			
IPA_NR0B1_UP	0.2411316387093239			
GSE9650_EFFECTOR_VS_MEMORY_CD8_TCELL_UP	0.24112694688251846			
GSE7768_OVA_WITH_LPS_VS_OVA_WITH_MPL_IMMUNIZED_MOUSE_WHOLE_SPLEEN_6H_DN	0.24112287830244705			
GSE16451_CTRL_VS_WEST_EQUINE_ENC_VIRUS_IMMATURE_NEURON_CELL_LINE_DN	0.24111981985815234			
GSE18281_SUBCAPSULAR_VS_CENTRAL_CORTICAL_REGION_OF_THYMUS_UP	0.241112103869678			
RASHI_RESPONSE_TO_IONIZING_RADIATION_4	0.24108772863827205			
GO_POLYSOME_BINDING	0.24108598154193922			
GO_TUMOR_NECROSIS_FACTOR_MEDIATED_SIGNALING_PATHWAY	0.24107412390914595			
GO_REGULATION_OF_IMMUNOGLOBULIN_SECRETION	0.24106931385273736			
GSE9316_IL6_KO_VS_IFNG_KO_INVIVO_EXPANDED_CD4_TCELL_DN	0.241065579191908			
GO_THROMBOPOIETIN_MEDIATED_SIGNALING_PATHWAY	0.24106375089429746			
IPA_MIER1_DN	0.24105614518599167			
MIR6832_5P	0.24105172758437707			
GSE22886_NAIVE_CD8_TCELL_VS_MEMORY_TCELL_UP	0.24105122897209333			
GO_POLYAMINE_METABOLIC_PROCESS	0.2410227877939812			
GO_SCAR_COMPLEX	0.2410225476319874			
GSE22886_NAIVE_TCELL_VS_DC_UP	0.24101460184485557			
EBAUER_TARGETS_OF_PAX3_FOXO1_FUSION_UP	0.24101224723889197			
GUTIERREZ_WALDENSTROEMS_MACROGLOBULINEMIA_2	0.24100291107258362			
GSE32164_RESTING_DIFFERENTIATED_VS_CMYC_INHIBITED_MACROPHAGE_DN	0.24099432321510963			
GO_KILLING_OF_CELLS_OF_OTHER_ORGANISM	0.24097729178490393			
GO_IMMUNE_RESPONSE_INHIBITING_CELL_SURFACE_RECEPTOR_SIGNALING_PATHWAY	0.2409707157328926			
GO_G_QUADRUPLEX_DNA_BINDING	0.24096962234352232			
GO_ENDOCYTIC_VESICLE	0.24096875157862097			
GO_REGULATION_OF_TRANSCRIPTION_INVOLVED_IN_G1_S_TRANSITION_OF_MITOTIC_CELL_CYCLE	0.2409493693914913			
GSE21063_CTRL_VS_ANTI_IGM_STIM_BCELL_3H_UP	0.2409469542348284			
GSE41867_DAY6_VS_DAY15_LCMV_ARMSTRONG_EFFECTOR_CD8_TCELL_DN	0.24093619155371282			
BROWNE_INTERFERON_RESPONSIVE_GENES	0.2409291822789827			
GSE25677_R848_VS_MPL_AND_R848_STIM_BCELL_DN	0.24092076500694296			
GSE3982_EOSINOPHIL_VS_EFF_MEMORY_CD4_TCELL_UP	0.24091950049024977			
GSE17721_POLYIC_VS_GARDIQUIMOD_0.5H_BMDC_DN	0.24090790256189704			
IPA_PPARG_UP	0.24088428178262994			
GO_INTERLEUKIN_18_PRODUCTION	0.2408842591732603			
GSE43955_1H_VS_10H_ACT_CD4_TCELL_UP	0.24088261225082455			
GSE20715_0H_VS_6H_OZONE_TLR4_KO_LUNG_UP	0.24087903605900982			
ZHOU_TNF_SIGNALING_4HR	0.240874721699225			
LANDIS_BREAST_CANCER_PROGRESSION_DN	0.24084943532813527			
GO_PHOSPHATIDYLINOSITOL_3_KINASE_REGULATOR_ACTIVITY	0.24084871585116766			
IPA_NFATC2_UP	0.24084086148783612			
MIR603	0.24083599994072236			
DEBIASI_APOPTOSIS_BY_REOVIRUS_INFECTION_UP	0.24080803798076061			
GO_DOUBLE_STRAND_BREAK_REPAIR_VIA_CLASSICAL_NONHOMOLOGOUS_END_JOINING	0.24079727570307333			
GSE360_HIGH_DOSE_B_MALAYI_VS_M_TUBERCULOSIS_MAC_UP	0.24079615548358524			
GO_U4_SNRNA_BINDING	0.2407956240642251			
GSE43863_TFH_VS_LY6C_INT_CXCR5POS_EFFECTOR_CD4_TCELL_DN	0.2407900453865191			
GO_SKELETAL_MUSCLE_SATELLITE_CELL_PROLIFERATION	0.24078559040957961			
GO_POSITIVE_REGULATION_OF_CYTOSOLIC_CALCIUM_ION_CONCENTRATION_INVOLVED_IN_PHOSPHOLIPASE_C_ACTIVATING_G_PROTEIN_COUPLED_SIGNALING_PATHWAY	0.2407845107499274			
GO_REGULATION_OF_DNA_RECOMBINATION	0.24078424624442102			
GO_REGULATION_OF_EXTRACELLULAR_MATRIX_DISASSEMBLY	0.24078252640280454			
REACTOME_REGULATION_OF_IFNA_SIGNALING	0.24077837597973104			
GO_PROTEIN_RETENTION_IN_GOLGI_APPARATUS	0.2407674655229427			
GO_MUTLALPHA_COMPLEX	0.24075052125060195			
GSE14308_TH2_VS_TH17_DN	0.2407491313932917			
GSE22886_NAIVE_CD8_TCELL_VS_DC_UP	0.2407479921231499			
SA_FAS_SIGNALING	0.24073364623346674			
GSE21678_WT_VS_FOXO1_FOXO3_KO_TREG_UP	0.24073332061278807			
GSE43863_LY6C_INT_CXCR5POS_VS_LY6C_LOW_CXCR5NEG_EFFECTOR_CD4_TCELL_UP	0.2407281008611682			
KAAB_HEART_ATRIUM_VS_VENTRICLE_DN	0.24072544176256563			
REACTOME_IRAK1_RECRUITS_IKK_COMPLEX	0.24072169117254877			
GSE5542_IFNG_VS_IFNA_AND_IFNG_TREATED_EPITHELIAL_CELLS_24H_UP	0.24071624350000992			
GSE26030_TH1_VS_TH17_RESTIMULATED_DAY15_POST_POLARIZATION_DN	0.24071179712498433			
GSE27786_LIN_NEG_VS_NKTCELL_DN	0.24069979780766587			
GO_NEGATIVE_REGULATION_OF_MEMBRANE_PROTEIN_ECTODOMAIN_PROTEOLYSIS	0.24069654951860997			
chr6q25	0.24068619264294053			
GSE3982_MAST_CELL_VS_EFF_MEMORY_CD4_TCELL_DN	0.2406850190011896			
GSE43863_NAIVE_VS_MEMORY_TFH_CD4_TCELL_D150_LCMV_DN	0.24067704004213183			
RHODES_UNDIFFERENTIATED_CANCER	0.2406757337951689			
GSE5679_CTRL_VS_PPARG_LIGAND_ROSIGLITAZONE_AND_RARA_AGONIST_AM580_TREATED_DC_UP	0.24066583427693777			
GSE21927_C26GM_VS_4T1_TUMOR_MONOCYTE_BALBC_DN	0.24066017848336585			
GSE8685_IL2_ACT_IL2_STARVED_VS_IL15_ACT_IL2_STARVED_CD4_TCELL_UP	0.2406460084631394			
REACTOME_METABOLISM_OF_STEROID_HORMONES	0.24064016760799278			
IPA_ZFP42_UP	0.24063206092801115			
REACTOME_INTEGRIN_CELL_SURFACE_INTERACTIONS	0.24060897359096148			
GO_REPLICATION_FORK	0.24059735195360712			
GO_LAMELLIPODIUM_ASSEMBLY	0.24058884061775931			
GO_POSITIVE_REGULATION_OF_CYTOKINE_SECRETION	0.24058030403210778			
GO_NEGATIVE_REGULATION_OF_HORMONE_METABOLIC_PROCESS	0.2405771025881342			
GSE8515_CTRL_VS_IL1_4H_STIM_MAC_DN	0.24057581516585128			
GSE17721_PAM3CSK4_VS_CPG_4H_BMDC_DN	0.24056700754494997			
IPA_SULT2A1_DN	0.24056384985685225			
GO_NEGATIVE_REGULATION_OF_B_CELL_ACTIVATION	0.2405533746254916			
GSE17721_CTRL_VS_CPG_8H_BMDC_DN	0.24055133999971684			
FOXO4_TARGET_GENES	0.24053242355261226			
GSE37301_HEMATOPOIETIC_STEM_CELL_VS_RAG2_KO_NK_CELL_UP	0.24051710911841437			
SEITZ_NEOPLASTIC_TRANSFORMATION_BY_8P_DELETION_DN	0.24051205591406294			
MARTENS_BOUND_BY_PML_RARA_FUSION	0.24050564354163978			
HSF2_01	0.24049064042293455			
LIU_TARGETS_OF_VMYB_VS_CMYB_DN	0.24048501977371953			
GO_LIPID_BINDING	0.240482646773747			
GO_ASYMMETRIC_CELL_DIVISION	0.2404786247892709			
GSE6259_DEC205_POS_DC_VS_CD8_TCELL_DN	0.24047290934184018			
TURASHVILI_BREAST_DUCTAL_CARCINOMA_VS_DUCTAL_NORMAL_UP	0.2404715088613529			
WANG_ESOPHAGUS_CANCER_VS_NORMAL_UP	0.2404692119652485			
REACTOME_THE_ROLE_OF_NEF_IN_HIV_1_REPLICATION_AND_DISEASE_PATHOGENESIS	0.24046852924590326			
MIR4658	0.24046518406727904			
MIR219B_5P	0.24046167097421947			
GSE17721_LPS_VS_PAM3CSK4_2H_BMDC_UP	0.24044700204595665			
GO_MEGAKARYOCYTE_DIFFERENTIATION	0.24044696441471355			
GSE33425_CD8_ALPHAALPHA_VS_ALPHABETA_CD161_HIGH_TCELL_DN	0.24042835000767634			
GSE43863_TH1_VS_TFH_EFFECTOR_CD4_TCELL_UP	0.24042073953442072			
GSE5589_UNSTIM_VS_45MIN_LPS_STIM_MACROPHAGE_UP	0.2404161783074028			
GO_POSITIVE_REGULATION_OF_ALPHA_BETA_T_CELL_ACTIVATION	0.24041487039673376			
GO_TRANSCRIPTION_FACTOR_TFTC_COMPLEX	0.24041362995745033			
GSE360_CTRL_VS_M_TUBERCULOSIS_DC_UP	0.24040978055017284			
GSE17721_PAM3CSK4_VS_GADIQUIMOD_8H_BMDC_DN	0.24040903561483332			
GO_POSITIVE_REGULATION_OF_HISTONE_METHYLATION	0.24040660418671667			
REACTOME_INTERFERON_SIGNALING	0.2404059754545962			
GO_NEGATIVE_REGULATION_OF_GLUCOSE_TRANSMEMBRANE_TRANSPORT	0.24040485829803923			
RUTELLA_RESPONSE_TO_CSF2RB_AND_IL4_UP	0.24039285034613048			
GO_REGULATION_OF_HYDROLASE_ACTIVITY	0.24038721794244156			
KHETCHOUMIAN_TRIM24_TARGETS_UP	0.2403828875492828			
GSE5099_UNSTIM_VS_MCSF_TREATED_MONOCYTE_DAY7_UP	0.24038205506937205			
GO_HOST_CELLULAR_COMPONENT	0.2403780554595774			
GO_ACTIN_POLYMERIZATION_OR_DEPOLYMERIZATION	0.24037714802760426			
IPA_PML_UP	0.24037138775337463			
GSE21063_WT_VS_NFATC1_KO_8H_ANTI_IGM_STIM_BCELL_UP	0.2403694637139868			
GSE17721_POLYIC_VS_CPG_12H_BMDC_UP	0.24036920421921693			
HELLER_HDAC_TARGETS_DN	0.2403681701764847			
GSE27786_CD8_TCELL_VS_ERYTHROBLAST_UP	0.24036647080946114			
GSE5503_PLN_DC_VS_SPLEEN_DC_ACTIVATED_ALLOGENIC_TCELL_DN	0.24036546845517798			
GO_POSITIVE_REGULATION_OF_TRANSFERASE_ACTIVITY	0.2403597633035638			
GSE16385_IFNG_TNF_VS_IL4_STIM_MACROPHAGE_ROSIGLITAZONE_TREATED_DN	0.240350571901458			
GSE41867_LCMV_ARMSTRONG_VS_CLONE13_DAY6_EFFECTOR_CD8_TCELL_UP	0.24034511441505213			
GO_NEGATIVE_REGULATION_OF_T_HELPER_1_TYPE_IMMUNE_RESPONSE	0.24034078990460195			
GSE8685_IL2_STARVED_VS_IL2_ACT_IL2_STARVED_CD4_TCELL_UP	0.24033438228012258			
IPA_YBX2_UP	0.24033232058266055			
GSE22886_UNSTIM_VS_IL2_STIM_NKCELL_DN	0.24030627036155122			
GO_MYOBLAST_FUSION	0.24030056148595058			
GSE41867_DAY6_EFFECTOR_VS_DAY30_MEMORY_CD8_TCELL_LCMV_ARMSTRONG_UP	0.24029850482273118			
GO_REGULATION_OF_GAMMA_DELTA_T_CELL_ACTIVATION	0.24029815637248508			
BUYTAERT_PHOTODYNAMIC_THERAPY_STRESS_DN	0.2402981341609079			
GO_REGULATION_OF_ISOMERASE_ACTIVITY	0.24024299266776483			
GSE40685_TREG_VS_FOXP3_KO_TREG_PRECURSOR_DN	0.24023794471748947			
GSE2770_IL4_ACT_VS_ACT_CD4_TCELL_6H_DN	0.2401965404995306			
GO_DNA_TRANSLOCASE_ACTIVITY	0.2401929845585937			
MIR6878_3P	0.24018799812755104			
GO_BINDING_OF_SPERM_TO_ZONA_PELLUCIDA	0.24018460647725978			
FAELT_B_CLL_WITH_VH_REARRANGEMENTS_UP	0.2401784066638174			
GO_RIBONUCLEOSIDE_MONOPHOSPHATE_METABOLIC_PROCESS	0.24017697138564179			
GSE17721_CPG_VS_GARDIQUIMOD_24H_BMDC_UP	0.24016806388468648			
RAMALHO_STEMNESS_DN	0.24016351490026158			
GSE9650_EFFECTOR_VS_MEMORY_CD8_TCELL_DN	0.24015347304854384			
GSE27786_LIN_NEG_VS_ERYTHROBLAST_UP	0.24015270153710955			
GSE13522_CTRL_VS_T_CRUZI_Y_STRAIN_INF_SKIN_IFNG_KO_DN	0.24014455799829465			
GO_REGULATION_OF_ACUTE_INFLAMMATORY_RESPONSE_TO_ANTIGENIC_STIMULUS	0.24012598850229194			
GSE17721_0.5H_VS_8H_PAM3CSK4_BMDC_DN	0.24012455294991236			
GSE43955_TH0_VS_TGFB_IL6_TH17_ACT_CD4_TCELL_30H_UP	0.2401025563405277			
GO_EXTRINSIC_COMPONENT_OF_ENDOSOME_MEMBRANE	0.2400905691540545			
GSE19888_ADENOSINE_A3R_INH_PRETREAT_AND_ACT_BY_A3R_VS_A3R_INH_AND_TCELL_MEMBRANES_ACT_MAST_CELL_DN	0.2400893011838828			
GSE37605_TREG_VS_TCONV_NOD_FOXP3_FUSION_GFP_DN	0.24008903524211012			
GO_TOXIN_TRANSPORT	0.24008671842266874			
GO_MUSCLE_ORGAN_MORPHOGENESIS	0.24008263908411964			
NAKAMURA_CANCER_MICROENVIRONMENT_DN	0.24008216950687275			
GSE27786_NKCELL_VS_MONO_MAC_DN	0.24008201663828085			
GO_REGULATION_OF_PHOSPHORUS_METABOLIC_PROCESS	0.24008018749445628			
GO_TERTIARY_GRANULE_LUMEN	0.24006643876795491			
GSE13547_CTRL_VS_ANTI_IGM_STIM_BCELL_12H_DN	0.24006106711156228			
GO_T_TUBULE_ORGANIZATION	0.24005722867153173			
GO_FOLIC_ACID_CONTAINING_COMPOUND_METABOLIC_PROCESS	0.24005001775467183			
GO_POSITIVE_REGULATION_OF_DNA_REPLICATION	0.24004998859102092			
YAO_TEMPORAL_RESPONSE_TO_PROGESTERONE_CLUSTER_2	0.240025314651263			
VERRECCHIA_RESPONSE_TO_TGFB1_C1	0.24002161548409634			
GSE3982_MEMORY_CD4_TCELL_VS_TH1_DN	0.24002033512523624			
GSE18791_CTRL_VS_NEWCASTLE_VIRUS_DC_12H_DN	0.24001040086369052			
GSE6269_FLU_VS_STREP_PNEUMO_INF_PBMC_UP	0.24001006772608016			
GO_PYRIMIDINE_NUCLEOSIDE_MONOPHOSPHATE_METABOLIC_PROCESS	0.24000146494684388			
GO_REGULATION_OF_ENDOTHELIAL_TUBE_MORPHOGENESIS	0.23999841331996882			
GO_INTERLEUKIN_10_PRODUCTION	0.2399970381020331			
HHEX_TARGET_GENES	0.23997475326321424			
GO_CELLULAR_RESPONSE_TO_ANTIBIOTIC	0.23997295936167862			
GO_LINOLEIC_ACID_METABOLIC_PROCESS	0.23996003704529129			
REACTOME_ADAPTIVE_IMMUNE_SYSTEM	0.23995984970504614			
GO_ORGANELLE_INHERITANCE	0.2399530707855714			
GSE9988_LOW_LPS_VS_CTRL_TREATED_MONOCYTE_DN	0.23995057620920351			
GO_REGULATION_OF_DENDRITE_EXTENSION	0.23993449360002578			
GSE19941_IL10_KO_VS_IL10_KO_AND_NFKBP50_KO_LPS_STIM_MACROPHAGE_DN	0.23993448778782736			
GSE36527_CD69_NEG_VS_POS_TREG_CD62L_LOS_KLRG1_NEG_DN	0.23992335675912965			
GO_P38MAPK_CASCADE	0.2399181465974173			
GSE16522_MEMORY_VS_NAIVE_ANTI_CD3CD28_STIM_CD8_TCELL_DN	0.23991549138318563			
GSE40225_WT_VS_RIP_B7X_DIABETIC_MOUSE_PANCREATIC_CD8_TCELL_UP	0.2399140581020249			
GSE7548_DAY7_VS_DAY28_PCC_IMMUNIZATION_CD4_TCELL_UP	0.2399061861688335			
LY_AGING_MIDDLE_DN	0.23990290104673728			
GSE2706_UNSTIM_VS_8H_R848_DC_DN	0.23990266236549831			
GO_POSITIVE_REGULATION_OF_VIRAL_ENTRY_INTO_HOST_CELL	0.23989457480210846			
GSE43863_NAIVE_VS_MEMORY_TFH_CD4_TCELL_D150_LCMV_UP	0.23988997743567333			
GSE17721_4_VS_24H_GARDIQUIMOD_BMDC_DN	0.23986298155489708			
BIOCARTA_HIF_PATHWAY	0.23985733564517225			
MIR219B_3P	0.23985143214738328			
JIANG_CORE_DUPLICON_GENES	0.23983317492142983			
GO_LEUKOCYTE_MIGRATION	0.23982108331008156			
GSE7219_WT_VS_NIK_NFKB2_KO_LPS_AND_ANTI_CD40_STIM_DC_UP	0.23982088389790315			
MIR8069	0.23982044942829223			
GO_TETRAPYRROLE_METABOLIC_PROCESS	0.23980902531402565			
GO_CIRCADIAN_SLEEP_WAKE_CYCLE_SLEEP	0.2398055839705151			
GSE15330_MEGAKARYOCYTE_ERYTHROID_VS_GRANULOCYTE_MONOCYTE_PROGENITOR_UP	0.23980199114600406			
GO_CELLULAR_MAGNESIUM_ION_HOMEOSTASIS	0.23979764150709673			
GSE10239_MEMORY_VS_KLRG1INT_EFF_CD8_TCELL_UP	0.23979692404064135			
GO_MESODERM_MORPHOGENESIS	0.23979431868035742			
GSE17721_PAM3CSK4_VS_GADIQUIMOD_6H_BMDC_UP	0.23977704323624047			
GSE23114_WT_VS_SLE2C1_MOUSE_SPLEEN_B1A_BCELL_UP	0.239740427720093			
GSE37533_PPARG2_FOXP3_VS_FOXP3_TRANSDUCED_CD4_TCELL_DN	0.23973841720100372			
GO_POSITIVE_REGULATION_OF_DNA_REPAIR	0.2397339060025759			
GSE27786_NEUTROPHIL_VS_MONO_MAC_DN	0.2397220984961802			
GO_ACTIVATION_OF_IMMUNE_RESPONSE	0.2397217218847434			
GSE411_UNSTIM_VS_100MIN_IL6_STIM_MACROPHAGE_UP	0.23972125177299158			
REACTOME_RESPONSE_OF_EIF2AK4_GCN2_TO_AMINO_ACID_DEFICIENCY	0.23971444741533648			
REACTOME_INTERLEUKIN_37_SIGNALING	0.2397127624808452			
IVANOVA_HEMATOPOIESIS_MATURE_CELL	0.2397118743262879			
GO_MAST_CELL_MEDIATED_IMMUNITY	0.23970712353596624			
GOLDRATH_NAIVE_VS_MEMORY_CD8_TCELL_DN	0.23970630755659375			
MURAKAMI_UV_RESPONSE_24HR	0.23970289941285017			
MIR195_3P	0.23969743068252755			
FOXQ1_TARGET_GENES	0.23968981508416856			
GSE3982_EOSINOPHIL_VS_BASOPHIL_DN	0.2396846282650995			
SGCGSSAAA_E2F1DP2_01	0.23967259638492644			
GO_REGULATION_OF_INOSITOL_TRISPHOSPHATE_BIOSYNTHETIC_PROCESS	0.23966552422873505			
GSE21033_CTRL_VS_POLYIC_STIM_DC_24H_UP	0.23966139328919517			
HALLMARK_INTERFERON_GAMMA_RESPONSE	0.23965377823683093			
KEGG_PYRIMIDINE_METABOLISM	0.23965087892883027			
ROVERSI_GLIOMA_COPY_NUMBER_DN	0.23964717927264773			
GO_SARCOPLASMIC_RETICULUM_MEMBRANE	0.2396462989587688			
MAHAJAN_RESPONSE_TO_IL1A_UP	0.23964039367552917			
GSE28726_NAIVE_VS_ACTIVATED_NKTCELL_UP	0.23963641317762507			
GO_POSITIVE_REGULATION_OF_NATURAL_KILLER_CELL_MEDIATED_IMMUNE_RESPONSE_TO_TUMOR_CELL	0.23963317473710447			
GO_GAMETE_GENERATION	0.23962845485365003			
GO_POSITIVE_REGULATION_OF_LYMPHOCYTE_APOPTOTIC_PROCESS	0.2396229287236633			
GSE29615_CTRL_VS_DAY7_LAIV_FLU_VACCINE_PBMC_UP	0.23962262959275782			
GSE42021_TREG_PLN_VS_CD24HI_TREG_THYMUS_UP	0.23962091341182973			
GO_CELLULAR_RESPONSE_TO_RADIATION	0.23961923177405411			
GO_REGULATION_OF_LEUKOCYTE_MIGRATION	0.23961836395891353			
GO_CELL_TRAILING_EDGE	0.23961140501741765			
GSE19923_HEB_KO_VS_HEB_AND_E2A_KO_DP_THYMOCYTE_DN	0.23960699616924622			
GSE4535_BM_DERIVED_DC_VS_FOLLICULAR_DC_UP	0.23960345339818276			
MIR4453	0.2396019589118045			
BIOCARTA_TNFR1_PATHWAY	0.23960025780647967			
GSE7831_UNSTIM_VS_INFLUENZA_STIM_PDC_1H_UP	0.23959644178676062			
GO_GDP_BINDING	0.23959217203858432			
GO_STRESS_ACTIVATED_PROTEIN_KINASE_SIGNALING_CASCADE	0.2395897717349666			
ZNF8_TARGET_GENES	0.23957827973487533			
GO_POSITIVE_REGULATION_OF_CELL_ADHESION	0.23957579922928993			
REACTOME_MAPK3_ERK1_ACTIVATION	0.2395722337895309			
GO_POSITIVE_REGULATION_OF_INTERLEUKIN_2_PRODUCTION	0.23956662132470366			
GSE13306_TREG_VS_TCONV_LAMINA_PROPRIA_UP	0.23953887274766372			
GSE19198_CTRL_VS_IL21_TREATED_TCELL_24H_UP	0.23953732378500178			
MIR7844_5P	0.2395353469581334			
MANN_RESPONSE_TO_AMIFOSTINE_DN	0.23952071823738239			
CEBPB_01	0.23951408355385725			
GO_ORIGIN_RECOGNITION_COMPLEX	0.23950997573182944			
GSE8835_CD4_VS_CD8_TCELL_DN	0.23950944099117985			
GSE35685_CD34POS_CD38NEG_VS_CD34POS_CD10POS_BONE_MARROW_DN	0.23950355365803885			
GO_POSITIVE_REGULATION_OF_INTERLEUKIN_6_SECRETION	0.23949211568309325			
GO_HISTONE_KINASE_ACTIVITY	0.23948852870108003			
GO_REGULATION_OF_CELLULAR_AMINE_METABOLIC_PROCESS	0.2394834007778102			
GSE12845_IGD_NEG_BLOOD_VS_PRE_GC_TONSIL_BCELL_DN	0.2394798335474274			
GSE20727_CTRL_VS_DNFB_ALLERGEN_TREATED_DC_UP	0.2394647097698332			
SASSON_RESPONSE_TO_FORSKOLIN_DN	0.23946426871611512			
GO_TRNA_CATABOLIC_PROCESS	0.23945955798576			
REACTOME_EUKARYOTIC_TRANSLATION_INITIATION	0.23945613628535073			
GSE411_WT_VS_SOCS3_KO_MACROPHAGE_UP	0.23945257866756262			
PID_E2F_PATHWAY	0.23943119274915114			
GO_MONOCYTE_CHEMOTACTIC_PROTEIN_1_PRODUCTION	0.23943091192527519			
BOSCO_TH1_CYTOTOXIC_MODULE	0.23943016991007418			
REACTOME_INTERLEUKIN_6_SIGNALING	0.23942224433278672			
HUANG_DASATINIB_RESISTANCE_UP	0.23942155501934764			
GSE19941_UNSTIM_VS_LPS_STIM_IL10_KO_MACROPHAGE_DN	0.23942066006233007			
GO_LIPASE_INHIBITOR_ACTIVITY	0.2394204380503629			
GSE45382_UNTREATED_VS_TGFB_TREATED_MACROPHAGES_DN	0.23941452696928978			
GSE3565_DUSP1_VS_WT_SPLENOCYTES_POST_LPS_INJECTION_DN	0.23940964543386176			
WUNDER_INFLAMMATORY_RESPONSE_AND_CHOLESTEROL_UP	0.23940674513011004			
GSE29618_PRE_VS_DAY7_POST_LAIV_FLU_VACCINE_BCELL_UP	0.23939629362938905			
GSE7400_CTRL_VS_CSF3_IN_VIVO_TREATED_PBMC_UP	0.23938832195324397			
GO_ACTIVATED_T_CELL_PROLIFERATION	0.2393798605961084			
HALLMARK_APOPTOSIS	0.23937978257272916			
GSE5142_HTERT_TRANSDUCED_VS_CTRL_CD8_TCELL_LATE_PASSAGE_CLONE_UP	0.23937975687411334			
HOFMANN_MYELODYSPLASTIC_SYNDROM_HIGH_RISK_DN	0.23936875997934692			
GO_DNA_METHYLATION_ON_CYTOSINE	0.23936563956363122			
FINAK_BREAST_CANCER_SDPP_SIGNATURE	0.23936332055148418			
LAU_APOPTOSIS_CDKN2A_UP	0.23935612818397814			
GSE13547_CTRL_VS_ANTI_IGM_STIM_ZFX_KO_BCELL_12H_UP	0.23934926152524247			
GSE40273_GATA1_KO_VS_WT_TREG_DN	0.23933932998777271			
GO_HISTONE_ACETYLTRANSFERASE_BINDING	0.2393371242931513			
IPA_MLXIPL_DN	0.23933498423264854			
GSE34156_UNTREATED_VS_24H_NOD2_LIGAND_TREATED_MONOCYTE_DN	0.23933184343131633			
GSE36888_STAT5_AB_KNOCKIN_VS_WT_TCELL_IL2_TREATED_6H_UP	0.23932057118601738			
IPA_SMAD7_UP	0.23931526115930601			
GSE17721_PAM3CSK4_VS_GADIQUIMOD_4H_BMDC_DN	0.23930927035712152			
GO_REGULATION_OF_CELL_CELL_ADHESION	0.2393020033913491			
GSE40274_FOXP3_VS_FOXP3_AND_SATB1_TRANSDUCED_ACTIVATED_CD4_TCELL_DN	0.2393011728597196			
REACTOME_GENE_AND_PROTEIN_EXPRESSION_BY_JAK_STAT_SIGNALING_AFTER_INTERLEUKIN_12_STIMULATION	0.23929603944867245			
chr3p24	0.23929335713588626			
OISHI_CHOLANGIOMA_STEM_CELL_LIKE_DN	0.23928931530041714			
ZHENG_FOXP3_TARGETS_IN_THYMUS_UP	0.23928630196384765			
GO_NEGATIVE_REGULATION_OF_CATALYTIC_ACTIVITY	0.23927671154730407			
GSE18281_CORTEX_VS_MEDULLA_THYMUS_DN	0.2392722412754568			
GSE5463_CTRL_VS_DEXAMETHASONE_TREATED_THYMOCYTE_UP	0.23926490335415002			
MIR4777_3P	0.23925613469150642			
GSE5589_WT_VS_IL10_KO_LPS_STIM_MACROPHAGE_45MIN_UP	0.239253217809455			
GSE20366_EX_VIVO_VS_HOMEOSTATIC_CONVERSION_NAIVE_CD4_TCELL_UP	0.23924725462151947			
GSE36078_UNTREATED_VS_AD5_T425A_HEXON_INF_MOUSE_LUNG_DC_DN	0.23923826575415608			
GO_SUMO_SPECIFIC_PROTEASE_ACTIVITY	0.2392324683612571			
LIU_PROSTATE_CANCER_DN	0.23921781919756588			
IPA_ID2_DN	0.23920904845336766			
GO_ALPHA_BETA_T_CELL_ACTIVATION	0.23920650507987967			
GSE26488_WT_VS_HDAC7_KO_DOUBLE_POSITIVE_THYMOCYTE_DN	0.23920539127661605			
GSE11864_UNTREATED_VS_CSF1_IN_MAC_UP	0.2391900543947731			
GSE14308_TH17_VS_INDUCED_TREG_UP	0.23918979187048064			
GO_RESPONSE_TO_INTERFERON_GAMMA	0.2391824921344461			
GSE12707_AT16L1_HYPOMORPH_VS_WT_THYMUS_UP	0.23917904958910693			
MIR128_2_5P	0.23917654008495623			
GSE10856_CTRL_VS_TNFRSF6B_IN_MACROPHAGE_UP	0.23916592193918193			
GSE3982_MAST_CELL_VS_CENT_MEMORY_CD4_TCELL_DN	0.23916585934162155			
REACTOME_VITAMIN_B1_THIAMIN_METABOLISM	0.23916111438680027			
GSE2124_CTRL_VS_LYMPHOTOXIN_BETA_TREATED_MLN_UP	0.23915588470367602			
MARSON_BOUND_BY_FOXP3_UNSTIMULATED	0.2391454736499441			
GO_T_CELL_LINEAGE_COMMITMENT	0.23912532320555102			
GSE46242_CTRL_VS_EGR2_DELETED_ANERGIC_TH1_CD4_TCELL_DN	0.23911809443726612			
GSE42724_NAIVE_BCELL_VS_PLASMABLAST_UP	0.2391136589666549			
GSE27291_0H_VS_7D_STIM_GAMMADELTA_TCELL_UP	0.23910409480178313			
GO_NEGATIVE_REGULATION_OF_STEM_CELL_POPULATION_MAINTENANCE	0.23907120714886163			
GO_PEPTIDYL_AMINO_ACID_MODIFICATION	0.2390653438034078			
GO_STEROL_BINDING	0.2390641459073102			
BONCI_TARGETS_OF_MIR15A_AND_MIR16_1	0.23906153125250287			
GSE9509_10MIN_VS_30MIN_LPS_AND_IL10_STIM_IL10_KO_MACROPHAGE_UP	0.23905626779277844			
GSE28783_ANTI_MIR33_VS_UNTREATED_ATHEROSCLEROSIS_MACROPHAGE_DN	0.2390555185647207			
GSE42021_CD24INT_VS_CD24LOW_TCONV_THYMUS_UP	0.2390549301197108			
GO_NEGATIVE_REGULATION_OF_ENDOPLASMIC_RETICULUM_CALCIUM_ION_CONCENTRATION	0.23905048965503356			
GSE37532_TREG_VS_TCONV_PPARG_KO_CD4_TCELL_FROM_VISCERAL_ADIPOSE_TISSUE_DN	0.23904743610354912			
REACTOME_FCGR_ACTIVATION	0.23904676497427793			
GO_NEGATIVE_REGULATION_OF_IMMUNE_EFFECTOR_PROCESS	0.23904163475961235			
GO_SIGNAL_TRANSDUCTION_BY_PROTEIN_PHOSPHORYLATION	0.23902600330611587			
WINNEPENNINCKX_MELANOMA_METASTASIS_UP	0.23901544187024715			
GSE36476_CTRL_VS_TSST_ACT_16H_MEMORY_CD4_TCELL_OLD_UP	0.23900718720960873			
GSE17580_UNINFECTED_VS_S_MANSONI_INF_TEFF_UP	0.23898772571772675			
HALLMARK_INFLAMMATORY_RESPONSE	0.2389855791891699			
GO_5_3_DNA_HELICASE_ACTIVITY	0.23898228171361371			
IVANOVA_HEMATOPOIESIS_INTERMEDIATE_PROGENITOR	0.2389772741877904			
GSE42021_CD24INT_VS_CD24LOW_TREG_THYMUS_DN	0.23897711379724618			
GSE34006_UNTREATED_VS_A2AR_AGONIST_TREATED_TREG_DN	0.23897669541753763			
GO_CD4_POSITIVE_ALPHA_BETA_T_CELL_LINEAGE_COMMITMENT	0.23896919943142966			
GSE13946_CTRL_VS_DSS_COLITIS_GD_TCELL_FROM_COLON_UP	0.23896097962671173			
GO_OXIDOREDUCTASE_ACTIVITY_ACTING_ON_THE_CH_CH_GROUP_OF_DONORS_QUINONE_OR_RELATED_COMPOUND_AS_ACCEPTOR	0.2389595999060027			
NATSUME_RESPONSE_TO_INTERFERON_BETA_DN	0.23895928270588712			
WALLACE_PROSTATE_CANCER_RACE_UP	0.2389553326730736			
GO_VOLTAGE_GATED_SODIUM_CHANNEL_COMPLEX	0.23895509317585972			
GSE13484_UNSTIM_VS_YF17D_VACCINE_STIM_PBMC_DN	0.23892680405478367			
LU_TUMOR_ENDOTHELIAL_MARKERS_UP	0.23891497285229274			
GSE18791_CTRL_VS_NEWCASTLE_VIRUS_DC_2H_DN	0.2389149435575655			
GSE25123_ROSIGLITAZONE_VS_IL4_AND_ROSIGLITAZONE_STIM_MACROPHAGE_DAY10_DN	0.23890811562671005			
GSE22935_24H_VS_48H_MBOVIS_BCG_STIM_MYD88_KO_MACROPHAGE_UP	0.23889242138788794			
GO_CHAPERONE_BINDING	0.238881323028161			
GO_CELL_CELL_RECOGNITION	0.23886706133191452			
GSE24972_MARGINAL_ZONE_BCELL_VS_FOLLICULAR_BCELL_DN	0.23886173857736845			
WANG_SMARCE1_TARGETS_DN	0.23885805309229274			
GSE41867_DAY8_EFFECTOR_VS_DAY30_MEMORY_CD8_TCELL_LCMV_ARMSTRONG_DN	0.2388546371590652			
ONGUSAHA_TP53_TARGETS	0.23885185695972774			
GSE17721_0.5H_VS_4H_PAM3CSK4_BMDC_UP	0.23884047193437827			
YKACATTT_UNKNOWN	0.23884033649153813			
GO_REGULATION_OF_RESPONSE_TO_FOOD	0.23883535425745608			
GO_MHC_CLASS_I_PROTEIN_COMPLEX_BINDING	0.2388252340085501			
GO_MUSCLE_SYSTEM_PROCESS	0.23880504815677148			
PU1_Q6	0.23880430321087667			
GO_CELLULAR_DETOXIFICATION_OF_ALDEHYDE	0.23879857418312328			
JI_RESPONSE_TO_FSH_DN	0.2387963742026498			
GO_RETINA_VASCULATURE_DEVELOPMENT_IN_CAMERA_TYPE_EYE	0.23879404802083418			
GO_INTERLEUKIN_8_BIOSYNTHETIC_PROCESS	0.23879027255006802			
GO_PROTEIN_LOCALIZATION_TO_NON_MOTILE_CILIUM	0.23878475390992354			
GSE18281_SUBCAPSULAR_VS_PERIMEDULLARY_CORTICAL_REGION_OF_THYMUS_DN	0.238782412986209			
GSE21546_WT_VS_SAP1A_KO_DP_THYMOCYTES_UP	0.23877757000522865			
GO_POSITIVE_REGULATION_OF_RESPONSE_TO_DRUG	0.23877705879525685			
GSE27786_ERYTHROBLAST_VS_NEUTROPHIL_DN	0.23877258938778634			
MIR5580_3P	0.23875689798712468			
GO_NEGATIVE_T_CELL_SELECTION	0.23874892265121236			
RUIZ_TNC_TARGETS_DN	0.23874776803780895			
GSE32986_UNSTIM_VS_GMCSF_STIM_DC_DN	0.2387411695318581			
GO_GLUCOSE_CATABOLIC_PROCESS	0.23873437165012634			
GSE14308_TH1_VS_NAIVE_CD4_TCELL_UP	0.23873103436450452			
REACTOME_TP53_REGULATES_TRANSCRIPTION_OF_DEATH_RECEPTORS_AND_LIGANDS	0.23872112717451546			
GSE17721_12H_VS_24H_GARDIQUIMOD_BMDC_DN	0.23871626929996442			
GSE37301_MULTIPOTENT_PROGENITOR_VS_LYMPHOID_PRIMED_MPP_DN	0.23871583349266168			
GSE9946_LISTERIA_INF_MATURE_VS_PROSTAGLANDINE2_TREATED_MATURE_DC_DN	0.23871239747059556			
GSE9509_LPS_VS_LPS_AND_IL10_STIM_IL10_KO_MACROPHAGE_10MIN_DN	0.23871221244667729			
GO_DRUG_CATABOLIC_PROCESS	0.23869609213893722			
MIR4999_3P	0.23868863871810891			
GO_MRE11_COMPLEX	0.23868550289511567			
GSE23505_UNTREATED_VS_4DAY_IL6_IL1_TREATED_CD4_TCELL_UP	0.2386832044382325			
GO_NEUTROPHIL_DIFFERENTIATION	0.2386771309231012			
GSE3982_MAC_VS_TH1_DN	0.23867178425652993			
GO_5S_RRNA_BINDING	0.23867013193046768			
GSE37301_PRO_BCELL_VS_RAG2_KO_NK_CELL_DN	0.23866334439111841			
GSE1460_INTRATHYMIC_T_PROGENITOR_VS_DP_THYMOCYTE_UP	0.2386631932681839			
GO_CHROMATIN_SILENCING_AT_TELOMERE	0.23866186123386432			
GSE36527_CD69_NEG_VS_POS_TREG_CD62L_LOS_KLRG1_NEG_UP	0.23865779635351309			
GO_NUCLEAR_ENVELOPE_ORGANIZATION	0.23865432243917253			
WANG_CLIM2_TARGETS_DN	0.2386497342430729			
GO_INTERLEUKIN_1_SECRETION	0.23864749585635836			
MIR652_3P	0.2386392068010908			
GO_ALPHA_AMINO_ACID_METABOLIC_PROCESS	0.2386290804257474			
GO_MITOTIC_CELL_CYCLE_CHECKPOINT	0.23862582313268246			
GSE19941_UNSTIM_VS_LPS_AND_IL10_STIM_IL10_KO_MACROPHAGE_UP	0.23862248127554173			
KEGG_ONE_CARBON_POOL_BY_FOLATE	0.2386217549173296			
GSE37416_12H_VS_24H_F_TULARENSIS_LVS_NEUTROPHIL_DN	0.23861660100084023			
REACTOME_DNA_DOUBLE_STRAND_BREAK_REPAIR	0.2386050214839119			
GO_INTERLEUKIN_7_MEDIATED_SIGNALING_PATHWAY	0.23858011856449646			
GO_RESPONSE_TO_PROTOZOAN	0.23857524052966797			
GSE1460_DP_THYMOCYTE_VS_NAIVE_CD4_TCELL_CORD_BLOOD_DN	0.2385744471355288			
GO_REGULATION_OF_NUCLEAR_CELL_CYCLE_DNA_REPLICATION	0.23856830168729026			
GO_POSITIVE_REGULATION_OF_DOUBLE_STRAND_BREAK_REPAIR	0.23856266533725534			
GSE4748_CTRL_VS_CYANOBACTERIUM_LPSLIKE_STIM_DC_3H_UP	0.23856197620070382			
GO_REGULATION_OF_ANATOMICAL_STRUCTURE_SIZE	0.23855285837818346			
GO_NEGATIVE_REGULATION_OF_BONE_REMODELING	0.23855006873090187			
GO_TRANSCRIPTION_EXPORT_COMPLEX	0.2385403368119842			
IPA_H2AFX_UP	0.23853712397450944			
GSE22432_UNTREATED_VS_TGFB1_TREATED_COMMON_DC_PROGENITOR_DN	0.23853188681079532			
GSE39110_DAY3_VS_DAY6_POST_IMMUNIZATION_CD8_TCELL_DN	0.23853117152132228			
KTGGYRSGAA_UNKNOWN	0.23852699063971203			
GSE21670_UNTREATED_VS_IL6_TREATED_CD4_TCELL_DN	0.23852054386536525			
BILBAN_B_CLL_LPL_UP	0.2385193167398473			
GSE2706_2H_VS_8H_R848_AND_LPS_STIM_DC_DN	0.2385136677761469			
GSE3982_DC_VS_NEUTROPHIL_LPS_STIM_DN	0.23850981548746625			
GO_OTHER_ORGANISM_PART	0.23848941663495155			
GO_REGULATION_OF_SECRETION	0.23847928108866084			
GSE45365_HEALTHY_VS_MCMV_INFECTION_CD11B_DC_DN	0.2384760257780733			
GO_REGULATION_OF_HEMOPOIESIS	0.23847186494290143			
GSE21546_WT_VS_SAP1A_KO_ANTI_CD3_STIM_DP_THYMOCYTES_DN	0.23847067271161224			
MIR6834_5P	0.23846942869700138			
IPA_ADAR_UP	0.23845100144317932			
GSE9650_EXHAUSTED_VS_MEMORY_CD8_TCELL_UP	0.23844830681853563			
GSE19401_UNSTIM_VS_RETINOIC_ACID_STIM_FOLLICULAR_DC_UP	0.23844714850206744			
GSE5589_LPS_VS_LPS_AND_IL10_STIM_MACROPHAGE_180MIN_DN	0.23844500171338767			
GSE32901_TH1_VS_TH17_NEG_CD4_TCELL_UP	0.23843912869797337			
GO_REGULATION_OF_STEROID_METABOLIC_PROCESS	0.238435161601768			
MIR216B_5P	0.2384287111541891			
ZNF85_TARGET_GENES	0.23842709771526477			
IPA_STAT1_UP	0.2384199412667086			
GO_POSITIVE_REGULATION_OF_TUMOR_NECROSIS_FACTOR_SECRETION	0.23841738771751575			
FARDIN_HYPOXIA_9	0.2384128761375627			
GSE32423_IL7_VS_IL7_IL4_MEMORY_CD8_TCELL_UP	0.23840365847073966			
GO_PRP19_COMPLEX	0.23840257182549598			
SAKAI_CHRONIC_HEPATITIS_VS_LIVER_CANCER_UP	0.23839919628859785			
GSE40274_CTRL_VS_HELIOS_TRANSDUCED_ACTIVATED_CD4_TCELL_UP	0.23838361677735062			
THEILGAARD_NEUTROPHIL_AT_SKIN_WOUND_DN	0.2383808041941359			
GSE40443_INDUCED_VS_TOTAL_TREG_DN	0.23837668977152895			
GSE22886_NAIVE_CD4_TCELL_VS_12H_ACT_TH2_DN	0.23836852645523712			
GSE15330_GRANULOCYTE_MONOCYTE_PROGENITOR_VS_PRO_BCELL_DN	0.23836351863517			
GSE22140_GERMFREE_VS_SPF_MOUSE_CD4_TCELL_UP	0.23836100218717735			
GO_REGULATION_OF_CHEMOTAXIS	0.23835566359094146			
ZHU_SKIL_TARGETS_UP	0.23834761238326777			
LENAOUR_DENDRITIC_CELL_MATURATION_DN	0.2383451195650662			
GO_CYSTEINE_TYPE_ENDOPEPTIDASE_REGULATOR_ACTIVITY_INVOLVED_IN_APOPTOTIC_PROCESS	0.2383355037616215			
CAIRO_HEPATOBLASTOMA_DN	0.2383313634978779			
REACTOME_AMINO_ACID_CONJUGATION	0.23831833425637908			
GO_OXO_ACID_LYASE_ACTIVITY	0.23831713449365183			
MIR1266_3P	0.23830288059615073			
GO_ACUTE_INFLAMMATORY_RESPONSE_TO_ANTIGENIC_STIMULUS	0.23830082458170962			
GO_REGULATION_OF_XENOPHAGY	0.2382957788308972			
GSE17721_4_VS_24H_CPG_BMDC_UP	0.23829144745753897			
GSE20727_CTRL_VS_DNFB_ALLERGEN_TREATED_DC_DN	0.23828858342586234			
CAHOY_ASTROCYTIC	0.2382835558557695			
GSE26030_TH1_VS_TH17_DAY5_POST_POLARIZATION_UP	0.2382815292126225			
GAUSSMANN_MLL_AF4_FUSION_TARGETS_C_UP	0.23827661988845653			
BIOCARTA_BARD1_PATHWAY	0.23826306204551262			
REACTOME_DISEASES_OF_IMMUNE_SYSTEM	0.23825209133490916			
chr6q24	0.23824303384128168			
GO_PERICILIARY_MEMBRANE_COMPARTMENT	0.23823453068310435			
GO_POSITIVE_REGULATION_OF_ANTIGEN_RECEPTOR_MEDIATED_SIGNALING_PATHWAY	0.2382227864851958			
MIR571	0.23822044066589615			
ZWANG_EGF_PERSISTENTLY_UP	0.23821841644657965			
MIR203B_5P	0.23821584946679192			
GO_GLYCINE_BINDING	0.23819991526530943			
MIR4490	0.23819626945378677			
REACTOME_SMAC_XIAP_REGULATED_APOPTOTIC_RESPONSE	0.23819559479845637			
GO_RRNA_CATABOLIC_PROCESS	0.23818316115781188			
GSE33425_CD161_INT_VS_NEG_CD8_TCELL_DN	0.2381816264594794			
GO_EXTRACELLULAR_LIGAND_GATED_ION_CHANNEL_ACTIVITY	0.23818035215923117			
GSE17812_WT_VS_THPOK_KO_MEMORY_CD8_TCELL_DN	0.23816955988540453			
GSE32986_CURDLAN_HIGHDOSE_VS_GMCSF_AND_CURDLAN_HIGHDOSE_STIM_DC_DN	0.238150062459882			
GO_REGULATION_OF_STEM_CELL_POPULATION_MAINTENANCE	0.23813241197511018			
GSE2585_AIRE_KO_VS_WT_CD80_LOW_MTEC_DN	0.23812606131733233			
MIR3688_3P	0.238123692551751			
GSE29618_BCELL_VS_MONOCYTE_DN	0.23808597191524872			
REACTOME_UB_SPECIFIC_PROCESSING_PROTEASES	0.23807914037140268			
LIANG_HEMATOPOIESIS_STEM_CELL_NUMBER_QTL	0.23806106500244398			
BIOCARTA_TH1TH2_PATHWAY	0.23804905262023268			
FLORIO_NEOCORTEX_BASAL_RADIAL_GLIA_UP	0.23804862432963833			
GSE17974_IL4_AND_ANTI_IL12_VS_UNTREATED_48H_ACT_CD4_TCELL_DN	0.23804804051564465			
GO_AMYLOID_BETA_CLEARANCE	0.2380360741988445			
GSE339_EX_VIVO_VS_IN_CULTURE_CD4POS_DC_UP	0.23803140515235363			
IPA_NR0B2_DN	0.23802970931028963			
GO_MESENCHYMAL_TO_EPITHELIAL_TRANSITION	0.23802540019114393			
GO_RESPONSE_TO_INTERLEUKIN_15	0.23801750275185427			
MIR7158_5P	0.23801609438796276			
IPA_AR_DN	0.23800554228919957			
GSE16450_CTRL_VS_IFNA_12H_STIM_IMMATURE_NEURON_CELL_LINE_DN	0.23800502812358393			
GO_POSITIVE_REGULATION_OF_PRODUCTION_OF_MOLECULAR_MEDIATOR_OF_IMMUNE_RESPONSE	0.23799858052804024			
GO_PYROPHOSPHATE_HYDROLYSIS_DRIVEN_PROTON_TRANSMEMBRANE_TRANSPORTER_ACTIVITY	0.23798923555491694			
chr7q22	0.23797772953124086			
GSE3982_MAST_CELL_VS_BASOPHIL_DN	0.23797320381678486			
GO_BLEB_ASSEMBLY	0.23796588087395493			
GSE21033_CTRL_VS_POLYIC_STIM_DC_6H_DN	0.23796539191344723			
GSE41867_DAY15_EFFECTOR_VS_DAY30_EXHAUSTED_CD8_TCELL_LCMV_CLONE13_UP	0.237955395414778			
GSE360_L_MAJOR_VS_B_MALAYI_HIGH_DOSE_DC_UP	0.23795383022695524			
GO_SENSORY_PERCEPTION_OF_TASTE	0.23794560673329532			
GO_NEGATIVE_REGULATION_OF_CELL_DEATH	0.23793405864708433			
GSE21379_WT_VS_SAP_KO_TFH_CD4_TCELL_UP	0.2379340559586488			
VALK_AML_CLUSTER_12	0.23792982907522292			
GO_INFLAMMATORY_RESPONSE_TO_ANTIGENIC_STIMULUS	0.23792732079200082			
REACTOME_REGULATION_OF_IFNG_SIGNALING	0.23792504369374406			
GSE24634_TEFF_VS_TCONV_DAY10_IN_CULTURE_UP	0.23791237571204932			
GSE24814_STAT5_KO_VS_WT_PRE_BCELL_DN	0.23790439793908483			
REACTOME_TRAF6_MEDIATED_IRF7_ACTIVATION	0.23789913561872889			
RPS14_DN.V1_UP	0.237896851502782			
GO_POSITIVE_REGULATION_OF_CELL_FATE_COMMITMENT	0.23788927867414855			
GSE33424_CD161_HIGH_VS_NEG_CD8_TCELL_UP	0.23787747357855682			
ETS_Q4	0.237872088974674			
MIR1202	0.23786816392977592			
GSE32901_NAIVE_VS_TH17_ENRICHED_CD4_TCELL_UP	0.23786013192028518			
GSE17721_CPG_VS_GARDIQUIMOD_4H_BMDC_UP	0.23785283374031127			
GO_CONDENSED_NUCLEAR_CHROMOSOME_CENTROMERIC_REGION	0.23785190640423962			
GO_POSITIVE_REGULATION_OF_FC_RECEPTOR_MEDIATED_STIMULATORY_SIGNALING_PATHWAY	0.23783900505667133			
GO_MYOFILAMENT	0.23783199697481697			
XU_HGF_TARGETS_REPRESSED_BY_AKT1_DN	0.23783106802746581			
GSE40655_FOXO1_KO_VS_WT_NTREG_DN	0.23782908012245468			
GSE3982_BASOPHIL_VS_TH1_UP	0.23782643400357845			
GSE18791_CTRL_VS_NEWCASTLE_VIRUS_DC_4H_UP	0.2378260063355058			
GSE36009_UNSTIM_VS_LPS_STIM_DC_UP	0.237816445810698			
GO_NEGATIVE_REGULATION_OF_TRANSFERASE_ACTIVITY	0.2378157429687216			
GO_CYTOKINE_RECEPTOR_BINDING	0.23781387502396847			
NAGY_TFTC_COMPONENTS_HUMAN	0.23781236104294662			
ONO_FOXP3_TARGETS_DN	0.2377942903536778			
GO_T_HELPER_2_CELL_CYTOKINE_PRODUCTION	0.23777361412254064			
GSE41867_NAIVE_VS_DAY15_LCMV_EFFECTOR_CD8_TCELL_UP	0.23777272533350471			
PID_INTEGRIN2_PATHWAY	0.23776771941508432			
GSE21670_UNTREATED_VS_TGFB_IL6_TREATED_STAT3_KO_CD4_TCELL_DN	0.23776766092856558			
MIR4701_3P	0.23775856446674443			
GO_REGULATION_OF_PHOSPHORYLATION	0.23775687450152974			
GSE7460_CTRL_VS_TGFB_TREATED_ACT_FOXP3_MUT_TCONV_UP	0.2377467998623002			
GSE25123_CTRL_VS_IL4_STIM_MACROPHAGE_UP	0.23773917813451984			
REACTOME_INTERLEUKIN_3_INTERLEUKIN_5_AND_GM_CSF_SIGNALING	0.2377390709827839			
CHAF1B_TARGET_GENES	0.23773512855691997			
GO_CELLULAR_RESPONSE_TO_REACTIVE_OXYGEN_SPECIES	0.23770722261108557			
GSE10240_CTRL_VS_IL22_STIM_PRIMARY_BRONCHIAL_EPITHELIAL_CELLS_UP	0.23766189192376072			
GO_NEGATIVE_REGULATION_OF_ALPHA_BETA_T_CELL_ACTIVATION	0.2376617662811253			
GO_POSITIVE_REGULATION_OF_MULTI_ORGANISM_PROCESS	0.23765574700500902			
GSE5679_CTRL_VS_RARA_AGONIST_AM580_TREATED_DC_UP	0.23764682420672595			
GO_CELLULAR_RESPONSE_TO_OXYGEN_CONTAINING_COMPOUND	0.2376237623917902			
GO_LIVER_MORPHOGENESIS	0.23761606910235503			
BIOCARTA_RNA_PATHWAY	0.23761284973837643			
GSE17721_CTRL_VS_PAM3CSK4_2H_BMDC_DN	0.23761062853691206			
BURTON_ADIPOGENESIS_4	0.2376065533402511			
GO_RESPONSE_TO_INTERLEUKIN_7	0.237606367906454			
GO_NEUTRAL_LIPID_BIOSYNTHETIC_PROCESS	0.23759945779198544			
GO_NEGATIVE_REGULATION_OF_CHEMOKINE_PRODUCTION	0.23759038592284343			
GSE10325_CD4_TCELL_VS_BCELL_UP	0.23758562335503686			
GSE19401_NAIVE_VS_IMMUNIZED_MOUSE_PLN_FOLLICULAR_DC_DN	0.23757974431618317			
GSE23502_BM_VS_COLON_TUMOR_MYELOID_DERIVED_SUPPRESSOR_CELL_DN	0.2375684598668691			
GO_G_PROTEIN_COUPLED_CHEMOATTRACTANT_RECEPTOR_ACTIVITY	0.23756418786367003			
GSE7568_IL4_VS_IL4_AND_TGFB_TREATED_MACROPHAGE_24H_UP	0.23755905944741232			
GO_INTERLEUKIN_1_RECEPTOR_ACTIVITY	0.23755393761245105			
GO_ALPHA_BETA_T_CELL_DIFFERENTIATION	0.2375365669468546			
MIR16_1_3P	0.23753242018657034			
GO_NEGATIVE_REGULATION_OF_INNATE_IMMUNE_RESPONSE	0.23753228128767545			
MIR518D_5P_MIR518F_5P_MIR520C_5P_MIR526A_5P	0.23753034363603379			
IPA_NFKBIB_UP	0.23752653614598981			
GSE15330_HSC_VS_MEGAKARYOCYTE_ERYTHROID_PROGENITOR_IKAROS_KO_DN	0.23752553913286592			
GSE21379_TFH_VS_NON_TFH_SAP_KO_CD4_TCELL_UP	0.23751871842621608			
PETROVA_PROX1_TARGETS_DN	0.2375173225304835			
GSE36078_WT_VS_IL1R_KO_LUNG_DC_UP	0.23751717985960016			
CHEOK_RESPONSE_TO_HD_MTX_UP	0.23750967382777713			
REACTOME_PYRUVATE_METABOLISM	0.23750728943432414			
GO_STEROID_HORMONE_BIOSYNTHETIC_PROCESS	0.23750230378262993			
GSE17721_POLYIC_VS_CPG_24H_BMDC_UP	0.23748739660130605			
GSE3039_NKT_CELL_VS_B2_BCELL_UP	0.23748474507879538			
GSE18804_SPLEEN_MACROPHAGE_VS_BRAIN_TUMORAL_MACROPHAGE_UP	0.23748436327861472			
GSE369_SOCS3_KO_VS_WT_LIVER_DN	0.23748198825510716			
FLECHNER_BIOPSY_KIDNEY_TRANSPLANT_OK_VS_DONOR_DN	0.23744032913305976			
GSE25088_WT_VS_STAT6_KO_MACROPHAGE_ROSIGLITAZONE_AND_IL4_STIM_UP	0.23743651911101007			
GSE28726_NAIVE_VS_ACTIVATED_CD4_TCELL_DN	0.23743265181355094			
LINDSTEDT_DENDRITIC_CELL_MATURATION_C	0.23743058416084076			
GSE38304_MYC_NEG_VS_POS_GC_BCELL_DN	0.23741982157379984			
AACGGTT_MIR451	0.23741790593579745			
GSE25088_IL4_VS_IL4_AND_ROSIGLITAZONE_STIM_STAT6_KO_MACROPHAGE_DAY10_UP	0.23741145733642507			
STEGMEIER_PREMITOTIC_CELL_CYCLE_REGULATORS	0.23741052182261607			
GO_CYSTEINE_TYPE_ENDOPEPTIDASE_ACTIVITY_INVOLVED_IN_APOPTOTIC_PROCESS	0.23740552443819257			
GO_NEGATIVE_REGULATION_OF_LEUKOCYTE_DEGRANULATION	0.2374038140186465			
GSE38681_WT_VS_LYL1_KO_LYMPHOID_PRIMED_MULTIPOTENT_PROGENITOR_DN	0.2374001664818304			
REACTOME_CREB1_PHOSPHORYLATION_THROUGH_THE_ACTIVATION_OF_ADENYLATE_CYCLASE	0.23738875411227786			
chr1p22	0.23738459778611654			
GSE8685_IL2_STARVED_VS_IL21_ACT_IL2_STARVED_CD4_TCELL_DN	0.2373774942780475			
GSE11864_CSF1_VS_CSF1_PAM3CYS_IN_MAC_DN	0.23737183158124103			
GO_REGULATION_OF_MYELOID_DENDRITIC_CELL_ACTIVATION	0.2373629143841922			
MIR16_2_3P	0.2373594059450797			
YU_BAP1_TARGETS	0.23735930326277513			
GO_MODIFICATION_BY_SYMBIONT_OF_HOST_MORPHOLOGY_OR_PHYSIOLOGY	0.23735443496147968			
REACTOME_DNA_REPLICATION	0.23735008927361068			
CHARAFE_BREAST_CANCER_LUMINAL_VS_BASAL_DN	0.23734719964528575			
PID_PRL_SIGNALING_EVENTS_PATHWAY	0.23734634458047138			
GO_MEIOTIC_CHROMOSOME_SEGREGATION	0.23734187980100643			
GSE21063_3H_VS_16H_ANTI_IGM_STIM_NFATC1_KOBCELL_DN	0.23733866891104038			
GSE3691_IFN_PRODUCING_KILLER_DC_VS_PLASMACYTOID_DC_SPLEEN_UP	0.23733655870977668			
GSE27786_LSK_VS_NKTCELL_UP	0.23731739770133195			
GO_INTERLEUKIN_23_PRODUCTION	0.2373073852552461			
GSE31082_CD4_VS_CD8_SP_THYMOCYTE_UP	0.2372999287264977			
GO_CARBON_NITROGEN_LIGASE_ACTIVITY_WITH_GLUTAMINE_AS_AMIDO_N_DONOR	0.23729172517481936			
GO_LEUKOCYTE_APOPTOTIC_PROCESS	0.23728244813759292			
IPA_JARID2_UP	0.23727503170432976			
IPA_ASF1A_UP	0.23727503170432976			
GSE29164_CD8_TCELL_VS_CD8_TCELL_AND_IL12_TREATED_MELANOMA_DAY7_DN	0.23727386137621467			
REACTOME_EXTENSION_OF_TELOMERES	0.2372633946401344			
GRAESSMANN_APOPTOSIS_BY_SERUM_DEPRIVATION_UP	0.23726123061884438			
BIOCARTA_EIF_PATHWAY	0.23725370712811622			
GSE22611_NOD2_TRANSDUCED_VS_CTRL_HEK293T_STIMULATED_WITH_MDP_2H_UP	0.2372532976592724			
GSE19923_HEB_KO_VS_HEB_AND_E2A_KO_DP_THYMOCYTE_UP	0.23724385462516376			
GSE7218_IGM_VS_IGG_SIGNAL_THGOUGH_ANTIGEN_BCELL_DN	0.2372402232803284			
GO_IMMUNOLOGICAL_SYNAPSE	0.23723785593337474			
GSE3982_NEUTROPHIL_VS_BCELL_UP	0.23722919398866296			
GSE3982_BCELL_VS_EFF_MEMORY_CD4_TCELL_DN	0.23721800564505727			
GSE17721_0.5H_VS_24H_PAM3CSK4_BMDC_UP	0.23721503543970587			
GSE37533_PPARG1_FOXP3_VS_PPARG2_FOXP3_TRANSDUCED_CD4_TCELL_UP	0.23721054838674024			
GSE7548_DAY7_VS_DAY28_PCC_IMMUNIZATION_CD4_TCELL_DN	0.23720761827468867			
GO_LYMPHOCYTE_ACTIVATION	0.23720516459206076			
IPA_PARP1_UP	0.23720397487688538			
GO_REGULATION_OF_B_CELL_APOPTOTIC_PROCESS	0.23720158398078348			
GSE5589_LPS_VS_LPS_AND_IL10_STIM_IL6_KO_MACROPHAGE_45MIN_DN	0.2371961235925769			
GSE11961_FOLLICULAR_BCELL_VS_MEMORY_BCELL_DAY7_UP	0.23719488750335485			
GSE21927_SPLENIC_C26GM_TUMOROUS_VS_4T1_TUMOR_MONOCYTES_DN	0.23718607512739476			
GOTZMANN_EPITHELIAL_TO_MESENCHYMAL_TRANSITION_DN	0.2371815721504937			
GOTZMANN_EPITHELIAL_TO_MESENCHYMAL_TRANSITION_UP	0.2371774245625463			
PHB2_TARGET_GENES	0.2371740688291069			
GO_PROGRAMMED_CELL_DEATH_IN_RESPONSE_TO_REACTIVE_OXYGEN_SPECIES	0.2371520501791605			
ZNF584_TARGET_GENES	0.2371492999178856			
KIM_GERMINAL_CENTER_T_HELPER_DN	0.23714759978360336			
GSE41867_LCMV_ARMSTRONG_VS_CLONE13_DAY8_EFFECTOR_CD8_TCELL_UP	0.23713991916217544			
GO_MODIFICATION_OF_MORPHOLOGY_OR_PHYSIOLOGY_OF_OTHER_ORGANISM_INVOLVED_IN_SYMBIOTIC_INTERACTION	0.2371329003671157			
REACTOME_PHOSPHORYLATION_OF_EMI1	0.2371319407087712			
GO_STRUCTURAL_MOLECULE_ACTIVITY	0.23712494934982453			
GSE39820_TGFBETA3_IL6_VS_TGFBETA3_IL6_IL23A_TREATED_CD4_TCELL_UP	0.23712255870392315			
GSE37416_CTRL_VS_48H_F_TULARENSIS_LVS_NEUTROPHIL_UP	0.23711847001043357			
REACTOME_FOLDING_OF_ACTIN_BY_CCT_TRIC	0.2371133724530149			
DACOSTA_UV_RESPONSE_VIA_ERCC3_COMMON_DN	0.23711264719212252			
GSE20152_SPHK1_KO_VS_HTNFA_OVEREXPRESS_ANKLE_DN	0.2371120931688447			
GO_RESPONSE_TO_RADIATION	0.23711043261731837			
GO_POSITIVE_REGULATION_OF_CIRCADIAN_SLEEP_WAKE_CYCLE_SLEEP	0.23710602506898126			
GO_INTERACTION_WITH_SYMBIONT	0.237099127371202			
GSE13887_RESTING_VS_NO_TREATED_CD4_TCELL_DN	0.2370881514521637			
GO_MONOCYTE_EXTRAVASATION	0.23708807073102928			
BROWN_MYELOID_CELL_DEVELOPMENT_UP	0.2370856011218317			
SWEET_LUNG_CANCER_KRAS_DN	0.23708540665127253			
GO_CELLULAR_RESPONSE_TO_BIOTIC_STIMULUS	0.23708363221589057			
GO_SH3_DOMAIN_BINDING	0.23708345042930343			
GO_REGULATION_OF_ACTOMYOSIN_STRUCTURE_ORGANIZATION	0.23707667545573904			
GO_REGULATION_OF_PROTEIN_DEUBIQUITINATION	0.2370722233314914			
MOOTHA_GLUCONEOGENESIS	0.23704839986017792			
GO_REGULATION_OF_BIOMINERALIZATION	0.23703230144778303			
GSE8685_IL2_STARVED_VS_IL2_ACT_IL2_STARVED_CD4_TCELL_DN	0.23702768336903704			
IPA_TBX21_UP	0.23702708428145108			
GO_FUCOSE_BINDING	0.2370179098001208			
GSE6674_UNSTIM_VS_ANTI_IGM_AND_CPG_STIM_BCELL_UP	0.23699748225515926			
GO_CELLULAR_RESPONSE_TO_EXOGENOUS_DSRNA	0.2369915860779458			
GSE32255_UNSTIM_VS_4H_LPS_STIM_DC_UP	0.23698827228572103			
ROY_WOUND_BLOOD_VESSEL_UP	0.2369842360629769			
GO_RESPONSE_TO_MOLECULE_OF_BACTERIAL_ORIGIN	0.2369745983033969			
GSE32986_UNSTIM_VS_GMCSF_STIM_DC_UP	0.23697052412221242			
GSE5589_UNSTIM_VS_45MIN_LPS_STIM_MACROPHAGE_DN	0.23696906425727085			
GSE19923_E2A_KO_VS_HEB_AND_E2A_KO_DP_THYMOCYTE_UP	0.23696429008737416			
FISCHER_G2_M_CELL_CYCLE	0.23695583003687407			
LIU_NASOPHARYNGEAL_CARCINOMA	0.2369474780974079			
GO_TRANSCRIPTION_COACTIVATOR_BINDING	0.2369433618785586			
REACTOME_TELOMERE_MAINTENANCE	0.2369323666389229			
GSE12366_PLASMA_CELL_VS_MEMORY_BCELL_DN	0.23692725756596547			
MIR3934_5P	0.23692619766242942			
GSE34156_UNTREATED_VS_6H_NOD2_LIGAND_TREATED_MONOCYTE_DN	0.2369255896779559			
GO_KINETOCHORE	0.23691753080095612			
GO_CALCIUM_ION_EXPORT	0.23691749884720312			
BIOCARTA_LECTIN_PATHWAY	0.2369111432524602			
WARTERS_RESPONSE_TO_IR_SKIN	0.2369094148181449			
IPA_HNRNPK_DN	0.23690176295868243			
E2F1_Q6	0.23688734159314467			
IRF9_TARGET_GENES	0.23688231235478233			
GSE17721_CTRL_VS_LPS_8H_BMDC_UP	0.2368747784097963			
REACTOME_PLATELET_ADHESION_TO_EXPOSED_COLLAGEN	0.2368676590505961			
GSE36078_WT_VS_IL1R_KO_LUNG_DC_AFTER_AD5_T425A_HEXON_INF_UP	0.23685959284037406			
chr21q11	0.2368528612969536			
GO_TRNA_3_END_PROCESSING	0.2368403790375201			
REACTOME_HOMOLOGOUS_DNA_PAIRING_AND_STRAND_EXCHANGE	0.2368324111128628			
MIR372_5P	0.23682605541861249			
IPA_CDK7_UP	0.23682536582533814			
GO_POSITIVE_REGULATION_OF_CENTRIOLE_REPLICATION	0.23681555423859713			
GO_PROTEOLYSIS	0.23680308943236994			
GO_IRIS_MORPHOGENESIS	0.23680271489776802			
GO_S_ADENOSYLMETHIONINE_METABOLIC_PROCESS	0.23679966420648094			
FOSTER_TOLERANT_MACROPHAGE_DN	0.23679252911209256			
IPA_NFKBIA_UP	0.23678000431428586			
IPA_HSF1_UP	0.2367770830054793			
GSE21670_IL6_VS_TGFB_AND_IL6_TREATED_STAT3_KO_CD4_TCELL_DN	0.23676971942851396			
GSE42021_CD24HI_VS_CD24LOW_TCONV_THYMUS_DN	0.2367578031812164			
IPA_HSF1_DN	0.23675175885980052			
GO_RESPONSE_TO_LIPID	0.23674103578490005			
GSE22025_UNTREATED_VS_PROGESTERONE_TREATED_CD4_TCELL_UP	0.2367290784282594			
GSE37534_GW1929_VS_PIOGLITAZONE_TREATED_CD4_TCELL_PPARG1_FOXP3_TRANSDUCED_UP	0.23671796697505548			
GSE43955_TGFB_IL6_VS_TGFB_IL6_IL23_TH17_ACT_CD4_TCELL_52H_UP	0.2367147633613912			
GO_ANATOMICAL_STRUCTURE_FORMATION_INVOLVED_IN_MORPHOGENESIS	0.23670834992768303			
GSE17721_LPS_VS_GARDIQUIMOD_0.5H_BMDC_UP	0.23670094522928256			
GO_PROTEIN_POLYMERIZATION	0.23670087222419894			
ZNF394_TARGET_GENES	0.23670009134785505			
PANGAS_TUMOR_SUPPRESSION_BY_SMAD1_AND_SMAD5_UP	0.23669687534066144			
PID_PTP1B_PATHWAY	0.23668901131402564			
MATZUK_STEROIDOGENESIS	0.236687563764254			
GSE23502_WT_VS_HDC_KO_MYELOID_DERIVED_SUPPRESSOR_CELL_BM_DN	0.23667956160418474			
MIR4709_5P	0.23667880748471096			
GSE29618_PDC_VS_MDC_DAY7_FLU_VACCINE_UP	0.2366710867851767			
GSE9988_ANTI_TREM1_VS_LOW_LPS_MONOCYTE_DN	0.23666674238847307			
GSE10240_IL22_VS_IL17_STIM_PRIMARY_BRONCHIAL_EPITHELIAL_CELLS_UP	0.23666186631981243			
GSE21927_SPLENIC_VS_TUMOR_MONOCYTES_FROM_C26GM_TUMOROUS_MICE_BALBC_DN	0.2366591762075286			
GSE5589_UNSTIM_VS_45MIN_LPS_AND_IL10_STIM_MACROPHAGE_UP	0.23664279107284059			
GO_REGULATION_OF_CELL_AGING	0.2366303606655591			
GSE27896_HDAC6_KO_VS_WT_TREG_UP	0.2366296249640794			
RAO_BOUND_BY_SALL4	0.23662383563170758			
GO_FORMATION_OF_PRIMARY_GERM_LAYER	0.23661393515839668			
KEGG_BASE_EXCISION_REPAIR	0.23661307454259298			
GO_HISTONE_SERINE_KINASE_ACTIVITY	0.2366084082987525			
GO_CATSPER_COMPLEX	0.23660742827263798			
GSE33162_HDAC3_KO_VS_HDAC3_KO_MACROPHAGE_DN	0.23660723777984272			
GSE2770_UNTREATED_VS_IL12_TREATED_ACT_CD4_TCELL_2H_UP	0.23660517721164231			
GO_PROTON_TRANSPORTING_TWO_SECTOR_ATPASE_COMPLEX	0.23659899552379537			
MIR4784	0.23657836003964194			
ZHANG_TARGETS_OF_EWSR1_FLI1_FUSION	0.23657002959532866			
PSMB5_TARGET_GENES	0.23655464433499257			
GSE45365_WT_VS_IFNAR_KO_CD8A_DC_MCMV_INFECTION_UP	0.23654682064135155			
MIR6774_5P	0.2365451256967451			
chr4q31	0.23652428093337227			
GSE7768_OVA_ALONE_VS_OVA_WITH_MPL_IMMUNIZED_MOUSE_WHOLE_SPLEEN_6H_DN	0.2365072116496936			
GO_MULTI_CILIATED_EPITHELIAL_CELL_DIFFERENTIATION	0.2364999869112375			
GSE43955_1H_VS_10H_ACT_CD4_TCELL_DN	0.2364991767174475			
GSE39820_CTRL_VS_TGFBETA1_IL6_CD4_TCELL_DN	0.23649251812029493			
MIR5004_3P	0.23648532647870157			
GSE3039_ALPHABETA_CD8_TCELL_VS_B1_BCELL_UP	0.23648394597888148			
GSE12845_PRE_GC_VS_DARKZONE_GC_TONSIL_BCELL_DN	0.23647847668630229			
GSE29618_PRE_VS_DAY7_POST_LAIV_FLU_VACCINE_PDC_DN	0.23647521660786058			
ELVIDGE_HIF1A_AND_HIF2A_TARGETS_DN	0.2364693305545299			
GSE360_CTRL_VS_B_MALAYI_LOW_DOSE_DC_UP	0.23646906455147337			
TAXCREB_02	0.23646407262336158			
GO_IDENTICAL_PROTEIN_BINDING	0.23646003891044717			
GSE43955_TGFB_IL6_VS_TGFB_IL6_IL23_TH17_ACT_CD4_TCELL_52H_DN	0.23645258005771783			
GSE2770_TGFB_AND_IL4_ACT_VS_ACT_CD4_TCELL_2H_UP	0.2364458407066156			
GSE6674_PL2_3_VS_ANTI_IGM_AND_CPG_STIM_BCELL_UP	0.23643726162736026			
REACTOME_CELL_CYCLE_MITOTIC	0.23642823237696234			
GSE17974_CTRL_VS_ACT_IL4_AND_ANTI_IL12_24H_CD4_TCELL_DN	0.23642509397298272			
GSE13411_PLASMA_CELL_VS_MEMORY_BCELL_DN	0.23641571439315195			
GSE3720_VD1_VS_VD2_GAMMADELTA_TCELL_WITH_LPS_STIM_UP	0.2364089623121993			
IPA_RUNX1_UP	0.2364021536644319			
GSE43863_TH1_VS_LY6C_INT_CXCR5POS_EFFECTOR_CD4_TCELL_DN	0.23639515049941268			
GSE14000_UNSTIM_VS_16H_LPS_DC_TRANSLATED_RNA_DN	0.2363909937108363			
HESS_TARGETS_OF_HOXA9_AND_MEIS1_UP	0.23638999873128766			
MIR3192_3P	0.23638946711604794			
GSE2706_UNSTIM_VS_8H_LPS_AND_R848_DC_DN	0.23637129040148086			
GSE37533_UNTREATED_VS_PIOGLIZATONE_TREATED_CD4_TCELL_PPARG1_AND_FOXP3_TRASDUCED_UP	0.23637052515804707			
GSE7219_UNSTIM_VS_LPS_AND_ANTI_CD40_STIM_NIK_NFKB2_KO_DC_UP	0.2363504915815166			
MIR518E_5P_MIR519A_5P_MIR519B_5P_MIR519C_5P_MIR522_5P_MIR523_5P	0.236343901558647			
GO_POSITIVE_REGULATION_OF_INTRACELLULAR_SIGNAL_TRANSDUCTION	0.23634081622519296			
chr11q22	0.23633800975302957			
MIR943	0.23633714399015354			
GO_SPERMATOPROTEASOME_COMPLEX	0.23633125786482553			
GO_INTERLEUKIN_2_BIOSYNTHETIC_PROCESS	0.23632461374567737			
MIR3668	0.23632253694662855			
KEGG_CHEMOKINE_SIGNALING_PATHWAY	0.23631464946553257			
GSE17721_0.5H_VS_4H_CPG_BMDC_DN	0.23630618553622892			
GSE24142_DN2_VS_DN3_THYMOCYTE_ADULT_DN	0.23630393003438832			
GSE3565_CTRL_VS_LPS_INJECTED_SPLENOCYTES_DN	0.23628944037198904			
GO_REGULATION_OF_BONE_DEVELOPMENT	0.23628812185232995			
MOREIRA_RESPONSE_TO_TSA_UP	0.23628514975051845			
GSE14308_NAIVE_CD4_TCELL_VS_INDUCED_TREG_UP	0.2362842720318766			
GSE43260_BTLA_POS_VS_NEG_INTRATUMORAL_CD8_TCELL_DN	0.2362784542943472			
GO_GOLGI_TO_PLASMA_MEMBRANE_TRANSPORT	0.2362761092475468			
ONO_FOXP3_TARGETS_UP	0.23627385388157063			
REACTOME_DNA_REPAIR	0.23627061049774262			
GSE360_L_MAJOR_VS_T_GONDII_MAC_UP	0.23625251484790033			
MIR499B_3P	0.2362325778934958			
IPA_PRKCD_UP	0.2362254219298072			
GO_PRENYLTRANSFERASE_ACTIVITY	0.23621521931231929			
GO_NEGATIVE_REGULATION_OF_STEROID_METABOLIC_PROCESS	0.2362090226039443			
GSE2405_0H_VS_12H_A_PHAGOCYTOPHILUM_STIM_NEUTROPHIL_UP	0.2361933208158179			
IPA_NFKBIB_DN	0.2361891970457311			
VERRECCHIA_RESPONSE_TO_TGFB1_C3	0.2361853819308225			
GO_NEGATIVE_REGULATION_OF_CYTOKINE_SECRETION	0.23617893953861088			
GO_CELLULAR_HYPOTONIC_RESPONSE	0.23617806444641626			
GO_NUCLEOSIDE_METABOLIC_PROCESS	0.2361626301816715			
GSE3982_MAST_CELL_VS_TH2_DN	0.2361494872829042			
GO_REGULATION_OF_ESTABLISHMENT_OF_PROTEIN_LOCALIZATION	0.23614904540801265			
GO_DENDRITIC_CELL_ANTIGEN_PROCESSING_AND_PRESENTATION	0.23614886343349095			
GO_VITAMIN_D3_METABOLIC_PROCESS	0.23614325317411922			
GSE23321_EFFECTOR_MEMORY_VS_NAIVE_CD8_TCELL_DN	0.2361411869864641			
GSE22886_CD4_TCELL_VS_BCELL_NAIVE_DN	0.23613986075089877			
GSE6674_CPG_VS_CPG_AND_ANTI_IGM_STIM_BCELL_DN	0.2361325324642854			
GSE15930_STIM_VS_STIM_AND_IFNAB_72H_CD8_T_CELL_DN	0.23612659152386226			
MIR6794_3P	0.23612430379636384			
GSE17721_LPS_VS_POLYIC_2H_BMDC_UP	0.23612417754493573			
GSE17721_PAM3CSK4_VS_GADIQUIMOD_1H_BMDC_DN	0.23612186531489246			
GO_INTERFERON_ALPHA_PRODUCTION	0.23612125152707875			
GO_REGULATION_OF_MYOTUBE_DIFFERENTIATION	0.23611611542020441			
GSE46606_IRF4_KO_VS_WT_UNSTIM_BCELL_DN	0.2361159862206557			
GO_MODIFICATION_OF_MORPHOLOGY_OR_PHYSIOLOGY_OF_OTHER_ORGANISM	0.23611533953858246			
GO_NEGATIVE_REGULATION_OF_TELOMERE_MAINTENANCE	0.23610660306375686			
GSE2770_TGFB_AND_IL4_VS_IL12_TREATED_ACT_CD4_TCELL_6H_UP	0.2361061385416955			
BERENJENO_TRANSFORMED_BY_RHOA_UP	0.23610051837202822			
GSE25123_CTRL_VS_IL4_STIM_PPARG_KO_MACROPHAGE_UP	0.236093995027822			
GO_PHAGOCYTIC_VESICLE_MEMBRANE	0.23609321671183783			
GO_PYRIMIDINE_NUCLEOSIDE_METABOLIC_PROCESS	0.2360904487305089			
GSE13522_WT_VS_IFNAR_KO_SKING_T_CRUZI_Y_STRAIN_INF_DN	0.23608294306808447			
GSE7218_UNSTIM_VS_ANTIGEN_STIM_THROUGH_IGG_BCELL_DN	0.2360521511807476			
WHITE_NEUROBLASTOMA_WITH_1P36.3_DELETION	0.23604585581742724			
GSE16385_IFNG_TNF_VS_UNSTIM_MACROPHAGE_ROSIGLITAZONE_TREATED_UP	0.23604370081708653			
MIR203A_5P	0.23603943091408436			
GSE11057_PBMC_VS_MEM_CD4_TCELL_UP	0.23603410746547504			
GSE29164_UNTREATED_VS_CD8_TCELL_TREATED_MELANOMA_DAY7_DN	0.23601932693720437			
GO_PROTEASOME_CORE_COMPLEX	0.23601484907749218			
GO_CELL	0.23599772545508282			
ZHU_CMV_ALL_UP	0.23599759627348343			
PID_AMB2_NEUTROPHILS_PATHWAY	0.23598806423131843			
GSE25087_TREG_VS_TCONV_ADULT_UP	0.23598583097401493			
GSE28737_FOLLICULAR_VS_MARGINAL_ZONE_BCELL_DN	0.23598576710753494			
GSE11961_GERMINAL_CENTER_BCELL_DAY7_VS_GERMINAL_CENTER_BCELL_DAY40_UP	0.2359846181549276			
GSE28726_NAIVE_CD4_TCELL_VS_NAIVE_NKTCELL_UP	0.23597804894746136			
GO_FLEMMING_BODY	0.2359762186857347			
KEGG_TASTE_TRANSDUCTION	0.23596398589288423			
GO_REGULATION_OF_PROTEIN_TARGETING	0.23595761597168055			
GSE37301_CD4_TCELL_VS_GRANULOCYTE_MONOCYTE_PROGENITOR_DN	0.23595090371267044			
GO_POSITIVE_REGULATION_OF_B_CELL_PROLIFERATION	0.235949390713944			
BIDUS_METASTASIS_DN	0.23594790506073637			
GSE34156_UNTREATED_VS_24H_TLR1_TLR2_LIGAND_TREATED_MONOCYTE_DN	0.23594551814279174			
GOTTWEIN_TARGETS_OF_KSHV_MIR_K12_11	0.2359449000545347			
GO_FATTY_ACYL_COA_SYNTHASE_ACTIVITY	0.23594364070566043			
GO_THYROID_HORMONE_RECEPTOR_BINDING	0.23593882446432052			
GO_C_C_CHEMOKINE_BINDING	0.23593803823440035			
KEGG_NICOTINATE_AND_NICOTINAMIDE_METABOLISM	0.23592536397640756			
GO_LEUCINE_ZIPPER_DOMAIN_BINDING	0.2359245423023539			
GSE14415_INDUCED_TREG_VS_TCONV_UP	0.23592112724564931			
GO_NEGATIVE_REGULATION_OF_CAMP_MEDIATED_SIGNALING	0.23590157310687934			
GSE32901_NAIVE_VS_TH17_NEG_CD4_TCELL_DN	0.23590017368854957			
GO_ISOTYPE_SWITCHING_TO_IGG_ISOTYPES	0.23585771862433078			
GO_NATURAL_KILLER_CELL_MEDIATED_IMMUNITY	0.23584853785237064			
GO_CYSTEINE_TYPE_ENDOPEPTIDASE_ACTIVITY_INVOLVED_IN_APOPTOTIC_SIGNALING_PATHWAY	0.23584803605660834			
GO_COLLAGEN_RECEPTOR_ACTIVITY	0.23584700133364142			
GO_POSITIVE_REGULATION_OF_CHEMOTAXIS	0.23583353558111675			
GO_CALCIUM_DEPENDENT_CELL_CELL_ADHESION_VIA_PLASMA_MEMBRANE_CELL_ADHESION_MOLECULES	0.23582904455715734			
GO_AXONEMAL_DYNEIN_COMPLEX_ASSEMBLY	0.23582638724438895			
GO_REGULATION_OF_MACROPHAGE_APOPTOTIC_PROCESS	0.2358208802591964			
GO_NEGATIVE_REGULATION_OF_EXOCYTOSIS	0.23581542033687317			
GSE40274_CTRL_VS_FOXP3_TRANSDUCED_ACTIVATED_CD4_TCELL_DN	0.2358148954951765			
GSE6259_FLT3L_INDUCED_33D1_POS_DC_VS_BCELL_DN	0.23581128803344112			
GSE24726_WT_VS_E2_2_KO_PDC_DN	0.23580530086312781			
GSE3920_UNTREATED_VS_IFNG_TREATED_FIBROBLAST_UP	0.23580428315569238			
GO_POSITIVE_REGULATION_OF_CYTOLYSIS	0.2358024580479294			
GSE17721_CTRL_VS_CPG_6H_BMDC_DN	0.23579777650607006			
REACTOME_PLASMA_LIPOPROTEIN_ASSEMBLY	0.23579527543562814			
IPA_IFI16_DN	0.2357912943074548			
CROONQUIST_NRAS_SIGNALING_UP	0.2357819181496049			
GO_REGULATION_OF_T_CELL_DIFFERENTIATION	0.23578065313086458			
REACTOME_DISEASES_ASSOCIATED_WITH_SURFACTANT_METABOLISM	0.23576493166599077			
GSE40666_WT_VS_STAT4_KO_CD8_TCELL_WITH_IFNA_STIM_90MIN_UP	0.2357642749440197			
GSE3982_MEMORY_CD4_TCELL_VS_TH2_DN	0.23576213106950786			
GO_REGULATION_OF_ALPHA_BETA_T_CELL_ACTIVATION	0.23574639789353177			
GO_CELLULAR_RESPONSE_TO_GROWTH_HORMONE_STIMULUS	0.23574099520565941			
GSE15930_STIM_VS_STIM_AND_TRICHOSTATINA_48H_CD8_T_CELL_DN	0.2357391575860815			
GSE16697_CD4_TCELL_VS_TFH_CD4_TCELL_DN	0.23573452059335284			
GO_OXIDOREDUCTASE_ACTIVITY_ACTING_ON_PEROXIDE_AS_ACCEPTOR	0.23573367042919735			
GO_HISTONE_DEUBIQUITINATION	0.23572615521748544			
GSE26912_TUMORICIDAL_VS_CTRL_MACROPHAGE_DN	0.23572197649324336			
GO_RESPONSE_TO_OXYGEN_CONTAINING_COMPOUND	0.23571910364195914			
GO_REGULATION_OF_SYSTEMIC_ARTERIAL_BLOOD_PRESSURE_BY_VASOPRESSIN	0.23570425229351186			
GSE3982_EFF_MEMORY_CD4_TCELL_VS_TH2_DN	0.23570302150552372			
BIOCARTA_41BB_PATHWAY	0.23569748214438008			
GSE27291_0H_VS_7D_STIM_GAMMADELTA_TCELL_DN	0.23568839937907266			
GSE27786_BCELL_VS_NKCELL_DN	0.23567960496054688			
GSE42021_CD24INT_TREG_VS_CD24INT_TCONV_THYMUS_DN	0.23567505704913372			
GSE11057_NAIVE_CD4_VS_PBMC_CD4_TCELL_DN	0.23567411443634503			
GSE22025_UNTREATED_VS_TGFB1_TREATED_CD4_TCELL_UP	0.23565938843417922			
KATSANOU_ELAVL1_TARGETS_DN	0.23565234941760665			
GO_RIBONUCLEOSIDE_METABOLIC_PROCESS	0.23565052243030749			
GSE22589_HEALTHY_VS_HIV_INFECTED_DC_DN	0.235647848175948			
GO_PROTEIN_HETERODIMERIZATION_ACTIVITY	0.2356477121162358			
AZARE_NEOPLASTIC_TRANSFORMATION_BY_STAT3_UP	0.23563923327989603			
NAKAMURA_METASTASIS	0.23562931141614082			
MIR8058	0.23562776279327138			
REACTOME_METABOLISM_OF_NUCLEOTIDES	0.2356252988839278			
GSE26351_UNSTIM_VS_BMP_PATHWAY_STIM_HEMATOPOIETIC_PROGENITORS_UP	0.23561777948318496			
GSE10239_KLRG1INT_VS_KLRG1HIGH_EFF_CD8_TCELL_DN	0.23561740733905787			
BIOCARTA_FAS_PATHWAY	0.23560882117640075			
GSE40274_CTRL_VS_FOXP3_AND_HELIOS_TRANSDUCED_ACTIVATED_CD4_TCELL_DN	0.23560666127461702			
GO_RESPONSE_TO_PEPTIDE	0.23559350177937075			
GO_POSITIVE_REGULATION_OF_LEUKOCYTE_CHEMOTAXIS	0.23559238479757805			
MANN_RESPONSE_TO_AMIFOSTINE_UP	0.23558975437667604			
GO_GMP_METABOLIC_PROCESS	0.23557948149543123			
GO_THREONINE_TYPE_PEPTIDASE_ACTIVITY	0.23557549936841019			
BURTON_ADIPOGENESIS_9	0.23557466064529298			
GO_ESTABLISHMENT_OF_PROTEIN_LOCALIZATION_TO_MEMBRANE	0.23557166326908774			
PARK_TRETINOIN_RESPONSE_AND_RARA_PLZF_FUSION	0.23556726333907005			
GSE36826_WT_VS_IL1R_KO_SKIN_STAPH_AUREUS_INF_DN	0.23556695870069067			
TIMOFEEVA_GROWTH_STRESS_VIA_STAT1_DN	0.2355669311607657			
GO_ACTIN_POLYMERIZATION_DEPENDENT_CELL_MOTILITY	0.23556510925723653			
GO_REGULATION_OF_OXIDOREDUCTASE_ACTIVITY	0.23556350742243778			
FOSTER_TOLERANT_MACROPHAGE_UP	0.2355628961660444			
MIR6824_3P	0.2355530228523734			
GSE6269_FLU_VS_E_COLI_INF_PBMC_UP	0.2355493547313501			
GSE17721_4H_VS_24H_POLYIC_BMDC_DN	0.23554233870554428			
GSE43955_10H_VS_30H_ACT_CD4_TCELL_UP	0.2355411482917975			
GSE9960_HEALTHY_VS_GRAM_POS_SEPSIS_PBMC_DN	0.235540381329598			
MIR4637	0.2355371865770554			
GO_INTRINSIC_APOPTOTIC_SIGNALING_PATHWAY_IN_RESPONSE_TO_OSMOTIC_STRESS	0.23553662486319213			
REACTOME_INTERLEUKIN_15_SIGNALING	0.23553368387028598			
GO_REGULATION_OF_PROTEOLYSIS	0.23551930090966786			
PETRETTO_HEART_MASS_QTL_CIS_DN	0.23551856733600987			
GO_COLLAGEN_FIBRIL_ORGANIZATION	0.23550900683477488			
GSE9988_ANTI_TREM1_VS_ANTI_TREM1_AND_LPS_MONOCYTE_UP	0.23550859513413547			
MIKKELSEN_MCV6_LCP_WITH_H3K27ME3	0.23550795822797693			
HOSHIDA_LIVER_CANCER_SUBCLASS_S1	0.23550524448665366			
GSE1460_DP_VS_CD4_THYMOCYTE_DN	0.2355007903666064			
WEBER_METHYLATED_LCP_IN_SPERM_UP	0.23550074590310469			
MIR3144_3P	0.23547244249085958			
PID_SMAD2_3NUCLEAR_PATHWAY	0.23546366421291218			
PID_IL2_STAT5_PATHWAY	0.23545632101524072			
chr22q13	0.23544735920408755			
GSE360_CTRL_VS_M_TUBERCULOSIS_MAC_UP	0.23544640014464294			
JAATINEN_HEMATOPOIETIC_STEM_CELL_DN	0.23544282907365302			
GARY_CD5_TARGETS_DN	0.23544007652877247			
REACTOME_PENTOSE_PHOSPHATE_PATHWAY	0.23542478342303474			
GO_IRES_DEPENDENT_VIRAL_TRANSLATIONAL_INITIATION	0.23542473175321166			
RUTELLA_RESPONSE_TO_HGF_VS_CSF2RB_AND_IL4_DN	0.23541476916442663			
NUYTTEN_NIPP1_TARGETS_UP	0.235412871591548			
MIR4769_5P	0.23540344329686438			
GSE22443_IL2_VS_IL12_TREATED_ACT_CD8_TCELL_DN	0.23540239731770263			
GSE24634_NAIVE_CD4_TCELL_VS_DAY7_IL4_CONV_TREG_DN	0.2353940363906707			
GO_HISTAMINE_PRODUCTION_INVOLVED_IN_INFLAMMATORY_RESPONSE	0.23539302270884008			
GO_RECEPTOR_GUANYLYL_CYCLASE_SIGNALING_PATHWAY	0.23538875674958773			
GSE29614_CTRL_VS_TIV_FLU_VACCINE_PBMC_2007_DN	0.23538788995840448			
GO_REGULATION_OF_PROTEIN_LOCALIZATION_TO_CHROMOSOME_TELOMERIC_REGION	0.23536516669658236			
DARWICHE_PAPILLOMA_RISK_LOW_UP	0.23536329286083035			
CHOW_RASSF1_TARGETS_UP	0.23536320675836267			
GO_EXCRETION	0.23536045112301024			
GSE9988_ANTI_TREM1_AND_LPS_VS_CTRL_TREATED_MONOCYTES_DN	0.2353546185588644			
GSE19825_CD24LOW_VS_IL2RA_HIGH_DAY3_EFF_CD8_TCELL_UP	0.23534406118848225			
GSE17721_CTRL_VS_GARDIQUIMOD_6H_BMDC_UP	0.23534282768019144			
HERNANDEZ_ABERRANT_MITOSIS_BY_DOCETACEL_2NM_UP	0.23533633870370788			
GO_REGULATION_OF_RESPONSE_TO_OXIDATIVE_STRESS	0.23532787664865598			
GSE12845_IGD_POS_VS_NEG_BLOOD_BCELL_DN	0.23532226123513683			
GO_METAL_ION_HOMEOSTASIS	0.23531993408893032			
GO_VASODILATION	0.23531676928922285			
GO_CHONDROCYTE_DIFFERENTIATION	0.2353128412790568			
PARK_HSC_VS_MULTIPOTENT_PROGENITORS_DN	0.2353050444983442			
REACTOME_EUKARYOTIC_TRANSLATION_ELONGATION	0.23529818225254856			
GSE17721_LPS_VS_GARDIQUIMOD_8H_BMDC_UP	0.23529527630648786			
MIR154_5P	0.2352924085603549			
GSE7852_LN_VS_FAT_TCONV_DN	0.23528977304834997			
GO_NEGATIVE_REGULATION_OF_T_HELPER_CELL_DIFFERENTIATION	0.23526508889960387			
GSE5542_UNTREATED_VS_IFNA_AND_IFNG_TREATED_EPITHELIAL_CELLS_24H_UP	0.23526450072329697			
GSE39110_DAY3_VS_DAY6_POST_IMMUNIZATION_CD8_TCELL_WITH_IL2_TREATMENT_DN	0.2352627391294113			
GO_INTERLEUKIN_1_PRODUCTION	0.23526248466004246			
GO_RESPONSE_TO_FOOD	0.2352609624699365			
GSE37605_C57BL6_VS_NOD_FOXP3_FUSION_GFP_TREG_DN	0.235257372293531			
GO_TYPE_I_INTERFERON_BIOSYNTHETIC_PROCESS	0.23525737066611585			
GSE46606_UNSTIM_VS_CD40L_IL2_IL5_3DAY_STIMULATED_IRF4MID_SORTED_BCELL_UP	0.2352428278288838			
GSE17721_LPS_VS_PAM3CSK4_8H_BMDC_UP	0.2352396935506816			
VANASSE_BCL2_TARGETS_UP	0.23521942724596975			
GRAHAM_CML_DIVIDING_VS_NORMAL_DIVIDING_DN	0.2352163636593929			
GSE36078_WT_VS_IL1R_KO_LUNG_DC_AFTER_AD5_INF_UP	0.2352152984228864			
GSE10239_MEMORY_VS_KLRG1HIGH_EFF_CD8_TCELL_UP	0.23520352753019022			
KRIEG_HYPOXIA_NOT_VIA_KDM3A	0.2352023043662657			
GSE43863_TFH_VS_LY6C_LOW_CXCR5NEG_EFFECTOR_CD4_TCELL_UP	0.2352009202662814			
GSE1740_MCSF_VS_MCSF_AND_IFNG_DAY2_DERIVED_MACROPHAGE_WITH_IFNA_STIM_UP	0.23519311691211248			
GO_POSITIVE_REGULATION_OF_CELLULAR_COMPONENT_BIOGENESIS	0.23518813303242694			
TSC22D4_TARGET_GENES	0.23518486294378507			
REACTOME_RHO_GTPASES_ACTIVATE_IQGAPS	0.23518090214033865			
EWSR1_TARGET_GENES	0.23517864420291223			
GO_NEGATIVE_REGULATION_OF_RESPONSE_TO_OXIDATIVE_STRESS	0.23517792933327344			
REACTOME_RRNA_PROCESSING_IN_THE_MITOCHONDRION	0.23517542481691164			
GO_REGULATION_OF_MYELOID_LEUKOCYTE_DIFFERENTIATION	0.2351468625707383			
GO_MEIOTIC_CELL_CYCLE_PROCESS	0.23514155154144933			
GSE360_L_DONOVANI_VS_T_GONDII_MAC_UP	0.23513822590079464			
GSE42021_TCONV_PLN_VS_TREG_PRECURSORS_THYMUS_DN	0.23513349446738008			
GSE13411_NAIVE_VS_IGM_MEMORY_BCELL_UP	0.23512871439065428			
GSE16385_IFNG_TNF_VS_IL4_STIM_MACROPHAGE_UP	0.2351210910479353			
GSE37416_CTRL_VS_6H_F_TULARENSIS_LVS_NEUTROPHIL_DN	0.23511893205302092			
GSE23114_PERITONEAL_CAVITY_B1A_BCELL_VS_SPLEEN_BCELL_IN_SLE2C1_MOUSE_UP	0.2351174586733877			
GO_REGULATION_OF_LEUKOCYTE_CHEMOTAXIS	0.23511478260342952			
MIR1229_5P	0.23511388217354867			
REACTOME_REGULATION_BY_C_FLIP	0.23511283896715865			
GO_INTERLEUKIN_6_SECRETION	0.23511205017944672			
GSE13522_CTRL_VS_T_CRUZI_Y_STRAIN_INF_SKIN_IFNG_KO_UP	0.2351119616552016			
GSE16385_MONOCYTE_VS_MACROPHAGE_DN	0.2351070654450286			
GO_DNA_REPLICATION_ORIGIN_BINDING	0.23510671690049598			
GO_CELL_CELL_SIGNALING_INVOLVED_IN_CARDIAC_CONDUCTION	0.23509152096424876			
GSE7548_NAIVE_VS_DAY7_PCC_IMMUNIZATION_CD4_TCELL_DN	0.23508774834831808			
GO_NEGATIVE_REGULATION_OF_MESENCHYMAL_CELL_APOPTOTIC_PROCESS	0.23508732670099505			
GO_POSITIVE_REGULATION_OF_SIGNALING	0.2350839344887502			
GSE2585_THYMIC_DC_VS_THYMIC_MACROPHAGE_DN	0.23508251728783064			
GO_POSITIVE_REGULATION_OF_RENAL_SODIUM_EXCRETION	0.2350807255782981			
LIU_IL13_PRIMING_MODEL	0.23507888729600435			
GO_POSITIVE_REGULATION_OF_INTERLEUKIN_12_PRODUCTION	0.23507834561470908			
MIR499A_3P	0.23506295023620383			
GO_STRIATED_MUSCLE_CONTRACTION	0.2350503460496848			
DORN_ADENOVIRUS_INFECTION_12HR_DN	0.2350455838683653			
BASSO_HAIRY_CELL_LEUKEMIA_DN	0.2350447397354157			
SANSOM_APC_TARGETS_DN	0.2350440197668025			
GSE27786_CD4_TCELL_VS_NKCELL_DN	0.23503300597334364			
TTTNNANAGCYR_UNKNOWN	0.23502800793577253			
GO_T_CELL_TOLERANCE_INDUCTION	0.23502590495738468			
GSE15750_DAY6_VS_DAY10_EFF_CD8_TCELL_UP	0.23501811140564757			
XU_HGF_TARGETS_INDUCED_BY_AKT1_48HR_UP	0.23501782124367668			
CREB3_TARGET_GENES	0.23501219849014046			
GSE22886_NAIVE_CD4_TCELL_VS_NKCELL_DN	0.23500807064239584			
GSE360_DC_VS_MAC_M_TUBERCULOSIS_DN	0.23500009589244053			
GSE19825_NAIVE_VS_IL2RALOW_DAY3_EFF_CD8_TCELL_DN	0.2349945046840119			
GSE5542_UNTREATED_VS_IFNA_TREATED_EPITHELIAL_CELLS_6H_UP	0.2349875061373221			
ZHENG_FOXP3_TARGETS_DN	0.23498450347580718			
MIR3942_5P	0.2349803891586277			
GSE360_CTRL_VS_L_MAJOR_DC_DN	0.2349788382917199			
GO_NEGATIVE_REGULATION_OF_DENDRITIC_CELL_DIFFERENTIATION	0.23497445976333056			
GO_ALPHA_AMINO_ACID_CATABOLIC_PROCESS	0.23497125818536443			
MIR3927_5P	0.23496842285933553			
REACTOME_RNA_POLYMERASE_I_TRANSCRIPTION	0.23495920265609158			
GSE360_CTRL_VS_T_GONDII_DC_DN	0.23495489034822006			
GO_HUMORAL_IMMUNE_RESPONSE_MEDIATED_BY_CIRCULATING_IMMUNOGLOBULIN	0.23494092477813358			
AMIT_EGF_RESPONSE_60_HELA	0.23493942097887185			
GSE360_L_DONOVANI_VS_M_TUBERCULOSIS_MAC_UP	0.2349314213806534			
OKAWA_NEUROBLASTOMA_1P36_31_DELETION	0.23493019264447515			
ROESSLER_LIVER_CANCER_METASTASIS_UP	0.23492871014019742			
TERAMOTO_OPN_TARGETS_CLUSTER_5	0.2349247758480715			
BIOCARTA_CREM_PATHWAY	0.23492115566506955			
GO_REGULATION_OF_ATP_METABOLIC_PROCESS	0.23491566239839504			
GO_AZUROPHIL_GRANULE_LUMEN	0.23491101609465			
GSE6259_FLT3L_INDUCED_VS_WT_SPLENIC_DC_33D1_POS_UP	0.23489961677962914			
GSE27786_LSK_VS_MONO_MAC_DN	0.23489470518249594			
REACTOME_PERK_REGULATES_GENE_EXPRESSION	0.23487320097722117			
VANOEVELEN_MYOGENESIS_SIN3A_TARGETS	0.23485394679219926			
GO_DNA_TOPOLOGICAL_CHANGE	0.23484163628065285			
GSE17721_POLYIC_VS_CPG_4H_BMDC_DN	0.23484145703692524			
LMX1B_TARGET_GENES	0.23483472146882836			
GSE32901_NAIVE_VS_TH17_ENRICHED_CD4_TCELL_DN	0.23482890694904912			
chr3q12	0.23482566360935683			
GO_BLOOD_VESSEL_MORPHOGENESIS	0.2348171303812936			
GSE5589_WT_VS_IL6_KO_LPS_AND_IL10_STIM_MACROPHAGE_45MIN_UP	0.23481255411145358			
GSE1432_CTRL_VS_IFNG_24H_MICROGLIA_DN	0.23481163359647655			
GSE34205_HEALTHY_VS_RSV_INF_INFANT_PBMC_UP	0.23481047185765025			
GO_CELLULAR_NITROGEN_COMPOUND_CATABOLIC_PROCESS	0.23480737039517474			
GSE7348_UNSTIM_VS_LPS_STIM_MACROPHAGE_DN	0.23480479585462877			
GSE11057_CD4_CENT_MEM_VS_PBMC_DN	0.23480354817204124			
GO_POSITIVE_REGULATION_OF_T_CELL_MEDIATED_IMMUNITY	0.23479546735363627			
GSE17721_PAM3CSK4_VS_GADIQUIMOD_24H_BMDC_DN	0.2347890212151471			
GSE36888_STAT5_AB_KNOCKIN_VS_WT_TCELL_IL2_TREATED_2H_UP	0.23477816419833647			
GSE22886_NAIVE_CD4_TCELL_VS_MONOCYTE_DN	0.2347758933058932			
GSE39820_CTRL_VS_TGFBETA1_IL6_IL23A_CD4_TCELL_UP	0.23476983932035034			
GSE27859_MACROPHAGE_VS_DC_UP	0.2347684016440949			
GSE22589_SIV_VS_HIV_AND_SIV_INFECTED_DC_UP	0.23476811738902842			
MIR5093	0.2347590071363414			
KEGG_PENTOSE_PHOSPHATE_PATHWAY	0.23475853439495903			
GO_NEGATIVE_REGULATION_OF_REGULATED_SECRETORY_PATHWAY	0.23475567721086182			
PID_IL4_2PATHWAY	0.23475022150545094			
REACTOME_ECM_PROTEOGLYCANS	0.23474209931166926			
GO_COMPLEMENT_DEPENDENT_CYTOTOXICITY	0.23473967326672102			
GO_RESPONSE_TO_CAFFEINE	0.23473817852820625			
GO_NAD_P_H_OXIDASE_ACTIVITY	0.23473712779724348			
GSE2405_S_AUREUS_VS_UNTREATED_NEUTROPHIL_DN	0.23473401084756151			
BIOCARTA_ATRBRCA_PATHWAY	0.23473120545691467			
GO_OXALATE_TRANSPORT	0.23472570116838126			
GSE18791_CTRL_VS_NEWCASTLE_VIRUS_DC_6H_DN	0.23472134556225896			
IPA_ARID1A_DN	0.23470905053824181			
GO_REGULATION_OF_RESPONSE_TO_BIOTIC_STIMULUS	0.23470452023603072			
FLORIO_NEOCORTEX_BASAL_RADIAL_GLIA_DN	0.23468866811534775			
GO_CYTOKINE_RECEPTOR_ACTIVITY	0.2346868427349534			
GO_CUL7_RING_UBIQUITIN_LIGASE_COMPLEX	0.23468348989525162			
GO_NEGATIVE_REGULATION_OF_PERK_MEDIATED_UNFOLDED_PROTEIN_RESPONSE	0.23468208034505939			
GSE23505_UNTREATED_VS_4DAY_IL6_IL1_IL23_TREATED_CD4_TCELL_DN	0.2346801963073824			
GSE46606_IRF4_KO_VS_WT_CD40L_IL2_IL5_1DAY_STIMULATED_BCELL_DN	0.23467983417115482			
GSE28737_WT_VS_BCL6_HET_MARGINAL_ZONE_BCELL_DN	0.234671141167155			
GO_LIPOPROTEIN_LOCALIZATION	0.23466275894130806			
GSE39820_TGFBETA1_IL6_VS_TGFBETA1_IL6_IL23A_TREATED_CD4_TCELL_DN	0.23466148287015676			
GSE2706_UNSTIM_VS_8H_R848_DC_UP	0.2346596421657306			
GSE40666_WT_VS_STAT4_KO_CD8_TCELL_DN	0.2346508237141519			
REACTOME_NEGATIVE_REGULATION_OF_MET_ACTIVITY	0.23464178232774066			
GO_POSITIVE_REGULATION_OF_B_CELL_ACTIVATION	0.23463788515581505			
MARSON_FOXP3_CORE_DIRECT_TARGETS	0.23463561707836522			
MIR3161	0.23459129802488712			
GSE1740_UNSTIM_VS_IFNA_STIMULATED_MCSF_DERIVED_MACROPHAGE_DN	0.2345848205673611			
GSE5679_PPARG_LIGAND_ROSIGLITAZONE_VS_RARA_AGONIST_AM580_TREATED_DC_DN	0.23458076095851974			
GRAHAM_CML_DIVIDING_VS_NORMAL_QUIESCENT_UP	0.2345803422458121			
GSE23505_UNTREATED_VS_4DAY_IL6_IL1_TGFB_TREATED_CD4_TCELL_UP	0.23457968503402732			
GSE22886_UNSTIM_VS_STIM_MEMORY_TCELL_UP	0.2345778692952252			
PID_FRA_PATHWAY	0.23457468706177914			
GSE7852_TREG_VS_TCONV_THYMUS_UP	0.23457283034156795			
GSE17721_LPS_VS_PAM3CSK4_6H_BMDC_DN	0.23457099870647832			
GO_POSITIVE_REGULATION_OF_LEUKOCYTE_MIGRATION	0.23456985383825427			
GO_REGULATION_OF_GROWTH_HORMONE_RECEPTOR_SIGNALING_PATHWAY	0.23456806706106334			
GSE13522_CTRL_VS_T_CRUZI_G_STRAIN_INF_SKIN_UP	0.23456804809496237			
IPA_IRF1_UP	0.2345643851958531			
IPA_TP73_DN	0.2345502382692958			
GO_REGULATION_OF_MYELOID_CELL_DIFFERENTIATION	0.23454889131796727			
GSE45739_UNSTIM_VS_ACD3_ACD28_STIM_NRAS_KO_CD4_TCELL_UP	0.23454552094669057			
GO_POSITIVE_REGULATION_OF_NF_KAPPAB_TRANSCRIPTION_FACTOR_ACTIVITY	0.23454314872967966			
GSE10240_CTRL_VS_IL17_AND_IL22_STIM_PRIMARY_BRONCHIAL_EPITHELIAL_CELLS_UP	0.23454258841007533			
GSE10094_LCMV_VS_LISTERIA_IND_EFF_CD4_TCELL_UP	0.23452130201542254			
IPA_TP53_UP	0.23451338650672354			
GSE34179_THPOK_KO_VS_WT_VA14I_NKTCELL_DN	0.23451309715037255			
GO_REGULATION_OF_INFLAMMATORY_RESPONSE_TO_ANTIGENIC_STIMULUS	0.23449505830793554			
GO_T_CELL_DIFFERENTIATION	0.23447453309222727			
GSE40273_EOS_KO_VS_WT_TREG_DN	0.23446245011807135			
GO_POSITIVE_REGULATION_OF_DEFENSE_RESPONSE	0.23446126627626007			
MIR4777_5P	0.23445633197661805			
GO_ANGIOGENESIS_INVOLVED_IN_WOUND_HEALING	0.23445399428918834			
GO_NEGATIVE_REGULATION_OF_LYMPHOCYTE_MEDIATED_IMMUNITY	0.23444961453391341			
GSE37532_TREG_VS_TCONV_PPARG_KO_CD4_TCELL_FROM_LN_DN	0.23444708440710396			
KEGG_LEUKOCYTE_TRANSENDOTHELIAL_MIGRATION	0.23443952843287644			
GSE37301_RAG2_KO_VS_RAG2_AND_ETS1_KO_NK_CELL_DN	0.23443751612287964			
GO_OXALATE_TRANSMEMBRANE_TRANSPORTER_ACTIVITY	0.2344349562957378			
NOTCH3_TARGET_GENES	0.2344254567947275			
GO_NEGATIVE_REGULATION_OF_ACTIVATED_T_CELL_PROLIFERATION	0.23442453508239977			
GO_REGULATION_OF_MYOSIN_LIGHT_CHAIN_PHOSPHATASE_ACTIVITY	0.2344229583730355			
GCNP_SHH_UP_LATE.V1_UP	0.2344128049854898			
GO_SNARE_COMPLEX	0.2344124159502533			
GSE42724_MEMORY_BCELL_VS_PLASMABLAST_UP	0.23441193442334846			
GSE9037_CTRL_VS_LPS_1H_STIM_BMDM_UP	0.23441186638561592			
GSE3982_BASOPHIL_VS_TH2_UP	0.2344082091356839			
REACTOME_SEALING_OF_THE_NUCLEAR_ENVELOPE_NE_BY_ESCRT_III	0.2344009211280564			
GO_LENS_FIBER_CELL_DIFFERENTIATION	0.2343991438106078			
MIR4768_5P	0.2343987867587064			
BIOCARTA_CTL_PATHWAY	0.23439000303653415			
GSE11924_TH2_VS_TH17_CD4_TCELL_UP	0.23438573867773727			
ZHAN_MULTIPLE_MYELOMA_PR_DN	0.23437777295932086			
MIR548AJ_5P_MIR548G_5P_MIR548X_5P	0.2343640760357201			
GSE12845_IGD_NEG_BLOOD_VS_DARKZONE_GC_TONSIL_BCELL_UP	0.23436266008476073			
GO_REGULATION_OF_LIPASE_ACTIVITY	0.23435784216600558			
FLECHNER_BIOPSY_KIDNEY_TRANSPLANT_REJECTED_VS_OK_UP	0.23435732117953254			
GO_INOSITOL_PHOSPHATE_BIOSYNTHETIC_PROCESS	0.23435621649557456			
GSE36826_WT_VS_IL1R_KO_SKIN_UP	0.23433291576884063			
ZNF623_TARGET_GENES	0.23433133172644166			
GSE25088_WT_VS_STAT6_KO_MACROPHAGE_UP	0.23432727939903458			
REACTOME_TRIGLYCERIDE_BIOSYNTHESIS	0.23431717805661473			
GO_CELL_ADHESION_MEDIATED_BY_INTEGRIN	0.2343121256781252			
GO_REGULATION_OF_FATTY_ACID_METABOLIC_PROCESS	0.23431102998849745			
REACTOME_INTERLEUKIN_RECEPTOR_SHC_SIGNALING	0.23431042526287313			
GSE33425_CD161_HIGH_VS_NEG_CD8_TCELL_UP	0.2343068701333154			
GSE10240_IL22_VS_IL22_AND_IL17_STIM_PRIMARY_BRONCHIAL_EPITHELIAL_CELLS_UP	0.2343056053508387			
GSE9988_ANTI_TREM1_VS_CTRL_TREATED_MONOCYTES_DN	0.2343015653795103			
BRCA1_DN.V1_DN	0.23429989542911164			
IPA_NFYA_UP	0.23429359431775118			
GO_MULTI_MULTICELLULAR_ORGANISM_PROCESS	0.23429022750970566			
GSE13738_TCR_VS_BYSTANDER_ACTIVATED_CD4_TCELL_DN	0.23428666834181144			
GO_REGULATION_OF_TUBE_SIZE	0.2342856085556631			
BAKER_HEMATOPOIESIS_STAT3_TARGETS	0.23427929459252492			
GO_CAMP_DEPENDENT_PROTEIN_KINASE_COMPLEX	0.23427521555300543			
GO_NEUTROPHIL_MEDIATED_CYTOTOXICITY	0.23426207448666642			
GSE3982_MAST_CELL_VS_DC_UP	0.23424842231859375			
GO_CHROMOSOME_SEGREGATION	0.23424062716845032			
GSE29164_UNTREATED_VS_CD8_TCELL_TREATED_MELANOMA_DAY3_DN	0.23423849888830975			
GO_TETRAHYDROFOLATE_INTERCONVERSION	0.23423596771025484			
GO_SERINE_FAMILY_AMINO_ACID_METABOLIC_PROCESS	0.2342303660393639			
GO_POSITIVE_REGULATION_OF_DENDRITIC_CELL_ANTIGEN_PROCESSING_AND_PRESENTATION	0.234226007028125			
GO_PYRIMIDINE_CONTAINING_COMPOUND_SALVAGE	0.2342244405635133			
MIR511_3P	0.23421339588263576			
GO_RIBONUCLEOPROTEIN_COMPLEX_SUBUNIT_ORGANIZATION	0.2342129015110949			
MIR646	0.23419680931608589			
MIR127_5P	0.2341953071714345			
MIR552_5P	0.2341935457056653			
PASINI_SUZ12_TARGETS_DN	0.2341861869691806			
GSE25088_CTRL_VS_IL4_AND_ROSIGLITAZONE_STIM_STAT6_KO_MACROPHAGE_DN	0.23417221472772154			
GSE17721_LPS_VS_POLYIC_8H_BMDC_UP	0.23416922820575914			
GSE41867_NAIVE_VS_DAY15_LCMV_ARMSTRONG_EFFECTOR_CD8_TCELL_UP	0.23416758409164062			
KYNG_WERNER_SYNDROM_AND_NORMAL_AGING_UP	0.23415681697083338			
GO_G_PROTEIN_COUPLED_RECEPTOR_SIGNALING_PATHWAY_INVOLVED_IN_HEART_PROCESS	0.2341565378429718			
GO_KIDNEY_MESENCHYME_DEVELOPMENT	0.23414727039080102			
PID_IL23_PATHWAY	0.23414368141446576			
REACTOME_GPVI_MEDIATED_ACTIVATION_CASCADE	0.23414153451492556			
ZNF766_TARGET_GENES	0.2341398343226158			
GO_UBIQUITIN_CONJUGATING_ENZYME_COMPLEX	0.23412595767213457			
GSE3982_MAC_VS_CENT_MEMORY_CD4_TCELL_UP	0.2341209861885139			
AKT_UP_MTOR_DN.V1_DN	0.23411655907011053			
GSE11961_MARGINAL_ZONE_BCELL_VS_GERMINAL_CENTER_BCELL_DAY40_UP	0.2341133214411781			
GSE3982_NEUTROPHIL_VS_TH2_UP	0.23411305301212057			
GO_SPERM_EGG_RECOGNITION	0.2341054155060953			
GO_T_CELL_RECEPTOR_COMPLEX	0.23409153491064771			
REACTOME_DEFECTIVE_CSF2RB_CAUSES_PULMONARY_SURFACTANT_METABOLISM_DYSFUNCTION_5_SMDP5	0.2340839862356591			
KUROZUMI_RESPONSE_TO_ONCOCYTIC_VIRUS_AND_CYCLIC_RGD	0.23407274500249647			
GSE3982_CTRL_VS_LPS_1H_NEUTROPHIL_UP	0.2340555204299053			
GO_REGULATION_OF_APOPTOTIC_PROCESS_INVOLVED_IN_DEVELOPMENT	0.23403901586576517			
GSE17301_CTRL_VS_48H_ACD3_ACD28_STIM_CD8_TCELL_DN	0.23403470732419385			
GSE40273_XBP1_KO_VS_WT_TREG_DN	0.23403056276398052			
NABA_CORE_MATRISOME	0.2340216597277354			
ETS2_B	0.23401694866684378			
MARTORIATI_MDM4_TARGETS_NEUROEPITHELIUM_UP	0.23401456840525434			
GO_CARDIOVASCULAR_SYSTEM_DEVELOPMENT	0.23400161929722724			
GSE9650_NAIVE_VS_EFF_CD8_TCELL_DN	0.2339998479201579			
GO_NEUTRAL_LIPID_METABOLIC_PROCESS	0.2339947851908287			
IPA_NRL_DN	0.23397411745956914			
MIR6788_3P	0.23396778024919995			
BANDRES_RESPONSE_TO_CARMUSTIN_WITHOUT_MGMT_24HR_UP	0.23396380473096706			
GO_RESCUE_OF_STALLED_RIBOSOME	0.2339620063847916			
REACTOME_INTERLEUKIN_2_FAMILY_SIGNALING	0.23395665323985237			
GO_SPECIFIC_GRANULE_LUMEN	0.23395566997065514			
GSE19888_ADENOSINE_A3R_INH_VS_TCELL_MEMBRANES_ACT_MAST_CELL_UP	0.23393975903494194			
NRF2_Q4	0.23393910561146708			
LIU_BREAST_CANCER	0.23393757899627107			
ZHONG_SECRETOME_OF_LUNG_CANCER_AND_ENDOTHELIUM	0.23393512289877594			
KEGG_NATURAL_KILLER_CELL_MEDIATED_CYTOTOXICITY	0.23392023049978097			
GO_NEGATIVE_REGULATION_OF_PROTEOLYSIS	0.2339158881968365			
GSE10147_IL3_VS_IL3_AND_HIVP17_STIM_PDC_DN	0.23391452355757544			
GO_AMINO_ACID_SODIUM_SYMPORTER_ACTIVITY	0.2339122992951861			
GSE360_CTRL_VS_L_MAJOR_MAC_DN	0.23391095906697928			
CHOI_ATL_STAGE_PREDICTOR	0.23391067361920265			
GO_REGULATION_OF_DNA_CATABOLIC_PROCESS	0.2339041654940773			
LIAN_NEUTROPHIL_GRANULE_CONSTITUENTS	0.2338946606299778			
MIR657	0.23389431273094505			
GSE5503_MLN_DC_VS_PLN_DC_ACTIVATED_ALLOGENIC_TCELL_DN	0.23386981070495474			
GSE38697_LIGHT_ZONE_VS_DARK_ZONE_BCELL_UP	0.23385984740160815			
GSE21546_UNSTIM_VS_ANTI_CD3_STIM_DP_THYMOCYTES_DN	0.2338449013149987			
REACTOME_THE_ROLE_OF_GTSE1_IN_G2_M_PROGRESSION_AFTER_G2_CHECKPOINT	0.2338445110652727			
MIR3120_5P	0.23384343020736323			
BIOCARTA_CD40_PATHWAY	0.23384313654717842			
GO_PEPTIDE_MODIFICATION	0.23384234538564475			
REACTOME_DEFECTIVE_CFTR_CAUSES_CYSTIC_FIBROSIS	0.2338408602420207			
NAKAMURA_TUMOR_ZONE_PERIPHERAL_VS_CENTRAL_UP	0.23383977612268123			
GO_POSITIVE_REGULATION_OF_MOLECULAR_FUNCTION	0.23383958992255457			
GO_REGULATION_OF_T_HELPER_17_TYPE_IMMUNE_RESPONSE	0.2338346221463667			
IPA_WDR82_UP	0.2338255626062464			
GSE5542_UNTREATED_VS_IFNG_TREATED_EPITHELIAL_CELLS_24H_DN	0.23381837583254148			
IPA_MESP1_UP	0.23380639663808436			
GO_REGULATION_OF_LYMPHOCYTE_APOPTOTIC_PROCESS	0.23379639294122664			
IPA_ID3_UP	0.2337962669449692			
GSE42021_CD24HI_TREG_VS_CD24HI_TCONV_THYMUS_DN	0.2337896425708072			
GSE8868_SPLEEN_VS_INTESTINE_CD11B_POS_CD11C_NEG_DC_DN	0.2337796831536365			
GO_DETECTION_OF_CHEMICAL_STIMULUS_INVOLVED_IN_SENSORY_PERCEPTION_OF_TASTE	0.23377907466246745			
GSE17721_CTRL_VS_POLYIC_24H_BMDC_UP	0.23377706700100256			
REACTOME_RRNA_MODIFICATION_IN_THE_MITOCHONDRION	0.23377614927122067			
MUNSHI_MULTIPLE_MYELOMA_UP	0.23375445241230813			
WANG_IMMORTALIZED_BY_HOXA9_AND_MEIS1_UP	0.23375306725385658			
GSE30971_2H_VS_4H_LPS_STIM_MACROPHAGE_WBP7_HET_UP	0.23375166981969397			
GSE17721_CTRL_VS_POLYIC_4H_BMDC_DN	0.23375147088735662			
IPA_TP63_DN	0.23373968498279843			
FONTAINE_THYROID_TUMOR_UNCERTAIN_MALIGNANCY_DN	0.23372962431845207			
REACTOME_INFLAMMASOMES	0.23372398274284048			
GSE43863_TH1_VS_TFH_MEMORY_CD4_TCELL_UP	0.2337212034535005			
GO_CYTOKINE_ACTIVITY	0.23371738479550164			
GSE40274_FOXP3_VS_FOXP3_AND_HELIOS_TRANSDUCED_ACTIVATED_CD4_TCELL_DN	0.23371538918024135			
GSE22432_PDC_VS_TGFB1_TREATEDCOMMON_DC_PROGENITOR_DN	0.23369521837366652			
GSE27786_LIN_NEG_VS_MONO_MAC_DN	0.2336941864298449			
chr6p11	0.23368610763758002			
IPA_MNT_DN	0.2336660098528783			
KORKOLA_YOLK_SAC_TUMOR	0.23366558061991383			
LEE_AGING_NEOCORTEX_DN	0.23366253451838165			
GSE28237_FOLLICULAR_VS_EARLY_GC_BCELL_UP	0.23364505791782023			
GO_MITOTIC_SPINDLE_MIDZONE_ASSEMBLY	0.23364186406070037			
GO_MYD88_DEPENDENT_TOLL_LIKE_RECEPTOR_SIGNALING_PATHWAY	0.23364166282206214			
GO_BRCA1_A_COMPLEX	0.23363743428275735			
GO_EMBRYONIC_VISCEROCRANIUM_MORPHOGENESIS	0.2336370626090831			
REACTOME_SMOOTH_MUSCLE_CONTRACTION	0.23362856224141526			
REACTOME_TRANSCRIPTIONAL_REGULATION_BY_MECP2	0.23362671469982998			
REACTOME_RAF_INDEPENDENT_MAPK1_3_ACTIVATION	0.23361400371563612			
GO_REGULATION_OF_CELLULAR_AMINO_ACID_METABOLIC_PROCESS	0.2336139299527121			
PID_S1P_S1P1_PATHWAY	0.23360539339755504			
GSE35685_CD34POS_CD10NEG_CD62LPOS_VS_CD34POS_CD10POS_BONE_MARROW_DN	0.23358522163273374			
GSE17186_BLOOD_VS_CORD_BLOOD_CD21HIGH_TRANSITIONAL_BCELL_DN	0.2335813577782459			
GO_CELLULAR_GLUCURONIDATION	0.23357175728019844			
GSE21360_PRIMARY_VS_TERTIARY_MEMORY_CD8_TCELL_UP	0.2335713648559537			
REACTOME_TP53_REGULATES_TRANSCRIPTION_OF_CELL_DEATH_GENES	0.23357122095019536			
GO_NEGATIVE_REGULATION_OF_LEUKOCYTE_CHEMOTAXIS	0.23355797120597913			
GO_NUCLEAR_RETENTION_OF_PRE_MRNA_AT_THE_SITE_OF_TRANSCRIPTION	0.2335506274048711			
GO_PLATELET_MORPHOGENESIS	0.23354809405734397			
GO_FICOLIN_1_RICH_GRANULE_MEMBRANE	0.233533932256072			
GSE15659_NONSUPPRESSIVE_TCELL_VS_ACTIVATED_TREG_DN	0.23353158613000963			
GSE15139_GMCSF_TREATED_VS_UNTREATED_NEUTROPHILS_DN	0.23352313396997354			
GSE14415_INDUCED_TREG_VS_FAILED_INDUCED_TREG_UP	0.23351290193854618			
GO_INWARD_RECTIFIER_POTASSIUM_CHANNEL_ACTIVITY	0.23351088386649999			
IKEDA_MIR30_TARGETS_UP	0.23351005155435636			
GSE21360_NAIVE_VS_QUATERNARY_MEMORY_CD8_TCELL_DN	0.23349841550575737			
SMIRNOV_RESPONSE_TO_IR_2HR_DN	0.23349716912204407			
GSE43863_TH1_VS_LY6C_LOW_CXCR5NEG_EFFECTOR_CD4_TCELL_UP	0.2334934826452316			
GSE24102_GRANULOCYSTIC_MDSC_VS_NEUTROPHIL_DN	0.23349259054975324			
GSE14415_ACT_TCONV_VS_ACT_NATURAL_TREG_DN	0.2334903537690523			
GO_REGULATION_OF_ADHERENS_JUNCTION_ORGANIZATION	0.23348848275486658			
GO_POSITIVE_REGULATION_OF_PEPTIDYL_SERINE_PHOSPHORYLATION	0.233474944315103			
GSE21670_UNTREATED_VS_TGFB_IL6_TREATED_CD4_TCELL_UP	0.23345549842855998			
PRC2_EZH2_UP.V1_DN	0.23345174695525633			
GSE21360_NAIVE_VS_QUATERNARY_MEMORY_CD8_TCELL_UP	0.23344559959420563			
GO_REGULATION_OF_PROTEIN_K63_LINKED_UBIQUITINATION	0.23344556945008926			
WIERENGA_STAT5A_TARGETS_GROUP1	0.23344386028888528			
GSE40277_EOS_AND_LEF1_TRANSDUCED_VS_CTRL_CD4_TCELL_DN	0.23343088503278586			
GO_NEGATIVE_REGULATION_OF_NITRIC_OXIDE_METABOLIC_PROCESS	0.233428346087125			
REACTOME_P75NTR_REGULATES_AXONOGENESIS	0.2334249197736506			
FERREIRA_EWINGS_SARCOMA_UNSTABLE_VS_STABLE_UP	0.2334144524957938			
GO_MONOCARBOXYLIC_ACID_METABOLIC_PROCESS	0.23340783570937373			
GSE18893_TCONV_VS_TREG_24H_TNF_STIM_UP	0.23340754441788863			
GO_THO_COMPLEX	0.23340711593663582			
HOLLMANN_APOPTOSIS_VIA_CD40_DN	0.23340359807895206			
GSE24081_CONTROLLER_VS_PROGRESSOR_HIV_SPECIFIC_CD8_TCELL_UP	0.23339069016978853			
GSE9006_TYPE_1_VS_TYPE_2_DIABETES_PBMC_AT_DX_DN	0.2333881543543585			
GSE3982_MAST_CELL_VS_NEUTROPHIL_DN	0.23338715109140937			
GSE17721_CTRL_VS_POLYIC_8H_BMDC_UP	0.23338599659322382			
KEGG_HYPERTROPHIC_CARDIOMYOPATHY_HCM	0.23338398617345313			
KEGG_NOD_LIKE_RECEPTOR_SIGNALING_PATHWAY	0.23337905015500188			
GO_POSITIVE_REGULATION_OF_T_CELL_MEDIATED_CYTOTOXICITY	0.23336975592816978			
REICHERT_G1S_REGULATORS_AS_PI3K_TARGETS	0.23335191444513814			
GO_DNA_STRAND_ELONGATION	0.2333489196573836			
GO_LONG_CHAIN_FATTY_ACYL_COA_METABOLIC_PROCESS	0.23333644286956876			
GSE36888_UNTREATED_VS_IL2_TREATED_TCELL_2H_UP	0.23332992693326632			
GO_AMP_METABOLIC_PROCESS	0.23332782608520325			
BOYLAN_MULTIPLE_MYELOMA_C_D_UP	0.23331954985398692			
GSE27434_WT_VS_DNMT1_KO_TREG_DN	0.23331591728020173			
GSE15659_NAIVE_CD4_TCELL_VS_ACTIVATED_TREG_DN	0.23331564348467912			
MARSON_FOXP3_TARGETS_DN	0.23331541473444545			
GO_REGULATION_OF_TOLL_LIKE_RECEPTOR_SIGNALING_PATHWAY	0.23331535874526568			
GO_DOUBLE_STRAND_BREAK_REPAIR	0.23329249879674144			
MIR1283	0.23328801178443404			
KYNG_ENVIRONMENTAL_STRESS_RESPONSE_UP	0.2332871620667794			
GSE26488_CTRL_VS_PEPTIDE_INJECTION_OT2_THYMOCYTE_DN	0.23328603499573403			
BYSTRYKH_HEMATOPOIESIS_STEM_CELL_AND_BRAIN_QTL_CIS	0.2332774101356341			
MIR1251_3P	0.23327256103243096			
REACTOME_CELL_CYCLE	0.2332707120061579			
GO_MITOTIC_SISTER_CHROMATID_SEGREGATION	0.2332682878911524			
GO_AMMONIA_LYASE_ACTIVITY	0.23326421627510752			
SIG_BCR_SIGNALING_PATHWAY	0.233262991814679			
BIOCARTA_IL10_PATHWAY	0.2332623803968423			
GSE3982_EOSINOPHIL_VS_TH1_UP	0.2332585794786432			
GO_ANAPHASE_PROMOTING_COMPLEX_BINDING	0.23325409102598377			
GO_GLOMERULAR_MESANGIAL_CELL_DIFFERENTIATION	0.23324998293775745			
PID_TCPTP_PATHWAY	0.2332495600842678			
GSE17721_LPS_VS_CPG_6H_BMDC_DN	0.23324866645891865			
GSE3039_CD4_TCELL_VS_ALPHAALPHA_CD8_TCELL_DN	0.23324052002496784			
GSE24972_WT_VS_IRF8_KO_SPLEEN_FOLLICULAR_BCELL_UP	0.23323254846338923			
PYEON_HPV_POSITIVE_TUMORS_UP	0.23323190006068173			
GSE6674_ANTI_IGM_VS_PL2_3_STIM_BCELL_UP	0.23322657982742115			
IPA_KDM6B_UP	0.23322564212009886			
GSE14350_TREG_VS_TEFF_UP	0.23321129100305432			
GSE17721_CTRL_VS_GARDIQUIMOD_0.5H_BMDC_DN	0.23320542692958138			
ZHAN_MULTIPLE_MYELOMA_HP_DN	0.2331990821511528			
GO_EARLY_PHAGOSOME	0.23319787801312167			
GO_PROTEASOMAL_UBIQUITIN_INDEPENDENT_PROTEIN_CATABOLIC_PROCESS	0.23319339150316984			
GSE1791_CTRL_VS_NEUROMEDINU_IN_T_CELL_LINE_3H_UP	0.23319322913250062			
MARSHALL_VIRAL_INFECTION_RESPONSE_DN	0.23319149826002467			
GSE17322_CD103_POS_VS_CD11B_HIGH_LUNG_DC_UP	0.23319144123045596			
REACTOME_INTERLEUKIN_1_FAMILY_SIGNALING	0.23318907471843434			
chr9p11	0.2331884175485257			
GSE32986_UNSTIM_VS_GMCSF_AND_CURDLAN_HIGHDOSE_STIM_DC_DN	0.23318579218473906			
FIGUEROA_AML_METHYLATION_CLUSTER_2_DN	0.23318006911426306			
SCHAEFFER_PROSTATE_DEVELOPMENT_12HR_DN	0.23317908514378496			
GSE3920_IFNB_VS_IFNG_TREATED_ENDOTHELIAL_CELL_DN	0.2331777784062702			
GO_REGULATION_OF_COLLAGEN_METABOLIC_PROCESS	0.2331752377925758			
GO_MCM_COMPLEX	0.2331749090254732			
GO_REGULATION_OF_DNA_LIGATION	0.23317460718407645			
GSE22601_DOUBLE_NEGATIVE_VS_CD4_SINGLE_POSITIVE_THYMOCYTE_UP	0.2331733523365551			
GO_ANNEALING_HELICASE_ACTIVITY	0.23317068410276226			
GSE30971_WBP7_HET_VS_KO_MACROPHAGE_UP	0.23316515788743614			
GO_CONNECTIVE_TISSUE_DEVELOPMENT	0.2331499021611544			
GAVIN_FOXP3_TARGETS_CLUSTER_P6	0.23314136116797474			
GSE24671_BAKIMULC_VS_SENDAI_VIRUS_INFECTED_MOUSE_SPLENOCYTES_UP	0.23314126832998366			
MIR6755_5P	0.23313752274875352			
IPA_TRIM24_DN	0.23313430208969857			
GSE36888_UNTREATED_VS_IL2_TREATED_STAT5_AB_KNOCKIN_TCELL_2H_DN	0.23312493091553693			
GSE43863_DAY6_EFF_VS_DAY150_MEM_TH1_CD4_TCELL_UP	0.23311994916584008			
GO_POSITIVE_REGULATION_OF_MACROAUTOPHAGY	0.2331145174168199			
MIR3661	0.23311430633999297			
MIR542_3P	0.2331089362146222			
PARK_APL_PATHOGENESIS_DN	0.23307655917998868			
KEGG_PANTOTHENATE_AND_COA_BIOSYNTHESIS	0.23307132373043685			
GSE5542_UNTREATED_VS_IFNG_TREATED_EPITHELIAL_CELLS_24H_UP	0.2330675013910776			
GSE37301_HEMATOPOIETIC_STEM_CELL_VS_MULTIPOTENT_PROGENITOR_DN	0.23306064635112042			
GSE13547_WT_VS_ZFX_KO_BCELL_ANTI_IGM_STIM_2H_UP	0.2330571736170574			
GSE1460_NAIVE_CD4_TCELL_ADULT_BLOOD_VS_THYMIC_STROMAL_CELL_DN	0.23304917723555538			
GSE27786_BCELL_VS_CD8_TCELL_DN	0.23303607446823763			
GO_MACROPHAGE_DIFFERENTIATION	0.23303295158620832			
GSE360_CTRL_VS_B_MALAYI_HIGH_DOSE_DC_DN	0.23303275572418378			
GSE11961_MARGINAL_ZONE_BCELL_VS_GERMINAL_CENTER_BCELL_DAY40_DN	0.23303131810933653			
GO_CELLULAR_RESPONSE_TO_LIPID	0.23302335561389778			
GO_NEGATIVE_REGULATION_OF_PROTEIN_KINASE_B_SIGNALING	0.23301293197630008			
REACTOME_INFECTIOUS_DISEASE	0.23301085989175052			
GSE3982_DC_VS_CENT_MEMORY_CD4_TCELL_DN	0.23298035378253165			
REACTOME_ZINC_EFFLUX_AND_COMPARTMENTALIZATION_BY_THE_SLC30_FAMILY	0.23297361938617256			
GSE42021_TCONV_PLN_VS_CD24HI_TCONV_THYMUS_UP	0.23296807601225322			
HOFFMANN_IMMATURE_TO_MATURE_B_LYMPHOCYTE_DN	0.23295845548294403			
GO_POSITIVE_REGULATION_OF_PROTEIN_POLYMERIZATION	0.2329548791885306			
GO_RRNA_3_END_PROCESSING	0.23294564144416585			
GO_POSITIVE_REGULATION_OF_SYNAPTIC_TRANSMISSION_DOPAMINERGIC	0.23294179188314773			
GSE5960_TH1_VS_ANERGIC_TH1_UP	0.23293220252165242			
PID_TGFBR_PATHWAY	0.23293103285481476			
GSE2128_CTRL_VS_MIMETOPE_NEGATIVE_SELECTION_DP_THYMOCYTE_NOD_UP	0.23292094752657813			
GO_B_CELL_CHEMOTAXIS	0.23292052746910985			
GO_HELICASE_ACTIVITY	0.2329188743512322			
IPA_JUNB_UP	0.2329110386489369			
GO_IMMUNOLOGICAL_SYNAPSE_FORMATION	0.2329056119875059			
PUJANA_ATM_PCC_NETWORK	0.23290081796794643			
BIOCARTA_HSP27_PATHWAY	0.2328993792628696			
GSE36888_UNTREATED_VS_IL2_TREATED_STAT5_AB_KNOCKIN_TCELL_6H_DN	0.2328970058894918			
GO_COMPLEMENT_ACTIVATION	0.23289498015324916			
GSE360_CTRL_VS_L_MAJOR_DC_UP	0.2328934684503263			
MITSIADES_RESPONSE_TO_APLIDIN_UP	0.2328812727607803			
GSE3982_DC_VS_MAC_LPS_STIM_DN	0.23285964592193378			
GSE21927_SPLENIC_C26GM_TUMOROUS_VS_BONE_MARROW_MONOCYTES_DN	0.23285442550945648			
GSE26928_NAIVE_VS_EFF_MEMORY_CD4_TCELL_DN	0.23284093198685069			
GSE29617_DAY3_VS_DAY7_TIV_FLU_VACCINE_PBMC_2008_DN	0.23284031666906532			
SHIRAISHI_PLZF_TARGETS_UP	0.23283985864015125			
REACTOME_G1_S_SPECIFIC_TRANSCRIPTION	0.23282576135397737			
KAECH_DAY8_EFF_VS_MEMORY_CD8_TCELL_UP	0.23282364734154395			
GO_NEGATIVE_REGULATION_OF_DEFENSE_RESPONSE_TO_VIRUS	0.23281871167143778			
GO_PLASMINOGEN_ACTIVATION	0.232815626779159			
GO_CLEAVAGE_INVOLVED_IN_RRNA_PROCESSING	0.23280657914806532			
GSE23505_UNTREATED_VS_4DAY_IL6_IL1_IL23_TREATED_CD4_TCELL_UP	0.23280622875903673			
GO_NEGATIVE_REGULATION_OF_INTERLEUKIN_2_BIOSYNTHETIC_PROCESS	0.23280358727758727			
GO_ORGANIC_CYCLIC_COMPOUND_CATABOLIC_PROCESS	0.23280144006719658			
GSE9006_HEALTHY_VS_TYPE_1_DIABETES_PBMC_AT_DX_UP	0.23279224568096935			
GSE27786_LSK_VS_NKTCELL_DN	0.23278104129326782			
IPA_IRF3_UP	0.232774939896777			
CHIANG_LIVER_CANCER_SUBCLASS_CTNNB1_DN	0.23276854721465565			
YAGI_AML_WITH_T_9_11_TRANSLOCATION	0.23276445219082542			
GO_POSITIVE_REGULATION_OF_CHROMATIN_SILENCING	0.23276133126228848			
WORSCHECH_TUMOR_EVASION_AND_TOLEROGENICITY_UP	0.23276019154818647			
REACTOME_DISEASES_ASSOCIATED_WITH_GLYCOSAMINOGLYCAN_METABOLISM	0.23275819656993255			
GO_REGULATION_OF_LEUKOCYTE_APOPTOTIC_PROCESS	0.23275466011361517			
GO_AGING	0.23275423699081169			
GSE29618_MONOCYTE_VS_PDC_DAY7_FLU_VACCINE_DN	0.23275029865587715			
GO_MITOTIC_DNA_REPLICATION_CHECKPOINT	0.2327469590275115			
GO_ENDOLYSOSOME	0.23274377152299422			
GABRIELY_MIR21_TARGETS	0.23273656249990385			
IPA_FLI1_UP	0.2327341385579328			
REACTOME_DUAL_INCISION_IN_GG_NER	0.23272268176781907			
GSE31082_DP_VS_CD4_SP_THYMOCYTE_DN	0.23271704558456108			
GSE13411_SWITCHED_MEMORY_BCELL_VS_PLASMA_CELL_DN	0.23271519318543782			
GO_REGULATION_OF_TRANSFERASE_ACTIVITY	0.23271282761738846			
BURTON_ADIPOGENESIS_12	0.23270555382984548			
MIR3064_3P	0.23270304022850197			
MENSE_HYPOXIA_UP	0.23269575814000376			
GEISS_RESPONSE_TO_DSRNA_UP	0.23269534822681676			
GO_MRNA_PSEUDOURIDINE_SYNTHESIS	0.23268486304380825			
MOOTHA_TCA	0.23267978698267677			
GO_POSITIVE_T_CELL_SELECTION	0.23267958135150374			
GSE32034_UNTREATED_VS_ROSIGLIZATONE_TREATED_LY6C_HIGH_MONOCYTE_UP	0.23267281774742196			
GO_REGULATION_OF_FC_GAMMA_RECEPTOR_SIGNALING_PATHWAY_INVOLVED_IN_PHAGOCYTOSIS	0.23267260512329455			
KEGG_LEISHMANIA_INFECTION	0.23264967756565758			
GO_REGULATION_OF_HUMORAL_IMMUNE_RESPONSE	0.23264933758192238			
BAUS_TFF2_TARGETS_UP	0.23263193040656746			
GO_GLUCOCORTICOID_METABOLIC_PROCESS	0.23263167092172293			
GO_EXTRACELLULAR_MATRIX_ASSEMBLY	0.23262846361860795			
GO_CYTOKINE_BINDING	0.23262642737858305			
GO_REGULATION_OF_SUPEROXIDE_METABOLIC_PROCESS	0.2326241765638726			
GO_POSITIVE_REGULATION_OF_INTERLEUKIN_23_PRODUCTION	0.2326114437437395			
GO_CYCLOHYDROLASE_ACTIVITY	0.2326102588740801			
REACTOME_HOMOLOGY_DIRECTED_REPAIR	0.23260847285245054			
GO_POSITIVE_REGULATION_OF_DEPHOSPHORYLATION	0.23260184404885173			
GO_ENDONUCLEASE_ACTIVITY_ACTIVE_WITH_EITHER_RIBO_OR_DEOXYRIBONUCLEIC_ACIDS_AND_PRODUCING_5_PHOSPHOMONOESTERS	0.23260157927554032			
REACTOME_INTERLEUKIN_9_SIGNALING	0.23259633925792544			
REACTOME_FCERI_MEDIATED_CA_2_MOBILIZATION	0.23259527374197905			
E2F1_Q6_01	0.23258783821675205			
GSE14000_UNSTIM_VS_4H_LPS_DC_TRANSLATED_RNA_DN	0.23257886621381924			
GO_PHOSPHOLIPASE_INHIBITOR_ACTIVITY	0.23256391412423963			
IPA_SP3_UP	0.23256103100744321			
chr5p12	0.2325591740402738			
GSE13738_RESTING_VS_TCR_ACTIVATED_CD4_TCELL_UP	0.23255437976878682			
GSE16755_CTRL_VS_IFNA_TREATED_MAC_DN	0.2325482527043752			
PKCA_DN.V1_DN	0.2325471199280863			
SUZUKI_RESPONSE_TO_TSA	0.23253781795454564			
GSE13411_IGM_MEMORY_BCELL_VS_PLASMA_CELL_UP	0.23252873056393436			
IPA_TLX3_UP	0.23252749010719534			
GO_POSITIVE_REGULATION_OF_INTRACELLULAR_LIPID_TRANSPORT	0.23252188517637284			
GO_REGULATION_OF_SPROUTING_ANGIOGENESIS	0.23251578095135417			
IPA_DDB2_UP	0.23249882402946545			
GSE1791_CTRL_VS_NEUROMEDINU_IN_T_CELL_LINE_0.8H_UP	0.2324863735903313			
KEGG_GLYCOLYSIS_GLUCONEOGENESIS	0.2324850745722427			
GSE34156_NOD2_LIGAND_VS_TLR1_TLR2_LIGAND_6H_TREATED_MONOCYTE_UP	0.2324799747715048			
MIR4263	0.2324754597696787			
GO_INTERFERON_BETA_SECRETION	0.23247461349484025			
LU_TUMOR_ANGIOGENESIS_UP	0.23246128112964093			
MIKKELSEN_PLURIPOTENT_STATE_UP	0.23245769669850327			
GO_PLATELET_DERIVED_GROWTH_FACTOR_RECEPTOR_BETA_SIGNALING_PATHWAY	0.23245185801828713			
GO_IGE_BINDING	0.23244705059117382			
RAY_TUMORIGENESIS_BY_ERBB2_CDC25A_UP	0.23244494501460364			
REACTOME_INTERLEUKIN_18_SIGNALING	0.2324426570453488			
GO_GALACTOSIDASE_ACTIVITY	0.2324420065398836			
GSE6259_BCELL_VS_CD8_TCELL_DN	0.23243606703937186			
IPA_GLI3_UP	0.23243141802300948			
GSE18281_CORTEX_VS_MEDULLA_THYMUS_UP	0.23240871676887073			
GSE1112_OT1_VS_HY_CD8AB_THYMOCYTE_RTOC_CULTURE_DN	0.23239427762937012			
GSE13547_2H_VS_12_H_ANTI_IGM_STIM_ZFX_KO_BCELL_UP	0.23238905503212642			
GO_ACTIN_FILAMENT_BASED_MOVEMENT	0.23238770847241166			
GSE30971_CTRL_VS_LPS_STIM_MACROPHAGE_WBP7_HET_2H_DN	0.23238193922650194			
WIKMAN_ASBESTOS_LUNG_CANCER_DN	0.23237480630157178			
IPA_PROX1_DN	0.2323718461996336			
GO_PEPTIDE_CROSS_LINKING	0.23237153525292825			
GSE25088_WT_VS_STAT6_KO_MACROPHAGE_ROSIGLITAZONE_STIM_DN	0.2323620482305285			
GO_PROTEIN_HOMODIMERIZATION_ACTIVITY	0.2323561279084505			
GSE17721_CPG_VS_GARDIQUIMOD_1H_BMDC_UP	0.2323528121002839			
GSE2770_UNTREATED_VS_TGFB_AND_IL4_TREATED_ACT_CD4_TCELL_2H_DN	0.23234992398323906			
GSE12392_WT_VS_IFNAR_KO_CD8A_NEG_SPLEEN_DC_UP	0.23234815511491372			
GO_RESPONSE_TO_REACTIVE_OXYGEN_SPECIES	0.23234638124426316			
GO_CTF18_RFC_LIKE_COMPLEX	0.23233992070104448			
GO_GAMMA_DELTA_T_CELL_DIFFERENTIATION	0.23232619941806903			
KUMAMOTO_RESPONSE_TO_NUTLIN_3A_DN	0.2323223460561988			
GO_TYPE_I_INTERFERON_RECEPTOR_BINDING	0.23231488493784525			
GSE7509_DC_VS_MONOCYTE_DN	0.23231098016892912			
GSE36476_CTRL_VS_TSST_ACT_40H_MEMORY_CD4_TCELL_YOUNG_UP	0.23231059326361958			
GO_REGULATION_OF_GENERATION_OF_PRECURSOR_METABOLITES_AND_ENERGY	0.23230790153763814			
RAO_BOUND_BY_SALL4_ISOFORM_B	0.23230688517023865			
GO_CARD_DOMAIN_BINDING	0.2322998461821865			
GSE37301_HEMATOPOIETIC_STEM_CELL_VS_COMMON_LYMPHOID_PROGENITOR_DN	0.23229355084483214			
GO_POSITIVE_REGULATION_OF_MESENCHYMAL_CELL_PROLIFERATION	0.23228478238782826			
LU_IL4_SIGNALING	0.23228280679734034			
HDAC8_TARGET_GENES	0.23228035187075546			
MIR5087	0.23226492594988205			
MIR8081	0.23225607154184877			
GSE43955_1H_VS_60H_ACT_CD4_TCELL_UP	0.23225522151873726			
MIR6877_3P	0.23225177675540876			
IPA_DEAF1_UP	0.2322435795761911			
KEGG_SMALL_CELL_LUNG_CANCER	0.2322400734746368			
GSE36826_WT_VS_IL1R_KO_SKIN_DN	0.23223539369101082			
GO_REGULATION_OF_DOUBLE_STRAND_BREAK_REPAIR_VIA_HOMOLOGOUS_RECOMBINATION	0.2322292021060724			
JECHLINGER_EPITHELIAL_TO_MESENCHYMAL_TRANSITION_UP	0.23222576060252792			
GO_COLLAGEN_BIOSYNTHETIC_PROCESS	0.2322225005225513			
GO_C21_STEROID_HORMONE_BIOSYNTHETIC_PROCESS	0.23222205788797645			
GO_PROTEIN_NEDDYLATION	0.23221703646868036			
GSE11973_MIR223_KOVS_WT_BONE_MARROW_NEUTROPHIL_UP	0.2322162062602177			
GO_NEGATIVE_REGULATION_OF_SODIUM_ION_TRANSMEMBRANE_TRANSPORT	0.2322083707757804			
GO_PROTEIN_KINASE_COMPLEX	0.23219626963386433			
IPA_MYC_UP	0.23219467217030149			
GSE9037_WT_VS_IRAK4_KO_LPS_4H_STIM_BMDM_DN	0.23219219010099604			
GO_MANNOSE_BINDING	0.23219022179572177			
GO_REGULATION_OF_ACTIN_FILAMENT_BUNDLE_ASSEMBLY	0.23218892073489916			
ZHAN_LATE_DIFFERENTIATION_GENES_UP	0.23218475142095094			
REACTOME_ABACAVIR_TRANSPORT_AND_METABOLISM	0.232179239550956			
REACTOME_SYNTHESIS_OF_LIPOXINS_LX	0.2321772612072523			
GO_REGULATION_OF_FIBROBLAST_MIGRATION	0.23217379885952813			
MIR6777_3P	0.23217138748157354			
GSE20500_CTRL_VS_RARA_ANTAGONIST_TREATED_CD4_TCELL_DN	0.23217013508485368			
IPA_SPDEF_DN	0.23216623672296458			
GO_INTERLEUKIN_21_MEDIATED_SIGNALING_PATHWAY	0.23216300710836305			
GSE8921_UNSTIM_0H_VS_TLR1_2_STIM_MONOCYTE_12H_UP	0.23215773179082033			
GSE10239_MEMORY_VS_DAY4.5_EFF_CD8_TCELL_UP	0.23215577925230022			
GO_POSITIVE_REGULATION_OF_CHEMOKINE_PRODUCTION	0.23214778956022064			
GO_HYDROGEN_PEROXIDE_METABOLIC_PROCESS	0.2321457817372955			
MULLIGHAN_MLL_SIGNATURE_2_DN	0.2321456781861502			
GO_NEGATIVE_REGULATION_OF_NATURAL_KILLER_CELL_MEDIATED_IMMUNITY	0.23214159663380177			
GO_TRIGLYCERIDE_CATABOLIC_PROCESS	0.23213429903993518			
IPA_NFIX_DN	0.23213408027251806			
GO_PARAXIAL_MESODERM_DEVELOPMENT	0.23213110877747895			
GSE17721_12H_VS_24H_GARDIQUIMOD_BMDC_UP	0.2321206390174873			
REACTOME_DISORDERS_OF_TRANSMEMBRANE_TRANSPORTERS	0.2321135460923922			
IPA_BHLHE41_DN	0.2321085246094236			
IPA_CREBBP_DN	0.23209462224758315			
GO_HYDROLASE_ACTIVITY_ACTING_ON_CARBON_NITROGEN_BUT_NOT_PEPTIDE_BONDS	0.2320945263520228			
GSE13485_DAY1_VS_DAY7_YF17D_VACCINE_PBMC_DN	0.23208974605082647			
GCNP_SHH_UP_EARLY.V1_UP	0.23208739601861264			
BIOCARTA_NO1_PATHWAY	0.23207680564102995			
MIR378H	0.23207110548788845			
GSE21063_3H_VS_16H_ANTI_IGM_STIM_BCELL_DN	0.23207015734583708			
MATSUDA_NATURAL_KILLER_DIFFERENTIATION	0.232067983732061			
GSE35435_RESTING_VS_IL4_TREATED_MACROPHAGE_UP	0.23206388196493064			
GO_POSITIVE_REGULATION_OF_MAINTENANCE_OF_SISTER_CHROMATID_COHESION	0.23205297023409113			
WATANABE_ULCERATIVE_COLITIS_WITH_CANCER_DN	0.23203886190955678			
GO_METANEPHRIC_COLLECTING_DUCT_DEVELOPMENT	0.23203817948650166			
GO_CELL_COMMUNICATION_BY_ELECTRICAL_COUPLING_INVOLVED_IN_CARDIAC_CONDUCTION	0.2320305435489169			
GO_POSITIVE_REGULATION_OF_GAMMA_DELTA_T_CELL_ACTIVATION	0.23202076878071276			
GO_POSITIVE_REGULATION_OF_CELL_CYCLE_G1_S_PHASE_TRANSITION	0.2320205485113872			
GSE7219_UNSTIM_VS_LPS_AND_ANTI_CD40_STIM_DC_DN	0.23201814457386485			
GO_ACETYL_COA_BIOSYNTHETIC_PROCESS_FROM_PYRUVATE	0.23201382917769706			
GSE39820_CTRL_VS_IL1B_IL6_IL23A_CD4_TCELL_UP	0.23200116577785326			
GLI1_UP.V1_UP	0.2320002223083405			
GO_ISOPRENOID_METABOLIC_PROCESS	0.2319723721532158			
GSE19825_NAIVE_VS_DAY3_EFF_CD8_TCELL_DN	0.23196853403117906			
HINATA_NFKB_TARGETS_FIBROBLAST_UP	0.2319677786044776			
IPA_CREM_UP	0.23196298350563807			
GO_POLY_A_PLUS_MRNA_EXPORT_FROM_NUCLEUS	0.23195550061663264			
GO_POSITIVE_REGULATION_OF_BLOOD_VESSEL_ENDOTHELIAL_CELL_PROLIFERATION_INVOLVED_IN_SPROUTING_ANGIOGENESIS	0.2319553199237982			
GSE40274_FOXP3_VS_FOXP3_AND_GATA1_TRANSDUCED_ACTIVATED_CD4_TCELL_DN	0.23195079357178305			
GO_OXIDOREDUCTASE_ACTIVITY_ACTING_ON_A_SULFUR_GROUP_OF_DONORS_NAD_P_AS_ACCEPTOR	0.23194085644317006			
XU_HGF_SIGNALING_NOT_VIA_AKT1_48HR_DN	0.2319407671140605			
BENPORATH_NANOG_TARGETS	0.2319376496874345			
GSE1460_CORD_VS_ADULT_BLOOD_NAIVE_CD4_TCELL_DN	0.23193305549331672			
RICKMAN_HEAD_AND_NECK_CANCER_B	0.2319312942413069			
TONKS_TARGETS_OF_RUNX1_RUNX1T1_FUSION_ERYTHROCYTE_DN	0.23192858240736844			
GSE369_SOCS3_KO_VS_IFNG_KO_LIVER_DN	0.23192827398449795			
GO_ACTIVATION_OF_PROTEIN_KINASE_ACTIVITY	0.2319236500825071			
GSE40666_NAIVE_VS_EFFECTOR_CD8_TCELL_WITH_IFNA_STIM_90MIN_UP	0.2319188886429482			
GSE3337_4H_VS_16H_IFNG_IN_CD8POS_DC_DN	0.2319186169427804			
GO_ALPHA_AMINO_ACID_BIOSYNTHETIC_PROCESS	0.2319176675648974			
GO_REGULATION_OF_MEIOSIS_I	0.23189794391526541			
MIR223_5P	0.23188624432983063			
GO_RADIAL_SPOKE	0.23188086904005953			
GGGCATT_MIR365	0.23187174209756645			
GO_REGULATION_OF_EXTRINSIC_APOPTOTIC_SIGNALING_PATHWAY	0.2318700857517177			
IPA_ETS1_UP	0.23186471836959727			
GO_NEGATIVE_REGULATION_OF_INTERLEUKIN_8_BIOSYNTHETIC_PROCESS	0.23185940414152298			
PAL_PRMT5_TARGETS_UP	0.2318584573763488			
GO_DSRNA_TRANSPORT	0.23185801642538306			
GSE24292_WT_VS_PPARG_KO_MACROPHAGE_UP	0.23185019204004365			
GSE6674_UNSTIM_VS_ANTI_IGM_AND_CPG_STIM_BCELL_DN	0.23184720105939027			
chr5q22	0.23184356831445224			
GSE16385_UNTREATED_VS_12H_IL4_TREATED_MACROPHAGE_DN	0.23184334474875914			
REACTOME_RESOLUTION_OF_D_LOOP_STRUCTURES	0.23183811881167932			
GO_REGULATION_OF_MALE_GONAD_DEVELOPMENT	0.2318175010972364			
GSE3039_CD4_TCELL_VS_B1_BCELL_DN	0.2318153024984781			
GSE9960_GRAM_NEG_VS_GRAM_POS_SEPSIS_PBMC_UP	0.23180665317131			
REACTOME_SIGNAL_REGULATORY_PROTEIN_FAMILY_INTERACTIONS	0.23179450996107057			
BENPORATH_MYC_MAX_TARGETS	0.23179112608362984			
GO_COPII_COATED_VESICLE_CARGO_LOADING	0.23178502543180016			
GSE40666_WT_VS_STAT4_KO_CD8_TCELL_WITH_IFNA_STIM_90MIN_DN	0.2317838739017116			
REACTOME_INTERFERON_GAMMA_SIGNALING	0.23177769689484543			
GO_CELLULAR_RESPONSE_TO_TOXIC_SUBSTANCE	0.23177643190486102			
PAPASPYRIDONOS_UNSTABLE_ATEROSCLEROTIC_PLAQUE_DN	0.23177423621810714			
MEIS1BHOXA9_01	0.23176992586874232			
TATAAA_TATA_01	0.23176564795500346			
GSE27786_LSK_VS_NEUTROPHIL_DN	0.23176339513355618			
IPA_HMGA1_DN	0.23175889319350582			
GO_GLYCOLYTIC_PROCESS_THROUGH_FRUCTOSE_6_PHOSPHATE	0.23175397230438904			
E2F_02	0.23174757666101228			
GO_REPLICATION_FORK_PROTECTION_COMPLEX	0.23174665053284624			
REACTOME_E2F_MEDIATED_REGULATION_OF_DNA_REPLICATION	0.2317447129123045			
GO_PODOSOME_ASSEMBLY	0.23174240294336057			
DARWICHE_PAPILLOMA_RISK_HIGH_UP	0.23174029446293945			
GSE36009_UNSTIM_VS_LPS_STIM_DC_DN	0.23172104008122016			
chr3q26	0.23171795506480602			
GO_POSITIVE_REGULATION_OF_INTERFERON_BETA_PRODUCTION	0.2317099008994445			
GO_ACTIN_BINDING	0.2317058227016016			
GO_NEGATIVE_REGULATION_OF_ASTROCYTE_ACTIVATION	0.23170449440075233			
GSE24726_WT_VS_E2_22_KO_PDC_DAY4_POST_DELETION_DN	0.2317019688420366			
REACTOME_ERYTHROCYTES_TAKE_UP_OXYGEN_AND_RELEASE_CARBON_DIOXIDE	0.231700199587303			
GSE12366_NAIVE_VS_MEMORY_BCELL_UP	0.2316938365959625			
GO_MHC_CLASS_IB_RECEPTOR_ACTIVITY	0.23169096506098621			
GSE411_WT_VS_SOCS3_KO_MACROPHAGE_IL6_STIM_100MIN_DN	0.2316891572457255			
GO_EXTRACELLULAR_MATRIX_STRUCTURAL_CONSTITUENT	0.23168338928799298			
MIR4795_3P	0.23167734084839564			
GSE360_L_DONOVANI_VS_B_MALAYI_HIGH_DOSE_MAC_UP	0.2316722299883971			
SAGIV_CD24_TARGETS_DN	0.23167206524813197			
DER_IFN_GAMMA_RESPONSE_UP	0.2316702102439436			
GO_POSITIVE_REGULATION_OF_OXIDATIVE_STRESS_INDUCED_INTRINSIC_APOPTOTIC_SIGNALING_PATHWAY	0.23166856778324274			
IPA_H2AFX_DN	0.23166131942569632			
BERTUCCI_MEDULLARY_VS_DUCTAL_BREAST_CANCER_UP	0.23166029010263017			
IPA_SP4_DN	0.23165731707843581			
IPA_RUNX1T1_UP	0.231651040022089			
MIKKELSEN_ES_LCP_WITH_H3K27ME3	0.23164823851059088			
GO_NEGATIVE_REGULATION_OF_HISTONE_H3_K4_METHYLATION	0.23164733202495605			
GO_CONDENSED_NUCLEAR_CHROMOSOME	0.23164672857059226			
REACTOME_FOXO_MEDIATED_TRANSCRIPTION_OF_OXIDATIVE_STRESS_METABOLIC_AND_NEURONAL_GENES	0.23164390051394926			
GO_MHC_CLASS_IB_PROTEIN_BINDING	0.2316422958953332			
GSE25088_ROSIGLITAZONE_VS_IL4_AND_ROSIGLITAZONE_STIM_STAT6_KO_MACROPHAGE_DAY10_UP	0.23163819083975554			
GO_CELLULAR_RESPONSE_TO_GLUCOSE_STARVATION	0.23163738941105058			
BIOCARTA_TNFR2_PATHWAY	0.2316304536472545			
E2F4DP2_01	0.23162838333747957			
E2F1DP1_01	0.23162838333747957			
E2F1DP2_01	0.23162838333747957			
GSE19888_ADENOSINE_A3R_INH_VS_INH_PRETREAT_AND_ACT_WITH_TCELL_MEMBRANES_MAST_CELL_UP	0.23161612918531238			
DOT1L_TARGET_GENES	0.23160848506724138			
REACTOME_FC_EPSILON_RECEPTOR_FCERI_SIGNALING	0.23160286424549661			
REACTOME_CARDIAC_CONDUCTION	0.23158162266560767			
GSE17974_0.5H_VS_72H_UNTREATED_IN_VITRO_CD4_TCELL_DN	0.23157043498699106			
BIOCARTA_LAIR_PATHWAY	0.23156360393639613			
GSE34006_WT_VS_A2AR_KO_TREG_DN	0.23156293140423764			
MIKHAYLOVA_OXIDATIVE_STRESS_RESPONSE_VIA_VHL_DN	0.23155174509851817			
GO_MHC_CLASS_II_BIOSYNTHETIC_PROCESS	0.23154777798707055			
GSE18893_TCONV_VS_TREG_2H_CULTURE_DN	0.23154562958328123			
GSE6269_HEALTHY_VS_STAPH_AUREUS_INF_PBMC_UP	0.2315370806836662			
KEGG_FOCAL_ADHESION	0.23152148770454464			
GO_MYELOID_CELL_APOPTOTIC_PROCESS	0.23151309576743814			
GSE36888_STAT5_AB_KNOCKIN_VS_WT_TCELL_IL2_TREATED_17H_UP	0.23150844567700044			
GO_SIGNAL_TRANSDUCTION_IN_RESPONSE_TO_DNA_DAMAGE	0.23149858454097352			
GO_MEMBRANE_RAFT_LOCALIZATION	0.23149858005083127			
GO_REGULATION_OF_DEFENSE_RESPONSE_TO_VIRUS	0.23149386385176424			
GO_PARKIN_MEDIATED_STIMULATION_OF_MITOPHAGY_IN_RESPONSE_TO_MITOCHONDRIAL_DEPOLARIZATION	0.2314924329552049			
GO_POSITIVE_REGULATION_OF_CELLULAR_RESPIRATION	0.2314829072496588			
IPA_TP63_UP	0.23147359353375596			
GO_T_HELPER_17_CELL_LINEAGE_COMMITMENT	0.23147175937619605			
GO_LEUKOCYTE_DIFFERENTIATION	0.2314661849940478			
FARMER_BREAST_CANCER_CLUSTER_1	0.2314627891177574			
GSE1460_CD4_THYMOCYTE_VS_NAIVE_CD4_TCELL_CORD_BLOOD_UP	0.23146154087487733			
MIKKELSEN_MEF_LCP_WITH_H3K4ME3	0.23145385557683926			
GSE24142_EARLY_THYMIC_PROGENITOR_VS_DN2_THYMOCYTE_FETAL_DN	0.23145349618001976			
BIOCARTA_ERYTH_PATHWAY	0.23145338232665671			
GSE22432_CDC_VS_COMMON_DC_PROGENITOR_UP	0.23145226779990213			
GSE45365_WT_VS_IFNAR_KO_BCELL_DN	0.2314522461557774			
LI_INDUCED_T_TO_NATURAL_KILLER_UP	0.23145098231298153			
GSE2706_UNSTIM_VS_2H_LPS_DC_DN	0.23144004871018375			
IPA_CREB1_UP	0.23143827930021565			
GSE40666_WT_VS_STAT1_KO_CD8_TCELL_UP	0.23143708169251861			
GTAAGAT_MIR200A	0.23143475400851923			
GO_RESPONSE_TO_FLUID_SHEAR_STRESS	0.23143172045038296			
GO_PROTEIN_LIPID_COMPLEX_SUBUNIT_ORGANIZATION	0.2314300013625055			
GSE15750_DAY6_VS_DAY10_EFF_CD8_TCELL_DN	0.23142947903029282			
GSE27786_BCELL_VS_NKTCELL_DN	0.23141466905929464			
PICCALUGA_ANGIOIMMUNOBLASTIC_LYMPHOMA_UP	0.23141382917441528			
chr5q31	0.23140142574168973			
KEGG_JAK_STAT_SIGNALING_PATHWAY	0.23139477434284317			
GO_UBIQUITIN_LIGASE_INHIBITOR_ACTIVITY	0.2313910581215155			
GSE17721_0.5H_VS_24H_CPG_BMDC_UP	0.2313829078196537			
SILIGAN_TARGETS_OF_EWS_FLI1_FUSION_DN	0.23137563002262118			
GSE23308_WT_VS_MINERALCORTICOID_REC_KO_MACROPHAGE_DN	0.23137479936891883			
GO_PEPTIDYL_LYSINE_DEACETYLATION	0.2313727212016557			
GSE2128_C57BL6_VS_NOD_THYMOCYTE_UP	0.23136966117530852			
GSE13485_CTRL_VS_DAY3_YF17D_VACCINE_PBMC_DN	0.2313685724352563			
GSE27786_LIN_NEG_VS_CD4_TCELL_DN	0.23136239281773124			
GSE43956_WT_VS_SGK1_KO_TH17_DIFFERENTIATED_CD4_TCELL_DN	0.23136199482795963			
GSE15930_STIM_VS_STIM_AND_IL12_48H_CD8_T_CELL_DN	0.23136159575120901			
GSE43955_TH0_VS_TGFB_IL6_TH17_ACT_CD4_TCELL_20H_UP	0.23135834076781014			
FIRESTEIN_PROLIFERATION	0.23135072936632214			
GO_SODIUM_BICARBONATE_SYMPORTER_ACTIVITY	0.2313315413051224			
GO_CELLULAR_RESPONSE_TO_ALKALOID	0.23132736781235566			
GO_CELLULAR_RESPONSE_TO_MECHANICAL_STIMULUS	0.23132704281415575			
REACTOME_ANTIGEN_PROCESSING_CROSS_PRESENTATION	0.2313242442252605			
GSE40274_CTRL_VS_FOXP3_AND_EOS_TRANSDUCED_ACTIVATED_CD4_TCELL_UP	0.23132402623260104			
SHIPP_DLBCL_VS_FOLLICULAR_LYMPHOMA_DN	0.2313137775930986			
GO_INTERLEUKIN_35_MEDIATED_SIGNALING_PATHWAY	0.23131293569304726			
GSE4748_LPS_VS_LPS_AND_CYANOBACTERIUM_LPSLIKE_STIM_DC_3H_UP	0.23131077059627608			
GSE8678_IL7R_LOW_VS_HIGH_EFF_CD8_TCELL_UP	0.23129059811852176			
REACTOME_INHIBITION_OF_REPLICATION_INITIATION_OF_DAMAGED_DNA_BY_RB1_E2F1	0.23128319867030936			
GSE1112_HY_CD8AB_VS_HY_CD8AA_THYMOCYTE_RTOC_CULTURE_UP	0.23128084010300445			
GSE10422_WT_VS_BAFF_TRANSGENIC_LN_BCELL_DN	0.23127768556889694			
GO_INTERLEUKIN_17_SECRETION	0.23127366148877812			
GO_NEGATIVE_REGULATION_OF_INTERLEUKIN_1_PRODUCTION	0.23126470323843087			
GSE15750_DAY6_VS_DAY10_TRAF6KO_EFF_CD8_TCELL_UP	0.23126263556992294			
GSE17721_PAM3CSK4_VS_CPG_2H_BMDC_DN	0.23125917782897215			
GSE22601_DOUBLE_POSITIVE_VS_CD8_SINGLE_POSITIVE_THYMOCYTE_DN	0.23125587372679637			
REACTOME_TRANSCRIPTION_OF_E2F_TARGETS_UNDER_NEGATIVE_CONTROL_BY_DREAM_COMPLEX	0.23125582511867296			
MAHADEVAN_GIST_MORPHOLOGICAL_SWITCH	0.2312498122988031			
GSE22527_ANTI_CD3_INVIVO_VS_UNTREATED_MOUSE_TREG_DN	0.2312485432952472			
RODRIGUES_THYROID_CARCINOMA_ANAPLASTIC_UP	0.2312463980129103			
CROMER_TUMORIGENESIS_UP	0.2312452201015423			
GYORFFY_DOXORUBICIN_RESISTANCE	0.2312426285967655			
BMI1_DN_MEL18_DN.V1_UP	0.2312419299173755			
SHEDDEN_LUNG_CANCER_GOOD_SURVIVAL_A12	0.23123014462986619			
MIR6823_3P	0.23122779266590543			
GSE46606_IRF4MID_VS_WT_CD40L_IL2_IL5_DAY3_STIMULATED_BCELL_DN	0.23122373238435243			
GO_RIBOSOMAL_LARGE_SUBUNIT_EXPORT_FROM_NUCLEUS	0.23121202927780027			
GSE28783_ANTI_MIR33_VS_UNTREATED_ATHEROSCLEROSIS_MACROPHAGE_UP	0.23120343403730703			
KIM_HYPOXIA	0.23120093645542272			
GO_VIRAL_LIFE_CYCLE	0.2311981367526054			
GO_INFLAMMATORY_RESPONSE_TO_WOUNDING	0.23119191694620347			
GSE10325_LUPUS_CD4_TCELL_VS_LUPUS_BCELL_DN	0.23119163478820468			
GSE32533_MIR17_KO_VS_MIR17_OVEREXPRESS_ACT_CD4_TCELL_UP	0.23118170171788038			
REACTOME_RESOLUTION_OF_D_LOOP_STRUCTURES_THROUGH_SYNTHESIS_DEPENDENT_STRAND_ANNEALING_SDSA	0.23117820423903906			
GSE21033_CTRL_VS_POLYIC_STIM_DC_12H_DN	0.23117666667193745			
HUI_MAPK14_TARGETS_UP	0.23117053132537718			
HDAC4_TARGET_GENES	0.2311688673289935			
GO_POSITIVE_REGULATION_OF_TROPHOBLAST_CELL_MIGRATION	0.23116514889370246			
GSE14699_DELETIONAL_TOLERANCE_VS_ACTIVATED_CD8_TCELL_UP	0.23115990701759737			
NFKB_Q6	0.23115979378930296			
KEGG_P53_SIGNALING_PATHWAY	0.2311592121664749			
KEGG_PORPHYRIN_AND_CHLOROPHYLL_METABOLISM	0.23115880222228613			
GSE32423_CTRL_VS_IL4_MEMORY_CD8_TCELL_DN	0.23115329086330616			
GSE45365_HEALTHY_VS_MCMV_INFECTION_CD8A_DC_IFNAR_KO_UP	0.23114988737793338			
GSE28737_FOLLICULAR_VS_MARGINAL_ZONE_BCELL_BCL6_HET_DN	0.2311477524451955			
GSE15330_HSC_VS_LYMPHOID_PRIMED_MULTIPOTENT_PROGENITOR_IKAROS_KO_DN	0.23113095314356813			
GSE15659_NAIVE_CD4_TCELL_VS_NONSUPPRESSIVE_TCELL_DN	0.23112524238431514			
GO_KINETOCHORE_ASSEMBLY	0.23112366831726766			
RAG1_TARGET_GENES	0.2311156452833354			
APPIERTO_RESPONSE_TO_FENRETINIDE_UP	0.23110408615354286			
GSE40274_CTRL_VS_XBP1_TRANSDUCED_ACTIVATED_CD4_TCELL_DN	0.23110095089620153			
GO_LYMPHOCYTE_APOPTOTIC_PROCESS	0.23109923608760857			
GO_PEPTIDASE_ACTIVATOR_ACTIVITY_INVOLVED_IN_APOPTOTIC_PROCESS	0.23109812418112377			
GSE9037_WT_VS_IRAK4_KO_LPS_4H_STIM_BMDM_UP	0.23108786292951067			
GO_CELLULAR_RESPONSE_TO_ETHANOL	0.23108523287285682			
GGCACAT_MIR455	0.23107875137248848			
VANTVEER_BREAST_CANCER_ESR1_DN	0.23107696094159627			
BRACHAT_RESPONSE_TO_CAMPTOTHECIN_DN	0.23107454868239355			
GSE27786_CD8_TCELL_VS_NEUTROPHIL_UP	0.23106923215503616			
GSE21360_PRIMARY_VS_QUATERNARY_MEMORY_CD8_TCELL_DN	0.2310688383928332			
GSE10239_NAIVE_VS_KLRG1HIGH_EFF_CD8_TCELL_DN	0.2310643745382539			
HALMOS_CEBPA_TARGETS_UP	0.2310615212907517			
GSE14908_RESTING_VS_HDM_STIM_CD4_TCELL_NONATOPIC_PATIENT_DN	0.231058839415035			
PID_IL12_STAT4_PATHWAY	0.23104648214926585			
CTIP_DN.V1_UP	0.23104608148348937			
GO_N_N_DIMETHYLANILINE_MONOOXYGENASE_ACTIVITY	0.23104568513722284			
AMIT_SERUM_RESPONSE_40_MCF10A	0.2310429728737379			
GSE37416_0H_VS_3H_F_TULARENSIS_LVS_NEUTROPHIL_DN	0.2310273194404574			
GO_HEMOGLOBIN_BINDING	0.23102442844249768			
PID_PDGFRB_PATHWAY	0.2310228319220103			
MOREAUX_B_LYMPHOCYTE_MATURATION_BY_TACI_DN	0.23102267514533917			
GSE37301_MULTIPOTENT_PROGENITOR_VS_COMMON_LYMPHOID_PROGENITOR_UP	0.23101974969951988			
MIR6778_3P	0.23101191387750547			
GSE12507_PDC_CELL_LINE_VS_IMMATUE_T_CELL_LINE_UP	0.23101170498328683			
GSE3982_EOSINOPHIL_VS_TH1_DN	0.23101036254802487			
GSE41978_ID2_KO_VS_BIM_KO_KLRG1_LOW_EFFECTOR_CD8_TCELL_UP	0.23100511616591782			
chr12q23	0.2310050994159336			
GO_ACYLGLYCEROL_HOMEOSTASIS	0.23098770881766276			
GO_PROTEIN_TARGETING	0.23098045016227586			
IPA_SMAD4_DN	0.23097801527903536			
NAKAMURA_LUNG_CANCER_DIFFERENTIATION_MARKERS	0.23097420898898577			
GO_REGULATION_OF_INTRACELLULAR_SIGNAL_TRANSDUCTION	0.23096644365229782			
MIR410_5P	0.23096531334056253			
GSE12845_IGD_POS_BLOOD_VS_DARKZONE_GC_TONSIL_BCELL_UP	0.23096461922718275			
VETTER_TARGETS_OF_PRKCA_AND_ETS1_DN	0.23096361705381924			
GSE25502_WT_VS_KLF13_KO_THYMIC_MEMORY_LIKE_CD8_TCELL_UP	0.2309624566865965			
GSE29617_CTRL_VS_DAY7_TIV_FLU_VACCINE_PBMC_2008_DN	0.23095903359071845			
GO_DERMATAN_SULFATE_PROTEOGLYCAN_METABOLIC_PROCESS	0.23095638656424486			
GSE2935_UV_INACTIVATED_VS_LIVE_SENDAI_VIRUS_INF_MACROPHAGE_DN	0.2309505332636632			
GO_REGULATION_OF_ANTIGEN_PROCESSING_AND_PRESENTATION	0.23094600561717152			
chr3p11	0.23094559467559053			
GO_ACUTE_INFLAMMATORY_RESPONSE	0.23093645634220258			
ZHENG_FOXP3_TARGETS_UP	0.2309319682749058			
GSE3982_EOSINOPHIL_VS_CENT_MEMORY_CD4_TCELL_DN	0.23093046187492872			
MIR548AO_5P_MIR548AX	0.23092988922436997			
MIR499A_5P	0.23092356177500556			
GO_RESPONSE_TO_UV	0.23092332184219186			
PID_P73PATHWAY	0.23091773041894728			
REACTOME_FORMATION_OF_XYLULOSE_5_PHOSPHATE	0.23091472861437065			
MIR6837_3P	0.2309113036697165			
MIR6869_5P	0.2309055485976682			
GSE18281_SUBCAPSULAR_CORTICAL_REGION_VS_WHOLE_MEDULLA_THYMUS_DN	0.23089652197317992			
IL2_UP.V1_UP	0.23089516780889702			
BENPORATH_CYCLING_GENES	0.23089464404035667			
GO_3_5_DNA_HELICASE_ACTIVITY	0.23088437930231365			
GO_INTRINSIC_APOPTOTIC_SIGNALING_PATHWAY_IN_RESPONSE_TO_HYDROGEN_PEROXIDE	0.2308833061830397			
GSE6674_CPG_VS_PL2_3_STIM_BCELL_DN	0.23087697888330322			
GSE2770_TGFB_AND_IL4_VS_TGFB_AND_IL12_TREATED_ACT_CD4_TCELL_48H_UP	0.2308631250803125			
GNATENKO_PLATELET_SIGNATURE	0.23086203532464003			
MIR323A_5P	0.2308582432027963			
IPA_FLI1_DN	0.230845704311212			
GO_SINGLE_STRANDED_DNA_HELICASE_ACTIVITY	0.23083538496707048			
GO_REGULATION_OF_NK_T_CELL_ACTIVATION	0.23083286169479503			
chr6q15	0.2308306548410842			
GSE32034_LY6C_HIGH_VS_LOW_MONOCYTE_DN	0.2308294889398268			
GSE43863_NAIVE_VS_LY6C_LOW_CXCR5NEG_CD4_EFF_TCELL_D6_LCMV_UP	0.23082146069287426			
GSE23568_CTRL_VS_ID3_TRANSDUCED_CD8_TCELL_DN	0.2308046116165062			
GO_RESPONSE_TO_DSRNA	0.230802647714885			
NEBEN_AML_WITH_FLT3_OR_NRAS_DN	0.23079626533563014			
GSE44649_WT_VS_MIR155_KO_NAIVE_CD8_TCELL_DN	0.23079556215475702			
SCIAN_INVERSED_TARGETS_OF_TP53_AND_TP73_UP	0.23079430846091326			
GO_PROTEIN_LIPID_COMPLEX	0.2307928095047674			
NABA_MATRISOME_ASSOCIATED	0.23078104682070405			
GO_MITOTIC_CELL_CYCLE	0.23077908656571566			
GO_PROTEIN_MEMBRANE_ADAPTOR	0.23076976505518493			
GSE2770_IL4_ACT_VS_ACT_CD4_TCELL_2H_UP	0.2307688485593272			
GSE2585_CD80_HIGH_VS_LOW_AIRE_KO_MTEC_UP	0.23076039984279936			
MIR3664_3P	0.23075967212792922			
GSE3982_BASOPHIL_VS_TH1_DN	0.23075293274255762			
NAKAYAMA_SOFT_TISSUE_TUMORS_PCA1_UP	0.23075192480888973			
GO_EXTERNAL_SIDE_OF_PLASMA_MEMBRANE	0.23075060052718302			
REACTOME_RNA_POLYMERASE_I_PROMOTER_ESCAPE	0.23074526159025613			
GSE42088_UNINF_VS_LEISHMANIA_INF_DC_24H_DN	0.23073835258667638			
HAMAI_APOPTOSIS_VIA_TRAIL_UP	0.23072557739911603			
BAFNA_MUC4_TARGETS_UP	0.23072313353231666			
GSE17974_IL4_AND_ANTI_IL12_VS_UNTREATED_2H_ACT_CD4_TCELL_UP	0.23071631385765592			
MIR376A_2_5P	0.23071606536231629			
REACTOME_GLUCOCORTICOID_BIOSYNTHESIS	0.23071476838472932			
GSE11961_GERMINAL_CENTER_BCELL_DAY7_VS_PLASMA_CELL_DAY7_UP	0.23070853374884268			
GSE37534_UNTREATED_VS_PIOGLITAZONE_TREATED_CD4_TCELL_PPARG1_AND_FOXP3_TRASDUCED_DN	0.23070658130636895			
GSE37301_MULTIPOTENT_PROGENITOR_VS_GRAN_MONO_PROGENITOR_UP	0.23070643545135752			
GSE18791_UNSTIM_VS_NEWCATSLE_VIRUS_DC_6H_DN	0.2307053024349313			
MIR6888_5P	0.2307000769377118			
GSE8384_CTRL_VS_B_ABORTUS_4H_MAC_CELL_LINE_DN	0.23069944185609279			
GO_IMMUNE_RESPONSE_REGULATING_SIGNALING_PATHWAY	0.23069490614401977			
GSE37301_MULTIPOTENT_PROGENITOR_VS_GRAN_MONO_PROGENITOR_DN	0.23069452469947255			
SMIRNOV_RESPONSE_TO_IR_2HR_UP	0.23068521061473407			
GO_MMXD_COMPLEX	0.23068470725942933			
GO_SULFURIC_ESTER_HYDROLASE_ACTIVITY	0.23068244140194286			
GO_RESPONSE_TO_NITROGEN_COMPOUND	0.2306823289925152			
GO_UBIQUITIN_LIKE_PROTEIN_CONJUGATING_ENZYME_ACTIVITY	0.2306822627352645			
GO_LEUKOCYTE_TETHERING_OR_ROLLING	0.23067241615354495			
GO_REGULATION_OF_CELL_DEATH	0.2306684792937367			
GO_POSITIVE_REGULATION_OF_IMMUNOGLOBULIN_PRODUCTION	0.230668046361752			
GSE5503_MLN_DC_VS_PLN_DC_ACTIVATED_ALLOGENIC_TCELL_UP	0.23066045504126007			
SHEPARD_BMYB_TARGETS	0.2306491955623375			
GO_DNA_UNWINDING_INVOLVED_IN_DNA_REPLICATION	0.23064016753097571			
GSE17721_LPS_VS_POLYIC_4H_BMDC_UP	0.23063464239107853			
GO_NEGATIVE_REGULATION_OF_KINASE_ACTIVITY	0.23062138737932475			
GO_COLLECTING_DUCT_DEVELOPMENT	0.2306186670747799			
GO_NEGATIVE_REGULATION_OF_CHROMATIN_SILENCING	0.23060706299514178			
GO_REGULATION_OF_PROTEIN_DEACETYLATION	0.23060207446196213			
GSE46242_TH1_VS_ANERGIC_TH1_CD4_TCELL_WITH_EGR2_DELETED_UP	0.23059786843546842			
BUCKANOVICH_T_LYMPHOCYTE_HOMING_ON_TUMOR_DN	0.23059050467621037			
GO_MUSCLE_ORGAN_DEVELOPMENT	0.2305883131863981			
GSE17721_PAM3CSK4_VS_GADIQUIMOD_16H_BMDC_UP	0.2305879447542142			
GO_NEGATIVE_REGULATION_OF_RESPONSE_TO_STIMULUS	0.2305776970498982			
GO_RESPONSE_TO_BACTERIAL_LIPOPROTEIN	0.23057123083087558			
ZHAN_MULTIPLE_MYELOMA_DN	0.2305626098103652			
E2F_Q3_01	0.23055650475708434			
LI_CYTIDINE_ANALOGS_CYCTOTOXICITY	0.23054002575657612			
SCHUETZ_BREAST_CANCER_DUCTAL_INVASIVE_UP	0.23051592884548286			
FARMER_BREAST_CANCER_CLUSTER_2	0.23050949536462853			
GO_POSITIVE_REGULATION_OF_CORTICOSTEROID_HORMONE_SECRETION	0.23050629584139642			
GSE9946_MATURE_STIMULATORY_VS_LISTERIA_INF_MATURE_DC_DN	0.23050497229948264			
GSE17974_2.5H_VS_72H_IL4_AND_ANTI_IL12_ACT_CD4_TCELL_UP	0.2304995228516427			
GSE17721_CTRL_VS_GARDIQUIMOD_12H_BMDC_UP	0.23049932635307746			
KUROZUMI_RESPONSE_TO_ONCOCYTIC_VIRUS	0.2304979918440943			
MIR6846_3P	0.23049331339586107			
MIR3923	0.2304930694505008			
PYEON_CANCER_HEAD_AND_NECK_VS_CERVICAL_DN	0.230486402179607			
KLEIN_PRIMARY_EFFUSION_LYMPHOMA_DN	0.2304854983044891			
GSE39820_CTRL_VS_IL1B_IL6_CD4_TCELL_DN	0.23048019881776607			
GO_CELLULAR_RESPONSE_TO_PEPTIDE	0.23047926756302803			
GO_LIPID_HYDROXYLATION	0.23047636509466277			
GSE17721_POLYIC_VS_GARDIQUIMOD_24H_BMDC_UP	0.23046913272975397			
GSE37301_PRO_BCELL_VS_CD4_TCELL_UP	0.23046394182617091			
GSE17721_4H_VS_24H_POLYIC_BMDC_UP	0.23045816436543656			
GAVIN_FOXP3_TARGETS_CLUSTER_P7	0.23045410742364694			
REACTOME_RECRUITMENT_OF_NUMA_TO_MITOTIC_CENTROSOMES	0.2304495350923573			
GO_SITE_OF_DOUBLE_STRAND_BREAK	0.23044362881743077			
GO_INTERLEUKIN_13_PRODUCTION	0.23043713069717092			
DARWICHE_SKIN_TUMOR_PROMOTER_UP	0.23043298771312348			
SENESE_HDAC1_AND_HDAC2_TARGETS_UP	0.23043126367471825			
GSE34156_UNTREATED_VS_6H_NOD2_AND_TLR1_TLR2_LIGAND_TREATED_MONOCYTE_UP	0.23042698416385796			
REACTOME_SIGNALING_BY_FGFR1_IN_DISEASE	0.23040516695380914			
LIM_MAMMARY_LUMINAL_MATURE_DN	0.23039855898486022			
GO_MATURATION_OF_LSU_RRNA	0.23037732844199596			
GARGALOVIC_RESPONSE_TO_OXIDIZED_PHOSPHOLIPIDS_BLACK_DN	0.23037544972776253			
MIR122B_5P	0.23037422605219748			
MIR3145_3P	0.23036406274067645			
chr3p25	0.23035589321309954			
IPA_GATA3_UP	0.23035304831440645			
GO_PHOSPHORYLASE_KINASE_ACTIVITY	0.23033022902339745			
GO_PHOSPHORYLASE_KINASE_COMPLEX	0.23033022902339745			
MIR562	0.23032990186770938			
EGUCHI_CELL_CYCLE_RB1_TARGETS	0.23032947183427638			
GSE339_EX_VIVO_VS_IN_CULTURE_CD8POS_DC_DN	0.23032446138274215			
GO_REGULATION_OF_LEUKOCYTE_DIFFERENTIATION	0.2303213761205077			
GO_NEGATIVE_REGULATION_OF_CELL_CYCLE_CHECKPOINT	0.23032120810857742			
GSE25123_CTRL_VS_IL4_AND_ROSIGLITAZONE_STIM_MACROPHAGE_UP	0.23031297062139822			
HMGIY_Q6	0.23031066324685187			
GSE2770_IL4_ACT_VS_ACT_CD4_TCELL_6H_UP	0.23030807749877857			
GSE17721_LPS_VS_PAM3CSK4_6H_BMDC_UP	0.23030494313421507			
GO_PROTEIN_HOMOOLIGOMERIZATION	0.23029431247824123			
GSE22601_DOUBLE_POSITIVE_VS_CD8_SINGLE_POSITIVE_THYMOCYTE_UP	0.23028564899422266			
GO_POSITIVE_REGULATION_OF_INTERLEUKIN_10_PRODUCTION	0.2302817170934741			
GENTILE_UV_RESPONSE_CLUSTER_D6	0.23027929410270728			
GO_POSITIVE_REGULATION_OF_SIGNAL_TRANSDUCTION_BY_P53_CLASS_MEDIATOR	0.23027791929585203			
GSE30083_SP2_VS_SP3_THYMOCYTE_DN	0.23027712724174687			
WENG_POR_DOSAGE	0.2302710611108348			
GO_POSITIVE_REGULATION_OF_ISOTYPE_SWITCHING_TO_IGG_ISOTYPES	0.2302677715524592			
GO_POSITIVE_REGULATION_OF_T_HELPER_1_TYPE_IMMUNE_RESPONSE	0.23026493129732875			
GSE37301_COMMON_LYMPHOID_PROGENITOR_VS_CD4_TCELL_UP	0.23026271727214898			
chr9p21	0.2302600707602457			
GSE22886_NAIVE_BCELL_VS_NEUTROPHIL_DN	0.23025355158690783			
GO_INTERLEUKIN_8_SECRETION	0.23025255470565759			
GSE7852_THYMUS_VS_FAT_TREG_DN	0.230247895928365			
GSE2770_TGFB_AND_IL4_ACT_VS_ACT_CD4_TCELL_2H_DN	0.23024623500084979			
GO_THYMOCYTE_APOPTOTIC_PROCESS	0.2302460580475396			
GSE21379_WT_VS_SAP_KO_TFH_CD4_TCELL_DN	0.23023817013302608			
GO_LACTATE_TRANSPORT	0.23023689492963623			
IPA_FIGLA_DN	0.23023603060114506			
MIR4720_5P	0.23023439755359995			
chr14q11	0.2302341613651494			
GO_NEGATIVE_REGULATION_OF_ORGANELLE_ASSEMBLY	0.23021892380731257			
REACTOME_EFFECTS_OF_PIP2_HYDROLYSIS	0.23021442686788407			
RGAGGAARY_PU1_Q6	0.23021396876960917			
JNK_DN.V1_UP	0.23020899120746913			
GO_POSITIVE_REGULATION_OF_TRIGLYCERIDE_METABOLIC_PROCESS	0.230207543957102			
MIR3156_5P	0.2302051098566445			
GO_MEMORY	0.23020218092921965			
GSE37534_GW1929_VS_PIOGLITAZONE_TREATED_CD4_TCELL_PPARG1_FOXP3_TRANSDUCED_DN	0.23019398765789753			
REACTOME_RRNA_PROCESSING	0.23019037210323637			
GSE16450_IMMATURE_VS_MATURE_NEURON_CELL_LINE_UP	0.23018539407880984			
GSE27859_MACROPHAGE_VS_CD11C_INT_F480_HI_MACROPHAGE_UP	0.2301817461580891			
GSE17974_CTRL_VS_ACT_IL4_AND_ANTI_IL12_2H_CD4_TCELL_DN	0.23017582574233034			
IPA_SOX10_DN	0.2301653314522318			
GO_INFLAMMATORY_CELL_APOPTOTIC_PROCESS	0.23015985125480057			
IPA_SMAD3_UP	0.23015781135623545			
GO_FUNGIFORM_PAPILLA_DEVELOPMENT	0.23015656195105286			
REACTOME_CROSSLINKING_OF_COLLAGEN_FIBRILS	0.2301553905582597			
SERVITJA_LIVER_HNF1A_TARGETS_DN	0.2301553311829805			
GSE36078_UNTREATED_VS_AD5_INF_IL1R_KO_MOUSE_LUNG_DC_UP	0.23014952613579137			
AP1_Q2	0.23014813726411107			
GSE2405_HEAT_KILLED_LYSATE_VS_LIVE_A_PHAGOCYTOPHILUM_STIM_NEUTROPHIL_9H_DN	0.23014738296396828			
PID_THROMBIN_PAR4_PATHWAY	0.23014511304219992			
GSE26030_TH1_VS_TH17_RESTIMULATED_DAY15_POST_POLARIZATION_UP	0.23014038601857043			
GO_PURINE_NUCLEOSIDE_MONOPHOSPHATE_BIOSYNTHETIC_PROCESS	0.23013306199474776			
MIR103A_2_5P	0.23012610414734233			
HUMMERICH_SKIN_CANCER_PROGRESSION_DN	0.2301257270259143			
KYNG_DNA_DAMAGE_BY_4NQO_OR_UV	0.23012168303449684			
IPA_FOSB_DN	0.23011533411865212			
GSE17721_CTRL_VS_PAM3CSK4_2H_BMDC_UP	0.23011399603171312			
GSE14350_IL2RB_KO_VS_WT_TEFF_DN	0.2301100658458236			
GO_IMMUNE_RESPONSE_TO_TUMOR_CELL	0.23010206415242151			
GO_POSITIVE_REGULATION_OF_TRANSCRIPTION_FROM_RNA_POLYMERASE_II_PROMOTER_IN_RESPONSE_TO_HEAT_STRESS	0.2300972555090124			
BIOCARTA_CYTOKINE_PATHWAY	0.23009589315774975			
GO_BICARBONATE_TRANSMEMBRANE_TRANSPORTER_ACTIVITY	0.23008291930100805			
GSE20727_H2O2_VS_ROS_INHIBITOR_TREATED_DC_DN	0.23008148878431425			
GSE28737_FOLLICULAR_VS_MARGINAL_ZONE_BCELL_BCL6_HET_UP	0.23008014866894266			
IRF1_01	0.23007692740776006			
GSE39382_IL3_VS_IL3_IL33_TREATED_MAST_CELL_DN	0.23007619119744707			
GO_IMMUNOGLOBULIN_PRODUCTION	0.23004398174515725			
REACTOME_RHO_GTPASES_ACTIVATE_NADPH_OXIDASES	0.2300418392323779			
BIOCARTA_IL12_PATHWAY	0.23003488835710703			
REACTOME_ACTIVATION_OF_NMDA_RECEPTORS_AND_POSTSYNAPTIC_EVENTS	0.2300331164509796			
BYSTRYKH_HEMATOPOIESIS_STEM_CELL_FGF3	0.2300308775367999			
GSE360_CTRL_VS_L_DONOVANI_DC_DN	0.23002929481665138			
IPA_KDM6A_DN	0.2300292760676025			
GSE9509_LPS_VS_LPS_AND_IL10_STIM_IL10_KO_MACROPHAGE_30MIN_DN	0.23001773128900918			
GSE17974_0H_VS_48H_IN_VITRO_ACT_CD4_TCELL_UP	0.23001408657451547			
GSE17721_POLYIC_VS_CPG_16H_BMDC_DN	0.2300103987188968			
GSE3982_NEUTROPHIL_VS_BASOPHIL_UP	0.23000148389982644			
MIR32_3P	0.2299964123034287			
GSE27786_LSK_VS_CD8_TCELL_DN	0.22999628137371445			
GSE411_UNSTIM_VS_100MIN_IL6_STIM_MACROPHAGE_DN	0.22999201483794238			
GO_REGULATION_OF_ACTIN_CYTOSKELETON_REORGANIZATION	0.22997672455009807			
GSE3565_DUSP1_VS_WT_SPLENOCYTES_UP	0.22997631252465423			
REACTOME_LEUKOTRIENE_RECEPTORS	0.22997366932646401			
GSE2770_IL12_AND_TGFB_ACT_VS_ACT_CD4_TCELL_6H_DN	0.22997260140861203			
MIR635	0.2299695588743624			
GO_PSEUDOURIDINE_SYNTHASE_ACTIVITY	0.22996868641825643			
GSE6674_ANTI_IGM_VS_CPG_STIM_BCELL_DN	0.22996848256728852			
GO_HYPOTONIC_RESPONSE	0.22994961693170732			
GSE42021_TREG_VS_TCONV_PLN_UP	0.2299477932466006			
GSE9650_GP33_VS_GP276_LCMV_SPECIFIC_EXHAUSTED_CD8_TCELL_UP	0.2299446418904854			
GO_MACROPINOCYTOSIS	0.22993160702085202			
DUNNE_TARGETS_OF_AML1_MTG8_FUSION_UP	0.2299254758594216			
MARTENS_TRETINOIN_RESPONSE_DN	0.22992225688840567			
HBZ_TARGET_GENES	0.22990401345914224			
GSE6269_HEALTHY_VS_FLU_INF_PBMC_DN	0.22990297519902775			
GSE45739_UNSTIM_VS_ACD3_ACD28_STIM_WT_CD4_TCELL_DN	0.22989816606113747			
GO_ALPHA_DNA_POLYMERASE_PRIMASE_COMPLEX	0.2298969418306006			
GO_REGULATION_OF_ENDOTHELIAL_CELL_MIGRATION	0.22989214543617578			
ZHONG_SECRETOME_OF_LUNG_CANCER_AND_FIBROBLAST	0.22988897394720514			
ZHAN_MULTIPLE_MYELOMA_CD1_VS_CD2_DN	0.22988701814603643			
GSE6674_UNSTIM_VS_ANTI_IGM_STIM_BCELL_DN	0.22988490981788162			
MIR27A_5P	0.229879958775981			
GSE21360_TERTIARY_VS_QUATERNARY_MEMORY_CD8_TCELL_DN	0.22987528085086775			
IPA_REST_UP	0.22987379411653824			
BIOCARTA_FCER1_PATHWAY	0.2298725976218801			
GO_CELLULAR_RESPONSE_TO_NITRIC_OXIDE	0.22986695125621312			
GSE37534_UNTREATED_VS_ROSIGLITAZONE_TREATED_CD4_TCELL_PPARG1_AND_FOXP3_TRASDUCED_DN	0.22985952811902693			
GO_REGULATION_OF_NAD_P_H_OXIDASE_ACTIVITY	0.2298531086051945			
REACTOME_SELECTIVE_AUTOPHAGY	0.2298511050022455			
PID_FOXO_PATHWAY	0.22984996021542892			
GO_EMBRYONIC_CLEAVAGE	0.22984301605496552			
GO_ORGANOPHOSPHATE_ESTER_TRANSPORT	0.2298412895409627			
GO_MISMATCHED_DNA_BINDING	0.22983881511991722			
GSE13485_CTRL_VS_DAY7_YF17D_VACCINE_PBMC_DN	0.22983861715426157			
KAECH_NAIVE_VS_DAY15_EFF_CD8_TCELL_DN	0.22983780511836094			
WANG_TUMOR_INVASIVENESS_UP	0.22983760904133707			
GO_REGULATION_OF_PROTEIN_SERINE_THREONINE_KINASE_ACTIVITY	0.2298366425993702			
GSE42021_TREG_PLN_VS_TREG_PRECURSORS_THYMUS_DN	0.2298365207047329			
MIR95_3P	0.22983614430852045			
GO_GROWTH_HORMONE_RECEPTOR_SIGNALING_PATHWAY_VIA_JAK_STAT	0.22983337581530544			
GO_VERY_LOW_DENSITY_LIPOPROTEIN_PARTICLE_ASSEMBLY	0.22982997152106177			
GSE42021_CD24INT_VS_CD24LOW_TREG_THYMUS_UP	0.22981892672701926			
HOXA10_TARGET_GENES	0.22981468876829397			
ALTEMEIER_RESPONSE_TO_LPS_WITH_MECHANICAL_VENTILATION	0.22981018171067283			
GO_NEGATIVE_REGULATION_OF_INTERLEUKIN_6_PRODUCTION	0.2298089161559563			
GO_NEGATIVE_REGULATION_OF_PROTEIN_POLYUBIQUITINATION	0.22978832553168269			
GSE360_HIGH_DOSE_B_MALAYI_VS_M_TUBERCULOSIS_DC_DN	0.2297863656988382			
GSE17721_POLYIC_VS_CPG_8H_BMDC_UP	0.22977880610097726			
GSE16385_MONOCYTE_VS_12H_IFNG_TNF_TREATED_MACROPHAGE_DN	0.2297751251067918			
GO_POSITIVE_REGULATION_OF_LEUKOCYTE_DEGRANULATION	0.2297690332508737			
GO_ENZYME_INHIBITOR_ACTIVITY	0.22976658295484537			
GO_INTERFERON_GAMMA_PRODUCTION	0.22975785605208549			
GSE26343_UNSTIM_VS_LPS_STIM_NFAT5_KO_MACROPHAGE_DN	0.2297541403564784			
GSE11864_CSF1_IFNG_VS_CSF1_IFNG_PAM3CYS_IN_MAC_UP	0.2297507876776235			
GO_PROTEIN_LIPID_COMPLEX_BINDING	0.22974509292547854			
GSE5589_UNSTIM_VS_45MIN_LPS_AND_IL10_STIM_MACROPHAGE_DN	0.2297221320561571			
EPPERT_HSC_R	0.22972210418560038			
GSE360_DC_VS_MAC_M_TUBERCULOSIS_UP	0.2297169054370602			
GSE32986_GMCSF_VS_GMCSF_AND_CURDLAN_LOWDOSE_STIM_DC_UP	0.22970874687364062			
GO_CHEMOATTRACTANT_ACTIVITY	0.2297035767915193			
GSE2770_TGFB_AND_IL4_VS_IL12_TREATED_ACT_CD4_TCELL_48H_DN	0.22969976524197588			
GO_POLYOL_BIOSYNTHETIC_PROCESS	0.22969056265832513			
GO_SENSORY_PERCEPTION_OF_BITTER_TASTE	0.22968234673823618			
BOYAULT_LIVER_CANCER_SUBCLASS_G5_DN	0.22967412706631124			
RUAN_RESPONSE_TO_TNF_TROGLITAZONE_UP	0.22967379115135714			
GO_INTERLEUKIN_1_RECEPTOR_BINDING	0.22966333095650346			
PAF1_TARGET_GENES	0.229663020649693			
GO_POSITIVE_REGULATION_OF_OXIDOREDUCTASE_ACTIVITY	0.2296613480735361			
GO_CYTOSKELETON_ORGANIZATION	0.229653717969187			
GSE3720_UNSTIM_VS_LPS_STIM_VD2_GAMMADELTA_TCELL_DN	0.22963557096650816			
GSE360_L_DONOVANI_VS_M_TUBERCULOSIS_MAC_DN	0.22963118711884908			
GSE27786_CD4_VS_CD8_TCELL_DN	0.2296219958335447			
REACTOME_GLYCOLYSIS	0.22961844421945554			
GSE27859_MACROPHAGE_VS_CD11C_INT_F480_INT_DC_DN	0.2296168886606287			
REACTOME_LAGGING_STRAND_SYNTHESIS	0.2296127988638891			
GO_NEGATIVE_REGULATION_OF_TUMOR_NECROSIS_FACTOR_MEDIATED_SIGNALING_PATHWAY	0.22961257087855957			
GSE43955_TH0_VS_TGFB_IL6_TH17_ACT_CD4_TCELL_60H_DN	0.22961208692592522			
ZNF589_TARGET_GENES	0.22960952776156568			
GSE9960_HEALTHY_VS_GRAM_NEG_SEPSIS_PBMC_DN	0.2296005760198352			
MIR2681_5P	0.22959182083683155			
GSE3337_4H_VS_16H_IFNG_IN_CD8POS_DC_UP	0.22958468705118826			
GSE46606_DAY1_VS_DAY3_CD40L_IL2_IL5_STIMULATED_BCELL_UP	0.2295757502052829			
GSE14308_TH17_VS_NAIVE_CD4_TCELL_UP	0.22957029134653253			
GSE3982_DC_VS_MAC_DN	0.22955655230093855			
GSE23695_CD57_POS_VS_NEG_NK_CELL_DN	0.2295552496722243			
GSE17721_CTRL_VS_PAM3CSK4_24H_BMDC_UP	0.22955517890328297			
GSE44649_WT_VS_MIR155_KO_ACTIVATED_CD8_TCELL_UP	0.22954974300898617			
MIR26B_3P	0.22954893445589583			
LIANG_HEMATOPOIESIS_STEM_CELL_NUMBER_LARGE_VS_TINY_UP	0.22954650556322106			
GSE24634_IL4_VS_CTRL_TREATED_NAIVE_CD4_TCELL_DAY5_UP	0.2295412700564503			
GO_CELL_CYCLE	0.22953735256994376			
WEBER_METHYLATED_HCP_IN_SPERM_DN	0.22953595927846454			
VILLANUEVA_LIVER_CANCER_KRT19_UP	0.22953033065888245			
GO_B_CELL_PROLIFERATION_INVOLVED_IN_IMMUNE_RESPONSE	0.2295215335148622			
GSE37301_LYMPHOID_PRIMED_MPP_VS_COMMON_LYMPHOID_PROGENITOR_DN	0.22951019898864203			
STONER_ESOPHAGEAL_CARCINOGENESIS_DN	0.22950796521929823			
GO_IMIDAZOLE_CONTAINING_COMPOUND_METABOLIC_PROCESS	0.2295074497509898			
GO_SKELETAL_MUSCLE_ORGAN_DEVELOPMENT	0.22949898262158688			
KEGG_NUCLEOTIDE_EXCISION_REPAIR	0.22948995423237525			
DASU_IL6_SIGNALING_SCAR_DN	0.22948951092430625			
KEGG_PENTOSE_AND_GLUCURONATE_INTERCONVERSIONS	0.22947167292950757			
GSE15930_STIM_VS_STIM_AND_IFNAB_24H_CD8_T_CELL_UP	0.22946279466976757			
ARNT2_TARGET_GENES	0.22945595522574225			
IPA_PEG3_UP	0.22945343612579586			
MULLIGHAN_NPM1_SIGNATURE_3_UP	0.22944979257638634			
GO_ALCOHOL_DEHYDROGENASE_NAD_P_PLUS_ACTIVITY	0.2294332185861098			
MIR1468_5P	0.22943021112785233			
GSE17721_LPS_VS_GARDIQUIMOD_1H_BMDC_UP	0.22942493148118004			
MIR7108_3P	0.22941782485210746			
GO_ORGANIC_ACID_METABOLIC_PROCESS	0.22940838946070397			
GSE12839_CTRL_VS_IL12_TREATED_PBMC_DN	0.2294080343944977			
GO_RESPONSE_TO_TRANSFORMING_GROWTH_FACTOR_BETA	0.2294054687864552			
GO_VIRAL_TRANSLATIONAL_TERMINATION_REINITIATION	0.22940275157028484			
GO_NEGATIVE_REGULATION_OF_CERAMIDE_BIOSYNTHETIC_PROCESS	0.2293991917877919			
GO_DEATH_RECEPTOR_ACTIVITY	0.22939412542199317			
SENESE_HDAC3_TARGETS_UP	0.22938784786950508			
WWTAAGGC_UNKNOWN	0.22938767849827513			
MIR6818_5P	0.22936936097440336			
GSE2770_TGFB_AND_IL4_VS_TGFB_AND_IL12_TREATED_ACT_CD4_TCELL_48H_DN	0.22936743956620012			
GO_SUPEROXIDE_ANION_GENERATION	0.22936679282336894			
GO_CELLULAR_RESPONSE_TO_DRUG	0.22936317452883373			
GO_ENDOCYTIC_VESICLE_MEMBRANE	0.22936017828959113			
GSE5542_IFNG_VS_IFNA_TREATED_EPITHELIAL_CELLS_24H_DN	0.22933981799490327			
GO_CELLULAR_RESPONSE_TO_INTERFERON_BETA	0.22933915369947921			
IPA_SALL1_UP	0.22933910567735016			
IPA_DLX5_DN	0.22933910567735016			
GO_ENDOCRINE_PROCESS	0.22933396581318005			
MIR3146	0.22932712946468337			
GO_MLL1_2_COMPLEX	0.2293257450975865			
LIN_NPAS4_TARGETS_DN	0.2293245087880689			
GSE5542_IFNG_VS_IFNA_TREATED_EPITHELIAL_CELLS_6H_DN	0.2293206520215013			
GSE9509_10MIN_VS_30MIN_LPS_AND_IL10_STIM_IL10_KO_MACROPHAGE_DN	0.22931265200637174			
GSE11386_NAIVE_VS_MEMORY_BCELL_DN	0.22930608317233747			
SEIDEN_MET_SIGNALING	0.2293046034627084			
GSE20727_CTRL_VS_ROS_INHIBITOR_TREATED_DC_DN	0.22929868353545593			
GSE13547_CTRL_VS_ANTI_IGM_STIM_BCELL_12H_UP	0.2292936467650338			
IPA_HINFP_UP	0.22929185916244757			
MIR3667_3P	0.22929178056877758			
MIR1298_3P	0.2292845252773778			
MARSON_FOXP3_TARGETS_STIMULATED_UP	0.2292831821124982			
GO_FOAM_CELL_DIFFERENTIATION	0.22928017238882342			
MIR3682_5P	0.22927779367678544			
CHUNG_BLISTER_CYTOTOXICITY_DN	0.22927711011704263			
GO_RESPONSE_TO_INTERLEUKIN_9	0.22926983691232497			
GO_INTERLEUKIN_4_PRODUCTION	0.22926086371169385			
CP2_01	0.22925409530459076			
MGGAAGTG_GABP_B	0.2292497807133896			
GO_REGULATION_OF_TRAIL_ACTIVATED_APOPTOTIC_SIGNALING_PATHWAY	0.22923995137620842			
WEST_ADRENOCORTICAL_TUMOR_DN	0.22923525755330731			
GO_FOLIC_ACID_BINDING	0.2292331986863411			
ENK_UV_RESPONSE_KERATINOCYTE_DN	0.22922701864390563			
ZHENG_RESPONSE_TO_ARSENITE_DN	0.22921243698593283			
GO_LACTATE_DEHYDROGENASE_ACTIVITY	0.2292121670343063			
NFAT_Q6	0.2292065663183081			
WANG_ESOPHAGUS_CANCER_PROGRESSION_UP	0.2292052349839662			
IPA_NR1I2_DN	0.22919819269779765			
GO_G_PROTEIN_BETA_GAMMA_SUBUNIT_COMPLEX	0.22919360160118876			
GSE360_LOW_DOSE_B_MALAYI_VS_M_TUBERCULOSIS_DC_UP	0.22918561508049184			
GSE21927_SPLEEN_C57BL6_VS_4T1_TUMOR_BALBC_MONOCYTES_DN	0.22917912347975064			
GO_CELLULAR_RESPONSE_TO_DSRNA	0.2291718373764603			
GO_PHOSPHATIDYLINOSITOL_BISPHOSPHATE_KINASE_ACTIVITY	0.22917144306986834			
GSE25146_UNSTIM_VS_HELIOBACTER_PYLORI_LPS_STIM_AGS_CELL_DN	0.2291702949281846			
GSE21360_NAIVE_VS_SECONDARY_MEMORY_CD8_TCELL_UP	0.2291670428602246			
BOWIE_RESPONSE_TO_EXTRACELLULAR_MATRIX	0.22916009128567144			
GO_REGULATION_OF_ACTIN_FILAMENT_BASED_PROCESS	0.22915952041008017			
GSE22886_NAIVE_BCELL_VS_MONOCYTE_DN	0.22915840322941566			
GO_IMMUNOGLOBULIN_RECEPTOR_BINDING	0.22915277569415676			
GSE26343_WT_VS_NFAT5_KO_MACROPHAGE_DN	0.22915053117940243			
CHARAFE_BREAST_CANCER_LUMINAL_VS_MESENCHYMAL_DN	0.22914638167809664			
GSE2128_CTRL_VS_MIMETOPE_NEGATIVE_SELECTION_DP_THYMOCYTE_C57BL6_DN	0.22914539572231835			
GSE36476_YOUNG_VS_OLD_DONOR_MEMORY_CD4_TCELL_UP	0.22914539339977277			
GO_POSITIVE_REGULATION_OF_PROTEIN_KINASE_C_SIGNALING	0.22913839909599165			
HWANG_PROSTATE_CANCER_MARKERS	0.22913632015699006			
GO_COGNITION	0.2291348972444483			
GSE37301_COMMON_LYMPHOID_PROGENITOR_VS_GRAN_MONO_PROGENITOR_UP	0.2291264550803963			
GSE36891_UNSTIM_VS_PAM_TLR2_STIM_PERITONEAL_MACROPHAGE_UP	0.22910695543742993			
GO_RIBONUCLEOSIDE_MONOPHOSPHATE_BIOSYNTHETIC_PROCESS	0.2291069298620439			
GO_IMMUNOGLOBULIN_BINDING	0.22909682524717212			
chr1p36	0.22909532570625452			
GSE8921_UNSTIM_VS_TLR1_2_STIM_MONOCYTE_12H_DN	0.22909059472701096			
GO_NEGATIVE_REGULATION_OF_INTERLEUKIN_8_PRODUCTION	0.22908118001990754			
GO_MYELOID_DENDRITIC_CELL_ACTIVATION	0.2290802942833722			
GO_ESTABLISHMENT_OR_MAINTENANCE_OF_MONOPOLAR_CELL_POLARITY	0.22907488742446375			
GO_CENTROSOME_SEPARATION	0.22907104821059251			
GSE45365_HEALTHY_VS_MCMV_INFECTION_CD8A_DC_DN	0.22905107261370639			
MIR1290	0.22904857018604421			
GO_NEGATIVE_REGULATION_OF_STRESS_ACTIVATED_PROTEIN_KINASE_SIGNALING_CASCADE	0.229045760559653			
MIR3197	0.22904424898815484			
REACTOME_MAPK_FAMILY_SIGNALING_CASCADES	0.22904158789888596			
IPA_CCNT1_UP	0.2290319464503701			
CHEN_ETV5_TARGETS_TESTIS	0.22902706218652416			
IPA_SP4_UP	0.22901553241872688			
GSE45365_NK_CELL_VS_CD8A_DC_MCMV_INFECTION_UP	0.22901056059152328			
GO_GLUTAMINE_FAMILY_AMINO_ACID_METABOLIC_PROCESS	0.2290026267127911			
GO_NUCLEOTIDE_PHOSPHORYLATION	0.22899187400567406			
GO_SIDE_OF_MEMBRANE	0.22899186865662843			
GSE17974_IL4_AND_ANTI_IL12_VS_UNTREATED_72H_ACT_CD4_TCELL_DN	0.22898289554438148			
MIR561_5P	0.22897847639956703			
MIR513A_3P_MIR513C_3P	0.22897144089986426			
GO_INVADOPODIUM	0.2289654865364875			
GO_MITOTIC_NUCLEAR_ENVELOPE_DISASSEMBLY	0.22896487471814234			
KRIGE_RESPONSE_TO_TOSEDOSTAT_6HR_DN	0.22895934044047211			
GO_N_TERMINAL_PEPTIDYL_METHIONINE_ACETYLATION	0.22894114865464904			
GO_POSITIVE_REGULATION_BY_HOST_OF_VIRAL_PROCESS	0.22893729954787048			
GO_NEGATIVE_REGULATION_OF_MACROPHAGE_ACTIVATION	0.22893320181413862			
GO_GLOMERULAR_BASEMENT_MEMBRANE_DEVELOPMENT	0.2289235266787334			
MILI_PSEUDOPODIA_HAPTOTAXIS_UP	0.22892145425449723			
GO_NMDA_GLUTAMATE_RECEPTOR_ACTIVITY	0.22891773364526233			
WALLACE_PROSTATE_CANCER_DN	0.2289115703934595			
GO_AZOLE_TRANSMEMBRANE_TRANSPORTER_ACTIVITY	0.22891143065336017			
GO_ACID_THIOL_LIGASE_ACTIVITY	0.22890992595046797			
GSE2706_2H_VS_8H_R848_STIM_DC_UP	0.22890034662388853			
GSE339_CD8POS_VS_CD4CD8DN_DC_DN	0.2288997924271549			
GO_PEPTIDASE_REGULATOR_ACTIVITY	0.22889926114004455			
IKEDA_MIR1_TARGETS_UP	0.22889323709128181			
GSE17721_LPS_VS_CPG_16H_BMDC_UP	0.22889117366206857			
WARTERS_IR_RESPONSE_5GY	0.2288864066106071			
KAECH_DAY8_EFF_VS_DAY15_EFF_CD8_TCELL_DN	0.22888372770353702			
GO_REGULATION_OF_EPITHELIAL_CELL_MIGRATION	0.22888267020668038			
GSE23114_WT_VS_SLE2C1_MOUSE_PERITONEAL_CAVITY_B1A_BCELL_UP	0.22888221408740259			
GRAHAM_CML_QUIESCENT_VS_CML_DIVIDING_UP	0.22888124514202915			
REACTOME_NITRIC_OXIDE_STIMULATES_GUANYLATE_CYCLASE	0.22887850846263935			
GSE7548_NAIVE_VS_DAY7_PCC_IMMUNIZATION_CD4_TCELL_UP	0.228876142263788			
ACEVEDO_LIVER_TUMOR_VS_NORMAL_ADJACENT_TISSUE_DN	0.22887397516788718			
GSE11961_MEMORY_BCELL_DAY7_VS_PLASMA_CELL_DAY7_DN	0.22886723458250732			
GO_REGULATION_OF_SEROTONIN_SECRETION	0.22886144136553133			
GSE3337_CTRL_VS_4H_IFNG_IN_CD8POS_DC_DN	0.22885216147540757			
GSE34156_TLR1_TLR2_LIGAND_VS_NOD2_AND_TLR1_TLR2_LIGAND_24H_TREATED_MONOCYTE_UP	0.22885162853373442			
MTA1_TARGET_GENES	0.2288481788217521			
GO_NEGATIVE_REGULATION_OF_TELOMERE_CAPPING	0.22884406726130968			
GO_ARF_GUANYL_NUCLEOTIDE_EXCHANGE_FACTOR_ACTIVITY	0.22883784973585777			
GO_URATE_METABOLIC_PROCESS	0.22883536671501237			
IPA_STAT5B_UP	0.22883166715183123			
GSE14769_40MIN_VS_360MIN_LPS_BMDM_DN	0.22883115155208517			
GSE7460_CD8_TCELL_VS_TREG_ACT_UP	0.22882840947371158			
GO_NEGATIVE_REGULATION_OF_NUCLEASE_ACTIVITY	0.22882759621331014			
IPA_RARB_DN	0.22882548053728133			
GSE43863_TH1_VS_LY6C_INT_CXCR5POS_EFFECTOR_CD4_TCELL_UP	0.22881770076926378			
GO_DE_NOVO_IMP_BIOSYNTHETIC_PROCESS	0.22881086022539676			
REACTOME_CHEMOKINE_RECEPTORS_BIND_CHEMOKINES	0.22880266598035495			
GO_DNA_RECOMBINASE_MEDIATOR_COMPLEX	0.22879376843071722			
GO_MRNA_3_UTR_BINDING	0.228788281292827			
GO_PROTON_TRANSPORTING_ATP_SYNTHASE_COMPLEX_ASSEMBLY	0.2287849520263813			
GO_REGULATION_OF_PHOSPHATE_TRANSPORT	0.22878215466071322			
GSE24574_NAIVE_VS_TCONV_CD4_TCELL_UP	0.22878145618278534			
HAN_JNK_SINGALING_UP	0.22877644350440976			
GO_PEPTIDE_CATABOLIC_PROCESS	0.2287731842523643			
GSE15330_HSC_VS_LYMPHOID_PRIMED_MULTIPOTENT_PROGENITOR_UP	0.2287727579920229			
GSE27859_DC_VS_CD11C_INT_F480_HI_MACROPHAGE_UP	0.22877255159865972			
IVANOVA_HEMATOPOIESIS_STEM_CELL_SHORT_TERM	0.22876917758251614			
KEGG_COMPLEMENT_AND_COAGULATION_CASCADES	0.22876548847498837			
CGGAARNGGCNG_UNKNOWN	0.2287650568239262			
MIR141_3P	0.22876453150875578			
GSE14000_UNSTIM_VS_16H_LPS_DC_TRANSLATED_RNA_UP	0.22876311055435603			
REACTOME_AURKA_ACTIVATION_BY_TPX2	0.2287623316319116			
REACTOME_EGFR_TRANSACTIVATION_BY_GASTRIN	0.22875915006084352			
GO_LONG_CHAIN_FATTY_ACYL_COA_BIOSYNTHETIC_PROCESS	0.22875900731501128			
GO_ACTIN_FILAMENT_ORGANIZATION	0.22875893892156457			
GO_CELLULAR_RESPONSE_TO_LIPOPROTEIN_PARTICLE_STIMULUS	0.22875784602040983			
GSE43955_1H_VS_20H_ACT_CD4_TCELL_WITH_TGFB_IL6_UP	0.2287504231058104			
GSE17721_PAM3CSK4_VS_GADIQUIMOD_0.5H_BMDC_DN	0.22874041816460663			
GO_METALLOENDOPEPTIDASE_ACTIVITY	0.22873836429628772			
GO_MITOCHONDRIAL_RESPIRATORY_CHAIN_COMPLEX_III_ASSEMBLY	0.22873687193123207			
GSE36888_STAT5_AB_KNOCKIN_VS_WT_TCELL_IL2_TREATED_2H_DN	0.22873590587969733			
VISALA_AGING_LYMPHOCYTE_UP	0.22873093505541844			
GO_NLRP3_INFLAMMASOME_COMPLEX	0.2287296692414175			
E2F1_UP.V1_DN	0.22872544551976462			
WANG_RESPONSE_TO_FORSKOLIN_UP	0.2287249198390609			
GSE17974_0.5H_VS_72H_UNTREATED_IN_VITRO_CD4_TCELL_UP	0.22872456180591838			
REACTOME_HUR_ELAVL1_BINDS_AND_STABILIZES_MRNA	0.22872300195924902			
GO_REGULATION_OF_ION_TRANSMEMBRANE_TRANSPORT	0.22872296154193997			
GSE360_CTRL_VS_B_MALAYI_LOW_DOSE_DC_DN	0.2287223101395301			
chr4q32	0.2287207188410861			
GO_INVADOPODIUM_MEMBRANE	0.2287182574505761			
GO_POSITIVE_REGULATION_OF_CELL_SUBSTRATE_JUNCTION_ORGANIZATION	0.2287170386636041			
chr9p13	0.2287058763350338			
GEORGES_CELL_CYCLE_MIR192_TARGETS	0.22870319118128926			
GO_MYOTUBE_DIFFERENTIATION	0.2286782835208122			
GSE9988_ANTI_TREM1_VS_VEHICLE_TREATED_MONOCYTES_UP	0.22867556163232935			
MIR4642	0.22867512938379392			
MIR365A_3P_MIR365B_3P	0.2286743226094507			
IPA_SP7_DN	0.22867258757335207			
FIRESTEIN_CTNNB1_PATHWAY	0.22867212653426972			
GSE26488_HDAC7_KO_VS_VP16_TRANSGENIC_HDAC7_KO_DOUBLE_POSITIVE_THYMOCYTE_DN	0.22866717599334507			
GSE37416_CTRL_VS_3H_F_TULARENSIS_LVS_NEUTROPHIL_DN	0.22865702080814684			
GO_MITOGEN_ACTIVATED_PROTEIN_KINASE_BINDING	0.22864737165034413			
ZWANG_TRANSIENTLY_UP_BY_2ND_EGF_PULSE_ONLY	0.22864571850756055			
VANDESLUIS_NORMAL_EMBRYOS_UP	0.2286429641286403			
GSE8685_IL2_STARVED_VS_IL15_ACT_IL2_STARVED_CD4_TCELL_UP	0.22863593147336964			
GSE5542_IFNG_VS_IFNA_AND_IFNG_TREATED_EPITHELIAL_CELLS_6H_DN	0.22863552100001125			
IPA_ABL1_DN	0.22863088900867484			
chr5p14	0.22863051972857026			
TSHZ1_TARGET_GENES	0.22862903995066788			
GO_DIVALENT_INORGANIC_CATION_HOMEOSTASIS	0.22862264699604604			
MIR6505_3P	0.22861989824248394			
GO_POSITIVE_REGULATION_OF_GASTRO_INTESTINAL_SYSTEM_SMOOTH_MUSCLE_CONTRACTION	0.22861636588126358			
GO_CORTICAL_ENDOPLASMIC_RETICULUM	0.2286162361783523			
MIR4721	0.22861570867727116			
GO_TRANSFORMING_GROWTH_FACTOR_BETA_RECEPTOR_SIGNALING_PATHWAY	0.2286139557644526			
GSE360_T_GONDII_VS_B_MALAYI_HIGH_DOSE_DC_DN	0.2286127756824804			
GO_STAGA_COMPLEX	0.2286045396715262			
BANDRES_RESPONSE_TO_CARMUSTIN_WITHOUT_MGMT_48HR_UP	0.2286018229442366			
GSE31082_DP_VS_CD8_SP_THYMOCYTE_DN	0.22860007259786336			
NIKOLSKY_BREAST_CANCER_16Q24_AMPLICON	0.22859704390145524			
WIZ_TARGET_GENES	0.22858204488772574			
GSE7852_LN_VS_THYMUS_TCONV_DN	0.22858144757014046			
GO_VERY_LONG_CHAIN_FATTY_ACID_COA_LIGASE_ACTIVITY	0.2285688063292536			
BLALOCK_ALZHEIMERS_DISEASE_INCIPIENT_UP	0.22856728051372296			
GSE26495_NAIVE_VS_PD1LOW_CD8_TCELL_DN	0.22856202464958397			
GSE23505_IL6_IL1_VS_IL6_IL1_IL23_TREATED_CD4_TCELL_DN	0.22855019305883126			
GO_MAINTENANCE_OF_LOCATION	0.22854787955846037			
GSE37605_C57BL6_VS_NOD_FOXP3_IRES_GFP_TCONV_DN	0.22853385319701455			
GSE22025_UNTREATED_VS_TGFB1_AND_PROGESTERONE_TREATED_CD4_TCELL_DN	0.22853058155170283			
GAZDA_DIAMOND_BLACKFAN_ANEMIA_ERYTHROID_DN	0.22852934089562207			
GO_NEGATIVE_REGULATION_OF_PEPTIDYL_TYROSINE_PHOSPHORYLATION	0.22852215281247276			
REACTOME_INTERLEUKIN_10_SIGNALING	0.22850846501393238			
GO_PROTEIN_ACETYLTRANSFERASE_COMPLEX	0.2285066067769072			
GO_REGULATION_OF_ADENYLATE_CYCLASE_ACTIVATING_ADRENERGIC_RECEPTOR_SIGNALING_PATHWAY_INVOLVED_IN_HEART_PROCESS	0.2285041875768839			
GSE3982_BCELL_VS_TH2_DN	0.22850164469094508			
GSE22601_IMMATURE_CD4_SINGLE_POSITIVE_VS_CD8_SINGLE_POSITIVE_THYMOCYTE_DN	0.22850002796886176			
IPA_ING1_DN	0.2284996692717967			
GO_REGULATION_OF_INTERLEUKIN_18_PRODUCTION	0.22849604030311477			
MATTIOLI_MGUS_VS_MULTIPLE_MYELOMA	0.22849485239598213			
GO_POSITIVE_REGULATION_OF_GLYCOLYTIC_PROCESS	0.22849038244494774			
HAHTOLA_MYCOSIS_FUNGOIDES_SKIN_UP	0.22847480465949724			
THRA_TARGET_GENES	0.2284733128780695			
REACTOME_ANCHORING_OF_THE_BASAL_BODY_TO_THE_PLASMA_MEMBRANE	0.22846124735167392			
GO_POSITIVE_REGULATION_OF_T_CELL_MIGRATION	0.22845829901657436			
DER_IFN_BETA_RESPONSE_UP	0.22845206450588976			
GO_RESPONSE_TO_TUMOR_CELL	0.22844773540998187			
REACTOME_FOXO_MEDIATED_TRANSCRIPTION_OF_CELL_DEATH_GENES	0.2284438694710511			
GO_PROTEIN_TARGETING_TO_MEMBRANE	0.22844281151209778			
WRNIP1_TARGET_GENES	0.22844011804189598			
MIR5690	0.2284361655824728			
GO_REGULATION_OF_LIPOPOLYSACCHARIDE_MEDIATED_SIGNALING_PATHWAY	0.22843063758370574			
GSE22886_NAIVE_CD4_TCELL_VS_48H_ACT_TH1_UP	0.2284297992292209			
GO_COBALAMIN_METABOLIC_PROCESS	0.2284297153649968			
GSE18281_SUBCAPSULAR_VS_CENTRAL_CORTICAL_REGION_OF_THYMUS_DN	0.2284197783623554			
BOYAULT_LIVER_CANCER_SUBCLASS_G123_DN	0.22841262877080903			
MIR7153_3P	0.22841077738568052			
GO_REGULATION_OF_BONE_MINERALIZATION	0.22840279929949178			
GO_MITOTIC_NUCLEAR_DIVISION	0.22839279977752802			
ZNF491_TARGET_GENES	0.22838961295046803			
REACTOME_COPII_MEDIATED_VESICLE_TRANSPORT	0.22838475898508429			
GSE25677_MPL_VS_R848_STIM_BCELL_DN	0.2283798365063403			
GSE17721_0.5H_VS_8H_POLYIC_BMDC_DN	0.228378465504347			
chrYp11	0.22837546412568446			
GSE25088_CTRL_VS_IL4_STIM_STAT6_KO_MACROPHAGE_UP	0.22836909713196288			
GO_CELL_PROLIFERATION_INVOLVED_IN_METANEPHROS_DEVELOPMENT	0.2283546944273266			
GSE22611_UNSTIM_VS_2H_MDP_STIM_MUTANT_NOD2_TRANSDUCED_HEK293T_CELL_UP	0.2283543637240985			
GSE22033_UNTREATED_VS_ROSIGLITAZONE_TREATED_MEF_UP	0.22834809442703685			
GO_ADAPTIVE_IMMUNE_RESPONSE	0.22834588928631308			
GRAHAM_CML_QUIESCENT_VS_NORMAL_QUIESCENT_DN	0.22834511296186838			
GO_NEGATIVE_REGULATION_OF_SECRETION	0.22833532369952975			
GSE42021_TREG_PLN_VS_CD24INT_TREG_THYMUS_DN	0.22832955474334474			
REACTOME_REGULATION_OF_GENE_EXPRESSION_BY_HYPOXIA_INDUCIBLE_FACTOR	0.2283291739736184			
CIITA_TARGET_GENES	0.22832271655215958			
WIERENGA_STAT5A_TARGETS_UP	0.22831691468746182			
MIR217_5P	0.22831436941337876			
IPA_ATOH1_UP	0.2283115065377601			
REACTOME_SYNDECAN_INTERACTIONS	0.2283051356798604			
WANG_TUMOR_INVASIVENESS_DN	0.22830500568192916			
GSE17721_LPS_VS_POLYIC_2H_BMDC_DN	0.2283010525967488			
CAVARD_LIVER_CANCER_MALIGNANT_VS_BENIGN	0.22829306700333546			
GSE40184_HEALTHY_VS_HCV_INFECTED_DONOR_PBMC_DN	0.22829087703164627			
GSE3982_NEUTROPHIL_VS_CENT_MEMORY_CD4_TCELL_UP	0.22828831547689357			
GO_POSITIVE_REGULATION_OF_EARLY_ENDOSOME_TO_LATE_ENDOSOME_TRANSPORT	0.2282880858842002			
NAGY_PCAF_COMPONENTS_HUMAN	0.22828426550064007			
REACTOME_TRAF6_MEDIATED_IRF7_ACTIVATION_IN_TLR7_8_OR_9_SIGNALING	0.22828372019490786			
CCAWWNAAGG_SRF_Q4	0.22828280447618723			
GO_FEMALE_PREGNANCY	0.2282717830791388			
MATZUK_SPERMATOGONIA	0.2282716189503861			
PID_CASPASE_PATHWAY	0.22826738286286818			
GSE13522_CTRL_VS_T_CRUZI_Y_STRAIN_INF_SKIN_IFNAR_KO_DN	0.22826497461077283			
SU_PANCREAS	0.22826284176568118			
GO_POSITIVE_REGULATION_OF_OXIDATIVE_STRESS_INDUCED_NEURON_DEATH	0.22826191651619362			
GSE15330_WT_VS_IKAROS_KO_GRANULOCYTE_MONOCYTE_PROGENITOR_DN	0.22824349955887524			
ATM_DN.V1_UP	0.22824009452738006			
GSE27786_CD4_TCELL_VS_MONO_MAC_UP	0.22823970591701376			
GO_AMINE_METABOLIC_PROCESS	0.22822269459794348			
GO_REGULATION_OF_CELL_JUNCTION_ASSEMBLY	0.22821257703140813			
IPA_NCOA1_DN	0.2282063615932114			
GO_MITOCHONDRIAL_RNA_PROCESSING	0.2282056142272056			
GO_POSITIVE_REGULATION_OF_INTRINSIC_APOPTOTIC_SIGNALING_PATHWAY_IN_RESPONSE_TO_DNA_DAMAGE	0.22820500641771863			
WANG_TARGETS_OF_MLL_CBP_FUSION_UP	0.22819994720073286			
GO_ENDOPEPTIDASE_ACTIVITY	0.22819802754446789			
ZHOU_TNF_SIGNALING_30MIN	0.22819639247829973			
GO_L_ASCORBIC_ACID_BINDING	0.22819247275546			
IL15_UP.V1_UP	0.22818546300435613			
MIR548D_3P	0.2281840116705287			
GO_CELLULAR_PROTEIN_CONTAINING_COMPLEX_ASSEMBLY	0.22818288438196047			
GO_MITOCHONDRIAL_TRNA_PROCESSING	0.22817863672779132			
GO_HISTONE_H3_K4_TRIMETHYLATION	0.22817399949408945			
IPA_ATF4_UP	0.22817386804246767			
KOKKINAKIS_METHIONINE_DEPRIVATION_48HR_DN	0.2281688817519445			
GO_LEPTIN_MEDIATED_SIGNALING_PATHWAY	0.22816862876369512			
MIR6764_3P	0.22816709831049556			
REACTOME_G_ALPHA_Q_SIGNALLING_EVENTS	0.22815491406487412			
GO_MHC_CLASS_I_PEPTIDE_LOADING_COMPLEX	0.22815139175274562			
BIOCARTA_MCM_PATHWAY	0.22815060991011865			
GSE411_UNSTIM_VS_100MIN_IL6_STIM_SOCS3_KO_MACROPHAGE_UP	0.22814519687411955			
GO_POSITIVE_REGULATION_OF_ENDOTHELIAL_CELL_MIGRATION	0.22814105755630998			
GO_ALCOHOL_DEHYDROGENASE_ACTIVITY_ZINC_DEPENDENT	0.22813762583228525			
GO_POSITIVE_REGULATION_OF_ALPHA_BETA_T_CELL_PROLIFERATION	0.2281260421089433			
MIR548F_5P	0.2281248543807229			
GSE14308_TH17_VS_NATURAL_TREG_UP	0.2281219594762622			
GSE23321_CD8_STEM_CELL_MEMORY_VS_EFFECTOR_MEMORY_CD8_TCELL_DN	0.2281089919895879			
GSE24634_TREG_VS_TCONV_POST_DAY7_IL4_CONVERSION_UP	0.22810147108099005			
GSE17721_CPG_VS_GARDIQUIMOD_8H_BMDC_DN	0.2280972893340427			
GO_RAP_GUANYL_NUCLEOTIDE_EXCHANGE_FACTOR_ACTIVITY	0.22808191891668028			
GO_DNA_HELICASE_ACTIVITY	0.22808077134256105			
GO_CYTOPLASMIC_SEQUESTERING_OF_NF_KAPPAB	0.2280774133711216			
GO_ALDITOL_BIOSYNTHETIC_PROCESS	0.2280773755012732			
GSE43955_10H_VS_30H_ACT_CD4_TCELL_WITH_TGFB_IL6_DN	0.2280771875508516			
chr20p13	0.22807374276668568			
GO_SUPRAMOLECULAR_POLYMER	0.22807257775610762			
GSE13306_TREG_VS_TCONV_DN	0.22806003549953574			
GO_STEROL_METABOLIC_PROCESS	0.22805711612596158			
REACTOME_THE_NLRP3_INFLAMMASOME	0.22804457715650617			
REACTOME_STING_MEDIATED_INDUCTION_OF_HOST_IMMUNE_RESPONSES	0.22803606718793137			
MIR4799_3P	0.2280291029838332			
GSE16522_MEMORY_VS_NAIVE_ANTI_CD3CD28_STIM_CD8_TCELL_UP	0.2280276986822686			
GSE7218_UNSTIM_VS_ANTIGEN_STIM_THROUGH_IGM_BCELL_DN	0.22802479459710598			
JIANG_VHL_TARGETS	0.22802387502909394			
GO_REGULATION_OF_ALCOHOL_BIOSYNTHETIC_PROCESS	0.22802236879310042			
GSE46606_DAY1_VS_DAY3_CD40L_IL2_IL5_STIMULATED_IRF4MID_BCELL_DN	0.22801934029634854			
MIR6773_5P	0.2280191180514587			
GO_REGULATION_OF_SPHINGOLIPID_BIOSYNTHETIC_PROCESS	0.22801676145355498			
WANG_IMMORTALIZED_BY_HOXA9_AND_MEIS1_DN	0.2280141444259981			
GO_POSITIVE_REGULATION_OF_PROTEIN_METABOLIC_PROCESS	0.22801005936805097			
GO_PCAF_COMPLEX	0.2280077477337089			
GSE21063_CTRL_VS_ANTI_IGM_STIM_BCELL_NFATC1_KO_3H_UP	0.22800611661790754			
REACTOME_PARASITE_INFECTION	0.22800342313436425			
GO_MEIOTIC_CELL_CYCLE	0.22800284025150058			
MIR555	0.2280018687626796			
WENG_POR_TARGETS_GLOBAL_UP	0.2280009582268633			
GO_REGULATION_OF_WOUND_HEALING	0.22800034309386788			
GSE9960_GRAM_NEG_VS_GRAM_NEG_AND_POS_SEPSIS_PBMC_UP	0.22799976346969547			
GSE14415_ACT_VS_CTRL_NATURAL_TREG_UP	0.2279975694170076			
MIR216A_5P	0.22799450231460383			
GO_SAGA_COMPLEX	0.22798985679636366			
GO_BONE_DEVELOPMENT	0.22798637408762015			
GSE17721_CTRL_VS_CPG_0.5H_BMDC_DN	0.22797708849350704			
GSE41867_NAIVE_VS_DAY15_LCMV_ARMSTRONG_EFFECTOR_CD8_TCELL_DN	0.2279715279934753			
GSE29618_PRE_VS_DAY7_POST_TIV_FLU_VACCINE_BCELL_DN	0.22796975311356923			
REACTOME_METABOLISM_OF_WATER_SOLUBLE_VITAMINS_AND_COFACTORS	0.22796861392978734			
BIOCARTA_NO2IL12_PATHWAY	0.22796318989716874			
GO_SPECIFIC_GRANULE	0.2279625507336083			
MIR331_5P	0.2279619280869534			
HORIUCHI_WTAP_TARGETS_UP	0.2279615468774217			
GSE46606_IRF4MID_VS_WT_CD40L_IL2_IL5_DAY1_STIMULATED_BCELL_DN	0.2279512642788985			
LANG_MYB_FAMILY_TARGETS	0.22794876802551034			
GO_REGULATION_OF_CELL_SUBSTRATE_JUNCTION_ASSEMBLY	0.22794812210596527			
GO_POSITIVE_REGULATION_OF_DNA_DAMAGE_RESPONSE_SIGNAL_TRANSDUCTION_BY_P53_CLASS_MEDIATOR	0.22794490769830322			
GO_REGULATION_OF_DEFENSE_RESPONSE_TO_VIRUS_BY_VIRUS	0.22793815457917074			
UROSEVIC_RESPONSE_TO_IMIQUIMOD	0.22793202703969148			
GO_INTERLEUKIN_5_PRODUCTION	0.22792831597030397			
REACTOME_INTERLEUKIN_20_FAMILY_SIGNALING	0.22792381388822905			
GSE9988_LPS_VS_CTRL_TREATED_MONOCYTE_DN	0.22791977638126268			
ZNF510_TARGET_GENES	0.22791886083024993			
GSE22886_CTRL_VS_LPS_24H_DC_DN	0.22790829576529015			
GO_WATER_SOLUBLE_VITAMIN_METABOLIC_PROCESS	0.22790812718489753			
GSE40274_EOS_VS_FOXP3_AND_EOS_TRANSDUCED_ACTIVATED_CD4_TCELL_UP	0.22790188828186736			
GSE9988_ANTI_TREM1_VS_CTRL_TREATED_MONOCYTES_UP	0.22789885128454407			
GSE4748_CTRL_VS_LPS_AND_CYANOBACTERIUM_LPSLIKE_STIM_DC_3H_DN	0.22788379129469022			
GSE2770_TGFB_AND_IL4_VS_IL12_TREATED_ACT_CD4_TCELL_48H_UP	0.22788341573288884			
GO_REGULATION_OF_MITOTIC_CELL_CYCLE	0.227873989758628			
GSE35685_CD34POS_CD38NEG_VS_CD34POS_CD10NEG_CD62LPOS_BONE_MARROW_UP	0.22786544431057687			
GO_MALE_MATING_BEHAVIOR	0.22786508928157717			
GSE34156_NOD2_LIGAND_VS_NOD2_AND_TLR1_TLR2_LIGAND_6H_TREATED_MONOCYTE_UP	0.2278628768168198			
GO_POSITIVE_REGULATION_OF_CELL_POPULATION_PROLIFERATION	0.22786110440325252			
GSE22886_NEUTROPHIL_VS_DC_UP	0.22785512813425454			
GSE14000_TRANSLATED_RNA_VS_MRNA_DC_DN	0.2278535041714674			
GSE5542_IFNA_VS_IFNA_AND_IFNG_TREATED_EPITHELIAL_CELLS_24H_UP	0.22784890249919693			
WESTON_VEGFA_TARGETS_12HR	0.22784715884847434			
GO_CARBOHYDRATE_BIOSYNTHETIC_PROCESS	0.22784704178605095			
GSE41978_WT_VS_ID2_KO_KLRG1_LOW_EFFECTOR_CD8_TCELL_DN	0.22784380286238995			
GSE5542_UNTREATED_VS_IFNG_TREATED_EPITHELIAL_CELLS_6H_DN	0.2278414066479852			
GO_REGULATION_OF_VASCULAR_SMOOTH_MUSCLE_CELL_DIFFERENTIATION	0.2278371670640654			
GO_POSITIVE_REGULATION_OF_T_CELL_APOPTOTIC_PROCESS	0.22783329187087728			
DOUGLAS_BMI1_TARGETS_DN	0.2278309671877742			
GSE24634_IL4_VS_CTRL_TREATED_NAIVE_CD4_TCELL_DAY7_UP	0.2278303471195569			
GO_RESPONSE_TO_ACTIVITY	0.22782926523395153			
GO_REGULATION_OF_PHOSPHOPROTEIN_PHOSPHATASE_ACTIVITY	0.22782835165969792			
GSE40274_CTRL_VS_FOXP3_TRANSDUCED_ACTIVATED_CD4_TCELL_UP	0.22782406770029553			
GO_NUCLEOSIDE_TRANSPORT	0.2278213177355763			
GSE3982_CENT_MEMORY_CD4_TCELL_VS_TH2_DN	0.22782028262728488			
GO_CELLULAR_ION_HOMEOSTASIS	0.22781674584452735			
CHIARADONNA_NEOPLASTIC_TRANSFORMATION_KRAS_CDC25_DN	0.2277942170900702			
GO_PLASMA_MEMBRANE_PHOSPHOLIPID_SCRAMBLING	0.22779364043653272			
PETRETTO_LEFT_VENTRICLE_MASS_QTL_CIS_DN	0.22778297736943917			
GO_SMN_COMPLEX	0.22777851047536235			
REACTOME_MET_PROMOTES_CELL_MOTILITY	0.22777684582819455			
GO_PEPTIDYL_METHIONINE_MODIFICATION	0.22777663462966233			
GO_NEGATIVE_REGULATION_OF_NUCLEAR_DIVISION	0.22776696786029405			
GSE17721_LPS_VS_GARDIQUIMOD_6H_BMDC_UP	0.22776611052133744			
GREGORY_SYNTHETIC_LETHAL_WITH_IMATINIB	0.2277649840265173			
MIR6858_5P	0.22775820466121668			
GO_REGULATION_OF_UBIQUITIN_PROTEIN_TRANSFERASE_ACTIVITY	0.22775760878337437			
MIR3065_5P	0.2277492149275092			
GSE15271_CXCR4_POS_VS_NEG_GC_BCELL_DN	0.2277486602315225			
GO_MULTINUCLEAR_OSTEOCLAST_DIFFERENTIATION	0.22773219285250226			
GSE17974_IL4_AND_ANTI_IL12_VS_UNTREATED_12H_ACT_CD4_TCELL_DN	0.2277213662719487			
NAKAYAMA_SOFT_TISSUE_TUMORS_PCA2_UP	0.2277178366151649			
GO_REGULATION_OF_MAPK_CASCADE	0.22771271919144173			
HEIDENBLAD_AMPLICON_8Q24_UP	0.22770887300566575			
REACTOME_LEISHMANIA_INFECTION	0.22770423236253026			
GSE22886_NAIVE_CD4_TCELL_VS_12H_ACT_TH1_UP	0.2277015567533877			
GSE11057_NAIVE_VS_MEMORY_CD4_TCELL_DN	0.2277014888996849			
GAVIN_IL2_RESPONSIVE_FOXP3_TARGETS_DN	0.2276996015083986			
GSE21546_WT_VS_SAP1A_KO_AND_ELK1_KO_DP_THYMOCYTES_UP	0.22769475122535882			
GSE17721_0.5H_VS_24H_CPG_BMDC_DN	0.227693282345793			
GO_GLOMERULAR_MESANGIUM_DEVELOPMENT	0.22768970824826307			
GSE45365_NK_CELL_VS_BCELL_UP	0.22768953566000402			
GSE411_WT_VS_SOCS3_KO_MACROPHAGE_IL6_STIM_400MIN_DN	0.2276895060963676			
GO_SCF_DEPENDENT_PROTEASOMAL_UBIQUITIN_DEPENDENT_PROTEIN_CATABOLIC_PROCESS	0.2276888876392358			
GSE29614_DAY3_VS_DAY7_TIV_FLU_VACCINE_PBMC_DN	0.22768121484383594			
BIOCARTA_ERK_PATHWAY	0.22766998940743557			
GSE21033_1H_VS_12H_POLYIC_STIM_DC_DN	0.22766883186849807			
PID_SYNDECAN_4_PATHWAY	0.22766811261607683			
GSE17721_CTRL_VS_POLYIC_6H_BMDC_DN	0.22766455944874026			
GO_MYELOID_CELL_DEVELOPMENT	0.22766260206589942			
GSE30153_LUPUS_VS_HEALTHY_DONOR_BCELL_UP	0.22766215344870525			
GO_CHOLESTEROL_EFFLUX	0.22766003344930372			
WGTTNNNNNAAA_UNKNOWN	0.2276587619233685			
GSE14908_ATOPIC_VS_NONATOPIC_PATIENT_RESTING_CD4_TCELL_DN	0.2276567266971548			
GO_TUMOR_NECROSIS_FACTOR_RECEPTOR_SUPERFAMILY_BINDING	0.22765288411574297			
PETRETTO_CARDIAC_HYPERTROPHY	0.2276385331203731			
MIR8080	0.22762622126387633			
GO_GRANZYME_MEDIATED_APOPTOTIC_SIGNALING_PATHWAY	0.22761918092683342			
REACTOME_SYNTHESIS_OF_DIPHTHAMIDE_EEF2	0.22761563180715375			
BRUECKNER_TARGETS_OF_MIRLET7A3_DN	0.22761465293350294			
TARTE_PLASMA_CELL_VS_PLASMABLAST_UP	0.22761269783080829			
GSE10325_BCELL_VS_LUPUS_BCELL_DN	0.2276122666419544			
SRF_C	0.22760602835455937			
GO_GLYCOSIDE_CATABOLIC_PROCESS	0.22760584136947176			
GO_RESPONSE_TO_GONADOTROPIN_RELEASING_HORMONE	0.2276029463745007			
REACTOME_INTRAFLAGELLAR_TRANSPORT	0.22760082369667353			
WILENSKY_RESPONSE_TO_DARAPLADIB	0.22760039252813713			
REACTOME_REPRODUCTION	0.22760038742506622			
GO_NEGATIVE_REGULATION_OF_B_CELL_APOPTOTIC_PROCESS	0.22759281056132147			
GO_CELLULAR_IRON_ION_HOMEOSTASIS	0.22759058227088225			
SENGUPTA_NASOPHARYNGEAL_CARCINOMA_WITH_LMP1_UP	0.2275899222344942			
GSE28783_CTRL_ANTI_MIR_VS_UNTREATED_ATHEROSCLEROSIS_MACROPHAGE_UP	0.227579767233904			
GO_GROWTH_FACTOR_BINDING	0.22756483878935954			
MANALO_HYPOXIA_UP	0.2275608369712679			
REACTOME_CYCLIN_A_B1_B2_ASSOCIATED_EVENTS_DURING_G2_M_TRANSITION	0.22756026550673947			
MIR5681B	0.22755805798375575			
PUJANA_XPRSS_INT_NETWORK	0.22754983355174427			
GSE19888_CTRL_VS_A3R_INHIBITOR_TREATED_MAST_CELL_UP	0.22753378525917525			
GAVIN_PDE3B_TARGETS	0.22752152623385277			
TAKEDA_TARGETS_OF_NUP98_HOXA9_FUSION_3D_DN	0.22751763041063894			
GO_NEGATIVE_REGULATION_OF_MAST_CELL_ACTIVATION	0.22751305783252176			
GO_REGULATION_OF_PROTEIN_COMPLEX_STABILITY	0.22749306147967452			
GSE35825_UNTREATED_VS_IFNG_STIM_MACROPHAGE_UP	0.22749079372107428			
GSE2405_0H_VS_12H_A_PHAGOCYTOPHILUM_STIM_NEUTROPHIL_DN	0.22748630847174733			
GSE7764_NKCELL_VS_SPLENOCYTE_UP	0.22748608915074237			
GO_VASCULAR_SMOOTH_MUSCLE_CELL_DIFFERENTIATION	0.2274705534766986			
PID_TOLL_ENDOGENOUS_PATHWAY	0.22746967334322965			
PURBEY_TARGETS_OF_CTBP1_NOT_SATB1_UP	0.22746000354930943			
GSE21063_WT_VS_NFATC1_KO_BCELL_UP	0.22745471856181446			
GSE11864_CSF1_VS_CSF1_IFNG_PAM3CYS_IN_MAC_DN	0.22744572796767148			
GRAESSMANN_RESPONSE_TO_MC_AND_SERUM_DEPRIVATION_DN	0.22744375565461689			
GO_PEPTIDE_SECRETION	0.22744171014912232			
GSE2706_LPS_VS_R848_AND_LPS_8H_STIM_DC_DN	0.2274407541443966			
GO_LIPID_STORAGE	0.2274373446776046			
MIR148A_3P	0.2274244834408057			
GSE3039_CD4_TCELL_VS_B1_BCELL_UP	0.22742301792849773			
GSE411_UNSTIM_VS_400MIN_IL6_STIM_SOCS3_KO_MACROPHAGE_DN	0.2274219702452636			
GSE6259_FLT3L_INDUCED_DEC205_POS_DC_VS_CD8_TCELL_DN	0.2274176510394171			
GO_SECRETION_OF_LYSOSOMAL_ENZYMES	0.2274153964238098			
GSE17301_CTRL_VS_48H_IFNA2_STIM_CD8_TCELL_UP	0.22741125927552927			
GO_POSITIVE_REGULATION_OF_LAMELLIPODIUM_ASSEMBLY	0.22740861173261093			
GO_NEGATIVE_REGULATION_OF_ALPHA_BETA_T_CELL_DIFFERENTIATION	0.22740784550518123			
GSE40068_CXCR5NEG_BCL6NEG_CD4_TCELL_VS_CXCR5POS_BCL6NEG_TFH_DN	0.2273935813119341			
GSE3920_UNTREATED_VS_IFNB_TREATED_ENDOTHELIAL_CELL_DN	0.22738633252340498			
MIR3692_3P	0.22738315857292044			
IPA_HDAC7_DN	0.22738092753706685			
WANG_RESPONSE_TO_BEXAROTENE_DN	0.2273781595480053			
ATCATGA_MIR433	0.22737736663110775			
MIR522_3P	0.22737228273172083			
GO_CYTOPLASMIC_REGION	0.22737104644878028			
GSE20715_0H_VS_6H_OZONE_LUNG_DN	0.22737042818450492			
GSE20366_TREG_VS_NAIVE_CD4_TCELL_HOMEOSTATIC_CONVERSION_UP	0.22736284118805405			
GSE37416_12H_VS_24H_F_TULARENSIS_LVS_NEUTROPHIL_UP	0.22736219621900666			
GO_GLUTAMATE_BIOSYNTHETIC_PROCESS	0.22735888341928132			
GSE19401_UNSTIM_VS_PAM2CSK4_STIM_FOLLICULAR_DC_UP	0.2273586917041997			
GSE411_100MIN_VS_400MIN_IL6_STIM_SOCS3_KO_MACROPHAGE_DN	0.22735820693970757			
GSE3982_DC_VS_NEUTROPHIL_LPS_STIM_UP	0.2273461998250193			
GO_CARBOHYDRATE_BINDING	0.22734437049508394			
MIR934	0.22733830459676105			
GO_BH3_DOMAIN_BINDING	0.22733633128951367			
GSE15330_HSC_VS_GRANULOCYTE_MONOCYTE_PROGENITOR_IKAROS_KO_UP	0.22733389302139786			
GO_REGULATION_OF_TRANSMEMBRANE_TRANSPORT	0.22732967956223882			
REACTOME_COBALAMIN_CBL_VITAMIN_B12_TRANSPORT_AND_METABOLISM	0.22732698335524268			
KEGG_AMINO_SUGAR_AND_NUCLEOTIDE_SUGAR_METABOLISM	0.22732020738812295			
GSE34515_CD16_NEG_VS_POS_MONOCYTE_DN	0.22731341841894448			
GSE20198_UNTREATED_VS_IL12_TREATED_ACT_CD4_TCELL_UP	0.22730685375631227			
TEL2_Q6	0.2273060872093793			
BIOCARTA_ATM_PATHWAY	0.2273044076037116			
GO_ANNEALING_ACTIVITY	0.22730393352724632			
IPA_CDC5L_UP	0.22730102401647256			
GO_SEXUAL_REPRODUCTION	0.22728068414539973			
GO_KETONE_BIOSYNTHETIC_PROCESS	0.2272755631249187			
GSE37534_UNTREATED_VS_GW1929_TREATED_CD4_TCELL_PPARG1_AND_FOXP3_TRASDUCED_UP	0.2272583467632652			
KAECH_NAIVE_VS_MEMORY_CD8_TCELL_DN	0.22725530821725567			
GO_TRNA_CYTOSINE_5_METHYLTRANSFERASE_ACTIVITY	0.22724720887778768			
REACTOME_G_PROTEIN_BETA_GAMMA_SIGNALLING	0.22724598304450602			
REACTOME_MTORC1_MEDIATED_SIGNALLING	0.22722466049179096			
MIR1225_5P	0.22721340408788906			
REACTOME_DNA_DAMAGE_BYPASS	0.22721284451030474			
GO_REGULATION_OF_NEUROTRANSMITTER_UPTAKE	0.22721023054021258			
DANG_REGULATED_BY_MYC_UP	0.22720862389214316			
GO_REGULATION_OF_PROTEIN_MODIFICATION_PROCESS	0.22720793721432425			
GSE3982_MEMORY_CD4_TCELL_VS_TH1_UP	0.227198062334984			
GSE22611_UNSTIM_VS_6H_MDP_STIM_NOD2_TRANSDUCED_HEK293T_CELL_DN	0.2271965098918321			
GO_DNA_SYNTHESIS_INVOLVED_IN_DNA_REPAIR	0.227194283922278			
GSE41867_NAIVE_VS_DAY8_LCMV_CLONE13_EFFECTOR_CD8_TCELL_UP	0.22718923465281435			
GO_I_KAPPAB_KINASE_NF_KAPPAB_SIGNALING	0.22718398202637466			
DACOSTA_UV_RESPONSE_VIA_ERCC3_DN	0.22718338062353086			
GSE15930_NAIVE_VS_72H_IN_VITRO_STIM_TRICHOSTATINA_CD8_TCELL_DN	0.2271826379327408			
ZNF776_TARGET_GENES	0.2271815306054837			
REACTOME_VASOPRESSIN_LIKE_RECEPTORS	0.22718003355954772			
MIR4730	0.22717696382006727			
PUJANA_BRCA_CENTERED_NETWORK	0.22716394009180887			
GO_ANTIOXIDANT_ACTIVITY	0.22714732052451667			
PID_AVB3_INTEGRIN_PATHWAY	0.2271446552812755			
SANA_RESPONSE_TO_IFNG_UP	0.2271408543945199			
GSE18791_UNSTIM_VS_NEWCATSLE_VIRUS_DC_18H_DN	0.2271396670391462			
GSE3691_IFN_PRODUCING_KILLER_DC_VS_PLASMACYTOID_DC_SPLEEN_DN	0.22713769214440904			
GSE17721_PAM3CSK4_VS_GADIQUIMOD_6H_BMDC_DN	0.2271275602996761			
IPA_TP73_UP	0.22712677225320946			
MOOTHA_PGC	0.22712513834672468			
IRF_Q6	0.2271157321788479			
GO_POSITIVE_REGULATION_OF_PROTEIN_LOCALIZATION_TO_CELL_SURFACE	0.22711201676543735			
GO_CYCLIN_CDK_POSITIVE_TRANSCRIPTION_ELONGATION_FACTOR_COMPLEX	0.227109333318625			
GO_POSITIVE_REGULATION_OF_PHOSPHORUS_METABOLIC_PROCESS	0.2271034788950543			
GO_POSITIVE_REGULATION_OF_ESTABLISHMENT_OF_PROTEIN_LOCALIZATION	0.22709481541912227			
GO_RECEPTOR_BIOSYNTHETIC_PROCESS	0.2270924446253663			
IPA_NR1I2_UP	0.22708862416848982			
GO_NEGATIVE_REGULATION_OF_ADAPTIVE_IMMUNE_RESPONSE	0.2270874756171919			
JAZAG_TGFB1_SIGNALING_VIA_SMAD4_UP	0.2270865841398917			
GO_SCLEROTOME_DEVELOPMENT	0.22707222057921372			
GO_REGULATION_OF_INTRINSIC_APOPTOTIC_SIGNALING_PATHWAY_IN_RESPONSE_TO_DNA_DAMAGE_BY_P53_CLASS_MEDIATOR	0.22706830982464768			
GSE2770_IL12_ACT_VS_ACT_CD4_TCELL_6H_UP	0.22706133663837305			
GSE13485_PRE_VS_POST_YF17D_VACCINATION_PBMC_DN	0.22706070548586252			
GO_REGULATION_OF_NMDA_RECEPTOR_ACTIVITY	0.2270588560324168			
GO_CHONDROCYTE_DEVELOPMENT	0.22705720193085036			
GSE22601_IMMATURE_CD4_SINGLE_POSITIVE_VS_DOUBLE_POSITIVE_THYMOCYTE_DN	0.22704098473820838			
MIR200A_3P	0.22703848761530218			
GO_POSITIVE_REGULATION_OF_TRANSPORT	0.22702987913071787			
HOFMANN_MYELODYSPLASTIC_SYNDROM_RISK_DN	0.22702920005617563			
GSE34006_A2AR_KO_VS_A2AR_AGONIST_TREATED_TREG_UP	0.22702644737010874			
MYC_UP.V1_DN	0.22702534500314472			
REACTOME_CHROMOSOME_MAINTENANCE	0.22702478411308802			
GSE10325_CD4_TCELL_VS_LUPUS_CD4_TCELL_DN	0.22702421372765755			
BOYLAN_MULTIPLE_MYELOMA_PCA1_UP	0.2270224264727673			
MIR6833_5P	0.2270213612615716			
GO_AP_4_ADAPTOR_COMPLEX	0.22701706603921823			
KUNINGER_IGF1_VS_PDGFB_TARGETS_DN	0.2270099107563662			
GO_PEPTIDE_RECEPTOR_ACTIVITY	0.2270080246109768			
MIR5588_5P	0.22699721460438899			
MIR653_5P	0.22699685933507446			
KIM_GLIS2_TARGETS_DN	0.2269968434661936			
GSE40274_CTRL_VS_FOXP3_AND_PBX1_TRANSDUCED_ACTIVATED_CD4_TCELL_UP	0.22699625147800437			
JOHNSTONE_PARVB_TARGETS_3_DN	0.22699559858254278			
KLEIN_PRIMARY_EFFUSION_LYMPHOMA_UP	0.22699551359833653			
GSE32986_GMCSF_VS_GMCSF_AND_CURDLAN_LOWDOSE_STIM_DC_DN	0.2269951525851055			
GSE17186_CD21LOW_VS_CD21HIGH_TRANSITIONAL_BCELL_CORD_BLOOD_DN	0.2269818157600931			
KEGG_ANTIGEN_PROCESSING_AND_PRESENTATION	0.22697578523611286			
GSE19888_ADENOSINE_A3R_ACT_VS_A3R_ACT_WITH_A3R_INH_PRETREATMENT_IN_MAST_CELL_DN	0.226973386558071			
GO_NEGATIVE_REGULATION_OF_REACTIVE_OXYGEN_SPECIES_BIOSYNTHETIC_PROCESS	0.22696866945658634			
MIR338_3P	0.2269660607136024			
GO_ADENYL_NUCLEOTIDE_BINDING	0.22695769075624792			
GSE8515_IL1_VS_IL6_4H_STIM_MAC_UP	0.22695047050789985			
GSE360_DC_VS_MAC_B_MALAYI_LOW_DOSE_DN	0.22694983911211128			
GO_T_CELL_CYTOKINE_PRODUCTION	0.22694547079759902			
GSE17721_LPS_VS_GARDIQUIMOD_12H_BMDC_UP	0.22694405388947242			
MIR3606_3P	0.2269390436435999			
GO_POSITIVE_REGULATION_OF_STEROID_HORMONE_SECRETION	0.22693579261786415			
MIR4778_3P	0.22693113398202736			
MXD1_TARGET_GENES	0.2269269744437788			
GSE411_100MIN_VS_400MIN_IL6_STIM_SOCS3_KO_MACROPHAGE_UP	0.2269248610364006			
GSE3920_UNTREATED_VS_IFNA_TREATED_FIBROBLAST_UP	0.22692114980180111			
GSE17721_0.5H_VS_8H_LPS_BMDC_UP	0.22691886553558466			
GSE9988_ANTI_TREM1_AND_LPS_VS_VEHICLE_TREATED_MONOCYTES_UP	0.22690994152801994			
GO_REGULATION_OF_REMOVAL_OF_SUPEROXIDE_RADICALS	0.22689903006727336			
GO_HIGH_DENSITY_LIPOPROTEIN_PARTICLE_ASSEMBLY	0.22689572661763718			
GO_STRIATED_MUSCLE_CELL_DIFFERENTIATION	0.22688903162574892			
GO_DNA_APURINIC_OR_APYRIMIDINIC_SITE_ENDONUCLEASE_ACTIVITY	0.22688359983493825			
MIR224_3P	0.2268785412747929			
GO_CONDENSED_CHROMOSOME_CENTROMERIC_REGION	0.22687849633192886			
GO_REGULATION_OF_COENZYME_METABOLIC_PROCESS	0.22687392287123426			
GSE27786_NKCELL_VS_NKTCELL_UP	0.2268710769216855			
PID_TNF_PATHWAY	0.22686695301160628			
ZNF322_TARGET_GENES	0.2268648969698162			
GSE41867_NAIVE_VS_DAY30_LCMV_CLONE13_EXHAUSTED_CD8_TCELL_UP	0.22685967162726128			
GSE17721_CTRL_VS_CPG_4H_BMDC_DN	0.22685395448545187			
GSE19941_UNSTIM_VS_LPS_AND_IL10_STIM_IL10_KO_NFKBP50_KO_MACROPHAGE_DN	0.2268502111254055			
chr4q34	0.22684530827063015			
GO_MRNA_3_END_PROCESSING_BY_STEM_LOOP_BINDING_AND_CLEAVAGE	0.22683395735768339			
GO_CELLULAR_RESPONSE_TO_LIGHT_STIMULUS	0.2268266481054927			
GSE14415_INDUCED_TREG_VS_FOXP3_KO_INDUCED_TREG_DN	0.2268243737473629			
IPA_ZBTB7A_DN	0.22682191924570344			
GREENBAUM_E2A_TARGETS_UP	0.22682023121019262			
MIR6854_3P	0.2268201787502577			
MIR4438	0.22681543401665852			
ZHU_SKIL_TARGETS_DN	0.22677949412701762			
MIR223_3P	0.22677790115475516			
GO_REGULATION_OF_CATION_CHANNEL_ACTIVITY	0.22677255541861488			
GO_PML_BODY	0.2267696099374768			
GO_POSITIVE_REGULATION_OF_APOPTOTIC_PROCESS_INVOLVED_IN_DEVELOPMENT	0.2267664890661086			
GO_POSITIVE_REGULATION_OF_APOPTOTIC_PROCESS_INVOLVED_IN_MORPHOGENESIS	0.2267664890661086			
GSE43955_TH0_VS_TGFB_IL6_TH17_ACT_CD4_TCELL_52H_DN	0.22676464673213334			
GSE33425_CD161_HIGH_VS_NEG_CD8_TCELL_DN	0.22676256879095796			
GO_REGULATION_OF_MITOTIC_CYTOKINESIS	0.22676177379908136			
GSE360_DC_VS_MAC_B_MALAYI_HIGH_DOSE_DN	0.2267550308408946			
GO_RESPONSE_TO_VITAMIN_E	0.22675017221655022			
MIR4703_5P	0.22673619349906435			
GO_NEUTROPHIL_CLEARANCE	0.22673473383140982			
FARDIN_HYPOXIA_11	0.22672010814656998			
GSE36392_TYPE_2_MYELOID_VS_EOSINOPHIL_IL25_TREATED_LUNG_DN	0.22670613464092762			
GO_T_HELPER_2_CELL_DIFFERENTIATION	0.22670458324357878			
IPA_RXRB_DN	0.22669989617655947			
GSE37416_CTRL_VS_12H_F_TULARENSIS_LVS_NEUTROPHIL_UP	0.2266998168381795			
GO_REGULATION_OF_MACROPHAGE_DERIVED_FOAM_CELL_DIFFERENTIATION	0.22668836276740392			
REACTOME_NUCLEOBASE_CATABOLISM	0.22667513281615684			
GSE22432_CONVENTIONAL_CDC_VS_PLASMACYTOID_PDC_DN	0.2266710831190523			
MIR362_3P	0.2266648251349942			
IPA_NFIX_UP	0.22666446370874116			
GO_CELL_CYCLE_PHASE_TRANSITION	0.2266640318749543			
GO_REGULATION_OF_T_HELPER_2_CELL_CYTOKINE_PRODUCTION	0.22666300414208754			
BOHN_PRIMARY_IMMUNODEFICIENCY_SYNDROM_DN	0.22666276144761077			
GSE36095_WT_VS_HDAC9_KO_TREG_UP	0.22666169746319226			
LI_LUNG_CANCER	0.22663851165252388			
IPA_SMAD7_DN	0.22663514496818538			
REACTOME_PLASMA_LIPOPROTEIN_CLEARANCE	0.2266337885517955			
GO_POSITIVE_REGULATION_OF_TUMOR_NECROSIS_FACTOR_BIOSYNTHETIC_PROCESS	0.2266274685808296			
GO_VOLTAGE_GATED_ION_CHANNEL_ACTIVITY	0.22662525386355403			
HADDAD_B_LYMPHOCYTE_PROGENITOR	0.2266237578315036			
REACTOME_SIGNALING_BY_ERYTHROPOIETIN	0.22662049846427326			
IPA_MYBBP1A_UP	0.22661372431741034			
GSE7348_UNSTIM_VS_TOLERIZED_AND_LPS_STIM_MACROPHAGE_DN	0.22660714277200655			
GSE20715_WT_VS_TLR4_KO_LUNG_UP	0.2266060396274669			
IPA_PITX1_UP	0.22659971034469475			
GSE23502_BM_VS_COLON_TUMOR_MYELOID_DERIVED_SUPPRESSOR_CELL_UP	0.22659749225413048			
MIR5011_3P	0.2265959984957485			
GO_CELLULAR_RESPONSE_TO_UV	0.22659307299522646			
ZNF768_TARGET_GENES	0.2265902666132691			
GO_NEGATIVE_REGULATION_OF_NON_CANONICAL_WNT_SIGNALING_PATHWAY	0.2265860935733668			
MIR6874_3P	0.22657909413490154			
PRDM5_TARGET_GENES	0.22656749826972708			
BASSO_CD40_SIGNALING_UP	0.22656300707434696			
MARKEY_RB1_CHRONIC_LOF_UP	0.2265629612999354			
GO_NEGATIVE_REGULATION_OF_ADENYLATE_CYCLASE_ACTIVATING_ADRENERGIC_RECEPTOR_SIGNALING_PATHWAY	0.2265608304235346			
GO_COMPLEX_OF_COLLAGEN_TRIMERS	0.22655985091677527			
GO_NUCLEOBASE_METABOLIC_PROCESS	0.22655456963495355			
IPA_HDAC1_UP	0.2265478649831138			
GSE22886_DAY0_VS_DAY7_MONOCYTE_IN_CULTURE_UP	0.22654083383662205			
GSE8685_IL2_ACT_IL2_STARVED_VS_IL21_ACT_IL2_STARVED_CD4_TCELL_DN	0.2265347804460048			
DUTTA_APOPTOSIS_VIA_NFKB	0.22653009803640928			
GSE40273_EOS_KO_VS_WT_TREG_UP	0.22652910071691928			
WAMUNYOKOLI_OVARIAN_CANCER_LMP_DN	0.22651403311158377			
GSE34392_ST2_KO_VS_WT_DAY8_LCMV_EFFECTOR_CD8_TCELL_UP	0.22650196931468636			
GO_GLYCOSYL_COMPOUND_CATABOLIC_PROCESS	0.22650109903441837			
GO_DOUBLE_STRAND_BREAK_REPAIR_VIA_BREAK_INDUCED_REPLICATION	0.2264982821639902			
GSE6269_FLU_VS_STAPH_AUREUS_INF_PBMC_DN	0.22649693913581648			
GO_G_PROTEIN_COUPLED_PURINERGIC_RECEPTOR_SIGNALING_PATHWAY	0.22649381431514096			
GO_ACTIN_FILAMENT_BUNDLE	0.22649131216812513			
REACTOME_SYNTHESIS_OF_GDP_MANNOSE	0.22649059160150878			
GO_SYNAPTONEMAL_STRUCTURE	0.22648938020593373			
GO_NEGATIVE_REGULATION_OF_SODIUM_ION_TRANSPORT	0.22648923550305697			
GSE24972_WT_VS_IRF8_KO_SPLEEN_FOLLICULAR_BCELL_DN	0.22648818305036117			
PID_FOXM1_PATHWAY	0.2264881766946205			
GO_REGULATION_OF_PROTEIN_CONTAINING_COMPLEX_DISASSEMBLY	0.22646540868855125			
GO_LEUCINE_METABOLIC_PROCESS	0.2264526731305353			
SNAPC2_TARGET_GENES	0.22644553932072367			
GO_REGULATION_OF_CELLULAR_PH_REDUCTION	0.22644532067548187			
GSE30962_ACUTE_VS_CHRONIC_LCMV_SECONDARY_INF_CD8_TCELL_DN	0.22644225921329117			
MIR376C_3P	0.2264324274320886			
GO_SISTER_CHROMATID_COHESION	0.22643197167552098			
NFKB_Q6_01	0.2264300613050782			
MARCINIAK_ER_STRESS_RESPONSE_VIA_CHOP	0.2264294858480611			
GSE29617_CTRL_VS_DAY3_TIV_FLU_VACCINE_PBMC_2008_DN	0.22642817943671142			
RAY_TARGETS_OF_P210_BCR_ABL_FUSION_DN	0.22642551026989602			
BROWN_MYELOID_CELL_DEVELOPMENT_DN	0.22642483266903102			
GO_POSITIVE_REGULATION_OF_CYTOKINESIS	0.2264196759231482			
GSE37301_HEMATOPOIETIC_STEM_CELL_VS_PRO_BCELL_DN	0.2264174691121701			
BIOCARTA_IL7_PATHWAY	0.226414557339391			
GO_EXONUCLEASE_ACTIVITY	0.22641356208568336			
GSE22589_HEALTHY_VS_HIV_INFECTED_DC_UP	0.22640205889918313			
GO_TASTE_RECEPTOR_ACTIVITY	0.22640149902626489			
REACTOME_CASPASE_ACTIVATION_VIA_EXTRINSIC_APOPTOTIC_SIGNALLING_PATHWAY	0.22639600825486011			
GO_POSITIVE_REGULATION_OF_LIPID_BIOSYNTHETIC_PROCESS	0.22639514688248547			
GSE37416_12H_VS_48H_F_TULARENSIS_LVS_NEUTROPHIL_UP	0.22637444855521247			
MIR152_5P	0.22637386003265922			
PTEN_DN.V2_UP	0.22637333051732647			
WEBER_METHYLATED_LCP_IN_FIBROBLAST_DN	0.2263715787076631			
GO_PENTOSE_CATABOLIC_PROCESS	0.2263653679616579			
GSE25123_CTRL_VS_IL4_AND_ROSIGLITAZONE_STIM_PPARG_KO_MACROPHAGE_UP	0.22636405611415714			
MIR7153_5P	0.22635999137648036			
GO_REACTIVE_OXYGEN_SPECIES_METABOLIC_PROCESS	0.22635982455307715			
GO_COLLAGEN_BINDING_INVOLVED_IN_CELL_MATRIX_ADHESION	0.22635951141889626			
GO_POSITIVE_REGULATION_OF_CATALYTIC_ACTIVITY	0.22635194431367503			
MIR4520_2_3P	0.22635054000528268			
IPA_JUN_DN	0.22635004199414874			
GO_DNA_REPAIR	0.22634693255268318			
KEGG_RNA_DEGRADATION	0.2263465811002137			
GSE360_CTRL_VS_T_GONDII_MAC_UP	0.22634649575695215			
MIR3675_5P	0.22634039882415455			
ADNP_TARGET_GENES	0.22633033812399247			
GSE12505_WT_VS_E2_2_HET_PDC_DN	0.22632804266294881			
AMUNDSON_RESPONSE_TO_ARSENITE	0.22631657746365993			
GSE12003_MIR223_KO_VS_WT_BM_PROGENITOR_4D_CULTURE_UP	0.22631292669672362			
GO_REGULATION_OF_T_HELPER_17_CELL_LINEAGE_COMMITMENT	0.22631025456273798			
GSE17721_CTRL_VS_LPS_6H_BMDC_DN	0.22630974435642068			
GSE5455_HEALTHY_VS_TUMOR_BEARING_MOUSE_SPLEEN_MONOCYTE_DN	0.22630964570265985			
GO_ENDOLYSOSOME_MEMBRANE	0.22630856598602894			
GSE1460_INTRATHYMIC_T_PROGENITOR_VS_CD4_THYMOCYTE_UP	0.2263075381475072			
LY_AGING_OLD_DN	0.22629306023967374			
DACOSTA_ERCC3_ALLELE_XPCS_VS_TTD_DN	0.22628786863021505			
GSE21927_SPLENIC_C26GM_TUMOROUS_VS_4T1_TUMOR_MONOCYTES_UP	0.226287766597476			
GO_POSITIVE_REGULATION_OF_PYRUVATE_DEHYDROGENASE_ACTIVITY	0.22628452863890589			
GO_PYRUVATE_DEHYDROGENASE_LIPOAMIDE_PHOSPHATASE_ACTIVITY	0.22628452863890589			
MIR3074_3P	0.22628317107686782			
GSE20715_WT_VS_TLR4_KO_24H_OZONE_LUNG_DN	0.22628278610950453			
GO_PYRIMIDINE_NUCLEOBASE_METABOLIC_PROCESS	0.22627427020692775			
REACTOME_MITOTIC_SPINDLE_CHECKPOINT	0.22626859285573866			
GSE27786_LSK_VS_BCELL_DN	0.22626433273777813			
HOXC13_TARGET_GENES	0.2262620898970013			
IPA_XRCC6_UP	0.2262590762830964			
GSE24671_CTRL_VS_BAKIMULC_INFECTED_MOUSE_SPLENOCYTES_UP	0.22625685479367189			
GSE4984_GALECTIN1_VS_VEHICLE_CTRL_TREATED_DC_DN	0.22625391406641424			
GO_THYMIC_T_CELL_SELECTION	0.2262451769895956			
GO_RIBOSOMAL_SMALL_SUBUNIT_EXPORT_FROM_NUCLEUS	0.226240689491631			
ABDELMOHSEN_ELAVL4_TARGETS	0.22623634315589228			
GO_REGULATION_OF_NEUTROPHIL_DEGRANULATION	0.2262339154222396			
GO_COFACTOR_METABOLIC_PROCESS	0.22621997640703972			
GSE15659_NAIVE_CD4_TCELL_VS_RESTING_TREG_UP	0.22621769098980682			
KEGG_GLYCOSAMINOGLYCAN_DEGRADATION	0.22621700289454919			
GSE17721_POLYIC_VS_PAM3CSK4_2H_BMDC_DN	0.22621550883937552			
GSE32986_UNSTIM_VS_CURDLAN_LOWDOSE_STIM_DC_DN	0.22621056354658925			
GSE28726_ACT_CD4_TCELL_VS_ACT_NKTCELL_DN	0.22619783764100063			
GO_LIGAND_GATED_CATION_CHANNEL_ACTIVITY	0.22619531028401563			
MORI_EMU_MYC_LYMPHOMA_BY_ONSET_TIME_DN	0.22619349386972135			
MIR3650	0.22619226273337406			
KREPPEL_CD99_TARGETS_DN	0.22619001803872368			
GSE10239_NAIVE_VS_KLRG1INT_EFF_CD8_TCELL_DN	0.2261877243663675			
GSE13411_IGM_MEMORY_BCELL_VS_PLASMA_CELL_DN	0.2261843640213701			
GO_POSITIVE_REGULATION_OF_BLOOD_VESSEL_REMODELING	0.22618412235993454			
IPA_BRCA1_UP	0.22618267412101853			
GSE14769_UNSTIM_VS_60MIN_LPS_BMDM_DN	0.22618247175443804			
GSE557_WT_VS_I_AB_KO_DC_DN	0.2261740157809159			
GSE10239_NAIVE_VS_KLRG1HIGH_EFF_CD8_TCELL_UP	0.22616413284828563			
TONKS_TARGETS_OF_RUNX1_RUNX1T1_FUSION_SUSTAINDED_IN_ERYTHROCYTE_UP	0.22616240270294077			
GSE3565_DUSP1_VS_WT_SPLENOCYTES_DN	0.22616160384017828			
MIR377_5P	0.22615926433015085			
MIR4661_5P	0.2261444308251727			
MIR2115_5P	0.22612818388215022			
WEBER_METHYLATED_IN_COLON_CANCER	0.226126789370573			
GO_NEGATIVE_REGULATION_OF_CYTOLYSIS	0.22611524606774494			
GO_REGULATION_OF_CELLULAR_COMPONENT_SIZE	0.2261035992124947			
REACTOME_REGULATION_OF_TP53_EXPRESSION_AND_DEGRADATION	0.22608705324966924			
REACTOME_PCP_CE_PATHWAY	0.22607793839966886			
GSE17721_CPG_VS_GARDIQUIMOD_1H_BMDC_DN	0.22607782086854364			
MILI_PSEUDOPODIA	0.22606907092194156			
GSE45739_NRAS_KO_VS_WT_UNSTIM_CD4_TCELL_UP	0.2260660437642103			
GSE17721_CTRL_VS_GARDIQUIMOD_24H_BMDC_DN	0.22606200806120194			
ZBTB24_TARGET_GENES	0.22605787147699066			
GSE46606_UNSTIM_VS_CD40L_IL2_IL5_1DAY_STIMULATED_IRF4HIGH_SORTED_BCELL_DN	0.22605099867581369			
GO_NEGATIVE_REGULATION_OF_INTERFERON_ALPHA_PRODUCTION	0.22604823757901552			
REACTOME_RESOLUTION_OF_SISTER_CHROMATID_COHESION	0.2260412718911547			
SOX6_TARGET_GENES	0.22603846731008792			
GSE411_UNSTIM_VS_400MIN_IL6_STIM_SOCS3_KO_MACROPHAGE_UP	0.22602617644618742			
IPA_TERF1_DN	0.22602237144389367			
GSE17974_CTRL_VS_ACT_IL4_AND_ANTI_IL12_48H_CD4_TCELL_DN	0.22602169634134522			
CTGRYYYNATT_UNKNOWN	0.22601546002234216			
E2F_Q6	0.22601205406502212			
RAO_BOUND_BY_SALL4_ISOFORM_A	0.22600860123158925			
REACTOME_PHASE_II_CONJUGATION_OF_COMPOUNDS	0.22600705680024316			
IPA_FOS_DN	0.22599891157679117			
GSE8835_CD4_VS_CD8_TCELL_CLL_PATIENT_UP	0.22599715467552545			
GO_POSITIVE_REGULATION_OF_MAPK_CASCADE	0.2259927837944022			
REACTOME_MECP2_REGULATES_TRANSCRIPTION_OF_NEURONAL_LIGANDS	0.2259919575135371			
MINGUEZ_LIVER_CANCER_VASCULAR_INVASION_DN	0.22598782194843847			
GO_GLOMERULUS_DEVELOPMENT	0.22598686253130224			
GO_DIET_INDUCED_THERMOGENESIS	0.22598429829654873			
NICK_RESPONSE_TO_PROC_TREATMENT_DN	0.22597835709006425			
GO_INTERFERON_GAMMA_MEDIATED_SIGNALING_PATHWAY	0.2259780978131503			
GO_URIDYLYLTRANSFERASE_ACTIVITY	0.225977964231621			
HUANG_GATA2_TARGETS_DN	0.2259777310334765			
BILANGES_SERUM_AND_RAPAMYCIN_SENSITIVE_GENES	0.2259741858764889			
GO_NUCLEOSIDE_MONOPHOSPHATE_CATABOLIC_PROCESS	0.22597371482945428			
GSE21379_TFH_VS_NON_TFH_CD4_TCELL_UP	0.2259729620839226			
GO_HISTONE_METHYLTRANSFERASE_ACTIVITY	0.22597166460342605			
GSE36392_MAC_VS_NEUTROPHIL_IL25_TREATED_LUNG_DN	0.2259682202237191			
GO_1_4_ALPHA_OLIGOGLUCAN_PHOSPHORYLASE_ACTIVITY	0.22596496803978156			
GO_T_CELL_PROLIFERATION_INVOLVED_IN_IMMUNE_RESPONSE	0.22596022815619698			
MIR6715A_3P	0.22595266748942877			
MATZUK_MEIOTIC_AND_DNA_REPAIR	0.2259516797113787			
GO_BLOC_COMPLEX	0.2259445804529102			
GO_LOCALIZATION_WITHIN_MEMBRANE	0.225943124576756			
REACTOME_CIRCADIAN_CLOCK	0.2259430386488169			
GO_GRANULOCYTE_COLONY_STIMULATING_FACTOR_PRODUCTION	0.22594302278376063			
KEGG_VIBRIO_CHOLERAE_INFECTION	0.22594127311384765			
PBX1_02	0.22593605915181128			
GSE32423_IL7_VS_IL7_IL4_NAIVE_CD8_TCELL_DN	0.22593266138982862			
MIR5682	0.22593041918791576			
GSE17186_BLOOD_VS_CORD_BLOOD_CD21HIGH_TRANSITIONAL_BCELL_UP	0.22593014801485464			
GSE28737_BCL6_HET_VS_BCL6_KO_MARGINAL_ZONE_BCELL_UP	0.22592948541449828			
GO_REGULATION_OF_UBIQUITIN_SPECIFIC_PROTEASE_ACTIVITY	0.22592612273165405			
GSE24671_BAKIMULC_VS_SENDAI_VIRUS_INFECTED_MOUSE_SPLENOCYTES_DN	0.22592194175424885			
TATA_01	0.22591783143979222			
GSE39864_WT_VS_GATA3_KO_TREG_UP	0.22591385908474598			
GO_NEGATIVE_REGULATION_OF_PROTEIN_EXPORT_FROM_NUCLEUS	0.22590990276501055			
GO_CELL_SUBSTRATE_JUNCTION	0.2259040202640107			
REACTOME_POLYMERASE_SWITCHING	0.22590320652659743			
WORSCHECH_TUMOR_EVASION_AND_TOLEROGENICITY_DN	0.22589292568296696			
KAECH_DAY15_EFF_VS_MEMORY_CD8_TCELL_DN	0.22588900638040918			
GO_REGULATION_OF_HEPATOCYTE_PROLIFERATION	0.22588395096028843			
GO_TRANSFERASE_ACTIVITY_TRANSFERRING_PHOSPHORUS_CONTAINING_GROUPS	0.22587450491291752			
GSE1925_3H_VS_24H_IFNG_STIM_MACROPHAGE_DN	0.22587329812938814			
SENESE_HDAC1_AND_HDAC2_TARGETS_DN	0.22587094210517247			
BIOCARTA_VITCB_PATHWAY	0.2258704542036417			
GO_REGULATION_OF_BEHAVIOR	0.2258703567750304			
BURTON_ADIPOGENESIS_PEAK_AT_0HR	0.22586874728119824			
GSE17974_1H_VS_72H_UNTREATED_IN_VITRO_CD4_TCELL_UP	0.22586709172753414			
GSE19198_1H_VS_6H_IL21_TREATED_TCELL_DN	0.22586678458842516			
GSE20715_0H_VS_48H_OZONE_LUNG_DN	0.2258489705318779			
GSE36009_WT_VS_NLRP10_KO_DC_LPS_STIM_UP	0.22584241100951133			
KONG_E2F3_TARGETS	0.22583376943121242			
GO_NEGATIVE_REGULATION_OF_PROTEIN_TARGETING_TO_MITOCHONDRION	0.22582907033733798			
GO_REGULATION_OF_TRANSCRIPTION_FROM_RNA_POLYMERASE_II_PROMOTER_IN_RESPONSE_TO_OXIDATIVE_STRESS	0.2258223513016944			
REACTOME_ACTIVATION_OF_ATR_IN_RESPONSE_TO_REPLICATION_STRESS	0.2258176551635722			
GSE3994_WT_VS_PAC1_KO_ACTIVATED_MAST_CELL_DN	0.22581610998653273			
PID_P75_NTR_PATHWAY	0.2258032045464964			
GSE2770_IL12_VS_TGFB_AND_IL12_TREATED_ACT_CD4_TCELL_2H_DN	0.2258021406414468			
BILANGES_SERUM_SENSITIVE_VIA_TSC2	0.2257943025054374			
GSE29618_BCELL_VS_MONOCYTE_DAY7_FLU_VACCINE_DN	0.22579045093459416			
REACTOME_NEGATIVE_EPIGENETIC_REGULATION_OF_RRNA_EXPRESSION	0.22578935029096125			
PID_KIT_PATHWAY	0.22578933506135673			
MIR4724_3P	0.2257855198647294			
GO_TRANSCRIPTION_FACTOR_TFIIH_HOLO_COMPLEX	0.2257836625190488			
GSE25087_TREG_VS_TCONV_ADULT_DN	0.22577831567446183			
WIERENGA_STAT5A_TARGETS_GROUP2	0.22577806137198972			
MIR770_5P	0.22577244068090857			
REACTOME_RECRUITMENT_OF_MITOTIC_CENTROSOME_PROTEINS_AND_COMPLEXES	0.2257723366772459			
GO_REGULATION_OF_DENDRITIC_CELL_DIFFERENTIATION	0.2257668915937602			
GSE20484_MCSG_VS_CXCL4_MONOCYTE_DERIVED_MACROPHAGE_DN	0.22576406201517366			
GO_HISTONE_LYSINE_N_METHYLTRANSFERASE_ACTIVITY	0.22576006572715868			
GSE36888_UNTREATED_VS_IL2_TREATED_STAT5_AB_KNOCKIN_TCELL_17H_DN	0.22575369654760644			
IPA_KDM1A_DN	0.22574991246895554			
GO_NEGATIVE_REGULATION_OF_POTASSIUM_ION_TRANSPORT	0.22574798314522104			
GO_CONDENSED_NUCLEAR_CHROMOSOME_KINETOCHORE	0.22574571085017145			
GSE27786_CD4_TCELL_VS_NKTCELL_DN	0.22574540694733097			
FERNANDEZ_BOUND_BY_MYC	0.2257401535081551			
GO_GALACTOSE_BINDING	0.22572985117311317			
CSR_LATE_UP.V1_UP	0.22572909461091742			
GO_CELLULAR_MACROMOLECULE_CATABOLIC_PROCESS	0.22572016526130828			
GO_ATPASE_COUPLED_ION_TRANSMEMBRANE_TRANSPORTER_ACTIVITY	0.22571992672283145			
PEDERSEN_METASTASIS_BY_ERBB2_ISOFORM_6	0.22571601877389133			
WEST_ADRENOCORTICAL_TUMOR_UP	0.22571457238728027			
REACTOME_CELLULAR_RESPONSES_TO_EXTERNAL_STIMULI	0.22570805791452853			
GSE36527_CD62L_HIGH_CD69_NEG_VS_CD62L_LOW_CD69_POS_TREG_KLRG1_NEG_UP	0.2257017676372972			
GO_POSITIVE_REGULATION_OF_HUMORAL_IMMUNE_RESPONSE_MEDIATED_BY_CIRCULATING_IMMUNOGLOBULIN	0.2257015345718478			
GO_PHOTORECEPTOR_ACTIVITY	0.22569934879920273			
GSE15624_CTRL_VS_3H_HALOFUGINONE_TREATED_CD4_TCELL_UP	0.225696855577815			
GSE21063_CTRL_VS_ANTI_IGM_STIM_BCELL_16H_DN	0.2256918035977962			
SCHAEFFER_PROSTATE_DEVELOPMENT_AND_CANCER_BOX2_UP	0.22568764619087628			
GSE46606_IRF4_KO_VS_WT_CD40L_IL2_IL5_1DAY_STIMULATED_BCELL_UP	0.2256859469981259			
GO_REGULATION_OF_RECEPTOR_BIOSYNTHETIC_PROCESS	0.22567842387132783			
MIR151A_5P_MIR151B	0.22567816703550675			
GO_OXIDOREDUCTASE_ACTIVITY_ACTING_ON_THE_CH_NH2_GROUP_OF_DONORS	0.22567731074118424			
GSE17721_LPS_VS_GARDIQUIMOD_24H_BMDC_UP	0.22567062120848969			
GSE34205_HEALTHY_VS_FLU_INF_INFANT_PBMC_DN	0.22566871806016658			
GO_POSITIVE_REGULATION_OF_PHOSPHOPROTEIN_PHOSPHATASE_ACTIVITY	0.22566725534771218			
GO_INNATE_IMMUNE_RESPONSE_IN_MUCOSA	0.225663364602701			
GSE3039_CD4_TCELL_VS_ALPHABETA_CD8_TCELL_UP	0.22566055019887438			
IPA_THRB_DN	0.2256552760559117			
GSE9509_LPS_VS_LPS_AND_IL10_STIM_IL10_KO_MACROPHAGE_30MIN_UP	0.22564500521414857			
GO_DNA_REPAIR_COMPLEX_ASSEMBLY	0.22562710863359312			
GSE39820_CTRL_VS_IL1B_IL6_IL23A_CD4_TCELL_DN	0.22562283013925066			
GO_SOMATOTROPIN_SECRETING_CELL_DIFFERENTIATION	0.2256160154058617			
GO_TRICARBOXYLIC_ACID_CYCLE	0.22561095080179944			
ZNF784_TARGET_GENES	0.22560460344332117			
GO_SNRNA_TRANSCRIPTION_BY_RNA_POLYMERASE_III	0.22560297677996435			
MIR6790_5P	0.22560164033117122			
GO_RESPONSE_TO_MECHANICAL_STIMULUS	0.22559991832855178			
GO_ANAPHASE_PROMOTING_COMPLEX_DEPENDENT_CATABOLIC_PROCESS	0.22559891691791717			
KAYO_CALORIE_RESTRICTION_MUSCLE_UP	0.22558591610390702			
chr19p12	0.22557899249699745			
GO_MYOSIN_BINDING	0.22557880399707983			
GSE22886_NAIVE_CD8_TCELL_VS_MEMORY_TCELL_DN	0.22557611978974249			
GO_POSTREPLICATION_REPAIR	0.2255758791776666			
RODWELL_AGING_KIDNEY_NO_BLOOD_UP	0.225574661700786			
GO_CYCLIN_BINDING	0.22557232548179695			
GO_REGULATION_OF_HELICASE_ACTIVITY	0.22556525103775193			
GO_DNA_ENDOREDUPLICATION	0.22556451620096657			
GSE13306_RA_VS_UNTREATED_MEM_CD4_TCELL_UP	0.22555444167158833			
GO_UDP_N_ACETYLGLUCOSAMINE_BIOSYNTHETIC_PROCESS	0.22555254845938774			
GSE43863_LY6C_INT_CXCR5POS_VS_LY6C_LOW_CXCR5NEG_EFFECTOR_CD4_TCELL_DN	0.22555061590770453			
GO_VASCULAR_PROCESS_IN_CIRCULATORY_SYSTEM	0.22554592091639944			
HUMMEL_BURKITTS_LYMPHOMA_DN	0.22553988455131663			
GSE42021_CD24HI_VS_CD24INT_TREG_THYMUS_DN	0.22552962540392663			
KATSANOU_ELAVL1_TARGETS_UP	0.22552488777237234			
GSE46468_LUNG_INNATE_LYMPHOID_CELL_VS_SPLEEN_CD4_TCELL_UP	0.22551320713697087			
GSE15330_HSC_VS_MEGAKARYOCYTE_ERYTHROID_PROGENITOR_IKAROS_KO_UP	0.22549807531180857			
GO_REGULATION_OF_NUCLEASE_ACTIVITY	0.2254965960960513			
GO_CYTOPLASMIC_SIDE_OF_ROUGH_ENDOPLASMIC_RETICULUM_MEMBRANE	0.2254964885683172			
ALONSO_METASTASIS_DN	0.22549187542395138			
TAKEDA_TARGETS_OF_NUP98_HOXA9_FUSION_16D_UP	0.22548806707669342			
ZHAN_EARLY_DIFFERENTIATION_GENES_DN	0.22548681183875507			
GO_REGULATION_OF_DEPHOSPHORYLATION	0.22547324345495082			
GO_INACTIVATION_OF_MAPK_ACTIVITY	0.22547155127894303			
GO_NEGATIVE_REGULATION_OF_MYELOID_LEUKOCYTE_MEDIATED_IMMUNITY	0.22546706718508858			
GSE16385_MONOCYTE_VS_MACROPHAGE_UP	0.22545955352503214			
REACTOME_IKK_COMPLEX_RECRUITMENT_MEDIATED_BY_RIP1	0.22545797679067087			
LY_AGING_MIDDLE_UP	0.2254533985304046			
PRMT5_TARGET_GENES	0.22544238639052655			
GSE11961_GERMINAL_CENTER_BCELL_DAY7_VS_GERMINAL_CENTER_BCELL_DAY40_DN	0.22541157969953382			
GSE29618_PDC_VS_MDC_UP	0.22540975536350358			
GO_MHC_CLASS_I_BIOSYNTHETIC_PROCESS	0.22540713708291565			
PID_CD40_PATHWAY	0.22540482200570588			
ZHANG_INTERFERON_RESPONSE	0.22539661556361068			
GO_REGULATION_OF_NATURAL_KILLER_CELL_ACTIVATION	0.22539045669081847			
GO_MITOTIC_DNA_REPLICATION	0.22538502992970094			
GO_CYSTEINE_TYPE_PEPTIDASE_ACTIVITY	0.22538366248410888			
BOYLAN_MULTIPLE_MYELOMA_C_CLUSTER_UP	0.22538359542692088			
GSE29164_DAY3_VS_DAY7_CD8_TCELL_TREATED_MELANOMA_DN	0.22537525339363373			
BIOCARTA_BTG2_PATHWAY	0.2253738893983544			
GO_IMMUNOGLOBULIN_SECRETION	0.2253579018189151			
GRASEMANN_RETINOBLASTOMA_WITH_6P_AMPLIFICATION	0.2253461264197446			
SARTIPY_BLUNTED_BY_INSULIN_RESISTANCE_UP	0.22534346085917312			
GSE37301_MULTIPOTENT_PROGENITOR_VS_CD4_TCELL_UP	0.22533746301596758			
GSE3565_CTRL_VS_LPS_INJECTED_DUSP1_KO_SPLENOCYTES_DN	0.22533577550570427			
REACTOME_ACTIVATION_OF_AMPK_DOWNSTREAM_OF_NMDARS	0.225333114652066			
GSE23568_CTRL_TRANSDUCED_VS_WT_CD8_TCELL_UP	0.22532907246903747			
GSE21927_GMCSF_IL6_VS_GMCSF_GCSF_TREATED_BONE_MARROW_UP	0.22532771964568882			
GO_PROTON_TRANSPORTING_V_TYPE_ATPASE_COMPLEX	0.22532673702865744			
GO_MEMBRANE_RAFT_DISTRIBUTION	0.22532321344564082			
REACTOME_INFLUENZA_INFECTION	0.22531650282206062			
GSE17721_LPS_VS_GARDIQUIMOD_16H_BMDC_DN	0.22531392097403607			
GSE17974_0H_VS_72H_IN_VITRO_ACT_CD4_TCELL_UP	0.225312887501978			
PYEON_CANCER_HEAD_AND_NECK_VS_CERVICAL_UP	0.2253081959128779			
GO_REGULATION_OF_PHOSPHOLIPID_METABOLIC_PROCESS	0.22530491952385906			
NCOA4_TARGET_GENES	0.22530380954090398			
MIR5696	0.2253020828517812			
GO_FRUCTOSE_TRANSMEMBRANE_TRANSPORT	0.22527643886871676			
GSE3982_CENT_MEMORY_CD4_TCELL_VS_NKCELL_UP	0.22527262636361878			
MIR548E_5P	0.22525868034837473			
GO_NEGATIVE_REGULATION_OF_MUSCLE_CELL_APOPTOTIC_PROCESS	0.2252426508258644			
GO_CYTOPLASMIC_TRANSLATION	0.2252410715959346			
GO_FOUR_WAY_JUNCTION_HELICASE_ACTIVITY	0.2252367823815401			
MIR148B_5P	0.2252229730808986			
GSE23568_ID3_KO_VS_WT_CD8_TCELL_DN	0.22522129541648525			
GSE17721_CTRL_VS_PAM3CSK4_8H_BMDC_UP	0.2252131976569179			
GSE3920_UNTREATED_VS_IFNG_TREATED_ENDOTHELIAL_CELL_UP	0.22520810279704293			
BIOCARTA_RAS_PATHWAY	0.22520669972045845			
GSE41867_NAIVE_VS_DAY8_LCMV_EFFECTOR_CD8_TCELL_UP	0.2252056801176441			
GSE32164_ALTERNATIVELY_ACT_M2_VS_CMYC_INHIBITED_MACROPHAGE_DN	0.22520352036960076			
GO_LAMELLIPODIUM_ORGANIZATION	0.2251964180891011			
GSE3203_UNTREATED_VS_IFNB_TREATED_LN_BCELL_UP	0.22518743767939625			
GSE17721_12H_VS_24H_PAM3CSK4_BMDC_DN	0.2251853538400866			
PID_SYNDECAN_2_PATHWAY	0.22518426488940035			
GO_MACROPHAGE_COLONY_STIMULATING_FACTOR_SIGNALING_PATHWAY	0.22518176347034832			
IPA_E4F1_UP	0.22518026096281166			
GSE26928_NAIVE_VS_CENT_MEMORY_CD4_TCELL_DN	0.22517913390628555			
GSE21360_NAIVE_VS_PRIMARY_MEMORY_CD8_TCELL_UP	0.22517788744071532			
REACTOME_TRIGLYCERIDE_CATABOLISM	0.22517638925415911			
GO_CELLULAR_RESPONSE_TO_PEPTIDOGLYCAN	0.2251734518849316			
GO_HYPOXIA_INDUCIBLE_FACTOR_1ALPHA_SIGNALING_PATHWAY	0.2251666436066826			
MIR152_3P	0.2251522270709933			
IPA_FOXF2_DN	0.2251491193085321			
GO_REGULATION_OF_PYRUVATE_DEHYDROGENASE_ACTIVITY	0.22514637816768474			
GSE13493_DP_VS_CD8POS_THYMOCYTE_DN	0.22514210324699296			
GO_AV_NODE_CELL_TO_BUNDLE_OF_HIS_CELL_COMMUNICATION	0.22513087704787663			
ILK_TARGET_GENES	0.22513043992893012			
GO_SELENIUM_BINDING	0.22512815648877169			
ONO_AML1_TARGETS_UP	0.22511231878862822			
GO_NEGATIVE_REGULATION_OF_PHOSPHOLIPASE_ACTIVITY	0.22509861748166957			
MIR148B_3P	0.2250957562528193			
REACTOME_POST_CHAPERONIN_TUBULIN_FOLDING_PATHWAY	0.22509446600916555			
HINATA_NFKB_TARGETS_KERATINOCYTE_UP	0.22509157903966656			
GSE7460_TCONV_VS_TREG_THYMUS_DN	0.22509124203591352			
GO_RNA_CATABOLIC_PROCESS	0.2250559839468294			
GO_AXONEME_ASSEMBLY	0.22505287852718445			
GSE37301_CD4_TCELL_VS_RAG2_KO_NK_CELL_UP	0.22505110628830513			
GAUSSMANN_MLL_AF4_FUSION_TARGETS_C_DN	0.22504734749900793			
GSE6269_HEALTHY_VS_E_COLI_INF_PBMC_UP	0.22503626734495638			
ZHAN_MULTIPLE_MYELOMA_CD2_UP	0.22503306559404393			
MIR4266	0.2250329644392474			
GSE7460_CTRL_VS_TGFB_TREATED_ACT_FOXP3_MUT_TCONV_DN	0.225032602295971			
PID_HDAC_CLASSII_PATHWAY	0.2250316079511837			
GSE1791_CTRL_VS_NEUROMEDINU_IN_T_CELL_LINE_3H_DN	0.22503090008697088			
GSE34156_UNTREATED_VS_6H_TLR1_TLR2_LIGAND_TREATED_MONOCYTE_UP	0.22502598537503632			
KUMAR_AUTOPHAGY_NETWORK	0.2250219802698681			
ACEVEDO_NORMAL_TISSUE_ADJACENT_TO_LIVER_TUMOR_UP	0.22502041712519524			
GSE15330_LYMPHOID_MULTIPOTENT_VS_PRO_BCELL_DN	0.22501885735966887			
REACTOME_ACTIVATION_OF_MATRIX_METALLOPROTEINASES	0.2250185183181134			
GSE7348_UNSTIM_VS_LPS_STIM_MACROPHAGE_UP	0.2250142354725724			
GO_NADH_METABOLIC_PROCESS	0.2250112954972764			
IPA_EGR1_DN	0.22501103834374617			
GO_REGULATORY_T_CELL_DIFFERENTIATION	0.22499984003370763			
GSE36476_YOUNG_VS_OLD_DONOR_MEMORY_CD4_TCELL_16H_TSST_ACT_DN	0.22499967697011874			
PAX5_02	0.2249978817965212			
GSE11864_CSF1_IFNG_VS_CSF1_PAM3CYS_IN_MAC_UP	0.22498601072276425			
REACTOME_KSRP_KHSRP_BINDS_AND_DESTABILIZES_MRNA	0.22498086837899847			
GO_SODIUM_PROTON_ANTIPORTER_ACTIVITY	0.22498065031997033			
AMIT_EGF_RESPONSE_60_MCF10A	0.22497250586014275			
GO_B_CELL_APOPTOTIC_PROCESS	0.22497123682273631			
GSE9601_UNTREATED_VS_PI3K_INHIBITOR_TREATED_HCMV_INF_MONOCYTE_DN	0.224970316048668			
GSE17721_CPG_VS_GARDIQUIMOD_2H_BMDC_UP	0.2249655629028307			
GSE46606_DAY1_VS_DAY3_CD40L_IL2_IL5_STIMULATED_IRF4_KO_BCELL_DN	0.22495791807692267			
GSE17721_LPS_VS_PAM3CSK4_4H_BMDC_DN	0.2249485937127089			
GSE15930_NAIVE_VS_72H_IN_VITRO_STIM_IFNAB_CD8_TCELL_DN	0.2249338019152316			
CHOI_ATL_CHRONIC_VS_ACUTE_DN	0.22493258584281867			
GSE27786_LSK_VS_NKCELL_DN	0.22492398723249768			
ACEVEDO_LIVER_CANCER_WITH_H3K27ME3_UP	0.22491191168524086			
GO_FC_RECEPTOR_SIGNALING_PATHWAY	0.22490749441703972			
GSE37301_LYMPHOID_PRIMED_MPP_VS_GRAN_MONO_PROGENITOR_DN	0.22489924593823082			
GO_REGULATION_OF_PROTEIN_TYROSINE_PHOSPHATASE_ACTIVITY	0.22489839148607263			
VART_KSHV_INFECTION_ANGIOGENIC_MARKERS_UP	0.2248873011259439			
GO_MESODERMAL_CELL_DIFFERENTIATION	0.22488717426326976			
HOFFMANN_LARGE_TO_SMALL_PRE_BII_LYMPHOCYTE_UP	0.22488593787601424			
GO_INORGANIC_ANION_EXCHANGER_ACTIVITY	0.22488386794070395			
IPA_LITAF_DN	0.22487058991158848			
GO_POST_TRANSLATIONAL_PROTEIN_MODIFICATION	0.22487006697494102			
GO_NEGATIVE_REGULATION_OF_LEUKOCYTE_MIGRATION	0.22486938680566615			
GO_CELLULAR_HOMEOSTASIS	0.22486128609646755			
GO_NEUTRAL_LIPID_CATABOLIC_PROCESS	0.22485746993647004			
GO_MITOTIC_CELL_CYCLE_ARREST	0.22485637502139838			
LIEN_BREAST_CARCINOMA_METAPLASTIC	0.22485058400497865			
GO_POSITIVE_REGULATION_OF_T_HELPER_1_CELL_DIFFERENTIATION	0.22484999736445152			
GSE10325_CD4_TCELL_VS_MYELOID_UP	0.2248477981236874			
GO_VOLTAGE_GATED_POTASSIUM_CHANNEL_ACTIVITY_INVOLVED_IN_CARDIAC_MUSCLE_CELL_ACTION_POTENTIAL_REPOLARIZATION	0.2248409053779755			
GO_SULFUR_AMINO_ACID_BIOSYNTHETIC_PROCESS	0.22483583352201902			
KANG_IMMORTALIZED_BY_TERT_DN	0.22482999079560986			
IPA_CEBPD_DN	0.22482070910508295			
SWEET_KRAS_TARGETS_UP	0.2248179110589122			
REACTOME_M_PHASE	0.22481361462233973			
GSE11057_NAIVE_VS_EFF_MEMORY_CD4_TCELL_DN	0.22481223648020662			
GSE3982_BASOPHIL_VS_CENT_MEMORY_CD4_TCELL_DN	0.22480907871557507			
GO_CELLULAR_RESPONSE_TO_REACTIVE_NITROGEN_SPECIES	0.22480881468728056			
GSE16385_MONOCYTE_VS_12H_IL4_TREATED_MACROPHAGE_UP	0.22480470028281638			
GO_POLY_A_SPECIFIC_RIBONUCLEASE_ACTIVITY	0.22480144221417725			
GSE45365_WT_VS_IFNAR_KO_BCELL_MCMV_INFECTION_UP	0.2247979373014243			
GO_RESPONSE_TO_CORTICOSTEROID	0.22479536766860797			
GO_SH3_SH2_ADAPTOR_ACTIVITY	0.22478632553927766			
MARTORIATI_MDM4_TARGETS_FETAL_LIVER_UP	0.22478518977270406			
GO_PRE_REPLICATIVE_COMPLEX_ASSEMBLY_INVOLVED_IN_CELL_CYCLE_DNA_REPLICATION	0.22478041666834067			
MIR3677_3P	0.22477684214179366			
GO_MHC_PROTEIN_BINDING	0.2247731500767389			
GO_ATP_DEPENDENT_MICROTUBULE_MOTOR_ACTIVITY_MINUS_END_DIRECTED	0.22477180444165462			
GSE37532_WT_VS_PPARG_KO_VISCERAL_ADIPOSE_TISSUE_TCONV_UP	0.22475799527778695			
GSE3982_CENT_MEMORY_CD4_TCELL_VS_NKCELL_DN	0.2247558124894085			
GO_PROTEIN_MATURATION	0.2247538351823953			
IPA_SIM1_UP	0.22474965949255768			
MIR224_5P	0.2247311008490485			
GO_BETA_CATENIN_DESTRUCTION_COMPLEX_DISASSEMBLY	0.2247291636669267			
MIR6819_3P	0.22472707553676108			
KEGG_PROTEASOME	0.2247151208702993			
BIOCARTA_CXCR4_PATHWAY	0.22470553871416202			
GO_RESPONSE_TO_BRONCHODILATOR	0.22470528780332835			
GSE3982_BASOPHIL_VS_TH2_DN	0.22470112404946743			
HOSHIDA_LIVER_CANCER_SUBCLASS_S3	0.22470020937516308			
MIR3651	0.22469604813397026			
GO_HEXOSAMINIDASE_ACTIVITY	0.22469116812626838			
YU_MYC_TARGETS_UP	0.22468305787885676			
GO_TOLL_LIKE_RECEPTOR_4_SIGNALING_PATHWAY	0.2246819982858276			
LET_7F_5P	0.2246672425666568			
GSE19941_LPS_VS_LPS_AND_IL10_STIM_IL10_KO_MACROPHAGE_DN	0.22466323814841693			
GSE16385_IFNG_TNF_VS_IL4_STIM_MACROPHAGE_ROSIGLITAZONE_TREATED_UP	0.22466288202785628			
GSE26030_TH1_VS_TH17_DAY15_POST_POLARIZATION_UP	0.22465236408403993			
GO_GERMINAL_CENTER_FORMATION	0.22464849351525853			
GO_NUCLEAR_PERICENTRIC_HETEROCHROMATIN	0.22464548162647888			
MIR616_3P	0.22464030565844212			
GO_REGULATION_OF_ATPASE_ACTIVITY	0.22463292828910153			
PID_NEPHRIN_NEPH1_PATHWAY	0.22462889133997413			
IPA_DMTF1_UP	0.22462664677286395			
NERF_Q2	0.2246260558481433			
PID_TXA2PATHWAY	0.22460679471648975			
GSE41176_UNSTIM_VS_ANTI_IGM_STIM_BCELL_3H_DN	0.2246050535455073			
GO_SYNAPTIC_TRANSMISSION_GABAERGIC	0.22459885217282755			
GSE29618_MONOCYTE_VS_MDC_UP	0.22459704598257654			
GO_BICARBONATE_TRANSPORT	0.22459666658292984			
GO_NEGATIVE_REGULATION_OF_HEART_RATE	0.22459467482754913			
KRAS.50_UP.V1_UP	0.22458461196196755			
GO_CYCLIN_DEPENDENT_PROTEIN_KINASE_ACTIVITY	0.22458311956739357			
GSE43955_TH0_VS_TGFB_IL6_TH17_ACT_CD4_TCELL_42H_UP	0.22458107818555295			
GSE17974_IL4_AND_ANTI_IL12_VS_UNTREATED_4H_ACT_CD4_TCELL_DN	0.2245782220405293			
GSE41176_WT_VS_TAK1_KO_UNSTIM_BCELL_UP	0.22457734110371688			
GO_POSITIVE_REGULATION_OF_PRI_MIRNA_TRANSCRIPTION_BY_RNA_POLYMERASE_II	0.22457586689595924			
GO_PROGRAMMED_NECROTIC_CELL_DEATH	0.22457572395656536			
GO_PHOSPHATIDYLINOSITOL_3_4_BISPHOSPHATE_5_KINASE_ACTIVITY	0.22456467060737625			
GO_POSITIVE_REGULATION_OF_CYTOKINE_PRODUCTION_INVOLVED_IN_IMMUNE_RESPONSE	0.22456189739298532			
GO_POSITIVE_REGULATION_OF_VASCULATURE_DEVELOPMENT	0.22455079604806366			
GSE27670_BLIMP1_VS_LMP1_TRANSDUCED_GC_BCELL_UP	0.2245500696438895			
GSE39864_WT_VS_GATA3_KO_TREG_DN	0.22452942552005292			
KIM_LRRC3B_TARGETS	0.22452772377292712			
MIR1180_3P	0.2245225191723384			
GO_CHITIN_BINDING	0.22452158721377433			
IPA_YWHAZ_UP	0.2245013815097261			
GSE24634_NAIVE_CD4_TCELL_VS_DAY3_IL4_CONV_TREG_DN	0.2244900200280657			
IPA_ZIC2_DN	0.22448870149901692			
GO_CILIARY_BASAL_BODY_PLASMA_MEMBRANE_DOCKING	0.2244850443522722			
GSE17721_CTRL_VS_POLYIC_24H_BMDC_DN	0.2244816150272912			
GSE40277_EOS_AND_LEF1_TRANSDUCED_VS_GATA1_AND_SATB1_TRANSDUCED_CD4_TCELL_DN	0.22448142032328194			
E2F_03	0.22447754744557363			
GO_ENDOPEPTIDASE_REGULATOR_ACTIVITY	0.22446023352438554			
GSE14769_UNSTIM_VS_40MIN_LPS_BMDM_DN	0.22445091974699596			
REACTOME_DEUBIQUITINATION	0.22443984279639634			
GSE21546_UNSTIM_VS_ANTI_CD3_STIM_SAP1A_KO_AND_ELK1_KO_DP_THYMOCYTES_UP	0.2244352179401886			
MIR4513	0.2244308939281142			
GSE35543_IN_VITRO_ITREG_VS_CONVERTED_EX_ITREG_DN	0.22442956779844667			
CTACTAG_MIR325	0.2244213308291951			
GSE46606_IRF4HIGH_VS_WT_CD40L_IL2_IL5_DAY1_STIMULATED_BCELL_DN	0.22441800804625725			
GSE27859_MACROPHAGE_VS_CD11C_INT_F480_HI_MACROPHAGE_DN	0.22441762667656526			
GSE1925_3H_VS_24H_IFNG_STIM_MACROPHAGE_UP	0.2244174002657234			
GSE17721_12H_VS_24H_POLYIC_BMDC_UP	0.22440739975393847			
GO_METANEPHROS_MORPHOGENESIS	0.2244051126059617			
GRANDVAUX_IRF3_TARGETS_UP	0.22440376210258084			
REACTOME_MEIOSIS	0.22438850932303545			
GSE2770_IL12_VS_IL4_TREATED_ACT_CD4_TCELL_2H_UP	0.22438031916148843			
GSE2706_LPS_VS_R848_AND_LPS_8H_STIM_DC_UP	0.22437923120418074			
REACTOME_WAX_AND_PLASMALOGEN_BIOSYNTHESIS	0.2243782679586372			
GO_MUSCLE_HYPERPLASIA	0.2243747090755396			
GO_REGULATION_OF_B_CELL_RECEPTOR_SIGNALING_PATHWAY	0.22436364197586448			
GO_NEGATIVE_REGULATION_OF_CD4_POSITIVE_ALPHA_BETA_T_CELL_ACTIVATION	0.22435669893528218			
GSE17301_IFNA2_VS_IFNA5_STIM_ACD3_ACD28_ACT_CD8_TCELL_DN	0.22435557479540233			
JISON_SICKLE_CELL_DISEASE_UP	0.22435531886552562			
GO_FC_RECEPTOR_MEDIATED_STIMULATORY_SIGNALING_PATHWAY	0.22435265715415023			
GO_RESPONSE_TO_DRUG	0.2243490335106397			
GO_GRANULOCYTE_MACROPHAGE_COLONY_STIMULATING_FACTOR_PRODUCTION	0.22434495432547702			
FLECHNER_PBL_KIDNEY_TRANSPLANT_REJECTED_VS_OK_DN	0.2243426164830935			
GO_CIRCADIAN_SLEEP_WAKE_CYCLE	0.22432923775620286			
MIR3616_5P	0.22432180780885252			
GO_REGULATION_OF_DNA_DAMAGE_RESPONSE_SIGNAL_TRANSDUCTION_BY_P53_CLASS_MEDIATOR	0.22431484384634223			
MIR203A_3P	0.22431477413464343			
WHITFIELD_CELL_CYCLE_G2	0.22431026842643004			
GSE28726_ACT_CD4_TCELL_VS_ACT_VA24NEG_NKTCELL_DN	0.22430918708630948			
GSE22025_UNTREATED_VS_TGFB1_TREATED_CD4_TCELL_DN	0.224308424631666			
GO_POSITIVE_REGULATION_OF_GRANULOCYTE_DIFFERENTIATION	0.224305419506065			
GSE21546_UNSTIM_VS_ANTI_CD3_STIM_ELK1_KO_DP_THYMOCYTES_UP	0.2243051042645965			
GSE11961_FOLLICULAR_BCELL_VS_MEMORY_BCELL_DAY7_DN	0.22430447264372316			
GSE3982_EOSINOPHIL_VS_NKCELL_DN	0.22430348685017137			
GSE29618_LAIV_VS_TIV_FLU_VACCINE_DAY7_MDC_UP	0.22430283665628198			
HOEBEKE_LYMPHOID_STEM_CELL_DN	0.22429860076669686			
KAYO_AGING_MUSCLE_DN	0.2242970608207997			
GO_REPLISOME	0.22429584567986155			
GSE6259_33D1_POS_DC_VS_CD8_TCELL_DN	0.22429460858786127			
GSE21063_3H_VS_16H_ANTI_IGM_STIM_BCELL_UP	0.22429109576570916			
NAKAMURA_ALVEOLAR_EPITHELIUM	0.2242720242981177			
GO_SMOOTH_MUSCLE_CELL_MIGRATION	0.2242673264819941			
KORKOLA_EMBRYONAL_CARCINOMA	0.2242663242561188			
GO_NEGATIVE_REGULATION_OF_PEPTIDASE_ACTIVITY	0.22426425121780144			
GSE45365_NK_CELL_VS_CD8_TCELL_MCMV_INFECTION_DN	0.22426214800531613			
GSE23308_CTRL_VS_CORTICOSTERONE_TREATED_MACROPHAGE_DN	0.22424925608804058			
REACTOME_TRANSCRIPTIONAL_REGULATION_BY_RUNX3	0.22423959353808928			
KEGG_INTESTINAL_IMMUNE_NETWORK_FOR_IGA_PRODUCTION	0.22423150837640943			
GO_STRUCTURAL_CONSTITUENT_OF_MUSCLE	0.2242284705123192			
BOSCO_ALLERGEN_INDUCED_TH2_ASSOCIATED_MODULE	0.22422117063076186			
GSE13411_IGM_VS_SWITCHED_MEMORY_BCELL_DN	0.22421839662288273			
HOLLMANN_APOPTOSIS_VIA_CD40_UP	0.2242010211182099			
GO_SODIUM_ION_TRANSMEMBRANE_TRANSPORTER_ACTIVITY	0.22419948136156995			
GO_POSITIVE_REGULATION_OF_PROTEIN_SERINE_THREONINE_KINASE_ACTIVITY	0.22419602445247114			
GO_POSITIVE_REGULATION_OF_RESPONSE_TO_OXIDATIVE_STRESS	0.22419366779072317			
GSE15930_NAIVE_VS_72H_IN_VITRO_STIM_IL12_CD8_TCELL_DN	0.22419077633968204			
GO_PROTEIN_DISULFIDE_OXIDOREDUCTASE_ACTIVITY	0.22419012320216306			
FARMER_BREAST_CANCER_CLUSTER_3	0.2241884534695193			
GSE24671_CTRL_VS_SENDAI_VIRUS_INFECTED_MOUSE_SPLENOCYTES_DN	0.22418500147452994			
GSE17721_CPG_VS_GARDIQUIMOD_16H_BMDC_UP	0.2241836059325997			
KAECH_NAIVE_VS_DAY8_EFF_CD8_TCELL_DN	0.22417798766147312			
chr6q23	0.22417511990922723			
GO_KINASE_REGULATOR_ACTIVITY	0.22416195240818904			
HOWLIN_CITED1_TARGETS_2_UP	0.22415819433802422			
GO_REGULATION_OF_NIK_NF_KAPPAB_SIGNALING	0.22415426976203298			
KEGG_DRUG_METABOLISM_CYTOCHROME_P450	0.22415283210423984			
GO_POSITIVE_REGULATION_OF_NAD_P_H_OXIDASE_ACTIVITY	0.2241514492063529			
GO_ACTIN_FILAMENT_POLYMERIZATION	0.22414975430004927			
ZHENG_BOUND_BY_FOXP3	0.22413990344022433			
KAECH_NAIVE_VS_DAY15_EFF_CD8_TCELL_UP	0.22413666186435968			
GO_POSITIVE_REGULATION_OF_SECRETION	0.22413402257863407			
GO_MUSCLE_HYPERTROPHY_IN_RESPONSE_TO_STRESS	0.22412805265436347			
GSE27786_NKTCELL_VS_ERYTHROBLAST_DN	0.2241183403605516			
GO_RESPONSE_TO_ABIOTIC_STIMULUS	0.22411648173602428			
GSE17301_ACD3_ACD28_VS_ACD3_ACD28_AND_IFNA5_STIM_CD8_TCELL_UP	0.22411330863922563			
METTL14_TARGET_GENES	0.22411109961291342			
GSE22033_UNTREATED_VS_ROSIGLITAZONE_TREATED_MEF_DN	0.22409449440052454			
JISON_SICKLE_CELL_DISEASE_DN	0.2240928307021894			
ZERBINI_RESPONSE_TO_SULINDAC_DN	0.22408930348239406			
GTTATAT_MIR410	0.22408258186641236			
WEBER_METHYLATED_LCP_IN_SPERM_DN	0.22407587263463194			
REACTOME_FCERI_MEDIATED_NF_KB_ACTIVATION	0.2240698839184829			
CLAUS_PGR_POSITIVE_MENINGIOMA_DN	0.22406957728091767			
LIN_MELANOMA_COPY_NUMBER_DN	0.224069543780497			
IPA_CTBP2_UP	0.22406548630926962			
DUNNE_TARGETS_OF_AML1_MTG8_FUSION_DN	0.22406324887026613			
BROCKE_APOPTOSIS_REVERSED_BY_IL6	0.22406022382722218			
LET_7I_5P	0.22404543696347967			
GSE339_EX_VIVO_VS_IN_CULTURE_CD8POS_DC_UP	0.22404334805207138			
GSE3982_NEUTROPHIL_VS_NKCELL_DN	0.22403086330210142			
chrXq25	0.22402731592199282			
BIOCARTA_GH_PATHWAY	0.22402518437760888			
GO_NADPLUS_ADP_RIBOSYLTRANSFERASE_ACTIVITY	0.2240152547694996			
GO_MEMBRANE_DOCKING	0.2240133599491695			
GSE23568_CTRL_VS_ID3_TRANSDUCED_CD8_TCELL_UP	0.224010015414614			
GSE17721_LPS_VS_POLYIC_16H_BMDC_UP	0.22400725461910748			
MIR3910	0.22400560512760034			
GO_REGULATION_OF_CELL_SUBSTRATE_ADHESION	0.22398787604606482			
GO_NEGATIVE_REGULATION_OF_INTRINSIC_APOPTOTIC_SIGNALING_PATHWAY_BY_P53_CLASS_MEDIATOR	0.2239859046029155			
GSE3982_EOSINOPHIL_VS_NEUTROPHIL_UP	0.22398458958951772			
GO_REGULATION_OF_L_GLUTAMATE_IMPORT_ACROSS_PLASMA_MEMBRANE	0.22397923415172058			
E2F_Q4	0.22397451289331416			
JAEGER_METASTASIS_UP	0.22396870312385234			
SASSON_RESPONSE_TO_GONADOTROPHINS_DN	0.22396545783117316			
GSE26030_TH1_VS_TH17_RESTIMULATED_DAY5_POST_POLARIZATION_DN	0.22396502147465885			
RAY_ALZHEIMERS_DISEASE	0.2239649190937824			
GSE28737_FOLLICULAR_VS_MARGINAL_ZONE_BCELL_UP	0.22396025260919286			
GO_PHOSPHATIDYLINOSITOL_5_PHOSPHATE_BINDING	0.2239535898385596			
TARTE_PLASMA_CELL_VS_B_LYMPHOCYTE_DN	0.22395350131586692			
GO_STEM_CELL_DIVISION	0.22395341371273247			
GO_POSITIVE_REGULATION_OF_EPITHELIAL_CELL_MIGRATION	0.2239499058156565			
GTTNYYNNGGTNA_UNKNOWN	0.22394743486009583			
GSE27786_BCELL_VS_ERYTHROBLAST_UP	0.22393794247340537			
ZNF560_TARGET_GENES	0.2239346995486685			
GSE8868_SPLEEN_VS_INTESTINE_CD11B_POS_CD11C_NEG_DC_UP	0.22392246875136254			
MIR146A_5P	0.22392128912383655			
GSE42021_TCONV_PLN_VS_CD24LO_TCONV_THYMUS_UP	0.2239169248649548			
VARELA_ZMPSTE24_TARGETS_UP	0.22391143946161413			
MIR1322	0.22391116316327916			
GSE25123_WT_VS_PPARG_KO_MACROPHAGE_UP	0.2239091004275825			
GO_REGULATION_OF_INOSITOL_PHOSPHATE_BIOSYNTHETIC_PROCESS	0.22390450715930318			
GSE25088_CTRL_VS_IL4_STIM_STAT6_KO_MACROPHAGE_DN	0.22389447781139818			
KDM5D_TARGET_GENES	0.22389327471106762			
BIOCARTA_ERBB4_PATHWAY	0.22389017397375915			
GSE26030_UNSTIM_VS_RESTIM_TH1_DAY5_POST_POLARIZATION_DN	0.22388812994087817			
RHODES_CANCER_META_SIGNATURE	0.2238833138358625			
GO_ENDOPLASMIC_RETICULUM_EXIT_SITE	0.22387257872990474			
GSE13547_CTRL_VS_ANTI_IGM_STIM_ZFX_KO_BCELL_2H_DN	0.22386565988572868			
GO_ACTIVATION_OF_STORE_OPERATED_CALCIUM_CHANNEL_ACTIVITY	0.22386483537271148			
GO_GLYCINERGIC_SYNAPSE	0.22385584152192164			
MIR126_5P	0.2238506145478923			
GO_REGULATION_OF_LAMELLIPODIUM_ASSEMBLY	0.223850531865076			
LET_7G_5P	0.22384844590555275			
IPA_SRF_UP	0.22384701063257323			
MIR6855_3P	0.22384179708536692			
BIOCARTA_NGF_PATHWAY	0.22383955318974524			
MIR146B_5P	0.2238307457547437			
GO_GTPASE_REGULATOR_ACTIVITY	0.22382263206353245			
GO_AZUROPHIL_GRANULE_MEMBRANE	0.2238176996504556			
GROSS_HYPOXIA_VIA_HIF1A_DN	0.22381735602125669			
GO_PHOSPHATIDYLINOSITOL_3_4_5_TRISPHOSPHATE_BINDING	0.22381679724725503			
GSE22886_NAIVE_VS_MEMORY_TCELL_UP	0.2238117465957343			
chr7p12	0.22380353670744013			
REACTOME_GLUCURONIDATION	0.22380351357761416			
REACTOME_AUTOPHAGY	0.22379573391102922			
GSE25123_CTRL_VS_ROSIGLITAZONE_STIM_PPARG_KO_MACROPHAGE_DN	0.2237924182124693			
GSE20754_WT_VS_TCF1_KO_MEMORY_CD8_TCELL_DN	0.22378764748311605			
GSE17721_CTRL_VS_CPG_12H_BMDC_DN	0.22378236506686425			
GO_LYMPHOCYTE_DIFFERENTIATION	0.22378143844122356			
BIOCARTA_P53HYPOXIA_PATHWAY	0.2237806841045317			
MIR12117	0.22377385248283585			
GSE22611_UNSTIM_VS_6H_MDP_STIM_NOD2_TRANSDUCED_HEK293T_CELL_UP	0.22376379362795262			
ZNF664_TARGET_GENES	0.22376125836844168			
GO_TRANSCRIPTION_EXPORT_COMPLEX_2	0.2237603530760876			
IPA_AHR_DN	0.22375988956318807			
GSE360_T_GONDII_VS_B_MALAYI_HIGH_DOSE_MAC_DN	0.22375889076471023			
MIR23B_5P	0.22375488716645875			
GSE37301_COMMON_LYMPHOID_PROGENITOR_VS_RAG2_KO_NK_CELL_DN	0.22375030887704714			
GO_POSITIVE_REGULATION_OF_GLIAL_CELL_PROLIFERATION	0.22374815487509542			
IPA_NCOA3_DN	0.2237367869051793			
GO_T_CELL_SELECTION	0.2237357464516768			
GO_FOREGUT_MORPHOGENESIS	0.2237347454293748			
GO_MEMBRANE_FUSION	0.223731191470676			
GSE39152_BRAIN_VS_SPLEEN_CD103_NEG_MEMORY_CD8_TCELL_DN	0.2237304066813199			
REACTOME_HDR_THROUGH_MMEJ_ALT_NHEJ	0.22372683975931462			
GSE25088_IL4_VS_IL4_AND_ROSIGLITAZONE_STIM_MACROPHAGE_DAY10_UP	0.22372420366263945			
IPA_RFX4_UP	0.22372356990804704			
GSE411_100MIN_VS_400MIN_IL6_STIM_MACROPHAGE_UP	0.22372356348181738			
GO_GLIAL_CELL_PROLIFERATION	0.22371700303833508			
GSE40666_UNTREATED_VS_IFNA_STIM_STAT4_KO_EFFECTOR_CD8_TCELL_90MIN_DN	0.22371396275546354			
TFDP2_TARGET_GENES	0.22371325964084365			
GSE21670_STAT3_KO_VS_WT_CD4_TCELL_UP	0.22370992367573259			
GSE23925_LIGHT_ZONE_VS_DARK_ZONE_BCELL_DN	0.22370241339568506			
GO_5_DEOXYRIBOSE_5_PHOSPHATE_LYASE_ACTIVITY	0.22370049582886073			
GSE15930_STIM_VS_STIM_AND_TRICHOSTATINA_24H_CD8_T_CELL_UP	0.2236978278310323			
GO_TELOMERE_CAP_COMPLEX	0.22369588964352927			
GSE22886_IGG_IGA_MEMORY_BCELL_VS_BM_PLASMA_CELL_UP	0.22369399918906616			
GSE24972_WT_VS_IRF8_KO_MARGINAL_ZONE_SPLEEN_BCELL_UP	0.22368911490096166			
REACTOME_METABOLISM_OF_AMINO_ACIDS_AND_DERIVATIVES	0.22368291962136566			
GO_SMALL_MOLECULE_METABOLIC_PROCESS	0.22367913677146087			
HE_PTEN_TARGETS_UP	0.2236716779723536			
RRCCGTTA_UNKNOWN	0.22366809937294274			
MIR222_5P	0.2236663718329168			
AFFAR_YY1_TARGETS_DN	0.22365707423618952			
MIR6769A_5P	0.2236504619648265			
AP1FJ_Q2	0.2236490853062781			
GO_GLUCAGON_SECRETION	0.2236461172504588			
MIR3162_3P	0.22364567339642188			
GO_REGULATION_OF_PROTEIN_DEPHOSPHORYLATION	0.22364565157999122			
GO_REGULATION_OF_MONOCYTE_DIFFERENTIATION	0.2236423490046431			
GO_CYTOLYSIS_IN_OTHER_ORGANISM	0.2236269479209998			
GO_NEGATIVE_REGULATION_OF_NLRP3_INFLAMMASOME_COMPLEX_ASSEMBLY	0.22361582807045535			
GO_NEGATIVE_REGULATION_OF_LIPID_METABOLIC_PROCESS	0.22361255499268787			
GSE27092_WT_VS_HDAC7_PHOSPHO_DEFICIENT_CD8_TCELL_DN	0.22361182082294181			
MULLIGAN_NTF3_SIGNALING_VIA_INSR_AND_IGF1R_UP	0.22361124655170048			
BIOCARTA_VEGF_PATHWAY	0.22360949367554137			
GSE29164_DAY3_VS_DAY7_UNTREATED_MELANOMA_UP	0.2236086442801306			
MIR577	0.22360859635922728			
TGANNYRGCA_TCF11MAFG_01	0.22360734649593103			
GO_REGULATION_OF_PEPTIDYL_SERINE_PHOSPHORYLATION	0.22360637904100925			
GO_UV_PROTECTION	0.223603082261306			
MIR127_3P	0.22360265735037915			
GSE7831_UNSTIM_VS_CPG_STIM_PDC_1H_DN	0.22359848862900622			
MIR7154_5P	0.22359507956668076			
GO_TOLL_LIKE_RECEPTOR_7_SIGNALING_PATHWAY	0.22359126648468727			
HO_LIVER_CANCER_VASCULAR_INVASION	0.2235907814376775			
MIR6754_5P	0.22358899970198048			
GO_TELOMERE_ORGANIZATION	0.22358435518745812			
MIR6814_3P_MIR6872_5P	0.22356991143279806			
MIR4465	0.22356028757159446			
GSE22886_IGG_IGA_MEMORY_BCELL_VS_BLOOD_PLASMA_CELL_UP	0.22355940268514302			
GO_HISTONE_H3_K27_TRIMETHYLATION	0.22355832532625314			
GSE4748_CTRL_VS_LPS_STIM_DC_3H_UP	0.223555670122443			
GO_SOLUTE_SODIUM_SYMPORTER_ACTIVITY	0.22355449644198394			
BIOCARTA_EDG1_PATHWAY	0.22354702095497087			
CHYLA_CBFA2T3_TARGETS_UP	0.22354579923529158			
GO_HOST_CELL_PART	0.22354427618260167			
GAANYNYGACNY_UNKNOWN	0.22353625245228148			
GO_CHROMOCENTER	0.22352986215491508			
PECE_MAMMARY_STEM_CELL_DN	0.22352182529649722			
GSE31082_DN_VS_CD8_SP_THYMOCYTE_DN	0.22351091036471032			
GO_DNA_DEPENDENT_DNA_REPLICATION_MAINTENANCE_OF_FIDELITY	0.22350204379324212			
MIR6747_5P	0.22349706368106617			
GO_AMYLASE_ACTIVITY	0.22348185643674576			
GO_TUMOR_NECROSIS_FACTOR_ACTIVATED_RECEPTOR_ACTIVITY	0.22347863728275247			
GSE360_L_MAJOR_VS_M_TUBERCULOSIS_MAC_DN	0.22347507305193912			
REACTOME_GLUCOSE_METABOLISM	0.22346835111717087			
GO_POSITIVE_REGULATION_OF_VIRAL_GENOME_REPLICATION	0.22346382335051695			
GSE41867_NAIVE_VS_DAY8_LCMV_ARMSTRONG_EFFECTOR_CD8_TCELL_DN	0.22346252868363004			
GO_VASCULAR_WOUND_HEALING	0.2234623445522961			
BOUDOUKHA_BOUND_BY_IGF2BP2	0.22345953935340185			
GSE33425_CD161_HIGH_VS_INT_CD8_TCELL_UP	0.2234519031166655			
GO_POSITIVE_REGULATION_OF_INTERFERON_GAMMA_SECRETION	0.22345063405394147			
GO_INTERLEUKIN_8_PRODUCTION	0.2234482000911915			
GSE43955_1H_VS_20H_ACT_CD4_TCELL_WITH_TGFB_IL6_DN	0.22343781921687314			
GSE24210_CTRL_VS_IL35_TREATED_TCONV_CD4_TCELL_UP	0.22343620834949807			
TONKS_TARGETS_OF_RUNX1_RUNX1T1_FUSION_MONOCYTE_UP	0.2234313928553307			
GSE7852_LN_VS_THYMUS_TREG_UP	0.22342967570760797			
GO_ACROSOMAL_VESICLE	0.22342687257484134			
GSE23114_PERITONEAL_CAVITY_B1A_BCELL_VS_SPLEEN_BCELL_IN_SLE2C1_MOUSE_DN	0.22342510814824285			
KRIGE_RESPONSE_TO_TOSEDOSTAT_24HR_DN	0.22341483765371212			
JEON_SMAD6_TARGETS_UP	0.2233836320674597			
IWANAGA_CARCINOGENESIS_BY_KRAS_PTEN_DN	0.22337602310485083			
GO_BONE_MINERALIZATION	0.22337551962185112			
GSE6674_UNSTIM_VS_CPG_STIM_BCELL_DN	0.22337442944054567			
GSE42021_CD24INT_TREG_VS_CD24INT_TCONV_THYMUS_UP	0.22336858478507962			
WELCH_GATA1_TARGETS	0.2233583712621052			
WAKABAYASHI_ADIPOGENESIS_PPARG_RXRA_BOUND_36HR	0.22333922736752645			
GSE3920_IFNA_VS_IFNG_TREATED_FIBROBLAST_UP	0.223327996503478			
MIR2110	0.22332581055389114			
GSE13484_3H_UNSTIM_VS_YF17D_VACCINE_STIM_PBMC_DN	0.22332001415150562			
GO_POSITIVE_REGULATION_OF_ANTIGEN_PROCESSING_AND_PRESENTATION	0.22331664151416838			
GO_PHOSPHOLIPASE_D_ACTIVITY	0.22331653833735243			
MARKEY_RB1_ACUTE_LOF_UP	0.22331347387174763			
GSE3039_NKT_CELL_VS_ALPHABETA_CD8_TCELL_UP	0.22331344640627526			
GO_REGULATION_OF_LUNG_BLOOD_PRESSURE	0.22330883213936384			
MIR10397_5P	0.2233083553580913			
OSWALD_HEMATOPOIETIC_STEM_CELL_IN_COLLAGEN_GEL_UP	0.22330682371147928			
GSE43955_1H_VS_42H_ACT_CD4_TCELL_UP	0.22329181609977203			
MIR3121_3P	0.22328544389185107			
YU_MYC_TARGETS_DN	0.22327672310632785			
GSE7831_1H_VS_4H_INFLUENZA_STIM_PDC_DN	0.2232728664441264			
GSE43955_10H_VS_30H_ACT_CD4_TCELL_WITH_TGFB_IL6_UP	0.22326670959533285			
GSE9601_UNTREATED_VS_NFKB_INHIBITOR_TREATED_HCMV_INF_MONOCYTE_DN	0.223260309387344			
IZADPANAH_STEM_CELL_ADIPOSE_VS_BONE_UP	0.2232578113499514			
BOQUEST_STEM_CELL_CULTURED_VS_FRESH_UP	0.2232390339062199			
GSE12366_NAIVE_VS_MEMORY_BCELL_DN	0.22323865616882366			
GO_PRE_B_CELL_DIFFERENTIATION	0.22323047361299106			
GO_AMIDE_TRANSMEMBRANE_TRANSPORTER_ACTIVITY	0.22322722610616244			
GSE34392_ST2_KO_VS_WT_DAY8_LCMV_EFFECTOR_CD8_TCELL_DN	0.2232066292685011			
MIR8053	0.22319223643043035			
HEIDENBLAD_AMPLICON_12P11_12_UP	0.22318829023751816			
GTCAACC_MIR3805P	0.22318453688601697			
MIR4782_5P	0.22317887113735496			
MIR193B_5P	0.22317678729941506			
MIR4262	0.22316789524470906			
GSE40274_FOXP3_VS_FOXP3_AND_IRF4_TRANSDUCED_ACTIVATED_CD4_TCELL_DN	0.22316587955031972			
GRAHAM_CML_DIVIDING_VS_NORMAL_QUIESCENT_DN	0.22315662048815638			
IPA_NFIL3_UP	0.2231482145635335			
GO_TRIGLYCERIDE_RICH_LIPOPROTEIN_PARTICLE_CLEARANCE	0.2231479440129826			
GSE19401_PLN_VS_PEYERS_PATCH_FOLLICULAR_DC_DN	0.22314149514196738			
MSX1_01	0.2231182331256438			
GO_NEGATIVE_REGULATION_OF_VASCULAR_SMOOTH_MUSCLE_CELL_PROLIFERATION	0.22310938572934616			
GO_VESICLE_FUSION_WITH_ENDOPLASMIC_RETICULUM_GOLGI_INTERMEDIATE_COMPARTMENT_ERGIC_MEMBRANE	0.22310323928293674			
IPA_RORA_UP	0.2231024179146026			
DAVICIONI_TARGETS_OF_PAX_FOXO1_FUSIONS_UP	0.22310149896946835			
GO_PROTEIN_ACTIVATION_CASCADE	0.2231014319618751			
GO_HISTONE_DEACETYLATION	0.22310070525350767			
GO_EXTRACELLULAR_MATRIX_DISASSEMBLY	0.2231003921068476			
REACTOME_CITRIC_ACID_CYCLE_TCA_CYCLE	0.2231001533990324			
GSE5455_HEALTHY_VS_TUMOR_BEARING_MOUSE_SPLEEN_MONOCYTE_24H_INCUBATION_DN	0.22309384508268945			
GO_LIGASE_ACTIVITY_FORMING_CARBON_SULFUR_BONDS	0.22309321987202718			
GO_PROTEIN_CONTAINING_COMPLEX_LOCALIZATION	0.2230917203845923			
MIR1272	0.22308325799762083			
GO_VESICLE_MEMBRANE	0.2230831760571314			
GO_KINASE_ACTIVITY	0.22308182543231223			
MIR181A_2_3P	0.22308103599283424			
GO_ACYL_COA_DEHYDROGENASE_ACTIVITY	0.22307813243230737			
GO_POSITIVE_REGULATION_OF_INFLAMMATORY_RESPONSE	0.22306283184190662			
GSE25085_FETAL_LIVER_VS_FETAL_BM_SP4_THYMIC_IMPLANT_DN	0.2230586781077801			
IPA_HIC1_DN	0.22305330221930225			
GO_POSITIVE_REGULATION_OF_PROTEIN_DEUBIQUITINATION	0.223052933154849			
GSE3982_NEUTROPHIL_VS_TH2_DN	0.22305123556542883			
GO_TUBULAR_ENDOSOME	0.22304997515648806			
MIR5010_3P	0.2230492602255773			
MIR3921	0.22304759229127039			
SETD1A_TARGET_GENES	0.2230425633483795			
GENTILE_UV_HIGH_DOSE_UP	0.22304149735449685			
BIOCARTA_SALMONELLA_PATHWAY	0.2230408286658599			
GO_FORMATION_OF_EXTRACHROMOSOMAL_CIRCULAR_DNA	0.2230327303719413			
MIR3935	0.22302774946617973			
GSE12845_IGD_POS_BLOOD_VS_PRE_GC_TONSIL_BCELL_DN	0.22302376684332773			
GO_TRNA_METHYLTRANSFERASE_ACTIVITY	0.2230236158618696			
GO_NEGATIVE_REGULATION_OF_CELL_CYCLE	0.22301413727410815			
REACTOME_SENSING_OF_DNA_DOUBLE_STRAND_BREAKS	0.22301336509084105			
GO_ENDODEOXYRIBONUCLEASE_ACTIVITY_PRODUCING_5_PHOSPHOMONOESTERS	0.22300482218766696			
GO_RIBOSOME_ASSEMBLY	0.22300452906901527			
GSE25890_CTRL_VS_IL33_IL7_TREATED_NUOCYTES_DN	0.22299862490580022			
GSE18203_CTRL_VS_INTRATUMORAL_CPG_INJ_MC38_TUMOR_DN	0.222994398570194			
GO_POSITIVE_REGULATION_OF_EPITHELIAL_CELL_PROLIFERATION_INVOLVED_IN_WOUND_HEALING	0.22299057998212907			
REACTOME_BIOSYNTHESIS_OF_SPECIALIZED_PRORESOLVING_MEDIATORS_SPMS	0.22298783385851825			
GSE40274_CTRL_VS_EOS_TRANSDUCED_ACTIVATED_CD4_TCELL_UP	0.22297953061688472			
GO_SIGNAL_SEQUENCE_BINDING	0.22297336187023425			
GO_MEIOTIC_CELL_CYCLE_PHASE_TRANSITION	0.22296961516944286			
GSE2197_CPG_DNA_VS_UNTREATED_IN_DC_UP	0.22296272635310838			
GO_MUSCLE_CELL_PROLIFERATION	0.22295507934710193			
GSE24634_TEFF_VS_TCONV_DAY10_IN_CULTURE_DN	0.22294622352243074			
GO_MUTSALPHA_COMPLEX_BINDING	0.2229448708967636			
WIERENGA_PML_INTERACTOME	0.2229446487815729			
HALLMARK_TNFA_SIGNALING_VIA_NFKB	0.22294042475459638			
CAFFAREL_RESPONSE_TO_THC_24HR_3_UP	0.22292574222284692			
GO_GAMMA_TUBULIN_LARGE_COMPLEX	0.22292334004736478			
GO_CELLULAR_METABOLIC_COMPOUND_SALVAGE	0.22291411116673746			
GSE14000_UNSTIM_VS_4H_LPS_DC_DN	0.22291161798724188			
GO_MEMBRANE_DISASSEMBLY	0.22291104032371228			
GSE17721_LPS_VS_CPG_4H_BMDC_UP	0.22289755465745303			
GO_ATG1_ULK1_KINASE_COMPLEX	0.22288713316400097			
GO_REGULATION_OF_EXTRACELLULAR_MATRIX_ORGANIZATION	0.22287926076723993			
GSE6875_TCONV_VS_TREG_UP	0.2228712711119015			
GO_SIGNAL_TRANSDUCTION_INVOLVED_IN_G2_DNA_DAMAGE_CHECKPOINT	0.22287055631715763			
GO_AMIDE_BINDING	0.22286846811117728			
GSE37416_CTRL_VS_48H_F_TULARENSIS_LVS_NEUTROPHIL_DN	0.22285671833057874			
GSE2770_TGFB_AND_IL4_VS_IL12_TREATED_ACT_CD4_TCELL_2H_UP	0.22285307002704158			
GO_PATTERN_RECOGNITION_RECEPTOR_SIGNALING_PATHWAY	0.22284780003505883			
MIR3143	0.22283554490050278			
GO_CCR5_CHEMOKINE_RECEPTOR_BINDING	0.2228290720840249			
chr1p13	0.22282743455820428			
GO_PROTEIN_GLYCOSYLATION_IN_GOLGI	0.2228240039325527			
GO_SERINE_FAMILY_AMINO_ACID_BIOSYNTHETIC_PROCESS	0.2228236220782189			
GO_REGULATION_OF_INORGANIC_ANION_TRANSMEMBRANE_TRANSPORT	0.2228204291273809			
GSE37533_PPARG2_FOXP3_VS_FOXP3_TRANSDUCED_CD4_TCELL_PIOGLITAZONE_TREATED_DN	0.22281881244897989			
GSE24726_WT_VS_E2_2_KO_PDC_DAY4_POST_DELETION_UP	0.22281565798545164			
GSE17721_LPS_VS_CPG_2H_BMDC_UP	0.22281351319592432			
GO_POSITIVE_REGULATION_OF_TELOMERASE_RNA_LOCALIZATION_TO_CAJAL_BODY	0.22281209445834763			
GO_CIRCULATORY_SYSTEM_DEVELOPMENT	0.22280422813117262			
GSE3565_CTRL_VS_LPS_INJECTED_DUSP1_KO_SPLENOCYTES_UP	0.2227977367116807			
GSE3982_NEUTROPHIL_VS_NKCELL_UP	0.22279760687948563			
GO_REGULATION_OF_MRNA_3_END_PROCESSING	0.2227930642697826			
GO_REGULATION_OF_T_HELPER_1_TYPE_IMMUNE_RESPONSE	0.2227928948285905			
HERNANDEZ_MITOTIC_ARREST_BY_DOCETAXEL_1_DN	0.22279052468120455			
GSE40274_FOXP3_VS_FOXP3_AND_SATB1_TRANSDUCED_ACTIVATED_CD4_TCELL_UP	0.22279013637181752			
GO_PEPTIDYL_SERINE_MODIFICATION	0.2227889435534594			
GSE13493_CD4INTCD8POS_VS_CD8POS_THYMOCYTE_DN	0.22278721268639853			
GO_REGULATION_OF_AMINO_ACID_TRANSPORT	0.2227871342828407			
MIR4653_5P	0.22277967067545534			
GSE13411_NAIVE_VS_MEMORY_BCELL_DN	0.22277741809642806			
KRASNOSELSKAYA_ILF3_TARGETS_UP	0.22277474044055848			
GO_REGULATION_OF_DNA_DUPLEX_UNWINDING	0.2227730112941208			
GO_RESPONSE_TO_OXIDATIVE_STRESS	0.2227540446793947			
MIR30B_5P_MIR30C_5P	0.22275349011353043			
MIR6796_3P	0.22274308770406867			
MARKS_HDAC_TARGETS_UP	0.22273926069137004			
GSE19923_WT_VS_HEB_AND_E2A_KO_DP_THYMOCYTE_DN	0.2227357528868983			
REACTOME_PHASE_4_RESTING_MEMBRANE_POTENTIAL	0.22272676466399788			
GO_ELASTIC_FIBER_ASSEMBLY	0.2227264862182893			
MIR215_5P	0.22272552180468502			
LEE_LIVER_CANCER_MYC_UP	0.22272203350827843			
KEGG_FC_EPSILON_RI_SIGNALING_PATHWAY	0.22272060120090134			
LET_7B_5P	0.2227172585788589			
GSE27786_LIN_NEG_VS_BCELL_UP	0.22271647405363346			
GO_CELLULAR_RESPONSE_TO_HYDROGEN_PEROXIDE	0.22271424314088256			
GO_NEGATIVE_REGULATION_OF_NIK_NF_KAPPAB_SIGNALING	0.22271284801989508			
REACTOME_DEGRADATION_OF_GLI1_BY_THE_PROTEASOME	0.2227049450737587			
GO_RESOLUTION_OF_MEIOTIC_RECOMBINATION_INTERMEDIATES	0.22269397178671568			
GSE42021_CD24HI_VS_CD24LOW_TREG_THYMUS_DN	0.22269175830759966			
GSE42724_NAIVE_VS_MEMORY_BCELL_UP	0.2226916946594244			
GO_POLYOL_METABOLIC_PROCESS	0.22268749133962146			
GSE20727_H2O2_VS_ROS_INHIBITOR_TREATED_DC_UP	0.22268217214458982			
GSE24081_CONTROLLER_VS_PROGRESSOR_HIV_SPECIFIC_CD8_TCELL_DN	0.22267784560537554			
GO_DEAMINASE_ACTIVITY	0.22267686460909852			
WOO_LIVER_CANCER_RECURRENCE_UP	0.2226645818307923			
REACTOME_MET_ACTIVATES_PTK2_SIGNALING	0.22265445297515105			
MIR4444	0.2226424818808971			
STEIN_ESRRA_TARGETS_RESPONSIVE_TO_ESTROGEN_UP	0.222637590690399			
RODRIGUES_THYROID_CARCINOMA_POORLY_DIFFERENTIATED_UP	0.22262628753230496			
GSE40666_UNTREATED_VS_IFNA_STIM_CD8_TCELL_90MIN_DN	0.22261390584770516			
SRF_Q6	0.2226081921881584			
IPA_HIF1AN_UP	0.222600734292182			
MIR98_5P	0.22260009159527477			
GO_HEMOGLOBIN_ALPHA_BINDING	0.22258896183503257			
GO_REGULATION_OF_RESPIRATORY_SYSTEM_PROCESS	0.22258782821745313			
BAKKER_FOXO3_TARGETS_UP	0.22258713645887818			
MIR650	0.2225859454211978			
IPA_HMGB1_DN	0.22258405199771994			
IPA_HOXC6_UP	0.222582908049652			
REACTOME_APC_C_MEDIATED_DEGRADATION_OF_CELL_CYCLE_PROTEINS	0.22257587917155353			
GSE25088_CTRL_VS_IL4_AND_ROSIGLITAZONE_STIM_STAT6_KO_MACROPHAGE_UP	0.2225757156055499			
MIR4538	0.2225697311139833			
GSE30962_PRIMARY_VS_SECONDARY_ACUTE_LCMV_INF_CD8_TCELL_UP	0.2225596515746956			
YAN_ESCAPE_FROM_ANOIKIS	0.22255444131628477			
GO_RESPONSE_TO_PHORBOL_13_ACETATE_12_MYRISTATE	0.22253933927827488			
DANG_BOUND_BY_MYC	0.22253893365879177			
GSE8835_HEALTHY_VS_CLL_CD4_TCELL_UP	0.2225375925610164			
GO_GOLGI_TO_PLASMA_MEMBRANE_PROTEIN_TRANSPORT	0.22253694334250704			
GO_FUNGIFORM_PAPILLA_MORPHOGENESIS	0.2225346544100636			
GSE12198_LOW_IL2_STIM_NK_CELL_VS_HIGH_IL2_STIM_NK_CELL_UP	0.2225280040933241			
GO_POSITIVE_REGULATION_OF_INTERLEUKIN_2_BIOSYNTHETIC_PROCESS	0.22251201583931823			
GSE40274_CTRL_VS_XBP1_TRANSDUCED_ACTIVATED_CD4_TCELL_UP	0.22250509321214285			
GO_PLATELET_DENSE_TUBULAR_NETWORK	0.22250265554293755			
REACTOME_SIRT1_NEGATIVELY_REGULATES_RRNA_EXPRESSION	0.22250059515422038			
MIR219A_1_3P	0.22249881209479871			
GO_CHEMOKINE_BINDING	0.2224932837857127			
GO_NEGATIVE_REGULATION_OF_MEMBRANE_POTENTIAL	0.2224929538151651			
ZSCAN2_TARGET_GENES	0.2224918158319419			
GO_NEGATIVE_REGULATION_OF_NATURAL_KILLER_CELL_ACTIVATION	0.2224883175482108			
GO_REGULATION_OF_MEIOTIC_NUCLEAR_DIVISION	0.2224867769270266			
GSE17301_ACD3_ACD28_VS_ACD3_ACD28_AND_IFNA2_STIM_CD8_TCELL_UP	0.22248383151444695			
GSE25088_ROSIGLITAZONE_VS_IL4_AND_ROSIGLITAZONE_STIM_MACROPHAGE_DAY10_DN	0.22247759273311923			
BIOCARTA_ETS_PATHWAY	0.22247735275645694			
HALLMARK_EPITHELIAL_MESENCHYMAL_TRANSITION	0.22247562190998665			
AR_02	0.22247311221570445			
GO_POSITIVE_REGULATION_OF_PROTEOLYSIS	0.22246793589500757			
GSE15215_CD2_POS_VS_NEG_PDC_UP	0.22244798539798036			
GSE28726_ACT_CD4_TCELL_VS_ACT_VA24NEG_NKTCELL_UP	0.22243936434735553			
GO_MODULATION_BY_SYMBIONT_OF_HOST_CELLULAR_PROCESS	0.22243827076411432			
GSE4590_PRE_BCELL_VS_LARGE_PRE_BCELL_UP	0.22243348973155141			
GSE10273_HIGH_VS_LOW_IL7_TREATED_IRF4_8_NULL_PRE_BCELL_DN	0.22242631018254938			
GO_PHYSIOLOGICAL_CARDIAC_MUSCLE_HYPERTROPHY	0.22241018749529368			
FONTAINE_FOLLICULAR_THYROID_ADENOMA_DN	0.22241006387394033			
GO_MORPHOGENESIS_OF_AN_ENDOTHELIUM	0.22240316867008741			
REACTOME_DNA_STRAND_ELONGATION	0.22240308678450593			
GO_ORGANELLE_MEMBRANE_CONTACT_SITE	0.2224002207038113			
CHICAS_RB1_TARGETS_SENESCENT	0.22238832028640326			
GO_CD4_POSITIVE_CD25_POSITIVE_ALPHA_BETA_REGULATORY_T_CELL_DIFFERENTIATION	0.22237973411453577			
ZNF416_TARGET_GENES	0.22237836649780265			
VILIMAS_NOTCH1_TARGETS_DN	0.222378095885702			
GSE45365_WT_VS_IFNAR_KO_CD11B_DC_MCMV_INFECTION_DN	0.22237381771427858			
GO_POSITIVE_REGULATION_OF_CELL_DEATH	0.22237346079065437			
GO_RESPONSE_TO_HYDROXYUREA	0.22236683036887314			
GARGALOVIC_RESPONSE_TO_OXIDIZED_PHOSPHOLIPIDS_BROWN_UP	0.22236361597859072			
GSE24726_WT_VS_E2_2_KO_PDC_DAY6_POST_DELETION_UP	0.2223484187082266			
MIR4712_5P	0.22234808343229193			
WANG_MLL_TARGETS	0.2223462625401612			
GSE4748_CTRL_VS_CYANOBACTERIUM_LPSLIKE_STIM_DC_3H_DN	0.22234267592760754			
GO_REGULATION_OF_FEEDING_BEHAVIOR	0.22233632628196637			
E2F4DP1_01	0.2223353055569594			
KRIEG_HYPOXIA_VIA_KDM3A	0.22233028653560305			
GO_REGULATION_OF_PROTEIN_KINASE_C_SIGNALING	0.2223288669856174			
GSE3982_NKCELL_VS_TH2_DN	0.2223203331813012			
GO_PROTEIN_PHOSPHATASE_BINDING	0.22231587496235838			
REACTOME_PREVENTION_OF_PHAGOSOMAL_LYSOSOMAL_FUSION	0.22231211055172112			
REACTOME_REGULATION_OF_PYRUVATE_DEHYDROGENASE_PDH_COMPLEX	0.22231188753100695			
MIR6768_3P	0.2223106118612696			
GO_DEFENSE_RESPONSE_TO_BACTERIUM	0.2223009765896786			
REACTOME_METHIONINE_SALVAGE_PATHWAY	0.22229535745716			
BIOCARTA_NFKB_PATHWAY	0.22229532413137168			
IPA_MAP3K7_UP	0.22229163449077025			
GO_POSITIVE_REGULATION_OF_MITOCHONDRIAL_TRANSLATION	0.22229039146850668			
GO_NIK_NF_KAPPAB_SIGNALING	0.22227857025625927			
GSE22103_UNSTIM_VS_LPS_STIM_NEUTROPHIL_DN	0.2222722958194952			
GSE44649_NAIVE_VS_ACTIVATED_CD8_TCELL_DN	0.22227019725508038			
IPA_HOXA5_DN	0.22226095271513252			
IPA_MEIS1_DN	0.22226095271513252			
MIR205_3P	0.2222605228647875			
GSE13484_UNSTIM_VS_12H_YF17D_VACCINE_STIM_PBMC_DN	0.22225571790829723			
REACTOME_ASSEMBLY_AND_CELL_SURFACE_PRESENTATION_OF_NMDA_RECEPTORS	0.22225136194632897			
GSE18804_BRAIN_VS_COLON_TUMORAL_MACROPHAGE_DN	0.22224701498908378			
REACTOME_NUCLEOTIDE_SALVAGE	0.22224449211265582			
MIR3171	0.2222416519008059			
GSE15330_LYMPHOID_MULTIPOTENT_VS_MEGAKARYOCYTE_ERYTHROID_PROGENITOR_DN	0.22223376456685115			
GSE3982_EOSINOPHIL_VS_BCELL_UP	0.22223362369205385			
REACTOME_DEFENSINS	0.22222573538315424			
WONG_PROTEASOME_GENE_MODULE	0.22222126930587613			
GSE21063_CTRL_VS_ANTI_IGM_STIM_BCELL_NFATC1_KO_8H_DN	0.22222113893061302			
GO_POSITIVE_REGULATION_OF_MHC_CLASS_I_BIOSYNTHETIC_PROCESS	0.22221510267938221			
GO_REGULATION_OF_CELLULAR_RESPONSE_TO_MACROPHAGE_COLONY_STIMULATING_FACTOR_STIMULUS	0.22221331906743128			
GSE7460_CD8_TCELL_VS_CD4_TCELL_ACT_UP	0.22221229448437907			
SREBP1_Q6	0.22221168616876502			
GO_PROCOLLAGEN_PROLINE_4_DIOXYGENASE_ACTIVITY	0.22220973859701915			
GO_NEGATIVE_REGULATION_OF_OXIDATIVE_STRESS_INDUCED_INTRINSIC_APOPTOTIC_SIGNALING_PATHWAY	0.22220827271748939			
GO_NEGATIVE_REGULATION_OF_MYELOID_LEUKOCYTE_DIFFERENTIATION	0.22220802308008608			
GSE36527_CD62L_HIGH_CD69_NEG_VS_CD62L_LOW_CD69_POS_TREG_KLRG1_NEG_DN	0.22219710565513656			
GSE7460_TREG_VS_TCONV_ACT_WITH_TGFB_DN	0.2221963761810195			
GSE22886_CTRL_VS_LPS_24H_DC_UP	0.22219533412358375			
GSE3982_MAC_VS_NEUTROPHIL_DN	0.22217958431834167			
GO_NEGATIVE_REGULATION_OF_MACROPHAGE_DERIVED_FOAM_CELL_DIFFERENTIATION	0.22217138834641628			
GSE13493_DP_VS_CD8POS_THYMOCYTE_UP	0.22217093935640944			
REACTOME_SIGNALING_BY_NOTCH4	0.22216903439411945			
GSE17721_LPS_VS_POLYIC_6H_BMDC_DN	0.2221624014624951			
MIR514B_5P	0.22216035236729506			
GO_MITOCHONDRIAL_DNA_REPAIR	0.222160250152166			
GO_HYDROLASE_ACTIVITY_ACTING_ON_CARBON_NITROGEN_BUT_NOT_PEPTIDE_BONDS_IN_CYCLIC_AMIDINES	0.2221556188730416			
REACTOME_MISMATCH_REPAIR	0.22215195914642102			
LIU_COMMON_CANCER_GENES	0.22214929676974998			
GO_POSITIVE_REGULATION_OF_MACROPHAGE_CHEMOTAXIS	0.22214372455051068			
REACTOME_ALTERNATIVE_COMPLEMENT_ACTIVATION	0.2221398686296983			
GO_POSITIVE_REGULATION_OF_PHOSPHOLIPID_METABOLIC_PROCESS	0.22213882642342775			
GSE15330_HSC_VS_PRO_BCELL_UP	0.22213823873347247			
GO_FC_EPSILON_RECEPTOR_SIGNALING_PATHWAY	0.22213678093301517			
GO_GAP_JUNCTION_HEMI_CHANNEL_ACTIVITY	0.22213425357944222			
GSE17721_CTRL_VS_LPS_2H_BMDC_UP	0.22212990817401465			
GSE19198_6H_VS_24H_IL21_TREATED_TCELL_DN	0.22212886210548025			
RASHI_NFKB1_TARGETS	0.22211883054856177			
GSE31082_DN_VS_DP_THYMOCYTE_DN	0.22210983609505752			
GO_EPITHELIAL_CELL_DIFFERENTIATION_INVOLVED_IN_KIDNEY_DEVELOPMENT	0.2221079212064684			
GO_POSITIVE_REGULATION_OF_INTRACELLULAR_TRANSPORT	0.22210638745842415			
GO_CELLULAR_RESPONSE_TO_STEROL_DEPLETION	0.22210568039170506			
KYNG_DNA_DAMAGE_UP	0.2220933395553528			
GSE2128_C57BL6_VS_NOD_THYMOCYTE_MIMETOPE_NEGATIVE_SELECTION_UP	0.22209184814395447			
GO_NEGATIVE_REGULATION_OF_CELL_CYCLE_G2_M_PHASE_TRANSITION	0.22208871496393032			
MIR494_5P	0.22208738240305173			
GSE21063_CTRL_VS_ANTI_IGM_STIM_BCELL_NFATC1_KO_16H_UP	0.2220846389921696			
GO_ACTIN_CYTOSKELETON	0.22208267243985644			
GSE2585_AIRE_KO_VS_WT_CD80_HIGH_MTEC_UP	0.22208048171138048			
GO_REPLICATIVE_SENESCENCE	0.22207824082530161			
GO_TRAIL_BINDING	0.22207660697792453			
IPA_STAT2_UP	0.22207636469291103			
MIKKELSEN_MCV6_LCP_WITH_H3K4ME3	0.22207523513051594			
GSE22601_IMMATURE_CD4_SINGLE_POSITIVE_VS_CD4_SINGLE_POSITIVE_THYMOCYTE_DN	0.22207173043855702			
NCOA6_TARGET_GENES	0.22207060475791554			
SIMBULAN_PARP1_TARGETS_DN	0.22207040165442113			
GO_REGULATION_OF_TRANSPORT	0.22206838691396996			
GSE35825_UNTREATED_VS_IFNG_STIM_MACROPHAGE_DN	0.22205915025033804			
GO_GANGLIOSIDE_BIOSYNTHETIC_PROCESS	0.2220433131089264			
REACTOME_GLUTAMATE_NEUROTRANSMITTER_RELEASE_CYCLE	0.2220401509131317			
GSE15767_MED_VS_SCS_MAC_LN_UP	0.22202995410659776			
IPA_PTTG1_UP	0.2220142795239216			
TRIP13_TARGET_GENES	0.22201028105326434			
GSE29949_MICROGLIA_BRAIN_VS_CD8_NEG_DC_SPLEEN_UP	0.22200408952561992			
chr2q24	0.22200325979588242			
IPA_HOXA7_UP	0.22199607206823788			
SERVITJA_LIVER_HNF1A_TARGETS_UP	0.2219923104045997			
GO_MONOSACCHARIDE_CATABOLIC_PROCESS	0.2219900493855371			
MIR1285_5P	0.22198532023891362			
GSE2585_CTEC_VS_MTEC_THYMUS_DN	0.22198159449698548			
GO_REGULATION_OF_SYNAPTIC_TRANSMISSION_GABAERGIC	0.22197771658135176			
ANASTASSIOU_MULTICANCER_INVASIVENESS_SIGNATURE	0.22197025217083782			
chr5q35	0.2219665069192014			
REACTOME_ROLE_OF_LAT2_NTAL_LAB_ON_CALCIUM_MOBILIZATION	0.22196412213415073			
GSE37416_0H_VS_6H_F_TULARENSIS_LVS_NEUTROPHIL_DN	0.22196199118461962			
GO_CELL_CYCLE_PROCESS	0.221957227043268			
GSE27241_CTRL_VS_DIGOXIN_TREATED_RORGT_KO_CD4_TCELL_IN_TH17_POLARIZING_CONDITIONS_UP	0.22195576080449628			
GO_AMINO_ACID_CATION_SYMPORTER_ACTIVITY	0.22195353928447614			
GO_MUSCLE_STRUCTURE_DEVELOPMENT	0.22195326888059858			
GO_POSITIVE_REGULATION_OF_INTERLEUKIN_4_PRODUCTION	0.22195024465620286			
MIR132_3P	0.22194219733920176			
LEI_HOXC8_TARGETS_UP	0.22194115934064404			
GO_IMPORT_INTO_NUCLEUS	0.2219399519862976			
GSE17721_PAM3CSK4_VS_CPG_24H_BMDC_DN	0.22193978405590126			
GO_EMBRYONIC_PROCESS_INVOLVED_IN_FEMALE_PREGNANCY	0.22193919962664313			
PALOMERO_GSI_SENSITIVITY_UP	0.2219330616213552			
IPA_ETS1_DN	0.22193007216433278			
GO_BILE_ACID_SODIUM_SYMPORTER_ACTIVITY	0.22192980317108277			
KAECH_DAY8_EFF_VS_DAY15_EFF_CD8_TCELL_UP	0.22192354852036175			
GO_CARBOHYDRATE_DERIVATIVE_CATABOLIC_PROCESS	0.2219154174075208			
chrXq26	0.2219043668857405			
PID_VEGF_VEGFR_PATHWAY	0.22189211249154353			
GSE13485_DAY3_VS_DAY7_YF17D_VACCINE_PBMC_DN	0.22189127603841544			
chr4q12	0.2218796396876524			
GO_BITTER_TASTE_RECEPTOR_ACTIVITY	0.22187315422867487			
GO_REGULATION_OF_CYTOPLASMIC_TRANSLATION	0.22187105438929036			
IPA_IRF5_UP	0.22187016360545203			
GO_MODULATION_BY_HOST_OF_VIRAL_PROCESS	0.22187016213421146			
GO_RESPONSE_TO_ESTRADIOL	0.22186793909160868			
MIR3976	0.22186638468776723			
GO_NUCLEAR_SPECK	0.221865172822944			
GSE43955_TH0_VS_TGFB_IL6_TH17_ACT_CD4_TCELL_10H_UP	0.22185881399937882			
GSE20715_0H_VS_24H_OZONE_LUNG_UP	0.2218534507918975			
GSE2770_UNTREATED_VS_TGFB_AND_IL4_TREATED_ACT_CD4_TCELL_4H_DN	0.22183045041190846			
REACTOME_TRANSCRIPTIONAL_REGULATION_BY_TP53	0.22182953784681103			
GSE17721_POLYIC_VS_GARDIQUIMOD_6H_BMDC_UP	0.22182582778529017			
IPA_NRF1_DN	0.22182276900790568			
SEKI_INFLAMMATORY_RESPONSE_LPS_UP	0.2218139156088341			
ZNF426_TARGET_GENES	0.22181001034458694			
GO_REGULATION_OF_T_HELPER_1_CELL_DIFFERENTIATION	0.22180887941390218			
GSE26669_CTRL_VS_COSTIM_BLOCK_MLR_CD4_TCELL_DN	0.221797862275013			
GO_PROTEIN_K29_LINKED_UBIQUITINATION	0.2217929160865542			
GO_TRANSLATIONAL_INITIATION	0.22179261945393902			
GO_TOLERANCE_INDUCTION_DEPENDENT_UPON_IMMUNE_RESPONSE	0.2217921053884913			
PID_EPO_PATHWAY	0.22179105290340784			
MIR450B_5P	0.22178965499320732			
GO_REGULATION_OF_ENDOTHELIAL_CELL_CHEMOTAXIS	0.22178299402175933			
IPA_FOXO1_UP	0.2217816529650357			
ZHAN_MULTIPLE_MYELOMA_CD1_AND_CD2_DN	0.22177730208484617			
GSE21546_WT_VS_SAP1A_KO_AND_ELK1_KO_ANTI_CD3_STIM_DP_THYMOCYTES_DN	0.2217703219454103			
GO_MUSCLE_FIBER_DEVELOPMENT	0.22177000435973607			
GO_HISTIDINE_METABOLIC_PROCESS	0.2217671952251391			
GO_CHEMOKINE_C_C_MOTIF_LIGAND_5_PRODUCTION	0.22176212023323436			
GO_INTEGRIN_BINDING	0.22176052890797435			
GSE3039_CD4_TCELL_VS_NKT_CELL_DN	0.2217541437488706			
REACTOME_BINDING_AND_UPTAKE_OF_LIGANDS_BY_SCAVENGER_RECEPTORS	0.22175375545760795			
GSE1925_CTRL_VS_3H_IFNG_STIM_IFNG_PRIMED_MACROPHAGE_DN	0.22175085133472602			
GSE6269_HEALTHY_VS_STAPH_PNEUMO_INF_PBMC_DN	0.2217478833379158			
GSE17721_POLYIC_VS_PAM3CSK4_4H_BMDC_UP	0.22174681617005143			
GSE23308_CTRL_VS_CORTICOSTERONE_TREATED_MACROPHAGE_MINERALCORTICOID_REC_KO_DN	0.22173816701043697			
IPA_NFKB2_DN	0.22173771329582834			
LET_7A_5P_LET_7C_5P_LET_7E_5P	0.22173755034456982			
GO_POSITIVE_REGULATION_OF_NIK_NF_KAPPAB_SIGNALING	0.22173617895095468			
GO_RNA_DESTABILIZATION	0.22173237690325684			
GSE19198_CTRL_VS_IL21_TREATED_TCELL_24H_DN	0.2217232328521038			
REACTOME_ABC_FAMILY_PROTEINS_MEDIATED_TRANSPORT	0.22172283553235933			
chr10q21	0.22171966217606331			
REACTOME_GPCR_LIGAND_BINDING	0.22171667552979926			
GO_POSITIVE_REGULATION_OF_RESPONSE_TO_BIOTIC_STIMULUS	0.22171365587155972			
GSE13484_UNSTIM_VS_3H_YF17D_VACCINE_STIM_PBMC_DN	0.2217103395718873			
GSE43955_TH0_VS_TGFB_IL6_IL23_TH17_ACT_CD4_TCELL_52H_DN	0.2217051115129065			
GO_NEGATIVE_REGULATION_OF_SYNAPTIC_TRANSMISSION_GABAERGIC	0.2217032179110227			
GSE17721_CTRL_VS_LPS_2H_BMDC_DN	0.2216989851524172			
GSE27786_LIN_NEG_VS_NEUTROPHIL_UP	0.2216839364886425			
GSE10500_ARTHRITIC_SYNOVIAL_FLUID_VS_HEALTHY_MACROPHAGE_DN	0.22167930388115806			
INAMURA_LUNG_CANCER_SCC_DN	0.22167743854208097			
GO_SERINE_THREONINE_PROTEIN_KINASE_COMPLEX	0.22167722091884848			
APPIERTO_RESPONSE_TO_FENRETINIDE_DN	0.2216759748932952			
GSE42724_MEMORY_VS_B1_BCELL_DN	0.22167472937240643			
NABA_SECRETED_FACTORS	0.22166916183984892			
GO_COATED_VESICLE	0.22166646357254216			
VALK_AML_CLUSTER_16	0.2216511960882381			
PID_CMYB_PATHWAY	0.2216451315736462			
MATZUK_SPERMATOCYTE	0.2216448459062922			
ESC_J1_UP_EARLY.V1_DN	0.22163544681440134			
GO_ERGOSTEROL_METABOLIC_PROCESS	0.22163470744577865			
GSE28783_CTRL_ANTI_MIR_VS_UNTREATED_ATHEROSCLEROSIS_MACROPHAGE_DN	0.2216283227875803			
GSE24634_TEFF_VS_TCONV_DAY3_IN_CULTURE_DN	0.22162215838715815			
GO_POSITIVE_REGULATION_OF_DNA_LIGATION	0.22161143341498826			
AP1_Q6_01	0.22160762361320194			
BENNETT_SYSTEMIC_LUPUS_ERYTHEMATOSUS	0.22160505539297853			
IPA_HOXC4_DN	0.22160137019621876			
GO_UBIQUITIN_LIKE_PROTEIN_LIGASE_BINDING	0.22159384468741103			
IKEDA_MIR30_TARGETS_DN	0.2215825750729754			
HALLMARK_UV_RESPONSE_DN	0.22158172428305542			
REACTOME_PHOSPHORYLATION_OF_THE_APC_C	0.2215817041087358			
GO_SODIUM_DEPENDENT_PHOSPHATE_TRANSPORT	0.22157811018994178			
GO_SUPRAMOLECULAR_COMPLEX	0.2215775561559345			
GO_POSITIVE_REGULATION_OF_DENDRITIC_CELL_CYTOKINE_PRODUCTION	0.22157614344404658			
GO_MDA_5_SIGNALING_PATHWAY	0.22157243324336856			
GSE18791_CTRL_VS_NEWCASTLE_VIRUS_DC_18H_DN	0.22157032301935797			
GO_DRUG_BINDING	0.22156279978118731			
GO_HEMATOPOIETIC_STEM_CELL_MIGRATION	0.22155803698440382			
GO_PARENTAL_BEHAVIOR	0.22155788407473936			
GSE22886_NAIVE_CD8_TCELL_VS_NEUTROPHIL_DN	0.22155517483677686			
GSE6259_33D1_POS_VS_DEC205_POS_SPLENIC_DC_UP	0.22155327843478173			
SCHAVOLT_TARGETS_OF_TP53_AND_TP63	0.22155144598846555			
GO_REGULATION_OF_PROTEIN_LOCALIZATION	0.22155085425558727			
MIR4474_3P	0.22154006593966738			
GO_REGULATION_OF_ESTABLISHMENT_OF_PROTEIN_LOCALIZATION_TO_CHROMOSOME	0.22153256506685326			
GO_EXTRACELLULAR_STRUCTURE_ORGANIZATION	0.22152878112538255			
MIR4654	0.22152716625138832			
GSE1432_1H_VS_6H_IFNG_MICROGLIA_DN	0.2215221370595805			
GSE12963_UNINF_VS_ENV_AND_NEF_AND_VPR_DEFICIENT_HIV1_INF_CD4_TCELL_UP	0.22151537783179373			
GO_DAMAGED_DNA_BINDING	0.22151080067794973			
MIR1248	0.22149886828569473			
GSE7509_DC_VS_MONOCYTE_UP	0.2214788809424031			
GSE17721_12H_VS_24H_PAM3CSK4_BMDC_UP	0.22146318183883873			
GSE11961_MARGINAL_ZONE_BCELL_VS_MEMORY_BCELL_DAY7_UP	0.22145873416963285			
GO_TELOMERASE_RNA_BINDING	0.22145655739311448			
GSE8921_UNSTIM_VS_TLR1_2_STIM_MONOCYTE_6H_DN	0.22144980703758538			
GO_I_BAND	0.22144803347896413			
GO_LIPOPHAGY	0.2214383466305418			
GSE7460_CTRL_VS_FOXP3_OVEREXPR_TCONV_1_UP	0.22142968071200567			
GO_CELL_DEATH_IN_RESPONSE_TO_OXIDATIVE_STRESS	0.2214224933814691			
ZHONG_RESPONSE_TO_AZACITIDINE_AND_TSA_UP	0.22142092030224278			
GO_MITOTIC_DNA_INTEGRITY_CHECKPOINT	0.22141639791279039			
GSE5463_CTRL_VS_DEXAMETHASONE_TREATED_THYMOCYTE_DN	0.2214029772485326			
GO_ENDOTHELIUM_DEVELOPMENT	0.22139816518503597			
JIANG_TIP30_TARGETS_UP	0.2213974778185816			
MIR4778_5P	0.22139483697573237			
MIR1255B_2_3P	0.2213871986598261			
GO_FIBROBLAST_ACTIVATION	0.22138641110447227			
chr12p11	0.22138523310404756			
GSE37605_C57BL6_VS_NOD_FOXP3_IRES_GFP_TCONV_UP	0.22138113720092237			
GO_NEGATIVE_REGULATION_OF_HYDROLASE_ACTIVITY	0.2213782829300544			
ZC3H11A_TARGET_GENES	0.221369996419803			
GSE27786_BCELL_VS_CD8_TCELL_UP	0.22136421947894075			
MIR7161_5P	0.2213545784765107			
GSE39110_DAY3_VS_DAY6_POST_IMMUNIZATION_CD8_TCELL_WITH_IL2_TREATMENT_UP	0.2213483728920964			
GSE4590_PRE_BCELL_VS_VPREB_POS_LARGE_PRE_BCELL_UP	0.22134773727587476			
REACTOME_TYSND1_CLEAVES_PEROXISOMAL_PROTEINS	0.22133769003103135			
GSE30083_SP1_VS_SP3_THYMOCYTE_DN	0.22133656451380526			
GSE40274_IRF4_VS_FOXP3_AND_IRF4_TRANSDUCED_ACTIVATED_CD4_TCELL_UP	0.22133370936657676			
GO_HIGH_DENSITY_LIPOPROTEIN_PARTICLE_REMODELING	0.2213314944641507			
GSE9650_NAIVE_VS_MEMORY_CD8_TCELL_UP	0.2213305141787711			
GO_RESPONSE_TO_AMINO_ACID_STARVATION	0.22132946670454598			
MIR6755_3P	0.22132828227562976			
GSE2585_THYMIC_MACROPHAGE_VS_MTEC_DN	0.22132792650281682			
GSE17721_CTRL_VS_GARDIQUIMOD_12H_BMDC_DN	0.2213245883295683			
BIOCARTA_STATHMIN_PATHWAY	0.22131865838343945			
GO_MEDIUM_CHAIN_FATTY_ACID_COA_LIGASE_ACTIVITY	0.22131388689582376			
GSE15324_NAIVE_VS_ACTIVATED_ELF4_KO_CD8_TCELL_DN	0.22131159888747592			
GO_MUSCLE_CELL_MIGRATION	0.22130596230589525			
IPA_DAXX_UP	0.2212975786298918			
CEBPA_01	0.2212897829015319			
GSE45365_BCELL_VS_CD8_TCELL_UP	0.22127951044193736			
GO_REPLICATIVE_CELL_AGING	0.2212778016901941			
GO_ALDITOL_PHOSPHATE_METABOLIC_PROCESS	0.22127731933171155			
GO_TAXIS	0.2212742743762042			
GO_NEGATIVE_REGULATION_OF_PROTEIN_METABOLIC_PROCESS	0.2212718591527184			
MIR379_3P_MIR411_3P	0.2212708884425913			
LIM_MAMMARY_STEM_CELL_UP	0.22126579199643223			
GO_NEGATIVE_REGULATION_OF_FIBROBLAST_MIGRATION	0.22125892535949856			
ITO_PTTG1_TARGETS_DN	0.2212581402283169			
GSE21360_PRIMARY_VS_TERTIARY_MEMORY_CD8_TCELL_DN	0.22125324209157846			
MIR890	0.2212505979805535			
GO_ESC_E_Z_COMPLEX	0.22124980532801414			
GO_POSITIVE_REGULATION_OF_MULTICELLULAR_ORGANISMAL_PROCESS	0.22124691722317394			
MIR323B_5P	0.22124380009553268			
GSE22033_WT_VS_PPARG_KO_MEF_DN	0.22124074169641963			
GO_NOREPINEPHRINE_SECRETION	0.22123815184216655			
GO_MOTILE_CILIUM	0.22122381619134218			
TFEB_TARGET_GENES	0.22121678977764528			
REACTOME_ABC_TRANSPORTER_DISORDERS	0.221214068727686			
GO_L_SERINE_METABOLIC_PROCESS	0.2212118844941393			
GSE39916_B_CELL_SPLEEN_VS_PLASMA_CELL_BONE_MARROW_UP	0.22120386814626797			
PID_ILK_PATHWAY	0.22119415131822778			
BIOCARTA_PPARA_PATHWAY	0.22118857535133113			
GROSS_HYPOXIA_VIA_ELK3_AND_HIF1A_UP	0.22118721309888306			
GO_NEGATIVE_REGULATION_OF_CYSTEINE_TYPE_ENDOPEPTIDASE_ACTIVITY	0.22118221742729194			
BRUINS_UVC_RESPONSE_LATE	0.22117851527525534			
GO_NUCLEAR_CHROMOSOME_SEGREGATION	0.2211772733648293			
BIOCARTA_CACAM_PATHWAY	0.22117369170211157			
GSE34156_NOD2_LIGAND_VS_TLR1_TLR2_LIGAND_24H_TREATED_MONOCYTE_DN	0.22116783909303078			
GO_HISTONE_H3_DEACETYLATION	0.2211664159585913			
GSE360_LOW_DOSE_B_MALAYI_VS_M_TUBERCULOSIS_DC_DN	0.22116629552357853			
GO_COMPLEMENT_ACTIVATION_ALTERNATIVE_PATHWAY	0.22116303806031454			
GO_MAINTENANCE_OF_SISTER_CHROMATID_COHESION	0.22116084094778632			
GO_NEGATIVE_REGULATION_OF_TUMOR_NECROSIS_FACTOR_BIOSYNTHETIC_PROCESS	0.22115433659663575			
GO_NUCLEAR_LOCALIZATION_SEQUENCE_BINDING	0.2211523606519062			
IPA_CDK9_UP	0.22114377880665675			
GO_CELL_SURFACE	0.2211190667887072			
GSE7852_LN_VS_FAT_TCONV_UP	0.2211176424393719			
PASINI_SUZ12_TARGETS_UP	0.22110747099172587			
GO_DNA_DEPENDENT_DNA_REPLICATION	0.22110702511547717			
GO_NUCLEAR_BODY_ORGANIZATION	0.22109494528931944			
GO_REGULATION_OF_CELL_POPULATION_PROLIFERATION	0.2210923189630162			
GO_MRNA_TRANSCRIPTION_BY_RNA_POLYMERASE_II	0.2210844385045243			
GSE1432_CTRL_VS_IFNG_6H_MICROGLIA_DN	0.22108063639235848			
GENTILE_UV_RESPONSE_CLUSTER_D1	0.22107932702602348			
PID_IL2_1PATHWAY	0.22107672869714287			
GO_REGULATION_OF_CELLULAR_AMIDE_METABOLIC_PROCESS	0.2210761458165594			
GO_MYD88_INDEPENDENT_TOLL_LIKE_RECEPTOR_SIGNALING_PATHWAY	0.22106288705988308			
MIR3682_3P	0.2210628146135328			
GO_SEROTONIN_SECRETION	0.22106155542406605			
MAP2K1_TARGET_GENES	0.22105784912328807			
PID_RHOA_PATHWAY	0.2210535492090263			
GSE27241_WT_VS_RORGT_KO_TH17_POLARIZED_CD4_TCELL_TREATED_WITH_DIGOXIN_UP	0.22104866285022903			
GO_REGULATION_OF_B_CELL_DIFFERENTIATION	0.22104643907357188			
REACTOME_APC_C_CDC20_MEDIATED_DEGRADATION_OF_CYCLIN_B	0.2210410648153798			
GSE43955_TH0_VS_TGFB_IL6_TH17_ACT_CD4_TCELL_52H_UP	0.22104053127619383			
POMEROY_MEDULLOBLASTOMA_DESMOPLASIC_VS_CLASSIC_DN	0.22103424424087897			
ZNF577_TARGET_GENES	0.221031314630832			
WEBER_METHYLATED_LCP_IN_FIBROBLAST_UP	0.22102958031399314			
MIR3200_5P	0.22102509307738			
GSE24574_NAIVE_VS_TCONV_CD4_TCELL_DN	0.22102342945868825			
CAHOY_ASTROGLIAL	0.2210212986139411			
GO_RESPONSE_TO_PURINE_CONTAINING_COMPOUND	0.22102035259726566			
GO_RETINA_HOMEOSTASIS	0.22100802919130524			
GSE23505_IL6_IL1_VS_IL6_IL1_TGFB_TREATED_CD4_TCELL_DN	0.22100335429312423			
PHONG_TNF_TARGETS_UP	0.22099651325013023			
REACTOME_CD163_MEDIATING_AN_ANTI_INFLAMMATORY_RESPONSE	0.2209888154721606			
GO_FOUR_WAY_JUNCTION_DNA_BINDING	0.2209865302571546			
ZNF530_TARGET_GENES	0.22098152887766465			
IPA_EPAS1_UP	0.22097990055685526			
GSE17974_CTRL_VS_ACT_IL4_AND_ANTI_IL12_48H_CD4_TCELL_UP	0.22097893429590698			
GSE21670_UNTREATED_VS_TGFB_IL6_TREATED_CD4_TCELL_DN	0.22097809066453286			
GO_ATPASE_ACTIVITY_COUPLED_TO_TRANSMEMBRANE_MOVEMENT_OF_IONS_ROTATIONAL_MECHANISM	0.22097409502861937			
GARGALOVIC_RESPONSE_TO_OXIDIZED_PHOSPHOLIPIDS_LIGHTYELLOW_UP	0.2209737078037448			
MIR371A_3P	0.22097306188653798			
GO_REGULATION_OF_INTERLEUKIN_4_PRODUCTION	0.22097118025379328			
GSE20727_CTRL_VS_H2O2_TREATED_DC_UP	0.22096202575043308			
RORIE_TARGETS_OF_EWSR1_FLI1_FUSION_UP	0.22095938839444765			
GOZGIT_ESR1_TARGETS_UP	0.22095327145930968			
MIR193A_3P_MIR193B_3P	0.2209441140710568			
GSE21380_TFH_VS_GERMINAL_CENTER_TFH_CD4_TCELL_UP	0.22093308111491222			
SCHAEFFER_PROSTATE_DEVELOPMENT_6HR_UP	0.2209315410677543			
HALLMARK_E2F_TARGETS	0.22093087774980055			
chr2q33	0.22092759588574568			
LI_WILMS_TUMOR_ANAPLASTIC_DN	0.2209263565020634			
GO_POSITIVE_REGULATION_OF_PROTEIN_DEPHOSPHORYLATION	0.22092067424857212			
GSE16450_CTRL_VS_IFNA_6H_STIM_IMMATURE_NEURON_CELL_LINE_DN	0.22091464751152629			
PAX3_TARGET_GENES	0.220906372238469			
REACTOME_LYSOSPHINGOLIPID_AND_LPA_RECEPTORS	0.22090333089137373			
MIR4671_5P	0.22090225923166204			
GO_NEGATIVE_REGULATION_OF_LIPASE_ACTIVITY	0.22089861437958044			
REACTOME_IRF3_MEDIATED_ACTIVATION_OF_TYPE_1_IFN	0.22089464264571002			
GARY_CD5_TARGETS_UP	0.22089147280009022			
CROSBY_E2F4_TARGETS	0.22088880834548935			
GO_PHOTORECEPTOR_OUTER_SEGMENT_MEMBRANE	0.2208859885745086			
MAHAJAN_RESPONSE_TO_IL1A_DN	0.22088231767753533			
GO_INTERLEUKIN_6_MEDIATED_SIGNALING_PATHWAY	0.22087892186174715			
GO_PHOSPHOLIPID_TRANSPORTER_ACTIVITY	0.22087886482824556			
GO_TELOMERIC_DNA_BINDING	0.22087678081108883			
GOERING_BLOOD_HDL_CHOLESTEROL_QTL_CIS	0.2208666074267266			
MIR4698	0.22086323773045904			
PER1_TARGET_GENES	0.2208556299426371			
GO_REGULATION_OF_INTERLEUKIN_1_MEDIATED_SIGNALING_PATHWAY	0.22085015329806265			
KEGG_GLYCINE_SERINE_AND_THREONINE_METABOLISM	0.22084213725219626			
GSE11864_UNTREATED_VS_CSF1_IFNG_PAM3CYS_IN_MAC_UP	0.22083750412904618			
MIR1304_5P	0.2208346308668016			
YANG_BCL3_TARGETS_DN	0.22081950336590073			
GO_STRUCTURAL_CONSTITUENT_OF_POSTSYNAPTIC_ACTIN_CYTOSKELETON	0.22081938541298915			
GO_POSITIVE_THYMIC_T_CELL_SELECTION	0.2208178867692548			
REACTOME_CARBOXYTERMINAL_POST_TRANSLATIONAL_MODIFICATIONS_OF_TUBULIN	0.2208130427887616			
IPA_RUNX2_UP	0.22080610159405992			
LEE_AGING_CEREBELLUM_UP	0.22080580476165204			
GSE17721_POLYIC_VS_GARDIQUIMOD_16H_BMDC_UP	0.22080495541375877			
BIOCARTA_RANKL_PATHWAY	0.22078337515856045			
GSE24574_BCL6_HIGH_TFH_VS_TCONV_CD4_TCELL_UP	0.22078114292055667			
GO_NUCLEOBASE_TRANSMEMBRANE_TRANSPORTER_ACTIVITY	0.22077511482065973			
HORIUCHI_WTAP_TARGETS_DN	0.22076201309494906			
GO_PROCOLLAGEN_PROLINE_DIOXYGENASE_ACTIVITY	0.22075719464965324			
CALVET_IRINOTECAN_SENSITIVE_VS_RESISTANT_UP	0.22075071353906042			
GO_NATURAL_KILLER_CELL_PROLIFERATION	0.22074888839889334			
GSE11961_FOLLICULAR_BCELL_VS_GERMINAL_CENTER_BCELL_DAY7_DN	0.22073950683954324			
LASTOWSKA_NEUROBLASTOMA_COPY_NUMBER_UP	0.22073088863029341			
KEGG_FATTY_ACID_METABOLISM	0.22072897440308767			
GO_ENTRY_OF_BACTERIUM_INTO_HOST_CELL	0.2207271521374277			
GSE15930_STIM_VS_STIM_AND_TRICHOSTATINA_72H_CD8_T_CELL_DN	0.22072491737785685			
GO_INTRA_S_DNA_DAMAGE_CHECKPOINT	0.22072202259162335			
GSE15624_CTRL_VS_3H_HALOFUGINONE_TREATED_CD4_TCELL_DN	0.22072072637892565			
GO_RNA_SURVEILLANCE	0.2207148802656131			
GSE7460_CTRL_VS_FOXP3_OVEREXPR_TCONV_1_DN	0.2207029768511427			
GSE20715_WT_VS_TLR4_KO_6H_OZONE_LUNG_UP	0.22069628455441395			
GSE17721_4_VS_24H_GARDIQUIMOD_BMDC_UP	0.22069419865017223			
GO_NEGATIVE_REGULATION_OF_LEUKOCYTE_CELL_CELL_ADHESION	0.22069419471453386			
MIR647	0.2206924754786269			
GSE30971_2H_VS_4H_LPS_STIM_MACROPHAGE_WBP7_KO_DN	0.220691878919464			
GSE3982_DC_VS_BASOPHIL_DN	0.22068770285820827			
GSE12845_IGD_NEG_BLOOD_VS_NAIVE_TONSIL_BCELL_DN	0.2206850267051			
GO_LEUKOCYTE_CHEMOTAXIS	0.22068457498904345			
GSE21033_3H_VS_24H_POLYIC_STIM_DC_UP	0.22068260402090148			
PETRETTO_LEFT_VENTRICLE_MASS_QTL_CIS_UP	0.22067654720932503			
GO_MHC_PROTEIN_COMPLEX_BINDING	0.22067081409411052			
GSE25088_CTRL_VS_IL4_STIM_MACROPHAGE_UP	0.22066502632471693			
GSE8835_HEALTHY_VS_CLL_CD8_TCELL_DN	0.22065532992881876			
GSE15330_WT_VS_IKAROS_KO_LYMPHOID_MULTIPOTENT_PROGENITOR_UP	0.22065021142755908			
GSE14350_TREG_VS_TEFF_IN_IL2RB_KO_UP	0.2206406577972653			
REACTOME_PTK6_PROMOTES_HIF1A_STABILIZATION	0.22063941281562302			
BOYLAN_MULTIPLE_MYELOMA_C_UP	0.22063917354716944			
GO_RESPONSE_TO_AMINE	0.22063872207689125			
REACTOME_SYNTHESIS_OF_VERY_LONG_CHAIN_FATTY_ACYL_COAS	0.22063775618030887			
JOHNSTONE_PARVB_TARGETS_1_DN	0.2206368811577797			
GO_L_ALPHA_AMINO_ACID_TRANSMEMBRANE_TRANSPORT	0.2206311674362058			
GSE1448_CTRL_VS_ANTI_VBETA5_DP_THYMOCYTE_UP	0.22062921905308588			
GO_CELLULAR_RESPONSE_TO_NITROGEN_STARVATION	0.2206284616266905			
GO_LOCOMOTION	0.22062428876506504			
GO_CELLULAR_COMPONENT_DISASSEMBLY	0.22060040298501565			
MIKKELSEN_NPC_LCP_WITH_H3K4ME3	0.22059822452468955			
GO_POSITIVE_REGULATION_OF_CELL_SUBSTRATE_ADHESION	0.22059793150454468			
YANG_BCL3_TARGETS_UP	0.22059431067003318			
SMID_BREAST_CANCER_LUMINAL_B_DN	0.22059301438368592			
GSE41867_DAY15_EFFECTOR_VS_DAY30_MEMORY_CD8_TCELL_LCMV_ARMSTRONG_UP	0.22058854527580873			
MIR4279	0.22058823999500227			
GO_PYRIMIDINE_NUCLEOSIDE_CATABOLIC_PROCESS	0.22058735832331805			
GSE3203_WT_VS_IFNAR1_KO_INFLUENZA_INFECTED_LN_BCELL_UP	0.22057525878455364			
IPA_HOXA1_UP	0.2205738470879031			
GO_HOMOLOGOUS_CHROMOSOME_SEGREGATION	0.22057251193242064			
GO_REGULATION_OF_GASTRULATION	0.22055212912591657			
GO_MEIOTIC_CHROMOSOME_SEPARATION	0.2205471488864292			
KRIEG_KDM3A_TARGETS_NOT_HYPOXIA	0.22054206470520102			
GO_APOPTOTIC_PROCESS_INVOLVED_IN_DEVELOPMENT	0.22054167668880076			
GO_POSITIVE_REGULATION_OF_SMOOTH_MUSCLE_CELL_PROLIFERATION	0.2205401162630699			
GSE22935_UNSTIM_VS_12H_MBOVIS_BCG_STIM_MACROPHAGE_UP	0.22053848582044627			
ABBUD_LIF_SIGNALING_2_UP	0.2205311317777618			
BIOCARTA_KERATINOCYTE_PATHWAY	0.22053094858053934			
GSE11961_MARGINAL_ZONE_BCELL_VS_PLASMA_CELL_DAY7_DN	0.22053016364486072			
MIR5706	0.2205248183156225			
CTR9_TARGET_GENES	0.22051935540628967			
PUIFFE_INVASION_INHIBITED_BY_ASCITES_DN	0.220513753843047			
MIR4511	0.2205133617219409			
MARSON_BOUND_BY_E2F4_UNSTIMULATED	0.22051241529700114			
GSE21774_CD62L_POS_CD56_DIM_VS_CD62L_NEG_CD56_DIM_NK_CELL_UP	0.22051229336279066			
GO_DETECTION_OF_BIOTIC_STIMULUS	0.22050313567119678			
GO_SODIUM_TRANSMEMBRANE_TRANSPORTER_ACTIVITY_PHOSPHORYLATIVE_MECHANISM	0.22049920243592142			
SENESE_HDAC2_TARGETS_DN	0.2204978725649248			
GO_ACTIN_FILAMENT_BASED_PROCESS	0.22047913763099306			
GSE42724_NAIVE_VS_MEMORY_BCELL_DN	0.22047831951392968			
CUI_TCF21_TARGETS_2_DN	0.22047484462305644			
GSE9006_HEALTHY_VS_TYPE_1_DIABETES_PBMC_4MONTH_POST_DX_UP	0.22047446532983858			
GSE3982_NEUTROPHIL_VS_EFF_MEMORY_CD4_TCELL_DN	0.22046707619701758			
MOOTHA_PYR	0.22046455755497973			
GO_COLLAGEN_BINDING	0.22046399576498774			
GO_HYDROGEN_SULFIDE_METABOLIC_PROCESS	0.22046038982623672			
GO_CHLORIDE_CHANNEL_REGULATOR_ACTIVITY	0.22045604485501288			
GO_CELL_VOLUME_HOMEOSTASIS	0.22045269763813252			
GO_METAPHASE_ANAPHASE_TRANSITION_OF_CELL_CYCLE	0.2204413431548097			
ACACTCC_MIR122A	0.2204387735848879			
GSE4984_GALECTIN1_VS_LPS_STIM_DC_UP	0.2204377136711415			
GO_NUCLEOSIDE_MONOPHOSPHATE_METABOLIC_PROCESS	0.22043666826047126			
GO_POSITIVE_REGULATION_OF_BLOOD_VESSEL_ENDOTHELIAL_CELL_MIGRATION	0.22043542756896253			
GSE14699_NAIVE_VS_ACT_CD8_TCELL_UP	0.2204305843949714			
GO_POST_EMBRYONIC_ANIMAL_ORGAN_DEVELOPMENT	0.2204270531597091			
IPA_MYB_UP	0.2204182470843144			
GO_RAP_PROTEIN_SIGNAL_TRANSDUCTION	0.22041557354957278			
GO_NEURON_CELLULAR_HOMEOSTASIS	0.22041224040339769			
GO_SKELETAL_MUSCLE_CELL_PROLIFERATION	0.2203979839204816			
TGCAAAC_MIR452	0.22039763963438277			
MARZEC_IL2_SIGNALING_DN	0.22039543902754447			
GO_EXIT_FROM_MITOSIS	0.22039180519597731			
GSE21033_1H_VS_24H_POLYIC_STIM_DC_UP	0.22039034917573735			
GO_ALDOSTERONE_METABOLIC_PROCESS	0.2203883184650305			
REACTOME_ASSEMBLY_OF_COLLAGEN_FIBRILS_AND_OTHER_MULTIMERIC_STRUCTURES	0.2203880083521098			
GSE45365_NK_CELL_VS_CD8A_DC_UP	0.22038617453973194			
GO_HOMOLOGOUS_RECOMBINATION	0.22038457274684867			
GO_MRNA_EDITING_COMPLEX	0.22038224476802687			
GO_EUKARYOTIC_TRANSLATION_INITIATION_FACTOR_2_COMPLEX	0.22038139916844024			
IPA_SP3_DN	0.22037964211710104			
MIR6782_3P	0.22037621738172722			
GO_REGULATION_OF_HIGH_VOLTAGE_GATED_CALCIUM_CHANNEL_ACTIVITY	0.22037600967139415			
chr1p32	0.22037009301816984			
GO_NEUROBLAST_DIVISION	0.220369703656281			
PLASARI_NFIC_TARGETS_BASAL_DN	0.22036831664702997			
GO_NUCLEOSIDE_SALVAGE	0.2203680459525043			
GO_REGULATION_OF_POSITIVE_CHEMOTAXIS	0.22036439578928757			
GSE9037_WT_VS_IRAK4_KO_BMDM_UP	0.22036324336409874			
HES2_TARGET_GENES	0.22035579812601652			
MIR30D_5P	0.22035487192645511			
GO_POLYOL_TRANSPORT	0.22035232945070213			
GO_INOSITOL_PHOSPHATE_METABOLIC_PROCESS	0.22035099335698208			
GSE19401_NAIVE_VS_IMMUNIZED_MOUSE_PLN_FOLLICULAR_DC_UP	0.22034988551949192			
GO_RIBONUCLEOTIDE_BINDING	0.22034466709617964			
GO_KINASE_ACTIVATOR_ACTIVITY	0.22034248953326924			
GO_PLATELET_ALPHA_GRANULE_LUMEN	0.22034178100088342			
GSE21063_WT_VS_NFATC1_KO_BCELL_DN	0.22033897455107168			
GO_REGULATION_OF_AMYLOID_BETA_CLEARANCE	0.22033217623513063			
GO_REGULATION_OF_MACROPHAGE_DIFFERENTIATION	0.22033078752938387			
DEBOSSCHER_NFKB_TARGETS_REPRESSED_BY_GLUCOCORTICOIDS	0.2203276650364684			
GO_REGULATION_OF_BARBED_END_ACTIN_FILAMENT_CAPPING	0.2203234539503572			
NABA_MATRISOME	0.22032035731582675			
REACTOME_TRANSLOCATION_OF_SLC2A4_GLUT4_TO_THE_PLASMA_MEMBRANE	0.2203167291311169			
REACTOME_E2F_ENABLED_INHIBITION_OF_PRE_REPLICATION_COMPLEX_FORMATION	0.2203145946191705			
GO_MEIOTIC_CYTOKINESIS	0.22031083048985195			
GO_GLYCEROLIPID_CATABOLIC_PROCESS	0.22030889117687275			
REACTOME_CROSS_PRESENTATION_OF_SOLUBLE_EXOGENOUS_ANTIGENS_ENDOSOMES	0.22030801305397374			
GO_ERK1_AND_ERK2_CASCADE	0.22030336202176634			
GSE25087_TREG_VS_TCONV_FETUS_UP	0.22028470664211142			
GO_EXTRACELLULAR_MATRIX_CONSTITUENT_SECRETION	0.22028457930450265			
GSE5542_IFNG_VS_IFNA_TREATED_EPITHELIAL_CELLS_6H_UP	0.22026851550846394			
GO_DNA_SECONDARY_STRUCTURE_BINDING	0.22025529017734544			
AGCGCAG_MIR191	0.22024991519403583			
GO_NEGATIVE_REGULATION_OF_TRIGLYCERIDE_BIOSYNTHETIC_PROCESS	0.22024565991362377			
REACTOME_UNWINDING_OF_DNA	0.22023658572003255			
GSE11961_MARGINAL_ZONE_BCELL_VS_MEMORY_BCELL_DAY40_DN	0.22023568824717768			
GO_SISTER_CHROMATID_SEGREGATION	0.2202279964840053			
MIR3685	0.22022126574658069			
GO_CELL_CYCLE_CHECKPOINT	0.22021573778738823			
KAUFFMANN_MELANOMA_RELAPSE_UP	0.22021534705524412			
GO_BOX_C_D_SNORNP_COMPLEX	0.22021109503349534			
GO_UBIQUINONE_BINDING	0.22021017375236718			
GO_REGULATION_OF_DNA_DEPENDENT_DNA_REPLICATION	0.22021015664010984			
GO_NEGATIVE_REGULATION_OF_INTRACELLULAR_PROTEIN_TRANSPORT	0.22020419106266445			
GSE22025_PROGESTERONE_VS_TGFB1_AND_PROGESTERONE_TREATED_CD4_TCELL_UP	0.22019913826388282			
GSE17721_CTRL_VS_GARDIQUIMOD_2H_BMDC_DN	0.22019450149915934			
GO_ALCOHOL_BIOSYNTHETIC_PROCESS	0.22018819001128187			
RICKMAN_TUMOR_DIFFERENTIATED_MODERATELY_VS_POORLY_DN	0.2201777247474156			
REACTOME_RELEASE_OF_APOPTOTIC_FACTORS_FROM_THE_MITOCHONDRIA	0.22017519269731523			
GSE24634_TEFF_VS_TCONV_DAY5_IN_CULTURE_DN	0.22017247335187728			
MIR875_5P	0.22016649873526487			
GO_TRANSLATIONAL_READTHROUGH	0.22016194105331977			
GO_POSITIVE_REGULATION_OF_BLOOD_VESSEL_DIAMETER	0.22015167672403405			
GO_NEGATIVE_REGULATION_OF_TOLL_LIKE_RECEPTOR_SIGNALING_PATHWAY	0.22015021403128274			
GSE33162_UNTREATED_VS_4H_LPS_STIM_HDAC3_KO_MACROPHAGE_DN	0.2201387469760792			
GO_POSITIVE_REGULATION_OF_CALCIUM_ION_TRANSPORT_INTO_CYTOSOL	0.2201349238866705			
RHEIN_ALL_GLUCOCORTICOID_THERAPY_UP	0.22013358861059368			
REACTOME_TOLL_LIKE_RECEPTOR_CASCADES	0.22012848261067114			
MIR192_3P	0.2201182495124855			
GO_DEUTEROSOME	0.22011099041994453			
MIR3945	0.22010235621188476			
GSE411_UNSTIM_VS_100MIN_IL6_STIM_SOCS3_KO_MACROPHAGE_DN	0.22009784620795853			
MIR6858_3P	0.2200972705341933			
GO_CATION_CHLORIDE_SYMPORTER_ACTIVITY	0.22009612202018733			
GO_ACTIVATION_OF_INNATE_IMMUNE_RESPONSE	0.22009554090685254			
GSE26890_CXCR1_NEG_VS_POS_EFFECTOR_CD8_TCELL_UP	0.2200916715266567			
GO_TRANSMITTER_GATED_CHANNEL_ACTIVITY	0.22008844476900646			
RB_P107_DN.V1_UP	0.2200752400405664			
GO_PROTEIN_LOCALIZATION_TO_CHROMOSOME_CENTROMERIC_REGION	0.22007351238211892			
GO_PURINE_NUCLEOBASE_BIOSYNTHETIC_PROCESS	0.22007184495394438			
IPA_ZFPM2_UP	0.22007094944518793			
MEF2_Q6_01	0.2200642714412917			
GO_REGULATION_OF_RESPIRATORY_GASEOUS_EXCHANGE	0.22005379724292587			
GSE22611_MUTANT_NOD2_VS_CTRL_TRANSDUCED_HEK293T_CELL_UP	0.22004758900586413			
GSE27786_CD8_TCELL_VS_MONO_MAC_UP	0.22004643672482224			
THEILGAARD_NEUTROPHIL_AT_SKIN_WOUND_UP	0.22004366794959304			
GO_GROWTH_INVOLVED_IN_HEART_MORPHOGENESIS	0.22003104507111748			
GSE40274_FOXP3_VS_FOXP3_AND_EOS_TRANSDUCED_ACTIVATED_CD4_TCELL_UP	0.22002940263535836			
GO_MITOCHONDRIAL_ACETYL_COA_BIOSYNTHETIC_PROCESS_FROM_PYRUVATE	0.22002868592208336			
REACTOME_DEADENYLATION_DEPENDENT_MRNA_DECAY	0.2200254570426371			
GSE13306_RA_VS_UNTREATED_MEM_CD4_TCELL_DN	0.22002406998864435			
REACTOME_ERYTHROCYTES_TAKE_UP_CARBON_DIOXIDE_AND_RELEASE_OXYGEN	0.22001737056155052			
GO_POSITIVE_REGULATION_OF_THYMOCYTE_APOPTOTIC_PROCESS	0.2200052006847261			
GO_NUCLEOBASE_TRANSPORT	0.22000355926985743			
GSE15330_MEGAKARYOCYTE_ERYTHROID_VS_GRANULOCYTE_MONOCYTE_PROGENITOR_IKAROS_KO_DN	0.2200007929830048			
MIR1243	0.2200002410763436			
GO_RESPONSE_TO_NITRIC_OXIDE	0.21999790243384823			
GO_G_PROTEIN_ALPHA_SUBUNIT_BINDING	0.21999766490242248			
WESTON_VEGFA_TARGETS_3HR	0.2199971358622259			
GSE9960_HEALTHY_VS_SEPSIS_PBMC_UP	0.2199904298690827			
GO_RIBOSOMAL_LARGE_SUBUNIT_ASSEMBLY	0.21997865323477406			
GSE36392_TYPE_2_MYELOID_VS_NEUTROPHIL_IL25_TREATED_LUNG_UP	0.21997706201722433			
MIR30A_5P	0.21997107181386477			
GO_APOPTOTIC_SIGNALING_PATHWAY	0.2199691848005619			
MIR4485_5P	0.2199642448421631			
MIR103A_1_5P	0.21996091403293133			
HEDENFALK_BREAST_CANCER_BRACX_UP	0.21996016587952416			
GO_MEIOTIC_ATTACHMENT_OF_TELOMERE_TO_NUCLEAR_ENVELOPE	0.21995666792569177			
MAEKAWA_ATF2_TARGETS	0.21995098797363014			
GSE2706_UNSTIM_VS_2H_LPS_AND_R848_DC_DN	0.21994610478243795			
GO_POSITIVE_REGULATION_OF_RECEPTOR_BINDING	0.21994008978228252			
GO_RESPONSE_TO_ANTINEOPLASTIC_AGENT	0.2199380497382818			
GO_ION_CHANNEL_REGULATOR_ACTIVITY	0.2199351686861277			
PELLICCIOTTA_HDAC_IN_ANTIGEN_PRESENTATION_DN	0.21993455150109215			
GSE27291_6H_VS_7D_STIM_GAMMADELTA_TCELL_DN	0.21992299054192505			
KEGG_B_CELL_RECEPTOR_SIGNALING_PATHWAY	0.21991889108320398			
GO_NEGATIVE_REGULATION_OF_LIPOPOLYSACCHARIDE_MEDIATED_SIGNALING_PATHWAY	0.21991470764269455			
GO_POSITIVE_REGULATION_OF_ODONTOGENESIS	0.21991423702666635			
OKUMURA_INFLAMMATORY_RESPONSE_LPS	0.21991411293566487			
REACTOME_CLASS_A_1_RHODOPSIN_LIKE_RECEPTORS	0.21991236670071093			
GO_OPTIC_NERVE_DEVELOPMENT	0.2199091385854914			
E2F1_Q4_01	0.2199080549576586			
GSE9988_ANTI_TREM1_VS_ANTI_TREM1_AND_LPS_MONOCYTE_DN	0.21990755236762047			
GO_CYSTEINE_TYPE_ENDOPEPTIDASE_INHIBITOR_ACTIVITY	0.21990614020521648			
MIR936	0.2199053437346973			
MIR3150B_3P	0.21990433464546819			
GO_REGULATION_OF_TRANSCRIPTION_FROM_RNA_POLYMERASE_II_PROMOTER_IN_RESPONSE_TO_HYPOXIA	0.21989979365623058			
GO_MEIOSIS_I_CELL_CYCLE_PROCESS	0.21988597255092818			
IWANAGA_CARCINOGENESIS_BY_KRAS_PTEN_UP	0.21988471777969276			
GSE9037_CTRL_VS_LPS_1H_STIM_BMDM_DN	0.2198843624135223			
GSE24634_TREG_VS_TCONV_POST_DAY5_IL4_CONVERSION_UP	0.21988367871156883			
BIOCARTA_IL17_PATHWAY	0.21988067475215228			
GO_SMALL_MOLECULE_CATABOLIC_PROCESS	0.21986841855110503			
GSE10240_IL17_VS_IL17_AND_IL22_STIM_PRIMARY_BRONCHIAL_EPITHELIAL_CELLS_UP	0.2198674272194503			
GO_BASAL_CORTEX	0.21986717850428583			
GO_RNA_POLYMERASE_II_HOLOENZYME	0.21986213726398074			
GSE40666_STAT1_KO_VS_STAT4_KO_CD8_TCELL_UP	0.2198538043757786			
GO_NEGATIVE_REGULATION_OF_CATION_CHANNEL_ACTIVITY	0.21983232201605957			
VERRECCHIA_RESPONSE_TO_TGFB1_C4	0.2198317489429739			
GO_ANTIGEN_PROCESSING_AND_PRESENTATION	0.21983112298014937			
PARK_OSTEOBLAST_DIFFERENTIATION_BY_PHENYLAMIL_DN	0.21983052007980677			
GSE28737_BCL6_HET_VS_BCL6_KO_MARGINAL_ZONE_BCELL_DN	0.2198294079220143			
MIR802	0.21982832628306662			
HESS_TARGETS_OF_HOXA9_AND_MEIS1_DN	0.21981716657167538			
MIR4504	0.2198140237155552			
XU_HGF_SIGNALING_NOT_VIA_AKT1_48HR_UP	0.21981118520628706			
PID_IL12_2PATHWAY	0.21981036322111577			
MIR451A	0.21980936564620282			
GSE6259_33D1_POS_DC_VS_BCELL_UP	0.21979566857273622			
MIR1204	0.21978872389505555			
GSE24210_TCONV_VS_TREG_DN	0.21978490453218474			
MIR5588_3P	0.21978476335834266			
GO_ACTIVATION_OF_JANUS_KINASE_ACTIVITY	0.21978392759854418			
GO_POSITIVE_REGULATION_OF_RESPONSE_TO_REACTIVE_OXYGEN_SPECIES	0.21978380643444545			
GSE43955_10H_VS_60H_ACT_CD4_TCELL_UP	0.21977912511749534			
YAGI_AML_SURVIVAL	0.21977437496700916			
GSE10325_LUPUS_BCELL_VS_LUPUS_MYELOID_DN	0.2197714103726088			
GSE43863_NAIVE_VS_TH1_EFF_CD4_TCELL_D6_LCMV_DN	0.21976949988136105			
GO_CENTROMERE_COMPLEX_ASSEMBLY	0.2197676209524666			
GO_PROTEASOME_CORE_COMPLEX_ALPHA_SUBUNIT_COMPLEX	0.2197612212158363			
GO_ACROSOME_ASSEMBLY	0.21975607116467083			
GO_INOSITOL_1_3_4_5_TETRAKISPHOSPHATE_BINDING	0.21975017485366655			
PID_PI3KCI_PATHWAY	0.21974894223233363			
GSE2706_UNSTIM_VS_8H_LPS_DC_DN	0.2197466611915482			
ROSTY_CERVICAL_CANCER_PROLIFERATION_CLUSTER	0.21974325362188168			
GSE37301_HEMATOPOIETIC_STEM_CELL_VS_LYMPHOID_PRIMED_MPP_DN	0.21972927427404876			
GSE25088_IL4_VS_IL4_AND_ROSIGLITAZONE_STIM_MACROPHAGE_DAY10_DN	0.21971468950235867			
MIR1297	0.21971362299704272			
GSE27786_CD8_TCELL_VS_NKCELL_DN	0.21971222870071735			
GO_REGULATION_OF_GAMMA_DELTA_T_CELL_DIFFERENTIATION	0.219710987551728			
GSE32986_UNSTIM_VS_CURDLAN_HIGHDOSE_STIM_DC_DN	0.21970194341323315			
GSE11924_TFH_VS_TH2_CD4_TCELL_UP	0.21969457630223757			
GO_POSITIVE_REGULATION_OF_PROTEIN_MODIFICATION_PROCESS	0.21969446867995887			
KRAS.BREAST_UP.V1_UP	0.21968574186624448			
IPA_DLX3_UP	0.21968241807172278			
GO_REGULATION_OF_KETONE_BIOSYNTHETIC_PROCESS	0.21968201038178428			
GO_POSITIVE_REGULATION_OF_TYPE_2_IMMUNE_RESPONSE	0.2196743998650279			
MIR892A	0.21967040902863727			
MULLIGHAN_NPM1_MUTATED_SIGNATURE_1_UP	0.21966501754440382			
GAZDA_DIAMOND_BLACKFAN_ANEMIA_PROGENITOR_UP	0.2196582496760959			
MIR329_3P	0.21965535504959416			
GO_DNA_DEPENDENT_ATPASE_ACTIVITY	0.21965208296799904			
GO_MALE_PRONUCLEUS	0.21965093705767186			
SCHLOSSER_SERUM_RESPONSE_UP	0.21964469401086711			
GSE17974_0H_VS_0.5H_IN_VITRO_ACT_CD4_TCELL_DN	0.21964398405420005			
PID_TCR_RAS_PATHWAY	0.21964185957431223			
GO_CYTOLYSIS	0.21964178753713226			
GO_VAGINA_DEVELOPMENT	0.21964172454032144			
GO_REGULATION_OF_KERATINOCYTE_MIGRATION	0.21963561149804323			
GO_CONDENSED_CHROMOSOME_OUTER_KINETOCHORE	0.21963154074262284			
chr22q12	0.219629196629491			
PUJANA_BRCA1_PCC_NETWORK	0.2196178820170902			
GSE43863_TH1_VS_TFH_EFFECTOR_CD4_TCELL_DN	0.2196161511403843			
IPA_TBX5_UP	0.21960930713228016			
GO_NEGATIVE_REGULATION_OF_CELL_CYCLE_PHASE_TRANSITION	0.2196091041751212			
GSE17721_LPS_VS_PAM3CSK4_1H_BMDC_UP	0.21960734665457116			
GO_VIRAL_GENE_EXPRESSION	0.21960448041092548			
GARGALOVIC_RESPONSE_TO_OXIDIZED_PHOSPHOLIPIDS_PURPLE_DN	0.21959533212010687			
GO_EMBRYO_IMPLANTATION	0.21958736748434582			
GO_TISSUE_MIGRATION	0.2195860052944413			
GO_REGULATION_OF_OXIDATIVE_PHOSPHORYLATION	0.2195848174417863			
GO_PROTEIN_COMPLEX_INVOLVED_IN_CELL_ADHESION	0.2195822667403195			
GO_PROTEIN_LOCALIZATION_TO_NUCLEUS	0.21958146959767139			
GSE15330_WT_VS_IKAROS_KO_GRANULOCYTE_MONOCYTE_PROGENITOR_UP	0.21957933404694938			
GSE25085_FETAL_BM_VS_ADULT_BM_SP4_THYMIC_IMPLANT_UP	0.21957861663231773			
GO_EXONUCLEASE_ACTIVITY_ACTIVE_WITH_EITHER_RIBO_OR_DEOXYRIBONUCLEIC_ACIDS_AND_PRODUCING_5_PHOSPHOMONOESTERS	0.21957640655657634			
PODAR_RESPONSE_TO_ADAPHOSTIN_UP	0.21957238912734872			
GSE40273_XBP1_KO_VS_WT_TREG_UP	0.21955488683379812			
REACTOME_RECOGNITION_AND_ASSOCIATION_OF_DNA_GLYCOSYLASE_WITH_SITE_CONTAINING_AN_AFFECTED_PURINE	0.2195490761783496			
CHEMNITZ_RESPONSE_TO_PROSTAGLANDIN_E2_UP	0.21953828184355187			
GO_SITE_OF_DNA_DAMAGE	0.21953670994554594			
REACTOME_RUNX3_REGULATES_NOTCH_SIGNALING	0.21953635696731968			
MIR888_3P	0.21953330455212278			
GO_POSITIVE_REGULATION_OF_ENDOTHELIAL_CELL_PROLIFERATION	0.21953173393473355			
GSE9988_LOW_LPS_VS_CTRL_TREATED_MONOCYTE_UP	0.21952704349450877			
IPA_IRF3_DN	0.21952622127389845			
HALLMARK_MYOGENESIS	0.21952320527145305			
GO_REGULATION_OF_STEROID_BIOSYNTHETIC_PROCESS	0.219520825212105			
GSE23398_WT_VS_IL2_KO_CD4_TCELL_SCURFY_MOUSE_UP	0.21951808454442362			
GSE18791_CTRL_VS_NEWCASTLE_VIRUS_DC_16H_DN	0.21951175161394296			
BLUM_RESPONSE_TO_SALIRASIB_UP	0.21950384692205893			
GSE3982_BCELL_VS_CENT_MEMORY_CD4_TCELL_UP	0.2194830433419628			
GO_ORGAN_OR_TISSUE_SPECIFIC_IMMUNE_RESPONSE	0.21947876019704649			
GO_NEGATIVE_REGULATION_OF_LIPID_STORAGE	0.21947798212197164			
GSE21546_ELK1_KO_VS_SAP1A_KO_AND_ELK1_KO_ANTI_CD3_STIM_DP_THYMOCYTES_DN	0.219467779487255			
GSE7219_UNSTIM_VS_LPS_AND_ANTI_CD40_STIM_NIK_NFKB2_KO_DC_DN	0.21946232612313202			
MIR192_5P	0.21946164535916116			
GO_INTERLEUKIN_6_RECEPTOR_BINDING	0.2194536753251323			
REACTOME_HEMOSTASIS	0.21945319010984643			
GSE360_T_GONDII_VS_M_TUBERCULOSIS_MAC_DN	0.21945224176537084			
GO_POSITIVE_REGULATION_OF_ANOIKIS	0.21945206471312786			
MIR196A_1_3P	0.21944514628412723			
CHIARETTI_T_ALL_REFRACTORY_TO_THERAPY	0.21944027494351986			
GSE3982_BCELL_VS_TH1_UP	0.21944002385405004			
BIOCARTA_CARM1_PATHWAY	0.21943914294579026			
GO_POSITIVE_REGULATION_OF_LIPOPOLYSACCHARIDE_MEDIATED_SIGNALING_PATHWAY	0.21943388209286854			
MIR1_3P	0.21943071932101457			
GALINDO_IMMUNE_RESPONSE_TO_ENTEROTOXIN	0.21942802464524802			
HSF2_TARGET_GENES	0.21942326555023728			
REACTOME_PROCESSING_OF_DNA_DOUBLE_STRAND_BREAK_ENDS	0.21942129714428116			
REACTOME_DNA_METHYLATION	0.21940969663725898			
SONG_TARGETS_OF_IE86_CMV_PROTEIN	0.21939698062956514			
GSE13485_DAY1_VS_DAY3_YF17D_VACCINE_PBMC_DN	0.21939311348046653			
GO_TOOTH_ERUPTION	0.2193899573960956			
GSE43863_TH1_VS_LY6C_LOW_CXCR5NEG_EFFECTOR_CD4_TCELL_DN	0.2193894914601115			
GSE6674_ANTI_IGM_VS_ANTI_IGM_AND_CPG_STIM_BCELL_UP	0.2193744320975099			
GO_RNA_DEPENDENT_ATPASE_ACTIVITY	0.2193702337064236			
GSE35543_IN_VIVO_NTREG_VS_IN_VITRO_ITREG_DN	0.2193591224654592			
MORI_IMMATURE_B_LYMPHOCYTE_UP	0.21935735533802705			
IPA_PLAGL2_UP	0.21935591468066756			
GSE13306_TREG_VS_TCONV_SPLEEN_DN	0.21935346495890282			
ZNF101_TARGET_GENES	0.21934926486375997			
GO_CHROMATIN_ASSEMBLY	0.21933208277648544			
GSE23321_CD8_STEM_CELL_MEMORY_VS_NAIVE_CD8_TCELL_DN	0.2193308871470824			
GO_POSITIVE_REGULATION_OF_MITOCHONDRIAL_ATP_SYNTHESIS_COUPLED_ELECTRON_TRANSPORT	0.2193272757155463			
GO_NEGATIVE_REGULATION_OF_PROTEIN_TARGETING_TO_MEMBRANE	0.21932460900423115			
DORN_ADENOVIRUS_INFECTION_48HR_DN	0.219320152537843			
YANG_BREAST_CANCER_ESR1_BULK_DN	0.2193193526859993			
GO_EFFLUX_TRANSMEMBRANE_TRANSPORTER_ACTIVITY	0.2193188739741973			
GO_POSITIVE_CHEMOTAXIS	0.21931227141767162			
GSE17721_0.5H_VS_12H_POLYIC_BMDC_DN	0.21930089832473493			
WANG_METHYLATED_IN_BREAST_CANCER	0.21929220356343024			
GO_DNA_DAMAGE_RESPONSE_SIGNAL_TRANSDUCTION_RESULTING_IN_TRANSCRIPTION	0.21928939037239917			
chr21q22	0.21928886252814117			
MIR520F_3P	0.21928726864123624			
GSE14000_TRANSLATED_RNA_VS_MRNA_4H_LPS_DC_UP	0.21928133075265874			
GO_POSITIVE_REGULATION_OF_FATTY_ACID_BIOSYNTHETIC_PROCESS	0.21928034803315533			
GO_NUCLEUS_ORGANIZATION	0.219272180627333			
GSE17721_CTRL_VS_LPS_4H_BMDC_UP	0.2192584527032971			
MIR1224_5P	0.2192510208457376			
GO_CELL_CELL_ADHESION	0.2192443467262621			
GSE37416_CTRL_VS_6H_F_TULARENSIS_LVS_NEUTROPHIL_UP	0.21923654038762921			
GO_MIDDLE_EAR_MORPHOGENESIS	0.21922857615312824			
GSE360_L_DONOVANI_VS_L_MAJOR_MAC_DN	0.2192250927268183			
GSE14413_UNSTIM_VS_IFNB_STIM_NIH3T3_CELLS_DN	0.21922263897325284			
GSE2585_CD80_HIGH_VS_LOW_MTEC_DN	0.21921828895379125			
GO_METALLOENDOPEPTIDASE_INHIBITOR_ACTIVITY	0.21921626261658123			
GO_POSITIVE_REGULATION_OF_MUSCLE_ADAPTATION	0.219211289416859			
MIR516A_5P	0.2192105991922209			
IPA_FOXM1_UP	0.21920700406605942			
GO_NEGATIVE_REGULATION_OF_FATTY_ACID_BIOSYNTHETIC_PROCESS	0.21920350331068209			
NADLER_OBESITY_UP	0.21920086477389064			
REACTOME_DISINHIBITION_OF_SNARE_FORMATION	0.21919874257957522			
KEGG_BASAL_TRANSCRIPTION_FACTORS	0.21919632568671668			
KAAB_FAILED_HEART_VENTRICLE_DN	0.21919462729533679			
GO_MONONUCLEAR_CELL_DIFFERENTIATION	0.21919440547603922			
TERF2_TARGET_GENES	0.21918809189410443			
MIR4424	0.21917828433482478			
GO_MULTI_ORGANISM_LOCALIZATION	0.21917663342978982			
GSE13522_WT_VS_IFNAR_KO_SKING_T_CRUZI_Y_STRAIN_INF_UP	0.2191765561835686			
GO_POSITIVE_REGULATION_OF_LYMPHOCYTE_MIGRATION	0.219170502115851			
GO_EXPLORATION_BEHAVIOR	0.21916968341309792			
REACTOME_ALPHA_OXIDATION_OF_PHYTANATE	0.21916411324121843			
GSE22886_NEUTROPHIL_VS_MONOCYTE_DN	0.21915431926478735			
MIR30E_5P	0.21915107084890018			
GSE7852_THYMUS_VS_FAT_TREG_UP	0.21914571181930162			
GO_CD8_POSITIVE_ALPHA_BETA_T_CELL_ACTIVATION	0.21913791431951385			
BCL6B_TARGET_GENES	0.21913628073378363			
GSE3920_UNTREATED_VS_IFNA_TREATED_FIBROBLAST_DN	0.2191355072637975			
GO_APOPTOTIC_PROCESS_INVOLVED_IN_HEART_MORPHOGENESIS	0.21913541738233153			
GO_DNA_PACKAGING	0.21913477572168952			
GSE36078_WT_VS_IL1R_KO_LUNG_DC_AFTER_AD5_T425A_HEXON_INF_DN	0.2191264004855369			
MIR6505_5P	0.2191247108284227			
GO_CELLULAR_RESPONSE_TO_MORPHINE	0.21912207888002455			
MIR6828_3P	0.21910839029629198			
GSE17721_PAM3CSK4_VS_CPG_12H_BMDC_UP	0.2191044784772472			
GSE2405_0H_VS_24H_A_PHAGOCYTOPHILUM_STIM_NEUTROPHIL_DN	0.2191010687400255			
GO_FEMALE_PRONUCLEUS	0.21909834329389377			
GSE22935_WT_VS_MYD88_KO_MACROPHAGE_12H_MBOVIS_BCG_STIM_UP	0.21909493036964214			
GSE22886_NAIVE_CD8_TCELL_VS_NKCELL_UP	0.2190929760854572			
GSE7460_CTRL_VS_TGFB_TREATED_ACT_CD8_TCELL_UP	0.21909281245604253			
GSE39820_CTRL_VS_TGFBETA3_IL6_IL23A_CD4_TCELL_UP	0.21907962175144496			
MIR3675_3P	0.2190736712701235			
GSE15330_HSC_VS_GRANULOCYTE_MONOCYTE_PROGENITOR_UP	0.21906936964689186			
MIR1292_5P	0.2190632615795202			
GO_SINGLE_FERTILIZATION	0.2190618730899532			
GSE17721_CTRL_VS_LPS_1H_BMDC_DN	0.21905547526053035			
PID_CERAMIDE_PATHWAY	0.21904700825624476			
GSE5589_LPS_VS_LPS_AND_IL10_STIM_IL6_KO_MACROPHAGE_180MIN_UP	0.21903430547947525			
BLALOCK_ALZHEIMERS_DISEASE_UP	0.21902552150271665			
MYB_Q3	0.2190246888008533			
GO_POSITIVE_REGULATION_OF_CELLULAR_PROTEIN_LOCALIZATION	0.21902294006098832			
GSE25088_IL4_VS_IL4_AND_ROSIGLITAZONE_STIM_STAT6_KO_MACROPHAGE_DAY10_DN	0.21902274203048794			
IPA_CBX2_UP	0.21901932868315876			
MIR12121	0.2190180117017478			
TGACATY_UNKNOWN	0.21901701467744245			
GO_STEROID_HORMONE_BINDING	0.21901630611019474			
GO_TRANSCRIPTION_FACTOR_TFIIIC_COMPLEX	0.2189946245544472			
GO_5S_CLASS_RRNA_TRANSCRIPTION_BY_RNA_POLYMERASE_III	0.2189946245544472			
GO_PROTEIN_MODIFICATION_BY_SMALL_PROTEIN_REMOVAL	0.2189923654922823			
KIM_ALL_DISORDERS_OLIGODENDROCYTE_NUMBER_CORR_DN	0.2189917930346608			
GSE360_HIGH_VS_LOW_DOSE_B_MALAYI_MAC_UP	0.218991691723009			
MIR568	0.21898751157897173			
GO_REGULATION_OF_CHROMOSOME_SEPARATION	0.21898679148139302			
GSE24574_BCL6_HIGH_TFH_VS_TFH_CD4_TCELL_DN	0.21897744025451865			
MOSERLE_IFNA_RESPONSE	0.21897272183943806			
GO_ENDOTHELIAL_CELL_MIGRATION	0.21896574594695944			
GSE26343_UNSTIM_VS_LPS_STIM_MACROPHAGE_UP	0.21896088890485127			
REACTOME_MAP3K8_TPL2_DEPENDENT_MAPK1_3_ACTIVATION	0.2189587957335416			
GSE3920_IFNA_VS_IFNG_TREATED_ENDOTHELIAL_CELL_UP	0.21895689644881192			
GSE27786_LIN_NEG_VS_MONO_MAC_UP	0.21895659177018373			
GAZIN_EPIGENETIC_SILENCING_BY_KRAS	0.21895585194006992			
MIR549A_3P	0.21895325937894713			
ALFANO_MYC_TARGETS	0.2189480659090868			
GSE17721_CTRL_VS_LPS_24H_BMDC_DN	0.21894758765297728			
GSE31082_CD4_VS_CD8_SP_THYMOCYTE_DN	0.2189358697913431			
RIGGI_EWING_SARCOMA_PROGENITOR_DN	0.21893345705805928			
GO_CYTOPLASMIC_MICROTUBULE_ORGANIZATION	0.21893007327412425			
REACTOME_TP53_REGULATES_TRANSCRIPTION_OF_CASPASE_ACTIVATORS_AND_CASPASES	0.21892620159063442			
SPIRA_SMOKERS_LUNG_CANCER_UP	0.21892486376494913			
IPA_IRF2_DN	0.2189240799220351			
GO_POSITIVE_REGULATION_OF_HYDROLASE_ACTIVITY	0.21892369712013848			
GO_CELLULAR_RESPONSE_TO_CHEMICAL_STRESS	0.21891696985503958			
HIF1_Q3	0.21891457513773174			
IPA_SMARCA4_UP	0.21891416602892863			
POS_RESPONSE_TO_HISTAMINE_UP	0.21891299407562992			
GSE6674_ANTI_IGM_VS_CPG_STIM_BCELL_UP	0.21891141280886173			
MIR6504_3P	0.21890120578858216			
NFMUE1_Q6	0.2188991905875899			
GSE15330_WT_VS_IKAROS_KO_MEGAKARYOCYTE_ERYTHROID_PROGENITOR_DN	0.2188988912340354			
GO_KINETOCHORE_ORGANIZATION	0.2188987094390432			
GSE2585_THYMIC_DC_VS_MTEC_DN	0.21889624218419082			
GO_NITRIC_OXIDE_SYNTHASE_BINDING	0.21889473503929932			
GSE24492_LYVE_NEG_VS_POS_MACROPHAGE_UP	0.21889212157697907			
GSE23114_PERITONEAL_CAVITY_B1A_BCELL_VS_SPLEEN_BCELL_DN	0.2188817869753422			
GSE17721_CTRL_VS_CPG_1H_BMDC_DN	0.2188655495905812			
GO_LEUKOCYTE_HOMEOSTASIS	0.2188623493041576			
REACTOME_AGGREPHAGY	0.21884932332508616			
PID_INTEGRIN5_PATHWAY	0.21884466816857426			
GSE27859_MACROPHAGE_VS_CD11C_INT_F480_INT_DC_UP	0.21884224476773723			
GSE36392_EOSINOPHIL_VS_NEUTROPHIL_IL25_TREATED_LUNG_UP	0.21882248981001026			
GO_GLYCEROLIPID_METABOLIC_PROCESS	0.2188220832117485			
IPA_PAX4_UP	0.21881650892849902			
GO_RESPONSE_TO_WOUNDING	0.21881040752801095			
GSE13306_TREG_RA_VS_TCONV_RA_UP	0.21880942299802225			
MIR6827_3P	0.21880710397623415			
GSE21927_SPLEEN_VS_C26GM_TUMOR_MONOCYTE_BALBC_DN	0.21879849597996875			
GO_POSITIVE_REGULATION_OF_EXTRACELLULAR_MATRIX_DISASSEMBLY	0.21879382313728887			
PID_TELOMERASE_PATHWAY	0.2187861415481349			
PEDRIOLI_MIR31_TARGETS_DN	0.21877847941609793			
GO_COAGULATION	0.2187759745473617			
GSE5679_PPARG_LIGAND_ROSIGLITAZONE_VS_ROSIGLITAZONE_AND_RARA_AGONIST_AM580_TREATED_DC_DN	0.21877088385724333			
GSE11057_NAIVE_VS_CENT_MEMORY_CD4_TCELL_DN	0.21876783008733602			
BANP_TARGET_GENES	0.21875744541610992			
GSE23502_WT_VS_HDC_KO_MYELOID_DERIVED_SUPPRESSOR_CELL_COLON_TUMOR_UP	0.21875527195341363			
GO_NEGATIVE_REGULATION_OF_BLOOD_VESSEL_DIAMETER	0.2187511449553679			
GO_TOLL_LIKE_RECEPTOR_SIGNALING_PATHWAY	0.21874885891342363			
GO_NEGATIVE_REGULATION_OF_NITRIC_OXIDE_SYNTHASE_ACTIVITY	0.21873878577850592			
GSE22432_MULTIPOTENT_PROGENITOR_VS_PDC_UP	0.2187332248579737			
GO_REGULATION_OF_CELL_CYCLE_PHASE_TRANSITION	0.21873035404372107			
GO_ADENYLATE_KINASE_ACTIVITY	0.21872173394440428			
MORI_LARGE_PRE_BII_LYMPHOCYTE_DN	0.2187188491325351			
GO_POSITIVE_REGULATION_OF_NITRIC_OXIDE_SYNTHASE_BIOSYNTHETIC_PROCESS	0.21870382287282228			
GSE22886_NAIVE_TCELL_VS_MONOCYTE_DN	0.21869257533234374			
GO_CARBOHYDRATE_METABOLIC_PROCESS	0.21868913161131873			
MIR4309	0.21868878947193277			
GSE6674_ANTI_IGM_VS_PL2_3_STIM_BCELL_DN	0.21867935249002052			
PUJANA_BREAST_CANCER_WITH_BRCA1_MUTATED_DN	0.21867218648104936			
GSE360_HIGH_VS_LOW_DOSE_B_MALAYI_DC_DN	0.21867111009151904			
WAGSCHAL_EHMT2_TARGETS_UP	0.21867039869632368			
GO_SPINDLE_LOCALIZATION	0.2186701486408141			
GSE27786_NKTCELL_VS_NEUTROPHIL_UP	0.21867007722759235			
ZHENG_FOXP3_TARGETS_IN_T_LYMPHOCYTE_UP	0.21866988863821157			
GSE13484_12H_VS_3H_YF17D_VACCINE_STIM_PBMC_DN	0.21866675090729595			
REACTOME_HDL_ASSEMBLY	0.21866411337103697			
GSE5679_CTRL_VS_PPARG_LIGAND_ROSIGLITAZONE_TREATED_DC_UP	0.21865927609241417			
WATANABE_RECTAL_CANCER_RADIOTHERAPY_RESPONSIVE_DN	0.2186580258584947			
ZNF350_TARGET_GENES	0.21865783736142252			
GO_PROTEIN_PROCESSING	0.21865714024759106			
FINETTI_BREAST_CANCERS_KINOME_GRAY	0.21865536369651417			
VILIMAS_NOTCH1_TARGETS_UP	0.2186505165840471			
GO_REGULATION_OF_STRESS_ACTIVATED_PROTEIN_KINASE_SIGNALING_CASCADE	0.21864768573253934			
REACTOME_RIPK1_MEDIATED_REGULATED_NECROSIS	0.21864728940347863			
BERENJENO_TRANSFORMED_BY_RHOA_REVERSIBLY_DN	0.2186464729156892			
GO_BLOOD_VESSEL_ENDOTHELIAL_CELL_MIGRATION	0.218641519321302			
MIR1206	0.21864025900547365			
MONNIER_POSTRADIATION_TUMOR_ESCAPE_UP	0.21864016838787753			
MIR1277_5P	0.21864004206676207			
GSE30971_WBP7_HET_VS_KO_MACROPHAGE_4H_LPS_STIM_UP	0.21863783725178723			
GO_NUCLEAR_TRANSCRIBED_MRNA_CATABOLIC_PROCESS_EXONUCLEOLYTIC	0.21863674585909615			
SCHEIDEREIT_IKK_INTERACTING_PROTEINS	0.21862671102803527			
GO_CILIARY_TRANSITION_FIBER	0.21862647355871187			
CIC_TARGET_GENES	0.2186239669372259			
REACTOME_APC_CDC20_MEDIATED_DEGRADATION_OF_NEK2A	0.21862164934949516			
REACTOME_TRIGLYCERIDE_METABOLISM	0.2186165634441902			
GSE15659_NAIVE_CD4_TCELL_VS_RESTING_TREG_DN	0.21860669751327744			
GO_POSITIVE_REGULATION_OF_ANION_TRANSMEMBRANE_TRANSPORT	0.21860231898240173			
GO_POSITIVE_REGULATION_OF_AUTOPHAGOSOME_MATURATION	0.21860068252231413			
MIR10395_5P	0.2185986554723948			
MIR1203	0.21858877216495223			
BOHN_PRIMARY_IMMUNODEFICIENCY_SYNDROM_UP	0.21858826680183316			
GO_APOPTOTIC_CELL_CLEARANCE	0.21858162250278465			
IPA_CEBPE_UP	0.2185806311547702			
WILCOX_RESPONSE_TO_PROGESTERONE_UP	0.21858055876641133			
GSE12366_GC_VS_NAIVE_BCELL_UP	0.21858048078133846			
GCGNNANTTCC_UNKNOWN	0.21857315837354116			
GO_MUSCLE_CELL_APOPTOTIC_PROCESS	0.21857172353649157			
GO_FRUCTOSE_1_6_BISPHOSPHATE_METABOLIC_PROCESS	0.21857074388333605			
GO_PYRUVATE_DEHYDROGENASE_COMPLEX	0.21857019893978782			
DURCHDEWALD_SKIN_CARCINOGENESIS_UP	0.2185657493624025			
GSE7460_CD8_TCELL_VS_TREG_ACT_DN	0.2185617728339597			
WHITFIELD_CELL_CYCLE_LITERATURE	0.21856032085817956			
GO_CHECKPOINT_CLAMP_COMPLEX	0.21855492881505273			
GSE37533_PPARG1_FOXP3_VS_FOXP3_TRANSDUCED_CD4_TCELL_PIOGLITAZONE_TREATED_UP	0.21855442900986058			
MCCABE_HOXC6_TARGETS_UP	0.2185495338165326			
SAENZ_DETOX_PATHWAY_AND_CARCINOGENESIS_DN	0.2185450738517033			
GSE8685_IL2_STARVED_VS_IL21_ACT_IL2_STARVED_CD4_TCELL_UP	0.2185413701036063			
GO_REGULATION_OF_SEQUESTERING_OF_TRIGLYCERIDE	0.2185407694227219			
GSE16385_MONOCYTE_VS_12H_ROSIGLITAZONE_IL4_TREATED_MACROPHAGE_DN	0.21854057287679227			
GO_SARCOPLASMIC_RETICULUM_CALCIUM_ION_TRANSPORT	0.21853906090632483			
GSE3982_CTRL_VS_IGE_STIM_MAST_CELL_UP	0.21853829512447503			
BROWNE_HCMV_INFECTION_24HR_DN	0.21853701996902608			
GSE27786_CD8_TCELL_VS_NKTCELL_DN	0.21852326875985872			
FINETTI_BREAST_CANCER_KINOME_RED	0.2185168558114443			
GSE2826_WT_VS_BTK_KO_BCELL_UP	0.21851295590879335			
GO_POSITIVE_REGULATION_OF_RECEPTOR_BIOSYNTHETIC_PROCESS	0.21851104321528894			
GO_1_PHOSPHATIDYLINOSITOL_3_KINASE_ACTIVITY	0.21850751828988915			
IPA_NFKBIA_DN	0.21850608589884557			
CORDENONSI_YAP_CONSERVED_SIGNATURE	0.21849410655401236			
GO_XY_BODY	0.2184842253177655			
GO_GLYCOLIPID_TRANSPORT	0.21848131327976203			
GSE25087_FETAL_VS_ADULT_TREG_DN	0.2184724325955324			
IPA_TBX2_DN	0.21846237713379232			
GSE37416_CTRL_VS_24H_F_TULARENSIS_LVS_NEUTROPHIL_DN	0.21845797400320402			
GSE17721_LPS_VS_PAM3CSK4_24H_BMDC_UP	0.21845219056491902			
GSE22589_HEALTHY_VS_HIV_AND_SIV_INFECTED_DC_DN	0.21844922061211505			
GSE2770_IL12_AND_TGFB_ACT_VS_ACT_CD4_TCELL_6H_UP	0.2184491218109062			
REACTOME_DISEASES_OF_METABOLISM	0.218446513148099			
MIR4751	0.2184461687291206			
GO_MYOSIN_HEAVY_CHAIN_BINDING	0.2184447229210274			
GSE45365_WT_VS_IFNAR_KO_CD11B_DC_UP	0.21844337622043844			
IPA_DAXX_DN	0.21843729529297923			
CONRAD_GERMLINE_STEM_CELL	0.21843099390679174			
KORKOLA_CHORIOCARCINOMA_UP	0.21843006868447135			
GO_MRNA_TRANSCRIPTION	0.2184174099887366			
GO_ION_TRANSMEMBRANE_TRANSPORTER_ACTIVITY_PHOSPHORYLATIVE_MECHANISM	0.21841602316800482			
GO_MONOCARBOXYLIC_ACID_TRANSMEMBRANE_TRANSPORTER_ACTIVITY	0.2184151836391264			
GSE2585_CTEC_VS_MTEC_THYMUS_UP	0.21841120661743932			
REACTOME_DAP12_SIGNALING	0.2184105851516146			
GSE6674_PL2_3_VS_ANTI_IGM_AND_CPG_STIM_BCELL_DN	0.2184088879285223			
GO_PROTEIN_CONTAINING_COMPLEX_ASSEMBLY	0.21840647340249966			
GO_NEGATIVE_REGULATION_OF_ALCOHOL_BIOSYNTHETIC_PROCESS	0.21840535353248236			
GO_LYSINE_N_METHYLTRANSFERASE_ACTIVITY	0.21840345977156753			
IPA_SMARCA4_DN	0.2184024165318474			
GSE6092_UNSTIM_VS_IFNG_STIM_AND_B_BURGDORFERI_INF_ENDOTHELIAL_CELL_UP	0.2184006152247546			
GSE2770_IL12_AND_TGFB_ACT_VS_ACT_CD4_TCELL_2H_DN	0.21838458312904255			
GSE17974_0H_VS_4H_IN_VITRO_ACT_CD4_TCELL_UP	0.21838243763329346			
MIR488_3P	0.21836827100782352			
IPA_FOXL2_DN	0.21836638612546108			
WANG_SMARCE1_TARGETS_UP	0.21836581911827235			
GSE17721_POLYIC_VS_PAM3CSK4_16H_BMDC_DN	0.21836534555862253			
REACTOME_SIGNALING_BY_LEPTIN	0.21836307280279119			
GUTIERREZ_CHRONIC_LYMPHOCYTIC_LEUKEMIA_DN	0.2183587138213758			
GO_GERM_CELL_MIGRATION	0.21835085069218585			
GO_LYMPHOCYTE_MIGRATION	0.21833884870988104			
GO_TRANSLOCATION_OF_MOLECULES_INTO_HOST	0.21833803803994722			
IPA_GCM1_UP	0.2183358267140013			
IPA_NFYB_UP	0.21833464001840308			
TESAR_JAK_TARGETS_MOUSE_ES_D3_DN	0.21832946222380337			
chr6q22	0.21831382904474192			
GO_GRANULOCYTE_DIFFERENTIATION	0.21831350085325144			
GO_MALE_MEIOSIS_I	0.2183028307010511			
BIOCARTA_FIBRINOLYSIS_PATHWAY	0.21829712445768387			
GSE15735_CTRL_VS_HDAC_INHIBITOR_TREATED_CD4_TCELL_12H_DN	0.21829435063452932			
BURTON_ADIPOGENESIS_8	0.21828806063783437			
GSE1925_CTRL_VS_3H_IFNG_STIM_MACROPHAGE_DN	0.21828679576850427			
GO_SUPEROXIDE_METABOLIC_PROCESS	0.2182848432794399			
GERHOLD_ADIPOGENESIS_DN	0.21828120739985107			
GO_REGULATION_OF_CELL_ADHESION	0.2182794536400577			
GSE9006_TYPE_1_DIABETES_AT_DX_VS_4MONTH_POST_DX_PBMC_UP	0.2182750418377872			
GO_OXIDOREDUCTASE_ACTIVITY_ACTING_ON_THE_CH_NH_GROUP_OF_DONORS	0.21827447641555864			
GO_DETECTION_OF_MOLECULE_OF_BACTERIAL_ORIGIN	0.2182646284226508			
GSE36476_CTRL_VS_TSST_ACT_40H_MEMORY_CD4_TCELL_OLD_DN	0.21826301976334544			
SOTIRIOU_BREAST_CANCER_GRADE_1_VS_3_UP	0.2182610978244631			
GSE21546_WT_VS_ELK1_KO_ANTI_CD3_STIM_DP_THYMOCYTES_DN	0.21825989353330996			
REACTOME_CROSS_PRESENTATION_OF_PARTICULATE_EXOGENOUS_ANTIGENS_PHAGOSOMES	0.21825930847693298			
KEGG_DRUG_METABOLISM_OTHER_ENZYMES	0.21825408925300332			
MIR216B_3P	0.2182531730550843			
GSE40666_WT_VS_STAT1_KO_CD8_TCELL_DN	0.21824749852270775			
REACTOME_S_PHASE	0.21824628097485818			
GSE23984_CTRL_VS_HYPOCALEMIC_VITAMIND_ANALOG_TCELL_UP	0.21823085349421065			
GO_REGULATION_OF_EPITHELIAL_CELL_APOPTOTIC_PROCESS	0.2182288610307666			
GO_PHOSPHATASE_BINDING	0.21822435123604572			
GSE12845_IGD_POS_VS_NEG_BLOOD_BCELL_UP	0.21822262495899722			
GSE17580_UNINFECTED_VS_S_MANSONI_INF_TREG_DN	0.21821323868889853			
GSE14308_TH2_VS_TH1_UP	0.2182129141214809			
REACTOME_POLYMERASE_SWITCHING_ON_THE_C_STRAND_OF_THE_TELOMERE	0.2182069954585691			
YAUCH_HEDGEHOG_SIGNALING_PARACRINE_DN	0.21820692839489975			
GO_POSITIVE_REGULATION_OF_STORE_OPERATED_CALCIUM_CHANNEL_ACTIVITY	0.2182003574021489			
GO_ENDODERM_FORMATION	0.21819981239992792			
LINDGREN_BLADDER_CANCER_CLUSTER_2A_DN	0.21819955611984962			
GO_ACTOMYOSIN	0.21819827812802706			
GSE16385_MONOCYTE_VS_12H_IL4_TREATED_MACROPHAGE_DN	0.21819594851514473			
REACTOME_STIMULI_SENSING_CHANNELS	0.21819565293301327			
GSE15930_STIM_VS_STIM_AND_IFNAB_24H_CD8_T_CELL_DN	0.21818770405554			
GSE3982_NEUTROPHIL_VS_CENT_MEMORY_CD4_TCELL_DN	0.21818703153126986			
ZNF501_TARGET_GENES	0.21818244061339084			
GO_REGULATION_OF_COAGULATION	0.21818146355115947			
GO_BASEMENT_MEMBRANE	0.21817430506333363			
GSE23321_CD8_STEM_CELL_MEMORY_VS_CENTRAL_MEMORY_CD8_TCELL_DN	0.2181739155539113			
REACTOME_NOTCH4_INTRACELLULAR_DOMAIN_REGULATES_TRANSCRIPTION	0.21816820030409126			
GO_RESPONSE_TO_HEAT	0.21816522864388058			
GO_EKC_KEOPS_COMPLEX	0.2181633825050495			
HALLMARK_HYPOXIA	0.21816228717389965			
SKP2_TARGET_GENES	0.21815893690772847			
GO_RETINAL_DEHYDROGENASE_ACTIVITY	0.2181513409925948			
GSE16385_UNTREATED_VS_12H_IFNG_TNF_TREATED_MACROPHAGE_DN	0.21813838546181			
MIR212_3P	0.21813600475969042			
GSE5542_IFNA_VS_IFNA_AND_IFNG_TREATED_EPITHELIAL_CELLS_6H_UP	0.21813250222509642			
IPA_MAX_UP	0.21812961349087032			
GO_DOUBLE_STRANDED_RNA_BINDING	0.21812562823153198			
GO_NEGATIVE_REGULATION_OF_CELL_ACTIVATION	0.2181242391179008			
GO_CATALYTIC_COMPLEX	0.21812299262911297			
GO_SIGNAL_RECOGNITION_PARTICLE_RECEPTOR_COMPLEX	0.2181227866820432			
BIOCARTA_ASBCELL_PATHWAY	0.21812101479084325			
GSE339_CD8POS_VS_CD4CD8DN_DC_UP	0.21812058970728296			
MISHRA_CARCINOMA_ASSOCIATED_FIBROBLAST_UP	0.21811746231102502			
SMAD_Q6	0.21810430061931804			
GSE22611_NOD2_TRANSD_VS_CTRL_TRANSD_HEK293_MDP_STIM_6H_UP	0.21810303760350183			
chr10q26	0.21809625242011885			
GO_B_CELL_PROLIFERATION	0.21809365326006547			
GSE22886_NAIVE_VS_MEMORY_TCELL_DN	0.2180931506685269			
GSE45881_CXCR6HI_VS_CXCR1LO_COLONIC_LAMINA_PROPRIA_UP	0.21809014971957835			
MIR3913_3P	0.2180890236165745			
GO_MYELOID_LEUKOCYTE_MIGRATION	0.21808587296663942			
GSE24142_EARLY_THYMIC_PROGENITOR_VS_DN3_THYMOCYTE_DN	0.21808139361769938			
REACTOME_CTLA4_INHIBITORY_SIGNALING	0.21808006542271818			
GSE3720_VD1_VS_VD2_GAMMADELTA_TCELL_WITH_PMA_STIM_UP	0.21807641664240834			
GSE21670_STAT3_KO_VS_WT_CD4_TCELL_IL6_TREATED_DN	0.21805541321293015			
GO_GALACTOSIDE_BINDING	0.21805276219617464			
GSE23502_BM_VS_COLON_TUMOR_HDC_KO_MYELOID_DERIVED_SUPPRESSOR_CELL_DN	0.2180522979511744			
GSE360_L_MAJOR_VS_B_MALAYI_LOW_DOSE_MAC_DN	0.218049070185175			
GO_NEUTROPHIL_MEDIATED_KILLING_OF_SYMBIONT_CELL	0.21804715718001916			
GO_NEGATIVE_REGULATION_OF_TUMOR_NECROSIS_FACTOR_SECRETION	0.21804462953982554			
MIR193A_5P	0.21804238385918678			
MIR4694_3P	0.2180358377732263			
NGUYEN_NOTCH1_TARGETS_UP	0.2180345712136325			
GO_REGULATION_OF_GERMINAL_CENTER_FORMATION	0.21803321978260992			
GSE17721_PAM3CSK4_VS_GADIQUIMOD_0.5H_BMDC_UP	0.21803304401809315			
GO_POSITIVE_REGULATION_OF_MITOTIC_CELL_CYCLE	0.21803293557696923			
GO_PARACRINE_SIGNALING	0.2180285194743804			
GSE19401_PAM2CSK4_VS_RETINOIC_ACID_AND_PAM2CSK4_STIM_FOLLICULAR_DC_DN	0.2180279322266144			
GSE29618_PRE_VS_DAY7_POST_TIV_FLU_VACCINE_PDC_DN	0.21802686324669351			
GSE22919_RESTING_VS_IL2_IL12_IL15_STIM_NK_CELL_DN	0.21802282150731206			
REACTOME_ACTIVATION_OF_TRKA_RECEPTORS	0.21802019722691068			
MIR3147	0.21801988319523194			
VERRECCHIA_EARLY_RESPONSE_TO_TGFB1	0.2180159142060995			
GSE15324_NAIVE_VS_ACTIVATED_ELF4_KO_CD8_TCELL_UP	0.2180110139446136			
REACTOME_EXTRACELLULAR_MATRIX_ORGANIZATION	0.218008094638351			
GSE18281_MEDULLARY_THYMOCYTE_VS_WHOLE_MEDULLA_THYMUS_DN	0.2180055311679957			
GO_PROTEIN_CONTAINING_COMPLEX_REMODELING	0.21799181987069818			
GSE13484_UNSTIM_VS_3H_YF17D_VACCINE_STIM_PBMC_UP	0.21798031697499137			
SYED_ESTRADIOL_RESPONSE	0.2179603310590777			
REACTOME_DISSOLUTION_OF_FIBRIN_CLOT	0.2179572434339785			
chr16p11	0.21795573955781997			
DORSAM_HOXA9_TARGETS_UP	0.21794584569465308			
GO_REGULATION_OF_CARDIAC_MUSCLE_CELL_MEMBRANE_POTENTIAL	0.21794514337356843			
TBX3_TARGET_GENES	0.2179372828464459			
GSE24634_TEFF_VS_TCONV_DAY3_IN_CULTURE_UP	0.21793091351026556			
GO_POSITIVE_REGULATION_OF_CELL_ADHESION_MEDIATED_BY_INTEGRIN	0.21792950051394464			
GSE43700_UNTREATED_VS_IL10_TREATED_PBMC_UP	0.21792573309786206			
GO_CELLULAR_RESPONSE_TO_NITROGEN_COMPOUND	0.21792263653780272			
GO_BENZODIAZEPINE_RECEPTOR_BINDING	0.21792260359560203			
GGTGAAG_MIR412	0.2179211622867434			
BIOCARTA_CFTR_PATHWAY	0.21790460945583767			
GO_REGULATION_OF_STRIATED_MUSCLE_CELL_DIFFERENTIATION	0.21789590624710845			
REACTOME_CONVERSION_FROM_APC_C_CDC20_TO_APC_C_CDH1_IN_LATE_ANAPHASE	0.2178958031115581			
VALK_AML_WITH_CEBPA	0.21789571284943912			
KEGG_NITROGEN_METABOLISM	0.21789155116445874			
GSE20198_IL12_VS_IFNA_TREATED_ACT_CD4_TCELL_DN	0.21788435043261162			
KAT5_TARGET_GENES	0.21787989078547326			
GSE25123_WT_VS_PPARG_KO_MACROPHAGE_IL4_AND_ROSIGLITAZONE_STIM_DN	0.21787925368237313			
ESC_V6.5_UP_EARLY.V1_DN	0.21787557932775073			
REACTOME_TRAIL_SIGNALING	0.21787301988183153			
GO_SUMO_LIGASE_COMPLEX	0.21786491044489828			
GSE17721_CTRL_VS_CPG_8H_BMDC_UP	0.21786397302780908			
GO_NEGATIVE_REGULATION_OF_PROTEIN_MATURATION	0.2178568741562664			
CHAMP1_TARGET_GENES	0.21785373578372014			
GSE14415_INDUCED_VS_NATURAL_TREG_UP	0.21785156968737857			
GO_POSITIVE_REGULATION_OF_NITRIC_OXIDE_SYNTHASE_ACTIVITY	0.21784580249225058			
GO_RESPONSE_TO_MUSCLE_INACTIVITY	0.21784070229370667			
DACOSTA_LOW_DOSE_UV_RESPONSE_VIA_ERCC3_XPCS_UP	0.21783303488636255			
HERNANDEZ_ABERRANT_MITOSIS_BY_DOCETACEL_2NM_DN	0.2178307645295847			
GSE27859_CD11C_INT_F480_HI_MACROPHAGE_VS_CD11C_ING_F480_INT_DC_UP	0.21783052920759724			
GO_POSITIVE_REGULATION_OF_DNA_BINDING_TRANSCRIPTION_FACTOR_ACTIVITY	0.21781525130030743			
YANAGIHARA_ESX1_TARGETS	0.21781454352527868			
GSE30971_WBP7_HET_VS_KO_MACROPHAGE_2H_LPS_STIM_DN	0.2178097192290935			
ONO_AML1_TARGETS_DN	0.21780923326670443			
GSE3039_ALPHAALPHA_CD8_TCELL_VS_B2_BCELL_UP	0.21780893286322894			
MIR4999_5P	0.21780544537612476			
GO_CHROMOSOMAL_REGION	0.2177983330266773			
MIR3929	0.21779654546592975			
TURASHVILI_BREAST_LOBULAR_CARCINOMA_VS_LOBULAR_NORMAL_DN	0.21779200342413318			
GO_POSITIVE_REGULATION_OF_G1_S_TRANSITION_OF_MITOTIC_CELL_CYCLE	0.21779173021714873			
GO_SIRNA_BINDING	0.21778197254309944			
GO_REGULATION_OF_AUTOPHAGOSOME_MATURATION	0.21777594617367405			
GSE17721_PAM3CSK4_VS_GADIQUIMOD_16H_BMDC_DN	0.21777106733833906			
GO_COPPER_CHAPERONE_ACTIVITY	0.21776847447143535			
MIR4478	0.21776709553286056			
GSE10325_LUPUS_CD4_TCELL_VS_LUPUS_BCELL_UP	0.21776401567909515			
REACTOME_DEFECTS_IN_COBALAMIN_B12_METABOLISM	0.21776316602202622			
GO_RESPIRATORY_CHAIN_COMPLEX_IV_ASSEMBLY	0.21775357482784563			
GO_ADENYLATE_CYCLASE_ACTIVATING_ADRENERGIC_RECEPTOR_SIGNALING_PATHWAY_INVOLVED_IN_HEART_PROCESS	0.21774974524598747			
GARGALOVIC_RESPONSE_TO_OXIDIZED_PHOSPHOLIPIDS_RED_UP	0.21774629901738748			
DITTMER_PTHLH_TARGETS_DN	0.217746157498595			
GSE17721_POLYIC_VS_CPG_16H_BMDC_UP	0.21774570472722912			
GO_AIM2_INFLAMMASOME_COMPLEX	0.21774272288571178			
TERF1_TARGET_GENES	0.21774217594022757			
ODONNELL_TARGETS_OF_MYC_AND_TFRC_DN	0.21773886052365846			
MIR6124	0.2177356828674737			
GO_PLASMA_LIPOPROTEIN_PARTICLE_CLEARANCE	0.21773525479629746			
LINDGREN_BLADDER_CANCER_CLUSTER_3_UP	0.21773445088698654			
GOLDRATH_NAIVE_VS_EFF_CD8_TCELL_UP	0.21773240021024814			
GSE41867_DAY8_EFFECTOR_VS_DAY30_MEMORY_CD8_TCELL_LCMV_ARMSTRONG_UP	0.21772203526424508			
GO_RNA_POLYMERASE_II_GENERAL_TRANSCRIPTION_INITIATION_FACTOR_ACTIVITY	0.21771610352077453			
IPA_FUS_UP	0.21771427278314565			
HUTTMANN_B_CLL_POOR_SURVIVAL_UP	0.21771178711129596			
EVI1_01	0.21770829922106433			
GSE20198_IL12_VS_IL12_IL18_TREATED_ACT_CD4_TCELL_DN	0.21770084810178572			
CSR_EARLY_UP.V1_DN	0.21770016411983206			
GSE18791_UNSTIM_VS_NEWCATSLE_VIRUS_DC_6H_UP	0.21769888176032523			
GO_REGULATION_OF_MAP_KINASE_ACTIVITY	0.2176959796850556			
GO_LIGAND_GATED_ION_CHANNEL_ACTIVITY	0.21769398174816995			
GO_PROTEIN_LIPID_COMPLEX_ASSEMBLY	0.2176908375055037			
GSE11961_FOLLICULAR_BCELL_VS_GERMINAL_CENTER_BCELL_DAY40_DN	0.2176898591081657			
REACTOME_TP53_REGULATES_TRANSCRIPTION_OF_CELL_CYCLE_GENES	0.2176854028118315			
IPA_ATF6_DN	0.21768253993005607			
GO_REGULATION_OF_T_CELL_CHEMOTAXIS	0.21767989639376809			
GO_REGULATION_OF_CD8_POSITIVE_ALPHA_BETA_T_CELL_DIFFERENTIATION	0.21767395558174765			
MIR6757_3P	0.2176710262688204			
GO_NUCLEOSIDE_TRIPHOSPHATASE_REGULATOR_ACTIVITY	0.21766731212891088			
BIOCARTA_TID_PATHWAY	0.21766577576923987			
KAYO_AGING_MUSCLE_UP	0.2176639710937544			
GSE12366_PLASMA_CELL_VS_NAIVE_BCELL_DN	0.2176595977825521			
GO_NEGATIVE_REGULATION_OF_INTERLEUKIN_6_SECRETION	0.2176595259227376			
GO_LATE_ENDOSOME_TO_VACUOLE_TRANSPORT_VIA_MULTIVESICULAR_BODY_SORTING_PATHWAY	0.21765722583013625			
GO_POSITIVE_REGULATION_OF_MEIOSIS_I	0.21765495830226686			
GSE40274_CTRL_VS_GATA1_TRANSDUCED_ACTIVATED_CD4_TCELL_DN	0.2176503235101635			
GSE41978_KLRG1_HIGH_VS_LOW_EFFECTOR_CD8_TCELL_UP	0.2176484456846237			
GSE15930_NAIVE_VS_24H_IN_VITRO_STIM_IL12_CD8_TCELL_DN	0.2176481097234619			
GSE3203_INFLUENZA_INF_VS_IFNB_TREATED_LN_BCELL_UP	0.2176476954767479			
PID_EPHA_FWDPATHWAY	0.21763432137205732			
GO_FOCAL_ADHESION_ASSEMBLY	0.21763367586262908			
SMID_BREAST_CANCER_BASAL_UP	0.21761107449875894			
HALLMARK_ANGIOGENESIS	0.21760899226873287			
IPA_NFIA_UP	0.21760863371014183			
IPA_NKX6-1_DN	0.21760797670139811			
REACTOME_ABACAVIR_TRANSMEMBRANE_TRANSPORT	0.217605631632884			
DAZARD_RESPONSE_TO_UV_NHEK_UP	0.21760403634181236			
GSE37301_HEMATOPOIETIC_STEM_CELL_VS_COMMON_LYMPHOID_PROGENITOR_UP	0.21760200831462653			
GO_UBIQUITIN_PROTEIN_TRANSFERASE_ACTIVATOR_ACTIVITY	0.21760035146694595			
GSE22601_DOUBLE_NEGATIVE_VS_CD8_SINGLE_POSITIVE_THYMOCYTE_DN	0.21759751289082566			
MIR1258	0.21759742503460983			
GO_INDUCTION_OF_BACTERIAL_AGGLUTINATION	0.21759545971375			
GSE3982_EFF_MEMORY_VS_CENT_MEMORY_CD4_TCELL_UP	0.21759311066497614			
GO_DNA_DEAMINATION	0.21759042930168662			
GO_BASE_CONVERSION_OR_SUBSTITUTION_EDITING	0.2175891220550079			
REACTOME_AUF1_HNRNP_D0_BINDS_AND_DESTABILIZES_MRNA	0.21758592126674461			
IPA_SPI1_UP	0.21758257699935926			
ELVIDGE_HIF1A_TARGETS_DN	0.21757111537226914			
GO_RESPONSE_TO_ORGANOPHOSPHORUS	0.2175690391558515			
GSE7768_OVA_ALONE_VS_OVA_WITH_LPS_IMMUNIZED_MOUSE_WHOLE_SPLEEN_6H_DN	0.21756851068210284			
GO_NEGATIVE_REGULATION_OF_DNA_REPAIR	0.21756582568405178			
GO_BIOLOGICAL_ADHESION	0.21756523871045355			
GO_TRICARBOXYLIC_ACID_CYCLE_ENZYME_COMPLEX	0.21756494935220486			
GO_REGULATION_OF_AUTOPHAGY_OF_MITOCHONDRION_IN_RESPONSE_TO_MITOCHONDRIAL_DEPOLARIZATION	0.21755165819726366			
GSE40273_GATA1_KO_VS_WT_TREG_UP	0.2175336744609082			
REACTOME_TOLL_LIKE_RECEPTOR_4_TLR4_CASCADE	0.2175213802797116			
PID_VEGFR1_PATHWAY	0.21751593982052042			
GO_NOTCH_SIGNALING_INVOLVED_IN_HEART_DEVELOPMENT	0.2175116498347426			
GO_REGULATION_OF_ANGIOTENSIN_LEVELS_IN_BLOOD	0.21750129527378434			
GO_NEGATIVE_REGULATION_OF_PHOSPHORUS_METABOLIC_PROCESS	0.21748110044397598			
GSE20715_0H_VS_24H_OZONE_TLR4_KO_LUNG_UP	0.21747664730853183			
GO_INTESTINAL_LIPID_ABSORPTION	0.21747563139854711			
GO_POSITIVE_REGULATION_OF_CHOLESTEROL_METABOLIC_PROCESS	0.21747261552918976			
MORI_EMU_MYC_LYMPHOMA_BY_ONSET_TIME_UP	0.21746939392903783			
GO_THIOREDOXIN_DISULFIDE_REDUCTASE_ACTIVITY	0.2174617534501139			
chr5q11	0.2174607802909408			
RUVBL2_TARGET_GENES	0.21745816056916556			
MMS_MOUSE_LYMPH_HIGH_4HRS_UP	0.21745581912012182			
GO_URATE_TRANSPORT	0.21744892360610976			
GO_CELL_MOTILITY	0.21744292733921042			
MIR3690	0.21744144474665136			
AKL_HTLV1_INFECTION_DN	0.21743788039413217			
HALLMARK_INTERFERON_ALPHA_RESPONSE	0.2174378137915532			
REACTOME_CONDENSATION_OF_PROPHASE_CHROMOSOMES	0.21743369158594858			
GO_DETERMINATION_OF_ADULT_LIFESPAN	0.21743318330657244			
MORI_SMALL_PRE_BII_LYMPHOCYTE_UP	0.21742444298839364			
GO_RESPONSE_TO_TUMOR_NECROSIS_FACTOR	0.21741776382065567			
BURTON_ADIPOGENESIS_PEAK_AT_2HR	0.2174091827227811			
VISALA_AGING_LYMPHOCYTE_DN	0.21740261668888203			
GO_SMN_SM_PROTEIN_COMPLEX	0.2174011708726688			
MCBRYAN_PUBERTAL_TGFB1_TARGETS_UP	0.21740015675887842			
REACTOME_SENESCENCE_ASSOCIATED_SECRETORY_PHENOTYPE_SASP	0.21739996426109842			
IPA_RFXANK_UP	0.21739791334476857			
BIOCARTA_INFLAM_PATHWAY	0.21739455113196823			
GO_POSITIVE_REGULATION_OF_MYOBLAST_DIFFERENTIATION	0.21739454799124525			
ZNF175_TARGET_GENES	0.2173912114304228			
GO_WHOLE_MEMBRANE	0.2173893818677542			
GO_CGMP_BIOSYNTHETIC_PROCESS	0.21738613386777536			
MIR3151_3P	0.2173616681944291			
REICHERT_MITOSIS_LIN9_TARGETS	0.2173571662971844			
GO_POSITIVE_REGULATION_OF_ATP_METABOLIC_PROCESS	0.21734767430481156			
GO_CAMP_DEPENDENT_PROTEIN_KINASE_REGULATOR_ACTIVITY	0.21734261130083588			
WU_HBX_TARGETS_3_DN	0.21734205868753784			
GSE411_WT_VS_SOCS3_KO_MACROPHAGE_DN	0.21733807088877685			
MEF2_02	0.21733757840288817			
GSE1460_DP_THYMOCYTE_VS_NAIVE_CD4_TCELL_CORD_BLOOD_UP	0.21733696913770628			
AML_Q6	0.21733624836928375			
GSE29618_PRE_VS_DAY7_POST_TIV_FLU_VACCINE_MDC_UP	0.2173350461513257			
PID_DNA_PK_PATHWAY	0.21732363630888787			
MIR4258	0.21732132225377052			
GSE46025_WT_VS_FOXO1_KO_KLRG1_LOW_CD8_EFFECTOR_TCELL_DN	0.21731795872355555			
NR5A1_TARGET_GENES	0.21731729692593674			
GO_BLOC_1_COMPLEX	0.21731064862196517			
GSE13547_2H_VS_12_H_ANTI_IGM_STIM_BCELL_UP	0.21730886975216707			
LI_WILMS_TUMOR_VS_FETAL_KIDNEY_1_DN	0.2173087176455682			
ZHANG_RESPONSE_TO_CANTHARIDIN_UP	0.2173067797012564			
MIR5002_5P	0.21730479903752048			
GO_FEMALE_MEIOSIS_I	0.2173007329334998			
LIANG_SILENCED_BY_METHYLATION_DN	0.21729690308025731			
GO_TRIGLYCERIDE_RICH_LIPOPROTEIN_PARTICLE_REMODELING	0.21729246087809048			
GSE7460_FOXP3_MUT_VS_WT_ACT_TCONV_UP	0.21729240172492637			
GO_OXIDATION_REDUCTION_PROCESS	0.21728783242607266			
MIR206	0.21728533002756398			
KRISHNAN_FURIN_TARGETS_DN	0.21727757012563112			
GO_PEPTIDASE_INHIBITOR_COMPLEX	0.21726892281499616			
GO_POSITIVE_REGULATION_OF_GONAD_DEVELOPMENT	0.217268614008182			
GSE360_HIGH_VS_LOW_DOSE_B_MALAYI_DC_UP	0.21726613717999851			
GSE2770_UNTREATED_VS_TGFB_AND_IL12_TREATED_ACT_CD4_TCELL_6H_UP	0.217261818392441			
GSE26030_UNSTIM_VS_RESTIM_TH1_DAY15_POST_POLARIZATION_UP	0.21725835230996338			
GO_CARBOHYDRATE_CATABOLIC_PROCESS	0.21724725004676007			
HSIAO_HOUSEKEEPING_GENES	0.21724417595444856			
GO_INTRAMOLECULAR_TRANSFERASE_ACTIVITY_PHOSPHOTRANSFERASES	0.2172399154241933			
IPA_NR2E3_DN	0.21723710756288508			
MIR33A_3P	0.21723521772731602			
CHEMELLO_SOLEUS_VS_EDL_MYOFIBERS_UP	0.21723441989514			
GSE22611_NOD2_TRANSD_VS_CTRL_TRANSD_HEK293_MDP_STIM_2H_UP	0.2172323714750925			
GSE15733_BM_VS_SPLEEN_MEMORY_CD4_TCELL_UP	0.21722883143763025			
GSE17721_PAM3CSK4_VS_CPG_4H_BMDC_UP	0.2172260959837793			
GSE42021_TREG_PLN_VS_CD24LO_TREG_THYMUS_DN	0.2172207353186998			
GO_REGULATION_OF_EXCRETION	0.21721989246998263			
GO_NUCLEAR_NCRNA_SURVEILLANCE	0.2172146434075737			
GRUETZMANN_PANCREATIC_CANCER_UP	0.21721054256848737			
BOYLAN_MULTIPLE_MYELOMA_D_DN	0.21720285556840416			
MCCOLLUM_GELDANAMYCIN_RESISTANCE_UP	0.21720049677195008			
MIR627_3P	0.21719988941650184			
GO_RESPONSE_TO_INTERLEUKIN_6	0.21719597169910068			
GSE21927_EL4_VS_MCA203_TUMOR_MONOCYTES_DN	0.21718889136583797			
GO_DENDRITIC_CELL_APOPTOTIC_PROCESS	0.21718680585629668			
GSE11961_FOLLICULAR_BCELL_VS_MARGINAL_ZONE_BCELL_UP	0.21718552944824815			
GO_NUCLEOTIDE_EXCISION_REPAIR_PREINCISION_COMPLEX_ASSEMBLY	0.21716448984532954			
GO_RESPONSE_TO_INACTIVITY	0.21715764644292643			
REACTOME_CLEC7A_DECTIN_1_INDUCES_NFAT_ACTIVATION	0.21715381099323766			
GROSS_HYPOXIA_VIA_ELK3_ONLY_UP	0.21714466830112703			
GSE22886_IGA_VS_IGM_MEMORY_BCELL_DN	0.21713677514364582			
GSE28737_WT_VS_BCL6_KO_FOLLICULAR_BCELL_UP	0.21713547842033248			
GO_SODIUM_CHANNEL_REGULATOR_ACTIVITY	0.21713255246389584			
IPA_RELB_UP	0.21713154620681935			
PUJANA_BRCA2_PCC_NETWORK	0.21712792796010047			
GO_IMMUNE_RESPONSE_REGULATING_CELL_SURFACE_RECEPTOR_SIGNALING_PATHWAY	0.21712679249038078			
GSE20500_CTRL_VS_RARA_ANTAGONIST_TREATED_CD4_TCELL_UP	0.2171216367262099			
GO_DNA_REPLICATION	0.2171201460341722			
IPA_ATF3_UP	0.21709877317942475			
GO_NEGATIVE_REGULATION_OF_REACTIVE_OXYGEN_SPECIES_METABOLIC_PROCESS	0.2170969549013063			
GO_SPHERICAL_HIGH_DENSITY_LIPOPROTEIN_PARTICLE	0.2170950404650138			
GO_REGULATION_OF_GRANULOCYTE_CHEMOTAXIS	0.21709347197664436			
QI_HYPOXIA	0.2170932737593765			
chr2q22	0.2170892633969047			
ASH1L_TARGET_GENES	0.21708481449382838			
GO_NEGATIVE_REGULATION_OF_BLOOD_CIRCULATION	0.21707533656831696			
HELLER_SILENCED_BY_METHYLATION_UP	0.21707006794717362			
GO_RESPONSE_TO_VITAMIN_D	0.21706899125276954			
PODAR_RESPONSE_TO_ADAPHOSTIN_DN	0.217067337925761			
GO_BUTYRATE_COA_LIGASE_ACTIVITY	0.21706087932348325			
IPA_MEF2D_DN	0.21705770667493457			
MIKKELSEN_NPC_ICP_WITH_H3K4ME3	0.21704888163973315			
GO_DNA_CATABOLIC_PROCESS	0.21704577603002093			
GO_REGULATION_OF_PEPTIDASE_ACTIVITY	0.21704498697315683			
GSE20366_CD103_POS_VS_NEG_TREG_KLRG1NEG_DN	0.21702974430455246			
GSE39022_LN_VS_SPLEEN_DC_DN	0.21702666369056053			
TCGA_GLIOBLASTOMA_COPY_NUMBER_DN	0.2170255251223642			
GSE15624_CTRL_VS_6H_HALOFUGINONE_TREATED_CD4_TCELL_DN	0.21702547935653943			
ASTON_MAJOR_DEPRESSIVE_DISORDER_UP	0.21702536513426596			
GO_REGULATION_OF_CENTRIOLE_REPLICATION	0.21702423140623658			
GSE37301_PRO_BCELL_VS_GRANULOCYTE_MONOCYTE_PROGENITOR_DN	0.21702278221357815			
GO_REGULATION_OF_T_CELL_TOLERANCE_INDUCTION	0.21702057732652366			
MIR4328	0.21701304955884868			
GO_CARDIOLIPIN_ACYL_CHAIN_REMODELING	0.21701283205963126			
GSE46606_DAY1_VS_DAY3_CD40L_IL2_IL5_STIMULATED_BCELL_DN	0.21701274251688518			
GO_PURINE_NUCLEOSIDE_METABOLIC_PROCESS	0.21700889922080321			
MIR548M	0.217006339946307			
HOLLEMAN_PREDNISOLONE_RESISTANCE_B_ALL_DN	0.21700624311087566			
BIOCARTA_BLYMPHOCYTE_PATHWAY	0.21700623582915116			
GO_RUFFLE_MEMBRANE	0.21700226778066165			
GO_POSITIVE_REGULATION_OF_PROTEIN_IMPORT	0.21700131265815994			
SA_MMP_CYTOKINE_CONNECTION	0.21699896476423353			
GO_GABA_RECEPTOR_BINDING	0.21699698203615853			
IPA_SMARCB1_UP	0.21699467514222903			
REACTOME_POSITIVE_EPIGENETIC_REGULATION_OF_RRNA_EXPRESSION	0.21699381380828653			
GSE24142_EARLY_THYMIC_PROGENITOR_VS_DN3_THYMOCYTE_ADULT_UP	0.21698832135359483			
GSE4748_CTRL_VS_LPS_AND_CYANOBACTERIUM_LPSLIKE_STIM_DC_3H_UP	0.21698812953009639			
GSE15330_MEGAKARYOCYTE_ERYTHROID_PROGENITOR_VS_PRO_BCELL_DN	0.21698477838278107			
GSE15330_WT_VS_IKAROS_KO_HSC_UP	0.2169820657035857			
IPF1_Q4	0.2169802541483275			
GARGALOVIC_RESPONSE_TO_OXIDIZED_PHOSPHOLIPIDS_MAGENTA_UP	0.21697818947913888			
FERRANDO_T_ALL_WITH_MLL_ENL_FUSION_UP	0.21697365149634015			
GSE14769_40MIN_VS_360MIN_LPS_BMDM_UP	0.2169733367490743			
IPA_IL18_DN	0.2169574613285468			
REACTOME_ACTIVATED_NTRK2_SIGNALS_THROUGH_RAS	0.21695573562629483			
ADCYAP1_TARGET_GENES	0.21695379886042196			
GRAHAM_NORMAL_QUIESCENT_VS_NORMAL_DIVIDING_DN	0.21694206791557064			
GSE16385_UNTREATED_VS_12H_ROSIGLITAZONE_IL4_TREATED_MACROPHAGE_UP	0.21693992109914498			
BIOCARTA_GATA3_PATHWAY	0.2169344047539582			
MYLLYKANGAS_AMPLIFICATION_HOT_SPOT_6	0.2169298282401793			
GO_LIPID_PHOSPHORYLATION	0.2169295071880221			
REACTOME_EICOSANOID_LIGAND_BINDING_RECEPTORS	0.21692371880055894			
GSE2405_S_AUREUS_VS_A_PHAGOCYTOPHILUM_NEUTROPHIL_UP	0.21692104072775456			
GSE46606_IRF4_KO_VS_WT_CD40L_IL2_IL5_3DAY_STIMULATED_BCELL_UP	0.21691720971200334			
GO_NECROTIC_CELL_DEATH	0.21691633198365393			
GSE19825_CD24LOW_VS_IL2RA_HIGH_DAY3_EFF_CD8_TCELL_DN	0.21690927459887122			
GSE39556_CD8A_DC_VS_NK_CELL_DN	0.21690802088063524			
MIR1323	0.21689947204509183			
PID_AURORA_A_PATHWAY	0.21689658692227828			
GSE45365_CD8A_DC_VS_CD11B_DC_IFNAR_KO_MCMV_INFECTION_DN	0.21688926145899232			
NADLER_OBESITY_DN	0.21688268600334468			
GO_PEPTIDASE_ACTIVITY	0.21688041165720026			
GO_RECEPTOR_COMPLEX	0.21687782189815888			
GO_PARANODAL_JUNCTION	0.21687689746719993			
GO_DNA_RECOMBINATION	0.21686828017179025			
GO_DEPHOSPHORYLATION	0.21686658767876857			
GO_INTERLEUKIN_6_BIOSYNTHETIC_PROCESS	0.21685655087412525			
CEBALLOS_TARGETS_OF_TP53_AND_MYC_UP	0.2168563559815934			
MIR6830_5P	0.21685403918416873			
YOKOE_CANCER_TESTIS_ANTIGENS	0.21685326333219898			
MIR6732_3P	0.2168525816574644			
GSE40666_UNTREATED_VS_IFNA_STIM_STAT1_KO_CD8_TCELL_90MIN_DN	0.216846357717443			
GSE17974_CTRL_VS_ACT_IL4_AND_ANTI_IL12_2H_CD4_TCELL_UP	0.21684086720677778			
GSE1460_INTRATHYMIC_T_PROGENITOR_VS_DP_THYMOCYTE_DN	0.21683954306958994			
GO_REGULATION_OF_RESPONSE_TO_INTERFERON_GAMMA	0.2168332659228232			
REACTOME_OTHER_INTERLEUKIN_SIGNALING	0.21682126407443852			
GO_POSITIVE_REGULATION_OF_MAP_KINASE_ACTIVITY	0.21682069207312754			
GO_REGULATION_OF_INTRINSIC_APOPTOTIC_SIGNALING_PATHWAY_IN_RESPONSE_TO_DNA_DAMAGE	0.21680937038707523			
MIR3612	0.21680047097993832			
GSE3982_BCELL_VS_NKCELL_UP	0.21680008114533528			
GO_ENDOTHELIAL_CELL_APOPTOTIC_PROCESS	0.21677962321034236			
GSE16451_CTRL_VS_WEST_EQUINE_ENC_VIRUS_IMMATURE_NEURON_CELL_LINE_UP	0.21677317318364328			
GO_CATION_TRANSPORTING_ATPASE_COMPLEX	0.21677204527045266			
GO_RESPONSE_TO_COLD	0.2167686230687317			
GSE26156_DOUBLE_POSITIVE_VS_CD4_SINGLE_POSITIVE_THYMOCYTE_UP	0.21675950859467957			
GO_NEGATIVE_REGULATION_OF_MITOTIC_CELL_CYCLE	0.2167571860400419			
PID_INTEGRIN1_PATHWAY	0.21675555913472505			
GO_REGULATION_OF_MDA_5_SIGNALING_PATHWAY	0.21675554025124125			
GSE11864_CSF1_VS_CSF1_IFNG_IN_MAC_DN	0.21674995368069971			
GO_RADIAL_GLIAL_CELL_DIFFERENTIATION	0.21673894314821457			
GO_RESPONSE_TO_ERYTHROPOIETIN	0.2167313737310928			
GO_PYRIMIDINE_NUCLEOSIDE_BIOSYNTHETIC_PROCESS	0.21671078426982726			
GSE45881_CXCR6HI_VS_CXCR1LO_COLONIC_LAMINA_PROPRIA_DN	0.21670849397847866			
TGFB_UP.V1_UP	0.21670050295658125			
GSE8685_IL2_ACT_IL2_STARVED_VS_IL21_ACT_IL2_STARVED_CD4_TCELL_UP	0.21669837700355393			
PELLICCIOTTA_HDAC_IN_ANTIGEN_PRESENTATION_UP	0.21669827792903257			
KEGG_REGULATION_OF_AUTOPHAGY	0.2166974134303261			
GSE3982_BCELL_VS_BASOPHIL_UP	0.2166945081351323			
MIR490_5P	0.21668976970881385			
GO_DNA_PACKAGING_COMPLEX	0.2166891004103205			
WOOD_EBV_EBNA1_TARGETS_DN	0.21668838397589069			
GO_MITOTIC_RECOMBINATION	0.21668670870082973			
SERVITJA_ISLET_HNF1A_TARGETS_UP	0.21668272747061787			
GSE27241_CTRL_VS_DIGOXIN_TREATED_CD4_TCELL_IN_TH17_POLARIZING_CONDITIONS_UP	0.21667965555853533			
ZNF362_TARGET_GENES	0.2166770358000662			
GO_REGULATION_OF_CELLULAR_COMPONENT_MOVEMENT	0.21667379889922433			
MIR1246	0.21667065889859097			
MIR3190_3P	0.2166705774060152			
MIR493_5P	0.2166650041240912			
GO_REGULATION_OF_MONOCYTE_CHEMOTAXIS	0.2166638171981674			
GO_DNA_REPLICATION_CHECKPOINT	0.21665983076011536			
GSE7831_UNSTIM_VS_INFLUENZA_STIM_PDC_4H_DN	0.2166582174457548			
GSE15930_STIM_VS_STIM_AND_TRICHOSTATINA_48H_CD8_T_CELL_UP	0.21665108378948789			
GO_NEGATIVE_REGULATION_OF_ACUTE_INFLAMMATORY_RESPONSE	0.2166492418107113			
GO_NEGATIVE_REGULATION_OF_RECEPTOR_SIGNALING_PATHWAY_VIA_STAT	0.21664567513265187			
GO_CHROMOSOME_ORGANIZATION	0.2166408433533374			
SHI_SPARC_TARGETS_UP	0.21663966739057694			
GO_POSITIVE_REGULATION_OF_STEROID_BIOSYNTHETIC_PROCESS	0.2166341084693343			
GO_NEGATIVE_REGULATION_OF_EXTRACELLULAR_MATRIX_ORGANIZATION	0.2166329555889091			
ZHOU_INFLAMMATORY_RESPONSE_LPS_UP	0.21662815569639635			
MEF2_03	0.21662312926609237			
YAGI_AML_FAB_MARKERS	0.21662303992165519			
WAMUNYOKOLI_OVARIAN_CANCER_GRADES_1_2_DN	0.21661886725396198			
MIR422A	0.21661467453318015			
GO_CEREBELLAR_PURKINJE_CELL_GRANULE_CELL_PRECURSOR_CELL_SIGNALING_INVOLVED_IN_REGULATION_OF_GRANULE_CELL_PRECURSOR_CELL_PROLIFERATION	0.21661076857374797			
chr9q31	0.21660948814957778			
REACTOME_CASPASE_ACTIVATION_VIA_DEATH_RECEPTORS_IN_THE_PRESENCE_OF_LIGAND	0.21660446011121956			
GSE30153_LUPUS_VS_HEALTHY_DONOR_BCELL_DN	0.2165950380559722			
GO_SARCOLEMMA	0.21658773037369278			
GSE32986_CURDLAN_LOWDOSE_VS_GMCSF_AND_CURDLAN_LOWDOSE_STIM_DC_DN	0.21658694508005183			
GO_POSITIVE_REGULATION_OF_CELLULAR_COMPONENT_ORGANIZATION	0.21658581890865947			
GSE10147_IL3_VS_IL3_AND_CPG_STIM_PDC_DN	0.21658456669807943			
GSE360_DC_VS_MAC_B_MALAYI_HIGH_DOSE_UP	0.21658193826356095			
IPA_MYOCD_UP	0.2165816632608423			
BURTON_ADIPOGENESIS_6	0.2165806276830379			
EVI1_03	0.21657589479113676			
GSE5679_RARA_AGONIST_AM580_VS_AM580_AND_ROSIGLITAZONE_TREATED_DC_UP	0.21657491684730015			
REACTOME_NUCLEAR_ENVELOPE_NE_REASSEMBLY	0.2165687320712354			
GO_DNA_STRAND_ELONGATION_INVOLVED_IN_DNA_REPLICATION	0.21655830307614918			
GSE13306_RA_VS_UNTREATED_TCONV_DN	0.21654687447900556			
WONG_ENDOMETRIAL_CANCER_LATE	0.21654429950001902			
REACTOME_PRE_NOTCH_PROCESSING_IN_GOLGI	0.21654376298526687			
ZNF697_TARGET_GENES	0.21654282079663273			
GSE24634_IL4_VS_CTRL_TREATED_NAIVE_CD4_TCELL_DAY10_UP	0.21653951698984306			
ZHOU_INFLAMMATORY_RESPONSE_FIMA_UP	0.2165373501260182			
CHIBA_RESPONSE_TO_TSA	0.21653698239739638			
GO_OSSIFICATION	0.2165305440910182			
GO_RIBONUCLEOPROTEIN_COMPLEX	0.21653020952744603			
BALLIF_DEVELOPMENTAL_DISABILITY_P16_P12_DELETION	0.21651540665479657			
GO_REGULATION_OF_PROTEIN_HOMODIMERIZATION_ACTIVITY	0.21651530897308957			
GSE12845_NAIVE_VS_PRE_GC_TONSIL_BCELL_UP	0.2165144399673636			
GSE9650_NAIVE_VS_MEMORY_CD8_TCELL_DN	0.21650431232238512			
GO_CHANNEL_INHIBITOR_ACTIVITY	0.2165039315388559			
GO_NEGATIVE_REGULATION_OF_MYOSIN_LIGHT_CHAIN_PHOSPHATASE_ACTIVITY	0.21650298165218132			
GO_NERVE_GROWTH_FACTOR_SIGNALING_PATHWAY	0.21650288944333318			
GSE37301_MULTIPOTENT_PROGENITOR_VS_COMMON_LYMPHOID_PROGENITOR_DN	0.21650287264019052			
GSE369_SOCS3_KO_VS_WT_LIVER_POST_IL6_INJECTION_DN	0.21650255206943725			
GO_RESPONSE_TO_FOLLICLE_STIMULATING_HORMONE	0.21650219890818895			
GSE24210_RESTING_TREG_VS_TCONV_UP	0.2164984080644233			
KORKOLA_EMBRYONAL_CARCINOMA_DN	0.21649729502209392			
WESTON_VEGFA_TARGETS	0.2164927654866934			
KIM_MYCN_AMPLIFICATION_TARGETS_UP	0.2164926742405348			
GO_NEGATIVE_REGULATION_OF_TRANSMISSION_OF_NERVE_IMPULSE	0.21648838396353842			
GSE6259_33D1_POS_VS_DEC205_POS_FLT3L_INDUCED_SPLENIC_DC_UP	0.21648776403278305			
GO_REGULATION_OF_CYSTEINE_TYPE_ENDOPEPTIDASE_ACTIVITY_INVOLVED_IN_EXECUTION_PHASE_OF_APOPTOSIS	0.21648337159926012			
GO_PROTEIN_LOCALIZATION_TO_ENDOPLASMIC_RETICULUM	0.21648317281840157			
GSE40685_NAIVE_CD4_TCELL_VS_FOXP3_KO_TREG_PRECURSOR_DN	0.2164825632525705			
GSE30971_2H_VS_4H_LPS_STIM_MACROPHAGE_WBP7_KO_UP	0.2164807711097195			
GO_CALCIUM_RELEASE_CHANNEL_ACTIVITY	0.21647896067381178			
IPA_KCNIP2_DN	0.21647891170325312			
GSE5142_CTRL_VS_HTERT_TRANSDUCED_CD8_TCELL_EARLY_PASSAGE_CLONE_UP	0.2164782017890131			
GO_ESTABLISHMENT_OF_LYMPHOCYTE_POLARITY	0.21647595655891055			
GO_ATRIAL_CARDIAC_MUSCLE_TISSUE_DEVELOPMENT	0.21647351252445696			
GO_POSITIVE_REGULATION_OF_PROTEIN_LOCALIZATION_TO_NUCLEUS	0.21647203112910282			
GO_CYTIDINE_TO_URIDINE_EDITING	0.21646030567830066			
MIR3117_3P	0.2164586441538158			
GO_NUCLEAR_TRANSCRIBED_MRNA_CATABOLIC_PROCESS	0.21645760991368213			
GO_NEGATIVE_REGULATION_OF_CENTROSOME_CYCLE	0.21645307189731536			
REACTOME_PROCESSING_OF_CAPPED_INTRONLESS_PRE_MRNA	0.21645151715832656			
GSE17186_NAIVE_VS_CD21LOW_TRANSITIONAL_BCELL_UP	0.21645084448537047			
PUJANA_CHEK2_PCC_NETWORK	0.2164494622390269			
GSE19772_CTRL_VS_HCMV_INF_MONOCYTES_UP	0.21643982354840757			
GSE30971_CTRL_VS_LPS_STIM_MACROPHAGE_WBP7_HET_2H_UP	0.21643693615900655			
GO_ENDOCYTIC_PATCH	0.21643574928841683			
GSE21927_UNTREATED_VS_GMCSF_GCSF_TREATED_BONE_MARROW_UP	0.21642995885407496			
chr3p14	0.21642568725605216			
chr2q14	0.2164208548964411			
GO_POSITIVE_REGULATION_OF_T_CELL_RECEPTOR_SIGNALING_PATHWAY	0.21641668464172908			
GO_REGULATION_OF_T_CELL_MIGRATION	0.2164162195705978			
chr3q25	0.21641238923198772			
GSE20366_TREG_VS_NAIVE_CD4_TCELL_DEC205_CONVERSION_UP	0.21641190549582964			
GSE8621_LPS_PRIMED_UNSTIM_VS_LPS_PRIMED_AND_LPS_STIM_MACROPHAGE_DN	0.21640994514786335			
GO_PYRIMIDINE_CONTAINING_COMPOUND_METABOLIC_PROCESS	0.21640381538914596			
ARID5B_TARGET_GENES	0.21639813891578752			
KIM_LIVER_CANCER_POOR_SURVIVAL_UP	0.2163793701223052			
REACTOME_G2_PHASE	0.21636723092074273			
IPA_SATB1_DN	0.21636661219444725			
GO_LAMELLIPODIUM_MEMBRANE	0.21636596456676466			
GSE39556_CD8A_DC_VS_NK_CELL_MOUSE_3H_POST_POLYIC_INJ_DN	0.21636429065840787			
GO_TRANSFERASE_ACTIVITY_TRANSFERRING_ONE_CARBON_GROUPS	0.21635572697246652			
GO_T_CELL_APOPTOTIC_PROCESS	0.21634983309240238			
GSE22886_UNSTIM_VS_IL15_STIM_NKCELL_UP	0.21634471303166344			
LIANG_HEMATOPOIESIS_STEM_CELL_NUMBER_LARGE_VS_TINY_DN	0.21632472191089128			
GO_POSITIVE_REGULATION_OF_PHOSPHATIDYLINOSITOL_BIOSYNTHETIC_PROCESS	0.2163242787535926			
GO_RNA_POLYMERASE_II_CORE_PROMOTER_SEQUENCE_SPECIFIC_DNA_BINDING	0.21632090127540377			
GSE11961_GERMINAL_CENTER_BCELL_DAY7_VS_MEMORY_BCELL_DAY40_DN	0.2163192275718852			
REACTOME_HOST_INTERACTIONS_OF_HIV_FACTORS	0.2163164563342803			
GO_SINGLE_STRANDED_DNA_ENDODEOXYRIBONUCLEASE_ACTIVITY	0.21631627608407597			
GSE4984_UNTREATED_VS_LPS_TREATED_DC_DN	0.2163052003482359			
GO_OUTER_DENSE_FIBER	0.21630115865219177			
IPA_PRKCD_DN	0.21630052359601			
GSE32255_UNSTIM_VS_4H_LPS_STIM_DC_DN	0.2162916076567077			
WU_HBX_TARGETS_2_UP	0.2162900899082333			
GO_ISOMERASE_ACTIVITY	0.21628648618847393			
HERNANDEZ_MITOTIC_ARREST_BY_DOCETAXEL_2_UP	0.21628469467067024			
IPA_HAND2_DN	0.21626971367284648			
MAYBURD_RESPONSE_TO_L663536_UP	0.21626548098150977			
GO_CELLULAR_RESPONSE_TO_IONIZING_RADIATION	0.21626393920739334			
GO_TESTOSTERONE_DEHYDROGENASE_NADPLUS_ACTIVITY	0.2162633739447772			
GO_POSITIVE_REGULATION_OF_CYTOPLASMIC_TRANSPORT	0.2162589249134094			
GSE14308_TH1_VS_NATURAL_TREG_UP	0.2162579119309291			
GO_FIBRINOLYSIS	0.21625526701254924			
SASSON_RESPONSE_TO_GONADOTROPHINS_UP	0.21625215131623088			
CROONQUIST_NRAS_SIGNALING_DN	0.2162473929023969			
MARTINEZ_RB1_AND_TP53_TARGETS_UP	0.2162448088798875			
GO_HISTONE_MRNA_CATABOLIC_PROCESS	0.21624278855529105			
GO_ORGANELLE_ENVELOPE_LUMEN	0.21623806684854516			
KUMAR_PATHOGEN_LOAD_BY_MACROPHAGES	0.2162281096636884			
KEGG_FRUCTOSE_AND_MANNOSE_METABOLISM	0.2162130279470437			
HIVEP1_TARGET_GENES	0.21621066102349026			
GSE41176_WT_VS_TAK1_KO_ANTI_IGM_STIM_BCELL_6H_UP	0.2162086771334769			
GO_PYRIMIDINE_RIBONUCLEOSIDE_METABOLIC_PROCESS	0.21620613907387487			
PID_INTEGRIN3_PATHWAY	0.21620508814256592			
ZNF445_TARGET_GENES	0.21620305010149946			
GSE3982_MAST_CELL_VS_BASOPHIL_UP	0.21619951819744876			
MIR30E_3P	0.21619911125730715			
GO_PROTEIN_DIMERIZATION_ACTIVITY	0.21619447845486883			
MIR378F	0.21618782029135733			
GO_STEROL_TRANSPORT	0.21618139892323776			
GO_NUCLEOSIDE_MONOPHOSPHATE_BIOSYNTHETIC_PROCESS	0.216178624437908			
GSE40655_FOXO1_KO_VS_WT_NTREG_UP	0.2161753432583029			
GSE360_DC_VS_MAC_B_MALAYI_LOW_DOSE_UP	0.21617491640863395			
KEGG_CITRATE_CYCLE_TCA_CYCLE	0.21617458287160438			
IPA_GATA3_DN	0.21617290731745636			
GSE27786_NKTCELL_VS_MONO_MAC_DN	0.21616876878481306			
SHIPP_DLBCL_CURED_VS_FATAL_UP	0.2161681569601705			
GO_LAMELLIPODIUM	0.2161671606837839			
GO_REGULATION_OF_SYSTEMIC_ARTERIAL_BLOOD_PRESSURE_BY_ENDOTHELIN	0.21616609086310898			
GO_NUCLEOBASE_CATABOLIC_PROCESS	0.2161625878833583			
KRAS.300_UP.V1_DN	0.2161594567693601			
GSE40274_FOXP3_VS_FOXP3_AND_LEF1_TRANSDUCED_ACTIVATED_CD4_TCELL_UP	0.21615863698832907			
BIOCARTA_GCR_PATHWAY	0.21615244379380782			
GO_NEGATIVE_REGULATION_OF_JNK_CASCADE	0.21614498647237235			
GSE18281_CORTICAL_THYMOCYTE_VS_WHOLE_CORTEX_THYMUS_DN	0.21614340330888482			
GSE30971_WBP7_HET_VS_KO_MACROPHAGE_2H_LPS_STIM_UP	0.2161281242222196			
GSE11961_PLASMA_CELL_DAY7_VS_GERMINAL_CENTER_BCELL_DAY40_UP	0.21612724716005227			
GSE1448_ANTI_VALPHA2_VS_VBETA5_DP_THYMOCYTE_DN	0.21612491582298224			
GO_REGULATION_OF_CIRCADIAN_SLEEP_WAKE_CYCLE	0.21612404131556673			
GSE22935_UNSTIM_VS_24H_MBOVIS_BCG_STIM_MACROPHAGE_DN	0.21611365783909894			
GO_METAL_ION_PROTON_ANTIPORTER_ACTIVITY	0.21610604667871453			
GSE17721_POLYIC_VS_PAM3CSK4_4H_BMDC_DN	0.21610544608960797			
STONER_ESOPHAGEAL_CARCINOGENESIS_UP	0.21610521929587198			
GSE46468_LUNG_INNATE_LYMPHOID_CELL_VS_SPLEEN_CD4_TCELL_DN	0.2161048050881092			
IPA_NEUROD1_UP	0.2160953303217968			
MIR5190	0.216092528953091			
GO_IMPORTIN_ALPHA_FAMILY_PROTEIN_BINDING	0.21608073972836717			
GO_WOUND_HEALING	0.21607321043678424			
GO_NEGATIVE_REGULATION_OF_ANTIGEN_RECEPTOR_MEDIATED_SIGNALING_PATHWAY	0.2160681461311565			
REACTOME_TRANSCRIPTIONAL_REGULATION_BY_VENTX	0.2160633133515374			
GSE15659_RESTING_TREG_VS_NONSUPPRESSIVE_TCELL_DN	0.21606197118973713			
GSE17721_0.5H_VS_24H_GARDIQUIMOD_BMDC_UP	0.2160609294308191			
GO_ARYLSULFATASE_ACTIVITY	0.21605526531268981			
GSE17721_CPG_VS_GARDIQUIMOD_4H_BMDC_DN	0.21605056705043332			
TIEN_INTESTINE_PROBIOTICS_24HR_DN	0.2160504316588241			
ZHU_CMV_24_HR_UP	0.21604769874762605			
GO_MRNA_TRANSPORT	0.2160473723826998			
PARK_TRETINOIN_RESPONSE	0.21604553511841454			
GOUYER_TUMOR_INVASIVENESS	0.21604380180945143			
GSE13485_DAY3_VS_DAY21_YF17D_VACCINE_PBMC_UP	0.21603666339084565			
GO_ZINC_ION_BINDING	0.2160289356374788			
GO_POLYPHOSPHATE_METABOLIC_PROCESS	0.21602543076107383			
GO_TYPE_I_INTERFERON_PRODUCTION	0.2160186782282945			
MIR340_5P	0.2160174686130058			
GSE2770_TGFB_AND_IL4_VS_IL4_TREATED_ACT_CD4_TCELL_6H_UP	0.21600888175466898			
GO_BIOMINERALIZATION	0.21600237391739044			
NAKAMURA_LUNG_CANCER	0.2159996104152873			
GSE21063_WT_VS_NFATC1_KO_3H_ANTI_IGM_STIM_BCELL_UP	0.21599851336380893			
MIR12120	0.21599811353959006			
ROZANOV_MMP14_TARGETS_UP	0.2159972598659365			
GO_CELL_MIGRATION_INVOLVED_IN_VASCULOGENESIS	0.21598794929970033			
GSE35685_CD34POS_CD38NEG_VS_CD34POS_CD10NEG_CD62LPOS_BONE_MARROW_DN	0.21598593377335312			
GO_CHAPERONE_COMPLEX	0.21598382438525984			
GO_SULFUR_AMINO_ACID_METABOLIC_PROCESS	0.2159805559895958			
GO_HETEROPHILIC_CELL_CELL_ADHESION_VIA_PLASMA_MEMBRANE_CELL_ADHESION_MOLECULES	0.2159744348723016			
GSE5589_WT_VS_IL10_KO_LPS_AND_IL10_STIM_MACROPHAGE_45MIN_DN	0.2159720617247054			
GO_WOUND_HEALING_INVOLVED_IN_INFLAMMATORY_RESPONSE	0.21597019220405536			
GO_SMOOTH_MUSCLE_CELL_PROLIFERATION	0.21596951787520083			
GO_LIPOXIN_METABOLIC_PROCESS	0.21596605211483016			
MIR325	0.21596179492038312			
KARAKAS_TGFB1_SIGNALING	0.21594888378090554			
GSE40274_CTRL_VS_FOXP3_AND_IRF4_TRANSDUCED_ACTIVATED_CD4_TCELL_UP	0.21593702310551577			
GO_RESPONSE_TO_MUSCLE_ACTIVITY	0.21593415643297978			
MIR151A_3P	0.21593168337489219			
GO_MACROLIDE_BINDING	0.21593125922594084			
GO_F_ACTIN_CAPPING_PROTEIN_COMPLEX	0.21592767075583943			
IPA_SOX8_DN	0.21592417171413963			
GSE6259_FLT3L_INDUCED_DEC205_POS_DC_VS_CD4_TCELL_UP	0.215913125062855			
GO_DEATH_DOMAIN_BINDING	0.21589146239070486			
GSE14308_TH2_VS_NAIVE_CD4_TCELL_DN	0.21587260943039205			
GO_BRADYKININ_CATABOLIC_PROCESS	0.21587013850723538			
CALVET_IRINOTECAN_SENSITIVE_VS_REVERTED_UP	0.21586658099281125			
GSE6674_UNSTIM_VS_PL2_3_STIM_BCELL_DN	0.21586533627308863			
WAKASUGI_HAVE_ZNF143_BINDING_SITES	0.21586073666057573			
GO_ACTIVATION_OF_MAPKK_ACTIVITY	0.21585658869517604			
GO_CHROMOSOME_CENTROMERIC_REGION	0.21585591130994447			
GSE29949_CD8_NEG_DC_SPLEEN_VS_CD8_POS_DC_SPLEEN_DN	0.21585588471616093			
GO_MITOCHONDRIAL_PROTEIN_CATABOLIC_PROCESS	0.21584917148485233			
NABA_BASEMENT_MEMBRANES	0.21584762422520007			
GO_NEGATIVE_REGULATION_OF_EPITHELIAL_CELL_APOPTOTIC_PROCESS	0.21584342925494296			
GSE17721_LPS_VS_PAM3CSK4_8H_BMDC_DN	0.21584177744611008			
KEGG_CARDIAC_MUSCLE_CONTRACTION	0.21584099446347946			
GSE18281_CORTICAL_VS_MEDULLARY_THYMOCYTE_DN	0.21584001290859575			
HOEBEKE_LYMPHOID_STEM_CELL_UP	0.21583966918713066			
TIAN_TNF_SIGNALING_VIA_NFKB	0.2158385334570804			
GSE22886_NAIVE_CD8_TCELL_VS_MONOCYTE_UP	0.21583852174014934			
MIR3674	0.21583109640046622			
GO_NEUTRAL_AMINO_ACID_TRANSMEMBRANE_TRANSPORTER_ACTIVITY	0.21582913376746227			
GSE41176_UNSTIM_VS_ANTI_IGM_STIM_BCELL_1H_UP	0.21581961387629592			
GO_REGULATION_OF_MEMBRANE_LIPID_DISTRIBUTION	0.21581770643035847			
GSE7460_FOXP3_MUT_VS_HET_ACT_TCONV_UP	0.21581735229939897			
GSE16522_ANTI_CD3CD28_STIM_VS_UNSTIM_NAIVE_CD8_TCELL_DN	0.21581617434420966			
GO_RRNA_CONTAINING_RIBONUCLEOPROTEIN_COMPLEX_EXPORT_FROM_NUCLEUS	0.2158153956564311			
BIOCARTA_NEUTROPHIL_PATHWAY	0.2158145343215679			
REACTOME_DISEASES_OF_DNA_REPAIR	0.21580180914857366			
GSE39022_LN_VS_SPLEEN_DC_UP	0.21579859190919715			
SHETH_LIVER_CANCER_VS_TXNIP_LOSS_PAM2	0.2157958514722945			
GSE411_UNSTIM_VS_400MIN_IL6_STIM_MACROPHAGE_DN	0.21579522681554344			
GO_PHOTORECEPTOR_DISC_MEMBRANE	0.2157943080101051			
FISCHER_DREAM_TARGETS	0.21579156544038566			
GO_CARDIAC_MUSCLE_TISSUE_MORPHOGENESIS	0.2157904859608553			
GO_RESPONSE_TO_INCREASED_OXYGEN_LEVELS	0.21578355684822162			
GSE3982_EFF_MEMORY_CD4_TCELL_VS_TH1_DN	0.21578158121319713			
MIR4501	0.21577823317962716			
GSE22313_HEALTHY_VS_SLE_MOUSE_CD4_TCELL_UP	0.2157670187028591			
NAKAYAMA_FRA2_TARGETS	0.21576665865788253			
GO_NEGATIVE_REGULATION_OF_RESPONSE_TO_DNA_DAMAGE_STIMULUS	0.21576410832139625			
IPA_MEF2C_UP	0.21575980682400958			
GO_PLATELET_ACTIVATION	0.21575126250798204			
GO_REGULATION_OF_T_CELL_APOPTOTIC_PROCESS	0.2157500217907002			
GO_OLIGOSACCHARIDE_BINDING	0.21574828115910005			
GO_POSITIVE_REGULATION_OF_CYTOPLASMIC_MRNA_PROCESSING_BODY_ASSEMBLY	0.2157286594688524			
GSE24634_TREG_VS_TCONV_POST_DAY5_IL4_CONVERSION_DN	0.2157231452604649			
LEE_BMP2_TARGETS_DN	0.21571989800270228			
INGRAM_SHH_TARGETS_UP	0.21570667370347396			
GO_COBALAMIN_TRANSPORT	0.21570323369798286			
BENPORATH_MYC_TARGETS_WITH_EBOX	0.21569974873405975			
GSE30971_CTRL_VS_LPS_STIM_MACROPHAGE_WBP7_HET_4H_UP	0.2156912392445944			
GSE30971_2H_VS_4H_LPS_STIM_MACROPHAGE_WBP7_HET_DN	0.21569076955093708			
MIR11401	0.21568791073983495			
GSE1460_INTRATHYMIC_T_PROGENITOR_VS_NAIVE_CD4_TCELL_ADULT_BLOOD_DN	0.21567890892583355			
HAN_JNK_SINGALING_DN	0.21567702703734717			
GSE42724_NAIVE_BCELL_VS_PLASMABLAST_DN	0.21567560093337515			
GO_CELLULAR_RESPONSE_TO_DNA_DAMAGE_STIMULUS	0.21567420336329426			
GSE15930_NAIVE_VS_24H_IN_VITRO_STIM_INFAB_CD8_TCELL_DN	0.21566432158377385			
GO_FIBROBLAST_MIGRATION	0.21566232918180422			
GSE7460_CTRL_VS_FOXP3_OVEREXPR_TCONV_UP	0.21565834661769528			
chr10q11	0.21564997194957775			
GSE42724_NAIVE_VS_B1_BCELL_DN	0.21564086554799897			
GSE6566_STRONG_VS_WEAK_DC_STIMULATED_CD4_TCELL_DN	0.21563804082343307			
MIR30A_3P	0.2156290590379216			
MIR3978	0.21562723817444585			
MURAKAMI_UV_RESPONSE_6HR_DN	0.21562440160624957			
GSE3039_ALPHAALPHA_CD8_TCELL_VS_B2_BCELL_DN	0.21562093182542405			
GO_NEGATIVE_REGULATION_OF_DELAYED_RECTIFIER_POTASSIUM_CHANNEL_ACTIVITY	0.21562016895807148			
MIR4766_3P	0.21561928480805084			
REACTOME_GLUCAGON_LIKE_PEPTIDE_1_GLP1_REGULATES_INSULIN_SECRETION	0.21561633322305293			
GSE30971_WBP7_HET_VS_KO_MACROPHAGE_DN	0.2156153898455682			
REACTOME_DEADENYLATION_OF_MRNA	0.21561419291160708			
GO_REGULATION_OF_LIPOPROTEIN_LIPASE_ACTIVITY	0.21561149383045514			
MIR4528	0.21561054997833323			
GSE45365_NK_CELL_VS_CD11B_DC_DN	0.21560258203872487			
GINESTIER_BREAST_CANCER_ZNF217_AMPLIFIED_UP	0.2156005526554973			
GO_ATPASE_ACTIVITY_COUPLED	0.21559627215055543			
PID_FAS_PATHWAY	0.21559372257833126			
GSE30971_CTRL_VS_LPS_STIM_MACROPHAGE_WBP7_KO_4H_UP	0.21558608521045663			
MIR4759	0.21558561735577486			
GSE17721_CTRL_VS_GARDIQUIMOD_2H_BMDC_UP	0.21558286401230628			
GSE45365_NK_CELL_VS_CD11B_DC_MCMV_INFECTION_UP	0.21557835073208884			
BORCZUK_MALIGNANT_MESOTHELIOMA_UP	0.2155764390572194			
IPA_SMARCE1_DN	0.21557151570950486			
GSE20366_CD103_KLRG1_DP_VS_DN_TREG_DN	0.21555530416506763			
DAZARD_RESPONSE_TO_UV_SCC_UP	0.21555483443067971			
GO_REGULATION_OF_SUPRAMOLECULAR_FIBER_ORGANIZATION	0.21554935428075278			
GO_SIGNAL_TRANSDUCTION_BY_P53_CLASS_MEDIATOR	0.21554626433479687			
GO_POSITIVE_REGULATION_OF_ORGANELLE_ASSEMBLY	0.21554508874521752			
MIR4636	0.21554381430217184			
GSE40685_NAIVE_CD4_TCELL_VS_FOXP3_KO_TREG_PRECURSOR_UP	0.21554192195785057			
GO_CARDIAC_VASCULAR_SMOOTH_MUSCLE_CELL_DIFFERENTIATION	0.21554135606735975			
MIR342_3P	0.21553787412163858			
BIOCARTA_IFNA_PATHWAY	0.21553565483694573			
GO_BLOOD_VESSEL_MATURATION	0.21553521678549892			
REACTOME_SIGNALING_BY_PDGFRA_TRANSMEMBRANE_JUXTAMEMBRANE_AND_KINASE_DOMAIN_MUTANTS	0.21553122421331528			
GO_COMPLEMENT_RECEPTOR_ACTIVITY	0.2155309743838669			
GO_MANNOSE_METABOLIC_PROCESS	0.21552842980896342			
KRAS.LUNG_UP.V1_UP	0.21552477720525112			
GO_POSITIVE_REGULATION_OF_PEPTIDASE_ACTIVITY	0.21552388463370784			
GSE27859_DC_VS_CD11C_INT_F480_INT_DC_UP	0.21552010411505432			
GSE17974_CTRL_VS_ACT_IL4_AND_ANTI_IL12_72H_CD4_TCELL_UP	0.21551574608243682			
MIR6833_3P	0.21550782979093103			
MIR4435	0.215504378619926			
GSE11961_GERMINAL_CENTER_BCELL_DAY7_VS_MEMORY_BCELL_DAY40_UP	0.21550249245381514			
GSE3720_LPS_VS_PMA_STIM_VD2_GAMMADELTA_TCELL_DN	0.21548639943053263			
IPA_SMAD1_UP	0.21547661380389707			
GSE36888_UNTREATED_VS_IL2_TREATED_TCELL_17H_DN	0.215471111005076			
WONG_ADULT_TISSUE_STEM_MODULE	0.21546925678856682			
GO_ADAPTIVE_THERMOGENESIS	0.21546663212648418			
GRAHAM_CML_QUIESCENT_VS_NORMAL_DIVIDING_UP	0.21546396891411143			
BIOCARTA_CELLCYCLE_PATHWAY	0.21546243060938017			
CCTNTMAGA_UNKNOWN	0.21545148998023012			
GSE23308_CTRL_VS_CORTICOSTERONE_TREATED_MACROPHAGE_UP	0.21544200233422722			
LINDVALL_IMMORTALIZED_BY_TERT_DN	0.21543938140610372			
GSE37532_VISCERAL_ADIPOSE_TISSUE_VS_LN_DERIVED_PPARG_KO_TCONV_CD4_TCELL_UP	0.2154312002118063			
BIOCARTA_G1_PATHWAY	0.2154282172680724			
GSE25088_WT_VS_STAT6_KO_MACROPHAGE_ROSIGLITAZONE_STIM_UP	0.21542710683573524			
GO_POSITIVE_REGULATION_OF_LOCOMOTION	0.21542439155126827			
KYNG_DNA_DAMAGE_BY_GAMMA_AND_UV_RADIATION	0.21542241409638316			
SRSF9_TARGET_GENES	0.21542023324917153			
BERENJENO_TRANSFORMED_BY_RHOA_DN	0.21541944994232			
GO_REGULATION_OF_NUCLEOCYTOPLASMIC_TRANSPORT	0.21541491779128624			
GSE15930_STIM_VS_STIM_AND_IFNAB_72H_CD8_T_CELL_UP	0.21540985424690204			
GO_INDUCTION_OF_POSITIVE_CHEMOTAXIS	0.2154087139808988			
GO_REGULATION_OF_DIGESTIVE_SYSTEM_PROCESS	0.2154055842705775			
MIR3926	0.21539945442393615			
ATF5_TARGET_GENES	0.21539626797803918			
GO_NEGATIVE_REGULATION_OF_FIBROBLAST_PROLIFERATION	0.21538967590709013			
GSE7764_NKCELL_VS_SPLENOCYTE_DN	0.21537607711403595			
chr9q32	0.21537248432902326			
GSE30962_ACUTE_VS_CHRONIC_LCMV_PRIMARY_INF_CD8_TCELL_UP	0.2153693283236528			
IPA_HOXD11_UP	0.21536835871304058			
GO_NEGATIVE_REGULATION_OF_TRANSPORTER_ACTIVITY	0.21535956577275317			
GSE27786_LSK_VS_CD8_TCELL_UP	0.21535642278844755			
GO_PHOSPHATIDATE_PHOSPHATASE_ACTIVITY	0.21535415378341582			
BIOCARTA_D4GDI_PATHWAY	0.2153535195819275			
MIR431_5P	0.21534940319068938			
GO_RESPONSE_TO_GLYCOPROTEIN	0.21534918103887205			
GO_SODIUM_POTASSIUM_EXCHANGING_ATPASE_COMPLEX	0.21534784845470686			
IPA_HOXA10_DN	0.2153394893346875			
GO_EPIBOLY	0.2153360526776007			
GO_CELLULAR_RESPONSE_TO_LOW_DENSITY_LIPOPROTEIN_PARTICLE_STIMULUS	0.21533556759178207			
GSE4984_LPS_VS_VEHICLE_CTRL_TREATED_DC_DN	0.21532758956114947			
GO_NEGATIVE_REGULATION_OF_PROTEIN_DEPHOSPHORYLATION	0.21532537831154214			
SIG_REGULATION_OF_THE_ACTIN_CYTOSKELETON_BY_RHO_GTPASES	0.21532304581616982			
DANG_REGULATED_BY_MYC_DN	0.21532286710727602			
BOYAULT_LIVER_CANCER_SUBCLASS_G2	0.21532178693588383			
GSE31082_DN_VS_CD4_SP_THYMOCYTE_DN	0.21531673786036268			
MARTORIATI_MDM4_TARGETS_FETAL_LIVER_DN	0.2153103873548484			
GSE2770_IL12_AND_TGFB_ACT_VS_ACT_CD4_TCELL_48H_UP	0.21530753734846367			
GSE5679_CTRL_VS_PPARG_LIGAND_ROSIGLITAZONE_AND_RARA_AGONIST_AM580_TREATED_DC_DN	0.21529730564687885			
GSE17301_CTRL_VS_48H_ACD3_ACD28_IFNA2_STIM_CD8_TCELL_DN	0.21529564786512675			
REACTOME_TRANSLESION_SYNTHESIS_BY_POLK	0.21529501568654333			
GO_REGULATION_OF_CELLULAR_EXTRAVASATION	0.2152899439161306			
GENTILE_UV_RESPONSE_CLUSTER_D9	0.21528945660129534			
DYRK1A_TARGET_GENES	0.2152881480106307			
GSE15930_NAIVE_VS_48H_IN_VITRO_STIM_IL12_CD8_TCELL_DN	0.21528064226422777			
WHITEFORD_PEDIATRIC_CANCER_MARKERS	0.21527766049536312			
GSE3982_CENT_MEMORY_CD4_TCELL_VS_TH1_DN	0.2152732606625796			
GO_ENDODERM_DEVELOPMENT	0.21527096935340942			
MIR4477A	0.21526443050214356			
MCM5_TARGET_GENES	0.21526165437694195			
BIOCARTA_IL2_PATHWAY	0.21526081579108308			
GSE1925_CTRL_VS_24H_IFNG_STIM_IFNG_PRIMED_MACROPHAGE_DN	0.2152600428388857			
GO_REGULATION_OF_MAINTENANCE_OF_SISTER_CHROMATID_COHESION	0.21525909907566043			
GO_ATTACHMENT_OF_SPINDLE_MICROTUBULES_TO_KINETOCHORE	0.2152584227128908			
GSE22103_UNSTIM_VS_LPS_STIM_NEUTROPHIL_UP	0.21525804502598225			
LEE_DOUBLE_POLAR_THYMOCYTE	0.2152566945929478			
NABA_ECM_AFFILIATED	0.21524974641987765			
GSE16385_IFNG_TNF_VS_UNSTIM_MACROPHAGE_ROSIGLITAZONE_TREATED_DN	0.2152465629431328			
GO_ONE_CARBON_COMPOUND_TRANSPORT	0.21524285870997126			
GO_MAINTENANCE_OF_CENTROSOME_LOCATION	0.21523057788032937			
REACTOME_CLASS_I_MHC_MEDIATED_ANTIGEN_PROCESSING_PRESENTATION	0.21522856960399878			
MIR613	0.21522509882130791			
GSE19374_UNINF_VS_LISTERIA_INFECTED_MACROPHAGE_UP	0.21521224823793006			
GO_RESPIRATORY_BURST_INVOLVED_IN_INFLAMMATORY_RESPONSE	0.2152085361397788			
chr8p22	0.21520633879150222			
GSE17721_CTRL_VS_LPS_8H_BMDC_DN	0.21520375930320196			
MIR3920	0.21520353355164262			
GO_REGULATION_OF_TOLL_LIKE_RECEPTOR_3_SIGNALING_PATHWAY	0.21519687957638442			
GSE22886_NAIVE_CD4_TCELL_VS_48H_ACT_TH1_DN	0.21519132995312604			
GSE39556_UNTREATED_VS_3H_POLYIC_INJ_MOUSE_NK_CELL_DN	0.21518836368868913			
GSE29949_CD8_POS_DC_SPLEEN_VS_MONOCYTE_BONE_MARROW_UP	0.2151874561218813			
MIR766_3P	0.21518570284431074			
GSE3039_ALPHAALPHA_CD8_TCELL_VS_B1_BCELL_UP	0.21518390318150996			
GO_GLUCOSAMINE_CONTAINING_COMPOUND_CATABOLIC_PROCESS	0.2151828571035301			
KEGG_NON_HOMOLOGOUS_END_JOINING	0.2151812433059651			
ZIRN_TRETINOIN_RESPONSE_UP	0.21517781974453734			
GO_NUCLEAR_BODY	0.21516688087419994			
BIOCARTA_TCYTOTOXIC_PATHWAY	0.21514495271971032			
REACTOME_INTERLEUKIN_7_SIGNALING	0.2151437471486339			
GSE27786_LSK_VS_NKCELL_UP	0.21514300095677144			
GO_SUPEROXIDE_GENERATING_NADPH_OXIDASE_ACTIVATOR_ACTIVITY	0.21514277179180546			
GO_RESPONSE_TO_FLUORIDE	0.2151343101486696			
KEGG_BUTANOATE_METABOLISM	0.21512965651354257			
chr12q24	0.21512465906166425			
GSE1791_CTRL_VS_NEUROMEDINU_IN_T_CELL_LINE_0.8H_DN	0.21512415397889417			
MIR5100	0.2151224969072763			
GO_OLIGOPEPTIDE_TRANSPORT	0.21511549788157797			
MIR493_3P	0.21511308925256112			
GO_HEPATIC_STELLATE_CELL_ACTIVATION	0.215106668416361			
GSE2770_UNTREATED_VS_IL12_TREATED_ACT_CD4_TCELL_2H_DN	0.2151021875740285			
GSE2770_IL12_ACT_VS_ACT_CD4_TCELL_48H_DN	0.21509929666805197			
PID_AURORA_B_PATHWAY	0.21509879090872994			
AR_01	0.21509717862006347			
GO_DNA_REPLICATION_FACTOR_C_COMPLEX	0.2150765954882505			
chr7q33	0.21507570809050133			
MIR3124_3P	0.2150716996774399			
IZADPANAH_STEM_CELL_ADIPOSE_VS_BONE_DN	0.2150702378961898			
SASAKI_ADULT_T_CELL_LEUKEMIA	0.21506412974901642			
REACTOME_C_TYPE_LECTIN_RECEPTORS_CLRS	0.2150609636504648			
GO_ACTIN_FILAMENT	0.2150589089972427			
GO_NEGATIVE_REGULATION_OF_INTERLEUKIN_1_MEDIATED_SIGNALING_PATHWAY	0.21505521311786385			
GSE29618_LAIV_VS_TIV_FLU_VACCINE_DAY7_PDC_UP	0.21505282231937423			
GO_AMINO_SUGAR_BIOSYNTHETIC_PROCESS	0.21504997886319294			
VANLOO_SP3_TARGETS_UP	0.21504954079019795			
chrXq23	0.21504192365350192			
GO_ANTIBIOTIC_CATABOLIC_PROCESS	0.2150415162084008			
GSE28449_WT_VS_LRF_KO_GERMINAL_CENTER_BCELL_DN	0.21504011805943973			
LEE_EARLY_T_LYMPHOCYTE_UP	0.2150392000399073			
GO_OSTEOCLAST_FUSION	0.21503854540088688			
GO_EATING_BEHAVIOR	0.21503846267029064			
GSE37416_0H_VS_12H_F_TULARENSIS_LVS_NEUTROPHIL_DN	0.21502825844723805			
ATTACAT_MIR3803P	0.21502369563123028			
GO_MICROVESICLE	0.215023439298894			
MIR4495	0.21501641294561738			
GSE22886_NAIVE_CD8_TCELL_VS_NEUTROPHIL_UP	0.21501364266968717			
LEF1_UP.V1_UP	0.21501336519988778			
GO_REGULATION_OF_RESPONSE_TO_CYTOKINE_STIMULUS	0.2150072260468082			
GSE16385_UNTREATED_VS_12H_ROSIGLITAZONE_IL4_TREATED_MACROPHAGE_DN	0.21499861712754698			
ZNF544_TARGET_GENES	0.21499371340922185			
SIG_IL4RECEPTOR_IN_B_LYPHOCYTES	0.21497714282790426			
REACTOME_PLATELET_SENSITIZATION_BY_LDL	0.21497537679066153			
MIR432_3P	0.21497116965866156			
GO_PANTOTHENATE_METABOLIC_PROCESS	0.21496824823591426			
GSE17721_12H_VS_24H_POLYIC_BMDC_DN	0.21495646155202666			
GENTILE_UV_HIGH_DOSE_DN	0.21495156141955188			
GO_EMBRYONIC_BRAIN_DEVELOPMENT	0.21493966750022367			
GO_REGULATION_OF_DEOXYRIBONUCLEASE_ACTIVITY	0.21493098436218291			
GO_OVULATION_CYCLE	0.21493089639464513			
IPA_NR1H2_DN	0.21492899987950836			
GSE5542_IFNA_VS_IFNA_AND_IFNG_TREATED_EPITHELIAL_CELLS_6H_DN	0.21490522525073522			
GSE43863_NAIVE_VS_LY6C_INT_CXCR5POS_CD4_EFF_TCELL_D6_LCMV_DN	0.21490409366140353			
GO_MITOTIC_CYTOKINESIS	0.21490375555498484			
GO_B_CELL_DIFFERENTIATION	0.21490227333303089			
GAVIN_FOXP3_TARGETS_CLUSTER_T4	0.2148972156018793			
GO_3_5_CYCLIC_GMP_PHOSPHODIESTERASE_ACTIVITY	0.2148939046973384			
chr1p35	0.21488288485759813			
GO_REGULATION_OF_CYTOSKELETON_ORGANIZATION	0.21487977782020506			
GO_NEGATIVE_REGULATION_OF_NF_KAPPAB_TRANSCRIPTION_FACTOR_ACTIVITY	0.2148490504323706			
REACTOME_TRANSCRIPTIONAL_REGULATION_OF_GRANULOPOIESIS	0.21483017065862484			
GSE27786_ERYTHROBLAST_VS_MONO_MAC_DN	0.21482820450245887			
GO_VASCULAR_ENDOTHELIAL_GROWTH_FACTOR_BINDING	0.2148173610943139			
GO_EXTRINSIC_APOPTOTIC_SIGNALING_PATHWAY	0.2148167888406729			
GO_VITAMIN_D_METABOLIC_PROCESS	0.214816765047722			
ZHU_CMV_8_HR_UP	0.2148151779083853			
GO_REGULATION_OF_CARDIAC_VASCULAR_SMOOTH_MUSCLE_CELL_DIFFERENTIATION	0.214803711748096			
GO_RIPOPTOSOME	0.2147987676373936			
GO_RESPONSE_TO_CAMPTOTHECIN	0.21479317233837464			
GO_NON_RECOMBINATIONAL_REPAIR	0.21478929159670662			
MIR5009_3P	0.21478744996157326			
LY_AGING_OLD_UP	0.21478542879934762			
GO_RESPONSE_TO_RETINOIC_ACID	0.2147798603953595			
REACTOME_PTEN_REGULATION	0.21477792217149566			
REACTOME_ERYTHROPOIETIN_ACTIVATES_RAS	0.2147771995460342			
GSE10240_CTRL_VS_IL17_STIM_PRIMARY_BRONCHIAL_EPITHELIAL_CELLS_DN	0.2147728559731732			
GSE40277_GATA1_AND_SATB1_TRANSDUCED_VS_CTRL_CD4_TCELL_UP	0.2147683071104452			
MIR4709_3P	0.21476630138001376			
GSE11884_WT_VS_FURIN_KO_NAIVE_CD4_TCELL_DN	0.2147639515711002			
GSE360_L_DONOVANI_VS_B_MALAYI_LOW_DOSE_MAC_DN	0.21476386930560318			
GSE22611_NOD2_VS_MUTANT_NOD2_TRANSDUCED_HEK293T_CELL_UP	0.21476078937016543			
GO_EUKARYOTIC_TRANSLATION_INITIATION_FACTOR_3_COMPLEX_EIF3M	0.21475531074479276			
GSE3982_BCELL_VS_EFF_MEMORY_CD4_TCELL_UP	0.21474745501186762			
GO_SMALL_NUCLEOLAR_RIBONUCLEOPROTEIN_COMPLEX_ASSEMBLY	0.2147474333897421			
GO_PURINE_NUCLEOBASE_TRANSPORT	0.214742175805345			
GO_EXTRACELLULAR_MATRIX	0.21472970185913298			
GSE13484_12H_UNSTIM_VS_YF17D_VACCINE_STIM_PBMC_DN	0.21471755150898716			
ISHIDA_E2F_TARGETS	0.21471599508519235			
GSE1925_CTRL_VS_24H_IFNG_STIM_IFNG_PRIMED_MACROPHAGE_UP	0.2147135249373257			
GSE17974_0.5H_VS_72H_IL4_AND_ANTI_IL12_ACT_CD4_TCELL_DN	0.21471284535846147			
GSE17721_POLYIC_VS_CPG_8H_BMDC_DN	0.21470731921206349			
MIR655_5P	0.21470440564247104			
GSE40274_FOXP3_VS_FOXP3_AND_EOS_TRANSDUCED_ACTIVATED_CD4_TCELL_DN	0.21470196449785003			
GSE22886_NAIVE_BCELL_VS_BM_PLASMA_CELL_UP	0.21470108406337576			
BIOCARTA_NOS1_PATHWAY	0.21469881146061265			
GO_POSITIVE_REGULATION_OF_LIPASE_ACTIVITY	0.2146876990280441			
GO_NUCLEOSIDE_CATABOLIC_PROCESS	0.21468621922669923			
REACTOME_VEGF_LIGAND_RECEPTOR_INTERACTIONS	0.21467652074360785			
GSE2405_0H_VS_3H_A_PHAGOCYTOPHILUM_STIM_NEUTROPHIL_DN	0.21467371653376194			
GO_NOREPINEPHRINE_BINDING	0.214673224824129			
YAGUE_PRETUMOR_DRUG_RESISTANCE_DN	0.2146698435739887			
GSE19198_6H_VS_24H_IL21_TREATED_TCELL_UP	0.21466736862435837			
TARTE_PLASMA_CELL_VS_B_LYMPHOCYTE_UP	0.2146670684838375			
GARGALOVIC_RESPONSE_TO_OXIDIZED_PHOSPHOLIPIDS_BLACK_UP	0.21466227278597708			
GO_REGULATION_OF_CAMP_MEDIATED_SIGNALING	0.21466102875598975			
GO_NUCLEOLUS	0.2146562188536937			
BIOCARTA_RECK_PATHWAY	0.21465457836220805			
GSE22935_WT_VS_MYD88_KO_MACROPHAGE_12H_MBOVIS_BCG_STIM_DN	0.21464959423869803			
chr1q31	0.21464847373458637			
GSE17721_POLYIC_VS_PAM3CSK4_0.5H_BMDC_UP	0.21464638498474062			
GSE7852_LN_VS_FAT_TREG_DN	0.21464181589753484			
GO_NEGATIVE_REGULATION_OF_CELL_MATRIX_ADHESION	0.21463980705415767			
GSE39820_TGFBETA1_VS_TGFBETA3_IN_IL6_TREATED_CD4_TCELL_DN	0.21463692885426494			
KEGG_VALINE_LEUCINE_AND_ISOLEUCINE_BIOSYNTHESIS	0.2146327482360963			
WU_APOPTOSIS_BY_CDKN1A_NOT_VIA_TP53	0.2146325849990272			
GSE2770_TGFB_AND_IL4_ACT_VS_ACT_CD4_TCELL_48H_UP	0.21463231379998984			
REACTOME_NOTCH_HLH_TRANSCRIPTION_PATHWAY	0.21461895114230464			
MALONEY_RESPONSE_TO_17AAG_DN	0.21461891108159337			
GAUSSMANN_MLL_AF4_FUSION_TARGETS_D_UP	0.214615942491937			
GO_CARDIOLIPIN_BINDING	0.21461508180091773			
EBNA1BP2_TARGET_GENES	0.21461395618983226			
GO_RECEPTOR_MEDIATED_VIRION_ATTACHMENT_TO_HOST_CELL	0.21459689052586128			
GSE37532_VISCERAL_ADIPOSE_TISSUE_VS_LN_DERIVED_PPARG_KO_TREG_CD4_TCELL_UP	0.21459603304190017			
GARGALOVIC_RESPONSE_TO_OXIDIZED_PHOSPHOLIPIDS_LIGHTGREEN_DN	0.21459446736479768			
GO_GUANOSINE_CONTAINING_COMPOUND_METABOLIC_PROCESS	0.21459069419108767			
GO_MACROPHAGE_INFLAMMATORY_PROTEIN_1_ALPHA_PRODUCTION	0.21458487230604556			
GO_POSITIVE_REGULATION_OF_CELL_MIGRATION_INVOLVED_IN_SPROUTING_ANGIOGENESIS	0.21458440759570915			
GO_POSITIVE_REGULATION_OF_CELL_GROWTH	0.21458161018085742			
GO_SYNAPTONEMAL_COMPLEX_ORGANIZATION	0.21457657870640154			
GSE11924_TFH_VS_TH17_CD4_TCELL_DN	0.21456916439489185			
SHIPP_DLBCL_CURED_VS_FATAL_DN	0.21456523755624418			
REACTOME_COMPLEMENT_CASCADE	0.21456377894718898			
REACTOME_METABOLISM_OF_CARBOHYDRATES	0.2145592270289926			
KEGG_PYRUVATE_METABOLISM	0.21455563054938517			
GSE21380_NON_TFH_VS_GERMINAL_CENTER_TFH_CD4_TCELL_DN	0.21455392564322823			
GO_MESODERM_DEVELOPMENT	0.21455021048684011			
GSE3982_EOSINOPHIL_VS_MAC_DN	0.21454858397331242			
GSE14769_20MIN_VS_360MIN_LPS_BMDM_DN	0.21454544930557437			
KIM_WT1_TARGETS_8HR_DN	0.21454470454792185			
ZNF585B_TARGET_GENES	0.21454323940306153			
GO_POSITIVE_REGULATION_OF_CELLULAR_RESPONSE_TO_DRUG	0.21453754326724192			
GO_PROTEIN_CHROMOPHORE_LINKAGE	0.21453478107631244			
GO_ERROR_PRONE_TRANSLESION_SYNTHESIS	0.21453210713200266			
REACTOME_PLATELET_ACTIVATION_SIGNALING_AND_AGGREGATION	0.2145320955329558			
GO_PROTON_TRANSMEMBRANE_TRANSPORT	0.21452676734529266			
GO_INTEGRATOR_COMPLEX	0.21452607477979202			
GO_REGULATION_OF_NATURAL_KILLER_CELL_DIFFERENTIATION_INVOLVED_IN_IMMUNE_RESPONSE	0.21452469117236525			
MIR938	0.2145212017935815			
GSE21360_PRIMARY_VS_SECONDARY_MEMORY_CD8_TCELL_UP	0.21451956030973332			
GSE20715_WT_VS_TLR4_KO_48H_OZONE_LUNG_UP	0.21451353484211885			
GSE37533_PPARG1_FOXP3_VS_PPARG2_FOXP3_TRANSDUCED_CD4_TCELL_DN	0.21451306511204093			
GO_MICROTUBULE_PLUS_END_BINDING	0.21449827371171445			
GO_REGULATION_OF_B_CELL_PROLIFERATION	0.21448111149557056			
GO_HISTONE_BINDING	0.21447511551238074			
GSE26928_NAIVE_VS_CENT_MEMORY_CD4_TCELL_UP	0.2144748841163807			
GSE19401_UNSTIM_VS_RETINOIC_ACID_AND_PAM2CSK4_STIM_FOLLICULAR_DC_DN	0.21446579861491216			
MIR573	0.21446063578117455			
GO_AMINE_BINDING	0.21445950078153914			
KASLER_HDAC7_TARGETS_1_DN	0.21445782308168151			
GSE5589_IL6_KO_VS_IL10_KO_LPS_AND_IL10_STIM_MACROPHAGE_45MIN_DN	0.2144568155477937			
MIR194_5P	0.2144519158935442			
GSE14000_TRANSLATED_RNA_VS_MRNA_16H_LPS_DC_DN	0.21444380911253583			
GSE40666_UNTREATED_VS_IFNA_STIM_STAT1_KO_CD8_TCELL_90MIN_UP	0.21444057369694952			
GO_NUCLEAR_LAMINA	0.21442979116699573			
CHEN_ETV5_TARGETS_SERTOLI	0.21442841460651005			
GO_PYRIMIDINE_NUCLEOTIDE_SALVAGE	0.2144283466847982			
GO_NEGATIVE_REGULATION_OF_RECEPTOR_SIGNALING_PATHWAY_VIA_JAK_STAT	0.21442723393742652			
STAMBOLSKY_TARGETS_OF_MUTATED_TP53_DN	0.21442567235934176			
WANG_RESPONSE_TO_FORSKOLIN_DN	0.21442441283902672			
GO_LEFT_RIGHT_AXIS_SPECIFICATION	0.21441656648410332			
GSE40274_CTRL_VS_EOS_TRANSDUCED_ACTIVATED_CD4_TCELL_DN	0.2144138936812361			
GO_NEGATIVE_REGULATION_OF_CELL_SUBSTRATE_ADHESION	0.21440966819454518			
GSE5099_MONOCYTE_VS_CLASSICAL_M1_MACROPHAGE_DN	0.214407389939924			
GO_RIBOSOMAL_LARGE_SUBUNIT_BIOGENESIS	0.21440455513180287			
GO_SARCOPLASM	0.21439859477532633			
GO_NEGATIVE_REGULATION_OF_OSTEOCLAST_DIFFERENTIATION	0.21439362879806384			
NAKAMURA_BRONCHIAL_AND_BRONCHIOLAR_EPITHELIA	0.21439353652725118			
GO_INTERFERON_BETA_PRODUCTION	0.21439065247684477			
GO_INTRINSIC_COMPONENT_OF_VACUOLAR_MEMBRANE	0.21438942241781309			
MIR548AR_3P	0.21438778207467626			
BOYLAN_MULTIPLE_MYELOMA_PCA1_DN	0.21438424849798512			
chr18q21	0.21437751447299955			
GSE22919_RESTING_VS_IL2_IL12_IL15_STIM_NK_CELL_UP	0.21437475563075847			
GSE5589_WT_VS_IL6_KO_LPS_AND_IL6_STIM_MACROPHAGE_45MIN_UP	0.2143664541178903			
GO_CYTOKINE_SECRETION_INVOLVED_IN_IMMUNE_RESPONSE	0.2143648714983671			
GSE360_L_DONOVANI_VS_B_MALAYI_HIGH_DOSE_DC_UP	0.2143639103038021			
GO_REGULATION_OF_UNSATURATED_FATTY_ACID_BIOSYNTHETIC_PROCESS	0.21435937801872246			
KEGG_ALLOGRAFT_REJECTION	0.21435460370326814			
GO_DISTAL_TUBULE_DEVELOPMENT	0.214353108004836			
GSE25677_MPL_VS_MPL_AND_R848_STIM_BCELL_UP	0.21435267181571035			
GSE17721_POLYIC_VS_GARDIQUIMOD_1H_BMDC_DN	0.21435153987663316			
MIR6847_3P	0.21434695900608172			
GSE17721_CTRL_VS_LPS_12H_BMDC_UP	0.2143410066640025			
RIZKI_TUMOR_INVASIVENESS_2D_UP	0.21433623083850994			
IPA_HOXC13_UP	0.21433465774160115			
GSE14908_ATOPIC_VS_NONATOPIC_PATIENT_HDM_STIM_CD4_TCELL_UP	0.21433196465141072			
GO_POSTTRANSLATIONAL_PROTEIN_TARGETING_TO_ENDOPLASMIC_RETICULUM_MEMBRANE	0.21432767741931066			
MIR4699_3P	0.21432269049922612			
GSE22886_DAY1_VS_DAY7_MONOCYTE_IN_CULTURE_UP	0.21432217637711176			
GO_ORGANELLE_MEMBRANE_FUSION	0.21431954102654338			
REACTOME_NOD1_2_SIGNALING_PATHWAY	0.21431925927274773			
MIR10393_5P	0.21431455730577686			
GO_MAINTENANCE_OF_DNA_METHYLATION	0.21431224704875626			
GSE15930_NAIVE_VS_72H_IN_VITRO_STIM_CD8_TCELL_DN	0.21431059412263623			
GSE39110_UNTREATED_VS_IL2_TREATED_CD8_TCELL_DAY6_POST_IMMUNIZATION_DN	0.21430993470796697			
MIR181C_5P	0.21430674416681658			
MIR651_3P	0.21430141696624083			
GSE557_WT_VS_CIITA_KO_DC_UP	0.21429967682362222			
MIR2053	0.21429940266648667			
KYNG_DNA_DAMAGE_BY_GAMMA_RADIATION	0.2142986278390544			
IPA_JDP2_UP	0.21429119495087504			
IPA_IKZF4_DN	0.21429119495087504			
SCHUHMACHER_MYC_TARGETS_DN	0.21428848398059183			
GSE17721_POLYIC_VS_GARDIQUIMOD_24H_BMDC_DN	0.21428543523438567			
GO_RNA_POLYMERASE_II_ACTIVATING_TRANSCRIPTION_FACTOR_BINDING	0.21428290751450335			
GO_HISTONE_ARGININE_METHYLATION	0.21428223540861827			
GO_VERY_LOW_DENSITY_LIPOPROTEIN_PARTICLE_REMODELING	0.21428148058721075			
GO_K63_LINKED_POLYUBIQUITIN_MODIFICATION_DEPENDENT_PROTEIN_BINDING	0.21427155721791544			
MIR1470	0.21426028664914268			
SABATES_COLORECTAL_ADENOMA_DN	0.2142570069376091			
MIR96_3P	0.21425153309584333			
DARWICHE_SQUAMOUS_CELL_CARCINOMA_UP	0.21425084127953456			
TCTGATC_MIR383	0.21424264011803154			
GO_CELLULAR_RESPONSE_TO_OSMOTIC_STRESS	0.21423810612449148			
GO_POSITIVE_REGULATION_OF_LIPID_STORAGE	0.21423361121563872			
GO_SORTING_ENDOSOME	0.21423115710489488			
LEE_CALORIE_RESTRICTION_MUSCLE_UP	0.21422672668680154			
GSE22886_NAIVE_CD4_TCELL_VS_NKCELL_UP	0.21422377525138736			
chr9p24	0.21422215954715776			
SCHLOSSER_MYC_TARGETS_AND_SERUM_RESPONSE_UP	0.21421363507935087			
GO_RELEASE_OF_SEQUESTERED_CALCIUM_ION_INTO_CYTOSOL_BY_ENDOPLASMIC_RETICULUM	0.2142059352927059			
CEBPGAMMA_Q6	0.21420462672665974			
GO_PERICYTE_CELL_DIFFERENTIATION	0.2142042738072442			
JOSEPH_RESPONSE_TO_SODIUM_BUTYRATE_UP	0.21419530313107538			
GO_NEGATIVE_REGULATION_OF_IMMUNOGLOBULIN_PRODUCTION	0.21419425217123603			
GSE3982_EFF_MEMORY_CD4_TCELL_VS_NKCELL_UP	0.21419216603684807			
GSE13229_MATURE_VS_INTMATURE_NKCELL_DN	0.2141903964432906			
GO_AMINOACYL_TRNA_SYNTHETASE_MULTIENZYME_COMPLEX	0.21418972440264966			
PARK_HSC_AND_MULTIPOTENT_PROGENITORS	0.21418665268528753			
PETROVA_ENDOTHELIUM_LYMPHATIC_VS_BLOOD_DN	0.21418407640322454			
GSE3039_NKT_CELL_VS_B1_BCELL_UP	0.2141824928278227			
GSE37605_FOXP3_FUSION_GFP_VS_IRES_GFP_TREG_C57BL6_DN	0.214181276788676			
NABA_PROTEOGLYCANS	0.21418027813247567			
GO_NODAL_SIGNALING_PATHWAY	0.21417272516827934			
GSE16450_IMMATURE_VS_MATURE_NEURON_CELL_LINE_6H_IFNA_STIM_DN	0.2141679213536665			
GSE17721_LPS_VS_GARDIQUIMOD_16H_BMDC_UP	0.21416712005784225			
GO_REGULATION_OF_RESPONSE_TO_WOUNDING	0.2141527844980482			
GO_RESPONSE_TO_ANTIBIOTIC	0.2141438378554687			
GSE23321_CD8_STEM_CELL_MEMORY_VS_CENTRAL_MEMORY_CD8_TCELL_UP	0.21414081312843217			
STEARMAN_LUNG_CANCER_EARLY_VS_LATE_UP	0.2141367221096851			
GSE24634_TEFF_VS_TCONV_DAY7_IN_CULTURE_DN	0.2141340860838653			
RAY_TARGETS_OF_P210_BCR_ABL_FUSION_UP	0.21412649090613353			
MIR1296_5P	0.21411192125181194			
GO_OXIDOREDUCTASE_ACTIVITY_ACTING_ON_CH_OR_CH2_GROUPS	0.21410772944682072			
HES4_TARGET_GENES	0.21410536825853135			
GO_REGULATION_OF_DENDRITIC_CELL_CHEMOTAXIS	0.2140860703504052			
GO_GEMINI_OF_COILED_BODIES	0.21407832872314586			
GO_CRANIAL_GANGLION_DEVELOPMENT	0.21407737883720895			
IPA_PAF1_UP	0.2140772765903503			
GO_REGULATION_OF_HUMORAL_IMMUNE_RESPONSE_MEDIATED_BY_CIRCULATING_IMMUNOGLOBULIN	0.2140635275739029			
GO_ACTIN_FILAMENT_NETWORK_FORMATION	0.2140612563694004			
IIZUKA_LIVER_CANCER_EARLY_RECURRENCE	0.2140586296378823			
MIR181A_5P_MIR181B_5P	0.21405572639913167			
GSE22886_NAIVE_CD8_TCELL_VS_MONOCYTE_DN	0.21405483088874738			
GO_INTERLEUKIN_1_MEDIATED_SIGNALING_PATHWAY	0.21404044355942106			
GSE14769_UNSTIM_VS_360MIN_LPS_BMDM_DN	0.21403770128376245			
REACTOME_KINESINS	0.21403431715706173			
KANG_IMMORTALIZED_BY_TERT_UP	0.21403146392453784			
GO_MICROGLIAL_CELL_MIGRATION	0.21402964314040948			
GSE32901_TH1_VS_TH17_ENRICHED_CD4_TCELL_DN	0.2140283543495724			
MIR6830_3P	0.21402806468891894			
GSE28726_NAIVE_CD4_TCELL_VS_NAIVE_NKTCELL_DN	0.21402668828417223			
GSE43955_TH0_VS_TGFB_IL6_TH17_ACT_CD4_TCELL_20H_DN	0.21402302884373844			
GSE28737_WT_VS_BCL6_KO_MARGINAL_ZONE_BCELL_UP	0.21402158189275433			
GSE17721_CTRL_VS_PAM3CSK4_24H_BMDC_DN	0.21401882783354811			
GO_INTERLEUKIN_2_BINDING	0.2140173964551492			
GO_NEGATIVE_REGULATION_OF_PROTEIN_K63_LINKED_UBIQUITINATION	0.21401529304236272			
GSE3982_MEMORY_CD4_TCELL_VS_BCELL_DN	0.21401274679477747			
GSE19772_CTRL_VS_HCMV_INF_MONOCYTES_DN	0.21400878466096246			
GO_T_CELL_ACTIVATION_VIA_T_CELL_RECEPTOR_CONTACT_WITH_ANTIGEN_BOUND_TO_MHC_MOLECULE_ON_ANTIGEN_PRESENTING_CELL	0.21400019748033458			
YIH_RESPONSE_TO_ARSENITE_C4	0.21400015189055846			
CLASPER_LYMPHATIC_VESSELS_DURING_METASTASIS_DN	0.21399726245243314			
MIR3191_5P	0.2139901517288132			
GO_DNA_METABOLIC_PROCESS	0.21398426742525975			
TURASHVILI_BREAST_DUCTAL_CARCINOMA_VS_LOBULAR_NORMAL_UP	0.2139767346878681			
IPA_NFKB2_UP	0.21397528926890094			
MURATA_VIRULENCE_OF_H_PILORI	0.21397486260512663			
GHANDHI_BYSTANDER_IRRADIATION_UP	0.21396488046832873			
GO_PROTEIN_HYDROXYLATION	0.2139593531926563			
MIR141_5P	0.2139587885318088			
MIR6775_5P	0.21395629734646404			
REACTOME_MITOTIC_PROMETAPHASE	0.2139520941688884			
GSE22886_UNSTIM_VS_STIM_MEMORY_TCELL_DN	0.21394986084996304			
GSE17721_CTRL_VS_POLYIC_8H_BMDC_DN	0.21394740671419638			
GO_NEGATIVE_REGULATION_OF_HISTONE_H3_K9_TRIMETHYLATION	0.21393707930620337			
GSE29617_CTRL_VS_TIV_FLU_VACCINE_PBMC_2008_DN	0.2139320697454397			
MIR12116	0.21393107651617743			
GO_RAB_GUANYL_NUCLEOTIDE_EXCHANGE_FACTOR_ACTIVITY	0.21393011425348107			
IPA_SIM1_DN	0.21392780359351438			
GSE3039_B2_VS_B1_BCELL_UP	0.21391821565836047			
GSE13547_WT_VS_ZFX_KO_BCELL_ANTI_IGM_STIM_12H_DN	0.2139013276319589			
PTEN_DN.V1_DN	0.21389950931426766			
REACTOME_RESPONSE_OF_EIF2AK1_HRI_TO_HEME_DEFICIENCY	0.21389794294047182			
WILCOX_RESPONSE_TO_PROGESTERONE_DN	0.21389549586269782			
GO_TRNA_WOBBLE_BASE_MODIFICATION	0.2138928162724105			
GO_REGULATION_OF_DNA_REPLICATION	0.21389131403524955			
GSE36888_UNTREATED_VS_IL2_TREATED_STAT5_AB_KNOCKIN_TCELL_6H_UP	0.21388913777928978			
MIR6501_5P	0.2138867432099463			
MIR5590_5P	0.21388304934581295			
MIR6844	0.21387768521957012			
GSE45365_CD8A_DC_VS_CD11B_DC_UP	0.21387742232280335			
GSE21063_CTRL_VS_ANTI_IGM_STIM_BCELL_3H_DN	0.21387722357183195			
IPA_KLF11_DN	0.2138695076520125			
GO_RIBOSOMAL_SMALL_SUBUNIT_ASSEMBLY	0.21386820576873092			
REACTOME_NOTCH1_INTRACELLULAR_DOMAIN_REGULATES_TRANSCRIPTION	0.21386815785639512			
MIR548O_3P	0.21386380055654777			
GO_REGULATION_OF_EXECUTION_PHASE_OF_APOPTOSIS	0.2138556227073104			
RUTELLA_RESPONSE_TO_HGF_VS_CSF2RB_AND_IL4_UP	0.21384946293819787			
GSE3982_EOSINOPHIL_VS_TH2_DN	0.21384309852825223			
GO_ENTRY_INTO_HOST	0.2138426777836181			
GSE15271_CXCR4_POS_VS_NEG_GC_BCELL_UP	0.2138412743990577			
GU_PDEF_TARGETS_UP	0.21383267115091892			
IPA_YBX1_UP	0.21383079967905438			
GSE2585_AIRE_KO_VS_WT_CD80_HIGH_MTEC_DN	0.213826699638711			
REACTOME_PROTON_COUPLED_MONOCARBOXYLATE_TRANSPORT	0.2138232172076162			
YAO_TEMPORAL_RESPONSE_TO_PROGESTERONE_CLUSTER_15	0.2138201207220471			
GO_METHIONINE_BIOSYNTHETIC_PROCESS	0.21381798776727762			
SAFFORD_T_LYMPHOCYTE_ANERGY	0.2138177368765222			
GO_REGULATION_OF_VASOCONSTRICTION	0.21381685191400976			
GSE29617_CTRL_VS_DAY3_TIV_FLU_VACCINE_PBMC_2008_UP	0.21381281412064387			
MIR4687_5P	0.21380846694221647			
TFAM_TARGET_GENES	0.21380047548408299			
REACTOME_PYRIMIDINE_CATABOLISM	0.21380036907250233			
HOXC11_TARGET_GENES	0.21379946413009546			
GSE12392_IFNAR_KO_VS_IFNB_KO_CD8_NEG_SPLEEN_DC_DN	0.2137967162407327			
GO_PHOSPHATIDYLINOSITOL_3_KINASE_COMPLEX	0.2137945421007237			
GSE11961_FOLLICULAR_BCELL_VS_PLASMA_CELL_DAY7_UP	0.2137907120216332			
REACTOME_DISEASES_OF_BASE_EXCISION_REPAIR	0.21379025583975925			
GO_MITOTIC_METAPHASE_PLATE_CONGRESSION	0.21377132586877204			
GSE9006_HEALTHY_VS_TYPE_1_DIABETES_PBMC_1MONTH_POST_DX_UP	0.2137646789793096			
GSE11961_FOLLICULAR_BCELL_VS_PLASMA_CELL_DAY7_DN	0.2137638650704853			
HENDRICKS_SMARCA4_TARGETS_DN	0.21376281400112454			
MIR6779_3P	0.21376039398823818			
IK1_01	0.21375988197499932			
GSE21927_SPLEEN_C57BL6_VS_EL4_TUMOR_BALBC_MONOCYTES_UP	0.2137532604163481			
GSE1432_1H_VS_24H_IFNG_MICROGLIA_UP	0.21375224280747515			
GSE21063_CTRL_VS_ANTI_IGM_STIM_BCELL_16H_UP	0.21374958404542135			
GO_ANTIGEN_PROCESSING_AND_PRESENTATION_OF_ENDOGENOUS_ANTIGEN	0.21373513649465856			
DALESSIO_TSA_RESPONSE	0.21373062725366598			
MIR660_3P	0.2137253407054655			
SCHRAETS_MLL_TARGETS_DN	0.21372161645842797			
GO_REGULATION_OF_ACYL_COA_BIOSYNTHETIC_PROCESS	0.21371872476551537			
GO_ORGANOPHOSPHATE_METABOLIC_PROCESS	0.2137184566106766			
GSE17721_POLYIC_VS_PAM3CSK4_24H_BMDC_DN	0.21371830606559086			
EINAV_INTERFERON_SIGNATURE_IN_CANCER	0.21371243598796727			
FIGUEROA_AML_METHYLATION_CLUSTER_3_UP	0.2137123711557935			
GO_COMPLEMENT_COMPONENT_C3B_BINDING	0.2137096169139948			
GO_PROTOPORPHYRINOGEN_IX_BIOSYNTHETIC_PROCESS	0.21370368752654206			
MIR518C_5P	0.21370143533649136			
GO_VIRION_ATTACHMENT_TO_HOST_CELL	0.21369346616523344			
GO_NEGATIVE_REGULATION_OF_SMOOTH_MUSCLE_CELL_MIGRATION	0.21368895547783864			
GSE17721_LPS_VS_CPG_16H_BMDC_DN	0.2136873960216069			
GO_INOSITOL_TRISPHOSPHATE_PHOSPHATASE_ACTIVITY	0.21368425542734756			
GSE29618_BCELL_VS_MDC_UP	0.21367914798568563			
GO_CARDIAC_MUSCLE_CONTRACTION	0.2136785992994482			
PID_CD8_TCR_PATHWAY	0.2136780472104892			
BIOCARTA_RANBP2_PATHWAY	0.2136769642075164			
GSE18893_TCONV_VS_TREG_24H_CULTURE_UP	0.213675549488356			
GO_ANTIGEN_BINDING	0.21367142710741716			
THAP1_TARGET_GENES	0.21367033610703176			
MIR181D_5P	0.2136692342079876			
GO_REGULATION_OF_DOUBLE_STRAND_BREAK_REPAIR_VIA_NONHOMOLOGOUS_END_JOINING	0.21366771078074587			
GSE10239_MEMORY_VS_KLRG1INT_EFF_CD8_TCELL_DN	0.21365668545931227			
GO_REGULATION_OF_BINDING_OF_SPERM_TO_ZONA_PELLUCIDA	0.2136549630296177			
GO_EXTRINSIC_COMPONENT_OF_MEMBRANE	0.21365289468163798			
KAECH_DAY8_EFF_VS_MEMORY_CD8_TCELL_DN	0.21364357895012057			
GO_MOTOR_NEURON_AXON_GUIDANCE	0.21363824514447502			
GSE2585_CTEC_VS_THYMIC_DC_UP	0.21363698493068342			
GSE34205_HEALTHY_VS_FLU_INF_INFANT_PBMC_UP	0.21363192339195583			
GSE13547_WT_VS_ZFX_KO_BCELL_ANTI_IGM_STIM_2H_DN	0.213625388512133			
GSE17721_LPS_VS_PAM3CSK4_16H_BMDC_UP	0.21361283678465795			
GO_NEGATIVE_REGULATION_OF_UBIQUITIN_PROTEIN_LIGASE_ACTIVITY	0.21360386285555044			
SHEPARD_BMYB_MORPHOLINO_DN	0.21359783854418407			
GSE41087_WT_VS_FOXP3_MUT_ANTI_CD3_CD28_STIM_CD4_TCELL_UP	0.21359636158130688			
SHIN_B_CELL_LYMPHOMA_CLUSTER_7	0.2135904540684418			
GO_EXTRACELLULAR_MATRIX_BINDING	0.21358989210007176			
GO_PHOSPHATIDYLINOSITOL_3_4_BISPHOSPHATE_BINDING	0.21358529029863466			
GSE26669_CD4_VS_CD8_TCELL_IN_MLR_DN	0.21358519287718877			
GSE32034_UNTREATED_VS_ROSIGLIZATONE_TREATED_LY6C_HIGH_MONOCYTE_DN	0.21358464239243177			
MIR3180_5P	0.21357747091799092			
MIR3649	0.21357425599839605			
REACTOME_CELLULAR_SENESCENCE	0.2135732448687615			
GO_NUCLEOTIDE_EXCISION_REPAIR	0.21357037533256612			
IPA_MYCBP_UP	0.21356660018070497			
GSE4984_UNTREATED_VS_GALECTIN1_TREATED_DC_UP	0.2135652370698645			
GO_INTERLEUKIN_4_MEDIATED_SIGNALING_PATHWAY	0.2135637935788155			
GO_REGULATION_OF_AEROBIC_RESPIRATION	0.21356291396786792			
GO_PEPTIDE_CROSS_LINKING_VIA_CHONDROITIN_4_SULFATE_GLYCOSAMINOGLYCAN	0.21356192727901005			
XU_RESPONSE_TO_TRETINOIN_AND_NSC682994_UP	0.21356046192914266			
HECKER_IFNB1_TARGETS	0.21355869705469538			
GSE20366_EX_VIVO_VS_DEC205_CONVERSION_NAIVE_CD4_TCELL_DN	0.21355333759715706			
GO_TOXIN_BIOSYNTHETIC_PROCESS	0.2135500170532159			
GO_PRONUCLEUS	0.2135486641036875			
GSE20152_SPHK1_KO_VS_WT_HTNFA_OVERXPRESS_ANKLE_UP	0.2135433880746409			
ROZANOV_MMP14_TARGETS_SUBSET	0.21353653690317773			
GSE40274_GATA1_VS_FOXP3_AND_GATA1_TRANSDUCED_ACTIVATED_CD4_TCELL_UP	0.2135325622256107			
DORN_ADENOVIRUS_INFECTION_48HR_UP	0.21352677298210085			
GO_S_ADENOSYLMETHIONINE_DEPENDENT_METHYLTRANSFERASE_ACTIVITY	0.21352030843000902			
REACTOME_NEF_AND_SIGNAL_TRANSDUCTION	0.2135190303011465			
GSE6681_DELETED_FOXP3_VS_WT_TREG_UP	0.2135046847010038			
GO_PHOSPHATIDYLCHOLINE_CATABOLIC_PROCESS	0.21350006741158645			
GSE22443_NAIVE_VS_ACT_AND_IL12_TREATED_CD8_TCELL_UP	0.2134895763736573			
MIR503_5P	0.21348696280659113			
GSE24634_TREG_VS_TCONV_POST_DAY3_IL4_CONVERSION_UP	0.21348227443796738			
GARCIA_TARGETS_OF_FLI1_AND_DAX1_UP	0.21348112954315274			
GO_POSITIVE_REGULATION_OF_TRANSCRIPTION_FROM_RNA_POLYMERASE_II_PROMOTER_IN_RESPONSE_TO_STRESS	0.21347902895578658			
GO_REGULATION_OF_ANATOMICAL_STRUCTURE_MORPHOGENESIS	0.21347523270653715			
GSE5589_LPS_VS_LPS_AND_IL10_STIM_MACROPHAGE_180MIN_UP	0.21346384622166592			
ZNF680_TARGET_GENES	0.21346324351500828			
RICKMAN_HEAD_AND_NECK_CANCER_F	0.21346092281358653			
GSE27786_BCELL_VS_NKCELL_UP	0.2134583415876024			
GSE18791_UNSTIM_VS_NEWCATSLE_VIRUS_DC_2H_DN	0.21345588145939876			
MYB_Q5_01	0.2134535175947737			
TONKS_TARGETS_OF_RUNX1_RUNX1T1_FUSION_SUSTAINED_IN_MONOCYTE_UP	0.21344547529341518			
KEGG_TOLL_LIKE_RECEPTOR_SIGNALING_PATHWAY	0.21344308560481856			
MARCHINI_TRABECTEDIN_RESISTANCE_DN	0.21344138380803138			
GSE2706_UNSTIM_VS_2H_LPS_AND_R848_DC_UP	0.21343336669350454			
GSE21670_STAT3_KO_VS_WT_CD4_TCELL_IL6_TREATED_UP	0.21342461254940506			
GO_GAMMA_AMINOBUTYRIC_ACID_SIGNALING_PATHWAY	0.21342321893453167			
GSE45739_NRAS_KO_VS_WT_ACD3_ACD28_STIM_CD4_TCELL_UP	0.2134225975385645			
GO_PROTEIN_LOCALIZATION_TO_VACUOLE	0.2134174620820509			
GO_REGULATION_OF_MEMBRANE_DEPOLARIZATION	0.21341394422789722			
MIR299_3P	0.21341333284224287			
GO_TRANS_SYNAPTIC_SIGNALING_MODULATING_SYNAPTIC_TRANSMISSION	0.21341046664875357			
BIOCARTA_UCALPAIN_PATHWAY	0.21340667514345285			
WHITFIELD_CELL_CYCLE_G2_M	0.2134056973779247			
GSE25123_ROSIGLITAZONE_VS_IL4_AND_ROSIGLITAZONE_STIM_MACROPHAGE_DAY10_UP	0.21340291302947545			
GSE16385_MONOCYTE_VS_12H_ROSIGLITAZONE_IFNG_TNF_TREATED_MACROPHAGE_UP	0.21339651663483605			
REACTOME_NEGATIVE_REGULATORS_OF_DDX58_IFIH1_SIGNALING	0.21339408186633033			
GRAESSMANN_APOPTOSIS_BY_SERUM_DEPRIVATION_DN	0.2133930135536145			
GO_NEGATIVE_REGULATION_OF_CELL_ADHESION_MEDIATED_BY_INTEGRIN	0.21337840872569994			
MIKKELSEN_NPC_WITH_LCP_H3K27ME3	0.21337471770916883			
GO_REGULATION_OF_CHROMATIN_ASSEMBLY_OR_DISASSEMBLY	0.21337131209256277			
MIR4714_5P	0.21336475181872688			
REACTOME_PEXOPHAGY	0.21336183692466482			
GO_NEGATIVE_REGULATION_OF_EPITHELIAL_CELL_PROLIFERATION	0.21336035440237514			
RAAGNYNNCTTY_UNKNOWN	0.2133588441148431			
GSE27786_NKCELL_VS_ERYTHROBLAST_UP	0.21335783462589344			
MIR371B_5P	0.21335160191431551			
GSE17721_CTRL_VS_LPS_24H_BMDC_UP	0.21335103286582432			
GSE44649_NAIVE_VS_ACTIVATED_CD8_TCELL_MIR155_KO_UP	0.21334250286822484			
SVIL_TARGET_GENES	0.21333676386463035			
GO_GASTRIC_MOTILITY	0.21333654867150417			
GO_NUCLEAR_MEMBRANE	0.21333302805114035			
GO_MEMBRANE_PROTEIN_COMPLEX	0.2133254593776684			
REACTOME_SYNTHESIS_OF_ACTIVE_UBIQUITIN_ROLES_OF_E1_AND_E2_ENZYMES	0.2133246392977955			
GSE22886_NAIVE_CD8_TCELL_VS_DC_DN	0.21331433524460452			
MIR3678_5P	0.21331316056393992			
MIR548AU_3P	0.21330657194761982			
GO_STRIATED_MUSCLE_CELL_APOPTOTIC_PROCESS	0.21330199693835947			
GO_DETECTION_OF_EXTERNAL_BIOTIC_STIMULUS	0.21329806204385293			
GSE7852_TREG_VS_TCONV_UP	0.21329366469169636			
MIR1911_5P	0.21329242053924416			
GSE7219_WT_VS_NIK_NFKB2_KO_LPS_AND_ANTI_CD40_STIM_DC_DN	0.2132911688240216			
GO_NEGATIVE_REGULATION_OF_AMINO_ACID_TRANSPORT	0.21328762454520914			
GO_METANEPHRIC_EPITHELIUM_DEVELOPMENT	0.21327762480757959			
REACTOME_SIGNALLING_TO_P38_VIA_RIT_AND_RIN	0.21326891802497644			
GO_POSITIVE_REGULATION_OF_INTERFERON_GAMMA_PRODUCTION	0.213268715611398			
REACTOME_ANTIGEN_PRESENTATION_FOLDING_ASSEMBLY_AND_PEPTIDE_LOADING_OF_CLASS_I_MHC	0.2132621950484131			
GSE43957_UNTREATED_VS_NACL_TREATED_ANTI_CD3_CD28_STIM_CD4_TCELL_DN	0.21325322408272865			
BIOCARTA_COMP_PATHWAY	0.21325075961714404			
GO_SENSORY_PERCEPTION_OF_SOUR_TASTE	0.21324943420021006			
CHIBA_RESPONSE_TO_TSA_UP	0.21324267938393537			
GSE24210_TCONV_VS_TREG_UP	0.21323323542882613			
MIR433_3P	0.21322697834004908			
GO_COMMON_MYELOID_PROGENITOR_CELL_PROLIFERATION	0.21321991942166119			
GSE17974_CTRL_VS_ACT_IL4_AND_ANTI_IL12_24H_CD4_TCELL_UP	0.2132154361920682			
REACTOME_TANDEM_PORE_DOMAIN_POTASSIUM_CHANNELS	0.2132142326364018			
GO_POSITIVE_REGULATION_OF_INTERLEUKIN_6_PRODUCTION	0.21320372106500687			
MCDOWELL_ACUTE_LUNG_INJURY_DN	0.21320308222761813			
VALK_AML_CLUSTER_13	0.21320038672187058			
GSE20198_IL12_VS_IFNA_TREATED_ACT_CD4_TCELL_UP	0.2131993186986432			
MEK_UP.V1_DN	0.21319928387079684			
REACTOME_LTC4_CYSLTR_MEDIATED_IL4_PRODUCTION	0.21319858715090367			
GO_G_PROTEIN_COUPLED_RECEPTOR_DIMERIC_COMPLEX	0.21319443787554762			
REACTOME_MAPK1_ERK2_ACTIVATION	0.21319057116385898			
GO_POSITIVE_REGULATION_OF_GENE_EXPRESSION_EPIGENETIC	0.21318952848169048			
GO_PARALLEL_FIBER_TO_PURKINJE_CELL_SYNAPSE	0.21317629047727116			
GO_INOSITOL_HEXAKISPHOSPHATE_KINASE_ACTIVITY	0.21317403732328954			
GSE7460_TCONV_VS_TREG_LN_UP	0.2131735763348727			
MIR1910_5P	0.21316834028698348			
MIR3140_5P	0.21316752723351548			
KRAS.LUNG.BREAST_UP.V1_UP	0.21316704385011576			
GSE3982_BCELL_VS_TH2_UP	0.21316178459969035			
GO_SOMATIC_DIVERSIFICATION_OF_IMMUNE_RECEPTORS_VIA_GERMLINE_RECOMBINATION_WITHIN_A_SINGLE_LOCUS	0.21316114668779162			
DAZARD_UV_RESPONSE_CLUSTER_G1	0.21315776601302094			
GO_DNA_TOPOISOMERASE_ACTIVITY	0.21315314986891634			
GO_REGULATION_OF_ANTIGEN_RECEPTOR_MEDIATED_SIGNALING_PATHWAY	0.21315155252454296			
GO_MULTICELLULAR_ORGANISMAL_RESPONSE_TO_STRESS	0.2131493900814718			
KORKOLA_TERATOMA_UP	0.21313401704854668			
GO_PROTEIN_LOCALIZATION_TO_CILIARY_MEMBRANE	0.213132459843464			
GSE17721_POLYIC_VS_GARDIQUIMOD_2H_BMDC_DN	0.21312801739596177			
CEBP_C	0.21312639217665177			
GSE22935_UNSTIM_VS_12H_MBOVIS_BCG_STIM_MYD88_KO_MACROPHAGE_DN	0.21312505916656987			
GSE10325_MYELOID_VS_LUPUS_MYELOID_DN	0.2131232203817896			
GSE17721_CTRL_VS_CPG_2H_BMDC_UP	0.2131208909032351			
HSIAO_LIVER_SPECIFIC_GENES	0.2131194319593235			
GSE25123_CTRL_VS_IL4_AND_ROSIGLITAZONE_STIM_MACROPHAGE_DN	0.2131121393537983			
GO_ENDOTHELIAL_CELL_PROLIFERATION	0.2131098152196926			
IPA_DEAF1_DN	0.2131063504753568			
GO_SULFATION	0.213104036462896			
SOX3_TARGET_GENES	0.21310185617008032			
GSE15330_GRANULOCYTE_MONOCYTE_PROGENITOR_VS_PRO_BCELL_UP	0.21309871001178438			
REACTOME_CELL_EXTRACELLULAR_MATRIX_INTERACTIONS	0.21309397348088976			
CYCLIN_D1_UP.V1_UP	0.21308868542480955			
MIR548AQ_5P	0.21308470691804315			
TIAN_TNF_SIGNALING_NOT_VIA_NFKB	0.21307989747756942			
YIH_RESPONSE_TO_ARSENITE_C1	0.21307876261196682			
MIR10401_3P	0.21307863843116565			
MIR4731_3P	0.21307082537271974			
REACTOME_FANCONI_ANEMIA_PATHWAY	0.2130688167510259			
GO_CENTRIOLE_ASSEMBLY	0.21306858567767842			
IPA_EP300_UP	0.2130473471920123			
GO_POSITIVE_REGULATION_OF_CHEMOKINE_BIOSYNTHETIC_PROCESS	0.21304642216064748			
GSE1460_NAIVE_CD4_TCELL_ADULT_BLOOD_VS_THYMIC_STROMAL_CELL_UP	0.21304635068809402			
MIR7_1_3P	0.21304477101072344			
GO_OXIDOREDUCTASE_ACTIVITY_ACTING_ON_SINGLE_DONORS_WITH_INCORPORATION_OF_MOLECULAR_OXYGEN	0.2130374383804152			
MIR4462	0.21302591258500975			
GSE32986_UNSTIM_VS_CURDLAN_LOWDOSE_STIM_DC_UP	0.21302463340467725			
GO_INTRINSIC_COMPONENT_OF_NUCLEAR_INNER_MEMBRANE	0.21302437770198235			
GSE37605_NOD_VS_C57BL6_IRES_GFP_TREG_DN	0.21302265533267375			
GSE360_T_GONDII_VS_B_MALAYI_HIGH_DOSE_MAC_UP	0.21302260096987183			
GO_REGULATION_OF_ARP2_3_COMPLEX_MEDIATED_ACTIN_NUCLEATION	0.2130069206971191			
GSE22025_TGFB1_VS_TGFB1_AND_PROGESTERONE_TREATED_CD4_TCELL_DN	0.21300556326036552			
MIR1468_3P	0.2130044275448653			
GSE1925_CTRL_VS_24H_IFNG_STIM_MACROPHAGE_UP	0.21300277502284473			
MIR7156_5P	0.21299656631903513			
BURTON_ADIPOGENESIS_2	0.2129907451296077			
GSE21033_3H_VS_12H_POLYIC_STIM_DC_UP	0.21298914741517613			
GO_POSITIVE_REGULATION_OF_B_CELL_DIFFERENTIATION	0.2129879289184775			
REACTOME_OPSINS	0.2129831236638045			
IPA_CTBP2_DN	0.21298083283021504			
REACTOME_TRANSPORT_OF_INORGANIC_CATIONS_ANIONS_AND_AMINO_ACIDS_OLIGOPEPTIDES	0.21297969294261326			
MIR648	0.21297969144603535			
GSE13306_LAMINA_PROPRIA_VS_SPLEEN_TREG_DN	0.21297419765275916			
GSE17721_POLYIC_VS_CPG_24H_BMDC_DN	0.21296839198832845			
NAKAMURA_METASTASIS_MODEL_DN	0.21296821275421912			
GO_REGULATION_OF_NECROTIC_CELL_DEATH	0.21296557483270545			
GSE17721_0.5H_VS_4H_LPS_BMDC_DN	0.21296402923426985			
REACTOME_FGFR2B_LIGAND_BINDING_AND_ACTIVATION	0.2129636989761376			
GSE4984_UNTREATED_VS_GALECTIN1_TREATED_DC_DN	0.21295208793361514			
DORN_ADENOVIRUS_INFECTION_24HR_DN	0.2129494455139297			
GO_REGULATION_OF_SODIUM_DEPENDENT_PHOSPHATE_TRANSPORT	0.21294444987375763			
ALONSO_METASTASIS_UP	0.21293914604043684			
CHEN_LUNG_CANCER_SURVIVAL	0.2129334413073807			
GSE22886_UNSTIM_VS_IL2_STIM_NKCELL_UP	0.21292888317892988			
ZNF654_TARGET_GENES	0.2129213719428391			
MIR3126_3P	0.21292136397703776			
GO_POSITIVE_REGULATION_OF_SMALL_MOLECULE_METABOLIC_PROCESS	0.21291541697532881			
GSE29949_CD8_POS_DC_SPLEEN_VS_DC_BRAIN_DN	0.2129021001750524			
GSE9006_HEALTHY_VS_TYPE_2_DIABETES_PBMC_AT_DX_UP	0.2129012503272871			
GO_REGULATION_OF_ENDOTHELIAL_CELL_DEVELOPMENT	0.21289785298201674			
GO_DYSTROGLYCAN_COMPLEX	0.21289621802786163			
chr1p21	0.21289176325205192			
GSE10273_HIGH_IL7_VS_HIGH_IL7_AND_IRF4_IN_IRF4_8_NULL_PRE_BCELL_DN	0.21288966702136455			
IPA_MBD2_DN	0.21286221356477475			
GO_MEGAKARYOCYTE_DEVELOPMENT	0.2128618834843832			
GSE22886_IGG_IGA_MEMORY_BCELL_VS_BLOOD_PLASMA_CELL_DN	0.2128595048510887			
IPA_SP7_UP	0.21285855465092007			
WHITFIELD_CELL_CYCLE_G1_S	0.21285105111466684			
GO_NUCLEOBASE_BIOSYNTHETIC_PROCESS	0.21284564253080757			
MIR1264	0.21284300736513306			
GO_CYSTEINE_TYPE_ENDOPEPTIDASE_ACTIVATOR_ACTIVITY_INVOLVED_IN_APOPTOTIC_PROCESS	0.21283806485317686			
GSE21546_WT_VS_SAP1A_KO_AND_ELK1_KO_DP_THYMOCYTES_DN	0.21283529770868315			
GO_CELLULAR_AMINO_ACID_METABOLIC_PROCESS	0.21282884570338254			
GO_GASTRIC_EMPTYING	0.21281868420426836			
GO_GRANULOCYTE_MIGRATION	0.2128123285894258			
GO_POSITIVE_REGULATION_OF_CELLULAR_EXTRAVASATION	0.2128077473054303			
GO_PROTEIN_HETEROTRIMERIZATION	0.21280545461035794			
GO_REGULATION_OF_SUPEROXIDE_DISMUTASE_ACTIVITY	0.21280517339011498			
PID_IL6_7_PATHWAY	0.2128011303070557			
CROONQUIST_IL6_DEPRIVATION_UP	0.21279262255189432			
GO_CATALYTIC_STEP_1_SPLICEOSOME	0.21278996826191574			
GO_PURINE_CONTAINING_COMPOUND_CATABOLIC_PROCESS	0.2127790291837984			
GO_APOPTOTIC_DNA_FRAGMENTATION	0.21276787044619522			
REACTOME_TRANSPORT_OF_CONNEXONS_TO_THE_PLASMA_MEMBRANE	0.21275083847539852			
GSE26290_WT_VS_PDK1_KO_ANTI_CD3_AND_IL2_STIM_CD8_TCELL_UP	0.21275048370632973			
GSE9960_GRAM_NEG_VS_GRAM_POS_SEPSIS_PBMC_DN	0.21274973630366695			
GSE5589_LPS_VS_LPS_AND_IL10_STIM_MACROPHAGE_45MIN_DN	0.21274303960869248			
GO_HEMOGLOBIN_COMPLEX	0.21273609601817337			
GO_OXIDOREDUCTASE_ACTIVITY_OXIDIZING_METAL_IONS	0.21273609538445215			
TGAATGT_MIR181A_MIR181B_MIR181C_MIR181D	0.21273361522389975			
GO_POSITIVE_REGULATION_OF_RHO_PROTEIN_SIGNAL_TRANSDUCTION	0.21273357116797773			
GSE2770_UNTREATED_VS_IL4_TREATED_ACT_CD4_TCELL_6H_DN	0.212732219841075			
GSE14769_UNSTIM_VS_240MIN_LPS_BMDM_DN	0.2127302813568459			
GO_PLASMA_MEMBRANE_BOUNDED_CELL_PROJECTION_CYTOPLASM	0.2127293293759872			
GO_ZONA_PELLUCIDA_RECEPTOR_COMPLEX	0.21272367672577874			
GSE25088_CTRL_VS_ROSIGLITAZONE_STIM_MACROPHAGE_UP	0.21271674580447728			
GSE20727_CTRL_VS_ROS_INHIBITOR_TREATED_DC_UP	0.21271396656372318			
GO_SUCCINYL_COA_METABOLIC_PROCESS	0.21270662366262683			
PID_IL2_PI3K_PATHWAY	0.21269761381558405			
GSE1460_INTRATHYMIC_T_PROGENITOR_VS_NAIVE_CD4_TCELL_ADULT_BLOOD_UP	0.2126929714600225			
GSE16522_ANTI_CD3CD28_STIM_VS_UNSTIM_NAIVE_CD8_TCELL_UP	0.21269151344950865			
MIR369_3P	0.21269124188295985			
GSE29949_MICROGLIA_VS_DC_BRAIN_UP	0.21268802942244483			
FRIDMAN_SENESCENCE_UP	0.21268448085045621			
GSE29164_DAY3_VS_DAY7_UNTREATED_MELANOMA_DN	0.21268435010636963			
GSE12839_CTRL_VS_IL12_TREATED_PBMC_UP	0.2126774969029456			
MEL18_DN.V1_UP	0.21267543869523875			
GSE14908_RESTING_VS_HDM_STIM_CD4_TCELL_ATOPIC_PATIENT_UP	0.21267005649875503			
GSE4748_CYANOBACTERIUM_LPSLIKE_VS_LPS_AND_CYANOBACTERIUM_LPSLIKE_STIM_DC_3H_UP	0.21266884953570278			
GO_MRNA_CLEAVAGE_FACTOR_COMPLEX	0.21266576303724047			
TAKEDA_TARGETS_OF_NUP98_HOXA9_FUSION_6HR_DN	0.21266511900008617			
GO_GLOBAL_GENOME_NUCLEOTIDE_EXCISION_REPAIR	0.2126633175085746			
MIR4799_5P	0.21266304243654116			
GO_NEUTROPHIL_HOMEOSTASIS	0.21266083764997296			
GO_MODULATION_BY_HOST_OF_VIRAL_GENOME_REPLICATION	0.21265328607172665			
GO_REGULATION_OF_SUPEROXIDE_ANION_GENERATION	0.2126509443084557			
GO_CHROMOSOME_SEPARATION	0.2126400648375934			
REACTOME_TRANSLESION_SYNTHESIS_BY_Y_FAMILY_DNA_POLYMERASES_BYPASSES_LESIONS_ON_DNA_TEMPLATE	0.21263980972919083			
GO_MITOCHONDRIA_ASSOCIATED_ENDOPLASMIC_RETICULUM_MEMBRANE	0.2126396343270464			
MIR5692B_MIR5692C	0.2126314110290188			
IPA_SIX2_UP	0.21263092105404705			
GO_3_5_EXONUCLEASE_ACTIVITY	0.21262776378375725			
PID_ERBB1_DOWNSTREAM_PATHWAY	0.21262048405959774			
IPA_TP53BP2_DN	0.2126198293466622			
GO_NEGATIVE_REGULATION_OF_TYPE_I_INTERFERON_PRODUCTION	0.21261841014630295			
CHIARADONNA_NEOPLASTIC_TRANSFORMATION_CDC25_UP	0.21261291365284973			
GSE2197_IMMUNOSUPPRESSIVE_DNA_VS_UNTREATED_IN_DC_UP	0.21261151384633076			
PID_RANBP2_PATHWAY	0.2126011724120089			
YGACNNYACAR_UNKNOWN	0.21259691348355678			
MIR4330	0.21259365764506546			
MIR548Y	0.21259093819816052			
GO_PEPTIDYL_PROLINE_DIOXYGENASE_ACTIVITY	0.21258554956705208			
NIKOLSKY_BREAST_CANCER_14Q22_AMPLICON	0.212571326043119			
MIR12127	0.21256933140773582			
GSE10325_CD4_TCELL_VS_BCELL_DN	0.21255948208050532			
MIR1244	0.21255337258299542			
PID_TCR_PATHWAY	0.21255250036364032			
chr4p14	0.21254991150103522			
GSE14308_NAIVE_CD4_TCELL_VS_INDUCED_TREG_DN	0.21254900686317593			
GSE26669_CTRL_VS_COSTIM_BLOCK_MLR_CD8_TCELL_DN	0.21254334513867953			
PID_IL1_PATHWAY	0.21253353559196803			
MIR7_2_3P	0.21252556900550765			
GO_NEGATIVE_REGULATION_OF_TELOMERE_MAINTENANCE_VIA_TELOMERE_LENGTHENING	0.2125244040755153			
NFY_Q6	0.2125204908784391			
GO_CONDENSED_CHROMOSOME	0.21251947824431333			
KRAS.AMP.LUNG_UP.V1_UP	0.21251618989091992			
GO_MHC_CLASS_II_PROTEIN_COMPLEX_BINDING	0.21251476648852258			
GO_PHOSPHATIDYLGLYCEROL_BINDING	0.21250917514384252			
GO_CHROMOSOME_TELOMERIC_REGION	0.21250766093674667			
GSE17322_CD103_POS_VS_CD11B_HIGH_LUNG_DC_DN	0.21250172462204983			
ALK_DN.V1_UP	0.21250002989377503			
REACTOME_GROWTH_HORMONE_RECEPTOR_SIGNALING	0.2124996003515151			
MIR2113	0.21249838035461172			
GO_DE_NOVO_CENTRIOLE_ASSEMBLY	0.21249321062110255			
GSE17301_ACD3_ACD28_VS_ACD3_ACD28_AND_IFNA2_STIM_CD8_TCELL_DN	0.21248694177274072			
MIR125A_3P	0.2124722903873568			
REACTOME_INFECTION_WITH_MYCOBACTERIUM_TUBERCULOSIS	0.21246743975205612			
NAKAMURA_ADIPOGENESIS_EARLY_DN	0.2124623092692537			
GO_NEGATIVE_REGULATION_OF_HISTONE_H3_K27_METHYLATION	0.21245880304871187			
GO_POSITIVE_REGULATION_OF_NEURON_DEATH	0.21245739940988678			
TCGA_GLIOBLASTOMA_COPY_NUMBER_UP	0.21245502345895387			
DAUER_STAT3_TARGETS_UP	0.21245185047366913			
DASU_IL6_SIGNALING_SCAR_UP	0.21244981396230955			
MIR2861	0.212444777528905			
GSE14308_INDUCED_VS_NATURAL_TREG_DN	0.212440246706845			
GO_RIBOSOME_BINDING	0.21244009711054418			
GO_MORPHOGENESIS_OF_AN_EPITHELIAL_SHEET	0.2124373090226542			
GO_OVULATION	0.21242647408660595			
GAURNIER_PSMD4_TARGETS	0.21242422934628738			
GSE17974_0H_VS_1H_IN_VITRO_ACT_CD4_TCELL_DN	0.21241597572377272			
MIR374A_5P	0.212415948298426			
GO_REGULATION_OF_TELOMERE_MAINTENANCE	0.21241025787124374			
GO_PHOSPHATE_ION_TRANSPORT	0.21240863705892166			
GO_SODIUM_DEPENDENT_PHOSPHATE_TRANSMEMBRANE_TRANSPORTER_ACTIVITY	0.2124085795970837			
GSE19941_UNSTIM_VS_LPS_STIM_IL10_KO_NFKBP50_KO_MACROPHAGE_UP	0.21240039039563516			
GO_LOW_DENSITY_LIPOPROTEIN_PARTICLE	0.21239558724997235			
GO_INTERMEDIATE_FILAMENT_CYTOSKELETON	0.21239238354819284			
GO_REGULATION_OF_SIGNALING_RECEPTOR_ACTIVITY	0.21237665953706064			
GSE13229_IMM_VS_INTMATURE_NKCELL_DN	0.2123748200299435			
BIOCARTA_IL3_PATHWAY	0.21237258218272256			
GO_NUCLEOSIDE_MONOPHOSPHATE_KINASE_ACTIVITY	0.21236906069857137			
PID_MYC_REPRESS_PATHWAY	0.21236318102237478			
TONKS_TARGETS_OF_RUNX1_RUNX1T1_FUSION_SUSTAINED_IN_GRANULOCYTE_DN	0.2123595749352844			
GO_NEGATIVE_REGULATION_OF_SPROUTING_ANGIOGENESIS	0.21235635736538125			
GO_MACROPHAGE_FUSION	0.21235415806107566			
GO_TBP_CLASS_PROTEIN_BINDING	0.21235153678455232			
REACTOME_RHO_GTPASE_EFFECTORS	0.21234745237992356			
IPA_BCL3_DN	0.21234656345725775			
GO_MONONUCLEAR_CELL_MIGRATION	0.21234629630851778			
GO_REGULATION_OF_PEPTIDYL_SERINE_PHOSPHORYLATION_OF_STAT_PROTEIN	0.2123459301414156			
GO_INTERACTION_WITH_HOST	0.21234464561432126			
GSE14350_IL2RB_KO_VS_WT_TREG_UP	0.21233890435906516			
REACTOME_ROBO_RECEPTORS_BIND_AKAP5	0.21233772520724623			
GSE22611_NOD2_TRANSD_VS_CTRL_TRANSD_HEK293_MDP_STIM_6H_DN	0.2123359952051726			
GSE1925_CTRL_VS_IFNG_PRIMED_MACROPHAGE_24H_IFNG_STIM_DN	0.2123337000280988			
REACTOME_SYNTHESIS_OF_WYBUTOSINE_AT_G37_OF_TRNA_PHE	0.21232532519984054			
BIOCARTA_THELPER_PATHWAY	0.21231917621028606			
GO_REGULATION_OF_SYNCYTIUM_FORMATION_BY_PLASMA_MEMBRANE_FUSION	0.2123178024306406			
GSE360_T_GONDII_VS_M_TUBERCULOSIS_DC_DN	0.21231775229247427			
GSE14699_NAIVE_VS_DELETIONAL_TOLERANCE_CD8_TCELL_DN	0.21230167796235994			
GO_REGULATION_OF_EARLY_ENDOSOME_TO_LATE_ENDOSOME_TRANSPORT	0.21229787074134845			
REACTOME_COLLAGEN_FORMATION	0.21229626210589433			
JACKSON_DNMT1_TARGETS_UP	0.21229313001416966			
REACTOME_SWITCHING_OF_ORIGINS_TO_A_POST_REPLICATIVE_STATE	0.2122916770536252			
GO_CHEMOKINE_BIOSYNTHETIC_PROCESS	0.21229119734625843			
GO_PRIMARY_ACTIVE_TRANSMEMBRANE_TRANSPORTER_ACTIVITY	0.2122898414764538			
GSE15215_CD2_POS_VS_NEG_PDC_DN	0.2122873839741913			
GSE32034_UNTREATED_VS_ROSIGLIZATONE_TREATED_LY6C_LOW_MONOCYTE_DN	0.21228258885929974			
GO_RESPONSE_TO_DEXAMETHASONE	0.21228081088521386			
IPA_SKP2_UP	0.21227788074675916			
GO_POSITIVE_REGULATION_OF_MITOCHONDRION_ORGANIZATION	0.21227528895157727			
GSE2405_0H_VS_1.5H_A_PHAGOCYTOPHILUM_STIM_NEUTROPHIL_DN	0.21226749412273221			
GO_REGULATION_OF_IRON_ION_TRANSMEMBRANE_TRANSPORT	0.2122668094195988			
GO_CELLULAR_HYPEROSMOTIC_SALINITY_RESPONSE	0.21226620097251792			
GO_PLASMA_MEMBRANE_RAFT_ASSEMBLY	0.21226428352601306			
GO_HISTONE_THREONINE_PHOSPHORYLATION	0.21225662290275743			
GO_HISTONE_THREONINE_KINASE_ACTIVITY	0.21225662290275743			
GAUSSMANN_MLL_AF4_FUSION_TARGETS_G_DN	0.2122527914135251			
TOMIDA_METASTASIS_UP	0.21225130181068944			
CROONQUIST_IL6_DEPRIVATION_DN	0.21224531155784415			
GERHOLD_ADIPOGENESIS_UP	0.21224391856692246			
PID_TCR_JNK_PATHWAY	0.21224313844459905			
BIOCARTA_NFAT_PATHWAY	0.21224301173438734			
GSE5679_PPARG_LIGAND_ROSIGLITAZONE_VS_ROSIGLITAZONE_AND_RARA_AGONIST_AM580_TREATED_DC_UP	0.21224196090106645			
GO_POSITIVE_REGULATION_OF_TRIGLYCERIDE_LIPASE_ACTIVITY	0.21224162994939444			
REACTOME_FORMATION_OF_FIBRIN_CLOT_CLOTTING_CASCADE	0.21224160304607753			
MAHADEVAN_IMATINIB_RESISTANCE_UP	0.21223767694117995			
IPA_CUX1_DN	0.21222648236182767			
GSE36476_CTRL_VS_TSST_ACT_72H_MEMORY_CD4_TCELL_OLD_DN	0.21222522239576389			
GO_MITOTIC_SPINDLE_POLE	0.21222373593496668			
GO_REGULATION_OF_EATING_BEHAVIOR	0.2122231311432218			
GO_AMINOGLYCAN_CATABOLIC_PROCESS	0.2122230632574222			
MIR3934_3P	0.2122219870271772			
GSE14413_UNSTIM_VS_IFNB_STIM_L929_CELLS_UP	0.21222120398560676			
WELCSH_BRCA1_TARGETS_UP	0.21222020684022833			
GO_PHOSPHOLIPID_EFFLUX	0.21221097387171967			
MIR6758_5P	0.21220818176347267			
BIOCARTA_ECM_PATHWAY	0.21220527717184806			
ZEILSTRA_CD44_TARGETS_UP	0.2121981686151834			
GO_REGULATION_OF_METHYLATION_DEPENDENT_CHROMATIN_SILENCING	0.21219291920999167			
IPA_HOPX_UP	0.21218744163702596			
GO_SCF_COMPLEX_ASSEMBLY	0.21218720544568268			
GO_RRNA_GUANINE_METHYLTRANSFERASE_ACTIVITY	0.21217741577618549			
GO_ALPHA_BETA_T_CELL_PROLIFERATION	0.21217198277170893			
GO_MONOSACCHARIDE_BINDING	0.21216785695529167			
GSE43955_TH0_VS_TGFB_IL6_TH17_ACT_CD4_TCELL_4H_UP	0.2121674946929905			
GROSS_ELK3_TARGETS_DN	0.21216733468448318			
MIR615_5P	0.21216613060737027			
ZNF781_TARGET_GENES	0.21216023241677268			
KEGG_MISMATCH_REPAIR	0.2121594386392141			
GSE13411_NAIVE_BCELL_VS_PLASMA_CELL_UP	0.21215679828879308			
GSE43863_TH1_VS_TFH_MEMORY_CD4_TCELL_DN	0.21215251762176685			
FIGUEROA_AML_METHYLATION_CLUSTER_2_UP	0.21214833049885254			
GSE29618_MONOCYTE_VS_MDC_DN	0.21212215788818486			
GSE2770_IL12_AND_TGFB_VS_IL4_TREATED_ACT_CD4_TCELL_6H_UP	0.21211091248700278			
IPA_JUNB_DN	0.21211069662053478			
ZNF30_TARGET_GENES	0.21211054679208027			
GO_COLLAGEN_ACTIVATED_SIGNALING_PATHWAY	0.21210917195276935			
GSE8921_3H_VS_24H_TLR1_2_STIM_MONOCYTE_DN	0.21210824586570723			
IPA_LITAF_UP	0.2120980935025579			
GO_ANTIGEN_PROCESSING_AND_PRESENTATION_OF_PEPTIDE_ANTIGEN	0.21209764652793375			
REACTOME_THE_RETINOID_CYCLE_IN_CONES_DAYLIGHT_VISION	0.21208756244200486			
MONNIER_POSTRADIATION_TUMOR_ESCAPE_DN	0.21208754637346525			
BROWNE_HCMV_INFECTION_14HR_DN	0.212085785908087			
REACTOME_INHIBITION_OF_THE_PROTEOLYTIC_ACTIVITY_OF_APC_C_REQUIRED_FOR_THE_ONSET_OF_ANAPHASE_BY_MITOTIC_SPINDLE_CHECKPOINT_COMPONENTS	0.2120852744909393			
chr14q23	0.21208493222114636			
GO_ALDEHYDE_CATABOLIC_PROCESS	0.21208314039972037			
GO_B_CELL_ACTIVATION	0.21207510774802682			
MIR6741_5P	0.21207426073270427			
GSE9988_LOW_LPS_VS_VEHICLE_TREATED_MONOCYTE_UP	0.21206661984064576			
GO_RRNA_BINDING	0.21206240359175396			
GSE45365_WT_VS_IFNAR_KO_CD11B_DC_DN	0.21206150546121932			
GSE19941_IL10_KO_VS_IL10_KO_AND_NFKBP50_KO_UNSTIM_MACROPHAGE_UP	0.2120606658069571			
GSE23321_CENTRAL_MEMORY_VS_NAIVE_CD8_TCELL_UP	0.21205963158157545			
MIR30D_3P	0.2120544207617318			
GSE26343_UNSTIM_VS_LPS_STIM_MACROPHAGE_DN	0.21204520589847695			
GSE24574_BCL6_HIGH_TFH_VS_TFH_CD4_TCELL_UP	0.2120398469617867			
GO_REGULATION_OF_LONG_TERM_SYNAPTIC_POTENTIATION	0.21203583397797168			
GO_UREA_TRANSMEMBRANE_TRANSPORTER_ACTIVITY	0.21202729535852105			
GSE22140_HEALTHY_VS_ARTHRITIC_GERMFREE_MOUSE_CD4_TCELL_DN	0.21202272101681507			
GSE32423_MEMORY_VS_NAIVE_CD8_TCELL_IL7_UP	0.21202139863123268			
TAKADA_GASTRIC_CANCER_COPY_NUMBER_DN	0.21202117326387054			
TESAR_ALK_TARGETS_HUMAN_ES_5D_DN	0.21201791331131914			
GO_L_AMINO_ACID_TRANSPORT	0.21200999954255467			
GSE360_L_MAJOR_VS_B_MALAYI_LOW_DOSE_DC_UP	0.21200594785847932			
TURASHVILI_BREAST_LOBULAR_CARCINOMA_VS_DUCTAL_NORMAL_UP	0.21200465024615148			
SARTIPY_NORMAL_AT_INSULIN_RESISTANCE_UP	0.21200345513125565			
MIR3176	0.21200092778399418			
GO_REGULATION_OF_ORGANELLE_ORGANIZATION	0.21199976216933325			
KEGG_GALACTOSE_METABOLISM	0.21199669983820543			
IPA_SMARCA2_UP	0.21199313844474585			
KEGG_ALDOSTERONE_REGULATED_SODIUM_REABSORPTION	0.2119925538635353			
GSE22432_MULTIPOTENT_PROGENITOR_VS_PDC_DN	0.2119919515443603			
GO_NEGATIVE_REGULATION_OF_VASCULAR_PERMEABILITY	0.21198724606348585			
GO_REGULATION_OF_DNA_METABOLIC_PROCESS	0.21198498202039395			
GO_POSITIVE_REGULATION_OF_STRIATED_MUSCLE_CELL_DIFFERENTIATION	0.21198101369338457			
IPA_ATF2_DN	0.21197822934085384			
REACTOME_SURFACTANT_METABOLISM	0.2119761840006743			
KIM_ALL_DISORDERS_CALB1_CORR_DN	0.21197421419365653			
GO_METANEPHRIC_GLOMERULAR_MESANGIUM_DEVELOPMENT	0.2119690882651881			
GSE23502_WT_VS_HDC_KO_MYELOID_DERIVED_SUPPRESSOR_CELL_BM_UP	0.211961686314111			
GO_SULFUR_COMPOUND_BINDING	0.21195857627792294			
REACTOME_DEPOLYMERISATION_OF_THE_NUCLEAR_LAMINA	0.21195658530181793			
GSE19512_NAUTRAL_VS_INDUCED_TREG_DN	0.21195537998638211			
GALE_APL_WITH_FLT3_MUTATED_UP	0.21195327073503792			
GO_REGULATION_OF_CHRONIC_INFLAMMATORY_RESPONSE	0.21195264162955255			
MIDORIKAWA_AMPLIFIED_IN_LIVER_CANCER	0.21194985602453872			
GO_APOLIPOPROTEIN_A_I_MEDIATED_SIGNALING_PATHWAY	0.21194325388724983			
GEISS_RESPONSE_TO_DSRNA_DN	0.21194255968937734			
REACTOME_PURINE_CATABOLISM	0.21193709375384862			
GO_CELLULAR_RESPONSE_TO_CORTICOSTEROID_STIMULUS	0.21193637170042995			
GO_C_TERMINAL_PROTEIN_LIPIDATION	0.21193343870630177			
GSE20366_EX_VIVO_VS_DEC205_CONVERSION_DN	0.21192717820008336			
GSE13484_UNSTIM_VS_YF17D_VACCINE_STIM_PBMC_UP	0.2119204331716059			
GSE22886_NAIVE_CD4_TCELL_VS_DC_UP	0.2119188758720348			
GO_POSITIVE_REGULATION_OF_MYELOID_LEUKOCYTE_DIFFERENTIATION	0.21190893382002782			
GSE39820_IL1B_IL6_VS_IL1B_IL6_IL23A_TREATED_CD4_TCELL_DN	0.2119080407520015			
GSE2770_IL12_AND_TGFB_ACT_VS_ACT_CD4_TCELL_2H_UP	0.21190042862207925			
MIR4801	0.21189690779053413			
IPA_KAT2B_DN	0.21189629352661027			
GO_LONG_CHAIN_FATTY_ACYL_COA_BINDING	0.21189620675165757			
GO_DNA_CONFORMATION_CHANGE	0.2118910873116905			
GSE9960_GRAM_NEG_VS_GRAM_NEG_AND_POS_SEPSIS_PBMC_DN	0.21187266433790655			
REACTOME_G_PROTEIN_ACTIVATION	0.21186798376667054			
GSE3982_CTRL_VS_LPS_48H_DC_DN	0.21186645382324878			
IPA_WHSC1L1_UP	0.21186371399980047			
IPA_JMJD6_UP	0.21186371399980047			
HOSHIDA_LIVER_CANCER_SURVIVAL_UP	0.21185560930720007			
GSE36009_WT_VS_NLRP10_KO_DC_DN	0.21185270250355617			
GSE17721_0.5H_VS_24H_LPS_BMDC_DN	0.2118432873402631			
PID_SYNDECAN_1_PATHWAY	0.2118343487201219			
GSE34006_UNTREATED_VS_A2AR_AGONIST_TREATED_TREG_UP	0.21182144220262164			
GO_CHAPERONE_MEDIATED_PROTEIN_COMPLEX_ASSEMBLY	0.21181902185127105			
chrYq11	0.21181681428981786			
MIR513C_5P	0.21181516228844496			
PASTURAL_RIZ1_TARGETS_DN	0.2118145456465729			
GO_COLLAGEN_CONTAINING_EXTRACELLULAR_MATRIX	0.21181334923667952			
CAIRO_PML_TARGETS_BOUND_BY_MYC_UP	0.21180507236121687			
IPA_NR3C1_UP	0.21179899635084498			
GO_MALE_GAMETE_GENERATION	0.211791446140024			
GO_NEGATIVE_REGULATION_OF_TOLL_LIKE_RECEPTOR_4_SIGNALING_PATHWAY	0.21179134630276877			
GSE10325_LUPUS_CD4_TCELL_VS_LUPUS_MYELOID_DN	0.211787160831085			
GSE19401_PAM2CSK4_VS_RETINOIC_ACID_STIM_FOLLICULAR_DC_UP	0.21178114067812825			
GSE20366_EX_VIVO_VS_HOMEOSTATIC_CONVERSION_NAIVE_CD4_TCELL_DN	0.2117772159380177			
BIOCARTA_IL1R_PATHWAY	0.21177684314554351			
GO_REGULATION_OF_NITRIC_OXIDE_SYNTHASE_ACTIVITY	0.21176244195529897			
GO_INTERMEDIATE_DENSITY_LIPOPROTEIN_PARTICLE	0.2117620274991606			
MIR1268A_MIR1268B	0.2117609255385416			
ZHANG_ANTIVIRAL_RESPONSE_TO_RIBAVIRIN_DN	0.21175836045484525			
GO_REPLACEMENT_OSSIFICATION	0.21175636821079225			
COLINA_TARGETS_OF_4EBP1_AND_4EBP2	0.21175449757266532			
GSE22886_IL2_VS_IL15_STIM_NKCELL_DN	0.2117504329430375			
TONKS_TARGETS_OF_RUNX1_RUNX1T1_FUSION_HSC_UP	0.21174785861945455			
MIR374C_3P	0.21174020202006746			
GO_NEGATIVE_REGULATION_OF_HEMOPOIESIS	0.21173637009384927			
IPA_GLI1_DN	0.21172077416893267			
IIZUKA_LIVER_CANCER_PROGRESSION_G1_G2_UP	0.211714989288903			
GSE17974_IL4_AND_ANTI_IL12_VS_UNTREATED_48H_ACT_CD4_TCELL_UP	0.21171434252861124			
MIR3193	0.21171109566313467			
GO_NEGATIVE_REGULATION_OF_CARDIAC_MUSCLE_CONTRACTION	0.21170797290721166			
ESC_V6.5_UP_LATE.V1_DN	0.21170434652321787			
GSE22886_NAIVE_CD4_TCELL_VS_NEUTROPHIL_DN	0.21170217433279312			
IPA_CDX1_UP	0.2116956827739893			
GSE3982_DC_VS_NKCELL_DN	0.21169425320050722			
GO_REGULATION_OF_RIBONUCLEOPROTEIN_COMPLEX_LOCALIZATION	0.21169143449157082			
REACTOME_METABOLISM_OF_STEROIDS	0.21168744962250508			
MIR1843	0.2116779158522571			
REACTOME_ANTIMICROBIAL_PEPTIDES	0.21167303834021226			
CHEN_HOXA5_TARGETS_6HR_UP	0.211668702585222			
MORI_MATURE_B_LYMPHOCYTE_UP	0.21165735293404364			
GO_CAMP_DEPENDENT_PROTEIN_KINASE_ACTIVITY	0.21165481698769942			
MIR4765	0.2116509911730265			
GSE21774_CD56_BRIGHT_VS_DIM_CD62L_POSITIVE_NK_CELL_UP	0.2116483116265945			
GO_RESPONSE_TO_CHEMOKINE	0.21163777605616257			
GO_DIAPEDESIS	0.2116326839868008			
GO_NEGATIVE_REGULATION_OF_MICROGLIAL_CELL_ACTIVATION	0.2116250367087932			
GSE17301_IFNA2_VS_IFNA2_AND_ACD3_ACD28_STIM_CD8_TCELL_UP	0.21162451847069147			
INGA_TP53_TARGETS	0.2116123471060215			
MOOTHA_GLYCOLYSIS	0.21160892272358656			
REACTOME_ACTIVATION_OF_THE_PRE_REPLICATIVE_COMPLEX	0.2116057104092242			
GO_REGULATION_OF_APOPTOTIC_SIGNALING_PATHWAY	0.21160358694664574			
GO_OXIDOREDUCTASE_ACTIVITY_ACTING_ON_THE_ALDEHYDE_OR_OXO_GROUP_OF_DONORS	0.2115992796079791			
GO_ESTROGEN_BIOSYNTHETIC_PROCESS	0.21159662918581978			
REACTOME_DEGRADATION_OF_THE_EXTRACELLULAR_MATRIX	0.2115948588336029			
GSE37532_WT_VS_PPARG_KO_VISCERAL_ADIPOSE_TISSUE_TREG_UP	0.21158581559122344			
GSE41867_NAIVE_VS_DAY15_LCMV_EFFECTOR_CD8_TCELL_DN	0.21158312749742972			
GO_OSTEOCLAST_DIFFERENTIATION	0.211578498000975			
GSE42021_CD24INT_VS_CD24LOW_TCONV_THYMUS_DN	0.2115778633690138			
MIR8063	0.2115738370858614			
COLLER_MYC_TARGETS_UP	0.21156157110612112			
GO_SPROUTING_ANGIOGENESIS	0.21154760698811706			
GO_ORGANELLE_FISSION	0.21154732966980916			
EHRLICH_ICF_SYNDROM_UP	0.21154583665150223			
GO_POSITIVE_REGULATION_OF_CYSTEINE_TYPE_ENDOPEPTIDASE_ACTIVITY	0.21154200871604464			
REACTOME_REGULATION_OF_PTEN_STABILITY_AND_ACTIVITY	0.2115264474581941			
KERLEY_RESPONSE_TO_CISPLATIN_UP	0.21151745745950745			
GO_PYRIMIDINE_DEOXYRIBONUCLEOSIDE_MONOPHOSPHATE_METABOLIC_PROCESS	0.2115163757632797			
GO_PHOSPHATIDYLINOSITOL_METABOLIC_PROCESS	0.21151601977303622			
BMI1_DN.V1_UP	0.21151593074983988			
MIR7851_3P	0.211515660715395			
GO_RESPONSE_TO_NUTRIENT	0.21150918272946953			
GO_POSITIVE_REGULATION_OF_CELL_GROWTH_INVOLVED_IN_CARDIAC_MUSCLE_CELL_DEVELOPMENT	0.2115081730926207			
MIR6807_5P	0.2115077942627632			
GO_HYDROLASE_ACTIVITY_ACTING_ON_CARBON_NITROGEN_BUT_NOT_PEPTIDE_BONDS_IN_LINEAR_AMIDES	0.2115024255647492			
GSE36476_YOUNG_VS_OLD_DONOR_MEMORY_CD4_TCELL_72H_TSST_ACT_UP	0.21149791135107632			
GO_REGULATION_OF_REGULATED_SECRETORY_PATHWAY	0.21148668436744575			
LOPEZ_MBD_TARGETS	0.21148253424094543			
HOXA3_01	0.21148106683867973			
IPA_HOXA9_DN	0.21147943696741897			
SESTO_RESPONSE_TO_UV_C1	0.2114744917371948			
GO_CELLULAR_RESPONSE_TO_DEXAMETHASONE_STIMULUS	0.2114725716131649			
GO_MEMBRANE_RAFT_ASSEMBLY	0.21146403393004373			
GO_REGULATION_OF_OSTEOCLAST_DIFFERENTIATION	0.2114585800525551			
GO_HULC_COMPLEX	0.21145759931596952			
GO_RESPONSE_TO_UV_B	0.21145711835288242			
GO_REGULATION_OF_OXIDATIVE_STRESS_INDUCED_CELL_DEATH	0.21145602039909586			
GO_TELOMERASE_RNA_LOCALIZATION	0.21144839012021996			
MIR4646_3P	0.211447332056465			
YAGI_AML_WITH_INV_16_TRANSLOCATION	0.21144500117602966			
GO_SPHINGOLIPID_MEDIATED_SIGNALING_PATHWAY	0.21144165576195018			
GO_TRNA_CYTOSINE_METHYLTRANSFERASE_ACTIVITY	0.21143865429881548			
GSE40685_NAIVE_CD4_TCELL_VS_TREG_UP	0.2114352446369707			
GO_RIBONUCLEOSIDE_CATABOLIC_PROCESS	0.21141310766550234			
GO_POSITIVE_REGULATION_OF_MUSCLE_CELL_DIFFERENTIATION	0.21139995902983522			
REACTOME_CA2_ACTIVATED_K_CHANNELS	0.21139201779681932			
REACTOME_DEFECTIVE_B4GALT1_CAUSES_B4GALT1_CDG_CDG_2D	0.211388933048268			
GSE37301_HEMATOPOIETIC_STEM_CELL_VS_PRO_BCELL_UP	0.21138656431465555			
IPA_RUVBL1_UP	0.21137628498815758			
GO_PHOSPHATIDYLINOSITOL_BISPHOSPHATE_PHOSPHATASE_ACTIVITY	0.2113754457965176			
GSE13547_CTRL_VS_ANTI_IGM_STIM_ZFX_KO_BCELL_2H_UP	0.2113702119728177			
GO_PYRIMIDINE_CONTAINING_COMPOUND_TRANSMEMBRANE_TRANSPORT	0.2113697681680729			
GSE15930_NAIVE_VS_24H_IN_VITRO_STIM_CD8_TCELL_DN	0.21136972044154903			
TERT_TARGET_GENES	0.21136651496280734			
MIR4301	0.21136018985513755			
REACTOME_MITOCHONDRIAL_UNCOUPLING	0.21135120067564606			
GO_CENTROSOME_DUPLICATION	0.21132690729197337			
GSE15330_WT_VS_IKAROS_KO_LYMPHOID_MULTIPOTENT_PROGENITOR_DN	0.21132688254679557			
GRAHAM_CML_QUIESCENT_VS_NORMAL_DIVIDING_DN	0.21132154686101356			
GSE23925_LIGHT_ZONE_VS_NAIVE_BCELL_DN	0.21132008753119594			
GO_POSITIVE_REGULATION_OF_CELL_CELL_ADHESION_MEDIATED_BY_INTEGRIN	0.21131864146128193			
GO_NEGATIVE_REGULATION_OF_DEPHOSPHORYLATION	0.21131856243075273			
GSE27786_NEUTROPHIL_VS_MONO_MAC_UP	0.2113154364138238			
GO_CELL_SUBSTRATE_ADHESION	0.2113131947494793			
IPA_MAFG_UP	0.21131104302737913			
GO_SPINDLE_MIDZONE_ASSEMBLY	0.2113054192160641			
STEARMAN_LUNG_CANCER_EARLY_VS_LATE_DN	0.2113047588939621			
GSE27786_LIN_NEG_VS_CD4_TCELL_UP	0.21130192199272485			
ZIRN_TRETINOIN_RESPONSE_WT1_UP	0.2113013520371403			
GSE22935_24H_VS_48H_MBOVIS_BCG_STIM_MACROPHAGE_UP	0.21129205855986052			
GSE9006_TYPE_1_DIABETES_AT_DX_VS_1MONTH_POST_DX_PBMC_DN	0.211291392451321			
IPA_NOTCH1_UP	0.21127902033646717			
GO_NADP_RETINOL_DEHYDROGENASE_ACTIVITY	0.21127728366405218			
VALK_AML_CLUSTER_1	0.21127635142110568			
GO_RESPONSE_TO_METHOTREXATE	0.21126530340013086			
ZNF134_TARGET_GENES	0.21124847981875272			
GSE28726_NAIVE_CD4_TCELL_VS_NAIVE_VA24NEG_NKTCELL_DN	0.21124539978313153			
GSE4748_CTRL_VS_LPS_STIM_DC_3H_DN	0.21123894310852814			
GO_CIS_TRANS_ISOMERASE_ACTIVITY	0.21123153564234287			
IPA_CHD4_UP	0.21122937748338075			
GO_PURINE_NUCLEOBASE_METABOLIC_PROCESS	0.21122777356283393			
GO_POSITIVE_REGULATION_OF_MITOTIC_SISTER_CHROMATID_SEGREGATION	0.2112250807727527			
chr3q22	0.2112210335433126			
GO_TISSUE_REMODELING	0.21122009318745946			
GO_AP_1_ADAPTOR_COMPLEX	0.2112106909077896			
GO_HISTONE_EXCHANGE	0.21120635282501687			
REACTOME_POLO_LIKE_KINASE_MEDIATED_EVENTS	0.21120026047027485			
GO_RNA_POLYMERASE_COMPLEX	0.21119813783618568			
REACTOME_TRAF3_DEPENDENT_IRF_ACTIVATION_PATHWAY	0.21119721688914275			
GSE39820_TGFBETA1_VS_TGFBETA3_IN_IL6_TREATED_CD4_TCELL_UP	0.2111959713426931			
GSE17721_POLYIC_VS_GARDIQUIMOD_16H_BMDC_DN	0.21119187727623198			
GO_MACROPHAGE_CHEMOTAXIS	0.21119057886831574			
GO_T_HELPER_17_TYPE_IMMUNE_RESPONSE	0.21118831214888711			
MIR548AJ_3P_MIR548X_3P	0.2111625613157369			
NIKOLSKY_BREAST_CANCER_19Q13.1_AMPLICON	0.21115727632377085			
GO_NEGATIVE_REGULATION_OF_CELLULAR_EXTRAVASATION	0.21115607854446877			
GO_INTERFERON_ALPHA_SECRETION	0.21115119586318637			
GO_CAMP_RESPONSE_ELEMENT_BINDING_PROTEIN_BINDING	0.21114357898576303			
GO_REGULATION_OF_SKELETAL_MUSCLE_CELL_DIFFERENTIATION	0.21114267228819517			
GO_GROWTH_FACTOR_RECEPTOR_BINDING	0.21114198750127658			
GO_INTERFERON_GAMMA_SECRETION	0.2111379091880553			
GSE5503_PLN_DC_VS_SPLEEN_DC_ACTIVATED_ALLOGENIC_TCELL_UP	0.2111341776693886			
MIR4661_3P	0.21113284341890812			
ZNF274_TARGET_GENES	0.21113229264893718			
GSE3039_NKT_CELL_VS_ALPHAALPHA_CD8_TCELL_UP	0.21113167750652181			
GO_POSITIVE_REGULATION_OF_TRANSLATIONAL_INITIATION	0.2111309562516231			
GO_REGULATION_OF_HORMONE_BIOSYNTHETIC_PROCESS	0.2111270013472403			
GSE30083_SP1_VS_SP4_THYMOCYTE_DN	0.21112673998783898			
GO_REGULATION_OF_DNA_TEMPLATED_TRANSCRIPTION_INITIATION	0.21112361162585053			
REACTOME_DEPOSITION_OF_NEW_CENPA_CONTAINING_NUCLEOSOMES_AT_THE_CENTROMERE	0.21111806690419052			
BAELDE_DIABETIC_NEPHROPATHY_DN	0.21111796593963422			
GSE21546_SAP1A_KO_VS_SAP1A_KO_AND_ELK1_KO_DP_THYMOCYTES_UP	0.21111647170766065			
GSE13522_WT_VS_IFNAR_KO_SKIN_UP	0.21111122707712626			
GO_PENETRATION_OF_ZONA_PELLUCIDA	0.21111090937744142			
GO_ION_GATED_CHANNEL_ACTIVITY	0.21110922954055822			
FINETTI_BREAST_CANCER_KINOME_GREEN	0.21110884352116324			
ZHAN_MULTIPLE_MYELOMA_LB_DN	0.2111054472876829			
IPA_PPARA_UP	0.2111028319016664			
HATADA_METHYLATED_IN_LUNG_CANCER_UP	0.2111004681477669			
GSE17721_CTRL_VS_POLYIC_1H_BMDC_DN	0.21109871621450194			
GO_POSITIVE_REGULATION_OF_INTERFERON_GAMMA_BIOSYNTHETIC_PROCESS	0.21109770086664945			
STAMBOLSKY_RESPONSE_TO_VITAMIN_D3_DN	0.21109349627332388			
GSE21360_NAIVE_VS_SECONDARY_MEMORY_CD8_TCELL_DN	0.21109153608801773			
GSE25123_IL4_VS_IL4_AND_ROSIGLITAZONE_STIM_MACROPHAGE_DAY10_UP	0.21109132511399495			
GSE16450_CTRL_VS_IFNA_6H_STIM_IMMATURE_NEURON_CELL_LINE_UP	0.2110789591446072			
chr17p11	0.21107836617666506			
GO_PERICARDIUM_DEVELOPMENT	0.21107748707492846			
GSE6875_WT_VS_FOXP3_KO_TREG_UP	0.21107500514208616			
GSE33292_WT_VS_TCF1_KO_DN3_THYMOCYTE_DN	0.21107474072073487			
AMIT_EGF_RESPONSE_20_HELA	0.21107341349899533			
HUMMERICH_MALIGNANT_SKIN_TUMOR_UP	0.21107083085047587			
GO_PENTOSE_METABOLIC_PROCESS	0.21106874891904492			
GSE3920_UNTREATED_VS_IFNB_TREATED_ENDOTHELIAL_CELL_UP	0.2110587139359237			
GO_PSEUDOURIDINE_SYNTHESIS	0.2110545649740152			
HASLINGER_B_CLL_WITH_17P13_DELETION	0.21105449224910822			
GO_NEGATIVE_REGULATION_OF_CELL_MIGRATION_INVOLVED_IN_SPROUTING_ANGIOGENESIS	0.21105282154485666			
STK33_SKM_UP	0.2110423069009877			
GO_POLYOL_TRANSMEMBRANE_TRANSPORTER_ACTIVITY	0.21103835858784376			
PEA3_Q6	0.21103788155915584			
REACTOME_RNA_POLYMERASE_I_TRANSCRIPTION_INITIATION	0.21103408270553042			
REACTOME_NUCLEOTIDE_BINDING_DOMAIN_LEUCINE_RICH_REPEAT_CONTAINING_RECEPTOR_NLR_SIGNALING_PATHWAYS	0.21102888207015494			
GO_RESPONSE_TO_HYDROGEN_PEROXIDE	0.21102787007829335			
GO_HISTONE_PHOSPHORYLATION	0.21102213992004787			
SASSON_RESPONSE_TO_FORSKOLIN_UP	0.21102137693560372			
GO_PCG_PROTEIN_COMPLEX	0.2110192835738497			
GO_TRNA_SPECIFIC_ADENOSINE_DEAMINASE_ACTIVITY	0.2110167805540456			
GO_KETONE_CATABOLIC_PROCESS	0.21101508074525818			
MIR6079	0.2110142857581123			
KEGG_PHOSPHATIDYLINOSITOL_SIGNALING_SYSTEM	0.21100902601420865			
GSE40666_NAIVE_VS_EFFECTOR_CD8_TCELL_DN	0.21100233146278657			
REACTOME_SCAVENGING_BY_CLASS_A_RECEPTORS	0.2109995064115805			
NADELLA_PRKAR1A_TARGETS_DN	0.21099934672719695			
REACTOME_REGULATION_OF_SIGNALING_BY_CBL	0.21099900708074087			
GO_RETINOIC_ACID_4_HYDROXYLASE_ACTIVITY	0.2109893531329912			
GO_MEIOTIC_CHROMOSOME_CONDENSATION	0.21097881926109874			
RUAN_RESPONSE_TO_TNF_UP	0.21097276652357547			
GSE15330_MEGAKARYOCYTE_ERYTHROID_VS_GRANULOCYTE_MONOCYTE_PROGENITOR_DN	0.2109691234899206			
GO_GERM_CELL_NUCLEUS	0.21096381467993272			
KYNG_ENVIRONMENTAL_STRESS_RESPONSE_NOT_BY_UV_IN_WS	0.2109628178783495			
MIR708_3P	0.21095665917897158			
GSE17721_POLYIC_VS_CPG_6H_BMDC_UP	0.21094412311008037			
GO_REGULATION_OF_CILIUM_BEAT_FREQUENCY_INVOLVED_IN_CILIARY_MOTILITY	0.2109307599285083			
GSE5542_UNTREATED_VS_IFNA_AND_IFNG_TREATED_EPITHELIAL_CELLS_24H_DN	0.2109294713606069			
SIMBULAN_UV_RESPONSE_NORMAL_DN	0.21092809988775885			
MIR944	0.21091227809975915			
MIR6841_3P	0.21091137339036672			
GO_PIGMENT_CATABOLIC_PROCESS	0.21090938294346975			
GO_CALCIUM_TRANSMEMBRANE_TRANSPORTER_ACTIVITY_PHOSPHORYLATIVE_MECHANISM	0.210905178308544			
REACTOME_ADORA2B_MEDIATED_ANTI_INFLAMMATORY_CYTOKINES_PRODUCTION	0.21090373881365113			
GO_PHOSPHATIDYLINOSITOL_DEPHOSPHORYLATION	0.21090287815251937			
SEMBA_FHIT_TARGETS_UP	0.21089930771020987			
GSE360_CTRL_VS_B_MALAYI_HIGH_DOSE_DC_UP	0.21088370074090348			
GSE360_DC_VS_MAC_DN	0.21087636866562445			
CTACTGT_MIR199A	0.21087280689555166			
GO_PHOSPHOLIPID_TRANSFER_ACTIVITY	0.21087215119789082			
GO_DORSAL_ROOT_GANGLION_DEVELOPMENT	0.21087083342597737			
KEGG_T_CELL_RECEPTOR_SIGNALING_PATHWAY	0.21086283149370694			
GO_SPLICEOSOMAL_SNRNP_ASSEMBLY	0.21086154575477103			
GO_REGULATION_OF_TISSUE_REMODELING	0.21085699020531803			
OUELLET_OVARIAN_CANCER_INVASIVE_VS_LMP_UP	0.21085367922958617			
GSE37605_C57BL6_VS_NOD_FOXP3_FUSION_GFP_TCONV_DN	0.21085139127062952			
GSE25123_ROSIGLITAZONE_VS_IL4_AND_ROSIGLITAZONE_STIM_PPARG_KO_MACROPHAGE_DAY10_DN	0.2108489875371736			
PID_INTEGRIN_CS_PATHWAY	0.21084628040173264			
HMCES_TARGET_GENES	0.21083381113432662			
GO_MODIFICATION_DEPENDENT_MACROMOLECULE_CATABOLIC_PROCESS	0.21083182857931065			
GO_NEGATIVE_REGULATION_OF_SMOOTH_MUSCLE_CELL_PROLIFERATION	0.21081935680565667			
GSE43955_TH0_VS_TGFB_IL6_TH17_ACT_CD4_TCELL_1H_UP	0.21081576558222434			
KEGG_ECM_RECEPTOR_INTERACTION	0.21081102277178032			
GO_ACETATE_ESTER_TRANSPORT	0.21080945755284086			
REACTOME_DEGRADATION_OF_BETA_CATENIN_BY_THE_DESTRUCTION_COMPLEX	0.21080873312100518			
GSE29618_BCELL_VS_PDC_DAY7_FLU_VACCINE_DN	0.2108065805982269			
GO_ADAPTATION_OF_SIGNALING_PATHWAY	0.21080387118794733			
MIR6080	0.21079696018866056			
GO_ORGANISM_EMERGENCE_FROM_PROTECTIVE_STRUCTURE	0.21079592260127902			
MIR3162_5P	0.21078762506967186			
GSE21927_EL4_VS_MCA203_TUMOR_MONOCYTES_UP	0.2107659284049998			
PID_ANGIOPOIETIN_RECEPTOR_PATHWAY	0.21074944944482266			
REACTOME_ACTIVATED_PKN1_STIMULATES_TRANSCRIPTION_OF_AR_ANDROGEN_RECEPTOR_REGULATED_GENES_KLK2_AND_KLK3	0.21074452833141719			
GAZDA_DIAMOND_BLACKFAN_ANEMIA_PROGENITOR_DN	0.21073375430450478			
GSE17721_4_VS_24H_CPG_BMDC_DN	0.21073284022910238			
GO_TOLL_LIKE_RECEPTOR_2_SIGNALING_PATHWAY	0.21073133357637513			
MARCHINI_TRABECTEDIN_RESISTANCE_UP	0.2107306651278246			
PIONTEK_PKD1_TARGETS_DN	0.21072778481257298			
IPA_NKX3-1_DN	0.2107215780010314			
GO_SPERMATID_DIFFERENTIATION	0.21071348156278416			
VERHAAK_AML_WITH_NPM1_MUTATED_DN	0.21070994492332998			
REACTOME_DEFECTIVE_B4GALT7_CAUSES_EDS_PROGEROID_TYPE	0.21068999468761862			
GSE17721_12H_VS_24H_LPS_BMDC_UP	0.21068709329345317			
SETLUR_PROSTATE_CANCER_TMPRSS2_ERG_FUSION_DN	0.21068379646085628			
GO_AUTOCRINE_SIGNALING	0.2106818714160376			
GO_G_PROTEIN_COUPLED_NUCLEOTIDE_RECEPTOR_ACTIVITY	0.21067323334588395			
GO_G_PROTEIN_COUPLED_PURINERGIC_NUCLEOTIDE_RECEPTOR_SIGNALING_PATHWAY	0.21067323334588395			
FLECHNER_BIOPSY_KIDNEY_TRANSPLANT_OK_VS_DONOR_UP	0.21067116155274856			
GO_RESPONSE_TO_INTERLEUKIN_3	0.2106707305786691			
GO_POSITIVE_REGULATION_OF_HISTONE_H3_K27_METHYLATION	0.21065861388555085			
GSE19401_RETINOIC_ACID_VS_RETINOIC_ACID_AND_PAM2CSK4_STIM_FOLLICULAR_DC_UP	0.21065715921394135			
KANNAN_TP53_TARGETS_UP	0.2106315106908825			
GSE2770_TGFB_AND_IL4_VS_IL4_TREATED_ACT_CD4_TCELL_2H_UP	0.21062805892981423			
GO_NUCLEOTIDE_RECEPTOR_ACTIVITY	0.21062224352317957			
GO_CAP_INDEPENDENT_TRANSLATIONAL_INITIATION	0.21062001073052328			
GO_INOSITOL_1_3_4_5_TETRAKISPHOSPHATE_5_PHOSPHATASE_ACTIVITY	0.21061956882182015			
GSE26890_CXCR1_NEG_VS_POS_EFFECTOR_CD8_TCELL_DN	0.21061944595245824			
GO_CHONDROCYTE_DIFFERENTIATION_INVOLVED_IN_ENDOCHONDRAL_BONE_MORPHOGENESIS	0.21061483055911934			
MIKKELSEN_IPS_ICP_WITH_H3K4ME3_AND_H327ME3	0.21060932735343874			
RODRIGUES_THYROID_CARCINOMA_DN	0.2106075762340531			
IPA_KLF13_UP	0.21060431501334206			
MIR548AD_5P_MIR548AE_5P_MIR548AY_5P_MIR548B_5P_MIR548D_5P	0.21060229752482687			
MIR564	0.2105990626646891			
GO_RESPONSE_TO_INTERLEUKIN_2	0.21059605823140046			
REACTOME_REGULATION_OF_INNATE_IMMUNE_RESPONSES_TO_CYTOSOLIC_DNA	0.21059331677525314			
GSE4748_CTRL_VS_CYANOBACTERIUM_LPSLIKE_STIM_DC_1H_UP	0.21059062941896117			
GSE27786_NKCELL_VS_NKTCELL_DN	0.2105894260523217			
GSE3039_ALPHABETA_CD8_TCELL_VS_B2_BCELL_UP	0.21058616364401872			
GSE5589_WT_VS_IL6_KO_LPS_AND_IL10_STIM_MACROPHAGE_180MIN_DN	0.21058045462084973			
MIR4666B	0.21057660957774432			
GO_ACTIN_FILAMENT_DEPOLYMERIZATION	0.21057292818040702			
GSE16266_LPS_VS_HEATSHOCK_AND_LPS_STIM_MEF_UP	0.21057045667002075			
GO_CALCIUM_IMPORT_INTO_THE_MITOCHONDRION	0.21056898414586322			
GO_REGULATION_OF_HORMONE_METABOLIC_PROCESS	0.21056731606838072			
MIR7848_3P	0.2105670047632818			
GSE26495_PD1HIGH_VS_PD1LOW_CD8_TCELL_DN	0.21056372642646057			
BIOCARTA_TOB1_PATHWAY	0.21056203990553182			
GSE13887_HEALTHY_VS_LUPUS_RESTING_CD4_TCELL_DN	0.2105610342204583			
KIM_WT1_TARGETS_12HR_UP	0.2105609874957413			
GO_NEDD8_TRANSFERASE_ACTIVITY	0.21055788393736422			
GSE6259_33D1_POS_DC_VS_CD4_TCELL_DN	0.21054679255415595			
GO_BLASTOCYST_FORMATION	0.2105387371993897			
GSE36888_UNTREATED_VS_IL2_TREATED_STAT5_AB_KNOCKIN_TCELL_2H_UP	0.21053413127243395			
GSE3982_MAST_CELL_VS_TH1_DN	0.21053377820200123			
GO_ENDONUCLEASE_ACTIVITY	0.21052605929948373			
CHICAS_RB1_TARGETS_CONFLUENT	0.21052450873376963			
GO_POSITIVE_REGULATION_OF_MUSCLE_CELL_APOPTOTIC_PROCESS	0.21050684468045894			
GO_ANTIBACTERIAL_HUMORAL_RESPONSE	0.21050093714433113			
RIZKI_TUMOR_INVASIVENESS_3D_DN	0.21049479682196284			
GO_POSITIVE_REGULATION_OF_NUCLEOCYTOPLASMIC_TRANSPORT	0.2104848548346837			
GO_BONE_MATURATION	0.2104820208736381			
GO_THREONINE_METABOLIC_PROCESS	0.21047590348499878			
GSE21033_CTRL_VS_POLYIC_STIM_DC_6H_UP	0.21047047811726255			
GO_ENDOTHELIAL_CELL_MORPHOGENESIS	0.21046506803353532			
GO_REGULATION_OF_MEMBRANE_PROTEIN_ECTODOMAIN_PROTEOLYSIS	0.21045831440356036			
MIR373_5P	0.2104522249557358			
IPA_FOXP2_DN	0.2104473082007076			
MIR942_3P	0.21044461457512162			
BROWNE_HCMV_INFECTION_10HR_UP	0.21044348883101316			
IPA_ATF6_UP	0.21044023999900321			
GSE26727_WT_VS_KLF2_KO_LPS_STIM_MACROPHAGE_DN	0.21044014444964673			
MIR548BB_5P	0.21043050170516456			
GO_NEGATIVE_REGULATION_OF_MONOCYTE_DIFFERENTIATION	0.21043022178930051			
GSE21927_GMCSF_IL6_VS_GMCSF_GCSF_TREATED_BONE_MARROW_DN	0.21042955479035613			
GO_NEGATIVE_REGULATION_OF_VIRAL_TRANSCRIPTION	0.21042460690178585			
GSE17721_LPS_VS_POLYIC_4H_BMDC_DN	0.2104232389910293			
GSE1791_CTRL_VS_NEUROMEDINU_IN_T_CELL_LINE_6H_DN	0.21042107060743254			
REACTOME_RECOGNITION_OF_DNA_DAMAGE_BY_PCNA_CONTAINING_REPLICATION_COMPLEX	0.21041838429514348			
GO_DICARBOXYLIC_ACID_BIOSYNTHETIC_PROCESS	0.2104098931066498			
GO_CGMP_METABOLIC_PROCESS	0.21040484440618287			
GO_NEGATIVE_REGULATION_OF_APOPTOTIC_PROCESS_INVOLVED_IN_DEVELOPMENT	0.21040314747228847			
GO_POSITIVE_REGULATION_OF_FC_GAMMA_RECEPTOR_SIGNALING_PATHWAY_INVOLVED_IN_PHAGOCYTOSIS	0.21040157110450888			
GO_REGULATION_OF_CELL_MIGRATION_INVOLVED_IN_SPROUTING_ANGIOGENESIS	0.21039458614096956			
GSE14000_UNSTIM_VS_16H_LPS_DC_DN	0.21038994925371787			
GO_REGULATION_OF_MAST_CELL_CYTOKINE_PRODUCTION	0.21038664545250776			
GO_REGULATION_OF_TOLL_LIKE_RECEPTOR_4_SIGNALING_PATHWAY	0.21038612583749638			
NUTT_GBM_VS_AO_GLIOMA_UP	0.21038603244696633			
GO_VASCULOGENESIS	0.2103859342778446			
GO_POSITIVE_REGULATION_OF_NATURAL_KILLER_CELL_PROLIFERATION	0.2103814507612751			
REACTOME_ANTIVIRAL_MECHANISM_BY_IFN_STIMULATED_GENES	0.21037639489051743			
PASTURAL_RIZ1_TARGETS_UP	0.21037558275305054			
TUOMISTO_TUMOR_SUPPRESSION_BY_COL13A1_DN	0.21037375494730415			
KIM_WT1_TARGETS_12HR_DN	0.2103706596794466			
GSE25123_WT_VS_PPARG_KO_MACROPHAGE_IL4_STIM_DN	0.21037021822463517			
GO_REGULATION_OF_SYSTEMIC_ARTERIAL_BLOOD_PRESSURE_BY_RENIN_ANGIOTENSIN	0.21036756607474838			
GSE17721_POLYIC_VS_GARDIQUIMOD_4H_BMDC_DN	0.21036302405071605			
TAKEDA_TARGETS_OF_NUP98_HOXA9_FUSION_8D_UP	0.21036033566622975			
MIR125B_2_3P	0.21035968010593795			
GO_CELLULAR_RESPONSE_TO_TEMPERATURE_STIMULUS	0.21035665323093097			
GSE369_IFNG_KO_VS_WT_LIVER_UP	0.21035632998312326			
GARGALOVIC_RESPONSE_TO_OXIDIZED_PHOSPHOLIPIDS_TURQUOISE_DN	0.21034496157000532			
LEE_LIVER_CANCER_E2F1_UP	0.21034457610262905			
GO_GDP_MANNOSE_METABOLIC_PROCESS	0.21034369698167463			
LEE_LIVER_CANCER_MYC_E2F1_UP	0.21034227007595765			
MCBRYAN_TERMINAL_END_BUD_DN	0.21033734553111358			
GO_PEPTIDOGLYCAN_METABOLIC_PROCESS	0.2103373050471586			
GSE8921_UNSTIM_0H_VS_TLR1_2_STIM_MONOCYTE_24H_UP	0.2103368895691505			
GO_REGULATION_OF_BLOOD_PRESSURE	0.21033124949055843			
GSE29164_UNTREATED_VS_CD8_TCELL_TREATED_MELANOMA_DAY3_UP	0.2103239776461124			
REACTOME_APC_C_CDH1_MEDIATED_DEGRADATION_OF_CDC20_AND_OTHER_APC_C_CDH1_TARGETED_PROTEINS_IN_LATE_MITOSIS_EARLY_G1	0.21031936327792985			
GSE37532_WT_VS_PPARG_KO_LN_TREG_UP	0.2103175593900567			
REACTOME_ASSEMBLY_OF_THE_PRE_REPLICATIVE_COMPLEX	0.21031709021953776			
GSE22886_NAIVE_BCELL_VS_BLOOD_PLASMA_CELL_UP	0.2103126696663509			
GSE2405_0H_VS_9H_A_PHAGOCYTOPHILUM_STIM_NEUTROPHIL_DN	0.21030874243980358			
GSE17721_0.5H_VS_12H_GARDIQUIMOD_BMDC_DN	0.21030119474748446			
SASAI_RESISTANCE_TO_NEOPLASTIC_TRANSFROMATION	0.210300477567057			
GO_POTASSIUM_CHANNEL_ACTIVITY	0.2102919192629151			
TONKS_TARGETS_OF_RUNX1_RUNX1T1_FUSION_ERYTHROCYTE_UP	0.2102820950627667			
GSE17721_PAM3CSK4_VS_CPG_8H_BMDC_UP	0.21027814234046574			
TAKEDA_TARGETS_OF_NUP98_HOXA9_FUSION_10D_UP	0.21027251171805753			
BIOCARTA_NTHI_PATHWAY	0.21026922152432126			
GO_TESTOSTERONE_DEHYDROGENASE_NAD_P_ACTIVITY	0.21026413653788506			
GO_CATALYTIC_ACTIVITY_ACTING_ON_DNA	0.2102633952356709			
GO_PROTEIN_OXIDATION	0.21026068139872128			
REACTOME_DECTIN_1_MEDIATED_NONCANONICAL_NF_KB_SIGNALING	0.21025828680156333			
IPA_HEY2_UP	0.2102557137542115			
GO_REGULATION_OF_MEIOTIC_CELL_CYCLE	0.21025424086184094			
GO_DRUG_METABOLIC_PROCESS	0.21025039558978276			
GO_SOMATIC_DIVERSIFICATION_OF_IMMUNE_RECEPTORS	0.21024982243236548			
GSE9878_CTRL_VS_EBF_TRANSDUCED_PAX5_KO_PRO_BCELL_DN	0.21024585266531814			
GO_REGULATION_OF_CELL_PROJECTION_SIZE	0.21024307528955993			
GSE37563_WT_VS_CTLA4_KO_CD4_TCELL_D4_POST_IMMUNIZATION_DN	0.21023701102332754			
GO_DNA_INSERTION_OR_DELETION_BINDING	0.21023629448209477			
IPA_SCXA_UP	0.21023491185510032			
GO_REGULATION_OF_PROTEIN_MODIFICATION_BY_SMALL_PROTEIN_CONJUGATION_OR_REMOVAL	0.21023352331415657			
GSE3565_CTRL_VS_LPS_INJECTED_SPLENOCYTES_UP	0.21023233752219864			
GSE20727_CTRL_VS_ROS_INH_AND_DNFB_ALLERGEN_TREATED_DC_UP	0.21023193852175134			
GO_TRANSFERASE_COMPLEX_TRANSFERRING_PHOSPHORUS_CONTAINING_GROUPS	0.2102314290423756			
GSE33162_UNTREATED_VS_4H_LPS_STIM_HDAC3_KO_MACROPHAGE_UP	0.21022527296656282			
GO_NEGATIVE_REGULATION_OF_CHROMOSOME_ORGANIZATION	0.21021957461637644			
GO_NEGATIVE_REGULATION_OF_LONG_TERM_SYNAPTIC_POTENTIATION	0.21021802894088418			
GO_REGULATION_OF_WNT_SIGNALING_PATHWAY_INVOLVED_IN_HEART_DEVELOPMENT	0.210212940810021			
GSE46606_IRF4HIGH_VS_IRF4MID_CD40L_IL2_IL5_DAY3_STIMULATED_BCELL_UP	0.21020459897779606			
GSE43955_TH0_VS_TGFB_IL6_TH17_ACT_CD4_TCELL_42H_DN	0.21019686417078035			
IPA_SPIC_DN	0.2101917605283855			
SIPA1_TARGET_GENES	0.2101908157889429			
GO_COLLAGEN_TRIMER	0.21019047016904638			
YAO_TEMPORAL_RESPONSE_TO_PROGESTERONE_CLUSTER_16	0.21018621583014913			
GSE9650_GP33_VS_GP276_LCMV_SPECIFIC_EXHAUSTED_CD8_TCELL_DN	0.2101795319283664			
GSE22886_TCELL_VS_BCELL_NAIVE_DN	0.21017684390906233			
GO_DNA_CLAMP_LOADER_ACTIVITY	0.21017281453917935			
REACTOME_DOWNSTREAM_SIGNALING_EVENTS_OF_B_CELL_RECEPTOR_BCR	0.21016527120819764			
GSE17721_LPS_VS_GARDIQUIMOD_24H_BMDC_DN	0.21015234842293148			
MIR378B	0.2101502848722277			
IPA_HOXA2_UP	0.21013635947326165			
GSE26928_NAIVE_VS_CXCR5_POS_CD4_TCELL_UP	0.21013454095852932			
GRANDVAUX_IRF3_TARGETS_DN	0.2101256448054398			
P53_DN.V1_DN	0.21012487785063175			
GSE22611_UNSTIM_VS_2H_MDP_STIM_NOD2_TRANSDUCED_HEK293T_CELL_DN	0.2101158982724313			
GO_REGULATION_OF_CYTOLYSIS	0.2101073206332692			
GSE27241_WT_VS_RORGT_KO_TH17_POLARIZED_CD4_TCELL_UP	0.2101042247433612			
REACTOME_INTERLEUKIN_2_SIGNALING	0.21010421965908582			
MIR548AK_MIR548AM_5P_MIR548C_5P_MIR548H_5P_MIR548O_5P_MIR548AU_5P	0.21010029165771876			
MIR548O_5P_MIR548W	0.21010029165771876			
IPA_MAF_UP	0.21009319305146962			
GO_MITOCHONDRIAL_TRANSMEMBRANE_TRANSPORT	0.2100858661834704			
GO_NEGATIVE_REGULATION_OF_PROTEIN_FOLDING	0.21008294472668898			
GO_NEGATIVE_REGULATION_OF_OXIDOREDUCTASE_ACTIVITY	0.21008270619737518			
MIR548AR_5P	0.210082520279844			
GSE26928_EFF_MEM_VS_CENTR_MEM_CD4_TCELL_DN	0.21008232426895224			
KEGG_ASTHMA	0.2100802688714674			
GSE29618_PRE_VS_DAY7_FLU_VACCINE_MDC_DN	0.21007613396958974			
IPA_BARX2_UP	0.21006854036747075			
REACTOME_TELOMERE_C_STRAND_LAGGING_STRAND_SYNTHESIS	0.21006818746787026			
GO_REGULATION_OF_CYTOKINESIS	0.21006703102014002			
GO_NEGATIVE_REGULATION_OF_HELICASE_ACTIVITY	0.2100599466128841			
GO_POSITIVE_REGULATION_OF_NK_T_CELL_ACTIVATION	0.21005947930669222			
GO_PYRIMIDINE_NUCLEOTIDE_BINDING	0.21005204503774036			
MIR1288_5P	0.21004778630554766			
GO_NEGATIVE_REGULATION_OF_AMYLOID_BETA_FORMATION	0.210045031405842			
GO_POSITIVE_REGULATION_OF_METHYLATION_DEPENDENT_CHROMATIN_SILENCING	0.21004423664078026			
GO_REGULATION_OF_CYTOSOLIC_CALCIUM_ION_CONCENTRATION	0.21004217882919116			
GSE3203_WT_VS_IFNAR1_KO_INFLUENZA_INFECTED_LN_BCELL_DN	0.21003963403624867			
IPA_NR2C1_DN	0.2100388623216599			
GO_AUTOPHAGOSOME_MATURATION	0.21003750534354837			
SETBP1_TARGET_GENES	0.21003733858273135			
IPA_POU2F3_UP	0.21002225141480188			
IPA_POU2F3_DN	0.21002225141480188			
HELLER_SILENCED_BY_METHYLATION_DN	0.21001580642748838			
GO_DEOXYRIBONUCLEOSIDE_MONOPHOSPHATE_METABOLIC_PROCESS	0.21001435937408877			
LEE_LIVER_CANCER_SURVIVAL_DN	0.2100101274287159			
REACTOME_CHONDROITIN_SULFATE_DERMATAN_SULFATE_METABOLISM	0.21000663120441304			
GO_NUCLEIC_ACID_PHOSPHODIESTER_BOND_HYDROLYSIS	0.2099986668362263			
chr3p21	0.20999809603939668			
GSE17974_CTRL_VS_ACT_IL4_AND_ANTI_IL12_4H_CD4_TCELL_DN	0.20999723612422022			
MIR12113	0.20999524683933118			
GO_POSITIVE_REGULATION_OF_CD8_POSITIVE_ALPHA_BETA_T_CELL_ACTIVATION	0.2099935152788196			
GO_PROTEIN_DEACETYLASE_ACTIVITY	0.2099928291162428			
GSE17721_0.5H_VS_12H_LPS_BMDC_DN	0.20998794760796802			
GSE22033_WT_VS_PPARG_KO_MEF_UP	0.2099864245418968			
GSE37533_UNTREATED_VS_PIOGLIZATONE_TREATED_CD4_TCELL_PPARG1_AND_FOXP3_TRASDUCED_DN	0.2099854208982073			
MIR1288_3P	0.2099704424717894			
GO_ESTRADIOL_17_BETA_DEHYDROGENASE_ACTIVITY	0.20995443397272912			
VALK_AML_CLUSTER_9	0.2099510087702251			
DAVIES_MULTIPLE_MYELOMA_VS_MGUS_UP	0.20994346911957065			
GO_NEGATIVE_REGULATION_OF_POTASSIUM_ION_TRANSMEMBRANE_TRANSPORT	0.20993554053434987			
KEGG_VEGF_SIGNALING_PATHWAY	0.20993501605952625			
GSE17721_LPS_VS_POLYIC_1H_BMDC_UP	0.20993460909947007			
GO_CALCIUM_MEDIATED_SIGNALING_USING_INTRACELLULAR_CALCIUM_SOURCE	0.20993029506584118			
GO_POSITIVE_REGULATION_OF_CELL_JUNCTION_ASSEMBLY	0.20992093622766275			
GSE9988_LPS_VS_LPS_AND_ANTI_TREM1_MONOCYTE_DN	0.20991381255735658			
IPA_GTF2I_DN	0.20990772302338026			
MIR7974	0.20990586941591524			
GSE37605_TREG_VS_TCONV_C57BL6_FOXP3_IRES_GFP_DN	0.20990316018214433			
GO_POSITIVE_REGULATION_OF_MHC_CLASS_II_BIOSYNTHETIC_PROCESS	0.2099014052752703			
MEF2_01	0.20988958630442467			
IPA_OLIG2_UP	0.20988641465151303			
IPA_LMO1_UP	0.20988641465151303			
ONKEN_UVEAL_MELANOMA_UP	0.20988190967909295			
TBK1.DF_UP	0.20988014809188393			
GO_CELL_DEATH_IN_RESPONSE_TO_HYDROGEN_PEROXIDE	0.20986406401765423			
GO_SNAP_RECEPTOR_ACTIVITY	0.20986294911308928			
HALLMARK_G2M_CHECKPOINT	0.20985973129286004			
GO_PEPTIDYL_PROLINE_HYDROXYLATION	0.2098592672459955			
MIR5197_5P	0.2098502361039449			
STEGER_ADIPOGENESIS_UP	0.20984700224108996			
REACTOME_COOPERATION_OF_PDCL_PHLP1_AND_TRIC_CCT_IN_G_PROTEIN_BETA_FOLDING	0.2098446055329351			
GTGCAAT_MIR25_MIR32_MIR92_MIR363_MIR367	0.20984246737221554			
GSE36891_UNSTIM_VS_POLYIC_TLR3_STIM_PERITONEAL_MACROPHAGE_DN	0.2098302803367205			
SMIRNOV_RESPONSE_TO_IR_6HR_UP	0.2098289108679432			
IPA_HIST1H2BI_UP	0.20982558405129786			
IPA_HIST1H2BC_UP	0.20982558405129786			
IPA_HIST1H2BG_UP	0.20982558405129786			
IPA_HIST1H2BE_UP	0.20982558405129786			
IPA_HIST2H3C_UP	0.20982558405129786			
GO_METALLOCHAPERONE_ACTIVITY	0.20982401093837746			
GO_DNA_REPLICATION_INITIATION	0.2098219369555522			
GO_POSITIVE_REGULATION_OF_PROTEIN_OLIGOMERIZATION	0.20981830916009653			
ROSS_AML_WITH_CBFB_MYH11_FUSION	0.20981373328612787			
GSE18791_UNSTIM_VS_NEWCATSLE_VIRUS_DC_1H_DN	0.20980628347886038			
GO_REGULATION_OF_METAL_ION_TRANSPORT	0.2098042154464763			
GO_RNA_MODIFICATION	0.20980271045212476			
REACTOME_SIGNALING_BY_THE_B_CELL_RECEPTOR_BCR	0.20979994700087573			
GSE41087_WT_VS_FOXP3_MUT_ANTI_CD3_CD28_STIM_CD4_TCELL_DN	0.20979984851729444			
GSE30971_CTRL_VS_LPS_STIM_MACROPHAGE_WBP7_KO_2H_UP	0.20979561757235102			
GO_REGULATION_OF_CYTOPLASMIC_MRNA_PROCESSING_BODY_ASSEMBLY	0.20979372806304875			
ELK1_02	0.20979033972025232			
PRDM12_TARGET_GENES	0.20978558602108305			
GO_NEGATIVE_REGULATION_OF_FIBRINOLYSIS	0.20978151169213005			
GSE16385_ROSIGLITAZONE_IL4_VS_IL4_ALONE_STIM_MACROPHAGE_12H_DN	0.2097761643236005			
LEIN_MEDULLA_MARKERS	0.2097757332267712			
AMIT_EGF_RESPONSE_240_MCF10A	0.20977385557030223			
MORI_PRE_BI_LYMPHOCYTE_UP	0.20977281522565086			
ACCGAGC_MIR423	0.2097694952345026			
CERVERA_SDHB_TARGETS_2	0.2097681676871382			
GSE17721_LPS_VS_CPG_12H_BMDC_DN	0.2097680883350836			
REACTOME_HIV_LIFE_CYCLE	0.20976712648348184			
GO_PHOSPHATIDYLCHOLINE_STEROL_O_ACYLTRANSFERASE_ACTIVATOR_ACTIVITY	0.2097651039180345			
IPA_RARG_DN	0.20976443057295788			
GSE13522_WT_VS_IFNG_KO_SKING_T_CRUZI_Y_STRAIN_INF_DN	0.20976267064315104			
GO_TRANSPOSITION_RNA_MEDIATED	0.20976097592576906			
GO_INTEGRIN_MEDIATED_SIGNALING_PATHWAY	0.2097467505830405			
GSE41176_UNSTIM_VS_ANTI_IGM_STIM_BCELL_3H_UP	0.20974514734110322			
GO_CHROMOSOME_PASSENGER_COMPLEX	0.2097359541684154			
GSE11961_MARGINAL_ZONE_BCELL_VS_GERMINAL_CENTER_BCELL_DAY7_DN	0.20973506343353937			
GSE18893_TCONV_VS_TREG_2H_TNF_STIM_DN	0.20973052571127013			
GO_CENTRIOLE_CENTRIOLE_COHESION	0.2097278374454446			
IPA_E2F1_UP	0.2097255413185199			
GO_POSITIVE_REGULATION_OF_P38MAPK_CASCADE	0.20972006846635785			
GO_NEGATIVE_REGULATION_OF_CALCIUM_ION_DEPENDENT_EXOCYTOSIS	0.20970006958265974			
TET1_Splice_Variant_VP_DE456_TARGET_GENES	0.20969630370409192			
GEORGES_TARGETS_OF_MIR192_AND_MIR215	0.2096917737024995			
ATM_TARGET_GENES	0.20968651707371744			
chr3q29	0.20968311307383727			
ZNF184_TARGET_GENES	0.2096675125177433			
GO_NUCLEAR_PORE_OUTER_RING	0.20966561910262171			
chr4p13	0.2096624582380151			
KEGG_HEMATOPOIETIC_CELL_LINEAGE	0.20965605337973325			
SIMBULAN_PARP1_TARGETS_UP	0.20964906117900267			
TOOKER_GEMCITABINE_RESISTANCE_DN	0.2096384224701093			
GO_OUTER_MITOCHONDRIAL_MEMBRANE_ORGANIZATION	0.2096373345293682			
VISALA_RESPONSE_TO_HEAT_SHOCK_AND_AGING_DN	0.20963275523616162			
IPA_ATF2_UP	0.20963268014014677			
GO_SLEEP	0.20962896808706585			
MIR200C_3P	0.20962747311099533			
GSE17974_IL4_AND_ANTI_IL12_VS_UNTREATED_2H_ACT_CD4_TCELL_DN	0.20961697361797246			
GO_RESPONSE_TO_LAMINAR_FLUID_SHEAR_STRESS	0.20961559962110676			
MIR183_3P	0.2096148534501934			
GO_BRANCHED_CHAIN_AMINO_ACID_METABOLIC_PROCESS	0.20961435403000475			
SIG_CD40PATHWAYMAP	0.2096129714005304			
GO_POLYNUCLEOTIDE_ADENYLYLTRANSFERASE_ACTIVITY	0.2096117106528509			
REACTOME_REGULATION_OF_PLK1_ACTIVITY_AT_G2_M_TRANSITION	0.20960876364891629			
GO_POSITIVE_REGULATION_OF_INTRACELLULAR_PROTEIN_TRANSPORT	0.20960781305407172			
GO_POSITIVE_REGULATION_OF_PROTEIN_SUMOYLATION	0.20960547655522319			
HALLMARK_FATTY_ACID_METABOLISM	0.20959868110101693			
GO_NEGATIVE_REGULATION_OF_PHAGOCYTOSIS	0.20959371742149907			
GSE36009_WT_VS_NLRP10_KO_DC_UP	0.20959330257208403			
GSE5589_WT_VS_IL10_KO_LPS_AND_IL10_STIM_MACROPHAGE_45MIN_UP	0.20958835765183853			
GO_TYPE_I_INTERFERON_SECRETION	0.20958679135037936			
GO_PROTEIN_KINASE_B_BINDING	0.20957818978494905			
chrXp21	0.20957800073044436			
REACTOME_COLLAGEN_BIOSYNTHESIS_AND_MODIFYING_ENZYMES	0.20957676599575553			
PID_TRAIL_PATHWAY	0.2095760507560833			
MIR616_5P	0.20957589160901036			
GO_CORTICAL_CYTOSKELETON_ORGANIZATION	0.20956122994955342			
GSE17974_0H_VS_24H_IN_VITRO_ACT_CD4_TCELL_UP	0.20955914067758197			
GSE15750_DAY6_VS_DAY10_TRAF6KO_EFF_CD8_TCELL_DN	0.20955619577925955			
GO_ENDONUCLEOLYTIC_CLEAVAGE_IN_ITS1_TO_SEPARATE_SSU_RRNA_FROM_5_8S_RRNA_AND_LSU_RRNA_FROM_TRICISTRONIC_RRNA_TRANSCRIPT_SSU_RRNA_5_8S_RRNA_LSU_RRNA	0.20955259071802865			
REACTOME_BIOSYNTHESIS_OF_MARESIN_LIKE_SPMS	0.20955127209571053			
GO_NUCLEAR_CHROMOSOME_TELOMERIC_REGION	0.2095477915043678			
ZHANG_RESPONSE_TO_IKK_INHIBITOR_AND_TNF_UP	0.20954451060275892			
MIR10522_5P	0.20953249540896315			
MIR488_5P	0.2095178906831908			
GO_REGULATION_OF_STRESS_GRANULE_ASSEMBLY	0.2095164090804581			
GO_NEGATIVE_REGULATION_OF_LEUKOCYTE_APOPTOTIC_PROCESS	0.20951573206884266			
GSE339_EX_VIVO_VS_IN_CULTURE_CD4CD8DN_DC_DN	0.20951370585955775			
GSE3982_BCELL_VS_CENT_MEMORY_CD4_TCELL_DN	0.20951206209665035			
GO_REGULATION_OF_MEMBRANE_INVAGINATION	0.20950538755036366			
GSE6092_IFNG_VS_IFNG_AND_B_BURGDORFERI_INF_ENDOTHELIAL_CELL_UP	0.20949992645173135			
chr6q26	0.20949812677071233			
GARGALOVIC_RESPONSE_TO_OXIDIZED_PHOSPHOLIPIDS_PINK_DN	0.20948641373835386			
REACTOME_METABOLISM_OF_POLYAMINES	0.20947834548514074			
MIR378A_5P	0.20947524387798575			
GO_DNA_REPAIR_COMPLEX	0.2094737071608111			
GO_ACTIVATION_OF_CYSTEINE_TYPE_ENDOPEPTIDASE_ACTIVITY_INVOLVED_IN_APOPTOTIC_PROCESS_BY_CYTOCHROME_C	0.20947332039954855			
MIR4713_5P	0.2094645719299381			
IPA_FOXL2_UP	0.209464037097505			
GSE32128_INOS_DEPENDENT_VS_INOS_INDEPENDENT_ACTIVATED_TCELL_DN	0.2094620342111383			
GO_RNA_2_O_METHYLTRANSFERASE_ACTIVITY	0.20945759426003066			
GSE40666_STAT1_KO_VS_STAT4_KO_CD8_TCELL_WITH_IFNA_STIM_90MIN_DN	0.20945322946461775			
GO_PROTEIN_CONTAINING_COMPLEX_BINDING	0.20945092864371515			
chr2p11	0.2094499266781359			
GSE19401_UNSTIM_VS_PAM2CSK4_STIM_FOLLICULAR_DC_DN	0.20944746676809117			
GSE9988_LPS_VS_CTRL_TREATED_MONOCYTE_UP	0.2094457963162357			
GSE14415_INDUCED_TREG_VS_FOXP3_KO_INDUCED_TREG_IL2_CULTURE_UP	0.2094309490472332			
chr7q34	0.20942865252609663			
HILLION_HMGA1B_TARGETS	0.20942425036812565			
GO_MULTI_ORGANISM_CELLULAR_PROCESS	0.20942269209359105			
GO_NUCLEOTIDE_EXCISION_REPAIR_DNA_INCISION_3_TO_LESION	0.20941795024739723			
REACTOME_DEVELOPMENTAL_BIOLOGY	0.20941716561679183			
SHIN_B_CELL_LYMPHOMA_CLUSTER_5	0.20941675373541843			
GO_TELOMERE_MAINTENANCE_IN_RESPONSE_TO_DNA_DAMAGE	0.20941445515519772			
REACTOME_GLI_PROTEINS_BIND_PROMOTERS_OF_HH_RESPONSIVE_GENES_TO_PROMOTE_TRANSCRIPTION	0.2094038852707896			
PTTG1_TARGET_GENES	0.2094026897090284			
GO_CHROMATIN_REMODELING_AT_CENTROMERE	0.2093973341920129			
MIR3925_5P	0.20938484110634503			
GO_TELOMERIC_D_LOOP_DISASSEMBLY	0.20937333863109744			
GSE32901_TH17_EMRICHED_VS_TH17_NEG_CD4_TCELL_DN	0.20936986907547148			
GO_PROTEIN_ADP_RIBOSYLASE_ACTIVITY	0.20935945252947918			
GSE28726_ACT_CD4_TCELL_VS_ACT_NKTCELL_UP	0.20935779837342486			
MIR3119	0.2093577018937882			
GSE32986_GMCSF_AND_CURDLAN_LOWDOSE_VS_GMCSF_AND_CURDLAN_HIGHDOSE_STIM_DC_DN	0.2093558248006422			
GO_PYRUVATE_DEHYDROGENASE_ACTIVITY	0.20935245312359624			
GO_PRIMARY_ALCOHOL_BIOSYNTHETIC_PROCESS	0.20935193132994756			
LU_AGING_BRAIN_UP	0.20934980075872076			
GO_REGULATION_OF_INTERLEUKIN_10_SECRETION	0.20934884044515092			
GO_DNA_REPLICATION_INDEPENDENT_NUCLEOSOME_ORGANIZATION	0.20934333521229812			
GO_LOW_DENSITY_LIPOPROTEIN_PARTICLE_BINDING	0.2093331714004214			
MIR5586_5P	0.2093281970982575			
BHATTACHARYA_EMBRYONIC_STEM_CELL	0.20932373941957585			
REACTOME_SODIUM_PROTON_EXCHANGERS	0.20931600580891155			
MIR12128	0.20931494438582451			
REACTOME_SIGNALING_BY_CYTOSOLIC_FGFR1_FUSION_MUTANTS	0.20931024837616724			
GSE5503_LIVER_DC_VS_MLN_DC_ACTIVATED_ALLOGENIC_TCELL_UP	0.2093098429548713			
GSE29949_CD8_NEG_DC_SPLEEN_VS_MONOCYTE_BONE_MARROW_UP	0.2093098341188155			
MIR517A_3P_MIR517B_3P_MIR517C_3P	0.2093047032211993			
GO_ATPASE_COUPLED_AMIDE_TRANSPORTER_ACTIVITY	0.20930227184732392			
GO_MITOCHONDRIAL_RESPIRATORY_CHAIN_COMPLEX_ASSEMBLY	0.20929977403142966			
MIR200B_3P	0.20929279697892428			
HARRIS_BRAIN_CANCER_PROGENITORS	0.2092908662206204			
GSE5589_WT_VS_IL6_KO_LPS_AND_IL6_STIM_MACROPHAGE_45MIN_DN	0.20928718420087133			
TUOMISTO_TUMOR_SUPPRESSION_BY_COL13A1_UP	0.20928381810533536			
GO_CALCIUM_MEDIATED_SIGNALING	0.20928346791291236			
OUELLET_CULTURED_OVARIAN_CANCER_INVASIVE_VS_LMP_DN	0.20928247005006678			
GO_REGULATION_OF_CYSTEINE_TYPE_ENDOPEPTIDASE_ACTIVITY	0.20927898715060697			
GO_PORE_COMPLEX_ASSEMBLY	0.2092736774913984			
IPA_SCXA_DN	0.209270775531024			
BIOCARTA_PCAF_PATHWAY	0.2092690196510975			
GO_CELLULAR_RESPONSE_TO_CALCIUM_ION	0.2092663322113835			
MIR6715B_3P	0.2092628107517787			
GSE27786_LIN_NEG_VS_NEUTROPHIL_DN	0.20926065692149726			
GO_METANEPHRIC_NEPHRON_EPITHELIUM_DEVELOPMENT	0.20925767040763704			
BRACHAT_RESPONSE_TO_CAMPTOTHECIN_UP	0.2092547319427352			
GO_DNA_DAMAGE_RESPONSE_SIGNAL_TRANSDUCTION_BY_P53_CLASS_MEDIATOR	0.209246710404539			
GO_REGULATION_OF_VIRAL_ENTRY_INTO_HOST_CELL	0.2092450387709334			
BROWNE_HCMV_INFECTION_2HR_DN	0.20924338720766553			
GO_POSITIVE_REGULATION_OF_CALCINEURIN_MEDIATED_SIGNALING	0.2092429511223923			
GO_INTESTINAL_ABSORPTION	0.20924207932390496			
MIR4803	0.20921770567373096			
GO_G_PROTEIN_COUPLED_ADENOSINE_RECEPTOR_ACTIVITY	0.2092153663245106			
MIR3936	0.20921453934685943			
GO_TAT_PROTEIN_BINDING	0.20920851363521176			
GO_PHOSPHATIDYLINOSITOL_PHOSPHORYLATION	0.20920714183864114			
GSE43955_1H_VS_42H_ACT_CD4_TCELL_WITH_TGFB_IL6_DN	0.20920248399750646			
MIR489_3P	0.20918477297541146			
GO_NK_T_CELL_ACTIVATION	0.20918329231291022			
IPA_E2F1_DN	0.2091755540477688			
HOLLERN_SOLID_NODULAR_BREAST_TUMOR_DN	0.20916810818841652			
KEGG_PRIMARY_IMMUNODEFICIENCY	0.20916787467224884			
GSE41978_WT_VS_BIM_KO_KLRG1_LOW_EFFECTOR_CD8_TCELL_DN	0.20916148486840727			
MIR548AS_5P	0.20915871154173296			
GO_REGULATION_OF_MESENCHYMAL_TO_EPITHELIAL_TRANSITION_INVOLVED_IN_METANEPHROS_MORPHOGENESIS	0.20915613045571152			
GSE43955_1H_VS_10H_ACT_CD4_TCELL_WITH_TGFB_IL6_DN	0.20915550222853244			
GO_REGULATION_OF_CHROMATIN_SILENCING	0.209150687693454			
JAZAERI_BREAST_CANCER_BRCA1_VS_BRCA2_UP	0.20914983924742597			
GO_REGULATION_OF_ATTACHMENT_OF_SPINDLE_MICROTUBULES_TO_KINETOCHORE	0.20914932544213585			
GSE3982_MAC_VS_NEUTROPHIL_UP	0.20914804597326617			
GO_REGULATION_OF_SKELETAL_MUSCLE_TISSUE_DEVELOPMENT	0.20914747544797538			
GO_POSITIVE_REGULATION_OF_MONOCYTE_CHEMOTAXIS	0.20914187411668558			
GO_CELLULAR_RESPONSE_TO_HYDROPEROXIDE	0.20914071772029524			
GO_TELOMERE_MAINTENANCE_VIA_SEMI_CONSERVATIVE_REPLICATION	0.20913610838446078			
MIR6895_3P	0.2091349393308007			
GO_AMP_BIOSYNTHETIC_PROCESS	0.20913417694963635			
GSE8515_CTRL_VS_IL1_4H_STIM_MAC_UP	0.20912914048560918			
GSE17721_PAM3CSK4_VS_GADIQUIMOD_24H_BMDC_UP	0.2091267300180065			
GSE17721_0.5H_VS_12H_PAM3CSK4_BMDC_DN	0.20912299105040494			
GSE18281_CORTICAL_VS_MEDULLARY_THYMOCYTE_UP	0.2091228293025738			
GSE30971_CTRL_VS_LPS_STIM_MACROPHAGE_WBP7_KO_4H_DN	0.2091112460178226			
BENPORATH_PROLIFERATION	0.20910609277830783			
GSE1925_CTRL_VS_3H_IFNG_STIM_MACROPHAGE_UP	0.2090916350856201			
GSE17721_POLYIC_VS_CPG_0.5H_BMDC_DN	0.20909143427085997			
GSE33425_CD8_ALPHAALPHA_VS_ALPHABETA_CD161_HIGH_TCELL_UP	0.20908817166863577			
GO_PLASMA_MEMBRANE_RAFT	0.20908748964124108			
GO_INORGANIC_PHOSPHATE_TRANSMEMBRANE_TRANSPORTER_ACTIVITY	0.2090855521493772			
MIR4646_5P	0.20908436372708444			
GSE26669_CTRL_VS_COSTIM_BLOCK_MLR_CD4_TCELL_UP	0.2090838982274275			
REACTOME_NEDDYLATION	0.20908297274211698			
GO_TUBULIN_COMPLEX_ASSEMBLY	0.20907823962214778			
MIR581	0.20907545861184948			
MIR378E	0.20907338549448676			
GO_ACTIVIN_RECEPTOR_SIGNALING_PATHWAY	0.20907290845639045			
GSE8685_IL15_ACT_IL2_STARVED_VS_IL21_ACT_IL2_STARVED_CD4_TCELL_UP	0.2090676713018576			
MIR6868_3P	0.2090661035625622			
GO_POSITIVE_REGULATION_OF_SMALL_GTPASE_MEDIATED_SIGNAL_TRANSDUCTION	0.20906045096677403			
GSE22886_DC_VS_MONOCYTE_UP	0.20905285089012932			
GSE16385_ROSIGLITAZONE_IFNG_TNF_VS_IL4_STIM_MACROPHAGE_DN	0.20905210869237117			
MIR889_3P	0.20905011987975736			
PID_NFAT_TFPATHWAY	0.20904665856048982			
TAAWWATAG_RSRFC4_Q2	0.2090423454468034			
NR1D1_TARGET_GENES	0.2090408748389557			
GO_CYTOSOLIC_RIBOSOME	0.20903481526741696			
GSE36476_CTRL_VS_TSST_ACT_16H_MEMORY_CD4_TCELL_YOUNG_DN	0.20903430898315542			
GSE17721_CTRL_VS_PAM3CSK4_1H_BMDC_DN	0.20903131060179014			
GO_REGULATION_OF_CELL_CYCLE	0.20903102890021996			
GSE17721_0.5H_VS_24H_LPS_BMDC_UP	0.20902613382647126			
MIR4437	0.2090211584818928			
GSE24634_TEFF_VS_TCONV_DAY5_IN_CULTURE_UP	0.20902102380770599			
REACTOME_COHESIN_LOADING_ONTO_CHROMATIN	0.20901365287888773			
GO_PURINERGIC_RECEPTOR_ACTIVITY	0.20901309969371987			
MIR5006_5P	0.20900835107674143			
GO_CUTICULAR_PLATE	0.20900277523609564			
MIR297	0.2090023161822834			
GSE1448_ANTI_VALPHA2_VS_VBETA5_DP_THYMOCYTE_UP	0.20900010247221204			
HOWLIN_CITED1_TARGETS_1_UP	0.20899765595686398			
GO_CARBOHYDRATE_DERIVATIVE_METABOLIC_PROCESS	0.2089868524192705			
GO_ENDOPLASMIC_RETICULUM_LUMEN	0.20898581448860007			
GO_NEGATIVE_REGULATION_OF_B_CELL_RECEPTOR_SIGNALING_PATHWAY	0.20898399497258507			
GO_G_QUADRUPLEX_RNA_BINDING	0.20898280614814962			
GO_PHOSPHATIDYLINOSITOL_3_KINASE_COMPLEX_CLASS_III	0.20897672893920172			
GSE44955_MCSF_VS_MCSF_AND_IL27_STIM_MACROPHAGE_UP	0.208975998973633			
GO_C_ACYLTRANSFERASE_ACTIVITY	0.20896955245033244			
GO_MITOCHONDRION	0.20896056988607298			
GSE36078_UNTREATED_VS_AD5_T425A_HEXON_INF_MOUSE_LUNG_DC_UP	0.20895105804082958			
GO_REGULATION_OF_CELL_DIVISION	0.20895064566284619			
GO_PLATELET_AGGREGATION	0.2089501291776078			
GO_REGULATION_OF_POTASSIUM_ION_TRANSMEMBRANE_TRANSPORT	0.20894742018169732			
AGCATTA_MIR155	0.20893960114644217			
MIR6823_5P	0.20893949275381654			
PAPASPYRIDONOS_UNSTABLE_ATEROSCLEROTIC_PLAQUE_UP	0.20893769251120217			
GO_BRISC_COMPLEX	0.20893545332510016			
KALMA_E2F1_TARGETS	0.20893201164824848			
GO_POSITIVE_REGULATION_OF_ER_ASSOCIATED_UBIQUITIN_DEPENDENT_PROTEIN_CATABOLIC_PROCESS	0.20891542426412732			
JOHNSTONE_PARVB_TARGETS_2_DN	0.2089137658459262			
MIR548AH_5P	0.20890737387897196			
GO_STORE_OPERATED_CALCIUM_ENTRY	0.20890154094211535			
GO_POSITIVE_REGULATION_OF_RESPIRATORY_BURST	0.2089001519746188			
REACTOME_DEFECTIVE_CHST14_CAUSES_EDS_MUSCULOCONTRACTURAL_TYPE	0.20889752762636676			
GO_SULFUR_AMINO_ACID_TRANSPORT	0.20889558319941715			
ADDYA_ERYTHROID_DIFFERENTIATION_BY_HEMIN	0.20889414945000778			
HEIDENBLAD_AMPLICON_8Q24_DN	0.2088934703718951			
MIR663B	0.2088922304064419			
MARTINEZ_RB1_TARGETS_UP	0.20888998769706252			
VALK_AML_CLUSTER_4	0.20888584683817396			
GO_CELL_REDOX_HOMEOSTASIS	0.2088832804194317			
GRAHAM_NORMAL_QUIESCENT_VS_NORMAL_DIVIDING_UP	0.20887994692835815			
SATO_SILENCED_BY_METHYLATION_IN_PANCREATIC_CANCER_1	0.20887005647536833			
GO_TITIN_BINDING	0.2088677841602157			
GSE22935_WT_VS_MYD88_KO_MACROPHAGE_24H_MBOVIS_BCG_STIM_UP	0.20886088357007052			
MIR139_3P	0.20885983267726804			
GO_INOSITOL_PHOSPHATE_CATABOLIC_PROCESS	0.20885460607658432			
GO_INTERSTRAND_CROSS_LINK_REPAIR	0.20884927114945637			
REACTOME_TCR_SIGNALING	0.2088480314600177			
GSE14699_NAIVE_VS_ACT_CD8_TCELL_DN	0.2088456380365408			
GO_NEGATIVE_REGULATION_OF_TISSUE_REMODELING	0.2088432412107294			
GO_NEGATIVE_REGULATION_OF_TRANSLATIONAL_INITIATION	0.2088407472226119			
MIR4672	0.2088356059647481			
PHONG_TNF_RESPONSE_NOT_VIA_P38	0.20883522208455754			
GSE36392_TYPE_2_MYELOID_VS_NEUTROPHIL_IL25_TREATED_LUNG_DN	0.2088270094235848			
GSE11864_CSF1_PAM3CYS_VS_CSF1_IFNG_PAM3CYS_IN_MAC_UP	0.20882594343294575			
GO_METAL_ION_TRANSPORT	0.20881882604096932			
IPA_HNF4A_UP	0.20881855549711087			
HAHTOLA_SEZARY_SYNDROM_DN	0.20881810654914199			
GSE6269_E_COLI_VS_STAPH_AUREUS_INF_PBMC_DN	0.20880792772921927			
GSE22886_NAIVE_BCELL_VS_DC_UP	0.20880435540403536			
GO_MAP_KINASE_KINASE_ACTIVITY	0.20879914384003762			
CRX_DN.V1_DN	0.20879720156748657			
GSE36476_CTRL_VS_TSST_ACT_40H_MEMORY_CD4_TCELL_OLD_UP	0.20879414745288036			
REACTOME_ROLE_OF_SECOND_MESSENGERS_IN_NETRIN_1_SIGNALING	0.20878828546904307			
CHIARADONNA_NEOPLASTIC_TRANSFORMATION_CDC25_DN	0.20878624342842478			
GO_CELLULAR_DETOXIFICATION	0.20877460526869915			
GO_ALPHA_N_ACETYLGALACTOSAMINIDE_ALPHA_2_6_SIALYLTRANSFERASE_ACTIVITY	0.20877260595474406			
WANG_CISPLATIN_RESPONSE_AND_XPC_DN	0.20876984475108984			
GSE45365_HEALTHY_VS_MCMV_INFECTION_CD8A_DC_IFNAR_KO_DN	0.20875309571254932			
GSE19923_WT_VS_E2A_KO_DP_THYMOCYTE_DN	0.20875179904901175			
GSE41978_WT_VS_ID2_KO_AND_BIM_KO_KLRG1_LOW_EFFECTOR_CD8_TCELL_UP	0.20875177029845596			
MIR4802_5P	0.20875163117837825			
GSE21546_SAP1A_KO_VS_SAP1A_KO_AND_ELK1_KO_DP_THYMOCYTES_DN	0.20874434409418632			
IPA_NOBOX_UP	0.20873269598600344			
KAUFFMANN_DNA_REPAIR_GENES	0.2087315656650959			
GSE3982_BCELL_VS_TH1_DN	0.20871955607148632			
GO_PROTEASE_BINDING	0.2087160295285974			
LINDSTEDT_DENDRITIC_CELL_MATURATION_A	0.2087128028703206			
GO_CELL_CELL_ADHESION_MEDIATED_BY_INTEGRIN	0.208710631450499			
GO_INOSITOL_POLYPHOSPHATE_5_PHOSPHATASE_ACTIVITY	0.20870915140487814			
GSE36476_CTRL_VS_TSST_ACT_16H_MEMORY_CD4_TCELL_OLD_DN	0.208706910331945			
REACTOME_HYALURONAN_UPTAKE_AND_DEGRADATION	0.20870680035896558			
GSE17721_LPS_VS_GARDIQUIMOD_8H_BMDC_DN	0.20870383480248197			
IPA_ATF5_UP	0.2086990838956094			
GSE24574_BCL6_HIGH_VS_LOW_TFH_CD4_TCELL_DN	0.20869857240513115			
MIR570_3P	0.2086964994656608			
AMIT_DELAYED_EARLY_GENES	0.2086963590221197			
GO_CORECEPTOR_ACTIVITY	0.20869496544837343			
GO_POSITIVE_REGULATION_OF_MITOCHONDRIAL_DEPOLARIZATION	0.20869422136232063			
MIR3671	0.20869224212629853			
GSE20366_CD103_POS_VS_CD103_KLRG1_DP_TREG_UP	0.2086919976434589			
GO_POSITIVE_REGULATION_OF_ACTIN_FILAMENT_DEPOLYMERIZATION	0.20869173719091205			
GRABARCZYK_BCL11B_TARGETS_DN	0.20868517644944906			
GSE17721_LPS_VS_CPG_2H_BMDC_DN	0.20868360243347384			
GSE2770_TGFB_AND_IL4_VS_IL12_TREATED_ACT_CD4_TCELL_2H_DN	0.20868316428949113			
IPA_ZBTB33_UP	0.2086824998705933			
WESTON_VEGFA_TARGETS_6HR	0.20868236733868623			
GO_C_X_C_CHEMOKINE_BINDING	0.20867727813517756			
GO_BETA_CATENIN_DESTRUCTION_COMPLEX_ASSEMBLY	0.20867586704136934			
IPA_TWIST1_UP	0.20867519796085596			
CEBPB_02	0.2086693587975057			
GSE10239_MEMORY_VS_DAY4.5_EFF_CD8_TCELL_DN	0.2086540492745653			
GSE6259_DEC205_POS_DC_VS_CD4_TCELL_DN	0.2086493937672584			
WNT_UP.V1_DN	0.20864596883160327			
BARRIER_CANCER_RELAPSE_NORMAL_SAMPLE_UP	0.20864188156774094			
KEGG_AUTOIMMUNE_THYROID_DISEASE	0.20863539025867506			
chr21p12	0.2086299140230543			
GSE43955_10H_VS_60H_ACT_CD4_TCELL_WITH_TGFB_IL6_DN	0.2086182269054556			
GO_SUMO_BINDING	0.20860223276971734			
GSE360_L_MAJOR_VS_T_GONDII_DC_UP	0.20860032961567587			
REACTOME_TERMINATION_OF_TRANSLESION_DNA_SYNTHESIS	0.20858125469315286			
GO_TETRAHYDROFOLATE_BIOSYNTHETIC_PROCESS	0.20857955503812073			
NABA_ECM_REGULATORS	0.20857778220764345			
FLECHNER_PBL_KIDNEY_TRANSPLANT_REJECTED_VS_OK_UP	0.2085764348499027			
GO_POSITIVE_REGULATION_OF_ERK1_AND_ERK2_CASCADE	0.20857577459987223			
ZNF22_TARGET_GENES	0.20857092797148566			
TTANTCA_UNKNOWN	0.20856610012635363			
REACTOME_DEFECTIVE_CHST3_CAUSES_SEDCJD	0.20856379181012177			
CHIANG_LIVER_CANCER_SUBCLASS_UNANNOTATED_UP	0.2085565622530239			
GO_ESTABLISHMENT_OF_PROTEIN_LOCALIZATION_TO_ORGANELLE	0.20855633274627458			
KRAS.DF.V1_UP	0.20853996036854877			
GSE40274_SATB1_VS_FOXP3_AND_SATB1_TRANSDUCED_ACTIVATED_CD4_TCELL_DN	0.20852896352953268			
SHIN_B_CELL_LYMPHOMA_CLUSTER_9	0.20852504523678753			
GSE3982_DC_VS_EFF_MEMORY_CD4_TCELL_UP	0.2085231654874061			
MIR4647_MIR4662B	0.2085219835101538			
RACCACAR_AML_Q6	0.20851883201420354			
GO_PROTEIN_CONTAINING_COMPLEX_DISASSEMBLY	0.2085184664357636			
GO_NEGATIVE_REGULATION_OF_EXTRINSIC_APOPTOTIC_SIGNALING_PATHWAY	0.20851754372835826			
GO_REGULATION_OF_B_CELL_ACTIVATION	0.20851069961517676			
chr19p13	0.2085099831621314			
GO_FERTILIZATION	0.2084943387205389			
MIR3149	0.2084936271194884			
LBP1_Q6	0.20848209794695596			
KRAS.PROSTATE_UP.V1_UP	0.2084787901582159			
GSE557_CIITA_KO_VS_I_AB_KO_DC_UP	0.20847767888132904			
GO_REGULATION_OF_SKELETAL_MUSCLE_CONTRACTION	0.2084739740441963			
GSE25088_ROSIGLITAZONE_VS_IL4_AND_ROSIGLITAZONE_STIM_STAT6_KO_MACROPHAGE_DAY10_DN	0.20847280241522148			
MIR4761_3P	0.2084663838093876			
GO_PHOSPHOLIPASE_C_ACTIVITY	0.20846395962728462			
GO_OLIGODENDROCYTE_PROGENITOR_PROLIFERATION	0.20846366972847397			
GO_SNRNA_PROCESSING	0.20845505151273902			
REACTOME_CDC6_ASSOCIATION_WITH_THE_ORC_ORIGIN_COMPLEX	0.20845225875097598			
GO_NEGATIVE_REGULATION_OF_MYELOID_CELL_DIFFERENTIATION	0.2084435834566498			
PLASARI_TGFB1_SIGNALING_VIA_NFIC_1HR_UP	0.2084404411637376			
GO_NEGATIVE_REGULATION_OF_VASCULATURE_DEVELOPMENT	0.20843963730011578			
GO_ENDOPEPTIDASE_COMPLEX	0.2084391263294178			
QUINTENS_EMBRYONIC_BRAIN_RESPONSE_TO_IR	0.20843772576689767			
GSE18893_CTRL_VS_TNF_TREATED_TREG_2H_UP	0.20843336985244668			
GO_REGULATION_OF_INTERFERON_GAMMA_SECRETION	0.20842956601789028			
GO_NEGATIVE_REGULATION_OF_FEMALE_GONAD_DEVELOPMENT	0.2084294726898161			
JIANG_HYPOXIA_VIA_VHL	0.20842783573616194			
GO_RNA_PROCESSING	0.20842462724336377			
GO_REGULATION_OF_INTERLEUKIN_6_MEDIATED_SIGNALING_PATHWAY	0.20842124508588503			
GSE7460_CTRL_VS_TGFB_TREATED_ACT_TCONV_DN	0.20841254130862766			
GSE37533_PPARG2_FOXP3_VS_FOXP3_TRANSDUCED_CD4_TCELL_UP	0.20840992815656964			
GSE35435_RESTING_VS_IL4_TREATED_MACROPHAGE_DN	0.20840130845633678			
GO_DIPHOSPHOTRANSFERASE_ACTIVITY	0.20839661366355763			
GO_FATTY_ACID_BETA_OXIDATION_USING_ACYL_COA_DEHYDROGENASE	0.20839653791533527			
GO_ACTIVATION_OF_CYSTEINE_TYPE_ENDOPEPTIDASE_ACTIVITY_INVOLVED_IN_APOPTOTIC_PROCESS	0.20839577498233425			
GO_RESPONSE_TO_WATER_DEPRIVATION	0.2083955442731778			
BIOCARTA_AT1R_PATHWAY	0.20839449855771747			
GO_RESPONSE_TO_GRAVITY	0.20839049865643636			
GO_MRNA_BINDING	0.20838493213416096			
REACTOME_MYD88_INDEPENDENT_TLR4_CASCADE	0.20838196208659293			
NAKAMURA_ADIPOGENESIS_LATE_DN	0.20838130290696238			
BROWNE_HCMV_INFECTION_2HR_UP	0.20837873355143133			
GO_REGULATION_OF_T_CELL_RECEPTOR_SIGNALING_PATHWAY	0.2083782991909964			
GO_PROTEIN_DNA_COMPLEX_SUBUNIT_ORGANIZATION	0.20836881053555223			
GSE26290_WT_VS_PDK1_KO_ANTI_CD3_AND_IL2_STIM_CD8_TCELL_DN	0.20836621912984377			
VANASSE_BCL2_TARGETS_DN	0.20835778615126588			
BASSO_CD40_SIGNALING_DN	0.20835516921462047			
MIR548I	0.2083479723684588			
REACTOME_FOXO_MEDIATED_TRANSCRIPTION	0.20834718586368714			
GO_CYCLOOXYGENASE_PATHWAY	0.2083464970429936			
BREDEMEYER_RAG_SIGNALING_NOT_VIA_ATM_UP	0.2083333841108968			
GSE32986_UNSTIM_VS_GMCSF_AND_CURDLAN_LOWDOSE_STIM_DC_DN	0.2083292836834675			
GO_PHOSPHATIDYLINOSITOL_3_KINASE_BINDING	0.20832918954231114			
LANDIS_ERBB2_BREAST_PRENEOPLASTIC_DN	0.2083270422550007			
MIR548AP_5P_MIR548J_5P	0.20832297204933117			
PUJANA_BREAST_CANCER_WITH_BRCA1_MUTATED_UP	0.20832115008162155			
GO_REELIN_MEDIATED_SIGNALING_PATHWAY	0.2083202107588947			
PHONG_TNF_RESPONSE_VIA_P38_COMPLETE	0.20831908107519034			
GO_SPERM_HEAD	0.20831516775220799			
BROWNE_HCMV_INFECTION_1HR_DN	0.20831433929775386			
KINSEY_TARGETS_OF_EWSR1_FLII_FUSION_UP	0.20831332348170545			
GSE369_PRE_VS_POST_IL6_INJECTION_IFNG_WT_LIVER_UP	0.20831306334197064			
REACTOME_RECYCLING_PATHWAY_OF_L1	0.2083116797600233			
BROWNE_HCMV_INFECTION_14HR_UP	0.20830106457588332			
SMIRNOV_CIRCULATING_ENDOTHELIOCYTES_IN_CANCER_UP	0.20829640274074085			
IPA_RFX5_UP	0.20829190735632333			
GO_POSITIVE_REGULATION_OF_CHEMOKINE_C_X_C_MOTIF_LIGAND_2_PRODUCTION	0.20828780522446244			
GSE26495_NAIVE_VS_PD1HIGH_CD8_TCELL_DN	0.20828080306981137			
GSE15324_ELF4_KO_VS_WT_NAIVE_CD8_TCELL_DN	0.20827561629972188			
GSE1566_WT_VS_EZH2_KO_LN_TCELL_DN	0.20827152098715293			
GO_MODULATION_BY_SYMBIONT_OF_HOST_PROGRAMMED_CELL_DEATH	0.2082666383929129			
GSE17721_CTRL_VS_POLYIC_0.5H_BMDC_UP	0.20826452933922493			
IPA_MAFB_DN	0.20825976854827505			
GSE37532_VISCERAL_ADIPOSE_TISSUE_VS_LN_DERIVED_TCONV_CD4_TCELL_DN	0.20825687917004798			
CASORELLI_ACUTE_PROMYELOCYTIC_LEUKEMIA_UP	0.2082566259758934			
GSE17721_POLYIC_VS_PAM3CSK4_24H_BMDC_UP	0.20825405662251079			
GERHOLD_RESPONSE_TO_TZD_UP	0.20825233858029707			
SWEET_KRAS_ONCOGENIC_SIGNATURE	0.2082488633018143			
BIOCARTA_SRCRPTP_PATHWAY	0.20824572767402932			
GO_POSITIVE_REGULATION_OF_AUTOPHAGY_OF_MITOCHONDRION	0.20824363315814765			
MCCLUNG_CREB1_TARGETS_DN	0.20824245494677407			
GO_FUCOSE_METABOLIC_PROCESS	0.2082391082399753			
GSE25123_CTRL_VS_IL4_STIM_PPARG_KO_MACROPHAGE_DN	0.20823740457786488			
IPA_HDAC7_UP	0.20823224909971522			
GO_NEGATIVE_REGULATION_OF_FATTY_ACID_METABOLIC_PROCESS	0.2082258943042563			
GSE24574_BCL6_LOW_TFH_VS_TCONV_CD4_TCELL_DN	0.20822571289707748			
GO_TERPENOID_METABOLIC_PROCESS	0.20821777723419865			
LI_INDUCED_T_TO_NATURAL_KILLER_DN	0.20821716045958488			
GO_REGULATION_OF_LIPID_STORAGE	0.20820767274260363			
GSE2405_HEAT_KILLED_VS_LIVE_A_PHAGOCYTOPHILUM_STIM_NEUTROPHIL_9H_DN	0.20820660767407823			
GO_HISTONE_H4_R3_METHYLATION	0.208195171521915			
BURTON_ADIPOGENESIS_PEAK_AT_24HR	0.20819111297604137			
GO_PROTEIN_COMPLEX_OLIGOMERIZATION	0.20818640879036196			
GO_NEGATIVE_REGULATION_OF_SIGNAL_TRANSDUCTION_BY_P53_CLASS_MEDIATOR	0.20818518503321912			
BARIS_THYROID_CANCER_DN	0.20818117112326318			
GO_POSITIVE_REGULATION_OF_GLUTAMATE_SECRETION	0.20816616583609682			
HALLMARK_COAGULATION	0.20815745955177545			
REACTOME_LOSS_OF_MECP2_BINDING_ABILITY_TO_THE_NCOR_SMRT_COMPLEX	0.20815727057116523			
GO_UBIQUITIN_LIKE_MODIFIER_ACTIVATING_ENZYME_ACTIVITY	0.20815673933063022			
GSE25123_WT_VS_PPARG_KO_MACROPHAGE_ROSIGLITAZONE_STIM_DN	0.2081551746068737			
GO_NEGATIVE_REGULATION_OF_ERYTHROCYTE_DIFFERENTIATION	0.2081540991596115			
GSE24634_NAIVE_CD4_TCELL_VS_DAY5_IL4_CONV_TREG_DN	0.20815335835949017			
GO_PHOSPHATIDYLINOSITOL_4_5_BISPHOSPHATE_PHOSPHATASE_ACTIVITY	0.20815036102861129			
GO_SNRNA_3_END_PROCESSING	0.20814583008960633			
GO_MYOBLAST_PROLIFERATION	0.20814121744435904			
GSE28726_NAIVE_VS_ACTIVATED_VA24NEG_NKTCELL_UP	0.2081410131109065			
GO_REGULATION_OF_CALCINEURIN_MEDIATED_SIGNALING	0.20813946313401846			
GSE4142_PLASMA_CELL_VS_GC_BCELL_DN	0.20813388750165407			
GO_REGULATION_OF_AMINO_ACID_TRANSMEMBRANE_TRANSPORT	0.20813295620547176			
GO_REGULATION_OF_LYMPHOCYTE_CHEMOTAXIS	0.20813235714628164			
GO_PINOSOME	0.20813026944613092			
PID_CD8_TCR_DOWNSTREAM_PATHWAY	0.20812671585966444			
KEGG_REGULATION_OF_ACTIN_CYTOSKELETON	0.2081237512507063			
MIR6836_3P	0.20812304422428665			
RACTNNRTTTNC_UNKNOWN	0.20811996341741137			
GO_UBIQUITIN_LIKE_PROTEIN_SPECIFIC_PROTEASE_ACTIVITY	0.20811910620987456			
GSE29615_CTRL_VS_LAIV_FLU_VACCINE_PBMC_DN	0.20811425851785387			
GSE19941_LPS_VS_LPS_AND_IL10_STIM_IL10_KO_NFKBP50_KO_MACROPHAGE_DN	0.20811246610462203			
GO_ATTACHMENT_OF_MITOTIC_SPINDLE_MICROTUBULES_TO_KINETOCHORE	0.20811175266579027			
GO_VIRAL_TRANSLATION	0.20810943137728619			
ADA2_TARGET_GENES	0.20809449807194758			
GLI4_TARGET_GENES	0.20808911690250348			
GO_ACUTE_PHASE_RESPONSE	0.20808867941830603			
GHO_ATF5_TARGETS_UP	0.20808781215438907			
MIR4780	0.208084884025082			
IPA_MAF_DN	0.20807648405673063			
GO_POSITIVE_REGULATION_OF_VASCULAR_SMOOTH_MUSCLE_CELL_DIFFERENTIATION	0.208074616428703			
MIR4255	0.20807367028499046			
GO_TRANSLESION_SYNTHESIS	0.2080703043131201			
GO_PARAXIAL_MESODERM_MORPHOGENESIS	0.20806746361973033			
GO_DEOXYRIBONUCLEOSIDE_MONOPHOSPHATE_BIOSYNTHETIC_PROCESS	0.20806246661794892			
GSE17974_IL4_AND_ANTI_IL12_VS_UNTREATED_24H_ACT_CD4_TCELL_DN	0.20806184518096577			
GSE360_L_MAJOR_VS_B_MALAYI_HIGH_DOSE_MAC_DN	0.2080566119245202			
GO_CELLULAR_MODIFIED_AMINO_ACID_CATABOLIC_PROCESS	0.2080546726010017			
MIR135B_5P	0.20805397359385597			
GO_RESPONSE_TO_LIGHT_STIMULUS	0.2080517737701897			
MIR539_5P	0.20805131704198618			
GSE30083_SP2_VS_SP4_THYMOCYTE_DN	0.20805059152718353			
GO_HEPARAN_SULFATE_PROTEOGLYCAN_BINDING	0.2080499424574307			
GO_DNA_DEALKYLATION_INVOLVED_IN_DNA_REPAIR	0.20804989926766546			
MIR376B_5P_MIR376C_5P	0.20804110839264217			
GSE17721_POLYIC_VS_GARDIQUIMOD_1H_BMDC_UP	0.2080384338122415			
GO_DETECTION_OF_OTHER_ORGANISM	0.2080354848771958			
JI_RESPONSE_TO_FSH_UP	0.20803524950163627			
GO_DETECTION_OF_MECHANICAL_STIMULUS_INVOLVED_IN_SENSORY_PERCEPTION_OF_PAIN	0.20802911996455717			
GSE2405_0H_VS_9H_A_PHAGOCYTOPHILUM_STIM_NEUTROPHIL_UP	0.20802733813428545			
GAUSSMANN_MLL_AF4_FUSION_TARGETS_F_UP	0.20802622538538862			
GSE22886_NAIVE_TCELL_VS_MONOCYTE_UP	0.20802536902459037			
GO_REGULATION_OF_CARBOHYDRATE_CATABOLIC_PROCESS	0.20802368411974223			
GO_REGULATION_OF_INTEGRIN_MEDIATED_SIGNALING_PATHWAY	0.20801295396485026			
GO_POSITIVE_REGULATION_OF_CREB_TRANSCRIPTION_FACTOR_ACTIVITY	0.20801269216674578			
GO_ALPHA_AMYLASE_ACTIVITY_RELEASING_MALTOHEXAOSE	0.2080069812822006			
GO_NEGATIVE_REGULATION_OF_RESPONSE_TO_EXTRACELLULAR_STIMULUS	0.20800343181273007			
GO_REGULATION_OF_CARDIAC_MUSCLE_ADAPTATION	0.20800284296489835			
BARRIER_CANCER_RELAPSE_TUMOR_SAMPLE_UP	0.20799813874567716			
GO_MATURATION_OF_SSU_RRNA_FROM_TRICISTRONIC_RRNA_TRANSCRIPT_SSU_RRNA_5_8S_RRNA_LSU_RRNA	0.20799597104760145			
MIR5582_3P	0.20799476512633838			
NIKOLSKY_BREAST_CANCER_8Q12_Q22_AMPLICON	0.207987683673649			
MIR8064	0.20798223294816917			
GSE1460_CD4_THYMOCYTE_VS_NAIVE_CD4_TCELL_ADULT_BLOOD_DN	0.20797963364954172			
GO_ATP_TRANSPORT	0.20797642702413396			
MIR197_3P	0.20796880445054947			
GO_GLYCOSAMINOGLYCAN_BINDING	0.20795440570282708			
GO_REGULATION_OF_PLASMA_LIPOPROTEIN_PARTICLE_LEVELS	0.20795066627803743			
MIR32_5P	0.20795016712032593			
GSE40274_CTRL_VS_FOXP3_AND_XBP1_TRANSDUCED_ACTIVATED_CD4_TCELL_DN	0.20794571931301556			
GO_DE_NOVO_NAD_BIOSYNTHETIC_PROCESS_FROM_TRYPTOPHAN	0.20794511120742695			
GSE12001_MIR223_KO_VS_WT_NEUTROPHIL_UP	0.20793342951472638			
GSE27786_LIN_NEG_VS_NKCELL_DN	0.20792712110579822			
GO_METAPHASE_PLATE_CONGRESSION	0.20792421860774032			
GSE32901_TH1_VS_TH17_ENRICHED_CD4_TCELL_UP	0.20792077520841387			
GSE24671_CTRL_VS_BAKIMULC_INFECTED_MOUSE_SPLENOCYTES_DN	0.20791160951710963			
MIR4768_3P	0.2079010191449133			
ZHENG_FOXP3_TARGETS_IN_T_LYMPHOCYTE_DN	0.20789023472110793			
GSE14908_RESTING_VS_HDM_STIM_CD4_TCELL_ATOPIC_PATIENT_DN	0.20788915587301646			
GSE22886_CD8_TCELL_VS_BCELL_NAIVE_DN	0.20788348467110315			
KANG_DOXORUBICIN_RESISTANCE_UP	0.20787962757526177			
MIR4477B	0.20787470380013964			
GO_NUCLEASE_ACTIVITY	0.20787426435630957			
GO_SODIUM_ION_IMPORT_ACROSS_PLASMA_MEMBRANE	0.20787365290548573			
GO_REGULATION_OF_MRNA_CATABOLIC_PROCESS	0.2078698093359408			
NAGASHIMA_EGF_SIGNALING_UP	0.2078693689645322			
GSE8921_UNSTIM_0H_VS_TLR1_2_STIM_MONOCYTE_6H_DN	0.20785753654096803			
REACTOME_MRNA_DECAY_BY_3_TO_5_EXORIBONUCLEASE	0.2078558802781355			
GSE7460_CTRL_VS_FOXP3_OVEREXPR_TCONV_DN	0.20785441490093565			
MIR4802_3P	0.20784630687295946			
PID_VEGFR1_2_PATHWAY	0.2078383872658809			
GO_COHESIN_COMPLEX	0.20783675651160463			
EIF4E_DN	0.20783548664349677			
REACTOME_POST_TRANSLATIONAL_PROTEIN_MODIFICATION	0.20783314966545166			
IPA_ZIC3_UP	0.20783258686344294			
MIR6886_3P	0.20783252377883157			
MIKKELSEN_ES_HCP_WITH_H3_UNMETHYLATED	0.20783140681814144			
GO_HEME_TRANSPORT	0.2078289350848028			
GO_REGULATION_OF_KILLING_OF_CELLS_OF_OTHER_ORGANISM	0.20781000267980418			
GSE24634_NAIVE_CD4_TCELL_VS_DAY10_IL4_CONV_TREG_DN	0.20780523678986706			
REACTOME_NUCLEOTIDE_LIKE_PURINERGIC_RECEPTORS	0.2078042225107875			
GSE26030_UNSTIM_VS_RESTIM_TH17_DAY5_POST_POLARIZATION_DN	0.2077949203503103			
GSE18791_CTRL_VS_NEWCASTLE_VIRUS_DC_12H_UP	0.207788694277129			
GO_POTASSIUM_ION_EXPORT_ACROSS_PLASMA_MEMBRANE	0.2077869303776466			
IPA_YY1_DN	0.2077865416451201			
REACTOME_GDP_FUCOSE_BIOSYNTHESIS	0.20778335964387734			
BIOCARTA_CERAMIDE_PATHWAY	0.20777501429335302			
GO_POSITIVE_REGULATION_OF_TRANSLATION_IN_RESPONSE_TO_STRESS	0.2077677877385429			
LENAOUR_DENDRITIC_CELL_MATURATION_UP	0.20776681183221496			
GSE9650_NAIVE_VS_EXHAUSTED_CD8_TCELL_DN	0.20776104506901186			
TSENG_IRS1_TARGETS_DN	0.20775496353379497			
GSE18791_CTRL_VS_NEWCASTLE_VIRUS_DC_8H_UP	0.20775237699494659			
GSE14308_TH2_VS_INDUCED_TREG_UP	0.20773195077256137			
GO_PEPTIDE_BINDING	0.20771992101510148			
GO_ANTIMICROBIAL_HUMORAL_RESPONSE	0.20771764449048746			
REACTOME_DETOXIFICATION_OF_REACTIVE_OXYGEN_SPECIES	0.20771694513382905			
MOREAUX_MULTIPLE_MYELOMA_BY_TACI_DN	0.2077046425364684			
MIR26A_1_3P	0.20770116447452192			
MIR7856_5P	0.20769788270277273			
GO_NEGATIVE_REGULATION_OF_MHC_CLASS_II_BIOSYNTHETIC_PROCESS	0.20769443375277288			
GSE12845_IGD_NEG_BLOOD_VS_DARKZONE_GC_TONSIL_BCELL_DN	0.20768990008449686			
BREDEMEYER_RAG_SIGNALING_NOT_VIA_ATM_DN	0.20768903198391978			
NATSUME_RESPONSE_TO_INTERFERON_BETA_UP	0.20768693071122676			
GSE17721_0.5H_VS_24H_PAM3CSK4_BMDC_DN	0.20768282294550489			
GO_STRIATED_MUSCLE_MYOSIN_THICK_FILAMENT_ASSEMBLY	0.20768181491374083			
GSE18791_UNSTIM_VS_NEWCATSLE_VIRUS_DC_18H_UP	0.20768003798324333			
GO_MEIOTIC_SPINDLE	0.2076735069673611			
GO_NEGATIVE_REGULATION_OF_I_KAPPAB_KINASE_NF_KAPPAB_SIGNALING	0.20767229135285947			
GO_ADENOSINE_RECEPTOR_BINDING	0.20767045887457494			
PRC2_SUZ12_UP.V1_DN	0.20766557995688165			
GO_MOLYBDOPTERIN_COFACTOR_METABOLIC_PROCESS	0.20766490091445383			
REACTOME_MOLYBDENUM_COFACTOR_BIOSYNTHESIS	0.20766490091445383			
GSE17721_CTRL_VS_PAM3CSK4_4H_BMDC_UP	0.20766392925908234			
REACTOME_HIV_INFECTION	0.2076622348728512			
chr7p13	0.20766204458874074			
GO_TRANSITION_BETWEEN_FAST_AND_SLOW_FIBER	0.20765975985380236			
GO_REGULATION_OF_CD8_POSITIVE_ALPHA_BETA_T_CELL_ACTIVATION	0.20765694646182215			
GO_ARF_PROTEIN_SIGNAL_TRANSDUCTION	0.2076557763384461			
GSE37416_CTRL_VS_0H_F_TULARENSIS_LVS_NEUTROPHIL_DN	0.2076358525356572			
KRAS.KIDNEY_UP.V1_DN	0.20762710834386008			
GO_RESPONSE_TO_ORGANIC_CYCLIC_COMPOUND	0.20762527157032495			
GO_CELL_DIVISION	0.20762315407561044			
REACTOME_TRANSPORT_OF_NUCLEOSIDES_AND_FREE_PURINE_AND_PYRIMIDINE_BASES_ACROSS_THE_PLASMA_MEMBRANE	0.20761726088579371			
GSE5099_MONOCYTE_VS_ALTERNATIVE_M2_MACROPHAGE_UP	0.20761693349052784			
MIR548A_5P	0.2076168952722343			
GO_MAST_CELL_MIGRATION	0.20761428245269944			
GO_TRANSLATION_INITIATION_FACTOR_ACTIVITY	0.20758961090314007			
GO_POSITIVE_REGULATION_OF_EXTRINSIC_APOPTOTIC_SIGNALING_PATHWAY	0.20758901255303988			
PARK_HSC_VS_MULTIPOTENT_PROGENITORS_UP	0.20758537864777007			
chr2q23	0.20758492153017202			
PID_PLK1_PATHWAY	0.20757998218244975			
OSWALD_HEMATOPOIETIC_STEM_CELL_IN_COLLAGEN_GEL_DN	0.20757492519208154			
GO_MITOCHONDRIAL_DNA_REPLICATION	0.20756122465564325			
GO_RESPONSE_TO_AMYLOID_BETA	0.20755693652357307			
IPA_TFAP2B_UP	0.20755461343151646			
IPA_ILF3_UP	0.20755277963528881			
GO_REGULATION_OF_DNA_DIRECTED_DNA_POLYMERASE_ACTIVITY	0.2075467002695413			
HIRSCH_CELLULAR_TRANSFORMATION_SIGNATURE_UP	0.2075431908937896			
MIR3677_5P	0.2075424738145643			
GSE24210_RESTING_TREG_VS_TCONV_DN	0.20754150159647447			
GSE29164_CD8_TCELL_VS_CD8_TCELL_AND_IL12_TREATED_MELANOMA_DAY7_UP	0.20753567166652243			
GO_MAMMALIAN_OOGENESIS_STAGE	0.20752530329878702			
IPA_HIF1A_DN	0.20751168527364497			
GO_CAVEOLA	0.2075093375992779			
MIR10523_5P	0.20750717768952795			
GO_POSITIVE_REGULATION_OF_NUCLEOTIDE_METABOLIC_PROCESS	0.2075044428626678			
GALE_APL_WITH_FLT3_MUTATED_DN	0.20749989492709026			
GO_CELL_TIP	0.20749389116314718			
BERENJENO_TRANSFORMED_BY_RHOA_FOREVER_DN	0.20749349514318297			
KASLER_HDAC7_TARGETS_2_UP	0.2074885914327336			
GSE22886_IGM_MEMORY_BCELL_VS_BLOOD_PLASMA_CELL_DN	0.20748806366564207			
GO_AMINO_ACID_IMPORT	0.20748571422719572			
MOOTHA_GLYCOGEN_METABOLISM	0.2074836008683357			
LIU_VAV3_PROSTATE_CARCINOGENESIS_DN	0.20748353224007957			
GO_FLOTILLIN_COMPLEX	0.20748121619562282			
GO_NEGATIVE_REGULATION_OF_BLOOD_VESSEL_ENDOTHELIAL_CELL_MIGRATION	0.2074748335150804			
GO_NEGATIVE_REGULATION_OF_JUN_KINASE_ACTIVITY	0.20746950621049928			
GO_NEGATIVE_REGULATION_OF_SMOOTH_MUSCLE_CELL_CHEMOTAXIS	0.20746900676554333			
GO_VERY_LOW_DENSITY_LIPOPROTEIN_PARTICLE_CLEARANCE	0.20746590666894746			
GARCIA_TARGETS_OF_FLI1_AND_DAX1_DN	0.20746573664836698			
GSE3982_DC_VS_BCELL_UP	0.2074589176679089			
MIR374B_5P	0.2074486405802358			
LINSLEY_MIR16_TARGETS	0.2074312617805205			
IPA_HHEX_DN	0.20742356145090055			
GO_REGULATION_OF_PROTEIN_MATURATION	0.2074224435693133			
GO_INTRINSIC_COMPONENT_OF_MITOCHONDRIAL_MEMBRANE	0.2074216547229749			
DARWICHE_PAPILLOMA_PROGRESSION_RISK	0.2074200814065987			
GO_SPERMIDINE_METABOLIC_PROCESS	0.20741633229314269			
GSE40277_EOS_AND_LEF1_TRANSDUCED_VS_GATA1_AND_SATB1_TRANSDUCED_CD4_TCELL_UP	0.20741394623275872			
GO_NEGATIVE_REGULATION_OF_ESTABLISHMENT_OF_PROTEIN_LOCALIZATION	0.20741175795609523			
MACAEVA_PBMC_RESPONSE_TO_IR	0.2074111607969992			
GSE36891_POLYIC_TLR3_VS_PAM_TLR2_STIM_PERITONEAL_MACROPHAGE_DN	0.20740590851977533			
GO_REGULATION_OF_INTRINSIC_APOPTOTIC_SIGNALING_PATHWAY_IN_RESPONSE_TO_OSMOTIC_STRESS	0.20740475020052926			
MIR429	0.20739692230254123			
chr4q27	0.2073943774676385			
BLUM_RESPONSE_TO_SALIRASIB_DN	0.2073907822944838			
GO_NATURAL_KILLER_CELL_LECTIN_LIKE_RECEPTOR_BINDING	0.20738964048873565			
HOLLEMAN_ASPARAGINASE_RESISTANCE_ALL_UP	0.2073873290664649			
GSE29164_DAY3_VS_DAY7_CD8_TCELL_TREATED_MELANOMA_UP	0.20738382432018965			
GO_REPLICATION_FORK_PROCESSING	0.20736696544185915			
REACTOME_MRNA_DECAY_BY_5_TO_3_EXORIBONUCLEASE	0.20736650492991696			
GSE40274_CTRL_VS_IRF4_TRANSDUCED_ACTIVATED_CD4_TCELL_DN	0.20736103667822814			
GSE7852_TREG_VS_TCONV_DN	0.20735518507177533			
GO_CHROMOSOME_CONDENSATION	0.20735513240209835			
MALONEY_RESPONSE_TO_17AAG_UP	0.20735365284324292			
GO_NUCLEOTIDE_BINDING_DOMAIN_LEUCINE_RICH_REPEAT_CONTAINING_RECEPTOR_SIGNALING_PATHWAY	0.20735332110643634			
GO_T_CELL_HOMEOSTASIS	0.20735285244652132			
GO_RESPONSE_TO_STEROL_DEPLETION	0.20735214763600557			
GSE11864_UNTREATED_VS_CSF1_IFNG_IN_MAC_DN	0.20735145619896406			
GSE9946_IMMATURE_VS_PROSTAGLANDINE2_TREATED_MATURE_DC_DN	0.2073451145661007			
GSE16385_UNTREATED_VS_12H_ROSIGLITAZONE_IFNG_TNF_TREATED_MACROPHAGE_DN	0.20733789660326138			
MIR3129_3P	0.20733724955229377			
GSE17721_PAM3CSK4_VS_GADIQUIMOD_12H_BMDC_UP	0.20733331561562257			
IPA_SKP2_DN	0.2073324094760779			
GSE33292_DN3_THYMOCYTE_VS_TCELL_LYMPHOMA_FROM_TCF1_KO_UP	0.2073322924905122			
GO_U2AF	0.2073211850164902			
MIR4776_3P	0.2073068924604991			
GO_WNT_SIGNALING_PATHWAY_INVOLVED_IN_HEART_DEVELOPMENT	0.20729312183149842			
IPA_VAV1_UP	0.20729172630433007			
GSE23308_WT_VS_MINERALCORTICOID_REC_KO_MACROPHAGE_CORTICOSTERONE_TREATED_DN	0.2072891311549821			
SCHLOSSER_MYC_TARGETS_AND_SERUM_RESPONSE_DN	0.20728806319446036			
GO_FATTY_ACID_DERIVATIVE_BINDING	0.20728773974205042			
GO_G1_TO_G0_TRANSITION	0.20728723847710348			
GO_NEGATIVE_REGULATION_OF_WOUND_HEALING	0.20728649664639073			
HALLMARK_APICAL_JUNCTION	0.20728535572086215			
REACTOME_MAPK6_MAPK4_SIGNALING	0.20728303859763292			
GSE10273_LOW_IL7_VS_HIGH_IL7_AND_IRF4_IN_IRF4_8_NULL_PRE_BCELL_DN	0.20727722368163737			
MIR4795_5P	0.20727557334001268			
SIG_PIP3_SIGNALING_IN_B_LYMPHOCYTES	0.20727411973577867			
GO_POSITIVE_REGULATION_OF_SKELETAL_MUSCLE_FIBER_DEVELOPMENT	0.2072685160308984			
GO_POSITIVE_REGULATION_OF_BIOMINERALIZATION	0.20726538362100624			
BIOCARTA_PDGF_PATHWAY	0.20726214773331997			
WANG_BARRETTS_ESOPHAGUS_UP	0.2072586080435381			
MIR4746_5P	0.20725113147827381			
GSE32255_WT_UNSTIM_VS_JMJD2D_KNOCKDOWN_4H_LPS_STIM_DC_UP	0.2072475198108889			
SETD7_TARGET_GENES	0.20723917042132853			
GO_POSTSYNAPTIC_MEMBRANE_ORGANIZATION	0.20723229065623844			
WINTER_HYPOXIA_DN	0.20723027559852214			
KYNG_ENVIRONMENTAL_STRESS_RESPONSE_NOT_BY_UV_IN_OLD	0.2072300226606025			
GSE10239_NAIVE_VS_MEMORY_CD8_TCELL_UP	0.20722743082588496			
GSE21670_UNTREATED_VS_TGFB_TREATED_STAT3_KO_CD4_TCELL_DN	0.20722179714492564			
GSE9239_CTRL_VS_TNF_INHIBITOR_TREATED_DC_DN	0.2072168905020917			
GO_CALMODULIN_DEPENDENT_PROTEIN_KINASE_ACTIVITY	0.2072155220371678			
GSE17580_TREG_VS_TEFF_S_MANSONI_INF_UP	0.20721491145245835			
GSE17974_0H_VS_6H_IN_VITRO_ACT_CD4_TCELL_UP	0.20721166894233034			
MIR1179	0.20721093786492262			
BILBAN_B_CLL_LPL_DN	0.20721018909824235			
IPA_NCOR1_DN	0.2071998079726904			
GO_PI_BODY	0.20719486855461672			
REACTOME_PURINERGIC_SIGNALING_IN_LEISHMANIASIS_INFECTION	0.20718708289708407			
BIOCARTA_CHEMICAL_PATHWAY	0.20718511289884659			
GSE40685_NAIVE_CD4_TCELL_VS_TREG_DN	0.20718279171164392			
GSE12003_4D_VS_8D_CULTURE_BM_PROGENITOR_UP	0.20718115435041254			
GSE24142_EARLY_THYMIC_PROGENITOR_VS_DN3_THYMOCYTE_ADULT_DN	0.20717881886241296			
IPA_KAT7_DN	0.20717807434361618			
IPA_KDM4C_UP	0.20717807434361618			
KEGG_GRAFT_VERSUS_HOST_DISEASE	0.2071778404978832			
GSE10422_WT_VS_BAFF_TRANSGENIC_LN_BCELL_UP	0.207173880662141			
GO_HYDROLASE_ACTIVITY_ACTING_ON_ACID_PHOSPHORUS_NITROGEN_BONDS	0.20717120729500435			
MARTINEZ_TP53_TARGETS_UP	0.2071678147112934			
GOBERT_OLIGODENDROCYTE_DIFFERENTIATION_UP	0.2071594812204727			
GO_SPINDLE_MICROTUBULE	0.20715387352173295			
GO_TAURINE_TRANSPORT	0.20715340688588296			
MORI_MATURE_B_LYMPHOCYTE_DN	0.20714862695334352			
REACTOME_IRAK2_MEDIATED_ACTIVATION_OF_TAK1_COMPLEX	0.20714231021407437			
COLIN_PILOCYTIC_ASTROCYTOMA_VS_GLIOBLASTOMA_DN	0.20714217131512036			
MIR9_5P	0.20713883778438982			
GSE22601_IMMATURE_CD4_SINGLE_POSITIVE_VS_CD8_SINGLE_POSITIVE_THYMOCYTE_UP	0.20713413297052635			
GSE17301_IFNA2_VS_IFNA2_AND_ACD3_ACD28_STIM_CD8_TCELL_DN	0.20713258662860964			
REACTOME_POTASSIUM_CHANNELS	0.20712582002468177			
IPA_FOXP3_DN	0.20712307313867442			
GO_SET1C_COMPASS_COMPLEX	0.2071230210009649			
BIOCARTA_CDC25_PATHWAY	0.2071152252816191			
GO_VESICLE_BUDDING_FROM_MEMBRANE	0.20710518924798643			
MIR135A_5P	0.20710485549828947			
chr2p15	0.20710069792010014			
chr7p15	0.20710036971991946			
BIOCARTA_BCELLSURVIVAL_PATHWAY	0.20708052518120817			
GSE16385_IL4_VS_ROSIGLITAZONE_STIM_MACROPHAGE_UP	0.20707438350139776			
GSE43863_DAY6_EFF_VS_DAY150_MEM_LY6C_INT_CXCR5POS_CD4_TCELL_UP	0.2070644142938966			
GCAAGAC_MIR431	0.20704579881279836			
GO_PEPTIDE_PROTON_SYMPORTER_ACTIVITY	0.2070352072766878			
GO_OXIDOREDUCTASE_ACTIVITY_ACTING_ON_A_SULFUR_GROUP_OF_DONORS_DISULFIDE_AS_ACCEPTOR	0.20703236408020037			
TAKEDA_TARGETS_OF_NUP98_HOXA9_FUSION_3D_UP	0.20702797035794834			
GSE43955_TH0_VS_TGFB_IL6_IL23_TH17_ACT_CD4_TCELL_60H_UP	0.2070207170578234			
GO_NEGATIVE_REGULATION_OF_T_CELL_MEDIATED_IMMUNITY	0.20700400558100607			
GO_RNA_LOCALIZATION	0.20700196060188264			
IPA_FGF3_UP	0.20699793402216007			
GO_RNA_POLYMERASE_I_COMPLEX	0.20699446753835385			
GO_RNA_POLYMERASE_I_ACTIVITY	0.20699446753835385			
GSE19401_PAM2CSK4_VS_RETINOIC_ACID_AND_PAM2CSK4_STIM_FOLLICULAR_DC_UP	0.20699441061275203			
GO_INTRAMOLECULAR_TRANSFERASE_ACTIVITY	0.2069907648774047			
LIN_NPAS4_TARGETS_UP	0.2069779400557244			
REACTOME_IRF3_MEDIATED_INDUCTION_OF_TYPE_I_IFN	0.20697092899585187			
REACTOME_TRISTETRAPROLIN_TTP_ZFP36_BINDS_AND_DESTABILIZES_MRNA	0.20696875582487284			
REACTOME_BETA_OXIDATION_OF_DECANOYL_COA_TO_OCTANOYL_COA_COA	0.20696770479617663			
MIR4694_5P	0.2069653596578188			
GSE45837_WT_VS_GFI1_KO_PDC_DN	0.20695594437956027			
GO_REGULATION_OF_PROTEIN_TARGETING_TO_MITOCHONDRION	0.20695280151176895			
GO_REGULATION_OF_TRANSLATIONAL_INITIATION	0.2069451398808518			
GSE45365_HEALTHY_VS_MCMV_INFECTION_BCELL_IFNAR_KO_UP	0.20694237463642062			
NR1I2_TARGET_GENES	0.20693866313090076			
GO_REGULATION_OF_CORTISOL_SECRETION	0.20692926102277234			
GO_POSITIVE_REGULATION_OF_GLUCOCORTICOID_SECRETION	0.20692926102277234			
GO_RIBONUCLEOPROTEIN_COMPLEX_BIOGENESIS	0.20692767255646544			
GO_NEGATIVE_REGULATION_OF_PROTEIN_MODIFICATION_PROCESS	0.20692186393152048			
MIR150_3P	0.20691901775364854			
GO_TRANSCRIPTION_FACTOR_TFIID_COMPLEX	0.20691623279939014			
GSE11961_FOLLICULAR_BCELL_VS_GERMINAL_CENTER_BCELL_DAY7_UP	0.20691035035283342			
GSE17721_PAM3CSK4_VS_GADIQUIMOD_4H_BMDC_UP	0.20690002795028828			
GSE39152_SPLEEN_CD103_NEG_VS_BRAIN_CD103_POS_MEMORY_CD8_TCELL_UP	0.2068996684744602			
GO_NEGATIVE_REGULATION_OF_MAST_CELL_ACTIVATION_INVOLVED_IN_IMMUNE_RESPONSE	0.20689780949855904			
GSE3039_B2_VS_B1_BCELL_DN	0.20689273968147093			
GSE3039_ALPHAALPHA_VS_ALPHABETA_CD8_TCELL_UP	0.20688625408986386			
GO_MRNA_CLEAVAGE_AND_POLYADENYLATION_SPECIFICITY_FACTOR_COMPLEX	0.20687812598595262			
CAGNYGKNAAA_UNKNOWN	0.20687762617137034			
GSE2770_IL4_ACT_VS_ACT_CD4_TCELL_48H_UP	0.20686219829778318			
GSE30962_ACUTE_VS_CHRONIC_LCMV_SECONDARY_INF_CD8_TCELL_UP	0.20685839488881322			
GSE22611_UNSTIM_VS_2H_MDP_STIM_NOD2_TRANSDUCED_HEK293T_CELL_UP	0.20685236608732305			
GSE3039_NKT_CELL_VS_B2_BCELL_DN	0.20685046723713155			
GSE3982_MAST_CELL_VS_BCELL_DN	0.2068431695869493			
GSE46242_CTRL_VS_EGR2_DELETED_TH1_CD4_TCELL_DN	0.20684188615124097			
IPA_TCF12_DN	0.20684011135387764			
MIR9900	0.20683861493500705			
GSE24142_DN2_VS_DN3_THYMOCYTE_FETAL_UP	0.20683587957066804			
GO_L_SERINE_BIOSYNTHETIC_PROCESS	0.20683038138159177			
GO_COTRANSLATIONAL_PROTEIN_TARGETING_TO_MEMBRANE	0.2068269426028001			
REACTOME_PROGRAMMED_CELL_DEATH	0.20682458101315787			
KEGG_EPITHELIAL_CELL_SIGNALING_IN_HELICOBACTER_PYLORI_INFECTION	0.20682425446768116			
GO_STRUCTURAL_CONSTITUENT_OF_EYE_LENS	0.20682194309656227			
GO_REGULATION_OF_NUCLEOTIDE_METABOLIC_PROCESS	0.20682172718612363			
GO_CATALYTIC_ACTIVITY_ACTING_ON_RNA	0.20681544871586394			
IPA_RUNX1_DN	0.20681270608295868			
GO_POSITIVE_REGULATION_OF_INTERFERON_ALPHA_PRODUCTION	0.20680766676230675			
HEIDENBLAD_AMPLIFIED_IN_BONE_CANCER	0.20679944869031167			
GO_METANEPHRIC_GLOMERULUS_VASCULATURE_DEVELOPMENT	0.20679462583434494			
GO_MONOSACCHARIDE_BIOSYNTHETIC_PROCESS	0.20679287811218994			
GSE27241_WT_VS_RORGT_KO_TH17_POLARIZED_CD4_TCELL_TREATED_WITH_DIGOXIN_DN	0.20678901190171833			
GO_POSITIVE_REGULATION_OF_NITRIC_OXIDE_METABOLIC_PROCESS	0.20678319396873507			
REACTOME_NOSTRIN_MEDIATED_ENOS_TRAFFICKING	0.20678018196984094			
MIR6719_3P	0.20677818723839717			
GO_NLS_BEARING_PROTEIN_IMPORT_INTO_NUCLEUS	0.20677669636795412			
BIOCARTA_ION_PATHWAY	0.2067758118805656			
IPA_RBL1_DN	0.2067713255369434			
REACTOME_NUCLEAR_PORE_COMPLEX_NPC_DISASSEMBLY	0.20676312408610775			
GO_CELLULAR_RESPONSE_TO_EXTERNAL_STIMULUS	0.2067621686770436			
GENTILE_UV_LOW_DOSE_DN	0.20675980019737597			
GSE24634_TREG_VS_TCONV_POST_DAY10_IL4_CONVERSION_DN	0.20675518377764684			
GSE1460_INTRATHYMIC_T_PROGENITOR_VS_THYMIC_STROMAL_CELL_DN	0.20675456885138765			
GO_REGULATION_OF_ION_TRANSPORT	0.20673669921761334			
KRAS.600_UP.V1_UP	0.20673644194615814			
COLLER_MYC_TARGETS_DN	0.20672147053116655			
GILMORE_CORE_NFKB_PATHWAY	0.20670917922616883			
USF_02	0.20670294127470915			
GSE22886_NAIVE_TCELL_VS_NKCELL_DN	0.20669955060328038			
chr3p26	0.2066926877340874			
KIM_RESPONSE_TO_TSA_AND_DECITABINE_DN	0.20669140740818934			
REACTOME_MET_ACTIVATES_RAP1_AND_RAC1	0.20668280318560184			
GO_CELLULAR_RESPONSE_TO_RETINOIC_ACID	0.20667979579739998			
GSE360_L_DONOVANI_VS_B_MALAYI_LOW_DOSE_DC_UP	0.20667974234999226			
GO_CYSTEINE_TYPE_ENDOPEPTIDASE_ACTIVITY	0.2066794062041302			
VICENT_METASTASIS_UP	0.2066788328417516			
MIR6813_3P	0.20667213382801516			
REACTOME_TRANSPORT_OF_THE_SLBP_DEPENDANT_MATURE_MRNA	0.20666351611858383			
GO_UBIQUITIN_PROTEIN_TRANSFERASE_REGULATOR_ACTIVITY	0.20666299518662312			
GO_DNA_BIOSYNTHETIC_PROCESS	0.20665946596121718			
ATTCTTT_MIR186	0.20665114065315499			
GO_N_ACETYLGLUCOSAMINE_6_O_SULFOTRANSFERASE_ACTIVITY	0.2066453896958255			
GSE22886_DAY0_VS_DAY1_MONOCYTE_IN_CULTURE_DN	0.2066427114391805			
GSE41867_DAY15_EFFECTOR_VS_DAY30_EXHAUSTED_CD8_TCELL_LCMV_CLONE13_DN	0.2066381926072974			
GSE27786_NKTCELL_VS_NEUTROPHIL_DN	0.20663779583802863			
GSE6259_FLT3L_INDUCED_33D1_POS_DC_VS_CD8_TCELL_DN	0.20663530900578966			
IPA_TLX1_UP	0.20663462679505265			
GO_NEGATIVE_REGULATION_OF_ACTIN_FILAMENT_BUNDLE_ASSEMBLY	0.20662657861801584			
VERHAAK_GLIOBLASTOMA_MESENCHYMAL	0.20661607450457728			
GSE3982_CENT_MEMORY_CD4_TCELL_VS_TH2_UP	0.20661560692731912			
GSE17721_PAM3CSK4_VS_CPG_2H_BMDC_UP	0.20661533685286054			
MIR483_3P	0.2066127615713766			
GSE3982_NKCELL_VS_TH1_DN	0.2066108347552781			
GO_RESPONSE_TO_POTASSIUM_ION	0.20660923724464297			
REACTOME_CELL_SURFACE_INTERACTIONS_AT_THE_VASCULAR_WALL	0.20660234217632165			
MIR92B_3P	0.20660174954991986			
REACTOME_SIGNALING_BY_PDGF	0.20659757694944683			
GO_REGULATION_OF_STEM_CELL_DIVISION	0.2065934828956981			
GSE36009_UNSTIM_VS_LPS_STIM_NLRP10_KO_DC_DN	0.20659140514441765			
REACTOME_MITOTIC_G2_G2_M_PHASES	0.20659048548747921			
GO_PYRIMIDINE_DEOXYRIBONUCLEOSIDE_METABOLIC_PROCESS	0.20658911223792722			
KIM_MYC_AMPLIFICATION_TARGETS_UP	0.20658472621815047			
DACOSTA_UV_RESPONSE_VIA_ERCC3_XPCS_DN	0.20657773810186722			
GO_POSITIVE_REGULATION_OF_UBIQUITIN_PROTEIN_TRANSFERASE_ACTIVITY	0.20656954344668826			
GSE4748_CTRL_VS_CYANOBACTERIUM_LPSLIKE_STIM_DC_1H_DN	0.20656838812540942			
GO_POSITIVE_REGULATION_OF_PROSTAGLANDIN_BIOSYNTHETIC_PROCESS	0.2065666261951174			
REACTOME_TRANSCRIPTION_OF_E2F_TARGETS_UNDER_NEGATIVE_CONTROL_BY_P107_RBL1_AND_P130_RBL2_IN_COMPLEX_WITH_HDAC1	0.2065637527503228			
GSE3982_CTRL_VS_LPS_4H_MAC_UP	0.2065631025190943			
IGLESIAS_E2F_TARGETS_UP	0.20656154673933672			
GO_MODIFIED_AMINO_ACID_TRANSMEMBRANE_TRANSPORTER_ACTIVITY	0.20656101879421532			
MCDOWELL_ACUTE_LUNG_INJURY_UP	0.2065591131071376			
GO_NATURAL_KILLER_CELL_DEGRANULATION	0.20655185724098826			
GO_PROTEIN_METHYLTRANSFERASE_ACTIVITY	0.20654965678333384			
GO_PROTEIN_KINASE_B_SIGNALING	0.2065469922099581			
REACTOME_EPIGENETIC_REGULATION_OF_GENE_EXPRESSION	0.2065425483613438			
REACTOME_HEME_DEGRADATION	0.20653709820317653			
MIR7162_3P	0.20653373253520568			
GO_VACUOLAR_LUMEN	0.20653020027137012			
SRF_Q5_01	0.20652877266306316			
GSE25085_FETAL_BM_VS_ADULT_BM_SP4_THYMIC_IMPLANT_DN	0.2065281155608287			
GO_PROTEIN_KINASE_C_SIGNALING	0.20652633760414993			
GO_POSITIVE_REGULATION_OF_GROWTH_HORMONE_SECRETION	0.20651691246665876			
ICSBP_Q6	0.2065153531388179			
GSE6269_FLU_VS_STAPH_AUREUS_INF_PBMC_UP	0.2065139546327316			
MIKKELSEN_ES_ICP_WITH_H3K4ME3_AND_H3K27ME3	0.20650705849932272			
FIGUEROA_AML_METHYLATION_CLUSTER_3_DN	0.2065065929315336			
PID_CONE_PATHWAY	0.206505109889053			
MIR494_3P	0.20650027002154406			
HOLLEMAN_DAUNORUBICIN_B_ALL_DN	0.20649666747887296			
IPA_STAT6_UP	0.20649599536339608			
GO_HEART_TRABECULA_MORPHOGENESIS	0.20649369080262847			
BIOCARTA_CLASSIC_PATHWAY	0.20648649271372463			
KIM_WT1_TARGETS_UP	0.20648340134450502			
GO_CELLULAR_GLUCAN_METABOLIC_PROCESS	0.206473747118976			
KEGG_GAP_JUNCTION	0.20646960629412592			
GO_TRAIL_ACTIVATED_APOPTOTIC_SIGNALING_PATHWAY	0.20646513332909555			
MARTINEZ_RESPONSE_TO_TRABECTEDIN_UP	0.20645976701407928			
FOXJ2_TARGET_GENES	0.20645811508293974			
GO_REGULATION_OF_CHLORIDE_TRANSPORT	0.20645129995466588			
IPA_HDAC3_UP	0.20644836944475767			
HAHTOLA_CTCL_PATHOGENESIS	0.2064391756397285			
GO_NEGATIVE_REGULATION_OF_WNT_SIGNALING_PATHWAY_INVOLVED_IN_HEART_DEVELOPMENT	0.20643797006858314			
HALLMARK_DNA_REPAIR	0.20643725601112506			
DAZARD_UV_RESPONSE_CLUSTER_G6	0.20642938094231023			
GSE46606_UNSTIM_VS_CD40L_IL2_IL5_3DAY_STIMULATED_IRF4_KO_BCELL_DN	0.2064205121763289			
GO_NEGATIVE_REGULATION_OF_CELL_ADHESION	0.2064192295232542			
GO_9PLUS2_MOTILE_CILIUM	0.20641614533666522			
GSE41176_UNSTIM_VS_ANTI_IGM_STIM_BCELL_6H_UP	0.2064007705703334			
REACTOME_G_ALPHA_I_SIGNALLING_EVENTS	0.20640023493537676			
KYNG_DNA_DAMAGE_BY_4NQO_OR_GAMMA_RADIATION	0.20639574609281103			
SARRIO_EPITHELIAL_MESENCHYMAL_TRANSITION_DN	0.20638747838254162			
MIR10396A_3P_MIR10396B_3P	0.2063753374170778			
REACTOME_XENOBIOTICS	0.20637460205110553			
IPA_TBX2_UP	0.2063664087695078			
IPA_E2F2_UP	0.20636116834338789			
GO_NEGATIVE_REGULATION_OF_COAGULATION	0.2063601581424104			
GSE11864_CSF1_IFNG_VS_CSF1_IFNG_PAM3CYS_IN_MAC_DN	0.20635211584198473			
PHF21A_TARGET_GENES	0.2063403078839851			
IPA_STAT5A_UP	0.20633716002612779			
GO_GOLGI_CIS_CISTERNA	0.20633079725547282			
REACTOME_RUNX2_REGULATES_CHONDROCYTE_MATURATION	0.20632019613305208			
GO_CALCIUM_CHANNEL_INHIBITOR_ACTIVITY	0.20631878401132636			
BIOCARTA_MRP_PATHWAY	0.20630530079930046			
GSE43863_NAIVE_VS_MEMORY_LY6C_INT_CXCR5POS_CD4_TCELL_D150_LCMV_DN	0.20630159485099983			
ZHAN_MULTIPLE_MYELOMA_PR_UP	0.20630053221107358			
ZNF407_TARGET_GENES	0.2063001934790595			
GSE37301_GRANULOCYTE_MONOCYTE_PROGENITOR_VS_RAG2_KO_NK_CELL_UP	0.20629422636088546			
GSE36476_YOUNG_VS_OLD_DONOR_MEMORY_CD4_TCELL_16H_TSST_ACT_UP	0.20629039812167083			
TAKEDA_TARGETS_OF_NUP98_HOXA9_FUSION_8D_DN	0.20628796174197025			
GSE41176_UNSTIM_VS_ANTI_IGM_STIM_BCELL_6H_DN	0.20628708184810418			
GO_REGULATION_OF_DNA_BINDING_TRANSCRIPTION_FACTOR_ACTIVITY	0.20628426215284182			
GO_NEUROINFLAMMATORY_RESPONSE	0.20627992233789041			
GSE26343_UNSTIM_VS_LPS_STIM_NFAT5_KO_MACROPHAGE_UP	0.20627928735858653			
REACTOME_COLLAGEN_DEGRADATION	0.2062742898352901			
CHNG_MULTIPLE_MYELOMA_HYPERPLOID_UP	0.20627359897895278			
GSE41867_DAY6_VS_DAY8_LCMV_ARMSTRONG_EFFECTOR_CD8_TCELL_UP	0.206271386553005			
REACTOME_BIOSYNTHESIS_OF_MARESINS	0.20627119449096593			
U2AF2_TARGET_GENES	0.20626754398969305			
KUROKAWA_LIVER_CANCER_EARLY_RECURRENCE_DN	0.20626048124775623			
MIR3972	0.20625816289394092			
GO_LIPID_TRANSLOCATION	0.20625752805609926			
ZNF507_TARGET_GENES	0.2062571017270442			
MIR302F	0.20624917659748257			
IPA_ELK1_UP	0.20624382065234437			
MIR7155_3P	0.20623018298085974			
GO_ENDORIBONUCLEASE_ACTIVITY	0.20622713944811905			
GO_U6_SNRNP	0.20622046227217003			
GO_CALCIUM_ION_IMPORT_INTO_CYTOSOL	0.20620841024539863			
GSE6259_BCELL_VS_CD4_TCELL_DN	0.2062041825920838			
GO_SPERM_EJACULATION	0.20620388261742414			
GO_SODIUM_INDEPENDENT_ORGANIC_ANION_TRANSPORT	0.20620067336204706			
REACTOME_INTERLEUKIN_21_SIGNALING	0.2061884351172162			
SNIJDERS_AMPLIFIED_IN_HEAD_AND_NECK_TUMORS	0.20618803351971748			
GO_REGULATION_OF_NEUROMUSCULAR_JUNCTION_DEVELOPMENT	0.20618352059193237			
GO_SPERM_CHROMATIN_CONDENSATION	0.20617130492310357			
KDM1B_TARGET_GENES	0.2061653536165491			
GO_CELL_ADHESION_MOLECULE_PRODUCTION	0.2061490260837955			
GSE20366_EX_VIVO_VS_HOMEOSTATIC_CONVERSION_TREG_DN	0.20614663629862182			
GO_REGULATION_OF_ATRIAL_CARDIAC_MUSCLE_CELL_MEMBRANE_REPOLARIZATION	0.20614188817876306			
GO_POSITIVE_REGULATION_OF_NUCLEAR_CELL_CYCLE_DNA_REPLICATION	0.20613648540010926			
GO_PEPTIDOGLYCAN_BINDING	0.20612385274616937			
GO_HETEROCHROMATIN_ORGANIZATION	0.20612192701753956			
GO_LEUKOTRIENE_BIOSYNTHETIC_PROCESS	0.20612056629571443			
GSE43260_BTLA_POS_VS_NEG_INTRATUMORAL_CD8_TCELL_UP	0.20611185103889226			
GSE23321_EFFECTOR_MEMORY_VS_NAIVE_CD8_TCELL_UP	0.20610017566907102			
GO_DOUBLE_STRAND_BREAK_REPAIR_VIA_SINGLE_STRAND_ANNEALING	0.20609452675197257			
IPA_XRCC6_DN	0.20608390315049407			
IPA_HOXB8_UP	0.2060831029800979			
GO_SPERMINE_METABOLIC_PROCESS	0.20608289469126245			
REACTOME_RAB_GEFS_EXCHANGE_GTP_FOR_GDP_ON_RABS	0.20607586690830335			
GO_ACROSOMAL_MEMBRANE	0.20607567129982216			
HOXD11_TARGET_GENES	0.2060738682429255			
chr18p11	0.2060689524012518			
GO_CHAPERONIN_CONTAINING_T_COMPLEX	0.20606888146158084			
IPA_GTF2IRD1_DN	0.2060583487411261			
MIR935	0.20604219861805245			
DNMT1_TARGET_GENES	0.2060373355294825			
GSE20754_WT_VS_TCF1_KO_MEMORY_CD8_TCELL_UP	0.20603200501898206			
KANG_AR_TARGETS_DN	0.20600290894926418			
GSE20198_IL12_IL18_VS_IFNA_TREATED_ACT_CD4_TCELL_UP	0.2060009567934782			
GSE360_CTRL_VS_M_TUBERCULOSIS_DC_DN	0.2059787837905626			
GSE19772_CTRL_VS_HCMV_INF_MONOCYTES_AND_PI3K_INHIBITION_DN	0.2059663616462291			
GO_PYRUVATE_TRANSMEMBRANE_TRANSPORT	0.20595877655147732			
GO_PYRUVATE_TRANSMEMBRANE_TRANSPORTER_ACTIVITY	0.20595877655147732			
PID_BCR_5PATHWAY	0.20595289737944275			
GSE41867_DAY6_VS_DAY8_LCMV_CLONE13_EFFECTOR_CD8_TCELL_DN	0.20594940695193484			
GO_TRNA_BINDING	0.20594889925803725			
GO_CYTOSOLIC_SMALL_RIBOSOMAL_SUBUNIT	0.20594096636145418			
PBX1_01	0.20594022574834514			
GO_NEGATIVE_REGULATION_OF_MAST_CELL_DEGRANULATION	0.20593718627742727			
GO_NUCLEAR_PORE	0.20593260016014867			
MIR6740_5P	0.20593224770317736			
HELLEBREKERS_SILENCED_DURING_TUMOR_ANGIOGENESIS	0.20593009643608687			
GSE21670_TGFB_VS_TGFB_AND_IL6_TREATED_STAT3_KO_CD4_TCELL_DN	0.2059274329048754			
MIR378A_3P_MIR378C_MIR378D_MIR378I	0.20592696070202446			
GO_POSITIVE_REGULATION_OF_PROTEIN_CONTAINING_COMPLEX_ASSEMBLY	0.20592556261699085			
GO_TELOMERASE_HOLOENZYME_COMPLEX	0.20592396141187744			
GO_CYTOSKELETAL_ANCHORING_AT_NUCLEAR_MEMBRANE	0.20592028346164787			
GSE2826_XID_VS_BTK_KO_BCELL_UP	0.2059182405970214			
BOYAULT_LIVER_CANCER_SUBCLASS_G1_DN	0.20591727330369503			
MIR3919	0.20591713597209363			
TANG_SENESCENCE_TP53_TARGETS_DN	0.2059155428343663			
ZHOU_INFLAMMATORY_RESPONSE_FIMA_DN	0.20591553331724227			
MIR6801_5P	0.20589238114006628			
GO_QUINONE_BINDING	0.20588857793734625			
MIR548AB	0.20588679812220956			
IPA_ISL1_UP	0.20588667760175972			
GO_INOSITOL_PHOSPHATE_PHOSPHATASE_ACTIVITY	0.20588657589385678			
BILD_SRC_ONCOGENIC_SIGNATURE	0.20588604820066445			
GO_EXTRACELLULAR_MATRIX_STRUCTURAL_CONSTITUENT_CONFERRING_TENSILE_STRENGTH	0.20588560175591566			
GRANDVAUX_IFN_RESPONSE_NOT_VIA_IRF3	0.20587764197284347			
GO_NUCLEAR_INCLUSION_BODY	0.2058718591322095			
THUM_MIR21_TARGETS_HEART_DISEASE_UP	0.20586963873463934			
GO_MACROMOLECULE_CATABOLIC_PROCESS	0.20586779008257072			
RPA1_TARGET_GENES	0.2058661212303101			
GO_CD8_POSITIVE_ALPHA_BETA_T_CELL_DIFFERENTIATION	0.205865990195397			
REACTOME_HEDGEHOG_OFF_STATE	0.20586416935034912			
GSE14308_NAIVE_CD4_TCELL_VS_NATURAL_TREG_UP	0.2058638232992464			
GO_PROTEIN_INSERTION_INTO_MITOCHONDRIAL_OUTER_MEMBRANE	0.20585984754919764			
GO_DNA_GEOMETRIC_CHANGE	0.2058595988153343			
IPA_KDM8_UP	0.2058539146862258			
IPA_GSX2_DN	0.2058518030691681			
REACTOME_CYTOSOLIC_IRON_SULFUR_CLUSTER_ASSEMBLY	0.2058514212452808			
PALOMERO_GSI_SENSITIVITY_DN	0.2058490506682224			
GSE4984_LPS_VS_VEHICLE_CTRL_TREATED_DC_UP	0.20584034091911532			
GO_POSITIVE_REGULATION_OF_MYOTUBE_DIFFERENTIATION	0.205821929194558			
GSE29164_UNTREATED_VS_CD8_TCELL_AND_IL12_TREATED_MELANOMA_DAY3_DN	0.20582099031056503			
GO_POSITIVE_REGULATION_OF_TYPE_I_INTERFERON_PRODUCTION	0.20581742484694898			
GO_PROTEIN_PHOSPHATASE_ACTIVATOR_ACTIVITY	0.20581637492929383			
MIR4790_3P	0.2058157119582871			
P53_DN.V2_DN	0.2058155312222861			
GSE26495_PD1HIGH_VS_PD1LOW_CD8_TCELL_UP	0.205815453619379			
IIZUKA_LIVER_CANCER_PROGRESSION_L0_L1_DN	0.20580598418189638			
BIOCARTA_AMI_PATHWAY	0.20580582276059348			
GO_NADPLUS_KINASE_ACTIVITY	0.20580576494964486			
REACTOME_PROTEIN_FOLDING	0.20580082004862316			
REACTOME_COLLAGEN_CHAIN_TRIMERIZATION	0.20579565621142054			
GO_SULFATE_BINDING	0.20579457783169416			
SIG_PIP3_SIGNALING_IN_CARDIAC_MYOCTES	0.20579044850837774			
GO_REGULATION_OF_CYTOKINE_SECRETION_INVOLVED_IN_IMMUNE_RESPONSE	0.20578180640303978			
SCHOEN_NFKB_SIGNALING	0.2057731839413603			
GO_REGULATION_OF_MONONUCLEAR_CELL_MIGRATION	0.2057722616988114			
GO_HYPOTHALAMUS_CELL_DIFFERENTIATION	0.2057682089400039			
GO_LYMPHOCYTE_CHEMOTAXIS	0.2057665191812014			
GO_TRNA_THREONYLCARBAMOYLADENOSINE_METABOLIC_PROCESS	0.20575981043235633			
GSE3982_MAC_VS_BASOPHIL_DN	0.20575068078472078			
IPA_GFI1_DN	0.2057461436080423			
GO_PRECATALYTIC_SPLICEOSOME	0.20574205731517609			
GO_POSITIVE_REGULATION_OF_T_CELL_CYTOKINE_PRODUCTION	0.2057350004125604			
IPA_FOXA1_DN	0.2057316667988182			
GO_LIGAND_GATED_CALCIUM_CHANNEL_ACTIVITY	0.2057240661873615			
GO_NEGATIVE_REGULATION_OF_MULTICELLULAR_ORGANISMAL_PROCESS	0.2057224423928664			
GO_NEGATIVE_REGULATION_OF_APOPTOTIC_SIGNALING_PATHWAY	0.20571789356015754			
REACTOME_DOWNREGULATION_OF_SMAD2_3_SMAD4_TRANSCRIPTIONAL_ACTIVITY	0.20571546859791043			
REACTOME_SUMOYLATION	0.20571422971346756			
GSE1448_CTRL_VS_ANTI_VALPHA2_DP_THYMOCYTE_DN	0.2056798760335624			
GSE2770_UNTREATED_VS_IL4_TREATED_ACT_CD4_TCELL_6H_UP	0.2056792748553796			
GO_FATTY_ACID_BETA_OXIDATION_USING_ACYL_COA_OXIDASE	0.20566456068671407			
GO_MITOCHONDRIAL_GENOME_MAINTENANCE	0.20566366941635997			
GSE27786_LSK_VS_ERYTHROBLAST_DN	0.2056594423768793			
IPA_SKIL_UP	0.20565585798421018			
MIR6751_5P	0.20564767374925658			
GO_NEGATIVE_REGULATION_OF_TOLL_LIKE_RECEPTOR_2_SIGNALING_PATHWAY	0.20564389384596518			
GSE360_L_MAJOR_VS_T_GONDII_DC_DN	0.2056381945218813			
YAMASHITA_LIVER_CANCER_STEM_CELL_DN	0.20563599857862525			
BIOCARTA_PLATELETAPP_PATHWAY	0.20563247478894264			
GSE17974_0H_VS_4H_IN_VITRO_ACT_CD4_TCELL_DN	0.2056309247660703			
GSE8835_CD4_VS_CD8_TCELL_UP	0.20562560712666977			
IPA_SOX5_DN	0.2056226990963144			
GSE21927_BALBC_VS_C57BL6_MONOCYTE_SPLEEN_DN	0.20562252203887257			
GO_REGULATION_OF_ENAMEL_MINERALIZATION	0.2056215207892285			
REACTOME_DISASSEMBLY_OF_THE_DESTRUCTION_COMPLEX_AND_RECRUITMENT_OF_AXIN_TO_THE_MEMBRANE	0.20561972578340532			
GO_CYTOPLASMIC_SIDE_OF_MEMBRANE	0.20561431377954373			
CTGYNNCTYTAA_UNKNOWN	0.20561197282528307			
PID_EPHRINB_REV_PATHWAY	0.20560923437126036			
GO_NEUTROPHIL_APOPTOTIC_PROCESS	0.20560897082505208			
MIR186_5P	0.20560555759547294			
GSE19923_E2A_KO_VS_HEB_AND_E2A_KO_DP_THYMOCYTE_DN	0.20559197873018073			
GO_BASE_EXCISION_REPAIR_GAP_FILLING	0.20558470157206746			
GSE16385_ROSIGLITAZONE_VS_UNTREATED_IFNG_TNF_STIM_MACROPHAGE_UP	0.20557728601073774			
XU_AKT1_TARGETS_6HR	0.2055767545104092			
LUI_TARGETS_OF_PAX8_PPARG_FUSION	0.20557519652362274			
GO_POSITIVE_REGULATION_OF_DEACETYLASE_ACTIVITY	0.20557293792596829			
REACTOME_NUCLEOTIDE_EXCISION_REPAIR	0.20557063689650007			
GSE17721_CTRL_VS_LPS_12H_BMDC_DN	0.20556830428712483			
COLLIS_PRKDC_SUBSTRATES	0.2055577844881579			
MAX_01	0.20555677585507737			
REACTOME_TP53_REGULATES_TRANSCRIPTION_OF_DNA_REPAIR_GENES	0.2055503030090069			
GSE3982_NEUTROPHIL_VS_BASOPHIL_DN	0.20554681719232595			
BOQUEST_STEM_CELL_DN	0.20554639878206804			
ZWANG_CLASS_2_TRANSIENTLY_INDUCED_BY_EGF	0.2055447274791201			
PID_ATR_PATHWAY	0.20554450869150903			
GSE22886_NAIVE_TCELL_VS_NEUTROPHIL_UP	0.20554243234641614			
chr2q12	0.20553088033050917			
MIR8055	0.20552704195969593			
chr6p21	0.2055264944370746			
GSE19198_1H_VS_6H_IL21_TREATED_TCELL_UP	0.2055243653657501			
GSE17721_LPS_VS_PAM3CSK4_0.5H_BMDC_UP	0.2055155836073047			
GSE4142_NAIVE_BCELL_VS_PLASMA_CELL_DN	0.2055040361026721			
GSE30083_SP3_VS_SP4_THYMOCYTE_DN	0.20550359618102382			
MIR5583_5P	0.20549267443536384			
GO_NMDA_SELECTIVE_GLUTAMATE_RECEPTOR_COMPLEX	0.20549007538895028			
GO_NUCLEAR_UBIQUITIN_LIGASE_COMPLEX	0.2054897478834419			
KRAS.AMP.LUNG_UP.V1_DN	0.2054894277283434			
GO_CEREBRAL_CORTEX_TANGENTIAL_MIGRATION	0.2054837469479004			
GO_RAC_GTPASE_BINDING	0.20548136665848166			
REACTOME_P2Y_RECEPTORS	0.20547847304820605			
ZHU_CMV_ALL_DN	0.20547697602541107			
GO_MITOCHONDRIAL_ENVELOPE	0.20546528515895943			
GSE7509_UNSTIM_VS_FCGRIIB_STIM_MONOCYTE_DN	0.20546354412167106			
MIR10B_3P	0.20545647471196993			
GSE40068_CXCR5POS_BCL6POS_TFH_VS_CXCR5NEG_BCL6NEG_CD4_TCELL_UP	0.2054548843186498			
IPA_SOX4_DN	0.20545440237928397			
MIR4652_3P	0.20545163482780485			
JIANG_HYPOXIA_NORMAL	0.20545144560149853			
GSE5099_MONOCYTE_VS_ALTERNATIVE_M2_MACROPHAGE_DN	0.20543797405786943			
GO_CHROMO_SHADOW_DOMAIN_BINDING	0.20543320410006638			
GSE27786_CD4_TCELL_VS_NKCELL_UP	0.20543250422531947			
MORI_PRE_BI_LYMPHOCYTE_DN	0.20542405776926598			
MIR6820_5P	0.20541159856171626			
GO_SNRNA_METABOLIC_PROCESS	0.20541023581478668			
GO_POSITIVE_REGULATION_OF_TRANSCRIPTION_FROM_RNA_POLYMERASE_II_PROMOTER_IN_RESPONSE_TO_HYPOXIA	0.20540941150507983			
GO_DENDRITIC_CELL_CYTOKINE_PRODUCTION	0.20540920775079224			
GO_LIPID_DIGESTION	0.20539558322761944			
GO_PEPTIDASE_ACTIVATOR_ACTIVITY	0.20538102427913774			
KEGG_OXIDATIVE_PHOSPHORYLATION	0.20537917554736548			
BILD_HRAS_ONCOGENIC_SIGNATURE	0.20537740170898028			
GO_CELLULAR_RESPONSE_TO_TESTOSTERONE_STIMULUS	0.20537515647526655			
GSE17186_NAIVE_VS_CD21HIGH_TRANSITIONAL_BCELL_DN	0.20536645942196682			
BUCKANOVICH_T_LYMPHOCYTE_HOMING_ON_TUMOR_UP	0.20536322437015508			
GO_JNK_CASCADE	0.2053572203729126			
MIR1265	0.20535282498095492			
REACTOME_RHO_GTPASES_ACTIVATE_FORMINS	0.20535271964777624			
GO_TRNA_METHYLATION	0.2053383993279507			
GSE16450_CTRL_VS_IFNA_12H_STIM_IMMATURE_NEURON_CELL_LINE_UP	0.20533761053746524			
PID_S1P_S1P3_PATHWAY	0.2053331013996774			
KYNG_WERNER_SYNDROM_AND_NORMAL_AGING_DN	0.2053322215966169			
GO_NEGATIVE_REGULATION_OF_T_CELL_PROLIFERATION	0.20531910513919954			
GSE39820_TGFBETA3_IL6_VS_TGFBETA3_IL6_IL23A_TREATED_CD4_TCELL_DN	0.20531506695559168			
GSE43863_TFH_VS_LY6C_LOW_CXCR5NEG_EFFECTOR_CD4_TCELL_DN	0.2053095933177888			
GARGALOVIC_RESPONSE_TO_OXIDIZED_PHOSPHOLIPIDS_GREEN_UP	0.20530858927163342			
GO_S_ADENOSYLMETHIONINE_CYCLE	0.20530342492067358			
MARKS_ACETYLATED_NON_HISTONE_PROTEINS	0.20530304811334907			
MIR520F_5P	0.2052946835318988			
GSE37605_TREG_VS_TCONV_NOD_FOXP3_FUSION_GFP_UP	0.20529010723181135			
REACTOME_SIGNALING_BY_TGF_BETA_FAMILY_MEMBERS	0.20528985177514256			
MIR7152_5P	0.20528433381972375			
NUYTTEN_EZH2_TARGETS_UP	0.20527960521315897			
GO_POLARIZED_EPITHELIAL_CELL_DIFFERENTIATION	0.20527902346197074			
GSE22103_LPS_VS_GMCSF_AND_IFNG_STIM_NEUTROPHIL_UP	0.20527846948613804			
GINESTIER_BREAST_CANCER_20Q13_AMPLIFICATION_DN	0.2052757142138039			
GSE8921_UNSTIM_0H_VS_TLR1_2_STIM_MONOCYTE_12H_DN	0.2052727502813117			
HJURP_TARGET_GENES	0.20527199391636677			
MIR618	0.2052694719820176			
BIOCARTA_TCAPOPTOSIS_PATHWAY	0.2052690383901185			
BOYLAN_MULTIPLE_MYELOMA_C_CLUSTER_DN	0.2052619131635485			
HONMA_DOCETAXEL_RESISTANCE	0.2052571824547582			
GO_CHRONIC_INFLAMMATORY_RESPONSE	0.2052562403755119			
REACTOME_DISEASES_ASSOCIATED_WITH_GLYCOSYLATION_PRECURSOR_BIOSYNTHESIS	0.20525375295347298			
GO_U1_SNRNA_BINDING	0.20525210889700193			
MIR6509_3P	0.20524239204423883			
HASINA_NOL7_TARGETS_UP	0.20523913078584266			
MIR4432	0.20523780427021956			
GSE1460_INTRATHYMIC_T_PROGENITOR_VS_NAIVE_CD4_TCELL_CORD_BLOOD_UP	0.20523568257237354			
MIR92A_3P	0.20522658616363			
GO_NEGATIVE_REGULATION_OF_ALPHA_BETA_T_CELL_PROLIFERATION	0.2052243020517876			
WANG_RESPONSE_TO_ANDROGEN_UP	0.205223426168202			
GO_INTERLEUKIN_4_SECRETION	0.20522137748132224			
GSE36078_UNTREATED_VS_AD5_INF_MOUSE_LUNG_DC_DN	0.20521480307900758			
MIR26A_2_3P	0.20521224538168178			
GSE20198_UNTREATED_VS_IFNA_TREATED_ACT_CD4_TCELL_DN	0.20520556013164326			
RAGHAVACHARI_PLATELET_SPECIFIC_GENES	0.2052054304175902			
MIR6866_5P	0.20520536496939806			
GSE22935_UNSTIM_VS_12H_MBOVIS_BCG_STIM_MYD88_KO_MACROPHAGE_UP	0.2051988001139177			
GO_RECEPTOR_REGULATOR_ACTIVITY	0.20519734986020216			
GO_GLYCINE_METABOLIC_PROCESS	0.20517923427504994			
MIR4804_5P	0.20517861729454004			
GO_INNER_CELL_MASS_CELL_PROLIFERATION	0.20517295238991706			
GSE36392_TYPE_2_MYELOID_VS_EOSINOPHIL_IL25_TREATED_LUNG_UP	0.20516792892477068			
GSE2770_IL12_VS_TGFB_AND_IL12_TREATED_ACT_CD4_TCELL_48H_UP	0.20516251128816307			
YAMASHITA_METHYLATED_IN_PROSTATE_CANCER	0.20516134481853743			
MIR559	0.2051554910713702			
GSE17974_CTRL_VS_ACT_IL4_AND_ANTI_IL12_6H_CD4_TCELL_UP	0.20515461963658244			
MIR2114_3P	0.20514547436795724			
chr16q11	0.2051361765721295			
GO_REGULATION_OF_VITAMIN_D_RECEPTOR_SIGNALING_PATHWAY	0.20512476428559134			
GSE23321_CENTRAL_VS_EFFECTOR_MEMORY_CD8_TCELL_UP	0.20512100741697062			
MIR6757_5P	0.2051179390988065			
IPA_SETD7_DN	0.20510514850741726			
IPA_ZNF711_DN	0.20510514850741726			
LEE_LIVER_CANCER_DENA_UP	0.2051016502303159			
REACTOME_DEATH_RECEPTOR_SIGNALLING	0.20509830852556063			
GO_BILE_ACID_TRANSMEMBRANE_TRANSPORTER_ACTIVITY	0.20509775613968018			
KYNG_DNA_DAMAGE_DN	0.20509414648885216			
GO_REGULATION_OF_TELOMERE_MAINTENANCE_VIA_TELOMERE_LENGTHENING	0.20509271573360555			
GSE25846_IL10_POS_VS_NEG_CD8_TCELL_DAY7_POST_CORONAVIRUS_BRAIN_UP	0.2050824368121235			
GO_REGULATION_OF_COFACTOR_METABOLIC_PROCESS	0.2050749541231492			
ODONNELL_TFRC_TARGETS_UP	0.20506925556806152			
GO_LSM1_7_PAT1_COMPLEX	0.2050686130750121			
GSE36392_EOSINOPHIL_VS_NEUTROPHIL_IL25_TREATED_LUNG_DN	0.20506724585565075			
GESERICK_TERT_TARGETS_DN	0.2050623521409448			
GO_PHOSPHOLIPASE_A2_INHIBITOR_ACTIVITY	0.20505577374229128			
IPA_NFE2L2_UP	0.2050540542362135			
GSE43863_TFH_VS_LY6C_INT_CXCR5POS_MEMORY_CD4_TCELL_UP	0.20504806415439336			
GSE24634_TREG_VS_TCONV_POST_DAY3_IL4_CONVERSION_DN	0.20504537233600734			
GSE33162_HDAC3_KO_VS_HDAC3_KO_MACROPHAGE_UP	0.20504421975382497			
REACTOME_INTESTINAL_ABSORPTION	0.20503453288083182			
LEE_AGING_MUSCLE_UP	0.2050319656467871			
GO_RETINAL_ROD_CELL_DIFFERENTIATION	0.20501798535796098			
GSE11961_UNSTIM_VS_ANTI_IGM_AND_CD40_STIM_6H_FOLLICULAR_BCELL_DN	0.20501517209010858			
PLASARI_TGFB1_TARGETS_10HR_UP	0.20501364754931733			
MIR19B_1_5P_MIR19B_2_5P	0.20501114057075193			
PID_HIF1A_PATHWAY	0.20500905171917294			
GSE44732_UNSTIM_VS_IL27_STIM_IMATURE_DC_UP	0.20500695181239043			
MIR5089_3P	0.20500574652619366			
GSE2770_UNTREATED_VS_ACT_CD4_TCELL_2H_DN	0.20500105047420827			
GO_REGULATION_OF_CELLULAR_RESPONSE_TO_STRESS	0.20499548829322348			
GO_PHOSPHOTRANSFERASE_ACTIVITY_PHOSPHATE_GROUP_AS_ACCEPTOR	0.20499547691378245			
REACTOME_MET_ACTIVATES_PTPN11	0.20499358659681263			
GSE2770_TGFB_AND_IL4_VS_IL4_TREATED_ACT_CD4_TCELL_48H_UP	0.20498192736239412			
REACTOME_RNA_POLYMERASE_I_TRANSCRIPTION_TERMINATION	0.20496634202850328			
IPA_PAX1_UP	0.20496615303797547			
WEST_ADRENOCORTICAL_TUMOR_MARKERS_UP	0.2049643953349823			
VALK_AML_CLUSTER_15	0.20496390187004454			
GO_SEROTONIN_METABOLIC_PROCESS	0.2049550463225269			
REACTOME_DEFECTIVE_CHSY1_CAUSES_TPBS	0.20495353800315075			
GO_POSITIVE_REGULATION_OF_FIBROBLAST_GROWTH_FACTOR_PRODUCTION	0.20494475339410997			
RATTENBACHER_BOUND_BY_CELF1	0.20494454457245156			
GO_PRE_SNORNP_COMPLEX	0.2049423695797294			
BIOCARTA_PGC1A_PATHWAY	0.20492846074917412			
GO_COFACTOR_TRANSMEMBRANE_TRANSPORTER_ACTIVITY	0.20492809944774573			
MIR5590_3P	0.20492186720102099			
CGGTGTG_MIR220	0.20492000831802595			
MIR28_3P	0.20491371232575215			
REACTOME_DUAL_INCISION_IN_TC_NER	0.20491204669704907			
GO_DNA_TOPOISOMERASE_BINDING	0.20489636807458092			
MUELLER_COMMON_TARGETS_OF_AML_FUSIONS_DN	0.20489041891780985			
GO_ASTROCYTE_DEVELOPMENT	0.20489031872582583			
GO_SULFUR_COMPOUND_CATABOLIC_PROCESS	0.20488901148959965			
GSE46606_UNSTIM_VS_CD40L_IL2_IL5_DAY3_STIMULATED_BCELL_DN	0.20488887819644205			
GO_POSITIVE_REGULATION_OF_UBIQUITIN_PROTEIN_LIGASE_ACTIVITY	0.20488465382830293			
GO_SYNAPTIC_VESICLE_ENDOSOMAL_PROCESSING	0.20487483078618912			
GO_RESPONSE_TO_INTERLEUKIN_17	0.20486511886476233			
SHI_SPARC_TARGETS_DN	0.20485763282715158			
GO_TRANSLATION_REGULATOR_ACTIVITY_NUCLEIC_ACID_BINDING	0.2048524161121412			
GO_NCRNA_3_END_PROCESSING	0.20485215042654603			
GSE43863_DAY6_EFF_VS_DAY150_MEM_TFH_CD4_TCELL_UP	0.2048465284313981			
BERENJENO_ROCK_SIGNALING_NOT_VIA_RHOA_DN	0.20483969564313065			
LANDIS_ERBB2_BREAST_TUMORS_65_DN	0.20483386236724402			
MIR541_5P	0.20483346761100288			
PID_FANCONI_PATHWAY	0.20483284045487177			
GO_SPECTRIN	0.20483128813934195			
GO_CELL_CYCLE_G2_M_PHASE_TRANSITION	0.20483068466296075			
GO_MUCOPOLYSACCHARIDE_METABOLIC_PROCESS	0.20482958744836838			
GSE7460_TCONV_VS_TREG_LN_DN	0.20482790666262132			
REACTOME_RETROGRADE_TRANSPORT_AT_THE_TRANS_GOLGI_NETWORK	0.20482158657260635			
HSF4_TARGET_GENES	0.2048173485289666			
GSE23398_WT_VS_IL2_KO_CD4_TCELL_SCURFY_MOUSE_DN	0.2048125611609161			
GO_TRANSLOCON_COMPLEX	0.2048113736684296			
IPA_PRDM1_DN	0.2047934737411392			
GSE43955_10H_VS_60H_ACT_CD4_TCELL_DN	0.2047901071060108			
GO_NADPH_OXIDASE_COMPLEX	0.20478961488876715			
MIR1185_1_3P_MIR1185_2_3P	0.2047796691978131			
GO_EXTRINSIC_COMPONENT_OF_CYTOPLASMIC_SIDE_OF_PLASMA_MEMBRANE	0.20477823877251908			
GO_METHIONINE_METABOLIC_PROCESS	0.20477756794926663			
TERAO_AOX4_TARGETS_SKIN_DN	0.20477353501028014			
GO_RESPONSE_TO_GAMMA_RADIATION	0.20477318031660455			
CHEOK_RESPONSE_TO_MERCAPTOPURINE_AND_HD_MTX_DN	0.20477317758058217			
GO_EXORIBONUCLEASE_ACTIVITY	0.20477029137041536			
SNF5_DN.V1_DN	0.2047684021232682			
REACTOME_COPI_INDEPENDENT_GOLGI_TO_ER_RETROGRADE_TRAFFIC	0.204762545759003			
SUPT16H_TARGET_GENES	0.20475759624469078			
LIANG_HEMATOPOIESIS_STEM_CELL_NUMBER_SMALL_VS_HUGE_UP	0.20475437181979167			
HOFFMANN_PRE_BI_TO_LARGE_PRE_BII_LYMPHOCYTE_DN	0.20475419388483015			
SANA_TNF_SIGNALING_DN	0.20475378426186344			
GO_NEGATIVE_REGULATION_OF_CYTOKINESIS	0.20474989713037428			
GO_POSITIVE_REGULATION_OF_ADHERENS_JUNCTION_ORGANIZATION	0.2047452675632036			
GO_RESPONSE_TO_INTERLEUKIN_1	0.204741914350549			
GO_NEGATIVE_REGULATION_OF_VITAMIN_METABOLIC_PROCESS	0.20474035122173			
GSE9960_GRAM_POS_VS_GRAM_NEG_AND_POS_SEPSIS_PBMC_DN	0.2047388129020538			
REACTOME_ARMS_MEDIATED_ACTIVATION	0.20473360647327968			
GO_PROTEIN_LOCALIZATION_TO_NUCLEOPLASM	0.20473351747992058			
GO_NEUTROPHIL_MIGRATION	0.20473082502821094			
GSE17186_CD21LOW_VS_CD21HIGH_TRANSITIONAL_BCELL_DN	0.20472755603136342			
GO_RESPONSE_TO_ISOLATION_STRESS	0.20471479310516288			
GO_PURINE_NUCLEOBASE_TRANSMEMBRANE_TRANSPORTER_ACTIVITY	0.20469631999183713			
GSE6269_E_COLI_VS_STAPH_AUREUS_INF_PBMC_UP	0.20469159598301137			
REACTOME_LOSS_OF_FUNCTION_OF_MECP2_IN_RETT_SYNDROME	0.20468138368414399			
PID_ANTHRAX_PATHWAY	0.20466867582894185			
BRUINS_UVC_RESPONSE_VIA_TP53_GROUP_C	0.2046595561001698			
MIR586	0.2046571645797081			
GO_CELLULAR_CARBOHYDRATE_METABOLIC_PROCESS	0.20465191255928492			
YAP1_UP	0.20464056109429296			
REACTOME_GLUCONEOGENESIS	0.20463924432742464			
IPA_HOXA6_DN	0.20463793368129346			
GSE17721_CTRL_VS_LPS_1H_BMDC_UP	0.20463010826559652			
GO_CATION_CATION_ANTIPORTER_ACTIVITY	0.2046300020133962			
REACTOME_DIGESTION_OF_DIETARY_CARBOHYDRATE	0.20462581991895382			
REACTOME_PLATELET_CALCIUM_HOMEOSTASIS	0.20461628217857705			
GSE2770_UNTREATED_VS_TGFB_AND_IL4_TREATED_ACT_CD4_TCELL_48H_UP	0.204613451832032			
GO_PENTOSE_PHOSPHATE_SHUNT_NON_OXIDATIVE_BRANCH	0.20461034282886023			
GO_REGULATION_OF_TRANSLATIONAL_ELONGATION	0.20460138744516437			
chr17p12	0.20459726930443964			
GSE14415_NATURAL_TREG_VS_TCONV_DN	0.20459501165765204			
REACTOME_BASE_EXCISION_REPAIR_AP_SITE_FORMATION	0.20459034703706372			
MIR4659A_3P_MIR4659B_3P	0.20457773744084196			
KONG_E2F1_TARGETS	0.20457556156005385			
BRCA1_DN.V1_UP	0.20457517711093703			
KYNG_ENVIRONMENTAL_STRESS_RESPONSE_NOT_BY_4NQO_IN_OLD	0.2045750892510301			
GSE369_SOCS3_KO_VS_IFNG_KO_LIVER_UP	0.20456610062688174			
GSE4590_LARGE_PRE_BCELL_VS_VPREB_POS_LARGE_PRE_BCELL_DN	0.20456469093412574			
BIOCARTA_FREE_PATHWAY	0.20456080852426237			
MIR548A_3P	0.20455644247317936			
BIOCARTA_MEF2D_PATHWAY	0.2045508982241324			
GO_PHOSPHOLIPASE_A1_ACTIVITY	0.20454761603045735			
GO_MESENCHYME_MIGRATION	0.20454309608517537			
GO_ARP2_3_COMPLEX_MEDIATED_ACTIN_NUCLEATION	0.20454258176256146			
GO_REGULATION_OF_VERY_LOW_DENSITY_LIPOPROTEIN_PARTICLE_CLEARANCE	0.20454013545063573			
GO_POSITIVE_REGULATION_OF_FEAR_RESPONSE	0.20453565933730816			
GO_REGULATION_OF_SISTER_CHROMATID_SEGREGATION	0.2045323432614502			
REACTOME_RUNX1_AND_FOXP3_CONTROL_THE_DEVELOPMENT_OF_REGULATORY_T_LYMPHOCYTES_TREGS	0.2045307254425147			
GSE17721_ALL_VS_24H_PAM3CSK4_BMDC_DN	0.20452289921279773			
GO_PLASMA_MEMBRANE_SIGNALING_RECEPTOR_COMPLEX	0.20451994260961523			
ZSCAN5B_TARGET_GENES	0.2045152924768037			
GO_RNA_5_END_PROCESSING	0.20451113935551257			
GO_POSITIVE_REGULATION_OF_EXECUTION_PHASE_OF_APOPTOSIS	0.20451102606329064			
GSE21546_UNSTIM_VS_ANTI_CD3_STIM_SAP1A_KO_AND_ELK1_KO_DP_THYMOCYTES_DN	0.20450770357402057			
GO_SPHINGOSINE_1_PHOSPHATE_RECEPTOR_SIGNALING_PATHWAY	0.20450093309385098			
GSE2706_UNSTIM_VS_2H_R848_DC_DN	0.20449525330712315			
BIOCARTA_IRES_PATHWAY	0.2044921734336237			
MIR548F_3P	0.20449120332363774			
GSE22229_RENAL_TRANSPLANT_IMMUNOSUPP_THERAPY_VS_HEALTHY_PBMC_DN	0.20448857794823413			
BIOCARTA_TALL1_PATHWAY	0.20447627644308397			
MIR548BC	0.2044737677582953			
GO_T_CELL_DIFFERENTIATION_IN_THYMUS	0.20447313568263506			
GO_POSITIVE_REGULATION_OF_DEVELOPMENTAL_PROCESS	0.20447270096488768			
LET_7F_2_3P	0.2044674219277604			
GSE3039_ALPHABETA_CD8_TCELL_VS_B1_BCELL_DN	0.2044498616343372			
BOWIE_RESPONSE_TO_TAMOXIFEN	0.20444905339268105			
GO_REGULATION_OF_TUMOR_NECROSIS_FACTOR_MEDIATED_SIGNALING_PATHWAY	0.20444902729660344			
GO_DIPEPTIDE_TRANSMEMBRANE_TRANSPORT	0.2044484849858986			
E2F5_TARGET_GENES	0.20444302803086695			
GSE23114_WT_VS_SLE2C1_MOUSE_SPLEEN_B1A_BCELL_DN	0.20443759769123973			
MATZUK_PREOVULATORY_FOLLICLE	0.2044272045480971			
NIKOLSKY_BREAST_CANCER_20Q11_AMPLICON	0.20442365143775834			
GO_POSITIVE_REGULATION_OF_APOPTOTIC_DNA_FRAGMENTATION	0.20441890675255878			
HOEGERKORP_CD44_TARGETS_DIRECT_UP	0.2044185867491989			
REACTOME_ERYTHROPOIETIN_ACTIVATES_PHOSPHOINOSITIDE_3_KINASE_PI3K	0.20441026466695028			
GO_POSITIVE_REGULATION_OF_INTERLEUKIN_8_PRODUCTION	0.2044101048972972			
URS_ADIPOCYTE_DIFFERENTIATION_DN	0.20440805228835			
IPA_IL18_UP	0.20439929056835662			
GO_COMPLEMENT_RECEPTOR_MEDIATED_SIGNALING_PATHWAY	0.20439599654968724			
REACTOME_BBSOME_MEDIATED_CARGO_TARGETING_TO_CILIUM	0.2043953339447556			
LTE2_UP.V1_DN	0.20438943391527273			
GO_NUCLEAR_EXOSOME_RNASE_COMPLEX	0.2043890140009198			
GSE12392_WT_VS_IFNB_KO_CD8A_POS_SPLEEN_DC_DN	0.2043761433478761			
NRL_DN.V1_DN	0.2043683047350159			
GO_NASCENT_POLYPEPTIDE_ASSOCIATED_COMPLEX	0.2043644278892516			
GO_U6_SNRNA_BINDING	0.20435691850870744			
MIR6809_5P	0.2043518815447913			
IPA_MED13_DN	0.20435052749824026			
GSE557_WT_VS_CIITA_KO_DC_DN	0.20434714291273276			
EGFR_UP.V1_UP	0.2043448945508001			
GO_MOLECULAR_TRANSDUCER_ACTIVITY	0.20434478425458955			
IPA_CREB3L2_UP	0.2043444915854295			
GO_LACTATE_TRANSMEMBRANE_TRANSPORTER_ACTIVITY	0.20434085861836168			
GO_GASTRO_INTESTINAL_SYSTEM_SMOOTH_MUSCLE_CONTRACTION	0.20432874856859526			
GO_HAUS_COMPLEX	0.2043272813010617			
GSE3982_EOSINOPHIL_VS_BCELL_DN	0.2043244445177519			
WENG_POR_TARGETS_LIVER_UP	0.2043236751841412			
SCHAEFFER_PROSTATE_DEVELOPMENT_AND_CANCER_BOX4_UP	0.20431402870475707			
YOSHIMURA_MAPK8_TARGETS_DN	0.20431390515972297			
GSE17721_LPS_VS_POLYIC_24H_BMDC_UP	0.20429387741010824			
LEE_AGING_MUSCLE_DN	0.20429342222555347			
HOELZEL_NF1_TARGETS_UP	0.2042917875931168			
GSE369_IFNG_KO_VS_WT_LIVER_DN	0.20428868123597382			
GO_NUCLEAR_IMPORT_SIGNAL_RECEPTOR_ACTIVITY	0.20428543578789635			
GO_POSITIVE_REGULATION_OF_CELLULAR_CATABOLIC_PROCESS	0.2042763704963759			
GO_CELLULAR_COMPONENT_DISASSEMBLY_INVOLVED_IN_EXECUTION_PHASE_OF_APOPTOSIS	0.20426674498414177			
GO_PHOSPHATIDYLINOSITOL_BISPHOSPHATE_BINDING	0.20426133378777403			
MIR6821_3P	0.20426052661259098			
GO_NEGATIVE_REGULATION_OF_CELL_CYCLE_PROCESS	0.20425983384224114			
GO_NEGATIVE_REGULATION_OF_CELLULAR_AMINE_METABOLIC_PROCESS	0.2042592793538071			
GSE37605_C57BL6_VS_NOD_FOXP3_FUSION_GFP_TCONV_UP	0.20425733298542756			
GO_NEGATIVE_REGULATION_OF_ADENYLATE_CYCLASE_ACTIVATING_G_PROTEIN_COUPLED_RECEPTOR_SIGNALING_PATHWAY	0.20425376535274165			
GO_BONE_CELL_DEVELOPMENT	0.20425043980546218			
GO_TERMINATION_OF_RNA_POLYMERASE_I_TRANSCRIPTION	0.20424986628450378			
MIR6506_3P	0.20424907516859145			
GO_BONE_RESORPTION	0.20424390132074713			
GO_CENTRIOLE	0.204235578960126			
GSE22025_TGFB1_VS_TGFB1_AND_PROGESTERONE_TREATED_CD4_TCELL_UP	0.204233610596357			
MITSIADES_RESPONSE_TO_APLIDIN_DN	0.20422118933230726			
GO_MATURATION_OF_LSU_RRNA_FROM_TRICISTRONIC_RRNA_TRANSCRIPT_SSU_RRNA_5_8S_RRNA_LSU_RRNA	0.2042201163692942			
JOSEPH_RESPONSE_TO_SODIUM_BUTYRATE_DN	0.20421879249961733			
GO_VASOPRESSIN_RECEPTOR_ACTIVITY	0.20421374750031665			
GSE360_CTRL_VS_T_GONDII_MAC_DN	0.2042087593604241			
GSE21546_UNSTIM_VS_ANTI_CD3_STIM_SAP1A_KO_DP_THYMOCYTES_UP	0.20420861880505284			
GO_ETHER_METABOLIC_PROCESS	0.20419864015439163			
GSE29614_CTRL_VS_TIV_FLU_VACCINE_PBMC_2007_UP	0.20419513698714262			
REACTOME_DEFECTS_IN_VITAMIN_AND_COFACTOR_METABOLISM	0.20418866450069234			
REACTOME_FORMATION_OF_INCISION_COMPLEX_IN_GG_NER	0.20418124495749562			
REACTOME_ACTIVATION_OF_C3_AND_C5	0.20417884266298858			
GO_MOLYBDOPTERIN_COFACTOR_BINDING	0.2041735484813045			
SHIN_B_CELL_LYMPHOMA_CLUSTER_2	0.20417190816484437			
LASTOWSKA_COAMPLIFIED_WITH_MYCN	0.2041679174371748			
WONG_EMBRYONIC_STEM_CELL_CORE	0.20416635962407423			
MIR610	0.20416618424827707			
GSE43863_NAIVE_VS_MEMORY_LY6C_INT_CXCR5POS_CD4_TCELL_D150_LCMV_UP	0.20415351658867206			
GO_NEGATIVE_REGULATION_OF_PROTEIN_TYROSINE_KINASE_ACTIVITY	0.20415188153127295			
HOOI_ST7_TARGETS_UP	0.20414433388606137			
GO_NEGATIVE_REGULATION_OF_PROTEIN_AUTOPHOSPHORYLATION	0.20414167231211294			
GO_EXOCYTIC_INSERTION_OF_NEUROTRANSMITTER_RECEPTOR_TO_POSTSYNAPTIC_MEMBRANE	0.204139525903752			
GO_POSITIVE_REGULATION_OF_CHOLESTEROL_ESTERIFICATION	0.20413526811666888			
GSE4142_NAIVE_VS_GC_BCELL_UP	0.2041208685253531			
GO_B_CELL_RECEPTOR_SIGNALING_PATHWAY	0.2041199146932163			
REACTOME_HCMV_EARLY_EVENTS	0.2041176099130895			
HALLMARK_P53_PATHWAY	0.20411469857094974			
JIANG_AGING_CEREBRAL_CORTEX_UP	0.20411178262704882			
GO_RRNA_METABOLIC_PROCESS	0.20410553865871897			
PCGF6_TARGET_GENES	0.2041042989849903			
GAZDA_DIAMOND_BLACKFAN_ANEMIA_MYELOID_DN	0.20409266981870627			
GSE27786_CD8_TCELL_VS_NEUTROPHIL_DN	0.20409111663888754			
MIR6507_5P	0.204089903867842			
GSE43955_1H_VS_60H_ACT_CD4_TCELL_WITH_TGFB_IL6_DN	0.20408446689673326			
GO_RESPONSE_TO_EXTRACELLULAR_STIMULUS	0.20408216799547635			
GO_POSITIVE_REGULATION_OF_SKELETAL_MUSCLE_TISSUE_DEVELOPMENT	0.20407307986948764			
GO_NEGATIVE_REGULATION_OF_MYOTUBE_DIFFERENTIATION	0.2040634654670102			
GSE37605_FOXP3_FUSION_GFP_VS_IRES_GFP_TREG_NOD_UP	0.2040631349156379			
MIR6781_3P	0.204039666228538			
GSE26156_DOUBLE_POSITIVE_VS_CD4_SINGLE_POSITIVE_THYMOCYTE_DN	0.204038481441505			
MIR3683	0.20403824743291205			
MIR654_3P	0.20403706190864757			
GSE7459_UNTREATED_VS_IL6_TREATED_ACT_CD4_TCELL_DN	0.20402633111290958			
E2F1DP1RB_01	0.20401568452532798			
GO_MRNA_METABOLIC_PROCESS	0.20401443603860625			
MIR374C_5P	0.20401427926964608			
GO_POSITIVE_REGULATION_OF_ACTIN_FILAMENT_POLYMERIZATION	0.20401298977574134			
REACTOME_PIWI_INTERACTING_RNA_PIRNA_BIOGENESIS	0.20401063035675499			
GSE35685_CD34POS_CD10NEG_CD62LPOS_VS_CD34POS_CD10POS_BONE_MARROW_UP	0.2040075556346839			
GO_NEGATIVE_REGULATION_OF_TRANSMEMBRANE_RECEPTOR_PROTEIN_SERINE_THREONINE_KINASE_SIGNALING_PATHWAY	0.20400289709637978			
GSE18791_CTRL_VS_NEWCASTLE_VIRUS_DC_16H_UP	0.2040011332443242			
IPA_ELF2_UP	0.20399104520345088			
IPA_HIF3A_UP	0.20398612541260608			
MCRS1_TARGET_GENES	0.20398282992672798			
MIR655_3P	0.20398271927296965			
WANG_NEOPLASTIC_TRANSFORMATION_BY_CCND1_MYC	0.20397557822575374			
GO_REGULATION_OF_CAMP_DEPENDENT_PROTEIN_KINASE_ACTIVITY	0.20397125454974133			
REACTOME_PHASE_0_RAPID_DEPOLARISATION	0.2039709682593478			
MIR510_3P	0.2039617665443033			
GSE17721_POLYIC_VS_CPG_6H_BMDC_DN	0.20393663484341695			
YORDY_RECIPROCAL_REGULATION_BY_ETS1_AND_SP100_DN	0.2039345930433151			
GO_ATP_SYNTHESIS_COUPLED_PROTON_TRANSPORT	0.2039320877933798			
GO_RIBOSOMAL_SMALL_SUBUNIT_BIOGENESIS	0.20392952598825473			
GSE43863_DAY6_EFF_VS_DAY150_MEM_LY6C_INT_CXCR5POS_CD4_TCELL_DN	0.20392948200216032			
GO_CILIUM_OR_FLAGELLUM_DEPENDENT_CELL_MOTILITY	0.20392846689551364			
GSE17721_12H_VS_24H_LPS_BMDC_DN	0.20391797257405012			
GO_CIRCULATORY_SYSTEM_PROCESS	0.20391694586624584			
GO_NEGATIVE_REGULATION_OF_INTRINSIC_APOPTOTIC_SIGNALING_PATHWAY_IN_RESPONSE_TO_DNA_DAMAGE	0.20391517273569745			
TACAATC_MIR508	0.20390984803504492			
GSE36888_UNTREATED_VS_IL2_TREATED_STAT5_AB_KNOCKIN_TCELL_17H_UP	0.20390958772125842			
GO_HEART_GROWTH	0.2038986823078339			
GSE15330_LYMPHOID_MULTIPOTENT_VS_PRO_BCELL_UP	0.20389623389218164			
GO_VITAMIN_D_RECEPTOR_SIGNALING_PATHWAY	0.203892122945196			
GSE17721_PAM3CSK4_VS_GADIQUIMOD_8H_BMDC_UP	0.20389106031265075			
GSE5589_LPS_VS_LPS_AND_IL10_STIM_IL6_KO_MACROPHAGE_180MIN_DN	0.20389018117900246			
GO_NEGATIVE_REGULATION_OF_LIPID_BIOSYNTHETIC_PROCESS	0.20388443952308116			
MIR642A_3P_MIR642B_3P	0.203875473380838			
REACTOME_CLEC7A_DECTIN_1_SIGNALING	0.20387537636799255			
GSE9037_CTRL_VS_LPS_4H_STIM_BMDM_UP	0.20387464892252272			
GSE27786_ERYTHROBLAST_VS_NEUTROPHIL_UP	0.20387261245629193			
GO_PHOSPHATIDYLINOSITOL_PHOSPHATE_PHOSPHATASE_ACTIVITY	0.2038723318830439			
GO_REGULATION_OF_ENDODEOXYRIBONUCLEASE_ACTIVITY	0.2038677441905944			
AP4_Q6_01	0.20386543319824582			
TSUTSUMI_FBXW8_TARGETS	0.2038609875088009			
GSE3920_UNTREATED_VS_IFNG_TREATED_FIBROBLAST_DN	0.20385720604814714			
GO_WEIBEL_PALADE_BODY	0.2038564714315163			
GO_ESTABLISHMENT_OF_RNA_LOCALIZATION	0.2038550079735298			
MIR3662	0.2038543973903872			
GSE29614_CTRL_VS_DAY7_TIV_FLU_VACCINE_PBMC_UP	0.20385063251014768			
GSE5542_UNTREATED_VS_IFNA_AND_IFNG_TREATED_EPITHELIAL_CELLS_6H_UP	0.20385016026143332			
KEGG_UBIQUITIN_MEDIATED_PROTEOLYSIS	0.20384888274056223			
GO_SULFATE_TRANSPORT	0.2038431035824026			
IPA_MEOX2_UP	0.2038425515641918			
GO_MICROTUBULE_CYTOSKELETON_ORGANIZATION_INVOLVED_IN_MITOSIS	0.20383854538265267			
GO_POSITIVE_REGULATION_OF_CELL_MATRIX_ADHESION	0.2038368976383799			
GO_AMINOPEPTIDASE_ACTIVITY	0.20383525479412357			
GO_PROTEIN_LYSINE_6_OXIDASE_ACTIVITY	0.20383238380087632			
GO_PEPTIDYL_LYSINE_OXIDATION	0.20383238380087632			
MORI_PLASMA_CELL_UP	0.20383088463524704			
GSE29614_CTRL_VS_DAY3_TIV_FLU_VACCINE_PBMC_UP	0.20382936479389155			
GO_REGULATION_OF_MUSCLE_CELL_DIFFERENTIATION	0.20382900680790372			
REACTOME_TRANSCRIPTION_OF_THE_HIV_GENOME	0.20382818939346659			
GO_CELLULAR_RESPONSE_TO_AMYLOID_BETA	0.20382811037173798			
GO_POSITIVE_REGULATION_OF_SPROUTING_ANGIOGENESIS	0.20382763513838484			
IPA_SIRT1_UP	0.2038193796341832			
REACTOME_FLT3_SIGNALING	0.20381827452442564			
GSE39820_CTRL_VS_TGFBETA1_IL6_IL23A_CD4_TCELL_DN	0.20381205078788875			
GSE2770_UNTREATED_VS_IL4_TREATED_ACT_CD4_TCELL_48H_DN	0.20380998387362653			
MIR3136_3P	0.2038092889258751			
NAGASHIMA_NRG1_SIGNALING_UP	0.20380141277033684			
GO_COBALAMIN_BINDING	0.20380093321562948			
REACTOME_REGULATION_OF_RAS_BY_GAPS	0.20379666384421374			
GO_POSITIVE_REGULATION_OF_DNA_CATABOLIC_PROCESS	0.20378885749957476			
GSE10240_CTRL_VS_IL22_STIM_PRIMARY_BRONCHIAL_EPITHELIAL_CELLS_DN	0.20378609581203594			
GO_GUANYLATE_CYCLASE_ACTIVITY	0.2037827077573145			
GO_METHYL_CPG_BINDING	0.2037805345441475			
MATTHEWS_SKIN_CARCINOGENESIS_VIA_JUN	0.2037800030242674			
CROMER_METASTASIS_UP	0.20377779980531355			
GO_POLYADENYLATION_DEPENDENT_SNORNA_3_END_PROCESSING	0.20376892606305474			
GSE10325_LUPUS_BCELL_VS_LUPUS_MYELOID_UP	0.20376875614153556			
IPA_SPIB_UP	0.20376579882896304			
GSE17974_0H_VS_12H_IN_VITRO_ACT_CD4_TCELL_DN	0.20376094723242721			
GSE3920_IFNA_VS_IFNB_TREATED_ENDOTHELIAL_CELL_UP	0.20375413665847517			
GSE29618_LAIV_VS_TIV_FLU_VACCINE_DAY7_MONOCYTE_DN	0.20375255340203388			
GSE42724_MEMORY_BCELL_VS_PLASMABLAST_DN	0.2037474061216311			
GO_AMINOGLYCAN_METABOLIC_PROCESS	0.2037416334386822			
BIOCARTA_CTCF_PATHWAY	0.20373931092949205			
GSE25088_WT_VS_STAT6_KO_MACROPHAGE_IL4_STIM_DN	0.2037376516475956			
GO_INTRACILIARY_TRANSPORT_PARTICLE_B	0.20372999559107083			
GO_HYPEROSMOTIC_RESPONSE	0.20372851468581352			
COWLING_MYCN_TARGETS	0.2037263286555302			
GO_ANDROGEN_RECEPTOR_BINDING	0.2037224093917961			
GO_BUNDLE_OF_HIS_CELL_TO_PURKINJE_MYOCYTE_SIGNALING	0.20371906651328223			
GO_REGULATION_OF_PROTEIN_HETERODIMERIZATION_ACTIVITY	0.20371886508978584			
MIR3924	0.20371527080889384			
VANHARANTA_UTERINE_FIBROID_WITH_7Q_DELETION_DN	0.20371141195884			
GUILLAUMOND_KLF10_TARGETS_DN	0.20370551812080323			
GO_FOREBRAIN_RADIAL_GLIAL_CELL_DIFFERENTIATION	0.20369731396624716			
GO_GROWTH_HORMONE_RECEPTOR_BINDING	0.20368690764563566			
GSE5455_HEALTHY_VS_TUMOR_BEARING_MOUSE_SPLEEN_MONOCYTE_UP	0.20368619750397712			
GO_CHONDROITIN_SULFATE_PROTEOGLYCAN_METABOLIC_PROCESS	0.2036836551318943			
IPA_TBX21_DN	0.20368097634455348			
SA_TRKA_RECEPTOR	0.20367773930221503			
GO_PROTEIN_REPAIR	0.20366558218902017			
GSE16450_IMMATURE_VS_MATURE_NEURON_CELL_LINE_DN	0.20366418298762384			
MIR215_3P	0.20366007942676786			
GO_CGMP_MEDIATED_SIGNALING	0.20365356052049702			
GSE28737_BCL6_HET_VS_BCL6_KO_FOLLICULAR_BCELL_DN	0.2036517779675143			
GO_ESTABLISHMENT_OF_EPITHELIAL_CELL_APICAL_BASAL_POLARITY	0.2036415717119948			
GO_POSITIVE_REGULATION_OF_GLUCOSE_TRANSMEMBRANE_TRANSPORT	0.20363657596164791			
GSE25088_WT_VS_STAT6_KO_MACROPHAGE_IL4_STIM_UP	0.2036261084573254			
chr10p13	0.20362027241767489			
GO_NUCLEAR_EXPORT	0.20361863449607726			
GSE17974_IL4_AND_ANTI_IL12_VS_UNTREATED_1H_ACT_CD4_TCELL_UP	0.20361478125401183			
GO_REGULATION_OF_SMOOTH_MUSCLE_CELL_CHEMOTAXIS	0.2036132961929287			
MIR367_3P	0.20361111011360422			
GSE46606_IRF4HIGH_VS_IRF4MID_CD40L_IL2_IL5_DAY1_STIMULATED_BCELL_UP	0.20360923136396555			
MIR134_5P	0.2036033336719841			
BROWNE_HCMV_INFECTION_8HR_UP	0.20360269217140492			
GO_RESPONSE_TO_CAMP	0.20359990282840534			
GO_CELL_CYCLE_G1_S_PHASE_TRANSITION	0.20359896915117232			
GO_NEGATIVE_REGULATION_OF_CYTOSOLIC_CALCIUM_ION_CONCENTRATION	0.20359210078827178			
GO_REGULATION_OF_ACTIVATION_OF_JANUS_KINASE_ACTIVITY	0.20358741089262428			
GO_ORNITHINE_METABOLIC_PROCESS	0.2035683699927935			
GO_AXO_DENDRITIC_PROTEIN_TRANSPORT	0.2035653950400215			
GO_ENDOSOMAL_VESICLE_FUSION	0.20356061216253074			
GO_ORGANIC_HYDROXY_COMPOUND_TRANSMEMBRANE_TRANSPORTER_ACTIVITY	0.20355587494136484			
GSE12392_WT_VS_IFNAR_KO_CD8A_NEG_SPLEEN_DC_DN	0.203553404056795			
PICCALUGA_ANGIOIMMUNOBLASTIC_LYMPHOMA_DN	0.2035527641731474			
RADAEVA_RESPONSE_TO_IFNA1_UP	0.2035498239350174			
GO_TRIGLYCERIDE_LIPASE_ACTIVITY	0.20354960916556414			
STAT3_01	0.20354747132528161			
GSE27859_DC_VS_CD11C_INT_F480_INT_DC_DN	0.20354686397077482			
GO_ACTIVATION_OF_CYSTEINE_TYPE_ENDOPEPTIDASE_ACTIVITY	0.20353907397183624			
MIR4648	0.20353873386837512			
BIOCARTA_SM_PATHWAY	0.20353416062857546			
REACTOME_PURINE_RIBONUCLEOSIDE_MONOPHOSPHATE_BIOSYNTHESIS	0.20353228904730442			
GO_OXIDOREDUCTASE_ACTIVITY_ACTING_ON_THE_CH_NH2_GROUP_OF_DONORS_OXYGEN_AS_ACCEPTOR	0.2035282939771813			
GO_POSITIVE_REGULATION_OF_COLLATERAL_SPROUTING	0.2035279302905535			
FISCHER_DIRECT_P53_TARGETS_META_ANALYSIS	0.20350611017229078			
GO_REGULATION_OF_ENTRY_OF_BACTERIUM_INTO_HOST_CELL	0.20350508155708188			
GO_NUCLEOBASE_CONTAINING_SMALL_MOLECULE_BIOSYNTHETIC_PROCESS	0.20350482079226379			
MIR4742_3P	0.20350017982400964			
PIEPOLI_LGI1_TARGETS_DN	0.2034998707025244			
GSE3982_MAC_VS_TH2_UP	0.20349878378979516			
GSE2770_TGFB_AND_IL4_VS_TGFB_AND_IL12_TREATED_ACT_CD4_TCELL_6H_DN	0.2034754360580805			
MIR492	0.20346734210155035			
ABRAHAM_ALPC_VS_MULTIPLE_MYELOMA_UP	0.20346325179222766			
GSE45365_WT_VS_IFNAR_KO_CD8A_DC_DN	0.20346274213222768			
GO_MITOGEN_ACTIVATED_PROTEIN_KINASE_P38_BINDING	0.2034589983806743			
GSE23308_CTRL_VS_CORTICOSTERONE_TREATED_MACROPHAGE_MINERALCORTICOID_REC_KO_UP	0.20345233138707455			
GSE3982_MAST_CELL_VS_MAC_UP	0.2034509944427477			
GSE17721_LPS_VS_POLYIC_12H_BMDC_UP	0.20344860968470135			
GSE12845_IGD_NEG_BLOOD_VS_PRE_GC_TONSIL_BCELL_UP	0.2034432158411591			
GO_IONOTROPIC_GLUTAMATE_RECEPTOR_ACTIVITY	0.20343810987355274			
GO_HEART_TRABECULA_FORMATION	0.20342602108029256			
GSE20198_IL12_IL18_VS_IFNA_TREATED_ACT_CD4_TCELL_DN	0.20342342346009398			
MIR500A_3P	0.20341748639086327			
LINDGREN_BLADDER_CANCER_CLUSTER_1_DN	0.20341608404964237			
GO_POSTSYNAPTIC_DENSITY_PROTEIN_95_CLUSTERING	0.2034014379386914			
GO_POSITIVE_REGULATION_OF_T_CELL_TOLERANCE_INDUCTION	0.20340046675504428			
REACTOME_GOLGI_CISTERNAE_PERICENTRIOLAR_STACK_REORGANIZATION	0.20338990390734646			
GSE26928_NAIVE_VS_CXCR5_POS_CD4_TCELL_DN	0.20338901399553405			
GO_POSITIVE_REGULATION_OF_NEUROINFLAMMATORY_RESPONSE	0.2033874838871623			
GTATGAT_MIR154_MIR487	0.20338209244437622			
GO_PUTRESCINE_METABOLIC_PROCESS	0.20337573729359343			
MIR4693_5P	0.203366840515113			
REACTOME_ACYL_CHAIN_REMODELING_OF_DAG_AND_TAG	0.2033560534164296			
GO_ACYLGLYCEROL_ACYL_CHAIN_REMODELING	0.2033560534164296			
GO_C_ACETYLTRANSFERASE_ACTIVITY	0.20335482032493396			
GO_POSITIVE_REGULATION_OF_SKELETAL_MUSCLE_CELL_DIFFERENTIATION	0.20335170808429967			
GO_NEGATIVE_REGULATION_OF_DNA_DEPENDENT_DNA_REPLICATION	0.20335120905207554			
GSE32423_IL7_VS_IL7_IL4_MEMORY_CD8_TCELL_DN	0.20335071116253275			
GO_POSITIVE_REGULATION_OF_CYTOPLASMIC_TRANSLATION	0.2033449245649561			
GSE7831_CPG_VS_INFLUENZA_STIM_PDC_1H_DN	0.20334437282337517			
ZHAN_MULTIPLE_MYELOMA_CD1_UP	0.20334062292139227			
GO_TRNA_WOBBLE_URIDINE_MODIFICATION	0.20333921338676014			
GSE32986_CURDLAN_LOWDOSE_VS_CURDLAN_HIGHDOSE_STIM_DC_DN	0.20333395409820282			
BIOCARTA_PYK2_PATHWAY	0.2033317355394702			
REACTOME_CONDENSATION_OF_PROMETAPHASE_CHROMOSOMES	0.20332982747826805			
ZFHX3_TARGET_GENES	0.20332574199065193			
ZHU_CMV_24_HR_DN	0.2033244514693481			
GO_POSITIVE_REGULATION_OF_MACROPHAGE_DIFFERENTIATION	0.2033219933280631			
TSAI_RESPONSE_TO_RADIATION_THERAPY	0.2033041100885484			
GO_PHOSPHORYLATION_OF_RNA_POLYMERASE_II_C_TERMINAL_DOMAIN	0.20330021006384985			
IPA_ARID1B_UP	0.20329941467222182			
IPA_RFXANK_DN	0.2032958505786977			
GSE5542_UNTREATED_VS_IFNA_AND_IFNG_TREATED_EPITHELIAL_CELLS_6H_DN	0.20329445419689957			
DLX6_TARGET_GENES	0.20329183116675698			
ZSCAN5DP_TARGET_GENES	0.203286912632103			
ACEVEDO_METHYLATED_IN_LIVER_CANCER_DN	0.2032771813814543			
IPA_HDAC5_DN	0.20327504976866612			
GO_POSITIVE_REGULATION_OF_VOLTAGE_GATED_POTASSIUM_CHANNEL_ACTIVITY	0.20326975575213338			
PID_ARF6_PATHWAY	0.20325925914700477			
MIR548N	0.2032582025746655			
GSE24142_DN2_VS_DN3_THYMOCYTE_ADULT_UP	0.20325783303187833			
GO_FIBRONECTIN_BINDING	0.2032574584131712			
GO_DRUG_TRANSMEMBRANE_TRANSPORT	0.20325732691369006			
GSE29618_BCELL_VS_MONOCYTE_UP	0.2032540837823401			
GO_DNA_STRAND_RENATURATION	0.20324800734405438			
CHEOK_RESPONSE_TO_MERCAPTOPURINE_DN	0.20324734817843018			
GO_DNA_DAMAGE_RESPONSE_DETECTION_OF_DNA_DAMAGE	0.20324474660903957			
GSE15659_CD45RA_NEG_CD4_TCELL_VS_ACTIVATED_TREG_DN	0.20324049345799025			
GO_POSITIVE_REGULATION_OF_EXTRACELLULAR_MATRIX_ORGANIZATION	0.20322546463073138			
GO_PURINE_NUCLEOSIDE_BIOSYNTHETIC_PROCESS	0.2032250212131783			
GSE7460_FOXP3_MUT_VS_WT_ACT_WITH_TGFB_TCONV_DN	0.2032179572368304			
GO_NEGATIVE_REGULATION_OF_INTERFERON_BETA_PRODUCTION	0.20320769303169167			
GO_SPLICEOSOMAL_COMPLEX	0.2032019676376189			
POS_RESPONSE_TO_HISTAMINE_DN	0.20319571186947494			
GSE21774_CD62L_POS_CD56_BRIGHT_VS_CD62L_NEG_CD56_DIM_NK_CELL_DN	0.20318924829234045			
WIEDERSCHAIN_TARGETS_OF_BMI1_AND_PCGF2	0.20318849703288128			
ONDER_CDH1_TARGETS_2_UP	0.2031881660203826			
LOPEZ_MESOTHELIOMA_SURVIVAL_OVERALL_UP	0.20318215959090224			
GO_NEGATIVE_REGULATION_OF_MRNA_METABOLIC_PROCESS	0.20318085600185934			
LI_CYTIDINE_ANALOG_PATHWAY	0.20317189987244358			
GO_POSITIVE_REGULATION_OF_HOMOTYPIC_CELL_CELL_ADHESION	0.20317108667640124			
GO_M_BAND	0.20316465003878612			
GO_PEPTIDE_BIOSYNTHETIC_PROCESS	0.20316241597872453			
IPA_TFEB_UP	0.20316110428037387			
MIR3922_3P	0.20315683602136786			
CMYB_01	0.203156600055472			
XU_HGF_TARGETS_INDUCED_BY_AKT1_6HR	0.20315593994557835			
chr8q12	0.20315132435947886			
GO_UNIPLEX_COMPLEX	0.20315014306789791			
GSE360_DC_VS_MAC_T_GONDII_UP	0.20314135707530848			
FUJIWARA_PARK2_HEPATOCYTE_PROLIFERATION_UP	0.2031383257255358			
GO_REGULATION_OF_TRANSLATION_IN_RESPONSE_TO_ENDOPLASMIC_RETICULUM_STRESS	0.2031331543384711			
ABE_VEGFA_TARGETS_2HR	0.20313240392338744			
MIR584_5P	0.20312561223472209			
MIR656_3P	0.2031249257019292			
GSE1460_DP_VS_CD4_THYMOCYTE_UP	0.203115990942152			
GO_GLYCINE_TRANSPORT	0.2031156555624458			
GSE3982_MEMORY_CD4_TCELL_VS_BCELL_UP	0.20311558115731232			
GO_RESPONSE_TO_PLATELET_DERIVED_GROWTH_FACTOR	0.20311135160548804			
GO_RAL_GTPASE_BINDING	0.20310393163727578			
GO_CONDENSIN_COMPLEX	0.20310383815236108			
GO_RIBOSOME_BIOGENESIS	0.2031018976341955			
chr8q21	0.20309989935340111			
MIR4670_3P	0.20309800433038883			
GO_RESPONSE_TO_ETHANOL	0.20309784605737582			
GSE39556_CD8A_DC_VS_NK_CELL_MOUSE_3H_POST_POLYIC_INJ_UP	0.20308542674907532			
GO_POSITIVE_REGULATION_OF_EXTRINSIC_APOPTOTIC_SIGNALING_PATHWAY_VIA_DEATH_DOMAIN_RECEPTORS	0.2030817090301271			
chr2q11	0.20307533849250917			
WONG_ENDMETRIUM_CANCER_DN	0.20307270566933402			
REACTOME_NEF_MEDIATED_CD4_DOWN_REGULATION	0.20307066519411895			
GO_U2_TYPE_SPLICEOSOMAL_COMPLEX	0.20306434043803762			
GO_RNA_3_END_PROCESSING	0.2030593891722872			
GSE37301_COMMON_LYMPHOID_PROGENITOR_VS_PRO_BCELL_UP	0.2030518935902235			
PAX3_01	0.20305122665407616			
MIR548E_3P	0.20304990103934606			
GO_MITOTIC_CHROMOSOME_CONDENSATION	0.20304937987090302			
MIR1245B_3P	0.20304307545840633			
GSE22886_NAIVE_CD4_TCELL_VS_DC_DN	0.20304093320299407			
GO_POSITIVE_REGULATION_OF_GRANULOCYTE_CHEMOTAXIS	0.20303867250262644			
GO_HEMATOPOIETIC_STEM_CELL_HOMEOSTASIS	0.203038658475458			
HOSHIDA_LIVER_CANCER_LATE_RECURRENCE_UP	0.20302847654533956			
KRAS.600.LUNG.BREAST_UP.V1_UP	0.2030174787100448			
GO_BOX_C_D_SNORNP_ASSEMBLY	0.20301568799402733			
GSE42088_UNINF_VS_LEISHMANIA_INF_DC_4H_UP	0.20301313481144784			
GSE24142_EARLY_THYMIC_PROGENITOR_VS_DN2_THYMOCYTE_ADULT_DN	0.20301283212406238			
DCA_UP.V1_DN	0.20300001987958563			
GSE23925_LIGHT_ZONE_VS_NAIVE_BCELL_UP	0.20299866751284681			
GO_POSITIVE_REGULATION_OF_UNSATURATED_FATTY_ACID_BIOSYNTHETIC_PROCESS	0.2029966747956752			
HOFMANN_CELL_LYMPHOMA_DN	0.20299326347965227			
MIR6516_5P	0.20298617461440469			
GO_RNA_POLYMERASE_II_GENERAL_TRANSCRIPTION_INITIATION_FACTOR_BINDING	0.20298317918292103			
GSE10240_IL22_VS_IL17_STIM_PRIMARY_BRONCHIAL_EPITHELIAL_CELLS_DN	0.20298194347289306			
GO_POSITIVE_REGULATION_OF_ENDOPLASMIC_RETICULUM_STRESS_INDUCED_INTRINSIC_APOPTOTIC_SIGNALING_PATHWAY	0.20298163571781772			
GO_METHYLATION_DEPENDENT_CHROMATIN_SILENCING	0.20297735160877267			
GO_INTERFERON_ALPHA_BIOSYNTHETIC_PROCESS	0.20297538665464174			
GO_RNA_SPLICING_VIA_TRANSESTERIFICATION_REACTIONS	0.20295303289036531			
WINTER_HYPOXIA_UP	0.20295268050411325			
GSE14415_INDUCED_TREG_VS_FOXP3_KO_INDUCED_TREG_IL2_CULTURE_DN	0.2029484958654777			
ZWANG_CLASS_3_TRANSIENTLY_INDUCED_BY_EGF	0.20294810314394163			
ZNF791_TARGET_GENES	0.20294529602032957			
GO_PHOSPHATASE_INHIBITOR_ACTIVITY	0.20293474023355015			
GSE23114_WT_VS_SLE2C1_MOUSE_PERITONEAL_CAVITY_B1A_BCELL_DN	0.20292171198487632			
KEGG_STARCH_AND_SUCROSE_METABOLISM	0.2029190587463841			
GO_NUCLEOBASE_CONTAINING_COMPOUND_TRANSPORT	0.20291802209449308			
chr6q21	0.202906783877241			
PID_GLYPICAN_1PATHWAY	0.20290673356998884			
GO_ENDOSOME	0.20290467574095125			
IPA_JUND_DN	0.2029028901377286			
SOUCEK_MYC_TARGETS	0.20290114486195854			
MIR6086	0.20290085785278172			
GSE39916_B_CELL_SPLEEN_VS_PLASMA_CELL_BONE_MARROW_DN	0.2028984705322234			
GSE17721_POLYIC_VS_PAM3CSK4_16H_BMDC_UP	0.2028849322720853			
BIOCARTA_DREAM_PATHWAY	0.20288213250149592			
REACTOME_REGULATION_OF_EXPRESSION_OF_SLITS_AND_ROBOS	0.20287420707028087			
MIR142_5P	0.20287257617612425			
REACTOME_CLASS_C_3_METABOTROPIC_GLUTAMATE_PHEROMONE_RECEPTORS	0.2028705715040487			
CUI_GLUCOSE_DEPRIVATION	0.20286283532219174			
GO_C_X_C_CHEMOKINE_RECEPTOR_ACTIVITY	0.20286236529144608			
GSE17721_0.5H_VS_12H_GARDIQUIMOD_BMDC_UP	0.20286143184660868			
MIR642B_5P	0.20285952596180862			
GO_GLYCEROPHOSPHOLIPID_METABOLIC_PROCESS	0.20285947458492154			
MIR4473	0.2028514184576941			
MIR1286	0.20284449962614662			
GO_MALATE_METABOLIC_PROCESS	0.20284274788176104			
TURJANSKI_MAPK11_TARGETS	0.20284219898324718			
GO_POSITIVE_REGULATION_OF_ISOTYPE_SWITCHING_TO_IGA_ISOTYPES	0.20282895282285773			
MIR6802_5P	0.2028231138305905			
CHNG_MULTIPLE_MYELOMA_HYPERPLOID_DN	0.20281604470680503			
GSE2770_UNTREATED_VS_ACT_CD4_TCELL_6H_DN	0.20281586807914467			
GSE7852_TREG_VS_TCONV_LN_UP	0.2028156697386299			
GSE20198_UNTREATED_VS_IL12_TREATED_ACT_CD4_TCELL_DN	0.2028145622419012			
GSE29618_BCELL_VS_MONOCYTE_DAY7_FLU_VACCINE_UP	0.2028144463313836			
GSE17974_IL4_AND_ANTI_IL12_VS_UNTREATED_0.5H_ACT_CD4_TCELL_UP	0.20280542357727646			
GSE8621_UNSTIM_VS_LPS_PRIMED_UNSTIM_MACROPHAGE_DN	0.20279914812149055			
MIR382_3P	0.20279671787871195			
FIGUEROA_AML_METHYLATION_CLUSTER_6_DN	0.20279597675164487			
REACTOME_ANTIGEN_PROCESSING_UBIQUITINATION_PROTEASOME_DEGRADATION	0.20278862719817975			
MIR4774_5P	0.2027862270419778			
GSE40274_FOXP3_VS_FOXP3_AND_IRF4_TRANSDUCED_ACTIVATED_CD4_TCELL_UP	0.20278238075579436			
REACTOME_RUNX3_REGULATES_IMMUNE_RESPONSE_AND_CELL_MIGRATION	0.20276838086255305			
MIR3973	0.20276492855219516			
GO_REGULATION_OF_BONE_REMODELING	0.20276148548354178			
GO_REGULATION_OF_VERY_LOW_DENSITY_LIPOPROTEIN_PARTICLE_REMODELING	0.20276021412226905			
MIR4509	0.2027565437455954			
GO_POSITIVE_REGULATION_OF_NATURAL_KILLER_CELL_MEDIATED_IMMUNITY	0.2027556243074765			
GO_RESPIRATORY_BURST	0.2027456086082093			
REACTOME_NF_KB_ACTIVATION_THROUGH_FADD_RIP_1_PATHWAY_MEDIATED_BY_CASPASE_8_AND_10	0.20274520879823352			
HEDENFALK_BREAST_CANCER_BRACX_DN	0.2027428554030622			
EHRLICH_ICF_SYNDROM_DN	0.202737263092275			
NAKAMURA_CANCER_MICROENVIRONMENT_UP	0.20272933778648486			
GO_RESPONSE_TO_L_ASCORBIC_ACID	0.20272119688280646			
IPA_FOXN3_DN	0.20270847880842352			
IPA_ZBTB43_DN	0.20270847880842352			
IPA_TRRAP_DN	0.20270847880842352			
IPA_RORA_DN	0.20270847880842352			
LEE_LIVER_CANCER_MYC_TGFA_UP	0.2027074547376398			
GO_ISOPEPTIDASE_ACTIVITY	0.20270088632876682			
GO_POSITIVE_REGULATION_OF_HUMORAL_IMMUNE_RESPONSE	0.2026973643159945			
BIOCARTA_MTA3_PATHWAY	0.2026950242334593			
REACTOME_ASSOCIATION_OF_TRIC_CCT_WITH_TARGET_PROTEINS_DURING_BIOSYNTHESIS	0.20268779116524174			
MIR3609	0.20268730963472195			
GO_ANTIMICROBIAL_HUMORAL_IMMUNE_RESPONSE_MEDIATED_BY_ANTIMICROBIAL_PEPTIDE	0.2026823240649412			
GSE6259_FLT3L_INDUCED_33D1_POS_DC_VS_BCELL_UP	0.20266572441851766			
GO_NEGATIVE_REGULATION_OF_NITRIC_OXIDE_SYNTHASE_BIOSYNTHETIC_PROCESS	0.2026636511239413			
MIR5003_3P	0.2026617471982124			
GO_CHORION_DEVELOPMENT	0.20265338934439384			
MIR5007_3P	0.20264722677961633			
RICKMAN_TUMOR_DIFFERENTIATED_WELL_VS_MODERATELY_DN	0.2026466714800498			
BIOCARTA_IL6_PATHWAY	0.20264016617084685			
GO_NUCLEAR_INNER_MEMBRANE	0.20263137063151312			
GSE2770_TGFB_AND_IL4_VS_IL4_TREATED_ACT_CD4_TCELL_2H_DN	0.20262674503611022			
GSE1791_CTRL_VS_NEUROMEDINU_IN_T_CELL_LINE_12H_UP	0.2026259877024697			
GO_MKS_COMPLEX	0.2026233180978702			
MIR4506	0.20262092523947595			
GO_FOREBRAIN_NEUROBLAST_DIVISION	0.20261731968892135			
KYNG_ENVIRONMENTAL_STRESS_RESPONSE_NOT_BY_GAMMA_IN_WS	0.20261193124839127			
GO_BASEMENT_MEMBRANE_COLLAGEN_TRIMER	0.20261051676613243			
MIR1282	0.202609379031301			
GO_CYTOPLASMIC_MRNA_PROCESSING_BODY_ASSEMBLY	0.20260806124004077			
GO_RNA_PHOSPHODIESTER_BOND_HYDROLYSIS_EXONUCLEOLYTIC	0.20260346814236016			
GSE17721_LPS_VS_GARDIQUIMOD_12H_BMDC_DN	0.20259966226224357			
GSE16266_CTRL_VS_HEATSHOCK_AND_LPS_STIM_MEF_UP	0.20259439500513118			
GO_POSITIVE_REGULATION_OF_BLOOD_CIRCULATION	0.20257671894831286			
REACTOME_HIV_TRANSCRIPTION_INITIATION	0.20257636734786463			
GO_U2_TYPE_CATALYTIC_STEP_2_SPLICEOSOME	0.20256887185881964			
GO_RS_DOMAIN_BINDING	0.20256642473024714			
REACTOME_PTK6_REGULATES_RHO_GTPASES_RAS_GTPASE_AND_MAP_KINASES	0.20256329861375144			
GO_DENSE_BODY	0.20255672403141495			
GO_N_FORMYL_PEPTIDE_RECEPTOR_ACTIVITY	0.20255064678178872			
GERY_CEBP_TARGETS	0.20254419681313052			
GO_POST_ANAL_TAIL_MORPHOGENESIS	0.2025368559393815			
GO_FEMALE_GAMETE_GENERATION	0.20252041242558397			
REACTOME_ACTIVATED_NTRK2_SIGNALS_THROUGH_FRS2_AND_FRS3	0.20251443018429716			
GSE21670_TGFB_VS_TGFB_AND_IL6_TREATED_CD4_TCELL_DN	0.20251274576123596			
GSE27786_LSK_VS_CD4_TCELL_DN	0.20251207950911612			
MIR7108_5P	0.20251102622880338			
GO_NUCLEOTIDE_EXCISION_REPAIR_DNA_INCISION	0.20250942761790158			
KEGG_PRION_DISEASES	0.20250665668432616			
GSE17721_12H_VS_24H_CPG_BMDC_DN	0.20250352256515664			
REACTOME_ELEVATION_OF_CYTOSOLIC_CA2_LEVELS	0.20250237602367635			
GSE25088_WT_VS_STAT6_KO_MACROPHAGE_DN	0.20249885323067193			
GSE37533_PPARG1_FOXP3_VS_FOXP3_TRANSDUCED_CD4_TCELL_PIOGLITAZONE_TREATED_DN	0.2024976921888386			
STAT1_02	0.20249668738624618			
GO_RIBOSE_PHOSPHATE_METABOLIC_PROCESS	0.2024899051120513			
GO_NEGATIVE_REGULATION_OF_VITAMIN_D_BIOSYNTHETIC_PROCESS	0.2024784402432626			
GO_ANTIFUNGAL_INNATE_IMMUNE_RESPONSE	0.2024737909613938			
GSE41176_WT_VS_TAK1_KO_ANTI_IGM_STIM_BCELL_3H_DN	0.20246590181455293			
GO_OXIDOREDUCTASE_ACTIVITY_ACTING_ON_NAD_P_H_OXYGEN_AS_ACCEPTOR	0.20246295365844943			
ESC_J1_UP_LATE.V1_DN	0.20245961273916824			
GO_POSITIVE_REGULATION_OF_CELL_DIVISION	0.20245329776745655			
IPA_MYCN_DN	0.20244887925559163			
IPA_CEBPA_DN	0.20244721643359076			
GSE17301_IFNA2_VS_IFNA5_STIM_ACD3_ACD28_ACT_CD8_TCELL_UP	0.20244398263075486			
XU_HGF_TARGETS_REPRESSED_BY_AKT1_UP	0.20244258013203095			
GO_INTERFERON_BETA_BIOSYNTHETIC_PROCESS	0.20243310290640526			
GO_REGULATION_OF_GLIAL_CELL_PROLIFERATION	0.20241890484688357			
MIR188_3P	0.2024163977802694			
GO_MATURATION_OF_5_8S_RRNA	0.20241425704171903			
WHITFIELD_CELL_CYCLE_S	0.2024132075028943			
GO_POSITIVE_REGULATION_OF_STRESS_ACTIVATED_PROTEIN_KINASE_SIGNALING_CASCADE	0.202410221646512			
GUENTHER_GROWTH_SPHERICAL_VS_ADHERENT_DN	0.20240626331802047			
REACTOME_PLATELET_AGGREGATION_PLUG_FORMATION	0.20240434746469543			
GSE40666_WT_VS_STAT1_KO_CD8_TCELL_WITH_IFNA_STIM_90MIN_UP	0.20239876935410966			
BASSO_HAIRY_CELL_LEUKEMIA_UP	0.2023939529511275			
IPA_MLXIP_DN	0.2023929513623916			
GO_NEGATIVE_REGULATION_OF_ANION_TRANSMEMBRANE_TRANSPORT	0.20239197274748877			
NKX6_1_TARGET_GENES	0.2023916981563255			
KLEIN_TARGETS_OF_BCR_ABL1_FUSION	0.20238483421128414			
FEVR_CTNNB1_TARGETS_DN	0.2023835192866746			
FORTSCHEGGER_PHF8_TARGETS_DN	0.20237834481902425			
GO_NEGATIVE_REGULATION_OF_CELL_GROWTH_INVOLVED_IN_CARDIAC_MUSCLE_CELL_DEVELOPMENT	0.20237585513847503			
MARIADASON_RESPONSE_TO_CURCUMIN_SULINDAC_7	0.20237394992670704			
GO_RNA_POLYMERASE_II_TRANSCRIPTION_REPRESSOR_COMPLEX	0.20236602380445232			
WANG_TNF_TARGETS	0.2023529290449104			
GSE3982_DC_VS_NEUTROPHIL_DN	0.20235266526074522			
REACTOME_METABOLIC_DISORDERS_OF_BIOLOGICAL_OXIDATION_ENZYMES	0.20235171940413313			
GO_NEGATIVE_REGULATION_OF_EPITHELIAL_CELL_PROLIFERATION_INVOLVED_IN_PROSTATE_GLAND_DEVELOPMENT	0.2023508463947051			
MIR4512	0.20234600344420864			
GSE22886_NAIVE_BCELL_VS_NEUTROPHIL_UP	0.20234594196121397			
GO_CARDIOLIPIN_METABOLIC_PROCESS	0.20234454584139203			
MIR3680_3P	0.20232438254317742			
GO_NEGATIVE_REGULATION_OF_BIOMINERALIZATION	0.20232277697622517			
GO_SYNAPSIS	0.2023163134590846			
GO_POSITIVE_REGULATION_OF_GLIAL_CELL_MIGRATION	0.20231059300195672			
MIR6839_3P	0.20229939328636873			
GO_SIGNAL_PEPTIDASE_COMPLEX	0.20228845538729578			
GO_PYRIMIDINE_DIMER_REPAIR	0.20227368081072558			
GO_NEGATIVE_REGULATION_OF_CELL_AGING	0.2022659323104722			
MIR6125	0.20226418832736737			
GO_NEGATIVE_REGULATION_OF_TORC1_SIGNALING	0.20225273613977493			
MIR10527_5P	0.20225148759841743			
BIOCARTA_PLK3_PATHWAY	0.20225047514896338			
VANTVEER_BREAST_CANCER_METASTASIS_DN	0.2022495122183844			
GO_SWR1_COMPLEX	0.20224369082615234			
REACTOME_APOPTOTIC_FACTOR_MEDIATED_RESPONSE	0.20223484777821507			
GSE25123_ROSIGLITAZONE_VS_IL4_AND_ROSIGLITAZONE_STIM_PPARG_KO_MACROPHAGE_DAY10_UP	0.20223273701731642			
GO_NOTOCHORD_MORPHOGENESIS	0.2022321503718771			
MIR4325	0.20223200252072854			
MIR6741_3P	0.2022213053887586			
GO_SPERM_MOTILITY	0.2022119445252826			
GSE37416_0H_VS_24H_F_TULARENSIS_LVS_NEUTROPHIL_DN	0.20220749080466355			
GSE22601_DOUBLE_NEGATIVE_VS_CD8_SINGLE_POSITIVE_THYMOCYTE_UP	0.20220591358368015			
GSE11057_PBMC_VS_MEM_CD4_TCELL_DN	0.20219745739825276			
GSE22886_NAIVE_CD4_TCELL_VS_12H_ACT_TH1_DN	0.20219466181800785			
ONGUSAHA_BRCA1_TARGETS_UP	0.20219202949454787			
GSE46242_CTRL_VS_EGR2_DELETED_ANERGIC_TH1_CD4_TCELL_UP	0.20218955309990072			
REN_BOUND_BY_E2F	0.2021843905289403			
GO_NUCLEAR_TRANSPORT	0.2021841822689434			
VANDESLUIS_COMMD1_TARGETS_GROUP_2_UP	0.20218403131506518			
MIR1299	0.2021809927427122			
GO_CHYLOMICRON_REMODELING	0.2021806987232106			
MIR1185_5P	0.20217699609785136			
GO_SINGLE_STRANDED_DNA_BINDING	0.20217230028399852			
MIR10399_3P	0.20215860707421354			
SU_TESTIS	0.20215623563578428			
REACTOME_P75NTR_SIGNALS_VIA_NF_KB	0.202154442994418			
GSE28237_FOLLICULAR_VS_LATE_GC_BCELL_UP	0.20215310877583			
GO_U3_SNORNA_BINDING	0.20214634633580483			
RPA2_TARGET_GENES	0.2021462624112816			
GSE360_L_DONOVANI_VS_T_GONDII_DC_UP	0.20213525213538816			
ATF2_S_UP.V1_DN	0.2021340529595941			
BIDUS_METASTASIS_UP	0.20213068756791133			
GO_LIGASE_ACTIVITY	0.20212533119372036			
NAKAMURA_ADIPOGENESIS_EARLY_UP	0.20212334918429636			
IPA_PAX8_UP	0.2021219722276238			
GO_JUN_KINASE_BINDING	0.2021102058453648			
MIR3975	0.2021074237070147			
RGAANNTTC_HSF1_01	0.20210515467099854			
ZHAN_VARIABLE_EARLY_DIFFERENTIATION_GENES_DN	0.20210270182060913			
GO_TFIID_CLASS_TRANSCRIPTION_FACTOR_COMPLEX_BINDING	0.20209877701609152			
IPA_PML_DN	0.20209414262447933			
NKX2_2_TARGET_GENES	0.20209132786100736			
GSE13485_CTRL_VS_DAY7_YF17D_VACCINE_PBMC_UP	0.20208847981608336			
E2F_Q4_01	0.20208405118280465			
GO_INNATE_IMMUNE_RESPONSE_ACTIVATING_CELL_SURFACE_RECEPTOR_SIGNALING_PATHWAY	0.20208175501445716			
GSE3982_EOSINOPHIL_VS_BASOPHIL_UP	0.2020810148156467			
IPA_STAT4_UP	0.20207788784168706			
REACTOME_VITAMIN_D_CALCIFEROL_METABOLISM	0.2020758467562099			
GO_ATP_METABOLIC_PROCESS	0.2020708014655051			
MIR4748	0.20205550986023807			
PID_BARD1_PATHWAY	0.2020510283998299			
GO_NEGATIVE_REGULATION_OF_SINGLE_STRANDED_VIRAL_RNA_REPLICATION_VIA_DOUBLE_STRANDED_DNA_INTERMEDIATE	0.20205065537926892			
MIR5586_3P	0.20204955041200964			
ZNF490_TARGET_GENES	0.2020448834334674			
GO_ENDOTHELIAL_CELL_DEVELOPMENT	0.20202696950963603			
BIOCARTA_STAT3_PATHWAY	0.2020230157559226			
GO_CEREBRAL_CORTEX_REGIONALIZATION	0.20202202256147825			
GO_METANEPHRIC_MESENCHYMAL_CELL_DIFFERENTIATION	0.2020189876312582			
GSE40274_HELIOS_VS_FOXP3_AND_HELIOS_TRANSDUCED_ACTIVATED_CD4_TCELL_DN	0.2020048346298921			
GO_PRESPLICEOSOME	0.20200293022591442			
GO_REGULATION_OF_SIGNAL_TRANSDUCTION_BY_P53_CLASS_MEDIATOR	0.2020021938969157			
TEAD2_TARGET_GENES	0.20199623614656678			
GO_POSITIVE_REGULATION_OF_PHAGOCYTOSIS_ENGULFMENT	0.20199463168927123			
CLIMENT_BREAST_CANCER_COPY_NUMBER_DN	0.20199306620175636			
GO_POSITIVE_REGULATION_OF_GLUTAMATE_RECEPTOR_SIGNALING_PATHWAY	0.20198767183757896			
REACTOME_NEF_MEDIATED_CD8_DOWN_REGULATION	0.20198697306830005			
YBX1_TARGET_GENES	0.20198681645386385			
ZNF549_TARGET_GENES	0.20198338900754265			
GO_FOLIC_ACID_CONTAINING_COMPOUND_BIOSYNTHETIC_PROCESS	0.20198148229426352			
GO_RESPONSE_TO_MUSCLE_STRETCH	0.2019710550867109			
GARGALOVIC_RESPONSE_TO_OXIDIZED_PHOSPHOLIPIDS_RED_DN	0.20197026623251232			
GO_INTERFERON_GAMMA_BIOSYNTHETIC_PROCESS	0.20197009803214533			
STK33_UP	0.201962267916404			
GSE6875_TCONV_VS_TREG_DN	0.20196109874780882			
GO_PEPTIDE_N_ACETYLTRANSFERASE_ACTIVITY	0.20195360409519406			
GSE3982_NEUTROPHIL_VS_TH1_DN	0.20194859625979117			
MIR3679_5P	0.20194448605885468			
GO_MRNA_PROCESSING	0.20193769001302433			
DELACROIX_RAR_TARGETS_UP	0.20193630415573674			
IPA_NEUROG2_DN	0.20193266435719978			
GO_MEMBRANE_REGION	0.20192826055754082			
KIM_GERMINAL_CENTER_T_HELPER_UP	0.2019198716469358			
MIR340_3P	0.20191741652252457			
GO_REGULATION_OF_T_HELPER_2_CELL_DIFFERENTIATION	0.20191486717374865			
MIR491_3P	0.20191345839720842			
GSE5542_IFNG_VS_IFNA_AND_IFNG_TREATED_EPITHELIAL_CELLS_24H_DN	0.20190911553633695			
GSE20715_0H_VS_48H_OZONE_TLR4_KO_LUNG_UP	0.201908166509505			
GSE20152_SPHK1_KO_VS_HTNFA_OVEREXPRESS_ANKLE_UP	0.20190597174403324			
GSE12507_PDC_CELL_LINE_VS_IMMATUE_T_CELL_LINE_DN	0.20190571005289182			
GO_ORGANIC_ACID_TRANSMEMBRANE_TRANSPORTER_ACTIVITY	0.20190097288656994			
GSE29618_MONOCYTE_VS_PDC_DN	0.20189808348149227			
HASINA_NOL7_TARGETS_DN	0.20189572807686426			
GSE24210_CTRL_VS_IL35_TREATED_TCONV_CD4_TCELL_DN	0.20188836624018267			
IPA_SIM2_DN	0.20188692459984384			
GO_METHYLTRANSFERASE_COMPLEX	0.20188238226445857			
GO_POSITIVE_REGULATION_OF_NEUROBLAST_PROLIFERATION	0.2018820163943158			
REACTOME_FCERI_MEDIATED_MAPK_ACTIVATION	0.20187740757127678			
GUTIERREZ_WALDENSTROEMS_MACROGLOBULINEMIA_1_UP	0.2018726211196369			
GO_RNA_PHOSPHODIESTER_BOND_HYDROLYSIS_ENDONUCLEOLYTIC	0.20186897489770622			
GO_REGULATION_OF_ODONTOGENESIS_OF_DENTIN_CONTAINING_TOOTH	0.20185975138374632			
IPA_TFAP2C_DN	0.2018584219151412			
GSE3982_DC_VS_BASOPHIL_UP	0.20185217247443685			
MIR6730_3P	0.20185000385015872			
GO_POLYSACCHARIDE_DIGESTION	0.20184281312609537			
GSE11961_PLASMA_CELL_DAY7_VS_MEMORY_BCELL_DAY40_UP	0.20184011812354707			
GO_RNA_EXPORT_FROM_NUCLEUS	0.20182921056909886			
GSE13485_PRE_VS_POST_YF17D_VACCINATION_PBMC_UP	0.2018257518735403			
KEGG_RENAL_CELL_CARCINOMA	0.20181583818895862			
GO_NATURAL_KILLER_CELL_DIFFERENTIATION	0.20181155069525927			
GSE14699_NAIVE_VS_DELETIONAL_TOLERANCE_CD8_TCELL_UP	0.20180844228593448			
GSE22033_UNTREATED_VS_MRL24_TREATED_MEF_DN	0.2018083405370606			
GO_OUTWARD_RECTIFIER_POTASSIUM_CHANNEL_ACTIVITY	0.20180619086695878			
GO_HOST_CELL_NUCLEUS	0.2017979438966607			
GO_PRI_MIRNA_TRANSCRIPTION_BY_RNA_POLYMERASE_II	0.20179488435727166			
GO_PROLINE_TRANSMEMBRANE_TRANSPORT	0.20179233573607908			
GO_L_PROLINE_TRANSMEMBRANE_TRANSPORTER_ACTIVITY	0.20179233573607908			
MIR7159_5P	0.2017901955029688			
KEGG_PURINE_METABOLISM	0.2017844288171722			
IPA_RXRA_DN	0.20178337370512803			
IRX3_TARGET_GENES	0.20178289668785138			
PRC1_BMI_UP.V1_UP	0.2017776467372662			
GO_CENTROSOME	0.20177041873807874			
REACTOME_CYCLIN_A_CDK2_ASSOCIATED_EVENTS_AT_S_PHASE_ENTRY	0.20176614377911245			
GSE46025_WT_VS_FOXO1_KO_KLRG1_LOW_CD8_EFFECTOR_TCELL_UP	0.2017567838766896			
GSE7596_AKT_TRANSD_VS_CTRL_CD4_TCONV_WITH_TGFB_DN	0.20175271209774526			
GSE25846_IL10_POS_VS_NEG_CD8_TCELL_DAY7_POST_CORONAVIRUS_BRAIN_DN	0.20174356851756636			
MIR3133	0.20174160251422796			
LIAN_LIPA_TARGETS_3M	0.20174151715024605			
MIR6770_3P	0.20174081753671164			
KEGG_PANCREATIC_CANCER	0.20172854908921647			
MIR4676_5P	0.2017222912972085			
MIR4697_3P	0.20171665985133858			
GO_KINASE_INHIBITOR_ACTIVITY	0.20171595351689448			
GO_POSITIVE_REGULATION_OF_TOLL_LIKE_RECEPTOR_4_SIGNALING_PATHWAY	0.2017126061662561			
REACTOME_PROLONGED_ERK_ACTIVATION_EVENTS	0.20170172398308206			
GO_CELLULAR_RESPONSE_TO_INCREASED_OXYGEN_LEVELS	0.2017011439612126			
ACTACCT_MIR196A_MIR196B	0.2016978545905481			
GSE21033_CTRL_VS_POLYIC_STIM_DC_1H_DN	0.20169635843229175			
GO_POSITIVE_REGULATION_OF_NUCLEOTIDE_BIOSYNTHETIC_PROCESS	0.201691244567086			
GSE36888_UNTREATED_VS_IL2_TREATED_TCELL_6H_UP	0.20168774062120334			
SU_THYMUS	0.20168759929816335			
GO_DNA_N_GLYCOSYLASE_ACTIVITY	0.20167663001967445			
MIR605_5P	0.2016715016445438			
GO_MHC_CLASS_I_RECEPTOR_ACTIVITY	0.20166952302158792			
PID_AVB3_OPN_PATHWAY	0.2016563385200784			
GOLUB_ALL_VS_AML_UP	0.20165490650578566			
GO_ADENOSINE_METABOLIC_PROCESS	0.20165417422892354			
MIR561_3P	0.20163139106507888			
MIR4678	0.20162112022898418			
GO_SEX_DETERMINATION	0.20161907674171473			
ZHAN_MULTIPLE_MYELOMA_HP_UP	0.20161822283216072			
TGACAGNY_MEIS1_01	0.20161755400872047			
E2F1_Q3	0.20160727315885085			
GO_CERAMIDE_1_PHOSPHATE_TRANSPORT	0.20160541511054308			
GO_NEGATIVE_REGULATION_OF_CELL_MOTILITY	0.20160234323301718			
GO_INTERLEUKIN_1_ALPHA_SECRETION	0.20160187391330317			
GO_REGULATION_OF_BODY_FLUID_LEVELS	0.20159572807134626			
GSE17974_0H_VS_2H_IN_VITRO_ACT_CD4_TCELL_DN	0.2015951634119245			
FIGUEROA_AML_METHYLATION_CLUSTER_1_DN	0.20158882413207257			
KEGG_DNA_REPLICATION	0.2015829986753749			
GO_PROTEIN_MODIFICATION_BY_SMALL_PROTEIN_CONJUGATION	0.20157625714367827			
GSE40274_CTRL_VS_FOXP3_AND_GATA1_TRANSDUCED_ACTIVATED_CD4_TCELL_UP	0.20157562761607595			
FIGUEROA_AML_METHYLATION_CLUSTER_4_UP	0.20157450842239513			
MIR574_5P	0.20156957090020453			
TSUDA_ALVEOLAR_SOFT_PART_SARCOMA	0.20156627337762587			
GO_SNRNA_BINDING	0.20156418969083276			
GSE36888_STAT5_AB_KNOCKIN_VS_WT_TCELL_IL2_TREATED_17H_DN	0.20155833374633406			
IPA_MYOG_UP	0.2015531947195758			
GO_ORGANIC_ANION_TRANSMEMBRANE_TRANSPORTER_ACTIVITY	0.2015437058591178			
GO_HEPARIN_BINDING	0.20154165655515807			
GSE7460_CTRL_VS_TGFB_TREATED_ACT_FOXP3_HET_TCONV_UP	0.20153936569920816			
GSE21927_SPLENIC_VS_TUMOR_MONOCYTES_FROM_C26GM_TUMOROUS_MICE_BALBC_UP	0.201539343122476			
TASOR_TARGET_GENES	0.20153116414117786			
LIU_SMARCA4_TARGETS	0.20152882224196236			
GO_ERYTHROCYTE_DEVELOPMENT	0.20152759852473406			
MIR675_3P	0.2015203361315568			
MIR1281	0.2015158172252285			
REN_ALVEOLAR_RHABDOMYOSARCOMA_DN	0.20148764740032832			
GSE41176_UNSTIM_VS_ANTI_IGM_STIM_TAK1_KO_BCELL_24H_UP	0.2014833606565768			
REACTOME_METABOLISM_OF_RNA	0.2014801219760313			
chrXq24	0.2014764220955785			
MIR19A_5P	0.20147494638589208			
CAMP_UP.V1_DN	0.20146550474060382			
VALK_AML_WITH_11Q23_REARRANGED	0.20146257693410607			
MIR4433A_5P	0.2014605558002677			
IPA_SMAD5_DN	0.20145167397867153			
GO_DEOXYRIBONUCLEASE_I_ACTIVITY	0.2014477062340722			
GO_MOLECULAR_CARRIER_ACTIVITY	0.20144073414102942			
DORSAM_HOXA9_TARGETS_DN	0.2014313596127231			
GSE42021_TREG_PLN_VS_CD24LO_TREG_THYMUS_UP	0.20142790861218363			
ALKBH3_TARGET_GENES	0.20142381692485323			
ELLWOOD_MYC_TARGETS_UP	0.20142198208588383			
MIR597_5P	0.20141726266450719			
GO_REGULATION_OF_VASCULAR_PERMEABILITY	0.20141629790256496			
MIR7151_3P	0.20141408466548558			
GSE9509_LPS_VS_LPS_AND_IL10_STIM_IL10_KO_MACROPHAGE_10MIN_UP	0.20141283224917725			
MIR524_5P	0.20140982162241838			
GSE37532_VISCERAL_ADIPOSE_TISSUE_VS_LN_DERIVED_TREG_CD4_TCELL_UP	0.2014049541812835			
GO_NEGATIVE_REGULATION_OF_LEUKOCYTE_DIFFERENTIATION	0.20139284764995152			
GSE13411_SWITCHED_MEMORY_BCELL_VS_PLASMA_CELL_UP	0.20139186857351568			
GSE21670_IL6_VS_TGFB_AND_IL6_TREATED_STAT3_KO_CD4_TCELL_UP	0.2013865122531018			
GSE17721_LPS_VS_PAM3CSK4_12H_BMDC_DN	0.20138294943592325			
GO_PHOSPHOLIPID_CATABOLIC_PROCESS	0.20138285896082517			
GO_P_P_BOND_HYDROLYSIS_DRIVEN_PROTEIN_TRANSMEMBRANE_TRANSPORTER_ACTIVITY	0.2013804546105602			
MIR584_3P	0.2013500228436911			
GO_POSITIVE_REGULATION_OF_ORGAN_GROWTH	0.2013411555023662			
GO_SODIUM_ION_BINDING	0.20133288206204544			
GO_BLOOD_VESSEL_REMODELING	0.20132887706146624			
MIR548AZ_3P	0.20132569911269776			
KEGG_GLYOXYLATE_AND_DICARBOXYLATE_METABOLISM	0.2013220312242114			
YAO_TEMPORAL_RESPONSE_TO_PROGESTERONE_CLUSTER_12	0.20132025425668987			
REACTOME_TRANSCRIPTION_COUPLED_NUCLEOTIDE_EXCISION_REPAIR_TC_NER	0.20131631839306444			
MIR643	0.20131430419979138			
GO_POLE_PLASM	0.20130930738489566			
KUUSELO_PANCREATIC_CANCER_19Q13_AMPLIFICATION	0.20130398091341956			
GO_G2_DNA_DAMAGE_CHECKPOINT	0.2012968103453375			
AP1_Q4	0.20129145334921777			
GSE24726_WT_VS_E2_2_KO_PDC_DAY6_POST_DELETION_DN	0.2012899171405145			
GO_NEGATIVE_REGULATION_OF_SMALL_MOLECULE_METABOLIC_PROCESS	0.20128960845191504			
GO_SMOOTH_MUSCLE_CELL_CHEMOTAXIS	0.20128921289634014			
KARLSSON_TGFB1_TARGETS_UP	0.2012879501817202			
chr11q23	0.20128547039293163			
MIR4772_3P	0.2012799164289031			
GO_POSITIVE_REGULATION_OF_GTPASE_ACTIVITY	0.20127560052659063			
chr10q23	0.20126369022682553			
GO_L_SERINE_CATABOLIC_PROCESS	0.20126296267018423			
GO_NEGATIVE_REGULATION_OF_METANEPHROS_DEVELOPMENT	0.20126083954502602			
GSE26023_PHD3_KO_VS_WT_NEUTROPHIL_HYPOXIA_DN	0.20125858491136106			
GO_REGULATION_OF_SKELETAL_MUSCLE_FIBER_DEVELOPMENT	0.20125313384426477			
GO_RESPONSE_TO_DIACYL_BACTERIAL_LIPOPEPTIDE	0.20125086146427518			
GSE3982_CTRL_VS_IGE_STIM_MAST_CELL_DN	0.201248468493971			
GSE13229_MATURE_VS_INTMATURE_NKCELL_UP	0.20123374844392733			
GO_RNA_SPLICING	0.20123067761780866			
GO_CIS_GOLGI_NETWORK_MEMBRANE	0.20122808512039325			
NCOA2_TARGET_GENES	0.20122699890428067			
GO_POSITIVE_REGULATION_OF_GROWTH	0.20122503414925666			
GO_TRANSLATION_ACTIVATOR_ACTIVITY	0.20122189484449518			
GO_INTRACELLULAR_MRNA_LOCALIZATION	0.2012200700582936			
GSE39820_IL1B_IL6_VS_IL1B_IL6_IL23A_TREATED_CD4_TCELL_UP	0.20121765698489377			
MIR10393_3P	0.20120636575383435			
GO_OSTEOCLAST_DEVELOPMENT	0.20120533138292113			
GSE41867_NAIVE_VS_DAY6_LCMV_EFFECTOR_CD8_TCELL_DN	0.20120206800104554			
GSE12392_IFNAR_KO_VS_IFNB_KO_CD8_NEG_SPLEEN_DC_UP	0.20119769850129987			
REACTOME_WNT5A_DEPENDENT_INTERNALIZATION_OF_FZD4	0.20119214937678231			
REACTOME_CONJUGATION_OF_BENZOATE_WITH_GLYCINE	0.2011890893169642			
GO_NON_MEMBRANE_SPANNING_PROTEIN_TYROSINE_KINASE_ACTIVITY	0.201181543276303			
GSE27786_BCELL_VS_CD4_TCELL_DN	0.20117206659332865			
GO_REGULATION_OF_TRANSCRIPTION_INITIATION_FROM_RNA_POLYMERASE_II_PROMOTER	0.2011694276652327			
GSE40277_EOS_AND_LEF1_TRANSDUCED_VS_CTRL_CD4_TCELL_UP	0.2011685667026287			
GO_RNA_DNA_HYBRID_RIBONUCLEASE_ACTIVITY	0.20116347117083463			
GO_TOXIN_TRANSMEMBRANE_TRANSPORTER_ACTIVITY	0.20115682616191435			
GSE29618_BCELL_VS_MDC_DAY7_FLU_VACCINE_UP	0.20114874365386426			
GO_MESENCHYMAL_STEM_CELL_MAINTENANCE_INVOLVED_IN_NEPHRON_MORPHOGENESIS	0.2011427853635145			
GO_MEMBRANE_HYPERPOLARIZATION	0.20114183766993876			
GO_CELL_MATRIX_ADHESION	0.201140352331172			
ZHAN_MULTIPLE_MYELOMA_MF_UP	0.2011378865769071			
GO_CIA_COMPLEX	0.2011286382404749			
GO_REGULATION_OF_DNA_TEMPLATED_TRANSCRIPTION_IN_RESPONSE_TO_STRESS	0.20112780569876756			
GO_NEGATIVE_REGULATION_OF_DNA_TEMPLATED_TRANSCRIPTION_INITIATION	0.20112691782009798			
GO_PROTEIN_TETRAMERIZATION	0.20111911194919213			
GSE24210_IL35_TREATED_VS_UNTREATED_TCONV_CD4_TCELL_DN	0.20111662850986095			
GO_CYSTEINE_METABOLIC_PROCESS	0.2011102642418206			
IPA_SIN3A_DN	0.20110948926295757			
MIR29A_5P	0.2011094130398573			
GO_OXIDOREDUCTASE_ACTIVITY_ACTING_ON_THE_ALDEHYDE_OR_OXO_GROUP_OF_DONORS_NAD_OR_NADP_AS_ACCEPTOR	0.20110279554813326			
IPA_FOXP3_UP	0.201093197128711			
GO_REGULATION_OF_MUSCLE_CONTRACTION	0.20108402456059993			
GSE38696_LIGHT_ZONE_VS_DARK_ZONE_BCELL_DN	0.20108239168618375			
GO_PROTEIN_K6_LINKED_UBIQUITINATION	0.20108187438439085			
GSE17186_BLOOD_VS_CORD_BLOOD_NAIVE_BCELL_UP	0.20107113959914566			
GO_REGULATION_OF_CELL_ADHESION_MEDIATED_BY_INTEGRIN	0.20106974221111046			
GUTIERREZ_CHRONIC_LYMPHOCYTIC_LEUKEMIA_UP	0.20106586907989843			
GO_NEUROPEPTIDE_HORMONE_ACTIVITY	0.2010411788772484			
GSE21546_UNSTIM_VS_ANTI_CD3_STIM_SAP1A_KO_DP_THYMOCYTES_DN	0.2010368161719448			
MIR5585_5P	0.2010281113668359			
GO_NUCLEOLAR_RIBONUCLEASE_P_COMPLEX	0.20101872290135622			
GSE17721_CTRL_VS_LPS_0.5H_BMDC_UP	0.2010177286029539			
GO_GLUCOCORTICOID_BIOSYNTHETIC_PROCESS	0.20101160046051153			
GSE14308_TH2_VS_INDUCED_TREG_DN	0.20101065777593563			
GSE34156_UNTREATED_VS_24H_NOD2_AND_TLR1_TLR2_LIGAND_TREATED_MONOCYTE_UP	0.2010099848428557			
RYAAAKNNNNNNTTGW_UNKNOWN	0.20100939135671192			
IRF7_01	0.20100892847848603			
GO_PHOSPHATIDYLINOSITOL_3_5_BISPHOSPHATE_PHOSPHATASE_ACTIVITY	0.20100347004001953			
GO_NUCLEAR_TRANSCRIBED_MRNA_CATABOLIC_PROCESS_EXONUCLEOLYTIC_3_5	0.200999955314343			
KEGG_INSULIN_SIGNALING_PATHWAY	0.2009991372370172			
GSE9988_LPS_VS_LOW_LPS_MONOCYTE_UP	0.20099449883980994			
GO_FAT_SOLUBLE_VITAMIN_BIOSYNTHETIC_PROCESS	0.20099317519253537			
MIR645	0.2009890113544769			
MIR545_3P	0.20097416363646037			
RUTELLA_RESPONSE_TO_HGF_UP	0.20096921327637748			
IPA_HOXB1_DN	0.2009640447516382			
ZHAN_EARLY_DIFFERENTIATION_GENES_UP	0.20095943481871223			
GO_ORGANONITROGEN_COMPOUND_BIOSYNTHETIC_PROCESS	0.20095342828269178			
GSE10240_IL22_VS_IL22_AND_IL17_STIM_PRIMARY_BRONCHIAL_EPITHELIAL_CELLS_DN	0.2009530113490759			
GO_U1_SNRNP_BINDING	0.20095135995083813			
GSE23505_IL6_IL1_IL23_VS_IL6_IL1_TGFB_TREATED_CD4_TCELL_DN	0.20095135321871546			
IPA_KLF15_UP	0.2009414127556851			
SCHLESINGER_H3K27ME3_IN_NORMAL_AND_METHYLATED_IN_CANCER	0.2009396853625107			
GO_NUCLEOBASE_CONTAINING_SMALL_MOLECULE_CATABOLIC_PROCESS	0.20093945917231487			
GSE22601_DOUBLE_NEGATIVE_VS_IMMATURE_CD4_SP_THYMOCYTE_UP	0.20093874599277328			
MIR3622A_5P	0.20093267482816765			
GO_REGULATION_OF_ADENYLATE_CYCLASE_ACTIVATING_G_PROTEIN_COUPLED_RECEPTOR_SIGNALING_PATHWAY	0.2009320421131911			
WUNDER_INFLAMMATORY_RESPONSE_AND_CHOLESTEROL_DN	0.2009210432398139			
GSE17721_PAM3CSK4_VS_CPG_0.5H_BMDC_DN	0.20092021712213667			
GSE2770_UNTREATED_VS_TGFB_AND_IL4_TREATED_ACT_CD4_TCELL_4H_UP	0.20092016975966992			
GO_ESTABLISHMENT_OF_SPINDLE_ORIENTATION	0.20091512887806068			
chr3q24	0.20091144601615427			
GO_RESPONSE_TO_STAUROSPORINE	0.20090884169564957			
GO_INTRINSIC_APOPTOTIC_SIGNALING_PATHWAY_BY_P53_CLASS_MEDIATOR	0.20090705659188413			
GO_HYALURONONGLUCOSAMINIDASE_ACTIVITY	0.2008827287287632			
REACTOME_MITOCHONDRIAL_FATTY_ACID_BETA_OXIDATION_OF_UNSATURATED_FATTY_ACIDS	0.20088205281743354			
GSE6259_BCELL_VS_CD4_TCELL_UP	0.2008710693083369			
RASHI_RESPONSE_TO_IONIZING_RADIATION_1	0.20086572495693314			
MIR3670	0.2008644078459796			
MIR95_5P	0.20086354124730066			
GSE360_T_GONDII_VS_B_MALAYI_LOW_DOSE_MAC_UP	0.20086134092183378			
REACTOME_PROSTACYCLIN_SIGNALLING_THROUGH_PROSTACYCLIN_RECEPTOR	0.2008529257989546			
MIR6737_5P	0.20084635764435865			
GO_AUTOPHAGIC_CELL_DEATH	0.20084376886490324			
GO_RESPONSE_TO_AMINO_ACID	0.2008333892340692			
AGUIRRE_PANCREATIC_CANCER_COPY_NUMBER_DN	0.2008308055965302			
MOLENAAR_TARGETS_OF_CCND1_AND_CDK4_DN	0.20083054749995494			
GO_ADRENERGIC_RECEPTOR_SIGNALING_PATHWAY	0.20082788037034077			
GO_CELL_AGING	0.20082711343685802			
GSE17721_CPG_VS_GARDIQUIMOD_24H_BMDC_DN	0.20082703484180112			
GO_REGULATION_OF_CELL_GROWTH_INVOLVED_IN_CARDIAC_MUSCLE_CELL_DEVELOPMENT	0.2008257131391427			
REACTOME_JNK_C_JUN_KINASES_PHOSPHORYLATION_AND_ACTIVATION_MEDIATED_BY_ACTIVATED_HUMAN_TAK1	0.20082501195780897			
BIOCARTA_MHC_PATHWAY	0.20082330684439423			
GO_POSITIVE_REGULATION_OF_NATURAL_KILLER_CELL_MEDIATED_CYTOTOXICITY	0.20080975157891023			
GO_TRNA_SPLICING_LIGASE_COMPLEX	0.20080948624516026			
GSE13485_DAY7_VS_DAY21_YF17D_VACCINE_PBMC_UP	0.2008042312029214			
IPA_PPARGC1A_DN	0.20080151695215714			
BRUNO_HEMATOPOIESIS	0.2008013842359583			
GSE3982_EFF_MEMORY_CD4_TCELL_VS_NKCELL_DN	0.20079648808352035			
MIR4539	0.20079612306170053			
IPA_NCOR2_UP	0.20078896072844724			
GO_MISMATCH_REPAIR_COMPLEX	0.2007843900573911			
GO_TRANSCRIPTION_COFACTOR_BINDING	0.2007759375471818			
GO_CHEMOKINE_RECEPTOR_BINDING	0.20077542570936355			
WACKER_HYPOXIA_TARGETS_OF_VHL	0.20076343374315675			
CSR_LATE_UP.V1_DN	0.20075734828673533			
GO_REGULATION_OF_NEUROINFLAMMATORY_RESPONSE	0.20075385045094044			
GSE11057_EFF_MEM_VS_CENT_MEM_CD4_TCELL_UP	0.2007488771164456			
MIR6871_3P	0.20074835504332625			
GO_REGULATION_OF_THE_FORCE_OF_HEART_CONTRACTION	0.20074699137534538			
GO_POSITIVE_REGULATION_OF_MYELOID_CELL_APOPTOTIC_PROCESS	0.2007358840738223			
GSE27859_DC_VS_CD11C_INT_F480_HI_MACROPHAGE_DN	0.20073500907758254			
LEE_NAIVE_T_LYMPHOCYTE	0.20073371710261334			
chr16q22	0.20073014225834562			
GO_RETROGRADE_AXONAL_TRANSPORT	0.2007240702935999			
WU_HBX_TARGETS_1_UP	0.20071804749780184			
GO_SPINDLE_MIDZONE	0.20071330292221626			
GSE17721_PAM3CSK4_VS_GADIQUIMOD_2H_BMDC_UP	0.20071089998790476			
SREBP1_02	0.20070746419684898			
GSE18804_SPLEEN_MACROPHAGE_VS_TUMORAL_MACROPHAGE_UP	0.20070479529528545			
GO_REGULATORY_RNA_BINDING	0.20070168408388722			
GO_REGULATION_OF_ATPASE_COUPLED_CALCIUM_TRANSMEMBRANE_TRANSPORTER_ACTIVITY	0.20070139135945034			
GO_NUCLEAR_MATRIX	0.20069779559452947			
TCF11MAFG_01	0.20069510882527752			
GO_MODULATION_OF_PROGRAMMED_CELL_DEATH_IN_OTHER_ORGANISM	0.20067572839065262			
IPA_EMX2_DN	0.2006713688125482			
GSE6269_HEALTHY_VS_STAPH_PNEUMO_INF_PBMC_UP	0.20067105543132382			
GO_MYELOID_DENDRITIC_CELL_DIFFERENTIATION	0.2006624984154215			
IPA_FOXO4_UP	0.20066203807144942			
GSE3039_ALPHAALPHA_VS_ALPHABETA_CD8_TCELL_DN	0.20065430205591342			
MIR7151_5P	0.20064861887384497			
GSE34515_CD16_NEG_VS_POS_MONOCYTE_UP	0.20064234601201336			
GO_NEGATIVE_REGULATION_OF_STRIATED_MUSCLE_CONTRACTION	0.20063938480197063			
GO_ESTABLISHMENT_OR_MAINTENANCE_OF_TRANSMEMBRANE_ELECTROCHEMICAL_GRADIENT	0.20063927908888476			
MIR551B_5P	0.2006364434988816			
MIR5683	0.20063433730315508			
CRX_NRL_DN.V1_UP	0.20062819280229252			
GO_CARDIAC_MYOFIBRIL	0.20062523994645262			
ZHAN_MULTIPLE_MYELOMA_SUBGROUPS	0.20062308074337895			
GO_RRNA_ADENINE_METHYLTRANSFERASE_ACTIVITY	0.20062194322020727			
HOXB6_TARGET_GENES	0.20061249059101768			
GSE2770_UNTREATED_VS_TGFB_AND_IL12_TREATED_ACT_CD4_TCELL_6H_DN	0.20060908929313384			
GSE19888_NO_PRETREAT_VS_ADENOSINE_A3R_INHIBITOR_PRETREATED_MAST_CELL_TCELL_MEMBRANES_ACT_DN	0.20060407500737348			
MIR520D_5P	0.20059779954741344			
GO_MITOCHONDRIAL_GENE_EXPRESSION	0.20059266942038662			
GO_S_ADENOSYL_L_METHIONINE_BINDING	0.20059161181010896			
REACTOME_TRP_CHANNELS	0.20058891090147682			
GSE17721_LPS_VS_CPG_0.5H_BMDC_DN	0.20058443026236583			
MIR676_5P	0.20058356572100353			
TAVOR_CEBPA_TARGETS_DN	0.20058180115944432			
MIR631	0.20058065805828026			
MIR518A_5P_MIR527	0.200574329521472			
VISALA_RESPONSE_TO_HEAT_SHOCK_AND_AGING_UP	0.20057282835229803			
NOUZOVA_TRETINOIN_AND_H4_ACETYLATION	0.20057182865341858			
REACTOME_MITOCHONDRIAL_FATTY_ACID_BETA_OXIDATION	0.20056930151310368			
GO_NEGATIVE_REGULATION_BY_HOST_OF_VIRAL_TRANSCRIPTION	0.20056877642154988			
GO_NEGATIVE_REGULATION_OF_CELL_SUBSTRATE_JUNCTION_ORGANIZATION	0.20056350347424992			
GSE20715_0H_VS_24H_OZONE_TLR4_KO_LUNG_DN	0.20056209315768683			
NUYTTEN_EZH2_TARGETS_DN	0.2005583648211748			
GSE17721_CTRL_VS_PAM3CSK4_0.5H_BMDC_DN	0.2005550955869629			
GSE360_L_MAJOR_VS_B_MALAYI_HIGH_DOSE_MAC_UP	0.200553491589041			
GO_TELOMERIC_LOOP_DISASSEMBLY	0.20055258149852573			
IPA_CREB3L1_UP	0.2005490535140698			
GO_4_IRON_4_SULFUR_CLUSTER_BINDING	0.20054839874197			
HOFFMANN_PRE_BI_TO_LARGE_PRE_BII_LYMPHOCYTE_UP	0.20054747462811445			
NABA_COLLAGENS	0.2005455182236129			
PID_UPA_UPAR_PATHWAY	0.20054296712354047			
GO_HETEROTYPIC_CELL_CELL_ADHESION	0.20054132753255544			
IPA_ELF4_DN	0.2005406487646619			
DUTERTRE_ESTRADIOL_RESPONSE_24HR_UP	0.20053740141718848			
GO_MITOCHONDRIAL_FISSION	0.20053737276401473			
UZONYI_RESPONSE_TO_LEUKOTRIENE_AND_THROMBIN	0.20053519026904312			
GO_REGULATION_OF_PRESYNAPTIC_CYTOSOLIC_CALCIUM_ION_CONCENTRATION	0.20052899869193297			
GO_REGULATION_OF_VITAMIN_METABOLIC_PROCESS	0.20052860797619348			
TGANTCA_AP1_C	0.20052766225153015			
IPA_NANOG_UP	0.20050984987313794			
MIKKELSEN_IPS_LCP_WITH_H3K4ME3	0.20050983291861338			
FAELT_B_CLL_WITH_VH3_21_DN	0.20050863375829842			
chr4q13	0.20049998673287303			
GO_POSITIVE_REGULATION_OF_CELL_SIZE	0.20049156783258917			
GARGALOVIC_RESPONSE_TO_OXIDIZED_PHOSPHOLIPIDS_YELLOW_UP	0.20048598848325946			
REACTOME_SUMOYLATION_OF_DNA_REPLICATION_PROTEINS	0.2004856473345059			
MIR135A_3P	0.20048139923498515			
GO_CELLULAR_RESPONSE_TO_VITAMIN_D	0.20047761061537653			
GO_REGULATION_OF_CELL_MATRIX_ADHESION	0.20047697953186303			
SANA_TNF_SIGNALING_UP	0.20047123325195035			
ZHANG_BREAST_CANCER_PROGENITORS_DN	0.20046789635586618			
ZHOU_CELL_CYCLE_GENES_IN_IR_RESPONSE_24HR	0.2004627525408554			
MANALO_HYPOXIA_DN	0.20046180162340052			
GSE41867_DAY6_VS_DAY15_LCMV_ARMSTRONG_EFFECTOR_CD8_TCELL_UP	0.2004616685497835			
YTATTTTNR_MEF2_02	0.200444465142063			
MIR4645_3P	0.2004385084863394			
MIR891B	0.20043573879000448			
GSE11057_NAIVE_VS_EFF_MEMORY_CD4_TCELL_UP	0.20042801697873508			
IPA_RBL2_DN	0.20042385648019198			
GSE5679_CTRL_VS_PPARG_LIGAND_ROSIGLITAZONE_TREATED_DC_DN	0.20041319096175217			
GO_REGULATION_OF_SKELETAL_MUSCLE_TISSUE_REGENERATION	0.20040898491098727			
GO_REGULATION_OF_MRNA_METABOLIC_PROCESS	0.20040385487324575			
GO_INTRACILIARY_TRANSPORT_PARTICLE_A	0.20038942247628735			
IPA_HIF1AN_DN	0.20038491122111754			
REACTOME_CD209_DC_SIGN_SIGNALING	0.20038320145009164			
GO_MEIOTIC_SISTER_CHROMATID_SEGREGATION	0.20037843503441283			
MIR4752	0.20036559675915622			
KEGG_PROGESTERONE_MEDIATED_OOCYTE_MATURATION	0.20036311974663365			
MIR181C_3P	0.20036270234092413			
LET_7E_3P	0.20035234994585555			
MIR549A_5P	0.20034921219462426			
GSE14308_TH17_VS_NATURAL_TREG_DN	0.20034784470958694			
GSE17721_PAM3CSK4_VS_CPG_24H_BMDC_UP	0.2003449173922903			
GO_PHOSPHATIDYLINOSITOL_MONOPHOSPHATE_PHOSPHATASE_ACTIVITY	0.20034246951258244			
GSE17721_CTRL_VS_PAM3CSK4_12H_BMDC_DN	0.20033939531849218			
GO_REGULATION_OF_URINE_VOLUME	0.20033689326364942			
MIR6804_3P	0.20032745835479118			
GO_GANGLIOSIDE_CATABOLIC_PROCESS	0.20032506726923105			
GSE35543_IN_VITRO_ITREG_VS_CONVERTED_EX_ITREG_UP	0.20032343143386813			
REACTOME_TP53_REGULATES_TRANSCRIPTION_OF_GENES_INVOLVED_IN_G2_CELL_CYCLE_ARREST	0.20032167766635095			
IPA_CEBPD_UP	0.20032118387135733			
GSE41176_UNSTIM_VS_ANTI_IGM_STIM_TAK1_KO_BCELL_1H_DN	0.20032075633648963			
MIR3194_3P	0.20031693701984135			
BIOCARTA_MAL_PATHWAY	0.2003149429365184			
GSE14415_INDUCED_TREG_VS_TCONV_DN	0.20031217264844212			
GO_NEUROTRANSMITTER_GATED_ION_CHANNEL_CLUSTERING	0.20030920831239735			
KORKOLA_SEMINOMA_DN	0.20030041676303337			
GO_VOLTAGE_GATED_SODIUM_CHANNEL_ACTIVITY_INVOLVED_IN_CARDIAC_MUSCLE_CELL_ACTION_POTENTIAL	0.20029790125642613			
MIR122_3P	0.20029441026240422			
SAKAI_CHRONIC_HEPATITIS_VS_LIVER_CANCER_DN	0.20028437320226966			
MIR5089_5P	0.20027991972180242			
GO_HISTONE_ARGININE_N_METHYLTRANSFERASE_ACTIVITY	0.20027990301711404			
GSE11973_MIR223_KOVS_WT_BONE_MARROW_NEUTROPHIL_DN	0.20026674378461917			
AP1_C	0.20026591821793885			
GALIE_TUMOR_ANGIOGENESIS	0.2002604011248964			
GSE24142_EARLY_THYMIC_PROGENITOR_VS_DN2_THYMOCYTE_DN	0.20025726271703825			
GSE16385_ROSIGLITAZONE_IL4_VS_IFNG_TNF_STIM_MACROPHAGE_UP	0.20025393988965892			
MIR4451	0.20024856051135762			
GSE9006_HEALTHY_VS_TYPE_2_DIABETES_PBMC_AT_DX_DN	0.20024832336784124			
GO_NEGATIVE_REGULATION_OF_LYMPHOCYTE_APOPTOTIC_PROCESS	0.20024301427710833			
GSE22886_NEUTROPHIL_VS_DC_DN	0.20023067631626038			
GO_NEGATIVE_REGULATION_OF_CELL_CELL_ADHESION	0.20022890622966746			
GO_POTASSIUM_ION_TRANSPORT	0.20021816267315026			
GO_INTRINSIC_APOPTOTIC_SIGNALING_PATHWAY_IN_RESPONSE_TO_HYPOXIA	0.20021378376534077			
MAML1_TARGET_GENES	0.20021238518161794			
GO_POSITIVE_REGULATION_OF_ERAD_PATHWAY	0.20020638058537543			
GSE4142_GC_BCELL_VS_MEMORY_BCELL_UP	0.20020492354823116			
GO_AUTOPHAGY_OF_MITOCHONDRION	0.2002012915609163			
MIR4524A_3P	0.2002009994180406			
KEGG_BETA_ALANINE_METABOLISM	0.2001964922383042			
REACTOME_SUMOYLATION_OF_DNA_DAMAGE_RESPONSE_AND_REPAIR_PROTEINS	0.20019622807606954			
GSE11057_CD4_CENT_MEM_VS_PBMC_UP	0.20017214778751155			
REACTOME_KERATAN_SULFATE_DEGRADATION	0.20017182730185556			
ZNF354A_TARGET_GENES	0.20016853132141493			
MIR338_5P	0.20016502379286608			
GO_RRNA_TRANSCRIPTION	0.2001644342403234			
GO_REGULATION_OF_RESPONSE_TO_DNA_DAMAGE_STIMULUS	0.20015869252882684			
REACTOME_RNA_POLYMERASE_II_TRANSCRIPTION	0.2001581272888765			
MIR6750_3P	0.20015426242558232			
ONDER_CDH1_TARGETS_1_DN	0.2001504999980164			
GO_REGULATION_OF_CHROMOSOME_SEGREGATION	0.20014838902826562			
GSE15659_NONSUPPRESSIVE_TCELL_VS_ACTIVATED_TREG_UP	0.20013997153336802			
GSE19888_CTRL_VS_A3R_ACT_TREATED_MAST_CELL_PRETREATED_WITH_A3R_INH_DN	0.20013473519500238			
GO_LONG_TERM_MEMORY	0.20011915742899156			
GSE21360_PRIMARY_VS_QUATERNARY_MEMORY_CD8_TCELL_UP	0.20011805481683606			
REACTOME_CHYLOMICRON_CLEARANCE	0.200114089794966			
GSE22045_TREG_VS_TCONV_UP	0.20011192794540242			
GO_REGULATION_OF_CENTROSOME_CYCLE	0.2001117241999608			
PURBEY_TARGETS_OF_CTBP1_NOT_SATB1_DN	0.20010413557059564			
GO_ALPHA_ACTININ_BINDING	0.20010005610500287			
GO_SULFUR_COMPOUND_METABOLIC_PROCESS	0.2000945654012247			
GSE12198_CTRL_VS_HIGH_IL2_STIM_NK_CELL_DN	0.20008799792994614			
GO_POSITIVE_REGULATION_OF_JNK_CASCADE	0.20008773160999158			
GO_POSITIVE_REGULATION_OF_MONONUCLEAR_CELL_MIGRATION	0.20007657964836117			
IPA_AHR_UP	0.20006689368886837			
GO_CYTOPLASMIC_UBIQUITIN_LIGASE_COMPLEX	0.20006075078379762			
GSE2197_IMMUNOSUPPRESSIVE_DNA_VS_UNTREATEDIN_DC_DN	0.20004722821475038			
GO_GLUCOSYLCERAMIDE_METABOLIC_PROCESS	0.20003901707387903			
GO_METANEPHRIC_NEPHRON_TUBULE_EPITHELIAL_CELL_DIFFERENTIATION	0.20003349898522807			
GO_NEGATIVE_REGULATION_OF_FAT_CELL_DIFFERENTIATION	0.20003247700942528			
GO_LIPOPOLYSACCHARIDE_IMMUNE_RECEPTOR_ACTIVITY	0.20003100970171342			
TERAMOTO_OPN_TARGETS_CLUSTER_7	0.20002990138675888			
REACTOME_PLATELET_HOMEOSTASIS	0.2000259000468542			
IPA_EMX2_UP	0.20002203423497866			
IPA_HOXB8_DN	0.20001541785427326			
STAT1_03	0.20000695236013996			
chr6q14	0.20000172627733984			
REACTOME_THE_CITRIC_ACID_TCA_CYCLE_AND_RESPIRATORY_ELECTRON_TRANSPORT	0.19999877273481909			
CAFFAREL_RESPONSE_TO_THC_24HR_5_UP	0.19999503301797308			
MIR1178_5P	0.19998909828977243			
GO_ER_MEMBRANE_INSERTION_COMPLEX	0.1999865932874157			
GO_POSITIVE_REGULATION_OF_OSTEOCLAST_DIFFERENTIATION	0.19997803245807144			
GSE25085_FETAL_LIVER_VS_ADULT_BM_SP4_THYMIC_IMPLANT_UP	0.19997638230523596			
GO_CELLULAR_POLYSACCHARIDE_CATABOLIC_PROCESS	0.19997366939426892			
GSE6259_FLT3L_INDUCED_33D1_POS_DC_VS_CD4_TCELL_UP	0.19997225380388664			
GSE10325_LUPUS_CD4_TCELL_VS_LUPUS_MYELOID_UP	0.19996984926147537			
GO_ESTABLISHMENT_OF_PROTEIN_LOCALIZATION_TO_MITOCHONDRIAL_MEMBRANE	0.19996918324264448			
chr13q14	0.19996683213731983			
ZHAN_V1_LATE_DIFFERENTIATION_GENES_UP	0.199963318610783			
REACTOME_INWARDLY_RECTIFYING_K_CHANNELS	0.19996313220587314			
GO_ENERGY_DERIVATION_BY_OXIDATION_OF_ORGANIC_COMPOUNDS	0.19995892169713975			
BIOCARTA_EXTRINSIC_PATHWAY	0.19995805527276847			
BYSTRYKH_HEMATOPOIESIS_STEM_CELL_FLI1	0.19994954564681622			
GSE11057_NAIVE_CD4_VS_PBMC_CD4_TCELL_UP	0.19994535026831153			
FRASOR_RESPONSE_TO_SERM_OR_FULVESTRANT_DN	0.19994141661170342			
MIR6506_5P	0.1999357473060065			
GO_CORONARY_VASCULATURE_MORPHOGENESIS	0.1999234055919776			
GALLUZZI_PREVENT_MITOCHONDIAL_PERMEABILIZATION	0.19989204559343954			
LIU_LIVER_CANCER	0.1998895503972868			
REACTOME_TRANSCRIPTIONAL_REGULATION_BY_SMALL_RNAS	0.199880840961252			
BANDRES_RESPONSE_TO_CARMUSTIN_WITHOUT_MGMT_48HR_DN	0.19986913123544164			
MIR1827	0.19986572686404108			
SUPT20H_TARGET_GENES	0.19986386921905336			
GO_RESPONSE_TO_PH	0.1998579199919648			
GO_WOUND_HEALING_SPREADING_OF_EPIDERMAL_CELLS	0.19984978936464934			
GO_INTEGRIN_ACTIVATION	0.1998481199448785			
NFE2L2.V2	0.1998472397617728			
GSE33424_CD161_HIGH_VS_INT_CD8_TCELL_UP	0.19984402800969017			
GO_ORGANELLE_FUSION	0.19982606504304132			
GO_ELECTRON_TRANSFER_ACTIVITY	0.19982491275685388			
GO_2_IRON_2_SULFUR_CLUSTER_BINDING	0.19982249379979064			
LEE_METASTASIS_AND_RNA_PROCESSING_UP	0.19981263222440418			
MIR7155_5P	0.1998106503652378			
GO_CARBONYL_REDUCTASE_NADPH_ACTIVITY	0.1998098059434717			
GSE3982_MAC_VS_TH2_DN	0.19980869335913423			
GSE3982_MAC_VS_NKCELL_UP	0.19980755855587418			
GO_C_TERMINAL_PROTEIN_DEGLUTAMYLATION	0.1997978375294971			
MATHEW_FANCONI_ANEMIA_GENES	0.19978772986017326			
GO_SEQUESTERING_OF_TRIGLYCERIDE	0.19978198703522668			
ZNF16_TARGET_GENES	0.19977070694814802			
GO_MONOACYLGLYCEROL_METABOLIC_PROCESS	0.19976559412015732			
ERBB2_UP.V1_DN	0.19975851893243407			
SKIL_TARGET_GENES	0.19974576002068667			
GO_CATION_CHANNEL_ACTIVITY	0.1997329242266586			
BIOCARTA_MCALPAIN_PATHWAY	0.1997317586903324			
GO_TERTIARY_ALCOHOL_METABOLIC_PROCESS	0.19971701515153015			
GO_POSITIVE_REGULATION_OF_RESPONSE_TO_DNA_DAMAGE_STIMULUS	0.19970539392169703			
GO_FIBRILLAR_COLLAGEN_TRIMER	0.1997046263849273			
REACTOME_NEGATIVE_REGULATION_OF_NOTCH4_SIGNALING	0.1997025223366065			
GO_ORGANELLE_INNER_MEMBRANE	0.1996977752344817			
GSE7764_IL15_TREATED_VS_CTRL_NK_CELL_24H_UP	0.19969623330244443			
GSE37532_TREG_VS_TCONV_CD4_TCELL_FROM_LN_UP	0.19969048358299785			
GSE1112_OT1_CD8AB_VS_HY_CD8AA_THYMOCYTE_RTOC_CULTURE_DN	0.1996868757355335			
KAMMINGA_EZH2_TARGETS	0.19968308459605857			
NADLER_HYPERGLYCEMIA_AT_OBESITY	0.19968303513104907			
LIAN_LIPA_TARGETS_6M	0.19967457969817046			
GO_ACTIVATION_OF_MAPKKK_ACTIVITY	0.19966570204153816			
GO_RESPONSE_TO_SALT	0.199661196450614			
GSE5542_UNTREATED_VS_IFNA_TREATED_EPITHELIAL_CELLS_24H_UP	0.19965762528940828			
GO_NCRNA_CATABOLIC_PROCESS	0.19965403515366872			
GO_ENGULFMENT_OF_APOPTOTIC_CELL	0.19964256935060506			
IPA_FUS_DN	0.1996406401714599			
HALLMARK_KRAS_SIGNALING_UP	0.19963102633965743			
LIM_MAMMARY_LUMINAL_PROGENITOR_UP	0.1996284866886629			
GO_HYALURONIC_ACID_BINDING	0.19962561195563697			
REACTOME_TRANSPORT_OF_MATURE_MRNAS_DERIVED_FROM_INTRONLESS_TRANSCRIPTS	0.1996210102052783			
GO_LIPOPOLYSACCHARIDE_BINDING	0.19961855265100933			
GSE5589_LPS_VS_LPS_AND_IL6_STIM_IL10_KO_MACROPHAGE_45MIN_UP	0.199617676558216			
WEBER_METHYLATED_HCP_IN_FIBROBLAST_UP	0.19960168277076232			
GO_MAP_KINASE_KINASE_KINASE_ACTIVITY	0.19959671503318474			
KYNG_RESPONSE_TO_H2O2	0.19959254118785094			
GO_POSITIVE_REGULATION_OF_TELOMERE_MAINTENANCE	0.19959185203814336			
GO_ANAPHASE_PROMOTING_COMPLEX	0.19958204171921898			
E2F_Q6_01	0.19957101607171995			
JDP2_TARGET_GENES	0.1995656361774607			
TATCTGG_MIR488	0.199560829797908			
GO_CELLULAR_RESPONSE_TO_SALT	0.19955724064246297			
ODONNELL_TFRC_TARGETS_DN	0.19955473458341708			
GO_AUTOPHAGOSOME_MEMBRANE	0.1995537467155372			
GO_MEIOSIS_II_CELL_CYCLE_PROCESS	0.1995505227024019			
GSE13522_WT_VS_IFNAR_KO_SKIN_DN	0.19954779620941626			
GO_LAMIN_FILAMENT	0.19953456378144077			
GO_CHANGES_TO_DNA_METHYLATION_INVOLVED_IN_EMBRYO_DEVELOPMENT	0.19952188776535912			
GSE22432_CDC_VS_COMMON_DC_PROGENITOR_DN	0.19951672831180692			
GO_ATPASE_ACTIVATOR_ACTIVITY	0.1995094330871986			
GO_POLYOL_CATABOLIC_PROCESS	0.1995067276439811			
GSE15330_HSC_VS_GRANULOCYTE_MONOCYTE_PROGENITOR_DN	0.19950507895774527			
GO_NEGATIVE_REGULATION_OF_NEUROTRANSMITTER_UPTAKE	0.1994912551360694			
GO_LYMPH_NODE_DEVELOPMENT	0.19948014173790196			
GSE27786_BCELL_VS_MONO_MAC_UP	0.19947257261561585			
GSE7768_OVA_WITH_LPS_VS_OVA_WITH_MPL_IMMUNIZED_MOUSE_WHOLE_SPLEEN_6H_UP	0.19945584624764637			
GO_MATERNAL_PLACENTA_DEVELOPMENT	0.19945391250028632			
chr2p14	0.19945216698939186			
NFAT_Q4_01	0.19943533050255768			
REACTOME_EARLY_PHASE_OF_HIV_LIFE_CYCLE	0.19943062006577125			
GO_CELL_PROLIFERATION_IN_MIDBRAIN	0.19942247902799076			
GO_PURINE_CONTAINING_COMPOUND_BIOSYNTHETIC_PROCESS	0.19941915247405428			
MIR877_3P	0.1994188443440742			
GO_SMAD_PROTEIN_SIGNAL_TRANSDUCTION	0.1994136908728172			
GSE17721_POLYIC_VS_PAM3CSK4_6H_BMDC_DN	0.19940049005585847			
GO_POSITIVE_REGULATION_OF_SEQUESTERING_OF_TRIGLYCERIDE	0.1993917269492869			
GO_BORC_COMPLEX	0.19938595453927233			
GO_ENVELOPE	0.19938110292583985			
GSE17721_0.5H_VS_8H_GARDIQUIMOD_BMDC_UP	0.19937808273328148			
GO_REGULATION_OF_PHOSPHOLIPID_CATABOLIC_PROCESS	0.19937527197419697			
IPA_MEF2C_DN	0.19936096710921797			
GO_NEGATIVE_REGULATION_OF_CARDIAC_MUSCLE_CELL_PROLIFERATION	0.1993578919356109			
GO_AMINO_ACID_BETAINE_TRANSPORT	0.19935065754770812			
GSE11864_UNTREATED_VS_CSF1_IN_MAC_DN	0.1993478590929576			
MIR4302	0.199345909261278			
ASXL2_TARGET_GENES	0.1993447469953722			
GO_VCB_COMPLEX	0.19933833164199471			
GSE24634_TREG_VS_TCONV_POST_DAY7_IL4_CONVERSION_DN	0.19933777628578778			
MIR6772_5P	0.19933605672863566			
GO_NEGATIVE_REGULATION_OF_LAMELLIPODIUM_ASSEMBLY	0.1993347791935573			
BIOCARTA_RB_PATHWAY	0.1993309839631595			
GO_REGULATION_OF_STEROID_HORMONE_BIOSYNTHETIC_PROCESS	0.19931956765468492			
ZHAN_LATE_DIFFERENTIATION_GENES_DN	0.19931503353900482			
GSE10325_BCELL_VS_MYELOID_UP	0.1993142912644921			
GSE17721_LPS_VS_PAM3CSK4_16H_BMDC_DN	0.1993102582453629			
GO_TRANSCRIPTION_ELONGATION_FROM_RNA_POLYMERASE_I_PROMOTER	0.1993085574485223			
chr14q24	0.1993055843832868			
GO_REGULATION_OF_MEGAKARYOCYTE_DIFFERENTIATION	0.19929895940750147			
GO_HEAT_SHOCK_PROTEIN_BINDING	0.19929834857148004			
GO_CHIASMA_ASSEMBLY	0.19929001707676233			
BILANGES_SERUM_RESPONSE_TRANSLATION	0.1992896862769659			
GSE18281_SUBCAPSULAR_VS_PERIMEDULLARY_CORTICAL_REGION_OF_THYMUS_UP	0.19928966350984162			
NAB2_TARGET_GENES	0.19927866579815737			
JAZAG_TGFB1_SIGNALING_DN	0.1992674287677254			
GO_REGULATION_OF_TRANSLATIONAL_TERMINATION	0.19926271949202448			
GO_PHOSPHORYLATED_CARBOHYDRATE_DEPHOSPHORYLATION	0.1992596472593932			
GO_PEPTIDYL_TYROSINE_DEPHOSPHORYLATION_INVOLVED_IN_INACTIVATION_OF_PROTEIN_KINASE_ACTIVITY	0.19925242965552661			
GO_ISG15_PROTEIN_CONJUGATION	0.1992511825440875			
GSE13547_WT_VS_ZFX_KO_BCELL_UP	0.19925118075551013			
BCAT_GDS748_DN	0.19925063998647666			
GO_NEGATIVE_REGULATION_OF_DENDRITIC_CELL_APOPTOTIC_PROCESS	0.19924889213930955			
chrXq12	0.19924858752618516			
GO_REGULATION_OF_GLIAL_CELL_MIGRATION	0.19924535500261883			
GSE22886_DAY1_VS_DAY7_MONOCYTE_IN_CULTURE_DN	0.19923417093290535			
IPA_NR1H3_UP	0.19923201705469393			
PID_DELTA_NP63_PATHWAY	0.1992309337514856			
GO_PROTEIN_SERINE_THREONINE_TYROSINE_KINASE_ACTIVITY	0.1992151293680831			
IPA_HDAC2_UP	0.19921403111448663			
GO_IMMUNOGLOBULIN_COMPLEX	0.1992027081178552			
GAVIN_FOXP3_TARGETS_CLUSTER_P2	0.1991952052567574			
MIR486_5P	0.19919026820531127			
GSE11961_MARGINAL_ZONE_BCELL_VS_PLASMA_CELL_DAY7_UP	0.19917262594564			
WU_ALZHEIMER_DISEASE_DN	0.19917226031616414			
GO_LIPASE_ACTIVATOR_ACTIVITY	0.1991644102016777			
TURJANSKI_MAPK14_TARGETS	0.1991634328778783			
IPA_EP400_UP	0.1991455148305123			
GO_RESPONSE_TO_INTERFERON_ALPHA	0.1991444645980816			
MIR2114_5P	0.19914186584629323			
RHEIN_ALL_GLUCOCORTICOID_THERAPY_DN	0.19914024532477817			
MIR329_5P	0.19913698074434577			
SCGGAAGY_ELK1_02	0.19913410616478705			
GSE9988_LPS_VS_VEHICLE_TREATED_MONOCYTE_UP	0.19911087811228306			
REACTOME_BETA_OXIDATION_OF_BUTANOYL_COA_TO_ACETYL_COA	0.1991025048973348			
GSE22886_NAIVE_BCELL_VS_BM_PLASMA_CELL_DN	0.19910063957550575			
PAX2_01	0.1990981447998216			
MTHFD1_TARGET_GENES	0.19909501072104138			
KEGG_TYPE_I_DIABETES_MELLITUS	0.19909387630884748			
GO_POSITIVE_REGULATION_OF_EPIDERMAL_GROWTH_FACTOR_ACTIVATED_RECEPTOR_ACTIVITY	0.1990877388287188			
GO_REGULATION_OF_PROTEIN_FOLDING	0.19908664853021832			
GO_TRANSCRIPTION_COUPLED_NUCLEOTIDE_EXCISION_REPAIR	0.19908294546511437			
GO_REGULATION_OF_NON_MOTILE_CILIUM_ASSEMBLY	0.19908016035125453			
GSE43955_TH0_VS_TGFB_IL6_IL23_TH17_ACT_CD4_TCELL_52H_UP	0.19907591887888956			
chrXp22	0.19907094046417784			
GO_NON_MEMBRANE_SPANNING_PROTEIN_TYROSINE_PHOSPHATASE_ACTIVITY	0.19906653176099512			
BROWNE_HCMV_INFECTION_6HR_UP	0.1990627316793067			
GO_TYPE_I_TRANSFORMING_GROWTH_FACTOR_BETA_RECEPTOR_BINDING	0.19905688139237587			
HANSON_HRAS_SIGNALING_VIA_NFKB	0.19905314552099362			
REACTOME_MITOTIC_PROPHASE	0.19905281821210272			
GO_CYTOSOLIC_CALCIUM_ION_TRANSPORT	0.1990214065050342			
ZHOU_INFLAMMATORY_RESPONSE_LIVE_UP	0.19902047469155637			
DORSEY_GAB2_TARGETS	0.19901560319208228			
GO_RESPONSE_TO_ATP	0.19901510279344148			
GO_PHOSPHOLIPID_BINDING	0.19899944380042436			
GO_NAD_BIOSYNTHESIS_VIA_NICOTINAMIDE_RIBOSIDE_SALVAGE_PATHWAY	0.19899819312208253			
GO_VIRAL_RNA_GENOME_REPLICATION	0.1989946208711771			
MIR8057	0.19899017403884228			
CERVERA_SDHB_TARGETS_1_UP	0.19898719269302406			
IPA_HOXC8_UP	0.1989855636620639			
GO_CELLULAR_PROCESS_INVOLVED_IN_REPRODUCTION_IN_MULTICELLULAR_ORGANISM	0.19897884514994124			
GSE5542_IFNA_VS_IFNA_AND_IFNG_TREATED_EPITHELIAL_CELLS_24H_DN	0.19897397952018517			
GO_NEGATIVE_REGULATION_OF_CELLULAR_RESPONSE_TO_TRANSFORMING_GROWTH_FACTOR_BETA_STIMULUS	0.19897193310329836			
GSE18893_TCONV_VS_TREG_24H_CULTURE_DN	0.1989699515828799			
GO_PROTEIN_PHOSPHATASE_TYPE_1_COMPLEX	0.1989572673800787			
GO_LRR_DOMAIN_BINDING	0.19895506363808851			
GO_REGULATION_OF_CYTOPLASMIC_TRANSLATIONAL_INITIATION	0.1989513221747096			
MIR2117	0.19895117101747326			
GO_EUKARYOTIC_TRANSLATION_INITIATION_FACTOR_3_COMPLEX	0.1989366261901544			
MIR5585_3P	0.19893297076239463			
GSE2770_IL12_AND_TGFB_ACT_VS_ACT_CD4_TCELL_48H_DN	0.19893152077368842			
GSE46606_UNSTIM_VS_CD40L_IL2_IL5_1DAY_STIMULATED_IRF4MID_SORTED_BCELL_DN	0.1989257811341378			
GSE17580_TREG_VS_TEFF_S_MANSONI_INF_DN	0.1989199530913975			
GO_RESPONSE_TO_SALT_STRESS	0.19891960463800842			
GSE20366_EX_VIVO_VS_DEC205_CONVERSION_UP	0.19891610474576177			
GO_POLYSACCHARIDE_CATABOLIC_PROCESS	0.1989042642334474			
GSE17721_CTRL_VS_GARDIQUIMOD_4H_BMDC_DN	0.1989042303484618			
GO_REGULATION_OF_PROTEIN_AUTOPHOSPHORYLATION	0.198899458940088			
GSE2770_UNTREATED_VS_IL12_TREATED_ACT_CD4_TCELL_6H_DN	0.19889288374416408			
IPA_H2AFZ_UP	0.198889791399735			
MARIADASON_RESPONSE_TO_BUTYRATE_CURCUMIN_SULINDAC_TSA_2	0.19888529998755092			
GSE41867_LCMV_ARMSTRONG_VS_CLONE13_DAY8_EFFECTOR_CD8_TCELL_DN	0.19888054816432849			
REACTOME_WNT_LIGAND_BIOGENESIS_AND_TRAFFICKING	0.19887481350356867			
GSE27092_WT_VS_HDAC7_PHOSPHO_DEFICIENT_CD8_TCELL_UP	0.1988738225151563			
GSE28237_FOLLICULAR_VS_EARLY_GC_BCELL_DN	0.19887277193597405			
chrXq27	0.19887141382513196			
GO_NEGATIVE_REGULATION_OF_GENE_EXPRESSION_EPIGENETIC	0.19886893573901862			
IPA_ATF4_DN	0.19886111723283073			
GO_ESTABLISHMENT_OF_LOCALIZATION_IN_CELL	0.19885908321727203			
GSE4590_PRE_BCELL_VS_VPREB_POS_LARGE_PRE_BCELL_DN	0.19885801713854537			
MIR548AZ_5P	0.19885420153033365			
GSE27786_LSK_VS_MONO_MAC_UP	0.19885143456728047			
REACTOME_SIGNALING_BY_ACTIVIN	0.19884963685020365			
GO_PROTEIN_POLYUBIQUITINATION	0.19884829388549136			
GO_REPLICATION_FORK_PROTECTION	0.1988378932243075			
GO_CHORIONIC_TROPHOBLAST_CELL_DIFFERENTIATION	0.19882472955934752			
ZNF10_TARGET_GENES	0.19882235681722563			
MIR6792_5P	0.1988170812083376			
MIR153_5P	0.19880334695441035			
ZHANG_BREAST_CANCER_PROGENITORS_UP	0.1988021476287033			
GO_REGULATION_OF_INTRACELLULAR_PROTEIN_TRANSPORT	0.19879999003618234			
GO_ATP_TRANSMEMBRANE_TRANSPORTER_ACTIVITY	0.198798286210873			
GO_NEGATIVE_REGULATION_OF_SOMATIC_STEM_CELL_POPULATION_MAINTENANCE	0.19879156060331338			
CROONQUIST_STROMAL_STIMULATION_UP	0.19878661969157813			
GO_REGULATION_OF_MACROPHAGE_ACTIVATION	0.1987740123760178			
FULCHER_INFLAMMATORY_RESPONSE_LECTIN_VS_LPS_UP	0.19875487293331723			
GO_NEGATIVE_REGULATION_OF_T_CELL_CYTOKINE_PRODUCTION	0.19875157149764258			
MCBRYAN_PUBERTAL_BREAST_6_7WK_DN	0.19875054546441057			
LEE_LIVER_CANCER_MYC_DN	0.19874999696923168			
MIR3160_5P	0.19874260979984715			
GO_REGULATION_OF_GROWTH_RATE	0.1987423266294262			
GO_T_CELL_RECEPTOR_SIGNALING_PATHWAY	0.19873137140673122			
GSE9006_1MONTH_VS_4MONTH_POST_TYPE_1_DIABETES_DX_PBMC_UP	0.19871954845378106			
GO_GLYCOLIPID_CATABOLIC_PROCESS	0.19871867955190492			
GSE25088_WT_VS_STAT6_KO_MACROPHAGE_ROSIGLITAZONE_AND_IL4_STIM_DN	0.19871335057508716			
GSE23505_UNTREATED_VS_4DAY_IL6_IL1_TREATED_CD4_TCELL_DN	0.1987056991369653			
GO_STEROID_CATABOLIC_PROCESS	0.1987053210105094			
GO_ESTROUS_CYCLE	0.19870027395934123			
GO_GANGLIOSIDE_METABOLIC_PROCESS	0.19869999740907585			
GO_C21_STEROID_HORMONE_METABOLIC_PROCESS	0.1986903848123884			
GSE6674_ANTI_IGM_VS_ANTI_IGM_AND_CPG_STIM_BCELL_DN	0.1986868065856949			
GO_ANTERIOR_HEAD_DEVELOPMENT	0.19868514222081432			
GO_LIPID_CATABOLIC_PROCESS	0.19867428688856636			
BIOCARTA_IL5_PATHWAY	0.19866796105100235			
GO_STRUCTURAL_CONSTITUENT_OF_RIBOSOME	0.19866696252428284			
GO_CULLIN_RING_UBIQUITIN_LIGASE_COMPLEX	0.19866191534675362			
GSE3982_EOSINOPHIL_VS_NKCELL_UP	0.19865617660799362			
GO_MAST_CELL_CYTOKINE_PRODUCTION	0.19865501480965594			
GSE17974_0H_VS_2H_IN_VITRO_ACT_CD4_TCELL_UP	0.1986522656944219			
GO_CELLULAR_RESPONSE_TO_VITAMIN	0.1986468826090825			
MIR4503	0.19864644380566246			
MIR548AY_3P	0.19864591112998153			
GO_MITOCHONDRIAL_CALCIUM_ION_HOMEOSTASIS	0.19864137219098799			
HASLINGER_B_CLL_WITH_6Q21_DELETION	0.19863798291253099			
GSE21360_SECONDARY_VS_TERTIARY_MEMORY_CD8_TCELL_UP	0.1986311377798285			
MIR6073	0.19863027026379876			
GO_PROTON_EXPORTING_ATPASE_ACTIVITY_PHOSPHORYLATIVE_MECHANISM	0.19862901662087368			
MIR548L	0.1986244169584194			
PRDM4_TARGET_GENES	0.1986231261540587			
INGRAM_SHH_TARGETS_DN	0.19862143224976425			
GO_PROTEIN_SULFATION	0.1986194287779564			
GO_CATALYTIC_STEP_2_SPLICEOSOME	0.19860664626906657			
MIR23C	0.1986037117524249			
GO_RESPONSE_TO_UV_C	0.19859826746192402			
GO_ENDOPLASMIC_RETICULUM	0.1985913731587193			
GO_AMINO_ACID_TRANSMEMBRANE_TRANSPORT	0.19858899910182473			
BROWNE_HCMV_INFECTION_12HR_DN	0.19858870131033918			
BROWNE_HCMV_INFECTION_4HR_UP	0.1985850307390609			
GO_BLEB	0.19858065538878586			
GO_METAL_ION_TRANSMEMBRANE_TRANSPORTER_ACTIVITY	0.19857728413831274			
GO_CELLULAR_RESPONSE_TO_ATP	0.19856848512193517			
GO_MINERALOCORTICOID_METABOLIC_PROCESS	0.19856623115366118			
GO_NEGATIVE_REGULATION_OF_ENDOTHELIAL_CELL_APOPTOTIC_PROCESS	0.1985634684121912			
GO_PROTEIN_K63_LINKED_DEUBIQUITINATION	0.1985620639809403			
GO_TRANSFERASE_COMPLEX	0.1985583975548158			
GO_N_TERMINAL_PROTEIN_LIPIDATION	0.1985522961901592			
PETRETTO_BLOOD_PRESSURE_UP	0.1985507559256973			
JOHNSTONE_PARVB_TARGETS_2_UP	0.19855042851712723			
BOQUEST_STEM_CELL_UP	0.1985474468818635			
GO_MATURATION_OF_5_8S_RRNA_FROM_TRICISTRONIC_RRNA_TRANSCRIPT_SSU_RRNA_5_8S_RRNA_LSU_RRNA	0.19854651165686305			
GO_PEPTIDYL_PROLINE_MODIFICATION	0.19853398746709128			
GO_RESPONSE_TO_TEMPERATURE_STIMULUS	0.19853329267002418			
GO_NUCLEOLUS_ORGANIZATION	0.19852813728158822			
MIR6736_3P	0.19852589072312096			
GO_NEGATIVE_REGULATION_OF_ATPASE_ACTIVITY	0.19852248109841866			
GSE34156_NOD2_LIGAND_VS_TLR1_TLR2_LIGAND_6H_TREATED_MONOCYTE_DN	0.19852224799312243			
HERNANDEZ_MITOTIC_ARREST_BY_DOCETAXEL_1_UP	0.1985069545381707			
GO_TRANSLATION_REGULATOR_ACTIVITY	0.19850284479178806			
GO_POSITIVE_REGULATION_OF_MACROPHAGE_MIGRATION	0.198501339749867			
SMITH_TERT_TARGETS_UP	0.19849867997413695			
ZNF707_TARGET_GENES	0.19849862598340454			
GO_CALCIUM_DEPENDENT_PROTEIN_KINASE_ACTIVITY	0.19849789117500669			
GO_MACROPHAGE_PROLIFERATION	0.19849330912262614			
GO_MICROGLIAL_CELL_PROLIFERATION	0.19849330912262614			
GSE17721_CPG_VS_GARDIQUIMOD_16H_BMDC_DN	0.19849289925074384			
GSE41176_WT_VS_TAK1_KO_UNSTIM_BCELL_DN	0.19848627077302325			
GO_NEGATIVE_REGULATION_OF_OSTEOBLAST_PROLIFERATION	0.19848459625451603			
REACTOME_INTERACTION_WITH_CUMULUS_CELLS_AND_THE_ZONA_PELLUCIDA	0.19848429869348802			
GO_DOSAGE_COMPENSATION	0.1984833914849987			
GSE37301_HEMATOPOIETIC_STEM_CELL_VS_GRAN_MONO_PROGENITOR_DN	0.19848025782014683			
REACTOME_ORC1_REMOVAL_FROM_CHROMATIN	0.19847435957289108			
IPA_CEBPA_UP	0.19847128396452884			
KRIGE_AMINO_ACID_DEPRIVATION	0.19846593747511349			
MIR302C_5P	0.19846492386334902			
MIKKELSEN_ES_LCP_WITH_H3K4ME3	0.19846407446565326			
GO_ESTABLISHMENT_OF_MITOTIC_SPINDLE_LOCALIZATION	0.19846126411722015			
LI_PROSTATE_CANCER_EPIGENETIC	0.1984515488615469			
GO_ACETYL_COA_HYDROLASE_ACTIVITY	0.1984479594756098			
GSE3039_CD4_TCELL_VS_B2_BCELL_UP	0.1984443456392682			
GSE2770_IL12_VS_IL4_TREATED_ACT_CD4_TCELL_48H_DN	0.1984430131524941			
GO_PURINE_RIBONUCLEOSIDE_SALVAGE	0.19842877517984966			
GO_RESPONSE_TO_OXYGEN_GLUCOSE_DEPRIVATION	0.19842691663028655			
GSE19941_UNSTIM_VS_LPS_AND_IL10_STIM_IL10_KO_NFKBP50_KO_MACROPHAGE_UP	0.19842658839742547			
REACTOME_ORGANIC_ANION_TRANSPORT	0.19842284392351328			
IPA_ETV6_UP	0.19841000839821804			
GSE24972_MARGINAL_ZONE_BCELL_VS_FOLLICULAR_BCELL_IRF8_KO_DN	0.19840427793247772			
GSE2128_C57BL6_VS_NOD_CD4CD8_DP_THYMOCYTE_UP	0.1984026311192227			
BIOCARTA_TPO_PATHWAY	0.19839843126744783			
GO_SMALL_NUCLEOLAR_RIBONUCLEOPROTEIN_COMPLEX	0.19839218364501596			
SHIN_B_CELL_LYMPHOMA_CLUSTER_1	0.198385701897984			
GO_REGULATION_OF_INTRACELLULAR_TRANSPORT	0.19837341008010312			
GSE15330_HSC_VS_LYMPHOID_PRIMED_MULTIPOTENT_PROGENITOR_IKAROS_KO_UP	0.19837055309729648			
ZWANG_DOWN_BY_2ND_EGF_PULSE	0.19836998438698747			
GO_ESCRT_COMPLEX_DISASSEMBLY	0.1983646763538925			
IPA_SRY_UP	0.19836430028093416			
WANG_LMO4_TARGETS_DN	0.19834363264671973			
GSE5099_CLASSICAL_M1_VS_ALTERNATIVE_M2_MACROPHAGE_DN	0.19834325487918344			
GSE17721_PAM3CSK4_VS_CPG_12H_BMDC_DN	0.1983405129570281			
REACTOME_ACTIVATION_OF_NOXA_AND_TRANSLOCATION_TO_MITOCHONDRIA	0.19833643949323368			
GO_INHIBITORY_SYNAPSE_ASSEMBLY	0.1983205733798967			
GO_PRONEPHROS_DEVELOPMENT	0.19831783729332422			
REACTOME_PHYSIOLOGICAL_FACTORS	0.1983159652726758			
GO_CARNITINE_BIOSYNTHETIC_PROCESS	0.19831453903338472			
GO_REGULATION_OF_PROTEIN_STABILITY	0.19831152608463398			
VERRECCHIA_RESPONSE_TO_TGFB1_C2	0.19829976206167238			
GSE14415_NATURAL_TREG_VS_TCONV_UP	0.19829645216775246			
GSE1432_CTRL_VS_IFNG_1H_MICROGLIA_DN	0.19829259127455254			
GSE12392_CD8A_POS_VS_NEG_SPLEEN_IFNB_KO_DC_UP	0.1982844151277571			
GO_MIRNA_CATABOLIC_PROCESS	0.198279561406397			
REACTOME_NUCLEOBASE_BIOSYNTHESIS	0.19827788092790655			
GSE29615_CTRL_VS_DAY3_LAIV_IFLU_VACCINE_PBMC_DN	0.198273336908315			
GSE36826_NORMAL_VS_STAPH_AUREUS_INF_SKIN_DN	0.19827322553610613			
MIR1270	0.19827141085073208			
VERNELL_RETINOBLASTOMA_PATHWAY_UP	0.1982709942523138			
GO_PURINERGIC_NUCLEOTIDE_RECEPTOR_SIGNALING_PATHWAY	0.1982549596846008			
NOUSHMEHR_GBM_SILENCED_BY_METHYLATION	0.19825413332666927			
GO_REGULATION_OF_SYSTEMIC_ARTERIAL_BLOOD_PRESSURE_MEDIATED_BY_A_CHEMICAL_SIGNAL	0.198253570810373			
MIR887_3P	0.1982526060721122			
KIM_WT1_TARGETS_8HR_UP	0.1982484540600609			
BARX2_TARGET_GENES	0.19824699105584592			
WANG_METASTASIS_OF_BREAST_CANCER_ESR1_DN	0.19824142513776644			
GSE29949_DC_BRAIN_VS_MONOCYTE_BONE_MARROW_UP	0.1982275660471079			
GO_RNA_POLYADENYLATION	0.19821799881223576			
PRC2_SUZ12_UP.V1_UP	0.19820867110960505			
DOANE_BREAST_CANCER_CLASSES_DN	0.19820312397211878			
GO_POSITIVE_REGULATION_OF_ENDOTHELIAL_CELL_CHEMOTAXIS_BY_VEGF_ACTIVATED_VASCULAR_ENDOTHELIAL_GROWTH_FACTOR_RECEPTOR_SIGNALING_PATHWAY	0.19819963979091068			
KEGG_SNARE_INTERACTIONS_IN_VESICULAR_TRANSPORT	0.19819923764908845			
GSE22886_NAIVE_BCELL_VS_MONOCYTE_UP	0.19819691162128508			
GSE12963_UNINF_VS_ENV_AND_NEF_DEFICIENT_HIV1_INF_CD4_TCELL_DN	0.1981813720984186			
GO_CENTRIOLAR_SATELLITE	0.19817627025796686			
chr9p22	0.1981754650115432			
GO_POSITIVE_REGULATION_OF_LYMPHOCYTE_CHEMOTAXIS	0.19816749948818366			
KORKOLA_CHORIOCARCINOMA	0.19816488997161805			
DANG_MYC_TARGETS_UP	0.1981580855986351			
CARDOSO_RESPONSE_TO_GAMMA_RADIATION_AND_3AB	0.19815556369147644			
GSE15330_LYMPHOID_MULTIPOTENT_VS_GRANULOCYTE_MONOCYTE_PROGENITOR_DN	0.1981529948172451			
REACTOME_SYNTHESIS_OF_PIPS_AT_THE_ER_MEMBRANE	0.19815203803332307			
GSE12392_WT_VS_IFNB_KO_CD8A_POS_SPLEEN_DC_UP	0.19814950285756908			
GRAESSMANN_RESPONSE_TO_MC_AND_DOXORUBICIN_DN	0.1981342429204689			
PRKDC_TARGET_GENES	0.1981327501220477			
BIOCARTA_CB1R_PATHWAY	0.19812613354682065			
AMIT_EGF_RESPONSE_240_HELA	0.19811456592911567			
MIR498_5P	0.19811383929732596			
GSE19923_WT_VS_HEB_KO_DP_THYMOCYTE_DN	0.1981121719827567			
GO_RIBONUCLEASE_ACTIVITY	0.19811105473403343			
BIOCARTA_BCR_PATHWAY	0.19810270066610108			
chr10p11	0.19810130444056212			
MIR371A_5P	0.19810122404308927			
GO_MONOCYTE_CHEMOTAXIS	0.19809894500638991			
TESAR_ALK_TARGETS_HUMAN_ES_4D_DN	0.1980876059532591			
LINDGREN_BLADDER_CANCER_CLUSTER_2B	0.19807738346105125			
MIR3940_5P	0.1980749849326398			
GSE27786_BCELL_VS_NEUTROPHIL_DN	0.19807491314447676			
MIR4786_3P	0.19806855904850876			
MUELLER_PLURINET	0.19806546067011024			
GO_ION_TRANSPORT	0.19806205626710993			
HSD17B8_TARGET_GENES	0.19805844052737315			
GO_HORMONE_BIOSYNTHETIC_PROCESS	0.19805590175731022			
GO_RNA_IMPORT_INTO_MITOCHONDRION	0.19805271638765315			
GO_REGULATION_OF_ATP_BIOSYNTHETIC_PROCESS	0.19803832203133828			
GSE26727_WT_VS_KLF2_KO_LPS_STIM_MACROPHAGE_UP	0.19802960826249216			
GO_REGULATION_OF_RESPIRATORY_BURST	0.1980259549060406			
REACTOME_STABILIZATION_OF_P53	0.19802243638913886			
MIR548T_5P	0.19801680049043593			
GSE21546_WT_VS_ELK1_KO_DP_THYMOCYTES_DN	0.19801379875243227			
GO_PRESYNAPTIC_MEMBRANE_ORGANIZATION	0.19801215675563885			
GO_POSITIVE_REGULATION_OF_MEMBRANE_DEPOLARIZATION	0.19800414986968565			
GO_MACROPHAGE_APOPTOTIC_PROCESS	0.1980033924592325			
GSE16385_MONOCYTE_VS_12H_ROSIGLITAZONE_IL4_TREATED_MACROPHAGE_UP	0.19799466836897525			
GO_POSITIVE_REGULATION_OF_TOLL_LIKE_RECEPTOR_3_SIGNALING_PATHWAY	0.19799145392485298			
REACTOME_TRANSLESION_SYNTHESIS_BY_POLH	0.1979823753915448			
MIR100_3P	0.19797920360403604			
EPPERT_CE_HSC_LSC	0.19797864767362955			
GO_CD4_POSITIVE_ALPHA_BETA_T_CELL_CYTOKINE_PRODUCTION	0.19797507790432886			
GO_NEGATIVE_REGULATION_OF_FIBROBLAST_APOPTOTIC_PROCESS	0.1979708533385117			
CAIRO_PML_TARGETS_BOUND_BY_MYC_DN	0.19795748114403755			
GSE5589_WT_VS_IL6_KO_LPS_STIM_MACROPHAGE_45MIN_DN	0.19795243517093516			
GO_REGULATION_OF_RYANODINE_SENSITIVE_CALCIUM_RELEASE_CHANNEL_ACTIVITY	0.19794829347177817			
MIR578	0.19794284862325037			
GO_SPERMATOGENESIS_EXCHANGE_OF_CHROMOSOMAL_PROTEINS	0.19793591627131843			
BIOCARTA_TRKA_PATHWAY	0.19793310123988941			
GO_NATURAL_KILLER_CELL_MEDIATED_IMMUNE_RESPONSE_TO_TUMOR_CELL	0.19792862283015836			
GSE14308_NAIVE_CD4_TCELL_VS_NATURAL_TREG_DN	0.19792397567550307			
GSE41867_NAIVE_VS_DAY8_LCMV_EFFECTOR_CD8_TCELL_DN	0.1979221861904633			
GO_NEGATIVE_REGULATION_OF_INTERLEUKIN_13_PRODUCTION	0.19792066258191723			
DAUER_STAT3_TARGETS_DN	0.19791008011496192			
GO_UREA_TRANSPORT	0.19790860248275852			
GO_NEGATIVE_REGULATION_OF_ENDOTHELIAL_CELL_PROLIFERATION	0.19790628647627492			
MIR4712_3P	0.19790158944771527			
REACTOME_GP1B_IX_V_ACTIVATION_SIGNALLING	0.19789644716052138			
GO_REGULATION_OF_INTERLEUKIN_17_SECRETION	0.197896436276431			
GO_AEROBIC_ELECTRON_TRANSPORT_CHAIN	0.19789460227006256			
GO_NUCLEOSIDE_TRIPHOSPHATE_METABOLIC_PROCESS	0.1978853076858124			
IPA_SUZ12_UP	0.1978841105258537			
ODONNELL_TARGETS_OF_MYC_AND_TFRC_UP	0.19788084949745538			
GSE27896_HDAC6_KO_VS_WT_TREG_DN	0.1978779855593245			
GO_INTRINSIC_COMPONENT_OF_MITOCHONDRIAL_INNER_MEMBRANE	0.19787109386672894			
GSE29618_MONOCYTE_VS_MDC_DAY7_FLU_VACCINE_UP	0.19786953649236516			
MIR202_3P	0.19786608502109193			
GO_NEGATIVE_REGULATION_OF_INTERLEUKIN_1_SECRETION	0.19784771797556236			
MIR6792_3P	0.19784477826444027			
LEE_DIFFERENTIATING_T_LYMPHOCYTE	0.1978385284967729			
REACTOME_INTERLEUKIN_1_SIGNALING	0.19783555468921393			
REACTOME_GLUTATHIONE_SYNTHESIS_AND_RECYCLING	0.19783125380156766			
GSE43955_TGFB_IL6_VS_TGFB_IL6_IL23_TH17_ACT_CD4_TCELL_60H_DN	0.19782310363981387			
GO_REGULATION_OF_CILIUM_MOVEMENT	0.19781964870847402			
GO_CYTOPLASMIC_TRANSLATIONAL_INITIATION	0.19781770026333684			
GO_REGULATION_OF_MICROGLIAL_CELL_ACTIVATION	0.19781527197146673			
GO_REGULATION_OF_DNA_DEPENDENT_DNA_REPLICATION_INITIATION	0.19780846231686725			
REACTOME_G1_S_DNA_DAMAGE_CHECKPOINTS	0.19780772036109784			
GSE14908_ATOPIC_VS_NONATOPIC_PATIENT_RESTING_CD4_TCELL_UP	0.19780517019980765			
GO_STEROID_ESTERIFICATION	0.19779529291582335			
ABE_VEGFA_TARGETS	0.19778719864176084			
MIR4639_5P	0.1977838825404054			
MIR23A_3P_MIR23B_3P	0.1977816303935939			
MONTERO_THYROID_CANCER_POOR_SURVIVAL_UP	0.19776905202599157			
MYLLYKANGAS_AMPLIFICATION_HOT_SPOT_2	0.19776246291116648			
GO_MRNA_SPLICE_SITE_SELECTION	0.19776008756698496			
GO_POSITIVE_REGULATION_OF_CELL_CYCLE_PHASE_TRANSITION	0.19775507705916043			
GO_CENTRAL_NERVOUS_SYSTEM_MYELIN_MAINTENANCE	0.19775335375518002			
GO_EPSILON_DNA_POLYMERASE_COMPLEX	0.19774450395016296			
GSE29949_MICROGLIA_VS_DC_BRAIN_DN	0.19773342114180656			
LU_TUMOR_VASCULATURE_UP	0.1977307220998831			
GO_REGULATION_OF_CELL_CELL_ADHESION_MEDIATED_BY_INTEGRIN	0.1977296399814778			
GSE27786_ERYTHROBLAST_VS_MONO_MAC_UP	0.1977277102319239			
GO_LUTEOLYSIS	0.19771254194191465			
SCIAN_INVERSED_TARGETS_OF_TP53_AND_TP73_DN	0.19770760616853708			
GO_POSITIVE_REGULATION_OF_CELL_PROLIFERATION_INVOLVED_IN_KIDNEY_DEVELOPMENT	0.19769275490308863			
SCIBETTA_KDM5B_TARGETS_UP	0.19769056605555071			
PID_LYMPH_ANGIOGENESIS_PATHWAY	0.19768270024246032			
GSE29615_CTRL_VS_DAY7_LAIV_FLU_VACCINE_PBMC_DN	0.19768257704797484			
GO_MATURATION_OF_SSU_RRNA	0.19768228796291532			
GSE20366_TREG_VS_TCONV_UP	0.1976810513901888			
REACTOME_MITOCHONDRIAL_TRANSLATION	0.197677325478644			
GO_EUKARYOTIC_48S_PREINITIATION_COMPLEX	0.1976567298173989			
IPA_HDAC2_DN	0.19765477612827542			
GO_MICROTUBULE_ANCHORING_AT_MICROTUBULE_ORGANIZING_CENTER	0.19765144982240637			
GO_MONOUBIQUITINATED_PROTEIN_DEUBIQUITINATION	0.19765029369728018			
GO_REGULATION_OF_EXTRACELLULAR_MATRIX_ASSEMBLY	0.19764880109462493			
IPA_HDAC4_DN	0.19764315680250336			
MIR4684_5P	0.19763846936868087			
GO_RNA_PHOSPHODIESTER_BOND_HYDROLYSIS	0.1976348421432577			
DARWICHE_PAPILLOMA_RISK_HIGH_DN	0.19762624003503332			
MIKKELSEN_PLURIPOTENT_STATE_DN	0.1976198949008651			
GO_REGULATION_OF_ANTIGEN_PROCESSING_AND_PRESENTATION_OF_PEPTIDE_ANTIGEN	0.197615883794675			
GO_REGULATION_OF_NATURAL_KILLER_CELL_DIFFERENTIATION	0.19761495976127363			
BARX1_TARGET_GENES	0.1976119836310139			
GSE37301_HEMATOPOIETIC_STEM_CELL_VS_CD4_TCELL_DN	0.1976118931568028			
GO_DNA_REPLICATION_PREINITIATION_COMPLEX	0.1976030838762679			
JOHNSTONE_PARVB_TARGETS_3_UP	0.19760177225494618			
GO_NEGATIVE_REGULATION_OF_T_CELL_RECEPTOR_SIGNALING_PATHWAY	0.19760054350640824			
GO_POTASSIUM_CHLORIDE_SYMPORTER_ACTIVITY	0.19759930154434413			
REACTOME_PEPTIDE_LIGAND_BINDING_RECEPTORS	0.1975866290757249			
GO_DISTAL_CONVOLUTED_TUBULE_DEVELOPMENT	0.1975856618468604			
AMIT_EGF_RESPONSE_480_HELA	0.19758451217885184			
MIR507	0.19755115272141124			
GO_INTERFERON_RECEPTOR_ACTIVITY	0.19754234794155823			
GSE21360_SECONDARY_VS_QUATERNARY_MEMORY_CD8_TCELL_UP	0.19753118165914715			
MIR5193	0.19753098407942596			
GSE3982_MAC_VS_NEUTROPHIL_LPS_STIM_DN	0.1975268700480015			
GO_AXONEMAL_DYNEIN_COMPLEX	0.1975111309626327			
HAN_SATB1_TARGETS_UP	0.19750649093338823			
IPA_MED28_DN	0.19749770301360955			
HALLMARK_COMPLEMENT	0.1974970720628263			
GSE17721_0.5H_VS_8H_PAM3CSK4_BMDC_UP	0.1974829345543714			
GO_PURINE_NUCLEOSIDE_TRIPHOSPHATE_METABOLIC_PROCESS	0.19747831318381895			
GSE15624_CTRL_VS_6H_HALOFUGINONE_TREATED_CD4_TCELL_UP	0.19746838188890037			
MARTIN_NFKB_TARGETS_UP	0.19746628978905587			
GO_LATERAL_MESODERM_DEVELOPMENT	0.19746009590902086			
GO_POSITIVE_REGULATION_OF_ACTIVATED_T_CELL_PROLIFERATION	0.19745466130143013			
GO_POSITIVE_REGULATION_OF_MEMBRANE_PROTEIN_ECTODOMAIN_PROTEOLYSIS	0.19745321226079537			
GO_RNA_METHYLATION	0.1974530035745979			
GO_NEGATIVE_REGULATION_OF_MUSCLE_CONTRACTION	0.19745076462618744			
IWANAGA_E2F1_TARGETS_INDUCED_BY_SERUM	0.19744204809232554			
MIR8062	0.1974312673264009			
IPA_RFX1_UP	0.19743041413018053			
GO_ACTIVATION_OF_PHOSPHOLIPASE_D_ACTIVITY	0.19741604558131254			
GO_NEGATIVE_REGULATION_OF_GONAD_DEVELOPMENT	0.19741154863516647			
GO_FERMENTATION	0.1974085651711096			
GO_VASCULAR_ENDOTHELIAL_CELL_PROLIFERATION	0.19739323485962856			
MORI_IMMATURE_B_LYMPHOCYTE_DN	0.19738318582031303			
ZNF395_TARGET_GENES	0.19737620178008417			
GO_NEGATIVE_REGULATION_OF_BONE_DEVELOPMENT	0.19736859955069172			
MARKS_HDAC_TARGETS_DN	0.1973585394740216			
BOYAULT_LIVER_CANCER_SUBCLASS_G23_UP	0.19735082202885573			
MIR6841_5P	0.1973444078682084			
ZNF595_TARGET_GENES	0.19734368860017387			
REACTOME_CHYLOMICRON_ASSEMBLY	0.19734090663280773			
GSE9988_LOW_LPS_VS_ANTI_TREM1_AND_LPS_MONOCYTE_DN	0.19734089040634623			
GO_WNT_SIGNALING_PATHWAY_INVOLVED_IN_MIDBRAIN_DOPAMINERGIC_NEURON_DIFFERENTIATION	0.19733988987483883			
GO_POSITIVE_REGULATION_OF_HEART_CONTRACTION	0.197339778815917			
SCHAEFFER_PROSTATE_DEVELOPMENT_AND_CANCER_BOX6_UP	0.19733921767565005			
PID_P38_ALPHA_BETA_PATHWAY	0.19733220612355468			
LE_EGR2_TARGETS_UP	0.19732842999085212			
GSE411_WT_VS_SOCS3_KO_MACROPHAGE_IL6_STIM_400MIN_UP	0.1973202401559811			
GO_REGULATION_OF_PROTEIN_CONTAINING_COMPLEX_ASSEMBLY	0.19731816951474995			
MIR4727_5P	0.1973128900438308			
GO_POSITIVE_REGULATION_OF_HEART_GROWTH	0.19731280847225285			
GO_REGULATION_OF_CALCIDIOL_1_MONOOXYGENASE_ACTIVITY	0.19731034837211622			
GSE22501_PERIPHERAL_BLOOD_VS_CORD_BLOOD_TREG_DN	0.19729731376450957			
GO_RESPONSE_TO_CALCIUM_ION	0.19729137497185378			
SATO_SILENCED_EPIGENETICALLY_IN_PANCREATIC_CANCER	0.19727794343524935			
GO_EXODEOXYRIBONUCLEASE_ACTIVITY	0.197277855947835			
IPA_XBP1_DN	0.197264617104699			
GO_OXIDOREDUCTASE_ACTIVITY	0.19726208516402519			
GO_REGULATION_OF_OSTEOCLAST_DEVELOPMENT	0.19726175198410378			
REACTOME_MITOCHONDRIAL_IRON_SULFUR_CLUSTER_BIOGENESIS	0.19724724457735585			
BROWNE_HCMV_INFECTION_48HR_DN	0.19724074666684366			
LAIHO_COLORECTAL_CANCER_SERRATED_UP	0.1972381024131539			
GO_SARCOPLASMIC_RETICULUM_LUMEN	0.19723762149612228			
GO_NEGATIVE_REGULATION_OF_DNA_DAMAGE_RESPONSE_SIGNAL_TRANSDUCTION_BY_P53_CLASS_MEDIATOR	0.19723721726040516			
GO_REGULATION_OF_GENE_EXPRESSION_EPIGENETIC	0.19723588057404304			
BIOCARTA_PRION_PATHWAY	0.1972328212543939			
BIOCARTA_MSP_PATHWAY	0.1972186917908029			
GO_FOREBRAIN_MORPHOGENESIS	0.19721829138201605			
REACTOME_DERMATAN_SULFATE_BIOSYNTHESIS	0.1972026619103043			
MIR5187_5P	0.19719296690584398			
GO_MICROTUBULE_BASED_PROCESS	0.1971907705210582			
GO_POSITIVE_REGULATION_OF_RESPONSE_TO_CYTOKINE_STIMULUS	0.1971834205631183			
MIKKELSEN_DEDIFFERENTIATED_STATE_DN	0.19717405916872235			
GO_COLLAGEN_METABOLIC_PROCESS	0.19717281105220583			
GSE40274_CTRL_VS_LEF1_TRANSDUCED_ACTIVATED_CD4_TCELL_DN	0.1971341260177089			
GO_INTERLEUKIN_10_BIOSYNTHETIC_PROCESS	0.19712300551790687			
UBE2I_TARGET_GENES	0.19708243957533983			
GSE32255_WT_VS_JMJD2D_KNOCKDOWN_4H_LPS_STIM_DC_DN	0.19707494120501506			
C_MYC_Q16158_TARGET_GENES	0.19707027815366843			
KEGG_STEROID_HORMONE_BIOSYNTHESIS	0.1970586631621163			
REACTOME_DEGRADATION_OF_DVL	0.1970472030959755			
GSE19888_CTRL_VS_A3R_INHIBITOR_TREATED_MAST_CELL_DN	0.19704547065312353			
GO_NEURON_DEATH_IN_RESPONSE_TO_HYDROGEN_PEROXIDE	0.19703744287462793			
REACTOME_SIGNALING_BY_NOTCH	0.1970336874871621			
IPA_MYF5_UP	0.19703310627711595			
IPA_HDAC6_DN	0.19702629187054538			
GSE12845_IGD_POS_BLOOD_VS_NAIVE_TONSIL_BCELL_UP	0.19701968523029706			
KLF3_TARGET_GENES	0.19700842509562502			
MIR3185	0.19699217207543399			
GO_POSITIVE_REGULATION_OF_APOPTOTIC_SIGNALING_PATHWAY	0.19699145266493734			
GSE17721_POLYIC_VS_PAM3CSK4_8H_BMDC_UP	0.19698742751228096			
BIOCARTA_ARF_PATHWAY	0.19698521925421222			
IPA_SMARCC1_UP	0.19697489779841437			
GSE16385_ROSIGLITAZONE_IL4_VS_IL4_ALONE_STIM_MACROPHAGE_12H_UP	0.196969987268614			
MIR3622A_3P_MIR3622B_3P	0.19696693341835173			
GO_POSITIVE_REGULATION_OF_MACROPHAGE_ACTIVATION	0.19696049227405227			
RIZKI_TUMOR_INVASIVENESS_3D_UP	0.19695995181775552			
GSE40184_HEALTHY_VS_HCV_INFECTED_DONOR_PBMC_UP	0.1969546357801094			
MIR6074	0.1969395600025192			
IPA_WNK1_UP	0.19691945309727754			
IPA_OXSR1_UP	0.19691945309727754			
chr4q21	0.19691930335159086			
MYB_Q6	0.19690740581640118			
GO_TENDON_DEVELOPMENT	0.19690442859157592			
GO_NUCLEOTIDE_SUGAR_BIOSYNTHETIC_PROCESS	0.1969011762187902			
GO_SM_LIKE_PROTEIN_FAMILY_COMPLEX	0.1968975420350354			
GSE9006_TYPE_1_DIABETES_AT_DX_VS_4MONTH_POST_DX_PBMC_DN	0.19689549008988438			
GSE25087_FETAL_VS_ADULT_TCONV_UP	0.19689229766844396			
IPA_MYF5_DN	0.1968918952807049			
MIR4317	0.19688151628219586			
MIR4296	0.1968812309000586			
GO_CELLULAR_RESPONSE_TO_EXTRACELLULAR_STIMULUS	0.19688113258592865			
GO_PROTON_TRANSMEMBRANE_TRANSPORTER_ACTIVITY	0.19687908235336188			
BANDRES_RESPONSE_TO_CARMUSTIN_MGMT_48HR_DN	0.19687122805194485			
GO_CELLULAR_RESPONSE_TO_GONADOTROPIN_STIMULUS	0.19687070351044805			
GSE40274_CTRL_VS_FOXP3_AND_XBP1_TRANSDUCED_ACTIVATED_CD4_TCELL_UP	0.1968698000959049			
GO_POLYMERIC_CYTOSKELETAL_FIBER	0.19686788878550698			
GO_NEGATIVE_REGULATION_OF_DNA_BINDING_TRANSCRIPTION_FACTOR_ACTIVITY	0.19685721664908615			
GSE15659_TREG_VS_TCONV_DN	0.1968545520612931			
MIR767_5P	0.19683939692351565			
GO_NEGATIVE_REGULATION_OF_CELL_JUNCTION_ASSEMBLY	0.196837479317582			
GSE43955_1H_VS_20H_ACT_CD4_TCELL_UP	0.19682962049665148			
MIR7853_5P	0.19682270910219515			
NME2_TARGET_GENES	0.19681808601179557			
GO_POSITIVE_REGULATION_OF_EPITHELIAL_CELL_PROLIFERATION_INVOLVED_IN_LUNG_MORPHOGENESIS	0.19681490109087418			
GO_VACUOLE	0.19681411801424364			
GSE39820_TGFBETA1_VS_TGFBETA3_IN_IL6_IL23A_TREATED_CD4_TCELL_UP	0.196812158070093			
GO_ALPHA_BETA_T_CELL_RECEPTOR_COMPLEX	0.19681177725562424			
GSE5589_IL6_KO_VS_IL10_KO_LPS_AND_IL10_STIM_MACROPHAGE_45MIN_UP	0.1968035012901131			
MIR4769_3P	0.1967909671176819			
GO_POSITIVE_REGULATION_OF_CATABOLIC_PROCESS	0.196787505521405			
REACTOME_ENDOSOMAL_VACUOLAR_PATHWAY	0.19678537510990748			
REACTOME_ACYL_CHAIN_REMODELLING_OF_PS	0.1967808175169407			
MIR377_3P	0.1967746403425316			
GO_EOSINOPHIL_ACTIVATION	0.19676939563480297			
DPPA3_TARGET_GENES	0.19676522891273815			
GSE5589_LPS_VS_LPS_AND_IL10_STIM_MACROPHAGE_45MIN_UP	0.19676232758383455			
GO_RESPONSE_TO_GONADOTROPIN	0.19675836590527368			
MIR6819_5P	0.19675049113341483			
GO_PROTEIN_K48_LINKED_UBIQUITINATION	0.19674629808563332			
GO_POSITIVE_REGULATION_OF_HEMATOPOIETIC_PROGENITOR_CELL_DIFFERENTIATION	0.19674491003763636			
GO_COATED_VESICLE_MEMBRANE	0.19673891853327036			
GO_PROTEIN_KINASE_ACTIVITY	0.1967349505454763			
REACTOME_LDL_CLEARANCE	0.19673229086859476			
BIOCARTA_HES_PATHWAY	0.19673109519900694			
GSE6259_FLT3L_INDUCED_DEC205_POS_DC_VS_CD8_TCELL_UP	0.19673078940860653			
GSE11884_WT_VS_FURIN_KO_NAIVE_CD4_TCELL_UP	0.19672982773239484			
GO_CATECHOLAMINE_UPTAKE	0.19672942909173521			
GO_NEGATIVE_REGULATION_OF_ION_TRANSMEMBRANE_TRANSPORT	0.19671771962624207			
GSE16266_CTRL_VS_HEATSHOCK_AND_LPS_STIM_MEF_DN	0.19671599235672285			
MIR500A_5P	0.1967150259192375			
MURAKAMI_UV_RESPONSE_1HR_DN	0.19671477686537175			
GO_PROTEIN_GERANYLGERANYLTRANSFERASE_ACTIVITY	0.1966998810450476			
GSE36392_EOSINOPHIL_VS_MAC_IL25_TREATED_LUNG_UP	0.19669882687677698			
chr3q28	0.19669169571768338			
GO_NEGATIVE_REGULATION_OF_TRIGLYCERIDE_METABOLIC_PROCESS	0.1966868059239836			
GO_RESPONSE_TO_MITOCHONDRIAL_DEPOLARISATION	0.19667936287247625			
GO_POSTSYNAPSE_ASSEMBLY	0.19667242936378337			
GSE30083_SP1_VS_SP2_THYMOCYTE_DN	0.19666652230655116			
GO_POSITIVE_REGULATION_OF_VASCULAR_ENDOTHELIAL_CELL_PROLIFERATION	0.1966605686359701			
GSE27786_CD8_TCELL_VS_NKCELL_UP	0.19664836596502555			
GO_POSITIVE_REGULATION_OF_RELEASE_OF_CYTOCHROME_C_FROM_MITOCHONDRIA	0.19664524612692505			
IPA_MTA3_UP	0.19662652852424123			
MIR3123	0.19662615974881087			
GSE17974_CTRL_VS_ACT_IL4_AND_ANTI_IL12_12H_CD4_TCELL_UP	0.19662245237687248			
GO_PHOTORECEPTOR_CELL_OUTER_SEGMENT_ORGANIZATION	0.19661976449008847			
GSE36826_NORMAL_VS_STAPH_AUREUS_INF_SKIN_UP	0.19661514596347454			
GO_CHONDROITIN_SULFATE_PROTEOGLYCAN_BIOSYNTHETIC_PROCESS	0.19659532755304152			
GSE9988_ANTI_TREM1_VS_LPS_MONOCYTE_UP	0.19659463658367907			
MISSIAGLIA_REGULATED_BY_METHYLATION_DN	0.19657682911632954			
GSE37534_GW1929_VS_ROSIGLITAZONE_TREATED_CD4_TCELL_PPARG1_FOXP3_TRANSDUCED_DN	0.19656490103864635			
GO_MITOCHONDRIAL_TRANSLATION	0.19656188522249038			
GO_POTASSIUM_CHANNEL_INHIBITOR_ACTIVITY	0.19656113231336575			
GSE2128_C57BL6_VS_NOD_CD4CD8_DP_THYMOCYTE_DN	0.1965585060620659			
GSE3982_MAC_VS_EFF_MEMORY_CD4_TCELL_UP	0.19655228946632525			
GO_TRANSLATIONAL_ELONGATION	0.19655037739502962			
GO_SERINE_PHOSPHORYLATION_OF_STAT_PROTEIN	0.1965457212315829			
GO_POSITIVE_REGULATION_OF_TOR_SIGNALING	0.19654404972540193			
MIR4793_5P	0.1965425487522845			
CCAATNNSNNNGCG_UNKNOWN	0.1965336913575927			
TGIF_01	0.1965198380964862			
REACTOME_PYRIMIDINE_SALVAGE	0.19649861654414624			
GO_ENDOSOME_LUMEN	0.196494815292178			
GSE12198_CTRL_VS_LOW_IL2_STIM_NK_CELL_DN	0.19649260367275026			
GO_CUL4B_RING_E3_UBIQUITIN_LIGASE_COMPLEX	0.19648610245345907			
MIZUKAMI_HYPOXIA_UP	0.1964802643810665			
GO_CYTOKINETIC_PROCESS	0.1964774490769485			
GO_TYROSINE_CATABOLIC_PROCESS	0.19646722854221346			
REACTOME_TYROSINE_CATABOLISM	0.19646722854221346			
MIR4717_3P	0.19646119206037593			
GSE22886_NAIVE_CD4_TCELL_VS_12H_ACT_TH2_UP	0.19646072597609			
BIOCARTA_SLRP_PATHWAY	0.19645846136353035			
LA_MEN1_TARGETS	0.19645744007600913			
GSE35825_IFNA_VS_IFNG_STIM_MACROPHAGE_UP	0.1964545106408697			
GO_BRAIN_MORPHOGENESIS	0.1964472566816641			
GO_WATER_TRANSMEMBRANE_TRANSPORTER_ACTIVITY	0.1964454682425145			
GSE41978_WT_VS_ID2_KO_AND_BIM_KO_KLRG1_LOW_EFFECTOR_CD8_TCELL_DN	0.19644516346381008			
GSE21670_TGFB_VS_IL6_TREATED_STAT3_KO_CD4_TCELL_UP	0.19643307465155038			
GO_REGULATION_OF_CGMP_MEDIATED_SIGNALING	0.19642307156839228			
GSE40274_HELIOS_VS_FOXP3_AND_HELIOS_TRANSDUCED_ACTIVATED_CD4_TCELL_UP	0.1964055351256857			
CHICAS_RB1_TARGETS_GROWING	0.1964042566254554			
GO_LYASE_ACTIVITY	0.19640401290516693			
GO_GLUCOCORTICOID_SECRETION	0.19639782555487784			
chr6q27	0.19639651137570185			
GSE3920_UNTREATED_VS_IFNA_TREATED_ENDOTHELIAL_CELL_UP	0.19639023483264767			
CHEN_LVAD_SUPPORT_OF_FAILING_HEART_UP	0.19638809413214223			
MIR3192_5P	0.19638772658282364			
GO_PROTEIN_LOCALIZATION_TO_CYTOPLASMIC_STRESS_GRANULE	0.19638509459040143			
GSE16386_IL4_VS_IL4_AND_ROSIGLITAZONE_STIM_MACROPHAGE_6H_UP	0.19637963853816626			
GO_PHOSPHATIDYLSERINE_EXPOSURE_ON_APOPTOTIC_CELL_SURFACE	0.19637924214983837			
BILANGES_RAPAMYCIN_SENSITIVE_VIA_TSC1_AND_TSC2	0.19637910035840275			
MIR607	0.19637900847984102			
MIR8084	0.19637074896192236			
NFKB_C	0.19637012591440473			
GSE4142_NAIVE_BCELL_VS_PLASMA_CELL_UP	0.19636151571264213			
BIOCARTA_RANMS_PATHWAY	0.19635326701171896			
GO_ATPASE_DEPENDENT_TRANSMEMBRANE_TRANSPORT_COMPLEX	0.196353102293922			
GO_U12_TYPE_SPLICEOSOMAL_COMPLEX	0.1963505425350548			
MIR374A_3P	0.196342722425812			
GO_KERATAN_SULFATE_CATABOLIC_PROCESS	0.19634017275206922			
GO_POSITIVE_REGULATION_OF_VASOCONSTRICTION	0.19633913415323853			
GSE19941_IL10_KO_VS_IL10_KO_AND_NFKBP50_KO_LPS_AND_IL10_STIM_MACROPHAGE_UP	0.1963342279806067			
GO_TRANSLATION_PREINITIATION_COMPLEX	0.1963221992677943			
BORCZUK_MALIGNANT_MESOTHELIOMA_DN	0.19632152929413257			
MIR219A_2_3P	0.19631477177286452			
TGGTGCT_MIR29A_MIR29B_MIR29C	0.1962951485794876			
GO_REGULATION_OF_REACTIVE_OXYGEN_SPECIES_METABOLIC_PROCESS	0.19629458308922063			
IPA_TAZ_UP	0.196294336662347			
GO_MAINTENANCE_OF_ORGANELLE_LOCATION	0.19629325193462224			
GSE23321_CD8_STEM_CELL_MEMORY_VS_EFFECTOR_MEMORY_CD8_TCELL_UP	0.1962861319007857			
GO_POSITIVE_REGULATION_OF_MITOTIC_SISTER_CHROMATID_SEPARATION	0.19627791534391784			
RUNNE_GENDER_EFFECT_UP	0.1962751140169407			
GO_BONE_MARROW_DEVELOPMENT	0.1962663131790957			
SIGMAR1_TARGET_GENES	0.19626423045418537			
NRF2_01	0.1962583483396935			
MIR582_3P	0.1962540227152424			
GSE37532_WT_VS_PPARG_KO_LN_TCONV_UP	0.19625074352953475			
MIR519A_2_5P_MIR520B_5P	0.19624661372962282			
GO_ANTIBIOTIC_METABOLIC_PROCESS	0.19624162861913969			
MIR335_5P	0.19624144519427783			
MIR6853_3P	0.19623889378114703			
GSE2770_UNTREATED_VS_TGFB_AND_IL12_TREATED_ACT_CD4_TCELL_48H_UP	0.19623286568105838			
MIR580_3P	0.19621739365418125			
MIR6807_3P	0.19621455268660315			
GSE3982_MAC_VS_NKCELL_DN	0.19621021761951857			
GO_REGULATION_OF_MITOPHAGY	0.19620927786333453			
GO_DISULFIDE_OXIDOREDUCTASE_ACTIVITY	0.196208597228801			
MIR3684	0.19619558786590544			
KYNG_DNA_DAMAGE_BY_UV	0.19619206678210738			
IPA_BCL6_DN	0.19619113149261047			
GSE37534_UNTREATED_VS_GW1929_TREATED_CD4_TCELL_PPARG1_AND_FOXP3_TRASDUCED_DN	0.1961810534325225			
GSE11924_TH1_VS_TH17_CD4_TCELL_UP	0.1961765254488156			
GO_PURINE_DEOXYRIBONUCLEOSIDE_TRIPHOSPHATE_CATABOLIC_PROCESS	0.1961752247560697			
REACTOME_FGFR2_LIGAND_BINDING_AND_ACTIVATION	0.19617466092158173			
HENDRICKS_SMARCA4_TARGETS_UP	0.19617071957217472			
SCHLINGEMANN_SKIN_CARCINOGENESIS_TPA_UP	0.1961661979536711			
GO_CHROMATIN_ORGANIZATION	0.1961650354595427			
ZNF830_TARGET_GENES	0.1961628403335724			
REACTOME_GAP_JUNCTION_TRAFFICKING_AND_REGULATION	0.1961477223464779			
GO_PERK_MEDIATED_UNFOLDED_PROTEIN_RESPONSE	0.1961390866737306			
GO_PROTEIN_ADP_RIBOSYLATION	0.19613836819726413			
GSE37416_0H_VS_48H_F_TULARENSIS_LVS_NEUTROPHIL_DN	0.1961369274026825			
GO_MALE_SEX_DETERMINATION	0.19613207063045662			
GO_TRANSMEMBRANE_RECEPTOR_PROTEIN_TYROSINE_KINASE_ADAPTOR_ACTIVITY	0.19612944686971423			
GO_HOMEOSTASIS_OF_NUMBER_OF_CELLS_WITHIN_A_TISSUE	0.19611969929954876			
REACTOME_FORMATION_OF_TC_NER_PRE_INCISION_COMPLEX	0.19611751162509686			
GO_PYRIDINE_CONTAINING_COMPOUND_METABOLIC_PROCESS	0.19610210819296275			
GO_INOSITOL_PHOSPHATE_MEDIATED_SIGNALING	0.19609852775172662			
GO_FEAR_RESPONSE	0.1960982807496304			
WEST_ADRENOCORTICAL_CARCINOMA_VS_ADENOMA_DN	0.19609620011630816			
MIR4254	0.19609549023467984			
HUMMERICH_SKIN_CANCER_PROGRESSION_UP	0.1960948173327928			
GAUSSMANN_MLL_AF4_FUSION_TARGETS_B_UP	0.1960915888060287			
MIR3059_5P	0.19608983743391709			
GO_RNA_STABILIZATION	0.19607809214129077			
GSE7852_LN_VS_THYMUS_TREG_DN	0.19606275384213342			
MORC2_TARGET_GENES	0.19606147917703476			
GO_AMIDE_BIOSYNTHETIC_PROCESS	0.1960609742900965			
GO_NEGATIVE_REGULATION_OF_LOCOMOTION	0.19605723857820395			
MIR3606_5P	0.19604239354247083			
GO_CELLULAR_RESPONSE_TO_MURAMYL_DIPEPTIDE	0.19603915174286074			
MIR4507	0.19603491854498037			
GSE22432_CONVENTIONAL_CDC_VS_PLASMACYTOID_PDC_UP	0.19603478831908427			
GO_PLASMA_MEMBRANE_RAFT_ORGANIZATION	0.19603254858910293			
GO_POSITIVE_REGULATION_OF_COLD_INDUCED_THERMOGENESIS	0.19601312103845012			
GO_SPINDLE_POLE	0.1960096806302056			
GO_RELAXATION_OF_SMOOTH_MUSCLE	0.19600792440969916			
PRC2_EZH2_UP.V1_UP	0.19600554295888675			
GO_REGULATION_OF_NATURAL_KILLER_CELL_CHEMOTAXIS	0.19600547598887977			
GO_ORGANIC_ACID_SODIUM_SYMPORTER_ACTIVITY	0.19598233336476367			
GO_ANTIGEN_PROCESSING_AND_PRESENTATION_OF_LIPID_ANTIGEN_VIA_MHC_CLASS_IB	0.19597916260703432			
chr7q32	0.1959759481066863			
GSE36078_WT_VS_IL1R_KO_LUNG_DC_AFTER_AD5_INF_DN	0.19595669433617638			
MIR150_5P	0.19595308478869283			
REACTOME_CILIUM_ASSEMBLY	0.19594537396867603			
BIOCARTA_AHSP_PATHWAY	0.19593924103459998			
ZNF202_TARGET_GENES	0.19593625170109982			
GSE9946_IMMATURE_VS_LISTERIA_INF_MATURE_DC_DN	0.19593505226380553			
OUILLETTE_CLL_13Q14_DELETION_UP	0.19592715080534803			
MIR487B_5P	0.19592646348586917			
REACTOME_DNA_DAMAGE_TELOMERE_STRESS_INDUCED_SENESCENCE	0.19591935963488463			
GO_DYNEIN_LIGHT_INTERMEDIATE_CHAIN_BINDING	0.19589594124964804			
GSE3982_EOSINOPHIL_VS_DC_DN	0.19588243580718487			
IPA_FOS_UP	0.19587919583950614			
GSE12392_CD8A_POS_VS_NEG_SPLEEN_IFNB_KO_DC_DN	0.1958768027474632			
REACTOME_CGMP_EFFECTS	0.1958576637305227			
CHIANG_LIVER_CANCER_SUBCLASS_UNANNOTATED_DN	0.19585736397063022			
MIR1908_5P	0.1958480382870983			
GO_REGULATION_OF_SARCOMERE_ORGANIZATION	0.19583615476222385			
GSE6092_B_BURGDOFERI_VS_B_BURGDORFERI_AND_IFNG_STIM_ENDOTHELIAL_CELL_UP	0.19582768983439694			
GO_POSITIVE_REGULATION_OF_ALCOHOL_BIOSYNTHETIC_PROCESS	0.19582377516949173			
IPA_E2F8_DN	0.195817973192761			
GO_CARDIAC_CONDUCTION	0.19579679875717287			
GSE2770_UNTREATED_VS_ACT_CD4_TCELL_48H_UP	0.19578474533088683			
GO_NEGATIVE_REGULATION_OF_OSTEOCLAST_DEVELOPMENT	0.1957794957000045			
GSE5589_WT_VS_IL6_KO_LPS_STIM_MACROPHAGE_45MIN_UP	0.19577390029909933			
REACTOME_INTERLEUKIN_17_SIGNALING	0.19577331258119898			
IPA_IRF6_UP	0.19576782702213544			
GO_OOCYTE_MATURATION	0.19576600345017048			
GSE35825_UNTREATED_VS_IFNA_STIM_MACROPHAGE_UP	0.19576431701985433			
GO_PROTEIN_SERINE_THREONINE_KINASE_INHIBITOR_ACTIVITY	0.19576310905591485			
GSE16450_CTRL_VS_IFNA_12H_STIM_MATURE_NEURON_CELL_LINE_DN	0.1957582844411803			
GO_INORGANIC_ION_IMPORT_ACROSS_PLASMA_MEMBRANE	0.19575755091450073			
BRUINS_UVC_RESPONSE_VIA_TP53_GROUP_B	0.19575260730343177			
MIR6131	0.19574842585865204			
GO_NATURAL_KILLER_CELL_CHEMOTAXIS	0.19574525246060895			
ZNF404_TARGET_GENES	0.19574141251007565			
GSE3982_DC_VS_CENT_MEMORY_CD4_TCELL_UP	0.1957389428098131			
BARHL1_TARGET_GENES	0.19573739787073194			
STEARMAN_TUMOR_FIELD_EFFECT_UP	0.19573498490255556			
AUJLA_IL22_AND_IL17A_SIGNALING	0.19573378838910147			
GSE15659_CD45RA_NEG_CD4_TCELL_VS_NONSUPPRESSIVE_TCELL_DN	0.19572535835319946			
MIR5584_3P	0.19572530523447107			
MCBRYAN_PUBERTAL_BREAST_4_5WK_DN	0.1957229210017875			
GSE5589_LPS_VS_LPS_AND_IL10_STIM_IL10_KO_MACROPHAGE_180MIN_DN	0.19572075701232675			
GO_REGULATION_OF_ANTIGEN_PROCESSING_AND_PRESENTATION_OF_PEPTIDE_OR_POLYSACCHARIDE_ANTIGEN_VIA_MHC_CLASS_II	0.1957192725233113			
GSE9037_WT_VS_IRAK4_KO_LPS_1H_STIM_BMDM_DN	0.19571848427436614			
GO_CARBOHYDRATE_TRANSMEMBRANE_TRANSPORT	0.19571522632390584			
REACTOME_FGFR1C_LIGAND_BINDING_AND_ACTIVATION	0.19571396980156278			
HOFFMANN_LARGE_TO_SMALL_PRE_BII_LYMPHOCYTE_DN	0.19570307546531993			
GO_MITOCHONDRIAL_PROTEIN_COMPLEX	0.1956950418793492			
CAMP_UP.V1_UP	0.19568880495302082			
GSE22140_GERMFREE_VS_SPF_ARTHRITIC_MOUSE_CD4_TCELL_UP	0.19568135813320964			
KERLEY_RESPONSE_TO_CISPLATIN_DN	0.19567153788373032			
GO_PURINE_NUCLEOSIDE_CATABOLIC_PROCESS	0.19565717562132048			
MYLLYKANGAS_AMPLIFICATION_HOT_SPOT_18	0.19565475247922814			
GO_FANCONI_ANAEMIA_NUCLEAR_COMPLEX	0.19565245802602774			
GO_NUCLEOSIDE_BISPHOSPHATE_CATABOLIC_PROCESS	0.1956497165805654			
PARENT_MTOR_SIGNALING_DN	0.19563035037685975			
WHITESIDE_CISPLATIN_RESISTANCE_DN	0.19562511179291336			
REACTOME_CELLULAR_HEXOSE_TRANSPORT	0.1956250368089657			
GSE16385_IFNG_TNF_VS_ROSIGLITAZONE_STIM_MACROPHAGE_UP	0.1956181731174469			
MIR197_5P	0.19561573779314842			
GSE13485_CTRL_VS_DAY1_YF17D_VACCINE_PBMC_UP	0.19561076119307713			
GO_CHEMOKINE_C_C_MOTIF_LIGAND_2_SECRETION	0.19559173928201704			
GSE1740_UNSTIM_VS_IFNA_STIMULATED_MCSF_IFNG_DERIVED_MACROPHAGE_DN	0.19558965848415824			
GO_GLUTATHIONE_CATABOLIC_PROCESS	0.1955830877900143			
GO_NEGATIVE_REGULATION_OF_CELL_SIZE	0.19558006197115985			
IPA_PAX5_UP	0.19557474225627808			
REACTOME_LAMININ_INTERACTIONS	0.1955482029093335			
GO_DNA_TEMPLATED_TRANSCRIPTION_TERMINATION	0.19554736842339124			
GO_POSITIVE_REGULATION_OF_TRANSMEMBRANE_TRANSPORT	0.1955471536220044			
REACTOME_G_BETA_GAMMA_SIGNALLING_THROUGH_PI3KGAMMA	0.19554418705734353			
GO_REGULATION_OF_TYPE_I_INTERFERON_MEDIATED_SIGNALING_PATHWAY	0.19552374996854816			
MIR7843_3P	0.195522788967014			
GSE18791_CTRL_VS_NEWCASTLE_VIRUS_DC_10H_UP	0.19551622358163365			
GSE1460_CORD_VS_ADULT_BLOOD_NAIVE_CD4_TCELL_UP	0.19550783326840704			
SARTIPY_NORMAL_AT_INSULIN_RESISTANCE_DN	0.19550767214356915			
GSE27786_CD8_TCELL_VS_MONO_MAC_DN	0.1955061219896711			
GO_PEPTIDE_TRANSMEMBRANE_TRANSPORTER_ACTIVITY	0.19550469686069158			
chr17p13	0.19549651761647363			
NIKOLSKY_BREAST_CANCER_7Q21_Q22_AMPLICON	0.19548684338344516			
GSE17721_CTRL_VS_POLYIC_2H_BMDC_UP	0.19548166610441023			
GO_EXTRACELLULAR_MATRIX_STRUCTURAL_CONSTITUENT_CONFERRING_COMPRESSION_RESISTANCE	0.1954758863676988			
GSE14000_TRANSLATED_RNA_VS_MRNA_DC_UP	0.19546075664689197			
GO_DE_NOVO_PYRIMIDINE_NUCLEOBASE_BIOSYNTHETIC_PROCESS	0.19545588511182807			
ROZANOV_MMP14_CORRELATED	0.1954428750971899			
GSE27786_CD4_VS_CD8_TCELL_UP	0.1954424270861536			
GSE16385_ROSIGLITAZONE_IFNG_TNF_VS_IL4_STIM_MACROPHAGE_UP	0.19543510111731224			
GSE37563_WT_VS_CTLA4_KO_CD4_TCELL_D4_POST_IMMUNIZATION_UP	0.19543307979721108			
GSE15324_ELF4_KO_VS_WT_ACTIVATED_CD8_TCELL_UP	0.1954298168552896			
PDGF_ERK_DN.V1_UP	0.19542504809442773			
GO_NADPH_REGENERATION	0.1954186286272102			
GSE36476_CTRL_VS_TSST_ACT_72H_MEMORY_CD4_TCELL_OLD_UP	0.19541334958381384			
GO_SODIUM_INDEPENDENT_ORGANIC_ANION_TRANSMEMBRANE_TRANSPORTER_ACTIVITY	0.19539765295611305			
GSE33374_CD8_ALPHAALPHA_VS_ALPHABETA_CD161_HIGH_TCELL_UP	0.1953929087942947			
GO_CILIARY_PLASM	0.1953892660227494			
RORA_TARGET_GENES	0.19538724470000454			
DELYS_THYROID_CANCER_UP	0.19537882698630413			
GO_REGULATION_OF_POLYAMINE_TRANSMEMBRANE_TRANSPORT	0.19536978328171706			
BANDRES_RESPONSE_TO_CARMUSTIN_MGMT_48HR_UP	0.19536436053906922			
GSE17721_POLYIC_VS_PAM3CSK4_12H_BMDC_UP	0.1953626335018582			
REACTOME_P75NTR_RECRUITS_SIGNALLING_COMPLEXES	0.19535715482178184			
GO_CHORIONIC_TROPHOBLAST_CELL_PROLIFERATION	0.1953564948173397			
RLF_TARGET_GENES	0.19535175855484826			
GO_KERATIN_FILAMENT_BINDING	0.1953515454929444			
GO_PRIMARY_AMINE_OXIDASE_ACTIVITY	0.19535123092456214			
PID_REG_GR_PATHWAY	0.1953370007142352			
BIOCARTA_PKC_PATHWAY	0.1953304037956193			
GSE20727_ROS_INH_VS_ROS_INH_AND_DNFB_ALLERGEN_TREATED_DC_UP	0.1953225433117174			
GO_PROGRAMMED_CELL_DEATH_INVOLVED_IN_CELL_DEVELOPMENT	0.19531804488686952			
GO_NEGATIVE_REGULATION_OF_CD4_POSITIVE_ALPHA_BETA_T_CELL_PROLIFERATION	0.1953172157666588			
GSE37533_PPARG1_FOXP3_VS_FOXP3_TRANSDUCED_CD4_TCELL_UP	0.1953166480830276			
MIR4329	0.19531230423773077			
GO_SMALL_RIBOSOMAL_SUBUNIT_RRNA_BINDING	0.19531068709678204			
MIR619_5P	0.19529269823032516			
REACTOME_PASSIVE_TRANSPORT_BY_AQUAPORINS	0.19528276751700951			
PEDERSEN_TARGETS_OF_611CTF_ISOFORM_OF_ERBB2	0.19527926201235407			
GSE40274_FOXP3_VS_FOXP3_AND_XBP1_TRANSDUCED_ACTIVATED_CD4_TCELL_DN	0.19527648787689753			
IPA_RCOR1_DN	0.1952745752338667			
GO_POSITIVE_REGULATION_OF_MESONEPHROS_DEVELOPMENT	0.19526537210445563			
MIR487A_5P	0.19526303452450583			
GO_OXIDOREDUCTASE_ACTIVITY_ACTING_ON_PAIRED_DONORS_WITH_INCORPORATION_OR_REDUCTION_OF_MOLECULAR_OXYGEN_REDUCED_ASCORBATE_AS_ONE_DONOR_AND_INCORPORATION_OF_ONE_ATOM_OF_OXYGEN	0.19526176938484532			
EHLERS_ANEUPLOIDY_UP	0.19526023557840627			
GO_VITAMIN_B6_METABOLIC_PROCESS	0.19525539476943066			
GGCAGAC_MIR346	0.19525455527431312			
AP1_Q4_01	0.19525019527672427			
GSE26030_UNSTIM_VS_RESTIM_TH17_DAY15_POST_POLARIZATION_DN	0.19524948386501395			
IIZUKA_LIVER_CANCER_PROGRESSION_L0_L1_UP	0.1952397720015633			
GO_REGULATION_OF_T_CELL_ACTIVATION_VIA_T_CELL_RECEPTOR_CONTACT_WITH_ANTIGEN_BOUND_TO_MHC_MOLECULE_ON_ANTIGEN_PRESENTING_CELL	0.19523866043443366			
GSE7568_IL4_TGFB_DEXAMETHASONE_VS_IL4_TGFB_TREATED_MACROPHAGE_UP	0.19523021157440615			
chrXq21	0.19522732920687477			
MAYBURD_RESPONSE_TO_L663536_DN	0.19522170402130862			
GO_ALANINE_TRANSMEMBRANE_TRANSPORTER_ACTIVITY	0.19521590405545705			
GO_L_ALANINE_TRANSPORT	0.19521590405545705			
IPA_LHX2_UP	0.1952145645700803			
BIOCARTA_TOLL_PATHWAY	0.19519674010078947			
BIOCARTA_CCR3_PATHWAY	0.19519436867403633			
PID_NFAT_3PATHWAY	0.19518066134277853			
REACTOME_GLOBAL_GENOME_NUCLEOTIDE_EXCISION_REPAIR_GG_NER	0.19517267497993146			
GO_MACROPHAGE_MIGRATION	0.19517042473403692			
AMIT_EGF_RESPONSE_40_MCF10A	0.19516976777790382			
GO_REGULATION_OF_MRNA_POLYADENYLATION	0.19516746707943625			
GO_DENDRITE_ARBORIZATION	0.19516662049955813			
REACTOME_SIGNALING_BY_VEGF	0.19516572132569746			
GO_CLEAVAGE_FURROW	0.19515948273325315			
REACTOME_RUNX2_REGULATES_GENES_INVOLVED_IN_CELL_MIGRATION	0.19515819987726457			
GSE10273_LOW_IL7_VS_HIGH_IL7_AND_IRF4_IN_IRF4_8_NULL_PRE_BCELL_UP	0.19514632963690753			
BIOCARTA_RAC1_PATHWAY	0.19514308428415725			
chr9q21	0.19513151567198012			
MIR1236_5P	0.1951264978248094			
GO_CUL4_RING_E3_UBIQUITIN_LIGASE_COMPLEX	0.1951244052043838			
GSE39110_UNTREATED_VS_IL2_TREATED_CD8_TCELL_DAY3_POST_IMMUNIZATION_UP	0.19512406665728046			
TET1_TARGET_GENES	0.19512201300138832			
REACTOME_ANTIGEN_ACTIVATES_B_CELL_RECEPTOR_BCR_LEADING_TO_GENERATION_OF_SECOND_MESSENGERS	0.19511444643939224			
REACTOME_TRANSPORT_OF_MATURE_TRANSCRIPT_TO_CYTOPLASM	0.1951134766407929			
IPA_MYB_DN	0.19511271720184736			
IPA_CEBPE_DN	0.19510717942914			
GO_ACTIVATION_OF_MAPK_ACTIVITY	0.1951023351439183			
MAGRANGEAS_MULTIPLE_MYELOMA_IGLL_VS_IGLK_DN	0.19509495659804307			
MIR548AV_5P_MIR548K	0.19509208869382488			
MIR526B_5P	0.19508454357350602			
GSE2405_S_AUREUS_VS_UNTREATED_NEUTROPHIL_UP	0.19508401908787382			
GO_LEUKOCYTE_AGGREGATION	0.19508346905789378			
GSE44732_UNSTIM_VS_IL27_STIM_IMATURE_DC_DN	0.195074547602306			
KEGG_SULFUR_METABOLISM	0.19507155525745082			
IPA_POU2AF1_UP	0.19505838000361903			
GO_POSITIVE_REGULATION_OF_SYNAPTIC_VESICLE_CLUSTERING	0.1950315782759762			
MIR7109_5P	0.19502531313339175			
MIR4426	0.19501562409050527			
MARTIN_INTERACT_WITH_HDAC	0.19501540661963124			
GSE3720_UNSTIM_VS_LPS_STIM_VD1_GAMMADELTA_TCELL_UP	0.19498958848468786			
GO_DENDRITIC_TRANSPORT	0.1949875374591609			
GO_PHAGOLYSOSOME_ASSEMBLY	0.1949865083023105			
REACTOME_SLBP_DEPENDENT_PROCESSING_OF_REPLICATION_DEPENDENT_HISTONE_PRE_MRNAS	0.19497943774004603			
GO_TRANSLATIONAL_TERMINATION	0.19497882785129703			
GSE22886_NAIVE_TCELL_VS_DC_DN	0.1949765073245085			
GO_EXORIBONUCLEASE_COMPLEX	0.1949758065182586			
MYLLYKANGAS_AMPLIFICATION_HOT_SPOT_17	0.19497530132420135			
REACTOME_HATS_ACETYLATE_HISTONES	0.19496197110929359			
GO_ACTIVATION_OF_NF_KAPPAB_INDUCING_KINASE_ACTIVITY	0.19495743983031344			
REACTOME_BETA_OXIDATION_OF_PRISTANOYL_COA	0.19494547397513648			
TTGCWCAAY_CEBPB_02	0.19494060902551727			
RASHI_RESPONSE_TO_IONIZING_RADIATION_2	0.19494040406335666			
REACTOME_DOWNREGULATION_OF_ERBB2_ERBB3_SIGNALING	0.19493986439638783			
GO_PEROXISOMAL_MEMBRANE_TRANSPORT	0.19493937717599863			
GO_REGULATION_OF_SYNAPTIC_VESICLE_CLUSTERING	0.19493429339481738			
GO_CHROMATIN_ORGANIZATION_INVOLVED_IN_REGULATION_OF_TRANSCRIPTION	0.19491124127681586			
FUJII_YBX1_TARGETS_DN	0.19489585212674385			
LEE_AGING_NEOCORTEX_UP	0.19487511209991637			
GSE43863_NAIVE_VS_LY6C_LOW_CXCR5NEG_CD4_EFF_TCELL_D6_LCMV_DN	0.19487390582497685			
GO_POSITIVE_REGULATION_OF_CHEMOKINE_C_C_MOTIF_LIGAND_2_SECRETION	0.19487355015544983			
GO_T_CELL_CHEMOTAXIS	0.19486570499037711			
PEPPER_CHRONIC_LYMPHOCYTIC_LEUKEMIA_UP	0.19486415583785952			
GSE26928_CENTR_MEMORY_VS_CXCR5_POS_CD4_TCELL_UP	0.19486276984170767			
GO_OLIGOSACCHARIDE_CATABOLIC_PROCESS	0.1948604011630963			
GO_CHROMATIN_ASSEMBLY_OR_DISASSEMBLY	0.19485924479711103			
GO_CALYX_OF_HELD	0.1948549754923877			
REACTOME_SYNTHESIS_OF_PIPS_AT_THE_LATE_ENDOSOME_MEMBRANE	0.19485101770643487			
BIOCARTA_DNAFRAGMENT_PATHWAY	0.19484914809533252			
GO_NEGATIVE_REGULATION_OF_INTERLEUKIN_8_SECRETION	0.19484743202574717			
MIR4281	0.19484283447404832			
MIR105_5P	0.1948421733442331			
GSE17974_1.5H_VS_72H_IL4_AND_ANTI_IL12_ACT_CD4_TCELL_UP	0.19483111666665015			
GSE2770_TGFB_AND_IL4_VS_IL12_TREATED_ACT_CD4_TCELL_6H_DN	0.19482790556120486			
IPA_KLF1_UP	0.19482615607287163			
GO_CELLULAR_RESPONSE_TO_UV_C	0.1948137200252449			
GO_UBIQUITIN_LIGASE_COMPLEX	0.19480595204714415			
REACTOME_NONHOMOLOGOUS_END_JOINING_NHEJ	0.19479591555403067			
SA_PTEN_PATHWAY	0.19478568036593374			
GO_TRANSLATION_TERMINATION_FACTOR_ACTIVITY	0.1947809379197351			
MIR31_3P	0.19477261849342403			
MIR4323	0.19477143445099			
GO_PHOSPHOTYROSINE_RESIDUE_BINDING	0.1947696388477675			
GSE32986_GMCSF_VS_GMCSF_AND_CURDLAN_HIGHDOSE_STIM_DC_DN	0.1947635388958047			
GO_NOREPINEPHRINE_UPTAKE	0.19475844816081161			
GO_DETOXIFICATION	0.19475503790455181			
MADAN_DPPA4_TARGETS	0.19474230114714364			
IIZUKA_LIVER_CANCER_PROGRESSION_G2_G3_UP	0.1947389671602301			
GSE21927_HEALTHY_VS_TUMOROUS_BALBC_MOUSE_MONOCYTE_DN	0.19473524212536034			
GO_POSITIVE_REGULATION_OF_MITOCHONDRIAL_FISSION	0.19473232187279688			
CAMPS_COLON_CANCER_COPY_NUMBER_DN	0.19472371289822565			
GSE12003_MIR223_KO_VS_WT_BM_PROGENITOR_8D_CULTURE_DN	0.19471547005930365			
GO_U4_SNRNA_3_END_PROCESSING	0.1947086776066646			
BIOCARTA_PEPI_PATHWAY	0.19470481093067382			
GO_NEGATIVE_REGULATION_OF_TELOMERE_MAINTENANCE_VIA_TELOMERASE	0.19468185545988784			
GO_NUCLEOTIDE_EXCISION_REPAIR_DNA_DUPLEX_UNWINDING	0.19466392465490037			
DITTMER_PTHLH_TARGETS_UP	0.19466076650973363			
GSE17721_POLYIC_VS_PAM3CSK4_12H_BMDC_DN	0.1946548008410144			
TRAYNOR_RETT_SYNDROM_UP	0.19463413198966212			
GO_NUCLEAR_TRANSCRIBED_MRNA_CATABOLIC_PROCESS_DEADENYLATION_INDEPENDENT_DECAY	0.19463385045577236			
GO_RIBOSOMAL_SMALL_SUBUNIT_BINDING	0.194632571850758			
REACTOME_TRANSLATION	0.1946307680163575			
SRPK2_TARGET_GENES	0.1946270059060801			
MIR10395_3P	0.19462675247669448			
GO_LACTATE_METABOLIC_PROCESS	0.19461651117414258			
GO_METHYLATION	0.19460628792867882			
MIR3140_3P	0.19460015193394267			
MIR6513_5P	0.19458542308877083			
MIR4728_3P	0.1945824748109954			
GSE19888_ADENOSINE_A3R_ACT_VS_A3R_ACT_WITH_A3R_INH_PRETREATMENT_IN_MAST_CELL_UP	0.19457516448200918			
KRAS.50_UP.V1_DN	0.19454535726889852			
GO_AUTOPHAGOSOME_ORGANIZATION	0.19452171542234736			
MIR4679	0.1945163832812093			
GO_SIGNAL_RECOGNITION_PARTICLE	0.1945066122233154			
MIR579_3P	0.19449898580592961			
HOUSTIS_ROS	0.1944931077057229			
GO_ENDONUCLEOLYTIC_CLEAVAGE_INVOLVED_IN_RRNA_PROCESSING	0.19448129842027811			
GO_REGULATION_OF_RESPONSE_TO_EXTRACELLULAR_STIMULUS	0.19447415385402989			
ATF2_S_UP.V1_UP	0.1944729951440885			
FUJIWARA_PARK2_IN_LIVER_CANCER_UP	0.19446588462028527			
GSE14308_TH1_VS_TH17_UP	0.19445072711915232			
TTGGGAG_MIR150	0.19443382707897003			
GO_CELLULAR_RESPONSE_TO_INTERFERON_ALPHA	0.1944252646569218			
PRDM6_TARGET_GENES	0.1944187114922917			
GO_POTASSIUM_ION_ANTIPORTER_ACTIVITY	0.1944073563374201			
MIR1250_3P	0.1943986385042899			
GSE24634_IL4_VS_CTRL_TREATED_NAIVE_CD4_TCELL_DAY7_DN	0.1943950938568405			
GO_REGULATION_OF_RENAL_SYSTEM_PROCESS	0.19439398653147025			
DER_IFN_BETA_RESPONSE_DN	0.19439295117690117			
GO_PRENYLATION	0.19438701980543718			
GO_POSITIVE_REGULATION_OF_TRANSCRIPTION_INITIATION_FROM_RNA_POLYMERASE_II_PROMOTER	0.19438630032742138			
GO_NEGATIVE_REGULATION_OF_MITOCHONDRIAL_MEMBRANE_PERMEABILITY	0.19438587226413218			
GSE26351_WNT_VS_BMP_PATHWAY_STIM_HEMATOPOIETIC_PROGENITORS_UP	0.19437900851165846			
REACTOME_RNA_POLYMERASE_III_TRANSCRIPTION_INITIATION_FROM_TYPE_1_PROMOTER	0.19437562827186872			
GSE3982_MAC_VS_CENT_MEMORY_CD4_TCELL_DN	0.1943733468180155			
GO_CALCINEURIN_MEDIATED_SIGNALING	0.19436848983345667			
GO_PIP_BODY	0.19436380130697448			
IPA_MNT_UP	0.1943573909231919			
IPA_ZBTB14_DN	0.1943573909231919			
GSE2128_C57BL6_VS_NOD_THYMOCYTE_MIMETOPE_NEGATIVE_SELECTION_DN	0.19435711363324623			
GO_PROTEIN_GERANYLGERANYLATION	0.1943538411476785			
ATGCTGC_MIR103_MIR107	0.19435108261437134			
GSE5142_HTERT_TRANSDUCED_VS_CTRL_CD8_TCELL_LATE_PASSAGE_CLONE_DN	0.19433889351006775			
ZNF300_TARGET_GENES	0.19433849532885905			
BRACHAT_RESPONSE_TO_CISPLATIN	0.1943384314581552			
GO_REGULATION_OF_CALCIUM_ION_TRANSPORT	0.1943375518786621			
GO_APOPTOTIC_CHROMOSOME_CONDENSATION	0.194311746527364			
GO_REGULATION_OF_PHOSPHOLIPASE_ACTIVITY	0.19430955733359925			
GO_IMMUNOGLOBULIN_COMPLEX_CIRCULATING	0.19430823248611526			
GO_REGULATION_OF_ELECTRON_TRANSFER_ACTIVITY	0.19430381986587977			
MIR449C_3P	0.19429262733249858			
WAESCH_ANAPHASE_PROMOTING_COMPLEX	0.19426905623861865			
MIR3646	0.19426504759219854			
REACTOME_SYNTHESIS_OF_PIPS_AT_THE_EARLY_ENDOSOME_MEMBRANE	0.19426504256695135			
GO_CHROMOSOME_MOVEMENT_TOWARDS_SPINDLE_POLE	0.1942629543621393			
GO_NEGATIVE_REGULATION_OF_MONOOXYGENASE_ACTIVITY	0.19426200310385275			
GO_REGULATION_OF_G_PROTEIN_COUPLED_RECEPTOR_SIGNALING_PATHWAY	0.1942470338920322			
GO_COMMITMENT_COMPLEX	0.19424373351679286			
GSE33292_WT_VS_TCF1_KO_DN3_THYMOCYTE_UP	0.19424314445329988			
GO_NEGATIVE_REGULATION_OF_RELEASE_OF_CYTOCHROME_C_FROM_MITOCHONDRIA	0.19422630097436833			
MIR3665	0.1942151218920513			
GO_ATRIAL_CARDIAC_MUSCLE_CELL_MEMBRANE_REPOLARIZATION	0.1942084518402656			
GO_RIBOSOME_DISASSEMBLY	0.19420231294307402			
GO_SYNDECAN_BINDING	0.19420176550827548			
GO_NCRNA_EXPORT_FROM_NUCLEUS	0.19419959216282046			
BIOCARTA_FLUMAZENIL_PATHWAY	0.1941982701859803			
KAMIKUBO_MYELOID_CEBPA_NETWORK	0.19419612561626856			
MIR6815_3P	0.19419220955932767			
GO_PEPTIDASE_COMPLEX	0.19419193478600916			
GO_NCRNA_TRANSCRIPTION	0.1941899513607174			
GO_NUCLEOBASE_CONTAINING_SMALL_MOLECULE_METABOLIC_PROCESS	0.19418970755514717			
GO_G_PROTEIN_COUPLED_RECEPTOR_BINDING	0.194185565955683			
REACTOME_ESTROGEN_BIOSYNTHESIS	0.19418242526649318			
GO_POSITIVE_REGULATION_OF_PHOSPHOLIPASE_ACTIVITY	0.19418224275466142			
WANG_NFKB_TARGETS	0.19416785085542354			
OSADA_ASCL1_TARGETS_DN	0.19416066939317014			
MIR6884_3P	0.19415921707686673			
MISSIAGLIA_REGULATED_BY_METHYLATION_UP	0.19415670893564255			
FUNG_IL2_TARGETS_WITH_STAT5_BINDING_SITES_T1	0.19414328685330692			
MIR4536_5P	0.19413376284647924			
GO_HOMOSERINE_METABOLIC_PROCESS	0.19413141609554005			
GO_NUCLEAR_PORE_NUCLEAR_BASKET	0.19412993524477395			
MIR4423_5P	0.19412932422538837			
YANAGISAWA_LUNG_CANCER_RECURRENCE	0.19412773257194518			
GO_MRNA_EXPORT_FROM_NUCLEUS	0.19412502998060543			
MIR4700_3P	0.1941229459466082			
KEGG_CYSTEINE_AND_METHIONINE_METABOLISM	0.19411577886789488			
MIKKELSEN_IPS_LCP_WITH_H3K27ME3	0.1941138100642996			
GO_MITOCHONDRIAL_RESPIRATORY_CHAIN_COMPLEX_IV_ASSEMBLY	0.19411267027076706			
MIR4293	0.1941071446982647			
chr4q24	0.19410443405091501			
GO_MITOCHONDRIAL_SMALL_RIBOSOMAL_SUBUNIT	0.19409483812087813			
GO_GOLGI_ASSOCIATED_VESICLE	0.1940920068314106			
chr2q32	0.19408849441034054			
MIR5589_5P	0.194082943988734			
REACTOME_SNRNP_ASSEMBLY	0.19407170607904564			
YRTCANNRCGC_UNKNOWN	0.19407131551149095			
PASQUALUCCI_LYMPHOMA_BY_GC_STAGE_DN	0.19406553810817667			
KEGG_VASCULAR_SMOOTH_MUSCLE_CONTRACTION	0.19405513609987352			
GO_MITOCHONDRIAL_TRANSCRIPTION	0.19404517859480616			
BIOCARTA_PLC_PATHWAY	0.19403746263005836			
GO_FEMALE_MEIOSIS_CHROMOSOME_SEGREGATION	0.1940308223063843			
GSE24634_IL4_VS_CTRL_TREATED_NAIVE_CD4_TCELL_DAY3_UP	0.1940189981884929			
PUJANA_BREAST_CANCER_LIT_INT_NETWORK	0.19401567859064728			
HOLLEMAN_DAUNORUBICIN_ALL_UP	0.1940120083850029			
GSE17721_LPS_VS_GARDIQUIMOD_6H_BMDC_DN	0.19399898434116533			
GO_REGULATION_OF_MUCUS_SECRETION	0.19399751306018403			
GO_DETECTION_OF_VISIBLE_LIGHT	0.19399187683712998			
GO_L_GLUTAMATE_TRANSMEMBRANE_TRANSPORT	0.19399048040142203			
KEGG_INOSITOL_PHOSPHATE_METABOLISM	0.19398598830962543			
BIOCARTA_BAD_PATHWAY	0.19398128354470512			
MIR517_5P	0.19397982222472587			
GO_CALCITONIN_FAMILY_RECEPTOR_SIGNALING_PATHWAY	0.19396866744349403			
GO_POSITIVE_REGULATION_BY_HOST_OF_VIRAL_GENOME_REPLICATION	0.1939644523423667			
GSE17721_POLYIC_VS_PAM3CSK4_2H_BMDC_UP	0.19396309207498794			
RAF_UP.V1_UP	0.19396198930340028			
GSE24972_MARGINAL_ZONE_BCELL_VS_FOLLICULAR_BCELL_IRF8_KO_UP	0.19395426990673825			
MIR3686	0.1939494939868704			
BLALOCK_ALZHEIMERS_DISEASE_INCIPIENT_DN	0.1939478466090392			
GO_LARGE_RIBOSOMAL_SUBUNIT	0.19394665977268394			
GO_GPI_LINKED_EPHRIN_RECEPTOR_ACTIVITY	0.19393953941632572			
ZHAN_MULTIPLE_MYELOMA_UP	0.19392909019044147			
GO_NEGATIVE_REGULATION_OF_RESPONSE_TO_WOUNDING	0.1939189604576503			
GO_POTASSIUM_CHANNEL_REGULATOR_ACTIVITY	0.19391558311008206			
GO_UBIQUINONE_METABOLIC_PROCESS	0.19391453437290487			
ID1_TARGET_GENES	0.19390651520948282			
IPA_BACH2_UP	0.19390417030434118			
HALLMARK_MYC_TARGETS_V1	0.19389709421729726			
KIM_BIPOLAR_DISORDER_OLIGODENDROCYTE_DENSITY_CORR_DN	0.19388828672174874			
GCNP_SHH_UP_LATE.V1_DN	0.19388784264304842			
IPA_EHMT2_DN	0.1938812097910573			
MIR29A_3P	0.19387098165012454			
MIR8079	0.19386227039826343			
GO_REGULATION_OF_MITOCHONDRION_ORGANIZATION	0.1938616746264922			
HAEGERSTRAND_RESPONSE_TO_IMATINIB	0.19386004940196383			
GO_P_BODY	0.193858676817805			
GSE42021_CD24HI_VS_CD24LOW_TREG_THYMUS_UP	0.1938569414789904			
BIOCARTA_TCR_PATHWAY	0.1938504641243004			
GO_NEGATIVE_REGULATION_OF_CELL_DIVISION	0.19384251250877868			
SATB1_TARGET_GENES	0.19383162745557792			
RFX7_TARGET_GENES	0.19383077928345283			
MIR133A_3P_MIR133B	0.19382704308721477			
MIR3156_3P	0.19382253361299032			
GO_CARTILAGE_MORPHOGENESIS	0.19381764268187765			
MIR302B_5P	0.19381347185801295			
GO_SULFATE_TRANSMEMBRANE_TRANSPORTER_ACTIVITY	0.19380199755267025			
GSE27786_LSK_VS_LIN_NEG_CELL_DN	0.19379907599914384			
GO_ANION_CATION_SYMPORTER_ACTIVITY	0.19379841846925788			
GSE4590_SMALL_VS_VPREB_POS_LARGE_PRE_BCELL_UP	0.19378844145508253			
GO_PURINERGIC_RECEPTOR_SIGNALING_PATHWAY	0.193787950513749			
REACTOME_GENERATION_OF_SECOND_MESSENGER_MOLECULES	0.193783582177415			
GO_NEGATIVE_REGULATION_OF_B_CELL_MEDIATED_IMMUNITY	0.19378207599426148			
REACTOME_RECYCLING_OF_EIF2_GDP	0.19377772800894097			
GSE11864_UNTREATED_VS_CSF1_IFNG_PAM3CYS_IN_MAC_DN	0.19377435683103136			
ZHONG_RESPONSE_TO_AZACITIDINE_AND_TSA_DN	0.19376792517691857			
GO_FRUCTOSE_BINDING	0.1937629054913821			
STK33_NOMO_UP	0.19376160777807316			
TGGAAA_NFAT_Q4_01	0.19376107332091994			
MZF1_TARGET_GENES	0.193756814800342			
GO_PURINE_DEOXYRIBONUCLEOTIDE_METABOLIC_PROCESS	0.19374581605280805			
GSE7460_TREG_VS_TCONV_ACT_DN	0.1937402899004731			
GO_PINOCYTOSIS	0.1937371372841353			
GO_ACETYL_COA_BIOSYNTHETIC_PROCESS	0.19372806587863428			
GO_NEGATIVE_REGULATION_OF_GRANULOCYTE_DIFFERENTIATION	0.19372646254174675			
REACTOME_PCNA_DEPENDENT_LONG_PATCH_BASE_EXCISION_REPAIR	0.19371991019327034			
GO_ISOPENTENYL_DIPHOSPHATE_BIOSYNTHETIC_PROCESS	0.19370940294322023			
REACTOME_OTHER_SEMAPHORIN_INTERACTIONS	0.19370632617224215			
GSE27786_LIN_NEG_VS_ERYTHROBLAST_DN	0.19369813707568154			
GO_POSITIVE_REGULATION_OF_PROTEIN_TARGETING_TO_MITOCHONDRION	0.19369658599959555			
chr1q24	0.193696048744527			
GSE11961_FOLLICULAR_BCELL_VS_GERMINAL_CENTER_BCELL_DAY40_UP	0.19368791378789704			
GO_CHROMATIN_SILENCING_AT_RDNA	0.19368136917013046			
GO_REGULATION_OF_TRIGLYCERIDE_BIOSYNTHETIC_PROCESS	0.1936803582471981			
GO_RESPONSE_TO_ANTIMETABOLITE	0.19367977307682277			
MEISSNER_BRAIN_ICP_WITH_H3K4ME3	0.19367836309586275			
BIOCARTA_RNAPOL3_PATHWAY	0.19367395876637064			
MIR664B_3P	0.19367390865741574			
MULLIGAN_NTF3_SIGNALING_VIA_INSR_AND_IGF1R_DN	0.19367276350969995			
REACTOME_NR1H2_NR1H3_REGULATE_GENE_EXPRESSION_TO_CONTROL_BILE_ACID_HOMEOSTASIS	0.19367107703642014			
GKCGCNNNNNNNTGAYG_UNKNOWN	0.19364938039131832			
BOYAULT_LIVER_CANCER_SUBCLASS_G3_UP	0.1936465055852768			
GSE2770_UNTREATED_VS_IL12_TREATED_ACT_CD4_TCELL_6H_UP	0.1936165654759763			
GSE13762_CTRL_VS_125_VITAMIND_DAY12_DC_UP	0.1936053539971326			
GO_SUMO_POLYMER_BINDING	0.19359946961694252			
GO_COMPLEMENT_COMPONENT_C1Q_COMPLEX_BINDING	0.19358139742559222			
GSE13173_UNTREATED_VS_IL12_TREATED_ACT_CD8_TCELL_DN	0.1935813967119774			
chr1q43	0.1935790037498218			
IPA_MAX_DN	0.19356813921489402			
GSE15750_WT_VS_TRAF6KO_DAY10_EFF_CD8_TCELL_UP	0.19353420600411966			
REACTOME_DEGRADATION_OF_AXIN	0.19352886539018888			
GO_PYRUVATE_BIOSYNTHETIC_PROCESS	0.19352324003031524			
MIR1304_3P	0.19352243986610357			
REACTOME_NADE_MODULATES_DEATH_SIGNALLING	0.19349620482735913			
NGO_MALIGNANT_GLIOMA_1P_LOH	0.1934959448785726			
GO_REGULATION_OF_PROTEIN_LOCALIZATION_TO_NUCLEOLUS	0.19348783001745273			
MAINA_VHL_TARGETS_UP	0.19348111391252845			
ENK_UV_RESPONSE_EPIDERMIS_UP	0.19347896639606896			
GO_LOW_DENSITY_LIPOPROTEIN_PARTICLE_RECEPTOR_ACTIVITY	0.19347591137405695			
GO_POSITIVE_REGULATION_OF_PATHWAY_RESTRICTED_SMAD_PROTEIN_PHOSPHORYLATION	0.19345446781774292			
REACTOME_POU5F1_OCT4_SOX2_NANOG_ACTIVATE_GENES_RELATED_TO_PROLIFERATION	0.19345197020336663			
MIR4760_3P	0.19344498813380387			
FALVELLA_SMOKERS_WITH_LUNG_CANCER	0.19344017445063943			
GSE17721_POLYIC_VS_CPG_12H_BMDC_DN	0.1934399171044067			
GO_PUTRESCINE_BIOSYNTHETIC_PROCESS	0.19343971439035554			
MIR3198	0.19343290686453382			
GO_RESPONSE_TO_OSMOTIC_STRESS	0.19342962092440424			
GO_REGULATION_OF_MYOBLAST_FUSION	0.19341676587802215			
GO_PROTON_TRANSPORTING_TWO_SECTOR_ATPASE_COMPLEX_PROTON_TRANSPORTING_DOMAIN	0.19341357762705874			
MIR1197	0.1934055639483465			
HOFMANN_MYELODYSPLASTIC_SYNDROM_LOW_RISK_UP	0.1934014081496327			
GO_MOLECULAR_ADAPTOR_ACTIVITY	0.19339408878304662			
ALONSO_METASTASIS_EMT_UP	0.19339293189806142			
IPA_CIITA_UP	0.19338748221575536			
GSE17301_CTRL_VS_48H_IFNA2_STIM_CD8_TCELL_DN	0.19338409592327704			
WHITFIELD_CELL_CYCLE_M_G1	0.19338054018492765			
GSE30962_PRIMARY_VS_SECONDARY_CHRONIC_LCMV_INF_CD8_TCELL_UP	0.19337640132410805			
HOLLERN_EMT_BREAST_TUMOR_UP	0.19337056933920496			
GSE5589_LPS_VS_LPS_AND_IL6_STIM_IL6_KO_MACROPHAGE_45MIN_UP	0.19336890270054882			
GO_GAS_HOMEOSTASIS	0.1933637691800101			
IPA_WNK1_DN	0.19336243927406724			
BURTON_ADIPOGENESIS_11	0.19336122652355894			
MIR204_3P	0.19336019038692298			
GSE7568_IL4_VS_IL4_AND_TGFB_TREATED_MACROPHAGE_24H_DN	0.19335803533368237			
GSE46606_DAY1_VS_DAY3_CD40L_IL2_IL5_STIMULATED_IRF4HIGH_BCELL_UP	0.19335601933278282			
GSE30083_SP2_VS_SP3_THYMOCYTE_UP	0.1933537512053985			
GO_ACTIN_MONOMER_BINDING	0.19333211283373633			
GO_OSTEOCLAST_PROLIFERATION	0.1933133582088233			
MIR6776_3P	0.19331310678865404			
MIR30C_2_3P	0.19330784881473556			
chr4q28	0.193305641608615			
GSE21670_TGFB_VS_TGFB_AND_IL6_TREATED_CD4_TCELL_UP	0.19330113097611337			
GO_G_PROTEIN_COUPLED_GLUTAMATE_RECEPTOR_BINDING	0.19329981524159995			
GO_POSITIVE_REGULATION_OF_MONOOXYGENASE_ACTIVITY	0.19329430634926964			
GSE11924_TH1_VS_TH2_CD4_TCELL_UP	0.19328416761485215			
GO_NEGATIVE_REGULATION_OF_INTERFERON_GAMMA_PRODUCTION	0.19328355245034917			
GO_SPERM_MIDPIECE	0.19327970476310058			
IPA_ETS2_DN	0.1932776287017898			
GSE26928_EFF_MEM_VS_CENTR_MEM_CD4_TCELL_UP	0.19327468888937024			
REACTOME_FGFR1_LIGAND_BINDING_AND_ACTIVATION	0.19326976614374036			
GO_ESTABLISHMENT_OF_EPITHELIAL_CELL_POLARITY	0.19326687770437279			
GSE12963_ENV_NEF_VS_ENV_NEF_AND_VPR_DEFICIENT_HIV1_INF_CD4_TCELL_UP	0.19325382967041374			
GO_REGULATION_OF_VASCULAR_WOUND_HEALING	0.193248446508932			
GO_RETINAL_BIPOLAR_NEURON_DIFFERENTIATION	0.19324841145753455			
REACTOME_TAK1_ACTIVATES_NFKB_BY_PHOSPHORYLATION_AND_ACTIVATION_OF_IKKS_COMPLEX	0.1932430947377644			
GO_COP9_SIGNALOSOME	0.19322944638370773			
GO_CELL_MIGRATION_INVOLVED_IN_SPROUTING_ANGIOGENESIS	0.19322490286918245			
KEGG_LINOLEIC_ACID_METABOLISM	0.19321469947220468			
GO_REGULATION_OF_MAST_CELL_CHEMOTAXIS	0.19320311439173962			
IPA_SALL4_DN	0.19320246275855452			
REACTOME_SEMA4D_MEDIATED_INHIBITION_OF_CELL_ATTACHMENT_AND_MIGRATION	0.19319818903174074			
GO_MULTI_ORGANISM_MEMBRANE_ORGANIZATION	0.19319207032867444			
MIR203B_3P	0.1931830147077105			
BOYLAN_MULTIPLE_MYELOMA_PCA3_DN	0.19317383862499998			
GSE34217_MIR17_92_OVEREXPRESS_VS_WT_ACT_CD8_TCELL_UP	0.1931587611216108			
IPA_KAT2B_UP	0.19315735752903715			
GO_REGULATION_OF_FEAR_RESPONSE	0.19315306615838923			
GO_PROTON_TRANSPORTING_ATP_SYNTHASE_COMPLEX_COUPLING_FACTOR_F_O	0.19315260464181958			
GO_GLYCOPROTEIN_CATABOLIC_PROCESS	0.1931449639156122			
YAO_TEMPORAL_RESPONSE_TO_PROGESTERONE_CLUSTER_13	0.19313052711596884			
MYLLYKANGAS_AMPLIFICATION_HOT_SPOT_22	0.19312457714787162			
GO_LUMENAL_SIDE_OF_MEMBRANE	0.1931170702605001			
GO_SNORNA_LOCALIZATION	0.19311458140749307			
GO_NEGATIVE_REGULATION_OF_MITOCHONDRIAL_FUSION	0.19311086518549164			
GSE17721_CTRL_VS_PAM3CSK4_8H_BMDC_DN	0.19310723500154003			
chr5q33	0.1931000676871977			
GO_AGGRESOME	0.1930998347482635			
GSE2128_CTRL_VS_MIMETOPE_NEGATIVE_SELECTION_DP_THYMOCYTE_C57BL6_UP	0.1930972662301059			
GO_POSITIVE_REGULATION_OF_MACROPHAGE_FUSION	0.19308804651094247			
TGTYNNNNNRGCARM_UNKNOWN	0.19306574591661443			
GO_MEMBRANE_REPOLARIZATION_DURING_VENTRICULAR_CARDIAC_MUSCLE_CELL_ACTION_POTENTIAL	0.19306336650027558			
GSE17721_0.5H_VS_24H_POLYIC_BMDC_UP	0.19306311595360034			
MIR2682_5P	0.1930588743305488			
REACTOME_BIOSYNTHESIS_OF_EPA_DERIVED_SPMS	0.19305033586426112			
chr5p15	0.19304372594279645			
MIR4720_3P	0.19304344888284972			
BIOCARTA_BBCELL_PATHWAY	0.19303906190718711			
GO_RENAL_SYSTEM_PROCESS_INVOLVED_IN_REGULATION_OF_SYSTEMIC_ARTERIAL_BLOOD_PRESSURE	0.1930331942201285			
GO_FORMATION_OF_TRANSLATION_PREINITIATION_COMPLEX	0.19301831432742242			
GSE12001_MIR223_KO_VS_WT_NEUTROPHIL_DN	0.19301310251355372			
YAO_TEMPORAL_RESPONSE_TO_PROGESTERONE_CLUSTER_4	0.19300763730216156			
GO_METANEPHRIC_PART_OF_URETERIC_BUD_DEVELOPMENT	0.1930071681877764			
MIR6803_5P	0.19300658691123979			
GO_REGULATION_OF_PROTEIN_LOCALIZATION_TO_CELL_SURFACE	0.19300647171358834			
REACTOME_TELOMERE_C_STRAND_SYNTHESIS_INITIATION	0.1929999770103081			
GO_ESTABLISHMENT_OF_ENDOTHELIAL_BARRIER	0.19299708133911397			
GO_REGULATION_OF_COLLATERAL_SPROUTING	0.19295805340389302			
GO_PHOSPHATIDYLINOSITOL_3_PHOSPHATE_BIOSYNTHETIC_PROCESS	0.19295451152111587			
GSE19888_ADENOSINE_A3R_INH_PRETREAT_AND_ACT_BY_A3R_VS_A3R_INH_AND_TCELL_MEMBRANES_ACT_MAST_CELL_UP	0.19295003971433988			
MIR4666A_3P	0.19294893269297225			
GO_BIOACTIVE_LIPID_RECEPTOR_ACTIVITY	0.19293715749124868			
MIR3689A_5P_MIR3689B_5P_MIR3689E_MIR3689F	0.1929343528143837			
GSE14908_ATOPIC_VS_NONATOPIC_PATIENT_HDM_STIM_CD4_TCELL_DN	0.1929233488210085			
IPA_STAT4_DN	0.1929213747941608			
GO_ANNULATE_LAMELLAE	0.19291567650320374			
GO_REGULATION_OF_MUSCLE_ORGAN_DEVELOPMENT	0.19290738933802584			
REACTOME_GAP_JUNCTION_ASSEMBLY	0.1929036630971199			
MIR6753_5P	0.19289954876809384			
GO_RNA_METHYLTRANSFERASE_ACTIVITY	0.19289519523801152			
GO_POSITIVE_REGULATION_OF_CARDIAC_VASCULAR_SMOOTH_MUSCLE_CELL_DIFFERENTIATION	0.1928947565037177			
GO_PURINE_DEOXYRIBONUCLEOTIDE_CATABOLIC_PROCESS	0.19288700637643694			
GO_VOLTAGE_GATED_POTASSIUM_CHANNEL_ACTIVITY_INVOLVED_IN_VENTRICULAR_CARDIAC_MUSCLE_CELL_ACTION_POTENTIAL_REPOLARIZATION	0.19288629099810095			
MIR4433B_5P	0.1928821000704605			
REACTOME_MRNA_CAPPING	0.1928806652879839			
BIOCARTA_ALK_PATHWAY	0.19286389038285667			
GO_GLUTAMATE_METABOLIC_PROCESS	0.1928577818650588			
GO_DNA_DOUBLE_STRAND_BREAK_PROCESSING	0.1928556269100263			
GSE17721_POLYIC_VS_CPG_2H_BMDC_UP	0.19285270839500845			
GO_INSEMINATION	0.19284860389146627			
GSE3203_INFLUENZA_INF_VS_IFNB_TREATED_LN_BCELL_DN	0.19283572593747847			
GO_CLATHRIN_COAT_OF_ENDOCYTIC_VESICLE	0.1928343087395846			
GSE15324_NAIVE_VS_ACTIVATED_CD8_TCELL_UP	0.19283220267647272			
ZNF529_TARGET_GENES	0.19283210519302815			
GO_PLATELET_DERIVED_GROWTH_FACTOR_BINDING	0.19282554227770973			
GO_MODULATION_BY_SYMBIONT_OF_HOST_AUTOPHAGY	0.19282111636808946			
FIGUEROA_AML_METHYLATION_CLUSTER_4_DN	0.1928147249068453			
GO_QUINONE_METABOLIC_PROCESS	0.1927963688210845			
IPA_KDM5B_UP	0.19279021188969098			
GSE13306_TREG_VS_TCONV_SPLEEN_UP	0.19278880160817774			
GSE36888_UNTREATED_VS_IL2_TREATED_TCELL_2H_DN	0.19278853248917094			
GO_OPSONIZATION	0.19277892227633037			
REACTOME_PROCESSING_OF_CAPPED_INTRON_CONTAINING_PRE_MRNA	0.19277401507000655			
GSE7852_THYMUS_VS_FAT_TCONV_DN	0.19277327497501454			
PLASARI_TGFB1_TARGETS_10HR_DN	0.1927666794812503			
PID_INTEGRIN_A4B1_PATHWAY	0.19275991930507871			
GO_PYRIMIDINE_NUCLEOTIDE_CATABOLIC_PROCESS	0.19274679911769466			
MIR7973	0.19274609183680996			
GO_PROTEIN_K63_LINKED_UBIQUITINATION	0.19273913150728178			
GO_CORTISOL_METABOLIC_PROCESS	0.19273779277181718			
MIR3145_5P	0.19271450684037897			
GO_CALCIUM_ION_TRANSMEMBRANE_TRANSPORTER_ACTIVITY	0.1927117650580914			
GO_NEGATIVE_REGULATION_OF_GENE_SILENCING	0.19270786172615367			
FIGUEROA_AML_METHYLATION_CLUSTER_7_UP	0.19270256405520242			
MIR8074	0.19270249317987884			
GO_MITOTIC_SPINDLE	0.19269624721121356			
GO_ASTROCYTE_ACTIVATION	0.19268359928226675			
GO_ANTIFUNGAL_HUMORAL_RESPONSE	0.19268212847543992			
NEWMAN_ERCC6_TARGETS_DN	0.19267966668446587			
GO_ATP_BIOSYNTHETIC_PROCESS	0.19266733169310632			
SCHLOSSER_MYC_TARGETS_REPRESSED_BY_SERUM	0.192666708226246			
GSE22432_MULTIPOTENT_VS_COMMON_DC_PROGENITOR_UNTREATED_DN	0.1926662209482256			
GO_REGULATION_OF_CILIUM_ASSEMBLY	0.19265887139954813			
GSE14000_UNSTIM_VS_16H_LPS_DC_UP	0.1926554549240381			
GO_NEGATIVE_REGULATION_OF_AMYLOID_BETA_CLEARANCE	0.19265488652386792			
DACOSTA_UV_RESPONSE_VIA_ERCC3_TTD_DN	0.19264772806543037			
GO_REGULATION_OF_PROTON_TRANSPORT	0.19264209579106142			
GO_REGULATION_OF_ENDOTHELIAL_CELL_DIFFERENTIATION	0.19264153450003144			
GSE15767_MED_VS_SCS_MAC_LN_DN	0.19262953592870766			
CCTGAGT_MIR510	0.1926288845796831			
BIOCARTA_ARENRF2_PATHWAY	0.1926176136532331			
GSE2770_IL12_ACT_VS_ACT_CD4_TCELL_2H_DN	0.19260341045110252			
GO_LYMPHOCYTE_HOMEOSTASIS	0.19259112584490642			
GSE5099_DAY3_VS_DAY7_MCSF_TREATED_MACROPHAGE_DN	0.1925902889133733			
REACTOME_PI_3K_CASCADE_FGFR1	0.192577559834158			
MATTIOLI_MULTIPLE_MYELOMA_SUBGROUPS	0.1925745782962863			
REACTOME_MITOCHONDRIAL_FATTY_ACID_BETA_OXIDATION_OF_SATURATED_FATTY_ACIDS	0.19256677936762376			
GSE3691_CONVENTIONAL_VS_PLASMACYTOID_DC_SPLEEN_UP	0.19256652079269254			
GO_TRNA_GUANINE_METHYLTRANSFERASE_ACTIVITY	0.19256537812256394			
ABDULRAHMAN_KIDNEY_CANCER_VHL_DN	0.19255768940015144			
GO_CHONDROITIN_SULFATE_BIOSYNTHETIC_PROCESS	0.19254976455908165			
MIR3144_5P	0.1925444238679479			
MIR1252_3P	0.19254433299922757			
GO_CELL_RECOGNITION	0.1925433646110759			
MIR3135B	0.19253910689531126			
DEMAGALHAES_AGING_UP	0.19253793943462344			
REACTOME_CYTOSOLIC_TRNA_AMINOACYLATION	0.19252822826108157			
MIR8054	0.1925266251836327			
TAVOR_CEBPA_TARGETS_UP	0.1925170429665577			
REACTOME_VIRAL_MESSENGER_RNA_SYNTHESIS	0.1925151583665577			
GO_CDC42_PROTEIN_SIGNAL_TRANSDUCTION	0.1925146978587126			
MIR29B_3P_MIR29C_3P	0.19251184034539673			
GO_SMOOTH_MUSCLE_CELL_MATRIX_ADHESION	0.1925073560520117			
GO_MICROTUBULE_ORGANIZING_CENTER_ATTACHMENT_SITE	0.19250260659480817			
GSE8921_UNSTIM_0H_VS_TLR1_2_STIM_MONOCYTE_6H_UP	0.19247834505933167			
ONDER_CDH1_SIGNALING_VIA_CTNNB1	0.19247743019221478			
LIU_VMYB_TARGETS_UP	0.19247033509828834			
GSE15330_LYMPHOID_MULTIPOTENT_VS_MEGAKARYOCYTE_ERYTHROID_PROGENITOR_UP	0.19247012732970062			
GO_CYTOCHROME_COMPLEX_ASSEMBLY	0.19243065691537162			
GO_NEGATIVE_REGULATION_OF_INTERLEUKIN_2_PRODUCTION	0.19242499267902624			
WENG_POR_TARGETS_GLOBAL_DN	0.19242287998188295			
GO_ESTABLISHMENT_OF_PROTEIN_LOCALIZATION_TO_ENDOPLASMIC_RETICULUM	0.19241515395012784			
GO_REGULATION_OF_POSTSYNAPTIC_MEMBRANE_ORGANIZATION	0.19240521204660618			
GO_COA_TRANSFERASE_ACTIVITY	0.1924043933077965			
GO_CHONDROCYTE_DEVELOPMENT_INVOLVED_IN_ENDOCHONDRAL_BONE_MORPHOGENESIS	0.19239348070121554			
GO_POSITIVE_REGULATION_OF_NATURAL_KILLER_CELL_ACTIVATION	0.19239030870658005			
GO_MONOTERPENOID_METABOLIC_PROCESS	0.1923856384436508			
GO_REGULATION_OF_VASCULAR_ENDOTHELIAL_GROWTH_FACTOR_RECEPTOR_SIGNALING_PATHWAY	0.19238417548088826			
DURAND_STROMA_S_UP	0.192378081052056			
chr8q23	0.19237642074669753			
GO_PROTEIN_LOCALIZATION_TO_NUCLEOLUS	0.19237512820819308			
IPA_ZFHX3_UP	0.19237459243877417			
GO_METANEPHRIC_DISTAL_TUBULE_DEVELOPMENT	0.1923594804924127			
GO_DNA_REPLICATION_DEPENDENT_NUCLEOSOME_ORGANIZATION	0.19234064408033333			
IPA_STAT2_DN	0.19232978294896907			
KEGG_LONG_TERM_DEPRESSION	0.19232856115875502			
GSE29618_PRE_VS_DAY7_FLU_VACCINE_MONOCYTE_UP	0.19232743380532902			
IPA_ARNT2_UP	0.19232632222134452			
GSE19888_CTRL_VS_TCELL_MEMBRANES_ACT_MAST_CELL_PRETREAT_A3R_INH_UP	0.19232036807949446			
IPA_CBFB_DN	0.19231895371157998			
REACTOME_SUMOYLATION_OF_IMMUNE_RESPONSE_PROTEINS	0.19231660598506484			
GO_REGULATION_OF_DEACETYLASE_ACTIVITY	0.19231054794501287			
GO_REGULATION_OF_ERAD_PATHWAY	0.19229959309178127			
KANG_AR_TARGETS_UP	0.1922960860049167			
GO_RESPONSE_TO_THYROID_HORMONE	0.19229450924915006			
GO_POST_MRNA_RELEASE_SPLICEOSOMAL_COMPLEX	0.19229266363404404			
GSE3920_UNTREATED_VS_IFNA_TREATED_ENDOTHELIAL_CELL_DN	0.19229259967632512			
GO_MICROGLIA_DIFFERENTIATION	0.1922881364574099			
GO_REGULATION_OF_FIBRINOLYSIS	0.19227539951608444			
GSE46606_IRF4MID_VS_WT_CD40L_IL2_IL5_DAY3_STIMULATED_BCELL_UP	0.19227440429052983			
REACTOME_ANCHORING_FIBRIL_FORMATION	0.19227013814469812			
GO_POSITIVE_REGULATION_OF_AXON_GUIDANCE	0.1922590610979973			
GO_SPLICEOSOMAL_CONFORMATIONAL_CHANGES_TO_GENERATE_CATALYTIC_CONFORMATION	0.19225286778100062			
GO_ORGANOPHOSPHATE_CATABOLIC_PROCESS	0.19225213189288706			
GCGSCMNTTT_UNKNOWN	0.19224398463476575			
TORCHIA_TARGETS_OF_EWSR1_FLI1_FUSION_TOP20_DN	0.1922393830182154			
GO_NEGATIVE_REGULATION_OF_CYTOKINE_SECRETION_INVOLVED_IN_IMMUNE_RESPONSE	0.1922321124835725			
GO_TEMPERATURE_HOMEOSTASIS	0.19223205121382264			
GSE2128_CTRL_VS_MIMETOPE_NEGATIVE_SELECTION_DP_THYMOCYTE_NOD_DN	0.1922215817422423			
MIR4265	0.1922215468404286			
GO_ENDOPEPTIDASE_ACTIVATOR_ACTIVITY	0.1921927865530065			
GO_MEMBRANE_BIOGENESIS	0.19219073394069414			
CAIRO_HEPATOBLASTOMA_CLASSES_UP	0.19218676190809783			
GO_REGULATION_OF_GASTRIC_MOTILITY	0.19218027710401384			
GSE13484_12H_VS_3H_YF17D_VACCINE_STIM_PBMC_UP	0.19217152335195015			
GO_REGULATION_OF_EOSINOPHIL_MIGRATION	0.19216483930549508			
GO_POSITIVE_REGULATION_OF_CHEMOKINE_C_C_MOTIF_LIGAND_5_PRODUCTION	0.19215868092821342			
MIR7850_5P	0.19215753733920377			
KEGG_CELL_ADHESION_MOLECULES_CAMS	0.1921547710101458			
BIOCARTA_SET_PATHWAY	0.1921478251513792			
GSE7460_WT_VS_FOXP3_HET_ACT_WITH_TGFB_TCONV_DN	0.19214168704694662			
CHEN_LVAD_SUPPORT_OF_FAILING_HEART_DN	0.1921410879619295			
chr16p12	0.19213879646062337			
GO_ADP_BIOSYNTHETIC_PROCESS	0.19212878414013163			
GSE25088_CTRL_VS_IL4_STIM_MACROPHAGE_DN	0.19212418003509615			
GSE40274_LEF1_VS_FOXP3_AND_LEF1_TRANSDUCED_ACTIVATED_CD4_TCELL_UP	0.1921225193057343			
GO_ORGANONITROGEN_COMPOUND_CATABOLIC_PROCESS	0.1921178940864244			
GO_HEXOSE_TRANSMEMBRANE_TRANSPORTER_ACTIVITY	0.19211082623065615			
GO_MODULATION_BY_VIRUS_OF_HOST_CELLULAR_PROCESS	0.19210049043445082			
BIOCARTA_AKAP13_PATHWAY	0.1920906753575984			
GO_POSITIVE_REGULATION_OF_STRIATED_MUSCLE_CELL_APOPTOTIC_PROCESS	0.19208336313063332			
MIR498_3P	0.19207956835260176			
SNAI1_TARGET_GENES	0.1920778903038627			
GSE43863_NAIVE_VS_LY6C_INT_CXCR5POS_CD4_EFF_TCELL_D6_LCMV_UP	0.1920702496212677			
GSE21033_CTRL_VS_POLYIC_STIM_DC_24H_DN	0.1920691926425657			
ZNF433_TARGET_GENES	0.19206369791352507			
STN1_TARGET_GENES	0.19205467148490993			
GO_PROTEIN_SERINE_THREONINE_KINASE_ACTIVITY	0.19205244023779117			
GO_SYNAPTIC_VESICLE_RECYCLING_VIA_ENDOSOME	0.19205043228264634			
ZHENG_GLIOBLASTOMA_PLASTICITY_DN	0.19204308318739202			
COREBINDINGFACTOR_Q6	0.19203851185093007			
GO_REGULATION_OF_ENDOSOME_SIZE	0.19202805881650795			
GO_CELLULAR_CARBOHYDRATE_CATABOLIC_PROCESS	0.19202701843649547			
IPA_ONECUT1_UP	0.19201965868215487			
MIR4464	0.1920179710117504			
GO_POSITIVE_REGULATION_OF_MONOCYTE_DIFFERENTIATION	0.19201506956906741			
chr11p15	0.19200981706784842			
NAKAMURA_METASTASIS_MODEL_UP	0.19198256346817208			
GSE22935_UNSTIM_VS_48H_MBOVIS_BCG_STIM_MACROPHAGE_DN	0.19197888168871183			
GO_CD40_RECEPTOR_COMPLEX	0.19197837599253498			
MIR1256	0.19197727623681807			
REACTOME_UCH_PROTEINASES	0.19197713857135462			
REACTOME_MECP2_REGULATES_NEURONAL_RECEPTORS_AND_CHANNELS	0.19195250196746894			
GSE360_HIGH_DOSE_B_MALAYI_VS_M_TUBERCULOSIS_MAC_DN	0.1919514134778125			
GO_EXECUTION_PHASE_OF_APOPTOSIS	0.19194486709868788			
MOTAMED_RESPONSE_TO_ANDROGEN_DN	0.19194381222178825			
IPA_TCEB1_UP	0.1919224140915472			
GO_PEPTIDE_METABOLIC_PROCESS	0.19191439569227242			
GO_VASCULAR_ENDOTHELIAL_GROWTH_FACTOR_RECEPTOR_SIGNALING_PATHWAY	0.1919135658909999			
BACH1_01	0.1919056906353185			
GO_MEIOTIC_COHESIN_COMPLEX	0.19189952932537635			
GO_POSTSYNAPSE_TO_NUCLEUS_SIGNALING_PATHWAY	0.1918931082345647			
REACTOME_CYTOSOLIC_SENSORS_OF_PATHOGEN_ASSOCIATED_DNA	0.19189082671561308			
GO_NUCLEOTIDE_TRANSPORT	0.19188662603257775			
MCBRYAN_PUBERTAL_BREAST_3_4WK_DN	0.1918821459702661			
GO_GENERATION_OF_PRECURSOR_METABOLITES_AND_ENERGY	0.19186466192000814			
GO_REGULATION_OF_ENDOCRINE_PROCESS	0.19186040077079883			
GO_RESPONSE_TO_AXON_INJURY	0.19184300539394764			
GO_CXCR_CHEMOKINE_RECEPTOR_BINDING	0.19183358324401154			
GO_HISTONE_H3_K36_TRIMETHYLATION	0.19182124661961356			
GO_SNORNA_BINDING	0.19179724791929062			
MIR5703	0.19179593195487377			
REACTOME_TP53_REGULATES_METABOLIC_GENES	0.19179399858433266			
GO_NEGATIVE_REGULATION_OF_GLYCOPROTEIN_BIOSYNTHETIC_PROCESS	0.19179032587251565			
GO_NEGATIVE_REGULATION_OF_CARBOHYDRATE_METABOLIC_PROCESS	0.1917902056763749			
MIR12115	0.19178533573720424			
chr16q21	0.19178016830994296			
GO_POSITIVE_REGULATION_OF_CAMP_DEPENDENT_PROTEIN_KINASE_ACTIVITY	0.1917712722271512			
IPA_CBFB_UP	0.19176656263933844			
GO_REGULATION_OF_TOLL_LIKE_RECEPTOR_2_SIGNALING_PATHWAY	0.19176655962660302			
GO_ALDEHYDE_LYASE_ACTIVITY	0.19176116908264385			
MIR2276_3P	0.19176053458465572			
GO_NEGATIVE_REGULATION_OF_SYSTEMIC_ARTERIAL_BLOOD_PRESSURE	0.19175916502817125			
GSE19825_NAIVE_VS_IL2RAHIGH_DAY3_EFF_CD8_TCELL_UP	0.19175559927816233			
GO_POSTTRANSCRIPTIONAL_REGULATION_OF_GENE_EXPRESSION	0.19175367291544446			
KAUFFMANN_DNA_REPLICATION_GENES	0.19175111503842956			
GSE14415_INDUCED_TREG_VS_FOXP3_KO_INDUCED_TREG_UP	0.19174555061406365			
GO_BILE_ACID_AND_BILE_SALT_TRANSPORT	0.1917434414731			
GO_NEGATIVE_REGULATION_OF_DNA_METABOLIC_PROCESS	0.19173965391856254			
GSE2770_IL12_AND_TGFB_VS_IL4_TREATED_ACT_CD4_TCELL_2H_UP	0.19172795380771013			
CEBALLOS_TARGETS_OF_TP53_AND_MYC_DN	0.1917218740771017			
REACTOME_INTRACELLULAR_SIGNALING_BY_SECOND_MESSENGERS	0.1917172185157361			
BIOCARTA_CSK_PATHWAY	0.19171518581019717			
GO_PORIN_ACTIVITY	0.1917085857923892			
GSE19772_HCMV_INFL_VS_HCMV_INF_MONOCYTES_AND_PI3K_INHIBITION_DN	0.19170392311796966			
GO_REGULATION_OF_NK_T_CELL_DIFFERENTIATION	0.19170261971630115			
IPA_FOXA3_UP	0.19170023740286868			
GSE29618_PRE_VS_DAY7_POST_TIV_FLU_VACCINE_MDC_DN	0.19169984974880236			
GO_SODIUM_PHOSPHATE_SYMPORTER_ACTIVITY	0.19169648436337508			
PHONG_TNF_RESPONSE_VIA_P38_PARTIAL	0.19168272263387057			
ZAMORA_NOS2_TARGETS_UP	0.19168223393980943			
GO_CHYLOMICRON_ASSEMBLY	0.1916746908647748			
GSE1460_DP_THYMOCYTE_VS_THYMIC_STROMAL_CELL_UP	0.19164672610612896			
GO_NEGATIVE_REGULATION_OF_TRANSMEMBRANE_TRANSPORT	0.1916361569243515			
GO_NEGATIVE_REGULATION_OF_FEEDING_BEHAVIOR	0.1916204397451777			
GO_PRESYNAPTIC_ACTIVE_ZONE_MEMBRANE	0.19160755109444694			
GSE31622_WT_VS_KLF3_KO_BCELL_DN	0.19159361329882665			
GSE17721_PAM3CSK4_VS_CPG_1H_BMDC_DN	0.19158836958752148			
TIEN_INTESTINE_PROBIOTICS_2HR_UP	0.19156638041115281			
GSE9316_CD4_TCELL_BALBC_VS_TH17_ENRI_CD4_TCELL_SKG_PMA_IONO_STIM_FR4NEG_UP	0.1915639074981315			
HOFFMANN_SMALL_PRE_BII_TO_IMMATURE_B_LYMPHOCYTE_DN	0.1915488129005112			
MIR4633_3P_MIR6500_5P	0.19154604129026595			
MIR4455	0.19154271046447408			
GO_BASE_EXCISION_REPAIR	0.19153018865809174			
GO_NEGATIVE_REGULATION_OF_LYMPHOCYTE_MIGRATION	0.19152565891989026			
GO_MALATE_DEHYDROGENASE_ACTIVITY	0.1915237764853038			
GSE26351_UNSTIM_VS_WNT_PATHWAY_STIM_HEMATOPOIETIC_PROGENITORS_DN	0.19150990669104723			
NIKOLSKY_BREAST_CANCER_12Q13_Q21_AMPLICON	0.19150962233202592			
MIR11181_5P	0.19149862633287432			
E2F1_Q4	0.19149335621158403			
GO_CELLULAR_RESPONSE_TO_PARATHYROID_HORMONE_STIMULUS	0.19148329978659104			
GO_MHC_PROTEIN_COMPLEX	0.19147412722609136			
GO_POSITIVE_REGULATION_OF_ARP2_3_COMPLEX_MEDIATED_ACTIN_NUCLEATION	0.1914667927826949			
GO_MYELOID_DENDRITIC_CELL_CYTOKINE_PRODUCTION	0.19145509171749536			
MIR3915	0.19145457010610303			
MARIADASON_RESPONSE_TO_BUTYRATE_SULINDAC_4	0.19144752372332438			
GO_LIM_DOMAIN_BINDING	0.19144591859775711			
GO_TROPONIN_COMPLEX	0.19143959001026364			
BIOCARTA_TCRA_PATHWAY	0.19143263794678578			
GO_GLYCEROPHOSPHOLIPID_CATABOLIC_PROCESS	0.19142620387781673			
SHEPARD_CRUSH_AND_BURN_MUTANT_UP	0.19142365425701174			
GO_RESPIRATORY_CHAIN_COMPLEX_II	0.19141835777635732			
GO_SUCCINATE_DEHYDROGENASE_ACTIVITY	0.19141835777635732			
GSE16522_MEMORY_VS_NAIVE_CD8_TCELL_UP	0.19141525864477418			
GO_RESPONSE_TO_INTERLEUKIN_4	0.19141080290141835			
GO_NEGATIVE_REGULATION_OF_INTERLEUKIN_12_PRODUCTION	0.1914082492266243			
BOYLAN_MULTIPLE_MYELOMA_C_D_DN	0.1914054243195233			
MIR335_3P	0.1914013598279797			
REACTOME_HORMONE_LIGAND_BINDING_RECEPTORS	0.19140010230077073			
GO_PYROPTOSIS	0.19139947988399328			
GO_REGULATION_OF_VIRAL_INDUCED_CYTOPLASMIC_PATTERN_RECOGNITION_RECEPTOR_SIGNALING_PATHWAY	0.19139536297818713			
MIR6760_3P	0.19139185570688785			
GSE369_SOCS3_KO_VS_WT_LIVER_POST_IL6_INJECTION_UP	0.19139174226470132			
GO_GTPASE_ACTIVITY	0.1913765719330882			
MIR7976	0.19136355110498982			
MIR302A_5P	0.19135677986695238			
GO_CELLULAR_RESPONSE_TO_AMINO_ACID_STIMULUS	0.1913512911997565			
REACTOME_INLB_MEDIATED_ENTRY_OF_LISTERIA_MONOCYTOGENES_INTO_HOST_CELL	0.19134556456614285			
CASTELLANO_NRAS_TARGETS_DN	0.1913446183982133			
GO_SPINDLE	0.1913443638870149			
BROWNE_HCMV_INFECTION_18HR_DN	0.19134380238366838			
GO_POSITIVE_REGULATION_OF_TRANSCRIPTION_REGULATORY_REGION_DNA_BINDING	0.1913425730249776			
IPA_BCL6_UP	0.19133563854319657			
REACTOME_ACTIVATION_OF_IRF3_IRF7_MEDIATED_BY_TBK1_IKK_EPSILON	0.19133464212728726			
GSE3982_DC_VS_NKCELL_UP	0.19133296171920539			
MIR4711_3P	0.19133109265218748			
GSE12198_LOW_IL2_STIM_NK_CELL_VS_HIGH_IL2_STIM_NK_CELL_DN	0.1913306114241494			
GUCY1B1_TARGET_GENES	0.19131622701695591			
GSE26343_WT_VS_NFAT5_KO_MACROPHAGE_UP	0.19131320812594813			
GSE41867_DAY8_EFFECTOR_VS_DAY30_EXHAUSTED_CD8_TCELL_LCMV_CLONE13_UP	0.1913016010721146			
MIR4677_5P	0.19129829839967213			
GSE1740_MCSF_VS_MCSF_AND_IFNG_DAY2_DERIVED_MACROPHAGE_WITH_IFNA_STIM_DN	0.1912937378053885			
GO_ALPHA_LINOLENIC_ACID_METABOLIC_PROCESS	0.1912907521683372			
GO_HOMOCYSTEINE_METABOLIC_PROCESS	0.19128255315575765			
GSE1460_DP_THYMOCYTE_VS_NAIVE_CD4_TCELL_ADULT_BLOOD_UP	0.19128082867288185			
KEGG_NEUROACTIVE_LIGAND_RECEPTOR_INTERACTION	0.19127425236124693			
MIR5197_3P	0.19127058806134398			
PID_RAS_PATHWAY	0.19127056784421737			
GSE45365_BCELL_VS_CD8_TCELL_DN	0.19126938527205029			
GSE1460_INTRATHYMIC_T_PROGENITOR_VS_THYMIC_STROMAL_CELL_UP	0.19126173035954241			
GO_MITOCHONDRIAL_PROTON_TRANSPORTING_ATP_SYNTHASE_COMPLEX_COUPLING_FACTOR_F_O	0.1912583532548328			
GO_ALANINE_TRANSPORT	0.19124721298715897			
GO_KINETOCHORE_MICROTUBULE	0.19123927955014142			
ISHIKAWA_STING_SIGNALING	0.19123383363399193			
MIR4529_3P	0.19122925957089867			
IPA_KAT5_DN	0.19121967214773194			
GO_SYMPORTER_ACTIVITY	0.19120827201860072			
TNCATNTCCYR_UNKNOWN	0.191188038788586			
GO_RIBONUCLEASE_MRP_COMPLEX	0.19118241968507074			
MIR7854_3P	0.19117989834717322			
NIKOLSKY_BREAST_CANCER_1Q32_AMPLICON	0.19117789986268666			
IPA_JUND_UP	0.1911749220269009			
GO_NEDD8_SPECIFIC_PROTEASE_ACTIVITY	0.19117336155444983			
MIR4750_3P	0.19117325336181018			
RICKMAN_TUMOR_DIFFERENTIATED_WELL_VS_POORLY_DN	0.19116898875886665			
ZHENG_IL22_SIGNALING_DN	0.19116810272209514			
GO_ENDOPLASMIC_RETICULUM_CALCIUM_ION_HOMEOSTASIS	0.19116705299889947			
SAGIV_CD24_TARGETS_UP	0.1911656510053253			
IPA_VAV1_DN	0.19116033298351623			
GO_REGULATION_OF_CYTOLYSIS_IN_OTHER_ORGANISM	0.1911580128574528			
MIR514A_5P	0.19115637984857048			
GSE20152_HTNFA_OVERXPRESS_ANKLE_VS_CTRL_SPHK1_KO_ANKLE_UP	0.19115170549846125			
REACTOME_SIGNALING_BY_BMP	0.1911489132448848			
REACTOME_SUMOYLATION_OF_RNA_BINDING_PROTEINS	0.19113252459556163			
IPA_FOSL2_UP	0.19112736766973573			
MIR4757_5P	0.19110639228316437			
IPA_SMAD2_UP	0.19110327139593422			
MIR320E	0.19110070008877367			
GSE2405_HEAT_KILLED_VS_LIVE_A_PHAGOCYTOPHILUM_STIM_NEUTROPHIL_24H_UP	0.19109082841028407			
chr6p12	0.19108996734577555			
LINDGREN_BLADDER_CANCER_CLUSTER_3_DN	0.1910778676024136			
chr3p22	0.19107318588987343			
GO_MICROTUBULE_CYTOSKELETON_ORGANIZATION	0.19106665746212378			
LOPEZ_MESOTHELIOMA_SURVIVAL_DN	0.19106348014838326			
GSE21927_SPLEEN_C57BL6_VS_EL4_TUMOR_BALBC_MONOCYTES_DN	0.19105836199199958			
GSE37605_NOD_VS_C57BL6_IRES_GFP_TREG_UP	0.1910324655864057			
MIR4322	0.19103225839013616			
GSE22527_ANTI_CD3_INVIVO_VS_UNTREATED_MOUSE_TREG_UP	0.1910300447749465			
GO_ORGANELLAR_RIBOSOME	0.191022402237682			
GO_ANTIGEN_PROCESSING_AND_PRESENTATION_VIA_MHC_CLASS_IB	0.19098747097964408			
MIR6090	0.19098166030713368			
REACTOME_MET_ACTIVATES_PI3K_AKT_SIGNALING	0.19098092874261216			
GO_DIVALENT_INORGANIC_CATION_TRANSPORT	0.19096975851549763			
GO_MESANGIAL_CELL_DEVELOPMENT	0.19096750853873712			
GO_PROTON_TRANSPORTING_V_TYPE_ATPASE_V0_DOMAIN	0.1909404349260307			
GSE40274_CTRL_VS_FOXP3_AND_EOS_TRANSDUCED_ACTIVATED_CD4_TCELL_DN	0.19093430385050061			
LET_7D_3P	0.19093382609111476			
MIR4804_3P	0.19089610277319347			
GSE2770_IL12_ACT_VS_ACT_CD4_TCELL_48H_UP	0.1908910186547619			
CHEN_NEUROBLASTOMA_COPY_NUMBER_GAINS	0.19089027368463937			
ZNF138_TARGET_GENES	0.19089018726649623			
GO_CIRCADIAN_SLEEP_WAKE_CYCLE_NON_REM_SLEEP	0.19088456144939034			
LIU_VAV3_PROSTATE_CARCINOGENESIS_UP	0.1908824124833381			
MIR548AV_3P	0.19086547329604317			
GO_POSITIVE_REGULATION_OF_PROTEIN_LOCALIZATION_TO_SYNAPSE	0.1908582213837215			
GO_HEPATOCYTE_DIFFERENTIATION	0.19085313241015192			
SCHAEFFER_SOX9_TARGETS_IN_PROSTATE_DEVELOPMENT_DN	0.19085137058030294			
IPA_PTF1A_DN	0.1908477261163073			
GO_LIPID_EXPORT_FROM_CELL	0.19084256879260753			
GO_NEGATIVE_REGULATION_OF_CARDIAC_MUSCLE_TISSUE_GROWTH	0.19084150432961994			
GO_CULLIN_FAMILY_PROTEIN_BINDING	0.19083371472171948			
BIOCARTA_TERT_PATHWAY	0.19082815173468026			
PID_S1P_META_PATHWAY	0.19081298138624087			
GO_PURINE_CONTAINING_COMPOUND_METABOLIC_PROCESS	0.19080813012454026			
GO_POSITIVE_REGULATION_OF_COAGULATION	0.1908050424433042			
GO_RESPONSE_TO_ANGIOTENSIN	0.1908025762337134			
GO_ENDOSOME_MEMBRANE	0.19080246856477714			
DELASERNA_MYOD_TARGETS_DN	0.19080131690663854			
GO_H4_H2A_HISTONE_ACETYLTRANSFERASE_COMPLEX	0.19080068393995758			
GO_TELOMERE_MAINTENANCE_VIA_TELOMERE_LENGTHENING	0.1907981726079266			
IKEDA_MIR133_TARGETS_UP	0.190794783390095			
chr7p14	0.19079464993261544			
REACTOME_G_BETA_GAMMA_SIGNALLING_THROUGH_CDC42	0.19078707362677022			
SASSON_FSH_RESPONSE	0.1907756957972825			
KOYAMA_SEMA3B_TARGETS_DN	0.19077537035892694			
GO_NEUTRAL_AMINO_ACID_TRANSPORT	0.19077342846560896			
MIR6875_3P	0.19077288755335134			
GO_S_METHYLTRANSFERASE_ACTIVITY	0.1907693840982778			
GSE17974_0H_VS_12H_IN_VITRO_ACT_CD4_TCELL_UP	0.19076814210935653			
PID_S1P_S1P4_PATHWAY	0.19075024182846914			
GO_MICROTUBULE_ORGANIZING_CENTER	0.19074865680046169			
IPA_USF1_UP	0.19074597676934799			
GO_MISMATCH_REPAIR_COMPLEX_BINDING	0.19074484629295413			
GSE1460_CD4_THYMOCYTE_VS_THYMIC_STROMAL_CELL_UP	0.19073642056142137			
ZWANG_CLASS_1_TRANSIENTLY_INDUCED_BY_EGF	0.19072662603421206			
GSE21033_CTRL_VS_POLYIC_STIM_DC_3H_DN	0.19072074868610817			
REACTOME_OVARIAN_TUMOR_DOMAIN_PROTEASES	0.1907157599181779			
ATACTGT_MIR144	0.19071049204558477			
REACTOME_TRNA_PROCESSING_IN_THE_NUCLEUS	0.19069893816542113			
MIR4517	0.19069420632781167			
MIR3117_5P	0.19068899806214223			
MIR1226_5P	0.19068128492806286			
IPA_ZEB1_UP	0.19067746835759114			
KENNY_CTNNB1_TARGETS_UP	0.19067512386944854			
GO_PROTEIN_MODIFICATION_BY_SMALL_PROTEIN_CONJUGATION_OR_REMOVAL	0.19067033245351808			
GO_RESPIRASOME	0.19066330451435207			
GO_BETA_GALACTOSIDASE_ACTIVITY	0.19066109468185627			
MORI_LARGE_PRE_BII_LYMPHOCYTE_UP	0.1906516106199818			
DAZARD_RESPONSE_TO_UV_SCC_DN	0.19064784896088308			
KEGG_OOCYTE_MEIOSIS	0.19064125532093423			
GO_PATCHED_BINDING	0.19063669250759993			
GSE19941_IL10_KO_VS_IL10_KO_AND_NFKBP50_KO_LPS_AND_IL10_STIM_MACROPHAGE_DN	0.19062056844014633			
GO_SKELETAL_MUSCLE_SATELLITE_CELL_MAINTENANCE_INVOLVED_IN_SKELETAL_MUSCLE_REGENERATION	0.19061451606936877			
GO_AMINO_ACID_TRANSMEMBRANE_TRANSPORTER_ACTIVITY	0.19061386522756574			
GSE32034_LY6C_HIGH_VS_LOW_ROSIGLIZATONE_TREATED_MONOCYTE_DN	0.19061194857270553			
GO_IMPORT_ACROSS_PLASMA_MEMBRANE	0.19061176131595103			
ZNF555_TARGET_GENES	0.19061135457800402			
REACTOME_RNA_POLYMERASE_II_TRANSCRIPTION_TERMINATION	0.1906096595216746			
GSE19941_IL10_KO_VS_IL10_KO_AND_NFKBP50_KO_UNSTIM_MACROPHAGE_DN	0.19060466732281206			
GO_REGULATION_OF_NEUTROPHIL_MEDIATED_CYTOTOXICITY	0.19060457554560092			
GO_REGULATION_OF_CELL_ADHESION_MOLECULE_PRODUCTION	0.19060438256226533			
GSE7852_TREG_VS_TCONV_FAT_UP	0.19059116075540136			
GO_ORGAN_GROWTH	0.19058866786178946			
PAX2_TARGET_GENES	0.19058586539541839			
GO_CAJAL_BODY	0.1905832214202893			
GO_GERM_CELL_DEVELOPMENT	0.1905819664950549			
GO_BH_DOMAIN_BINDING	0.19057422111057465			
GO_INORGANIC_ION_TRANSMEMBRANE_TRANSPORT	0.19057337996697604			
SPIRA_SMOKERS_LUNG_CANCER_DN	0.19057206630937892			
REACTOME_NICOTINATE_METABOLISM	0.1905719933075988			
IRITANI_MAD1_TARGETS_DN	0.19056953567033338			
DARWICHE_SQUAMOUS_CELL_CARCINOMA_DN	0.19053766381912582			
GSE14769_UNSTIM_VS_80MIN_LPS_BMDM_UP	0.19053597853408183			
ACATTCC_MIR1_MIR206	0.19051019844585343			
BALDWIN_PRKCI_TARGETS_UP	0.19050400780277957			
GO_NEGATIVE_REGULATION_OF_ENDOTHELIAL_CELL_CHEMOTAXIS	0.1904943201289867			
MIR1287_3P	0.1904843011344533			
MIR6817_5P	0.19048351708148184			
MIR4445_5P	0.1904716710353657			
GSE3982_NEUTROPHIL_VS_TH1_UP	0.19046678071358833			
E2F_Q3	0.19046100162745122			
GO_SPINDLE_ASSEMBLY	0.19046068065600358			
chr21q21	0.19044679224905328			
GSE2405_HEAT_KILLED_VS_LIVE_A_PHAGOCYTOPHILUM_STIM_NEUTROPHIL_24H_DN	0.1904384699257215			
MIR144_5P	0.19042760447887042			
BYSTRYKH_HEMATOPOIESIS_STEM_CELL_SCP2_QTL_TRANS	0.19042048050658417			
IPA_ATF7_UP	0.19041806649960655			
MIR2052	0.19041204049207852			
GO_CYCLOSPORIN_A_BINDING	0.1904028880639968			
MYLLYKANGAS_AMPLIFICATION_HOT_SPOT_7	0.1904004378877197			
KEGG_GLYCOSPHINGOLIPID_BIOSYNTHESIS_GANGLIO_SERIES	0.1903979298125273			
HUANG_FOXA2_TARGETS_UP	0.19039324391934462			
GO_SKELETAL_MYOFIBRIL_ASSEMBLY	0.1903885461536284			
KEGG_NON_SMALL_CELL_LUNG_CANCER	0.19038540275034432			
GO_GLUCOSE_BINDING	0.19037835182165386			
GO_REGULATION_OF_FEVER_GENERATION	0.19037156534465113			
LI_CISPLATIN_RESISTANCE_UP	0.19036706843710022			
IPA_BNIP3_UP	0.19035174446843175			
GSE45739_NRAS_KO_VS_WT_ACD3_ACD28_STIM_CD4_TCELL_DN	0.19035169281516706			
FOXD3_TARGET_GENES	0.19035145678808757			
GSE29618_PRE_VS_DAY7_FLU_VACCINE_MONOCYTE_DN	0.19034805820705744			
GSE37533_PPARG1_FOXP3_VS_PPARG2_FOXP3_TRANSDUCED_CD4_TCELL_PIOGLITAZONE_TREATED_UP	0.1903479626417672			
GO_POSITIVE_REGULATION_OF_SYNAPTIC_TRANSMISSION_GABAERGIC	0.19033964166997477			
REACTOME_TOLL_LIKE_RECEPTOR_9_TLR9_CASCADE	0.19032828861405135			
GO_GLYCEROL_ETHER_METABOLIC_PROCESS	0.1903162384074321			
GO_R2TP_COMPLEX	0.19031094713639027			
GSE5542_IFNG_VS_IFNA_AND_IFNG_TREATED_EPITHELIAL_CELLS_6H_UP	0.1903071087922142			
GSE40274_CTRL_VS_HELIOS_TRANSDUCED_ACTIVATED_CD4_TCELL_DN	0.19030386138787833			
GO_NK_T_CELL_DIFFERENTIATION	0.19030309564531206			
GO_3_UTR_MEDIATED_MRNA_STABILIZATION	0.1903005720285209			
BUYTAERT_PHOTODYNAMIC_THERAPY_STRESS_UP	0.19029741512727327			
ABRAMSON_INTERACT_WITH_AIRE	0.19028060307308814			
GO_SMALL_RIBOSOMAL_SUBUNIT	0.19027954482996154			
MIR3137	0.19027734466165677			
MIR6767_3P	0.19026926099965827			
GO_CHEMOKINE_ACTIVITY	0.19026808623582864			
IPA_CRX_DN	0.19026666309273174			
GO_POSITIVE_REGULATION_OF_PEPTIDYL_THREONINE_PHOSPHORYLATION	0.1902630032666753			
MIR449C_5P	0.19025747377169142			
IPA_GATA6_UP	0.19025238140793538			
MIR3165	0.1902486687398654			
GSE9988_ANTI_TREM1_VS_LOW_LPS_MONOCYTE_UP	0.1902406980391804			
GO_NEGATIVE_REGULATION_OF_PROTEIN_KINASE_ACTIVITY_BY_REGULATION_OF_PROTEIN_PHOSPHORYLATION	0.19023574631323456			
GSE41867_LCMV_ARMSTRONG_VS_CLONE13_DAY6_EFFECTOR_CD8_TCELL_DN	0.1902320249954272			
VANLOO_SP3_TARGETS_DN	0.19021024877097947			
GSE32423_CTRL_VS_IL4_MEMORY_CD8_TCELL_UP	0.19020598090707316			
GO_PEPTIDYLTRANSFERASE_ACTIVITY	0.190199488696954			
IPA_HOXA13_DN	0.19019048264220687			
GSE29618_PRE_VS_DAY7_FLU_VACCINE_MDC_UP	0.19018969272401548			
GO_3_PHOSPHOADENOSINE_5_PHOSPHOSULFATE_METABOLIC_PROCESS	0.19016762907549878			
GSE43955_1H_VS_42H_ACT_CD4_TCELL_DN	0.19016755900485205			
MIR6726_5P	0.1901650545680088			
GO_PEBOW_COMPLEX	0.19016176353082392			
GO_REGULATION_OF_NITRIC_OXIDE_BIOSYNTHETIC_PROCESS	0.19015901468824217			
GO_REGULATION_OF_DNA_TOPOISOMERASE_ATP_HYDROLYZING_ACTIVITY	0.19015897549250296			
GSE360_L_DONOVANI_VS_L_MAJOR_DC_DN	0.1901542787470545			
MIR628_3P	0.19014540914955058			
GO_NEGATIVE_REGULATION_OF_DNA_REPLICATION	0.19013894187477903			
IPA_HOXB1_UP	0.19013308488192932			
GO_HEAT_GENERATION	0.1901304400948183			
BIOCARTA_EPO_PATHWAY	0.19013009170105777			
REACTOME_NUCLEAR_ENVELOPE_BREAKDOWN	0.19012652865701737			
GSE1791_CTRL_VS_NEUROMEDINU_IN_T_CELL_LINE_6H_UP	0.19012136977931557			
GSE22886_DAY0_VS_DAY7_MONOCYTE_IN_CULTURE_DN	0.19010994333479003			
GO_EPITHELIAL_FLUID_TRANSPORT	0.1901092554965985			
GO_RSC_TYPE_COMPLEX	0.19009629594806743			
KYNG_ENVIRONMENTAL_STRESS_RESPONSE_NOT_BY_4NQO_IN_WS	0.19009580612930796			
GARGALOVIC_RESPONSE_TO_OXIDIZED_PHOSPHOLIPIDS_CYAN_UP	0.19009279304923857			
MIR589_3P	0.19009056022377752			
MIR6780A_3P	0.1900893673764077			
REACTOME_RUNX1_REGULATES_TRANSCRIPTION_OF_GENES_INVOLVED_IN_INTERLEUKIN_SIGNALING	0.19008111623448018			
GO_POSITIVE_REGULATION_OF_OXIDATIVE_STRESS_INDUCED_CELL_DEATH	0.19007932803013497			
CLAUS_PGR_POSITIVE_MENINGIOMA_UP	0.19007909042696378			
ZSCAN23_TARGET_GENES	0.19006517517783914			
BACH2_01	0.19006053750684948			
GO_POSITIVE_REGULATION_OF_AUTOPHAGY	0.1900502050452749			
GO_NUCLEOSOME_ORGANIZATION	0.19004617168653692			
GO_REGULATION_OF_GLUCOCORTICOID_BIOSYNTHETIC_PROCESS	0.19003215929156228			
REACTOME_VITAMINS	0.19003190389060692			
GO_NEGATIVE_REGULATION_OF_VOLTAGE_GATED_POTASSIUM_CHANNEL_ACTIVITY	0.1900298049239705			
GO_CLATHRIN_COAT_OF_COATED_PIT	0.19002324359668996			
MIR620	0.19000141592556982			
GO_REGULATION_OF_HEAT_GENERATION	0.18998874296902074			
GSE19888_CTRL_VS_A3R_ACTIVATION_MAST_CELL_DN	0.18998114049828188			
KEGG_MAPK_SIGNALING_PATHWAY	0.1899759576384444			
CALVET_IRINOTECAN_SENSITIVE_VS_REVERTED_DN	0.18997520858325692			
MIR5689	0.18997382348579614			
GO_ESTROGEN_METABOLIC_PROCESS	0.18997257047151675			
GO_REGULATION_OF_GROOMING_BEHAVIOR	0.18993648108651234			
MIR6501_3P	0.18993474942550967			
GO_NEGATIVE_REGULATION_OF_VASCULAR_ASSOCIATED_SMOOTH_MUSCLE_CELL_MIGRATION	0.18992878111555114			
GO_LATERAL_ELEMENT	0.18992734300224698			
GO_POSITIVE_REGULATION_OF_INTERLEUKIN_10_SECRETION	0.18991327151506116			
GO_POSITIVE_REGULATION_OF_VASCULAR_ENDOTHELIAL_GROWTH_FACTOR_PRODUCTION	0.18989888621484063			
GSE13411_NAIVE_VS_MEMORY_BCELL_UP	0.18989836902636287			
DORN_ADENOVIRUS_INFECTION_32HR_UP	0.18989760810704903			
GO_RESPONSE_TO_INORGANIC_SUBSTANCE	0.18989316132312245			
GSE43863_TFH_VS_LY6C_INT_CXCR5POS_MEMORY_CD4_TCELL_DN	0.189887546846137			
GSE16385_ROSIGLITAZONE_IL4_VS_IFNG_TNF_STIM_MACROPHAGE_DN	0.1898797995679313			
REACTOME_CHOLESTEROL_BIOSYNTHESIS	0.1898753860981824			
MIR6739_3P	0.18987400287463377			
CROONQUIST_STROMAL_STIMULATION_DN	0.18986928870887934			
GO_ALDITOL_NADPPLUS_1_OXIDOREDUCTASE_ACTIVITY	0.1898662931349227			
GSE16385_UNTREATED_VS_12H_IFNG_TNF_TREATED_MACROPHAGE_UP	0.18986105822006544			
GSE24634_IL4_VS_CTRL_TREATED_NAIVE_CD4_TCELL_DAY10_DN	0.18985853963855132			
FUNG_IL2_SIGNALING_2	0.18984011009480636			
FISCHER_G1_S_CELL_CYCLE	0.1898396696447745			
GSE4748_LPS_VS_LPS_AND_CYANOBACTERIUM_LPSLIKE_STIM_DC_3H_DN	0.18983720805639892			
RAMPON_ENRICHED_LEARNING_ENVIRONMENT_EARLY_DN	0.18983128851570308			
MIR5581_3P	0.18980791571145034			
GO_MANGANESE_ION_TRANSPORT	0.18979150977557063			
GO_COLLAGEN_ACTIVATED_TYROSINE_KINASE_RECEPTOR_SIGNALING_PATHWAY	0.1897879173265319			
GSE20152_SPHK1_KO_VS_WT_HTNFA_OVERXPRESS_ANKLE_DN	0.18977895909109235			
HOWLIN_PUBERTAL_MAMMARY_GLAND	0.18975141712700233			
IPA_ZFP42_DN	0.18975112285918458			
REACTOME_MRNA_EDITING	0.18973993883362267			
GO_TYPE_I_PNEUMOCYTE_DIFFERENTIATION	0.1897332909197488			
GO_TRANSCRIPTION_INITIATION_FROM_RNA_POLYMERASE_I_PROMOTER	0.1897172481919621			
REACTOME_METABOLISM_OF_PORPHYRINS	0.18971639419350803			
GSE18281_PERIMEDULLARY_CORTICAL_REGION_VS_WHOLE_CORTEX_THYMUS_DN	0.18969894040474714			
GO_PEPTIDYL_LYSINE_TRIMETHYLATION	0.18969805047896535			
GO_INTRACELLULAR_PROTEIN_TRANSPORT	0.18969693337268775			
REACTOME_SODIUM_COUPLED_PHOSPHATE_COTRANSPORTERS	0.1896772187399494			
GO_PROTEIN_KINASE_A_REGULATORY_SUBUNIT_BINDING	0.18967416321895897			
CCAWYNNGAAR_UNKNOWN	0.18967201624680066			
GSE32423_CTRL_VS_IL7_IL4_MEMORY_CD8_TCELL_UP	0.18967141101022858			
GO_ALKALOID_METABOLIC_PROCESS	0.18966336138432238			
GO_CELLULAR_PROTEIN_CONTAINING_COMPLEX_LOCALIZATION	0.1896544984129325			
CHO_NR4A1_TARGETS	0.18965183866328483			
chr4p15	0.1896480831915176			
MCCABE_BOUND_BY_HOXC6	0.18963220462748334			
GO_L_AMINO_ACID_TRANSMEMBRANE_TRANSPORTER_ACTIVITY	0.18962677323454147			
MIR4705	0.18961805841843882			
ZNF19_TARGET_GENES	0.18961702955628135			
GO_DYNACTIN_BINDING	0.18961431541466617			
MIR885_5P	0.18961117592591548			
GO_PROTECTION_FROM_NON_HOMOLOGOUS_END_JOINING_AT_TELOMERE	0.18960484362108385			
GATA1_04	0.1895706684902008			
BOYLAN_MULTIPLE_MYELOMA_D_CLUSTER_DN	0.18956128772227407			
GO_PROTEIN_AUTOPHOSPHORYLATION	0.1895557369615639			
HUANG_FOXA2_TARGETS_DN	0.1895547773159073			
IPA_SP8_UP	0.18955178561925173			
SLEBOS_HEAD_AND_NECK_CANCER_WITH_HPV_UP	0.18952946634604464			
GSE17721_LPS_VS_GARDIQUIMOD_0.5H_BMDC_DN	0.1895154531973999			
GO_MITOCHONDRIAL_ELECTRON_TRANSPORT_UBIQUINOL_TO_CYTOCHROME_C	0.1895126224141922			
GO_CERAMIDE_CATABOLIC_PROCESS	0.1895086812146502			
chr3q23	0.189502111219024			
MIR587	0.18950054717241688			
WENDT_COHESIN_TARGETS_UP	0.18950038973062747			
GO_SULFUR_AMINO_ACID_TRANSMEMBRANE_TRANSPORTER_ACTIVITY	0.18949995472026104			
IPA_ZIC2_UP	0.18949702205820718			
MIR7157_3P	0.1894965973421533			
GO_SUBSTRATE_DEPENDENT_CEREBRAL_CORTEX_TANGENTIAL_MIGRATION	0.18949478439469486			
GO_3_OXO_ARACHIDOYL_COA_SYNTHASE_ACTIVITY	0.1894906003223583			
GO_FATTY_ACID_ELONGATION_SATURATED_FATTY_ACID	0.1894906003223583			
REACTOME_SIGNALING_BY_TGF_BETA_RECEPTOR_COMPLEX_IN_CANCER	0.18947350194671278			
MIR182_3P	0.18947073964796796			
MIR4452	0.18946521738708696			
GO_REGULATION_OF_PEPTIDYL_SERINE_DEPHOSPHORYLATION	0.1894566038020021			
MIR30C_1_3P	0.18944922064002312			
GO_BCL_2_FAMILY_PROTEIN_COMPLEX	0.1894380164062847			
GSE14026_TH1_VS_TH17_DN	0.18943639521583341			
GSE3982_CTRL_VS_LPS_48H_DC_UP	0.18943616343302377			
MIR5187_3P	0.18943364147666708			
GSE19772_CTRL_VS_HCMV_INF_MONOCYTES_AND_PI3K_INHIBITION_UP	0.189432741903581			
BRACHAT_RESPONSE_TO_METHOTREXATE_UP	0.18942169126311925			
REACTOME_PRC2_METHYLATES_HISTONES_AND_DNA	0.18941989881651355			
SCHAEFFER_PROSTATE_DEVELOPMENT_48HR_DN	0.18941924861616455			
MIR5008_3P	0.18941571473729416			
REACTOME_REGULATION_OF_TP53_ACTIVITY	0.18940271177455534			
GO_NEGATIVE_REGULATION_OF_CELLULAR_SENESCENCE	0.18938615993191543			
MIR4307	0.18937322516954164			
ZNF586_TARGET_GENES	0.1893675425891657			
HOLLEMAN_ASPARAGINASE_RESISTANCE_ALL_DN	0.18935652177988296			
GO_EXTRAEMBRYONIC_MEMBRANE_DEVELOPMENT	0.18932516620305467			
GO_REGULATION_OF_CHROMOSOME_ORGANIZATION	0.18932002787552535			
GSE30962_PRIMARY_VS_SECONDARY_ACUTE_LCMV_INF_CD8_TCELL_DN	0.1893197251974177			
MIR12124	0.18931063167769163			
GO_FIBROBLAST_GROWTH_FACTOR_PRODUCTION	0.18930387562959972			
GSE5589_LPS_VS_LPS_AND_IL10_STIM_IL10_KO_MACROPHAGE_180MIN_UP	0.18929221599968896			
GO_INTRINSIC_COMPONENT_OF_PLASMA_MEMBRANE	0.1892877841696229			
GO_CHONDROITIN_SULFOTRANSFERASE_ACTIVITY	0.18928471749028905			
GO_INTERCELLULAR_BRIDGE	0.1892822466716385			
GSE32533_WT_VS_MIR17_OVEREXPRESS_ACT_CD4_TCELL_UP	0.18927669199086739			
GO_RENAL_SODIUM_EXCRETION	0.18926202816144294			
GO_NCRNA_PROCESSING	0.18925113771296148			
GO_PROTEIN_GLUTAMINE_GAMMA_GLUTAMYLTRANSFERASE_ACTIVITY	0.18924450709906177			
SESTO_RESPONSE_TO_UV_C3	0.1892393417292978			
GSE36891_POLYIC_TLR3_VS_PAM_TLR2_STIM_PERITONEAL_MACROPHAGE_UP	0.1892388252231412			
GSE22886_NAIVE_CD4_TCELL_VS_48H_ACT_TH2_DN	0.18922940357935927			
GO_REGULATION_OF_PLASMINOGEN_ACTIVATION	0.18922266136030882			
GSE21927_SPLEEN_VS_4T1_TUMOR_MONOCYTE_BALBC_DN	0.18922005879985915			
GO_NEGATIVE_REGULATION_OF_CHEMOTAXIS	0.18921687252838532			
MIR6872_3P	0.18921440089894714			
GO_PROTEIN_O_LINKED_FUCOSYLATION	0.18919276536208357			
MIR487A_3P	0.18918800802477706			
GO_NEGATIVE_REGULATION_OF_AMYLOID_PRECURSOR_PROTEIN_CATABOLIC_PROCESS	0.18918490371482766			
MATZUK_POSTIMPLANTATION_AND_POSTPARTUM	0.18918456178872342			
GSE2770_UNTREATED_VS_ACT_CD4_TCELL_48H_DN	0.18918110117270742			
GO_REGULATION_OF_FERTILIZATION	0.18918052299897678			
GSE23502_BM_VS_COLON_TUMOR_HDC_KO_MYELOID_DERIVED_SUPPRESSOR_CELL_UP	0.18917518136544303			
KEGG_SELENOAMINO_ACID_METABOLISM	0.1891399706664276			
GSE31082_DN_VS_CD4_SP_THYMOCYTE_UP	0.1891383732024986			
WORSCHECH_TUMOR_REJECTION_DN	0.18913218627287243			
GO_NEGATIVE_REGULATION_OF_ACUTE_INFLAMMATORY_RESPONSE_TO_ANTIGENIC_STIMULUS	0.18912991393779166			
GO_REGULATION_OF_STORE_OPERATED_CALCIUM_CHANNEL_ACTIVITY	0.18912919954659532			
MIR4781_3P	0.18912275038625095			
MIR4320	0.18911832336657491			
MIR34B_5P	0.18911431960384353			
GO_MYELOID_LEUKOCYTE_CYTOKINE_PRODUCTION	0.18911283389506975			
IPA_NFAT5_DN	0.189108077652477			
IPA_NFYA_DN	0.189108077652477			
REACTOME_REGULATION_OF_CYTOSKELETAL_REMODELING_AND_CELL_SPREADING_BY_IPP_COMPLEX_COMPONENTS	0.18909200874996648			
GO_CELLULAR_ALDEHYDE_METABOLIC_PROCESS	0.1890905014970615			
GSE27241_WT_CTRL_VS_DIGOXIN_TREATED_RORGT_KO_CD4_TCELL_IN_TH17_POLARIZING_CONDITIONS_UP	0.1890838591240476			
GO_POSITIVE_REGULATION_OF_TRANSCRIPTION_FROM_RNA_POLYMERASE_II_PROMOTER_IN_RESPONSE_TO_OXIDATIVE_STRESS	0.18907700243263162			
GO_STRUCTURAL_CONSTITUENT_OF_NUCLEAR_PORE	0.18907648466979005			
DUAN_PRDM5_TARGETS	0.18902903885540467			
GO_REGULATION_OF_GRANULOCYTE_DIFFERENTIATION	0.1890248420339415			
GO_POLYSOME	0.1890227889865635			
GO_ACTOMYOSIN_CONTRACTILE_RING_ORGANIZATION	0.1890176211056911			
GO_PH_ELEVATION	0.18901260972315254			
PID_RAC1_REG_PATHWAY	0.18901019069545882			
GO_NEGATIVE_REGULATION_OF_GLYCOLYTIC_PROCESS	0.1890075005872077			
GO_MAINTENANCE_OF_CELL_POLARITY	0.18900283001477294			
HASLINGER_B_CLL_WITH_11Q23_DELETION	0.18899621209729653			
GO_NEGATIVE_REGULATION_OF_MACROPHAGE_APOPTOTIC_PROCESS	0.18899405953797094			
GO_REGULATION_OF_CELL_CYCLE_PROCESS	0.18899300108346045			
IPA_GTF2B_UP	0.18899030468090142			
chr9q12	0.18898248873752807			
GO_PHOSPHATIDYLINOSITOL_4_5_BISPHOSPHATE_5_PHOSPHATASE_ACTIVITY	0.18898124958085377			
GO_CYSTEINE_TYPE_ENDOPEPTIDASE_INHIBITOR_ACTIVITY_INVOLVED_IN_APOPTOTIC_PROCESS	0.18897780816100307			
GO_MELANOCORTIN_RECEPTOR_ACTIVITY	0.1889563553233663			
KASLER_HDAC7_TARGETS_1_UP	0.18895438649658738			
MIR328_3P	0.18893350135341322			
GO_DNA_LIGATION	0.18892663219357206			
GO_TRIGEMINAL_GANGLION_DEVELOPMENT	0.18892420605156585			
MIR921	0.18891282449721564			
GO_MITOTIC_CYTOKINETIC_PROCESS	0.1889048207980668			
GSE3039_CD4_TCELL_VS_NKT_CELL_UP	0.18889496043844217			
GO_STRUCTURAL_MOLECULE_ACTIVITY_CONFERRING_ELASTICITY	0.18888888064218726			
GO_SUBSTRATE_DEPENDENT_CELL_MIGRATION	0.18887545489323296			
IPA_NFIA_DN	0.1888745635771194			
GO_NEGATIVE_REGULATION_OF_DNA_RECOMBINATION	0.18887394937905877			
GO_POSITIVE_REGULATION_OF_ATP_BIOSYNTHETIC_PROCESS	0.18886879262216594			
REACTOME_SIGNALING_BY_PDGFR_IN_DISEASE	0.18886372680175548			
GO_POSITIVE_REGULATION_OF_COLLAGEN_METABOLIC_PROCESS	0.1888490165329005			
GO_EUKARYOTIC_TRANSLATION_INITIATION_FACTOR_2B_COMPLEX	0.18882113298855097			
GO_PHOSPHATIDYLINOSITOL_PHOSPHATE_KINASE_ACTIVITY	0.18881993303725675			
GO_CCR_CHEMOKINE_RECEPTOR_BINDING	0.1888158507166786			
IPA_SOX4_UP	0.18881382622126824			
MIR4457	0.1888087822750719			
GO_POSITIVE_REGULATION_OF_FEEDING_BEHAVIOR	0.18880836349819108			
GO_L_GLUTAMATE_IMPORT	0.18879230696804716			
BROWNE_HCMV_INFECTION_4HR_DN	0.1887910317549764			
REACTOME_G2_M_DNA_REPLICATION_CHECKPOINT	0.18877980885399345			
GO_TERMINATION_OF_RNA_POLYMERASE_II_TRANSCRIPTION	0.18876931739180405			
GSE20484_MCSG_VS_CXCL4_MONOCYTE_DERIVED_MACROPHAGE_UP	0.1887649120045871			
GRABARCZYK_BCL11B_TARGETS_UP	0.1887515677678675			
GO_POSITIVE_REGULATION_OF_MAPKKK_CASCADE_BY_FIBROBLAST_GROWTH_FACTOR_RECEPTOR_SIGNALING_PATHWAY	0.18874923728931478			
GO_ANTIGEN_RECEPTOR_MEDIATED_SIGNALING_PATHWAY	0.18874385986382441			
BURTON_ADIPOGENESIS_1	0.1887422164260484			
GSE14000_4H_VS_16H_LPS_DC_TRANSLATED_RNA_DN	0.1887418945157594			
PIAS4_TARGET_GENES	0.18873671781429857			
GSE11057_CD4_EFF_MEM_VS_PBMC_UP	0.18871910160255428			
chr16q13	0.1887185861266979			
MYBL1_TARGET_GENES	0.1887183336201388			
GSE10239_MEMORY_VS_KLRG1HIGH_EFF_CD8_TCELL_DN	0.18870887086438606			
GO_NEGATIVE_REGULATION_OF_CELLULAR_AMIDE_METABOLIC_PROCESS	0.18869639022904522			
GSE29618_LAIV_VS_TIV_FLU_VACCINE_DAY7_MONOCYTE_UP	0.18869568682181856			
BRF2_TARGET_GENES	0.18869535881939542			
GO_CYTOPLASMIC_EXOSOME_RNASE_COMPLEX	0.18868589809462333			
CAFFAREL_RESPONSE_TO_THC_8HR_3_DN	0.1886842958428015			
GSE9006_HEALTHY_VS_TYPE_1_DIABETES_PBMC_AT_DX_DN	0.1886839042396272			
GSE18791_UNSTIM_VS_NEWCATSLE_VIRUS_DC_10H_UP	0.18867332949640186			
GSE29618_BCELL_VS_PDC_DN	0.1886728205026267			
GO_HISTONE_H2A_ACETYLATION	0.1886724419355589			
MIR302D_5P	0.18866816920238041			
NIKOLSKY_BREAST_CANCER_19Q13.4_AMPLICON	0.18866720116024474			
LI_WILMS_TUMOR_VS_FETAL_KIDNEY_1_UP	0.18866573955069849			
BRF1_TARGET_GENES	0.1886469823092668			
GO_REGULATION_OF_POTASSIUM_ION_TRANSPORT	0.18864650500780314			
GO_NEGATIVE_REGULATION_OF_HEART_CONTRACTION	0.18864112088290252			
GO_RESPONSE_TO_KETONE	0.18863799168103462			
GO_BRANCHING_INVOLVED_IN_BLOOD_VESSEL_MORPHOGENESIS	0.18862230433412983			
GSE22611_NOD2_TRANSDUCED_VS_CTRL_HEK293T_STIMULATED_WITH_MDP_2H_DN	0.18862201600972092			
chr5q13	0.18860820154358354			
ETS2_TARGET_GENES	0.18860792877418056			
GO_RESPONSE_TO_UV_A	0.18860451818582785			
GSE11924_TH2_VS_TH17_CD4_TCELL_DN	0.18859745294946623			
CHANG_POU5F1_TARGETS_DN	0.18858267280323526			
REACTOME_THE_ACTIVATION_OF_ARYLSULFATASES	0.1885796376500206			
REACTOME_P75NTR_NEGATIVELY_REGULATES_CELL_CYCLE_VIA_SC1	0.18857168625993498			
JU_AGING_TERC_TARGETS_UP	0.18857165515763016			
IPA_SNAI1_UP	0.1885716287710376			
MIR3658	0.1885697532272399			
MODY_HIPPOCAMPUS_NEONATAL	0.18856712472839016			
REACTOME_AMINO_ACID_TRANSPORT_ACROSS_THE_PLASMA_MEMBRANE	0.18856285575198325			
ELVIDGE_HIF2A_TARGETS_UP	0.18856132410019286			
MAPK3_TARGET_GENES	0.18854673303901595			
GO_AMINOACYLASE_ACTIVITY	0.1885411247097699			
GSE39152_CD103_NEG_VS_POS_MEMORY_CD8_TCELL_UP	0.18853319636875135			
REACTOME_GAP_JUNCTION_DEGRADATION	0.18853203581727027			
GSE5542_UNTREATED_VS_IFNG_TREATED_EPITHELIAL_CELLS_6H_UP	0.18852867391332315			
GSE41176_UNSTIM_VS_ANTI_IGM_STIM_TAK1_KO_BCELL_24H_DN	0.18852222018586987			
REACTOME_HYALURONAN_METABOLISM	0.1885066307673876			
GO_POTASSIUM_ION_IMPORT_ACROSS_PLASMA_MEMBRANE	0.1884998360527491			
GO_CELLULAR_RESPONSE_TO_FRUCTOSE_STIMULUS	0.1884981931749324			
GO_DEHYDROASCORBIC_ACID_TRANSMEMBRANE_TRANSPORTER_ACTIVITY	0.18849308108376758			
GO_DEHYDROASCORBIC_ACID_TRANSPORT	0.18849308108376758			
GO_NEGATIVE_REGULATION_OF_ESTABLISHMENT_OF_PROTEIN_LOCALIZATION_TO_MITOCHONDRION	0.18848788177775688			
GO_POSITIVE_REGULATION_OF_CALCIUM_MEDIATED_SIGNALING	0.18848170207264417			
GSE5589_WT_VS_IL10_KO_LPS_AND_IL10_STIM_MACROPHAGE_180MIN_UP	0.18847972564884255			
GO_POSITIVE_REGULATION_OF_ENDOTHELIAL_CELL_CHEMOTAXIS	0.18847131443997872			
GO_AMINOGLYCOSIDE_ANTIBIOTIC_METABOLIC_PROCESS	0.1884617117833791			
MIR3120_3P	0.18845651238293756			
GSE32986_CURDLAN_LOWDOSE_VS_CURDLAN_HIGHDOSE_STIM_DC_UP	0.18845302904625824			
GO_ANTEROGRADE_DENDRITIC_TRANSPORT	0.18843686988219924			
GYORFFY_MITOXANTRONE_RESISTANCE	0.18843463674329974			
GO_NEGATIVE_REGULATION_OF_T_CELL_DIFFERENTIATION	0.18843345645328213			
REACTOME_MULTIFUNCTIONAL_ANION_EXCHANGERS	0.1884231773049691			
IPA_GATA4_DN	0.18842283004270757			
REACTOME_CALCINEURIN_ACTIVATES_NFAT	0.1884226771772347			
GSE14000_TRANSLATED_RNA_VS_MRNA_4H_LPS_DC_DN	0.18841551006696222			
GO_ORGANELLE_DISASSEMBLY	0.18840869518547368			
GO_PROTEIN_TARGETING_TO_MITOCHONDRION	0.1884036934386217			
ZNF512_TARGET_GENES	0.18840194248502048			
GO_SPLICEOSOMAL_COMPLEX_ASSEMBLY	0.18840128950700882			
GO_PROSTANOID_BIOSYNTHETIC_PROCESS	0.18839857356883336			
GO_CELL_ADHESION_MOLECULE_BINDING	0.18838348156825574			
GO_RNA_CAPPING	0.1883787935254155			
MIR4326	0.18837152656585013			
GO_PRIMARY_ALCOHOL_CATABOLIC_PROCESS	0.18836586920869133			
SHIN_B_CELL_LYMPHOMA_CLUSTER_6	0.1883637638708588			
GO_GROWTH_PLATE_CARTILAGE_CHONDROCYTE_DIFFERENTIATION	0.18836363317667917			
RCGCANGCGY_NRF1_Q6	0.18835249689166686			
GSE42021_CD24LO_TREG_VS_CD24LO_TCONV_THYMUS_UP	0.18834193969559881			
GSE3982_CENT_MEMORY_CD4_TCELL_VS_TH1_UP	0.18833664100911254			
GO_ADA2_GCN5_ADA3_TRANSCRIPTION_ACTIVATOR_COMPLEX	0.18833216866294875			
IPA_CCNH_DN	0.1883295136539695			
NADERI_BREAST_CANCER_PROGNOSIS_DN	0.18832443611031832			
MYLLYKANGAS_AMPLIFICATION_HOT_SPOT_23	0.18832357442451825			
MIR5701	0.18831782468039643			
GO_ESTABLISHMENT_OF_GOLGI_LOCALIZATION	0.18830354152977713			
MIR519D_5P	0.1882894953998642			
GO_NEGATIVE_REGULATION_OF_CALCIUM_MEDIATED_SIGNALING	0.18827041735094205			
JEPSEN_SMRT_TARGETS	0.1882675357023256			
GO_POSITIVE_REGULATION_OF_T_CELL_DIFFERENTIATION_IN_THYMUS	0.18825429112443057			
GSE8835_HEALTHY_VS_CLL_CD4_TCELL_DN	0.18824415548401333			
GSE5589_LPS_VS_LPS_AND_IL6_STIM_MACROPHAGE_45MIN_DN	0.18824157315206347			
GO_BONE_GROWTH	0.18824099857145443			
chr7q31	0.1882375590944093			
GO_POSITIVE_REGULATION_OF_JUN_KINASE_ACTIVITY	0.18822366443144528			
GSE339_CD4POS_VS_CD4CD8DN_DC_DN	0.18822234832269305			
REACTOME_SODIUM_COUPLED_SULPHATE_DI_AND_TRI_CARBOXYLATE_TRANSPORTERS	0.18822055536775964			
GO_NEGATIVE_REGULATION_OF_SYNAPTIC_PLASTICITY	0.1882118045322527			
REACTOME_MRNA_SPLICING	0.18820840163598426			
GGARNTKYCCA_UNKNOWN	0.1882034065762477			
GO_STEROL_DESATURASE_ACTIVITY	0.18819634159724466			
GO_LIPOPEPTIDE_BINDING	0.18816336483740162			
GO_RESPIRATORY_GASEOUS_EXCHANGE_BY_RESPIRATORY_SYSTEM	0.18815907189227546			
chr11p14	0.1881556125382523			
MIR6737_3P	0.188154929946124			
MIR506_5P	0.18814916474448298			
GO_GENERAL_TRANSCRIPTION_INITIATION_FACTOR_BINDING	0.18814659329750338			
MIR660_5P	0.18812781872484632			
IPA_MNAT1_UP	0.18810935861404737			
GO_ANTIGEN_PROCESSING_AND_PRESENTATION_OF_ENDOGENOUS_PEPTIDE_ANTIGEN	0.18810914623990638			
GO_POSITIVE_REGULATION_OF_MITOPHAGY	0.18810806404217617			
GO_NEGATIVE_REGULATION_OF_GLUCOCORTICOID_METABOLIC_PROCESS	0.18810542684941975			
GO_POSITIVE_REGULATION_OF_DOUBLE_STRAND_BREAK_REPAIR_VIA_NONHOMOLOGOUS_END_JOINING	0.1880953171284755			
GO_MISMATCH_REPAIR	0.18809252310661584			
GO_NEGATIVE_REGULATION_OF_COLLATERAL_SPROUTING	0.188085871281823			
GSE22342_CD11C_HIGH_VS_LOW_DECIDUAL_MACROPHAGES_DN	0.1880834170939923			
GSE23925_DARK_ZONE_VS_NAIVE_BCELL_DN	0.18807962805423084			
MIR509_3_5P	0.18807744279908942			
MIR4422	0.18807644295206144			
GSE23321_CD8_STEM_CELL_MEMORY_VS_NAIVE_CD8_TCELL_UP	0.18807595047992803			
GO_POSITIVE_REGULATION_OF_NEURON_PROJECTION_REGENERATION	0.18807390900667065			
GO_REGULATION_OF_DEVELOPMENT_HETEROCHRONIC	0.18807304955771678			
GO_PROTEIN_DNA_COMPLEX	0.1880715209775645			
GSE37301_COMMON_LYMPHOID_PROGENITOR_VS_RAG2_KO_NK_CELL_UP	0.1880674635355262			
MIR5680	0.18806601806725626			
REACTOME_CHYLOMICRON_REMODELING	0.18805918996855522			
GSE3982_MAC_VS_BCELL_UP	0.18804766361192843			
GO_REGULATION_OF_BICELLULAR_TIGHT_JUNCTION_ASSEMBLY	0.18803487366814334			
KRAS.BREAST_UP.V1_DN	0.18803283955987882			
GO_VASCULAR_SMOOTH_MUSCLE_CONTRACTION	0.1880266754569782			
GO_MOTOR_BEHAVIOR	0.1880209017215691			
REACTOME_ACTIVATION_OF_RAC1_DOWNSTREAM_OF_NMDARS	0.18801194441956567			
GSE16451_IMMATURE_VS_MATURE_NEURON_CELL_LINE_WEST_EQUINE_ENC_VIRUS_DN	0.18800930736327656			
GO_ASYMMETRIC_GLUTAMATERGIC_EXCITATORY_SYNAPSE	0.18800233114651668			
GO_COPII_COATED_ER_TO_GOLGI_TRANSPORT_VESICLE	0.18800198665176654			
BIOCARTA_INTEGRIN_PATHWAY	0.18799920325641714			
GO_RESPONSE_TO_DISACCHARIDE	0.1879982589366385			
GO_ACTIVATION_OF_JUN_KINASE_ACTIVITY	0.18799652337733833			
GO_REGULATION_OF_POSTSYNAPTIC_CYTOSOLIC_CALCIUM_ION_CONCENTRATION	0.18798774091371273			
GSE45365_CD8A_DC_VS_CD11B_DC_IFNAR_KO_DN	0.18798004307381744			
GSE15733_BM_VS_SPLEEN_MEMORY_CD4_TCELL_DN	0.1879693317761213			
GO_HEPARAN_SULFATE_SULFOTRANSFERASE_ACTIVITY	0.18796876450640526			
GO_RIBOSE_PHOSPHATE_DIPHOSPHOKINASE_ACTIVITY	0.18795781590913024			
GO_RIBOSE_PHOSPHATE_DIPHOSPHOKINASE_COMPLEX	0.18795781590913024			
RUVBL1_TARGET_GENES	0.18794800876119705			
MIR4497	0.1879466051751268			
BRUINS_UVC_RESPONSE_MIDDLE	0.18794046149533672			
GO_AROMATIC_AMINO_ACID_TRANSMEMBRANE_TRANSPORTER_ACTIVITY	0.1879375216131252			
GO_MON1_CCZ1_COMPLEX	0.18791844686280837			
ZFP82_TARGET_GENES	0.1879128388676781			
GSE27291_0H_VS_6H_STIM_GAMMADELTA_TCELL_UP	0.18790368609346073			
GO_UTP_METABOLIC_PROCESS	0.18789099767888112			
GSE3203_HEALTHY_VS_INFLUENZA_INFECTED_LN_BCELL_UP	0.18788892000093813			
ZHAN_MULTIPLE_MYELOMA_CD1_VS_CD2_UP	0.1878849616353876			
YAGUE_PRETUMOR_DRUG_RESISTANCE_UP	0.1878841608855781			
GO_POSITIVE_REGULATION_OF_PROTEIN_EXPORT_FROM_NUCLEUS	0.18787361913595327			
GO_POSITIVE_REGULATION_OF_REACTIVE_OXYGEN_SPECIES_BIOSYNTHETIC_PROCESS	0.1878704556617551			
MIR12132	0.1878698759245492			
GSE29949_CD8_NEG_DC_SPLEEN_VS_DC_BRAIN_UP	0.18786234348814634			
GO_RETINAL_CONE_CELL_DIFFERENTIATION	0.18785317079491007			
GSE3720_VD1_VS_VD2_GAMMADELTA_TCELL_UP	0.1878493155385679			
BHATI_G2M_ARREST_BY_2METHOXYESTRADIOL_DN	0.18784851644591166			
GO_SMALL_NUCLEAR_RIBONUCLEOPROTEIN_COMPLEX	0.18784661425242247			
GSE5589_WT_VS_IL6_KO_LPS_AND_IL10_STIM_MACROPHAGE_45MIN_DN	0.18784575674860024			
GSE45365_CD8A_DC_VS_CD11B_DC_DN	0.18784179057982567			
GO_ACTIN_CYTOSKELETON_REORGANIZATION	0.18782238746123306			
GSE7509_DC_VS_MONOCYTE_WITH_FCGRIIB_STIM_UP	0.18782050715808424			
GO_REGULATION_OF_PROTEIN_LOCALIZATION_TO_ENDOSOME	0.18781649363536448			
GO_RIBOSOMAL_SUBUNIT	0.18781071200336086			
GO_VITAMIN_BIOSYNTHETIC_PROCESS	0.1878088158941735			
GO_CHROMATOID_BODY	0.18780736585617863			
GO_REGULATION_OF_LUTEINIZING_HORMONE_SECRETION	0.1877916414433247			
GSE14769_20MIN_VS_360MIN_LPS_BMDM_UP	0.1877808990903534			
MIR651_5P	0.18776949686393737			
MIR6744_3P	0.18776654404354118			
REACTOME_AMINO_ACIDS_REGULATE_MTORC1	0.18776426899272342			
MIR6800_5P	0.1877546441153187			
BILANGES_RAPAMYCIN_SENSITIVE_GENES	0.18775020111704055			
ROPERO_HDAC2_TARGETS	0.18774629220643768			
GO_NUCLEAR_CYCLIN_DEPENDENT_PROTEIN_KINASE_HOLOENZYME_COMPLEX	0.1877224437380651			
IPA_EHF_DN	0.18770841415942835			
GO_BONE_REMODELING	0.18770251027181686			
REACTOME_BUTYROPHILIN_BTN_FAMILY_INTERACTIONS	0.187699151939841			
MIR874_3P	0.1876966614198956			
FOXR2_TARGET_GENES	0.18768957810997589			
GO_REGULATION_OF_AUTOPHAGY_OF_MITOCHONDRION	0.18768742741887814			
MIR31_5P	0.18768531506605488			
GO_PERICARDIUM_MORPHOGENESIS	0.18768513155189848			
GSE6875_WT_VS_FOXP3_KO_TREG_DN	0.18766901519532075			
MIR34B_3P	0.18765143301157572			
GO_NUCLEAR_PERIPHERY	0.18763971159675208			
GO_NEGATIVE_REGULATION_BY_HOST_OF_VIRAL_GENOME_REPLICATION	0.18763597305938454			
MIR4257	0.18763558464640517			
GO_MITOCHONDRIAL_TRANSLATIONAL_TERMINATION	0.18763555123561992			
IPA_LRRFIP1_UP	0.18762518555637817			
GSE40068_BCL6_POS_VS_NEG_CXCR5_POS_TFH_DN	0.187605156810501			
IPA_E2F6_DN	0.18760298648397078			
GALI_TP53_TARGETS_APOPTOTIC_DN	0.187600768176754			
BIOCARTA_PLCE_PATHWAY	0.18759763776966928			
MIR548AT_5P	0.18759585659668793			
MIR8061	0.18759489908872248			
chr6p25	0.18758998108184266			
GSE18893_CTRL_VS_TNF_TREATED_TCONV_24H_UP	0.187581990079562			
MIR4666A_5P	0.18757116814967292			
GSE45365_NK_CELL_VS_BCELL_DN	0.18757003769893027			
GO_MICROTUBULE_ANCHORING_AT_CENTROSOME	0.18756457266932156			
BILANGES_SERUM_SENSITIVE_GENES	0.18754882188971433			
GO_HISTONE_METHYLTRANSFERASE_ACTIVITY_H3_K4_SPECIFIC	0.18754461316357046			
GO_WATER_SOLUBLE_VITAMIN_BIOSYNTHETIC_PROCESS	0.18751606723884073			
GSE41867_DAY6_EFFECTOR_VS_DAY30_MEMORY_CD8_TCELL_LCMV_ARMSTRONG_DN	0.1875074068646417			
GSE42021_TCONV_PLN_VS_CD24LO_TCONV_THYMUS_DN	0.18750707125743526			
GSE45739_NRAS_KO_VS_WT_UNSTIM_CD4_TCELL_DN	0.1874948880533109			
GO_DETECTION_OF_MECHANICAL_STIMULUS_INVOLVED_IN_SENSORY_PERCEPTION_OF_SOUND	0.1874913759980018			
GO_HEPARAN_SULFATE_GLUCOSAMINE_3_SULFOTRANSFERASE_1_ACTIVITY	0.18748037797016484			
GSE6259_FLT3L_INDUCED_VS_WT_SPLENIC_DC_33D1_POS_DN	0.18746768748947562			
chr6q16	0.1874655107763498			
VARELA_ZMPSTE24_TARGETS_DN	0.1874485317255638			
GO_PHOSPHATIDYLINOSITOL_PHOSPHATE_BINDING	0.1874410626802479			
GO_T_CELL_ANTIGEN_PROCESSING_AND_PRESENTATION	0.18741816684656865			
GO_RNA_POLYMERASE_III_TRANSCRIPTION_FACTOR_COMPLEX	0.187416223198648			
KONDO_COLON_CANCER_HCP_WITH_H3K27ME1	0.18741457956723123			
MIR4521	0.18739945976384775			
ZNF816_TARGET_GENES	0.18739904258663845			
IPA_KLF9_DN	0.18739549030740876			
BIOCARTA_PAR1_PATHWAY	0.18739456097715515			
GSE22196_HEALTHY_VS_OBESE_MOUSE_SKIN_GAMMADELTA_TCELL_DN	0.18739312436923244			
GO_GLYCOSYLCERAMIDE_METABOLIC_PROCESS	0.18739309267021773			
GO_MICROFIBRIL	0.18738730503848983			
REACTOME_NRIF_SIGNALS_CELL_DEATH_FROM_THE_NUCLEUS	0.1873773347890035			
GO_FATZ_BINDING	0.18736590072218515			
GO_NEGATIVE_REGULATION_OF_RNA_CATABOLIC_PROCESS	0.1873575487197145			
GO_POSITIVE_REGULATION_OF_ASPARTIC_TYPE_PEPTIDASE_ACTIVITY	0.18735258335941235			
GO_U2_SNRNP	0.18734688915471762			
GO_REGULATION_OF_ESTABLISHMENT_OF_PROTEIN_LOCALIZATION_TO_MITOCHONDRION	0.18734594876831423			
GO_MRNA_5_SPLICE_SITE_RECOGNITION	0.1873341205249197			
IPA_PITX3_UP	0.18731594376865643			
IPA_HOXA13_UP	0.18731594376865643			
BIOCARTA_AKAPCENTROSOME_PATHWAY	0.1873116633107152			
GSE37605_FOXP3_FUSION_GFP_VS_IRES_GFP_TREG_NOD_DN	0.18729276420108362			
ZHANG_GATA6_TARGETS_DN	0.18728503598709084			
IPA_RFX3_UP	0.1872774281725013			
GO_NEGATIVE_REGULATION_OF_BEHAVIOR	0.18726079990931738			
GO_ACTIVATION_OF_PROTEIN_KINASE_B_ACTIVITY	0.1872564752822099			
GO_POSITIVE_REGULATION_OF_VASCULAR_ENDOTHELIAL_GROWTH_FACTOR_RECEPTOR_SIGNALING_PATHWAY	0.18720644676156878			
GO_COLLAGEN_TYPE_IV_TRIMER	0.18720060933514115			
GAUSSMANN_MLL_AF4_FUSION_TARGETS_E_UP	0.18719652095293127			
GO_REGULATION_OF_HISTONE_H2B_UBIQUITINATION	0.18719052332035355			
GO_AMINE_BIOSYNTHETIC_PROCESS	0.18718895850900838			
MIR892C_5P	0.1871833405643813			
MIR450A_1_3P	0.18718059339626136			
MIR3620_5P	0.18717304057668455			
BROWNE_HCMV_INFECTION_20HR_DN	0.1871674592205297			
MIR556_3P	0.18716069616301406			
MIR525_5P	0.18715255413684162			
BIOCARTA_GLEEVEC_PATHWAY	0.18713497464657305			
GO_FRUCTOSE_2_6_BISPHOSPHATE_METABOLIC_PROCESS	0.18713479407250008			
GO_FRUCTOSE_2_6_BISPHOSPHATE_2_PHOSPHATASE_ACTIVITY	0.18713479407250008			
GO_ICOSANOID_BIOSYNTHETIC_PROCESS	0.1871320830380509			
GO_GLUCOSE_SODIUM_SYMPORTER_ACTIVITY	0.1871233685813964			
MIR4789_5P	0.1871228226958368			
GO_LOCOMOTORY_EXPLORATION_BEHAVIOR	0.18711699099451193			
SCHUHMACHER_MYC_TARGETS_UP	0.18711300002271322			
GSE3039_CD4_TCELL_VS_ALPHAALPHA_CD8_TCELL_UP	0.18710718359016734			
AACATTC_MIR4093P	0.18710178872894803			
GO_PHOSPHATIDYLINOSITOL_KINASE_ACTIVITY	0.18709346532102733			
REACTOME_BASE_EXCISION_REPAIR	0.18709234125809227			
GSE21360_NAIVE_VS_PRIMARY_MEMORY_CD8_TCELL_DN	0.1870900567802819			
GSE14350_IL2RB_KO_VS_WT_TREG_DN	0.1870887984065945			
GO_POTASSIUM_ION_BINDING	0.1870879904145042			
KAN_RESPONSE_TO_ARSENIC_TRIOXIDE	0.1870496720756097			
TATA_C	0.1870462609144175			
GSE8678_IL7R_LOW_VS_HIGH_EFF_CD8_TCELL_DN	0.18704037172489266			
GO_2FE_2S_CLUSTER_ASSEMBLY	0.18700895286257502			
GO_POSITIVE_REGULATION_OF_PINOCYTOSIS	0.1870073327960795			
GSE14386_UNTREATED_VS_IFNA_TREATED_ACT_PBMC_MS_PATIENT_UP	0.18700475367255362			
GSE2706_R848_VS_LPS_8H_STIM_DC_UP	0.1870003900466456			
MIR8075	0.18698394660267606			
MIR508_5P	0.1869725643581496			
GENTILE_UV_RESPONSE_CLUSTER_D4	0.18695645091736535			
GO_RESPIRATORY_CHAIN_COMPLEX	0.18695502724526092			
GO_FRUCTOSE_6_PHOSPHATE_BINDING	0.18694627651387175			
GO_REGULATION_OF_HEART_GROWTH	0.18693358032249607			
MIR190A_5P	0.1869326457053533			
MIR6812_5P	0.18692722081305044			
REACTOME_OAS_ANTIVIRAL_RESPONSE	0.18691721584390109			
MIR4515	0.18690185209145688			
AP1_01	0.18689802080511578			
GSE17580_UNINFECTED_VS_S_MANSONI_INF_TREG_UP	0.18689629902376545			
GO_SECRETORY_GRANULE_ORGANIZATION	0.18688022057814888			
GO_NEGATIVE_REGULATION_OF_AUTOPHAGOSOME_ASSEMBLY	0.18687776845587606			
REACTOME_BETA_OXIDATION_OF_OCTANOYL_COA_TO_HEXANOYL_COA	0.18687007811429313			
REACTOME_HYDROLYSIS_OF_LPC	0.18686883007717078			
GSE22501_PERIPHERAL_BLOOD_VS_CORD_BLOOD_TREG_UP	0.18686669784594487			
GO_PEPTIDYL_PROLINE_HYDROXYLATION_TO_4_HYDROXY_L_PROLINE	0.18686016720808182			
GO_PEPTIDYL_PROLINE_4_DIOXYGENASE_ACTIVITY	0.18686016720808182			
CCANNAGRKGGC_UNKNOWN	0.18685637660153645			
GO_REGULATION_OF_SYSTEMIC_ARTERIAL_BLOOD_PRESSURE	0.18685239746423146			
REACTOME_TERMINAL_PATHWAY_OF_COMPLEMENT	0.18684681034220707			
MEISSNER_NPC_ICP_WITH_H3_UNMETHYLATED	0.18684258864790998			
GO_N_METHYLTRANSFERASE_ACTIVITY	0.18683628744601116			
GO_REGULATION_OF_DNA_BIOSYNTHETIC_PROCESS	0.18683347489905353			
MODY_HIPPOCAMPUS_PRENATAL	0.186816596406965			
GO_DICARBOXYLIC_ACID_METABOLIC_PROCESS	0.18681262667216597			
GSE22935_UNSTIM_VS_24H_MBOVIS_BCG_STIM_MYD88_KO_MACROPHAGE_UP	0.18680472133339007			
MIR1287_5P	0.1867993705211495			
MIR6878_5P	0.18679830547345863			
GO_PHOSPHOLIPID_SCRAMBLASE_ACTIVITY	0.18679684619487807			
IPA_ATF1_UP	0.18678389978777543			
MIR576_5P	0.18678075883047507			
GSE22342_CD11C_HIGH_VS_LOW_DECIDUAL_MACROPHAGES_UP	0.18677756821583805			
KONDO_COLON_CANCER_HCP_WITH_H3K27ME3	0.18676599107883823			
GO_CELLULAR_RESPONSE_TO_FOLLICLE_STIMULATING_HORMONE_STIMULUS	0.18675568107169327			
GO_BETA_N_ACETYLHEXOSAMINIDASE_ACTIVITY	0.18674875855047768			
IPA_NR5A2_UP	0.18674245925798305			
GSE45365_CTRL_VS_MCMV_INFECTION_NK_CELL_DN	0.1867373017564405			
GO_INTERLEUKIN_12_BIOSYNTHETIC_PROCESS	0.18672831355594033			
MIR3166	0.18672015374082454			
GO_MYOBLAST_DIFFERENTIATION	0.18670894516429581			
GO_RNA_BINDING	0.18670829331079383			
DASU_IL6_SIGNALING_DN	0.18669063353250112			
GO_CILIUM	0.18668884011594805			
REACTOME_RESOLUTION_OF_AP_SITES_VIA_THE_MULTIPLE_NUCLEOTIDE_PATCH_REPLACEMENT_PATHWAY	0.1866858003856222			
JAZAG_TGFB1_SIGNALING_VIA_SMAD4_DN	0.18667978055490642			
POS_HISTAMINE_RESPONSE_NETWORK	0.18667363807951898			
GO_CELLULAR_RESPONSE_TO_THYROID_HORMONE_STIMULUS	0.1866696098344772			
REACTOME_NF_KB_IS_ACTIVATED_AND_SIGNALS_SURVIVAL	0.1866641484286568			
GSE22886_NAIVE_BCELL_VS_DC_DN	0.18666124472054957			
GO_MAGNESIUM_DEPENDENT_PROTEIN_SERINE_THREONINE_PHOSPHATASE_ACTIVITY	0.18664138928948093			
GO_POSITIVE_REGULATION_OF_NATURAL_KILLER_CELL_DIFFERENTIATION	0.18662961825338872			
GO_PHOSPHATIDYLGLYCEROL_BIOSYNTHETIC_PROCESS	0.18662172770179025			
FARMER_BREAST_CANCER_CLUSTER_4	0.1866151143869249			
GO_LIPID_MODIFICATION	0.18660680984759223			
HINATA_NFKB_IMMU_INF	0.1865979680846301			
GO_GLOMERULAR_MESANGIAL_CELL_DEVELOPMENT	0.18659671786513318			
GO_PHOSPHATIDYLSERINE_1_ACYLHYDROLASE_ACTIVITY	0.18659647276925123			
GSE23308_WT_VS_MINERALCORTICOID_REC_KO_MACROPHAGE_UP	0.18659545982211928			
GO_POSITIVE_REGULATION_OF_CARDIAC_MUSCLE_CELL_PROLIFERATION	0.18657453531577012			
MIR4740_5P	0.18657228015758293			
ZERBINI_RESPONSE_TO_SULINDAC_UP	0.1865659720803495			
GO_NUCLEAR_NUCLEOSOME	0.18656044249566164			
ZHAN_MULTIPLE_MYELOMA_MS_DN	0.1865572375417931			
BERGER_MBD2_TARGETS	0.18654838876934274			
GSE12003_4D_VS_8D_CULTURE_BM_PROGENITOR_DN	0.18654688699656483			
GO_METALLOAMINOPEPTIDASE_ACTIVITY	0.18654554291240644			
MIR5587_5P	0.18653666270950095			
GO_CELLULAR_AMIDE_METABOLIC_PROCESS	0.18653565613860656			
GO_ELONGIN_COMPLEX	0.186529127781527			
KEGG_ALZHEIMERS_DISEASE	0.1865268050782971			
GSE1432_6H_VS_24H_IFNG_MICROGLIA_UP	0.18652399787087662			
GTGACTT_MIR224	0.18651619734576202			
GO_NEGATIVE_REGULATION_OF_MUSCLE_HYPERTROPHY	0.1865119149634966			
ELF2_TARGET_GENES	0.18650773724581496			
POMEROY_MEDULLOBLASTOMA_PROGNOSIS_DN	0.1864995214766842			
GO_ALKALI_METAL_ION_BINDING	0.1864859482194842			
GO_REGULATION_OF_HOMOTYPIC_CELL_CELL_ADHESION	0.18646888787472282			
IPA_SUZ12_DN	0.18646676734216447			
GO_REGULATION_OF_OSTEOCLAST_PROLIFERATION	0.18646590149046524			
ARHGAP35_TARGET_GENES	0.18645717806389567			
GSE16266_CTRL_VS_LPS_STIM_MEF_UP	0.1864566740602522			
MIR485_3P	0.18645648794772285			
GSE3982_BCELL_VS_BASOPHIL_DN	0.1864523942125635			
GSE2770_UNTREATED_VS_TGFB_AND_IL12_TREATED_ACT_CD4_TCELL_48H_DN	0.18645088942859675			
GSE1925_CTRL_VS_IFNG_PRIMED_MACROPHAGE_DN	0.18645045335773502			
IPA_PRDM8_DN	0.18644595019670096			
CEBPZ_TARGET_GENES	0.1864300956953504			
IPA_XRCC5_DN	0.1864231706214349			
PID_INTEGRIN_A9B1_PATHWAY	0.18641550196721213			
BIOCARTA_ACE2_PATHWAY	0.18639829317791984			
CYCLIN_D1_UP.V1_DN	0.18639306905744785			
GO_CYTOPLASMIC_TRANSLATIONAL_ELONGATION	0.18639024546442948			
HAHTOLA_MYCOSIS_FUNGOIDES_CD4_UP	0.18638349857322972			
DAZARD_UV_RESPONSE_CLUSTER_G28	0.18637743117861005			
GAJATE_RESPONSE_TO_TRABECTEDIN_DN	0.18637574307014695			
RORA2_01	0.18636458897949962			
IPA_RPA1_DN	0.1863572996064253			
ZNF133_TARGET_GENES	0.18635471182851995			
GO_NUCLEAR_ENVELOPE	0.18634662139436775			
GSE24492_LYVE_NEG_VS_POS_MACROPHAGE_DN	0.18634434951421966			
GO_POSITIVE_REGULATION_OF_APOPTOTIC_CELL_CLEARANCE	0.18633024700106068			
GUILLAUMOND_KLF10_TARGETS_UP	0.18632501593643233			
CDC5_01	0.18631043672658945			
GTTAAAG_MIR302B	0.18630142810289707			
REACTOME_UBIQUINOL_BIOSYNTHESIS	0.18630030174615878			
VERNOCHET_ADIPOGENESIS	0.18630001555439962			
SWEET_LUNG_CANCER_KRAS_UP	0.1862914262135834			
GO_INTRINSIC_APOPTOTIC_SIGNALING_PATHWAY	0.1862832647895481			
MIR4753_3P	0.18627308265756184			
BIOCARTA_CTLA4_PATHWAY	0.1862679919770419			
GO_REGULATION_OF_LAMELLIPODIUM_ORGANIZATION	0.18626402021108227			
IPA_HLF_DN	0.18625596905867578			
IPA_TEF_DN	0.18625596905867578			
GSE20152_HTNFA_OVERXPRESS_ANKLE_VS_CTRL_SPHK1_KO_ANKLE_DN	0.18625435891431386			
GSE2706_LPS_VS_R848_AND_LPS_2H_STIM_DC_UP	0.18624906544251518			
TSAI_DNAJB4_TARGETS_UP	0.18624841507516385			
GSE28783_ANTI_MIR33_VS_CTRL_ATHEROSCLEROSIS_MACROPHAGE_UP	0.18624468865586616			
NAM_FXYD5_TARGETS_DN	0.1862404213264341			
GO_POSITIVE_REGULATION_OF_VASCULAR_SMOOTH_MUSCLE_CELL_PROLIFERATION	0.18623967801593733			
GO_NEGATIVE_REGULATION_OF_TRANSPORT	0.18623921916259523			
GO_ERROR_FREE_TRANSLESION_SYNTHESIS	0.18623539811128825			
CASORELLI_APL_SECONDARY_VS_DE_NOVO_UP	0.18623532833767992			
GO_MRNA_CIS_SPLICING_VIA_SPLICEOSOME	0.18623108470919295			
GO_NUCLEAR_TRANSCRIBED_MRNA_CATABOLIC_PROCESS_DEADENYLATION_DEPENDENT_DECAY	0.18620592022947205			
BIOCARTA_EPHA4_PATHWAY	0.18620060405308042			
MIR6890_3P	0.18620011223266983			
GSE9650_NAIVE_VS_EXHAUSTED_CD8_TCELL_UP	0.18619893534618442			
GARGALOVIC_RESPONSE_TO_OXIDIZED_PHOSPHOLIPIDS_GREEN_DN	0.18619410930755953			
GO_GLUTATHIONE_METABOLIC_PROCESS	0.18619131924211615			
ELVIDGE_HYPOXIA_BY_DMOG_UP	0.18618440561061747			
GO_PHOSPHOLIPID_DEPHOSPHORYLATION	0.1861817181728805			
GO_REGULATION_OF_CELLULAR_RESPONSE_TO_TRANSFORMING_GROWTH_FACTOR_BETA_STIMULUS	0.1861687116326097			
LEE_INTRATHYMIC_T_PROGENITOR	0.18616198340309828			
IPA_ZSCAN10_UP	0.18614349299694838			
GSE11924_TFH_VS_TH17_CD4_TCELL_UP	0.18613881032488014			
GSE27786_CD8_TCELL_VS_NKTCELL_UP	0.18612613517586316			
SIG_INSULIN_RECEPTOR_PATHWAY_IN_CARDIAC_MYOCYTES	0.1861135653400507			
GSE15330_MEGAKARYOCYTE_ERYTHROID_PROGENITOR_VS_PRO_BCELL_UP	0.18611116999389563			
GO_PHOSPHATIDYLINOSITOL_3_5_BISPHOSPHATE_3_PHOSPHATASE_ACTIVITY	0.18611110240065196			
GO_PHOSPHATIDYLINOSITOL_BINDING	0.18610525629404387			
GO_POSITIVE_REGULATION_OF_NMDA_GLUTAMATE_RECEPTOR_ACTIVITY	0.18610101362594192			
MIR10A_5P_MIR10B_5P	0.18609851889467025			
TAL1BETAITF2_01	0.18607263948668482			
GSE16386_IL4_VS_IL4_AND_ROSIGLITAZONE_STIM_MACROPHAGE_6H_DN	0.18606738970379144			
MIR633	0.18603283270018917			
ZNF528_TARGET_GENES	0.18603258484949484			
GO_CENTRAL_ELEMENT	0.18602915335652578			
BILD_MYC_ONCOGENIC_SIGNATURE	0.1860147962485274			
GO_U1_SNRNP	0.18600704419170416			
MAINA_VHL_TARGETS_DN	0.186003554084795			
GO_ENDOTHELIAL_CELL_CHEMOTAXIS	0.1859883893124057			
GO_D_AMINO_ACID_TRANSPORT	0.18598785948600768			
REACTOME_REGULATION_OF_GLUCOKINASE_BY_GLUCOKINASE_REGULATORY_PROTEIN	0.18598063665839584			
GO_AZOLE_TRANSMEMBRANE_TRANSPORT	0.18597300414458304			
MILI_PSEUDOPODIA_CHEMOTAXIS_UP	0.18596385487832104			
GO_AMYLOID_BETA_CLEARANCE_BY_CELLULAR_CATABOLIC_PROCESS	0.185960706140777			
GSE1112_HY_CD8AB_VS_HY_CD8AA_THYMOCYTE_RTOC_CULTURE_DN	0.1859517196568099			
GO_VESTIBULOCOCHLEAR_NERVE_MORPHOGENESIS	0.18594769771426675			
MIR3085_5P	0.18594111766392413			
GO_PTERIDINE_CONTAINING_COMPOUND_BIOSYNTHETIC_PROCESS	0.18593578325600849			
EPC1_TARGET_GENES	0.1859336107771677			
GSE24142_ADULT_VS_FETAL_DN3_THYMOCYTE_UP	0.18593354857136457			
GO_REGULATION_OF_ORGAN_GROWTH	0.18592847580406457			
XU_HGF_SIGNALING_NOT_VIA_AKT1_6HR	0.18592200620481775			
GO_VENOUS_BLOOD_VESSEL_DEVELOPMENT	0.18590968773459307			
GO_NEURON_INTRINSIC_APOPTOTIC_SIGNALING_PATHWAY_IN_RESPONSE_TO_OXIDATIVE_STRESS	0.18590747282575856			
HAN_SATB1_TARGETS_DN	0.18590575209463467			
GO_SPINDLE_ORGANIZATION	0.18590551231764016			
MIR3158_5P	0.1858963310549479			
GO_SEX_CHROMOSOME	0.18589416262122205			
GO_POSITIVE_REGULATION_OF_TISSUE_REMODELING	0.18589398154467096			
chr12q21	0.18589226025467734			
GO_MICROTUBULE_CYTOSKELETON	0.1858859334743687			
GSE2770_UNTREATED_VS_IL4_TREATED_ACT_CD4_TCELL_48H_UP	0.18588517902528068			
GO_HYPOGLYCIN_A_GAMMA_GLUTAMYL_TRANSPEPTIDASE_ACTIVITY	0.1858752505663695			
IPA_IRF2_UP	0.1858246543503978			
GO_POSITIVE_REGULATION_OF_PROTEIN_LOCALIZATION_TO_EARLY_ENDOSOME	0.1858233751879576			
GSE27786_NKTCELL_VS_ERYTHROBLAST_UP	0.1857932813708033			
GO_NAD_P_PLUS_PROTEIN_ARGININE_ADP_RIBOSYLTRANSFERASE_ACTIVITY	0.18578483378958557			
GO_RESPONSE_TO_LIGHT_INTENSITY	0.1857796362046751			
GO_DETECTION_OF_MECHANICAL_STIMULUS_INVOLVED_IN_SENSORY_PERCEPTION	0.18577619212468408			
REACTOME_REACTIONS_SPECIFIC_TO_THE_COMPLEX_N_GLYCAN_SYNTHESIS_PATHWAY	0.18577113394132774			
chr5q23	0.1857702616471062			
MTOR_UP.V1_UP	0.18576979365780016			
chr14q32	0.18576893003613676			
MIYAGAWA_TARGETS_OF_EWSR1_ETS_FUSIONS_DN	0.18576713475611545			
GO_ENDORIBONUCLEASE_ACTIVITY_PRODUCING_3_PHOSPHOMONOESTERS	0.1857647361466139			
GO_PEPTIDYL_ARGININE_N_METHYLATION	0.1857619174055522			
GO_PROTEIN_ARGININE_N_METHYLTRANSFERASE_ACTIVITY	0.1857619174055522			
HALLMARK_SPERMATOGENESIS	0.1857553829260781			
MIR6788_5P	0.18575525452546615			
GO_VALINE_METABOLIC_PROCESS	0.18574630248806867			
KEGG_PROTEIN_EXPORT	0.18573663795344275			
GO_RESPONSE_TO_VITAMIN	0.18573486238213618			
GO_MITOCHONDRIAL_MATRIX	0.18573424793851584			
BIOCARTA_CBL_PATHWAY	0.1857288905489302			
MIR12130	0.1857215523544048			
STAT5A_04	0.1857207437022897			
GO_EXTRACELLULAR_MEMBRANE_BOUNDED_ORGANELLE	0.18571723266152892			
MIR1255A_MIR1255B_5P	0.1857158914096546			
GO_POSITIVE_REGULATION_OF_PROTEIN_HOMODIMERIZATION_ACTIVITY	0.18570200133392117			
IPA_GTF2H1_DN	0.18569019068306256			
GO_CYCLIN_DEPENDENT_PROTEIN_SERINE_THREONINE_KINASE_REGULATOR_ACTIVITY	0.18568246384494794			
GO_REGULATION_OF_MUSCLE_SYSTEM_PROCESS	0.18567795879843377			
GO_FEMALE_MEIOTIC_NUCLEAR_DIVISION	0.18567458810651324			
GARGALOVIC_RESPONSE_TO_OXIDIZED_PHOSPHOLIPIDS_GREY_UP	0.18567335403710866			
IPA_NKX2-2_UP	0.18566362976512343			
GO_CALCIUM_ION_TRANSMEMBRANE_IMPORT_INTO_CYTOSOL	0.1856541757919334			
GSE46242_TH1_VS_ANERGIC_TH1_CD4_TCELL_UP	0.1856370669378599			
WEINMANN_ADAPTATION_TO_HYPOXIA_DN	0.18563436982248335			
REACTOME_RESPONSE_TO_ELEVATED_PLATELET_CYTOSOLIC_CA2	0.18562959898602507			
MIR583	0.18562876801145747			
PID_MYC_PATHWAY	0.18562447295096418			
MIR375_3P	0.18562379679288074			
GO_UNFOLDED_PROTEIN_BINDING	0.18562299560873144			
FRASOR_RESPONSE_TO_SERM_OR_FULVESTRANT_UP	0.18561456445752866			
GO_HYPEROSMOTIC_SALINITY_RESPONSE	0.18561383932662698			
SHARMA_PILOCYTIC_ASTROCYTOMA_LOCATION_UP	0.18560201534463167			
XU_RESPONSE_TO_TRETINOIN_DN	0.1855928149064584			
MIR576_3P	0.18558423916295308			
GSE3982_EOSINOPHIL_VS_MAC_UP	0.18558349347621445			
GO_DNA_CATABOLIC_PROCESS_ENDONUCLEOLYTIC	0.185565928759997			
chr17q23	0.1855647712248366			
GO_CELLULAR_RESPONSE_TO_NITROSATIVE_STRESS	0.18553809754323167			
GO_PEPTIDYL_ARGININE_MODIFICATION	0.1855350354121159			
TAKAYAMA_BOUND_BY_AR	0.1855171840908481			
GSE8685_IL2_ACT_IL2_STARVED_VS_IL15_ACT_IL2_STARVED_CD4_TCELL_DN	0.18551640863650354			
GSE41867_DAY8_VS_DAY15_LCMV_CLONE13_EFFECTOR_CD8_TCELL_UP	0.18551558966863724			
ZHOU_CELL_CYCLE_GENES_IN_IR_RESPONSE_6HR	0.18549286356742636			
GO_NUCLEOBASE_CONTAINING_COMPOUND_KINASE_ACTIVITY	0.18543973407722017			
GSE8921_UNSTIM_0H_VS_TLR1_2_STIM_MONOCYTE_3H_UP	0.1854377765301613			
GSE3982_MAC_VS_EFF_MEMORY_CD4_TCELL_DN	0.1854333537604925			
GO_VASCULAR_ENDOTHELIAL_GROWTH_FACTOR_PRODUCTION	0.1854319218895518			
MIR382_5P	0.1854283653916188			
GO_CELLULAR_HORMONE_METABOLIC_PROCESS	0.18542773257011222			
CHANG_IMMORTALIZED_BY_HPV31_DN	0.18542156768251794			
GO_NEGATIVE_REGULATION_OF_RECEPTOR_MEDIATED_ENDOCYTOSIS	0.1854212607056557			
MIR455_5P	0.1854007466442542			
DIDO1_TARGET_GENES	0.18539785598254174			
RB_DN.V1_DN	0.18538933812661082			
OVOL3_TARGET_GENES	0.18538916203585235			
GSE23984_CTRL_VS_HYPOCALEMIC_VITAMIND_ANALOG_TCELL_DN	0.18538706153431697			
GO_MUSCLE_MYOSIN_COMPLEX	0.18538234977418508			
GO_MEIOTIC_CELL_CYCLE_CHECKPOINT	0.18538228208068386			
PDGF_UP.V1_DN	0.1853797230431626			
GSE15735_2H_VS_12H_HDAC_INHIBITOR_TREATED_CD4_TCELL_UP	0.1853701435842636			
MIR5571_3P	0.18536722786385795			
REACTOME_TP53_REGULATES_TRANSCRIPTION_OF_GENES_INVOLVED_IN_G1_CELL_CYCLE_ARREST	0.18535941256668698			
GSE11961_MEMORY_BCELL_DAY7_VS_GERMINAL_CENTER_BCELL_DAY7_UP	0.18534871533390374			
PID_IFNG_PATHWAY	0.1853479354817985			
MIR3618	0.18534778889739661			
GO_LIPOPOLYSACCHARIDE_RECEPTOR_COMPLEX	0.18533995427257818			
MIR4687_3P	0.18533884820062094			
chr5q34	0.18533426863693475			
REACTOME_BETA_CATENIN_INDEPENDENT_WNT_SIGNALING	0.18533417955982256			
GO_DEOXYRIBOSE_PHOSPHATE_CATABOLIC_PROCESS	0.18531400861165084			
MIR920	0.18529645044444662			
STEGER_ADIPOGENESIS_DN	0.18528864458624053			
GSE32423_IL7_VS_IL4_MEMORY_CD8_TCELL_DN	0.18527709592110334			
GO_REGULATION_OF_MITOTIC_RECOMBINATION	0.18526946927982305			
GUTIERREZ_WALDENSTROEMS_MACROGLOBULINEMIA_1_DN	0.18526770623580383			
GSE45365_WT_VS_IFNAR_KO_CD8A_DC_UP	0.18526695593853063			
GO_RIBOSOME	0.18526487273052444			
IGLESIAS_E2F_TARGETS_DN	0.18525227563014762			
GO_MANCHETTE	0.18525085138516828			
GSE17721_LPS_VS_PAM3CSK4_0.5H_BMDC_DN	0.18523715785880218			
PID_ATM_PATHWAY	0.1852187860435181			
GSE25088_CTRL_VS_IL4_AND_ROSIGLITAZONE_STIM_MACROPHAGE_DN	0.18521011407487173			
MIR539_3P	0.18520740509846398			
MIR12125	0.18520362177231178			
MIR1257	0.18519270258164716			
GO_NUCLEAR_TRANSCRIBED_MRNA_POLY_A_TAIL_SHORTENING	0.18519151571713915			
GO_PRODUCTION_OF_SIRNA_INVOLVED_IN_RNA_INTERFERENCE	0.18518973291519747			
MIR548BA	0.1851816639625353			
IPA_MAP3K7_DN	0.18517058426406924			
IPA_ESRRG_UP	0.18515378826504128			
GO_NEGATIVE_REGULATION_OF_GASTRIC_ACID_SECRETION	0.18513423781039803			
GSE36009_UNSTIM_VS_LPS_STIM_NLRP10_KO_DC_UP	0.1851249924723844			
GSE25088_ROSIGLITAZONE_VS_IL4_AND_ROSIGLITAZONE_STIM_MACROPHAGE_DAY10_UP	0.18511652503530063			
GO_PEPTIDE_ANTIGEN_BINDING	0.18510555723612046			
GSE22589_HEALTHY_VS_HIV_AND_SIV_INFECTED_DC_UP	0.18510236221648155			
GO_ESTABLISHMENT_OF_PROTEIN_LOCALIZATION_TO_VACUOLE	0.18509563920048588			
GO_FATTY_ACID_BINDING	0.18508037522062273			
GSE2770_UNTREATED_VS_IL4_TREATED_ACT_CD4_TCELL_2H_DN	0.18506905938627694			
GSE41867_DAY6_VS_DAY8_LCMV_ARMSTRONG_EFFECTOR_CD8_TCELL_DN	0.18506505500476106			
MIR4699_5P	0.18505716558215507			
MIR6873_3P	0.18503786062538596			
GO_VIRION_BINDING	0.1850355034497052			
MOROSETTI_FACIOSCAPULOHUMERAL_MUSCULAR_DISTROPHY_UP	0.1850347782786653			
HOXD1_TARGET_GENES	0.18502882273806853			
GO_MEMBRANE_ORGANIZATION	0.1850244058694558			
MIR6733_3P	0.1850041439255636			
GSE1460_NAIVE_CD4_TCELL_CORD_BLOOD_VS_THYMIC_STROMAL_CELL_DN	0.18499272392647828			
GO_REGULATION_OF_MESODERM_FORMATION	0.18498875210158666			
GO_REGULATION_OF_MESODERMAL_CELL_DIFFERENTIATION	0.18498875210158666			
GO_REGULATION_OF_LYMPHOID_PROGENITOR_CELL_DIFFERENTIATION	0.18498118053554038			
GO_REGULATION_OF_RECEPTOR_MEDIATED_ENDOCYTOSIS	0.18498001044230444			
MYLLYKANGAS_AMPLIFICATION_HOT_SPOT_5	0.18497834978878586			
GO_OUTER_DYNEIN_ARM_ASSEMBLY	0.18497665592960608			
ANDERSEN_LIVER_CANCER_KRT19_UP	0.1849718778870559			
IPA_TBX19_DN	0.1849697625178438			
IPA_TBX19_UP	0.1849697625178438			
IPA_HOXA11_DN	0.18494676485133818			
GO_ACTIVE_TRANSMEMBRANE_TRANSPORTER_ACTIVITY	0.18493974371414762			
GO_CORTICOSTEROID_HORMONE_SECRETION	0.1849350753350552			
GO_REGULATION_OF_VITAMIN_D_BIOSYNTHETIC_PROCESS	0.18492453618789384			
REACTOME_SIGNALING_BY_RHO_GTPASES	0.1849171425592091			
GO_CELLULAR_RESPONSE_TO_HEAT	0.18490457496544313			
CROONQUIST_NRAS_VS_STROMAL_STIMULATION_UP	0.18489937811294638			
GO_VESICLE_FUSION_WITH_GOLGI_APPARATUS	0.18489931029619028			
GSE32423_IL7_VS_IL7_IL4_NAIVE_CD8_TCELL_UP	0.1848699335212801			
MIR601	0.18486688089837702			
GO_OUTER_DYNEIN_ARM	0.1848639755619025			
GSE22103_LPS_VS_GMCSF_AND_IFNG_STIM_NEUTROPHIL_DN	0.18485834558928088			
MIR924	0.18485496079026484			
GO_POSITIVE_REGULATION_OF_INTERLEUKIN_12_BIOSYNTHETIC_PROCESS	0.18484639671044517			
FUJIWARA_PARK2_IN_LIVER_CANCER_DN	0.18483444317388492			
GO_CROSSOVER_JUNCTION_ENDODEOXYRIBONUCLEASE_ACTIVITY	0.1848282840623404			
GO_ARP2_3_PROTEIN_COMPLEX	0.1848232921128767			
GO_DNA_DEALKYLATION	0.18482120038712427			
GO_REGULATION_OF_CHEMOKINE_C_C_MOTIF_LIGAND_2_SECRETION	0.18481955879830053			
KRIGE_RESPONSE_TO_TOSEDOSTAT_24HR_UP	0.18480450920202923			
GSE4590_LARGE_PRE_BCELL_VS_VPREB_POS_LARGE_PRE_BCELL_UP	0.184802916359608			
GO_MUSCLE_ALPHA_ACTININ_BINDING	0.18480257229732888			
MIR627_5P	0.1847780901897428			
GSE5503_LIVER_DC_VS_PLN_DC_ACTIVATED_ALLOGENIC_TCELL_UP	0.18477682188822037			
MIR877_5P	0.18475585597963845			
REACTOME_ADP_SIGNALLING_THROUGH_P2Y_PURINOCEPTOR_12	0.18473842809162247			
MIR4418	0.1847361893172035			
MIR505_3P	0.1847268576631521			
IPA_GLI2_DN	0.1847232555939874			
GO_PROTEIN_SERINE_THREONINE_KINASE_ACTIVATOR_ACTIVITY	0.18471850722192223			
GO_PROTEIN_KINASE_C_ACTIVITY	0.1847164879055336			
GSE15930_NAIVE_VS_48H_IN_VITRO_STIM_CD8_TCELL_DN	0.18470142731764447			
GO_LUMENAL_SIDE_OF_ENDOPLASMIC_RETICULUM_MEMBRANE	0.18469291629515092			
GO_NEGATIVE_REGULATION_OF_MEMBRANE_PERMEABILITY	0.1846856650093486			
IPA_NR2F2_UP	0.18468486111990393			
MIR2682_3P	0.18468247737860577			
PLASARI_TGFB1_SIGNALING_VIA_NFIC_10HR_DN	0.18466929433634102			
GO_RIBOSE_PHOSPHATE_BIOSYNTHETIC_PROCESS	0.18466182508708276			
GO_REGULATION_OF_CELLULAR_CATABOLIC_PROCESS	0.18465669474053478			
GSE3982_BCELL_VS_NKCELL_DN	0.184655329458753			
GO_POSITIVE_REGULATION_OF_CAMP_MEDIATED_SIGNALING	0.18464755635442504			
RIGGI_EWING_SARCOMA_PROGENITOR_UP	0.18464601388299512			
ZNF250_TARGET_GENES	0.18463296037640292			
TURJANSKI_MAPK8_AND_MAPK9_TARGETS	0.1846281759631333			
MIR4786_5P	0.18461471711118954			
GO_SIGNAL_PEPTIDE_PROCESSING	0.18461167341952545			
GO_G_PROTEIN_COUPLED_RECEPTOR_INTERNALIZATION	0.18460665072134813			
REACTOME_ORGANELLE_BIOGENESIS_AND_MAINTENANCE	0.18458189340998032			
KEGG_RETINOL_METABOLISM	0.1845602624370205			
GO_REGULATION_OF_NUCLEOTIDE_BINDING_OLIGOMERIZATION_DOMAIN_CONTAINING_SIGNALING_PATHWAY	0.18455599540617007			
GSE2770_IL12_VS_IL4_TREATED_ACT_CD4_TCELL_6H_UP	0.18455391466513021			
GO_MARGINAL_ZONE_B_CELL_DIFFERENTIATION	0.18455280868372922			
GO_POSITIVE_REGULATION_OF_MULTICELLULAR_ORGANISM_GROWTH	0.18455237946905811			
GSE36392_EOSINOPHIL_VS_MAC_IL25_TREATED_LUNG_DN	0.18451536279136052			
GSE11924_TFH_VS_TH1_CD4_TCELL_UP	0.1844842599303871			
MIR664A_3P	0.18448191204377176			
GO_PROTEIN_N_TERMINUS_BINDING	0.18446759506103552			
E2F2_TARGET_GENES	0.1844660953421987			
GO_RESPONSE_TO_MERCURY_ION	0.18446367445382775			
GO_RESPONSE_TO_FRUCTOSE	0.18446315915871916			
GO_NEGATIVE_REGULATION_OF_PROTEIN_MODIFICATION_BY_SMALL_PROTEIN_CONJUGATION_OR_REMOVAL	0.1844630160472544			
DASU_IL6_SIGNALING_UP	0.18445774365518375			
JOHNSTONE_PARVB_TARGETS_1_UP	0.18445434155353074			
NOJIMA_SFRP2_TARGETS_UP	0.1844495827065451			
GO_CORONARY_ARTERY_MORPHOGENESIS	0.18444577951710645			
BAELDE_DIABETIC_NEPHROPATHY_UP	0.18443462778476002			
GO_MEMBRANE_RAFT_ORGANIZATION	0.18443182434988253			
KIM_PTEN_TARGETS_UP	0.1844238389631994			
ELVIDGE_HYPOXIA_UP	0.18442313711122432			
GO_SMOOTH_MUSCLE_CONTRACTION	0.1844224604708656			
GO_SIGNAL_TRANSDUCTION_INVOLVED_IN_CELL_CYCLE_CHECKPOINT	0.18441886731493515			
ID2_TARGET_GENES	0.1844184759414959			
GO_POLYUBIQUITIN_MODIFICATION_DEPENDENT_PROTEIN_BINDING	0.1844098354627136			
GO_PODOSOME	0.1844063715430076			
TONKS_TARGETS_OF_RUNX1_RUNX1T1_FUSION_MONOCYTE_DN	0.18439433813356093			
GO_DIACYLGLYCEROL_KINASE_ACTIVITY	0.18439417415886974			
GSE7764_IL15_TREATED_VS_CTRL_NK_CELL_24H_DN	0.18438305986721543			
GO_NEURON_PROJECTION_EXTENSION_INVOLVED_IN_NEURON_PROJECTION_GUIDANCE	0.1843804944672756			
GO_REGULATION_OF_MONOOXYGENASE_ACTIVITY	0.18436290945662642			
GO_REGULATION_OF_MESODERM_DEVELOPMENT	0.18435424127652966			
CHANG_POU5F1_TARGETS_UP	0.18435329074825715			
GO_POSITIVE_REGULATION_OF_T_HELPER_2_CELL_DIFFERENTIATION	0.18435166784794008			
GO_DETECTION_OF_LIGHT_STIMULUS	0.18434114192932577			
BAKER_HEMATOPOESIS_STAT1_TARGETS	0.18433741515149774			
chr7q11	0.18433364273706743			
GO_CELLULAR_RESPONSE_TO_KETONE	0.1843320181723821			
IPA_ZNF423_DN	0.1843273024887521			
GO_PHOTOTRANSDUCTION	0.18432236400280053			
GSE41867_NAIVE_VS_DAY8_LCMV_ARMSTRONG_EFFECTOR_CD8_TCELL_UP	0.184315433293039			
GO_REGULATION_OF_MYD88_INDEPENDENT_TOLL_LIKE_RECEPTOR_SIGNALING_PATHWAY	0.18427921842260866			
AGGAAGC_MIR5163P	0.18427747964846997			
GAVIN_FOXP3_TARGETS_CLUSTER_P4	0.18426778600196722			
MIR1273C	0.18426646730658344			
MIR4273	0.1842589523037452			
GSE17974_0H_VS_24H_IN_VITRO_ACT_CD4_TCELL_DN	0.18424880809170785			
GO_REGULATION_OF_REACTIVE_OXYGEN_SPECIES_BIOSYNTHETIC_PROCESS	0.18424870959092776			
GO_RELEASE_OF_CYTOCHROME_C_FROM_MITOCHONDRIA	0.1842430105340237			
MIR6886_5P	0.18424187593844168			
MIR1193	0.18423665261677272			
GO_AGGRESSIVE_BEHAVIOR	0.18423195622890323			
MARIADASON_RESPONSE_TO_BUTYRATE_CURCUMIN_SULINDAC_TSA_8	0.1842253101983601			
GO_ASPARTATE_FAMILY_AMINO_ACID_BIOSYNTHETIC_PROCESS	0.18422117061601978			
GO_CHEMOREPULSION_OF_AXON	0.18421409680309825			
KEGG_COLORECTAL_CANCER	0.184209791791826			
REACTOME_MHC_CLASS_II_ANTIGEN_PRESENTATION	0.18419752790712024			
GSE41867_NAIVE_VS_DAY30_LCMV_CLONE13_EXHAUSTED_CD8_TCELL_DN	0.18418439338496134			
MIR591	0.18418169368316273			
REACTOME_BIOLOGICAL_OXIDATIONS	0.18418063152418823			
MIR154_3P	0.18417056707451518			
MIR4499	0.18416826820853624			
REACTOME_DEFECTIVE_ST3GAL3_CAUSES_MCT12_AND_EIEE15	0.1841551228894292			
GRATIAS_RETINOBLASTOMA_16Q24	0.1841499878637511			
GO_POSITIVE_REGULATION_OF_RESPONSE_TO_INTERFERON_GAMMA	0.18414440594369894			
GO_GROWTH_FACTOR_ACTIVITY	0.18412154324618227			
REACTOME_NERVOUS_SYSTEM_DEVELOPMENT	0.18411781825149148			
GO_MYOSIN_FILAMENT	0.18411152585077337			
SHETH_LIVER_CANCER_VS_TXNIP_LOSS_PAM5	0.18410126644516212			
GO_AXON_CYTOPLASM	0.18409704114796183			
REACTOME_MRNA_EDITING_C_TO_U_CONVERSION	0.18408685987482576			
IPA_SMARCA2_DN	0.18407708392144276			
GO_PROTEIN_TRIMERIZATION	0.18407377978467407			
IPA_YAP1_UP	0.18406816140005927			
GO_LATE_ENDOSOME	0.18406242386844338			
MIR557	0.1840574968731229			
GSE17721_CTRL_VS_GARDIQUIMOD_8H_BMDC_DN	0.18404983461542815			
GO_PHOSPHATASE_REGULATOR_ACTIVITY	0.18404633128290265			
GSE13306_TREG_VS_TCONV_LAMINA_PROPRIA_DN	0.18404263864033482			
KLF13_TARGET_GENES	0.18404098460218324			
GSE2826_XID_VS_BTK_KO_BCELL_DN	0.18403577577585187			
KONDO_EZH2_TARGETS	0.18403176003175387			
GO_RESPONSE_TO_HEPATOCYTE_GROWTH_FACTOR	0.18402596435861884			
GO_TRANSCRIPTION_BY_RNA_POLYMERASE_III	0.18402577744446233			
GO_PLATELET_DEGRANULATION	0.18402000376088962			
LEONARD_HYPOXIA	0.18401077906590288			
GO_SINGLE_STRANDED_VIRAL_RNA_REPLICATION_VIA_DOUBLE_STRANDED_DNA_INTERMEDIATE	0.18400761245953198			
GO_GANGLION_DEVELOPMENT	0.18400542529436312			
GSE2770_IL12_VS_TGFB_AND_IL12_TREATED_ACT_CD4_TCELL_48H_DN	0.18399879794051274			
GO_SKIN_MORPHOGENESIS	0.18398924572826664			
GO_REGULATION_OF_CELL_CYCLE_G2_M_PHASE_TRANSITION	0.18396888466520922			
ZHENG_RESPONSE_TO_ARSENITE_UP	0.18396678993796142			
CYCLIN_D1_KE_.V1_DN	0.18395205940930795			
REACTOME_PECAM1_INTERACTIONS	0.18395035326959502			
GO_GLUTATHIONE_PEROXIDASE_ACTIVITY	0.1839485669522875			
GO_NUCLEOTIDE_EXCISION_REPAIR_DNA_DAMAGE_RECOGNITION	0.18392899320939618			
GO_PROTON_CHANNEL_ACTIVITY	0.18391340589960828			
GSE33292_DN3_THYMOCYTE_VS_TCF1_KO_TCELL_LYMPHOMA_DN	0.18391181758323064			
GO_AUTOPHAGY_OF_PEROXISOME	0.18390145961163806			
GO_ACTIVATION_OF_TRANSMEMBRANE_RECEPTOR_PROTEIN_TYROSINE_KINASE_ACTIVITY	0.18386554445407294			
GO_CORTICOSPINAL_TRACT_MORPHOGENESIS	0.18385280873300558			
GO_CATION_TRANSMEMBRANE_TRANSPORT	0.1838445884697668			
GO_REGULATION_OF_POTASSIUM_ION_TRANSMEMBRANE_TRANSPORTER_ACTIVITY	0.1838252661126306			
GO_MYOSIN_FILAMENT_ORGANIZATION	0.18382325070859662			
GO_POSITIVE_REGULATION_OF_TORC1_SIGNALING	0.18382039658583194			
GO_PROTEIN_PEPTIDYL_PROLYL_ISOMERIZATION	0.18381322365576855			
GO_PROTEIN_KINASE_C_ACTIVATING_G_PROTEIN_COUPLED_RECEPTOR_SIGNALING_PATHWAY	0.1838090910996271			
REACTOME_PKA_MEDIATED_PHOSPHORYLATION_OF_KEY_METABOLIC_FACTORS	0.18377181419266475			
MIR598_5P	0.18376020453944245			
GO_PROTEIN_C_LINKED_GLYCOSYLATION	0.18374480981069377			
GO_PLATELET_DERIVED_GROWTH_FACTOR_RECEPTOR_ALPHA_SIGNALING_PATHWAY	0.18374397228874514			
GO_SOLUTE_CATION_SYMPORTER_ACTIVITY	0.1837373780694473			
DROSHA_TARGET_GENES	0.1837370040759426			
GO_NUCLEAR_ENVELOPE_REASSEMBLY	0.18372424386409478			
REACTOME_NICOTINAMIDE_SALVAGING	0.18371519793039823			
REACTOME_COSTIMULATION_BY_THE_CD28_FAMILY	0.183713387139688			
GO_RNA_DEPENDENT_DNA_BIOSYNTHETIC_PROCESS	0.18370581711718478			
GO_POSITIVE_REGULATION_OF_DEVELOPMENTAL_GROWTH	0.18370183471197005			
GSE339_CD4POS_VS_CD8POS_DC_DN	0.18367895782439492			
REACTOME_RESPIRATORY_ELECTRON_TRANSPORT_ATP_SYNTHESIS_BY_CHEMIOSMOTIC_COUPLING_AND_HEAT_PRODUCTION_BY_UNCOUPLING_PROTEINS	0.18367175071516445			
MIR509_5P	0.18366986607020913			
GO_NEGATIVE_REGULATION_OF_DOUBLE_STRAND_BREAK_REPAIR_VIA_HOMOLOGOUS_RECOMBINATION	0.18366369331143137			
IPA_ZIC3_DN	0.18365852017598402			
GSE3982_DC_VS_BCELL_DN	0.1836532623426465			
REACTOME_REGULATION_OF_RUNX3_EXPRESSION_AND_ACTIVITY	0.18364761064208454			
GO_INTRACILIARY_TRANSPORT_PARTICLE	0.18363631394620833			
GSE15930_NAIVE_VS_48H_IN_VITRO_STIM_IFNAB_CD8_TCELL_DN	0.18363616124231302			
chr2p23	0.18363108682466306			
GO_PHOSPHATIDYLINOSITOL_PHOSPHATE_5_PHOSPHATASE_ACTIVITY	0.18362914607984598			
MULLIGHAN_NPM1_MUTATED_SIGNATURE_2_DN	0.1836260339706909			
IPA_NOTCH2_UP	0.1835753258813736			
MIR5001_3P	0.18356759756058277			
GO_PLATELET_ALPHA_GRANULE	0.18356192160904877			
GSE7460_CTRL_VS_TGFB_TREATED_ACT_CD8_TCELL_DN	0.1835602049092584			
GO_CD8_POSITIVE_ALPHA_BETA_T_CELL_PROLIFERATION	0.18355248920099712			
PHESSE_TARGETS_OF_APC_AND_MBD2_UP	0.1835496122210384			
GO_NEGATIVE_REGULATION_OF_HEMATOPOIETIC_PROGENITOR_CELL_DIFFERENTIATION	0.18353946493122603			
HEY2_TARGET_GENES	0.1835376281258367			
MIR4482_5P	0.18353407079680353			
GSE30962_PRIMARY_VS_SECONDARY_CHRONIC_LCMV_INF_CD8_TCELL_DN	0.18352939138677277			
VALK_AML_WITH_T_8_21_TRANSLOCATION	0.18352397428958434			
GO_NEUREXIN_FAMILY_PROTEIN_BINDING	0.1835167955364885			
MIR362_5P	0.18351557682903233			
GO_PURINE_NUCLEOSIDE_DIPHOSPHATE_BIOSYNTHETIC_PROCESS	0.18350288264940068			
MIR4256	0.18347608761476053			
MOOTHA_HUMAN_MITODB_6_2002	0.1834732005813002			
GO_Y_FORM_DNA_BINDING	0.18347108717873004			
GO_POSITIVE_REGULATION_OF_POTASSIUM_ION_TRANSMEMBRANE_TRANSPORTER_ACTIVITY	0.18346792355694957			
GO_POSITIVE_REGULATION_OF_TOLERANCE_INDUCTION	0.1834419522474157			
DBP_TARGET_GENES	0.18343477808256492			
ZIM3_TARGET_GENES	0.18342940571292352			
GO_REGULATION_OF_PROTEIN_EXPORT_FROM_NUCLEUS	0.18341731649994025			
GO_SPLICEOSOMAL_TRI_SNRNP_COMPLEX	0.18341048935839743			
IPA_SATB1_UP	0.1834050430876954			
GSE17301_CTRL_VS_48H_ACD3_ACD28_IFNA5_STIM_CD8_TCELL_DN	0.18340139529639582			
ABBUD_LIF_SIGNALING_1_UP	0.1833927724028937			
GO_TRANSFERASE_ACTIVITY_TRANSFERRING_AMINO_ACYL_GROUPS	0.1833924262423039			
GCTTGAA_MIR498	0.18339170900251356			
GSE40274_CTRL_VS_FOXP3_AND_SATB1_TRANSDUCED_ACTIVATED_CD4_TCELL_DN	0.18339082596020156			
REACTOME_SYNTHESIS_OF_DOLICHYL_PHOSPHATE	0.1833724434024302			
GO_MITOCHONDRIAL_TRANSPORT	0.18335993316244037			
GSE2770_UNTREATED_VS_IL12_TREATED_ACT_CD4_TCELL_48H_DN	0.18335337893797773			
SFMBT1_TARGET_GENES	0.18334448074556314			
GSE19888_NO_PRETREAT_VS_ADENOSINE_A3R_INHIBITOR_PRETREATED_MAST_CELL_TCELL_MEMBRANES_ACT_UP	0.18334347612130628			
ZNF165_TARGET_GENES	0.1833423475643916			
GO_1_PHOSPHATIDYLINOSITOL_4_PHOSPHATE_5_KINASE_ACTIVITY	0.18333286349270572			
REACTOME_HIV_TRANSCRIPTION_ELONGATION	0.1833307707837678			
GO_POSITIVE_REGULATION_OF_TRANSLATIONAL_ELONGATION	0.18331917428265612			
REACTOME_RHO_GTPASES_ACTIVATE_WASPS_AND_WAVES	0.18330699020746533			
MIR6863	0.18329280930977604			
SNRNP70_TARGET_GENES	0.18329278508307442			
KEGG_OTHER_GLYCAN_DEGRADATION	0.18328547762893796			
MIR122_5P	0.183274744580509			
IPA_GRHL1_UP	0.1832680817648318			
REACTOME_RESOLUTION_OF_ABASIC_SITES_AP_SITES	0.18326632687496372			
GATA1_03	0.1832636618977504			
GO_POSITIVE_REGULATION_OF_CGMP_MEDIATED_SIGNALING	0.18326242017986907			
GO_LATE_ENDOSOME_LUMEN	0.1832573403906242			
MIR4680_5P	0.18325172891140784			
chr14q31	0.18325054137367072			
MIR383_5P	0.1832231628531779			
GO_PIRNA_BIOSYNTHETIC_PROCESS	0.18321875545035265			
MIR4680_3P	0.183206348095888			
REACTOME_CHONDROITIN_SULFATE_BIOSYNTHESIS	0.1832041231785574			
GO_ANTIGEN_PROCESSING_AND_PRESENTATION_ENDOGENOUS_LIPID_ANTIGEN_VIA_MHC_CLASS_IB	0.18317745263059507			
GO_LIPID_ANTIGEN_BINDING	0.18317745263059507			
GO_REGULATION_OF_HETEROTYPIC_CELL_CELL_ADHESION	0.18317653010642315			
GO_FIBRINOGEN_BINDING	0.1831727757146992			
MIR664B_5P	0.18317252308868595			
YAATNANRNNNCAG_UNKNOWN	0.18316461174730728			
GO_POSITIVE_REGULATION_OF_GLOMERULUS_DEVELOPMENT	0.18316355227494388			
KOKKINAKIS_METHIONINE_DEPRIVATION_96HR_DN	0.1831609970277175			
GSE45365_HEALTHY_VS_MCMV_INFECTION_BCELL_IFNAR_KO_DN	0.18315008353727955			
GO_POSITIVE_REGULATION_OF_ENDOTHELIAL_CELL_APOPTOTIC_PROCESS	0.1831490130944376			
GSE24142_ADULT_VS_FETAL_DN2_THYMOCYTE_UP	0.18314498927733527			
VEGF_A_UP.V1_UP	0.18313770995295875			
REACTOME_NCAM1_INTERACTIONS	0.1831333790001167			
GO_FATTY_ACYL_COA_BINDING	0.1831307304298151			
GSE27786_LIN_NEG_VS_NKCELL_UP	0.18312919745018266			
GO_SUPEROXIDE_GENERATING_NADPH_OXIDASE_ACTIVITY	0.1831061999192339			
MATZUK_CENTRAL_FOR_FEMALE_FERTILITY	0.18310377070145747			
RICKMAN_HEAD_AND_NECK_CANCER_E	0.18309428257957355			
MIR432_5P	0.18307466126323196			
GO_POSITIVE_REGULATION_OF_TRANSCRIPTION_FROM_RNA_POLYMERASE_II_PROMOTER_INVOLVED_IN_HEART_DEVELOPMENT	0.18306382509480315			
GO_KERATIN_FILAMENT	0.18305395209596817			
GO_CALCIUM_ION_TRANSMEMBRANE_TRANSPORT	0.1830509396158011			
GO_LEADING_EDGE_MEMBRANE	0.18301404281419853			
GO_POSITIVE_REGULATION_OF_MEGAKARYOCYTE_DIFFERENTIATION	0.1830004759443515			
MARTIN_VIRAL_GPCR_SIGNALING_UP	0.18299664422701323			
GO_METAL_CLUSTER_BINDING	0.18299624851129245			
GSE24972_WT_VS_IRF8_KO_MARGINAL_ZONE_SPLEEN_BCELL_DN	0.18299551884859344			
MIR18B_3P	0.18298838593522856			
GO_PHOSPHATIDYLSERINE_ACYL_CHAIN_REMODELING	0.1829796615869487			
GSE12003_MIR223_KO_VS_WT_BM_PROGENITOR_4D_CULTURE_DN	0.18296744373564658			
MIR384	0.18296439183570107			
GSE11961_MEMORY_BCELL_DAY7_VS_MEMORY_BCELL_DAY40_UP	0.18296117773740342			
GO_CELLULAR_RESPONSE_TO_UV_B	0.1829406606692897			
IPA_FOXC1_UP	0.18293615439167873			
GO_NEGATIVE_REGULATION_OF_CIRCADIAN_RHYTHM	0.18292807677485443			
GO_NEUROTROPHIN_TRK_RECEPTOR_BINDING	0.1829191518972459			
GO_AEROBIC_RESPIRATION	0.18288921301268038			
GO_NEGATIVE_REGULATION_OF_INTERFERON_GAMMA_SECRETION	0.18287932717314956			
GO_NUCLEOSIDE_PHOSPHATE_CATABOLIC_PROCESS	0.1828784449263027			
IPA_TBX5_DN	0.18285418153044178			
GO_POSITIVE_REGULATION_OF_REPRODUCTIVE_PROCESS	0.18285365723154662			
GSE36009_WT_VS_NLRP10_KO_DC_LPS_STIM_DN	0.18284946337927743			
GO_3_KETO_STEROL_REDUCTASE_ACTIVITY	0.1828493585589442			
GO_POLYAMINE_TRANSPORT	0.18283962414242072			
REACTOME_TOLL_LIKE_RECEPTOR_TLR1_TLR2_CASCADE	0.18283089216387902			
MIR3170	0.1828239159121243			
KORKOLA_CHORIOCARCINOMA_DN	0.18281964808324822			
GO_REGULATION_OF_SERINE_TYPE_PEPTIDASE_ACTIVITY	0.18279877038806572			
RASHI_RESPONSE_TO_IONIZING_RADIATION_5	0.18277973021743413			
MIR202_5P	0.18276973855483938			
GO_NEGATIVE_REGULATION_OF_VASCULAR_ASSOCIATED_SMOOTH_MUSCLE_CELL_APOPTOTIC_PROCESS	0.18274654552022968			
WILSON_PROTEASES_AT_TUMOR_BONE_INTERFACE_UP	0.18272640361538162			
IPA_SSRP1_UP	0.18270083781709845			
GO_NEGATIVE_REGULATION_OF_CALCINEURIN_MEDIATED_SIGNALING	0.18268537583486807			
GO_NUCLEAR_HETEROCHROMATIN	0.1826546844400153			
MIR3118	0.18264747321763813			
MIR4704_3P	0.18264608691980236			
GO_PROTEIN_AUTO_ADP_RIBOSYLATION	0.182631877884678			
IPA_TFE3_DN	0.18263143669651036			
GSE21033_CTRL_VS_POLYIC_STIM_DC_1H_UP	0.18262600465010462			
GO_LAMIN_BINDING	0.18261937431631084			
TGASTMAGC_NFE2_01	0.18261209712070042			
chr1p33	0.18260407808906373			
GO_POSITIVE_REGULATION_OF_KILLING_OF_CELLS_OF_OTHER_ORGANISM	0.18258550601117154			
GO_VACUOLAR_MEMBRANE	0.1825725657885507			
KEGG_LONG_TERM_POTENTIATION	0.1825687183889115			
BEIER_GLIOMA_STEM_CELL_DN	0.1825497123532648			
GO_TRNA_METABOLIC_PROCESS	0.1825415578023409			
MIR3928_3P	0.18253803690251152			
WEI_MYCN_TARGETS_WITH_E_BOX	0.1825062227833908			
GSE3982_EOSINOPHIL_VS_TH2_UP	0.1824978378876906			
GO_PHOSPHATIDYLINOSITOL_4_PHOSPHATE_BINDING	0.18248920237790028			
GO_POSITIVE_REGULATION_OF_SIGNALING_RECEPTOR_ACTIVITY	0.18247683862559938			
BIOCARTA_NPC_PATHWAY	0.18246137488744457			
VALK_AML_CLUSTER_6	0.18245153360490024			
MIR5684	0.1824389864346204			
GO_NUCLEOSIDE_TRIPHOSPHATE_CATABOLIC_PROCESS	0.18243507171134637			
GO_OLIGOPEPTIDE_TRANSMEMBRANE_TRANSPORTER_ACTIVITY	0.18240568995316603			
GO_POSITIVE_REGULATION_OF_REACTIVE_OXYGEN_SPECIES_METABOLIC_PROCESS	0.18240279633677037			
GO_NEGATIVE_REGULATION_OF_GLIAL_CELL_APOPTOTIC_PROCESS	0.18239902740000663			
TGCGCANK_UNKNOWN	0.18239064743129535			
REACTOME_TICAM1_RIP1_MEDIATED_IKK_COMPLEX_RECRUITMENT	0.18238702397208167			
GSE2197_CPG_DNA_VS_UNTREATED_IN_DC_DN	0.1823856346541181			
GO_CLATHRIN_COATED_VESICLE_MEMBRANE	0.1823768899227412			
BIOCARTA_NKCELLS_PATHWAY	0.1823682764081589			
GO_PEPTIDYL_TYROSINE_AUTOPHOSPHORYLATION	0.18236630814460922			
WANG_ADIPOGENIC_GENES_REPRESSED_BY_SIRT1	0.18236594607819076			
REACTOME_APOBEC3G_MEDIATED_RESISTANCE_TO_HIV_1_INFECTION	0.18236339764204923			
GO_INTERLEUKIN_10_SECRETION	0.18234560933796615			
GO_BILE_ACID_BINDING	0.1823356944814022			
GO_MATURE_RIBOSOME_ASSEMBLY	0.1823322720101788			
WEBER_METHYLATED_HCP_IN_FIBROBLAST_DN	0.182327416179639			
YAO_TEMPORAL_RESPONSE_TO_PROGESTERONE_CLUSTER_5	0.18232373762907084			
GO_AMINO_SUGAR_CATABOLIC_PROCESS	0.1823217281115369			
IPA_CRX_UP	0.18228940621046827			
GO_GDP_METABOLIC_PROCESS	0.18228141027452877			
GSE22886_NAIVE_CD4_TCELL_VS_MONOCYTE_UP	0.1822766155071866			
KAAB_FAILED_HEART_ATRIUM_UP	0.1822712107706535			
IPA_TFCP2_UP	0.18227043396561146			
PRC2_EED_UP.V1_DN	0.1822639257850421			
ATF2_UP.V1_DN	0.182260457231926			
GSE20366_TREG_VS_TCONV_DN	0.18225910415240604			
PAX7_TARGET_GENES	0.18225534741416338			
MIR532_3P	0.18225091827662418			
REACTOME_INTERACTIONS_OF_REV_WITH_HOST_CELLULAR_PROTEINS	0.18224713199224374			
GO_INTERSTITIAL_MATRIX	0.1822207479678466			
GO_INOSITOL_METABOLIC_PROCESS	0.18221824778828857			
REACTOME_GLYOXYLATE_METABOLISM_AND_GLYCINE_DEGRADATION	0.18221748941211427			
GO_NEGATIVE_REGULATION_OF_SEQUESTERING_OF_TRIGLYCERIDE	0.18221620889735288			
GO_NUCLEOSIDE_KINASE_ACTIVITY	0.18220577913079217			
GSE22140_GERMFREE_VS_SPF_MOUSE_CD4_TCELL_DN	0.18220459676382786			
GO_HEART_PROCESS	0.1821971725684644			
CHESLER_BRAIN_HIGHEST_GENETIC_VARIANCE	0.18217209701811019			
GO_LOW_DENSITY_LIPOPROTEIN_PARTICLE_RECEPTOR_BIOSYNTHETIC_PROCESS	0.18216474604328867			
GO_INTRACELLULAR_LIGAND_GATED_ION_CHANNEL_ACTIVITY	0.18216130704380698			
GO_CORE_PROMOTER_BINDING	0.18215133336846479			
GSE15324_NAIVE_VS_ACTIVATED_CD8_TCELL_DN	0.18214874248537896			
IPA_HDAC8_DN	0.18214449888421785			
GO_POSITIVE_REGULATION_OF_PROTEIN_KINASE_B_SIGNALING	0.18213234085382587			
GO_TRACE_AMINE_RECEPTOR_ACTIVITY	0.18212769815814026			
GSE7459_UNTREATED_VS_IL6_TREATED_ACT_CD4_TCELL_UP	0.18212466545429268			
GO_SELECTIVE_AUTOPHAGY	0.18211766863626588			
MIR1261	0.18209031652454644			
MIR4522	0.182068613033988			
GO_NEGATIVE_REGULATION_OF_ENDOTHELIAL_CELL_DIFFERENTIATION	0.18205666970339413			
IPA_NPAS3_UP	0.18205046723201299			
MIR4689	0.1820488093770098			
GSE10273_HIGH_IL7_VS_HIGH_IL7_AND_IRF4_IN_IRF4_8_NULL_PRE_BCELL_UP	0.18203623664336946			
GO_PROTEIN_LOCALIZATION_TO_ORGANELLE	0.18203416587308419			
GSE17974_0H_VS_6H_IN_VITRO_ACT_CD4_TCELL_DN	0.1820174943192354			
BIOCARTA_ACH_PATHWAY	0.18201366657442905			
MIR575	0.18201316489995994			
GO_GOLGI_ASSOCIATED_VESICLE_MEMBRANE	0.18200988117874953			
GO_GPI_ANCHOR_BINDING	0.182009160113904			
GO_GLYCEROL_3_PHOSPHATE_METABOLIC_PROCESS	0.18200792161807314			
GO_MHC_CLASS_II_RECEPTOR_ACTIVITY	0.18200458162271305			
IPA_SOX1_UP	0.18200355142550348			
GSE14000_TRANSLATED_RNA_VS_MRNA_16H_LPS_DC_UP	0.1819983108780785			
GO_STABILIZATION_OF_MEMBRANE_POTENTIAL	0.18199371607898676			
GO_CELLULAR_PROTEIN_COMPLEX_DISASSEMBLY	0.18198885906514706			
PRAMOONJAGO_SOX4_TARGETS_UP	0.1819887739800318			
GSE14415_TCONV_VS_FOXP3_KO_INDUCED_TREG_UP	0.18198020542764137			
GSE2405_HEAT_KILLED_LYSATE_VS_LIVE_A_PHAGOCYTOPHILUM_STIM_NEUTROPHIL_9H_UP	0.18197522443358044			
GSE5142_CTRL_VS_HTERT_TRANSDUCED_CD8_TCELL_EARLY_PASSAGE_CLONE_DN	0.18197458607335543			
MIR500B_5P	0.18197393094072248			
GO_PERICHROMATIN_FIBRILS	0.18197088026655306			
GO_DNA_REPLICATION_FACTOR_A_COMPLEX	0.18194305388990276			
GSE3982_NKCELL_VS_TH2_UP	0.18192799849950445			
GO_ER_TO_GOLGI_TRANSPORT_VESICLE_MEMBRANE	0.18192473683186527			
BAE_BRCA1_TARGETS_DN	0.18192464747018136			
GSE5503_LIVER_DC_VS_PLN_DC_ACTIVATED_ALLOGENIC_TCELL_DN	0.18192070532090635			
GO_PYRIMIDINE_NUCLEOBASE_BIOSYNTHETIC_PROCESS	0.18190802662991307			
GO_HISTONE_MRNA_METABOLIC_PROCESS	0.181907051627593			
GO_NEGATIVE_REGULATION_OF_SMOOTH_MUSCLE_CONTRACTION	0.18190660756780686			
CHICAS_RB1_TARGETS_LOW_SERUM	0.18190126122056963			
GO_RESPONSE_TO_PARATHYROID_HORMONE	0.18190019036674532			
GSE14413_UNSTIM_VS_IFNB_STIM_RAW264_CELLS_UP	0.18189762196278234			
IPA_GATA5_UP	0.1818951202370277			
MIR6864_5P	0.18189033543929625			
GO_ICOSANOID_BINDING	0.18188993714548754			
GO_HEPATOCYTE_GROWTH_FACTOR_RECEPTOR_SIGNALING_PATHWAY	0.18188700559874668			
MIR1911_3P	0.18187832566109327			
GO_GENE_SILENCING_BY_RNA	0.18187738140457582			
GO_N_TERMINAL_PROTEIN_AMINO_ACID_MODIFICATION	0.18187090853518248			
GO_ANTIMICROBIAL_PEPTIDE_PRODUCTION	0.18186746130919082			
GO_REGULATION_OF_ALKALINE_PHOSPHATASE_ACTIVITY	0.18186491501364346			
KEGG_MTOR_SIGNALING_PATHWAY	0.18186233693380058			
MIR520A_5P	0.18185768902249108			
MEINHOLD_OVARIAN_CANCER_LOW_GRADE_UP	0.18184631844188098			
chr5q21	0.18183882852760022			
GO_MITOCHONDRIAL_PROTEIN_PROCESSING	0.1818272874857943			
GO_EXPORT_ACROSS_PLASMA_MEMBRANE	0.18182530813620046			
GO_NEGATIVE_REGULATION_OF_CALCIUM_ION_TRANSMEMBRANE_TRANSPORT	0.18179945375933418			
MIR8088	0.1817853343648056			
REACTOME_ER_QUALITY_CONTROL_COMPARTMENT_ERQC	0.18178185212280842			
GO_PIRNA_METABOLIC_PROCESS	0.18177512260453263			
GSE13229_IMM_VS_MATURE_NKCELL_DN	0.18176509168376465			
GO_MULTICELLULAR_ORGANISM_AGING	0.18175118522366138			
MARKEY_RB1_CHRONIC_LOF_DN	0.18175053479910497			
MIR5591_5P	0.18174998078633345			
GO_FACIT_COLLAGEN_TRIMER	0.1817261696645662			
GO_SULFUR_COMPOUND_TRANSPORT	0.1817253988551619			
GO_CARDIAC_CELL_DEVELOPMENT	0.18171656072004524			
BONOME_OVARIAN_CANCER_POOR_SURVIVAL_UP	0.18170303221887207			
GSE19198_CTRL_VS_IL21_TREATED_TCELL_1H_DN	0.18170239188095677			
MIR4657	0.18170202988766304			
GO_GENE_SILENCING	0.18169479369057592			
GO_NEGATIVE_REGULATION_OF_VESICLE_FUSION	0.1816823551027106			
GSE13522_CTRL_VS_T_CRUZI_BRAZIL_STRAIN_INF_SKIN_UP	0.18168033866355854			
GAUSSMANN_MLL_AF4_FUSION_TARGETS_B_DN	0.18167381449086986			
IRX2_TARGET_GENES	0.1816703389798778			
MIR4800_5P	0.18165654855283986			
GO_NEGATIVE_REGULATION_OF_STRIATED_MUSCLE_CELL_APOPTOTIC_PROCESS	0.18163862655647572			
IKEDA_MIR133_TARGETS_DN	0.18163431570605504			
KOBAYASHI_EGFR_SIGNALING_6HR_DN	0.18160838819286984			
MIR6512_5P	0.18160330012811587			
GO_NUCLEOTIDE_BINDING_OLIGOMERIZATION_DOMAIN_CONTAINING_1_SIGNALING_PATHWAY	0.1816002013859651			
ZBED4_TARGET_GENES	0.18159378511433827			
GO_POSITIVE_REGULATION_OF_GRANULOCYTE_MACROPHAGE_COLONY_STIMULATING_FACTOR_PRODUCTION	0.18158431571997166			
GO_POSITIVE_REGULATION_OF_TRANSCRIPTION_FROM_RNA_POLYMERASE_II_PROMOTER_IN_RESPONSE_TO_ENDOPLASMIC_RETICULUM_STRESS	0.18157974452352477			
MCCLUNG_COCAIN_REWARD_4WK	0.1815771233077239			
MIR1267	0.18157429038194162			
IPA_E2F4_UP	0.18155390484478431			
ZNF777_TARGET_GENES	0.18154361108282405			
GSE9239_CTRL_VS_TNF_INHIBITOR_TREATED_DC_UP	0.18154331089933923			
MIR4491	0.18154287533875232			
GO_POSITIVE_REGULATION_OF_HEART_RATE	0.18150781528504714			
GSE6092_CTRL_VS_BORRELIA_BIRGDOFERI_INF_ENDOTHELIAL_CELL_DN	0.18149785654832093			
MIR208A_3P	0.18148751701048543			
GO_G_PROTEIN_COUPLED_RECEPTOR_KINASE_ACTIVITY	0.1814848033017605			
GO_VITAMIN_D_BIOSYNTHETIC_PROCESS	0.1814833515643734			
REACTOME_SIGNALLING_TO_ERKS	0.1814618748550548			
BANDRES_RESPONSE_TO_CARMUSTIN_MGMT_24HR_UP	0.18145707058721827			
GO_EXTRINSIC_COMPONENT_OF_ENDOPLASMIC_RETICULUM_MEMBRANE	0.1814534079565332			
GO_DENTINOGENESIS	0.18143067725147966			
GTATTAT_MIR3693P	0.18141922119248316			
COULOUARN_TEMPORAL_TGFB1_SIGNATURE_UP	0.18141900846235348			
GO_ORGANIC_ACID_BINDING	0.18141827404036773			
GO_HYDROLASE_ACTIVITY_ACTING_ON_ESTER_BONDS	0.18140523119316782			
GO_PERICENTRIOLAR_MATERIAL	0.18139826378113907			
ZHAN_MULTIPLE_MYELOMA_CD2_DN	0.181392290063511			
GO_SPLEEN_DEVELOPMENT	0.1813685661208592			
REACTOME_ABACAVIR_METABOLISM	0.18136416242144127			
chr8p21	0.1813611382171944			
GO_POSITIVE_REGULATION_OF_HEAT_GENERATION	0.18135146260318002			
CEBP_01	0.18132211038064308			
GO_FERRIC_IRON_BINDING	0.18129659259041508			
GO_RESPIRATORY_CHAIN_COMPLEX_III	0.1812900557358121			
GO_LONG_CHAIN_FATTY_ACID_BINDING	0.18128841201758314			
ZIRN_TRETINOIN_RESPONSE_DN	0.1812804474406849			
REACTOME_EXPORT_OF_VIRAL_RIBONUCLEOPROTEINS_FROM_NUCLEUS	0.18125887012920944			
GSE17721_CPG_VS_GARDIQUIMOD_6H_BMDC_DN	0.1812508824460013			
GO_GASTRIC_ACID_SECRETION	0.18124657624832421			
KEGG_TAURINE_AND_HYPOTAURINE_METABOLISM	0.18124471138002923			
GO_RIBONUCLEOSIDE_TRIPHOSPHATE_METABOLIC_PROCESS	0.18121221504390403			
GSE40274_CTRL_VS_SATB1_TRANSDUCED_ACTIVATED_CD4_TCELL_DN	0.18119438362999796			
GSE17721_LPS_VS_PAM3CSK4_4H_BMDC_UP	0.1811786852249831			
GO_REGULATION_OF_LYMPHANGIOGENESIS	0.18117766511393782			
GO_REGULATION_OF_DELAYED_RECTIFIER_POTASSIUM_CHANNEL_ACTIVITY	0.18117625734890927			
GO_OXIDOREDUCTASE_ACTIVITY_ACTING_ON_THE_ALDEHYDE_OR_OXO_GROUP_OF_DONORS_DISULFIDE_AS_ACCEPTOR	0.18117437098073766			
MIR4743_3P	0.18117284863922267			
REACTOME_PROCESSING_OF_SMDT1	0.18116001199866624			
IYENGAR_RESPONSE_TO_ADIPOCYTE_FACTORS	0.18115325547574646			
REACTOME_LATE_ENDOSOMAL_MICROAUTOPHAGY	0.18115267221166864			
GO_MATERNAL_PROCESS_INVOLVED_IN_FEMALE_PREGNANCY	0.18115135385666278			
GAUSSMANN_MLL_AF4_FUSION_TARGETS_E_DN	0.18115102393653593			
KEGG_GLYCOSPHINGOLIPID_BIOSYNTHESIS_GLOBO_SERIES	0.18114280914853964			
MIR181A_3P	0.181142418736333			
GO_CARBON_CARBON_LYASE_ACTIVITY	0.18114140783202773			
REACTOME_DEFECTIVE_CHST6_CAUSES_MCDC1	0.1811275992631986			
GO_ANTIGEN_PROCESSING_AND_PRESENTATION_OF_EXOGENOUS_PEPTIDE_ANTIGEN_VIA_MHC_CLASS_I_TAP_INDEPENDENT	0.18112567555002965			
REACTOME_REDUCTION_OF_CYTOSOLIC_CA_LEVELS	0.18111771484901346			
GO_REGULATION_OF_CALCIUM_MEDIATED_SIGNALING	0.18111654164034857			
IPA_KDM6A_UP	0.1811076897432952			
GROSS_HYPOXIA_VIA_HIF1A_ONLY	0.1811076077402636			
BENPORATH_NOS_TARGETS	0.18109099365726763			
GO_AMINE_CATABOLIC_PROCESS	0.18109088521196953			
MIR198	0.1810845754072744			
GO_GLYCOSYLCERAMIDE_CATABOLIC_PROCESS	0.18108402984276573			
IPA_ASF1A_DN	0.18104768996640158			
GO_DECIDUALIZATION	0.18103461138374372			
MIR12126	0.18102280472386756			
GSE10273_HIGH_VS_LOW_IL7_TREATED_IRF4_8_NULL_PRE_BCELL_UP	0.18100098038085632			
LI_CISPLATIN_RESISTANCE_DN	0.18099320887525794			
BIOCARTA_AKAP95_PATHWAY	0.18099036042417907			
BIOCARTA_MET_PATHWAY	0.1809797687612002			
GO_REGULATION_OF_BRANCHING_INVOLVED_IN_SALIVARY_GLAND_MORPHOGENESIS	0.18097783752900137			
HALLMARK_MYC_TARGETS_V2	0.18097029891613173			
GO_RESPONSE_TO_SODIUM_ARSENITE	0.18097009570646205			
CHARAFE_BREAST_CANCER_BASAL_VS_MESENCHYMAL_DN	0.1809642503503234			
GO_IMIDAZOLE_CONTAINING_COMPOUND_CATABOLIC_PROCESS	0.18095364665171956			
REACTOME_HISTIDINE_CATABOLISM	0.18095364665171956			
GO_CELLULAR_RESPONSE_TO_CAMP	0.18095046597549658			
GSE4748_CYANOBACTERIUM_LPSLIKE_VS_LPS_AND_CYANOBACTERIUM_LPSLIKE_STIM_DC_3H_DN	0.18093736475771233			
MIR3160_3P	0.18093500317935557			
GO_COPII_VESICLE_COAT	0.18092725129937204			
GO_NEGATIVE_REGULATION_OF_CELL_GROWTH	0.18090764510533527			
GO_FACIAL_NERVE_MORPHOGENESIS	0.18087029633706708			
GSE3203_UNTREATED_VS_IFNB_TREATED_LN_BCELL_DN	0.18085866089120067			
GO_CELLULAR_RESPIRATION	0.18085715368712474			
GO_CYCLIC_NUCLEOTIDE_DEPENDENT_PROTEIN_KINASE_ACTIVITY	0.18085378141056452			
GO_ENDOLYSOSOME_LUMEN	0.18084973487924463			
MIR380_5P	0.1808452148255646			
GO_GLYCEROL_BIOSYNTHETIC_PROCESS	0.18084085768829708			
MIR323B_3P	0.1808247035397525			
REACTOME_FACTORS_INVOLVED_IN_MEGAKARYOCYTE_DEVELOPMENT_AND_PLATELET_PRODUCTION	0.1808112541742784			
GO_POSITIVE_REGULATION_OF_MITOCHONDRIAL_CALCIUM_ION_CONCENTRATION	0.18080629013299093			
MIR12129	0.18077779228940702			
PAL_PRMT5_TARGETS_DN	0.18077499797501823			
GO_POST_EMBRYONIC_EYE_MORPHOGENESIS	0.18075129875934284			
chr12q15	0.18074889151712098			
GO_EXOGENOUS_PROTEIN_BINDING	0.18072373938153477			
CASP8AP2_TARGET_GENES	0.1806909745190419			
NOJIMA_SFRP2_TARGETS_DN	0.18068655882150148			
GSE13522_WT_VS_IFNG_KO_SKING_T_CRUZI_Y_STRAIN_INF_UP	0.18067885104414072			
REACTOME_INTRINSIC_PATHWAY_FOR_APOPTOSIS	0.18067533250316958			
DAIRKEE_CANCER_PRONE_RESPONSE_E2	0.18067452732999084			
GO_PHOSPHATASE_ACTIVATOR_ACTIVITY	0.18066459587450215			
GO_NUCLEOTIDE_EXCISION_REPAIR_DNA_GAP_FILLING	0.18064755381700615			
BIOCARTA_P38MAPK_PATHWAY	0.1806374427970939			
GO_RRNA_PSEUDOURIDINE_SYNTHESIS	0.18063333984764554			
GSE27786_NKTCELL_VS_MONO_MAC_UP	0.18060887554903715			
GO_MATERNAL_PROCESS_INVOLVED_IN_PARTURITION	0.18060088433194602			
GO_CYTOCHROME_COMPLEX	0.1805960441154826			
GO_BOX_H_ACA_TELOMERASE_RNP_COMPLEX	0.18058004183438459			
GO_BOX_H_ACA_RNP_COMPLEX	0.18058004183438459			
GO_BOX_H_ACA_SNORNA_BINDING	0.18058004183438459			
GO_BOX_H_ACA_SNORNP_COMPLEX	0.18058004183438459			
GO_VASCULAR_ENDOTHELIAL_GROWTH_FACTOR_RECEPTOR_BINDING	0.18056184568645542			
ATAACCT_MIR154	0.18055374577655978			
REACTOME_MRNA_SPLICING_MINOR_PATHWAY	0.1805532824285786			
GO_POSITIVE_REGULATION_OF_RIBOSOME_BIOGENESIS	0.18054462923571526			
MIR3908	0.18053005750075565			
PID_ARF6_TRAFFICKING_PATHWAY	0.18051626172329732			
GO_REGULATION_OF_MITOTIC_CENTROSOME_SEPARATION	0.1805140961587552			
BIOCARTA_FMLP_PATHWAY	0.180512225120929			
REACTOME_MITOCHONDRIAL_CALCIUM_ION_TRANSPORT	0.1804992454878283			
KOYAMA_SEMA3B_TARGETS_UP	0.18049874845418695			
GO_DETERMINATION_OF_LEFT_RIGHT_ASYMMETRY_IN_LATERAL_MESODERM	0.18048625162585538			
BIOCARTA_CCR5_PATHWAY	0.18048206777604922			
BOYAULT_LIVER_CANCER_SUBCLASS_G56_DN	0.18047954165864874			
GO_REGULATION_OF_RELEASE_OF_CYTOCHROME_C_FROM_MITOCHONDRIA	0.18046111805898837			
PURBEY_TARGETS_OF_CTBP1_AND_SATB1_UP	0.18042850216784342			
GO_CLATHRIN_COATED_ENDOCYTIC_VESICLE	0.18041860482115749			
GO_ESTABLISHMENT_OF_SISTER_CHROMATID_COHESION	0.18041444869825335			
GO_DNA_METHYLATION_INVOLVED_IN_GAMETE_GENERATION	0.18041033453784378			
GO_ORNITHINE_DECARBOXYLASE_REGULATOR_ACTIVITY	0.18040802016219706			
PID_TAP63_PATHWAY	0.1804054612190658			
TTCYRGAA_UNKNOWN	0.18038534254968341			
GSE13762_CTRL_VS_125_VITAMIND_DAY12_DC_DN	0.18038432628992845			
GO_MULTI_ORGANISM_MEMBRANE_FUSION	0.18035762560985671			
HOLLEMAN_ASPARAGINASE_RESISTANCE_B_ALL_UP	0.18031020059021488			
GSE17721_CPG_VS_GARDIQUIMOD_12H_BMDC_DN	0.1802867841408076			
MIR1208	0.18028594106142612			
GO_NEGATIVE_REGULATION_OF_GLUCONEOGENESIS	0.18028073691797186			
GO_NEGATIVE_REGULATION_OF_INTRINSIC_APOPTOTIC_SIGNALING_PATHWAY_IN_RESPONSE_TO_OSMOTIC_STRESS	0.18026971995879001			
MIR6851_3P	0.18026567897427234			
GO_RESPIRATORY_CHAIN_COMPLEX_IV	0.18026105942711915			
GO_EARLY_ENDOSOME_MEMBRANE	0.18025194474120868			
MIR4470	0.18023974701712736			
GO_MULTIVESICULAR_BODY_LUMEN	0.18023466481588094			
GO_NEGATIVE_REGULATION_OF_VIRAL_ENTRY_INTO_HOST_CELL	0.1802215321230126			
GO_RENAL_FILTRATION	0.18021928905384363			
GSE3039_CD4_TCELL_VS_ALPHABETA_CD8_TCELL_DN	0.18021477615031747			
SRPK1_TARGET_GENES	0.18020267165558768			
GO_PROTEIN_LINEAR_POLYUBIQUITINATION	0.18020083900551598			
REACTOME_PI3K_EVENTS_IN_ERBB4_SIGNALING	0.18020082004498217			
GSE7831_UNSTIM_VS_INFLUENZA_STIM_PDC_1H_DN	0.18019497799591477			
GSE7852_THYMUS_VS_FAT_TCONV_UP	0.18019488275188836			
MIR4274	0.1801899630655273			
REACTOME_SIGNALING_BY_ROBO_RECEPTORS	0.18018788791187912			
MIR548AI_MIR570_5P	0.18018674559900336			
GSE17721_POLYIC_VS_GARDIQUIMOD_6H_BMDC_DN	0.18018305802166837			
GO_REGULATION_OF_ASPARTIC_TYPE_PEPTIDASE_ACTIVITY	0.18018072654296746			
REACTOME_NEF_MEDIATES_DOWN_MODULATION_OF_CELL_SURFACE_RECEPTORS_BY_RECRUITING_THEM_TO_CLATHRIN_ADAPTERS	0.18016215272164782			
GO_HYALURONAN_CATABOLIC_PROCESS	0.18014121361639207			
MIR4482_3P	0.18013435648817028			
GO_OXIDOREDUCTASE_ACTIVITY_ACTING_ON_A_HEME_GROUP_OF_DONORS	0.18011691171662153			
GO_MHC_PROTEIN_COMPLEX_ASSEMBLY	0.18010623940082193			
IPA_ZNF512B_DN	0.1800989252471673			
PTEN_DN.V1_UP	0.18008006948306804			
GO_REGULATION_OF_SKELETAL_MUSCLE_ACETYLCHOLINE_GATED_CHANNEL_CLUSTERING	0.18007957562811894			
MIR190B_5P	0.18003878022230904			
GO_SEQUESTERING_OF_EXTRACELLULAR_LIGAND_FROM_RECEPTOR	0.1800051862344567			
GSE29615_DAY3_VS_DAY7_LAIV_FLU_VACCINE_PBMC_DN	0.17999313560242497			
BASAKI_YBX1_TARGETS_DN	0.17998231677794008			
GO_THORAX_AND_ANTERIOR_ABDOMEN_DETERMINATION	0.17996487609802292			
IPA_RB1_UP	0.17996329717042117			
REACTOME_PTK6_EXPRESSION	0.17996030914239688			
GO_STAT_FAMILY_PROTEIN_BINDING	0.17995191419982987			
GSE21546_WT_VS_ELK1_KO_ANTI_CD3_STIM_DP_THYMOCYTES_UP	0.1799439177227717			
GO_POSITIVE_REGULATION_OF_BONE_RESORPTION	0.17988767434628405			
GSE3982_DC_VS_TH2_UP	0.1798845229135355			
GO_REGULATION_OF_HISTONE_H3_K27_METHYLATION	0.1798418263247024			
GO_CHEMICAL_HOMEOSTASIS_WITHIN_A_TISSUE	0.1798363423595826			
GO_REGULATION_OF_ASPARTIC_TYPE_ENDOPEPTIDASE_ACTIVITY_INVOLVED_IN_AMYLOID_PRECURSOR_PROTEIN_CATABOLIC_PROCESS	0.1798349218680964			
GO_MYOBLAST_FATE_COMMITMENT	0.17981236302548625			
DISTECHE_ESCAPED_FROM_X_INACTIVATION	0.17980769040921127			
GO_POSITIVE_REGULATION_OF_PHOSPHOLIPID_BIOSYNTHETIC_PROCESS	0.17979678444117975			
GO_ALDO_KETO_REDUCTASE_NADP_ACTIVITY	0.1797961691798823			
GO_PARAXIAL_MESODERM_FORMATION	0.17976175876539566			
GO_CALCIUM_ION_IMPORT	0.17975517374502803			
GO_PROTEIN_PRENYLTRANSFERASE_ACTIVITY	0.17973687420315432			
MIKI_COEXPRESSED_WITH_CYP19A1	0.17973196640916989			
TMTCGCGANR_UNKNOWN	0.17972724885483446			
GSE26030_UNSTIM_VS_RESTIM_TH1_DAY5_POST_POLARIZATION_UP	0.17972505412984358			
GO_REGULATION_OF_NEURON_PROJECTION_REGENERATION	0.17971745697483968			
SATO_SILENCED_BY_METHYLATION_IN_PANCREATIC_CANCER_2	0.17971233497109035			
MIR4677_3P	0.1796928345799351			
GO_POSITIVE_REGULATION_OF_CHROMOSOME_SEGREGATION	0.1796857713675058			
GO_NEGATIVE_REGULATION_OF_SPHINGOLIPID_BIOSYNTHETIC_PROCESS	0.17968009590690592			
GO_MULTIVESICULAR_BODY	0.17967910722892638			
REACTOME_REGULATION_OF_FOXO_TRANSCRIPTIONAL_ACTIVITY_BY_ACETYLATION	0.17967452051057886			
GO_PROTEIN_K48_LINKED_DEUBIQUITINATION	0.1796578403436176			
GO_REGULATION_OF_MITOCHONDRIAL_FUSION	0.17965358923587954			
GO_NK_T_CELL_PROLIFERATION	0.17965194935075332			
IPA_RFX1_DN	0.1796146266044737			
GO_POSITIVE_REGULATION_OF_MESODERM_FORMATION	0.17958241418379195			
GO_INTERLEUKIN_2_SECRETION	0.1795649901048098			
GO_REGULATION_OF_GOLGI_ORGANIZATION	0.17955452230414243			
BEGUM_TARGETS_OF_PAX3_FOXO1_FUSION_DN	0.17954707109228263			
NFE2_01	0.17952869327220192			
GO_MITOCHONDRIAL_TRICARBOXYLIC_ACID_CYCLE_ENZYME_COMPLEX	0.1794867585850756			
GO_NEGATIVE_REGULATION_OF_CELL_VOLUME	0.17947486369471122			
MIR106A_3P	0.17945298076023158			
GSE17974_CTRL_VS_ACT_IL4_AND_ANTI_IL12_6H_CD4_TCELL_DN	0.17944928679897315			
GO_REGULATION_OF_MRNA_SPLICING_VIA_SPLICEOSOME	0.17944394099655894			
GO_SOLUTE_ANION_ANTIPORTER_ACTIVITY	0.17943196021881255			
REACTOME_BICARBONATE_TRANSPORTERS	0.17942234030613408			
BIOCARTA_MYOSIN_PATHWAY	0.17941956033932616			
MYLLYKANGAS_AMPLIFICATION_HOT_SPOT_27	0.17938419903893196			
MIR337_3P	0.17933469756233988			
GO_GUANYL_NUCLEOTIDE_EXCHANGE_FACTOR_COMPLEX	0.17932377153879053			
GSE46606_UNSTIM_VS_CD40L_IL2_IL5_DAY1_STIMULATED_BCELL_DN	0.17929396042780021			
chr16q23	0.17926727452412267			
GO_POSITIVE_REGULATION_OF_NON_MOTILE_CILIUM_ASSEMBLY	0.1792585491371203			
BIOCARTA_EICOSANOID_PATHWAY	0.17925797722471962			
REACTOME_NS1_MEDIATED_EFFECTS_ON_HOST_PATHWAYS	0.17925693187230582			
MIR4760_5P	0.17924902078593746			
MIR4724_5P	0.17924559447281052			
GO_CELLULAR_RESPONSE_TO_XENOBIOTIC_STIMULUS	0.1792324299909282			
GO_SULFUR_COMPOUND_TRANSMEMBRANE_TRANSPORTER_ACTIVITY	0.17923083223319328			
MIR602	0.17922545910781282			
GO_OXYSTEROL_BINDING	0.1791976696612478			
GO_NEURONAL_SIGNAL_TRANSDUCTION	0.17917794630935435			
chr1q23	0.17916912151710546			
IPA_E2F6_UP	0.17916334964523917			
KEGG_HUNTINGTONS_DISEASE	0.17912897728532307			
GO_HEXOKINASE_ACTIVITY	0.17911450612918906			
GO_NEGATIVE_REGULATION_OF_LEUKOCYTE_ADHESION_TO_VASCULAR_ENDOTHELIAL_CELL	0.17911093455627494			
GO_HYDROLASE_ACTIVITY_ACTING_ON_ACID_ANHYDRIDES	0.17909183863705883			
MIR4311	0.17908710649878554			
REACTOME_CREATION_OF_C4_AND_C2_ACTIVATORS	0.17906857251860994			
RAMPON_ENRICHED_LEARNING_ENVIRONMENT_LATE_UP	0.17905291340610432			
GO_SURFACTANT_HOMEOSTASIS	0.17903895357356905			
MIR4540	0.1790185461711232			
IPA_MLLT3_UP	0.17901186706797023			
GO_URINARY_TRACT_SMOOTH_MUSCLE_CONTRACTION	0.179003808030105			
REACTOME_CLATHRIN_MEDIATED_ENDOCYTOSIS	0.17895692198909202			
MIR4643	0.17893967194118932			
GO_CARBON_OXYGEN_LYASE_ACTIVITY	0.1789373683054101			
GO_ORGANELLE_ASSEMBLY	0.17892853151262128			
FEV_TARGET_GENES	0.17892048501356184			
BIOCARTA_ARAP_PATHWAY	0.17891452743014286			
GO_SECOND_MESSENGER_MEDIATED_SIGNALING	0.17889241055225943			
GO_GALANIN_RECEPTOR_ACTIVITY	0.17885132551374242			
GSE23505_IL6_IL1_VS_IL6_IL1_TGFB_TREATED_CD4_TCELL_UP	0.1788312171876129			
GO_NEGATIVE_REGULATION_OF_HEXOKINASE_ACTIVITY	0.1788295343747314			
GSE21670_UNTREATED_VS_TGFB_TREATED_CD4_TCELL_UP	0.17882779190635953			
REACTOME_ANTI_INFLAMMATORY_RESPONSE_FAVOURING_LEISHMANIA_PARASITE_INFECTION	0.17876673211173752			
IL15_UP.V1_DN	0.17874722230875875			
GO_PROTEASOMAL_PROTEIN_CATABOLIC_PROCESS	0.17874198096666077			
DARWICHE_SKIN_TUMOR_PROMOTER_DN	0.17870644973607222			
GO_EXOCYST_LOCALIZATION	0.17870586345982437			
BIOCARTA_GRANULOCYTES_PATHWAY	0.17868312052144483			
GO_ARTERIAL_ENDOTHELIAL_CELL_DIFFERENTIATION	0.17866053785671931			
GO_POSITIVE_REGULATION_OF_NATURAL_KILLER_CELL_CHEMOTAXIS	0.17864207060642762			
GSE4590_SMALL_VS_LARGE_PRE_BCELL_DN	0.17864116490069468			
GO_RETROMER_COMPLEX	0.17861880291755888			
GO_CARDIAC_MUSCLE_CELL_DIFFERENTIATION	0.17861718715800537			
MIR4744	0.17861573599165878			
GO_CHEMOKINE_C_X_C_MOTIF_LIGAND_2_PRODUCTION	0.17861104990102938			
IPA_NFIB_UP	0.17860891692324182			
VERHAAK_AML_WITH_NPM1_MUTATED_UP	0.17860825971411398			
GO_OXIDOREDUCTION_COENZYME_METABOLIC_PROCESS	0.17860041789093775			
GO_MONOVALENT_INORGANIC_CATION_TRANSMEMBRANE_TRANSPORTER_ACTIVITY	0.17856920657243658			
MIR1303	0.1785664715149641			
GO_CATECHOLAMINE_UPTAKE_INVOLVED_IN_SYNAPTIC_TRANSMISSION	0.17856623520309248			
BIERIE_INFLAMMATORY_RESPONSE_TGFB1	0.17855485007020405			
KAYO_CALORIE_RESTRICTION_MUSCLE_DN	0.17854296832890626			
REACTOME_SUMOYLATION_OF_UBIQUITINYLATION_PROTEINS	0.17853154368388827			
BIOCARTA_LDL_PATHWAY	0.17853081935232865			
GO_EARLY_ENDOSOME_TO_GOLGI_TRANSPORT	0.17852708228319566			
IPA_POU2AF1_DN	0.1785261548700528			
ABRAHAM_ALPC_VS_MULTIPLE_MYELOMA_DN	0.17852234468326877			
GO_DNA_METHYLTRANSFERASE_ACTIVITY	0.17849361279610032			
MIR8086	0.17849056395626295			
MIR2116_5P	0.17848984776157234			
REACTOME_IKBA_VARIANT_LEADS_TO_EDA_ID	0.17848660742854197			
MYLLYKANGAS_AMPLIFICATION_HOT_SPOT_15	0.1784769358565595			
GO_CELLULAR_RESPONSE_TO_LEPTIN_STIMULUS	0.17844079422836906			
BIOCARTA_ALTERNATIVE_PATHWAY	0.1784245037348576			
LOPEZ_MESOTHELIOMA_SURVIVAL_WORST_VS_BEST_DN	0.17842425958564984			
JAZAERI_BREAST_CANCER_BRCA1_VS_BRCA2_DN	0.17841964651493022			
GO_NUCLEOTIDYLTRANSFERASE_ACTIVITY	0.17841869332314125			
GO_SHELTERIN_COMPLEX	0.17840679448905972			
GSE27786_LSK_VS_NEUTROPHIL_UP	0.1784026427761595			
MIR3613_5P	0.1783956286837421			
GO_NEGATIVE_REGULATION_OF_INTRACELLULAR_TRANSPORT	0.17837546773765386			
IPA_PAX8_DN	0.17837499537569348			
IPA_RXRB_UP	0.17837499537569348			
GO_NONRIBOSOMAL_PEPTIDE_BIOSYNTHETIC_PROCESS	0.17834086407105373			
PETRETTO_HEART_MASS_QTL_CIS_UP	0.178318050271522			
GO_POSITIVE_REGULATION_OF_RECEPTOR_MEDIATED_ENDOCYTOSIS	0.17831658125671201			
GSE10463_CD40L_AND_VA347_VS_CD40L_IN_DC_UP	0.17831394970523892			
ROSS_ACUTE_MYELOID_LEUKEMIA_CBF	0.1783057880685741			
GSE21670_TGFB_VS_TGFB_AND_IL6_TREATED_STAT3_KO_CD4_TCELL_UP	0.17830057247718567			
DAVICIONI_TARGETS_OF_PAX_FOXO1_FUSIONS_DN	0.17827411614087632			
GO_POSITIVE_REGULATION_OF_EPITHELIAL_CELL_APOPTOTIC_PROCESS	0.1782629692577308			
GO_MRNA_MODIFICATION	0.17825204019744295			
GO_NEGATIVE_REGULATION_OF_CHOLESTEROL_STORAGE	0.1782519409956437			
GSE11961_UNSTIM_VS_ANTI_IGM_AND_CD40_STIM_6H_FOLLICULAR_BCELL_UP	0.17822377134345538			
GSE14415_NATURAL_TREG_VS_FOXP3_KO_NATURAL_TREG_DN	0.1781957625952915			
BAHD1_TARGET_GENES	0.17819316483826933			
MIR6083	0.17818264118192992			
chr3q21	0.17815271118005196			
STANELLE_E2F1_TARGETS	0.1781393148003789			
GO_SUGAR_TRANSMEMBRANE_TRANSPORTER_ACTIVITY	0.17813498145860177			
BREDEMEYER_RAG_SIGNALING_VIA_ATM_NOT_VIA_NFKB_DN	0.1781347177478501			
REACTOME_P130CAS_LINKAGE_TO_MAPK_SIGNALING_FOR_INTEGRINS	0.17812718226941052			
DAZARD_UV_RESPONSE_CLUSTER_G3	0.1781231704562124			
GSE6269_FLU_VS_E_COLI_INF_PBMC_DN	0.17811742622275897			
MIR4436B_5P	0.17811501736352578			
IPA_TLE1_UP	0.17811300892874105			
chr13q21	0.17810799972341543			
GO_PRE_MRNA_3_SPLICE_SITE_BINDING	0.17810193959430892			
CREIGHTON_ENDOCRINE_THERAPY_RESISTANCE_2	0.17808288981367532			
GSE22025_PROGESTERONE_VS_TGFB1_AND_PROGESTERONE_TREATED_CD4_TCELL_DN	0.17804767313503145			
GSE22935_UNSTIM_VS_24H_MBOVIS_BCG_STIM_MYD88_KO_MACROPHAGE_DN	0.17804089210959528			
IPA_ELK1_DN	0.1780321236673168			
MA_MYELOID_DIFFERENTIATION_DN	0.1780320420106409			
GO_ARACHIDONATE_COA_LIGASE_ACTIVITY	0.1780277673435232			
HOLLERN_ADENOMYOEPITHELIAL_BREAST_TUMOR	0.1779934380972205			
GSE369_SOCS3_KO_VS_WT_LIVER_UP	0.17799296995942765			
GO_GLYCOSIDE_METABOLIC_PROCESS	0.17794434242786206			
GO_T_CELL_RECEPTOR_BINDING	0.17792649919366815			
REACTOME_TP53_REGULATES_TRANSCRIPTION_OF_ADDITIONAL_CELL_CYCLE_GENES_WHOSE_EXACT_ROLE_IN_THE_P53_PATHWAY_REMAIN_UNCERTAIN	0.17789012500875231			
IPA_SIRT1_DN	0.17787585794599756			
REACTOME_METHYLATION	0.17786427903845706			
GO_ALCOHOL_DEHYDROGENASE_NADPPLUS_ACTIVITY	0.17783878144988105			
GO_GUANYLATE_KINASE_ACTIVITY	0.17783547087300994			
SEITZ_NEOPLASTIC_TRANSFORMATION_BY_8P_DELETION_UP	0.1778352761544951			
GO_NCRNA_METABOLIC_PROCESS	0.17783216923403264			
SRC_UP.V1_DN	0.17780315925044848			
GO_REGULATION_OF_SYSTEMIC_ARTERIAL_BLOOD_PRESSURE_BY_HORMONE	0.17780231477565384			
MIR4773	0.17779606939193326			
CARD_MIR302A_TARGETS	0.1777704461545498			
GSE36392_MAC_VS_NEUTROPHIL_IL25_TREATED_LUNG_UP	0.17776693753493883			
GO_REGULATION_OF_CELLULAR_RESPIRATION	0.17776023782115202			
GSE2585_AIRE_KO_VS_WT_CD80_LOW_MTEC_UP	0.17775818371114604			
GO_NEGATIVE_REGULATION_OF_SERINE_TYPE_PEPTIDASE_ACTIVITY	0.17775516625677787			
GO_HOLLIDAY_JUNCTION_RESOLVASE_COMPLEX	0.17774866551371307			
TERAMOTO_OPN_TARGETS_CLUSTER_3	0.1777469410050425			
GO_POSITIVE_REGULATION_OF_ACTIVATION_OF_JANUS_KINASE_ACTIVITY	0.17774047702807877			
GO_RNA_POLYMERASE_ACTIVITY	0.17773721260372677			
ACEVEDO_LIVER_CANCER_WITH_H3K9ME3_DN	0.17773354604310215			
GO_TRANSCRIPTIONAL_PREINITIATION_COMPLEX	0.1777133833263547			
MIR2467_5P	0.17770830165472082			
KEGG_SPLICEOSOME	0.1776667902617521			
P53_DN.V2_UP	0.1776318199283073			
GSE19941_UNSTIM_VS_LPS_STIM_IL10_KO_MACROPHAGE_UP	0.17761670196961507			
MAINA_HYPOXIA_VHL_TARGETS_UP	0.17760588146359135			
NEWMAN_ERCC6_TARGETS_UP	0.17760569214555708			
GO_PREASSEMBLY_OF_GPI_ANCHOR_IN_ER_MEMBRANE	0.17760100662433995			
GO_SOMATIC_MOTOR_NEURON_DIFFERENTIATION	0.17755601495287054			
IPA_IRF9_DN	0.1775532827963413			
GSE9006_HEALTHY_VS_TYPE_1_DIABETES_PBMC_1MONTH_POST_DX_DN	0.17752758339147662			
GSE26351_WNT_VS_BMP_PATHWAY_STIM_HEMATOPOIETIC_PROGENITORS_DN	0.17751867463210486			
GO_CARBOXY_LYASE_ACTIVITY	0.17750593820593705			
GO_POSITIVE_REGULATION_OF_T_HELPER_2_CELL_CYTOKINE_PRODUCTION	0.17748333978979922			
BIOCARTA_RAN_PATHWAY	0.17747964240713338			
MIR550B_3P	0.1774710277044694			
GSE24574_BCL6_HIGH_VS_LOW_TFH_CD4_TCELL_UP	0.1774680302908458			
GO_ODONTOBLAST_DIFFERENTIATION	0.17746026925473044			
GO_NEGATIVE_REGULATION_OF_ION_TRANSPORT	0.1774566715332221			
VALK_AML_CLUSTER_11	0.1774506702849075			
FAELT_B_CLL_WITH_VH_REARRANGEMENTS_DN	0.17745028757948692			
GSE2770_TGFB_AND_IL4_VS_TGFB_AND_IL12_TREATED_ACT_CD4_TCELL_2H_DN	0.17743739805018466			
ZNF146_TARGET_GENES	0.17743155185333231			
AR_Q6	0.1774272167892601			
GO_PRIMARY_ALCOHOL_METABOLIC_PROCESS	0.17742060342612379			
GO_U5_SNRNP	0.1774197743448197			
GSE21927_SPLEEN_VS_TUMOR_MONOCYTE_C57BL6_UP	0.177408012407832			
MIR3912_5P	0.17740237769636927			
GO_MULTIMERIC_RIBONUCLEASE_P_COMPLEX	0.17739443364795168			
MIR615_3P	0.177386955851179			
GO_UBIQUITIN_DEPENDENT_SMAD_PROTEIN_CATABOLIC_PROCESS	0.17738155625415855			
REACTOME_INITIATION_OF_NUCLEAR_ENVELOPE_NE_REFORMATION	0.17737511705176487			
YIH_RESPONSE_TO_ARSENITE_C5	0.17734981992387003			
REACTOME_CYTOSOLIC_SULFONATION_OF_SMALL_MOLECULES	0.17734252543624104			
chr13q33	0.1773360250130819			
MIR5693	0.17732666844793374			
GO_OMEGA_PEPTIDASE_ACTIVITY	0.17732307040245626			
GO_RIG_I_SIGNALING_PATHWAY	0.17732241200813265			
GO_U7_SNRNP	0.17732072337907667			
GO_BASAL_TRANSCRIPTION_MACHINERY_BINDING	0.177307366460985			
GO_CCR1_CHEMOKINE_RECEPTOR_BINDING	0.17730445741103842			
MIR4474_5P	0.17730099621151585			
KEGG_GLYCOSAMINOGLYCAN_BIOSYNTHESIS_KERATAN_SULFATE	0.1772855867221878			
GO_FACIAL_NERVE_STRUCTURAL_ORGANIZATION	0.17727379789988576			
GO_MRNA_3_END_PROCESSING	0.1772681760537399			
RAHMAN_TP53_TARGETS_PHOSPHORYLATED	0.17726742603760778			
GO_STEROID_HORMONE_SECRETION	0.1772630674210555			
REACTOME_CHK1_CHK2_CDS1_MEDIATED_INACTIVATION_OF_CYCLIN_B_CDK1_COMPLEX	0.17725420873851852			
IPA_TFDP1_DN	0.1772512917113991			
IPA_UBE2B_UP	0.1772512917113991			
GO_MEMBRANE_PROTEIN_ECTODOMAIN_PROTEOLYSIS	0.17724838233546017			
GO_CATION_TRANSPORT	0.17724720167128763			
GSE12484_HEALTHY_VS_PERIDONTITIS_NEUTROPHILS_DN	0.17724484227512746			
GO_MITOCHONDRIAL_LARGE_RIBOSOMAL_SUBUNIT	0.17724404385793602			
GO_POTASSIUM_ION_TRANSMEMBRANE_TRANSPORTER_ACTIVITY	0.17723449780537032			
REACTOME_PROTEIN_REPAIR	0.1772217103009328			
MIR1182	0.17721646036764244			
BIOCARTA_SARS_PATHWAY	0.17721092395663207			
PIEPOLI_LGI1_TARGETS_UP	0.1771861077955697			
GO_NEGATIVE_REGULATION_OF_GENE_SILENCING_BY_MIRNA	0.17715030712982377			
SA_B_CELL_RECEPTOR_COMPLEXES	0.17714577199746814			
GO_NEGATIVE_REGULATION_OF_BONE_MINERALIZATION	0.17714313689279174			
GO_CARDIAC_MUSCLE_CELL_PROLIFERATION	0.1771324799596652			
IPA_GATA1_DN	0.1771254873132431			
MIR361_5P	0.1771230263810287			
LIN_TUMOR_ESCAPE_FROM_IMMUNE_ATTACK	0.177121622165591			
GSE14415_FOXP3_KO_NATURAL_TREG_VS_TCONV_DN	0.17710523386016416			
MIR135A_2_3P	0.17709695963957325			
ZNF626_TARGET_GENES	0.17708065119356067			
CTCTATG_MIR368	0.17707663545342506			
RORA1_01	0.17704479944204887			
GO_AMINO_ACID_SALVAGE	0.17704319559786116			
CHESLER_BRAIN_D6MIT150_QTL_CIS	0.17703982572848873			
REACTOME_REGULATION_OF_MRNA_STABILITY_BY_PROTEINS_THAT_BIND_AU_RICH_ELEMENTS	0.17703943855113638			
GO_MITOTIC_G2_DNA_DAMAGE_CHECKPOINT	0.1770374397448971			
MIR516B_5P	0.17702527187343706			
GSE21927_SPLEEN_VS_TUMOR_MONOCYTE_BALBC_UP	0.17699549137157478			
GO_SOMITE_SPECIFICATION	0.1769847602353839			
MIR6790_3P	0.1769702791002594			
GO_EXON_EXON_JUNCTION_COMPLEX	0.17696778643566863			
GO_NEGATIVE_REGULATION_OF_P38MAPK_CASCADE	0.1769602502298624			
GO_COPPER_ION_BINDING	0.1769523084869261			
GO_NEGATIVE_REGULATION_OF_SMOOTHENED_SIGNALING_PATHWAY	0.17693874259112896			
GSE31082_DN_VS_CD8_SP_THYMOCYTE_UP	0.17693283686166414			
GSE43955_TH0_VS_TGFB_IL6_TH17_ACT_CD4_TCELL_60H_UP	0.17692692802417612			
chr2p22	0.17691799907475975			
GO_REGULATION_OF_PENILE_ERECTION	0.1769092521792947			
IPA_POU3F2_UP	0.17689054911784197			
ZBTB1_TARGET_GENES	0.17686294526122476			
MIR3167	0.17684961797239138			
YEMELYANOV_GR_TARGETS_DN	0.17683987169588733			
REACTOME_TRNA_MODIFICATION_IN_THE_NUCLEUS_AND_CYTOSOL	0.17683954277878358			
GSE24634_NAIVE_CD4_TCELL_VS_DAY3_IL4_CONV_TREG_UP	0.17683270668768747			
GO_BROWN_FAT_CELL_DIFFERENTIATION	0.17681426148115517			
GO_MEIOTIC_DNA_DOUBLE_STRAND_BREAK_FORMATION	0.1767983278848708			
GO_MAP_KINASE_SCAFFOLD_ACTIVITY	0.1767599689412171			
NFY_C	0.17674680530378203			
GO_LYSOPHOSPHOLIPASE_ACTIVITY	0.1767455024554601			
GSE2770_IL12_VS_TGFB_AND_IL12_TREATED_ACT_CD4_TCELL_2H_UP	0.1767415559191877			
GO_OXALOACETATE_METABOLIC_PROCESS	0.1766972914157858			
REACTOME_THE_PHOTOTRANSDUCTION_CASCADE	0.17668485914097445			
GO_PROTEIN_PHOSPHATASE_2B_BINDING	0.17667548533165772			
GO_REGULATION_OF_ORGANELLE_ASSEMBLY	0.17666655682265353			
GO_PEPTIDYL_GLUTAMIC_ACID_MODIFICATION	0.17666329307050713			
GO_CANNABINOID_SIGNALING_PATHWAY	0.1766518623136185			
KYNG_NORMAL_AGING_DN	0.17664634196333803			
GO_ATP_DEPENDENT_CHROMATIN_REMODELING	0.17663923854685257			
GO_REGULATION_OF_PROTEIN_LOCALIZATION_TO_CENTROSOME	0.17661684685076837			
GO_ENDOCYTOSIS	0.17658250692126654			
GO_N_ACETYLNEURAMINATE_METABOLIC_PROCESS	0.17656891997254492			
MIR6864_3P	0.17654100082975938			
GO_DETECTION_OF_STIMULUS	0.1765207386508334			
GSE5679_CTRL_VS_RARA_AGONIST_AM580_TREATED_DC_DN	0.17651359931212524			
GO_NUCLEAR_PORE_CENTRAL_TRANSPORT_CHANNEL	0.1764579479849807			
BIOCARTA_NPP1_PATHWAY	0.17644641378588538			
GO_INTRACILIARY_RETROGRADE_TRANSPORT	0.1764437573736339			
GSE17721_PAM3CSK4_VS_GADIQUIMOD_2H_BMDC_DN	0.17641420342017125			
GO_RESPONSE_TO_XENOBIOTIC_STIMULUS	0.17639072217891627			
MATZUK_EMBRYONIC_GERM_CELL	0.17637639312769363			
GO_NEGATIVE_REGULATION_OF_CELL_CYCLE_G1_S_PHASE_TRANSITION	0.17637112656900278			
TONG_INTERACT_WITH_PTTG1	0.17637004154625402			
CHEBOTAEV_GR_TARGETS_DN	0.17636754306431013			
MIR12123	0.17633105743955776			
REACTOME_FGFR1B_LIGAND_BINDING_AND_ACTIVATION	0.17633104501690294			
GO_REGULATION_OF_RETINAL_GANGLION_CELL_AXON_GUIDANCE	0.17632177167138288			
GO_OXIDIZED_DNA_BINDING	0.1763123956268736			
GO_COENZYME_TRANSMEMBRANE_TRANSPORTER_ACTIVITY	0.17627822774425964			
GSE3982_BASOPHIL_VS_NKCELL_UP	0.1762731011935989			
MIR9718	0.17623925122642145			
GSE21379_WT_VS_SAP_KO_CD4_TCELL_DN	0.1762353997599522			
GO_CYTOPLASMIC_PATTERN_RECOGNITION_RECEPTOR_SIGNALING_PATHWAY_IN_RESPONSE_TO_VIRUS	0.17623138811844236			
GO_REGULATION_OF_RELEASE_OF_SEQUESTERED_CALCIUM_ION_INTO_CYTOSOL	0.17620692484633022			
GO_RESPONSE_TO_INTERLEUKIN_18	0.17617447031598146			
GO_THROMBIN_ACTIVATED_RECEPTOR_ACTIVITY	0.17616023836419717			
NIKOLSKY_BREAST_CANCER_17P11_AMPLICON	0.17615652799442133			
MIR574_3P	0.17612526397736403			
CHANGOLKAR_H2AFY_TARGETS_DN	0.17609926421983468			
GO_RIBONUCLEOPROTEIN_GRANULE	0.1760768900445397			
REACTOME_CD22_MEDIATED_BCR_REGULATION	0.17606049677317265			
GO_RECEPTOR_ANTAGONIST_ACTIVITY	0.1760518119948742			
GO_REGULATION_OF_TRANSCRIPTION_FROM_RNA_POLYMERASE_II_PROMOTER_INVOLVED_IN_MYOCARDIAL_PRECURSOR_CELL_DIFFERENTIATION	0.17604329095242882			
GO_RRNA_METHYLATION	0.17603390537087654			
MIR10226	0.17603348236894273			
GO_CCR2_CHEMOKINE_RECEPTOR_BINDING	0.1760276958252923			
GO_GLUTAMINE_TRANSPORT	0.17601483388567485			
GO_CELLULAR_RESPONSE_TO_SODIUM_ARSENITE	0.17601258035941508			
MIR3059_3P	0.17597879638587857			
GSE369_PRE_VS_POST_IL6_INJECTION_IFNG_KO_LIVER_DN	0.1759775118995457			
REACTOME_ACTIVATION_OF_BAD_AND_TRANSLOCATION_TO_MITOCHONDRIA	0.17597692060173933			
GSE25088_CTRL_VS_ROSIGLITAZONE_STIM_MACROPHAGE_DN	0.17597353788621778			
MIR548AG	0.1759703683349537			
REACTOME_ACYL_CHAIN_REMODELING_OF_CL	0.17595999902424356			
MIR146B_3P	0.17595245834619486			
GSE21927_UNTREATED_VS_GMCSF_IL6_TREATED_BONE_MARROW_UP	0.17594522141164892			
GO_EXOCYST	0.175938902317206			
GO_MYOTUBE_CELL_DEVELOPMENT	0.17593306670293907			
LU_EZH2_TARGETS_UP	0.1759262818570657			
IPA_YBX1_DN	0.17585193191639242			
IPA_IRF5_DN	0.17585193191639242			
IPA_SUB1_DN	0.17585193191639242			
MIR6881_3P	0.17584687642239683			
GAJATE_RESPONSE_TO_TRABECTEDIN_UP	0.17581918204553634			
GO_POSITIVE_REGULATION_OF_OXIDATIVE_PHOSPHORYLATION	0.17579702119864368			
GO_ENDORIBONUCLEASE_ACTIVITY_PRODUCING_5_PHOSPHOMONOESTERS	0.175778287447306			
BURTON_ADIPOGENESIS_PEAK_AT_8HR	0.17577757110372547			
GSE41978_ID2_KO_VS_BIM_KO_KLRG1_LOW_EFFECTOR_CD8_TCELL_DN	0.17572063610551816			
GO_UDP_GLUCOSYLTRANSFERASE_ACTIVITY	0.17570939663067842			
GO_CORTICOSTERONE_SECRETION	0.1756930002987724			
CASTELLANO_HRAS_AND_NRAS_TARGETS_DN	0.1756605281084928			
MEISSNER_ES_ICP_WITH_H3K4ME3_AND_H3K27ME3	0.1756481012078093			
IPA_ZIC1_UP	0.17564498055425298			
HOLLEMAN_VINCRISTINE_RESISTANCE_ALL_UP	0.17560035065316454			
KANG_CISPLATIN_RESISTANCE_UP	0.175581257919562			
GO_DNA_LIGATION_INVOLVED_IN_DNA_REPAIR	0.1755684517786425			
GO_PROTEIN_TARGETING_TO_VACUOLE	0.17556723590556467			
GO_PROTEIN_LOCALIZATION_TO_PARANODE_REGION_OF_AXON	0.1755443021899231			
MIR421	0.1755401520077069			
GSE39820_CTRL_VS_TGFBETA3_IL6_CD4_TCELL_DN	0.17553464427929125			
GO_STEROL_ESTERASE_ACTIVITY	0.17553412628761564			
GSE360_DC_VS_MAC_UP	0.1755161490147978			
TING_SILENCED_BY_DICER	0.17549882162478325			
GO_7S_RNA_BINDING	0.17547955397530612			
GO_CYCLIC_NUCLEOTIDE_PHOSPHODIESTERASE_ACTIVITY	0.17547376191791975			
MIR7852_3P	0.17546691715092763			
GO_POSITIVE_REGULATION_OF_URINE_VOLUME	0.17545227360810886			
HESSON_TUMOR_SUPPRESSOR_CLUSTER_3P21_3	0.17543506044192608			
MIR3186_5P	0.17542479708691017			
GO_U4_SNRNP	0.17541400615490904			
MIR524_3P_MIR525_3P	0.1754108508693291			
GO_SNORNA_METABOLIC_PROCESS	0.1753839150006765			
GO_MHC_CLASS_I_PROTEIN_COMPLEX	0.17537174806528905			
IPA_HMGA2_DN	0.17532185316530915			
GSE8685_IL15_ACT_IL2_STARVED_VS_IL21_ACT_IL2_STARVED_CD4_TCELL_DN	0.1753131495884744			
GO_REGULATION_OF_GTP_BINDING	0.17529725093903759			
GO_POSTSYNAPTIC_ENDOCYTIC_ZONE_MEMBRANE	0.175259215085054			
MIR4713_3P	0.17524201416208302			
GO_REGULATION_OF_INWARD_RECTIFIER_POTASSIUM_CHANNEL_ACTIVITY	0.17521847337377355			
GSE15659_CD45RA_NEG_CD4_TCELL_VS_RESTING_TREG_UP	0.1752170877550211			
GO_SODIUM_DICARBOXYLATE_SYMPORTER_ACTIVITY	0.1752069213487179			
GO_REGULATION_OF_MITOCHONDRIAL_MEMBRANE_POTENTIAL	0.17515872089531503			
GSE17721_PAM3CSK4_VS_CPG_16H_BMDC_UP	0.17513348636731116			
GO_NEGATIVE_REGULATION_OF_OXIDATIVE_STRESS_INDUCED_NEURON_INTRINSIC_APOPTOTIC_SIGNALING_PATHWAY	0.1751092537565405			
MIR3942_3P	0.1751089407876432			
PPARGC1A_TARGET_GENES	0.1751034251732559			
GO_MIDBODY_ABSCISSION	0.17508380937008416			
MIR629_3P	0.17508045553121035			
MIR3663_5P	0.1750664313909823			
REACTOME_LOSS_OF_FUNCTION_OF_SMAD2_3_IN_CANCER	0.17506115376881			
GO_REGULATION_OF_CALCIUM_ION_TRANSPORT_INTO_CYTOSOL	0.17504314251324357			
IPA_RELB_DN	0.1750086419464265			
WTGAAAT_UNKNOWN	0.17500676541808405			
SOX15_TARGET_GENES	0.17497337934331497			
GO_RRNA_MODIFICATION	0.1749718481403647			
MIR4691_5P	0.1749608405463736			
ZFP91_TARGET_GENES	0.1749555687862788			
REACTOME_MITOTIC_TELOPHASE_CYTOKINESIS	0.17495341680157733			
GO_REGULATION_OF_TRANSMISSION_OF_NERVE_IMPULSE	0.17492621071944148			
ZNF302_TARGET_GENES	0.1749138267934251			
MIR299_5P	0.1748919129019261			
REACTOME_O_GLYCOSYLATION_OF_TSR_DOMAIN_CONTAINING_PROTEINS	0.1748786838726877			
GSE21063_CTRL_VS_ANTI_IGM_STIM_BCELL_NFATC1_KO_16H_DN	0.17487335097752368			
GO_PROTEIN_TRANSPORT_WITHIN_LIPID_BILAYER	0.17485358434813852			
REACTOME_PROPIONYL_COA_CATABOLISM	0.1748511124744434			
GO_PEPTIDYL_DIPHTHAMIDE_BIOSYNTHETIC_PROCESS_FROM_PEPTIDYL_HISTIDINE	0.1748238029433536			
GO_TRNA_PSEUDOURIDINE_SYNTHESIS	0.17481111723451406			
SAMOLS_TARGETS_OF_KHSV_MIRNAS_DN	0.17480759086207578			
CREB3L2_TARGET_GENES	0.1747976096631465			
GO_REGULATION_OF_CILIUM_BEAT_FREQUENCY	0.17479083023754605			
REACTOME_HCMV_INFECTION	0.17479026685610008			
REACTOME_AMPK_INHIBITS_CHREBP_TRANSCRIPTIONAL_ACTIVATION_ACTIVITY	0.17478165058555364			
WEBER_METHYLATED_HCP_IN_SPERM_UP	0.17476869005606835			
MIR505_5P	0.17476750130539656			
AMIT_SERUM_RESPONSE_240_MCF10A	0.1747657254890531			
GO_REGULATION_OF_CARDIAC_MUSCLE_CONTRACTION_BY_REGULATION_OF_THE_RELEASE_OF_SEQUESTERED_CALCIUM_ION	0.17476207594182697			
BIOCARTA_EFP_PATHWAY	0.1747533828310473			
GO_SKELETAL_MUSCLE_FIBER_DIFFERENTIATION	0.17472271277173307			
REACTOME_SUMOYLATION_OF_SUMOYLATION_PROTEINS	0.1747201200545785			
GO_ENDOCRINE_HORMONE_SECRETION	0.1747112929165015			
GO_DATP_METABOLIC_PROCESS	0.17470764175921907			
GO_BLOOD_VESSEL_ENDOTHELIAL_CELL_PROLIFERATION_INVOLVED_IN_SPROUTING_ANGIOGENESIS	0.17466624268549172			
GO_MODULATION_BY_VIRUS_OF_HOST_MORPHOLOGY_OR_PHYSIOLOGY	0.17464565632886772			
RICKMAN_METASTASIS_DN	0.1746376728688744			
GO_REGULATION_OF_AUTOPHAGY	0.174637542412641			
GO_N_ACYLPHOSPHATIDYLETHANOLAMINE_METABOLIC_PROCESS	0.17462838230605898			
CASTELLANO_HRAS_AND_NRAS_TARGETS_UP	0.1746110443747383			
LE_SKI_TARGETS_DN	0.17458965310953106			
WINZEN_DEGRADED_VIA_KHSRP	0.17457854009220777			
GO_NF_KAPPAB_BINDING	0.1745752428733279			
GSE42021_TREG_PLN_VS_TREG_PRECURSORS_THYMUS_UP	0.1745638926049219			
PLASARI_TGFB1_TARGETS_1HR_DN	0.17455568051322629			
GO_TRNA_5_END_PROCESSING	0.17454034314999262			
GO_NEGATIVE_REGULATION_OF_ORGANELLE_ORGANIZATION	0.17453054544464272			
GO_SELENOCYSTEINE_INSERTION_SEQUENCE_BINDING	0.17452314177450212			
MIR6879_3P	0.17452280235525683			
GO_PLATELET_DERIVED_GROWTH_FACTOR_RECEPTOR_SIGNALING_PATHWAY	0.1745007906621312			
GO_HISTONE_DEACETYLASE_COMPLEX	0.174498586099379			
SHEPARD_BMYB_MORPHOLINO_UP	0.17445968209580995			
MIR6500_3P	0.17445253110422457			
GO_MULTICELLULAR_ORGANISMAL_MOVEMENT	0.17443892656803256			
MIR623	0.17442948507076894			
GO_INTERLEUKIN_18_MEDIATED_SIGNALING_PATHWAY	0.17442206563301163			
HOXC6_TARGET_GENES	0.17441724678534326			
REACTOME_GRB2_SOS_PROVIDES_LINKAGE_TO_MAPK_SIGNALING_FOR_INTEGRINS	0.17437437710636466			
GSE4142_NAIVE_VS_GC_BCELL_DN	0.1743742097990782			
GO_POSITIVE_REGULATION_OF_LAMELLIPODIUM_ORGANIZATION	0.17436062088340387			
GSE37605_TREG_VS_TCONV_C57BL6_FOXP3_FUSION_GFP_DN	0.17433506119310466			
GO_PROTEIN_INSERTION_INTO_MEMBRANE	0.1743223147779878			
MIR4300	0.1742915097304951			
SUZUKI_RESPONSE_TO_TSA_AND_DECITABINE_1B	0.17429055279689556			
REACTOME_MUCOPOLYSACCHARIDOSES	0.17428408953703659			
GSE19923_WT_VS_E2A_KO_DP_THYMOCYTE_UP	0.17425926873794162			
ZNF236_TARGET_GENES	0.174232291927222			
REACTOME_NUCLEAR_IMPORT_OF_REV_PROTEIN	0.1742243012054977			
GO_CLATHRIN_COATED_ENDOCYTIC_VESICLE_MEMBRANE	0.17422303346843213			
GO_IRON_IMPORT_INTO_CELL	0.17420405268339303			
GO_PREFOLDIN_COMPLEX	0.17419419899838565			
MIR208B_5P	0.17415223992539974			
GO_CELLULAR_RESPONSE_TO_ZINC_ION	0.1741520195633617			
GSE17974_CTRL_VS_ACT_IL4_AND_ANTI_IL12_12H_CD4_TCELL_DN	0.17414486656692146			
GO_FAT_PAD_DEVELOPMENT	0.17413598936149455			
MIR136_5P	0.1741335711603931			
GO_TRANSMEMBRANE_TRANSPORT	0.1741284851935381			
MIR103B	0.17411967372161594			
GO_SULFOTRANSFERASE_ACTIVITY	0.1741189703427127			
MIR452_5P	0.17409792242874642			
GO_POSITIVE_REGULATION_OF_INTERLEUKIN_6_BIOSYNTHETIC_PROCESS	0.1740902390129601			
GO_SIGNAL_RECOGNITION_PARTICLE_ENDOPLASMIC_RETICULUM_TARGETING	0.17408204572286703			
IPA_TCF7L1_UP	0.17407352624934877			
GO_NEGATIVE_REGULATION_OF_CELL_CHEMOTAXIS_TO_FIBROBLAST_GROWTH_FACTOR	0.17406836127097391			
GO_PROTEIN_LOCALIZATION_TO_ENDOPLASMIC_RETICULUM_EXIT_SITE	0.17405854365749293			
GSE14769_UNSTIM_VS_60MIN_LPS_BMDM_UP	0.17404474904763312			
GO_MONOVALENT_INORGANIC_CATION_TRANSPORT	0.17402609137264805			
GSE37319_WT_VS_RC3H1_KO_CD44LOW_CD8_TCELL_UP	0.17402367465518292			
GOLDRATH_HOMEOSTATIC_PROLIFERATION	0.17400904096182446			
GO_CARGO_RECEPTOR_ACTIVITY	0.17399702229710554			
JNK_DN.V1_DN	0.17397983166614936			
MIR1251_5P	0.17397656277761545			
GO_HORMONE_CATABOLIC_PROCESS	0.17396382578309907			
GO_RESPONSE_TO_PHEROMONE	0.17393057534511894			
GO_GATOR1_COMPLEX	0.1739200927398858			
GO_POSITIVE_REGULATION_OF_RECEPTOR_INTERNALIZATION	0.1739117704681879			
GO_BARR_BODY	0.17390985433204187			
USF_C	0.1739071719299551			
GSE22025_UNTREATED_VS_PROGESTERONE_TREATED_CD4_TCELL_DN	0.17389979065700514			
GO_PENILE_ERECTION	0.17389851940848677			
IPA_AHRR_UP	0.1738866085208396			
MIR133A_5P	0.17387819553924366			
GO_POSITIVE_REGULATION_OF_DNA_BIOSYNTHETIC_PROCESS	0.17387722060075017			
ROETH_TERT_TARGETS_UP	0.1738697052546475			
REACTOME_RNA_POLYMERASE_III_TRANSCRIPTION_INITIATION_FROM_TYPE_3_PROMOTER	0.17382936820610778			
GO_POLYSOMAL_RIBOSOME	0.1738191782353041			
GO_DIACYLGLYCEROL_BINDING	0.17379428623156837			
GO_PROTEIN_STABILIZATION	0.1737829789201186			
SPIELMAN_LYMPHOBLAST_EUROPEAN_VS_ASIAN_2FC_DN	0.17377229402415417			
GSE25088_CTRL_VS_IL4_AND_ROSIGLITAZONE_STIM_MACROPHAGE_UP	0.17376650346775527			
GO_POST_EMBRYONIC_ANIMAL_ORGAN_MORPHOGENESIS	0.17376453225612945			
IPA_ESRRB_DN	0.17375467510324813			
GSE2585_CTEC_VS_THYMIC_DC_DN	0.17375074015779032			
GO_CLATHRIN_VESICLE_COAT	0.17374630899517227			
IPA_SMAD5_UP	0.17374437384722388			
IPA_H2AFZ_DN	0.17373786275255224			
GO_5_PHOSPHORIBOSE_1_DIPHOSPHATE_METABOLIC_PROCESS	0.17370430413128232			
REACTOME_GAP_FILLING_DNA_REPAIR_SYNTHESIS_AND_LIGATION_IN_GG_NER	0.17369907927499095			
MIR135B_3P	0.17369260569812986			
MIR4662A_5P	0.17369255043939483			
GSE2770_UNTREATED_VS_ACT_CD4_TCELL_2H_UP	0.17368885914842316			
GAUSSMANN_MLL_AF4_FUSION_TARGETS_A_UP	0.17368232332695438			
IPA_NFATC1_UP	0.17367712817269587			
MIR93_3P	0.1736421830587941			
MIR3672	0.17361968038042988			
MIR4650_3P	0.17361321826206189			
GSE20366_TREG_VS_NAIVE_CD4_TCELL_DEC205_CONVERSION_DN	0.17357170539532374			
SUMO1_TARGET_GENES	0.1735390695658224			
GO_ZYGOTIC_DETERMINATION_OF_ANTERIOR_POSTERIOR_AXIS_EMBRYO	0.17353258186736506			
MARSON_FOXP3_TARGETS_STIMULATED_DN	0.17352925123810212			
IPA_ZNF217_DN	0.17350943901300633			
LIU_TOPBP1_TARGETS	0.1735016992735654			
chr5q32	0.17349411642295895			
ZBTB12_TARGET_GENES	0.17348774963555116			
DEMAGALHAES_AGING_DN	0.17348321498560507			
MIR3139	0.1734801180361936			
GO_ADENOSINE_DEAMINASE_ACTIVITY	0.17347444423972394			
VERHAAK_GLIOBLASTOMA_NEURAL	0.17345276761471087			
GO_MAINTENANCE_OF_PROTEIN_LOCATION_IN_EXTRACELLULAR_REGION	0.1734256405319836			
MIR10400_3P_MIR4674	0.17340063743790332			
YAMANAKA_GLIOBLASTOMA_SURVIVAL_DN	0.17336805027269475			
GO_N_ACETYLTRANSFERASE_ACTIVITY	0.1733656269853603			
GO_MITOCHONDRIAL_CALCIUM_ION_TRANSMEMBRANE_TRANSPORT	0.17333395792504822			
GO_REGULATION_OF_VESICLE_MEDIATED_TRANSPORT	0.17332829530554242			
REACTOME_SYNTHESIS_OF_IP2_IP_AND_INS_IN_THE_CYTOSOL	0.17332607296756872			
MIR6516_3P	0.17332302302399571			
XU_AKT1_TARGETS_48HR	0.17330043962865566			
BRUINS_UVC_RESPONSE_VIA_TP53_GROUP_D	0.17328394468256			
GO_DICARBOXYLIC_ACID_TRANSMEMBRANE_TRANSPORTER_ACTIVITY	0.17325933780185537			
REACTOME_CYCLIN_D_ASSOCIATED_EVENTS_IN_G1	0.17324125402202528			
GSE21670_UNTREATED_VS_TGFB_TREATED_CD4_TCELL_DN	0.17322677694091848			
GLI3_TARGET_GENES	0.17322671761501446			
GO_NEGATIVE_REGULATION_OF_INTERLEUKIN_5_PRODUCTION	0.1732096515055144			
REACTOME_INTERLEUKIN_1_PROCESSING	0.17319162491121437			
TAGGTCA_MIR192_MIR215	0.1731912626037935			
TCTGGAC_MIR198	0.17318913111539871			
GO_ELECTRON_TRANSPORT_CHAIN	0.17317202693863779			
GO_REGULATION_OF_GONADOTROPIN_SECRETION	0.1731621644841949			
MIR1238_5P_MIR4758_5P	0.17315273835299333			
GO_STRIATED_MUSCLE_CELL_PROLIFERATION	0.17314782524530517			
KUWANO_RNA_STABILIZED_BY_NO	0.17312754647625775			
REACTOME_METABOLISM_OF_INGESTED_SEMET_SEC_MESEC_INTO_H2SE	0.17309769860073923			
GO_HSP90_PROTEIN_BINDING	0.17309571972729168			
GO_MESENCHYME_MORPHOGENESIS	0.17309440681365343			
GO_SPHINGOSINE_1_PHOSPHATE_RECEPTOR_ACTIVITY	0.17308326815935768			
GO_BONE_MINERALIZATION_INVOLVED_IN_BONE_MATURATION	0.17306548905174238			
GSE32901_TH17_EMRICHED_VS_TH17_NEG_CD4_TCELL_UP	0.1730594683825071			
GO_CHONDROCYTE_PROLIFERATION	0.17304085975970507			
REACTOME_MEIOTIC_SYNAPSIS	0.1730098401081221			
MILICIC_FAMILIAL_ADENOMATOUS_POLYPOSIS_DN	0.17296434314887008			
REACTOME_INOSITOL_PHOSPHATE_METABOLISM	0.17296293120518258			
BLALOCK_ALZHEIMERS_DISEASE_DN	0.17296250999323107			
GO_NUCLEOSIDE_TRIPHOSPHATE_DIPHOSPHATASE_ACTIVITY	0.17295988539621485			
GO_GTP_BIOSYNTHETIC_PROCESS	0.17295918347333386			
AGARWAL_AKT_PATHWAY_TARGETS	0.17295285348343964			
FERRARI_RESPONSE_TO_FENRETINIDE_UP	0.17294768181308942			
GO_REGULATION_OF_ALDOSTERONE_METABOLIC_PROCESS	0.17291992461907765			
GO_RESPONSE_TO_TOXIC_SUBSTANCE	0.1729009279567848			
MIR6761_5P	0.1728550211093122			
GO_RETINOL_METABOLIC_PROCESS	0.17284560544141686			
GO_NEGATIVE_REGULATION_OF_CAMP_DEPENDENT_PROTEIN_KINASE_ACTIVITY	0.17277619639874964			
MIR1269A_MIR1269B	0.17277510887907865			
GO_VESICLE_COAT	0.1727738924063695			
GO_NATURAL_KILLER_CELL_CYTOKINE_PRODUCTION	0.17277238054713046			
REACTOME_CLEC7A_INFLAMMASOME_PATHWAY	0.17276145353568564			
GSE17721_LPS_VS_GARDIQUIMOD_4H_BMDC_DN	0.1727550103620613			
MIR6855_5P	0.17274142438899628			
RAMPON_ENRICHED_LEARNING_ENVIRONMENT_EARLY_UP	0.17272801507768018			
GO_NEGATIVE_REGULATION_OF_ANTIGEN_PROCESSING_AND_PRESENTATION	0.17271271080498266			
GENTILE_UV_RESPONSE_CLUSTER_D5	0.17270759002122413			
GO_MRNA_METHYLTRANSFERASE_ACTIVITY	0.17270531707146247			
KEGG_GLYCEROLIPID_METABOLISM	0.17267660737894067			
GO_MESENCHYMAL_EPITHELIAL_CELL_SIGNALING	0.17267424281257238			
TTANWNANTGGM_UNKNOWN	0.17267408636641177			
GO_MALE_GERM_CELL_NUCLEUS	0.17266685284170386			
chr15q21	0.17262579901306294			
ZHENG_IL22_SIGNALING_UP	0.17262008173575252			
MIR9902	0.1725993975493344			
GO_REGULATION_OF_NK_T_CELL_PROLIFERATION	0.17259782877636182			
GSE22432_PDC_VS_TGFB1_TREATEDCOMMON_DC_PROGENITOR_UP	0.17259016862208515			
MIR4796_5P	0.1725551266875694			
GO_NEGATIVE_REGULATION_OF_COLD_INDUCED_THERMOGENESIS	0.17255339638197834			
GO_HOST_CELL_CYTOPLASM	0.17254287848871486			
MIR6732_5P	0.17254270234627583			
MIR1226_3P	0.17251218718386724			
REACTOME_BILE_ACID_AND_BILE_SALT_METABOLISM	0.17251084091087338			
LIANG_SILENCED_BY_METHYLATION_UP	0.17250715053046933			
GO_POSTSYNAPTIC_MEMBRANE_ASSEMBLY	0.17248526431402234			
GO_GTP_METABOLIC_PROCESS	0.17244840035180678			
MIR7705	0.17244450381806284			
GSE40443_INDUCED_VS_TOTAL_TREG_UP	0.17244151005476338			
GO_GLYCOSYLPHOSPHATIDYLINOSITOL_N_ACETYLGLUCOSAMINYLTRANSFERASE_GPI_GNT_COMPLEX	0.17243546890084135			
IPA_HOXA10_UP	0.17242972717804364			
GO_TRANSCRIPTION_BY_RNA_POLYMERASE_I	0.17241796366428389			
GO_1_PHOSPHATIDYLINOSITOL_4_PHOSPHATE_3_KINASE_ACTIVITY	0.17240954191286406			
GO_RESPIRATORY_SYSTEM_PROCESS	0.17240494149869479			
GSE39152_CD103_NEG_VS_POS_MEMORY_CD8_TCELL_DN	0.17238395256904698			
COATES_MACROPHAGE_M1_VS_M2_DN	0.17236980738483074			
GO_UBIQUITIN_DEPENDENT_ERAD_PATHWAY	0.17236398981524753			
ZHAN_MULTIPLE_MYELOMA_CD1_DN	0.17235321482196048			
GO_OXIDOREDUCTASE_ACTIVITY_ACTING_ON_A_SULFUR_GROUP_OF_DONORS	0.17232699171981328			
GSE2770_UNTREATED_VS_IL4_TREATED_ACT_CD4_TCELL_2H_UP	0.17232501744937784			
GO_G_PROTEIN_COUPLED_RECEPTOR_SIGNALING_PATHWAY	0.17232390592627322			
GO_TORC1_SIGNALING	0.1723213079422105			
REACTOME_INTERACTIONS_OF_VPR_WITH_HOST_CELLULAR_PROTEINS	0.17231853341648032			
chr1q25	0.1723009191906683			
IWANAGA_CARCINOGENESIS_BY_KRAS_DN	0.1722841728739031			
GO_SKELETAL_MUSCLE_ACETYLCHOLINE_GATED_CHANNEL_CLUSTERING	0.1722691332347736			
APPEL_IMATINIB_RESPONSE	0.17225673948821893			
GO_CCR6_CHEMOKINE_RECEPTOR_BINDING	0.1722551970896705			
GO_INTRINSIC_COMPONENT_OF_PRESYNAPTIC_ACTIVE_ZONE_MEMBRANE	0.17225259888892624			
GO_GLUCOSAMINE_CONTAINING_COMPOUND_METABOLIC_PROCESS	0.17223823082902395			
REACTOME_LINOLEIC_ACID_LA_METABOLISM	0.17223558678663803			
ACTGAAA_MIR30A3P_MIR30E3P	0.17223148754782763			
GO_PROTEIN_K27_LINKED_UBIQUITINATION	0.17218559539780004			
IPA_HMGB1_UP	0.17216574625155398			
GO_EPITHELIAL_CELL_APOPTOTIC_PROCESS	0.17205214014361528			
GO_UBIQUITIN_PROTEIN_TRANSFERASE_INHIBITOR_ACTIVITY	0.172028674781597			
MIR4696	0.17201307238103228			
GSE46606_IRF4HIGH_VS_WT_CD40L_IL2_IL5_DAY3_STIMULATED_BCELL_UP	0.17200227670519444			
REACTOME_PD_1_SIGNALING	0.1719847888735516			
ZBTB49_TARGET_GENES	0.17190736622126537			
MIR22_5P	0.17189994217375504			
IPA_SOX9_DN	0.17187052333011998			
MIR892C_3P	0.17184771960214146			
IPA_FOXO1_DN	0.17182080703566274			
GO_PHAGOLYSOSOME	0.1718033550934481			
GO_PEPTIDE_ANTIGEN_ASSEMBLY_WITH_MHC_PROTEIN_COMPLEX	0.1717903907228189			
IPA_NR1H3_DN	0.17178178879763814			
GO_ENONE_REDUCTASE_ACTIVITY	0.17178064185534986			
DAVICIONI_RHABDOMYOSARCOMA_PAX_FOXO1_FUSION_DN	0.17177281023561475			
GO_RESPONSE_TO_LEUKEMIA_INHIBITORY_FACTOR	0.17175969112128317			
GSE22601_IMMATURE_CD4_SINGLE_POSITIVE_VS_DOUBLE_POSITIVE_THYMOCYTE_UP	0.171755180622477			
GSE2770_IL12_ACT_VS_ACT_CD4_TCELL_2H_UP	0.17168355298730348			
GO_NEGATIVE_REGULATION_OF_CYTOPLASMIC_TRANSLATION	0.17168107473662744			
GO_AUTOPHAGOSOME	0.17165744344559086			
GO_CATALYTIC_ACTIVITY_ACTING_ON_A_RRNA	0.17163856485044082			
GO_NEGATIVE_REGULATION_OF_INTERLEUKIN_4_PRODUCTION	0.1716357611039707			
REACTOME_SUMO_IS_PROTEOLYTICALLY_PROCESSED	0.17163482827577725			
IPA_NOV_UP	0.17158324482335524			
GSE20366_EX_VIVO_VS_HOMEOSTATIC_CONVERSION_TREG_UP	0.17157425730559592			
GO_PROTEIN_FOLDING	0.17156582148354785			
MIZUKAMI_HYPOXIA_DN	0.17156491578728927			
GO_POSITIVE_REGULATION_OF_MICROGLIAL_CELL_ACTIVATION	0.17154852792272907			
GO_GALACTOSE_CATABOLIC_PROCESS_VIA_UDP_GALACTOSE	0.17154366775532248			
GSE9946_LISTERIA_INF_MATURE_VS_PROSTAGLANDINE2_TREATED_MATURE_DC_UP	0.1715072933890772			
REACTOME_BETA_DEFENSINS	0.17149997365524985			
GO_H4_HISTONE_ACETYLTRANSFERASE_COMPLEX	0.17149011039381074			
GO_REGULATION_OF_CELL_CYCLE_G1_S_PHASE_TRANSITION	0.1714850671144429			
PID_CDC42_REG_PATHWAY	0.17146435835582613			
BERENJENO_ROCK_SIGNALING_NOT_VIA_RHOA_UP	0.1714503906779722			
REACTOME_ALPHA_LINOLENIC_OMEGA3_AND_LINOLEIC_OMEGA6_ACID_METABOLISM	0.17142036048255466			
GO_CELL_ADHESION_INVOLVED_IN_HEART_MORPHOGENESIS	0.1713900870030874			
MIKKELSEN_MCV6_ICP_WITH_H3K4ME3_AND_H3K27ME3	0.17138994096346677			
MIR1973	0.17138480847755597			
CHOI_ATL_ACUTE_STAGE	0.1713640684765281			
GO_TRANSLATION_FACTOR_ACTIVITY_RNA_BINDING	0.1713539455636573			
TAKAO_RESPONSE_TO_UVB_RADIATION_UP	0.17135323238639638			
GO_RHODOPSIN_MEDIATED_SIGNALING_PATHWAY	0.17132610990824942			
IPA_HNRNPK_UP	0.17132219527736012			
GO_ARYL_SULFOTRANSFERASE_ACTIVITY	0.17130174416570418			
GSE360_DC_VS_MAC_T_GONDII_DN	0.17128842617496487			
GSE21927_BALBC_VS_C57BL6_MONOCYTE_TUMOR_UP	0.17127838186322206			
MIR6771_3P	0.17126084534065422			
GO_CARBON_SULFUR_LYASE_ACTIVITY	0.1712117325319908			
GO_POSITIVE_REGULATION_OF_LONG_TERM_SYNAPTIC_DEPRESSION	0.17119835932831223			
GSE3039_NKT_CELL_VS_ALPHABETA_CD8_TCELL_DN	0.17118785354365876			
GO_RAC_PROTEIN_SIGNAL_TRANSDUCTION	0.17118046421806107			
GO_PROTEIN_LOCALIZATION_TO_MITOCHONDRION	0.1711791220131263			
GO_NEGATIVE_REGULATION_OF_LYASE_ACTIVITY	0.1711185717079159			
GSE23321_CENTRAL_MEMORY_VS_NAIVE_CD8_TCELL_DN	0.1710984827589345			
GO_POSITIVE_REGULATION_OF_ESTABLISHMENT_OF_PROTEIN_LOCALIZATION_TO_MITOCHONDRION	0.17107837608197113			
GO_ANDROGEN_CATABOLIC_PROCESS	0.1710682581016784			
MIR2115_3P	0.17106091321615993			
HERNANDEZ_ABERRANT_MITOSIS_BY_DOCETACEL_4NM_DN	0.17105538439896034			
LFA1_Q6	0.1710501482848864			
GO_NEGATIVE_REGULATION_OF_RESPONSE_TO_INTERFERON_GAMMA	0.17103956235819093			
GO_RELAXATION_OF_MUSCLE	0.17098997627395768			
GO_MITOTIC_NUCLEAR_ENVELOPE_REASSEMBLY	0.17095226245419312			
GO_POSITIVE_REGULATION_OF_CARDIAC_MUSCLE_CELL_DIFFERENTIATION	0.1709457573298612			
GO_REGULATION_OF_CARDIAC_MUSCLE_CONTRACTION_BY_CALCIUM_ION_SIGNALING	0.1709258354382956			
PPARA_TARGET_GENES	0.17091731678338937			
GO_VESTIBULOCOCHLEAR_NERVE_DEVELOPMENT	0.17088835737851302			
MIR7702	0.17088370909638423			
GO_CYTOPLASMIC_PATTERN_RECOGNITION_RECEPTOR_SIGNALING_PATHWAY	0.17088335613397904			
GO_AMPA_GLUTAMATE_RECEPTOR_CLUSTERING	0.17087559636573368			
GO_RIBONUCLEASE_P_ACTIVITY	0.1708664066424341			
GSE3337_CTRL_VS_16H_IFNG_IN_CD8POS_DC_UP	0.17082062953917954			
OHASHI_AURKA_TARGETS	0.17081233485558536			
MIR208A_5P	0.1708036022061366			
GSE17721_CTRL_VS_LPS_4H_BMDC_DN	0.17079974948238477			
GO_RESPONSE_TO_WATER	0.17079932637173276			
GSE3982_MAC_VS_TH1_UP	0.17077452562941564			
GSE12366_GC_BCELL_VS_PLASMA_CELL_DN	0.17065614607572774			
MIR4729	0.17063189485204264			
REACTOME_REELIN_SIGNALLING_PATHWAY	0.17061344777887155			
GO_NUCLEAR_PORE_ORGANIZATION	0.17058283699171145			
CONCANNON_APOPTOSIS_BY_EPOXOMICIN_UP	0.17057623831217045			
GO_CAMP_DEPENDENT_PROTEIN_KINASE_INHIBITOR_ACTIVITY	0.17057350437102575			
GO_HISTONE_METHYLTRANSFERASE_COMPLEX	0.17056838410081016			
MIR501_5P	0.1705593311861772			
GSE24210_IL35_TREATED_VS_UNTREATED_TCONV_CD4_TCELL_UP	0.17055883026307925			
REACTOME_AFLATOXIN_ACTIVATION_AND_DETOXIFICATION	0.17055138524357796			
GO_PROTEIN_TARGETING_TO_LYSOSOME	0.1705489413206022			
GO_SPANNING_COMPONENT_OF_MEMBRANE	0.1705039266884279			
GO_BLOOD_VESSEL_ENDOTHELIAL_CELL_DIFFERENTIATION	0.17046761701766142			
MIR6806_3P	0.17044745922293975			
GO_REGULATION_OF_NODAL_SIGNALING_PATHWAY	0.1704075057806747			
GSE27786_BCELL_VS_NEUTROPHIL_UP	0.17039422330509826			
GO_CALCINEURIN_COMPLEX	0.17038241120539344			
GO_REGULATION_OF_CHAPERONE_MEDIATED_PROTEIN_FOLDING	0.17029075436239388			
GO_HETEROCHROMATIN_ASSEMBLY	0.1702646759238303			
GO_MYOSIN_II_COMPLEX	0.17025597806264486			
IPA_PRDM5_UP	0.17024777563809118			
GO_PYRIDINE_NUCLEOTIDE_METABOLIC_PROCESS	0.17022945580533833			
MIR376A_5P	0.17021961924996531			
REACTOME_INTERCONVERSION_OF_NUCLEOTIDE_DI_AND_TRIPHOSPHATES	0.1702017035363551			
GO_ALCOHOL_CATABOLIC_PROCESS	0.17018443297097258			
GO_DNA_PROTECTION	0.17018253837151837			
GTF3A_TARGET_GENES	0.17018224915695898			
GO_INTRINSIC_COMPONENT_OF_EXTERNAL_SIDE_OF_PLASMA_MEMBRANE	0.170135952985175			
GO_CILIARY_NEUROTROPHIC_FACTOR_RECEPTOR_BINDING	0.1701347081919654			
KEGG_ABC_TRANSPORTERS	0.17012913992529907			
IPA_HR_DN	0.17008447293152465			
LIU_CMYB_TARGETS_DN	0.17007234761351037			
GO_SH2_DOMAIN_BINDING	0.1700452597176236			
GO_RAGULATOR_COMPLEX	0.17004156062973694			
KINNEY_DNMT1_METHYLATION_TARGETS	0.17003835685434793			
GSE21670_STAT3_KO_VS_WT_CD4_TCELL_TGFB_TREATED_DN	0.1700155750421555			
GO_LEWY_BODY	0.16993274987425452			
FUJII_YBX1_TARGETS_UP	0.1699158310409677			
BIOCARTA_ERK5_PATHWAY	0.169900756837541			
REACTOME_TRAF6_MEDIATED_INDUCTION_OF_TAK1_COMPLEX_WITHIN_TLR4_COMPLEX	0.16987940428664586			
PID_HDAC_CLASSI_PATHWAY	0.16987597841093807			
MIR5705	0.16983354924973773			
MIR5189_3P	0.16982606945967246			
GO_NEGATIVE_REGULATION_OF_RECEPTOR_BIOSYNTHETIC_PROCESS	0.1697817835142058			
GO_NEGATIVE_REGULATION_OF_GONADOTROPIN_SECRETION	0.1697777375378826			
IPA_SMARCC1_DN	0.1697386084016419			
GO_G_RICH_STRAND_TELOMERIC_DNA_BINDING	0.16973780076835523			
IPA_ETV6_DN	0.16972695140035582			
IPA_DNMT1_UP	0.16966493518279668			
NGUYEN_NOTCH1_TARGETS_DN	0.16966087464682894			
GSE2770_IL12_AND_TGFB_VS_IL4_TREATED_ACT_CD4_TCELL_6H_DN	0.169646930004239			
REACTOME_SIGNALING_BY_GPCR	0.16961784603454727			
MIR3928_5P	0.16958647781693825			
GO_REGULATION_OF_PEPTIDYL_TYROSINE_AUTOPHOSPHORYLATION	0.16951871436546403			
ABBUD_LIF_SIGNALING_2_DN	0.16951752020402103			
GO_POSITIVE_REGULATION_OF_MYOBLAST_PROLIFERATION	0.1695057168642581			
BIOCARTA_HDAC_PATHWAY	0.16949869479248936			
GO_TRNA_PROCESSING	0.16949588669579385			
GSE22935_24H_VS_48H_MBOVIS_BCG_STIM_MACROPHAGE_DN	0.16946858043806706			
GO_POSITIVE_REGULATION_OF_PROTEIN_LOCALIZATION_TO_CENTROSOME	0.1694606977701596			
GO_NEGATIVE_REGULATION_OF_VASCULAR_ENDOTHELIAL_CELL_PROLIFERATION	0.169460225449844			
BIOCARTA_CALCINEURIN_PATHWAY	0.16945270731507883			
IPA_KLF6_UP	0.169395218224673			
GO_RNA_POLYMERASE_III_PREINITIATION_COMPLEX_ASSEMBLY	0.16927410903056342			
GSE2770_IL12_VS_IL4_TREATED_ACT_CD4_TCELL_2H_DN	0.16924496394371938			
RIZ_ERYTHROID_DIFFERENTIATION	0.16924378864230627			
GO_FEVER_GENERATION	0.1691888368499793			
GO_REGULATION_OF_GUANYL_NUCLEOTIDE_EXCHANGE_FACTOR_ACTIVITY	0.1691791264745694			
chr7p22	0.1691716011458821			
GO_REGULATION_OF_PROTEIN_ADP_RIBOSYLATION	0.16916439874036268			
CHENG_RESPONSE_TO_NICKEL_ACETATE	0.16914177677271447			
GSE41867_NAIVE_VS_DAY30_LCMV_ARMSTRONG_MEMORY_CD8_TCELL_DN	0.1691387090276332			
CCATCCA_MIR432	0.16912451626089117			
GO_INORGANIC_ANION_TRANSPORT	0.16912227055724557			
GSE17974_IL4_AND_ANTI_IL12_VS_UNTREATED_6H_ACT_CD4_TCELL_UP	0.16911220610294048			
PRC2_EED_UP.V1_UP	0.16908885967299175			
AP3_Q6	0.16905771816648274			
MIR604	0.1690520119167569			
GO_L_GLUTAMATE_TRANSMEMBRANE_TRANSPORTER_ACTIVITY	0.1690459308884283			
GO_NEGATIVE_REGULATION_OF_CD8_POSITIVE_ALPHA_BETA_T_CELL_ACTIVATION	0.1690041819829676			
GO_PLASMA_MEMBRANE_ORGANIZATION	0.16899076962858386			
MIR4676_3P	0.16891314364105608			
GO_REGULATION_OF_NUCLEOBASE_CONTAINING_COMPOUND_TRANSPORT	0.16887105051551282			
GO_REGULATION_OF_CHEMOKINE_MEDIATED_SIGNALING_PATHWAY	0.16886879422215811			
GSE17301_CTRL_VS_48H_ACD3_ACD28_IFNA5_STIM_CD8_TCELL_UP	0.16884764969395324			
BIOCARTA_ACETAMINOPHEN_PATHWAY	0.168846123064987			
REACTOME_CARGO_RECOGNITION_FOR_CLATHRIN_MEDIATED_ENDOCYTOSIS	0.1688455957728249			
GO_TPR_DOMAIN_BINDING	0.16881346159628444			
GO_RIBONUCLEOPROTEIN_COMPLEX_BINDING	0.16880788330427662			
GO_PROTEIN_TAG	0.16879160286025488			
GO_REGULATION_OF_MACROAUTOPHAGY	0.16877797064482009			
GO_AXONOGENESIS_INVOLVED_IN_INNERVATION	0.16876363845415163			
GO_REGULATION_OF_SYNAPTIC_VESICLE_ENDOCYTOSIS	0.16874495185344252			
GO_POSITIVE_REGULATION_OF_PROTEIN_AUTOPHOSPHORYLATION	0.1687278636905137			
GO_GLUTAMINE_METABOLIC_PROCESS	0.1687254439916535			
GO_N_ACYLTRANSFERASE_ACTIVITY	0.16870898717129684			
IPA_GATA4_UP	0.16869845802345354			
GO_VASCULAR_ENDOTHELIAL_GROWTH_FACTOR_RECEPTOR_2_BINDING	0.16868518264160748			
MIR7849_3P	0.1686841474005699			
SCHLINGEMANN_SKIN_CARCINOGENESIS_TPA_DN	0.16867081541787893			
VANHARANTA_UTERINE_FIBROID_DN	0.16865690773483608			
KORKOLA_EMBRYONIC_CARCINOMA_VS_SEMINOMA_DN	0.16862026217539386			
SALL4_TARGET_GENES	0.16860423209738704			
GO_NEGATIVE_REGULATION_OF_POSTTRANSCRIPTIONAL_GENE_SILENCING	0.16859124355790173			
GO_PROTEOGLYCAN_BINDING	0.1685619326035177			
GSE21927_HEALTHY_VS_TUMOROUS_BALBC_MOUSE_MONOCYTE_UP	0.16847288641229752			
GO_PROTEIN_DEPHOSPHORYLATION	0.16844518974912592			
HOXA1_TARGET_GENES	0.1684268411856308			
GO_GLYCEROL_TRANSMEMBRANE_TRANSPORTER_ACTIVITY	0.16841876612362286			
GO_GLYCEROL_TRANSPORT	0.16841876612362286			
GO_EXTRACELLULAR_MATRIX_CONSTITUENT_CONFERRING_ELASTICITY	0.16838414905924096			
GSE43956_WT_VS_SGK1_KO_TH17_DIFFERENTIATED_CD4_TCELL_UP	0.16838206837891728			
LUI_THYROID_CANCER_CLUSTER_4	0.1683759141533326			
GO_REPLICATION_BORN_DOUBLE_STRAND_BREAK_REPAIR_VIA_SISTER_CHROMATID_EXCHANGE	0.16837479188282412			
CORRE_MULTIPLE_MYELOMA_UP	0.16835849648233148			
LEI_HOXC8_TARGETS_DN	0.16830147494633974			
GO_EXTRINSIC_COMPONENT_OF_EXTERNAL_SIDE_OF_PLASMA_MEMBRANE	0.16829903516685185			
GSE7460_TREG_VS_TCONV_ACT_UP	0.16829111294943958			
GO_SNRNA_TRANSCRIPTION	0.16828312860487082			
GSE22432_MULTIPOTENT_VS_COMMON_DC_PROGENITOR_UP	0.16827662007313948			
STARK_PREFRONTAL_CORTEX_22Q11_DELETION_DN	0.16827346026807907			
GO_NAADP_SENSITIVE_CALCIUM_RELEASE_CHANNEL_ACTIVITY	0.1682658415037547			
GO_NEGATIVE_REGULATION_OF_AUTOPHAGY	0.1682180908630454			
IPA_NR6A1_DN	0.16818345990062233			
GO_RESPONSE_TO_NITROSATIVE_STRESS	0.1681477693339105			
SCHMIDT_POR_TARGETS_IN_LIMB_BUD_DN	0.1681443335805687			
MARSHALL_VIRAL_INFECTION_RESPONSE_UP	0.16813788348530812			
GO_SPERM_PRINCIPAL_PIECE	0.1681346995485924			
IPA_MYOCD_DN	0.16812042573017252			
GO_RNA_HELICASE_ACTIVITY	0.16811134672439756			
GO_PHOSPHATIDYLINOSITOL_N_ACETYLGLUCOSAMINYLTRANSFERASE_ACTIVITY	0.16805416757791491			
GO_CELLULAR_MODIFIED_AMINO_ACID_BIOSYNTHETIC_PROCESS	0.16802247237547524			
MIR4489	0.1680091290622169			
GO_POSITIVE_REGULATION_OF_GASTRULATION	0.16799105097368702			
GO_NEGATIVE_REGULATION_OF_DNA_BIOSYNTHETIC_PROCESS	0.16793626255230706			
GO_PHOSPHATIDYLINOSITOL_BIOSYNTHETIC_PROCESS	0.16791354719836954			
IPA_SMAD1_DN	0.1679015914129234			
GSE17974_IL4_AND_ANTI_IL12_VS_UNTREATED_12H_ACT_CD4_TCELL_UP	0.16790006980876604			
GATTGGY_NFY_Q6_01	0.16788018085245449			
GO_RNA_POLYMERASE_III_COMPLEX	0.16780973226849968			
GSE20366_CD103_POS_VS_CD103_KLRG1_DP_TREG_DN	0.1677923167664211			
GO_CRANIAL_NERVE_STRUCTURAL_ORGANIZATION	0.16775961568565315			
LINDGREN_BLADDER_CANCER_CLUSTER_1_UP	0.16774624511085154			
MIR511_5P	0.1676963762764186			
MIR548AO_3P	0.16765954966490834			
GO_LUTEINIZING_HORMONE_SECRETION	0.16765059136380592			
GO_NEGATIVE_REGULATION_OF_AMYLOID_FIBRIL_FORMATION	0.16764984856087847			
REACTOME_GENE_SILENCING_BY_RNA	0.16761313215610651			
IPA_RFX5_DN	0.16760480621593538			
KEGG_CALCIUM_SIGNALING_PATHWAY	0.16757544909810557			
GO_ANGIOTENSIN_ACTIVATED_SIGNALING_PATHWAY	0.16754984866935888			
GSE17721_PAM3CSK4_VS_CPG_6H_BMDC_UP	0.16753347708287897			
GSE43955_TH0_VS_TGFB_IL6_TH17_ACT_CD4_TCELL_10H_DN	0.1675281192099767			
GO_NEGATIVE_REGULATION_OF_CIRCADIAN_SLEEP_WAKE_CYCLE_SLEEP	0.1675082513934201			
REACTOME_RNA_POLYMERASE_II_TRANSCRIBES_SNRNA_GENES	0.16750224981754502			
GO_11_CIS_RETINAL_BINDING	0.16747187955111822			
SIMBULAN_UV_RESPONSE_NORMAL_UP	0.16747038854545998			
GSE5589_IL6_KO_VS_IL10_KO_LPS_STIM_MACROPHAGE_180MIN_UP	0.16746966599440924			
SPIELMAN_LYMPHOBLAST_EUROPEAN_VS_ASIAN_2FC_UP	0.16739169196292478			
GO_ACTIVE_ION_TRANSMEMBRANE_TRANSPORTER_ACTIVITY	0.16734226266620159			
GSE6259_BCELL_VS_CD8_TCELL_UP	0.1673162697689635			
REACTOME_RRNA_MODIFICATION_IN_THE_NUCLEUS_AND_CYTOSOL	0.1673146043269766			
IPA_CTCF_UP	0.16730466491313967			
GO_RECEPTOR_MEDIATED_ENDOCYTOSIS	0.167270940170575			
GSE41978_ID2_KO_VS_ID2_KO_AND_BIM_KO_KLRG1_LOW_EFFECTOR_CD8_TCELL_UP	0.1672452610843636			
GO_REGULATION_OF_SMOOTH_MUSCLE_CONTRACTION	0.16720817100410032			
GO_REGULATION_OF_CATABOLIC_PROCESS	0.16719393090168724			
GSE46606_UNSTIM_VS_CD40L_IL2_IL5_DAY1_STIMULATED_BCELL_UP	0.16718147561533844			
MIR4487	0.1671517720718149			
GO_POST_EMBRYONIC_CAMERA_TYPE_EYE_DEVELOPMENT	0.16714254781853422			
SU_KIDNEY	0.16707480795344518			
GSE17974_CTRL_VS_ACT_IL4_AND_ANTI_IL12_1H_CD4_TCELL_UP	0.16706158371313115			
ZHANG_ANTIVIRAL_RESPONSE_TO_RIBAVIRIN_UP	0.16692780740675192			
MIR4290	0.1668935799040402			
GO_ATP_GATED_ION_CHANNEL_ACTIVITY	0.16686813090255048			
GO_MOTOR_LEARNING	0.1668566434964574			
IPA_CHD7_UP	0.16682747519883948			
GO_AUTOLYSOSOME	0.1668249279584928			
MIR6513_3P	0.16682484230261851			
IPA_TCF7_DN	0.1668227269165996			
IPA_MYCN_UP	0.16678919502917972			
IPA_HIST1H4D_DN	0.16678165971643802			
IPA_HIST1H4F_DN	0.16678165971643802			
IPA_HIST1H4I_DN	0.16678165971643802			
IPA_HIST2H4A_DN	0.16678165971643802			
IPA_HIST1H4H_DN	0.16678165971643802			
IPA_HIST4H4_DN	0.16678165971643802			
IPA_HIST1H4E_DN	0.16678165971643802			
IPA_HIST1H4C_DN	0.16678165971643802			
IPA_HIST1H4A_DN	0.16678165971643802			
IPA_HIST1H4J_DN	0.16678165971643802			
IPA_HIST1H4L_DN	0.16678165971643802			
IPA_HIST2H4B_DN	0.16678165971643802			
MIR1537_5P	0.16673818018625894			
GO_SMALL_SUBUNIT_PROCESSOME	0.1667238988625114			
IPA_ZNF148_UP	0.1666987491890237			
MIR4272	0.16668443351599013			
IPA_GSC_UP	0.16667079738257531			
REACTOME_FOXO_MEDIATED_TRANSCRIPTION_OF_CELL_CYCLE_GENES	0.16666799711836897			
GO_OXIDOREDUCTASE_ACTIVITY_ACTING_ON_CH_OH_GROUP_OF_DONORS	0.1666358724603877			
MIR5579_5P	0.1666268971044729			
GO_LYSOPHOSPHATIDIC_ACID_BINDING	0.16662510443089099			
YAO_TEMPORAL_RESPONSE_TO_PROGESTERONE_CLUSTER_0	0.16662501090456408			
GO_HORMONE_MEDIATED_APOPTOTIC_SIGNALING_PATHWAY	0.16651437858190055			
REACTOME_DNA_DOUBLE_STRAND_BREAK_RESPONSE	0.16647938845774657			
GO_REGULATION_OF_NITRIC_OXIDE_MEDIATED_SIGNAL_TRANSDUCTION	0.16645436820577156			
GO_ION_TRANSMEMBRANE_TRANSPORT	0.16645245509785023			
GO_REGULATION_OF_DENDRITIC_SPINE_MAINTENANCE	0.1663821300365161			
MIR4423_3P	0.16637032878177058			
KEGG_AMYOTROPHIC_LATERAL_SCLEROSIS_ALS	0.1663613315354568			
GO_POSITIVE_REGULATION_OF_MESODERM_DEVELOPMENT	0.166343775827763			
GO_INNER_CELL_MASS_CELL_DIFFERENTIATION	0.16633846298712052			
ALX4_TARGET_GENES	0.16633640589581655			
GO_PROTEIN_LOCALIZATION_TO_CELL_SURFACE	0.16630541855865472			
ZWANG_EGF_PERSISTENTLY_DN	0.16630361085093343			
GO_GLYCOLIPID_BINDING	0.16625019024794782			
GSE25087_FETAL_VS_ADULT_TCONV_DN	0.1662338029716342			
GO_PHOTORECEPTOR_INNER_SEGMENT	0.16623170704921136			
GO_REGULATION_OF_GENE_SILENCING	0.16622554794486205			
PID_ER_NONGENOMIC_PATHWAY	0.16619440828230722			
GO_NADPH_BINDING	0.16615507679529695			
CUI_TCF21_TARGETS_UP	0.16605633253733917			
GSE17721_CTRL_VS_GARDIQUIMOD_1H_BMDC_DN	0.16600878376741812			
GO_ATPASE_REGULATOR_ACTIVITY	0.16598865566553267			
GO_ARRESTIN_FAMILY_PROTEIN_BINDING	0.16597548398519388			
GSE7831_UNSTIM_VS_CPG_STIM_PDC_4H_DN	0.16594084777791152			
PARK_OSTEOBLAST_DIFFERENTIATION_BY_PHENYLAMIL_UP	0.16590221243070452			
MIR767_3P	0.16589610909571342			
CTCTAGA_MIR526C_MIR518F_MIR526A	0.16582191181163763			
GO_LEUKOTRIENE_METABOLIC_PROCESS	0.16580020073890475			
GO_INTESTINAL_HEXOSE_ABSORPTION	0.16577770852683676			
IPA_YWHAE_UP	0.1657401422310373			
GO_ANTIGEN_PROCESSING_AND_PRESENTATION_OF_PEPTIDE_OR_POLYSACCHARIDE_ANTIGEN_VIA_MHC_CLASS_II	0.16573507357136755			
GO_RESPONSE_TO_GRANULOCYTE_MACROPHAGE_COLONY_STIMULATING_FACTOR	0.16573470078471514			
GO_PICLN_SM_PROTEIN_COMPLEX	0.16570844285685882			
GO_REGULATION_OF_HISTONE_DEACETYLASE_ACTIVITY	0.16570440983401769			
chr9q22	0.1656747765786585			
GO_DNA_BINDING_BENDING	0.1656710723829018			
GO_RIBONUCLEOSIDE_TRIPHOSPHATE_BIOSYNTHETIC_PROCESS	0.16566073883535637			
GSE3982_DC_VS_TH1_UP	0.16564343614569557			
chr2p13	0.1656022171115264			
REACTOME_POSTMITOTIC_NUCLEAR_PORE_COMPLEX_NPC_REFORMATION	0.16556339246581345			
GO_MITOCHONDRIAL_DEPOLARIZATION	0.16554328754876085			
GSE40666_STAT1_KO_VS_STAT4_KO_CD8_TCELL_WITH_IFNA_STIM_90MIN_UP	0.1655035568737909			
GO_TONIC_SMOOTH_MUSCLE_CONTRACTION	0.1654713276506648			
BIOCARTA_INSULIN_PATHWAY	0.16534009438307878			
MCMURRAY_TP53_HRAS_COOPERATION_RESPONSE_UP	0.16530568304818422			
GSE7460_FOXP3_MUT_VS_HET_ACT_TCONV_DN	0.16529631880116114			
GO_CD4_RECEPTOR_BINDING	0.165278563824145			
GSE15330_WT_VS_IKAROS_KO_MEGAKARYOCYTE_ERYTHROID_PROGENITOR_UP	0.1652756415241424			
IPA_CTBP1_UP	0.16524137766060318			
KYNG_RESPONSE_TO_H2O2_VIA_ERCC6_UP	0.1652215802331649			
GO_APOPTOTIC_MITOCHONDRIAL_CHANGES	0.16521456104646506			
BIOCARTA_CDC42RAC_PATHWAY	0.1652066423628297			
GO_REGULATION_OF_POSTTRANSCRIPTIONAL_GENE_SILENCING	0.16518505963822092			
GO_PRE_MRNA_INTRONIC_BINDING	0.16515360800827145			
GO_REGULATION_OF_MOTOR_NEURON_APOPTOTIC_PROCESS	0.16504890380718315			
GO_PRERIBOSOME	0.16497954311288868			
GO_3_5_CYCLIC_AMP_PHOSPHODIESTERASE_ACTIVITY	0.1648934908685138			
ZNF582_TARGET_GENES	0.16481709338981307			
GO_PHOTORECEPTOR_CONNECTING_CILIUM	0.16470296079480204			
GO_MITOCHONDRION_ORGANIZATION	0.16470069720533084			
GSE20500_RETINOIC_ACID_VS_RARA_ANTAGONIST_TREATED_CD4_TCELL_UP	0.1646963805253708			
PID_RETINOIC_ACID_PATHWAY	0.1646895190450552			
PID_THROMBIN_PAR1_PATHWAY	0.1646350925617223			
GO_TRNA_5_LEADER_REMOVAL	0.16463096501310268			
MIR6511B_5P	0.1646036193900966			
REACTOME_RNA_POLYMERASE_III_CHAIN_ELONGATION	0.1645131070025045			
GO_MEMBRANE_DEPOLARIZATION	0.16450779391588707			
GO_MODIFIED_AMINO_ACID_TRANSPORT	0.16450024984820352			
GO_POSITIVE_REGULATION_OF_HETEROTYPIC_CELL_CELL_ADHESION	0.1644833973350558			
CCGNMNNTNACG_UNKNOWN	0.16445418709614268			
IPA_ELF1_UP	0.16435353979824413			
KEGG_ARACHIDONIC_ACID_METABOLISM	0.16421901227259778			
GO_C_TERMINAL_PROTEIN_AMINO_ACID_MODIFICATION	0.16416924752978554			
GO_REGULATION_OF_PHOSPHOLIPASE_A2_ACTIVITY	0.1641657342923805			
KUNINGER_IGF1_VS_PDGFB_TARGETS_UP	0.16413227825957602			
GO_NATRIURETIC_PEPTIDE_RECEPTOR_ACTIVITY	0.16413180347222892			
GSE411_100MIN_VS_400MIN_IL6_STIM_MACROPHAGE_DN	0.16407050726452097			
MIR563	0.1640051875266175			
GO_RESPONSE_TO_MORPHINE	0.16397281368440783			
GO_REGULATION_OF_JUN_KINASE_ACTIVITY	0.1639398840275545			
GSE20715_WT_VS_TLR4_KO_LUNG_DN	0.16391846314225786			
GSE26488_CTRL_VS_PEPTIDE_INJECTION_OT2_THYMOCYTE_UP	0.16390238872576016			
GO_NEGATIVE_REGULATION_OF_GASTRULATION	0.16386437817004712			
REACTOME_RUNX3_REGULATES_CDKN1A_TRANSCRIPTION	0.16384237797223478			
GO_REGULATION_OF_PHOSPHOLIPASE_C_ACTIVITY	0.1637862889991969			
GO_CELLULAR_SENESCENCE	0.16370955280909674			
GO_METHYLOSOME	0.16368865879663425			
MIR6514_5P	0.16363058013940138			
REACTOME_RUNX3_REGULATES_BCL2L11_BIM_TRANSCRIPTION	0.1636271735440408			
HALLMARK_REACTIVE_OXYGEN_SPECIES_PATHWAY	0.16361813635919312			
MIR1976	0.16352818029590693			
GO_CD4_POSITIVE_ALPHA_BETA_T_CELL_PROLIFERATION	0.16347475246939044			
GSE41867_MEMORY_VS_EXHAUSTED_CD8_TCELL_DAY30_LCMV_DN	0.1634488772466997			
YY1_01	0.1634476674949036			
GO_ANTEROGRADE_AXONAL_PROTEIN_TRANSPORT	0.16344735937632493			
GO_AXONAL_TRANSPORT_OF_MITOCHONDRION	0.16342974316795283			
IPA_NR1D1_DN	0.1633376191763597			
IPA_NR1D2_DN	0.1633376191763597			
MIR7156_3P	0.1632804968969569			
GO_SEQUENCE_SPECIFIC_SINGLE_STRANDED_DNA_BINDING	0.16326025666769972			
MIR4682	0.1632361266960926			
LIANG_SILENCED_BY_METHYLATION_2	0.16320936743697545			
GSE37605_C57BL6_VS_NOD_FOXP3_IRES_GFP_TREG_UP	0.16320153090704953			
GO_INTEGRIN_BIOSYNTHETIC_PROCESS	0.16318246176090623			
GO_PROTEIN_LOCALIZATION_TO_PRESYNAPSE	0.16316246701400902			
MIR208B_3P	0.16313804830360737			
GO_CALCIUM_INDEPENDENT_PHOSPHOLIPASE_A2_ACTIVITY	0.16313184346253282			
ZHAN_V2_LATE_DIFFERENTIATION_GENES	0.16307175231914903			
GO_NEGATIVE_REGULATION_OF_VASOCONSTRICTION	0.16306168640881213			
GO_RNA_POLYMERASE_BINDING	0.16305962318041672			
GSE17721_POLYIC_VS_PAM3CSK4_0.5H_BMDC_DN	0.16295362037266603			
GO_NEGATIVE_REGULATION_OF_CYSTEINE_TYPE_ENDOPEPTIDASE_ACTIVITY_INVOLVED_IN_APOPTOTIC_SIGNALING_PATHWAY	0.16292042933299683			
REACTOME_TRNA_PROCESSING	0.16289693794660678			
GO_REGULATION_OF_GOLGI_TO_PLASMA_MEMBRANE_PROTEIN_TRANSPORT	0.16288567189026118			
GO_RESPONSE_TO_ISCHEMIA	0.1628672750223256			
REACTOME_HEDGEHOG_ON_STATE	0.1628272441470264			
MPHOSPH8_TARGET_GENES	0.16282423169844837			
GO_POSITIVE_REGULATION_OF_RECEPTOR_CLUSTERING	0.16275473876749605			
GO_AORTA_SMOOTH_MUSCLE_TISSUE_MORPHOGENESIS	0.16265524084007923			
FRIDMAN_IMMORTALIZATION_DN	0.16259269630997025			
STAT4_01	0.16258507296615257			
REACTOME_SYNTHESIS_OF_LEUKOTRIENES_LT_AND_EOXINS_EX	0.16256146207780084			
GO_REGULATION_OF_GASTRIC_ACID_SECRETION	0.1624730873995068			
GO_RIBONUCLEOTIDE_CATABOLIC_PROCESS	0.16246633083752315			
REACTOME_INTEGRIN_SIGNALING	0.16240459703362425			
REACTOME_PEPTIDE_HORMONE_BIOSYNTHESIS	0.16235067643219184			
HOXA7_TARGET_GENES	0.16233143594113836			
GO_GROWTH_PLATE_CARTILAGE_MORPHOGENESIS	0.16231624371104583			
GO_PROTEIN_LOCALIZATION_TO_BASOLATERAL_PLASMA_MEMBRANE	0.1622930847018669			
MIR4314	0.1622876345026689			
GO_RETROGRADE_TRANS_SYNAPTIC_SIGNALING_BY_LIPID	0.16226923661376472			
GO_RESPONSE_TO_CORTISOL	0.16225503443247882			
GO_PLASMA_MEMBRANE_REPAIR	0.16207237291327367			
IPA_CHD3_UP	0.16207173837285357			
GO_T_HELPER_1_CELL_CYTOKINE_PRODUCTION	0.16198096887549504			
GO_RNA_INTERFERENCE	0.16197630968508234			
GSE26928_NAIVE_VS_EFF_MEMORY_CD4_TCELL_UP	0.16195761385106525			
MIR670_3P	0.16184455270564954			
GO_DIOXYGENASE_ACTIVITY	0.1618089921307183			
GSE17721_0.5H_VS_4H_POLYIC_BMDC_DN	0.16163295509796263			
TOMIDA_LUNG_CANCER_POOR_SURVIVAL	0.1616314499730748			
MIR4695_5P	0.16156321446578367			
IPA_EHF_UP	0.1615040554147611			
GSE17721_LPS_VS_CPG_1H_BMDC_UP	0.16148670748688007			
GSE40441_NRP1_POS_INDUCED_TREG_VS_NRP1_NEG_NATURAL_TREG_DN	0.16147718368535469			
GO_NEGATIVE_REGULATION_OF_HIGH_VOLTAGE_GATED_CALCIUM_CHANNEL_ACTIVITY	0.16141767175428193			
REACTOME_TLR3_MEDIATED_TICAM1_DEPENDENT_PROGRAMMED_CELL_DEATH	0.16127213297515003			
GO_FILTRATION_DIAPHRAGM	0.1612234112361385			
GSE4142_NAIVE_VS_MEMORY_BCELL_DN	0.16118101281780922			
GO_PURINE_CONTAINING_COMPOUND_TRANSMEMBRANE_TRANSPORT	0.16117375525172614			
LEE_CALORIE_RESTRICTION_NEOCORTEX_UP	0.16116392750325484			
GO_CALCIUM_DEPENDENT_PHOSPHOLIPID_BINDING	0.16115656427285996			
IPA_FOXC2_DN	0.1611088616457738			
IPA_MLXIP_UP	0.16107278016016982			
IPA_HDAC10_DN	0.16107278016016982			
GO_OSSIFICATION_INVOLVED_IN_BONE_REMODELING	0.1610348366353943			
GO_PHOTOTRANSDUCTION_VISIBLE_LIGHT	0.1609632578031089			
ZHANG_RESPONSE_TO_CANTHARIDIN_DN	0.16087860016462321			
GO_NEGATIVE_REGULATION_OF_PEPTIDYL_CYSTEINE_S_NITROSYLATION	0.16086373437829918			
GO_IMPORT_INTO_CELL	0.16078951401706387			
GO_REGULATION_OF_HISTONE_PHOSPHORYLATION	0.16069209286764222			
IPA_MITF_DN	0.16064636733292553			
GSE3982_MAST_CELL_VS_MAC_DN	0.1605745302586238			
GO_GUANYL_NUCLEOTIDE_BINDING	0.1605112236464644			
GILDEA_METASTASIS	0.16049184416859869			
chr2q36	0.1603851767443634			
RAX2_TARGET_GENES	0.16027269878954176			
GO_FIBROBLAST_APOPTOTIC_PROCESS	0.16026342242117603			
GSE9946_IMMATURE_VS_LISTERIA_INF_MATURE_DC_UP	0.16023941203833827			
GSE32034_UNTREATED_VS_ROSIGLIZATONE_TREATED_LY6C_LOW_MONOCYTE_UP	0.16013735503116816			
GO_REGULATION_OF_BONE_MINERALIZATION_INVOLVED_IN_BONE_MATURATION	0.16011655871771754			
ARID3B_TARGET_GENES	0.16010579543979378			
MIR4695_3P	0.16003265540925574			
GO_PLATELET_DENSE_GRANULE_MEMBRANE	0.1599715908197655			
GARGALOVIC_RESPONSE_TO_OXIDIZED_PHOSPHOLIPIDS_BLUE_UP	0.15991746289660944			
GO_POSITIVE_REGULATION_OF_MYELOID_LEUKOCYTE_CYTOKINE_PRODUCTION_INVOLVED_IN_IMMUNE_RESPONSE	0.15988443462498456			
REACTOME_DAG_AND_IP3_SIGNALING	0.15985760197767743			
GO_MHC_CLASS_II_PROTEIN_COMPLEX	0.15983670265016922			
GO_INNERVATION	0.15981407065090208			
MIR20A_3P	0.15980879816317126			
GO_SMOOTH_MUSCLE_ADAPTATION	0.15978409541101576			
GSE32986_CURDLAN_HIGHDOSE_VS_GMCSF_AND_CURDLAN_HIGHDOSE_STIM_DC_UP	0.15959175403679332			
FLOTHO_PEDIATRIC_ALL_THERAPY_RESPONSE_DN	0.15958303025666662			
GO_SKELETAL_MUSCLE_CONTRACTION	0.15943037136800853			
TAKEDA_TARGETS_OF_NUP98_HOXA9_FUSION_6HR_UP	0.15933417286063			
TBK1.DN.48HRS_DN	0.15928820252465417			
MIR1245A	0.15927530482953933			
ERCC8_TARGET_GENES	0.15922357269274434			
IPA_HOXA1_DN	0.15921673749204374			
ISHIDA_TARGETS_OF_SYT_SSX_FUSIONS	0.15921236923406534			
ITO_PTTG1_TARGETS_UP	0.159164858000141			
GSE11961_FOLLICULAR_BCELL_VS_MEMORY_BCELL_DAY40_UP	0.15896718502923762			
GO_POSITIVE_REGULATION_OF_CELL_AGING	0.15887165229951059			
GO_MEMBRANE_DEPOLARIZATION_DURING_ACTION_POTENTIAL	0.15885375144999359			
MIR1228_3P	0.15872820257662573			
GO_CATION_TRANSMEMBRANE_TRANSPORTER_ACTIVITY	0.1587205202050694			
GO_LATE_ENDOSOME_MEMBRANE	0.15853975268159728			
MIR7704	0.1585172813323014			
CCCACAT_MIR2993P	0.15850549165419575			
GO_NEGATIVE_REGULATION_OF_MUSCLE_CELL_DIFFERENTIATION	0.15847951822126208			
SMN1_TARGET_GENES	0.15836873801256496			
SMN2_TARGET_GENES	0.15836873801256496			
GO_L_GLUTAMINE_TRANSMEMBRANE_TRANSPORTER_ACTIVITY	0.15828651440644678			
GO_REGULATION_OF_T_HELPER_1_CELL_CYTOKINE_PRODUCTION	0.15824233609126245			
IPA_NEUROG1_DN	0.15824007918435343			
GO_NEGATIVE_REGULATION_OF_PLASMINOGEN_ACTIVATION	0.1582055416920746			
GO_PROTEIN_PHOSPHATASE_2A_BINDING	0.15817498073862868			
MIR33A_5P_MIR33B_5P	0.15816158919226386			
GO_ASTROCYTE_CELL_MIGRATION	0.15813827585324586			
IPA_SMAD2_DN	0.1579050275522492			
GO_POSITIVE_REGULATION_OF_RIG_I_SIGNALING_PATHWAY	0.15782192196040856			
GO_BLASTOCYST_GROWTH	0.15780529846363509			
MIR6503_5P	0.15775514924258535			
GO_GOLGI_TRANSPORT_COMPLEX	0.15773619775699005			
GSE4590_PRE_BCELL_VS_LARGE_PRE_BCELL_DN	0.15759316278547109			
GO_ARACHIDONIC_ACID_METABOLIC_PROCESS	0.15741999408978646			
GO_NEGATIVE_REGULATION_OF_CELLULAR_COMPONENT_ORGANIZATION	0.15740967530223518			
WANG_RECURRENT_LIVER_CANCER_UP	0.15726365667793207			
AMUNDSON_DNA_DAMAGE_RESPONSE_TP53	0.15725188768004197			
GO_REGULATION_OF_VASCULAR_SMOOTH_MUSCLE_CELL_PROLIFERATION	0.1571264940474275			
GO_POLYPRENOL_METABOLIC_PROCESS	0.15688355295356513			
GO_SOLUTE_CATION_ANTIPORTER_ACTIVITY	0.15666867861575687			
GO_MACROAUTOPHAGY	0.1565040792850046			
MIR6758_3P	0.15644846869181847			
REACTOME_SIGNALING_BY_MEMBRANE_TETHERED_FUSIONS_OF_PDGFRA_OR_PDGFRB	0.15642652604780835			
MIR876_5P	0.15639973470754548			
MIR876_3P	0.15635094522675522			
MIR3174	0.15623303804685024			
GO_REGULATION_OF_CARDIAC_MUSCLE_TISSUE_REGENERATION	0.15589971102973665			
GO_LUTEINIZATION	0.1558527108816329			
GO_LEUKOTRIENE_D4_METABOLIC_PROCESS	0.1557168568165663			
GO_GLUTATHIONE_HYDROLASE_ACTIVITY	0.1557168568165663			
MIR552_3P	0.15557157009742764			
TCTGATA_MIR361	0.15556745426703758			
chrXq11	0.15551010993354752			
HOLLERN_MICROACINAR_BREAST_TUMOR_DN	0.1553665343676488			
GO_UBIQUITIN_INDEPENDENT_PROTEIN_CATABOLIC_PROCESS_VIA_THE_MULTIVESICULAR_BODY_SORTING_PATHWAY	0.15516203345544313			
IPA_MAFK_UP	0.15514734328994026			
GSE2706_R848_VS_R848_AND_LPS_8H_STIM_DC_UP	0.15510440035440626			
GO_POSITIVE_REGULATION_OF_CD4_POSITIVE_ALPHA_BETA_T_CELL_PROLIFERATION	0.15486364224632304			
REACTOME_TRIF_MEDIATED_PROGRAMMED_CELL_DEATH	0.1545118842395535			
WIEMANN_TELOMERE_SHORTENING_AND_CHRONIC_LIVER_DAMAGE_DN	0.1545021485165662			
chr8q22	0.1544714336903139			
GO_NEGATIVE_REGULATION_OF_STRIATED_MUSCLE_CELL_DIFFERENTIATION	0.15438157100036626			
GO_ADENYLYLTRANSFERASE_ACTIVITY	0.1540048883856637			
IPA_ZIC1_DN	0.15395647578064248			
BIOCARTA_EOSINOPHILS_PATHWAY	0.15392442003158868			
GO_NEGATIVE_REGULATION_OF_MACROAUTOPHAGY	0.1538886850524957			
GO_VENOUS_BLOOD_VESSEL_MORPHOGENESIS	0.15388371112278423			
NAKAMURA_TUMOR_ZONE_PERIPHERAL_VS_CENTRAL_DN	0.1538256640897546			
IPA_EP300_DN	0.15378756381416495			
GO_REGULATION_OF_CELL_CHEMOTAXIS_TO_FIBROBLAST_GROWTH_FACTOR	0.15363484734646302			
IPA_HIF3A_DN	0.15357796460486764			
GO_DIRECT_OSSIFICATION	0.1534337782553974			
MIR5002_3P	0.15343260923742005			
MIR6894_5P	0.15333525657955388			
YAO_TEMPORAL_RESPONSE_TO_PROGESTERONE_CLUSTER_1	0.15264487709752803			
GO_TRANSFERASE_ACTIVITY_TRANSFERRING_SULFUR_CONTAINING_GROUPS	0.1525384199899779			
GO_POSITIVE_REGULATION_OF_PROTEIN_LOCALIZATION_TO_NUCLEOLUS	0.1524972993350271			
BIOCARTA_CDMAC_PATHWAY	0.15246358413487943			
MIR3912_3P	0.152370495279724			
GO_ERAD_PATHWAY	0.15226678681196026			
MAF_Q6	0.15205036153162732			
GSE13306_LAMINA_PROPRIA_VS_SPLEEN_TREG_UP	0.15193159685821053			
GSE41867_NAIVE_VS_EFFECTOR_CD8_TCELL_DN	0.15173541110542477			
IPA_SMARCD3_UP	0.15168062531983065			
GO_GONADOTROPIN_SECRETION	0.1515646741367123			
ONDER_CDH1_TARGETS_1_UP	0.15152708772014592			
GO_PRERIBOSOME_LARGE_SUBUNIT_PRECURSOR	0.1514750471578776			
IPA_POU3F1_DN	0.1513989087163651			
MIR887_5P	0.15131253991048876			
GO_TRANSFORMING_GROWTH_FACTOR_BETA_RECEPTOR_CYTOPLASMIC_MEDIATOR_ACTIVITY	0.15086120613494752			
GO_NEGATIVE_REGULATION_OF_MULTICELLULAR_ORGANISM_GROWTH	0.15082069758810382			
GO_RETINOL_DEHYDROGENASE_ACTIVITY	0.15051496264365885			
IPA_PCGF2_UP	0.15048722454123997			
REACTOME_NEUROTRANSMITTER_CLEARANCE	0.15016554390302614			
NIKOLSKY_BREAST_CANCER_21Q22_AMPLICON	0.14993471174383602			
KOMMAGANI_TP63_GAMMA_TARGETS	0.14974762940207345			
GSE26928_EFF_MEMORY_VS_CXCR5_POS_CD4_TCELL_DN	0.14967713414641587			
IPA_TP53BP1_DN	0.14948368229671638			
IPA_ERCC6L_DN	0.14948368229671638			
IPA_GTF3C2_DN	0.14948368229671638			
IPA_HLTF_DN	0.14948368229671638			
IPA_HIST2H3C_DN	0.14948368229671638			
IPA_FUBP1_UP	0.14935105900212253			
chr4q25	0.14925788204539367			
GSE40666_NAIVE_VS_EFFECTOR_CD8_TCELL_WITH_IFNA_STIM_90MIN_DN	0.14923587445098696			
AMIT_EGF_RESPONSE_480_MCF10A	0.14897113537271087			
MIR4717_5P	0.14843306365017103			
IPA_HOXC9_UP	0.14806185186323048			
GO_POLYAMINE_BIOSYNTHETIC_PROCESS	0.14790727052480715			
GSE22432_MULTIPOTENT_VS_COMMON_DC_PROGENITOR_UNTREATED_UP	0.14744502231629159			
IPA_BRCA2_DN	0.14744077499130961			
GO_POSITIVE_REGULATION_OF_COMPLEMENT_ACTIVATION	0.14732351814597716			
BIOCARTA_PLCD_PATHWAY	0.14732007697908847			
MULLIGHAN_NPM1_MUTATED_SIGNATURE_2_UP	0.1472220578820938			
GO_POSITIVE_REGULATION_OF_ACTIN_CYTOSKELETON_REORGANIZATION	0.14706273341457404			
GO_RESPONSE_TO_PROSTAGLANDIN_D	0.14626491399997144			
NIKOLSKY_BREAST_CANCER_10Q22_AMPLICON	0.1461426177915248			
GO_NEGATIVE_REGULATION_BY_HOST_OF_VIRAL_PROCESS	0.14606254719711062			
MIR6762_3P	0.14570916961512			
MIR6508_3P	0.1456576066941292			
IKEDA_MIR1_TARGETS_DN	0.14546076937588714			
MIR4277	0.14456889646341498			
IPA_TP53BP2_UP	0.14455001026387718			
IPA_RAD21_UP	0.14444648151643566			
GO_90S_PRERIBOSOME	0.14431317568161728			
IPA_NCOA2_UP	0.14387944889972154			
GO_SPERM_ANNULUS	0.1435916736814358			
GO_POSITIVE_REGULATION_OF_HISTONE_PHOSPHORYLATION	0.14335372203689464			
MIR4798_3P	0.14316366662823762			
MIR194_3P	0.14310572764244767			
GO_REGULATION_OF_PROTEIN_OLIGOMERIZATION	0.14197616647513037			
REACTOME_EXTRINSIC_PATHWAY_OF_FIBRIN_CLOT_FORMATION	0.14171485444096604			
GO_REGULATION_OF_SKELETAL_MUSCLE_CONTRACTION_BY_CALCIUM_ION_SIGNALING	0.14090700520761057			
IPA_MED1_DN	0.14071363917274232			
GO_CELLULAR_RESPONSE_TO_LEUCINE	0.14056447104898181			
REACTOME_MITOPHAGY	0.14049724354682164			
IPA_CHAF1B_DN	0.13840066904106396			
MIR138_1_3P	0.13800627572695634			
MIR4755_3P	0.13765257870032777			
GO_ROUNDABOUT_SIGNALING_PATHWAY	0.13761460861020386			
GO_ATPASE_COUPLED_LIPID_TRANSMEMBRANE_TRANSPORTER_ACTIVITY	0.13755350556482987			
GO_ENDOMEMBRANE_SYSTEM_ORGANIZATION	0.13737077701764508			
IPA_NONO_UP	0.13718355163366963			
IPA_TRIM28_DN	0.13718355163366963			
GO_UBIQUITINATION_LIKE_MODIFICATION_DEPENDENT_PROTEIN_BINDING	0.13707806692092753			
GO_OUTER_EAR_MORPHOGENESIS	0.13669662302909177			
IPA_CHAF1A_DN	0.13627089897744651			
GSE37532_VISCERAL_ADIPOSE_TISSUE_VS_LN_DERIVED_TCONV_CD4_TCELL_UP	0.13522909214597015			
REACTOME_PINK_PARKIN_MEDIATED_MITOPHAGY	0.1352157583831461			
WILSON_PROTEASES_AT_TUMOR_BONE_INTERFACE_DN	0.1350197731783837			
MARTINELLI_IMMATURE_NEUTROPHIL_DN	0.13387400189919485			
IPA_SATB2_DN	0.13268873308671014			
GSE6092_CTRL_VS_BORRELIA_BIRGDOFERI_INF_ENDOTHELIAL_CELL_UP	0.13158327730970662			
MIR4321	-0.12965497998268596			
IPA_PBX1_DN	-0.13170854116761768			
MIR147B_3P	-0.13310290033112607			
LOPEZ_MESOTELIOMA_SURVIVAL_TIME_DN	-0.13564990290351972			
GO_L_METHIONINE_SALVAGE_FROM_METHYLTHIOADENOSINE	-0.1359238851816772			
CASTELLANO_HRAS_TARGETS_UP	-0.13633748633393716			
GAUTSCHI_SRC_SIGNALING	-0.1367642835335714			
GO_MHC_CLASS_II_PROTEIN_BINDING	-0.1383654300295937			
IPA_OTP_UP	-0.13837578382929044			
IPA_NRL_UP	-0.13845260660400863			
IPA_LRPPRC_UP	-0.13848562038700812			
IPA_ZNF302_UP	-0.13848562038700812			
GO_QUINOLINATE_METABOLIC_PROCESS	-0.13857885032196077			
OHM_EMBRYONIC_CARCINOMA_DN	-0.13914775862131443			
GO_CELLULAR_RESPONSE_TO_LEUCINE_STARVATION	-0.1395241559670602			
IPA_NFE2L3_DN	-0.14015536541903484			
IPA_KLF8_DN	-0.14167202020965367			
IPA_TRRAP_UP	-0.14255802529396877			
GO_BLASTODERM_SEGMENTATION	-0.14303001166519133			
IPA_ELF2_DN	-0.1430622942088407			
LINDGREN_BLADDER_CANCER_WITH_LOH_IN_CHR9Q	-0.14463151800542096			
GO_NEGATIVE_REGULATION_OF_HAIR_CYCLE	-0.14468729414852768			
MIR4278	-0.14493081484929507			
GO_EXTRINSIC_COMPONENT_OF_PRESYNAPTIC_MEMBRANE	-0.14593435326968535			
REACTOME_POLB_DEPENDENT_LONG_PATCH_BASE_EXCISION_REPAIR	-0.14617144494652282			
GO_DETOXIFICATION_OF_NITROGEN_COMPOUND	-0.14627232773615959			
MILICIC_FAMILIAL_ADENOMATOUS_POLYPOSIS_UP	-0.14657076743402336			
GSE27786_BCELL_VS_MONO_MAC_DN	-0.1466058311930688			
KEGG_GLYCOSAMINOGLYCAN_BIOSYNTHESIS_CHONDROITIN_SULFATE	-0.14668768519065298			
SMID_BREAST_CANCER_NORMAL_LIKE_DN	-0.1473185373332858			
IPA_ATF6B_DN	-0.14735940072565973			
IPA_PEG3_DN	-0.14735940072565973			
IPA_TCEB1_DN	-0.14735940072565973			
IPA_MEF2D_UP	-0.14736967592702585			
GO_DESMOSOME_ORGANIZATION	-0.14749034576750275			
GO_POSITIVE_REGULATION_OF_TOLL_LIKE_RECEPTOR_2_SIGNALING_PATHWAY	-0.1478067421888526			
AGTCTAG_MIR151	-0.14780841971448136			
AIGNER_ZEB1_TARGETS	-0.14823232492740399			
SINGH_KRAS_DEPENDENCY_SIGNATURE	-0.14843356655330045			
chr13q32	-0.14853437861683494			
GO_REGULATION_OF_RETROGRADE_PROTEIN_TRANSPORT_ER_TO_CYTOSOL	-0.14882822573361257			
GO_NEGATIVE_REGULATION_OF_PROTEIN_OLIGOMERIZATION	-0.14920707466649308			
IPA_PAX7_UP	-0.1492622447042043			
ZMYM2_TARGET_GENES	-0.14936358019294776			
GO_REGULATION_OF_SULFUR_METABOLIC_PROCESS	-0.14965747304093488			
MIR599	-0.14987457991165468			
GO_NEGATIVE_REGULATION_OF_TRANSCRIPTION_BY_RNA_POLYMERASE_I	-0.15002671288592548			
KYNG_WERNER_SYNDROM_DN	-0.1500948208919827			
REACTOME_MECP2_REGULATES_TRANSCRIPTION_FACTORS	-0.15014078788673474			
GO_POSITIVE_REGULATION_OF_TRANSPORTER_ACTIVITY	-0.150192851987563			
MIR145_3P	-0.15027822999746318			
GO_POSITIVE_REGULATION_OF_AMYLOID_BETA_CLEARANCE	-0.15061863172602055			
REACTOME_PHASE_I_FUNCTIONALIZATION_OF_COMPOUNDS	-0.1506855346334678			
IPA_MEIS2_DN	-0.15073730361117268			
IPA_HLF_UP	-0.15073888491758083			
IPA_GFI1_UP	-0.15075961317686826			
GO_TRNA_SPECIFIC_RIBONUCLEASE_ACTIVITY	-0.15085007005445314			
GSE24972_MARGINAL_ZONE_BCELL_VS_FOLLICULAR_BCELL_UP	-0.15102379005520528			
GO_EGO_COMPLEX	-0.1512156397318568			
GO_BONE_TRABECULA_FORMATION	-0.15139218554044154			
MIR490_3P	-0.15145275115101614			
WAMUNYOKOLI_OVARIAN_CANCER_GRADES_1_2_UP	-0.15146466991104263			
MIR4494	-0.15147865777404992			
GO_POSITIVE_REGULATION_OF_EPITHELIAL_TO_MESENCHYMAL_TRANSITION_INVOLVED_IN_ENDOCARDIAL_CUSHION_FORMATION	-0.15220431176165083			
REACTOME_CARGO_TRAFFICKING_TO_THE_PERICILIARY_MEMBRANE	-0.15244383010055512			
IPA_PAX9_DN	-0.15245433757319854			
IPA_NEUROD6_DN	-0.15272181657257827			
KOBAYASHI_EGFR_SIGNALING_6HR_UP	-0.15280453804259345			
IPA_HOXB13_UP	-0.15283750727517692			
IPA_GRHL2_UP	-0.15286041792541108			
GO_NEURON_PROJECTION_ARBORIZATION	-0.15286570315795897			
GO_POSITIVE_REGULATION_OF_PROTEIN_BINDING	-0.1529241459393664			
PID_RHOA_REG_PATHWAY	-0.15295599750631847			
MIR6854_5P	-0.15302384365833344			
GO_POSITIVE_REGULATION_OF_FILOPODIUM_ASSEMBLY	-0.15309168740357768			
GO_ENERGY_HOMEOSTASIS	-0.15309176787448409			
REACTOME_ROLE_OF_ABL_IN_ROBO_SLIT_SIGNALING	-0.1531802738861148			
REACTOME_SYNTHESIS_OF_5_EICOSATETRAENOIC_ACIDS	-0.15320101170513672			
GO_REGULATION_OF_PROTEIN_KINASE_C_ACTIVITY	-0.15327050661326297			
REACTOME_MET_RECEPTOR_ACTIVATION	-0.15328414199944038			
GO_REGULATION_OF_PROTEIN_TYROSINE_KINASE_ACTIVITY	-0.15337470872077766			
ZNF454_TARGET_GENES	-0.15369831885126034			
GO_POSITIVE_REGULATION_OF_SENSORY_PERCEPTION_OF_PAIN	-0.15371388994162857			
IPA_BCL11A_DN	-0.15378012860292375			
chr14q21	-0.15381214095910078			
BIOCARTA_NOTCH_PATHWAY	-0.15386133804514526			
TAYLOR_METHYLATED_IN_ACUTE_LYMPHOBLASTIC_LEUKEMIA	-0.15388576026981882			
GO_CARDIAC_MUSCLE_CELL_FATE_COMMITMENT	-0.15404756338331707			
HOLLERN_EMT_BREAST_TUMOR_DN	-0.1542218598153077			
IPA_ZEB1_DN	-0.15433534942848115			
GO_NEGATIVE_REGULATION_OF_MACROPHAGE_CYTOKINE_PRODUCTION	-0.15443102965067895			
REACTOME_TRYPTOPHAN_CATABOLISM	-0.1546173820901948			
GO_WIDE_PORE_CHANNEL_ACTIVITY	-0.15474070175272128			
GO_APICOLATERAL_PLASMA_MEMBRANE	-0.15486140708684776			
GO_POSITIVE_REGULATION_OF_EPITHELIAL_CELL_DIFFERENTIATION	-0.15504617037957133			
ZHAN_MULTIPLE_MYELOMA_MF_DN	-0.1550652213348213			
REACTOME_SEROTONIN_RECEPTORS	-0.1550983224404312			
GO_ENDORIBONUCLEASE_COMPLEX	-0.15515916237527339			
STAEGE_EWING_FAMILY_TUMOR	-0.15530664521424725			
GO_ENDOPLASMIC_RETICULUM_MANNOSE_TRIMMING	-0.15535888953974458			
MIR4737	-0.1554021105462356			
IWANAGA_E2F1_TARGETS_NOT_INDUCED_BY_SERUM	-0.15546708835945114			
BIOCARTA_EGFR_SMRTE_PATHWAY	-0.15588685240747333			
GO_NUCLEOSOME_BINDING	-0.15589416337914339			
chr19q13	-0.1559012481589888			
RODRIGUES_DCC_TARGETS_DN	-0.15591862178542684			
REACTOME_ARACHIDONIC_ACID_METABOLISM	-0.15592869516228566			
GO_NEURAL_CREST_FORMATION	-0.15611712879874623			
IPA_PRDM16_UP	-0.15617388642858784			
REACTOME_METALLOTHIONEINS_BIND_METALS	-0.15619275383318887			
GO_CELLULAR_RESPONSE_TO_MINERALOCORTICOID_STIMULUS	-0.15624444432752943			
GO_POSITIVE_REGULATION_OF_SYNAPTIC_TRANSMISSION_GLUTAMATERGIC	-0.156269121506235			
GO_NEUROBLAST_PROLIFERATION	-0.15630009899338626			
IPA_PSAP_DN	-0.1563350826136666			
GO_PYRIDINE_CONTAINING_COMPOUND_CATABOLIC_PROCESS	-0.1564525484636335			
MIR7978	-0.1565232694782836			
WEBER_METHYLATED_ICP_IN_SPERM_DN	-0.15653987882402376			
WU_ALZHEIMER_DISEASE_UP	-0.15654184330274185			
WEIGEL_OXIDATIVE_STRESS_BY_HNE_AND_TBH	-0.15654696964602366			
MALIK_REPRESSED_BY_ESTROGEN	-0.1566039689702295			
IPA_CBX2_DN	-0.1566139533644582			
GO_3_5_EXODEOXYRIBONUCLEASE_ACTIVITY	-0.15664209037918422			
GOBERT_CORE_OLIGODENDROCYTE_DIFFERENTIATION	-0.1569147776963595			
ZNF581_TARGET_GENES	-0.15695705893120893			
GO_REGULATION_OF_PROTEASOMAL_PROTEIN_CATABOLIC_PROCESS	-0.1571914246669948			
GSE17721_POLYIC_VS_CPG_4H_BMDC_UP	-0.1572202369206088			
GO_CARDIAC_MUSCLE_MYOBLAST_PROLIFERATION	-0.1573265095272029			
GO_REGULATION_OF_EPITHELIAL_TO_MESENCHYMAL_TRANSITION_INVOLVED_IN_ENDOCARDIAL_CUSHION_FORMATION	-0.15735823706175978			
GO_SPERM_FIBROUS_SHEATH	-0.15737297316292362			
GO_HISTONE_H3_K27_METHYLATION	-0.1575696192844311			
GO_CAMP_BINDING	-0.1576556786448917			
MIR6765_5P	-0.1576992687923443			
MIR4471	-0.1577099818239842			
GO_POSITIVE_REGULATION_OF_CARDIOBLAST_DIFFERENTIATION	-0.15788576126518647			
GO_SUBSTANTIA_NIGRA_DEVELOPMENT	-0.15795226769731885			
GO_RETINAL_METABOLIC_PROCESS	-0.15797927812054502			
CHEMNITZ_RESPONSE_TO_PROSTAGLANDIN_E2_DN	-0.15800853486030264			
IPA_H2AFY_DN	-0.1580618466171076			
IPA_FOXG1_DN	-0.15821165819604563			
GSE41978_WT_VS_BIM_KO_KLRG1_LOW_EFFECTOR_CD8_TCELL_UP	-0.15825524241504615			
SATO_SILENCED_BY_DEACETYLATION_IN_PANCREATIC_CANCER	-0.15829583908881825			
GO_PHOTORECEPTOR_OUTER_SEGMENT	-0.15834308955780577			
GO_COENZYME_TRANSPORT	-0.1583708715226793			
MIR759	-0.15838380801416274			
GO_PARANODAL_JUNCTION_ASSEMBLY	-0.15839963878892235			
JAZAG_TGFB1_SIGNALING_UP	-0.15848525613060999			
GO_REGULATION_OF_MITOTIC_SPINDLE_ASSEMBLY	-0.1584924495494075			
GO_NEGATIVE_REGULATION_OF_CGMP_MEDIATED_SIGNALING	-0.15851179485606307			
GO_GATOR2_COMPLEX	-0.15853376424242097			
GO_ANDROSTERONE_DEHYDROGENASE_ACTIVITY	-0.15857490889857126			
GO_MUCUS_SECRETION	-0.15858744733501273			
GO_HEPATOCYTE_APOPTOTIC_PROCESS	-0.15859166153584897			
GO_FUSION_OF_SPERM_TO_EGG_PLASMA_MEMBRANE_INVOLVED_IN_SINGLE_FERTILIZATION	-0.15860006091701853			
MIR5572	-0.15868964335340563			
GO_STEREOCILIUM_TIP	-0.15869914986116246			
GO_NUCLEOBASE_CONTAINING_SMALL_MOLECULE_INTERCONVERSION	-0.15877181161155202			
GO_OXIDOREDUCTASE_ACTIVITY_ACTING_ON_PAIRED_DONORS_WITH_INCORPORATION_OR_REDUCTION_OF_MOLECULAR_OXYGEN_NAD_P_H_AS_ONE_DONOR_AND_INCORPORATION_OF_ONE_ATOM_OF_OXYGEN	-0.15880490639959852			
GO_PURINE_DEOXYRIBONUCLEOSIDE_TRIPHOSPHATE_METABOLIC_PROCESS	-0.15893966867001583			
GO_REGULATION_OF_PEROXISOME_PROLIFERATOR_ACTIVATED_RECEPTOR_SIGNALING_PATHWAY	-0.15896534822221922			
MIR6509_5P	-0.15898510852818162			
CREBP1_01	-0.159006066196297			
GO_ORGANIC_HYDROXY_COMPOUND_CATABOLIC_PROCESS	-0.1590835219179547			
GO_CRD_MEDIATED_MRNA_STABILITY_COMPLEX	-0.1591242454332246			
IPA_TARBP2_UP	-0.15916387850556288			
LUCAS_HNF4A_TARGETS_DN	-0.15920605216491743			
RAMJAUN_APOPTOSIS_BY_TGFB1_VIA_MAPK1_UP	-0.15929260638422119			
GSE37301_LYMPHOID_PRIMED_MPP_VS_CD4_TCELL_UP	-0.15949184753831877			
MIR6853_5P	-0.1595331717642359			
ATF6_TARGET_GENES	-0.15953640582059736			
GO_MONOOXYGENASE_ACTIVITY	-0.15959950124690817			
GSE9037_CTRL_VS_LPS_1H_STIM_IRAK4_KO_BMDM_UP	-0.1596523044298088			
KEGG_LYSOSOME	-0.15971802088113238			
GO_NEGATIVE_REGULATION_OF_ORGAN_GROWTH	-0.15975031620450647			
MUELLER_METHYLATED_IN_GLIOBLASTOMA	-0.1598687680541269			
GO_REGULATION_OF_DNA_DEMETHYLATION	-0.1599025052619164			
COLDREN_GEFITINIB_RESISTANCE_UP	-0.1600010943652239			
GO_ACTIVATION_OF_ADENYLATE_CYCLASE_ACTIVITY	-0.16001370022152034			
MIR766_5P	-0.160125822706594			
GO_REGULATION_OF_VENTRICULAR_CARDIAC_MUSCLE_CELL_ACTION_POTENTIAL	-0.16013037001542008			
GSE33424_CD161_INT_VS_NEG_CD8_TCELL_DN	-0.16026049437011508			
IPA_SFPQ_UP	-0.16028517960429262			
MIR501_3P_MIR502_3P	-0.1604284581518865			
GO_COFACTOR_TRANSPORT	-0.16044203180450095			
MIR491_5P	-0.16046830158249392			
GO_PHENOL_CONTAINING_COMPOUND_CATABOLIC_PROCESS	-0.16047093353430536			
GO_INTEGRAL_COMPONENT_OF_PRESYNAPTIC_ACTIVE_ZONE_MEMBRANE	-0.160524655545115			
GO_SEH1_ASSOCIATED_COMPLEX	-0.16053268544532473			
GO_PROTEIN_TYROSINE_PHOSPHATASE_ACTIVITY	-0.1605758288584328			
KEGG_TGF_BETA_SIGNALING_PATHWAY	-0.16075140903347857			
GO_POSITIVE_REGULATION_OF_TELOMERASE_ACTIVITY	-0.16080880785868265			
GO_POSITIVE_REGULATION_OF_TRANSCRIPTION_OF_NUCLEOLAR_LARGE_RRNA_BY_RNA_POLYMERASE_I	-0.16084591242980062			
KEGG_GLUTATHIONE_METABOLISM	-0.16100450265829433			
ZNF667_TARGET_GENES	-0.16103623602024522			
GO_DIACYLGLYCEROL_METABOLIC_PROCESS	-0.1611260649740668			
MIR4527	-0.1611699911765392			
GO_RECEPTOR_INTERNALIZATION	-0.16122594846450666			
GO_MICROTUBULE_MINUS_END	-0.1613211032596659			
VALK_AML_CLUSTER_10	-0.1613583066942793			
GO_TIGHT_JUNCTION_ORGANIZATION	-0.16150665967683298			
GO_XENOBIOTIC_METABOLIC_PROCESS	-0.16152902261682034			
GO_POSITIVE_REGULATION_OF_CYTOKINE_SECRETION_INVOLVED_IN_IMMUNE_RESPONSE	-0.1615452876003137			
GSE16450_CTRL_VS_IFNA_12H_STIM_MATURE_NEURON_CELL_LINE_UP	-0.16158240609054078			
GO_TRIPARTITE_REGIONAL_SUBDIVISION	-0.16158241290278394			
SINGH_NFE2L2_TARGETS	-0.1616504050155629			
CATGTAA_MIR496	-0.16178614712205033			
MIR4294	-0.1617933021540246			
GO_POSITIVE_REGULATION_OF_ALKALINE_PHOSPHATASE_ACTIVITY	-0.16182630670984385			
MIR3918	-0.161869286802631			
HOXB4_TARGET_GENES	-0.1618916100145758			
MIR6503_3P	-0.16191520305793025			
GO_NEGATIVE_REGULATION_OF_INTRINSIC_APOPTOTIC_SIGNALING_PATHWAY	-0.16214314645547362			
GO_PHOSPHATE_ION_TRANSMEMBRANE_TRANSPORTER_ACTIVITY	-0.16216814675989186			
MIR1273H_3P	-0.16217108623514223			
GO_ANCHORED_COMPONENT_OF_EXTERNAL_SIDE_OF_PLASMA_MEMBRANE	-0.16223892619908678			
TGTGTGA_MIR377	-0.1622604760455428			
MIR663A	-0.16230818567063296			
FOXG1_TARGET_GENES	-0.16232209274471876			
AAACCAC_MIR140	-0.16233890519452238			
GO_BRAIN_DERIVED_NEUROTROPHIC_FACTOR_RECEPTOR_SIGNALING_PATHWAY	-0.16235990066986614			
GO_HISTONE_DEPHOSPHORYLATION	-0.16239646869127214			
MIR3130_5P	-0.1624048338094787			
VANDESLUIS_COMMD1_TARGETS_GROUP_4_DN	-0.16242620042666983			
WHITEHURST_PACLITAXEL_SENSITIVITY	-0.16242862760601634			
P53_DN.V1_UP	-0.16246371575157686			
GO_MUSCLE_CELL_FATE_COMMITMENT	-0.16249601196025884			
LI_AMPLIFIED_IN_LUNG_CANCER	-0.16275638756189273			
GO_SEQUESTERING_OF_METAL_ION	-0.1627844049495525			
MEISSNER_BRAIN_HCP_WITH_H3K4ME2	-0.16280672299077337			
GO_MICROTUBULE_MINUS_END_BINDING	-0.16299786114507872			
IPA_GTF2F2_UP	-0.1630964223393462			
GO_POSITIVE_REGULATION_OF_MRNA_METABOLIC_PROCESS	-0.16317152783075875			
KAPOSI_LIVER_CANCER_MET_DN	-0.1631880405795665			
GSE20366_TREG_VS_NAIVE_CD4_TCELL_DN	-0.16321512390904538			
IPA_EPAS1_DN	-0.163215719829255			
GO_QUATERNARY_AMMONIUM_GROUP_TRANSPORT	-0.16325646999207527			
REACTOME_CELLULAR_RESPONSE_TO_HEAT_STRESS	-0.1632698725211848			
GO_PROTEIN_REFOLDING	-0.16330773091142942			
MIR6127	-0.16332657962704758			
GO_INORGANIC_ANION_TRANSMEMBRANE_TRANSPORTER_ACTIVITY	-0.1633305635130666			
MIR600	-0.16339209044805353			
IPA_PTTG1_DN	-0.16349880355977536			
MIR6815_5P	-0.16352490136465167			
MIR6773_3P	-0.16363764792072907			
MIR4446_5P	-0.16363798912360222			
SNACANNNYSYAGA_UNKNOWN	-0.16367987880439117			
GO_POSITIVE_REGULATION_OF_ADIPOSE_TISSUE_DEVELOPMENT	-0.16369088176721433			
NOUSHMEHR_GBM_GERMLINE_MUTATED	-0.1637143678112541			
JI_CARCINOGENESIS_BY_KRAS_AND_STK11_UP	-0.16377628047209655			
GU_PDEF_TARGETS_DN	-0.1638619389148254			
GO_POSITIVE_REGULATION_OF_METALLOPEPTIDASE_ACTIVITY	-0.1639371039444223			
IPA_NFE2L3_UP	-0.163958915872099			
RADAEVA_RESPONSE_TO_IFNA1_DN	-0.16396303386046282			
KUROKAWA_LIVER_CANCER_EARLY_RECURRENCE_UP	-0.16398414009466686			
KANG_FLUOROURACIL_RESISTANCE_DN	-0.16403546877059239			
GO_EPITHELIAL_CELL_MORPHOGENESIS	-0.16404725533471673			
GO_REGULATION_OF_ADIPOSE_TISSUE_DEVELOPMENT	-0.1640477826558873			
MIR6811_5P	-0.16404954379650544			
WAMUNYOKOLI_OVARIAN_CANCER_LMP_UP	-0.16405073730798292			
IPA_HOXC8_DN	-0.1640766049481481			
GUTIERREZ_MULTIPLE_MYELOMA_UP	-0.16420051678426614			
GO_GUANYL_NUCLEOTIDE_EXCHANGE_FACTOR_ACTIVITY	-0.16420472503315905			
GO_REGULATION_OF_SYNAPSE_STRUCTURAL_PLASTICITY	-0.16437512908701699			
GO_PHOSPHATE_ION_TRANSMEMBRANE_TRANSPORT	-0.1644283030814687			
MIR8059	-0.1644298267077775			
GO_LYSOSOMAL_LUMEN	-0.1644589346818346			
MIR1245B_5P	-0.1645167000394909			
GSE37532_VISCERAL_ADIPOSE_TISSUE_VS_LN_DERIVED_PPARG_KO_TCONV_CD4_TCELL_DN	-0.16470317514211935			
GO_REGULATION_OF_GAP_JUNCTION_ASSEMBLY	-0.1647645735333396			
KIM_RESPONSE_TO_TSA_AND_DECITABINE_UP	-0.16478423119228322			
GO_SECRETION_BY_TISSUE	-0.16483124280805392			
GO_ACETYLTRANSFERASE_ACTIVITY	-0.16493750097889393			
GO_REGULATION_OF_ARTERY_MORPHOGENESIS	-0.1649607753460652			
GO_TRANSMEMBRANE_RECEPTOR_PROTEIN_PHOSPHATASE_ACTIVITY	-0.1650081615322697			
GO_PROSTANOID_METABOLIC_PROCESS	-0.16503394741564306			
LOPEZ_MESOTHELIOMA_SURVIVAL_UP	-0.1650508554843757			
MYLLYKANGAS_AMPLIFICATION_HOT_SPOT_30	-0.16508629730571228			
ZNF197_TARGET_GENES	-0.16508916223469017			
REACTOME_MODULATION_BY_MTB_OF_HOST_IMMUNE_SYSTEM	-0.16513509094124137			
BYSTRYKH_HEMATOPOIESIS_STEM_CELL_RUNX1	-0.16515311659435541			
GO_SEPTIN_CYTOSKELETON	-0.16526979602405165			
MYC_UP.V1_UP	-0.16528076047936394			
NCX_01	-0.16530562359519713			
GSE6875_TCONV_VS_FOXP3_KO_TREG_DN	-0.1653130315753295			
GO_CELL_MIGRATION_INVOLVED_IN_KIDNEY_DEVELOPMENT	-0.16534521473442187			
GO_NUCLEAR_CHROMOSOME	-0.16543688277351362			
GO_CRD_MEDIATED_MRNA_STABILIZATION	-0.16555092939838756			
CERIBELLI_PROMOTERS_INACTIVE_AND_BOUND_BY_NFY	-0.1655760093686177			
GSE5589_WT_VS_IL10_KO_LPS_AND_IL6_STIM_MACROPHAGE_45MIN_DN	-0.16560636048222216			
LET_7C_3P	-0.1656610641351587			
GO_POSITIVE_REGULATION_OF_BICELLULAR_TIGHT_JUNCTION_ASSEMBLY	-0.165679601477209			
GSE27786_LIN_NEG_VS_CD8_TCELL_UP	-0.16573626050050633			
GO_PROTEIN_KINASE_A_SIGNALING	-0.16573721329309113			
MIR11400	-0.16574809493876802			
IPA_TEAD2_UP	-0.16582332821164086			
CEBPE_TARGET_GENES	-0.16584478470609385			
GO_KETOSTEROID_MONOOXYGENASE_ACTIVITY	-0.16586294900161946			
GO_SEMICIRCULAR_CANAL_MORPHOGENESIS	-0.1659129921965378			
GO_RECYCLING_ENDOSOME_MEMBRANE	-0.1659375519607176			
HU_GENOTOXIN_ACTION_DIRECT_VS_INDIRECT_24HR	-0.1659491437182378			
FOXO3_01	-0.16595104007452585			
ROESSLER_LIVER_CANCER_METASTASIS_DN	-0.16600500644417837			
GO_DETECTION_OF_MECHANICAL_STIMULUS	-0.16600957158775065			
GO_NUCLEAR_MEMBRANE_ORGANIZATION	-0.16601107984566196			
GSE22886_NAIVE_CD4_TCELL_VS_MEMORY_TCELL_UP	-0.16604998818578587			
MIR12135	-0.1660753299849141			
GO_PEPTIDYL_HISTIDINE_MODIFICATION	-0.16611374055743416			
GO_BEHAVIORAL_RESPONSE_TO_NICOTINE	-0.16615750075008376			
GO_REGULATION_OF_METALLOENDOPEPTIDASE_ACTIVITY	-0.16622381365545522			
GO_FATTY_ACID_ALPHA_OXIDATION	-0.16624274940539766			
GO_NUCLEAR_EXPORT_SIGNAL_RECEPTOR_ACTIVITY	-0.16625271002847103			
IPA_NPAS2_UP	-0.166329647211969			
TERAO_AOX4_TARGETS_SKIN_UP	-0.16635033465495375			
MIR7845_5P	-0.16637087538027215			
GO_REGULATION_OF_PLATELET_ACTIVATION	-0.16640139879614338			
GO_VIRION_ASSEMBLY	-0.16641756259005586			
GO_NON_MOTILE_CILIUM_ASSEMBLY	-0.1664404461984597			
RODRIGUES_DCC_TARGETS_UP	-0.1664449309036365			
GO_RIBONUCLEASE_P_COMPLEX	-0.16644539702507408			
IPA_MMP3_UP	-0.1664893012641698			
GSE27786_NKCELL_VS_ERYTHROBLAST_DN	-0.16653904850810977			
MIR580_5P	-0.16655403099541194			
XU_GH1_EXOGENOUS_TARGETS_DN	-0.1665643863953012			
GO_ION_TRANSMEMBRANE_TRANSPORTER_ACTIVITY	-0.16659100522559456			
GO_STEROID_DEHYDROGENASE_ACTIVITY	-0.16662599165751682			
GO_CLATHRIN_HEAVY_CHAIN_BINDING	-0.16675603036294018			
GO_REGULATION_OF_MICROVILLUS_LENGTH	-0.1667624106901647			
chr4q22	-0.16678270265506162			
OUYANG_PROSTATE_CANCER_PROGRESSION_UP	-0.16685900724097985			
GO_REGULATION_OF_WATER_LOSS_VIA_SKIN	-0.1668642639977176			
IPA_MYOD1_UP	-0.1668716075972588			
GO_CAMP_CATABOLIC_PROCESS	-0.16690062129771316			
GO_LUNG_VASCULATURE_DEVELOPMENT	-0.16692332944057192			
CDC5L_TARGET_GENES	-0.16698462436308184			
GO_LATERAL_SPROUTING_FROM_AN_EPITHELIUM	-0.1669863656606064			
AZARE_NEOPLASTIC_TRANSFORMATION_BY_STAT3_DN	-0.1669878963782627			
GO_MAINTENANCE_OF_PROTEIN_LOCATION	-0.16699709212082195			
GO_ALVEOLAR_LAMELLAR_BODY	-0.1670749406240897			
GO_CEREBELLAR_MOSSY_FIBER	-0.16707667089892794			
GO_POSITIVE_REGULATION_OF_STEM_CELL_PROLIFERATION	-0.1671371514747838			
GO_INTRACELLULAR_STEROL_TRANSPORT	-0.1671608366094897			
REACTOME_SYNTHESIS_OF_GLYCOSYLPHOSPHATIDYLINOSITOL_GPI	-0.16717425680653805			
GO_TRANSDIFFERENTIATION	-0.16718656108694607			
MIR381_5P	-0.1671994029171133			
AMIT_SERUM_RESPONSE_480_MCF10A	-0.16721179287982102			
MIR510_5P	-0.16723381127214076			
GO_REGULATION_OF_DEVELOPMENTAL_PIGMENTATION	-0.16724849808596465			
GO_PROTEIN_TRANSPORT_INTO_MEMBRANE_RAFT	-0.16726194609545583			
CHARAFE_BREAST_CANCER_BASAL_VS_MESENCHYMAL_UP	-0.16727926874707286			
MIR6740_3P	-0.16730001012096019			
NIKOLSKY_BREAST_CANCER_19P13_AMPLICON	-0.16730958830347242			
REACTOME_RHO_GTPASES_ACTIVATE_PAKS	-0.16735244498188753			
CACCAGC_MIR138	-0.16737268891269255			
GO_PTW_PP1_PHOSPHATASE_COMPLEX	-0.16746914533333962			
GO_SKELETAL_MUSCLE_SATELLITE_CELL_ACTIVATION	-0.16748378755296997			
GO_REGULATION_OF_DENDRITE_MORPHOGENESIS	-0.1674838556830752			
GO_CELLULAR_RESPONSE_TO_LAMINAR_FLUID_SHEAR_STRESS	-0.16749216429043984			
MIR3135A	-0.167504054648259			
REACTOME_SYNTHESIS_OF_BILE_ACIDS_AND_BILE_SALTS_VIA_24_HYDROXYCHOLESTEROL	-0.16752907106872525			
GO_GOLGI_RIBBON_FORMATION	-0.1675418311899227			
GO_REGULATION_OF_ACTIVIN_RECEPTOR_SIGNALING_PATHWAY	-0.16755153751477758			
GO_RIBOSOMAL_PROTEIN_S6_KINASE_ACTIVITY	-0.16756117191943498			
GO_POSITIVE_REGULATION_OF_DNA_TEMPLATED_TRANSCRIPTION_ELONGATION	-0.16757814631780069			
GO_NEGATIVE_REGULATION_OF_CHEMOKINE_SECRETION	-0.16759734526988804			
MIR4749_5P	-0.16760508298660384			
ONDER_CDH1_TARGETS_2_DN	-0.16766168059987901			
PID_RAC1_PATHWAY	-0.16766411342299836			
REACTOME_ACTIVATION_OF_BH3_ONLY_PROTEINS	-0.16766421809973017			
PID_ALK1_PATHWAY	-0.16769529726388172			
REACTOME_REGULATED_PROTEOLYSIS_OF_P75NTR	-0.16778148041612093			
GO_NEGATIVE_REGULATION_OF_DEFENSE_RESPONSE_TO_BACTERIUM	-0.16783471723217197			
chr1q21	-0.16789259742572232			
GO_RETROGRADE_TRANSPORT_ENDOSOME_TO_GOLGI	-0.16790092625210173			
GO_TROPHECTODERMAL_CELL_DIFFERENTIATION	-0.16792266298663977			
GSE27291_0H_VS_6H_STIM_GAMMADELTA_TCELL_DN	-0.1679408865326031			
GO_PRE_MRNA_BINDING	-0.1679696863202703			
OLSSON_E2F3_TARGETS_UP	-0.16797952347263645			
GSE19888_ADENOSINE_A3R_INH_VS_INH_PRETREAT_AND_ACT_WITH_TCELL_MEMBRANES_MAST_CELL_DN	-0.16799908402635655			
GO_POSITIVE_REGULATION_OF_DENDRITIC_SPINE_MORPHOGENESIS	-0.1680043308868069			
MIR4742_5P	-0.1680150946862704			
GO_ACETYL_COA_C_ACYLTRANSFERASE_ACTIVITY	-0.1680240972255269			
REACTOME_TP53_REGULATES_TRANSCRIPTION_OF_GENES_INVOLVED_IN_CYTOCHROME_C_RELEASE	-0.16804273747578957			
GO_OUTER_MITOCHONDRIAL_MEMBRANE_PROTEIN_COMPLEX	-0.16807553880726017			
chr15q14	-0.16812199645087908			
GO_PLATELET_DENSE_GRANULE	-0.16813870509122952			
MIR6766_3P	-0.1681390047461563			
XU_CREBBP_TARGETS_UP	-0.16815834014673256			
IPA_HOXC6_DN	-0.1681587686007813			
GO_PROTEIN_INSERTION_INTO_MITOCHONDRIAL_INNER_MEMBRANE	-0.1681652301477471			
IPA_GCM1_DN	-0.16816786645256487			
MIR484	-0.16822215460590836			
GO_MESONEPHRIC_DUCT_DEVELOPMENT	-0.1682695263270125			
GO_FLAVONOID_METABOLIC_PROCESS	-0.1682739908324986			
GO_POSITIVE_REGULATION_OF_MACROPHAGE_CYTOKINE_PRODUCTION	-0.16829803702970877			
GO_REGULATION_OF_HISTONE_UBIQUITINATION	-0.16831330198310443			
GO_NEUROTRANSMITTER_BINDING	-0.1683389793760157			
GO_N_ACETYLLACTOSAMINIDE_BETA_1_3_N_ACETYLGLUCOSAMINYLTRANSFERASE_ACTIVITY	-0.16834687242729837			
REACTOME_HSF1_DEPENDENT_TRANSACTIVATION	-0.16840343255009724			
MIR8078	-0.16842851238605575			
GO_NEGATIVE_REGULATION_OF_BLOOD_VESSEL_ENDOTHELIAL_CELL_PROLIFERATION_INVOLVED_IN_SPROUTING_ANGIOGENESIS	-0.16846115517970536			
REACTOME_PTK6_REGULATES_RTKS_AND_THEIR_EFFECTORS_AKT1_AND_DOK1	-0.1684656737679867			
GO_RNA_POLYMERASE_CORE_ENZYME_BINDING	-0.1684751007237407			
GSE3691_CONVENTIONAL_VS_PLASMACYTOID_DC_SPLEEN_DN	-0.16850882891092214			
GO_CARDIOBLAST_DIFFERENTIATION	-0.16854744753721226			
REACTOME_TGF_BETA_RECEPTOR_SIGNALING_IN_EMT_EPITHELIAL_TO_MESENCHYMAL_TRANSITION	-0.1685560442588842			
GO_CONNEXIN_COMPLEX	-0.16858650481326243			
SHETH_LIVER_CANCER_VS_TXNIP_LOSS_PAM4	-0.16859542222861804			
FREDERICK_PRKCI_TARGETS	-0.1686298033421911			
GO_EXTRINSIC_COMPONENT_OF_POSTSYNAPTIC_SPECIALIZATION_MEMBRANE	-0.1686512610704596			
GO_CELLULAR_RESPONSE_TO_MAGNESIUM_ION	-0.1686900076731704			
BIOCARTA_NDKDYNAMIN_PATHWAY	-0.1687224339766122			
MIR6885_3P	-0.16874427637808523			
GO_SMAD_PROTEIN_COMPLEX	-0.16877240818085085			
GO_CCR4_NOT_CORE_COMPLEX	-0.1687849376607591			
GO_NEGATIVE_REGULATION_OF_AXONOGENESIS	-0.16882800827499037			
HUPER_BREAST_BASAL_VS_LUMINAL_UP	-0.16886578956487572			
GO_ICOSANOID_METABOLIC_PROCESS	-0.16891391001385317			
MIR520G_5P	-0.16896454423858379			
REACTOME_RESPONSE_TO_METAL_IONS	-0.16897576401462294			
ACTGCAG_MIR173P	-0.16903134395971053			
GSE40666_NAIVE_VS_EFFECTOR_CD8_TCELL_UP	-0.1690532727625281			
GO_CARDIAC_MUSCLE_CELL_MYOBLAST_DIFFERENTIATION	-0.1690688691477804			
IPA_NCL_UP	-0.16907893458238082			
TERAMOTO_OPN_TARGETS_CLUSTER_8	-0.16908225594860254			
GO_REGULATION_OF_COHESIN_LOADING	-0.16908503191947172			
DING_LUNG_CANCER_MUTATED_FREQUENTLY	-0.16910956893375534			
IPA_FOXE3_UP	-0.1691159454759681			
WANG_THOC1_TARGETS_UP	-0.16913838710526807			
REACTOME_RUNX1_REGULATES_TRANSCRIPTION_OF_GENES_INVOLVED_IN_DIFFERENTIATION_OF_MYELOID_CELLS	-0.16917288965305832			
GO_CHROMOSOME	-0.1691881310280023			
YATTNATC_UNKNOWN	-0.1692046896717352			
GO_NEGATIVE_REGULATION_OF_HISTONE_METHYLATION	-0.16921301930699623			
GO_INTRINSIC_COMPONENT_OF_ENDOPLASMIC_RETICULUM_MEMBRANE	-0.1692148994195486			
GO_EMBRYONIC_DIGESTIVE_TRACT_DEVELOPMENT	-0.1692536712936649			
GSE20366_TREG_VS_NAIVE_CD4_TCELL_HOMEOSTATIC_CONVERSION_DN	-0.16925729902089748			
CDX1_TARGET_GENES	-0.16927205614681695			
ZHAN_MULTIPLE_MYELOMA_SPIKED	-0.16933062888462214			
GSE29949_MICROGLIA_BRAIN_VS_MONOCYTE_BONE_MARROW_UP	-0.16933796893819655			
GO_MECHANOSENSITIVE_ION_CHANNEL_ACTIVITY	-0.16936303211983197			
MIR4697_5P	-0.16937401496869833			
GO_RAS_GUANYL_NUCLEOTIDE_EXCHANGE_FACTOR_ACTIVITY	-0.16937890336839181			
MIR6865_5P	-0.16938932723856936			
GO_REGULATION_OF_TRANSCRIPTION_BY_RNA_POLYMERASE_I	-0.16943094990073798			
ANDERSEN_CHOLANGIOCARCINOMA_CLASS2	-0.16944026330012602			
REACTOME_TIGHT_JUNCTION_INTERACTIONS	-0.16948112892829004			
GO_PROTEIN_DEUBIQUITINATION_INVOLVED_IN_UBIQUITIN_DEPENDENT_PROTEIN_CATABOLIC_PROCESS	-0.16951404824151076			
GO_ARMADILLO_REPEAT_DOMAIN_BINDING	-0.1696526079106962			
SUZUKI_CTCFL_TARGETS_UP	-0.16969605589594447			
GO_INTERLEUKIN_2_RECEPTOR_BINDING	-0.16969925460951116			
GACTGTT_MIR212_MIR132	-0.16972358585149114			
GO_AROMATIC_AMINO_ACID_TRANSPORT	-0.16973566586768707			
BIOCARTA_EIF2_PATHWAY	-0.16979119858948885			
GSE33292_DN3_THYMOCYTE_VS_TCELL_LYMPHOMA_FROM_TCF1_KO_DN	-0.16979439225724768			
E4BP4_01	-0.16980191358771252			
GO_TRANSFERASE_ACTIVITY_TRANSFERRING_GLYCOSYL_GROUPS	-0.16981125887556442			
MIR5186	-0.1698326681428625			
REACTOME_ERCC6_CSB_AND_EHMT2_G9A_POSITIVELY_REGULATE_RRNA_EXPRESSION	-0.16985970668232064			
MIR187_5P	-0.16986858235111854			
GO_DEPYRIMIDINATION	-0.16989830355458108			
GO_ZINC_ION_HOMEOSTASIS	-0.1699060331265065			
GGCAGTG_MIR3243P	-0.16993452436558193			
MIR4782_3P	-0.16995183081271067			
GO_COENZYME_CATABOLIC_PROCESS	-0.16995396736537205			
NFY_Q6_01	-0.16997489076928157			
IPA_TCF7L2_UP	-0.1699842275856698			
BIOCARTA_IGF1_PATHWAY	-0.1699897350386184			
PANGAS_TUMOR_SUPPRESSION_BY_SMAD1_AND_SMAD5_DN	-0.17000278566465488			
IPA_PAX7_DN	-0.17005961950024598			
REACTOME_SULFIDE_OXIDATION_TO_SULFATE	-0.17011340971301092			
REACTOME_SYNTHESIS_OF_BILE_ACIDS_AND_BILE_SALTS	-0.17012609087338587			
KEGG_TERPENOID_BACKBONE_BIOSYNTHESIS	-0.17013424851239134			
GO_POSITIVE_REGULATION_OF_CELL_PROLIFERATION_INVOLVED_IN_HEART_MORPHOGENESIS	-0.17013495013775987			
GSE43863_TFH_VS_LY6C_INT_CXCR5POS_EFFECTOR_CD4_TCELL_UP	-0.17019054395214164			
GO_POSITIVE_REGULATION_OF_TRIGLYCERIDE_BIOSYNTHETIC_PROCESS	-0.1702025300061332			
LI_WILMS_TUMOR	-0.17024429365507565			
MIR12119	-0.1702727774702224			
IPA_KLF6_DN	-0.17030615169217958			
GSE9006_HEALTHY_VS_TYPE_1_DIABETES_PBMC_4MONTH_POST_DX_DN	-0.17031305589828144			
RIZKI_TUMOR_INVASIVENESS_2D_DN	-0.1703171676980289			
GO_POSITIVE_REGULATION_OF_NEURON_MIGRATION	-0.17033488607356242			
GO_NEUROFIBRILLARY_TANGLE	-0.17033826290331253			
AACWWCAANK_UNKNOWN	-0.17033895204434782			
GO_SMALL_PROTEIN_ACTIVATING_ENZYME_BINDING	-0.17035202375695227			
HP1SITEFACTOR_Q6	-0.17039314549511228			
GO_BRUSH_BORDER_ASSEMBLY	-0.17040668087426206			
IPA_HLTF_UP	-0.1704778487861924			
GO_NSL_COMPLEX	-0.1704784394104588			
GO_VOLTAGE_GATED_CHLORIDE_CHANNEL_ACTIVITY	-0.17049817100593223			
CHEN_LIVER_METABOLISM_QTL_CIS	-0.17052707404041317			
GO_CELLULAR_ANION_HOMEOSTASIS	-0.17053916070832306			
HINATA_NFKB_TARGETS_KERATINOCYTE_DN	-0.17054239250171815			
MIR4711_5P	-0.1705446517801862			
GO_NEGATIVE_REGULATION_OF_EPIDERMAL_GROWTH_FACTOR_ACTIVATED_RECEPTOR_ACTIVITY	-0.17061339945777582			
REACTOME_ACTIVATED_TAK1_MEDIATES_P38_MAPK_ACTIVATION	-0.17061718207715681			
GO_HYDROGEN_PEROXIDE_BIOSYNTHETIC_PROCESS	-0.17067202764057093			
IPA_HR_UP	-0.17071592271747196			
GO_REGULATION_OF_TOR_SIGNALING	-0.17071943716887744			
GO_SYNAPTIC_VESICLE_BUDDING	-0.17072455800016997			
REACTOME_SYNTHESIS_OF_BILE_ACIDS_AND_BILE_SALTS_VIA_27_HYDROXYCHOLESTEROL	-0.1707382154406301			
GO_REGULATION_OF_BRANCHING_MORPHOGENESIS_OF_A_NERVE	-0.17074620192123427			
PAX4_04	-0.1708064073083031			
SMID_BREAST_CANCER_RELAPSE_IN_LIVER_UP	-0.1708073198704587			
GO_POSITIVE_REGULATION_OF_ACTIN_FILAMENT_BASED_MOVEMENT	-0.17082978754419378			
REACTOME_SUMOYLATION_OF_CHROMATIN_ORGANIZATION_PROTEINS	-0.1708303790909762			
GO_IKAPPAB_KINASE_COMPLEX	-0.17085633316969592			
chr4q35	-0.17086059251745825			
GO_NEGATIVE_REGULATION_OF_MRNA_PROCESSING	-0.17086743118201864			
GO_PEPTIDYL_TYROSINE_DEPHOSPHORYLATION	-0.17088245375411965			
GO_CELL_PROJECTION_ASSEMBLY	-0.17089913735901754			
GO_GAMMA_AMINOBUTYRIC_ACID_METABOLIC_PROCESS	-0.17091841976013125			
GO_NEGATIVE_REGULATION_OF_PLATELET_AGGREGATION	-0.1709208603144926			
GO_REGULATION_OF_INTRINSIC_APOPTOTIC_SIGNALING_PATHWAY	-0.1709293957386994			
ZNF205_TARGET_GENES	-0.17093147251624802			
GO_PWP2P_CONTAINING_SUBCOMPLEX_OF_90S_PRERIBOSOME	-0.1709342088059751			
GGTGTGT_MIR329	-0.17093963415383057			
KCCGNSWTTT_UNKNOWN	-0.1709687059197567			
GO_NEURON_NEURON_SYNAPTIC_TRANSMISSION	-0.1710136182090247			
GO_RNA_POLYMERASE_III_ACTIVITY	-0.17102454560354038			
GO_NEGATIVE_REGULATION_OF_CYCLIN_DEPENDENT_PROTEIN_KINASE_ACTIVITY	-0.17102844362048272			
GO_LUNG_SECRETORY_CELL_DIFFERENTIATION	-0.1710325288865401			
GO_POSITIVE_REGULATION_OF_EPIDERMAL_CELL_DIFFERENTIATION	-0.17106470321919404			
GO_COMMON_BILE_DUCT_DEVELOPMENT	-0.17109603200049237			
GO_GUANOSINE_CONTAINING_COMPOUND_BIOSYNTHETIC_PROCESS	-0.1711236690760466			
IPA_SIN3B_DN	-0.17118180658472557			
GO_REGULATION_OF_PROTEIN_KINASE_A_SIGNALING	-0.17121760258834218			
REACTOME_VITAMIN_B2_RIBOFLAVIN_METABOLISM	-0.17121998399893618			
GO_MONOCYTE_AGGREGATION	-0.171245219614827			
MIR4520_3P	-0.1712895721215034			
GO_NEGATIVE_REGULATION_OF_PROTEIN_HOMOOLIGOMERIZATION	-0.17133264350006655			
GO_SYNAPTIC_VESICLE_BUDDING_FROM_PRESYNAPTIC_ENDOCYTIC_ZONE_MEMBRANE	-0.1713423802261494			
CBX5_TARGET_GENES	-0.17134352203410616			
GO_PHOSPHATIDYLGLYCEROL_ACYL_CHAIN_REMODELING	-0.17139650597930484			
GO_PARALLEL_ACTIN_FILAMENT_BUNDLE_ASSEMBLY	-0.17142037261616955			
MIR548S	-0.17142370486798622			
MIR3154	-0.1714319756500811			
GSE16451_CTRL_VS_WEST_EQUINE_ENC_VIRUS_MATURE_NEURON_CELL_LINE_UP	-0.1714344166825434			
NKX3A_01	-0.1714388031228795			
BIOCARTA_CPSF_PATHWAY	-0.17145287836685155			
GO_REGULATION_OF_SYNAPSE_STRUCTURE_OR_ACTIVITY	-0.17145935807677162			
chr15q25	-0.17147155685370138			
GSE15930_NAIVE_VS_72H_IN_VITRO_STIM_IFNAB_CD8_TCELL_UP	-0.17150023725524824			
GO_INTERLEUKIN_1_BINDING	-0.17153100025011042			
GSE32901_NAIVE_VS_TH1_CD4_TCELL_UP	-0.17153409663639316			
GSE7568_CTRL_VS_3H_TGFB_TREATED_MACROPHAGES_WITH_IL4_AND_DEXAMETHASONE_UP	-0.171547583013835			
GO_MORPHOGEN_ACTIVITY	-0.17155695127242232			
GO_POSITIVE_REGULATION_OF_TRANSCRIPTION_BY_RNA_POLYMERASE_I	-0.17159894822576188			
GO_POLYSACCHARIDE_BINDING	-0.17160164867743852			
GO_KERATINOCYTE_PROLIFERATION	-0.1716055889428729			
HALMOS_CEBPA_TARGETS_DN	-0.17161797159929856			
MIR3134	-0.1716453759141737			
GSE37301_MULTIPOTENT_PROGENITOR_VS_PRO_BCELL_UP	-0.17169248275162177			
GO_DOPAMINERGIC_NEURON_AXON_GUIDANCE	-0.17174820671333602			
GO_REGULATION_OF_ADIPONECTIN_SECRETION	-0.17176049479763028			
GO_CHONDROBLAST_DIFFERENTIATION	-0.17178679587825588			
IPA_PGR_UP	-0.17181434626212277			
GO_NEGATIVE_REGULATION_OF_NUCLEOTIDE_METABOLIC_PROCESS	-0.1718268795053069			
GO_RENAL_WATER_TRANSPORT	-0.17182745700329038			
MIR4502	-0.17183420010529823			
GO_CHAPERONE_MEDIATED_AUTOPHAGY	-0.17184731489592864			
MATZUK_CUMULUS_EXPANSION	-0.17186553805945065			
REACTOME_SIGNALING_BY_NOTCH1_T_7_9_NOTCH1_M1580_K2555_TRANSLOCATION_MUTANT	-0.17187098435328388			
BROWNE_HCMV_INFECTION_18HR_UP	-0.17190708676665994			
MIR6782_5P	-0.17192130916086626			
HEIDENBLAD_AMPLICON_12P11_12_DN	-0.1719376494584493			
REACTOME_ACTIVATED_NTRK3_SIGNALS_THROUGH_PI3K	-0.17195413527185016			
FOURNIER_ACINAR_DEVELOPMENT_EARLY_DN	-0.17196295442590567			
REACTOME_SYNTHESIS_OF_BILE_ACIDS_AND_BILE_SALTS_VIA_7ALPHA_HYDROXYCHOLESTEROL	-0.1719690277361021			
GO_MEDIATOR_COMPLEX	-0.17198306429849175			
AAAGACA_MIR511	-0.17199062038792848			
REACTOME_TP53_REGULATES_TRANSCRIPTION_OF_SEVERAL_ADDITIONAL_CELL_DEATH_GENES_WHOSE_SPECIFIC_ROLES_IN_P53_DEPENDENT_APOPTOSIS_REMAIN_UNCERTAIN	-0.1719913404854924			
GTGCAAA_MIR507	-0.17199783628942655			
GSE4142_PLASMA_CELL_VS_MEMORY_BCELL_DN	-0.17201075514933592			
REACTOME_FORMATION_OF_SENESCENCE_ASSOCIATED_HETEROCHROMATIN_FOCI_SAHF	-0.17201697563692703			
GO_CORTICOSTEROID_RECEPTOR_SIGNALING_PATHWAY	-0.1720377471033282			
GSE46606_DAY1_VS_DAY3_CD40L_IL2_IL5_STIMULATED_IRF4_KO_BCELL_UP	-0.1720468028290262			
REACTOME_SIGNALING_BY_EGFR_IN_CANCER	-0.17204878684607142			
REACTOME_RNA_POLYMERASE_III_TRANSCRIPTION	-0.17205086087729135			
GO_CILIARY_TRANSITION_ZONE	-0.1720680902605689			
GO_POSITIVE_REGULATION_OF_UBIQUITIN_DEPENDENT_PROTEIN_CATABOLIC_PROCESS	-0.17207005812434942			
IPA_TEF_UP	-0.1720951902206341			
GO_PULMONARY_VALVE_DEVELOPMENT	-0.1721247116425173			
GO_MACROPHAGE_CYTOKINE_PRODUCTION	-0.17214267681985362			
GO_RECEPTOR_CATABOLIC_PROCESS	-0.1721890736213518			
GO_REGULATION_OF_STORE_OPERATED_CALCIUM_ENTRY	-0.1722055955814488			
GO_MUSCULAR_SEPTUM_MORPHOGENESIS	-0.17226226691167734			
GSE3720_UNSTIM_VS_PMA_STIM_VD1_GAMMADELTA_TCELL_DN	-0.17227978642957265			
MIR3611	-0.17230267540024083			
GO_POSITIVE_REGULATION_OF_SEQUESTERING_OF_CALCIUM_ION	-0.17231672421350205			
GO_ACTIVIN_BINDING	-0.1723219739282665			
GO_UBIQUITIN_SPECIFIC_PROTEASE_BINDING	-0.17233438106007595			
GSE25123_WT_VS_PPARG_KO_MACROPHAGE_IL4_AND_ROSIGLITAZONE_STIM_UP	-0.17233522550855543			
IPA_ELK4_UP	-0.1723477610263379			
GO_TRANSFORMING_GROWTH_FACTOR_BETA3_PRODUCTION	-0.1723495884513289			
MIR6126	-0.17235349685863374			
GO_CELLULAR_RESPONSE_TO_PURINE_CONTAINING_COMPOUND	-0.172371624355146			
GO_CHLORIDE_TRANSPORT	-0.17237528050655923			
GO_GLYCOSYLCERAMIDE_BIOSYNTHETIC_PROCESS	-0.17238360256148785			
GO_REGULATION_OF_MITOCHONDRIAL_FISSION	-0.17238368128442805			
GSE2706_R848_VS_LPS_2H_STIM_DC_UP	-0.17239333763010836			
IPA_SPDEF_UP	-0.1724089389192109			
REACTOME_SHC1_EVENTS_IN_EGFR_SIGNALING	-0.1724842738472393			
IPA_REL_DN	-0.17248953115710994			
MIR3138	-0.17249564921668256			
MIR6089	-0.17251957463573248			
GO_NEGATIVE_REGULATION_OF_CARDIAC_MUSCLE_ADAPTATION	-0.17254879450680657			
MIR452_3P	-0.1725777066850054			
GO_LOBAR_BRONCHUS_DEVELOPMENT	-0.1725808087485134			
GO_REGULATION_OF_CELL_SHAPE	-0.1726042184172184			
GSE17721_LPS_VS_PAM3CSK4_2H_BMDC_DN	-0.1726056689806521			
GO_DRINKING_BEHAVIOR	-0.17263711750459534			
REACTOME_THROMBOXANE_SIGNALLING_THROUGH_TP_RECEPTOR	-0.1726409872084671			
GO_GOLGI_LOCALIZATION	-0.17266647186347334			
GO_POSITIVE_REGULATION_OF_PROTEIN_TYROSINE_KINASE_ACTIVITY	-0.1727007449026187			
MIR3189_3P	-0.17274415610482025			
HAHTOLA_MYCOSIS_FUNGOIDES_UP	-0.17278742449748466			
GO_MITOCHONDRION_LOCALIZATION	-0.17282478041829147			
GO_REGULATION_OF_LIPOPROTEIN_METABOLIC_PROCESS	-0.1728389539057773			
GO_9PLUS0_NON_MOTILE_CILIUM	-0.17284446646632928			
GO_NEGATIVE_REGULATION_OF_NERVOUS_SYSTEM_DEVELOPMENT	-0.17285073518160685			
TESAR_ALK_TARGETS_EPISC_4D_UP	-0.17285742524952935			
GO_DETOXIFICATION_OF_INORGANIC_COMPOUND	-0.17287040126772296			
GO_POSITIVE_REGULATION_OF_METALLOENDOPEPTIDASE_ACTIVITY	-0.17289047787013914			
GO_MITOCHONDRIAL_RNA_METABOLIC_PROCESS	-0.1728964660896278			
TCCCRNNRTGC_UNKNOWN	-0.17290477411397406			
KYNG_ENVIRONMENTAL_STRESS_RESPONSE_DN	-0.17291756032136563			
FURUKAWA_DUSP6_TARGETS_PCI35_UP	-0.17298240331530612			
EGR3_01	-0.17300268937813446			
IPA_RBPJ_DN	-0.1730079231167407			
GO_TRNA_TRANSCRIPTION	-0.17301864350464635			
IPA_NF1_UP	-0.17301869773137943			
GO_ASSOCIATIVE_LEARNING	-0.17302878602021607			
REACTOME_ACTIVATED_NTRK2_SIGNALS_THROUGH_FYN	-0.17303056293011088			
GO_HISTONE_H4_K5_ACETYLATION	-0.1730316879993748			
MIR4270	-0.1730346836317148			
GO_RESPONSE_TO_NICOTINE	-0.17304873508742716			
RELA_DN.V1_DN	-0.17304932057156083			
GO_TRANS_GOLGI_NETWORK_MEMBRANE	-0.1730534753307989			
GO_ACTIVIN_RECEPTOR_BINDING	-0.1730553266398155			
GO_RESPONSE_TO_HERBICIDE	-0.17306299812869627			
WENG_POR_TARGETS_LIVER_DN	-0.17307727569824766			
GO_POSITIVE_REGULATION_OF_NEURON_MATURATION	-0.17307932789489855			
MIR6529_5P	-0.17309133230979867			
GO_NUCLEAR_OUTER_MEMBRANE	-0.1731145915290727			
GO_EXTRINSIC_COMPONENT_OF_SYNAPTIC_MEMBRANE	-0.17312804441774987			
GO_POSITIVE_REGULATION_OF_INSULIN_LIKE_GROWTH_FACTOR_RECEPTOR_SIGNALING_PATHWAY	-0.17314291882363764			
GO_ACTIN_CROSSLINK_FORMATION	-0.17315161603463491			
IL21_UP.V1_UP	-0.17315966586008952			
GO_REGULATION_OF_PROTEIN_AUTOUBIQUITINATION	-0.17317786828781703			
TSUNODA_CISPLATIN_RESISTANCE_DN	-0.1731795137819919			
GO_GTP_RHO_BINDING	-0.17319270771286716			
SUBTIL_PROGESTIN_TARGETS	-0.17323429855672812			
IPA_FOXC2_UP	-0.17323564099950822			
LIU_IL13_MEMORY_MODEL_UP	-0.17326010135315195			
GO_REGULATION_OF_MICROVILLUS_ASSEMBLY	-0.17328741422323493			
GO_MONOSACCHARIDE_METABOLIC_PROCESS	-0.1733067701243949			
GO_ER_UBIQUITIN_LIGASE_COMPLEX	-0.17335379010394603			
IPA_WHSC1_UP	-0.17336226272979405			
GO_NEGATIVE_REGULATION_OF_MITOCHONDRIAL_OUTER_MEMBRANE_PERMEABILIZATION_INVOLVED_IN_APOPTOTIC_SIGNALING_PATHWAY	-0.17339840087947506			
MIR7111_3P	-0.17339911444339323			
GO_PLASMA_MEMBRANE_TUBULATION	-0.17340296076785877			
GSE360_L_MAJOR_VS_M_TUBERCULOSIS_MAC_UP	-0.1734318153693859			
GO_REGULATION_OF_CELL_PROJECTION_ASSEMBLY	-0.1734328538218413			
GO_POSITIVE_REGULATION_OF_CELL_PROLIFERATION_IN_BONE_MARROW	-0.17344601380257976			
MIR219A_5P	-0.17345041134029482			
YUAN_ZNF143_PARTNERS	-0.17347976416543387			
GO_NUCLEOSIDE_DIPHOSPHATE_KINASE_ACTIVITY	-0.17349715734968693			
MIR4708_5P	-0.17351354616008857			
GSE31082_DP_VS_CD4_SP_THYMOCYTE_UP	-0.17354498590563502			
GO_NEURON_FATE_DETERMINATION	-0.17355071490672294			
IPA_TFAP2C_UP	-0.17357320366396758			
GO_STRESS_GRANULE_ASSEMBLY	-0.1735827156466087			
GO_TRANSPORTER_ACTIVITY	-0.1735924704238647			
GO_NEGATIVE_CHEMOTAXIS	-0.1736038478792604			
GO_NEGATIVE_REGULATION_OF_PROTEIN_LOCALIZATION_TO_MICROTUBULE	-0.17362124684860966			
IPA_LBX1_DN	-0.1736265371001146			
ZNF7_TARGET_GENES	-0.17365285109566062			
REACTOME_SIGNAL_AMPLIFICATION	-0.17365358176573845			
GO_LOBAR_BRONCHUS_EPITHELIUM_DEVELOPMENT	-0.17366721709896			
GO_PROSTATIC_BUD_FORMATION	-0.173670850650658			
GO_PROTEIN_MATURATION_BY_IRON_SULFUR_CLUSTER_TRANSFER	-0.1736786685276811			
HERNANDEZ_MITOTIC_ARREST_BY_DOCETAXEL_2_DN	-0.17368716729327072			
GO_RNA_SPLICING_VIA_ENDONUCLEOLYTIC_CLEAVAGE_AND_LIGATION	-0.1736964181481272			
GSE360_L_MAJOR_VS_T_GONDII_MAC_DN	-0.17372157859024023			
GO_POSITIVE_REGULATION_OF_AMYLOID_PRECURSOR_PROTEIN_CATABOLIC_PROCESS	-0.17375224249423651			
IPA_TSHZ3_DN	-0.1737570640458435			
IPA_TBX1_UP	-0.17377922844683902			
IPA_NFKBIZ_DN	-0.17385553232540596			
GO_POSITIVE_REGULATION_OF_CHROMOSOME_SEPARATION	-0.173870296363731			
GO_LARGE_RIBOSOMAL_SUBUNIT_RRNA_BINDING	-0.17391514188395193			
IPA_NR2F2_DN	-0.17394012149349322			
GO_NEURON_PROJECTION_EXTENSION	-0.17395679879678747			
GO_FLOOR_PLATE_DEVELOPMENT	-0.17396803834983365			
REACTOME_G_ALPHA_S_SIGNALLING_EVENTS	-0.17397422579287555			
GO_REGULATION_OF_CELLULAR_RESPONSE_TO_HEAT	-0.173989507852108			
GO_REGULATION_OF_TRANSLATION_IN_RESPONSE_TO_STRESS	-0.17399606854768387			
GO_TIGHT_JUNCTION	-0.17402819450002852			
GO_POSITIVE_REGULATION_OF_CILIUM_ASSEMBLY	-0.17404764425737757			
chr13q12	-0.1740594131002291			
GO_REGULATION_OF_TRANSCRIPTION_BY_GLUCOSE	-0.17406424067044274			
GO_REGULATION_OF_VOLTAGE_GATED_POTASSIUM_CHANNEL_ACTIVITY_INVOLVED_IN_VENTRICULAR_CARDIAC_MUSCLE_CELL_ACTION_POTENTIAL_REPOLARIZATION	-0.17407477083731127			
GSE11961_MEMORY_BCELL_DAY7_VS_MEMORY_BCELL_DAY40_DN	-0.1740978305671722			
GO_NEGATIVE_REGULATION_OF_METALLOENDOPEPTIDASE_ACTIVITY	-0.1741462889494056			
GO_POSITIVE_REGULATION_OF_NUCLEOBASE_CONTAINING_COMPOUND_TRANSPORT	-0.17414668434834527			
GO_REGULATION_OF_CARDIAC_MUSCLE_TISSUE_DEVELOPMENT	-0.1741693114414963			
GSE26351_UNSTIM_VS_BMP_PATHWAY_STIM_HEMATOPOIETIC_PROGENITORS_DN	-0.1741708143289032			
GO_NEGATIVE_REGULATION_OF_CHEMOKINE_MEDIATED_SIGNALING_PATHWAY	-0.17419043400885628			
GO_INTRA_GOLGI_VESICLE_MEDIATED_TRANSPORT	-0.1742198037185973			
VANDESLUIS_COMMD1_TARGETS_GROUP_3_UP	-0.17423732378090193			
REACTOME_SIGNALLING_TO_RAS	-0.17423811636809008			
GO_PARTURITION	-0.17427224410195716			
GO_REGULATION_OF_SPINDLE_ASSEMBLY	-0.17428248520777612			
REACTOME_OLFACTORY_SIGNALING_PATHWAY	-0.1742976950083456			
GO_TRANS_GOLGI_NETWORK_TRANSPORT_VESICLE_MEMBRANE	-0.1743007616513975			
GO_CUL4A_RING_E3_UBIQUITIN_LIGASE_COMPLEX	-0.1743571223626477			
REACTOME_SIGNALING_BY_HEDGEHOG	-0.17437174284053286			
MIR7_5P	-0.17439377893000324			
GO_INTERCELLULAR_CANALICULUS	-0.1743973707903743			
GO_ENDOTHELIAL_CELL_MATRIX_ADHESION	-0.17439821890230917			
chr13q34	-0.1744113041619765			
BIOCARTA_CREB_PATHWAY	-0.17442917417958517			
LE_NEURONAL_DIFFERENTIATION_DN	-0.1745143613747607			
GSE13485_CTRL_VS_DAY21_YF17D_VACCINE_PBMC_DN	-0.1745426279178335			
GO_EPITHELIAL_CELL_PROLIFERATION_INVOLVED_IN_SALIVARY_GLAND_MORPHOGENESIS	-0.17455889062709332			
LEI_MYB_TARGETS	-0.17457710852464375			
GO_SOLUTE_PROTON_ANTIPORTER_ACTIVITY	-0.17460771681710832			
TURASHVILI_BREAST_CARCINOMA_DUCTAL_VS_LOBULAR_DN	-0.17461097658747796			
GSE37534_UNTREATED_VS_PIOGLITAZONE_TREATED_CD4_TCELL_PPARG1_AND_FOXP3_TRASDUCED_UP	-0.1746370648821023			
GO_PROCESS_UTILIZING_AUTOPHAGIC_MECHANISM	-0.17464004875123873			
GO_HRD1P_UBIQUITIN_LIGASE_ERAD_L_COMPLEX	-0.17465541601392234			
IPA_FOXF2_UP	-0.17467881391372325			
GO_NEGATIVE_REGULATION_OF_MRNA_3_END_PROCESSING	-0.17469050881745665			
GO_OUTER_MEMBRANE	-0.1747066010462033			
GO_CARDIAC_ATRIUM_DEVELOPMENT	-0.1747216283480705			
GO_INTRACELLULAR_TRANSPORT	-0.17472182955994087			
GO_VOLUNTARY_MUSCULOSKELETAL_MOVEMENT	-0.17472196867268627			
MIR6729_5P	-0.17473908377045708			
KMCATNNWGGA_UNKNOWN	-0.17475284559236473			
GO_CELLULAR_TRANSITION_METAL_ION_HOMEOSTASIS	-0.1747924669413277			
GO_DETERMINATION_OF_HEART_LEFT_RIGHT_ASYMMETRY	-0.17480560716334567			
JAEGER_METASTASIS_DN	-0.17481113487837993			
GO_POSITIVE_REGULATION_OF_PLATELET_ACTIVATION	-0.17481429282926514			
GO_EPOXYGENASE_P450_PATHWAY	-0.17482200463906264			
GO_SALIVARY_GLAND_DEVELOPMENT	-0.17483963667329755			
REACTOME_INACTIVATION_OF_CDC42_AND_RAC1	-0.17485119394389936			
GTAAACC_MIR2995P	-0.17485240051195272			
KASLER_HDAC7_TARGETS_2_DN	-0.17485981907589437			
JIANG_HYPOXIA_CANCER	-0.1748601685648136			
GO_SPHINGOMYELIN_PHOSPHODIESTERASE_ACTIVITY	-0.17488438686471425			
MIR140_5P	-0.1748963311071958			
GO_POSITIVE_REGULATION_OF_DENDRITE_DEVELOPMENT	-0.17490836511508032			
SCIAN_CELL_CYCLE_TARGETS_OF_TP53_AND_TP73_UP	-0.17491703203014766			
MIR2277_3P	-0.1749182371499613			
HASEGAWA_TUMORIGENESIS_BY_RET_C634R	-0.17492182857245633			
REACTOME_ORGANIC_CATION_TRANSPORT	-0.17493078946073692			
KEGG_PRIMARY_BILE_ACID_BIOSYNTHESIS	-0.17494294408966451			
MIR6857_5P	-0.17494926635451497			
GO_ACTIN_CORTICAL_PATCH_LOCALIZATION	-0.17495885602983025			
RIGGINS_TAMOXIFEN_RESISTANCE_DN	-0.17496559992138516			
MNX1_TARGET_GENES	-0.17498461667733792			
GO_NEGATIVE_REGULATION_OF_MATRIX_METALLOPEPTIDASE_SECRETION	-0.17506140419072408			
MIR4684_3P	-0.17506776333909552			
GSE2770_IL12_AND_TGFB_VS_IL4_TREATED_ACT_CD4_TCELL_2H_DN	-0.1750797918231456			
GO_ASPARTATE_TRANSMEMBRANE_TRANSPORT	-0.17511067364155364			
GROSS_HIF1A_TARGETS_UP	-0.17512804854017913			
ZNF622_TARGET_GENES	-0.17512999988369665			
GO_GROWTH_FACTOR_COMPLEX	-0.17516704132129873			
GO_HISTONE_H3_K9_ACETYLATION	-0.17518345445491462			
GO_REGULATION_OF_PINOCYTOSIS	-0.175185039261867			
IPA_SET_UP	-0.1752017905680131			
LEE_AGING_CEREBELLUM_DN	-0.17520970375896383			
MCLACHLAN_DENTAL_CARIES_DN	-0.1752099694457319			
GO_RETROGRADE_NEURONAL_DENSE_CORE_VESICLE_TRANSPORT	-0.1752176444230259			
chr6q11	-0.17525685519405018			
GSE41176_UNSTIM_VS_ANTI_IGM_STIM_BCELL_24H_UP	-0.1752599650754915			
GO_COPI_COATED_VESICLE	-0.1752616405238215			
MIR6845_3P	-0.1753471961506121			
GO_NEGATIVE_REGULATION_OF_CREB_TRANSCRIPTION_FACTOR_ACTIVITY	-0.17536362346961668			
BIOCARTA_RHODOPSIN_PATHWAY	-0.17537212914765718			
MIR632	-0.17538163455353967			
REACTOME_ZBP1_DAI_MEDIATED_INDUCTION_OF_TYPE_I_IFNS	-0.17539037494383564			
GSE14000_4H_VS_16H_LPS_DC_DN	-0.17539815590233748			
IPA_TFAP2A_DN	-0.17539898293405357			
MIR626	-0.1754004582862051			
GO_HISTONE_H4_K16_ACETYLATION	-0.175409038907499			
GO_PYRIMIDINE_CONTAINING_COMPOUND_BIOSYNTHETIC_PROCESS	-0.1754243229664049			
IPA_TCF7L2_DN	-0.175430348537166			
GO_SEMICIRCULAR_CANAL_DEVELOPMENT	-0.17545484721440807			
MIR4797_5P	-0.17548229534759352			
GO_UBIQUITIN_LIKE_PROTEIN_TRANSFERASE_ACTIVITY	-0.17548562611602217			
REACTOME_HYALURONAN_BIOSYNTHESIS_AND_EXPORT	-0.1754863431738343			
FOXO4_02	-0.17548961220914494			
LANDIS_ERBB2_BREAST_TUMORS_324_UP	-0.17550578862928926			
MIR8052	-0.17551519717992872			
GO_RESPONSE_TO_COPPER_ION	-0.1755312096266185			
CACGTG_MYC_Q2	-0.17554409690424805			
MIR3714	-0.1755471897160456			
REACTOME_LISTERIA_MONOCYTOGENES_ENTRY_INTO_HOST_CELLS	-0.17555026900306633			
GO_PROTEIN_DESTABILIZATION	-0.17557300062370415			
GO_REGULATION_OF_TRANSCRIPTION_REGULATORY_REGION_DNA_BINDING	-0.175615097566757			
BIOCARTA_ACTINY_PATHWAY	-0.17561868860519853			
COLDREN_GEFITINIB_RESISTANCE_DN	-0.17563613557351096			
GO_NEGATIVE_REGULATION_OF_CELL_CELL_ADHESION_MEDIATED_BY_CADHERIN	-0.17565745848192182			
GO_REGULATION_OF_PROTEIN_HOMOOLIGOMERIZATION	-0.17566636712312486			
IPA_CRTC1_UP	-0.17567007524122527			
REACTOME_GLYCOSPHINGOLIPID_METABOLISM	-0.1756927468523648			
GO_PROTEIN_LOCALIZATION_TO_GOLGI_APPARATUS	-0.17570020960245303			
MIR4645_5P	-0.1757027851773496			
GO_SENSORY_PERCEPTION_OF_SMELL	-0.1757063383952909			
MIR4669	-0.1757380576565056			
GO_POSITIVE_REGULATION_OF_PHOSPHOLIPASE_A2_ACTIVITY	-0.17574073512415753			
GO_PHOSPHOLIPASE_A2_ACTIVITY	-0.17574225157170345			
MIR221_5P	-0.17577092906530944			
GO_FOREBRAIN_GENERATION_OF_NEURONS	-0.175773339202652			
GO_CAMERA_TYPE_EYE_PHOTORECEPTOR_CELL_DIFFERENTIATION	-0.17578305242454853			
GO_CADHERIN_BINDING_INVOLVED_IN_CELL_CELL_ADHESION	-0.17579162676864915			
GSE16385_ROSIGLITAZONE_IL4_VS_ROSIGLITAZONE_ALONE_STIM_MACROPHAGE_DN	-0.17579595787490152			
GO_SENSORY_PERCEPTION_OF_CHEMICAL_STIMULUS	-0.17581527238158548			
GO_AP_2_ADAPTOR_COMPLEX_BINDING	-0.1758461966628213			
GO_NEGATIVE_REGULATION_OF_FATTY_ACID_BETA_OXIDATION	-0.17585568975992272			
GO_REGULATION_OF_PROTEIN_LOCALIZATION_TO_CHROMATIN	-0.17586371358065475			
MIR4253	-0.17587202452765408			
GSE9988_LPS_VS_LOW_LPS_MONOCYTE_DN	-0.1758796283567549			
ZNF579_TARGET_GENES	-0.17588181942213568			
GO_POSITIVE_REGULATION_OF_CHROMATIN_BINDING	-0.17590045172951677			
GO_FLIPPASE_ACTIVITY	-0.17595479282685192			
IPA_ETV1_DN	-0.17597170588897812			
GO_LIPOPROTEIN_PARTICLE_RECEPTOR_ACTIVITY	-0.1759749750827789			
MIR3199	-0.17600004537751912			
MIR4312	-0.1760451630908018			
GO_NEGATIVE_REGULATION_OF_NEUROBLAST_PROLIFERATION	-0.17605909492474422			
MIR3188	-0.1760853154073742			
TTAYRTAA_E4BP4_01	-0.17609288968043954			
GSE12845_IGD_POS_BLOOD_VS_PRE_GC_TONSIL_BCELL_UP	-0.17609629465112675			
GO_PROTEIN_K29_LINKED_DEUBIQUITINATION	-0.17610741067036964			
GO_REGULATION_OF_PHOSPHOLIPID_BIOSYNTHETIC_PROCESS	-0.1761074686408407			
GO_REGULATION_OF_LIPID_TRANSPORTER_ACTIVITY	-0.17611237646617584			
GO_REGULATION_OF_ACROSOME_REACTION	-0.17613347714298477			
MCCABE_HOXC6_TARGETS_DN	-0.17614281875549243			
GO_TROPOMYOSIN_BINDING	-0.17615478877520666			
GO_DENTATE_GYRUS_DEVELOPMENT	-0.17615920590286738			
GO_POSITIVE_REGULATION_OF_SMAD_PROTEIN_SIGNAL_TRANSDUCTION	-0.17616639014354718			
GO_INNER_ACROSOMAL_MEMBRANE	-0.1761754218804826			
MIR551A_MIR551B_3P	-0.1761795575615659			
SUH_COEXPRESSED_WITH_ID1_AND_ID2_UP	-0.17619340745180231			
GO_REGULATION_OF_THE_FORCE_OF_HEART_CONTRACTION_BY_CHEMICAL_SIGNAL	-0.17620071590771325			
LANDIS_BREAST_CANCER_PROGRESSION_UP	-0.17622022477135346			
IPA_HIC1_UP	-0.17623532688361418			
GABP_B	-0.1762389338346289			
MIR4448	-0.17625142085776188			
ZFP36L1_TARGET_GENES	-0.17626203501329601			
SERVITJA_ISLET_HNF1A_TARGETS_DN	-0.1762686517704783			
GO_RETINA_LAYER_FORMATION	-0.17627319075729544			
GO_POSTSYNAPTIC_CYTOSKELETON_ORGANIZATION	-0.17629204240295113			
GO_TRANSCRIPTION_PREINITIATION_COMPLEX_ASSEMBLY	-0.17629932997476028			
HNF6_Q6	-0.17630730754517812			
GO_POSITIVE_REGULATION_OF_STRIATED_MUSCLE_CONTRACTION	-0.17632100409815984			
FOXO4_01	-0.1763225267372173			
GO_CHAPERONE_MEDIATED_PROTEIN_FOLDING	-0.17632270987209808			
chr2q13	-0.17633829773476223			
GO_IODIDE_TRANSPORT	-0.17634039533801138			
GO_SECONDARY_METABOLIC_PROCESS	-0.1763412295268735			
GO_CONVERGENT_EXTENSION_INVOLVED_IN_ORGANOGENESIS	-0.17635458795320322			
GO_POSITIVE_REGULATION_OF_FIBROBLAST_MIGRATION	-0.1763950977882382			
GO_AMELOGENESIS	-0.17642248710164682			
GO_NEGATIVE_REGULATION_OF_DNA_BINDING	-0.17642598315154584			
MIR29B_2_5P	-0.17643765701594377			
GO_VASCULOGENESIS_INVOLVED_IN_CORONARY_VASCULAR_MORPHOGENESIS	-0.17645443554027682			
MIR6769A_3P	-0.17645790283232907			
REACTOME_OPIOID_SIGNALLING	-0.1764639047343125			
ATACCTC_MIR202	-0.1764649283759451			
REACTOME_CYTOCHROME_P450_ARRANGED_BY_SUBSTRATE_TYPE	-0.1765005361118984			
REACTOME_ERBB2_REGULATES_CELL_MOTILITY	-0.1765109167029764			
GO_ENAMEL_MINERALIZATION	-0.17655329749927098			
ELVIDGE_HIF1A_TARGETS_UP	-0.1765724712965787			
YAO_TEMPORAL_RESPONSE_TO_PROGESTERONE_CLUSTER_11	-0.17658044285739743			
GO_REGULATION_OF_LOCOMOTION_INVOLVED_IN_LOCOMOTORY_BEHAVIOR	-0.17660219093182153			
LEE_SP4_THYMOCYTE	-0.1766273056163254			
GO_AXON_EXTENSION	-0.1766337020550932			
GO_SPHINGOSINE_N_ACYLTRANSFERASE_ACTIVITY	-0.17665112982250358			
GO_SULFURTRANSFERASE_ACTIVITY	-0.17665364182227722			
REACTOME_INLA_MEDIATED_ENTRY_OF_LISTERIA_MONOCYTOGENES_INTO_HOST_CELLS	-0.17670035476129123			
REACTOME_THROMBIN_SIGNALLING_THROUGH_PROTEINASE_ACTIVATED_RECEPTORS_PARS	-0.17670733021220378			
MIR328_5P	-0.17671211868928954			
MIR6893_3P	-0.1767238511223534			
GSE5589_WT_VS_IL10_KO_LPS_STIM_MACROPHAGE_180MIN_DN	-0.17673588403390716			
GO_MEMBRANE_PROTEIN_PROTEOLYSIS	-0.17677969263862015			
GO_ESTABLISHMENT_OF_CELL_POLARITY	-0.17678904061329045			
GO_POSITIVE_REGULATION_OF_MUCUS_SECRETION	-0.1767897846708126			
GO_PROTEIN_IMPORT_INTO_PEROXISOME_MATRIX	-0.1768174096463863			
GO_NEGATIVE_REGULATION_OF_TRANSLATIONAL_ELONGATION	-0.17685974570021773			
GO_KETONE_BODY_METABOLIC_PROCESS	-0.176871717371657			
GO_ACETYLCHOLINE_BINDING	-0.17688884630592686			
ZNF488_TARGET_GENES	-0.17691101515584645			
MIR3200_3P	-0.17691538449000188			
GO_CHROMATIN_REMODELING	-0.17691848769176607			
MIR330_3P	-0.17694171912075654			
GSE4590_SMALL_VS_VPREB_POS_LARGE_PRE_BCELL_DN	-0.17694717846363459			
GO_CAVEOLIN_MEDIATED_ENDOCYTOSIS	-0.17696056258652956			
MIR6847_5P	-0.17696831625505005			
MIR4756_3P	-0.17697048280204963			
HSF1_01	-0.1769743826845755			
IVANOV_MUTATED_IN_COLON_CANCER	-0.17698687006197236			
MIR412_5P	-0.1770086577051357			
MIR200C_5P	-0.1770514734265591			
GO_GOLGI_TRANS_CISTERNA	-0.177056006291971			
GO_MIRNA_METABOLIC_PROCESS	-0.17708408125087874			
GO_ANDROGEN_METABOLIC_PROCESS	-0.17708456997764066			
chr9p23	-0.17709816838349074			
GO_SPECIFICATION_OF_SYMMETRY	-0.1771143795762754			
LEIN_NEURON_MARKERS	-0.1771476103141202			
CAFFAREL_RESPONSE_TO_THC_24HR_3_DN	-0.17715597613713194			
GO_MITOCHONDRION_MORPHOGENESIS	-0.17718432042239765			
SCHWAB_TARGETS_OF_BMYB_POLYMORPHIC_VARIANTS_DN	-0.17719170592259773			
HOOI_ST7_TARGETS_DN	-0.17719278920672057			
IPA_TCF7L1_DN	-0.17719921560657403			
MIR4738_3P	-0.17720695288985763			
GO_NEUROPEPTIDE_SIGNALING_PATHWAY	-0.1772143266100839			
GO_CARBON_CATABOLITE_REGULATION_OF_TRANSCRIPTION	-0.17722211075492425			
MIR6820_3P	-0.17723081735558013			
GSE24142_DN2_VS_DN3_THYMOCYTE_DN	-0.17724332530976877			
REACTOME_ANDROGEN_BIOSYNTHESIS	-0.1772470045527985			
ACAACCT_MIR453	-0.1772539569757882			
IPA_AHRR_DN	-0.17726237607103354			
GO_APICAL_JUNCTION_ASSEMBLY	-0.1772663859405117			
GO_SUGAR_MEDIATED_SIGNALING_PATHWAY	-0.17728682087006042			
HOFFMAN_CLOCK_TARGETS_DN	-0.17728719021122177			
GO_INTRINSIC_COMPONENT_OF_ORGANELLE_MEMBRANE	-0.17731129597796713			
KONDO_PROSTATE_CANCER_HCP_WITH_H3K27ME3	-0.17731376610849034			
GO_LUNG_GROWTH	-0.17733793584589932			
MIR889_5P	-0.1773478767513787			
GO_VASCULAR_ENDOTHELIAL_GROWTH_FACTOR_ACTIVATED_RECEPTOR_ACTIVITY	-0.17737895361021583			
GO_POSTSYNAPSE_ORGANIZATION	-0.17738259462516026			
GO_REGULATION_OF_CARDIAC_MUSCLE_CELL_ACTION_POTENTIAL	-0.17740140261601758			
MIR933	-0.1774040163640191			
GSE11864_UNTREATED_VS_CSF1_PAM3CYS_IN_MAC_DN	-0.17740560906480302			
MIR634	-0.17740596062557293			
GO_REGULATION_OF_GROWTH_HORMONE_SECRETION	-0.17740997289713614			
GO_SULFIDE_OXIDATION	-0.17741490031932436			
GO_MEMBRANE_DEPOLARIZATION_DURING_AV_NODE_CELL_ACTION_POTENTIAL	-0.17741670945692964			
TESAR_ALK_AND_JAK_TARGETS_MOUSE_ES_D4_UP	-0.17741796174729696			
GGCNRNWCTTYS_UNKNOWN	-0.17743059064549432			
WANG_THOC1_TARGETS_DN	-0.17746609679529532			
GO_POSITIVE_REGULATION_OF_TRANSCRIPTION_ELONGATION_FROM_RNA_POLYMERASE_II_PROMOTER	-0.17747331031888805			
GSE37533_UNTREATED_VS_PIOGLIZATONE_TREATED_CD4_TCELL_FOXP3_TRASDUCED_CD4_TCELL_UP	-0.1774849799280055			
GO_SERTOLI_CELL_DEVELOPMENT	-0.17751854657962535			
GSE8384_CTRL_VS_B_ABORTUS_4H_MAC_CELL_LINE_UP	-0.1775233856137882			
GO_TOXIN_METABOLIC_PROCESS	-0.1775254674284897			
GO_ICOSATETRAENOIC_ACID_BINDING	-0.1775858032708001			
GO_CELLULAR_RESPONSE_TO_CADMIUM_ION	-0.17758590852780198			
MIR1298_5P	-0.17759533547127104			
GO_3M_COMPLEX	-0.1776124647117877			
GO_OLFACTORY_RECEPTOR_ACTIVITY	-0.1776178861948972			
GSE13485_DAY3_VS_DAY7_YF17D_VACCINE_PBMC_UP	-0.1776497557753333			
GO_EXCITATORY_EXTRACELLULAR_LIGAND_GATED_ION_CHANNEL_ACTIVITY	-0.17765383454004025			
GO_OXIDOREDUCTASE_ACTIVITY_ACTING_ON_THE_CH_CH_GROUP_OF_DONORS_NAD_OR_NADP_AS_ACCEPTOR	-0.17765813405091851			
GSE5589_LPS_AND_IL10_VS_LPS_AND_IL6_STIM_MACROPHAGE_45MIN_UP	-0.1777139894287019			
GO_DETERMINATION_OF_LIVER_LEFT_RIGHT_ASYMMETRY	-0.17772650851411823			
GSE32255_WT_UNSTIM_VS_JMJD2D_KNOCKDOWN_4H_LPS_STIM_DC_DN	-0.17776299019223654			
HERNANDEZ_ABERRANT_MITOSIS_BY_DOCETACEL_4NM_UP	-0.17779353222244015			
GO_EPITHELIAL_CELL_DEVELOPMENT	-0.17784062218010077			
GO_ARACHIDONIC_ACID_BINDING	-0.17784120304168247			
CCAGGTT_MIR490	-0.1778596630272853			
GO_CELL_PROLIFERATION_IN_FOREBRAIN	-0.17786206252771947			
GO_BONE_TRABECULA_MORPHOGENESIS	-0.17788018526107507			
GO_NEGATIVE_REGULATION_OF_ACTIN_FILAMENT_DEPOLYMERIZATION	-0.17788395497866566			
GO_CATECHOLAMINE_CATABOLIC_PROCESS	-0.17789319063675935			
GO_DEVELOPMENT_OF_SECONDARY_FEMALE_SEXUAL_CHARACTERISTICS	-0.17790536484448286			
GO_RESPONSE_TO_MYCOTOXIN	-0.1779059264620571			
MIR888_5P	-0.17792650028139206			
REACTOME_SYNTHESIS_SECRETION_AND_DEACYLATION_OF_GHRELIN	-0.17793844260331232			
GO_SEMAPHORIN_RECEPTOR_BINDING	-0.17794567340215314			
GO_REGULATION_OF_SODIUM_PROTON_ANTIPORTER_ACTIVITY	-0.1779920321149122			
GO_POSTSYNAPTIC_CYTOSOL	-0.1779942660543841			
GO_REGULATION_OF_GONAD_DEVELOPMENT	-0.17799569888520764			
KEGG_RNA_POLYMERASE	-0.1780306261278218			
SCHMAHL_PDGF_SIGNALING	-0.17803086448122438			
GSE36078_UNTREATED_VS_AD5_T425A_HEXON_INF_IL1R_KO_MOUSE_LUNG_DC_UP	-0.17804664309064694			
MARIADASON_REGULATED_BY_HISTONE_ACETYLATION_UP	-0.17807788918415998			
TCCGTCC_MIR184	-0.17808980538244323			
GSE25123_CTRL_VS_IL4_AND_ROSIGLITAZONE_STIM_PPARG_KO_MACROPHAGE_DN	-0.17810649424334063			
GO_RESPONSE_TO_FOLIC_ACID	-0.17813539902526662			
GTGACGY_E4F1_Q6	-0.17816314240818507			
GO_TRANSMEMBRANE_RECEPTOR_PROTEIN_TYROSINE_KINASE_ACTIVATOR_ACTIVITY	-0.1781729108275551			
GO_TUBULIN_DEACETYLATION	-0.1781877960371379			
GO_RENAL_SYSTEM_PROCESS_INVOLVED_IN_REGULATION_OF_BLOOD_VOLUME	-0.17821548377114768			
MIR595	-0.17822541660069766			
KEGG_OLFACTORY_TRANSDUCTION	-0.17822808093869968			
ZNF112_TARGET_GENES	-0.17823879022257125			
IPA_NFATC3_DN	-0.1782596559648346			
GO_POSITIVE_REGULATION_OF_RECEPTOR_CATABOLIC_PROCESS	-0.17827024577219805			
TANG_SENESCENCE_TP53_TARGETS_UP	-0.17827802169423754			
GO_REGULATION_OF_TELOMERE_CAPPING	-0.17831843555956134			
GO_NEGATIVE_REGULATION_OF_RUFFLE_ASSEMBLY	-0.17831896025847432			
LIM_MAMMARY_STEM_CELL_DN	-0.1783461045399956			
KOHOUTEK_CCNT1_TARGETS	-0.17834876127038485			
IPA_PTF1A_UP	-0.17835314320157397			
MIR4726_3P	-0.17837670544957285			
GSE5589_WT_VS_IL6_KO_LPS_STIM_MACROPHAGE_180MIN_DN	-0.17842357445271478			
GO_REGULATION_OF_CELL_DIFFERENTIATION	-0.17842359866593244			
MIR320A_5P	-0.1784295083557733			
PROVENZANI_METASTASIS_DN	-0.17843060063664049			
chr6p23	-0.17843551933556445			
WU_CELL_MIGRATION	-0.17844277031942207			
IPA_PLAG1_DN	-0.17848980299563935			
CREIGHTON_AKT1_SIGNALING_VIA_MTOR_UP	-0.17849257833866214			
GO_TROPONIN_I_BINDING	-0.1785346480496594			
MIR4764_3P	-0.1785354702720334			
GO_NEGATIVE_REGULATION_OF_BIOSYNTHETIC_PROCESS	-0.17854588089963708			
GO_PLACENTA_DEVELOPMENT	-0.17855974402104494			
GO_GOLGI_TO_ENDOSOME_TRANSPORT	-0.1785635168554052			
GO_SENSORY_PERCEPTION	-0.1785775117153705			
GO_DIAPHRAGM_DEVELOPMENT	-0.17857950760338684			
GO_RESPONSE_TO_PROSTAGLANDIN	-0.17861861174980592			
CYCLIN_D1_KE_.V1_UP	-0.17863506720307237			
GO_REGULATION_OF_TELOMERASE_ACTIVITY	-0.17864975239633404			
GSE12505_WT_VS_E2_2_HET_PDC_UP	-0.17866064500934034			
GO_NOREPINEPHRINE_METABOLIC_PROCESS	-0.17866674201351057			
GO_RAC_GUANYL_NUCLEOTIDE_EXCHANGE_FACTOR_ACTIVITY	-0.17867149533860188			
GO_OXIDOREDUCTASE_ACTIVITY_ACTING_ON_NAD_P_H_QUINONE_OR_SIMILAR_COMPOUND_AS_ACCEPTOR	-0.17868213744619357			
GO_ANTIBIOTIC_BIOSYNTHETIC_PROCESS	-0.17868699254078782			
GO_POSITIVE_REGULATION_OF_MRNA_SPLICING_VIA_SPLICEOSOME	-0.17872379927909887			
IPA_BHLHE40_UP	-0.1787330828501533			
GO_REGULATION_OF_HEMATOPOIETIC_PROGENITOR_CELL_DIFFERENTIATION	-0.1787356010833455			
GO_NEGATIVE_REGULATION_OF_RHO_PROTEIN_SIGNAL_TRANSDUCTION	-0.17874155413993406			
REACTOME_ADVANCED_GLYCOSYLATION_ENDPRODUCT_RECEPTOR_SIGNALING	-0.17877307373175044			
GTCNYYATGR_UNKNOWN	-0.17877461295673558			
MIR940	-0.1788006223122719			
MIR4510	-0.17881510622521923			
GO_NON_MOTILE_CILIUM	-0.1788298921001711			
REACTOME_CA2_PATHWAY	-0.17883918069314148			
GO_RESPONSE_TO_ALCOHOL	-0.1788547352808317			
GO_ANIMAL_ORGAN_MATURATION	-0.17887324344403327			
GO_POSITIVE_REGULATION_OF_TRANSCRIPTION_FROM_RNA_POLYMERASE_II_PROMOTER_INVOLVED_IN_CELLULAR_RESPONSE_TO_CHEMICAL_STIMULUS	-0.178880260116599			
GO_NEGATIVE_REGULATION_OF_CELL_DEVELOPMENT	-0.17888427288990053			
GSE14413_UNSTIM_VS_IFNB_STIM_RAW264_CELLS_DN	-0.1788907080855242			
GO_PYRIMIDINE_DEOXYRIBONUCLEOTIDE_METABOLIC_PROCESS	-0.17890870806195924			
GO_U2_SNRNA_BINDING	-0.17892936899446882			
GO_SECONDARY_ACTIVE_MONOCARBOXYLATE_TRANSMEMBRANE_TRANSPORTER_ACTIVITY	-0.1789429093505065			
HUPER_BREAST_BASAL_VS_LUMINAL_DN	-0.17894401051385284			
MIR2276_5P	-0.17895386845601446			
GO_POSITIVE_REGULATION_OF_MRNA_CATABOLIC_PROCESS	-0.17895442504856332			
IIZUKA_LIVER_CANCER_PROGRESSION_L1_G1_UP	-0.1789759511180706			
MIR15B_3P	-0.17899370423500363			
GO_ENDONUCLEOLYTIC_CLEAVAGE_IN_5_ETS_OF_TRICISTRONIC_RRNA_TRANSCRIPT_SSU_RRNA_5_8S_RRNA_LSU_RRNA	-0.17900946792605177			
MIR5571_5P	-0.17902854411741465			
BIOCARTA_AKT_PATHWAY	-0.17902911356287488			
GO_MOTOR_NEURON_APOPTOTIC_PROCESS	-0.17903644538932834			
MIR4480	-0.17903884498093478			
GSE15930_NAIVE_VS_24H_IN_VITRO_STIM_IL12_CD8_TCELL_UP	-0.1790509725696298			
GSE9316_IL6_KO_VS_IFNG_KO_INVIVO_EXPANDED_CD4_TCELL_UP	-0.1790541205466094			
GO_ACTIVATION_OF_JNKK_ACTIVITY	-0.1790665322194126			
ELF5_TARGET_GENES	-0.17907476738208353			
GSE15659_CD45RA_NEG_CD4_TCELL_VS_NONSUPPRESSIVE_TCELL_UP	-0.17908528628385745			
JAK2_DN.V1_UP	-0.17908924162786596			
MIR3116	-0.1790927838473968			
GO_NEGATIVE_REGULATION_OF_AXON_GUIDANCE	-0.17909361182439507			
GO_TRANSLATION_ELONGATION_FACTOR_ACTIVITY	-0.17909665079447923			
MIR5681A	-0.1791221983831286			
MUNSHI_MULTIPLE_MYELOMA_DN	-0.17913272618968046			
REACTOME_REGULATION_OF_TP53_ACTIVITY_THROUGH_ASSOCIATION_WITH_CO_FACTORS	-0.17916638092207504			
GO_REGULATION_OF_CARDIAC_MUSCLE_CELL_DIFFERENTIATION	-0.1791785935711345			
TESAR_ALK_TARGETS_EPISC_3D_UP	-0.1791985076508339			
IPA_SMARCD2_UP	-0.1792185735811185			
IPA_LDB2_UP	-0.1792185735811185			
IPA_ZFP36L1_UP	-0.1792185735811185			
IPA_SIN3B_UP	-0.1792185735811185			
IPA_TERF1_UP	-0.1792185735811185			
IPA_FOXH1_UP	-0.1792185735811185			
IPA_ARID1A_UP	-0.1792185735811185			
MIR4639_3P	-0.17922048152213443			
chr11q11	-0.17922599775310205			
chr12q12	-0.17922633314238773			
GO_MITOCHONDRIAL_OUTER_MEMBRANE_TRANSLOCASE_COMPLEX	-0.17923273954281926			
GO_NEUROTROPHIN_SIGNALING_PATHWAY	-0.1792452883871204			
GO_CIS_GOLGI_NETWORK	-0.17924718870569523			
GO_NEGATIVE_REGULATION_OF_DENDRITIC_SPINE_DEVELOPMENT	-0.1792558658387829			
GO_ATRIOVENTRICULAR_VALVE_FORMATION	-0.17926821111348926			
GO_GAMMA_TUBULIN_BINDING	-0.1792710661531114			
FOSTER_KDM1A_TARGETS_DN	-0.179278248770089			
GO_HETEROCHROMATIN	-0.17928580330659213			
GO_CELLULAR_RESPONSE_TO_NUTRIENT	-0.1793113502195781			
GO_INTRACELLULAR_PROTEIN_TRANSMEMBRANE_TRANSPORT	-0.1793200649676644			
GO_NEGATIVE_REGULATION_OF_EXTRACELLULAR_MATRIX_DISASSEMBLY	-0.1793264375688468			
REACTOME_NEF_MEDIATED_DOWNREGULATION_OF_MHC_CLASS_I_COMPLEX_CELL_SURFACE_EXPRESSION	-0.1793300008028863			
GO_POSITIVE_REGULATION_OF_DENDRITE_MORPHOGENESIS	-0.17934241368038073			
YWATTWNNRGCT_UNKNOWN	-0.17934556994380302			
MIR6804_5P	-0.17937452057188233			
CEBP_Q2	-0.17937934312122822			
GO_MACROMOLECULE_TRANSMEMBRANE_TRANSPORTER_ACTIVITY	-0.17943463821726277			
GO_SHORT_CHAIN_FATTY_ACID_CATABOLIC_PROCESS	-0.1794512277677248			
IPA_MXD1_UP	-0.1794579269753469			
GO_NEGATIVE_REGULATION_OF_NEURON_PROJECTION_REGENERATION	-0.17946056993502815			
GO_NEGATIVE_REGULATION_OF_NEUROTRANSMITTER_SECRETION	-0.17946931223625795			
CEBP_Q3	-0.17946947383187734			
GO_DIADENOSINE_POLYPHOSPHATE_METABOLIC_PROCESS	-0.17947633267808027			
LAMB_CCND1_TARGETS	-0.17948372012024597			
GO_POSITIVE_REGULATION_OF_PLASMINOGEN_ACTIVATION	-0.17948633108193343			
GO_EXOGENOUS_DRUG_CATABOLIC_PROCESS	-0.17949199160581122			
MISHRA_CARCINOMA_ASSOCIATED_FIBROBLAST_DN	-0.17949630224289467			
GO_HISTONE_H2A_K63_LINKED_UBIQUITINATION	-0.17949759326265588			
IPA_TRIM28_UP	-0.1795012874359991			
REACTOME_HIGHLY_CALCIUM_PERMEABLE_POSTSYNAPTIC_NICOTINIC_ACETYLCHOLINE_RECEPTORS	-0.17950473586441446			
REACTOME_CYTOCHROME_C_MEDIATED_APOPTOTIC_RESPONSE	-0.17951695131409595			
AUNG_GASTRIC_CANCER	-0.1795459752847359			
GO_ADP_RIBOSE_DIPHOSPHATASE_ACTIVITY	-0.17955323459754383			
MIR6088	-0.17955605435747754			
GO_ACTININ_BINDING	-0.17956601659588764			
CACTGCC_MIR34A_MIR34C_MIR449	-0.17956713657210432			
REACTOME_REGULATION_OF_RUNX2_EXPRESSION_AND_ACTIVITY	-0.17956776424997192			
GO_REGULATION_OF_CIRCADIAN_RHYTHM	-0.1796044908430796			
GO_DETECTION_OF_STIMULUS_INVOLVED_IN_SENSORY_PERCEPTION	-0.17960642858427095			
FERRARI_RESPONSE_TO_FENRETINIDE_DN	-0.17962554715679915			
GO_BETA_CATENIN_DESTRUCTION_COMPLEX	-0.17963153349217137			
GO_EPOXIDE_HYDROLASE_ACTIVITY	-0.17965366215368686			
GO_S_SHAPED_BODY_MORPHOGENESIS	-0.17966151540655098			
GO_PHOSPHOTRANSFERASE_ACTIVITY_FOR_OTHER_SUBSTITUTED_PHOSPHATE_GROUPS	-0.17966324679106022			
GO_CHOLINE_TRANSPORT	-0.1796749497234839			
REACTOME_ENDOGENOUS_STEROLS	-0.17968239301653507			
BOYAULT_LIVER_CANCER_SUBCLASS_G23_DN	-0.17968428357056015			
IPA_CDK1_DN	-0.17969928637253363			
GO_KERATINOCYTE_DEVELOPMENT	-0.17970504681478316			
GO_THYROID_HORMONE_BINDING	-0.17973041815660032			
REACTOME_RA_BIOSYNTHESIS_PATHWAY	-0.17973121680965276			
MIR8073	-0.17975619751747113			
REACTOME_WNT5A_DEPENDENT_INTERNALIZATION_OF_FZD2_FZD5_AND_ROR2	-0.17978737855328097			
GO_PURINE_NUCLEOSIDE_TRIPHOSPHATE_CATABOLIC_PROCESS	-0.17982390361128037			
REACTOME_ACTIVATION_OF_THE_AP_1_FAMILY_OF_TRANSCRIPTION_FACTORS	-0.1798298660002259			
MIR5700	-0.17983266987313776			
GO_ASPARTATE_FAMILY_AMINO_ACID_METABOLIC_PROCESS	-0.17985164497612044			
IPA_NRF1_UP	-0.17985166987804985			
CRX_DN.V1_UP	-0.17985548037064414			
IPA_TGFB1I1_UP	-0.17986281062984294			
GO_DNA_TEMPLATED_TRANSCRIPTION_ELONGATION	-0.1798650980289449			
GO_COHESIN_LOADING	-0.17987143054892826			
IL2_UP.V1_DN	-0.17987341472055302			
GO_3_BETA_HYDROXY_DELTA5_STEROID_DEHYDROGENASE_ACTIVITY	-0.17987455686889553			
GO_ATPASE_BINDING	-0.17987741893304726			
IPA_PSAP_UP	-0.17991300199955237			
TTCNRGNNNNTTC_HSF_Q6	-0.17992864774609352			
chr17q22	-0.1799376027970818			
GO_REGULATION_OF_ASTROCYTE_DIFFERENTIATION	-0.17994194686476014			
MCM3_TARGET_GENES	-0.1799739322764881			
REACTOME_HSP90_CHAPERONE_CYCLE_FOR_STEROID_HORMONE_RECEPTORS_SHR	-0.17997481975524054			
IPA_KLF5_UP	-0.17997894632685574			
GSE19888_CTRL_VS_T_CELL_MEMBRANES_ACT_MAST_CELL_DN	-0.1799854692903503			
GO_SRP_DEPENDENT_COTRANSLATIONAL_PROTEIN_TARGETING_TO_MEMBRANE_TRANSLOCATION	-0.17999639281513102			
IPA_SIM2_UP	-0.18000412065276641			
MAGRANGEAS_MULTIPLE_MYELOMA_IGLL_VS_IGLK_UP	-0.1800107495527945			
GO_ENDODEOXYRIBONUCLEASE_ACTIVITY_PRODUCING_3_PHOSPHOMONOESTERS	-0.1800298761889857			
GO_HISTONE_METHYLTRANSFERASE_BINDING	-0.18004459864579045			
GO_POSITIVE_REGULATION_OF_INTRINSIC_APOPTOTIC_SIGNALING_PATHWAY	-0.18007233231654637			
GSE25088_CTRL_VS_ROSIGLITAZONE_STIM_STAT6_KO_MACROPHAGE_DN	-0.1800739270735978			
GO_MONOCARBOXYLIC_ACID_BINDING	-0.18007971864183295			
LUI_THYROID_CANCER_CLUSTER_3	-0.18008341057558297			
YAATNRNNNYNATT_UNKNOWN	-0.1800908380881923			
IPA_TEAD2_DN	-0.18009235837879067			
chr6p24	-0.18009923489318347			
BOYAULT_LIVER_CANCER_SUBCLASS_G1_UP	-0.18010910682965878			
GO_REGULATION_OF_CATECHOLAMINE_METABOLIC_PROCESS	-0.18011517267983176			
NKX22_01	-0.1801266512265644			
MIR6077	-0.1801343794656213			
GO_REGULATION_OF_MEMBRANE_REPOLARIZATION_DURING_VENTRICULAR_CARDIAC_MUSCLE_CELL_ACTION_POTENTIAL	-0.18013524704448333			
IPA_ZFHX3_DN	-0.18013759030633858			
GO_ENDONUCLEASE_ACTIVITY_ACTIVE_WITH_EITHER_RIBO_OR_DEOXYRIBONUCLEIC_ACIDS_AND_PRODUCING_3_PHOSPHOMONOESTERS	-0.18014583325718525			
GO_SEQUESTERING_OF_ZINC_ION	-0.1801585809143726			
GO_PEPTIDYL_ARGININE_OMEGA_N_METHYLATION	-0.18016493676345446			
IPA_EMX1_UP	-0.18016788754689073			
GO_ENDODERMAL_CELL_FATE_SPECIFICATION	-0.18020828084618354			
SMID_BREAST_CANCER_ERBB2_DN	-0.18020905830204995			
MIR6754_3P	-0.1802340519684273			
GO_SALIVA_SECRETION	-0.18023878845675204			
GO_TRANSPORT_ACROSS_BLOOD_BRAIN_BARRIER	-0.18024713536165263			
GO_ENDONUCLEASE_COMPLEX	-0.18025031163772132			
WANG_HCP_PROSTATE_CANCER	-0.18028602638813596			
MIR5196_3P	-0.18029252229291498			
GO_PROTEIN_UFMYLATION	-0.18029903565494537			
GO_OXIDOREDUCTASE_ACTIVITY_ACTING_ON_PAIRED_DONORS_WITH_INCORPORATION_OR_REDUCTION_OF_MOLECULAR_OXYGEN_REDUCED_FLAVIN_OR_FLAVOPROTEIN_AS_ONE_DONOR_AND_INCORPORATION_OF_ONE_ATOM_OF_OXYGEN	-0.18030994861414887			
REACTOME_ACTIVATED_NTRK2_SIGNALS_THROUGH_CDK5	-0.18032178954299796			
PECE_MAMMARY_STEM_CELL_UP	-0.18033309366163444			
REACTOME_PROCESSING_OF_INTRONLESS_PRE_MRNAS	-0.18034495484739468			
GO_CELL_DIVISION_SITE	-0.18034523453564363			
GO_POSITIVE_REGULATION_OF_CELL_DIFFERENTIATION	-0.18035621119540163			
GO_ERBB2_SIGNALING_PATHWAY	-0.18039432085767862			
GO_XENOBIOTIC_TRANSPORT	-0.18039798009616137			
IPA_OVOL1_UP	-0.18040255635836122			
GATGKMRGCG_UNKNOWN	-0.18040258345646493			
GO_POSITIVE_REGULATION_OF_PENILE_ERECTION	-0.180412773702891			
MIR6876_3P	-0.18041339727523592			
GSE28737_BCL6_HET_VS_BCL6_KO_FOLLICULAR_BCELL_UP	-0.18045451877134433			
MIR4251	-0.1804648021848752			
GSE15930_NAIVE_VS_24H_IN_VITRO_STIM_INFAB_CD8_TCELL_UP	-0.18047507350725026			
GSE6259_FLT3L_INDUCED_DEC205_POS_DC_VS_BCELL_UP	-0.1804963675128035			
MIR3155A_MIR3155B	-0.18050260184377606			
IPA_NR2C1_UP	-0.18050517624789417			
KEGG_TIGHT_JUNCTION	-0.18052129544733975			
REN_MIF_TARGETS_DN	-0.18053936254840242			
GO_REGULATION_OF_HISTONE_H3_K14_ACETYLATION	-0.18054216505038506			
GO_EPIDERMAL_GROWTH_FACTOR_RECEPTOR_BINDING	-0.1805528683153868			
MIR3202	-0.18056323907526045			
MIR3191_3P	-0.18056385803537578			
IPA_BACH1_DN	-0.1805827933359819			
GSE6259_33D1_POS_VS_DEC205_POS_SPLENIC_DC_DN	-0.18058723861704176			
MIR6808_3P	-0.18058854621673126			
GO_ABSCISSION	-0.18060003166926147			
GO_FIBRILLAR_CENTER	-0.18061796152846302			
GO_DENDRITIC_SPINE_MEMBRANE	-0.18061973638172388			
IPA_ING1_UP	-0.18062366038012603			
MIR1229_3P	-0.18062602373891365			
GO_TRANSLATION_INITIATION_FACTOR_BINDING	-0.18063033091648692			
REACTOME_RHO_GTPASES_ACTIVATE_KTN1	-0.1806411532336281			
MOOTHA_ROS	-0.1806515002653783			
PACHER_TARGETS_OF_IGF1_AND_IGF2_UP	-0.18066317499594092			
GO_RESPONSE_TO_OXYGEN_RADICAL	-0.18066962184106886			
GO_TRABECULA_MORPHOGENESIS	-0.1806752815292757			
MIR3121_5P	-0.18067907449004708			
MCCABE_HOXC6_TARGETS_CANCER_DN	-0.1806869856738945			
GSE28737_WT_VS_BCL6_HET_FOLLICULAR_BCELL_UP	-0.18070904764286225			
GO_GLOMERULAR_EPITHELIUM_DEVELOPMENT	-0.18070936342156124			
GO_NEGATIVE_REGULATION_OF_RECEPTOR_INTERNALIZATION	-0.18074723172486012			
PID_SMAD2_3PATHWAY	-0.18078510298026312			
MIR25_5P	-0.18079454843480344			
TERAMOTO_OPN_TARGETS_CLUSTER_4	-0.18079589314612163			
GO_NEGATIVE_REGULATION_OF_PHOSPHOLIPID_METABOLIC_PROCESS	-0.18080375642127086			
IPA_PDX1_UP	-0.1808166167084488			
GO_CELLULAR_RESPONSE_TO_EPINEPHRINE_STIMULUS	-0.1808248624865512			
GO_NUCLEOSIDE_MONOPHOSPHATE_PHOSPHORYLATION	-0.18085445998451583			
CONRAD_STEM_CELL	-0.1808723152828053			
GSE6269_E_COLI_VS_STREP_PNEUMO_INF_PBMC_UP	-0.18089580690160192			
IPA_SOX17_UP	-0.1808962367404193			
IPA_NEUROD1_DN	-0.1808962367404193			
GO_PROPRIOCEPTION	-0.1809041794287931			
IPA_FOSB_UP	-0.1809084317622499			
GO_NEGATIVE_REGULATION_OF_PRI_MIRNA_TRANSCRIPTION_BY_RNA_POLYMERASE_II	-0.18093280044479879			
GO_CELLULAR_RESPONSE_TO_CARBOHYDRATE_STIMULUS	-0.1809362809567177			
GO_GROWTH_HORMONE_SECRETION	-0.18096079155310016			
IPA_ZBTB16_DN	-0.18096172011644898			
GO_REGULATION_OF_BLOOD_VOLUME_BY_RENIN_ANGIOTENSIN	-0.18096236048955822			
MIR621	-0.18098160512623643			
GO_NEUROMUSCULAR_PROCESS	-0.1809822535949357			
GGTAACC_MIR4095P	-0.1809891863817418			
MIR3168	-0.1809896691595022			
REACTOME_RECEPTOR_MEDIATED_MITOPHAGY	-0.18102717817934846			
REACTOME_SODIUM_CALCIUM_EXCHANGERS	-0.18104245503958602			
BROWNE_HCMV_INFECTION_16HR_DN	-0.18104827875439788			
chr11q25	-0.18105416881685635			
GSE34156_UNTREATED_VS_24H_NOD2_LIGAND_TREATED_MONOCYTE_UP	-0.18105949546390357			
GSE18791_CTRL_VS_NEWCASTLE_VIRUS_DC_14H_UP	-0.18106885744772042			
GO_REGULATION_OF_HAIR_CYCLE	-0.18107601813426344			
PID_RB_1PATHWAY	-0.18108388288082639			
CASTELLANO_NRAS_TARGETS_UP	-0.18108700048661158			
GO_PLATELET_DENSE_GRANULE_LUMEN	-0.1811109303586166			
GO_CELL_FATE_COMMITMENT_INVOLVED_IN_FORMATION_OF_PRIMARY_GERM_LAYER	-0.18111217586401476			
GO_PHOSPHORIC_DIESTER_HYDROLASE_ACTIVITY	-0.18112270044740547			
REACTOME_RESPIRATORY_ELECTRON_TRANSPORT	-0.18113923267429485			
GO_REGULATION_OF_AXON_DIAMETER	-0.18114935899382884			
JIANG_AGING_CEREBRAL_CORTEX_DN	-0.1811626743374025			
CRX_NRL_DN.V1_DN	-0.18116940272473306			
GO_TRANSFERASE_ACTIVITY_TRANSFERRING_ACYL_GROUPS_ACYL_GROUPS_CONVERTED_INTO_ALKYL_ON_TRANSFER	-0.18117619073273375			
GO_MITOTIC_SPINDLE_ASSEMBLY	-0.18117794620303188			
MIR129_1_3P_MIR129_2_3P	-0.18118685226377543			
GSE25123_WT_VS_PPARG_KO_MACROPHAGE_ROSIGLITAZONE_STIM_UP	-0.18119625430398664			
GO_OXIDATIVE_PHOSPHORYLATION	-0.18121384282418437			
GO_PROTEIN_CATABOLIC_PROCESS	-0.18121527481255048			
GO_CELL_DIFFERENTIATION_INVOLVED_IN_EMBRYONIC_PLACENTA_DEVELOPMENT	-0.1812253705951431			
GO_NEGATIVE_REGULATION_OF_COFACTOR_METABOLIC_PROCESS	-0.18125085975059319			
IPA_ERG_UP	-0.18126513216553333			
GO_RESPONSE_TO_PROSTAGLANDIN_E	-0.1812794925765796			
MIR6862_5P	-0.18128014993805475			
GO_POSITIVE_REGULATION_OF_ERBB_SIGNALING_PATHWAY	-0.18129630192364765			
GO_S100_PROTEIN_BINDING	-0.18130700806683964			
REACTOME_SIGNALING_BY_MODERATE_KINASE_ACTIVITY_BRAF_MUTANTS	-0.18132057911499966			
MYCMAX_01	-0.18134760476422948			
GO_EXTRINSIC_COMPONENT_OF_POSTSYNAPTIC_MEMBRANE	-0.18138111673995447			
GO_POSITIVE_REGULATION_OF_NERVOUS_SYSTEM_DEVELOPMENT	-0.18139356845470866			
GO_HISTONE_H4_K20_TRIMETHYLATION	-0.18139586365754132			
GO_REGULATION_OF_EPIDERMAL_GROWTH_FACTOR_ACTIVATED_RECEPTOR_ACTIVITY	-0.18139871279636377			
DE_YY1_TARGETS_UP	-0.18140526428268292			
GO_RESPONSE_TO_MISFOLDED_PROTEIN	-0.18141490268307037			
REACTOME_INTEGRATION_OF_PROVIRUS	-0.1814462601692134			
GO_REGULATION_OF_MRNA_PROCESSING	-0.18145604499759638			
REACTOME_ACYL_CHAIN_REMODELLING_OF_PG	-0.18147468593249091			
GO_POSITIVE_REGULATION_OF_BLOOD_PRESSURE	-0.18147916000509925			
MIR548AD_3P	-0.18148269655726468			
GO_FATTY_ACID_SYNTHASE_ACTIVITY	-0.18148781343042378			
IPA_CDX2_DN	-0.18149243330545833			
MIR6770_5P	-0.18149633931650588			
GSE1740_UNSTIM_VS_IFNA_STIMULATED_MCSF_DERIVED_MACROPHAGE_UP	-0.18150154833673773			
IPA_ETS2_UP	-0.18150179297616897			
GO_POSITIVE_REGULATION_OF_CELL_DEVELOPMENT	-0.1815189024195898			
MIR339_3P	-0.1815249375219111			
RAMJAUN_APOPTOSIS_BY_TGFB1_VIA_SMAD4_DN	-0.18153252887248417			
KLF14_TARGET_GENES	-0.18154224988605488			
AGCYRWTTC_UNKNOWN	-0.18154659996734385			
GO_REGULATION_OF_MEMBRANE_REPOLARIZATION_DURING_ACTION_POTENTIAL	-0.18155014875294653			
GO_MRNA_METHYLATION	-0.18155760771357365			
GO_LONG_CHAIN_FATTY_ACID_IMPORT_ACROSS_PLASMA_MEMBRANE	-0.1815715136946757			
GO_CDP_ALCOHOL_PHOSPHATIDYLTRANSFERASE_ACTIVITY	-0.1815782486883542			
GO_CELL_DIFFERENTIATION_INVOLVED_IN_PHENOTYPIC_SWITCHING	-0.18159001939910188			
GO_POSITIVE_REGULATION_OF_RESPONSE_TO_ENDOPLASMIC_RETICULUM_STRESS	-0.1815978693626263			
GO_REGULATION_OF_CELLULAR_RESPONSE_TO_HYPOXIA	-0.18161915929918282			
GO_RETINA_DEVELOPMENT_IN_CAMERA_TYPE_EYE	-0.18162171510495528			
REACTOME_CAMK_IV_MEDIATED_PHOSPHORYLATION_OF_CREB	-0.18162754027898714			
P53_DECAMER_Q2	-0.18163195515681058			
GO_STRUCTURAL_CONSTITUENT_OF_MYELIN_SHEATH	-0.18164581305158217			
GO_REGULATION_OF_MESODERMAL_CELL_FATE_SPECIFICATION	-0.1816594971538695			
GSE360_L_DONOVANI_VS_T_GONDII_MAC_DN	-0.18166861706040638			
STEIN_ESRRA_TARGETS_UP	-0.18167009553536498			
GO_INTERKINETIC_NUCLEAR_MIGRATION	-0.18167409167856505			
GO_PEPTIDE_HORMONE_PROCESSING	-0.1816849822834205			
REACTOME_NEGATIVE_REGULATION_OF_TCF_DEPENDENT_SIGNALING_BY_DVL_INTERACTING_PROTEINS	-0.18168500409541827			
GO_ETHER_LIPID_METABOLIC_PROCESS	-0.18168622740055346			
REACTOME_METAL_SEQUESTRATION_BY_ANTIMICROBIAL_PROTEINS	-0.18168810684961254			
LET_7A_2_3P	-0.18169041642308148			
LET_7G_3P	-0.18169041642308148			
GO_AMYLOID_BETA_BINDING	-0.18169180649657254			
ONDER_CDH1_TARGETS_3_UP	-0.1817047781161264			
GO_NODAL_BINDING	-0.18170755393982194			
GO_NUCLEOSIDE_DIPHOSPHATE_BIOSYNTHETIC_PROCESS	-0.18171776615651236			
GO_INNER_DYNEIN_ARM_ASSEMBLY	-0.18172195616001766			
WANG_BARRETTS_ESOPHAGUS_AND_ESOPHAGUS_CANCER_DN	-0.18173634418089338			
IIZUKA_LIVER_CANCER_PROGRESSION_L1_G1_DN	-0.18175057802946104			
MIR6728_5P	-0.18176262880471444			
HOFFMAN_CLOCK_TARGETS_UP	-0.1817765076455868			
GO_POSITIVE_REGULATION_OF_CATION_CHANNEL_ACTIVITY	-0.1817785167733415			
GSE13485_DAY7_VS_DAY21_YF17D_VACCINE_PBMC_DN	-0.18178350410831687			
GO_POSITIVE_REGULATION_OF_ENDOCYTOSIS	-0.18178947569931128			
GO_TELOMERE_CAPPING	-0.1818003631471769			
GO_REGULATION_OF_POSTSYNAPSE_ORGANIZATION	-0.181807234049816			
GO_GAP_JUNCTION_CHANNEL_ACTIVITY	-0.1818140476973027			
REACTOME_RIP_MEDIATED_NFKB_ACTIVATION_VIA_ZBP1	-0.1818325444117492			
GO_NEGATIVE_REGULATION_OF_MESODERM_DEVELOPMENT	-0.18183406632538332			
GO_NUCLEOCYTOPLASMIC_CARRIER_ACTIVITY	-0.18184514517926423			
GSE4984_UNTREATED_VS_LPS_TREATED_DC_UP	-0.18184529045685935			
GO_POSITIVE_REGULATION_OF_VASCULAR_WOUND_HEALING	-0.18185220399882884			
GO_ODORANT_BINDING	-0.18186130809783382			
IPA_ETV5_DN	-0.1818632748708215			
GO_PLATELET_ACTIVATING_FACTOR_METABOLIC_PROCESS	-0.18188747547476153			
GO_NADH_PYROPHOSPHATASE_ACTIVITY	-0.1818958462560224			
GO_SEQUESTERING_OF_IRON_ION	-0.181895999762103			
GRHL1_TARGET_GENES	-0.1819019887759959			
MARIADASON_RESPONSE_TO_CURCUMIN_SULINDAC_5	-0.18191217639452578			
IPA_OTX1_UP	-0.18191394138744788			
GO_MRNA_CLEAVAGE_INVOLVED_IN_MRNA_PROCESSING	-0.18193962486452744			
GO_PROTEIN_PROCESSING_INVOLVED_IN_PROTEIN_TARGETING_TO_MITOCHONDRION	-0.18194616892229507			
GO_PROSTATE_GLANDULAR_ACINUS_MORPHOGENESIS	-0.181953644884384			
GO_NEGATIVE_REGULATION_OF_CHOLESTEROL_METABOLIC_PROCESS	-0.1819557513070217			
MOROSETTI_FACIOSCAPULOHUMERAL_MUSCULAR_DISTROPHY_DN	-0.18197379746090003			
GCM_Q2	-0.1819763606606242			
GO_PROTEIN_XYLOSYLTRANSFERASE_ACTIVITY	-0.1819768376317081			
GSE18791_CTRL_VS_NEWCASTLE_VIRUS_DC_18H_UP	-0.18198073709872126			
CTTGTAT_MIR381	-0.1819807539751006			
IPA_ID2_UP	-0.1820251048258072			
GO_NEGATIVE_REGULATION_OF_GLUCOSE_IMPORT	-0.18203394749440724			
GO_CELLULAR_RESPONSE_TO_ACIDIC_PH	-0.1820365810529681			
GSE18203_CTRL_VS_INTRATUMORAL_CPG_INJ_MC38_TUMOR_UP	-0.18205247976449976			
GO_STEREOCILIUM_BUNDLE	-0.1820611127677692			
GO_PROTEIN_COFACTOR_LINKAGE	-0.18207721139355887			
GSE3982_EOSINOPHIL_VS_MAST_CELL_DN	-0.18209381682333542			
MIKKELSEN_PARTIALLY_REPROGRAMMED_TO_PLURIPOTENCY	-0.18209694682736716			
ROY_WOUND_BLOOD_VESSEL_DN	-0.18209890593860378			
IPA_PROX1_UP	-0.1821035623367133			
GO_BIOTIN_METABOLIC_PROCESS	-0.18211830059781037			
GSE34156_NOD2_LIGAND_VS_TLR1_TLR2_LIGAND_24H_TREATED_MONOCYTE_UP	-0.18212416717010066			
GO_CELL_PROLIFERATION_IN_BONE_MARROW	-0.18212749038711515			
REACTOME_NA_CL_DEPENDENT_NEUROTRANSMITTER_TRANSPORTERS	-0.18212917421847746			
GO_RESPONSE_TO_HYDROSTATIC_PRESSURE	-0.1821301297256241			
GO_NEGATIVE_REGULATION_OF_RYANODINE_SENSITIVE_CALCIUM_RELEASE_CHANNEL_ACTIVITY	-0.18215445765398366			
GO_BASIC_AMINO_ACID_TRANSMEMBRANE_TRANSPORTER_ACTIVITY	-0.18215517055029729			
BIOCARTA_CDK5_PATHWAY	-0.18215714031110808			
GSE41176_UNSTIM_VS_ANTI_IGM_STIM_TAK1_KO_BCELL_3H_DN	-0.18215858209598537			
GENTILE_UV_RESPONSE_CLUSTER_D2	-0.18216676537063534			
MIR4288	-0.18218956273983336			
TOP2B_TARGET_GENES	-0.18219229030451445			
IPA_SOX11_UP	-0.1821937932420238			
GO_HOST_INTRACELLULAR_ORGANELLE	-0.18219801265695126			
BIOCARTA_CTBP1_PATHWAY	-0.1821981096703741			
SOTIRIOU_BREAST_CANCER_GRADE_1_VS_3_DN	-0.1822060692392077			
GHANDHI_DIRECT_IRRADIATION_DN	-0.18220661729826382			
MIR6731_3P	-0.1822213803606176			
GO_POSITIVE_REGULATION_OF_VASCULOGENESIS	-0.18227133351652464			
WONG_MITOCHONDRIA_GENE_MODULE	-0.18227641550599			
GO_REGULATION_OF_SYNAPTIC_TRANSMISSION_CHOLINERGIC	-0.18228817306218228			
SIRT3_TARGET_GENES	-0.1823084432505892			
HOLLEMAN_PREDNISOLONE_RESISTANCE_ALL_UP	-0.18231843821396704			
GO_PHEROMONE_RECEPTOR_ACTIVITY	-0.18233478080475615			
GO_NEURON_PROJECTION_MEMBRANE	-0.18237933710947254			
GO_DIPHOSPHOINOSITOL_POLYPHOSPHATE_DIPHOSPHATASE_ACTIVITY	-0.18238338499512016			
TORCHIA_TARGETS_OF_EWSR1_FLI1_FUSION_TOP20_UP	-0.18238672224379152			
REACTOME_PROTEIN_LOCALIZATION	-0.1824078473628202			
HINATA_NFKB_MATRIX	-0.18242009278870064			
HUMMERICH_BENIGN_SKIN_TUMOR_UP	-0.18242207486690104			
PID_ALK2_PATHWAY	-0.18242328040475378			
MIR4673	-0.18242348930280883			
GSE15330_HSC_VS_MEGAKARYOCYTE_ERYTHROID_PROGENITOR_UP	-0.18242647822356842			
MCAATNNNNNGCG_UNKNOWN	-0.18244080499376092			
REACTOME_SIGNALING_BY_NOTCH1_HD_DOMAIN_MUTANTS_IN_CANCER	-0.18246270836893325			
GO_ANTIGEN_PROCESSING_AND_PRESENTATION_OF_PEPTIDE_ANTIGEN_VIA_MHC_CLASS_IB	-0.18247031258571747			
GO_CELLULAR_RESPONSE_TO_PROSTAGLANDIN_STIMULUS	-0.18247333136823446			
MIR3179	-0.1824901840787812			
MIR4427	-0.18250061037800996			
GO_DYNEIN_HEAVY_CHAIN_BINDING	-0.18256347059845454			
GSE3982_MAST_CELL_VS_EFF_MEMORY_CD4_TCELL_UP	-0.18256707473015865			
GO_PROTEIN_DENEDDYLATION	-0.18256862625949338			
REACTOME_HSF1_ACTIVATION	-0.1825702614758662			
GO_OXIDOREDUCTASE_COMPLEX	-0.18257958602684676			
GO_DE_NOVO_PROTEIN_FOLDING	-0.18258468393445038			
GO_HOMOPHILIC_CELL_ADHESION_VIA_PLASMA_MEMBRANE_ADHESION_MOLECULES	-0.18260161704183905			
GO_POSITIVE_REGULATION_OF_BINDING	-0.18260206304564042			
WU_SILENCED_BY_METHYLATION_IN_BLADDER_CANCER	-0.18260930629724895			
REACTOME_REGULATION_OF_GENE_EXPRESSION_IN_LATE_STAGE_BRANCHING_MORPHOGENESIS_PANCREATIC_BUD_PRECURSOR_CELLS	-0.1826187570694669			
CAATGCA_MIR33	-0.1826432609134976			
PID_ERBB_NETWORK_PATHWAY	-0.18265094452199931			
GO_NEGATIVE_REGULATION_OF_CELL_MORPHOGENESIS_INVOLVED_IN_DIFFERENTIATION	-0.18266871311493038			
REACTOME_NR1H2_NR1H3_REGULATE_GENE_EXPRESSION_TO_LIMIT_CHOLESTEROL_UPTAKE	-0.18267893318261993			
IPA_ALX4_DN	-0.18269990542989048			
MIR6499_3P	-0.18271370030419928			
DING_LUNG_CANCER_EXPRESSION_BY_COPY_NUMBER	-0.1827322214040653			
GO_HEPARAN_SULFATE_PROTEOGLYCAN_BIOSYNTHETIC_PROCESS_ENZYMATIC_MODIFICATION	-0.1827374159371204			
GSE26030_UNSTIM_VS_RESTIM_TH17_DAY15_POST_POLARIZATION_UP	-0.18273981160866226			
BIOCARTA_PDZS_PATHWAY	-0.18274929676138169			
MIER1_TARGET_GENES	-0.18275570149825013			
GO_CYCLIN_DEPENDENT_PROTEIN_SERINE_THREONINE_KINASE_INHIBITOR_ACTIVITY	-0.1827594163192581			
GAVIN_IL2_RESPONSIVE_FOXP3_TARGETS_UP	-0.18277084107593336			
GO_REGULATION_OF_GLUCONEOGENESIS	-0.18277578346826276			
GSE21063_CTRL_VS_ANTI_IGM_STIM_BCELL_NFATC1_KO_3H_DN	-0.18279467836064703			
REACTOME_CHL1_INTERACTIONS	-0.18280143297932908			
IPA_ZBTB17_UP	-0.18280165023205494			
IPA_ZBTB17_DN	-0.18280165023205494			
GO_CLATHRIN_COMPLEX	-0.182816591557343			
GO_CYCLIC_NUCLEOTIDE_CATABOLIC_PROCESS	-0.18283416019239698			
GSE17186_CD21LOW_VS_CD21HIGH_TRANSITIONAL_BCELL_CORD_BLOOD_UP	-0.18283781206593022			
GSE5589_LPS_VS_LPS_AND_IL10_STIM_IL6_KO_MACROPHAGE_45MIN_UP	-0.1828389358454702			
AGTCTTA_MIR499	-0.1828438123357915			
GO_MAINTENANCE_OF_APICAL_BASAL_CELL_POLARITY	-0.1828478227203078			
GO_RESPONSE_TO_ACIDIC_PH	-0.18285716820922038			
COMP1_01	-0.18286113633961384			
GGCNKCCATNK_UNKNOWN	-0.18286374522430554			
GO_ESTABLISHMENT_OF_MITOCHONDRION_LOCALIZATION	-0.18287622299594974			
GO_IRON_COORDINATION_ENTITY_TRANSPORT	-0.18288944157685036			
ATGTCAC_MIR489	-0.18289014683866925			
GO_REGULATION_OF_INTRACELLULAR_LIPID_TRANSPORT	-0.18289372506018906			
CATTGTYY_SOX9_B1	-0.18289682636439739			
GO_CARNITINE_O_ACYLTRANSFERASE_ACTIVITY	-0.18290517071487467			
REACTOME_REGULATION_OF_HSF1_MEDIATED_HEAT_SHOCK_RESPONSE	-0.18291053248829034			
MIR8066	-0.18292025358337666			
MIR5687	-0.18292221455693453			
LIU_CDX2_TARGETS_UP	-0.18292598133504198			
GSE9946_MATURE_STIMULATORY_VS_PROSTAGLANDINE2_TREATED_MATURE_DC_UP	-0.18292764175024617			
EVI1_04	-0.1829709276813233			
GTCGATC_MIR3695P	-0.18297887052564876			
GO_REGULATION_OF_FILOPODIUM_ASSEMBLY	-0.1829792661829201			
GO_NEGATIVE_REGULATION_OF_PRODUCTION_OF_MIRNAS_INVOLVED_IN_GENE_SILENCING_BY_MIRNA	-0.1829844769994997			
REACTOME_HIV_ELONGATION_ARREST_AND_RECOVERY	-0.18298716978794927			
MEISSNER_NPC_HCP_WITH_H3_UNMETHYLATED	-0.18299449645567173			
MIR4318	-0.1830061722561227			
GO_POSITIVE_REGULATION_OF_DENDRITIC_SPINE_DEVELOPMENT	-0.183007479255031			
GO_REGULATION_OF_KERATINOCYTE_PROLIFERATION	-0.18301464050262806			
GSE11924_TFH_VS_TH1_CD4_TCELL_DN	-0.18303258539164968			
GO_ACETYLCHOLINE_GATED_CHANNEL_COMPLEX	-0.1830406106000741			
REACTOME_NOREPINEPHRINE_NEUROTRANSMITTER_RELEASE_CYCLE	-0.18304350564212363			
GO_REGULATION_OF_VASCULOGENESIS	-0.18304975757302608			
GO_REGULATION_OF_MITOCHONDRIAL_ELECTRON_TRANSPORT_NADH_TO_UBIQUINONE	-0.1830573861715498			
GSE28449_WT_VS_LRF_KO_GERMINAL_CENTER_BCELL_UP	-0.18307361319127594			
GO_POSITIVE_REGULATION_OF_MEMBRANE_PERMEABILITY	-0.1831180168490962			
IPA_CENPA_UP	-0.18313384956030182			
GO_DELAYED_RECTIFIER_POTASSIUM_CHANNEL_ACTIVITY	-0.18314717739254088			
KEGG_PPAR_SIGNALING_PATHWAY	-0.18314839366064536			
MIR5691_MIR6805_3P	-0.18316036731943924			
MIR3142	-0.1831641853420645			
REACTOME_CA_DEPENDENT_EVENTS	-0.183175178398807			
GO_RNA_POLYMERASE_II_ACTIVITY	-0.18318084332067838			
BCAT_BILD_ET_AL_UP	-0.18318612638029427			
NEUROD2_TARGET_GENES	-0.18322394406464892			
NEUROG3_TARGET_GENES	-0.1832376330888187			
MIR567	-0.18324810845077089			
IPA_SOX6_UP	-0.18326286168032085			
OCT1_07	-0.18326402919838633			
GO_PHOSPHATIDYLETHANOLAMINE_ACYL_CHAIN_REMODELING	-0.1832664501900453			
WEIGEL_OXIDATIVE_STRESS_BY_TBH_AND_H2O2	-0.18327394304987102			
GO_DEVELOPMENTAL_CELL_GROWTH	-0.18328691934689215			
GO_POSITIVE_REGULATION_OF_CHROMOSOME_ORGANIZATION	-0.18328933371919828			
GO_SYMPATHETIC_GANGLION_DEVELOPMENT	-0.18328994284192687			
MIR9898	-0.18329184356264877			
POU3F2_02	-0.18329304565392116			
GO_SPLICEOSOMAL_TRI_SNRNP_COMPLEX_ASSEMBLY	-0.183307488004966			
GO_REGULATION_OF_CYCLIN_DEPENDENT_PROTEIN_KINASE_ACTIVITY	-0.1833123370141403			
MIR513A_5P	-0.18332744839609025			
NOUZOVA_METHYLATED_IN_APL	-0.18333450675300453			
GO_TRANSFERRIN_RECEPTOR_BINDING	-0.1833345370295987			
MIR130A_5P	-0.18338952391731847			
GO_PURINE_NUCLEOTIDE_TRANSPORT	-0.18339121954134582			
GO_HARD_PALATE_DEVELOPMENT	-0.18339316246118031			
GO_ACTIN_NUCLEATION	-0.18345436278714067			
GO_SPHINGOLIPID_BIOSYNTHETIC_PROCESS	-0.18345930941536334			
ARP1_01	-0.18347682013078562			
HOFMANN_MYELODYSPLASTIC_SYNDROM_RISK_UP	-0.18349033619780605			
IPA_SKIL_DN	-0.18350370986744427			
GO_CELLULAR_RESPONSE_TO_COPPER_ION	-0.18350509052433875			
IPA_FEV_UP	-0.18353974092247965			
MATZUK_MALE_REPRODUCTION_SERTOLI	-0.18357470339252877			
REACTOME_VESICLE_MEDIATED_TRANSPORT	-0.1835790248453421			
REACTOME_UREA_CYCLE	-0.1836185146346635			
GO_POSITIVE_REGULATION_OF_MITOCHONDRIAL_OUTER_MEMBRANE_PERMEABILIZATION_INVOLVED_IN_APOPTOTIC_SIGNALING_PATHWAY	-0.18362052358887213			
GO_PROLACTIN_SECRETION	-0.18364698623341924			
MIR6818_3P	-0.18365068247372288			
GO_REGULATION_OF_AXON_GUIDANCE	-0.18365779447409303			
PID_HNF3A_PATHWAY	-0.1836681907295464			
GO_REACTIVE_NITROGEN_SPECIES_METABOLIC_PROCESS	-0.18366881506078558			
GO_ARTERY_SMOOTH_MUSCLE_CONTRACTION	-0.1836775323126446			
GO_STRIATUM_DEVELOPMENT	-0.18370625254319448			
GO_ROUGH_ENDOPLASMIC_RETICULUM_MEMBRANE	-0.18371272390342802			
GO_POSITIVE_REGULATION_OF_POTASSIUM_ION_TRANSPORT	-0.18373719430836655			
GO_POSITIVE_REGULATION_OF_HELICASE_ACTIVITY	-0.18374682295651898			
GO_PHOSPHATIDYLSERINE_BINDING	-0.1837478451215353			
GO_INORGANIC_ANION_TRANSMEMBRANE_TRANSPORT	-0.1837495765987579			
GO_ER_NUCLEUS_SIGNALING_PATHWAY	-0.18375008763859343			
GO_VENTRICULAR_TRABECULA_MYOCARDIUM_MORPHOGENESIS	-0.18376557135706897			
GO_HISTONE_METHYLTRANSFERASE_ACTIVITY_H4_K20_SPECIFIC	-0.1837753062624316			
IPA_AIRE_UP	-0.18378750074753156			
GSE40666_STAT1_KO_VS_STAT4_KO_CD8_TCELL_DN	-0.18380009433774025			
GO_REGULATION_OF_NODAL_SIGNALING_PATHWAY_INVOLVED_IN_DETERMINATION_OF_LEFT_RIGHT_ASYMMETRY	-0.18380122829418516			
REACTOME_N_GLYCAN_TRIMMING_IN_THE_ER_AND_CALNEXIN_CALRETICULIN_CYCLE	-0.18380977791027314			
GO_REGULATION_OF_TUBULIN_DEACETYLATION	-0.1838201897288308			
GO_X_CHROMOSOME	-0.18383123121340506			
FIGUEROA_AML_METHYLATION_CLUSTER_1_UP	-0.18383153396010282			
GO_POSITIVE_REGULATION_OF_TELOMERE_MAINTENANCE_VIA_TELOMERE_LENGTHENING	-0.1838357017430431			
IPA_MMP3_DN	-0.18384600454802866			
GO_NEUROTROPHIN_RECEPTOR_BINDING	-0.18385433195853274			
GO_G_PROTEIN_COUPLED_RECEPTOR_ACTIVITY	-0.18385988775455805			
MOREAUX_B_LYMPHOCYTE_MATURATION_BY_TACI_UP	-0.1838629972915934			
LASTOWSKA_NEUROBLASTOMA_COPY_NUMBER_DN	-0.18388116635248455			
PID_P38_MK2_PATHWAY	-0.1839008764978475			
LINDGREN_BLADDER_CANCER_CLUSTER_2A_UP	-0.18390123216916635			
GO_MEIOTIC_SPINDLE_ORGANIZATION	-0.18390246788019063			
MIR628_5P	-0.18393556133898928			
GO_NEGATIVE_REGULATION_OF_MONONUCLEAR_CELL_MIGRATION	-0.18394674426015817			
KIM_MYCN_AMPLIFICATION_TARGETS_DN	-0.1839803438323892			
GSE3982_EFF_MEMORY_VS_CENT_MEMORY_CD4_TCELL_DN	-0.18398764307949728			
BOYLAN_MULTIPLE_MYELOMA_C_DN	-0.1839878522095671			
GO_MESODERMAL_CELL_FATE_SPECIFICATION	-0.18400838770207323			
GSE20500_CTRL_VS_RETINOIC_ACID_TREATED_CD4_TCELL_DN	-0.18401042570207343			
GO_CELLULAR_HYPEROSMOTIC_RESPONSE	-0.18402778795137975			
DMRT1_TARGET_GENES	-0.18404209697294788			
GO_FEMALE_SEX_DIFFERENTIATION	-0.184050815114644			
MIR3691_5P	-0.18405118006730367			
GSE16450_CTRL_VS_IFNA_6H_STIM_MATURE_NEURON_CELL_LINE_UP	-0.18405137314297587			
GO_NEGATIVE_REGULATION_OF_MITOPHAGY	-0.18405692209581392			
MIR138_2_3P	-0.184059483604675			
GO_NADP_METABOLIC_PROCESS	-0.18408195559132398			
FOXD2_TARGET_GENES	-0.18409080594831645			
REACTOME_ADP_SIGNALLING_THROUGH_P2Y_PURINOCEPTOR_1	-0.1841046496177835			
JAERVINEN_AMPLIFIED_IN_LARYNGEAL_CANCER	-0.18410593873148445			
GO_BILE_ACID_SECRETION	-0.18410782572323456			
GO_PROTEIN_DOMAIN_SPECIFIC_BINDING	-0.18412110181539454			
GO_NEGATIVE_REGULATION_OF_RIG_I_SIGNALING_PATHWAY	-0.18412712274181994			
SASAI_TARGETS_OF_CXCR6_AND_PTCH1_DN	-0.18414409121610495			
REACTOME_ACTIVATION_OF_RAS_IN_B_CELLS	-0.1841797235945444			
GO_GOLGI_VESICLE_TRANSPORT	-0.18418167544343522			
GO_NFAT_PROTEIN_BINDING	-0.18419166982386997			
GO_REGULATION_OF_MITOCHONDRIAL_MEMBRANE_PERMEABILITY_INVOLVED_IN_APOPTOTIC_PROCESS	-0.18419346798390465			
GO_LONG_TERM_SYNAPTIC_POTENTIATION	-0.18421466242332374			
MIR138_5P	-0.18421806282631512			
GO_POSITIVE_REGULATION_OF_SYNAPSE_ASSEMBLY	-0.18422541613384694			
GSE17721_CPG_VS_GARDIQUIMOD_0.5H_BMDC_DN	-0.18424511536345145			
GO_LYMPH_VESSEL_DEVELOPMENT	-0.184260307535975			
BOSCO_EPITHELIAL_DIFFERENTIATION_MODULE	-0.18426044722251464			
MIR624_5P	-0.1842847599057984			
GSE18791_CTRL_VS_NEWCASTLE_VIRUS_DC_1H_UP	-0.18431337862279576			
GO_MRNA_CLEAVAGE	-0.1843306635576009			
GO_NITRIC_OXIDE_SYNTHASE_REGULATOR_ACTIVITY	-0.18433917776008793			
GO_NEGATIVE_REGULATION_OF_ANDROGEN_RECEPTOR_SIGNALING_PATHWAY	-0.18436611212352277			
GO_DEOXYRIBOSE_PHOSPHATE_BIOSYNTHETIC_PROCESS	-0.18437311912819726			
YGCANTGCR_UNKNOWN	-0.18439263896773908			
GO_REGULATION_OF_TRANSCRIPTION_BY_RNA_POLYMERASE_III	-0.18441457640402803			
MIR4536_3P	-0.18443259333282638			
BRUNEAU_SEPTATION_VENTRICULAR	-0.18445801517059784			
MIR139_5P	-0.18447725438066304			
GO_PROXIMAL_TUBULE_DEVELOPMENT	-0.18453950711007616			
IPA_MSX2_UP	-0.18456439534619115			
GO_ACTIVATING_TRANSCRIPTION_FACTOR_BINDING	-0.18457873863230598			
IPA_FOXO3_UP	-0.18459131507131868			
GACAATC_MIR219	-0.18459711731264425			
GSE7460_CD8_TCELL_VS_CD4_TCELL_ACT_DN	-0.18460115757939977			
GO_PROTEIN_DISULFIDE_ISOMERASE_ACTIVITY	-0.1846071992251208			
AREB6_04	-0.18461561076669272			
MIR624_3P	-0.1846186952088936			
GO_TRANSFORMING_GROWTH_FACTOR_BETA_SECRETION	-0.18465458185296613			
MIR190B_3P	-0.18467362326878858			
REACTOME_MITOCHONDRIAL_PROTEIN_IMPORT	-0.18468382940849098			
GO_CARDIAC_MUSCLE_CELL_CARDIAC_MUSCLE_CELL_ADHESION	-0.184695611227714			
TGATTTRY_GFI1_01	-0.18469726376208265			
GO_DYNEIN_LIGHT_CHAIN_BINDING	-0.18470062754750763			
KOINUMA_TARGETS_OF_SMAD2_OR_SMAD3	-0.18470518670909555			
GO_CADHERIN_BINDING	-0.1847085233574792			
GO_SULFUR_COMPOUND_BIOSYNTHETIC_PROCESS	-0.1847129273379041			
ACTGTGA_MIR27A_MIR27B	-0.1847179567243845			
GSE14000_UNSTIM_VS_4H_LPS_DC_TRANSLATED_RNA_UP	-0.1847270941128675			
GSE25123_IL4_VS_IL4_AND_ROSIGLITAZONE_STIM_PPARG_KO_MACROPHAGE_DAY10_UP	-0.18472739317241627			
GO_BODY_FLUID_SECRETION	-0.18472919703890797			
GO_RETINAL_GANGLION_CELL_AXON_GUIDANCE	-0.18473462869276944			
GO_ADULT_HEART_DEVELOPMENT	-0.1847373315815753			
GO_CLATHRIN_ADAPTOR_COMPLEX	-0.18476786415503776			
GO_NEGATIVE_REGULATION_OF_CELL_DIFFERENTIATION	-0.18478367775639384			
GO_PYRIMIDINE_NUCLEOTIDE_BIOSYNTHETIC_PROCESS	-0.18479032651640184			
IPA_UHRF1_UP	-0.18479709693322924			
GO_HIPPOCAMPUS_DEVELOPMENT	-0.1848069645665303			
ZNF423_TARGET_GENES	-0.1848069674417866			
BIOCARTA_RARRXR_PATHWAY	-0.18484158674661189			
GO_NADP_BINDING	-0.18485391019169978			
MIR1278	-0.1848644272447598			
MIR100_5P_MIR99A_5P_MIR99B_5P	-0.1848760256336419			
REACTOME_RETROGRADE_NEUROTROPHIN_SIGNALLING	-0.1848886861087005			
GO_REGULATION_OF_CARDIOBLAST_DIFFERENTIATION	-0.1848951047012448			
GSE38697_LIGHT_ZONE_VS_DARK_ZONE_BCELL_DN	-0.18490097831930452			
RODRIGUES_NTN1_TARGETS_UP	-0.18492415353770184			
TOMLINS_METASTASIS_UP	-0.18493104957899936			
REACTOME_G_ALPHA_Z_SIGNALLING_EVENTS	-0.18494475580630546			
GO_DENDRITIC_SPINE_HEAD	-0.18495898783472806			
GO_POSITIVE_REGULATION_OF_LIGASE_ACTIVITY	-0.18496059706739024			
AAGGGAT_MIR188	-0.1849758468941255			
IPA_GLIS1_UP	-0.18497830358683198			
GO_GLIAL_CELL_DERIVED_NEUROTROPHIC_FACTOR_RECEPTOR_SIGNALING_PATHWAY	-0.1849846135923254			
JI_METASTASIS_REPRESSED_BY_STK11	-0.18500044147072398			
NIKOLSKY_BREAST_CANCER_7P22_AMPLICON	-0.18502311523079068			
GO_DNA_HELICASE_COMPLEX	-0.18502323970128737			
REACTOME_2_LTR_CIRCLE_FORMATION	-0.18502399270814063			
MIR6817_3P	-0.18504635224599564			
GO_CARBOHYDRATE_DERIVATIVE_TRANSPORT	-0.18505363206004224			
MARIADASON_RESPONSE_TO_BUTYRATE_SULINDAC_6	-0.18506732137467638			
GO_EYE_PHOTORECEPTOR_CELL_DEVELOPMENT	-0.18509304354382525			
IPA_RBL1_UP	-0.1851151016196932			
GO_COMMITMENT_OF_NEURONAL_CELL_TO_SPECIFIC_NEURON_TYPE_IN_FOREBRAIN	-0.1851266203168982			
MIR4693_3P	-0.18513360699635342			
GSE17721_CTRL_VS_CPG_1H_BMDC_UP	-0.18513382136066753			
GO_CHLORIDE_TRANSMEMBRANE_TRANSPORTER_ACTIVITY	-0.18513997125716936			
GO_ANION_TRANSMEMBRANE_TRANSPORTER_ACTIVITY	-0.18515017812740253			
GO_RESPONSE_TO_OLEIC_ACID	-0.18515321277091912			
ANDERSEN_CHOLANGIOCARCINOMA_CLASS1	-0.18516105813481193			
GO_METALLOCARBOXYPEPTIDASE_ACTIVITY	-0.1851679267035966			
GO_INTRAMOLECULAR_OXIDOREDUCTASE_ACTIVITY_TRANSPOSING_C_C_BONDS	-0.1851681729056798			
KEGG_MELANOMA	-0.18518484260997403			
GO_GLUCOSE_METABOLIC_PROCESS	-0.18518594135054753			
GO_PROTEIN_POLYGLUTAMYLATION	-0.18518629344838486			
GO_ESTABLISHMENT_OR_MAINTENANCE_OF_CELL_POLARITY	-0.18520126816302235			
GO_PLATELET_ALPHA_GRANULE_MEMBRANE	-0.18521841121849994			
MIR218_2_3P	-0.18522042853283388			
GO_REGULATION_OF_HYDROGEN_PEROXIDE_METABOLIC_PROCESS	-0.1852217204650191			
MIR6894_3P	-0.18522244461255086			
BIOCARTA_TERC_PATHWAY	-0.18522620247433857			
GO_EXTRINSIC_COMPONENT_OF_MITOCHONDRIAL_INNER_MEMBRANE	-0.1852291772387794			
GSE46143_CTRL_VS_LMP2A_TRANSDUCED_CD10_POS_GC_BCELL_UP	-0.18524189113112433			
GO_3_CHLOROALLYL_ALDEHYDE_DEHYDROGENASE_ACTIVITY	-0.18524311809956936			
REACTOME_OREXIN_AND_NEUROPEPTIDES_FF_AND_QRFP_BIND_TO_THEIR_RESPECTIVE_RECEPTORS	-0.18524534474701232			
GO_REGULATION_OF_VACUOLAR_TRANSPORT	-0.18526693560098803			
GO_GLUTAMINE_FAMILY_AMINO_ACID_BIOSYNTHETIC_PROCESS	-0.18527845504946736			
GATA1_02	-0.18528552122224665			
MIR130B_5P	-0.18529926582913547			
GO_POLY_PURINE_TRACT_BINDING	-0.18530574770849467			
GO_REGULATION_OF_NEURON_PROJECTION_ARBORIZATION	-0.18530700758841556			
GO_POSITIVE_REGULATION_OF_NEURON_PROJECTION_ARBORIZATION	-0.18530793471005771			
IPA_NFYC_UP	-0.18531096900531505			
IPA_NFIC_UP	-0.18531096900531505			
GO_MUSCLE_ADAPTATION	-0.18533431347782786			
REACTOME_G_PROTEIN_MEDIATED_EVENTS	-0.1853554580264122			
GGAMTNNNNNTCCY_UNKNOWN	-0.1853592522845084			
IPA_OTX2_UP	-0.18536021411670023			
GO_ASTRAL_MICROTUBULE_ORGANIZATION	-0.18537413653379564			
AMIT_SERUM_RESPONSE_120_MCF10A	-0.18537758271126623			
GO_PROTEIN_INSERTION_INTO_MITOCHONDRIAL_MEMBRANE	-0.18540229106394068			
ODONNELL_METASTASIS_DN	-0.18541237945792263			
MIR4671_3P	-0.18541904889750144			
GO_PROTEIN_INSERTION_INTO_MITOCHONDRIAL_MEMBRANE_INVOLVED_IN_APOPTOTIC_SIGNALING_PATHWAY	-0.18544088271922207			
MIR4716_5P	-0.18547876034227181			
GSE29949_MICROGLIA_BRAIN_VS_CD8_POS_DC_SPLEEN_DN	-0.18551618822527313			
GO_TRABECULA_FORMATION	-0.18553450696137963			
MIR6129	-0.18554825718956344			
GO_DEVELOPMENT_OF_PRIMARY_FEMALE_SEXUAL_CHARACTERISTICS	-0.18556826512217386			
DAZARD_UV_RESPONSE_CLUSTER_G24	-0.18559789146350625			
BIOCARTA_SUMO_PATHWAY	-0.18559925919512366			
MIR6787_3P	-0.18560109552830023			
GO_SPHINGOMYELIN_CATABOLIC_PROCESS	-0.1856181760964755			
GO_TRANSCRIPTION_FACTOR_TFIIA_COMPLEX	-0.18563664955934328			
IPA_MLXIPL_UP	-0.18564258045899382			
GSE17721_CTRL_VS_POLYIC_4H_BMDC_UP	-0.1856513499383979			
TURASHVILI_BREAST_DUCTAL_CARCINOMA_VS_DUCTAL_NORMAL_DN	-0.18565731756107737			
GO_POSITIVE_REGULATION_OF_PHENOTYPIC_SWITCHING	-0.1856662012049164			
GO_REGULATION_OF_VASCULAR_SMOOTH_MUSCLE_CELL_DEDIFFERENTIATION	-0.1856662012049164			
GO_NEGATIVE_REGULATION_OF_DENDRITE_DEVELOPMENT	-0.18571948874454233			
GO_CYTIDYLYLTRANSFERASE_ACTIVITY	-0.18572054960875456			
CAHOY_NEURONAL	-0.18572440218470368			
GO_REGULATION_OF_I_KAPPAB_PHOSPHORYLATION	-0.18572630675755053			
MIR550A_3P	-0.18573581103660788			
IPA_FOSL2_DN	-0.18573769044394384			
GO_NEGATIVE_REGULATION_OF_SMAD_PROTEIN_COMPLEX_ASSEMBLY	-0.18575084630314			
HUMMEL_BURKITTS_LYMPHOMA_UP	-0.18576048479483745			
GO_HORMONE_METABOLIC_PROCESS	-0.18576383547419772			
GSE2585_CD80_HIGH_VS_LOW_AIRE_KO_MTEC_DN	-0.18576773805158198			
MIR6822_3P	-0.18577054158357825			
MIR6808_5P	-0.1857907450142271			
GSE2128_C57BL6_VS_NOD_THYMOCYTE_DN	-0.18581135959469075			
MIR4518	-0.18584663783133287			
GO_BMP_RECEPTOR_BINDING	-0.18584843097176967			
LUDWICZEK_TREATING_IRON_OVERLOAD	-0.18585240132815256			
REACTOME_TRANSCRIPTIONAL_REGULATION_BY_RUNX1	-0.18585623446082658			
GO_REVERSIBLE_DIFFERENTIATION	-0.185867886167827			
GO_POSITIVE_REGULATION_OF_PROTEIN_CATABOLIC_PROCESS	-0.1858700690225023			
GO_AUTOPHAGY_OF_NUCLEUS	-0.18587103768039895			
IPA_ESR1_DN	-0.18587796852428137			
IPA_FOXO4_DN	-0.1858791200970074			
GO_SMAD_PROTEIN_COMPLEX_ASSEMBLY	-0.18588342758342316			
MOLENAAR_TARGETS_OF_CCND1_AND_CDK4_UP	-0.18592478604821266			
MIR6799_5P	-0.18592719908245936			
NIKOLSKY_BREAST_CANCER_8Q23_Q24_AMPLICON	-0.185927490626455			
DICER1_TARGET_GENES	-0.18592794562849277			
GO_PROGESTERONE_METABOLIC_PROCESS	-0.1859327473151143			
MIR4324	-0.18593713707537537			
GO_REGULATION_OF_MICROVILLUS_ORGANIZATION	-0.18594749495680085			
IPA_KLF10_DN	-0.18595303705945956			
GO_GTPASE_INHIBITOR_ACTIVITY	-0.18595578242297917			
GO_MITOCHONDRIAL_OUTER_MEMBRANE_PERMEABILIZATION	-0.18596802595417833			
GO_HYDROLASE_ACTIVITY_HYDROLYZING_O_GLYCOSYL_COMPOUNDS	-0.18597326560844787			
FRASOR_TAMOXIFEN_RESPONSE_UP	-0.1859900430423103			
GSE17721_LPS_VS_POLYIC_16H_BMDC_DN	-0.18599060077420076			
GO_PROTEIN_NITROSYLATION	-0.18599204774446346			
MIR4484	-0.18600211313237502			
BENPORATH_ES_CORE_NINE	-0.18600267874604692			
GO_DOPAMINERGIC_NEURON_DIFFERENTIATION	-0.18601744402784942			
GO_NEGATIVE_REGULATION_OF_CELLULAR_CATABOLIC_PROCESS	-0.18602046087557622			
GCCNNNWTAAR_UNKNOWN	-0.18602155920239333			
GO_POSITIVE_REGULATION_OF_REGULATED_SECRETORY_PATHWAY	-0.18604210837364646			
GO_POSITIVE_REGULATION_OF_SYNAPTIC_VESICLE_ENDOCYTOSIS	-0.18605070104243668			
GO_CLATHRIN_DEPENDENT_ENDOCYTOSIS	-0.18605202974064383			
GO_REGION_OF_CYTOSOL	-0.18605416150499696			
OHM_EMBRYONIC_CARCINOMA_UP	-0.18605418113469718			
GO_ANTIPORTER_ACTIVITY	-0.18605453695563706			
GO_BRANCHING_INVOLVED_IN_SALIVARY_GLAND_MORPHOGENESIS	-0.18607505920185416			
GO_AP_3_ADAPTOR_COMPLEX	-0.18607531914208095			
MIR4298	-0.18608001413973896			
FIGUEROA_AML_METHYLATION_CLUSTER_6_UP	-0.1860992981070662			
GO_POSITIVE_REGULATION_OF_SYNAPTIC_VESICLE_RECYCLING	-0.18610185589017494			
GO_CHLORIDE_CHANNEL_INHIBITOR_ACTIVITY	-0.186109602287649			
GO_POSITIVE_REGULATION_OF_TELOMERE_CAPPING	-0.18611328098688978			
GO_PRE_MIRNA_BINDING	-0.18616415890607732			
REACTOME_ACTIVATION_OF_GENE_EXPRESSION_BY_SREBF_SREBP	-0.18616419353172417			
GO_NEGATIVE_REGULATION_OF_SISTER_CHROMATID_COHESION	-0.18617492846148842			
GO_REGULATION_OF_CARDIOCYTE_DIFFERENTIATION	-0.18620807251128504			
GSE16385_UNTREATED_VS_12H_ROSIGLITAZONE_TREATED_MACROPHAGE_DN	-0.18622061818403193			
TURASHVILI_BREAST_DUCTAL_CARCINOMA_VS_LOBULAR_NORMAL_DN	-0.18622917270719666			
GO_PEPTIDOGLYCAN_MURALYTIC_ACTIVITY	-0.18623394349547856			
MIR6893_5P	-0.1862365901478569			
GO_MIDBRAIN_DEVELOPMENT	-0.18624198559120259			
HOLLERN_PAPILLARY_BREAST_TUMOR	-0.18624221669367824			
IPA_STRAP_UP	-0.18625360343015246			
MIR4715_5P	-0.18627360743198107			
GO_SYNAPSE_ORGANIZATION	-0.18627726727047622			
REACTOME_ACTIVATED_NTRK3_SIGNALS_THROUGH_RAS	-0.18628808543385164			
REACTOME_ERYTHROPOIETIN_ACTIVATES_PHOSPHOLIPASE_C_GAMMA_PLCG	-0.18629808432569533			
MIR3177_5P	-0.18630353504179883			
GSE45365_HEALTHY_VS_MCMV_INFECTION_CD11B_DC_UP	-0.18630494886681787			
GSE27786_CD4_TCELL_VS_ERYTHTROBLAST_UP	-0.1863115155599736			
GO_REGULATION_OF_EXTENT_OF_CELL_GROWTH	-0.18632039352568772			
GO_INTRAMEMBRANE_LIPID_TRANSPORTER_ACTIVITY	-0.18633491584302533			
REACTOME_GAB1_SIGNALOSOME	-0.18635716782941256			
GO_MEMBRANE_REPOLARIZATION	-0.18636350716385472			
MIR4306	-0.18636462898753495			
REACTOME_DNA_DAMAGE_RECOGNITION_IN_GG_NER	-0.1863680447818519			
MARIADASON_RESPONSE_TO_BUTYRATE_CURCUMIN_SULINDAC_TSA_1	-0.18637633122099348			
GO_CALCIUM_ION_TRANSMEMBRANE_TRANSPORT_VIA_HIGH_VOLTAGE_GATED_CALCIUM_CHANNEL	-0.18638175317471709			
GO_TRIGEMINAL_NERVE_DEVELOPMENT	-0.18639025949119506			
GO_DNA_METHYLATION	-0.18639411376140694			
GO_ESTABLISHMENT_OF_SERTOLI_CELL_BARRIER	-0.18639710437747617			
MIR937_5P	-0.1864470136317927			
IPA_MTF1_UP	-0.1864496925091049			
GO_REGULATION_OF_MESONEPHROS_DEVELOPMENT	-0.1864534133808829			
MIR5003_5P	-0.18647087315835642			
GO_REGULATION_OF_GLOMERULAR_FILTRATION	-0.1864794581676902			
GO_VACUOLE_ORGANIZATION	-0.18649890809734093			
MIR1247_5P	-0.1865073598250821			
GO_VITAMIN_D_RECEPTOR_BINDING	-0.18653083239366047			
GO_REGULATION_OF_PROTEIN_BINDING	-0.18653531471482623			
GO_CARBOHYDRATE_PHOSPHATASE_ACTIVITY	-0.18654776823509317			
WATANABE_COLON_CANCER_MSI_VS_MSS_DN	-0.1865626159655119			
GO_O_ACETYLTRANSFERASE_ACTIVITY	-0.18656702610617235			
GO_DERLIN_1_RETROTRANSLOCATION_COMPLEX	-0.1865779256492271			
GO_ESTABLISHMENT_OF_ORGANELLE_LOCALIZATION	-0.18659127156531666			
MIR3150A_3P	-0.18659802541190118			
TAATAAT_MIR126	-0.18659998080130544			
GSE8835_CD4_VS_CD8_TCELL_CLL_PATIENT_DN	-0.186604107603075			
MIR3652	-0.18660415904536376			
GO_DENDRITIC_SPINE_MORPHOGENESIS	-0.18660592936410594			
GO_MLL3_4_COMPLEX	-0.1866096686399902			
GO_POSITIVE_REGULATION_OF_MUSCLE_TISSUE_DEVELOPMENT	-0.18661178251721802			
MIR6831_3P	-0.18661241254191988			
GSE18893_CTRL_VS_TNF_TREATED_TCONV_2H_DN	-0.1866237528060894			
MIR6796_5P	-0.1866358185832159			
GSE17721_PAM3CSK4_VS_CPG_0.5H_BMDC_UP	-0.18665824273856996			
GO_REGULATION_OF_AMYLOID_PRECURSOR_PROTEIN_CATABOLIC_PROCESS	-0.1866676793550028			
GO_D1_DOPAMINE_RECEPTOR_BINDING	-0.186668587338589			
GSE22611_MUTANT_NOD2_TRANSDUCED_VS_CTRL_HEK293T_STIMULATED_WITH_MDP_6H_UP	-0.18668102400950493			
GATA4_Q3	-0.18668116964159281			
KIM_ALL_DISORDERS_CALB1_CORR_UP	-0.18669566725045808			
ARNT_02	-0.18669779127843128			
GO_NEGATIVE_REGULATION_OF_HISTONE_H3_K9_METHYLATION	-0.18669787824448345			
IPA_RPA2_UP	-0.18673371628625451			
GO_NEGATIVE_REGULATION_OF_SMAD_PROTEIN_SIGNAL_TRANSDUCTION	-0.1867394868436011			
REACTOME_NEGATIVE_REGULATION_OF_MAPK_PATHWAY	-0.18674398544314555			
MIR1539	-0.1867706609417777			
GO_REGULATION_OF_PROTEIN_LOCALIZATION_TO_SYNAPSE	-0.18677950645218408			
CHESLER_BRAIN_QTL_TRANS	-0.1867884021701287			
GO_POSITIVE_REGULATION_OF_FIBROBLAST_APOPTOTIC_PROCESS	-0.18678991935435046			
MIR3122	-0.186801697095144			
chr1q41	-0.1868035414588868			
MIR662	-0.18680688468355536			
OSF2_Q6	-0.18681153558546482			
GO_MITOCHONDRIAL_FUSION	-0.1868391855933906			
TOMIDA_METASTASIS_DN	-0.18684609725827844			
GSE21670_TGFB_VS_IL6_TREATED_CD4_TCELL_DN	-0.18686948223849362			
VETTER_TARGETS_OF_PRKCA_AND_ETS1_UP	-0.18687389099043625			
GSE13411_NAIVE_VS_IGM_MEMORY_BCELL_DN	-0.18687623305817141			
NMYC_01	-0.18687698749200954			
GSE9946_MATURE_STIMULATORY_VS_LISTERIA_INF_MATURE_DC_UP	-0.1868774800932337			
REACTOME_AKT_PHOSPHORYLATES_TARGETS_IN_THE_CYTOSOL	-0.1868801141551817			
GO_CHLORIDE_ION_HOMEOSTASIS	-0.18689694941101317			
IPA_RBL2_UP	-0.18690234843354858			
IWANAGA_CARCINOGENESIS_BY_KRAS_UP	-0.18690720501049754			
GO_CYTOPLASMIC_SIDE_OF_LYSOSOMAL_MEMBRANE	-0.1869228512515421			
GO_INTESTINAL_EPITHELIAL_CELL_DEVELOPMENT	-0.18692376744350372			
GSE1566_WT_VS_EZH2_KO_LN_TCELL_UP	-0.18693446595050717			
GO_MULTI_ORGANISM_BEHAVIOR	-0.1869414043398048			
GO_REGULATION_OF_LYASE_ACTIVITY	-0.18694391788439074			
IPA_SMARCC2_UP	-0.18695144517501855			
IPA_FANCD2_UP	-0.18695144517501855			
IPA_TAF10_UP	-0.18695144517501855			
IPA_TAF12_UP	-0.18695144517501855			
REACTOME_SIGNALING_BY_MST1	-0.18695930324258708			
GO_TOLL_LIKE_RECEPTOR_BINDING	-0.18696093957563875			
MIR17_3P	-0.18696697995722678			
GSE20366_CD103_KLRG1_DP_VS_DN_TREG_UP	-0.186967564794677			
GO_ORGANIC_CATION_TRANSMEMBRANE_TRANSPORTER_ACTIVITY	-0.18696843711908898			
GO_FATTY_ACID_DERIVATIVE_TRANSPORT	-0.18696856003906248			
GSE25087_TREG_VS_TCONV_FETUS_DN	-0.186972431772718			
GO_APOPTOTIC_PROCESS_IN_BONE_MARROW_CELL	-0.186980734015331			
GO_TRNA_THIO_MODIFICATION	-0.18698618376556955			
chr2p16	-0.18700645149072698			
VECCHI_GASTRIC_CANCER_ADVANCED_VS_EARLY_DN	-0.187033248095326			
GO_PROTEIN_K11_LINKED_DEUBIQUITINATION	-0.18705526911180426			
GO_POSITIVE_REGULATION_OF_FERTILIZATION	-0.18706631342148214			
REACTOME_PP2A_MEDIATED_DEPHOSPHORYLATION_OF_KEY_METABOLIC_FACTORS	-0.1870766999655032			
GO_CELL_CELL_JUNCTION_ASSEMBLY	-0.18708069385344578			
IGARASHI_ATF4_TARGETS_DN	-0.187107078340094			
GSE17974_IL4_AND_ANTI_IL12_VS_UNTREATED_1H_ACT_CD4_TCELL_DN	-0.18710849983255462			
GO_GAP_JUNCTION_ASSEMBLY	-0.18713327710696806			
GO_BASOLATERAL_PLASMA_MEMBRANE	-0.18714360648385137			
GSE46606_UNSTIM_VS_CD40L_IL2_IL5_3DAY_STIMULATED_IRF4HIGH_SORTED_BCELL_UP	-0.18715383917604286			
GO_NEGATIVE_REGULATION_OF_PHOSPHATIDYLINOSITOL_3_KINASE_SIGNALING	-0.18715938823577605			
GO_PRC1_COMPLEX	-0.18717085589279964			
REACTOME_METABOLISM_OF_AMINE_DERIVED_HORMONES	-0.1871839326558283			
PR_02	-0.18719164472034203			
GO_RECYCLING_ENDOSOME	-0.187196660593528			
GO_HISTONE_DEACETYLASE_BINDING	-0.1872000938768905			
SASAI_TARGETS_OF_CXCR6_AND_PTCH1_UP	-0.18720293891096185			
GENTILE_UV_LOW_DOSE_UP	-0.18720482439406172			
ACAWNRNSRCGG_UNKNOWN	-0.1872060978046819			
GO_CHYLOMICRON	-0.1872108821443239			
CHOP_01	-0.18721714369503314			
GSE3982_DC_VS_NEUTROPHIL_UP	-0.1872175469232755			
GO_PEPTIDYL_LYSINE_MONOMETHYLATION	-0.18723911355184658			
MIR376A_3P_MIR376B_3P	-0.1872435159524534			
GCTCTTG_MIR335	-0.18726101843059137			
GR_01	-0.18726200071587842			
GO_GLUCURONOSYLTRANSFERASE_ACTIVITY	-0.18728434216163758			
GO_REGULATION_OF_RESTING_MEMBRANE_POTENTIAL	-0.18728600277100543			
GSE2405_HEAT_KILLED_LYSATE_VS_LIVE_A_PHAGOCYTOPHILUM_STIM_NEUTROPHIL_24H_UP	-0.18730892887430636			
GO_GALACTOLIPID_METABOLIC_PROCESS	-0.18730902008288716			
ACEVEDO_LIVER_CANCER_WITH_H3K27ME3_DN	-0.18731357650898747			
GO_NEGATIVE_REGULATION_OF_MESENCHYMAL_CELL_PROLIFERATION	-0.18731705883692212			
BIOCARTA_CARM_ER_PATHWAY	-0.18732872788455118			
chr13q22	-0.18734089240143256			
GO_MISFOLDED_PROTEIN_BINDING	-0.18737335918070921			
WANG_LSD1_TARGETS_UP	-0.18737809157383065			
GO_GTPASE_ACTIVATING_PROTEIN_BINDING	-0.18738422017988196			
REACTOME_DISPLACEMENT_OF_DNA_GLYCOSYLASE_BY_APEX1	-0.18738704652385058			
KORKOLA_EMBRYONIC_CARCINOMA_VS_SEMINOMA_UP	-0.18740511854518277			
GO_POSITIVE_REGULATION_OF_NEUROTRANSMITTER_UPTAKE	-0.18740964624447645			
GO_CYCLIC_NUCLEOTIDE_BINDING	-0.18744160337794147			
GO_POSITIVE_REGULATION_OF_VASCULAR_ASSOCIATED_SMOOTH_MUSCLE_CELL_MIGRATION	-0.1874416827164061			
GSE9601_NFKB_INHIBITOR_VS_PI3K_INHIBITOR_TREATED_HCMV_INF_MONOCYTE_UP	-0.18747732367228678			
GO_CELL_CELL_JUNCTION_ORGANIZATION	-0.18748519898938956			
ZSCAN26_TARGET_GENES	-0.18748710726961798			
GSE41176_WT_VS_TAK1_KO_ANTI_IGM_STIM_BCELL_3H_UP	-0.18749355472528542			
MIR497_3P	-0.18750996648610582			
MIR6514_3P	-0.18752747808830433			
GSE37301_CD4_TCELL_VS_GRANULOCYTE_MONOCYTE_PROGENITOR_UP	-0.18753026941104597			
GO_LABYRINTHINE_LAYER_DEVELOPMENT	-0.1875570346243667			
GSE41978_ID2_KO_AND_BIM_KO_VS_BIM_KO_KLRG1_LOW_EFFECTOR_CD8_TCELL_UP	-0.18755796833084593			
GO_CELLULAR_RESPONSE_TO_FLUID_SHEAR_STRESS	-0.1875629574933916			
EGFR_TARGET_GENES	-0.18757257263916466			
CCAWNWWNNNGGC_UNKNOWN	-0.1875727083261929			
GO_ROUGH_ENDOPLASMIC_RETICULUM	-0.18757523206846888			
GO_REGULATION_OF_PROTEASOMAL_UBIQUITIN_DEPENDENT_PROTEIN_CATABOLIC_PROCESS	-0.18757995115354015			
KEGG_NEUROTROPHIN_SIGNALING_PATHWAY	-0.18759042879978385			
XU_GH1_AUTOCRINE_TARGETS_UP	-0.18759767220302384			
FOXF1_TARGET_GENES	-0.18761511453545282			
GO_REGULATION_OF_PLATELET_AGGREGATION	-0.18764118569569732			
GO_POSITIVE_REGULATION_OF_SMOOTH_MUSCLE_CELL_DIFFERENTIATION	-0.18764368942370793			
GCACCTT_MIR18A_MIR18B	-0.18765605225131554			
REACTOME_FORMATION_OF_THE_EARLY_ELONGATION_COMPLEX	-0.18768986234755614			
GO_AMPA_GLUTAMATE_RECEPTOR_COMPLEX	-0.18769210825632437			
ZMYND11_TARGET_GENES	-0.18769386089530996			
REACTOME_TRANSPORT_AND_SYNTHESIS_OF_PAPS	-0.1877167022683173			
GO_POSITIVE_REGULATION_OF_NUCLEOBASE_CONTAINING_COMPOUND_METABOLIC_PROCESS	-0.18771920670711656			
GO_HISTONE_PRE_MRNA_3_END_PROCESSING_COMPLEX	-0.18772870291175187			
COIL_TARGET_GENES	-0.18773460015030627			
GO_ACYL_COA_OXIDASE_ACTIVITY	-0.18774374377321243			
GO_PHOSPHATIDYLGLYCEROL_METABOLIC_PROCESS	-0.18774977245087449			
GO_NEGATIVE_REGULATION_OF_HORMONE_SECRETION	-0.18775752386692462			
IPA_RARB_UP	-0.18776374306942822			
GO_LEUKOCYTE_CHEMOTAXIS_INVOLVED_IN_INFLAMMATORY_RESPONSE	-0.18777107506676766			
GO_CELL_CELL_JUNCTION	-0.18778564743935539			
GSE26488_WT_VS_HDAC7_KO_DOUBLE_POSITIVE_THYMOCYTE_UP	-0.18778587542979383			
GO_PYRIMIDINE_DEOXYRIBONUCLEOSIDE_MONOPHOSPHATE_BIOSYNTHETIC_PROCESS	-0.18779967133397374			
GSE1740_MCSF_VS_MCSF_AND_IFNG_DAY2_DERIVED_MACROPHAGE_DN	-0.18781813683226395			
OHGUCHI_LIVER_HNF4A_TARGETS_UP	-0.18782008253380528			
GO_NEGATIVE_REGULATION_OF_NEURON_MIGRATION	-0.1878210727208623			
GO_LYSINE_N_ACETYLTRANSFERASE_ACTIVITY_ACTING_ON_ACETYL_PHOSPHATE_AS_DONOR	-0.1878258485981874			
GO_REGULATION_OF_MEMBRANE_REPOLARIZATION_DURING_CARDIAC_MUSCLE_CELL_ACTION_POTENTIAL	-0.18785566484965044			
ACAACTT_MIR382	-0.18787318316285398			
REACTOME_TRANSPORT_OF_BILE_SALTS_AND_ORGANIC_ACIDS_METAL_IONS_AND_AMINE_COMPOUNDS	-0.18787845717027316			
GO_NEURON_PROJECTION_REGENERATION	-0.18788657421374286			
GO_POSITIVE_REGULATION_OF_CARDIAC_MUSCLE_TISSUE_DEVELOPMENT	-0.18788820044214288			
GO_REGULATION_OF_IRE1_MEDIATED_UNFOLDED_PROTEIN_RESPONSE	-0.18788926778580545			
GO_GLOMERULAR_EPITHELIAL_CELL_DIFFERENTIATION	-0.1878930355745598			
GO_SNRNA_MODIFICATION	-0.18789627044803323			
LIU_CDX2_TARGETS_DN	-0.18789728664383656			
GO_DEVELOPMENT_OF_SECONDARY_SEXUAL_CHARACTERISTICS	-0.18791498668683154			
IPA_CDC73_UP	-0.187944521708517			
REACTOME_BETA_OXIDATION_OF_LAUROYL_COA_TO_DECANOYL_COA_COA	-0.1879456127098386			
AACTTT_UNKNOWN	-0.1880007331051317			
REACTOME_RNA_POLYMERASE_III_TRANSCRIPTION_TERMINATION	-0.18801093647284298			
REACTOME_GABA_B_RECEPTOR_ACTIVATION	-0.18801700878798555			
GO_CELL_MIGRATION_IN_HINDBRAIN	-0.18802350865044884			
chr1q32	-0.18802497499214374			
LHX3_TARGET_GENES	-0.18802908825793654			
GO_NEGATIVE_REGULATION_OF_ENDOCYTOSIS	-0.18803887876233036			
CUX1_TARGET_GENES	-0.18805096245542677			
GO_REGULATION_OF_EXOSOMAL_SECRETION	-0.1880654479848621			
GSE22886_NAIVE_CD4_TCELL_VS_48H_ACT_TH2_UP	-0.18807421200958743			
MIR6880_5P	-0.18808082952616448			
GSE3982_EFF_MEMORY_CD4_TCELL_VS_TH1_UP	-0.18813168384961876			
GO_CERAMIDE_BIOSYNTHETIC_PROCESS	-0.18814017904550304			
GSE7852_TREG_VS_TCONV_THYMUS_DN	-0.18815527915682959			
GO_REDUCTION_OF_FOOD_INTAKE_IN_RESPONSE_TO_DIETARY_EXCESS	-0.18816839056377416			
GO_TOOTH_MINERALIZATION	-0.18817142678767826			
GO_LIGASE_ACTIVITY_FORMING_CARBON_CARBON_BONDS	-0.18817998376253553			
GROSS_HYPOXIA_VIA_HIF1A_UP	-0.1881828990858585			
MIR196B_3P	-0.18818314798286934			
GO_NEGATIVE_REGULATION_OF_MEMBRANE_DEPOLARIZATION	-0.1881862313421801			
MIR1285_3P	-0.18818732475022043			
GO_PROTEIN_MONOUBIQUITINATION	-0.1881896312980355			
TGAGATT_MIR216	-0.18819100695128083			
GO_CHOLESTEROL_CATABOLIC_PROCESS	-0.18820411491600358			
GO_REGULATION_OF_NUCLEAR_TRANSCRIBED_MRNA_POLY_A_TAIL_SHORTENING	-0.1882164668155612			
GO_DNA_MODIFICATION	-0.18822179508426332			
GO_COLUMNAR_CUBOIDAL_EPITHELIAL_CELL_MATURATION	-0.18822731466447237			
GO_INNER_MITOCHONDRIAL_MEMBRANE_PROTEIN_COMPLEX	-0.1882277582939482			
ZNF329_TARGET_GENES	-0.18822931945016697			
IPA_ESRRA_UP	-0.1882373667707782			
GO_DENDRITIC_SPINE_MAINTENANCE	-0.18824749293712892			
GO_PRIMARY_AMINO_COMPOUND_METABOLIC_PROCESS	-0.1882477310450091			
GO_RESPONSE_TO_LEUCINE	-0.18827239293928674			
FOXO1_02	-0.18827802248234146			
GO_EXTRACELLULAR_REGULATION_OF_SIGNAL_TRANSDUCTION	-0.18828205295042288			
CHIARADONNA_NEOPLASTIC_TRANSFORMATION_KRAS_CDC25_UP	-0.1882898632794505			
GO_RECEPTOR_CLUSTERING	-0.1883070199920687			
REACTOME_RUNX1_REGULATES_TRANSCRIPTION_OF_GENES_INVOLVED_IN_DIFFERENTIATION_OF_HSCS	-0.18832446916488332			
GO_POSITIVE_REGULATION_OF_MEIOTIC_NUCLEAR_DIVISION	-0.18834016623973962			
IPA_KAT5_UP	-0.1883429283552452			
HOFMANN_MYELODYSPLASTIC_SYNDROM_LOW_RISK_DN	-0.18834919324640867			
PPARG_01	-0.18837017294876002			
GSE17721_0.5H_VS_12H_POLYIC_BMDC_UP	-0.18837120050771702			
GO_NEUROTRANSMITTER_UPTAKE	-0.18838016391591156			
GSE27786_LIN_NEG_VS_NKTCELL_UP	-0.1883892801755179			
GSE15750_WT_VS_TRAF6KO_DAY6_EFF_CD8_TCELL_DN	-0.18839161699406412			
REACTOME_RAB_REGULATION_OF_TRAFFICKING	-0.18839236928344946			
MIR383_3P	-0.1883977342577009			
MIR1301_5P	-0.18839850987248147			
GSE19888_ADENOSINE_A3R_ACT_VS_TCELL_MEMBRANES_ACT_AND_A3R_INH_PRETREAT_IN_MAST_CELL_UP	-0.18840765300901943			
GO_SYNAPSE	-0.18841337206089995			
GO_SPINDLE_ASSEMBLY_INVOLVED_IN_MEIOSIS	-0.18841740860473058			
MIR6759_3P	-0.1884229634569089			
GO_L_ASCORBIC_ACID_METABOLIC_PROCESS	-0.1884473459749792			
PEART_HDAC_PROLIFERATION_CLUSTER_UP	-0.18845297199564823			
IPA_PDX1_DN	-0.18845653861469433			
GO_INDOLE_CONTAINING_COMPOUND_METABOLIC_PROCESS	-0.18846041250788068			
GO_POSITIVE_REGULATION_OF_ATPASE_COUPLED_CALCIUM_TRANSMEMBRANE_TRANSPORTER_ACTIVITY	-0.18846044640601342			
GO_UBIQUITIN_LIKE_PROTEIN_CONJUGATING_ENZYME_BINDING	-0.18846349324200473			
GO_NEURON_RECOGNITION	-0.18846893929431813			
GO_CEREBELLAR_PURKINJE_CELL_LAYER_FORMATION	-0.18847057372243894			
GO_NEUROFILAMENT	-0.1884757170469632			
GO_GLYCOLYTIC_FERMENTATION	-0.18848262775374638			
MCBRYAN_PUBERTAL_BREAST_4_5WK_UP	-0.18849506982145356			
MIR2392	-0.1884993700971962			
AGGGCCA_MIR328	-0.18850375253408377			
MIR29B_1_5P	-0.18851792564726705			
KRISHNAN_FURIN_TARGETS_UP	-0.18852154886544298			
TBK1.DN.48HRS_UP	-0.188540557777194			
GO_POLY_N_ACETYLLACTOSAMINE_METABOLIC_PROCESS	-0.18855647343944792			
GO_SKELETAL_MUSCLE_ADAPTATION	-0.18855781545393852			
FARMER_BREAST_CANCER_APOCRINE_VS_BASAL	-0.18856495548996144			
MIR365B_5P	-0.1885781834551485			
chr2q34	-0.18859595827845904			
GO_ANATOMICAL_STRUCTURE_ARRANGEMENT	-0.1886044815499264			
SREBP1_01	-0.18861257188920472			
GO_ANCHORED_COMPONENT_OF_PLASMA_MEMBRANE	-0.18862415569406935			
GO_COMMISSURAL_NEURON_AXON_GUIDANCE	-0.1886268670457156			
MIR10524_5P	-0.18862705352389017			
GO_POSITIVE_REGULATION_OF_PROTEIN_EXIT_FROM_ENDOPLASMIC_RETICULUM	-0.18863786692167506			
MIR4269	-0.18863943426391788			
MIR6795_5P	-0.18863997532174298			
ATAAGCT_MIR21	-0.18864325648712096			
GO_POSITIVE_REGULATION_OF_CELL_PROJECTION_ORGANIZATION	-0.1886505044189158			
GO_REGULATION_OF_HISTONE_H3_K9_ACETYLATION	-0.18865315925281895			
GO_REGULATION_OF_CHROMATIN_BINDING	-0.18867300464300962			
YGCGYRCGC_UNKNOWN	-0.18867688939497695			
IM_SREBF1A_TARGETS	-0.18868860968925338			
GSE21063_CTRL_VS_ANTI_IGM_STIM_BCELL_8H_DN	-0.1887277262534089			
GO_AUDITORY_RECEPTOR_CELL_FATE_COMMITMENT	-0.18874200041626016			
VANTVEER_BREAST_CANCER_POOR_PROGNOSIS	-0.18875452017734398			
GO_RETROGRADE_TRANS_SYNAPTIC_SIGNALING	-0.18875943127021			
TURJANSKI_MAPK1_AND_MAPK2_TARGETS	-0.18876196256320585			
SA_PROGRAMMED_CELL_DEATH	-0.18876919572088585			
MTOR_UP.V1_DN	-0.18877082756642855			
GO_RESPONSE_TO_NERVE_GROWTH_FACTOR	-0.1887790701567088			
GO_CAMP_METABOLIC_PROCESS	-0.18878333332065236			
GO_RESPONSE_TO_LEPTIN	-0.1888116362940509			
GO_SIN3_COMPLEX	-0.18882906690740994			
GSE3982_CTRL_VS_LPS_1H_NEUTROPHIL_DN	-0.18884455926213325			
PID_P38_MKK3_6PATHWAY	-0.1888527949186022			
WATANABE_RECTAL_CANCER_RADIOTHERAPY_RESPONSIVE_UP	-0.18885336515426376			
GO_POSITIVE_REGULATION_OF_PLASMA_MEMBRANE_BOUNDED_CELL_PROJECTION_ASSEMBLY	-0.18885988917115737			
MIR365A_5P	-0.18886009297050366			
GO_NEGATIVE_REGULATION_OF_PROTEOLYSIS_INVOLVED_IN_CELLULAR_PROTEIN_CATABOLIC_PROCESS	-0.18887098316488907			
PEDERSEN_METASTASIS_BY_ERBB2_ISOFORM_1	-0.1888764947298033			
MIR548G_3P	-0.18887977295896868			
PAX8_TARGET_GENES	-0.18889592389076987			
NAGASHIMA_NRG1_SIGNALING_DN	-0.188903541145886			
GO_SMOOTH_MUSCLE_CELL_APOPTOTIC_PROCESS	-0.1889068360491437			
MIR3164	-0.1889108469817163			
GO_NEGATIVE_REGULATION_OF_DENDRITIC_SPINE_MORPHOGENESIS	-0.18891191945646085			
GO_REGULATION_OF_METAPHASE_PLATE_CONGRESSION	-0.18893402928663514			
GO_REGULATION_OF_CYCLIC_NUCLEOTIDE_PHOSPHODIESTERASE_ACTIVITY	-0.18896846352023583			
GO_RHO_GTPASE_BINDING	-0.1889854831103943			
GO_RESPONSE_TO_ENDOPLASMIC_RETICULUM_STRESS	-0.18898571889621263			
GO_SMOOTHENED_SIGNALING_PATHWAY_INVOLVED_IN_VENTRAL_SPINAL_CORD_PATTERNING	-0.18899400314627676			
GO_RELAXATION_OF_CARDIAC_MUSCLE	-0.18899847662222663			
GO_POSITIVE_REGULATION_OF_ADENYLATE_CYCLASE_ACTIVITY	-0.1889988284760325			
IPA_DBP_DN	-0.1890249899028143			
YEGNASUBRAMANIAN_PROSTATE_CANCER	-0.1890453320958136			
GSE5542_IFNG_VS_IFNA_TREATED_EPITHELIAL_CELLS_24H_UP	-0.18905470148337805			
MIR1915_5P	-0.1890622119348867			
GO_PROTEIN_TYROSINE_KINASE_ACTIVITY	-0.18906631448245037			
GO_INTRACILIARY_TRANSPORT	-0.18907026435991867			
GO_NEGATIVE_REGULATION_OF_PINOCYTOSIS	-0.18907271915599635			
REACTOME_NTRK2_ACTIVATES_RAC1	-0.1890748517607882			
IPA_SKI_DN	-0.1890794779379777			
REACTOME_PEPTIDE_HORMONE_METABOLISM	-0.18908404236852752			
REACTOME_GLYCOGEN_BREAKDOWN_GLYCOGENOLYSIS	-0.18909425423770157			
GO_ENDOPLASMIC_RETICULUM_TUBULAR_NETWORK	-0.1891099701446736			
MIR5094	-0.18912567663421911			
GO_DNA_DEMETHYLATION	-0.18912953307446198			
ACTWSNACTNY_UNKNOWN	-0.18913806024990557			
VERRECCHIA_RESPONSE_TO_TGFB1_C5	-0.18914877633980698			
IPA_NFIL3_DN	-0.1891531630839904			
GO_ANDROGEN_BIOSYNTHETIC_PROCESS	-0.18916138471916452			
GO_FLOPPASE_ACTIVITY	-0.18917051807509588			
MYOGNF1_01	-0.1891705478741377			
GO_PHARYNGEAL_ARCH_ARTERY_MORPHOGENESIS	-0.18919643394434746			
REN_ALVEOLAR_RHABDOMYOSARCOMA_UP	-0.18919786965758606			
IPA_NR2C2_DN	-0.18919816187216695			
GO_POSTSYNAPTIC_SPECIALIZATION_ORGANIZATION	-0.1892077945691542			
MIR6857_3P	-0.18921012258666742			
PLASARI_TGFB1_SIGNALING_VIA_NFIC_1HR_DN	-0.18922830849912542			
GO_SPINDLE_ELONGATION	-0.1892290136203243			
GO_REGULATION_OF_PEPTIDYL_CYSTEINE_S_NITROSYLATION	-0.1892411010285513			
MIR4659B_5P	-0.18926245606897113			
AMIT_SERUM_RESPONSE_20_MCF10A	-0.18926315858006704			
GO_REGULATION_OF_AORTA_MORPHOGENESIS	-0.18926622640419485			
GSE19401_PLN_VS_PEYERS_PATCH_FOLLICULAR_DC_UP	-0.18927113466733617			
GO_POSITIVE_REGULATION_OF_HISTONE_DEACETYLASE_ACTIVITY	-0.1892718494216583			
GO_ARACHIDONIC_ACID_MONOOXYGENASE_ACTIVITY	-0.1892841942175635			
ATGTAGC_MIR221_MIR222	-0.1892868611180286			
IPA_FOXA2_DN	-0.18929497182785704			
KEGG_CHRONIC_MYELOID_LEUKEMIA	-0.1893014076738502			
REACTOME_ACTIVATED_NTRK2_SIGNALS_THROUGH_PI3K	-0.18930498220349773			
GO_NEGATIVE_REGULATION_OF_EPITHELIAL_CELL_DIFFERENTIATION_INVOLVED_IN_KIDNEY_DEVELOPMENT	-0.18932093280214218			
KYNG_DNA_DAMAGE_BY_4NQO	-0.18932102339648138			
GO_NEGATIVE_REGULATION_OF_MONOCYTE_CHEMOTAXIS	-0.18932566695629466			
GO_GENITALIA_MORPHOGENESIS	-0.18933494949154497			
GO_N_ACETYLGLUCOSAMINE_METABOLIC_PROCESS	-0.189335237900343			
GO_VITAMIN_D_BINDING	-0.18934704035442748			
MIR892B	-0.18935138399828352			
TBPL1_TARGET_GENES	-0.1893599854134171			
GO_REGULATION_OF_HYDROGEN_PEROXIDE_BIOSYNTHETIC_PROCESS	-0.18936366744883887			
GO_POSITIVE_REGULATION_OF_SPINDLE_ASSEMBLY	-0.18936636087232941			
GO_POSITIVE_REGULATION_OF_TRANSMEMBRANE_RECEPTOR_PROTEIN_SERINE_THREONINE_KINASE_SIGNALING_PATHWAY	-0.18937320988936623			
GO_POSITIVE_REGULATION_OF_NEUROTROPHIN_TRK_RECEPTOR_SIGNALING_PATHWAY	-0.18937708325319902			
chr17q24	-0.18938075878423383			
GO_REGULATION_OF_RIBOSOME_BIOGENESIS	-0.18938450237699064			
GO_NEUROENDOCRINE_CELL_DIFFERENTIATION	-0.18938739995577292			
SMID_BREAST_CANCER_RELAPSE_IN_LIVER_DN	-0.1893900513523808			
GO_LAMININ_COMPLEX	-0.18939586400515912			
GO_SARCOMERE_ORGANIZATION	-0.1894006122336913			
GO_DENDRITE_SELF_AVOIDANCE	-0.1894016084786644			
GO_MYOSIN_COMPLEX	-0.18940326364868548			
GO_EMBRYONIC_PLACENTA_DEVELOPMENT	-0.18940630106822623			
GO_CATION_CHANNEL_COMPLEX	-0.18942053163267822			
GO_GAP_JUNCTION_CHANNEL_ACTIVITY_INVOLVED_IN_CELL_COMMUNICATION_BY_ELECTRICAL_COUPLING	-0.18942088131612245			
GO_PLASMA_MEMBRANE_FUSION	-0.1894360177644646			
BHAT_ESR1_TARGETS_NOT_VIA_AKT1_DN	-0.18943617538377516			
GO_NEUREGULIN_BINDING	-0.18943941649355572			
GO_NEGATIVE_REGULATION_OF_MITOCHONDRION_ORGANIZATION	-0.18944909558787548			
GO_POSITIVE_REGULATION_OF_MICROTUBULE_BINDING	-0.1894661754042633			
GO_RESPONSE_TO_GROWTH_HORMONE	-0.18947357691153094			
BERENJENO_TRANSFORMED_BY_RHOA_REVERSIBLY_UP	-0.18949300766692856			
GO_HISTONE_H3_ACETYLATION	-0.18949906692331353			
MIR8071	-0.18950844975151665			
LE_SKI_TARGETS_UP	-0.18951139751436885			
RODRIGUES_THYROID_CARCINOMA_POORLY_DIFFERENTIATED_DN	-0.18951218577631823			
MIKKELSEN_MEF_LCP_WITH_H3K27ME3	-0.18953067719297254			
GO_HEAD_DEVELOPMENT	-0.18953803495533478			
GO_COPI_VESICLE_COAT	-0.18953991345498944			
GO_RNA_POLYMERASE_II_INTRONIC_TRANSCRIPTION_REGULATORY_REGION_SEQUENCE_SPECIFIC_DNA_BINDING	-0.18954038863926795			
MIR3691_3P	-0.18954321702635535			
GSE28737_WT_VS_BCL6_KO_MARGINAL_ZONE_BCELL_DN	-0.18955080571492253			
IPA_PPP1R13B_UP	-0.1895580493060628			
GO_ARGININE_METABOLIC_PROCESS	-0.18956018528060495			
GO_DETECTION_OF_VIRUS	-0.18959097733762187			
REACTOME_RHO_GTPASES_ACTIVATE_CIT	-0.1895970985600629			
GO_PRESYNAPSE_ORGANIZATION	-0.18961256103444943			
GO_CALMODULIN_DEPENDENT_PROTEIN_PHOSPHATASE_ACTIVITY	-0.18961858199071724			
GO_BASAL_DENDRITE	-0.18962596871790283			
GO_ALDEHYDE_DEHYDROGENASE_NAD_P_PLUS_ACTIVITY	-0.18964023769262692			
MIR12122	-0.18964105477135393			
MIR3184_3P	-0.18964940004504682			
LEIN_PONS_MARKERS	-0.1896620483546315			
MOOTHA_FFA_OXYDATION	-0.18967201629432195			
MYOD_01	-0.18967520492453543			
GO_DEMETHYLATION	-0.1896958026854789			
GO_3_HYDROXYACYL_COA_DEHYDROGENASE_ACTIVITY	-0.1896993216103275			
GO_DENDRITE_MORPHOGENESIS	-0.18970494138882452			
GO_REGULATION_OF_HEPATIC_STELLATE_CELL_ACTIVATION	-0.18973928268644105			
GO_DEFINITIVE_ERYTHROCYTE_DIFFERENTIATION	-0.1897591313438093			
GSE19198_CTRL_VS_IL21_TREATED_TCELL_1H_UP	-0.1897594696135092			
GO_ANTRAL_OVARIAN_FOLLICLE_GROWTH	-0.1897602699182614			
GO_POSITIVE_REGULATION_OF_PLATELET_DERIVED_GROWTH_FACTOR_RECEPTOR_SIGNALING_PATHWAY	-0.18976039414334853			
MIR6835_5P	-0.1897683736272249			
GSE16385_MONOCYTE_VS_12H_ROSIGLITAZONE_TREATED_MACROPHAGE_DN	-0.18978202707174321			
GO_HISTONE_METHYLTRANSFERASE_ACTIVITY_H3_K9_SPECIFIC	-0.18979445757801972			
GO_OXIDOREDUCTASE_ACTIVITY_ACTING_ON_THE_CH_CH_GROUP_OF_DONORS	-0.18982085839478877			
YAUCH_HEDGEHOG_SIGNALING_PARACRINE_UP	-0.18982720647424983			
GO_PHOSPHAGEN_METABOLIC_PROCESS	-0.18982777919682212			
GSE9946_IMMATURE_VS_PROSTAGLANDINE2_TREATED_MATURE_DC_UP	-0.1898344621708989			
GO_REGULATION_OF_INCLUSION_BODY_ASSEMBLY	-0.18984101014793833			
GO_TRANSFORMING_GROWTH_FACTOR_BETA_PRODUCTION	-0.18984411540675158			
REACTOME_ERBB2_ACTIVATES_PTK6_SIGNALING	-0.18984473447547345			
GO_CLATHRIN_COAT_ASSEMBLY	-0.1898509925565577			
GO_VIRAL_BUDDING	-0.18985377181506888			
chr7q35	-0.18985528170671204			
PID_NFKAPPAB_ATYPICAL_PATHWAY	-0.18985744570328214			
RB_DN.V1_UP	-0.18986610660624353			
PLASARI_TGFB1_TARGETS_1HR_UP	-0.18987343469228032			
GO_PHOSPHOLIPID_METABOLIC_PROCESS	-0.18988190038774744			
SMID_BREAST_CANCER_ERBB2_UP	-0.1898876979192883			
GO_POSITIVE_REGULATION_OF_NEURON_PROJECTION_DEVELOPMENT	-0.18988847017051577			
IPA_ZNF254_UP	-0.1898944866869046			
IPA_ZNF100_UP	-0.1898944866869046			
IPA_ZNF528_UP	-0.1898944866869046			
IPA_ZNF431_UP	-0.1898944866869046			
IPA_ZNF91_UP	-0.1898944866869046			
IPA_ZNF708_UP	-0.1898944866869046			
GO_VITAMIN_CATABOLIC_PROCESS	-0.18991365137727897			
GSE20715_0H_VS_6H_OZONE_TLR4_KO_LUNG_DN	-0.18991737922837096			
GO_HINDBRAIN_RADIAL_GLIA_GUIDED_CELL_MIGRATION	-0.18992282772685823			
P300_01	-0.1899444044344026			
SESTO_RESPONSE_TO_UV_C8	-0.1899596672597043			
GO_SEBACEOUS_GLAND_DEVELOPMENT	-0.1899616046258393			
GO_POLY_A_BINDING	-0.18997986038182427			
GO_RESPONSE_TO_ETHER	-0.18998048564656822			
GO_NEUROFILAMENT_CYTOSKELETON_ORGANIZATION	-0.18998882158823202			
GO_ADIPONECTIN_ACTIVATED_SIGNALING_PATHWAY	-0.1899987303810211			
GO_NEURAL_RETINA_DEVELOPMENT	-0.19000825450712394			
BAE_BRCA1_TARGETS_UP	-0.19001160861798558			
GO_CELLULAR_RESPONSE_TO_VASCULAR_ENDOTHELIAL_GROWTH_FACTOR_STIMULUS	-0.19001938435769564			
IPA_TFDP2_UP	-0.19002491404568922			
REACTOME_NRCAM_INTERACTIONS	-0.1900259309228883			
chr7p21	-0.19003184065864698			
GO_MICOS_COMPLEX	-0.19003833815833868			
GO_REGULATION_OF_LIGASE_ACTIVITY	-0.19008299439093396			
GO_PROTEIN_LOCALIZATION_TO_LYSOSOME	-0.19009157716341235			
GO_REGULATION_OF_NEUROTROPHIN_TRK_RECEPTOR_SIGNALING_PATHWAY	-0.190093182458257			
GO_FATTY_ACID_TRANSMEMBRANE_TRANSPORTER_ACTIVITY	-0.19009552627323728			
RB_P130_DN.V1_DN	-0.19010116145296432			
FONTAINE_FOLLICULAR_THYROID_ADENOMA_UP	-0.1901038046256407			
GO_REGULATION_OF_RECEPTOR_INTERNALIZATION	-0.19010805927089028			
GSE17721_POLYIC_VS_GARDIQUIMOD_12H_BMDC_DN	-0.19012880805121207			
GO_RE_ENTRY_INTO_MITOTIC_CELL_CYCLE	-0.19013835971394002			
GO_RESPONSE_TO_CGMP	-0.1901406107568554			
MIR6130	-0.1901415170661446			
GO_RIGHTING_REFLEX	-0.19014263952840785			
GSE31082_DN_VS_DP_THYMOCYTE_UP	-0.19014312364855201			
SHETH_LIVER_CANCER_VS_TXNIP_LOSS_PAM1	-0.1901634391882002			
GSE45365_NK_CELL_VS_CD8_TCELL_DN	-0.19016532618932339			
GO_NEGATIVE_REGULATION_OF_GLIAL_CELL_PROLIFERATION	-0.19016956314310254			
GSE37301_MULTIPOTENT_PROGENITOR_VS_CD4_TCELL_DN	-0.1901806074809087			
MIR1587	-0.19019857299070467			
GO_RESPONSE_TO_LEAD_ION	-0.19020115909397442			
MIR6716_5P	-0.1902051115043251			
GO_AMYLOID_BETA_FORMATION	-0.19020876590370067			
GO_GLYCOPROTEIN_COMPLEX	-0.19021116448138417			
MCBRYAN_PUBERTAL_TGFB1_TARGETS_DN	-0.19021456474908205			
GO_SMOOTHENED_SIGNALING_PATHWAY	-0.19021474322620097			
MIR5010_5P	-0.19021715805836165			
PURBEY_TARGETS_OF_CTBP1_AND_SATB1_DN	-0.19022316741053363			
REACTOME_DIGESTION_AND_ABSORPTION	-0.19025051877759738			
REACTOME_TRANS_GOLGI_NETWORK_VESICLE_BUDDING	-0.1902570725732377			
GO_CALCIUM_INDEPENDENT_CELL_CELL_ADHESION_VIA_PLASMA_MEMBRANE_CELL_ADHESION_MOLECULES	-0.19026146634836094			
GO_MEMBRANE_COAT	-0.1902652098987027			
GO_REGULATION_OF_INFLAMMATORY_RESPONSE_TO_WOUNDING	-0.19026648677392624			
GSE3203_HEALTHY_VS_INFLUENZA_INFECTED_LN_BCELL_DN	-0.19026776537082857			
KUMAMOTO_RESPONSE_TO_NUTLIN_3A_UP	-0.19026987685582764			
GO_REGULATION_OF_CARDIAC_EPITHELIAL_TO_MESENCHYMAL_TRANSITION	-0.19027144822447184			
HILLION_HMGA1_TARGETS	-0.19027717061022809			
IPA_ZNF665_UP	-0.1902808359608216			
IPA_ZNF85_UP	-0.1902808359608216			
REACTOME_TERMINATION_OF_O_GLYCAN_BIOSYNTHESIS	-0.19028147224854874			
GSE40274_FOXP3_VS_FOXP3_AND_GATA1_TRANSDUCED_ACTIVATED_CD4_TCELL_UP	-0.19028201733866865			
MARTORIATI_MDM4_TARGETS_NEUROEPITHELIUM_DN	-0.19028460807144706			
MIR1343_5P	-0.1903324245372953			
GO_REGULATION_OF_BROWN_FAT_CELL_DIFFERENTIATION	-0.1903411931307977			
MCCLUNG_DELTA_FOSB_TARGETS_2WK	-0.19035813530410708			
GO_TELOMERASE_HOLOENZYME_COMPLEX_ASSEMBLY	-0.19037029409123857			
GO_POSITIVE_REGULATION_OF_PROTEOLYSIS_INVOLVED_IN_CELLULAR_PROTEIN_CATABOLIC_PROCESS	-0.19037367183932136			
GO_SEROTONIN_TRANSPORT	-0.19037416753545708			
GO_FILOPODIUM_ASSEMBLY	-0.190389372074751			
IPA_LHX6_UP	-0.19039022203767378			
REACTOME_CREB1_PHOSPHORYLATION_THROUGH_THE_ACTIVATION_OF_CAMKII_CAMKK_CAMKIV_CASCASDE	-0.19039581424096383			
REACTOME_REGULATION_OF_COMMISSURAL_AXON_PATHFINDING_BY_SLIT_AND_ROBO	-0.19039608264828578			
MIR3680_5P	-0.1904068621691212			
GO_CYCLIC_NUCLEOTIDE_METABOLIC_PROCESS	-0.19043591144684094			
GSE14308_TH17_VS_NAIVE_CD4_TCELL_DN	-0.19044591014837411			
MIR143_3P_MIR4770	-0.19047754819632898			
CAGGTCC_MIR492	-0.19047969863739897			
GHANDHI_BYSTANDER_IRRADIATION_DN	-0.1904869901556144			
MIR3619_3P	-0.19048946835294742			
GO_CELL_ADHESIVE_PROTEIN_BINDING_INVOLVED_IN_BUNDLE_OF_HIS_CELL_PURKINJE_MYOCYTE_COMMUNICATION	-0.19048954178268496			
GSE3982_MAST_CELL_VS_TH2_UP	-0.19051091770639533			
GO_LABYRINTHINE_LAYER_MORPHOGENESIS	-0.19051707968248768			
GO_CARDIAC_LEFT_VENTRICLE_MORPHOGENESIS	-0.19052110815542508			
GO_CHAPERONE_COFACTOR_DEPENDENT_PROTEIN_REFOLDING	-0.19052189352863555			
GO_POSITIVE_REGULATION_OF_MRNA_PROCESSING	-0.1905250957182585			
SCHAEFFER_PROSTATE_DEVELOPMENT_AND_CANCER_BOX1_DN	-0.1905313392061035			
GO_FOREBRAIN_VENTRICULAR_ZONE_PROGENITOR_CELL_DIVISION	-0.190538306173765			
REACTOME_COMPLEX_I_BIOGENESIS	-0.1905402423245866			
GO_NEGATIVE_REGULATION_OF_LYMPHOCYTE_DIFFERENTIATION	-0.19054449306787044			
ODONNELL_METASTASIS_UP	-0.19056622050141908			
NR2E3_TARGET_GENES	-0.19057008848054724			
MIR629_5P	-0.19057011867116747			
GO_FOREBRAIN_NEURON_DEVELOPMENT	-0.19057016822106568			
IPA_LMO3_DN	-0.1905720242361955			
IPA_CREB5_DN	-0.1905720242361955			
GO_NEGATIVE_REGULATION_OF_PLATELET_ACTIVATION	-0.19057417148930192			
HSF_Q6	-0.1905806964319623			
GO_MEMBRANE_DEPOLARIZATION_DURING_CARDIAC_MUSCLE_CELL_ACTION_POTENTIAL	-0.19058283900102113			
GO_NUCLEAR_RECEPTOR_TRANSCRIPTION_COACTIVATOR_ACTIVITY	-0.19058360777632097			
LHX2_TARGET_GENES	-0.19060954121592505			
chr1q44	-0.19061054644302217			
MIR1273H_5P	-0.19061720244497482			
MIR4463	-0.1906240839955767			
GO_COENZYME_A_METABOLIC_PROCESS	-0.1906291999239409			
GO_NEGATIVE_REGULATION_OF_ACTIVIN_RECEPTOR_SIGNALING_PATHWAY	-0.19063508279507438			
WANG_METASTASIS_OF_BREAST_CANCER	-0.19064532477511786			
CAHOY_OLIGODENDROCUTIC	-0.19065925481392987			
GO_REGULATION_OF_AXONOGENESIS	-0.19066092583993755			
GO_POSITIVE_REGULATION_OF_RNA_METABOLIC_PROCESS	-0.1906617644705478			
REACTOME_TFAP2A_ACTS_AS_A_TRANSCRIPTIONAL_REPRESSOR_DURING_RETINOIC_ACID_INDUCED_CELL_DIFFERENTIATION	-0.19066825225635664			
CCCNNNNNNAAGWT_UNKNOWN	-0.19067090708029702			
GO_NEURON_PROJECTION_CYTOPLASM	-0.190676541649466			
MIR10525_3P	-0.19068258291223403			
REACTOME_REGULATION_OF_CHOLESTEROL_BIOSYNTHESIS_BY_SREBP_SREBF	-0.19068433386653688			
GO_CLEAVAGE_FURROW_FORMATION	-0.19068703761828215			
GSE7218_UNSTIM_VS_ANTIGEN_STIM_THROUGH_IGG_BCELL_UP	-0.19068796870989746			
GO_CEREBRAL_CORTEX_DEVELOPMENT	-0.19070141249827297			
GO_NEGATIVE_REGULATION_OF_CELL_FATE_SPECIFICATION	-0.19071655456731437			
IPA_CDK9_DN	-0.19073503768490105			
REACTOME_SUPPRESSION_OF_PHAGOSOMAL_MATURATION	-0.19073856297965205			
GSE20715_0H_VS_24H_OZONE_LUNG_DN	-0.1907395254347623			
REACTOME_SIGNALING_BY_NOTCH1	-0.19074249427289686			
GO_DICHOTOMOUS_SUBDIVISION_OF_AN_EPITHELIAL_TERMINAL_UNIT	-0.19075008515831315			
EGR1_01	-0.19075413156305207			
REACTOME_NOTCH4_ACTIVATION_AND_TRANSMISSION_OF_SIGNAL_TO_THE_NUCLEUS	-0.19076025350641695			
GO_COPPER_ION_IMPORT	-0.19076460744904442			
GO_ACETYLCHOLINE_GATED_CATION_SELECTIVE_CHANNEL_ACTIVITY	-0.19076979842529426			
IPA_DBP_UP	-0.1907702782138075			
GO_SKELETAL_MUSCLE_TISSUE_GROWTH	-0.19078328540169842			
MIR449B_3P	-0.19078388554479053			
GO_POSITIVE_REGULATION_OF_EXTRACELLULAR_MATRIX_ASSEMBLY	-0.19080088772025539			
GO_REGULATION_OF_BLOOD_CIRCULATION	-0.1908073875275952			
IPA_NCOA3_UP	-0.1908134608985402			
MIR4533	-0.19081920253956675			
GSE17721_0.5H_VS_4H_POLYIC_BMDC_UP	-0.1908224250612111			
REACTOME_ENDOSOMAL_SORTING_COMPLEX_REQUIRED_FOR_TRANSPORT_ESCRT	-0.19082961862159523			
GO_CELL_GROWTH	-0.19083971528462346			
IPA_ZEB2_UP	-0.19084512414049637			
PID_P53_REGULATION_PATHWAY	-0.19085749858504503			
GO_NEPHRIC_DUCT_MORPHOGENESIS	-0.19085863818969379			
GSE14308_TH1_VS_NAIVE_CD4_TCELL_DN	-0.19086407288480484			
GO_LUNG_LOBE_DEVELOPMENT	-0.19086498000309898			
REACTOME_CHOLINE_CATABOLISM	-0.19086741316633693			
chr18q11	-0.19087124416934412			
GO_RNA_POLYMERASE_II_TRANSCRIPTION_FACTOR_COMPLEX	-0.19090178181706505			
MIR514A_3P_MIR514B_3P	-0.19092027645080953			
REACTOME_FGFR2_ALTERNATIVE_SPLICING	-0.19092086381282408			
GO_ATPASE_COMPLEX	-0.19095270120152116			
MIR153_3P	-0.19096013322381172			
MIR661	-0.1909649417207273			
GO_N_TERMINAL_PROTEIN_AMINO_ACID_ACETYLATION	-0.19098627912210428			
REACTOME_PI3K_EVENTS_IN_ERBB2_SIGNALING	-0.1909864995512773			
GSE15750_WT_VS_TRAF6KO_DAY6_EFF_CD8_TCELL_UP	-0.1910014645083399			
E2F1_Q3_01	-0.1910153463459065			
GO_METANEPHRIC_S_SHAPED_BODY_MORPHOGENESIS	-0.19102217568420887			
SHEN_SMARCA2_TARGETS_DN	-0.19102449838405572			
MIR939_5P	-0.19102877059258683			
GSE2770_UNTREATED_VS_TGFB_AND_IL4_TREATED_ACT_CD4_TCELL_2H_UP	-0.19102976619010917			
YORDY_RECIPROCAL_REGULATION_BY_ETS1_AND_SP100_UP	-0.19105306493660165			
MCBRYAN_PUBERTAL_BREAST_5_6WK_UP	-0.19105381211041705			
GRADE_COLON_VS_RECTAL_CANCER_DN	-0.1910628416096761			
GO_RHYTHMIC_BEHAVIOR	-0.19107320896686733			
GO_MITOCHONDRIAL_RIBOSOME_ASSEMBLY	-0.1910856066561449			
GO_CARDIAC_MUSCLE_FIBER_DEVELOPMENT	-0.19108692133426697			
REACTOME_ZINC_INFLUX_INTO_CELLS_BY_THE_SLC39_GENE_FAMILY	-0.19109249822272403			
CREB3L4_TARGET_GENES	-0.19110703887440303			
GO_INNER_MITOCHONDRIAL_MEMBRANE_ORGANIZATION	-0.19111171766517604			
MIR6778_5P	-0.19111247995896274			
GO_PROTEASOME_BINDING	-0.1911209126277112			
GO_NEGATIVE_REGULATION_OF_T_CELL_MIGRATION	-0.19112780603809626			
GO_NEGATIVE_REGULATION_OF_MEMBRANE_REPOLARIZATION_DURING_CARDIAC_MUSCLE_CELL_ACTION_POTENTIAL	-0.1911343863459956			
GO_TRNA_ADENINE_METHYLTRANSFERASE_ACTIVITY	-0.1911641786938976			
DUTERTRE_ESTRADIOL_RESPONSE_24HR_DN	-0.19117289402683485			
REACTOME_SYNTHESIS_SECRETION_AND_INACTIVATION_OF_GLUCAGON_LIKE_PEPTIDE_1_GLP_1	-0.19117943106495072			
GO_ASYMMETRIC_STEM_CELL_DIVISION	-0.1911899904243255			
GO_HOMOTYPIC_CELL_CELL_ADHESION	-0.19120749363345646			
MASRI_RESISTANCE_TO_TAMOXIFEN_AND_AROMATASE_INHIBITORS_UP	-0.19122222961854818			
MIR3605_5P	-0.19122364014229815			
MIR6874_5P	-0.19123137856016736			
MIR155_5P	-0.1912405576020204			
GO_INTRINSIC_APOPTOTIC_SIGNALING_PATHWAY_IN_RESPONSE_TO_OXIDATIVE_STRESS	-0.19125395336816736			
GSE41867_DAY6_VS_DAY15_LCMV_CLONE13_EFFECTOR_CD8_TCELL_UP	-0.19125800219522238			
GO_REGULATION_OF_INSULIN_LIKE_GROWTH_FACTOR_RECEPTOR_SIGNALING_PATHWAY	-0.1912643748089803			
HOEGERKORP_CD44_TARGETS_DIRECT_DN	-0.19127073522353033			
GO_NEGATIVE_REGULATION_OF_APOPTOTIC_PROCESS_IN_BONE_MARROW_CELL	-0.19128962131257804			
TAGAACC_MIR182	-0.19130079607830155			
MIR5589_3P	-0.19130132273747782			
SCHAEFFER_PROSTATE_DEVELOPMENT_AND_CANCER_BOX6_DN	-0.19131250093468663			
MAZ_Q6	-0.1913157854557465			
GO_REGULATION_OF_CELLULAR_PROTEIN_CATABOLIC_PROCESS	-0.19131888413735354			
NPAT_TARGET_GENES	-0.19131932644592484			
GSE14769_UNSTIM_VS_20MIN_LPS_BMDM_UP	-0.1913210672903235			
GO_PRESYNAPTIC_DENSE_CORE_VESICLE_EXOCYTOSIS	-0.19132646782819485			
GO_DOPAMINE_BIOSYNTHETIC_PROCESS	-0.1913410743067074			
GO_PRESYNAPTIC_ACTIVE_ZONE	-0.1913479197679842			
MIR3189_5P	-0.19135591444866493			
WANG_METASTASIS_OF_BREAST_CANCER_ESR1_UP	-0.1913572858202578			
REACTOME_RUNX1_REGULATES_EXPRESSION_OF_COMPONENTS_OF_TIGHT_JUNCTIONS	-0.19136550595875765			
GO_CALCIUM_DEPENDENT_PROTEIN_BINDING	-0.19137608086779273			
GSE22033_UNTREATED_VS_MRL24_TREATED_MEF_UP	-0.19138066768232467			
MIR92B_5P	-0.1913871462751029			
GO_VESICLE_TETHERING_TO_GOLGI	-0.19139908602938382			
GO_WNT_SIGNALING_PATHWAY_CALCIUM_MODULATING_PATHWAY	-0.19139941531735824			
GO_RESPONSE_TO_METAL_ION	-0.19140752458943264			
MIR6729_3P	-0.19141079554540893			
GO_POSITIVE_REGULATION_OF_PROGRAMMED_NECROTIC_CELL_DEATH	-0.19142823569556514			
REACTOME_APOPTOTIC_CLEAVAGE_OF_CELL_ADHESION_PROTEINS	-0.1914333336453207			
MIR6763_5P	-0.1914372538344245			
MIR6502_5P	-0.19143786206805513			
PITX1_TARGET_GENES	-0.19144375135376981			
HALLMARK_HEDGEHOG_SIGNALING	-0.19144605808877987			
LIU_CMYB_TARGETS_UP	-0.1914514497170814			
GO_ALPHA_1_3_FUCOSYLTRANSFERASE_ACTIVITY	-0.19145740643838327			
IPA_THRA_UP	-0.1914646277877083			
GO_MODULATION_BY_HOST_OF_SYMBIONT_MOLECULAR_FUNCTION	-0.19147092390671394			
GO_PROTEIN_POLYUFMYLATION	-0.1914815770844938			
GO_POSITIVE_REGULATION_OF_EXTRINSIC_APOPTOTIC_SIGNALING_PATHWAY_IN_ABSENCE_OF_LIGAND	-0.19150232033708064			
GO_P53_BINDING	-0.1915091973705965			
GO_RESPONSE_TO_STIMULUS_INVOLVED_IN_REGULATION_OF_MUSCLE_ADAPTATION	-0.1915125020948285			
REACTOME_REGULATION_OF_PTEN_LOCALIZATION	-0.1915149322461627			
GO_CELL_ADHESION_MEDIATOR_ACTIVITY	-0.19152042299555294			
GO_REGULATION_OF_CELL_COMMUNICATION_BY_ELECTRICAL_COUPLING_INVOLVED_IN_CARDIAC_CONDUCTION	-0.19152503905892773			
GO_DORSAL_AORTA_DEVELOPMENT	-0.19153641641105795			
VALK_AML_CLUSTER_2	-0.19153655075980736			
GO_POSTSYNAPTIC_SPECIALIZATION_MEMBRANE	-0.1915424538466567			
REACTOME_PROCESSING_AND_ACTIVATION_OF_SUMO	-0.1915662795611729			
MIR4442	-0.19156798506377842			
MIR1233_5P	-0.19157202132299825			
IPA_ZNF148_DN	-0.19158492236901048			
GO_PROTEASOME_ASSEMBLY	-0.19159519119981466			
GO_GLOMERULAR_EPITHELIAL_CELL_DEVELOPMENT	-0.19162408238450632			
REACTOME_SERINE_BIOSYNTHESIS	-0.19162675311988703			
VIETOR_IFRD1_TARGETS	-0.19163258982642298			
REACTOME_SYNTHESIS_OF_12_EICOSATETRAENOIC_ACID_DERIVATIVES	-0.19167214715929487			
REACTOME_APEX1_INDEPENDENT_RESOLUTION_OF_AP_SITES_VIA_THE_SINGLE_NUCLEOTIDE_REPLACEMENT_PATHWAY	-0.19167837258005876			
GO_LIPID_GLYCOSYLATION	-0.1916938122027342			
GO_ESTABLISHMENT_OF_MEIOTIC_SPINDLE_LOCALIZATION	-0.19171574205246808			
GO_TOR_SIGNALING	-0.1917225134333257			
GO_POSITIVE_REGULATION_OF_CYCLIC_NUCLEOTIDE_PHOSPHODIESTERASE_ACTIVITY	-0.19174053468980826			
REACTOME_CELL_DEATH_SIGNALLING_VIA_NRAGE_NRIF_AND_NADE	-0.1917537343873193			
REACTOME_REGULATION_OF_TP53_ACTIVITY_THROUGH_ACETYLATION	-0.19175808992019003			
MYCMAX_02	-0.19176622240650776			
LAMB3_TARGET_GENES	-0.19177470252183812			
GO_TRIGEMINAL_NERVE_MORPHOGENESIS	-0.19178414578926362			
GO_LOW_DENSITY_LIPOPROTEIN_PARTICLE_REMODELING	-0.19179823959060827			
REACTOME_MEMBRANE_TRAFFICKING	-0.19182879306975117			
GO_PYRIMIDINE_NUCLEOTIDE_METABOLIC_PROCESS	-0.19183013293717519			
GO_ANION_TRANSMEMBRANE_TRANSPORT	-0.19183965075827306			
MIR874_5P	-0.1918402512620894			
MIR1271_3P	-0.1918431925070415			
GO_EXTRACELLULAR_VESICLE_BIOGENESIS	-0.19185194971322586			
REACTOME_SHC_MEDIATED_CASCADE_FGFR4	-0.19185719686985522			
GO_CALCIUM_ACTIVATED_PHOSPHOLIPID_SCRAMBLING	-0.19187379109395478			
ABBUD_LIF_SIGNALING_1_DN	-0.1918744995236529			
RTAAACA_FREAC2_01	-0.19188678681269605			
REACTOME_SIGNALING_BY_ERBB4	-0.1918924279370568			
IPA_GABPA_DN	-0.1918981404585884			
GO_POSITIVE_REGULATION_OF_CARDIOCYTE_DIFFERENTIATION	-0.19189931452278777			
REACTOME_MASTL_FACILITATES_MITOTIC_PROGRESSION	-0.19190969772729413			
REACTOME_FGFR3_LIGAND_BINDING_AND_ACTIVATION	-0.1919164433248008			
IPA_NFAT5_UP	-0.19192391788778523			
GO_DISACCHARIDE_BIOSYNTHETIC_PROCESS	-0.19196471709448987			
NUTT_GBM_VS_AO_GLIOMA_DN	-0.19196736775680165			
OCT1_B	-0.19198176709833162			
IPA_HMGA1_UP	-0.1919848911789187			
GO_PHOSPHATIDYLSERINE_METABOLIC_PROCESS	-0.19198606230064147			
GO_GLIAL_CELL_APOPTOTIC_PROCESS	-0.1919962699086472			
GO_LAMININ_BINDING	-0.1919965120189789			
RADMACHER_AML_PROGNOSIS	-0.1920012598419992			
STEIN_ESRRA_TARGETS_DN	-0.19200184992737834			
SUMI_HNF4A_TARGETS	-0.19200344972336433			
GRYDER_PAX3FOXO1_ENHANCERS_KO_DOWN	-0.19200610305575444			
GO_ANCHORED_COMPONENT_OF_PRESYNAPTIC_MEMBRANE	-0.1920293076247806			
BRN2_01	-0.19203061602541938			
IPA_RUNX3_DN	-0.19204826585790716			
GO_RESPONSE_TO_DEFENSES_OF_OTHER_ORGANISM	-0.19206717316654812			
IPA_NR2F1_DN	-0.19207570260048848			
CDPCR1_01	-0.19207833141190342			
GO_NITRIC_OXIDE_MEDIATED_SIGNAL_TRANSDUCTION	-0.192084529251823			
GO_NEGATIVE_REGULATION_OF_MYOBLAST_PROLIFERATION	-0.19209143226238856			
GO_COCHLEA_DEVELOPMENT	-0.1920951654779316			
MIR3977	-0.19209904746070292			
GO_OLFACTORY_BULB_INTERNEURON_DIFFERENTIATION	-0.19210375189809478			
BIOCARTA_TUBBY_PATHWAY	-0.19210822838717886			
GO_GAMMA_SECRETASE_COMPLEX	-0.19211463609629567			
GO_NUCLEOTIDE_BINDING_OLIGOMERIZATION_DOMAIN_CONTAINING_2_SIGNALING_PATHWAY	-0.19211798246689488			
PASQUALUCCI_LYMPHOMA_BY_GC_STAGE_UP	-0.19213218715860397			
MIR6828_5P	-0.1921406771150727			
GO_FIBROBLAST_GROWTH_FACTOR_BINDING	-0.19214312891019017			
IPA_BRIP1_DN	-0.19215368831538063			
GSE18804_SPLEEN_MACROPHAGE_VS_COLON_TUMORAL_MACROPHAGE_DN	-0.19215840730536157			
GO_C_PALMITOYLTRANSFERASE_ACTIVITY	-0.19216821679986593			
MIR7160_5P	-0.192168545907733			
GO_THYROID_HORMONE_TRANSPORT	-0.1921847715413425			
GO_NEGATIVE_REGULATION_OF_PHOSPHOLIPID_BIOSYNTHETIC_PROCESS	-0.19219332841114703			
HOLLEMAN_VINCRISTINE_RESISTANCE_B_ALL_UP	-0.19221683999825678			
GSE36891_UNSTIM_VS_POLYIC_TLR3_STIM_PERITONEAL_MACROPHAGE_UP	-0.19222256732156484			
GO_NEGATIVE_REGULATION_OF_MACROPHAGE_DIFFERENTIATION	-0.1922306900771695			
GO_PHOSPHODIESTERASE_I_ACTIVITY	-0.19224259224747772			
GO_POSITIVE_REGULATION_OF_MICROTUBULE_POLYMERIZATION_OR_DEPOLYMERIZATION	-0.19225675176639237			
MIR34A_5P	-0.1922644071080254			
BROWNE_HCMV_INFECTION_30MIN_UP	-0.1922692954142882			
BONOME_OVARIAN_CANCER_SURVIVAL_SUBOPTIMAL_DEBULKING	-0.19227523973249458			
GO_PRESYNAPTIC_ENDOCYTIC_ZONE	-0.1922798506284437			
GO_REGULATION_OF_OVARIAN_FOLLICLE_DEVELOPMENT	-0.19228631980699268			
GO_HYDROLASE_ACTIVITY_ACTING_ON_GLYCOSYL_BONDS	-0.1922889679147283			
GO_EQUILIBRIOCEPTION	-0.19229429483595717			
PID_ATF2_PATHWAY	-0.19230491613416947			
GO_SEMINIFEROUS_TUBULE_DEVELOPMENT	-0.1923091053671847			
GO_REGULATION_OF_DENDRITE_DEVELOPMENT	-0.1923104053256487			
REACTOME_SIGNALING_BY_NOTCH1_PEST_DOMAIN_MUTANTS_IN_CANCER	-0.19231512844949114			
GO_POSITIVE_REGULATION_OF_ANION_TRANSPORT	-0.1923399362925735			
GO_DNA_INTEGRATION	-0.19234028563258			
IPA_ZBTB33_DN	-0.1923440495522156			
GO_TRANSLATION_REPRESSOR_ACTIVITY	-0.19235127078239694			
GSE360_L_MAJOR_VS_B_MALAYI_HIGH_DOSE_DC_DN	-0.19235442708589895			
IPA_HIST1H1D_DN	-0.19235875226203095			
IPA_HIST1H1E_DN	-0.19235875226203095			
MIR3617_3P	-0.19236078171508167			
NIKOLSKY_BREAST_CANCER_12Q24_AMPLICON	-0.1923726833146432			
GO_COVALENT_CHROMATIN_MODIFICATION	-0.19237309854349804			
ZSCAN4_TARGET_GENES	-0.1923746176851389			
GO_PROTEIN_LOCALIZATION_TO_ENDOSOME	-0.19237721303107652			
WU_HBX_TARGETS_1_DN	-0.19238725995503791			
MIR5704	-0.19239013398592397			
GSE28237_EARLY_VS_LATE_GC_BCELL_UP	-0.1924078721889139			
TAVAZOIE_METASTASIS	-0.19243108671604284			
BIOCARTA_REELIN_PATHWAY	-0.19243551534932282			
GO_PROTEIN_LOCALIZATION_TO_MEMBRANE_RAFT	-0.1924402388267586			
BIOCARTA_HSWI_SNF_PATHWAY	-0.19247430276520977			
OUELLET_CULTURED_OVARIAN_CANCER_INVASIVE_VS_LMP_UP	-0.19248302123269906			
REACTOME_DEX_H_BOX_HELICASES_ACTIVATE_TYPE_I_IFN_AND_INFLAMMATORY_CYTOKINES_PRODUCTION	-0.1924878107552483			
REACTOME_TACHYKININ_RECEPTORS_BIND_TACHYKININS	-0.19249026514018777			
GO_REGULATION_OF_FEMALE_GONAD_DEVELOPMENT	-0.19249267003668924			
chrXq28	-0.19250271705215227			
DELYS_THYROID_CANCER_DN	-0.19251450124958008			
BIOCARTA_WNT_LRP6_PATHWAY	-0.19251736217588908			
GCATTTG_MIR105	-0.192522871213326			
MEISSNER_BRAIN_HCP_WITH_H3_UNMETHYLATED	-0.19252344270122626			
GO_CARDIAC_MYOFIBRIL_ASSEMBLY	-0.19253669156536443			
TIEN_INTESTINE_PROBIOTICS_6HR_UP	-0.1925523813879197			
MIR4704_5P	-0.1925546702372023			
GO_POSITIVE_REGULATION_OF_MEIOTIC_CELL_CYCLE	-0.19255971290705182			
GO_NEGATIVE_REGULATION_OF_NEURAL_PRECURSOR_CELL_PROLIFERATION	-0.192560131546504			
GO_PROTEIN_QUALITY_CONTROL_FOR_MISFOLDED_OR_INCOMPLETELY_SYNTHESIZED_PROTEINS	-0.19256698708386327			
NGFIC_01	-0.1925681288374469			
GO_OXIDATIVE_RNA_DEMETHYLASE_ACTIVITY	-0.19257411217124532			
GO_OXIDATIVE_RNA_DEMETHYLATION	-0.19257411217124532			
REACTOME_CELL_CELL_COMMUNICATION	-0.19258207676993616			
EVI1_05	-0.1925858293594004			
KEGG_METABOLISM_OF_XENOBIOTICS_BY_CYTOCHROME_P450	-0.19259067579523415			
GO_ZINC_ION_IMPORT_ACROSS_PLASMA_MEMBRANE	-0.1925920549904452			
GO_EXOCRINE_SYSTEM_DEVELOPMENT	-0.19259358387049225			
GO_NBAF_COMPLEX	-0.19261486796346003			
GO_ESTABLISHMENT_OF_ENDOTHELIAL_INTESTINAL_BARRIER	-0.1926245880139601			
GO_MICROTUBULE_SEVERING	-0.19262922009685116			
GO_PRERIBOSOME_SMALL_SUBUNIT_PRECURSOR	-0.1926293322472194			
GO_MPP7_DLG1_LIN7_COMPLEX	-0.19264726468963278			
MIR4766_5P	-0.19265224740110506			
THUM_MIR21_TARGETS_HEART_DISEASE_DN	-0.19266771212604142			
GO_CLATHRIN_COATED_VESICLE	-0.1926693928701031			
PEDERSEN_METASTASIS_BY_ERBB2_ISOFORM_7	-0.19267755529492522			
MIR1253	-0.19268834780098915			
REACTOME_SEMA3A_PAK_DEPENDENT_AXON_REPULSION	-0.192693503958226			
GO_MITOCHONDRIAL_MEMBRANE_ORGANIZATION	-0.19270388282323478			
GSE5589_IL6_KO_VS_IL10_KO_LPS_STIM_MACROPHAGE_45MIN_DN	-0.192705407335075			
MIR4667_3P	-0.19270769755763706			
GO_NURD_COMPLEX	-0.19270960509886478			
GO_CENTRAL_NERVOUS_SYSTEM_DEVELOPMENT	-0.19271455821403366			
AFP1_Q6	-0.19271620099811734			
ZIC2_01	-0.19271639649233713			
MCBRYAN_PUBERTAL_BREAST_3_4WK_UP	-0.19272182919488384			
GO_HISTONE_H2A_MONOUBIQUITINATION	-0.19272214952644412			
GSE46606_IRF4_KO_VS_WT_UNSTIM_BCELL_UP	-0.1927260359201155			
MIR1306_5P	-0.19272900319858788			
GSE4984_GALECTIN1_VS_LPS_STIM_DC_DN	-0.19274097218633615			
IPA_TCF7_UP	-0.19275126293355435			
GO_DETECTION_OF_ABIOTIC_STIMULUS	-0.19275932370771345			
MIR409_5P	-0.19276402255792965			
GSE9509_LPS_VS_LPS_AND_IL10_STIM_IL10_KO_MACROPHAGE_20MIN_UP	-0.19276518973246365			
BIOCARTA_SAM68_PATHWAY	-0.19276855270137094			
GO_POST_CHAPERONIN_TUBULIN_FOLDING_PATHWAY	-0.19278047774732943			
GO_OVULATION_CYCLE_PROCESS	-0.19278497927769267			
GSE13547_WT_VS_ZFX_KO_BCELL_ANTI_IGM_STIM_12H_UP	-0.19280974681201718			
GO_SCHMIDT_LANTERMAN_INCISURE	-0.19281147785751074			
IPA_RBBP4_UP	-0.1928147768494447			
GSE41176_UNSTIM_VS_ANTI_IGM_STIM_BCELL_24H_DN	-0.19281976202061574			
IPA_LMO1_DN	-0.19282451122879277			
MIR550A_3_5P_MIR550A_5P	-0.1928287474350286			
GO_NEGATIVE_REGULATION_OF_EPIDERMIS_DEVELOPMENT	-0.1928292688097385			
MIR3065_3P	-0.19283294978887366			
ONDER_CDH1_TARGETS_3_DN	-0.19284516158561138			
MIR449A	-0.19285827199153868			
MIR128_3P	-0.19286032806274728			
CIZ_01	-0.1928795828844422			
GO_REGULATION_OF_MITOCHONDRIAL_GENE_EXPRESSION	-0.19288048917717937			
GSE22886_NEUTROPHIL_VS_MONOCYTE_UP	-0.19288073872319264			
GO_HYDROLASE_ACTIVITY_ACTING_ON_ETHER_BONDS	-0.19288256540343604			
MIR5591_3P	-0.19288380528631557			
GO_RESPONSE_TO_TOPOLOGICALLY_INCORRECT_PROTEIN	-0.1928908322175993			
GO_ALPHA_CATENIN_BINDING	-0.1928985826103075			
GO_ENDOCARDIAL_CUSHION_FORMATION	-0.19290068519794856			
chr15q22	-0.1929044263746398			
GO_MESSENGER_RIBONUCLEOPROTEIN_COMPLEX	-0.19290741651351362			
GO_CEREBRAL_CORTEX_GABAERGIC_INTERNEURON_DEVELOPMENT	-0.19290899940418588			
GSE21927_SPLEEN_VS_TUMOR_MONOCYTE_C57BL6_DN	-0.1929153021489258			
REACTOME_GLYCEROPHOSPHOLIPID_CATABOLISM	-0.1929195535532011			
GO_LYS48_SPECIFIC_DEUBIQUITINASE_ACTIVITY	-0.19293038170066093			
CREIGHTON_AKT1_SIGNALING_VIA_MTOR_DN	-0.19293317208372052			
GO_APICAL_JUNCTION_COMPLEX	-0.19294416174912743			
GO_VENTRICULAR_CARDIAC_MUSCLE_CELL_ACTION_POTENTIAL	-0.19295341041865957			
GO_MICTURITION	-0.19295978854619272			
GSE17721_LPS_VS_POLYIC_0.5H_BMDC_DN	-0.19296412600434903			
CHUANG_OXIDATIVE_STRESS_RESPONSE_UP	-0.1929673626966542			
GTACAGG_MIR486	-0.19297480892112803			
GO_RESPONSE_TO_MANGANESE_ION	-0.1929819002605033			
GO_PROTEIN_SERINE_THREONINE_PHOSPHATASE_INHIBITOR_ACTIVITY	-0.1929863856000703			
GO_POSTSYNAPTIC_NEUROTRANSMITTER_RECEPTOR_INTERNALIZATION	-0.19301158523999717			
GO_GLOMERULUS_MORPHOGENESIS	-0.19302169708473316			
IPA_DOT1L_UP	-0.19303978869432048			
GO_SENSORY_PERCEPTION_OF_LIGHT_STIMULUS	-0.1930406773319359			
GO_NEGATIVE_REGULATION_OF_CELL_MATURATION	-0.19304181632698436			
GO_RESPIRATORY_ELECTRON_TRANSPORT_CHAIN	-0.19304551480867171			
MIR668_3P	-0.19305741409451263			
GO_POSITIVE_REGULATION_OF_CELLULAR_RESPONSE_TO_TRANSFORMING_GROWTH_FACTOR_BETA_STIMULUS	-0.1930802103544727			
GO_THROMBIN_ACTIVATED_RECEPTOR_SIGNALING_PATHWAY	-0.19308495592055586			
CAFFAREL_RESPONSE_TO_THC_8HR_3_UP	-0.1930951535825087			
IPA_MYF6_UP	-0.19309728887480992			
REACTOME_COENZYME_A_BIOSYNTHESIS	-0.19310093166656103			
GO_RNA_POLYMERASE_II_CORE_COMPLEX	-0.1931075746296395			
IPA_RFX7_DN	-0.19310944223564605			
IPA_ZNF536_UP	-0.19310944223564605			
IPA_ZBTB7C_UP	-0.19310944223564605			
IPA_KMT2C_UP	-0.19310944223564605			
CHIANG_LIVER_CANCER_SUBCLASS_POLYSOMY7_DN	-0.19311192283988174			
GO_REGULATION_OF_MATRIX_METALLOPEPTIDASE_SECRETION	-0.19311351793335046			
TITF1_Q3	-0.19311562871102264			
GO_POSITIVE_REGULATION_OF_PEROXISOME_PROLIFERATOR_ACTIVATED_RECEPTOR_SIGNALING_PATHWAY	-0.19311571758074075			
GSE5589_WT_VS_IL6_KO_LPS_STIM_MACROPHAGE_180MIN_UP	-0.1931201748244913			
CDPCR3HD_01	-0.1931205336070138			
GO_RESPONSE_TO_EPIDERMAL_GROWTH_FACTOR	-0.19313721110079038			
IPA_HIST1H1T_DN	-0.193139485505653			
WOTTON_RUNX_TARGETS_UP	-0.193160457783784			
GO_REGULATION_OF_CONNECTIVE_TISSUE_REPLACEMENT	-0.19317407903233083			
GO_NEGATIVE_REGULATION_OF_ANION_TRANSPORT	-0.19318369104141694			
GSE40274_CTRL_VS_FOXP3_AND_PBX1_TRANSDUCED_ACTIVATED_CD4_TCELL_DN	-0.19319691134065778			
GO_NEGATIVE_REGULATION_OF_PROTEIN_LOCALIZATION_TO_CELL_PERIPHERY	-0.19321010775897215			
GO_NEGATIVE_REGULATION_OF_DEVELOPMENTAL_PROCESS	-0.19322232756174923			
GO_REGULATION_OF_MULTICELLULAR_ORGANISM_GROWTH	-0.19324687078481045			
SMIRNOV_CIRCULATING_ENDOTHELIOCYTES_IN_CANCER_DN	-0.19325397682465623			
GO_URETER_DEVELOPMENT	-0.19326190588211348			
BORLAK_LIVER_CANCER_EGF_UP	-0.19326195089483078			
GO_POSITIVE_REGULATION_OF_KIDNEY_DEVELOPMENT	-0.1932700299603888			
GO_REGULATION_OF_GLIAL_CELL_APOPTOTIC_PROCESS	-0.1932731898877411			
LEF1_UP.V1_DN	-0.19327370131057078			
GO_POSITIVE_REGULATION_OF_TUMOR_NECROSIS_FACTOR_MEDIATED_SIGNALING_PATHWAY	-0.19327402148607742			
YAMASHITA_LIVER_CANCER_STEM_CELL_UP	-0.19328257862911802			
GO_CYTOSKELETON_DEPENDENT_CYTOKINESIS	-0.19328569974584225			
GO_MITOPHAGY	-0.19328870724362857			
GO_SYNAPSE_PRUNING	-0.19329452221606103			
GO_REGULATION_OF_NEUROBLAST_PROLIFERATION	-0.1932950441229214			
MIR6867_3P	-0.1932980347923482			
MIR1324	-0.1932982724027036			
GO_SPHINGOMYELIN_BIOSYNTHETIC_PROCESS	-0.19330035403021922			
GSE23502_WT_VS_HDC_KO_MYELOID_DERIVED_SUPPRESSOR_CELL_COLON_TUMOR_DN	-0.19333693352879278			
HE_PTEN_TARGETS_DN	-0.19334087728895372			
GO_ESTABLISHMENT_OF_BLOOD_BRAIN_BARRIER	-0.19334503985474225			
KESHELAVA_MULTIPLE_DRUG_RESISTANCE	-0.19336281426195068			
GO_FILAMIN_BINDING	-0.1933679404861168			
GO_PHOTORECEPTOR_CELL_MAINTENANCE	-0.19337550228264655			
GO_CELLULAR_LIPID_BIOSYNTHETIC_PROCESS	-0.19337869503491484			
MIR513B_5P	-0.19339546081582726			
GSE24574_BCL6_LOW_TFH_VS_TCONV_CD4_TCELL_UP	-0.19339658553094713			
GO_NEGATIVE_REGULATION_OF_ACTION_POTENTIAL	-0.1933976968763377			
GO_UBIQUITIN_RECYCLING	-0.19340232312324154			
CHIN_BREAST_CANCER_COPY_NUMBER_DN	-0.19340425766567212			
E2F_Q2	-0.1934086691704784			
MYLLYKANGAS_AMPLIFICATION_HOT_SPOT_24	-0.19341287237942967			
GO_ENDOSOMAL_TRANSPORT	-0.19341792242079583			
GO_REGULATION_OF_SYSTEMIC_ARTERIAL_BLOOD_PRESSURE_BY_CIRCULATORY_RENIN_ANGIOTENSIN	-0.1934195690179555			
MIR6793_5P	-0.19343273795485189			
GO_REGULATION_OF_NUCLEOTIDE_BINDING_OLIGOMERIZATION_DOMAIN_CONTAINING_2_SIGNALING_PATHWAY	-0.19343505164789745			
BIOCARTA_NUCLEARRS_PATHWAY	-0.19343919132371717			
GO_CRANIAL_NERVE_FORMATION	-0.19344249929677104			
GO_MODIFICATION_DEPENDENT_PROTEIN_BINDING	-0.19345145506203856			
GO_ORGANELLE_LOCALIZATION	-0.19348686454594094			
GO_UREA_CYCLE	-0.19349087719101377			
GO_INDOLE_CONTAINING_COMPOUND_BIOSYNTHETIC_PROCESS	-0.1934925634394842			
CAFFAREL_RESPONSE_TO_THC_DN	-0.1934954798714328			
GO_REGULATION_OF_NERVOUS_SYSTEM_DEVELOPMENT	-0.19350601057958944			
GSE40274_GATA1_VS_FOXP3_AND_GATA1_TRANSDUCED_ACTIVATED_CD4_TCELL_DN	-0.19351747075708006			
GO_NERVOUS_SYSTEM_PROCESS_INVOLVED_IN_REGULATION_OF_SYSTEMIC_ARTERIAL_BLOOD_PRESSURE	-0.1935212499095404			
VERRECCHIA_RESPONSE_TO_TGFB1_C6	-0.1935245966378675			
MIR1266_5P	-0.1935308065296512			
DNMT3A_TARGET_GENES	-0.19354277611353846			
GSE17721_CTRL_VS_PAM3CSK4_12H_BMDC_UP	-0.19354468087158316			
GO_REGULATION_OF_NEUTROPHIL_EXTRAVASATION	-0.19356375926283353			
PAX8_01	-0.19356396301466572			
GSE3982_MAC_VS_BASOPHIL_UP	-0.19357107839187204			
MCBRYAN_TERMINAL_END_BUD_UP	-0.1935783840036711			
MIR6772_3P	-0.19358005434975503			
GO_INCLUSION_BODY	-0.19358340031826762			
GSE16385_MONOCYTE_VS_12H_ROSIGLITAZONE_IFNG_TNF_TREATED_MACROPHAGE_DN	-0.1935876136779527			
SENGUPTA_NASOPHARYNGEAL_CARCINOMA_WITH_LMP1_DN	-0.1935944388297813			
GO_NEGATIVE_REGULATION_OF_CATABOLIC_PROCESS	-0.19359654724606945			
SIX1_TARGET_GENES	-0.19360405435343117			
GO_RETINAL_ROD_CELL_DEVELOPMENT	-0.19360498102108953			
GO_NEGATIVE_REGULATION_OF_VIRAL_INDUCED_CYTOPLASMIC_PATTERN_RECOGNITION_RECEPTOR_SIGNALING_PATHWAY	-0.19360682885137798			
GSE43955_TH0_VS_TGFB_IL6_TH17_ACT_CD4_TCELL_1H_DN	-0.1936146917381849			
GO_GROOMING_BEHAVIOR	-0.19362275799112721			
GO_PRESYNAPTIC_ACTIVE_ZONE_ORGANIZATION	-0.19363812390514681			
GO_CHAPERONE_MEDIATED_PROTEIN_TRANSPORT	-0.19364338119584495			
GO_TORC2_SIGNALING	-0.19364366212388368			
MIR7706	-0.19364844682182825			
GO_MODULATION_OF_MOLECULAR_FUNCTION_IN_OTHER_ORGANISM	-0.19365400986483375			
ROYLANCE_BREAST_CANCER_16Q_COPY_NUMBER_UP	-0.19365658005552455			
GO_CELL_JUNCTION_ASSEMBLY	-0.19366032687929877			
SMID_BREAST_CANCER_RELAPSE_IN_PLEURA_DN	-0.19366261814122493			
GSE17721_CTRL_VS_CPG_24H_BMDC_UP	-0.19367591694269018			
REACTOME_SPHINGOLIPID_METABOLISM	-0.1936802195429946			
ZNF532_TARGET_GENES	-0.19368490039516528			
MIR10398_5P	-0.19368773635275802			
GO_AMINO_ACID_BETAINE_BIOSYNTHETIC_PROCESS	-0.19368782394803083			
GSE37319_WT_VS_RC3H1_KO_CD44LOW_CD8_TCELL_DN	-0.19368846275446727			
GO_G0_TO_G1_TRANSITION	-0.19369322487567328			
GO_NEGATIVE_REGULATION_OF_PROSTAGLANDIN_BIOSYNTHETIC_PROCESS	-0.19370440160375063			
REACTOME_FORMATION_OF_RNA_POL_II_ELONGATION_COMPLEX	-0.193715793545413			
KYNG_ENVIRONMENTAL_STRESS_RESPONSE_NOT_BY_GAMMA_IN_OLD	-0.19371631262684103			
FOXJ2_01	-0.19371974030564107			
GSE27786_BCELL_VS_ERYTHROBLAST_DN	-0.19372090163348263			
ATGTTTC_MIR494	-0.19373238808584634			
GO_LEUKOCYTE_MIGRATION_INVOLVED_IN_INFLAMMATORY_RESPONSE	-0.1937326038927396			
IPA_HAND2_UP	-0.19373328163132764			
GO_PEROXISOME_TARGETING_SEQUENCE_BINDING	-0.19373488345854972			
ESC_J1_UP_EARLY.V1_UP	-0.1937377868967569			
GO_PROFILIN_BINDING	-0.1937379776247843			
CONCANNON_APOPTOSIS_BY_EPOXOMICIN_DN	-0.19373947897349367			
GO_BRANCHING_INVOLVED_IN_LABYRINTHINE_LAYER_MORPHOGENESIS	-0.19376447357372886			
GO_ZYMOGEN_GRANULE_MEMBRANE	-0.19376729057908007			
MIR4733_3P	-0.19377279467923209			
GO_G_PROTEIN_COUPLED_RECEPTOR_COMPLEX	-0.19377998485558015			
MIR4433A_3P	-0.1937913259609532			
AFFAR_YY1_TARGETS_UP	-0.19379293308201445			
HALLMARK_OXIDATIVE_PHOSPHORYLATION	-0.19379660744382507			
JONES_TCOF1_TARGETS	-0.1937990329845674			
MIR34C_5P	-0.19382453272655048			
GO_BASE_EXCISION_REPAIR_AP_SITE_FORMATION	-0.19382920099661133			
GSE13522_WT_VS_IFNG_KO_SKIN_DN	-0.19383117720751372			
MIR210_5P	-0.19383493814341382			
GO_OVARIAN_FOLLICLE_DEVELOPMENT	-0.19383931182919545			
REACTOME_CALNEXIN_CALRETICULIN_CYCLE	-0.19385096111354636			
IPA_RNF2_UP	-0.193867113800562			
MIR4430	-0.1938695914583402			
GO_CALCIUM_DEPENDENT_PHOSPHOLIPASE_A2_ACTIVITY	-0.19388161702265086			
GO_POSITIVE_REGULATION_OF_SMOOTH_MUSCLE_CELL_APOPTOTIC_PROCESS	-0.19388298581175534			
GO_ANION_CHANNEL_ACTIVITY	-0.1938876022509945			
GO_NEPHRIC_DUCT_DEVELOPMENT	-0.19389853410119923			
ATM_DN.V1_DN	-0.19389886219631736			
NIKOLSKY_OVERCONNECTED_IN_BREAST_CANCER	-0.1939138556036951			
GO_ATPASE_COUPLED_INTRAMEMBRANE_LIPID_TRANSPORTER_ACTIVITY	-0.19393958080221083			
REACTOME_RHO_GTPASES_ACTIVATE_PKNS	-0.19395180825119948			
GO_CARBOHYDRATE_CATION_SYMPORTER_ACTIVITY	-0.19395390308846464			
GO_CELLULAR_RESPONSE_TO_PH	-0.19397629403389316			
GO_REGULATION_OF_RECEPTOR_LOCALIZATION_TO_SYNAPSE	-0.1939903743686762			
RANKIN_ANGIOGENIC_TARGETS_OF_VHL_HIF2A_DN	-0.1940212122662469			
GO_REGULATION_OF_SYSTEM_PROCESS	-0.19403361347602463			
MIR4796_3P	-0.19404871711453817			
REACTOME_FGFR2C_LIGAND_BINDING_AND_ACTIVATION	-0.19405460543695016			
GO_VESICLE_CARGO_LOADING	-0.19405496936812652			
chr10p15	-0.1940608504623639			
GO_CYTOSKELETAL_ADAPTOR_ACTIVITY	-0.1940634275594293			
ENGELMANN_CANCER_PROGENITORS_UP	-0.19406489634767188			
E2F3_UP.V1_DN	-0.19407034767234727			
GSE11924_TH1_VS_TH2_CD4_TCELL_DN	-0.19408109822292557			
GO_SYNAPTIC_VESICLE_CLUSTERING	-0.1940916740458918			
GO_AP_TYPE_MEMBRANE_COAT_ADAPTOR_COMPLEX	-0.1940946254696579			
TACGGGT_MIR99A_MIR100_MIR99B	-0.19412731376567405			
GO_INTRINSIC_COMPONENT_OF_GOLGI_MEMBRANE	-0.19413884521902144			
GERHOLD_RESPONSE_TO_TZD_DN	-0.19415627104273223			
GO_REGULATION_OF_RNA_POLYMERASE_II_REGULATORY_REGION_SEQUENCE_SPECIFIC_DNA_BINDING	-0.1941570744837849			
GO_DEVELOPMENT_OF_PRIMARY_SEXUAL_CHARACTERISTICS	-0.19416000979356826			
GO_STRESS_INDUCED_PREMATURE_SENESCENCE	-0.19416268597396583			
GO_HISTONE_H3_K27_DEMETHYLATION	-0.19416859682674556			
GO_HISTONE_DEMETHYLASE_ACTIVITY_H3_K27_SPECIFIC	-0.19416859682674556			
MIR4753_5P	-0.19416898742431227			
MIR711	-0.1941725243374867			
AREB6_03	-0.19417319702848665			
GO_FHF_COMPLEX	-0.19417347069767632			
GSE35543_IN_VIVO_NTREG_VS_CONVERTED_EX_ITREG_DN	-0.19418475717370043			
chr3p12	-0.19419473881625113			
IPA_ZBTB16_UP	-0.1941979415246032			
GO_PHOSPHATIDYLCHOLINE_TRANSPORTER_ACTIVITY	-0.19419810196503565			
BARRIER_COLON_CANCER_RECURRENCE_DN	-0.19420703477415158			
GO_REGULATION_OF_TOOTH_MINERALIZATION	-0.19421020761492702			
GTGTGAG_MIR342	-0.19422493270908098			
GO_CELL_COMMUNICATION_INVOLVED_IN_CARDIAC_CONDUCTION	-0.19422650456302046			
REACTOME_CRMPS_IN_SEMA3A_SIGNALING	-0.19424170384885975			
GO_POSITIVE_REGULATION_OF_EPITHELIAL_CELL_DIFFERENTIATION_INVOLVED_IN_KIDNEY_DEVELOPMENT	-0.1942492073939889			
GO_LIPOPROTEIN_BIOSYNTHETIC_PROCESS	-0.19425619928044902			
MIR1207_3P	-0.19427436450665428			
GSE23505_UNTREATED_VS_4DAY_IL6_IL1_TGFB_TREATED_CD4_TCELL_DN	-0.19428167189346182			
MZF1_02	-0.1942969156446194			
GO_THYROID_HORMONE_GENERATION	-0.19430285380787357			
SCHUETZ_BREAST_CANCER_DUCTAL_INVASIVE_DN	-0.19432354613965908			
GO_REGULATION_OF_VASCULAR_SMOOTH_MUSCLE_CONTRACTION	-0.19432462890708577			
GO_NEUROTRANSMITTER_BIOSYNTHETIC_PROCESS	-0.19432834092952034			
GO_POSITIVE_REGULATION_OF_GLUCONEOGENESIS	-0.19436711109637284			
BARIS_THYROID_CANCER_UP	-0.19436959403241566			
GO_CONNEXIN_BINDING	-0.19437829820110616			
GO_HEAT_ACCLIMATION	-0.19438385169214578			
GO_RDNA_BINDING	-0.19438986171905304			
GO_NEGATIVE_REGULATION_OF_NEURON_PROJECTION_DEVELOPMENT	-0.19440337972908922			
GO_B_CELL_LINEAGE_COMMITMENT	-0.19440446758403734			
GO_AGGREPHAGY	-0.19440760928385625			
REACTOME_NECTIN_NECL_TRANS_HETERODIMERIZATION	-0.19442317925432126			
GARGALOVIC_RESPONSE_TO_OXIDIZED_PHOSPHOLIPIDS_SALMON_DN	-0.19442375666511824			
REACTOME_HDACS_DEACETYLATE_HISTONES	-0.19442840360031302			
GO_POSITIVE_REGULATION_OF_CELL_CYCLE	-0.19443506697861235			
MIR454_3P	-0.19444209753240527			
GO_THIAMINE_CONTAINING_COMPOUND_METABOLIC_PROCESS	-0.19444393847758606			
REACTOME_REGULATION_OF_GENE_EXPRESSION_IN_BETA_CELLS	-0.19444491557531668			
GO_CELLULAR_RESPONSE_TO_TOPOLOGICALLY_INCORRECT_PROTEIN	-0.19444791126056352			
GO_VIRAL_LATENCY	-0.19445228366482592			
ALPHACP1_01	-0.19445495318395545			
IPA_CUX1_UP	-0.19445761762056826			
GO_RESPONSE_TO_EPINEPHRINE	-0.19445973072718886			
GO_CENTROMERIC_DNA_BINDING	-0.19446022590427703			
GO_REGULATION_OF_PEPTIDE_HORMONE_SECRETION	-0.19446412655303497			
WTTGKCTG_UNKNOWN	-0.19446839862207688			
IPA_MYBL1_DN	-0.19447381762373606			
GO_GLYCOPROTEIN_METABOLIC_PROCESS	-0.19448367618075238			
GO_LIPASE_ACTIVITY	-0.1944908267291549			
ALCALAY_AML_BY_NPM1_LOCALIZATION_UP	-0.19449184960345742			
ONGUSAHA_BRCA1_TARGETS_DN	-0.19449254202188151			
GO_MICROTUBULE_PLUS_END	-0.19451562741085712			
GO_PROTEIN_TYROSINE_KINASE_ACTIVATOR_ACTIVITY	-0.19451920559001976			
POU6F1_01	-0.19453537122022485			
GSE7460_TCONV_VS_TREG_THYMUS_UP	-0.1945380459430894			
GO_NEGATIVE_REGULATION_OF_COLLAGEN_METABOLIC_PROCESS	-0.19455223220110987			
GSE5589_IL6_KO_VS_IL10_KO_LPS_STIM_MACROPHAGE_180MIN_DN	-0.19456990239840688			
REACTOME_TRNA_AMINOACYLATION	-0.19458327917975213			
SP1_01	-0.19459621950476672			
IPA_EGR2_DN	-0.1945974307845981			
GSE3920_IFNB_VS_IFNG_TREATED_ENDOTHELIAL_CELL_UP	-0.19459799932323643			
GO_DNA_BINDING_TRANSCRIPTION_FACTOR_BINDING	-0.19462616373932515			
LAU_APOPTOSIS_CDKN2A_DN	-0.19464731735053964			
REACTOME_SEROTONIN_AND_MELATONIN_BIOSYNTHESIS	-0.19465984513531726			
CHENG_TAF7L_TARGETS	-0.19466422169356537			
GO_CARDIAC_MUSCLE_TISSUE_REGENERATION	-0.19468107353000774			
GO_POSITIVE_REGULATION_OF_MAMMARY_GLAND_EPITHELIAL_CELL_PROLIFERATION	-0.1946853754791693			
HMX1_01	-0.19469491582506024			
REACTOME_P75_NTR_RECEPTOR_MEDIATED_SIGNALLING	-0.194698503618848			
GO_RESPONSE_TO_PROGESTERONE	-0.1947037154789204			
GO_TOR_COMPLEX	-0.1947088393813544			
GO_ETHANOL_CATABOLIC_PROCESS	-0.19471281099882395			
GO_NEGATIVE_REGULATION_OF_ASTROCYTE_DIFFERENTIATION	-0.19472665317038348			
GO_RESPONSE_TO_DIETARY_EXCESS	-0.19473038187864197			
GO_OXIDOREDUCTASE_ACTIVITY_OXIDIZING_METAL_IONS_NAD_OR_NADP_AS_ACCEPTOR	-0.19473070165272763			
GO_NEGATIVE_REGULATION_OF_TRANSFORMING_GROWTH_FACTOR_BETA_PRODUCTION	-0.19473117539233722			
MOOTHA_MITOCHONDRIA	-0.1947461145427019			
GO_PRIMARY_MIRNA_BINDING	-0.1947504936470752			
GO_POSITIVE_REGULATION_OF_DIGESTIVE_SYSTEM_PROCESS	-0.1947584712659209			
STAT5A_03	-0.1947621845140796			
SESTO_RESPONSE_TO_UV_C0	-0.19476782124829284			
REACTOME_ACTIVATED_NOTCH1_TRANSMITS_SIGNAL_TO_THE_NUCLEUS	-0.1947868519829662			
GO_GAMMA_AMINOBUTYRIC_ACID_TRANSMEMBRANE_TRANSPORTER_ACTIVITY	-0.19478791694825484			
PHESSE_TARGETS_OF_APC_AND_MBD2_DN	-0.19479629369266505			
MIR1252_5P	-0.1948006621959699			
GSE13887_RESTING_VS_ACT_CD4_TCELL_UP	-0.1948025006053072			
ZNF419_TARGET_GENES	-0.1948129376778013			
IPA_PRRX1_DN	-0.19481966965273437			
GO_AXONAL_GROWTH_CONE	-0.19482070676034108			
GO_NEGATIVE_REGULATION_OF_KERATINOCYTE_PROLIFERATION	-0.19482342350209111			
chr8q24	-0.19482928727754856			
chr6p22	-0.19483052029328662			
GO_TYPE_5_METABOTROPIC_GLUTAMATE_RECEPTOR_BINDING	-0.1948491011171202			
REACTOME_FREE_FATTY_ACID_RECEPTORS	-0.19485128330963228			
REACTOME_HIGHLY_SODIUM_PERMEABLE_POSTSYNAPTIC_ACETYLCHOLINE_NICOTINIC_RECEPTORS	-0.19487480276819052			
FUKUSHIMA_TNFSF11_TARGETS	-0.19487549203966378			
MIR466	-0.19488790464304123			
IPA_PARP1_DN	-0.19489949160111064			
GSE13493_CD4INTCD8POS_VS_CD8POS_THYMOCYTE_UP	-0.1948997908691801			
GO_OXIDOREDUCTASE_ACTIVITY_ACTING_ON_NAD_P_H	-0.1949051926166874			
GO_ENDODERMAL_CELL_FATE_COMMITMENT	-0.19490690303319075			
GO_NUCLEOSOMAL_HISTONE_BINDING	-0.19490905601311043			
GO_CARBOHYDRATE_MEDIATED_SIGNALING	-0.1949128092510906			
GO_PASSIVE_TRANSMEMBRANE_TRANSPORTER_ACTIVITY	-0.19491747058633993			
REACTOME_TRAF6_MEDIATED_NF_KB_ACTIVATION	-0.19492863729559223			
IPA_E2F5_DN	-0.19493253472203276			
FOXM1_01	-0.19493718982115843			
GO_MYOBLAST_MIGRATION	-0.1949613578551518			
GO_AP_1_ADAPTOR_COMPLEX_BINDING	-0.19497095155513017			
REACTOME_RNF_MUTANTS_SHOW_ENHANCED_WNT_SIGNALING_AND_PROLIFERATION	-0.1949753744260169			
GO_ATP_DEPENDENT_PEPTIDASE_ACTIVITY	-0.1949838049305937			
GO_GOLGI_ORGANIZATION	-0.1949936813634925			
GSE21380_NON_TFH_VS_GERMINAL_CENTER_TFH_CD4_TCELL_UP	-0.19500342312732552			
GO_CCR4_NOT_COMPLEX	-0.1950060946508451			
GO_GROWTH_CONE_MEMBRANE	-0.1950132365261614			
GO_PHOSPHATIDYLINOSITOL_3_KINASE_REGULATORY_SUBUNIT_BINDING	-0.19501358877148356			
BROWNE_HCMV_INFECTION_48HR_UP	-0.19501372043576054			
GO_ADP_TRANSPORT	-0.19503551173356884			
GO_ADP_TRANSMEMBRANE_TRANSPORTER_ACTIVITY	-0.19503551173356884			
CTCNANGTGNY_UNKNOWN	-0.19503707630953585			
GSE24142_ADULT_VS_FETAL_EARLY_THYMIC_PROGENITOR_DN	-0.19504014910903292			
GO_CRANIAL_NERVE_MORPHOGENESIS	-0.19504847957876612			
GO_ECTOPIC_GERM_CELL_PROGRAMMED_CELL_DEATH	-0.19505342992259625			
REACTOME_SEMA4D_INDUCED_CELL_MIGRATION_AND_GROWTH_CONE_COLLAPSE	-0.19505616158608471			
PTEN_DN.V2_DN	-0.19507144884797			
GARGALOVIC_RESPONSE_TO_OXIDIZED_PHOSPHOLIPIDS_MAGENTA_DN	-0.19507332868368243			
GSE3400_UNTREATED_VS_IFNB_TREATED_MEF_UP	-0.1951024884945435			
GO_ASYMMETRIC_NEUROBLAST_DIVISION	-0.1951037550667388			
KEGG_HEDGEHOG_SIGNALING_PATHWAY	-0.19510706515869664			
KIM_ALL_DISORDERS_DURATION_CORR_UP	-0.1951109805193092			
MIR545_5P	-0.1951363444626328			
GSE43863_NAIVE_VS_TH1_EFF_CD4_TCELL_D6_LCMV_UP	-0.1951429422306897			
IPA_ZBTB20_UP	-0.19514544338270506			
ALONSO_METASTASIS_EMT_DN	-0.19515390340848127			
REACTOME_SUMO_IS_TRANSFERRED_FROM_E1_TO_E2_UBE2I_UBC9	-0.1951643750885531			
GSE19941_UNSTIM_VS_LPS_STIM_IL10_KO_NFKBP50_KO_MACROPHAGE_DN	-0.19517666306026255			
YAO_TEMPORAL_RESPONSE_TO_PROGESTERONE_CLUSTER_10	-0.19518065282549305			
DORN_ADENOVIRUS_INFECTION_24HR_UP	-0.19518148173035949			
GO_POSITIVE_REGULATION_OF_HISTONE_UBIQUITINATION	-0.1951896711603478			
GO_TOXIC_SUBSTANCE_BINDING	-0.1952095463940549			
GO_NEGATIVE_REGULATION_OF_EMBRYONIC_DEVELOPMENT	-0.19520993862593775			
GO_POSITIVE_REGULATION_OF_ENDOCYTIC_RECYCLING	-0.19523368175125425			
GSE17721_POLYIC_VS_GARDIQUIMOD_4H_BMDC_UP	-0.1952398954682458			
MIR6859_3P	-0.19525195069046275			
GO_SOMATIC_STEM_CELL_DIVISION	-0.1952587694906422			
GO_AMINO_ACID_BETAINE_METABOLIC_PROCESS	-0.19526007148848426			
LUI_THYROID_CANCER_PAX8_PPARG_DN	-0.19526304100331573			
GSE7460_WT_VS_FOXP3_HET_ACT_TCONV_UP	-0.19526655949389973			
STAMBOLSKY_TARGETS_OF_MUTATED_TP53_UP	-0.19526681354506903			
GO_PROTON_TRANSPORTING_ATP_SYNTHASE_ACTIVITY_ROTATIONAL_MECHANISM	-0.1952742929142693			
GSE40274_FOXP3_VS_FOXP3_AND_HELIOS_TRANSDUCED_ACTIVATED_CD4_TCELL_UP	-0.19527853280582724			
YAO_TEMPORAL_RESPONSE_TO_PROGESTERONE_CLUSTER_17	-0.19528345053303325			
GO_TORC2_COMPLEX	-0.19530016279104465			
PAX2_02	-0.19533943725624173			
BURTON_ADIPOGENESIS_5	-0.19534534808090945			
REACTOME_SYNTHESIS_OF_PA	-0.19535241230945236			
GO_GLYCEROLIPID_BIOSYNTHETIC_PROCESS	-0.19535316916217504			
AP1_Q2_01	-0.19536128780844725			
REACTOME_SUMOYLATION_OF_TRANSCRIPTION_COFACTORS	-0.1953699400482193			
WANG_ESOPHAGUS_CANCER_VS_NORMAL_DN	-0.19538859171055348			
GO_NUCLEAR_TRANSCRIPTION_FACTOR_COMPLEX	-0.19539022575889728			
FERRANDO_TAL1_NEIGHBORS	-0.19539590288864622			
ATGTTAA_MIR302C	-0.19539964098611617			
GO_HEPARIN_METABOLIC_PROCESS	-0.1954083596265612			
REACTOME_SYNTHESIS_OF_PC	-0.1954112467087763			
GSE360_T_GONDII_VS_M_TUBERCULOSIS_MAC_UP	-0.19541653533435716			
DONATO_CELL_CYCLE_TRETINOIN	-0.19541662325318002			
LANDEMAINE_LUNG_METASTASIS	-0.1954415640605875			
MIR3941	-0.19545246955445758			
MIR4727_3P	-0.19546662994204805			
GO_ENDOPLASMIC_RETICULUM_UNFOLDED_PROTEIN_RESPONSE	-0.19546800406612558			
GO_ROOF_OF_MOUTH_DEVELOPMENT	-0.1954724793576917			
GO_SUMO_TRANSFERASE_ACTIVITY	-0.19547964636228557			
GO_REGULATION_OF_BILE_ACID_BIOSYNTHETIC_PROCESS	-0.1954850087532608			
DELASERNA_TARGETS_OF_MYOD_AND_SMARCA4	-0.1954991416773412			
REACTOME_SYNTHESIS_OF_PE	-0.19550175170368786			
PID_LYSOPHOSPHOLIPID_PATHWAY	-0.1955214357263952			
MIR7152_3P	-0.19552937321848823			
GO_POSITIVE_REGULATION_OF_RNA_SPLICING	-0.19553112307019566			
TAKEDA_TARGETS_OF_NUP98_HOXA9_FUSION_16D_DN	-0.19553272090475926			
LOPES_METHYLATED_IN_COLON_CANCER_UP	-0.19554562939232578			
GSE8515_CTRL_VS_IL6_4H_STIM_MAC_UP	-0.1955488634555741			
MIR4740_3P	-0.19556098496393784			
FARMER_BREAST_CANCER_CLUSTER_8	-0.19556318866925101			
PID_HEDGEHOG_GLI_PATHWAY	-0.19556756817980214			
GO_TACHYKININ_RECEPTOR_SIGNALING_PATHWAY	-0.19557498745075705			
CGCAAAA_MIR450	-0.1955881822932398			
GO_REGULATION_OF_PRESYNAPSE_ORGANIZATION	-0.19559105822816997			
GO_PROTON_TRANSPORTING_ATP_SYNTHASE_COMPLEX	-0.1955967374051634			
MIR6511A_3P_MIR6511B_3P	-0.19561129159830085			
GSE13306_RA_VS_UNTREATED_TREG_UP	-0.1956172213744361			
GSE13887_ACT_CD4_VS_NO_TREATED_CD4_TCELL_DN	-0.19562312622763045			
GO_DICHOTOMOUS_SUBDIVISION_OF_TERMINAL_UNITS_INVOLVED_IN_SALIVARY_GLAND_BRANCHING	-0.19562320450900053			
GO_REGULATION_OF_RECEPTOR_CLUSTERING	-0.19562525484529383			
GO_DNA_POLYMERASE_BINDING	-0.19562693403145753			
GSE29949_MICROGLIA_BRAIN_VS_CD8_NEG_DC_SPLEEN_DN	-0.19563559363421723			
GSE14350_IL2RB_KO_VS_WT_TEFF_UP	-0.19564953733633528			
MIR4436A	-0.19564984848297892			
MIR7154_3P	-0.19565073543134928			
NUMATA_CSF3_SIGNALING_VIA_STAT3	-0.1956552245381341			
GO_SYMBIONT_CONTAINING_VACUOLE	-0.19566435571207097			
GO_RACEMASE_AND_EPIMERASE_ACTIVITY_ACTING_ON_CARBOHYDRATES_AND_DERIVATIVES	-0.19566735083827536			
GO_DNA_TEMPLATED_TRANSCRIPTION_INITIATION	-0.19568009037498096			
GO_SECONDARY_ACTIVE_TRANSMEMBRANE_TRANSPORTER_ACTIVITY	-0.19568451763438707			
MIR5004_5P	-0.19569809739433783			
GSE15324_ELF4_KO_VS_WT_NAIVE_CD8_TCELL_UP	-0.19570268084963735			
GO_OXIDOREDUCTASE_ACTIVITY_ACTING_ON_PAIRED_DONORS_WITH_INCORPORATION_OR_REDUCTION_OF_MOLECULAR_OXYGEN	-0.1957046710381742			
IPA_FOXG1_UP	-0.19571188060857148			
MIR6867_5P	-0.19572174777572668			
GO_NEGATIVE_REGULATION_OF_VIRAL_RELEASE_FROM_HOST_CELL	-0.19573575780139577			
STEIN_ESRRA_TARGETS	-0.19574891833879748			
GO_NEGATIVE_REGULATION_OF_STEM_CELL_DIFFERENTIATION	-0.19576547885515114			
VANTVEER_BREAST_CANCER_BRCA1_DN	-0.19576694087394114			
REACTOME_INCRETIN_SYNTHESIS_SECRETION_AND_INACTIVATION	-0.19577469122262656			
GO_ENDOTHELIAL_CELL_FATE_COMMITMENT	-0.19578072985471312			
WDHD1_TARGET_GENES	-0.19578892565251682			
MIR4771	-0.1957905228288318			
KMT2D_TARGET_GENES	-0.19581555946046483			
REACTOME_METAL_ION_SLC_TRANSPORTERS	-0.19581636234690541			
GO_NEGATIVE_REGULATION_OF_PATHWAY_RESTRICTED_SMAD_PROTEIN_PHOSPHORYLATION	-0.19581785686139938			
IPA_PAX2_UP	-0.1958219242144458			
GO_POSITIVE_REGULATION_OF_SYSTEMIC_ARTERIAL_BLOOD_PRESSURE	-0.1958279012378204			
GO_HEMATOPOIETIC_STEM_CELL_DIFFERENTIATION	-0.19583358523596342			
GO_NEURON_MIGRATION	-0.19583446988472236			
KANG_CISPLATIN_RESISTANCE_DN	-0.1958356142419253			
GSE12963_UNINF_VS_ENV_AND_NEF_DEFICIENT_HIV1_INF_CD4_TCELL_UP	-0.19583793306731942			
GO_PROTEIN_LOCALIZATION_TO_CHROMATIN	-0.19585501879328657			
GO_POSITIVE_REGULATION_OF_CELLULAR_PROTEIN_CATABOLIC_PROCESS	-0.19585669695422311			
GO_DENDRITIC_SPINE_DEVELOPMENT	-0.1958624381336953			
REACTOME_CALCITONIN_LIKE_LIGAND_RECEPTORS	-0.19587753602879282			
GRYDER_PAX3FOXO1_ENHANCERS_IN_TADS	-0.19588638322997426			
MIR6810_3P	-0.19589293476939978			
GO_ENTRAINMENT_OF_CIRCADIAN_CLOCK	-0.19589757042988237			
GO_FORMATION_OF_CYTOPLASMIC_TRANSLATION_INITIATION_COMPLEX	-0.19589966585778543			
GO_POSITIVE_REGULATION_OF_VIRAL_TRANSCRIPTION	-0.195904767478631			
GO_ENDOPLASMIC_RETICULUM_QUALITY_CONTROL_COMPARTMENT	-0.19590933951724593			
GO_NEGATIVE_REGULATION_OF_T_CELL_APOPTOTIC_PROCESS	-0.19591308292979756			
GSE26343_WT_VS_NFAT5_KO_MACROPHAGE_LPS_STIM_DN	-0.19591374670500278			
GO_TRANSLATION_REPRESSOR_ACTIVITY_MRNA_REGULATORY_ELEMENT_BINDING	-0.19591753966778325			
IPA_DDB2_DN	-0.19592158782650598			
MIR184	-0.1959323255248604			
REACTOME_CELL_JUNCTION_ORGANIZATION	-0.19593244950137034			
GO_SHORT_TERM_MEMORY	-0.1959342111611694			
GSE3982_DC_VS_MAC_UP	-0.19593525997411684			
REACTOME_PHOSPHATE_BOND_HYDROLYSIS_BY_NUDT_PROTEINS	-0.19593658023090274			
GO_COSTAMERE	-0.19594182162775117			
GSE5589_UNSTIM_VS_180MIN_LPS_AND_IL10_STIM_MACROPHAGE_UP	-0.19594382479121858			
GO_FATTY_ACID_TRANSMEMBRANE_TRANSPORT	-0.19595892996362618			
MIR3616_3P	-0.1959727688612616			
NRL_DN.V1_UP	-0.19599403801267343			
GO_EMBRYONIC_CRANIAL_SKELETON_MORPHOGENESIS	-0.19600537018371283			
CTCCAAG_MIR432	-0.19601441804996			
GSE14415_FOXP3_KO_NATURAL_TREG_VS_TCONV_UP	-0.1960224910109528			
MIR2467_3P	-0.19602591657181329			
GSE1925_CTRL_VS_24H_IFNG_STIM_MACROPHAGE_DN	-0.19602898088117762			
REACTOME_GALACTOSE_CATABOLISM	-0.19602946890821307			
GO_RUFFLE_ORGANIZATION	-0.19603387035961387			
GO_BASIC_AMINO_ACID_TRANSMEMBRANE_TRANSPORT	-0.19603436744023248			
REACTOME_LIPID_PARTICLE_ORGANIZATION	-0.1960409012440791			
GO_RHOMBOMERE_DEVELOPMENT	-0.1960425939742929			
GO_RNAI_EFFECTOR_COMPLEX	-0.1960446411585435			
REACTOME_L1CAM_INTERACTIONS	-0.19604465523374742			
REACTOME_TRAFFICKING_OF_GLUR2_CONTAINING_AMPA_RECEPTORS	-0.19604654271006952			
GSE24142_ADULT_VS_FETAL_EARLY_THYMIC_PROGENITOR_UP	-0.196057972221214			
KAMMINGA_SENESCENCE	-0.1960726099617909			
GSE13485_DAY3_VS_DAY21_YF17D_VACCINE_PBMC_DN	-0.19607657169373668			
JECHLINGER_EPITHELIAL_TO_MESENCHYMAL_TRANSITION_DN	-0.1960782997619058			
IPA_SIX5_UP	-0.19608027286710833			
GO_NEURON_PROJECTION	-0.196083994992171			
GO_BILE_ACID_BIOSYNTHETIC_PROCESS	-0.19609255651306384			
REACTOME_ASPARAGINE_N_LINKED_GLYCOSYLATION	-0.19609509301669314			
WCAANNNYCAG_UNKNOWN	-0.19609979741295772			
GO_REGULATION_OF_CDC42_PROTEIN_SIGNAL_TRANSDUCTION	-0.19610484291914182			
REACTOME_DECTIN_2_FAMILY	-0.1961088219056968			
REACTOME_SHC_MEDIATED_CASCADE_FGFR3	-0.19611907496185813			
IPA_RBPJL_UP	-0.1961422302002694			
GSE22611_NOD2_VS_MUTANT_NOD2_TRANSDUCED_HEK293T_CELL_DN	-0.19614615845307762			
GO_CGMP_CATABOLIC_PROCESS	-0.19615281396139422			
ZNF711_TARGET_GENES	-0.19615440411528706			
REACTOME_RUNX2_REGULATES_OSTEOBLAST_DIFFERENTIATION	-0.19615927669965205			
MIR5582_5P	-0.19616162277298163			
KOHOUTEK_CCNT2_TARGETS	-0.19616266297403426			
GO_5_3_EXONUCLEASE_ACTIVITY	-0.19616732416413382			
GO_ENDOSOME_TO_LYSOSOME_TRANSPORT_VIA_MULTIVESICULAR_BODY_SORTING_PATHWAY	-0.19616830557441492			
GO_TRANSCRIPTION_ELONGATION_FROM_RNA_POLYMERASE_II_PROMOTER	-0.1961779391353027			
KOBAYASHI_EGFR_SIGNALING_24HR_UP	-0.1961779974789998			
GO_MSL_COMPLEX	-0.19618820576307483			
GO_ACROSOME_REACTION	-0.19619132483301238			
MIR449B_5P	-0.1961959586828415			
GO_BASAL_PLASMA_MEMBRANE	-0.1962343636832627			
PEDERSEN_METASTASIS_BY_ERBB2_ISOFORM_4	-0.196240603152292			
MIR24_3P	-0.19624174103402697			
BARRIER_CANCER_RELAPSE_TUMOR_SAMPLE_DN	-0.19624225790239744			
FIRESTEIN_CTNNB1_PATHWAY_AND_PROLIFERATION	-0.19625324901420027			
GO_ADENYLATE_CYCLASE_INHIBITING_SEROTONIN_RECEPTOR_SIGNALING_PATHWAY	-0.1962540867046781			
GFI1_01	-0.19626544165456059			
LOPEZ_MESOTHELIOMA_SURVIVAL_OVERALL_DN	-0.1962705722913554			
GO_PROTEIN_DEGLUTAMYLATION	-0.19627149140597092			
HELLER_HDAC_TARGETS_SILENCED_BY_METHYLATION_UP	-0.19627822216023058			
BIOCARTA_ETC_PATHWAY	-0.19629265384559952			
IPA_HOXA9_UP	-0.1963145984454425			
GO_MEMBRANE_LIPID_METABOLIC_PROCESS	-0.19631700259360674			
GO_CARDIAC_PACEMAKER_CELL_DIFFERENTIATION	-0.19632739224766005			
AAGWWRNYGGC_UNKNOWN	-0.1963294965000354			
GO_MITIGATION_OF_HOST_DEFENSES_BY_SYMBIONT	-0.1963441937464992			
MIR6887_5P	-0.19635154618825182			
IPA_ATF6B_UP	-0.19635479107364912			
GO_GROWTH_PLATE_CARTILAGE_DEVELOPMENT	-0.1963632030756308			
GO_NEGATIVE_REGULATION_OF_RETINOIC_ACID_RECEPTOR_SIGNALING_PATHWAY	-0.19637318788644426			
MIR7162_5P	-0.19637682714383117			
GO_REGULATION_OF_TRANSLATIONAL_FIDELITY	-0.19638301107638187			
GO_CARBOHYDRATE_PROTON_SYMPORTER_ACTIVITY	-0.19640234451961477			
GO_OXIDOREDUCTASE_ACTIVITY_ACTING_ON_PAIRED_DONORS_WITH_INCORPORATION_OR_REDUCTION_OF_MOLECULAR_OXYGEN_REDUCED_PTERIDINE_AS_ONE_DONOR_AND_INCORPORATION_OF_ONE_ATOM_OF_OXYGEN	-0.1964098987026297			
GO_COBALT_ION_TRANSPORT	-0.19641864524741828			
MIR3692_5P	-0.19642082817287465			
LIU_SOX4_TARGETS_UP	-0.19642344665005584			
INAMURA_LUNG_CANCER_SCC_UP	-0.19643969279696963			
REACTOME_DOWNREGULATION_OF_ERBB2_SIGNALING	-0.19645020229808835			
SUNG_METASTASIS_STROMA_UP	-0.19645476915012833			
GO_HISTONE_METHYLTRANSFERASE_ACTIVITY_H3_K27_SPECIFIC	-0.19646908613995095			
GO_NEGATIVE_REGULATION_OF_HUMORAL_IMMUNE_RESPONSE	-0.19647592944486944			
GO_BETA_GLUCOSIDASE_ACTIVITY	-0.19647863834978313			
GO_TRANS_SYNAPTIC_SIGNALING_BY_LIPID	-0.19648929850004798			
GO_ADHESION_OF_SYMBIONT_TO_HOST_CELL	-0.19649371205709784			
GSE11961_FOLLICULAR_BCELL_VS_MEMORY_BCELL_DAY40_DN	-0.19649959969878425			
REACTOME_ACETYLCHOLINE_BINDING_AND_DOWNSTREAM_EVENTS	-0.19650125989199785			
GO_NOREPINEPHRINE_TRANSPORT	-0.19650407645315843			
MIR7975	-0.19650628394412056			
GSE21380_TFH_VS_GERMINAL_CENTER_TFH_CD4_TCELL_DN	-0.19650645160715954			
REACTOME_EGFR_INTERACTS_WITH_PHOSPHOLIPASE_C_GAMMA	-0.19651204006998058			
GO_INDOLALKYLAMINE_METABOLIC_PROCESS	-0.19651977566095974			
MIR6791_3P	-0.19652130820567426			
GO_NEGATIVE_REGULATION_OF_UBIQUITIN_DEPENDENT_PROTEIN_CATABOLIC_PROCESS	-0.19652270816845913			
PID_S1P_S1P2_PATHWAY	-0.1965297125062482			
GATA6_01	-0.1965344821109052			
GO_PHAGOPHORE_ASSEMBLY_SITE	-0.19654359927201132			
GO_PHOSPHOFRUCTOKINASE_ACTIVITY	-0.19655989733069737			
ZNF292_TARGET_GENES	-0.19656686392224373			
CEBPDELTA_Q6	-0.1965756887529963			
MIR7977	-0.1965762250370542			
GO_REGULATION_OF_PROSTAGLANDIN_SECRETION	-0.19657751190741396			
GSE20715_0H_VS_48H_OZONE_TLR4_KO_LUNG_DN	-0.1965781756601387			
REACTOME_MET_RECEPTOR_RECYCLING	-0.19657968557481179			
GO_ORGANIC_ACID_TRANSMEMBRANE_TRANSPORT	-0.19658499866954718			
REACTOME_BLOOD_GROUP_SYSTEMS_BIOSYNTHESIS	-0.1965877534365336			
GO_VASCULAR_ASSOCIATED_SMOOTH_MUSCLE_CELL_APOPTOTIC_PROCESS	-0.19658831816381017			
MIR378G	-0.1965889159487226			
MIR6768_5P	-0.19659386123900066			
GO_PORE_COMPLEX	-0.1966096465680128			
GGCKCATGS_UNKNOWN	-0.19661104906959273			
MIR2116_3P	-0.19661167433792864			
RAMASWAMY_METASTASIS_DN	-0.19661460573485715			
MIR5195_5P	-0.19661827211391245			
MIR1276	-0.1966230657217502			
GO_LBD_DOMAIN_BINDING	-0.19666087334183724			
WEIGEL_OXIDATIVE_STRESS_BY_HNE_AND_H2O2	-0.19666223078152384			
GO_REGULATION_OF_UBIQUITIN_DEPENDENT_PROTEIN_CATABOLIC_PROCESS	-0.19667541883128523			
MIR3614_5P	-0.19668948246328405			
GSE17721_CTRL_VS_GARDIQUIMOD_8H_BMDC_UP	-0.19669214385624886			
GO_TYROSINE_METABOLIC_PROCESS	-0.19669353791936672			
GO_OLIGOSACCHARIDE_METABOLIC_PROCESS	-0.19669942283219477			
GO_O_METHYLTRANSFERASE_ACTIVITY	-0.19670137106873792			
CHIBA_RESPONSE_TO_TSA_DN	-0.1967018717571149			
REACTOME_SYNTHESIS_OF_15_EICOSATETRAENOIC_ACID_DERIVATIVES	-0.1967111305109215			
GO_TRANSPORTER_COMPLEX	-0.19671706393969543			
REACTOME_SEMAPHORIN_INTERACTIONS	-0.19672211912076717			
AKT_UP.V1_DN	-0.1967313207517371			
GSE29949_CD8_NEG_DC_SPLEEN_VS_CD8_POS_DC_SPLEEN_UP	-0.19673423599350714			
MIR6776_5P	-0.19674387666366483			
GO_REGULATION_OF_LONG_TERM_SYNAPTIC_DEPRESSION	-0.1967516490754121			
OSAWA_TNF_TARGETS	-0.1967517297705473			
GSE21678_WT_VS_FOXO1_FOXO3_KO_TREG_DN	-0.19677315252487276			
GO_L_ASPARTATE_TRANSMEMBRANE_TRANSPORTER_ACTIVITY	-0.19679151946947107			
MIR7106_3P	-0.19679233744246352			
MIR4420	-0.19679837152717447			
CHAUHAN_RESPONSE_TO_METHOXYESTRADIOL_UP	-0.19680680683885815			
GO_TRANSPORT_VESICLE_MEMBRANE	-0.19681000442690938			
GO_POSITIVE_REGULATION_OF_SODIUM_ION_TRANSMEMBRANE_TRANSPORT	-0.19681773048522452			
GO_CELLULAR_RESPONSE_TO_OXYGEN_RADICAL	-0.19682284084351623			
KEGG_CIRCADIAN_RHYTHM_MAMMAL	-0.1968258571090722			
MIR216A_3P	-0.19683989011098404			
GO_LIGAND_GATED_SODIUM_CHANNEL_ACTIVITY	-0.1968708235615962			
GO_TRNA_MODIFICATION	-0.19687249611345775			
GO_CELLULAR_RESPONSE_TO_POTASSIUM_ION	-0.19687850567616225			
GSE15659_TREG_VS_TCONV_UP	-0.19688801782272583			
GO_RETROGRADE_VESICLE_MEDIATED_TRANSPORT_GOLGI_TO_ENDOPLASMIC_RETICULUM	-0.19688989842427038			
GO_DENDRITIC_TREE	-0.196895052367915			
MTF1_Q4	-0.19690600568009767			
GSE12003_MIR223_KO_VS_WT_BM_PROGENITOR_8D_CULTURE_UP	-0.196909643437696			
MIR6888_3P	-0.19691046673002247			
REACTOME_ACYL_CHAIN_REMODELLING_OF_PE	-0.19691447636451917			
GO_TRANSCRIPTION_INITIATION_FROM_RNA_POLYMERASE_II_PROMOTER	-0.19692209730493015			
GO_STARTLE_RESPONSE	-0.19693647104763395			
REACTOME_BRANCHED_CHAIN_AMINO_ACID_CATABOLISM	-0.19693887273973265			
REACTOME_HIGHLY_CALCIUM_PERMEABLE_NICOTINIC_ACETYLCHOLINE_RECEPTORS	-0.1969410533494331			
CREBP1_Q2	-0.19694501330837205			
GO_MORPHOGENESIS_OF_AN_EPITHELIAL_BUD	-0.19694737342172444			
GSE8621_UNSTIM_VS_LPS_PRIMED_UNSTIM_MACROPHAGE_UP	-0.19694889903022011			
IPA_ELF5_DN	-0.19695104163940713			
GO_SECRETORY_GRANULE_LOCALIZATION	-0.19695238000875567			
GO_ACTIVATION_INDUCED_CELL_DEATH_OF_T_CELLS	-0.19695519845488568			
GO_CARBOXYLIC_ESTER_HYDROLASE_ACTIVITY	-0.19695619998536587			
GO_REGULATION_OF_ESTABLISHMENT_OR_MAINTENANCE_OF_CELL_POLARITY	-0.19696599351640362			
GO_NEGATIVE_REGULATION_OF_SUBSTRATE_ADHESION_DEPENDENT_CELL_SPREADING	-0.1969702542026535			
GO_MODIFICATION_OF_SYNAPTIC_STRUCTURE	-0.1969868533316912			
GO_COMMA_SHAPED_BODY_MORPHOGENESIS	-0.1969877234527746			
GO_ASPARTATE_METABOLIC_PROCESS	-0.19700103185489076			
HALLMARK_ESTROGEN_RESPONSE_LATE	-0.197012764983379			
GO_KERATAN_SULFATE_METABOLIC_PROCESS	-0.19701441030032077			
REACTOME_PHASE_1_INACTIVATION_OF_FAST_NA_CHANNELS	-0.19701944755933448			
GO_POSTSYNAPTIC_SPECIALIZATION_INTRACELLULAR_COMPONENT	-0.1970358028906614			
GSE37301_HEMATOPOIETIC_STEM_CELL_VS_GRAN_MONO_PROGENITOR_UP	-0.19704141976166897			
GO_POSITIVE_REGULATION_OF_GLYCOGEN_METABOLIC_PROCESS	-0.19708866861438282			
GO_PYRAMIDAL_NEURON_DIFFERENTIATION	-0.19709034415868262			
SILIGAN_BOUND_BY_EWS_FLT1_FUSION	-0.1970930367753895			
BIOCARTA_GPCR_PATHWAY	-0.19709424514566296			
MIR6751_3P	-0.19710269103406405			
GO_VASCULAR_ASSOCIATED_SMOOTH_MUSCLE_CELL_MIGRATION	-0.19710661558013295			
GO_REGULATION_OF_TYPE_B_PANCREATIC_CELL_DEVELOPMENT	-0.1971099675592263			
REACTOME_TOXICITY_OF_BOTULINUM_TOXIN_TYPE_D_BONT_D	-0.19711677820768295			
GO_POLY_G_BINDING	-0.19711884253891424			
GO_LIPID_OXIDATION	-0.19712007414637758			
SHEDDEN_LUNG_CANCER_GOOD_SURVIVAL_A4	-0.19713421240994855			
GO_MODULATION_OF_MICROTUBULE_CYTOSKELETON_INVOLVED_IN_CEREBRAL_CORTEX_RADIAL_GLIA_GUIDED_MIGRATION	-0.19713427514224174			
REACTOME_DISEASES_OF_PROGRAMMED_CELL_DEATH	-0.19715572894831906			
MIR3617_5P	-0.19715600475795522			
MIR4739	-0.19716000848589713			
GO_PHOSPHOLIPASE_C_ACTIVATING_G_PROTEIN_COUPLED_RECEPTOR_SIGNALING_PATHWAY	-0.19716787192480226			
MIR548AT_3P	-0.19718886494887206			
GO_EPITHELIAL_TO_MESENCHYMAL_TRANSITION_INVOLVED_IN_ENDOCARDIAL_CUSHION_FORMATION	-0.19719340651154738			
REACTOME_SPHINGOLIPID_DE_NOVO_BIOSYNTHESIS	-0.19719850904424824			
GSE30083_SP1_VS_SP3_THYMOCYTE_UP	-0.19720742501852656			
GO_NEGATIVE_REGULATION_OF_MRNA_SPLICING_VIA_SPLICEOSOME	-0.19721979470533393			
GO_ADRENERGIC_RECEPTOR_BINDING	-0.19722270952088544			
GO_ANGIOTENSIN_RECEPTOR_BINDING	-0.19722509342759412			
GO_OPTIC_CUP_MORPHOGENESIS_INVOLVED_IN_CAMERA_TYPE_EYE_DEVELOPMENT	-0.19722782978850753			
GSE17721_0.5H_VS_12H_PAM3CSK4_BMDC_UP	-0.1972304819007798			
PYEON_HPV_POSITIVE_TUMORS_DN	-0.19723938418512402			
GO_TELENCEPHALON_DEVELOPMENT	-0.1972457097637855			
GO_LONG_CHAIN_FATTY_ACID_CATABOLIC_PROCESS	-0.19725418858297492			
MSX1_TARGET_GENES	-0.19726001211347205			
SP1_Q6	-0.1972641095137387			
MIR520E_5P	-0.19727188914379662			
MIR4291	-0.19727264136807737			
IPA_BHLHE22_UP	-0.19727730338363195			
BIOCARTA_P27_PATHWAY	-0.19728093088925547			
YTCCCRNNAGGY_UNKNOWN	-0.19728559420887423			
PID_ARF_3PATHWAY	-0.19728565304931778			
GO_SINGLE_STRANDED_DNA_3_5_EXODEOXYRIBONUCLEASE_ACTIVITY	-0.19729071362557052			
KAT2A_TARGET_GENES	-0.1972962559453769			
GO_CARDIAC_CHAMBER_FORMATION	-0.19729967128118692			
GO_NEGATIVE_REGULATION_OF_EXCITATORY_POSTSYNAPTIC_POTENTIAL	-0.19730504681672303			
GO_ENDOCARDIUM_DEVELOPMENT	-0.19730584817510236			
OCT1_02	-0.1973062451140935			
MIR370_3P	-0.19730663213462607			
REACTOME_REGULATION_OF_GENE_EXPRESSION_IN_ENDOCRINE_COMMITTED_NEUROG3_PROGENITOR_CELLS	-0.19731194122087864			
BIOCARTA_DSP_PATHWAY	-0.19731386845276003			
GO_PEPTIDYL_LYSINE_DIMETHYLATION	-0.19732850200672752			
MIR5685	-0.197337005527783			
GARGALOVIC_RESPONSE_TO_OXIDIZED_PHOSPHOLIPIDS_BLUE_DN	-0.19734065914046278			
GO_RHO_GUANYL_NUCLEOTIDE_EXCHANGE_FACTOR_ACTIVITY	-0.19735461101339816			
GO_ADIPOSE_TISSUE_DEVELOPMENT	-0.19736730241373127			
GO_REGULATION_OF_CHAPERONE_MEDIATED_AUTOPHAGY	-0.19738016683939133			
MIR6082	-0.19738018909089727			
REACTOME_AMINE_LIGAND_BINDING_RECEPTORS	-0.19738023328244333			
NAKAJIMA_EOSINOPHIL	-0.19738474459341931			
IPA_CREB3_UP	-0.19739083260197168			
GO_MODIFIED_AMINO_ACID_BINDING	-0.19739177590927912			
GO_RETINA_MORPHOGENESIS_IN_CAMERA_TYPE_EYE	-0.19739283355870454			
GO_KYNURENINE_METABOLIC_PROCESS	-0.197394316388028			
MIR6734_5P	-0.19740070852769706			
GO_REGULATION_OF_INTESTINAL_CHOLESTEROL_ABSORPTION	-0.19740386631910026			
GO_PHOTOPERIODISM	-0.1974040252318592			
REACTOME_AKT_PHOSPHORYLATES_TARGETS_IN_THE_NUCLEUS	-0.19740673116465737			
GENTILE_RESPONSE_CLUSTER_D3	-0.19741160468317392			
REACTOME_PI_3K_CASCADE_FGFR3	-0.19741696424124044			
GO_AMIDINE_LYASE_ACTIVITY	-0.19742300764635207			
KEGG_GLIOMA	-0.1974615148930816			
MIR4446_3P	-0.19747113863442872			
TTTTGAG_MIR373	-0.19747956210519282			
GO_MAINTENANCE_OF_PROTEIN_LOCATION_IN_CELL	-0.19748490312012054			
GO_NERVE_GROWTH_FACTOR_BINDING	-0.19748527618998665			
TSENG_ADIPOGENIC_POTENTIAL_UP	-0.19749744793623716			
GO_REGULATION_OF_CELL_CELL_ADHESION_MEDIATED_BY_CADHERIN	-0.1975009315986008			
IVANOVA_HEMATOPOIESIS_STEM_CELL_LONG_TERM	-0.1975051423747043			
GO_REGULATION_OF_BINDING	-0.1975082022003968			
GO_TRANSFERASE_ACTIVITY_TRANSFERRING_HEXOSYL_GROUPS	-0.1975189077558233			
GO_METHYLATED_HISTONE_BINDING	-0.19753685278308708			
NR0B1_TARGET_GENES	-0.19753735621030924			
MEIS1AHOXA9_01	-0.19753910209173148			
GSE15659_RESTING_TREG_VS_NONSUPPRESSIVE_TCELL_UP	-0.1975572641164333			
GO_OLIGOSACCHARYL_TRANSFERASE_ACTIVITY	-0.19755854605469286			
GO_SPERMATID_NUCLEUS_DIFFERENTIATION	-0.19757635676288998			
LUI_THYROID_CANCER_CLUSTER_1	-0.1975813714144734			
IPA_PITX3_DN	-0.19758444945876727			
GO_KINOCILIUM	-0.197588135465787			
TGCACTG_MIR148A_MIR152_MIR148B	-0.19759261578349502			
GO_NUCLEOTIDE_DIPHOSPHATASE_ACTIVITY	-0.1975937108069858			
REACTOME_BETA_OXIDATION_OF_HEXANOYL_COA_TO_BUTANOYL_COA	-0.19759602534380052			
KEGG_LIMONENE_AND_PINENE_DEGRADATION	-0.19760184594043784			
GSE20715_WT_VS_TLR4_KO_48H_OZONE_LUNG_DN	-0.19760551307946694			
GO_COPII_COATED_VESICLE_BUDDING	-0.19761870579748245			
MIR4722_5P	-0.19762186510140528			
CTTTGT_LEF1_Q2	-0.19763033785973666			
GO_ENDOPLASMIC_RETICULUM_TO_CYTOSOL_TRANSPORT	-0.1976362008609475			
GO_POSITIVE_REGULATION_OF_NITRIC_OXIDE_MEDIATED_SIGNAL_TRANSDUCTION	-0.1976491241389531			
REACTOME_DSCAM_INTERACTIONS	-0.1976527696776486			
REACTOME_BUDDING_AND_MATURATION_OF_HIV_VIRION	-0.19765578276024726			
REACTOME_BIOSYNTHESIS_OF_THE_N_GLYCAN_PRECURSOR_DOLICHOL_LIPID_LINKED_OLIGOSACCHARIDE_LLO_AND_TRANSFER_TO_A_NASCENT_PROTEIN	-0.197660340943606			
REACTOME_RSK_ACTIVATION	-0.19766502598794392			
GSE21546_UNSTIM_VS_ANTI_CD3_STIM_ELK1_KO_DP_THYMOCYTES_DN	-0.19766830795176438			
GO_POSITIVE_REGULATION_OF_GLOMERULAR_MESANGIAL_CELL_PROLIFERATION	-0.19767573448153927			
GSE11367_CTRL_VS_IL17_TREATED_SMOOTH_MUSCLE_CELL_DN	-0.19767727951563613			
GO_PATHWAY_RESTRICTED_SMAD_PROTEIN_PHOSPHORYLATION	-0.19767769849625147			
GO_REGULATION_OF_SKELETAL_MUSCLE_ADAPTATION	-0.19769069260589867			
GO_VACUOLAR_ACIDIFICATION	-0.197700571974008			
REACTOME_ESTABLISHMENT_OF_SISTER_CHROMATID_COHESION	-0.19770644305997764			
REACTOME_NONCANONICAL_ACTIVATION_OF_NOTCH3	-0.19770812325979883			
GSE20715_WT_VS_TLR4_KO_24H_OZONE_LUNG_UP	-0.19771230164984904			
BIOCARTA_EPONFKB_PATHWAY	-0.19771443107201028			
GO_1_PHOSPHATIDYLINOSITOL_4_KINASE_ACTIVITY	-0.19771847247581803			
SRC_UP.V1_UP	-0.19771979973522305			
SMCHD1_TARGET_GENES	-0.19772244523094476			
RNCTGNYNRNCTGNY_UNKNOWN	-0.19772501952731464			
GSE32986_CURDLAN_LOWDOSE_VS_GMCSF_AND_CURDLAN_LOWDOSE_STIM_DC_UP	-0.19772808408890027			
GO_POSITIVE_REGULATION_OF_VASCULAR_ENDOTHELIAL_GROWTH_FACTOR_SIGNALING_PATHWAY	-0.197740617910603			
GSE557_CIITA_KO_VS_I_AB_KO_DC_DN	-0.19775086712997492			
KYNG_RESPONSE_TO_H2O2_VIA_ERCC6	-0.19775649961314107			
AKT_UP.V1_UP	-0.1977609747873529			
KEGG_RENIN_ANGIOTENSIN_SYSTEM	-0.19776829606062934			
GO_AXON_GUIDANCE_RECEPTOR_ACTIVITY	-0.19777924758762563			
GO_DNA_DAMAGE_INDUCED_PROTEIN_PHOSPHORYLATION	-0.19778524853124446			
GO_EPITHELIAL_CELL_PROLIFERATION_INVOLVED_IN_LUNG_MORPHOGENESIS	-0.19778538466283538			
REACTOME_COMMON_PATHWAY_OF_FIBRIN_CLOT_FORMATION	-0.19780388134141771			
GO_REGULATION_OF_SYNAPTIC_VESICLE_TRANSPORT	-0.19780700178262714			
REACTOME_CONSTITUTIVE_SIGNALING_BY_ABERRANT_PI3K_IN_CANCER	-0.19780728077821105			
GO_NEGATIVE_REGULATION_OF_THYMOCYTE_APOPTOTIC_PROCESS	-0.1978126174903734			
GO_POSITIVE_REGULATION_OF_GONADOTROPIN_SECRETION	-0.19784427902519583			
MIR3913_5P	-0.19784546351881363			
GHO_ATF5_TARGETS_DN	-0.19785047119961757			
GO_CYTOPLASMIC_SEQUESTERING_OF_TRANSCRIPTION_FACTOR	-0.19785168496373542			
GO_RECEPTOR_SIGNALING_COMPLEX_ADAPTOR_ACTIVITY	-0.19785799327877385			
MIR6071	-0.19785972376127417			
GO_SINGLE_STRANDED_RNA_BINDING	-0.19786228302705933			
GO_LEFT_RIGHT_PATTERN_FORMATION	-0.19788543669732694			
GO_BRANCHED_CHAIN_AMINO_ACID_TRANSPORT	-0.19789385461890563			
MIR585_5P	-0.19789429501293224			
TFIIA_Q6	-0.19789484895598053			
REACTOME_BUTYRATE_RESPONSE_FACTOR_1_BRF1_BINDS_AND_DESTABILIZES_MRNA	-0.19790125862390404			
GO_OXIDOREDUCTASE_ACTIVITY_ACTING_ON_DIPHENOLS_AND_RELATED_SUBSTANCES_AS_DONORS	-0.19790782730368622			
PID_ERBB2_ERBB3_PATHWAY	-0.19791324847384714			
IPA_KLF9_UP	-0.19792567552190216			
GO_GOLGI_TO_LYSOSOME_TRANSPORT	-0.1979261500341665			
GO_REGULATION_OF_GTPASE_ACTIVITY	-0.19792831278793938			
GO_MANNOSYL_OLIGOSACCHARIDE_1_2_ALPHA_MANNOSIDASE_ACTIVITY	-0.19792878627413454			
GO_URETERIC_BUD_ELONGATION	-0.19796223838247032			
GSE3994_WT_VS_PAC1_KO_ACTIVATED_MAST_CELL_UP	-0.19796757224195338			
IPA_HOXC9_DN	-0.19797347919792455			
GSE37534_PIOGLITAZONE_VS_ROSIGLITAZONE_TREATED_CD4_TCELL_PPARG1_FOXP3_TRANSDUCED_UP	-0.19797729774066844			
ZNF223_TARGET_GENES	-0.19797887772236644			
MIR4280	-0.1979791366045457			
GO_REGULATION_OF_CENTROSOME_DUPLICATION	-0.19799784789677483			
MIR370_5P	-0.1979998309987944			
IPA_HNF1A_UP	-0.19802406283116197			
GSE5589_LPS_AND_IL10_VS_LPS_AND_IL6_STIM_IL10_KO_MACROPHAGE_45MIN_DN	-0.1980248313241877			
MIR181B_2_3P_MIR181B_3P	-0.1980369391545151			
REACTOME_RUNX1_REGULATES_TRANSCRIPTION_OF_GENES_INVOLVED_IN_DIFFERENTIATION_OF_KERATINOCYTES	-0.19804555451469522			
REACTOME_O_LINKED_GLYCOSYLATION_OF_MUCINS	-0.19805607700820854			
chr17q12	-0.19806367581853243			
IGLV5_37_TARGET_GENES	-0.19806602554021147			
GSE7509_FCGRIIB_VS_TNFA_IL1B_IL6_PGE_STIM_DC_DN	-0.19806992734050513			
GO_REGULATION_OF_ENDOCYTOSIS	-0.198077885739628			
REACTOME_TRANSPORT_TO_THE_GOLGI_AND_SUBSEQUENT_MODIFICATION	-0.19808339589046897			
GO_VESICLE_TETHERING_COMPLEX	-0.19808715131130367			
GO_PROTEIN_HEXAMERIZATION	-0.19809078345040382			
DORN_ADENOVIRUS_INFECTION_12HR_UP	-0.1980934250631429			
FONTAINE_PAPILLARY_THYROID_CARCINOMA_UP	-0.19809717204063607			
KEGG_WNT_SIGNALING_PATHWAY	-0.19809980524075263			
chrXq22	-0.19812091199906245			
GSE13485_CTRL_VS_DAY3_YF17D_VACCINE_PBMC_UP	-0.1981239607174283			
GSE1448_CTRL_VS_ANTI_VALPHA2_DP_THYMOCYTE_UP	-0.19812467923086882			
GO_NEGATIVE_REGULATION_OF_MICROTUBULE_POLYMERIZATION	-0.19812500381371317			
REACTOME_PHOSPHOLIPID_METABOLISM	-0.1981334122661548			
GO_RISC_LOADING_COMPLEX	-0.19814782126360303			
GO_REGULATION_OF_SMAD_PROTEIN_COMPLEX_ASSEMBLY	-0.19815596908397695			
MATZUK_IMPLANTATION_AND_UTERINE	-0.19816274806784828			
GSE19888_CTRL_VS_A3R_ACT_TREATED_MAST_CELL_PRETREATED_WITH_A3R_INH_UP	-0.19817588968791092			
LIU_SOX4_TARGETS_DN	-0.1981775281488167			
REACTOME_N_GLYCAN_ANTENNAE_ELONGATION_IN_THE_MEDIAL_TRANS_GOLGI	-0.1981851056476446			
MIR346	-0.19818965586279258			
GO_REGULATION_OF_TRANSCRIPTION_OF_NUCLEOLAR_LARGE_RRNA_BY_RNA_POLYMERASE_I	-0.19819539017762033			
GO_RNA_POLYMERASE_II_PREINITIATION_COMPLEX_ASSEMBLY	-0.19819705424586878			
WONG_ENDMETRIUM_CANCER_UP	-0.19820993955701244			
LOPEZ_EPITHELIOID_MESOTHELIOMA	-0.19821147113027807			
IPA_JUP_UP	-0.19821345483763095			
IPA_NKX2-1_UP	-0.19821504438820003			
GO_PEPTIDYL_ASPARAGINE_MODIFICATION	-0.19822200898769696			
GO_POSITIVE_REGULATION_OF_SKELETAL_MUSCLE_TISSUE_REGENERATION	-0.1982286632026926			
GO_TRANSEPITHELIAL_TRANSPORT	-0.1982288334401068			
GO_RESPONSE_TO_CADMIUM_ION	-0.19823414339536818			
YIH_RESPONSE_TO_ARSENITE_C2	-0.19824379711452203			
BIOCARTA_HER2_PATHWAY	-0.19825839596505276			
GO_POSITIVE_REGULATION_OF_NEUROTRANSMITTER_TRANSPORT	-0.19826099379094173			
GO_LIPID_KINASE_ACTIVITY	-0.198264253069201			
GO_NEURAL_CREST_CELL_MIGRATION_INVOLVED_IN_AUTONOMIC_NERVOUS_SYSTEM_DEVELOPMENT	-0.1982657841452915			
GO_AXONEMAL_MICROTUBULE	-0.19826585199550592			
IPA_CDX2_UP	-0.19826615767302783			
GO_G1_DNA_DAMAGE_CHECKPOINT	-0.19827081218767328			
RFX1_02	-0.19827233037516467			
GO_GOLGI_CISTERNA_MEMBRANE	-0.1982818402192939			
GSE42724_MEMORY_VS_B1_BCELL_UP	-0.1983005037007178			
GSE15930_NAIVE_VS_72H_IN_VITRO_STIM_CD8_TCELL_UP	-0.19830138277003137			
IPA_PLAGL1_UP	-0.19830714179881512			
CLIMENT_BREAST_CANCER_COPY_NUMBER_UP	-0.1983082807698195			
MZF1_01	-0.19831032936385193			
IPA_GFI1B_UP	-0.1983111275967806			
IPA_IRX2_DN	-0.19831306999389692			
IPA_TFAP2B_DN	-0.19831306999389692			
GO_MEMBRANE_LIPID_CATABOLIC_PROCESS	-0.19832696748626769			
BERNARD_PPAPDC1B_TARGETS_UP	-0.19833256944526798			
GO_REGULATION_OF_MEMBRANE_REPOLARIZATION	-0.19833902422623498			
MIR10398_3P	-0.19835013264780302			
IPA_HNF1B_UP	-0.19835586411252062			
GSE3982_MAST_CELL_VS_TH1_UP	-0.19836297782158666			
GO_HISTONE_H3_K14_ACETYLATION	-0.19836604450871934			
GO_PROTEASOME_REGULATORY_PARTICLE_BASE_SUBCOMPLEX	-0.1983835552647302			
GO_POSITIVE_REGULATION_OF_VIRAL_RELEASE_FROM_HOST_CELL	-0.1983875121870214			
E4F1_Q6	-0.19839591632520628			
YAP1_DN	-0.19840605663028504			
REACTOME_UPTAKE_AND_ACTIONS_OF_BACTERIAL_TOXINS	-0.19840890799950942			
HU_ANGIOGENESIS_DN	-0.19841634042307862			
NIKOLSKY_MUTATED_AND_AMPLIFIED_IN_BREAST_CANCER	-0.1984213034482396			
ZNF213_TARGET_GENES	-0.19842132064185508			
REACTOME_SIGNALING_BY_NOTCH2	-0.19842273509897138			
MIR939_3P	-0.19844158225288752			
IPA_MZF1_DN	-0.19844470826974703			
GO_NEUROMUSCULAR_PROCESS_CONTROLLING_BALANCE	-0.19845592461029635			
GO_REGULATION_OF_MITOCHONDRIAL_OUTER_MEMBRANE_PERMEABILIZATION_INVOLVED_IN_APOPTOTIC_SIGNALING_PATHWAY	-0.19845680426191387			
MIR4762_5P	-0.19846459686438356			
GO_SCARNA_LOCALIZATION_TO_CAJAL_BODY	-0.19846535311459113			
MIR4450	-0.1984672192263549			
PGBD5_TARGET_GENES	-0.19846963307827736			
MIR2054	-0.19848001541786972			
MIR4652_5P	-0.19848892458990586			
GTAGGCA_MIR189	-0.19849747243554547			
BIOCARTA_MALATEX_PATHWAY	-0.19850414413197254			
IVANOVA_HEMATOPOIESIS_STEM_CELL	-0.19851947333609682			
REACTOME_TRANSCRIPTIONAL_ACTIVATION_OF_MITOCHONDRIAL_BIOGENESIS	-0.19852124465880622			
MIR4428	-0.19852580996847638			
HOELZEL_NF1_TARGETS_DN	-0.1985267111129342			
GO_OSTEOBLAST_DEVELOPMENT	-0.19852730622086337			
KIM_BIPOLAR_DISORDER_OLIGODENDROCYTE_DENSITY_CORR_UP	-0.19852817586401603			
GO_ORGANIC_ANION_TRANSPORT	-0.19853108864264102			
GO_MEIOTIC_SISTER_CHROMATID_COHESION_CENTROMERIC	-0.19853165741579373			
MIR10A_3P	-0.19853415879603561			
MOOTHA_VOXPHOS	-0.19854628730643767			
GO_REGULATION_OF_DENDRITIC_SPINE_DEVELOPMENT	-0.19855356525271162			
KEGG_ARGININE_AND_PROLINE_METABOLISM	-0.19856297059048847			
GO_MAIN_AXON	-0.19856672940509454			
GO_PHOSPHOLIPASE_A2_ACTIVITY_CONSUMING_1_2_DIPALMITOYLPHOSPHATIDYLCHOLINE	-0.19856889310474			
GO_CELLULAR_MODIFIED_AMINO_ACID_METABOLIC_PROCESS	-0.19857021582393106			
PID_MAPK_TRK_PATHWAY	-0.1985715494085213			
GO_ATRIAL_SEPTUM_MORPHOGENESIS	-0.1985766088805834			
GO_POSITIVE_REGULATION_OF_EPIDERMIS_DEVELOPMENT	-0.19858102795585214			
GSE19888_ADENOSINE_A3R_INH_PRETREAT_AND_ACT_BY_A3R_VS_TCELL_MEMBRANES_ACT_MAST_CELL_DN	-0.19858783875892075			
GSE19888_ADENOSINE_A3R_INH_VS_TCELL_MEMBRANES_ACT_MAST_CELL_DN	-0.19860987906724664			
GO_REGULATION_OF_TRANSLATIONAL_INITIATION_BY_EIF2_ALPHA_PHOSPHORYLATION	-0.19861344657470129			
GO_PRE_MIRNA_PROCESSING	-0.19861889535890384			
MIR8065	-0.19862454399152293			
GO_TRANSCRIPTION_INITIATION_FROM_RNA_POLYMERASE_III_PROMOTER	-0.19862490002496241			
GO_PHOSPHOLIPID_HOMEOSTASIS	-0.19864536727592735			
GO_GOLGI_TO_VACUOLE_TRANSPORT	-0.1986461803513579			
GSE10211_UV_INACT_SENDAI_VS_LIVE_SENDAI_VIRUS_TRACHEAL_EPITHELIAL_CELLS_DN	-0.19865921397060873			
GO_POSITIVE_REGULATION_OF_ION_TRANSMEMBRANE_TRANSPORT	-0.19866128026455707			
TAKEDA_TARGETS_OF_NUP98_HOXA9_FUSION_10D_DN	-0.19866912115214475			
DAIRKEE_CANCER_PRONE_RESPONSE_BPA	-0.19867948197873725			
IPA_NCOR1_UP	-0.19868115996109068			
GO_REGULATION_OF_CELL_DEVELOPMENT	-0.19868438724640364			
GO_NEGATIVE_REGULATION_OF_TRANSCRIPTION_INITIATION_FROM_RNA_POLYMERASE_II_PROMOTER	-0.1986904535355954			
IPA_PRRX1_UP	-0.19870170953071573			
CDX2_Q5	-0.1987042863200315			
MURAKAMI_UV_RESPONSE_6HR_UP	-0.19870751511030768			
REACTOME_ATTENUATION_PHASE	-0.1987111796493215			
GO_ORGANIC_ACID_TRANSPORT	-0.19871536240346171			
GO_CELLULAR_RESPONSE_TO_CAFFEINE	-0.19871549174919523			
MIR4530	-0.19871634747764322			
GO_POSITIVE_REGULATION_OF_TRANSMISSION_OF_NERVE_IMPULSE	-0.19872227260652256			
GROSS_HYPOXIA_VIA_ELK3_AND_HIF1A_DN	-0.19872759071252152			
REACTOME_SIGNALING_BY_PTK6	-0.19872821352836223			
IPA_IKZF3_DN	-0.19872883323355917			
IPA_IKZF4_UP	-0.19872883323355917			
GO_NEGATIVE_REGULATION_OF_EPITHELIAL_CELL_DIFFERENTIATION	-0.19872933681483412			
REACTOME_NEURONAL_SYSTEM	-0.1987364397779506			
GSE16266_CTRL_VS_LPS_STIM_MEF_DN	-0.19874006921740187			
GO_POSITIVE_REGULATION_OF_ENDOTHELIAL_CELL_DIFFERENTIATION	-0.1987578453522438			
GSE21546_WT_VS_SAP1A_KO_AND_ELK1_KO_ANTI_CD3_STIM_DP_THYMOCYTES_UP	-0.19876461265439666			
YYCATTCAWW_UNKNOWN	-0.19876508032457801			
GO_TYPE_B_PANCREATIC_CELL_PROLIFERATION	-0.19876531269628894			
GO_PALLIUM_DEVELOPMENT	-0.1987716523285722			
GO_PROTEIN_TRANSPORT_ALONG_MICROTUBULE	-0.19877496886838153			
GO_HISTONE_CITRULLINATION	-0.19877735160411206			
GO_PROTEIN_ARGININE_DEIMINASE_ACTIVITY	-0.19877735160411206			
GO_TRANSFORMING_GROWTH_FACTOR_BETA_RECEPTOR_PATHWAY_SPECIFIC_CYTOPLASMIC_MEDIATOR_ACTIVITY	-0.1987859106807386			
GSE17974_IL4_AND_ANTI_IL12_VS_UNTREATED_4H_ACT_CD4_TCELL_UP	-0.19879230700832706			
GO_CELL_JUNCTION_ORGANIZATION	-0.1988046016950616			
GO_VIRAL_BUDDING_VIA_HOST_ESCRT_COMPLEX	-0.19880883568287072			
IPA_PSMC6_UP	-0.19881457925922194			
IPA_BNC1_DN	-0.19881457925922194			
IPA_SP100_DN	-0.19881457925922194			
REACTOME_UPTAKE_AND_FUNCTION_OF_ANTHRAX_TOXINS	-0.19881666549975646			
GSE10147_IL3_AND_HIVP17_VS_IL3_AND_CPG_STIM_PDC_UP	-0.19883789825476011			
GO_GTP_DEPENDENT_PROTEIN_BINDING	-0.19884420781458698			
MCCABE_HOXC6_TARGETS_CANCER_UP	-0.19885413853185746			
GO_ANKYRIN_REPEAT_BINDING	-0.1988659754255326			
GO_SMOOTH_MUSCLE_CELL_DIFFERENTIATION	-0.1988771373769264			
REACTOME_THE_CANONICAL_RETINOID_CYCLE_IN_RODS_TWILIGHT_VISION	-0.19890198409092832			
GSE12366_PLASMA_CELL_VS_MEMORY_BCELL_UP	-0.19890467847222212			
BENPORATH_ES_2	-0.1989249220667244			
MIR11399	-0.1989454119460501			
PEREZ_TP53_AND_TP63_TARGETS	-0.19895120476215378			
GSE1432_CTRL_VS_IFNG_1H_MICROGLIA_UP	-0.19895973972395886			
GO_NEGATIVE_REGULATION_OF_FATTY_ACID_OXIDATION	-0.19896659663381702			
ZNF23_TARGET_GENES	-0.19897071454181367			
REACTOME_EPHRIN_SIGNALING	-0.19898168804124589			
GO_CRANIAL_SKELETAL_SYSTEM_DEVELOPMENT	-0.19898397291718367			
REACTOME_NEGATIVE_REGULATION_OF_FGFR3_SIGNALING	-0.19899081995774284			
PID_ECADHERIN_STABILIZATION_PATHWAY	-0.19899101675834982			
GSE360_L_DONOVANI_VS_L_MAJOR_MAC_UP	-0.19899136001152964			
GO_NEGATIVE_REGULATION_OF_NEURON_DIFFERENTIATION	-0.198998220774986			
GO_CARDIOBLAST_PROLIFERATION	-0.19903070690520713			
GO_ASPARTIC_ENDOPEPTIDASE_ACTIVITY_INTRAMEMBRANE_CLEAVING	-0.1990414344431826			
REACTOME_TRANSCRIPTIONAL_REGULATION_OF_PLURIPOTENT_STEM_CELLS	-0.19904803860564546			
GO_SA_NODE_CELL_TO_ATRIAL_CARDIAC_MUSCLE_CELL_COMMUNICATION	-0.19905482870808336			
TAZ_TARGET_GENES	-0.19906334622111105			
GO_INTRINSIC_COMPONENT_OF_PRESYNAPTIC_MEMBRANE	-0.19906676816381924			
GO_CYCLIC_NUCLEOTIDE_BIOSYNTHETIC_PROCESS	-0.19907167019428867			
MIR101_2_5P	-0.19907557950139373			
GO_ACID_PHOSPHATASE_ACTIVITY	-0.1990954172752794			
MIR6780A_5P	-0.1990989447328733			
GO_NEGATIVE_REGULATION_OF_CARDIAC_MUSCLE_TISSUE_DEVELOPMENT	-0.1991033361747797			
GSE40274_CTRL_VS_FOXP3_AND_LEF1_TRANSDUCED_ACTIVATED_CD4_TCELL_DN	-0.19911686166804213			
GO_3_PHOSPHOADENOSINE_5_PHOSPHOSULFATE_BIOSYNTHETIC_PROCESS	-0.1991212521952603			
BIOCARTA_FOSB_PATHWAY	-0.1991237437738712			
IPA_ID1_UP	-0.1991241321484869			
GO_PROTEIN_AUTOPROCESSING	-0.1991272311197533			
GSE9006_1MONTH_VS_4MONTH_POST_TYPE_1_DIABETES_DX_PBMC_DN	-0.19912807327092094			
MIR2278	-0.19913815127655948			
GO_INTERMEMBRANE_LIPID_TRANSFER	-0.1991393547961521			
GSE21546_ELK1_KO_VS_SAP1A_KO_AND_ELK1_KO_DP_THYMOCYTES_DN	-0.19914001326650557			
GO_REGULATION_OF_MEMBRANE_POTENTIAL	-0.19914168768143353			
DAZARD_RESPONSE_TO_UV_NHEK_DN	-0.19914607585318184			
BOYAULT_LIVER_CANCER_SUBCLASS_G3_DN	-0.19915487313439742			
GO_INTERLEUKIN_1_ALPHA_PRODUCTION	-0.1991560283851825			
CROMER_METASTASIS_DN	-0.1991571441242666			
REACTOME_NR1H2_NR1H3_REGULATE_GENE_EXPRESSION_LINKED_TO_GLUCONEOGENESIS	-0.19916221025200442			
GAUSSMANN_MLL_AF4_FUSION_TARGETS_A_DN	-0.19918189599819214			
GO_MOVEMENT_IN_ENVIRONMENT_OF_OTHER_ORGANISM_INVOLVED_IN_SYMBIOTIC_INTERACTION	-0.1992040274204873			
MIR3529_3P	-0.19921142316907617			
GO_OXIDOREDUCTASE_ACTIVITY_ACTING_ON_A_SULFUR_GROUP_OF_DONORS_OXYGEN_AS_ACCEPTOR	-0.19921536947908378			
GO_BEHAVIORAL_RESPONSE_TO_PAIN	-0.19923066020677452			
GO_REGULATION_OF_RETINOIC_ACID_RECEPTOR_SIGNALING_PATHWAY	-0.1992322579582084			
KEGG_TRYPTOPHAN_METABOLISM	-0.19923273416457027			
MIR4649_3P	-0.19923696618634865			
GO_REGULATION_OF_RESPONSE_TO_ENDOPLASMIC_RETICULUM_STRESS	-0.19924449136454223			
GO_CYTOPLASMIC_STRESS_GRANULE	-0.19924829369422678			
FOX_Q2	-0.19924955884499088			
GO_PYRIMIDINE_DEOXYRIBONUCLEOSIDE_TRIPHOSPHATE_METABOLIC_PROCESS	-0.1992537437267928			
MIR744_3P	-0.1992633395701677			
GO_MYELIN_MAINTENANCE	-0.199298772831533			
SP1_Q4_01	-0.199314805419993			
MIR196A_5P_MIR196B_5P	-0.19932928654303145			
GACAGGG_MIR339	-0.19933906299310072			
GAGACTG_MIR452	-0.19934632596541646			
RP58_01	-0.19934841086856275			
REACTOME_PRE_NOTCH_EXPRESSION_AND_PROCESSING	-0.19935477067313673			
IPA_HAND1_DN	-0.1993625361747573			
GO_PYRIMIDINE_NUCLEOSIDE_TRIPHOSPHATE_BIOSYNTHETIC_PROCESS	-0.19937117685691266			
REACTOME_PEROXISOMAL_LIPID_METABOLISM	-0.19937224513028284			
GO_REGULATION_OF_TAU_PROTEIN_KINASE_ACTIVITY	-0.199374473991211			
REACTOME_REGULATION_OF_GLYCOLYSIS_BY_FRUCTOSE_2_6_BISPHOSPHATE_METABOLISM	-0.1993806976271454			
GSE12198_NK_VS_NK_ACT_EXPANSION_SYSTEM_DERIVED_NK_CELL_UP	-0.19938320108702148			
GO_REGULATION_OF_PROTEIN_LIPIDATION	-0.19938918718359566			
KAAB_HEART_ATRIUM_VS_VENTRICLE_UP	-0.1993892881997597			
GO_MEMBRANE_FISSION	-0.19938990737450737			
MIR516A_3P_MIR516B_3P	-0.1993975130194502			
REACTOME_RMTS_METHYLATE_HISTONE_ARGININES	-0.19940184461907395			
LEE_METASTASIS_AND_ALTERNATIVE_SPLICING_DN	-0.19940510686097263			
GO_REGULATION_OF_GLOMERULUS_DEVELOPMENT	-0.19941243055908703			
VANHARANTA_UTERINE_FIBROID_WITH_7Q_DELETION_UP	-0.19943543242184011			
GO_PANCREATIC_JUICE_SECRETION	-0.1994364256335184			
GGAANCGGAANY_UNKNOWN	-0.19944903433670946			
BIOCARTA_PPARG_PATHWAY	-0.19945416853063944			
TGCTGCT_MIR15A_MIR16_MIR15B_MIR195_MIR424_MIR497	-0.19946739172551975			
REACTOME_DISEASES_OF_MISMATCH_REPAIR_MMR	-0.19947434995466579			
STARK_PREFRONTAL_CORTEX_22Q11_DELETION_UP	-0.1994811716905069			
GO_NEURON_PROJECTION_GUIDANCE	-0.1994860856763152			
BIOCARTA_MTOR_PATHWAY	-0.19949037486040433			
GSE37301_PRO_BCELL_VS_RAG2_KO_NK_CELL_UP	-0.19950258343108246			
GCNP_SHH_UP_EARLY.V1_DN	-0.1995063086248975			
GO_LYSINE_ACETYLATED_HISTONE_BINDING	-0.19951480521272577			
TERAO_AOX4_TARGETS_HG_DN	-0.19951906000634095			
GO_POSITIVE_REGULATION_OF_CELL_CYCLE_PROCESS	-0.19952090404944836			
MIR6507_3P	-0.19953199657498133			
REACTOME_SYNTHESIS_OF_PIPS_AT_THE_GOLGI_MEMBRANE	-0.19953302791459576			
GO_PROTEIN_MATURATION_BY_4FE_4S_CLUSTER_TRANSFER	-0.1995359302556035			
GSE27786_CD8_TCELL_VS_ERYTHROBLAST_DN	-0.19954188375396076			
REACTOME_GOLGI_ASSOCIATED_VESICLE_BIOGENESIS	-0.19954772387301928			
RICKMAN_TUMOR_DIFFERENTIATED_MODERATELY_VS_POORLY_UP	-0.19957607768224592			
MIR425_5P	-0.19957628251333126			
GO_NEGATIVE_REGULATION_OF_DNA_TEMPLATED_TRANSCRIPTION_ELONGATION	-0.19959759033904786			
GO_PROTEIN_LOCALIZATION_TO_MICROTUBULE_ORGANIZING_CENTER	-0.1996027292617931			
GO_REGULATION_OF_PROTEIN_EXIT_FROM_ENDOPLASMIC_RETICULUM	-0.19961026325889128			
GO_POLAR_MICROTUBULE	-0.1996106629329846			
REACTOME_GLYCOGEN_STORAGE_DISEASES	-0.19961701259754513			
GSE36078_UNTREATED_VS_AD5_T425A_HEXON_INF_IL1R_KO_MOUSE_LUNG_DC_DN	-0.1996186744453694			
MIR3182	-0.19962267053637087			
KEGG_PHENYLALANINE_METABOLISM	-0.19962399223230468			
GO_ENDOPLASMIC_RETICULUM_TO_GOLGI_VESICLE_MEDIATED_TRANSPORT	-0.1996317499319474			
GO_POSITIVE_REGULATION_OF_INTRINSIC_APOPTOTIC_SIGNALING_PATHWAY_BY_P53_CLASS_MEDIATOR	-0.19963713668883193			
NKX2_3_TARGET_GENES	-0.19964179119462092			
GO_URETERIC_BUD_FORMATION	-0.19964492148919788			
GO_POSITIVE_REGULATION_OF_NEURON_APOPTOTIC_PROCESS	-0.1996457581077197			
KEGG_ETHER_LIPID_METABOLISM	-0.19964845292540484			
GO_TRANSITION_METAL_ION_TRANSMEMBRANE_TRANSPORTER_ACTIVITY	-0.19965411759498525			
REACTOME_DOWNSTREAM_SIGNALING_OF_ACTIVATED_FGFR4	-0.19965970081168166			
MIR1200	-0.19967611800074533			
DELLA_RESPONSE_TO_TSA_AND_BUTYRATE	-0.19967832432354607			
REACTOME_VOLTAGE_GATED_POTASSIUM_CHANNELS	-0.19967908555304567			
IPA_MZF1_UP	-0.19968114427067798			
GO_POSITIVE_REGULATION_OF_TRANSCRIPTION_BY_RNA_POLYMERASE_II	-0.19968352356452435			
GO_NEGATIVE_REGULATION_OF_ENDOPLASMIC_RETICULUM_UNFOLDED_PROTEIN_RESPONSE	-0.19968503275672433			
BRUECKNER_TARGETS_OF_MIRLET7A3_UP	-0.1996925774154808			
GO_POSITIVE_REGULATION_OF_TRANSFORMING_GROWTH_FACTOR_BETA_PRODUCTION	-0.19969686336705372			
GO_FOREBRAIN_DEVELOPMENT	-0.19970117974780033			
GO_TRICUSPID_VALVE_DEVELOPMENT	-0.1997134930264407			
GO_DIPEPTIDASE_ACTIVITY	-0.19972326559972087			
GSE40277_GATA1_AND_SATB1_TRANSDUCED_VS_CTRL_CD4_TCELL_DN	-0.1997252375938257			
GO_PALMITOYLTRANSFERASE_COMPLEX	-0.19972853029326157			
GSE11961_PLASMA_CELL_DAY7_VS_GERMINAL_CENTER_BCELL_DAY40_DN	-0.19974023930055004			
RANKIN_ANGIOGENIC_TARGETS_OF_VHL_HIF2A_UP	-0.19974709274258698			
TCF4_Q5	-0.19976049298354756			
REACTOME_RHO_GTPASES_ACTIVATE_ROCKS	-0.19976140386595231			
MIR12136	-0.19976330637855413			
ATCMNTCCGY_UNKNOWN	-0.1997700499728096			
GO_NEGATIVE_REGULATION_OF_LIPID_KINASE_ACTIVITY	-0.19977868321142678			
GO_REGULATION_OF_CYCLASE_ACTIVITY	-0.19980592359412414			
SCHAEFFER_PROSTATE_DEVELOPMENT_12HR_UP	-0.1998226496909504			
GO_AMINOACYL_TRNA_EDITING_ACTIVITY	-0.19982396735247207			
GO_AMINOACYL_TRNA_METABOLISM_INVOLVED_IN_TRANSLATIONAL_FIDELITY	-0.19982396735247207			
GO_ESTABLISHMENT_OF_VIRAL_LATENCY	-0.1998323857175126			
GGCGGCA_MIR371	-0.1998326463246362			
TURASHVILI_BREAST_LOBULAR_CARCINOMA_VS_LOBULAR_NORMAL_UP	-0.19983371395838806			
WILLERT_WNT_SIGNALING	-0.19983715461993376			
GO_PROTEIN_KINASE_A_CATALYTIC_SUBUNIT_BINDING	-0.199837602935314			
GSE46606_UNSTIM_VS_CD40L_IL2_IL5_DAY3_STIMULATED_BCELL_UP	-0.19984017902156803			
REACTOME_MITOCHONDRIAL_TRNA_AMINOACYLATION	-0.19984408095194015			
IPA_CDK2_DN	-0.1998499744773339			
GO_SEMAPHORIN_RECEPTOR_COMPLEX	-0.19985482653501266			
GSE6269_HEALTHY_VS_E_COLI_INF_PBMC_DN	-0.19985503967529974			
GO_GAP_JUNCTION	-0.19985698917807357			
GO_REGULATION_OF_NEURON_PROJECTION_DEVELOPMENT	-0.19986290869175374			
MIR4276	-0.19987022780740593			
GSE22886_IGM_MEMORY_BCELL_VS_BM_PLASMA_CELL_DN	-0.19987782185754183			
UDAYAKUMAR_MED1_TARGETS_DN	-0.19988812744499862			
GSE13522_WT_VS_IFNG_KO_SKIN_UP	-0.19991028293769458			
GSE21063_WT_VS_NFATC1_KO_16H_ANTI_IGM_STIM_BCELL_UP	-0.1999209813089803			
GO_SODIUM_CHANNEL_COMPLEX	-0.19993019733949935			
RUAN_RESPONSE_TO_TROGLITAZONE_DN	-0.19993455148657924			
GSE37301_LYMPHOID_PRIMED_MPP_VS_RAG2_KO_NK_CELL_DN	-0.19993870731628335			
GO_UDP_GALACTOSYLTRANSFERASE_ACTIVITY	-0.1999397404371357			
GO_PROTEIN_KINASE_C_BINDING	-0.1999463929798197			
GO_PEROXISOME_PROLIFERATOR_ACTIVATED_RECEPTOR_SIGNALING_PATHWAY	-0.19995104816978695			
GSE2770_TGFB_AND_IL4_ACT_VS_ACT_CD4_TCELL_6H_DN	-0.19995213968690165			
TGTATGA_MIR4853P	-0.19996558412618054			
GO_NEGATIVE_REGULATION_OF_CELLULAR_RESPONSE_TO_HYPOXIA	-0.199975061674378			
GSE45365_WT_VS_IFNAR_KO_CD11B_DC_MCMV_INFECTION_UP	-0.199976618601774			
REACTOME_ACTIVATION_OF_PPARGC1A_PGC_1ALPHA_BY_PHOSPHORYLATION	-0.19997679085776268			
GSE17974_IL4_AND_ANTI_IL12_VS_UNTREATED_72H_ACT_CD4_TCELL_UP	-0.19998305570377437			
GO_PROTEIN_IMPORT_INTO_MITOCHONDRIAL_MATRIX	-0.19998645809330842			
GO_FOREBRAIN_NEURON_DIFFERENTIATION	-0.19998757858393548			
GO_MEMBRANE_REPOLARIZATION_DURING_ACTION_POTENTIAL	-0.19999121412215579			
GO_CXCR3_CHEMOKINE_RECEPTOR_BINDING	-0.20000077888400397			
PID_FGF_PATHWAY	-0.2000054280879369			
GO_CO_SMAD_BINDING	-0.20002518823171167			
MIR3157_5P	-0.20002727082251448			
GO_CIRCADIAN_RHYTHM	-0.2000304401951243			
GO_CHLORIDE_ION_BINDING	-0.20004249478191233			
GO_MONOCYTE_ACTIVATION	-0.20004559253333773			
GO_POST_EMBRYONIC_ANIMAL_MORPHOGENESIS	-0.20004904587051958			
IPA_PAX9_UP	-0.20005017598719876			
GO_REGULATION_OF_MYELINATION	-0.20005785823946598			
PID_ERA_GENOMIC_PATHWAY	-0.20006519964864106			
GO_AMYLOID_PRECURSOR_PROTEIN_CATABOLIC_PROCESS	-0.20008116467047046			
TCTAGAG_MIR517	-0.20008452314118783			
KEGG_GLYCEROPHOSPHOLIPID_METABOLISM	-0.2000880327278289			
GO_CELL_CELL_ADHESION_INVOLVED_IN_GASTRULATION	-0.2000900767213686			
GSE17974_CTRL_VS_ACT_IL4_AND_ANTI_IL12_0.5H_CD4_TCELL_UP	-0.2000945842973176			
ZNF2_TARGET_GENES	-0.20010898125911203			
GO_REGULATION_OF_RNA_POLYMERASE_II_TRANSCRIPTIONAL_PREINITIATION_COMPLEX_ASSEMBLY	-0.2001116447910228			
IPA_CHAF1A_UP	-0.2001269950821732			
GO_CORE_MEDIATOR_COMPLEX	-0.2001284857123139			
GSE37534_GW1929_VS_ROSIGLITAZONE_TREATED_CD4_TCELL_PPARG1_FOXP3_TRANSDUCED_UP	-0.2001294667432063			
GO_REGULATION_OF_RNA_SPLICING	-0.20013163964432512			
GO_REGULATION_OF_AMYLOID_BETA_FORMATION	-0.20013902102162798			
GO_REGULATION_OF_CHOLESTEROL_BIOSYNTHETIC_PROCESS	-0.20014290652973674			
chr18q22	-0.20014549737233628			
AHR_Q5	-0.20014750039071375			
GSE14308_TH2_VS_NATURAL_TREG_DN	-0.200151960424814			
GO_PROTEIN_LOCALIZATION_TO_MEMBRANE	-0.2001557471305837			
GO_REGULATION_OF_HEART_INDUCTION	-0.20015848055912666			
GO_ENDODEOXYRIBONUCLEASE_COMPLEX	-0.20017080694005412			
REACTOME_ETHANOL_OXIDATION	-0.20017244186473404			
MIR519E_5P	-0.2001827370136369			
GSE6269_HEALTHY_VS_STAPH_AUREUS_INF_PBMC_DN	-0.20018441485217728			
GSE37301_MULTIPOTENT_PROGENITOR_VS_PRO_BCELL_DN	-0.2001875707141098			
GO_POSITIVE_REGULATION_OF_ACTIVIN_RECEPTOR_SIGNALING_PATHWAY	-0.20020827636517893			
GO_RECEPTOR_METABOLIC_PROCESS	-0.2002121092291057			
GO_NUCLEOLAR_LARGE_RRNA_TRANSCRIPTION_BY_RNA_POLYMERASE_I	-0.20022170243276846			
GO_CELL_BODY_MEMBRANE	-0.20023973214524468			
RIZ_ERYTHROID_DIFFERENTIATION_6HR	-0.20024132512409534			
GO_REGULATION_OF_CELL_SIZE	-0.20025018383397297			
GO_NON_CANONICAL_WNT_SIGNALING_PATHWAY_VIA_MAPK_CASCADE	-0.20025050615739542			
GO_MITOCHONDRIAL_RNA_MODIFICATION	-0.20025386149012378			
IPA_RB1CC1_UP	-0.20026666652728073			
GO_REPRODUCTIVE_SYSTEM_DEVELOPMENT	-0.20026920613115515			
GO_NEGATIVE_REGULATION_OF_COMPLEMENT_ACTIVATION	-0.20028275638286197			
REACTOME_SHC1_EVENTS_IN_ERBB2_SIGNALING	-0.2002850610945957			
KEGG_STEROID_BIOSYNTHESIS	-0.20029095713090722			
IPA_FIGLA_UP	-0.20029228564831442			
GO_REGULATION_OF_SYNAPSE_ASSEMBLY	-0.20030052997345338			
GO_PEPTIDYL_THREONINE_DEPHOSPHORYLATION	-0.20030968952028955			
GSE5589_LPS_AND_IL10_VS_LPS_AND_IL6_STIM_IL10_KO_MACROPHAGE_45MIN_UP	-0.20031221706179572			
GO_RECEPTOR_SERINE_THREONINE_KINASE_BINDING	-0.20031531993455468			
IPA_SOHLH1_UP	-0.20033647124194623			
GO_HFE_TRANSFERRIN_RECEPTOR_COMPLEX	-0.2003458725780184			
GSE3691_IFN_PRODUCING_KILLER_DC_VS_CONVENTIONAL_DC_SPLEEN_UP	-0.20035481836609928			
KIM_TIAL1_TARGETS	-0.2003549920192781			
HOWLIN_CITED1_TARGETS_2_DN	-0.20036394443577976			
GO_CELLULAR_RESPONSE_TO_IRON_ION	-0.20036718091429087			
GO_TAU_PROTEIN_KINASE_ACTIVITY	-0.20036879679523326			
GO_POSITIVE_REGULATION_OF_PROTEIN_TARGETING_TO_MEMBRANE	-0.20036944038284057			
chr3q11	-0.20037332722046816			
MIR4425	-0.20038099143051147			
GSE41176_UNSTIM_VS_ANTI_IGM_STIM_TAK1_KO_BCELL_3H_UP	-0.2003921144947981			
GO_PLACENTA_BLOOD_VESSEL_DEVELOPMENT	-0.2003922333991354			
MIR147B_5P	-0.2004011064365656			
YAO_TEMPORAL_RESPONSE_TO_PROGESTERONE_CLUSTER_8	-0.20040461344577612			
SCHLOSSER_SERUM_RESPONSE_AUGMENTED_BY_MYC	-0.20040767656839664			
chr15q23	-0.20041255567462551			
GO_M7G_5_PPPN_DIPHOSPHATASE_ACTIVITY	-0.20041303925416898			
MIR8082	-0.20043278647114446			
RUIZ_TNC_TARGETS_UP	-0.20043310824705884			
GO_MESENCHYMAL_CELL_PROLIFERATION_INVOLVED_IN_LUNG_DEVELOPMENT	-0.20043724282655814			
MIR1284	-0.20044169051095467			
GO_DNA_DEMETHYLASE_ACTIVITY	-0.2004703669214392			
GTGTCAA_MIR514	-0.2004709183088087			
REACTOME_SEMA4D_IN_SEMAPHORIN_SIGNALING	-0.20047327553684643			
MEK_UP.V1_UP	-0.20048254045215774			
GO_DIPEPTIDYL_PEPTIDASE_ACTIVITY	-0.20048642683838475			
chr3p23	-0.20050546207867323			
CREB_Q2	-0.20051348917417391			
MIR301B_3P	-0.20051714299450174			
ZNF239_TARGET_GENES	-0.20052084018878566			
GO_UNCONVENTIONAL_MYOSIN_COMPLEX	-0.2005325207529183			
IPA_ZNF43_UP	-0.20053682196133643			
GSE16385_MONOCYTE_VS_12H_IFNG_TNF_TREATED_MACROPHAGE_UP	-0.20054092329956058			
GO_MALE_SEX_DIFFERENTIATION	-0.20054184074174164			
ZNF596_TARGET_GENES	-0.20054254749133965			
GO_NEGATIVE_REGULATION_OF_INSULIN_SECRETION_INVOLVED_IN_CELLULAR_RESPONSE_TO_GLUCOSE_STIMULUS	-0.2005426578745568			
GO_SPINAL_CORD_ASSOCIATION_NEURON_DIFFERENTIATION	-0.20054423241877514			
GO_ENDOCARDIAL_CUSHION_MORPHOGENESIS	-0.20055251626926326			
GO_REGULATION_OF_TRANSLATIONAL_INITIATION_IN_RESPONSE_TO_STRESS	-0.20056372217399174			
MIR4297	-0.20056380739318394			
GO_IRON_SULFUR_CLUSTER_ASSEMBLY	-0.20056573468697117			
GO_PROTEIN_CATABOLIC_PROCESS_IN_THE_VACUOLE	-0.20056869674323205			
GO_PROTEIN_N_LINKED_GLYCOSYLATION	-0.20057052925457208			
GO_REGULATION_OF_CALCIUM_ION_TRANSMEMBRANE_TRANSPORT	-0.20057336089114994			
GO_LIMBIC_SYSTEM_DEVELOPMENT	-0.20057967517539177			
GTGTTGA_MIR505	-0.20059025120938545			
GO_PRODUCTION_OF_SMALL_RNA_INVOLVED_IN_GENE_SILENCING_BY_RNA	-0.2005915086239183			
REACTOME_TIE2_SIGNALING	-0.20060520504096335			
GO_PRIMITIVE_STREAK_FORMATION	-0.20061222359940103			
GO_NEGATIVE_REGULATION_OF_CHOLESTEROL_EFFLUX	-0.20061714798229333			
GO_C4_DICARBOXYLATE_TRANSMEMBRANE_TRANSPORTER_ACTIVITY	-0.20062413335173326			
GO_NEGATIVE_REGULATION_OF_PROTEASOMAL_PROTEIN_CATABOLIC_PROCESS	-0.2006281181071534			
IPA_PCGF2_DN	-0.20063927816160282			
BIOCARTA_RHO_PATHWAY	-0.20064008932625152			
GO_NEGATIVE_REGULATION_OF_PEPTIDYL_SERINE_PHOSPHORYLATION	-0.20064357531420876			
MIR130B_3P	-0.20064587510570928			
GO_STEREOCILIA_COUPLING_LINK	-0.20065654857931173			
ZHAN_MULTIPLE_MYELOMA_LB_UP	-0.20065939981852526			
ATGCTGG_MIR338	-0.20066030704083118			
ZBTB10_TARGET_GENES	-0.2006618411760542			
AKT_UP_MTOR_DN.V1_UP	-0.20067262565968283			
GO_POSITIVE_REGULATION_OF_ASTROCYTE_DIFFERENTIATION	-0.2006732490245307			
GO_COPPER_ION_TRANSMEMBRANE_TRANSPORT	-0.20067363783274766			
BIOCARTA_GSK3_PATHWAY	-0.20067518410627355			
NRF1_Q6	-0.2006764158919369			
MIR4525	-0.20068875200141087			
BEGUM_TARGETS_OF_PAX3_FOXO1_FUSION_UP	-0.2006897850903523			
GO_NEGATIVE_REGULATION_OF_CELL_CYCLE_ARREST	-0.20069615858976184			
GO_PEPTIDE_HORMONE_RECEPTOR_BINDING	-0.20071671503262292			
GO_COLLATERAL_SPROUTING	-0.20072303913545322			
GO_DEOXYRIBONUCLEOSIDE_TRIPHOSPHATE_BIOSYNTHETIC_PROCESS	-0.20072609035716857			
GO_MULTIVESICULAR_BODY_ORGANIZATION	-0.20073164876066707			
GO_REGULATION_OF_DNA_DAMAGE_CHECKPOINT	-0.2007368951001717			
GO_CELLULAR_RESPONSE_TO_COLD	-0.20074505728493958			
GO_NEGATIVE_REGULATION_OF_BINDING	-0.20074622670528167			
MEINHOLD_OVARIAN_CANCER_LOW_GRADE_DN	-0.20075633683280003			
GSE14769_UNSTIM_VS_40MIN_LPS_BMDM_UP	-0.2007621862134378			
GO_LYSOZYME_ACTIVITY	-0.20076674167236946			
GO_TRANSFERASE_ACTIVITY_TRANSFERRING_NITROGENOUS_GROUPS	-0.20076955001096924			
GSE17721_CTRL_VS_CPG_2H_BMDC_DN	-0.2007737400969678			
TBK1.DF_DN	-0.20077664647254942			
GO_CYTOPLASM_ORGANIZATION	-0.2007772425641734			
DURCHDEWALD_SKIN_CARCINOGENESIS_DN	-0.20078594305452466			
GO_HEMIDESMOSOME_ASSEMBLY	-0.20079300301993352			
EPPERT_LSC_R	-0.20079490252338855			
MYLLYKANGAS_AMPLIFICATION_HOT_SPOT_13	-0.2008036558647413			
REACTOME_SIGNALING_BY_WNT	-0.20080800537955448			
REACTOME_SYNTHESIS_OF_UDP_N_ACETYL_GLUCOSAMINE	-0.20081278251859766			
GO_SEMAPHORIN_PLEXIN_SIGNALING_PATHWAY	-0.20081732691710155			
REACTOME_REGULATION_OF_KIT_SIGNALING	-0.20081783188142188			
LANDIS_ERBB2_BREAST_TUMORS_65_UP	-0.2008178570914958			
GO_REGULATION_OF_RUFFLE_ASSEMBLY	-0.20082920042853775			
GO_POSITIVE_REGULATION_OF_SMOOTH_MUSCLE_CELL_MIGRATION	-0.2008309777389972			
GO_ACYLGLYCEROL_LIPASE_ACTIVITY	-0.20084146228283314			
GO_CATALYTIC_ACTIVITY_ACTING_ON_A_TRNA	-0.2008418496376157			
MIR597_3P	-0.2008543178666738			
GO_APICAL_PART_OF_CELL	-0.20085570424144847			
REACTOME_HCMV_LATE_EVENTS	-0.20085977810290592			
TSENG_IRS1_TARGETS_UP	-0.20086457658547058			
GO_GLUTAMATERGIC_SYNAPSE	-0.20087876144216477			
GO_AMINO_ACID_ACTIVATION	-0.20087888122427594			
WEINMANN_ADAPTATION_TO_HYPOXIA_UP	-0.20089801595639972			
GSE15930_NAIVE_VS_48H_IN_VITRO_STIM_CD8_TCELL_UP	-0.20090409040306886			
IPA_GSC_DN	-0.2009044375685976			
REACTOME_CRISTAE_FORMATION	-0.20091155407583147			
IPA_PBX2_UP	-0.20091355127381608			
MIR758_3P	-0.20092019179584594			
MIR4776_5P	-0.20093116827629223			
GO_PERINUCLEAR_ENDOPLASMIC_RETICULUM	-0.2009457774854299			
KEGG_PROSTATE_CANCER	-0.20095495366779426			
BRIDEAU_IMPRINTED_GENES	-0.20095518902266485			
MIR2681_3P	-0.2009736456250877			
KEGG_TYROSINE_METABOLISM	-0.2009809215840648			
GO_RETINOIC_ACID_METABOLIC_PROCESS	-0.2009864254943295			
HAHTOLA_MYCOSIS_FUNGOIDES_SKIN_DN	-0.2009877259254902			
GO_HISTONE_UBIQUITINATION	-0.20098779513593132			
GO_REGULATION_OF_GLUCOCORTICOID_RECEPTOR_SIGNALING_PATHWAY	-0.2009897565876664			
GO_MOTILE_CILIUM_ASSEMBLY	-0.20099368952751379			
DANG_MYC_TARGETS_DN	-0.20100005426577447			
GO_LYMPHANGIOGENESIS	-0.20100065762134678			
AAAYWAACM_HFH4_01	-0.20100584257227772			
BANDRES_RESPONSE_TO_CARMUSTIN_MGMT_24HR_DN	-0.20101189240397965			
IPA_GZF1_UP	-0.20101394748296023			
GO_DEVELOPMENTAL_GROWTH_INVOLVED_IN_MORPHOGENESIS	-0.2010215214011287			
IPA_LDB1_DN	-0.2010279064757621			
GSE13887_HEALTHY_VS_LUPUS_RESTING_CD4_TCELL_UP	-0.201029516671384			
GO_AUTONOMIC_NERVOUS_SYSTEM_DEVELOPMENT	-0.20103320647097547			
GO_BASAL_PART_OF_CELL	-0.20103425815283185			
GSE45365_HEALTHY_VS_MCMV_INFECTION_CD8_TCELL_IFNAR_KO_UP	-0.20104911463044847			
GO_DRUG_TRANSPORT	-0.20105229560947344			
GO_RACEMASE_AND_EPIMERASE_ACTIVITY	-0.20105774977395457			
GO_REGULATION_OF_INOSITOL_1_4_5_TRISPHOSPHATE_SENSITIVE_CALCIUM_RELEASE_CHANNEL_ACTIVITY	-0.2010600811277135			
ZNF524_TARGET_GENES	-0.20106296728657042			
GO_I_KAPPAB_PHOSPHORYLATION	-0.20107103434087606			
GSE29618_PRE_VS_DAY7_POST_LAIV_FLU_VACCINE_MDC_UP	-0.2010791970556544			
GO_CELL_SUBSTRATE_JUNCTION_ORGANIZATION	-0.20108783026896093			
STANHILL_HRAS_TRANSFROMATION_UP	-0.20109385437520658			
GO_MESENCHYMAL_STEM_CELL_PROLIFERATION	-0.20110549286599122			
GO_REGULATION_OF_RAS_PROTEIN_SIGNAL_TRANSDUCTION	-0.20110725959200693			
GSE27786_NKCELL_VS_NEUTROPHIL_DN	-0.20111291650579516			
MIR1263	-0.20111770913606702			
GO_CDC73_PAF1_COMPLEX	-0.20112811180366813			
GO_NEUROTRANSMITTER_RECEPTOR_INTERNALIZATION	-0.20113123687127382			
chr19q12	-0.20113445976653938			
MIR1909_5P	-0.2011424816533983			
GO_EYE_PHOTORECEPTOR_CELL_DIFFERENTIATION	-0.20114477469570166			
EIF4E_UP	-0.20114531626334925			
GO_NEGATIVE_REGULATION_OF_CELL_PROJECTION_ORGANIZATION	-0.20115032928087148			
IPA_E2F4_DN	-0.2011565602229196			
GO_PRIMARY_MIRNA_PROCESSING	-0.20115932448529522			
GO_HISTONE_H2A_UBIQUITINATION	-0.20116487025717442			
chr15q24	-0.20116659992748998			
OUELLET_OVARIAN_CANCER_INVASIVE_VS_LMP_DN	-0.2011718525592948			
GO_POSITIVE_REGULATION_OF_NEURON_DIFFERENTIATION	-0.20117585498458643			
MIR588	-0.2011865957567726			
GO_UBIQUITIN_UBIQUITIN_LIGASE_ACTIVITY	-0.20120010602096944			
MIR4310	-0.20120975977048736			
GO_NEGATIVE_REGULATION_OF_MYELINATION	-0.20122305394122916			
GO_UBIQUITIN_LIKE_PROTEIN_LIGASE_ACTIVITY	-0.2012295457932427			
DAZARD_UV_RESPONSE_CLUSTER_G2	-0.20123116778635797			
REACTOME_FRUCTOSE_CATABOLISM	-0.20123722273727718			
GO_CARDIAC_MUSCLE_CELL_MEMBRANE_REPOLARIZATION	-0.2012410885200381			
GSE28130_ACTIVATED_VS_INDUCEED_TREG_DN	-0.2012480386304024			
GSE17721_CTRL_VS_PAM3CSK4_1H_BMDC_UP	-0.20125322732269116			
GO_PROTEIN_FOLDING_CHAPERONE	-0.20125696426326695			
GSE15330_WT_VS_IKAROS_KO_HSC_DN	-0.2012723555062932			
GSE21546_ELK1_KO_VS_SAP1A_KO_AND_ELK1_KO_ANTI_CD3_STIM_DP_THYMOCYTES_UP	-0.20127438885355353			
GO_NEUROTRANSMITTER_RECEPTOR_LOCALIZATION_TO_POSTSYNAPTIC_SPECIALIZATION_MEMBRANE	-0.20127519517630058			
IPA_PAX2_DN	-0.20128778201669245			
IPA_ARX_UP	-0.20129087823991676			
AMBROSINI_FLAVOPIRIDOL_TREATMENT_TP53	-0.20129489508693177			
GO_REGULATION_OF_KIDNEY_DEVELOPMENT	-0.20130252694791578			
REACTOME_EGFR_DOWNREGULATION	-0.20130362724929887			
GO_REGULATION_OF_CELLULAR_CARBOHYDRATE_CATABOLIC_PROCESS	-0.20130649949401264			
GO_NEGATIVE_REGULATION_OF_INSULIN_LIKE_GROWTH_FACTOR_RECEPTOR_SIGNALING_PATHWAY	-0.20131206978749677			
GOUYER_TATI_TARGETS_DN	-0.20131948040208772			
GO_ASTROCYTE_END_FOOT	-0.20131975306085498			
IPA_ELF4_UP	-0.20132271836102897			
GO_NUCLEOSIDE_PHOSPHATE_BIOSYNTHETIC_PROCESS	-0.201332124758037			
ER_Q6	-0.20134512423151038			
WALLACE_JAK2_TARGETS_UP	-0.20134598556046288			
GO_PHOSPHOPROTEIN_PHOSPHATASE_ACTIVITY	-0.2013543875781115			
CHEN_PDGF_TARGETS	-0.20135530389396813			
GO_ARTERY_MORPHOGENESIS	-0.20136041996527515			
IPA_ASCL1_DN	-0.20137264293042628			
GO_ESCRT_III_COMPLEX	-0.20137279265916405			
GO_REGULATION_OF_PIGMENT_CELL_DIFFERENTIATION	-0.2013773223531682			
GO_VASCULAR_ENDOTHELIAL_GROWTH_FACTOR_SIGNALING_PATHWAY	-0.20138157549415134			
GO_PEROXIREDOXIN_ACTIVITY	-0.20138848797197376			
GO_DENDRITE_DEVELOPMENT	-0.20139448896652806			
GO_ATP_BINDING_CASSETTE_ABC_TRANSPORTER_COMPLEX	-0.2014047698737341			
PID_ERBB4_PATHWAY	-0.20140540907168966			
chr12q14	-0.20140631929646535			
REACTOME_NEUROTRANSMITTER_RECEPTORS_AND_POSTSYNAPTIC_SIGNAL_TRANSMISSION	-0.20141774018328945			
ZNF843_TARGET_GENES	-0.20142316872134305			
GSE8621_UNSTIM_VS_LPS_PRIMED_AND_LPS_STIM_MACROPHAGE_UP	-0.20142689580838075			
REACTOME_MISCELLANEOUS_SUBSTRATES	-0.20142714745714846			
GO_BRANCHIOMOTOR_NEURON_AXON_GUIDANCE	-0.20143523748354364			
GO_NEUROMUSCULAR_SYNAPTIC_TRANSMISSION	-0.20143672570962892			
GO_REGULATION_OF_MITOCHONDRIAL_ATP_SYNTHESIS_COUPLED_ELECTRON_TRANSPORT	-0.2014591120970596			
MIR6835_3P	-0.20145930169543708			
IPA_MEIS2_UP	-0.20146224183291989			
GO_POSITIVE_REGULATION_OF_AMINE_TRANSPORT	-0.20147033642459874			
AACTGAC_MIR223	-0.2014822366682084			
GO_NEGATIVE_REGULATION_OF_T_CELL_DIFFERENTIATION_IN_THYMUS	-0.20148300259487684			
WINNEPENNINCKX_MELANOMA_METASTASIS_DN	-0.20148984252097843			
WOTTON_RUNX_TARGETS_DN	-0.20149140846378102			
GO_MICROTUBULE_NUCLEATION_BY_MICROTUBULE_ORGANIZING_CENTER	-0.2014962730783178			
GO_FLUID_TRANSPORT	-0.2014976481202684			
GO_DENDRITE_MEMBRANE	-0.20150349442699492			
GO_CEREBELLAR_GRANULAR_LAYER_DEVELOPMENT	-0.2015086422195254			
GO_ENDOTHELIAL_CELL_ACTIVATION	-0.20151081254671332			
GSE15659_NAIVE_CD4_TCELL_VS_ACTIVATED_TREG_UP	-0.20151345085937764			
GO_R_SMAD_BINDING	-0.20152235481430966			
GO_AMACRINE_CELL_DIFFERENTIATION	-0.20153065756729105			
GO_NEPHRIC_DUCT_FORMATION	-0.2015307938981343			
GO_REGULATION_OF_PANCREATIC_JUICE_SECRETION	-0.2015545911582521			
GO_MULTICELLULAR_ORGANISMAL_SIGNALING	-0.2015615972750929			
GO_HISTONE_H2B_UBIQUITINATION	-0.2015621451286394			
GO_CALCIUM_DEPENDENT_CYSTEINE_TYPE_ENDOPEPTIDASE_ACTIVITY	-0.2015677683014892			
MIR617	-0.20157953226951225			
GO_CELL_MIGRATION_INVOLVED_IN_GASTRULATION	-0.2015802009474266			
GSE41176_WT_VS_TAK1_KO_ANTI_IGM_STIM_BCELL_24H_UP	-0.20158454760449326			
GSE18281_SUBCAPSULAR_CORTICAL_REGION_VS_WHOLE_CORTEX_THYMUS_DN	-0.2015922900627693			
GO_POSITIVE_REGULATION_OF_CALCIUM_ION_DEPENDENT_EXOCYTOSIS	-0.20159486946805583			
GO_UTERUS_MORPHOGENESIS	-0.2016053194852959			
GO_N6_METHYLADENOSINE_CONTAINING_RNA_BINDING	-0.20161050891513835			
GO_METANEPHRIC_TUBULE_MORPHOGENESIS	-0.2016161723279536			
CAMPS_COLON_CANCER_COPY_NUMBER_UP	-0.20161722473022378			
REACTOME_KETONE_BODY_METABOLISM	-0.2016176384161335			
REACTOME_NR1H3_NR1H2_REGULATE_GENE_EXPRESSION_LINKED_TO_CHOLESTEROL_TRANSPORT_AND_EFFLUX	-0.2016414922447608			
MIR6824_5P	-0.20164305255163786			
SA_G1_AND_S_PHASES	-0.20164389284567225			
GSE22886_IGG_IGA_MEMORY_BCELL_VS_BM_PLASMA_CELL_DN	-0.20164425232242056			
REACTOME_PHOSPHOLIPASE_C_MEDIATED_CASCADE_FGFR2	-0.2016547123623523			
GO_NEGATIVE_REGULATION_OF_CALCIUM_ION_IMPORT	-0.20166212990943785			
GO_CORE_PROMOTER_SEQUENCE_SPECIFIC_DNA_BINDING	-0.2016626436084199			
GO_DENDRITE_CYTOPLASM	-0.20166514772964578			
LIN_SILENCED_BY_TUMOR_MICROENVIRONMENT	-0.20168107892813492			
ZBED5_TARGET_GENES	-0.20168466883868502			
H1_6_TARGET_GENES	-0.20171128194683932			
REACTOME_PI3K_AKT_SIGNALING_IN_CANCER	-0.20172011806723766			
CHOW_RASSF1_TARGETS_DN	-0.201724450594209			
GO_NEGATIVE_REGULATION_OF_WNT_SIGNALING_PATHWAY	-0.201729862567265			
COLIN_PILOCYTIC_ASTROCYTOMA_VS_GLIOBLASTOMA_UP	-0.201735295371191			
IPA_E2F7_UP	-0.2017466681133182			
GO_ACYLGLYCEROL_O_ACYLTRANSFERASE_ACTIVITY	-0.20174712587255755			
KAMIKUBO_MYELOID_MN1_NETWORK	-0.20175335390132496			
GO_HYDROLASE_ACTIVITY_ACTING_ON_CARBON_NITROGEN_BUT_NOT_PEPTIDE_BONDS_IN_LINEAR_AMIDINES	-0.20175448271032276			
GO_NEGATIVE_REGULATION_OF_TRANSLATION_IN_RESPONSE_TO_STRESS	-0.201755545545556			
GSE22611_MUTANT_NOD2_TRANSDUCED_VS_CTRL_HEK293T_STIMULATED_WITH_MDP_6H_DN	-0.2017571152767899			
CBX7_TARGET_GENES	-0.2017635143329864			
GO_ESCRT_COMPLEX	-0.20176866782181405			
GO_NEGATIVE_REGULATION_OF_CELL_POPULATION_PROLIFERATION	-0.20177054454254337			
GO_ENDOPLASMIC_RETICULUM_CHAPERONE_COMPLEX	-0.2017749214609898			
AEBP2_TARGET_GENES	-0.2017761807108169			
NOUSHMEHR_GBM_SOMATIC_MUTATED	-0.20178001360886721			
MIR6885_5P	-0.20178196001781626			
GO_ESTROGEN_16_ALPHA_HYDROXYLASE_ACTIVITY	-0.20178837667878233			
FREAC7_01	-0.2017919831070124			
ZNF618_TARGET_GENES	-0.201799432271515			
GO_NOTOCHORD_DEVELOPMENT	-0.20180894686727724			
BIOCARTA_MAPK_PATHWAY	-0.20181186407815288			
IPA_KLF2_UP	-0.20181943008363035			
GO_NEGATIVE_REGULATION_OF_NUCLEOBASE_CONTAINING_COMPOUND_METABOLIC_PROCESS	-0.2018314229384684			
GO_FATTY_ACID_BETA_OXIDATION	-0.20183494666898286			
TAGHAVI_NEOPLASTIC_TRANSFORMATION	-0.20183624428336921			
GO_NEGATIVE_REGULATION_OF_HISTONE_MODIFICATION	-0.20184167574340306			
BIOCARTA_AGPCR_PATHWAY	-0.20184920577647286			
GO_MITOCHONDRIAL_ALPHA_KETOGLUTARATE_DEHYDROGENASE_COMPLEX	-0.20186805307988506			
GO_MAINTENANCE_OF_LOCATION_IN_CELL	-0.20186830917310392			
CHX10_01	-0.2018691958337678			
KIM_MYCL1_AMPLIFICATION_TARGETS_UP	-0.2018703915836609			
chr15q13	-0.20187710397744943			
REACTOME_SYNTHESIS_OF_PYROPHOSPHATES_IN_THE_CYTOSOL	-0.20187869188382168			
GO_REGULATION_OF_CALCIUM_ION_TRANSMEMBRANE_TRANSPORTER_ACTIVITY	-0.2018829965628035			
MIR301A_3P	-0.20189255805477663			
ATF4_Q2	-0.2018961595195378			
GSE21546_WT_VS_SAP1A_KO_DP_THYMOCYTES_DN	-0.2019016824907749			
GSE360_CTRL_VS_B_MALAYI_HIGH_DOSE_MAC_UP	-0.201908828001368			
REACTOME_CELL_CELL_JUNCTION_ORGANIZATION	-0.20191192487466597			
TUBG1_TARGET_GENES	-0.20191383955905853			
MIR5694	-0.20191853635129656			
MIR3115	-0.2019310151414323			
GSE7509_UNSTIM_VS_FCGRIIB_STIM_DC_UP	-0.20194189835474036			
SCHLESINGER_METHYLATED_IN_COLON_CANCER	-0.2019425470639891			
GO_ACTIVATION_OF_GTPASE_ACTIVITY	-0.20194427893103575			
REACTOME_SYNTHESIS_OF_SUBSTRATES_IN_N_GLYCAN_BIOSYTHESIS	-0.20194839843903745			
GO_POSITIVE_REGULATION_OF_TRANSCRIPTION_OF_NOTCH_RECEPTOR_TARGET	-0.20194975131644052			
WRN_TARGET_GENES	-0.20195115515363174			
TIAN_BHLHA15_TARGETS	-0.20195530620789087			
GO_NEGATIVE_REGULATION_OF_MOLECULAR_FUNCTION_IN_OTHER_ORGANISM	-0.2019644068190837			
GO_ANATOMICAL_STRUCTURE_REGRESSION	-0.2019665439197021			
GO_RESPONSE_TO_ALKALOID	-0.20197117414861485			
MIR649	-0.201976382533663			
GO_PARANODE_REGION_OF_AXON	-0.2019783689102763			
GO_NEGATIVE_REGULATION_OF_CELLULAR_RESPONSE_TO_VASCULAR_ENDOTHELIAL_GROWTH_FACTOR_STIMULUS	-0.20197868759959497			
IPA_FOSL1_UP	-0.2019816354821494			
IK2_01	-0.20198772449009533			
IPA_MYOD1_DN	-0.20201514694403638			
GO_INTRONIC_TRANSCRIPTION_REGULATORY_REGION_DNA_BINDING	-0.20202896787457475			
NF1_Q6_01	-0.20203593558301136			
IPA_RUNX3_UP	-0.20204249430777904			
YTTCCNNNGGAMR_UNKNOWN	-0.20205486133714085			
IIZUKA_LIVER_CANCER_PROGRESSION_G2_G3_DN	-0.20205752905305227			
GSE22886_TH1_VS_TH2_48H_ACT_UP	-0.20207657202748486			
GSE27786_CD4_TCELL_VS_ERYTHTROBLAST_DN	-0.20209821837900682			
MIR4472	-0.20210372864066042			
GSE19888_ADENOSINE_A3R_ACT_VS_TCELL_MEMBRANES_ACT_AND_A3R_INH_PRETREAT_IN_MAST_CELL_DN	-0.2021066841207646			
VERNELL_RETINOBLASTOMA_PATHWAY_DN	-0.20211024377653444			
CHESLER_BRAIN_D6MIT150_QTL_TRANS	-0.20211211211032026			
GO_RNA_POLYMERASE_I_CORE_BINDING	-0.20211591948610394			
GO_REGULATION_OF_NUCLEAR_TRANSCRIBED_MRNA_CATABOLIC_PROCESS_DEADENYLATION_DEPENDENT_DECAY	-0.20211647943582742			
GSE8921_UNSTIM_VS_TLR1_2_STIM_MONOCYTE_3H_DN	-0.20212197123830647			
MLXIP_TARGET_GENES	-0.20212946658404918			
GSE2585_CD80_HIGH_VS_LOW_MTEC_UP	-0.20212973506079426			
GSE3982_NKCELL_VS_TH1_UP	-0.20213245879437586			
MIR6871_5P	-0.2021394956362603			
MIR6742_3P	-0.202149362382262			
KIM_MYCL1_AMPLIFICATION_TARGETS_DN	-0.2021515865584712			
GO_PROTOPORPHYRINOGEN_IX_METABOLIC_PROCESS	-0.2021589088357241			
GO_UROGENITAL_SYSTEM_DEVELOPMENT	-0.20216025117911832			
GO_OLIGOSACCHARIDE_LIPID_INTERMEDIATE_BIOSYNTHETIC_PROCESS	-0.20217315962755797			
GO_CEREBRAL_CORTEX_RADIALLY_ORIENTED_CELL_MIGRATION	-0.20217429951634078			
LI_WILMS_TUMOR_VS_FETAL_KIDNEY_2_UP	-0.2021755635686316			
DR4_Q2	-0.20217858261356603			
GO_NEGATIVE_REGULATION_OF_GUANYL_NUCLEOTIDE_EXCHANGE_FACTOR_ACTIVITY	-0.2021930067856966			
GO_LYSOPHOSPHOLIPID_ACYLTRANSFERASE_ACTIVITY	-0.20219704594050608			
IPA_ZNF429_UP	-0.20220189728883145			
GO_RNA_CAP_BINDING	-0.202202369751858			
KEGG_SPHINGOLIPID_METABOLISM	-0.20220694085144034			
GSE8685_IL2_STARVED_VS_IL15_ACT_IL2_STARVED_CD4_TCELL_DN	-0.20220791558319964			
REACTOME_DEFECTS_IN_BIOTIN_BTN_METABOLISM	-0.20222831432740798			
GO_REGULATION_OF_PROTEIN_TARGETING_TO_MEMBRANE	-0.20223524286512654			
WEBER_METHYLATED_ICP_IN_FIBROBLAST	-0.20223679700375594			
IPA_JMJD6_DN	-0.202238570449977			
BIOCARTA_CIRCADIAN_PATHWAY	-0.202247290003551			
ELVIDGE_HIF1A_AND_HIF2A_TARGETS_UP	-0.2022492639227056			
GSE18893_CTRL_VS_TNF_TREATED_TCONV_24H_DN	-0.20225449833143505			
KIM_ALL_DISORDERS_OLIGODENDROCYTE_NUMBER_CORR_UP	-0.2022548431742617			
GO_SEQUENCE_SPECIFIC_MRNA_BINDING	-0.20226177523667183			
MIR6814_5P	-0.20227437852017702			
SMID_BREAST_CANCER_RELAPSE_IN_LUNG_UP	-0.20227784823714476			
GO_REGULATION_OF_BILE_ACID_METABOLIC_PROCESS	-0.20228866285568092			
NKX25_02	-0.20228918566498688			
HALLMARK_UV_RESPONSE_UP	-0.20229896050433666			
SABATES_COLORECTAL_ADENOMA_UP	-0.20232147777013293			
GO_NEURONAL_STEM_CELL_POPULATION_MAINTENANCE	-0.20232599401797666			
FOURNIER_ACINAR_DEVELOPMENT_LATE_UP	-0.2023260799401347			
DCA_UP.V1_UP	-0.2023267614973501			
GO_NEGATIVE_REGULATION_OF_CALCIUM_ION_TRANSPORT_INTO_CYTOSOL	-0.20233156494605506			
GO_PYRIMIDINE_NUCLEOSIDE_TRIPHOSPHATE_METABOLIC_PROCESS	-0.20233205602492396			
GGCNNMSMYNTTG_UNKNOWN	-0.2023412261589261			
GO_POSITIVE_REGULATION_OF_I_KAPPAB_PHOSPHORYLATION	-0.20234155975166135			
GO_INTRACILIARY_TRANSPORT_INVOLVED_IN_CILIUM_ASSEMBLY	-0.20235390873894638			
CTAGGAA_MIR384	-0.20235674849735072			
MIR515_5P	-0.20235771817797857			
MIR4701_5P	-0.2023716396822128			
MIR6861_3P	-0.202378793068461			
TTTGCAG_MIR518A2	-0.20238759245593752			
MCCLUNG_CREB1_TARGETS_UP	-0.20238844480160928			
GO_ENDOPLASMIC_RETICULUM_PALMITOYLTRANSFERASE_COMPLEX	-0.20239652502737476			
GSE22443_NAIVE_VS_ACT_AND_IL2_TREATED_CD8_TCELL_DN	-0.2023984143357408			
GATA1_01	-0.20240168506135436			
GO_NEGATIVE_REGULATION_OF_EXECUTION_PHASE_OF_APOPTOSIS	-0.2024169140404957			
PID_ECADHERIN_KERATINOCYTE_PATHWAY	-0.20243535654304404			
MIR4529_5P	-0.20243926717438532			
IPA_E2F7_DN	-0.2024446111135102			
GO_DYNACTIN_COMPLEX	-0.20245012746501345			
GO_RESPONSE_TO_INSECTICIDE	-0.20245587032049395			
GO_INTERMEDIATE_FILAMENT_BUNDLE_ASSEMBLY	-0.20246061772627832			
ONKEN_UVEAL_MELANOMA_DN	-0.20246920289155			
BRUNEAU_SEPTATION_ATRIAL	-0.2024698813578148			
GO_CELLULAR_LIPID_CATABOLIC_PROCESS	-0.2024713956491386			
GO_ARACHIDONIC_ACID_SECRETION	-0.20247363130500892			
HAMAI_APOPTOSIS_VIA_TRAIL_DN	-0.20249781563093733			
MCBRYAN_PUBERTAL_BREAST_5_6WK_DN	-0.20249824165077926			
GSE19888_ADENOSINE_A3R_INH_VS_ACT_IN_MAST_CELL_UP	-0.2025147858575789			
GO_NEGATIVE_REGULATION_OF_LIPID_CATABOLIC_PROCESS	-0.20251814607045523			
GSE3982_MAST_CELL_VS_NKCELL_UP	-0.20252368157976158			
MIR1277_3P	-0.20252890360762144			
MIR4644	-0.20253028953029062			
GLI1_TARGET_GENES	-0.20253497494008588			
GO_LIPID_PHOSPHATASE_ACTIVITY	-0.20253634910556523			
WILLIAMS_ESR2_TARGETS_DN	-0.20253732274653066			
REACTOME_TRANSPORT_OF_NUCLEOTIDE_SUGARS	-0.20253985185959972			
IPA_ELF3_DN	-0.20254404777322754			
GO_RAGE_RECEPTOR_BINDING	-0.20254931749224356			
GO_DEAD_H_BOX_RNA_HELICASE_BINDING	-0.20254954886986712			
GSE22601_DOUBLE_NEGATIVE_VS_DOUBLE_POSITIVE_THYMOCYTE_UP	-0.20255661768647212			
GO_REGULATION_OF_PROTEIN_LOCALIZATION_TO_CILIUM	-0.2025607152200822			
GO_NEGATIVE_REGULATION_OF_CARDIOCYTE_DIFFERENTIATION	-0.20256453841598743			
PAX6_01	-0.20256590858433907			
GO_POSITIVE_REGULATION_OF_AMINO_ACID_TRANSPORT	-0.20257408835512486			
ZFP28_TARGET_GENES	-0.2025822993470198			
MIR3622B_5P	-0.20258357743107663			
BROWNE_HCMV_INFECTION_1HR_UP	-0.20259399165002537			
GSE9946_IMMATURE_VS_MATURE_STIMULATORY_DC_UP	-0.20259451769883288			
GSE24210_IL35_TREATED_VS_RESTING_TREG_UP	-0.2025952636279544			
CAGCTTT_MIR320	-0.20259723352215905			
GO_INTRACELLULAR_LIPID_TRANSPORT	-0.20260087035697133			
GO_REGULATION_OF_ENDOPLASMIC_RETICULUM_TUBULAR_NETWORK_ORGANIZATION	-0.20260327284183605			
GSE9878_CTRL_VS_EBF_TRANSDUCED_PAX5_KO_PRO_BCELL_UP	-0.20260536857268277			
ATF2_UP.V1_UP	-0.2026063773615754			
MIR1972	-0.2026237598640738			
GO_CELLULAR_RESPONSE_TO_GAMMA_RADIATION	-0.20263107740597305			
REACTOME_PHASE_2_PLATEAU_PHASE	-0.20264528128736659			
MIR4492	-0.20264651903739417			
REACTOME_MYOGENESIS	-0.20265488573238125			
GO_BETA_2_MICROGLOBULIN_BINDING	-0.20265514466929657			
REACTOME_SLC_MEDIATED_TRANSMEMBRANE_TRANSPORT	-0.20267667595666428			
EGR2_01	-0.20268081709070693			
GLI1_UP.V1_DN	-0.20268574467955938			
MIR3943	-0.20268691195859517			
GO_LONG_CHAIN_FATTY_ACID_TRANSPORT	-0.20269179936796572			
GO_REGULATION_OF_METANEPHRIC_GLOMERULUS_DEVELOPMENT	-0.20269723374699894			
IPA_KMT2D_UP	-0.20269897512725457			
GO_SEX_DIFFERENTIATION	-0.2027042894483731			
LE_NEURONAL_DIFFERENTIATION_UP	-0.202710766458939			
MIR4447	-0.20271247090343328			
GSE5589_IL6_KO_VS_IL10_KO_LPS_AND_IL6_STIM_MACROPHAGE_45MIN_DN	-0.20271902731345767			
GSE22229_UNTREATED_VS_IMMUNOSUPP_THERAPY_RENAL_TRANSPLANT_PATIENT_PBMC_UP	-0.2027253821029054			
NIKOLSKY_BREAST_CANCER_7P15_AMPLICON	-0.20272696589893513			
GSE3720_VD1_VS_VD2_GAMMADELTA_TCELL_WITH_PMA_STIM_DN	-0.20275618379708116			
BIOCARTA_ERBB3_PATHWAY	-0.20275668990887516			
GO_SECONDARY_PALATE_DEVELOPMENT	-0.20276166118672723			
REACTOME_NEUROFASCIN_INTERACTIONS	-0.20276288241766374			
REACTOME_DOWNSTREAM_SIGNALING_OF_ACTIVATED_FGFR1	-0.20277836304728625			
GO_DIENCEPHALON_DEVELOPMENT	-0.2027815878123633			
IPA_ATF5_DN	-0.20278215403196914			
MIR1199_5P	-0.20278694931729263			
GO_NEUROTROPHIN_BINDING	-0.20280273686333827			
MIR1321	-0.20280487514483822			
GO_POTASSIUM_ION_HOMEOSTASIS	-0.20280786876161966			
GSE37532_WT_VS_PPARG_KO_VISCERAL_ADIPOSE_TISSUE_TREG_DN	-0.20281335232749123			
MIR10392_3P	-0.20281804079209015			
GO_HYDROLASE_ACTIVITY_HYDROLYZING_N_GLYCOSYL_COMPOUNDS	-0.2028193952243326			
GO_ATP_SYNTHESIS_COUPLED_ELECTRON_TRANSPORT	-0.20284384518952966			
GO_ACETYLCHOLINE_RECEPTOR_ACTIVITY	-0.20286805046397183			
GO_OLIGOPEPTIDE_BINDING	-0.20287573685358648			
GO_DOLICHYL_PHOSPHATE_MANNOSE_PROTEIN_MANNOSYLTRANSFERASE_ACTIVITY	-0.20288088193128764			
DEN_INTERACT_WITH_LCA5	-0.20288869076213256			
GO_MICROVILLUS_MEMBRANE	-0.20289105437537136			
GO_SERTOLI_CELL_DIFFERENTIATION	-0.20289609202388106			
MIR6829_3P	-0.2029132107457832			
GO_SEROTONIN_RECEPTOR_SIGNALING_PATHWAY	-0.2029132897495858			
GO_VITAMIN_A_METABOLIC_PROCESS	-0.2029264401376891			
GSE41867_NAIVE_VS_DAY8_LCMV_CLONE13_EFFECTOR_CD8_TCELL_DN	-0.20292851791431404			
GO_CHROMATIN_DNA_BINDING	-0.2029312510780674			
chr13q13	-0.20293220951920937			
GO_MIDBRAIN_DOPAMINERGIC_NEURON_DIFFERENTIATION	-0.20293637191225805			
GO_T_CELL_EXTRAVASATION	-0.2029378944838802			
CHARAFE_BREAST_CANCER_LUMINAL_VS_MESENCHYMAL_UP	-0.2029391240188174			
GO_NEUROMUSCULAR_PROCESS_CONTROLLING_POSTURE	-0.20293959902670627			
REACTOME_SEMA3A_PLEXIN_REPULSION_SIGNALING_BY_INHIBITING_INTEGRIN_ADHESION	-0.20294169033747608			
GO_SENSORY_PERCEPTION_OF_TEMPERATURE_STIMULUS	-0.2029509567391337			
GSE27786_LSK_VS_LIN_NEG_CELL_UP	-0.20295160261436426			
SILIGAN_TARGETS_OF_EWS_FLI1_FUSION_UP	-0.20295283759738816			
REACTOME_A_TETRASACCHARIDE_LINKER_SEQUENCE_IS_REQUIRED_FOR_GAG_SYNTHESIS	-0.20296800854863808			
REACTOME_ER_TO_GOLGI_ANTEROGRADE_TRANSPORT	-0.20297157809076652			
DACOSTA_UV_RESPONSE_VIA_ERCC3_UP	-0.20297342252584094			
GO_REGULATION_OF_SMALL_GTPASE_MEDIATED_SIGNAL_TRANSDUCTION	-0.20297600812725888			
REACTOME_ORGANIC_CATION_ANION_ZWITTERION_TRANSPORT	-0.20297660399150405			
HFH3_01	-0.202979954534477			
MIR5192	-0.20298436476504936			
GO_SYNAPTIC_VESICLE_MATURATION	-0.20299068320946398			
GO_INTEGRAL_COMPONENT_OF_CYTOPLASMIC_SIDE_OF_ENDOPLASMIC_RETICULUM_MEMBRANE	-0.20299970694046957			
GSE29618_LAIV_VS_TIV_FLU_VACCINE_DAY7_BCELL_UP	-0.20299983034297298			
MIR641	-0.2030136297600857			
GO_REGULATION_OF_SYNAPTIC_VESICLE_RECYCLING	-0.20301778927402123			
REACTOME_GOLGI_TO_ER_RETROGRADE_TRANSPORT	-0.2030318721415244			
MIR10401_5P	-0.20303239697419143			
GO_SITE_OF_POLARIZED_GROWTH	-0.2030347613729303			
MIR4313	-0.203039166906619			
WANG_PROSTATE_CANCER_ANDROGEN_INDEPENDENT	-0.20304996876575673			
GO_INTERLEUKIN_5_SECRETION	-0.203050817355842			
ZNF502_TARGET_GENES	-0.20305267675008007			
GO_REGULATION_OF_HEART_RATE	-0.20307037913868453			
GO_HAPTOGLOBIN_HEMOGLOBIN_COMPLEX	-0.2030789274049074			
GO_ENDOPLASMIC_RETICULUM_PLASMA_MEMBRANE_TETHERING	-0.20308918148103888			
MIR9851_3P	-0.20309417284757117			
GO_MEMBRANE_REPOLARIZATION_DURING_ATRIAL_CARDIAC_MUSCLE_CELL_ACTION_POTENTIAL	-0.20310680434154985			
REACTOME_POU5F1_OCT4_SOX2_NANOG_REPRESS_GENES_RELATED_TO_DIFFERENTIATION	-0.20311007770248166			
GO_POSITIVE_REGULATION_OF_MITOTIC_NUCLEAR_DIVISION	-0.203111317657231			
REACTOME_SYNTHESIS_SECRETION_AND_INACTIVATION_OF_GLUCOSE_DEPENDENT_INSULINOTROPIC_POLYPEPTIDE_GIP	-0.2031212846108529			
IPA_USF2_DN	-0.20313144536430666			
GO_CARNITINE_SHUTTLE	-0.20313702434405323			
F10_TARGET_GENES	-0.20314066754647842			
chr17q21	-0.203144757227888			
GO_OMEGA_HYDROXYLASE_P450_PATHWAY	-0.20314891057312556			
SHEDDEN_LUNG_CANCER_GOOD_SURVIVAL_A5	-0.2031498325342464			
ROSS_AML_WITH_PML_RARA_FUSION	-0.20315268371011003			
GO_CELL_PART_MORPHOGENESIS	-0.20315754342546324			
GO_NEUROTRANSMITTER_RECEPTOR_COMPLEX	-0.20316258812906532			
IPA_IGFBP1_UP	-0.203163129147132			
MIR3620_3P	-0.20317597546733232			
GO_CORNIFICATION	-0.203184791174458			
GO_REGULATION_OF_CELLULAR_RESPONSE_TO_VASCULAR_ENDOTHELIAL_GROWTH_FACTOR_STIMULUS	-0.20318602256665047			
HALLMARK_KRAS_SIGNALING_DN	-0.2031969252246761			
GO_MANGANESE_ION_TRANSMEMBRANE_TRANSPORT	-0.20320574798080931			
GO_MANGANESE_ION_TRANSMEMBRANE_TRANSPORTER_ACTIVITY	-0.20320574798080931			
GO_NEGATIVE_REGULATION_OF_LAMELLIPODIUM_ORGANIZATION	-0.20320774366448086			
GO_NEGATIVE_REGULATION_OF_ANIMAL_ORGAN_MORPHOGENESIS	-0.20321028089846374			
MYOD_Q6_01	-0.20321177447583733			
ACATATC_MIR190	-0.20321399071244323			
BIOCARTA_EIF4_PATHWAY	-0.20321545555227674			
chr1q42	-0.20321632723645378			
REACTOME_IRON_UPTAKE_AND_TRANSPORT	-0.2032242200721615			
REACTOME_SIGNAL_ATTENUATION	-0.2032461761193474			
MIR4794	-0.20324646505474545			
GO_PROTEIN_BINDING_INVOLVED_IN_HETEROTYPIC_CELL_CELL_ADHESION	-0.20325060291500005			
MIR218_5P	-0.20325704992182617			
GSE360_CTRL_VS_B_MALAYI_LOW_DOSE_MAC_DN	-0.20326273375598147			
GO_PHOTORECEPTOR_CELL_DEVELOPMENT	-0.20327367978911445			
GSE36392_TYPE_2_MYELOID_VS_MAC_IL25_TREATED_LUNG_DN	-0.2032863927525423			
IPA_ZNF33A_DN	-0.20328994876709455			
GO_TRANSCRIPTION_FACTOR_BINDING	-0.2032915120720383			
GO_SERINE_TRANSPORT	-0.20329598024717924			
GSE19512_NAUTRAL_VS_INDUCED_TREG_UP	-0.20329829063150845			
GO_GLUTAMATE_RECEPTOR_ACTIVITY	-0.2033007757891108			
DELACROIX_RARG_BOUND_MEF	-0.20330190403802326			
GO_NEGATIVE_REGULATION_OF_KIDNEY_DEVELOPMENT	-0.20330204217740785			
GSE13485_DAY1_VS_DAY21_YF17D_VACCINE_PBMC_UP	-0.2033033568729478			
GO_RECEPTOR_INHIBITOR_ACTIVITY	-0.20331461672607698			
RSRFC4_01	-0.20331906241903072			
IPA_FEZF2_UP	-0.2033311171506438			
GO_POSITIVE_REGULATION_OF_HISTONE_H3_K9_METHYLATION	-0.20333437049695813			
ZNF92_TARGET_GENES	-0.20334033716723204			
GO_ACTIVATION_OF_PHOSPHOLIPASE_C_ACTIVITY	-0.20334620768753747			
MIR6842_3P	-0.20334623835516846			
GO_ORGANELLE_SUBCOMPARTMENT	-0.20335070030783828			
GO_POSITIVE_REGULATION_OF_MRNA_3_END_PROCESSING	-0.2033532222025889			
GO_PROTEIN_DNA_COMPLEX_DISASSEMBLY	-0.20336009278102987			
STREICHER_LSM1_TARGETS_UP	-0.20336051787377696			
REACTOME_REGULATION_OF_TLR_BY_ENDOGENOUS_LIGAND	-0.20336306309372965			
chr6q12	-0.20337295626881158			
GO_NEGATIVE_REGULATION_OF_ADENYLATE_CYCLASE_ACTIVITY	-0.2033764209516324			
MIR34C_3P	-0.20338574511489504			
GO_NEGATIVE_REGULATION_OF_ORGANIC_ACID_TRANSPORT	-0.20338586782224757			
PID_RHODOPSIN_PATHWAY	-0.20338851112202846			
GSE19401_PAM2CSK4_VS_RETINOIC_ACID_STIM_FOLLICULAR_DC_DN	-0.20338861783158868			
GO_EMBRYONIC_PLACENTA_MORPHOGENESIS	-0.20340029450168992			
GO_FREE_UBIQUITIN_CHAIN_POLYMERIZATION	-0.2034006166783945			
REACTOME_RUNX1_REGULATES_TRANSCRIPTION_OF_GENES_INVOLVED_IN_WNT_SIGNALING	-0.20340181249863987			
IPA_TCF20_UP	-0.20342371039009785			
GO_WATER_TRANSPORT	-0.20342722504193203			
IPA_KLF5_DN	-0.20344242504248838			
GO_REGULATION_OF_MODIFICATION_OF_SYNAPTIC_STRUCTURE	-0.20344541659640142			
GO_GOLGI_MEMBRANE	-0.20344761294257813			
MIR554	-0.2034558095189271			
MIR8068	-0.20345800614700807			
MIR4434	-0.20345845247355684			
GO_RECEPTOR_MEDIATED_ENDOCYTOSIS_INVOLVED_IN_CHOLESTEROL_TRANSPORT	-0.20346316783132953			
GO_CELLULAR_RESPONSE_TO_BRAIN_DERIVED_NEUROTROPHIC_FACTOR_STIMULUS	-0.20349660059285887			
MIR502_5P	-0.20349813466746022			
MIR4718	-0.20350102133372158			
ULE_SPLICING_VIA_NOVA2	-0.2035069607393176			
JOHANSSON_BRAIN_CANCER_EARLY_VS_LATE_DN	-0.2035173027942574			
REACTOME_VEGFR2_MEDIATED_VASCULAR_PERMEABILITY	-0.2035247715804467			
GO_GLYCOPROTEIN_BIOSYNTHETIC_PROCESS	-0.20352650549267545			
GO_CALCIUM_CATION_ANTIPORTER_ACTIVITY	-0.20352798030611718			
GO_POSITIVE_REGULATION_OF_CELLULAR_BIOSYNTHETIC_PROCESS	-0.20352823384733196			
OHM_METHYLATED_IN_ADULT_CANCERS	-0.203540971157003			
HALLMARK_BILE_ACID_METABOLISM	-0.20354236596614525			
GSE28737_WT_VS_BCL6_HET_MARGINAL_ZONE_BCELL_UP	-0.20354283095848705			
GO_SKIN_DEVELOPMENT	-0.2035432470045145			
GO_FIBROBLAST_GROWTH_FACTOR_RECEPTOR_BINDING	-0.20356372288121924			
GO_REGULATION_OF_COLLAGEN_FIBRIL_ORGANIZATION	-0.20357486155560411			
KYNG_NORMAL_AGING_UP	-0.20357635755719727			
MIR363_3P	-0.20357821763080103			
GO_NEGATIVE_REGULATION_OF_NERVOUS_SYSTEM_PROCESS	-0.20358609728136123			
GO_FRUCTOSE_CATABOLIC_PROCESS_TO_HYDROXYACETONE_PHOSPHATE_AND_GLYCERALDEHYDE_3_PHOSPHATE	-0.2035924364475214			
GO_REGULATION_OF_RECEPTOR_CATABOLIC_PROCESS	-0.2035928590694492			
YTAATTAA_LHX3_01	-0.20360534780498665			
CENPT_TARGET_GENES	-0.2036118746986661			
MIR1238_3P	-0.2036388280159372			
GO_REGULATION_OF_SYNAPTIC_VESICLE_FUSION_TO_PRESYNAPTIC_ACTIVE_ZONE_MEMBRANE	-0.20364698494066172			
GSE36392_TYPE_2_MYELOID_VS_MAC_IL25_TREATED_LUNG_UP	-0.20364705171692238			
GO_PROTEIN_PHOSPHATASE_1_BINDING	-0.20365396080182638			
GO_VENTRICULAR_CARDIAC_MUSCLE_CELL_MEMBRANE_REPOLARIZATION	-0.20366004384883984			
GSE20151_CTRL_VS_FUSOBACT_NUCLEATUM_NEUTROPHIL_UP	-0.20367027446052197			
GO_HISTONE_H4_K20_METHYLATION	-0.20367033316199604			
CHEOK_RESPONSE_TO_MERCAPTOPURINE_AND_LD_MTX_DN	-0.20367216817045866			
MIR7159_3P	-0.20367283356218116			
GO_NOTCH_SIGNALING_PATHWAY	-0.2036754077273254			
chr14q13	-0.20369836307762476			
GO_BRONCHUS_DEVELOPMENT	-0.20369894546559492			
GO_TRANSFERRIN_TRANSPORT	-0.20371000173389206			
ACEVEDO_LIVER_CANCER_WITH_H3K9ME3_UP	-0.2037101677603662			
GO_POLYPEPTIDE_N_ACETYLGALACTOSAMINYLTRANSFERASE_ACTIVITY	-0.20372518889825791			
HALLMARK_XENOBIOTIC_METABOLISM	-0.20372540809060202			
WCTCNATGGY_UNKNOWN	-0.20374095583711616			
REACTOME_REPRESSION_OF_WNT_TARGET_GENES	-0.20375146179144812			
MIR2355_3P	-0.20375208714783016			
GO_VENTRICULAR_SYSTEM_DEVELOPMENT	-0.20376780357484195			
GO_MAMMARY_GLAND_INVOLUTION	-0.2037679528415771			
EN1_01	-0.20377655755195614			
KEGG_RIBOFLAVIN_METABOLISM	-0.20378070401581622			
GO_POSITIVE_REGULATION_OF_ENDOPLASMIC_RETICULUM_UNFOLDED_PROTEIN_RESPONSE	-0.20378509703827064			
LUND_SILENCED_BY_METHYLATION	-0.20378890333673413			
REACTOME_RET_SIGNALING	-0.20379071354130956			
GO_DEDIFFERENTIATION	-0.20381959298112606			
IVANOVA_HEMATOPOIESIS_EARLY_PROGENITOR	-0.20382162905732054			
GO_MITOCHONDRIAL_ELECTRON_TRANSPORT_NADH_TO_UBIQUINONE	-0.2038237560496788			
GO_NEGATIVE_REGULATION_OF_TUBULIN_DEACETYLATION	-0.20383069282103802			
TCCAGAG_MIR518C	-0.20383789499801278			
GO_POSTSYNAPTIC_DENSITY_MEMBRANE	-0.20383840151906257			
GO_MESONEPHRIC_TUBULE_FORMATION	-0.20384148749506295			
PID_P38_ALPHA_BETA_DOWNSTREAM_PATHWAY	-0.20384744354271597			
GO_RESPONSE_TO_CORTICOTROPIN_RELEASING_HORMONE	-0.20385000391644684			
USF2_Q6	-0.20385251334950427			
GO_OXIDATIVE_DNA_DEMETHYLATION	-0.20385342096549341			
GO_HYDRO_LYASE_ACTIVITY	-0.20386148178236727			
REACTOME_TRAFFICKING_AND_PROCESSING_OF_ENDOSOMAL_TLR	-0.2038660481702518			
GO_NEGATIVE_REGULATION_OF_RNA_BIOSYNTHETIC_PROCESS	-0.20387366663027545			
GO_N_ACETYLNEURAMINATE_CATABOLIC_PROCESS	-0.20387959987463322			
DELACROIX_RAR_TARGETS_DN	-0.20388632041402502			
GO_REGULATION_OF_POTASSIUM_ION_IMPORT	-0.20389691801865636			
STARK_HYPPOCAMPUS_22Q11_DELETION_UP	-0.20390221338041706			
GO_SNORNA_3_END_PROCESSING	-0.20390473484105961			
MYLLYKANGAS_AMPLIFICATION_HOT_SPOT_25	-0.20390881785698667			
GSE4590_PRE_BCELL_VS_SMALL_PRE_BCELL_UP	-0.2039108136120259			
GO_MITOCHONDRIAL_INTERMEMBRANE_SPACE_PROTEIN_TRANSPORTER_COMPLEX	-0.20391516545614458			
MIR6133	-0.20391635384937815			
CHIANG_LIVER_CANCER_SUBCLASS_POLYSOMY7_UP	-0.20391749736677875			
MIR10396B_5P	-0.20392884928936103			
GO_MESENDODERM_DEVELOPMENT	-0.20393010615393894			
GO_FUCOSYLATION	-0.203934855195605			
HEDVAT_ELF4_TARGETS_UP	-0.2039450674388305			
GO_POSTSYNAPTIC_ENDOCYTIC_ZONE	-0.20394829097571607			
GO_REGULATION_OF_MICROTUBULE_BASED_PROCESS	-0.20395424450907834			
REACTOME_KILLING_MECHANISMS	-0.20396144009523032			
GSE11961_MEMORY_BCELL_DAY40_VS_GERMINAL_CENTER_BCELL_DAY40_UP	-0.2039623924920719			
GO_REGULATION_OF_TYPE_B_PANCREATIC_CELL_PROLIFERATION	-0.20396551004662522			
MIR15A_3P	-0.2039661858820581			
GO_POSITIVE_REGULATION_OF_PROTEIN_CATABOLIC_PROCESS_IN_THE_VACUOLE	-0.2039798386284431			
BIOCARTA_VDR_PATHWAY	-0.2039882636277886			
MIR6748_3P	-0.20399545391477417			
OCT1_03	-0.20400494976592062			
MIR593_5P	-0.20401275685823408			
GO_POSITIVE_REGULATION_OF_IRE1_MEDIATED_UNFOLDED_PROTEIN_RESPONSE	-0.2040181314599937			
GO_REGULATION_OF_NEURON_MATURATION	-0.20402226041616597			
MCCLUNG_COCAINE_REWARD_5D	-0.20403010995030785			
GO_REGULATION_OF_NEUROTRANSMITTER_RECEPTOR_LOCALIZATION_TO_POSTSYNAPTIC_SPECIALIZATION_MEMBRANE	-0.20403408460730924			
GO_DEOXYRIBONUCLEOTIDE_BIOSYNTHETIC_PROCESS	-0.2040384801866264			
GO_POSITIVE_REGULATION_OF_INTERLEUKIN_5_SECRETION	-0.20404230315659777			
MIR130A_3P	-0.20404771732950294			
GO_GENERAL_TRANSCRIPTION_INITIATION_FACTOR_ACTIVITY	-0.20405550761458555			
IPA_MECP2_UP	-0.204062839597003			
GO_NEGATIVE_REGULATION_OF_AXON_EXTENSION	-0.20406626903697944			
PID_A6B1_A6B4_INTEGRIN_PATHWAY	-0.20407346851083336			
GSE29614_CTRL_VS_DAY3_TIV_FLU_VACCINE_PBMC_DN	-0.20407582740664135			
MIR7847_3P	-0.2040828652689701			
GO_COLLAGEN_CATABOLIC_PROCESS	-0.20408600010770062			
REACTOME_ACETYLCHOLINE_NEUROTRANSMITTER_RELEASE_CYCLE	-0.20408786522450073			
IPA_PLAG1_UP	-0.20409161560619887			
REACTOME_TOLL_LIKE_RECEPTOR_10_TLR10_CASCADE	-0.20410678103496294			
GO_POINTED_END_ACTIN_FILAMENT_CAPPING	-0.20410756353007178			
MIR6502_3P	-0.20411278463095203			
GO_NEGATIVE_REGULATION_OF_PLASMA_MEMBRANE_BOUNDED_CELL_PROJECTION_ASSEMBLY	-0.20412465943834507			
GRAESSMANN_RESPONSE_TO_MC_AND_DOXORUBICIN_UP	-0.20415156463434533			
MIR4745_5P	-0.20416161425606025			
IPA_HEYL_UP	-0.2041736760181853			
MIR3667_5P	-0.20418028005643193			
MIR3529_5P	-0.2041837674937243			
REACTOME_REGULATION_OF_TP53_ACTIVITY_THROUGH_METHYLATION	-0.20418433640707842			
MATZUK_EARLY_ANTRAL_FOLLICLE	-0.20418449860367835			
PID_HNF3B_PATHWAY	-0.20419062468571036			
IPA_THRA_DN	-0.20420887497373214			
GO_HEMIDESMOSOME	-0.2042138375990245			
TGACCTTG_SF1_Q6	-0.20421431717564628			
REACTOME_MISCELLANEOUS_TRANSPORT_AND_BINDING_EVENTS	-0.20421967399145946			
WATANABE_ULCERATIVE_COLITIS_WITH_CANCER_UP	-0.20422669390000972			
GSE17974_IL4_AND_ANTI_IL12_VS_UNTREATED_0.5H_ACT_CD4_TCELL_DN	-0.20422712400278523			
GO_POLY_PYRIMIDINE_TRACT_BINDING	-0.2042397069234621			
LINDVALL_IMMORTALIZED_BY_TERT_UP	-0.20424140961662499			
GO_TRANSFORMING_GROWTH_FACTOR_BETA_ACTIVATED_RECEPTOR_ACTIVITY	-0.20425479994474136			
GO_REGULATION_OF_HAIR_FOLLICLE_DEVELOPMENT	-0.2042641700928039			
ACGCACA_MIR210	-0.20426894243686222			
GO_MYELIN_SHEATH_ABAXONAL_REGION	-0.20427027506634815			
BONOME_OVARIAN_CANCER_POOR_SURVIVAL_DN	-0.20427235052325143			
GSE38681_WT_VS_LYL1_KO_LYMPHOID_PRIMED_MULTIPOTENT_PROGENITOR_UP	-0.20427246010376454			
GSE6259_FLT3L_INDUCED_33D1_POS_DC_VS_CD8_TCELL_UP	-0.20427417938610476			
GO_RNA_POLYMERASE_I_PREINITIATION_COMPLEX_ASSEMBLY	-0.20428328113700392			
REACTOME_LIGAND_RECEPTOR_INTERACTIONS	-0.20428361824289373			
SRSF7_TARGET_GENES	-0.2042845244824074			
IPA_MEIS1_UP	-0.2042926329037196			
GO_REGULATION_OF_BLOOD_VESSEL_REMODELING	-0.2042930161926786			
GO_POSITIVE_REGULATION_OF_HEART_INDUCTION	-0.20429958145142185			
GO_REGULATION_OF_GLUCOCORTICOID_METABOLIC_PROCESS	-0.2043029765730803			
GO_NITROGEN_CYCLE_METABOLIC_PROCESS	-0.20431180290117706			
MIR4756_5P	-0.20432067742590465			
IPA_SNAI1_DN	-0.2043213738327543			
ANDERSEN_LIVER_CANCER_KRT19_DN	-0.20432705781330693			
GO_TISSUE_REGENERATION	-0.20433124289484628			
IPA_NFATC4_UP	-0.20433719733947517			
RRAGTTGT_UNKNOWN	-0.20433854747356517			
GSE7460_TREG_VS_TCONV_ACT_WITH_TGFB_UP	-0.20435166976905944			
GO_CILIARY_BASAL_BODY	-0.20435528661593397			
GO_HISTONE_ACETYLTRANSFERASE_ACTIVITY_H4_K5_SPECIFIC	-0.2043622703866315			
GSE10239_KLRG1INT_VS_KLRG1HIGH_EFF_CD8_TCELL_UP	-0.20436612528726705			
REACTOME_REGULATION_OF_LOCALIZATION_OF_FOXO_TRANSCRIPTION_FACTORS	-0.20437367235709072			
GO_HEART_VALVE_FORMATION	-0.2043851315149743			
BIOCARTA_DICER_PATHWAY	-0.20438727480176022			
GO_POSITIVE_REGULATION_OF_CEREBELLAR_GRANULE_CELL_PRECURSOR_PROLIFERATION	-0.20440983355390463			
GO_CELL_MORPHOGENESIS_INVOLVED_IN_NEURON_DIFFERENTIATION	-0.2044225669913505			
GO_TRANSCRIPTION_COREPRESSOR_BINDING	-0.2044323358552809			
GO_NUCLEOTIDE_SUGAR_METABOLIC_PROCESS	-0.2044353467881836			
MIR3187_5P	-0.2044463569285285			
REACTOME_NEUROTRANSMITTER_RELEASE_CYCLE	-0.20444670809214352			
GO_PHOSPHORIC_ESTER_HYDROLASE_ACTIVITY	-0.20444684669972565			
GO_TRANSMISSION_OF_NERVE_IMPULSE	-0.20446077854044015			
GO_CARDIOCYTE_DIFFERENTIATION	-0.20446338038302872			
ZHU_CMV_8_HR_DN	-0.20446496407709241			
GSE32423_MEMORY_VS_NAIVE_CD8_TCELL_IL7_DN	-0.20447854483075037			
GO_UDP_GLYCOSYLTRANSFERASE_ACTIVITY	-0.20448657988843652			
IPA_SPI1_DN	-0.2045253837084895			
GO_REGULATION_OF_DOPAMINERGIC_NEURON_DIFFERENTIATION	-0.2045264337648359			
MIR3175	-0.2045306143676731			
GO_REGULATION_OF_EPITHELIAL_TUBE_FORMATION	-0.20453534374980895			
HAND1E47_01	-0.20455103259107654			
GO_RESPONSE_TO_IMMOBILIZATION_STRESS	-0.2045636821649032			
MIR137_3P	-0.20456704812600432			
GSE9006_TYPE_1_DIABETES_AT_DX_VS_1MONTH_POST_DX_PBMC_UP	-0.20458127478190324			
ZSCAN5C_TARGET_GENES	-0.20458732716496833			
GO_MICROTUBULE_SEVERING_ATPASE_ACTIVITY	-0.20458908138234108			
MIR3681_3P	-0.20459083904052738			
GO_C2H2_ZINC_FINGER_DOMAIN_BINDING	-0.2045994764992455			
DER_IFN_GAMMA_RESPONSE_DN	-0.20460142073360127			
GO_NEGATIVE_REGULATION_OF_PROTEIN_IMPORT_INTO_NUCLEUS	-0.2046128316049573			
GSE3982_MAST_CELL_VS_DC_DN	-0.20461358864110316			
GO_BEHAVIOR	-0.20461541976086314			
MIR3132	-0.2046334778187359			
REPIN1_TARGET_GENES	-0.20463956741500605			
GO_SCHAFFER_COLLATERAL_CA1_SYNAPSE	-0.2046403574385636			
GSE24634_NAIVE_CD4_TCELL_VS_DAY10_IL4_CONV_TREG_UP	-0.20464285280229452			
GO_POSITIVE_REGULATION_OF_INTEGRIN_MEDIATED_SIGNALING_PATHWAY	-0.20464798672739787			
YAMASHITA_SILENCED_BY_METHYLATION	-0.2046637054837386			
PID_NETRIN_PATHWAY	-0.2046638502949868			
GO_AXOLEMMA	-0.20466930721002802			
GO_DETERMINATION_OF_PANCREATIC_LEFT_RIGHT_ASYMMETRY	-0.20467437568874983			
GO_GLIAL_CELL_MIGRATION	-0.2046781823433467			
PHONG_TNF_TARGETS_DN	-0.20469164776872106			
GO_AXON_ENSHEATHMENT_IN_CENTRAL_NERVOUS_SYSTEM	-0.2047087238474143			
GO_4_HYDROXYPROLINE_METABOLIC_PROCESS	-0.2047127691653386			
IPA_DNAJC1_UP	-0.20472056566520888			
GO_POSITIVE_REGULATION_OF_EMBRYONIC_DEVELOPMENT	-0.20472992383599742			
GO_NEGATIVE_REGULATION_OF_LOW_DENSITY_LIPOPROTEIN_PARTICLE_CLEARANCE	-0.2047442717726038			
GO_NEGATIVE_REGULATION_OF_CALCIUM_ION_TRANSPORT	-0.20474845315837673			
REACTOME_PHASE_3_RAPID_REPOLARISATION	-0.20476642442109078			
IPA_SNAI2_DN	-0.20476925171180888			
GO_LACTATION	-0.20478280312335304			
GO_CELLULAR_MACROMOLECULE_LOCALIZATION	-0.20479464948546858			
GSE36888_UNTREATED_VS_IL2_TREATED_TCELL_6H_DN	-0.2048009022692564			
REACTOME_DOWNSTREAM_SIGNALING_OF_ACTIVATED_FGFR3	-0.20480137024175826			
GO_INSULIN_RESPONSIVE_COMPARTMENT	-0.20480534728628708			
GO_POSITIVE_REGULATION_OF_PROTEIN_LOCALIZATION_TO_CILIUM	-0.20480805984983727			
GO_METANEPHRIC_LOOP_OF_HENLE_DEVELOPMENT	-0.2048093397221076			
GCGCCTT_MIR525_MIR524	-0.20480990021128584			
GO_POSITIVE_REGULATION_OF_EXCITATORY_POSTSYNAPTIC_POTENTIAL	-0.20481278454196378			
ALK_DN.V1_DN	-0.20481774795512825			
BERENJENO_TRANSFORMED_BY_RHOA_FOREVER_UP	-0.20483124032204386			
GSE7348_LPS_VS_TOLERIZED_AND_LPS_STIM_MACROPHAGE_UP	-0.20483174662904508			
GO_PSEUDOPODIUM_ORGANIZATION	-0.2048325221737127			
GSE2405_0H_VS_6H_A_PHAGOCYTOPHILUM_STIM_NEUTROPHIL_DN	-0.20484982246687072			
GO_PROTEIN_PHOSPHATASE_TYPE_2A_COMPLEX	-0.204869143777278			
GO_CALCIUM_ION_BINDING	-0.20487197753440026			
GO_CYTOPLASMIC_DYNEIN_COMPLEX	-0.20489100620888084			
chr9p12	-0.20489907472044208			
GSE11961_MEMORY_BCELL_DAY7_VS_PLASMA_CELL_DAY7_UP	-0.20490327352254786			
GO_ENERGY_RESERVE_METABOLIC_PROCESS	-0.20490935087581286			
GO_POSITIVE_REGULATION_OF_BONE_DEVELOPMENT	-0.20494140573864422			
SU_LIVER	-0.20494150882092185			
GSE17721_CTRL_VS_POLYIC_2H_BMDC_DN	-0.20495213059404613			
GSE16385_UNTREATED_VS_12H_ROSIGLITAZONE_TREATED_MACROPHAGE_UP	-0.20495273585038526			
GO_PROTEIN_MATURATION_BY_PROTEIN_FOLDING	-0.20495879734834888			
GO_ACTIN_FILAMENT_REORGANIZATION	-0.2049595134969669			
GO_NEGATIVE_REGULATION_OF_FAT_CELL_PROLIFERATION	-0.20496353997802386			
GO_OXIDATIVE_DEMETHYLATION	-0.20496442346423893			
GO_POSITIVE_REGULATION_OF_MITOCHONDRIAL_MEMBRANE_POTENTIAL	-0.20496840576457895			
MIR942_5P	-0.2049705628147151			
GSE22886_TH1_VS_TH2_12H_ACT_DN	-0.2049980035593317			
MIR450A_2_3P	-0.20500075760292485			
MIR4531	-0.20500272479777323			
GO_EPITHELIAL_STRUCTURE_MAINTENANCE	-0.20500907750852185			
GO_NEGATIVE_REGULATION_OF_PROTEIN_LOCALIZATION_TO_CELL_SURFACE	-0.20501616532292186			
TIEN_INTESTINE_PROBIOTICS_24HR_UP	-0.20502722163713122			
WATANABE_COLON_CANCER_MSI_VS_MSS_UP	-0.20503111452504916			
RBM15_TARGET_GENES	-0.20503254969393966			
GO_INTERLEUKIN_12_SECRETION	-0.2050400405501502			
AML1_01	-0.20504258915973975			
AML1_Q6	-0.20504258915973975			
MIR6809_3P	-0.20504490041979426			
AATGGAG_MIR136	-0.20505498390151258			
MIR6529_3P	-0.20505697329475717			
AAGCCAT_MIR135A_MIR135B	-0.20505942857784418			
REACTOME_FORMATION_OF_ATP_BY_CHEMIOSMOTIC_COUPLING	-0.20506066251769434			
RODRIGUES_NTN1_AND_DCC_TARGETS	-0.20506150416453028			
GO_FEMALE_GENITALIA_DEVELOPMENT	-0.20506267774607048			
SYATTGTG_UNKNOWN	-0.20508034806032774			
GO_EOSINOPHIL_DIFFERENTIATION	-0.20508544661432773			
BIOCARTA_CK1_PATHWAY	-0.2050901894906438			
MIR7157_5P	-0.2050942593123676			
HELLER_HDAC_TARGETS_UP	-0.2050945007831853			
SCHAEFFER_PROSTATE_DEVELOPMENT_AND_CANCER_BOX1_UP	-0.20510467206003702			
SENGUPTA_NASOPHARYNGEAL_CARCINOMA_DN	-0.2051096940264516			
GO_TRANSCRIPTION_ELONGATION_FACTOR_COMPLEX	-0.20511226461769494			
REACTOME_NCAM_SIGNALING_FOR_NEURITE_OUT_GROWTH	-0.20511729908362553			
GO_REGULATION_OF_TRANSMEMBRANE_RECEPTOR_PROTEIN_SERINE_THREONINE_KINASE_SIGNALING_PATHWAY	-0.2051364278434135			
IPA_RAX_UP	-0.20513679287937064			
GO_RESPONSE_TO_HEPARIN	-0.20514205011236			
GO_TRNA_AMINOACYLATION_FOR_MITOCHONDRIAL_PROTEIN_TRANSLATION	-0.2051618922617013			
WANG_BARRETTS_ESOPHAGUS_AND_ESOPHAGUS_CANCER_UP	-0.20516209298061358			
TTGCACT_MIR130A_MIR301_MIR130B	-0.20516423487717297			
HOQUE_METHYLATED_IN_CANCER	-0.2051664356899656			
LUI_THYROID_CANCER_CLUSTER_2	-0.20516924498373565			
SRY_02	-0.20517102552489497			
GO_REGULATION_OF_EXTRINSIC_APOPTOTIC_SIGNALING_PATHWAY_IN_ABSENCE_OF_LIGAND	-0.20517505376606812			
STAMBOLSKY_BOUND_BY_MUTATED_TP53	-0.2051756230298028			
GO_BASIC_AMINO_ACID_TRANSPORT	-0.2051765720207005			
GO_NEGATIVE_REGULATION_OF_RECEPTOR_CATABOLIC_PROCESS	-0.20518257585360508			
LHX3_01	-0.20520955897668788			
chr2q31	-0.2052107211680551			
GO_REGULATION_OF_NEURON_MIGRATION	-0.2052172562646593			
GSE17721_LPS_VS_CPG_4H_BMDC_DN	-0.20522125280477424			
REACTOME_MAP2K_AND_MAPK_ACTIVATION	-0.2052233812412195			
GSE3039_CD4_TCELL_VS_B2_BCELL_DN	-0.2052295789993712			
GO_NEGATIVE_REGULATION_OF_AMINE_TRANSPORT	-0.20523085923563258			
IPA_PHOX2B_UP	-0.20523222202449423			
REACTOME_ABC_TRANSPORTERS_IN_LIPID_HOMEOSTASIS	-0.20523649185327744			
GO_FEMALE_MATING_BEHAVIOR	-0.2052398041992782			
COLLIS_PRKDC_REGULATORS	-0.205244747559285			
GO_NEGATIVE_REGULATION_OF_RNA_SPLICING	-0.20524562772163182			
TERAMOTO_OPN_TARGETS_CLUSTER_1	-0.20525095591846007			
LEE_METASTASIS_AND_ALTERNATIVE_SPLICING_UP	-0.205251341661368			
IPA_E2F8_UP	-0.20525533831032627			
IPA_CHAF1B_UP	-0.20525533831032627			
IPA_PRDM5_DN	-0.20525533831032627			
IPA_ASF1B_UP	-0.20525533831032627			
GO_HEART_DEVELOPMENT	-0.20525890221959683			
REACTOME_HS_GAG_DEGRADATION	-0.2052601284487782			
GO_IN_UTERO_EMBRYONIC_DEVELOPMENT	-0.20526328825187293			
GSE21670_IL6_VS_TGFB_AND_IL6_TREATED_CD4_TCELL_DN	-0.205272057638002			
IPA_JUP_DN	-0.20530168468719107			
GO_KERATINIZATION	-0.20530800427879825			
GO_BARBED_END_ACTIN_FILAMENT_CAPPING	-0.20531045477897528			
GSE5542_UNTREATED_VS_IFNA_TREATED_EPITHELIAL_CELLS_6H_DN	-0.20531423005955116			
OSADA_ASCL1_TARGETS_UP	-0.2053153871999798			
GO_CELLULAR_RESPONSE_TO_ARSENIC_CONTAINING_SUBSTANCE	-0.2053189476015212			
LEIN_LOCALIZED_TO_PROXIMAL_DENDRITES	-0.20532413508679953			
GSE40274_CTRL_VS_FOXP3_AND_IRF4_TRANSDUCED_ACTIVATED_CD4_TCELL_DN	-0.20533625791427643			
WAGNER_APO2_SENSITIVITY	-0.20534157933857958			
REACTOME_SHC_MEDIATED_CASCADE_FGFR1	-0.2053470601451404			
MIR361_3P	-0.20536055701708558			
GO_REGULATION_OF_RAC_PROTEIN_SIGNAL_TRANSDUCTION	-0.20536327900198945			
MATZUK_LUTEAL_GENES	-0.20537765707581937			
GO_PROSTATE_GLAND_MORPHOGENESIS	-0.2053810384068675			
GO_SEMAPHORIN_RECEPTOR_ACTIVITY	-0.20538501538250806			
GO_MAINTENANCE_OF_GASTROINTESTINAL_EPITHELIUM	-0.20540052553431987			
MIR1279	-0.2054016150643402			
MIKKELSEN_IPS_HCP_WITH_H3_UNMETHYLATED	-0.20540319077148372			
IPA_FGF3_DN	-0.20540535594001239			
GO_NEGATIVE_REGULATION_OF_PROTEIN_BINDING	-0.20540930401678797			
SCHAEFFER_PROSTATE_DEVELOPMENT_AND_CANCER_BOX5_DN	-0.2054115351274343			
GO_POSITIVE_REGULATION_OF_WNT_SIGNALING_PATHWAY_PLANAR_CELL_POLARITY_PATHWAY	-0.20541848503353777			
GSE18804_BRAIN_VS_COLON_TUMORAL_MACROPHAGE_UP	-0.2054189416683313			
GO_POSITIVE_REGULATION_OF_SMOOTH_MUSCLE_CONTRACTION	-0.2054216555947785			
CACCCBINDINGFACTOR_Q6	-0.20542781476485614			
REACTOME_PROTEIN_METHYLATION	-0.2054341758824379			
GO_PROTEIN_LOCALIZATION_TO_CELL_PERIPHERY	-0.20543784679131785			
GO_VITAMIN_K_METABOLIC_PROCESS	-0.20544965001111073			
GSE11961_MEMORY_BCELL_DAY40_VS_GERMINAL_CENTER_BCELL_DAY40_DN	-0.2054497961129434			
REACTOME_GRB7_EVENTS_IN_ERBB2_SIGNALING	-0.20545311969152213			
MIR379_5P	-0.20545978279405444			
GO_CERAMIDE_1_PHOSPHATE_BINDING	-0.2054640730414563			
MIR6749_3P	-0.20546515685539754			
TEF_Q6	-0.20546973843204236			
FOXO1_01	-0.20547846899295308			
GO_INCLUSION_BODY_ASSEMBLY	-0.20548178562057873			
DAVICIONI_PAX_FOXO1_SIGNATURE_IN_ARMS_DN	-0.20548285038990374			
GO_REGULATION_OF_MUSCLE_HYPERTROPHY	-0.20549334768684177			
REACTOME_P38MAPK_EVENTS	-0.2055103693335636			
GO_WATER_HOMEOSTASIS	-0.20552962686251025			
GSE8621_LPS_PRIMED_UNSTIM_VS_LPS_PRIMED_AND_LPS_STIM_MACROPHAGE_UP	-0.20553335438937465			
MYC_Q2	-0.20553391086907766			
GSE16450_IMMATURE_VS_MATURE_NEURON_CELL_LINE_6H_IFNA_STIM_UP	-0.20554959647491305			
GO_CENTRAL_NERVOUS_SYSTEM_NEURON_DEVELOPMENT	-0.2055562517938831			
GSE37336_LY6C_POS_VS_NEG_NAIVE_CD4_TCELL_DN	-0.2055689471458182			
GO_ENDOPLASMIC_RETICULUM_SUBCOMPARTMENT	-0.20558485510374894			
GO_POSITIVE_REGULATION_OF_INSULIN_SECRETION_INVOLVED_IN_CELLULAR_RESPONSE_TO_GLUCOSE_STIMULUS	-0.20558609099400835			
AIYAR_COBRA1_TARGETS_UP	-0.20558710162094054			
IGARASHI_ATF4_TARGETS_UP	-0.2055881811868537			
GO_POSITIVE_REGULATION_OF_PEPTIDE_HORMONE_SECRETION	-0.2055916023703924			
GO_AROMATASE_ACTIVITY	-0.20559361493774214			
MIR1237_3P	-0.20560132383141047			
KEGG_VASOPRESSIN_REGULATED_WATER_REABSORPTION	-0.20561947485896098			
GO_PHOSPHATIDIC_ACID_METABOLIC_PROCESS	-0.20562039245142757			
GO_NEGATIVE_REGULATION_OF_SMOOTH_MUSCLE_CELL_APOPTOTIC_PROCESS	-0.20562567501476248			
GO_INO80_TYPE_COMPLEX	-0.20563067222945797			
GO_POSITIVE_REGULATION_OF_ACTION_POTENTIAL	-0.2056378083735209			
GO_CELLULAR_RESPONSE_TO_STARVATION	-0.20564915076025594			
TSENG_ADIPOGENIC_POTENTIAL_DN	-0.20565198533254994			
GO_SKELETAL_MUSCLE_CELL_DIFFERENTIATION	-0.20565439706370606			
MIR4732_3P	-0.20565766177448674			
GO_CELL_JUNCTION_MAINTENANCE	-0.20566105520925781			
HOLLERN_SOLID_NODULAR_BREAST_TUMOR_UP	-0.2056648584178968			
TCCAGAT_MIR5165P	-0.2056669545782401			
GO_PROTEIN_LOCALIZATION_TO_CELL_CELL_JUNCTION	-0.2056731564202704			
MIR1302	-0.20568931572966145			
OISHI_CHOLANGIOMA_STEM_CELL_LIKE_UP	-0.20569001102987663			
IPA_MECOM_UP	-0.20569031028881427			
HIF1_Q5	-0.2056951102389892			
THILLAINADESAN_ZNF217_TARGETS_DN	-0.20569811013369227			
REACTOME_INSULIN_PROCESSING	-0.20569946563295616			
GO_TRANSCRIPTIONAL_REPRESSOR_COMPLEX	-0.20572142909292546			
GO_POSITIVE_REGULATION_OF_VACUOLE_ORGANIZATION	-0.20572302739986364			
AHRARNT_01	-0.20572435867738925			
ZNF418_TARGET_GENES	-0.20572749679954863			
GO_LUNG_CELL_DIFFERENTIATION	-0.20572807808948038			
ENK_UV_RESPONSE_EPIDERMIS_DN	-0.20572895652187764			
HALLMARK_NOTCH_SIGNALING	-0.20573484040749565			
ISSAEVA_MLL2_TARGETS	-0.2057382456728002			
GO_MODULATION_OF_AGE_RELATED_BEHAVIORAL_DECLINE	-0.20575437505997599			
IPA_RBBP4_DN	-0.2057553421827004			
GSE45365_WT_VS_IFNAR_KO_CD8A_DC_MCMV_INFECTION_DN	-0.2057732792870653			
GO_POSITIVE_REGULATION_OF_UTERINE_SMOOTH_MUSCLE_CONTRACTION	-0.20578280297000465			
GO_REGULATION_OF_CAVEOLIN_MEDIATED_ENDOCYTOSIS	-0.20578433913946942			
MIR612	-0.20578654470554142			
GO_BRANCH_ELONGATION_INVOLVED_IN_URETERIC_BUD_BRANCHING	-0.2057885961160289			
IPA_PPARA_DN	-0.2058014507664436			
GO_TANGENTIAL_MIGRATION_FROM_THE_SUBVENTRICULAR_ZONE_TO_THE_OLFACTORY_BULB	-0.20580410099962435			
CACBINDINGPROTEIN_Q6	-0.20580578505431502			
GO_CREATINE_METABOLIC_PROCESS	-0.20581001641503954			
TTGGAGA_MIR5155P_MIR519E	-0.20581020371812916			
GO_AXIAL_MESODERM_DEVELOPMENT	-0.20581139606920823			
GO_NEGATIVE_REGULATION_OF_STEM_CELL_PROLIFERATION	-0.20581366630432948			
MIR619_3P	-0.20581834859047796			
GO_NEUROMUSCULAR_JUNCTION_DEVELOPMENT	-0.20582470256559662			
MIR4708_3P	-0.205830476264537			
OZEN_MIR125B1_TARGETS	-0.2058321985655068			
GO_OLFACTORY_LOBE_DEVELOPMENT	-0.20583817877439461			
REACTOME_INSERTION_OF_TAIL_ANCHORED_PROTEINS_INTO_THE_ENDOPLASMIC_RETICULUM_MEMBRANE	-0.20584058289729074			
GO_COPPER_ION_HOMEOSTASIS	-0.20584171942080232			
GO_OXOGLUTARATE_DEHYDROGENASE_COMPLEX	-0.2058526469228064			
GO_REGULATION_OF_HEXOKINASE_ACTIVITY	-0.2058551990761473			
GO_BUNDLE_OF_HIS_CELL_TO_PURKINJE_MYOCYTE_COMMUNICATION	-0.20586356759742838			
REACTOME_FRUCTOSE_METABOLISM	-0.20586437533542204			
DR3_Q4	-0.20586479187091003			
GO_ATP_DEPENDENT_PROTEIN_BINDING	-0.20587766503929253			
GSE27670_CTRL_VS_BLIMP1_TRANSDUCED_GC_BCELL_DN	-0.20587798263221183			
GO_RNA_DIRECTED_DNA_POLYMERASE_ACTIVITY	-0.2058830348544498			
GO_TELOMERASE_ACTIVITY	-0.2058830348544498			
GO_ISOCITRATE_METABOLIC_PROCESS	-0.20589694602244507			
GO_LAMININ_1_BINDING	-0.20591600195894585			
MIR6800_3P	-0.20591604080719642			
GO_FOLIC_ACID_TRANSPORT	-0.20592406382709097			
DUTERTRE_ESTRADIOL_RESPONSE_6HR_DN	-0.20592515746594608			
RODRIGUES_NTN1_TARGETS_DN	-0.2059263759299207			
GO_PHOSPHATIDYLINOSITOL_ACYL_CHAIN_REMODELING	-0.20592726133020678			
GO_ALTERNATIVE_MRNA_SPLICING_VIA_SPLICEOSOME	-0.20592996574893582			
MIR142_3P	-0.20593988102767308			
GO_MUSCLE_ATROPHY	-0.20594929123247852			
REACTOME_RUNX2_REGULATES_BONE_DEVELOPMENT	-0.20594972021661698			
QI_PLASMACYTOMA_DN	-0.20595059508589988			
CHAF1A_TARGET_GENES	-0.20595532940708453			
GO_REGULATION_OF_CELLULAR_LOCALIZATION	-0.20595809352701192			
GO_AORTA_DEVELOPMENT	-0.2059583364183347			
GO_CHEMOSENSORY_BEHAVIOR	-0.2059770267290917			
GSE1460_DP_THYMOCYTE_VS_THYMIC_STROMAL_CELL_DN	-0.20598190884542672			
OCT_C	-0.20598894153248654			
GO_TRANS_GOLGI_NETWORK	-0.2059987416479016			
GO_REGULATION_OF_CELLULAR_RESPONSE_TO_OSMOTIC_STRESS	-0.20600843794389448			
MIR4763_5P	-0.20602874511422425			
GO_PHOSPHATIDYLCHOLINE_ACYL_CHAIN_REMODELING	-0.20602998151178603			
GSE14308_INDUCED_VS_NATURAL_TREG_UP	-0.20603104606186093			
GO_GOLGI_VESICLE_BUDDING	-0.20603336044035414			
P53_02	-0.206037996874284			
GO_PROTON_TRANSPORTING_TWO_SECTOR_ATPASE_COMPLEX_ASSEMBLY	-0.20605319422354468			
GO_PROTEIN_BINDING_BRIDGING_INVOLVED_IN_SUBSTRATE_RECOGNITION_FOR_UBIQUITINATION	-0.20605732989903477			
GO_V_D_J_RECOMBINATION	-0.2060575998459007			
GO_PROSTATE_GLANDULAR_ACINUS_DEVELOPMENT	-0.20606216272592667			
MIR4791	-0.2060648055130838			
GO_REGULATION_OF_AUTOPHAGOSOME_ASSEMBLY	-0.20606710028512237			
GO_DEVELOPMENTAL_GROWTH	-0.2060712776176653			
GO_ADENYLATE_CYCLASE_BINDING	-0.20608255346834084			
REACTOME_DEFECTIVE_C1GALT1C1_CAUSES_TN_POLYAGGLUTINATION_SYNDROME_TNPS	-0.2060874901385321			
GO_AXO_DENDRITIC_TRANSPORT	-0.2060944051701095			
GO_ESTABLISHMENT_OF_PLANAR_POLARITY_OF_EMBRYONIC_EPITHELIUM	-0.20610524886723916			
GO_SPHINGOMYELIN_METABOLIC_PROCESS	-0.20610871360129696			
MIR6780B_3P	-0.20611299327369767			
FOXF2_TARGET_GENES	-0.20612612166155284			
MIR593_3P	-0.2061327468704879			
MCGARVEY_SILENCED_BY_METHYLATION_IN_COLON_CANCER	-0.20613300516242872			
GO_TYPE_II_PNEUMOCYTE_DIFFERENTIATION	-0.20614855991583858			
GO_SUMO_LIGASE_ACTIVITY	-0.20615278305475757			
GO_CELLULAR_RESPONSE_TO_L_GLUTAMATE	-0.2061726351820854			
KRAS.LUNG_UP.V1_DN	-0.20617473688419483			
CSR_EARLY_UP.V1_UP	-0.20618546090591822			
BIOCARTA_VIP_PATHWAY	-0.20619222172697596			
BIOCARTA_HBX_PATHWAY	-0.20620291489688827			
REACTOME_SUMOYLATION_OF_DNA_METHYLATION_PROTEINS	-0.20620398577488355			
GO_PRESYNAPTIC_MEMBRANE	-0.20620555452563685			
GO_ECTODERM_DEVELOPMENT	-0.20620575864288412			
GO_EMBRYONIC_PATTERN_SPECIFICATION	-0.20621020854118297			
REACTOME_CATION_COUPLED_CHLORIDE_COTRANSPORTERS	-0.20622027262665724			
REACTOME_DISEASES_OF_SIGNAL_TRANSDUCTION_BY_GROWTH_FACTOR_RECEPTORS_AND_SECOND_MESSENGERS	-0.2062293180681457			
GO_TRYPTOPHAN_METABOLIC_PROCESS	-0.20623687903348878			
RYTAAWNNNTGAY_UNKNOWN	-0.20623999265443305			
GSE5679_PPARG_LIGAND_ROSIGLITAZONE_VS_RARA_AGONIST_AM580_TREATED_DC_UP	-0.20624141487940933			
GSE32986_GMCSF_VS_GMCSF_AND_CURDLAN_HIGHDOSE_STIM_DC_UP	-0.2062454181039276			
GO_REGULATION_OF_NEURON_DIFFERENTIATION	-0.2062461182059981			
GO_NEGATIVE_REGULATION_OF_SMOOTHENED_SIGNALING_PATHWAY_INVOLVED_IN_DORSAL_VENTRAL_NEURAL_TUBE_PATTERNING	-0.2062472228168715			
REACTOME_CHROMATIN_MODIFYING_ENZYMES	-0.20625071879240792			
GO_XENOBIOTIC_DETOXIFICATION_BY_TRANSMEMBRANE_EXPORT_ACROSS_THE_PLASMA_MEMBRANE	-0.20625793029046935			
GO_POSITIVE_REGULATION_OF_VESICLE_FUSION	-0.20626139494170467			
SRY_01	-0.20626326928462185			
MIR3187_3P	-0.2062637770782505			
GSE360_HIGH_VS_LOW_DOSE_B_MALAYI_MAC_DN	-0.20626625602198168			
GO_REGULATION_OF_NEURONAL_ACTION_POTENTIAL	-0.2062733244223485			
GO_ANTERIOR_COMMISSURE_MORPHOGENESIS	-0.20627781405793943			
ZNF513_TARGET_GENES	-0.20628140176378523			
GO_EPIDERMAL_GROWTH_FACTOR_RECEPTOR_SIGNALING_PATHWAY	-0.20628162650413093			
GO_POSITIVE_REGULATION_OF_CARDIAC_MUSCLE_ADAPTATION	-0.2062846442735971			
IPA_ESRRB_UP	-0.2062891332997439			
GO_GLUCOSIDASE_ACTIVITY	-0.20629210156253078			
EGR_Q6	-0.20630127006195328			
HEIDENBLAD_AMPLIFIED_IN_SOFT_TISSUE_CANCER	-0.2063129862114623			
AUTS2_TARGET_GENES	-0.20632298855422232			
PID_MTOR_4PATHWAY	-0.20632333681016252			
SU_PLACENTA	-0.20634433835127156			
REACTOME_RHO_GTPASE_CYCLE	-0.20634446804753723			
BIOCARTA_FBW7_PATHWAY	-0.20634760623738133			
GO_RESPONSE_TO_SORBITOL	-0.2063500440608203			
GO_TRANSFORMING_GROWTH_FACTOR_BETA2_PRODUCTION	-0.20635376532779287			
REACTOME_RAP1_SIGNALLING	-0.20636607690763048			
GSE1925_3H_VS_24H_IFNG_STIM_IFNG_PRIMED_MACROPHAGE_DN	-0.2063675764443097			
GO_SKELETAL_MUSCLE_THIN_FILAMENT_ASSEMBLY	-0.20636923942647614			
GO_DNA_METHYLATION_OR_DEMETHYLATION	-0.20637774311107981			
REACTOME_METABOLISM_OF_ANGIOTENSINOGEN_TO_ANGIOTENSINS	-0.20639783054361635			
GO_DNA_BINDING_TRANSCRIPTION_REPRESSOR_ACTIVITY	-0.2063991520529894			
GO_GOLGI_STACK	-0.20639983150634764			
IPA_TBX3_UP	-0.2064001743252392			
CREIGHTON_ENDOCRINE_THERAPY_RESISTANCE_3	-0.20640354169229302			
LI_DCP2_BOUND_MRNA	-0.20640773459533845			
GO_HOST_CELL_NUCLEAR_PART	-0.20640788199533883			
REACTOME_NGF_STIMULATED_TRANSCRIPTION	-0.20641347191920495			
GO_CUL5_RING_UBIQUITIN_LIGASE_COMPLEX	-0.20641422204720442			
REACTOME_PHOSPHORYLATION_SITE_MUTANTS_OF_CTNNB1_ARE_NOT_TARGETED_TO_THE_PROTEASOME_BY_THE_DESTRUCTION_COMPLEX	-0.20641720734885272			
GO_EPITHELIAL_CELL_PROLIFERATION	-0.20642315460109836			
ZNF157_TARGET_GENES	-0.20643542539386422			
MIR124_5P	-0.20644218961090513			
REACTOME_FATTY_ACIDS_BOUND_TO_GPR40_FFAR1_REGULATE_INSULIN_SECRETION	-0.2064444667879878			
BIOCARTA_RAB_PATHWAY	-0.20645015030962016			
CERIBELLI_GENES_INACTIVE_AND_BOUND_BY_NFY	-0.20645036581920367			
CREB_Q4	-0.2064661117152603			
GO_REGULATION_OF_INTESTINAL_ABSORPTION	-0.2064769337234143			
GSE6269_E_COLI_VS_STREP_PNEUMO_INF_PBMC_DN	-0.20648241402395723			
GO_REGULATION_OF_RIBONUCLEASE_ACTIVITY	-0.2064845015356404			
SCHMIDT_POR_TARGETS_IN_LIMB_BUD_UP	-0.20648452040316123			
GO_RESPONSE_TO_ANESTHETIC	-0.20648941260899045			
GO_REGULATION_OF_ORGANIC_ACID_TRANSPORT	-0.2064973995647906			
GO_INSULIN_LIKE_GROWTH_FACTOR_RECEPTOR_SIGNALING_PATHWAY	-0.20649963331829854			
GO_ANION_TRANSPORT	-0.20650065628985712			
MIR3666	-0.20650818151541545			
GO_NEURAL_FOLD_FORMATION	-0.20650820135178793			
GSE19198_CTRL_VS_IL21_TREATED_TCELL_6H_DN	-0.20651039265752213			
GO_EUKARYOTIC_INITIATION_FACTOR_4E_BINDING	-0.2065104406652021			
GO_PHOSPHATIDIC_ACID_TRANSFER_ACTIVITY	-0.20651410586112984			
MIR4649_5P	-0.20651873719285427			
REACTOME_MET_ACTIVATES_RAS_SIGNALING	-0.20651920188993558			
GO_CONVERGENT_EXTENSION_INVOLVED_IN_GASTRULATION	-0.2065329056210898			
IPA_RFX3_DN	-0.20653465312189392			
IPA_TBX22_UP	-0.20653465312189392			
GO_PROTEIN_CARBOXYL_O_METHYLTRANSFERASE_ACTIVITY	-0.20654636225525444			
IPA_IRF9_UP	-0.2065519200308841			
MIR1305	-0.20655965263104822			
REACTOME_ENERGY_DEPENDENT_REGULATION_OF_MTOR_BY_LKB1_AMPK	-0.20656008579434199			
GO_APICAL_PLASMA_MEMBRANE	-0.2065604148733953			
AGTTCTC_MIR146A_MIR146B	-0.20657168592858322			
GO_PROTEIN_INSERTION_INTO_ER_MEMBRANE	-0.20657952939602883			
GO_SOMITE_ROSTRAL_CAUDAL_AXIS_SPECIFICATION	-0.20658126590532866			
GO_REGULATION_OF_CELL_PROJECTION_ORGANIZATION	-0.20658451743190445			
GO_REGULATION_OF_INTERLEUKIN_12_SECRETION	-0.20659013448048236			
YAO_HOXA10_TARGETS_VIA_PROGESTERONE_DN	-0.20659061392740727			
REACTOME_DEFECTIVE_GALNT3_CAUSES_FAMILIAL_HYPERPHOSPHATEMIC_TUMORAL_CALCINOSIS_HFTC	-0.20659528220351064			
MIR8085	-0.20660151025555737			
GO_N_TERMINAL_PROTEIN_ACETYLTRANSFERASE_COMPLEX	-0.20660246166803212			
DIERICK_SEROTONIN_FUNCTION_GENES	-0.20661312345325758			
GSE26559_TCF1_KO_VS_WT_LIN_NEG_CELL_DN	-0.20662164339193384			
GO_FMN_BINDING	-0.20662226581335527			
GO_REGULATION_OF_MICROTUBULE_DEPOLYMERIZATION	-0.2066234199990324			
BAUS_TFF2_TARGETS_DN	-0.2066261793187131			
MIR20B_3P	-0.20662658615725016			
IPA_DNMT1_DN	-0.20662685907135392			
REACTOME_RUNX3_REGULATES_P14_ARF	-0.20663676174703707			
GO_REGULATION_OF_SMOOTHENED_SIGNALING_PATHWAY	-0.2066399952702031			
WANG_CLIM2_TARGETS_UP	-0.20664432292754326			
GO_GALACTOLIPID_BIOSYNTHETIC_PROCESS	-0.20664965379422978			
GO_POSITIVE_REGULATION_OF_LIPOPROTEIN_PARTICLE_CLEARANCE	-0.20665603880949976			
NR4A2_TARGET_GENES	-0.20666504129782576			
GO_ASTROCYTE_PROJECTION	-0.20666680418333244			
GO_GOLGI_APPARATUS	-0.2066788036375974			
NAKAYAMA_SOFT_TISSUE_TUMORS_PCA2_DN	-0.2066795458021774			
HOLLERN_SQUAMOUS_BREAST_TUMOR	-0.206688268753969			
GO_MICROVILLUS	-0.20670107077159963			
GO_MEMBRANOUS_SEPTUM_MORPHOGENESIS	-0.2067074610530122			
GO_PHOSPHOLIPASE_ACTIVITY	-0.2067098269972233			
GSE7509_FCGRIIB_VS_TNFA_IL1B_IL6_PGE_STIM_DC_UP	-0.20672605294500054			
BOYAULT_LIVER_CANCER_SUBCLASS_G6_DN	-0.20672690390165713			
GO_REGULATION_OF_MYOBLAST_DIFFERENTIATION	-0.20673217305720276			
IPA_TFAM_DN	-0.2067383279365781			
GSE34156_UNTREATED_VS_24H_TLR1_TLR2_LIGAND_TREATED_MONOCYTE_UP	-0.20674425379727857			
GO_ADENYLATE_CYCLASE_INHIBITING_DOPAMINE_RECEPTOR_SIGNALING_PATHWAY	-0.20674580234965773			
GO_POSITIVE_REGULATION_OF_MEMBRANE_POTENTIAL	-0.20675255534884673			
GO_VOLTAGE_GATED_POTASSIUM_CHANNEL_ACTIVITY	-0.20675380811567215			
GO_UNSATURATED_FATTY_ACID_METABOLIC_PROCESS	-0.2067560939163998			
GO_REGULATION_OF_SYNAPTIC_GROWTH_AT_NEUROMUSCULAR_JUNCTION	-0.20676932137963006			
MIR21_5P	-0.2067745355213197			
OLF1_01	-0.20677748757681635			
REACTOME_UPTAKE_AND_FUNCTION_OF_DIPHTHERIA_TOXIN	-0.20678004410894132			
GO_POSITIVE_REGULATION_OF_WOUND_HEALING	-0.20679426996185235			
MIR4656	-0.20679804179124656			
MIR450B_3P	-0.2068063010303481			
MIR3911	-0.20680853388534176			
REACTOME_ACTIVATION_OF_THE_TFAP2_AP_2_FAMILY_OF_TRANSCRIPTION_FACTORS	-0.20681029735648118			
BOYERINAS_ONCOFETAL_TARGETS_OF_LET7A1	-0.2068131601009419			
GSE12484_HEALTHY_VS_PERIDONTITIS_NEUTROPHILS_UP	-0.20685057817289845			
GSE3982_EFF_MEMORY_CD4_TCELL_VS_TH2_UP	-0.20685621842769564			
MIR4295	-0.20685900511701638			
GSE17974_IL4_AND_ANTI_IL12_VS_UNTREATED_24H_ACT_CD4_TCELL_UP	-0.20686005100218866			
SMAD4_Q6	-0.206861110718902			
HOEGERKORP_CD44_TARGETS_TEMPORAL_DN	-0.2068652050235063			
GSE11057_NAIVE_VS_CENT_MEMORY_CD4_TCELL_UP	-0.2068653799376839			
GSE37301_MULTIPOTENT_PROGENITOR_VS_RAG2_KO_NK_CELL_DN	-0.2068656608696229			
GO_REGULATION_OF_CELL_FATE_SPECIFICATION	-0.2068728665285723			
CCTGTGA_MIR513	-0.2068812884648975			
GO_ARTERY_DEVELOPMENT	-0.20688734791412408			
GO_NEGATIVE_REGULATION_OF_MORPHOGENESIS_OF_AN_EPITHELIUM	-0.20690214035087143			
AACYNNNNTTCCS_UNKNOWN	-0.20690600940040385			
REACTOME_NEGATIVE_REGULATION_OF_TCF_DEPENDENT_SIGNALING_BY_WNT_LIGAND_ANTAGONISTS	-0.20692113292902162			
GO_MACROMOLECULE_METHYLATION	-0.20693412908723985			
IPA_XBP1_UP	-0.2069461959680353			
GSE21670_STAT3_KO_VS_WT_CD4_TCELL_TGFB_TREATED_UP	-0.20695074088959875			
LMTK3_TARGET_GENES	-0.20695304207381218			
IPA_CHD5_DN	-0.20696004610408092			
GO_SMALL_GTPASE_BINDING	-0.20696055356556478			
GO_REGULATION_OF_HISTONE_H4_K16_ACETYLATION	-0.20696268793283545			
WANG_CLASSIC_ADIPOGENIC_TARGETS_OF_PPARG	-0.20697194606301086			
NIKOLSKY_BREAST_CANCER_6P24_P22_AMPLICON	-0.2069730801563018			
GO_MITOCHONDRIAL_FRAGMENTATION_INVOLVED_IN_APOPTOTIC_PROCESS	-0.20699442541299445			
GO_LYTIC_VACUOLE_ORGANIZATION	-0.2069966819127977			
GO_MYOSIN_II_BINDING	-0.20700581426077794			
IPA_IGFBP1_DN	-0.20701681989166404			
USF_Q6	-0.20702084640037216			
GO_FORELIMB_MORPHOGENESIS	-0.20702546529312976			
GSE9601_UNTREATED_VS_NFKB_INHIBITOR_TREATED_HCMV_INF_MONOCYTE_UP	-0.20702617522071906			
GO_CELLULAR_RESPONSE_TO_PROSTAGLANDIN_E_STIMULUS	-0.20702760193615577			
BIOCARTA_TSP1_PATHWAY	-0.20702783267761696			
GO_POSITIVE_REGULATION_OF_AMYLOID_BETA_FORMATION	-0.2070325153198061			
CTGCAGY_UNKNOWN	-0.20703411681661013			
GO_REPRESSING_TRANSCRIPTION_FACTOR_BINDING	-0.20703751249481123			
GO_NEGATIVE_REGULATION_OF_ACTIN_NUCLEATION	-0.2070476110765202			
REACTOME_SIGNALING_BY_ERBB2	-0.2070492663035213			
GSE7460_CTRL_VS_TGFB_TREATED_ACT_FOXP3_HET_TCONV_DN	-0.20706077360695327			
REACTOME_FORMYL_PEPTIDE_RECEPTORS_BIND_FORMYL_PEPTIDES_AND_MANY_OTHER_LIGANDS	-0.20706471667980555			
MIR4763_3P	-0.20706921834394226			
EFC_Q6	-0.2070734094495147			
GO_PROTEIN_SELF_ASSOCIATION	-0.20707465159893437			
GO_REGULATION_OF_DENDRITIC_SPINE_MORPHOGENESIS	-0.20708296206830154			
MIR342_5P	-0.20708902788979233			
GO_PYRIMIDINE_RIBONUCLEOTIDE_METABOLIC_PROCESS	-0.20709670360164856			
MIR7112_5P	-0.20710232300576312			
DAVICIONI_PAX_FOXO1_SIGNATURE_IN_ARMS_UP	-0.20710729840022746			
GO_RNA_POLYMERASE_III_REGULATORY_REGION_DNA_BINDING	-0.20711318675186313			
GSE37534_UNTREATED_VS_ROSIGLITAZONE_TREATED_CD4_TCELL_PPARG1_AND_FOXP3_TRASDUCED_UP	-0.20711717047250713			
IPA_SOX2_UP	-0.2071178509290343			
GO_PEPTIDE_HORMONE_SECRETION	-0.20711991563231896			
STAT5A_02	-0.20712356186946376			
PRC1_BMI_UP.V1_DN	-0.20712679863914008			
GSE45739_UNSTIM_VS_ACD3_ACD28_STIM_WT_CD4_TCELL_UP	-0.2071278050171314			
GO_POSTSYNAPTIC_ACTIN_CYTOSKELETON	-0.2071390758945545			
REACTOME_REGULATION_OF_SIGNALING_BY_NODAL	-0.20714157356286908			
GO_REGULATION_OF_PLATELET_DERIVED_GROWTH_FACTOR_RECEPTOR_SIGNALING_PATHWAY	-0.20715345357292397			
GO_POSITIVE_REGULATION_OF_HEPATOCYTE_PROLIFERATION	-0.20716325718109502			
MIR4519	-0.20716805670410715			
MIR1289	-0.20717108790480626			
GO_PHOSPHATIDYLINOSITOL_TRANSFER_ACTIVITY	-0.2071819151867691			
MIR1178_3P	-0.20718600842998455			
GO_XENOBIOTIC_CATABOLIC_PROCESS	-0.2071884806942943			
ZNF610_TARGET_GENES	-0.2071903715492859			
MEIS1_01	-0.20719701871072266			
REACTOME_DOWNSTREAM_SIGNALING_OF_ACTIVATED_FGFR2	-0.2072056238644509			
DELPUECH_FOXO3_TARGETS_UP	-0.2072072794911393			
GO_2_OXOGLUTARATE_DEPENDENT_DIOXYGENASE_ACTIVITY	-0.20720824877296304			
GO_CELLULAR_PROTEIN_CATABOLIC_PROCESS	-0.20721410237412746			
GO_GABA_ERGIC_SYNAPSE	-0.2072164194459449			
YAMAZAKI_TCEB3_TARGETS_UP	-0.20721878623769313			
GSE10463_CD40L_AND_VA347_VS_CD40L_IN_DC_DN	-0.20721879873143054			
GO_PROTEIN_LOCALIZATION_TO_AXON	-0.20722405124274115			
ACOSTA_PROLIFERATION_INDEPENDENT_MYC_TARGETS_UP	-0.20722482102587364			
GO_UDP_GALACTOSE_BETA_N_ACETYLGLUCOSAMINE_BETA_1_3_GALACTOSYLTRANSFERASE_ACTIVITY	-0.20722522853428468			
REACTOME_RESPONSE_OF_MTB_TO_PHAGOCYTOSIS	-0.20722751162224573			
AP1_Q6	-0.20723173365379047			
STAT_Q6	-0.207234492394412			
GO_SYNAPTIC_SIGNALING	-0.20724021999408804			
GO_PROTEIN_HOMOTRIMERIZATION	-0.2072409756154962			
MIR6834_3P	-0.20724113087406806			
MIR4460	-0.20724274051668043			
GO_TETRAHYDROBIOPTERIN_METABOLIC_PROCESS	-0.2072524253964696			
SF1_Q6	-0.2072585760602028			
OCT_Q6	-0.20726674127378641			
MIR6746_5P	-0.20727663333787294			
SABATES_COLORECTAL_ADENOMA_SIZE_UP	-0.20728203292938363			
GO_HAPTOGLOBIN_BINDING	-0.20728863676115333			
GO_CYTOSKELETON_OF_PRESYNAPTIC_ACTIVE_ZONE	-0.20729518343595843			
GO_NEGATIVE_REGULATION_OF_CHROMATIN_ORGANIZATION	-0.20730050757021032			
REACTOME_SIGNALING_BY_MET	-0.20730062234560215			
NUYTTEN_NIPP1_TARGETS_DN	-0.20732056720901199			
VECCHI_GASTRIC_CANCER_EARLY_UP	-0.20732212380698728			
MIR3201	-0.2073223548563852			
REACTOME_ASYMMETRIC_LOCALIZATION_OF_PCP_PROTEINS	-0.20732474774335213			
MIR541_3P	-0.20732542850185307			
GO_OLFACTORY_BULB_INTERNEURON_DEVELOPMENT	-0.20732775656028657			
MIR217_3P	-0.20732831825263706			
MIR4659A_5P	-0.20734442750188917			
GO_TRANSCRIPTIONALLY_ACTIVE_CHROMATIN	-0.2073623288658081			
GO_CEREBRAL_CORTEX_GABAERGIC_INTERNEURON_DIFFERENTIATION	-0.20736436310862716			
GO_MICROTUBULE_DEPOLYMERIZATION	-0.2073806124580856			
GO_NEGATIVE_REGULATION_OF_ERBB_SIGNALING_PATHWAY	-0.20738853374115435			
ZNF224_TARGET_GENES	-0.20739247610741104			
GO_COCHLEA_MORPHOGENESIS	-0.20739327411490385			
GO_POSITIVE_REGULATION_OF_AXONOGENESIS	-0.2073961259963238			
ROYLANCE_BREAST_CANCER_16Q_COPY_NUMBER_DN	-0.2074170197335211			
CREB_Q3	-0.2074211536086966			
GO_REGULATION_OF_CELLULAR_RESPONSE_TO_GROWTH_FACTOR_STIMULUS	-0.20742147184477475			
IPA_TCF12_UP	-0.2074228670186226			
ZNF493_TARGET_GENES	-0.20742804278932783			
GO_PULMONARY_ARTERY_MORPHOGENESIS	-0.2074323062840303			
GSE21033_3H_VS_24H_POLYIC_STIM_DC_DN	-0.20744809084478982			
GSE12198_CTRL_VS_HIGH_IL2_STIM_NK_CELL_UP	-0.2074499356890152			
IPA_WT1_UP	-0.20745194062115047			
IPA_ELF3_UP	-0.20746921143940167			
GO_NEGATIVE_REGULATION_OF_HISTONE_ACETYLATION	-0.20746922690270792			
GO_STRUCTURAL_CONSTITUENT_OF_SYNAPSE	-0.20747508155298897			
GO_NEGATIVE_REGULATION_OF_PROTEIN_SUMOYLATION	-0.20748226465724073			
LMNB2_TARGET_GENES	-0.2074831329915373			
MIR6511A_5P	-0.20748727819717638			
GO_VESICLE_ORGANIZATION	-0.20749040071815159			
GO_KINESIN_COMPLEX	-0.20750118081720817			
IPA_HOXB3_UP	-0.20750544763260345			
GO_REGULATION_OF_GROWTH	-0.2075095761751762			
IPA_SOX5_UP	-0.20751196782902515			
REACTOME_FRS_MEDIATED_FGFR3_SIGNALING	-0.20752475301276782			
LU_TUMOR_VASCULATURE_DN	-0.20752650308904808			
GO_PROTEIN_LOCALIZATION_TO_MICROTUBULE_END	-0.2075267614596913			
GO_XENOBIOTIC_TRANSMEMBRANE_TRANSPORTER_ACTIVITY	-0.20752962035255204			
GO_POSITIVE_REGULATION_OF_DOPAMINE_SECRETION	-0.2075317474715051			
GO_FOREBRAIN_DORSAL_VENTRAL_PATTERN_FORMATION	-0.207532016266324			
RODRIGUES_THYROID_CARCINOMA_UP	-0.20753839486861053			
GSE34156_TLR1_TLR2_LIGAND_VS_NOD2_AND_TLR1_TLR2_LIGAND_6H_TREATED_MONOCYTE_UP	-0.20754174364581057			
GO_INSULIN_SECRETION	-0.20756225608158363			
GO_L_ASPARTATE_TRANSMEMBRANE_TRANSPORT	-0.20756799096010103			
GO_TRANSPORT_VESICLE	-0.20756869951697604			
GO_ESTABLISHMENT_OF_PROTEIN_LOCALIZATION_TO_CHROMATIN	-0.20757040513631542			
WALLACE_PROSTATE_CANCER_RACE_DN	-0.20757454455918967			
GO_RNA_POLYMERASE_III_GENERAL_TRANSCRIPTION_INITIATION_FACTOR_ACTIVITY	-0.207586133506123			
GO_REGULATION_OF_MICROTUBULE_NUCLEATION	-0.20759506550099813			
GO_AMINO_SUGAR_METABOLIC_PROCESS	-0.2075978116412955			
FIGUEROA_AML_METHYLATION_CLUSTER_7_DN	-0.20759807111262304			
MIR4305	-0.20759935168041557			
GSE19888_ADENOSINE_A3R_INH_VS_ACT_WITH_INHIBITOR_PRETREATMENT_IN_MAST_CELL_DN	-0.20760158711495838			
GSE36826_NORMAL_VS_STAPH_AUREUS_INF_IL1R_KO_SKIN_UP	-0.2076123599945529			
GSE46606_IRF4MID_VS_WT_CD40L_IL2_IL5_DAY1_STIMULATED_BCELL_UP	-0.20763133692240263			
GO_POSITIVE_REGULATION_OF_CELL_MATURATION	-0.2076349784764066			
GO_CELL_PROJECTION_ORGANIZATION	-0.2076382259801537			
KLF7_TARGET_GENES	-0.20764636671198203			
BIOCARTA_EEA1_PATHWAY	-0.20765995347943653			
GO_PARASYMPATHETIC_NERVOUS_SYSTEM_DEVELOPMENT	-0.20766504601634525			
GSE40493_BCL6_KO_VS_WT_TREG_UP	-0.2076653689719506			
ZNF248_TARGET_GENES	-0.20767601465042415			
GO_CORTICAL_ACTIN_CYTOSKELETON	-0.20768358825710012			
REACTOME_SIGNALING_BY_RECEPTOR_TYROSINE_KINASES	-0.2076871879643672			
GO_POSITIVE_REGULATION_OF_VASCULAR_ASSOCIATED_SMOOTH_MUSCLE_CELL_APOPTOTIC_PROCESS	-0.20770084367424171			
GO_ALPHA_TUBULIN_BINDING	-0.20771031897083522			
REACTOME_ION_TRANSPORT_BY_P_TYPE_ATPASES	-0.20772175506442267			
GO_PROXIMAL_DISTAL_PATTERN_FORMATION_INVOLVED_IN_NEPHRON_DEVELOPMENT	-0.20772406381733685			
STARK_BRAIN_22Q11_DELETION	-0.2077335769825489			
GO_INTRINSIC_COMPONENT_OF_POSTSYNAPTIC_SPECIALIZATION_MEMBRANE	-0.20774575554417857			
IPA_HOXD9_UP	-0.20774669362297932			
ZSCAN18_TARGET_GENES	-0.2077560711033065			
HALLMARK_HEME_METABOLISM	-0.20776391120489282			
GO_EMBRYONIC_FORELIMB_MORPHOGENESIS	-0.20776464121838734			
NIKOLSKY_BREAST_CANCER_1Q21_AMPLICON	-0.2077697078274315			
GO_I_SMAD_BINDING	-0.2077738923980532			
GO_REGULATION_OF_GLIOGENESIS	-0.20778618693772655			
MIR548P	-0.20779663462031442			
GSE34006_WT_VS_A2AR_KO_TREG_UP	-0.20779790663834283			
GO_POSITIVE_REGULATION_OF_HYDROGEN_PEROXIDE_INDUCED_CELL_DEATH	-0.207799242626683			
GO_POSITIVE_REGULATION_OF_CALCIUM_ION_TRANSMEMBRANE_TRANSPORT	-0.2078090927821861			
BOYAULT_LIVER_CANCER_SUBCLASS_G12_DN	-0.20781683851769778			
GO_NEGATIVE_REGULATION_OF_BLOOD_PRESSURE	-0.20781855029326657			
MIR4690_3P	-0.20782711145182084			
GO_REGULATION_OF_EPITHELIAL_CELL_DIFFERENTIATION	-0.20783357553226353			
GO_POSITIVE_REGULATION_OF_INTERLEUKIN_13_SECRETION	-0.2078427070376421			
GO_BETA_N_ACETYLGLUCOSAMINYLGLYCOPEPTIDE_BETA_1_4_GALACTOSYLTRANSFERASE_ACTIVITY	-0.20785291029538852			
MIR320A_3P_MIR320B_MIR320C_MIR320D	-0.2078547574967277			
BROWNE_HCMV_INFECTION_12HR_UP	-0.20785877910025544			
GO_ARP2_3_COMPLEX_BINDING	-0.2078892647945316			
MIR34A_3P	-0.2078925787578266			
GO_POSITIVE_REGULATION_OF_PRODUCTION_OF_MIRNAS_INVOLVED_IN_GENE_SILENCING_BY_MIRNA	-0.20791048169473644			
GO_REGULATION_OF_HEART_RATE_BY_CHEMICAL_SIGNAL	-0.20791094667496393			
REACTOME_PROSTANOID_LIGAND_RECEPTORS	-0.20791817453531636			
GO_POSITIVE_REGULATION_OF_FATTY_ACID_BETA_OXIDATION	-0.20792010543282857			
GO_HISTONE_H3_K9_DEMETHYLATION	-0.20792820889309452			
GO_POSITIVE_REGULATION_OF_HISTONE_H3_K9_ACETYLATION	-0.20793086178693593			
GO_DOLICHYL_DIPHOSPHATE_BIOSYNTHETIC_PROCESS	-0.20793250541889777			
GO_ENDOSOME_ORGANIZATION	-0.20794070271876625			
BOYLAN_MULTIPLE_MYELOMA_PCA3_UP	-0.2079552164908986			
PID_LKB1_PATHWAY	-0.20796423967009856			
GO_NUCLEOTIDE_TRANSMEMBRANE_TRANSPORT	-0.20796445338108346			
REACTOME_DOWNREGULATION_OF_ERBB4_SIGNALING	-0.20797458279235578			
REACTOME_SYNTHESIS_OF_EPOXY_EET_AND_DIHYDROXYEICOSATRIENOIC_ACIDS_DHET	-0.20798529814249325			
CEBP_Q2_01	-0.2079953343527318			
RASHI_RESPONSE_TO_IONIZING_RADIATION_3	-0.2080047750840076			
GO_REGULATION_OF_SPINDLE_ORGANIZATION	-0.20801801066313225			
GO_NEGATIVE_REGULATION_OF_CELL_PROLIFERATION_INVOLVED_IN_KIDNEY_DEVELOPMENT	-0.2080246385700803			
GO_CHROMATIN	-0.2080367152362444			
YAO_TEMPORAL_RESPONSE_TO_PROGESTERONE_CLUSTER_7	-0.2080395726241702			
REACTOME_ACTIVATION_OF_PUMA_AND_TRANSLOCATION_TO_MITOCHONDRIA	-0.2080406766439697			
GO_FOREBRAIN_CELL_MIGRATION	-0.20804354519126678			
GSE37533_UNTREATED_VS_PIOGLIZATONE_TREATED_CD4_TCELL_PPARG2_AND_FOXP3_TRASDUCED_DN	-0.2080553841418873			
GO_POSITIVE_REGULATION_OF_HAIR_CYCLE	-0.20805957845720865			
WNT_UP.V1_UP	-0.2080604836801164			
GO_PROSTAGLANDIN_TRANSPORT	-0.20806914293147863			
MIR1237_5P_MIR4488	-0.20807256679021932			
GO_POSITIVE_REGULATION_OF_LIPID_CATABOLIC_PROCESS	-0.20808508078308208			
GO_SERINE_FAMILY_AMINO_ACID_CATABOLIC_PROCESS	-0.2080854268248514			
AMIT_EGF_RESPONSE_120_HELA	-0.20809057976096004			
GO_NEGATIVE_REGULATION_OF_PROTEASOMAL_UBIQUITIN_DEPENDENT_PROTEIN_CATABOLIC_PROCESS	-0.20809307076846126			
LEE_NEURAL_CREST_STEM_CELL_DN	-0.20809645112580472			
IPA_SULT2A1_UP	-0.20809889481445423			
GO_LYMPH_VESSEL_MORPHOGENESIS	-0.2081005830211281			
GO_REGULATION_OF_HORMONE_SECRETION	-0.20811498731542102			
GSE360_L_DONOVANI_VS_M_TUBERCULOSIS_DC_UP	-0.20811618842420826			
GO_MESENCHYMAL_CELL_DIFFERENTIATION_INVOLVED_IN_KIDNEY_DEVELOPMENT	-0.20811887399469142			
GO_CO_RECEPTOR_BINDING	-0.20811951451223148			
GO_CELL_LEADING_EDGE	-0.20812761502703464			
GO_IRON_ION_BINDING	-0.20812833187201193			
GO_POSITIVE_REGULATION_OF_RNA_POLYMERASE_II_TRANSCRIPTIONAL_PREINITIATION_COMPLEX_ASSEMBLY	-0.20812895436323828			
REACTOME_E3_UBIQUITIN_LIGASES_UBIQUITINATE_TARGET_PROTEINS	-0.2081308231784853			
GO_PEPTIDYL_SERINE_DEPHOSPHORYLATION	-0.2081388874471036			
GO_ADENOSINE_TO_INOSINE_EDITING	-0.2081439938395001			
GO_REGULATION_OF_MESENCHYMAL_CELL_PROLIFERATION	-0.20814697213970937			
GSE22935_UNSTIM_VS_24H_MBOVIS_BCG_STIM_MACROPHAGE_UP	-0.20816936277665454			
GO_NEGATIVE_REGULATION_OF_DIGESTIVE_SYSTEM_PROCESS	-0.20817329877125135			
GO_ADENYL_NUCLEOTIDE_EXCHANGE_FACTOR_ACTIVITY	-0.208173487951084			
GO_NONHOMOLOGOUS_END_JOINING_COMPLEX	-0.20817879103351822			
ACCAATC_MIR509	-0.20817967087540032			
GSE45365_CTRL_VS_MCMV_INFECTION_NK_CELL_UP	-0.2081850020778138			
MIR412_3P	-0.20821676397733846			
PIONTEK_PKD1_TARGETS_UP	-0.20821969915090224			
TOYOTA_TARGETS_OF_MIR34B_AND_MIR34C	-0.20822852365855835			
GO_POSITIVE_REGULATION_OF_GLIOGENESIS	-0.20822943417965667			
REACTOME_TGF_BETA_RECEPTOR_SIGNALING_ACTIVATES_SMADS	-0.20823941482447855			
GO_CIS_REGULATORY_REGION_BINDING	-0.2082523083658186			
MIR345_5P	-0.20825292600991663			
REACTOME_NRAGE_SIGNALS_DEATH_THROUGH_JNK	-0.20826073522246116			
HNF3B_01	-0.20826145284519695			
GO_POSITIVE_REGULATION_OF_TRANSCRIPTION_BY_RNA_POLYMERASE_III	-0.20826476981285666			
GO_MAMMARY_GLAND_EPITHELIAL_CELL_PROLIFERATION	-0.20826482196107876			
GO_POSITIVE_REGULATION_OF_DEFENSE_RESPONSE_TO_BACTERIUM	-0.20827467801611574			
GO_NEUTROPHIL_MEDIATED_KILLING_OF_GRAM_NEGATIVE_BACTERIUM	-0.2082765223058787			
GO_NUCLEAR_PORE_COMPLEX_ASSEMBLY	-0.20828004569019584			
GSE18791_UNSTIM_VS_NEWCATSLE_VIRUS_DC_2H_UP	-0.20828064259698206			
LOPES_METHYLATED_IN_COLON_CANCER_DN	-0.2082808822920046			
GO_KERATINOCYTE_DIFFERENTIATION	-0.20828246283375426			
MIR4327	-0.20828370180663774			
SMID_BREAST_CANCER_LUMINAL_A_UP	-0.20829015441723378			
GSE40493_BCL6_KO_VS_WT_TREG_DN	-0.20829228423086252			
PID_HDAC_CLASSIII_PATHWAY	-0.20830419045812593			
BENPORATH_ES_CORE_NINE_CORRELATED	-0.2083188912913935			
GO_ACETYLGLUCOSAMINYLTRANSFERASE_ACTIVITY	-0.2083228830676156			
GSE20198_UNTREATED_VS_IL12_IL18_TREATED_ACT_CD4_TCELL_UP	-0.20832485693594108			
MIR4650_5P	-0.20832735488753557			
GSE25677_MPL_VS_MPL_AND_R848_STIM_BCELL_DN	-0.20833039387526842			
GO_AUDITORY_RECEPTOR_CELL_MORPHOGENESIS	-0.2083418266891333			
REACTOME_SULFUR_AMINO_ACID_METABOLISM	-0.20834538592592353			
MIR6848_3P	-0.20834958475894397			
REACTOME_SYNAPTIC_ADHESION_LIKE_MOLECULES	-0.20835487065930344			
GO_NEGATIVE_REGULATION_OF_TRANSCRIPTION_REGULATORY_REGION_DNA_BINDING	-0.20835509657980447			
MIR8077	-0.20835612625751376			
AGTCAGC_MIR345	-0.20835937065457816			
IPA_SMYD3_UP	-0.20836413653859798			
GO_MANGANESE_ION_BINDING	-0.208368935422236			
GO_VOLTAGE_GATED_CALCIUM_CHANNEL_ACTIVITY_INVOLVED_IN_REGULATION_OF_PRESYNAPTIC_CYTOSOLIC_CALCIUM_LEVELS	-0.20837250772888385			
REACTOME_NEGATIVE_REGULATION_OF_THE_PI3K_AKT_NETWORK	-0.20839568312922296			
GO_REGULATION_OF_PSEUDOPODIUM_ASSEMBLY	-0.20840275315151113			
GSE13547_CTRL_VS_ANTI_IGM_STIM_ZFX_KO_BCELL_12H_DN	-0.20840708776061947			
GSE15659_NAIVE_VS_PTPRC_NEG_CD4_TCELL_UP	-0.208427719613849			
AHRR_TARGET_GENES	-0.20844918204132643			
GO_REGULATION_OF_ANION_TRANSPORT	-0.20845560324224538			
REACTOME_PROLACTIN_RECEPTOR_SIGNALING	-0.20845604697082343			
GSE2405_0H_VS_1.5H_A_PHAGOCYTOPHILUM_STIM_NEUTROPHIL_UP	-0.20845862455255487			
REACTOME_SIALIC_ACID_METABOLISM	-0.20846345382735118			
SMID_BREAST_CANCER_LUMINAL_A_DN	-0.20847163646314404			
GO_REGULATION_OF_EXOCYTOSIS	-0.20847662398396663			
MIR191_5P	-0.20847921825915328			
PITX2_Q2	-0.20849831291017032			
GO_MUSCLE_CELL_CELLULAR_HOMEOSTASIS	-0.2084994681988753			
GO_REGULATION_OF_TRANS_SYNAPTIC_SIGNALING	-0.20850698330969053			
GSE17721_0.5H_VS_12H_LPS_BMDC_UP	-0.20850710991311955			
MIR6849_3P	-0.20851012873921776			
REACTOME_INTRA_GOLGI_AND_RETROGRADE_GOLGI_TO_ER_TRAFFIC	-0.2085154597558671			
GO_NEGATIVE_REGULATION_OF_HOMOTYPIC_CELL_CELL_ADHESION	-0.2085190090515503			
MIR409_3P	-0.20853574543091996			
IPA_GLI2_UP	-0.20853612003435157			
GO_NEGATIVE_REGULATION_OF_TYPE_I_INTERFERON_MEDIATED_SIGNALING_PATHWAY	-0.2085441678571013			
ABE_INNER_EAR	-0.2085489271987047			
GO_CORNEA_DEVELOPMENT_IN_CAMERA_TYPE_EYE	-0.20855216370103466			
GO_KIDNEY_MORPHOGENESIS	-0.20855403526293817			
GTCTTCC_MIR7	-0.20855819065767195			
GO_EXOPEPTIDASE_ACTIVITY	-0.20856339220271705			
GSE34156_UNTREATED_VS_6H_NOD2_LIGAND_TREATED_MONOCYTE_UP	-0.20857859557712766			
GO_CELLULAR_COPPER_ION_HOMEOSTASIS	-0.20857888675807704			
IPA_ONECUT1_DN	-0.2085816948628081			
GO_PROTEIN_LOCALIZATION_TO_CYTOSKELETON	-0.20860022036467177			
GO_SPERM_PLASMA_MEMBRANE	-0.208613520138564			
IPA_HOXC4_UP	-0.20861353910949654			
AAAYRNCTG_UNKNOWN	-0.2086144536255743			
GO_NUCLEAR_STRESS_GRANULE	-0.20861454333786825			
GO_OXIDOREDUCTASE_ACTIVITY_ACTING_ON_THE_CH_CH_GROUP_OF_DONORS_OXYGEN_AS_ACCEPTOR	-0.20862444752430614			
MIR218_1_3P	-0.20862706680623305			
GO_IRON_ION_TRANSPORT	-0.20863212638129394			
GRADE_COLON_AND_RECTAL_CANCER_DN	-0.20863394550960404			
GO_TETRAPYRROLE_BINDING	-0.20863524395762298			
MATZUK_FERTILIZATION	-0.2086389819435287			
GO_AMYLOID_PRECURSOR_PROTEIN_METABOLIC_PROCESS	-0.2086449607883541			
GO_QUATERNARY_AMMONIUM_GROUP_TRANSMEMBRANE_TRANSPORTER_ACTIVITY	-0.20864527953216966			
MIR1537_3P	-0.20864983001474144			
GO_POSITIVE_REGULATION_OF_CELL_MIGRATION_BY_VASCULAR_ENDOTHELIAL_GROWTH_FACTOR_SIGNALING_PATHWAY	-0.20865009570177653			
GO_POSITIVE_REGULATION_OF_GLIAL_CELL_DIFFERENTIATION	-0.20865518959730514			
GSE17721_CTRL_VS_GARDIQUIMOD_1H_BMDC_UP	-0.20866646601715966			
chr11q12	-0.2086721910800426			
MARTENS_TRETINOIN_RESPONSE_UP	-0.20867780387211077			
GO_NEGATIVE_REGULATION_OF_VASCULAR_SMOOTH_MUSCLE_CELL_DIFFERENTIATION	-0.20868103036408092			
GO_NEGATIVE_REGULATION_OF_CANONICAL_WNT_SIGNALING_PATHWAY	-0.20869253163195947			
GSE21379_TFH_VS_NON_TFH_SAP_KO_CD4_TCELL_DN	-0.20869304782647377			
GO_N_ACETYLGALACTOSAMINE_4_O_SULFOTRANSFERASE_ACTIVITY	-0.20870098973274184			
GO_ESTABLISHMENT_OF_CENTROSOME_LOCALIZATION	-0.20870415507214815			
DODD_NASOPHARYNGEAL_CARCINOMA_UP	-0.20870878009620647			
RICKMAN_HEAD_AND_NECK_CANCER_C	-0.20871706397692483			
GO_INTERCELLULAR_TRANSPORT	-0.20872335079580365			
REACTOME_REGULATION_OF_BETA_CELL_DEVELOPMENT	-0.2087246634180856			
GO_NEGATIVE_REGULATION_OF_SYNAPSE_ASSEMBLY	-0.20872768977872308			
TAAYNRNNTCC_UNKNOWN	-0.20873577020428838			
GO_METANEPHRIC_TUBULE_FORMATION	-0.2087390022586658			
DARWICHE_PAPILLOMA_RISK_LOW_DN	-0.20874066370488747			
FREAC2_01	-0.20875620856228067			
GO_GLYCERALDEHYDE_3_PHOSPHATE_METABOLIC_PROCESS	-0.20876312578642076			
GO_EPHRIN_RECEPTOR_BINDING	-0.20876731808687204			
REACTOME_SUMO_IS_CONJUGATED_TO_E1_UBA2_SAE1	-0.20877153322366246			
BOQUEST_STEM_CELL_CULTURED_VS_FRESH_DN	-0.20878789616608545			
MIR6734_3P	-0.20878888604832088			
GSE4142_NAIVE_VS_MEMORY_BCELL_UP	-0.2087977238988488			
MIR4663	-0.20879801236981754			
GARGALOVIC_RESPONSE_TO_OXIDIZED_PHOSPHOLIPIDS_TAN_DN	-0.2088046842568964			
GO_ETHANOLAMINE_CONTAINING_COMPOUND_METABOLIC_PROCESS	-0.2088128373862812			
GO_REGULATION_OF_CELLULAR_CARBOHYDRATE_METABOLIC_PROCESS	-0.20881463125984429			
MIR3127_5P	-0.2088300440486189			
GO_CARBOHYDRATE_TRANSPORT	-0.20883055730371916			
GO_FATTY_ACID_DERIVATIVE_CATABOLIC_PROCESS	-0.20883268891118115			
GO_REGULATION_OF_BRANCHING_INVOLVED_IN_LUNG_MORPHOGENESIS	-0.20884053621801238			
ICHIBA_GRAFT_VERSUS_HOST_DISEASE_35D_DN	-0.20884080079906792			
GSE36095_WT_VS_HDAC9_KO_TREG_DN	-0.20884343196877453			
GO_REGULATION_OF_LOW_DENSITY_LIPOPROTEIN_PARTICLE_RECEPTOR_CATABOLIC_PROCESS	-0.20886378113167253			
GO_VASCULAR_SMOOTH_MUSCLE_CELL_DEVELOPMENT	-0.2088652404279048			
GO_SHORT_CHAIN_FATTY_ACID_METABOLIC_PROCESS	-0.20886616876452857			
GO_ANDROGEN_RECEPTOR_SIGNALING_PATHWAY	-0.20887363766333736			
GO_TRANSFERASE_ACTIVITY_TRANSFERRING_ALKYL_OR_ARYL_OTHER_THAN_METHYL_GROUPS	-0.20887507987765888			
S8_01	-0.20887622565990938			
GO_PROTEIN_IMPORT	-0.2088776046232168			
chr22q11	-0.20887847595965814			
BENPORATH_OCT4_TARGETS	-0.20888680065765655			
REACTOME_FRS_MEDIATED_FGFR2_SIGNALING	-0.20888878060640276			
DAWSON_METHYLATED_IN_LYMPHOMA_TCL1	-0.20889460638046298			
TAATGTG_MIR323	-0.20890676138356395			
REACTOME_NOTCH2_INTRACELLULAR_DOMAIN_REGULATES_TRANSCRIPTION	-0.20891006214290495			
MIR708_5P	-0.20891222978860835			
GO_SEGMENT_SPECIFICATION	-0.20891281636672476			
PID_NECTIN_PATHWAY	-0.20892704510298102			
GO_G_PROTEIN_COUPLED_GLUTAMATE_RECEPTOR_SIGNALING_PATHWAY	-0.20892718984504888			
chr3q27	-0.20893095597547584			
GO_TRICARBOXYLIC_ACID_TRANSMEMBRANE_TRANSPORTER_ACTIVITY	-0.20893216731550912			
GO_TRICARBOXYLIC_ACID_TRANSPORT	-0.20893216731550912			
GO_POSITIVE_REGULATION_OF_AXON_EXTENSION	-0.20894311828769677			
GSE7831_CPG_VS_INFLUENZA_STIM_PDC_4H_UP	-0.20894785000476965			
GO_MYOSIN_V_BINDING	-0.2089483129332914			
MIR3659	-0.20894918062583973			
GO_REGULATION_OF_FAT_CELL_DIFFERENTIATION	-0.2089512483166158			
GO_GLYCOSPHINGOLIPID_METABOLIC_PROCESS	-0.2089569961404125			
HOLLEMAN_ASPARAGINASE_RESISTANCE_B_ALL_DN	-0.20896106636068948			
KANG_GLIS3_TARGETS	-0.2089679991882108			
RAFFEL_VEGFA_TARGETS_DN	-0.20897103776416073			
MIR4797_3P	-0.20897232427902207			
GSE13485_CTRL_VS_DAY21_YF17D_VACCINE_PBMC_UP	-0.20897864046361958			
WHITESIDE_CISPLATIN_RESISTANCE_UP	-0.2089797921167951			
KEGG_ENDOCYTOSIS	-0.2089917228535262			
GO_PROTEIN_TYROSINE_SERINE_THREONINE_PHOSPHATASE_ACTIVITY	-0.20899747185705253			
PAX8_B	-0.20900044439138465			
GO_CARDIAC_CELL_FATE_COMMITMENT	-0.20900597827416906			
REACTOME_WNT_MEDIATED_ACTIVATION_OF_DVL	-0.2090176640696536			
BIOCARTA_PS1_PATHWAY	-0.20903836749256224			
KRCTCNNNNMANAGC_UNKNOWN	-0.20904113805006552			
IPA_SMAD4_UP	-0.2090416141442463			
CORRE_MULTIPLE_MYELOMA_DN	-0.20904797527675129			
GO_LATE_ENDOSOME_TO_LYSOSOME_TRANSPORT	-0.2090489040550319			
GO_DISACCHARIDE_METABOLIC_PROCESS	-0.2090504280203212			
GO_GROWTH	-0.20905091964353556			
IPA_PGR_DN	-0.20905634421657174			
GO_ZONULA_ADHERENS	-0.2090619781407363			
GO_SEROTONIN_RECEPTOR_ACTIVITY	-0.20907585143311247			
BHAT_ESR1_TARGETS_VIA_AKT1_DN	-0.20907692077276904			
GSE35685_CD34POS_CD38NEG_VS_CD34POS_CD10POS_BONE_MARROW_UP	-0.2090836609453418			
GO_PROTEIN_TRANSMEMBRANE_IMPORT_INTO_INTRACELLULAR_ORGANELLE	-0.20908980233933516			
REACTOME_RAF_ACTIVATION	-0.20909642251816313			
BIOCARTA_BOTULIN_PATHWAY	-0.20910342177034172			
GO_MAINTENANCE_OF_POSTSYNAPTIC_SPECIALIZATION_STRUCTURE	-0.2091088580689204			
GO_ENDOCYTIC_RECYCLING	-0.20910990533356064			
GO_METANEPHRIC_NEPHRON_TUBULE_MORPHOGENESIS	-0.2091100624240309			
GO_COPULATION	-0.20911293600163355			
EVI1_02	-0.2091154444908515			
GO_RESPONSE_TO_HISTAMINE	-0.20911762907629447			
GSE22886_NAIVE_VS_IGG_IGA_MEMORY_BCELL_UP	-0.20911763702984953			
MIKKELSEN_MEF_HCP_WITH_H3_UNMETHYLATED	-0.20912701862710492			
IPA_NFE2_UP	-0.20912795368417036			
IPA_LDB1_UP	-0.20913148333217124			
GO_EPIDERMAL_CELL_DIFFERENTIATION	-0.20914402123778697			
GO_GLUCOCORTICOID_RECEPTOR_BINDING	-0.20914792846367583			
DELASERNA_MYOD_TARGETS_UP	-0.20915954474981777			
SCHAEFFER_PROSTATE_DEVELOPMENT_48HR_UP	-0.20918206932259767			
GO_STRUCTURAL_CONSTITUENT_OF_POSTSYNAPSE	-0.2091825437110456			
GTTGNYNNRGNAAC_UNKNOWN	-0.2091887776829112			
IPA_SUV39H2_UP	-0.20919624103622325			
GO_NEGATIVE_REGULATION_OF_PROTEIN_LOCALIZATION_TO_MEMBRANE	-0.20919745407940996			
BRUINS_UVC_RESPONSE_VIA_TP53_GROUP_A	-0.20919752707147743			
GO_PHOSPHOTRANSFERASE_ACTIVITY_NITROGENOUS_GROUP_AS_ACCEPTOR	-0.20922575377611013			
PID_INTEGRIN4_PATHWAY	-0.20922769312970999			
GARGALOVIC_RESPONSE_TO_OXIDIZED_PHOSPHOLIPIDS_GREY_DN	-0.20923477367009424			
NEBEN_AML_WITH_FLT3_OR_NRAS_UP	-0.20924118309239734			
MIR4421	-0.2092548304827269			
GO_LIPID_IMPORT_INTO_CELL	-0.20926451034632174			
GO_REGULATION_OF_METALLOPEPTIDASE_ACTIVITY	-0.2092678858398023			
GSE17721_CTRL_VS_CPG_12H_BMDC_UP	-0.2092694547066317			
MIR4429	-0.20927212778669108			
MIR4735_5P	-0.20927383445776432			
GO_DEOXYRIBONUCLEOSIDE_TRIPHOSPHATE_CATABOLIC_PROCESS	-0.20927858826376122			
CHEOK_RESPONSE_TO_MERCAPTOPURINE_AND_HD_MTX_UP	-0.20928644630112353			
KIM_GASTRIC_CANCER_CHEMOSENSITIVITY	-0.20928783572024498			
HLF_01	-0.20929197912720263			
GO_VESICLE_TARGETING_TO_FROM_OR_WITHIN_GOLGI	-0.2093014899363651			
GO_RESPONSE_TO_VITAMIN_A	-0.20931982434799			
MIR7110_3P	-0.20932016694183642			
CAAGGAT_MIR362	-0.20932715220758968			
GO_METHYLGLYOXAL_METABOLIC_PROCESS	-0.20933171273516574			
GO_SOMATODENDRITIC_COMPARTMENT	-0.2093415073693072			
MIR296_3P	-0.20934285614485135			
MIR6843_3P	-0.20935628091653555			
GSE29615_DAY3_VS_DAY7_LAIV_FLU_VACCINE_PBMC_UP	-0.2093605467001909			
DORN_ADENOVIRUS_INFECTION_32HR_DN	-0.20936070834955198			
GO_REGULATION_OF_LOW_DENSITY_LIPOPROTEIN_PARTICLE_RECEPTOR_BINDING	-0.20936162892220472			
GO_PRIMARY_AMINO_COMPOUND_BIOSYNTHETIC_PROCESS	-0.20936401886141215			
PID_TRKR_PATHWAY	-0.20937334944948938			
ACCAAAG_MIR9	-0.20938164501014786			
GO_SENSORY_PERCEPTION_OF_MECHANICAL_STIMULUS	-0.2093835170506599			
GO_ENDOPLASMIC_RETICULUM_LOCALIZATION	-0.20938616327708584			
MIR25_3P	-0.20938864655406209			
REACTOME_KERATINIZATION	-0.20939592513602676			
REACTOME_SUMOYLATION_OF_INTRACELLULAR_RECEPTORS	-0.2093974770540555			
ALX4_01	-0.2093995258304778			
RICKMAN_METASTASIS_UP	-0.2094010611403237			
GO_AXON_DEVELOPMENT	-0.20940153918370236			
IPA_MSX1_DN	-0.20940580006438914			
BECKER_TAMOXIFEN_RESISTANCE_UP	-0.20940822393843408			
GO_CEREBELLAR_GRANULAR_LAYER_MORPHOGENESIS	-0.20940944802122607			
GSE29164_UNTREATED_VS_CD8_TCELL_AND_IL12_TREATED_MELANOMA_DAY3_UP	-0.20941415460124024			
GO_ARYL_HYDROCARBON_RECEPTOR_BINDING	-0.20941471162370354			
IPA_ERCC6_UP	-0.20941782933340697			
GO_NEGATIVE_REGULATION_OF_HUMORAL_IMMUNE_RESPONSE_MEDIATED_BY_CIRCULATING_IMMUNOGLOBULIN	-0.20941835378980728			
GO_VESICLE_DOCKING_INVOLVED_IN_EXOCYTOSIS	-0.20942458071435527			
GO_FEEDING_BEHAVIOR	-0.2094260886623955			
GO_CLATHRIN_COAT	-0.20943084808805978			
DING_LUNG_CANCER_MUTATED_SIGNIFICANTLY	-0.2094336358751327			
GO_REGULATION_OF_CENTRIOLE_ELONGATION	-0.20945859646434487			
WILLIAMS_ESR1_TARGETS_DN	-0.20945909901195042			
GO_POSTSYNAPTIC_SPECIALIZATION_ASSEMBLY	-0.2094623213997629			
MIR873_3P	-0.20946420632690035			
GO_MAGNESIUM_ION_TRANSMEMBRANE_TRANSPORTER_ACTIVITY	-0.20947139849132598			
GSE36476_YOUNG_VS_OLD_DONOR_MEMORY_CD4_TCELL_40H_TSST_ACT_UP	-0.20947706014420803			
FXR_Q3	-0.20949211542247811			
GSE21379_TFH_VS_NON_TFH_CD4_TCELL_DN	-0.20949263841161767			
GSE9946_IMMATURE_VS_MATURE_STIMULATORY_DC_DN	-0.2094981514792102			
GO_NEGATIVE_REGULATION_OF_PEPTIDE_HORMONE_SECRETION	-0.20951526528178463			
GO_NEURON_DEVELOPMENT	-0.2095227455271956			
GO_REGULATION_OF_GUANYLATE_CYCLASE_ACTIVITY	-0.20952490915225594			
GO_POSTSYNAPTIC_DENSITY_INTRACELLULAR_COMPONENT	-0.20953984990599175			
MIR105_3P	-0.20954984692446216			
GO_FATTY_ACID_DERIVATIVE_METABOLIC_PROCESS	-0.20955035867957175			
REACTOME_CASPASE_MEDIATED_CLEAVAGE_OF_CYTOSKELETAL_PROTEINS	-0.2095819291126269			
GO_REGULATION_OF_SYNAPTIC_PLASTICITY	-0.20958352902160962			
REACTOME_SHC1_EVENTS_IN_ERBB4_SIGNALING	-0.2095836719759705			
GGGACCA_MIR133A_MIR133B	-0.20959030589548397			
GSE22935_WT_VS_MYD88_KO_MACROPHAGE_DN	-0.2095912992980096			
LHX4_TARGET_GENES	-0.20959210006627202			
MIR185_5P	-0.20959797421951393			
MIR1293	-0.20960204091524348			
IPA_PSIP1_UP	-0.20962053361072988			
GO_NEGATIVE_REGULATION_OF_DOUBLE_STRAND_BREAK_REPAIR_VIA_NONHOMOLOGOUS_END_JOINING	-0.2096257139186164			
REACTOME_DEFECTIVE_LFNG_CAUSES_SCDO3	-0.2096337758134573			
GO_NEUROPEPTIDE_RECEPTOR_ACTIVITY	-0.20965123762933385			
HDAC3_TARGET_GENES	-0.20965622251025012			
ACTGTAG_MIR139	-0.20966100684419903			
GRAESSMANN_APOPTOSIS_BY_DOXORUBICIN_UP	-0.20966421970543078			
IPA_ACTL6A_UP	-0.20967357072011936			
IPA_PITX1_DN	-0.20967357072011936			
IPA_SMARCE1_UP	-0.20967357072011936			
GO_O_GLYCAN_PROCESSING	-0.2096813614341396			
ZNF410_TARGET_GENES	-0.2096861926995289			
LU_AGING_BRAIN_DN	-0.20969047483961176			
IPA_POU5F1_DN	-0.2097025297522816			
GO_REGULATION_OF_SYNAPTIC_TRANSMISSION_GLUTAMATERGIC	-0.20970541505928525			
GO_TRANSITION_METAL_ION_TRANSPORT	-0.20970664108183576			
GSE7852_TREG_VS_TCONV_LN_DN	-0.2097224931017172			
GO_PEROXISOME_FISSION	-0.20972781807758067			
GO_SYNAPTIC_MEMBRANE	-0.20972785162684732			
GSE3982_BASOPHIL_VS_NKCELL_DN	-0.20975443986213185			
LHX9_TARGET_GENES	-0.209761099390524			
GO_BETA_CATENIN_TCF_COMPLEX_ASSEMBLY	-0.20976154151552595			
ZNF514_TARGET_GENES	-0.20976689775248863			
MIR6805_5P	-0.20976767732075166			
GO_CALMODULIN_BINDING	-0.20976923086798258			
GO_MESODERMAL_CELL_FATE_COMMITMENT	-0.2097724836449071			
GO_EIF2ALPHA_PHOSPHORYLATION_IN_RESPONSE_TO_ENDOPLASMIC_RETICULUM_STRESS	-0.2097808437451009			
MEISSNER_ES_ICP_WITH_H3K4ME3	-0.20979294159025524			
GO_WHITE_FAT_CELL_DIFFERENTIATION	-0.20979314563693394			
GO_POSITIVE_REGULATION_OF_EXOCYTOSIS	-0.20979732050392083			
GO_NUCLEOTIDE_TRANSMEMBRANE_TRANSPORTER_ACTIVITY	-0.20979925674835914			
GO_INHIBIN_BINDING	-0.20980335128612668			
RAY_TUMORIGENESIS_BY_ERBB2_CDC25A_DN	-0.2098081738476527			
PETROVA_ENDOTHELIUM_LYMPHATIC_VS_BLOOD_UP	-0.2098085131781226			
GO_NEGATIVE_REGULATION_OF_GLUTAMATE_SECRETION	-0.20981004373313306			
VERHAAK_GLIOBLASTOMA_PRONEURAL	-0.2098121101514701			
GO_PROTEIN_PHOSPHORYLATED_AMINO_ACID_BINDING	-0.20982489487709358			
GO_POSITIVE_REGULATION_OF_EPITHELIAL_TO_MESENCHYMAL_TRANSITION	-0.2098310165817136			
GO_LONG_CHAIN_FATTY_ACID_TRANSPORTER_ACTIVITY	-0.2098322981763658			
GO_REGULATION_OF_SALIVA_SECRETION	-0.2098398468420872			
HMEF2_Q6	-0.20986941845259585			
GO_ACETYL_COA_METABOLIC_PROCESS	-0.20987100884057427			
MIR7112_3P	-0.20987380729825605			
IPA_HOXA3_UP	-0.2098888325592185			
PID_ENDOTHELIN_PATHWAY	-0.2098900987196636			
GSE2770_UNTREATED_VS_TGFB_AND_IL12_TREATED_ACT_CD4_TCELL_2H_DN	-0.20989066990363847			
GO_INTRINSIC_COMPONENT_OF_MITOCHONDRIAL_OUTER_MEMBRANE	-0.20989985314612813			
GO_VESICLE_MEDIATED_TRANSPORT_BETWEEN_ENDOSOMAL_COMPARTMENTS	-0.20990228989305934			
MIR371B_3P	-0.2099109694298018			
GO_DOUBLE_STRANDED_TELOMERIC_DNA_BINDING	-0.20991146818947165			
GO_ENDOPLASMIC_RETICULUM_GOLGI_INTERMEDIATE_COMPARTMENT_MEMBRANE	-0.20991513096773012			
GO_PHOSPHATASE_ACTIVITY	-0.20992975045402562			
GO_MESENCHYMAL_CELL_PROLIFERATION	-0.20993296778951331			
GO_TRANSFORMING_GROWTH_FACTOR_BETA_RECEPTOR_BINDING	-0.20993471515985104			
NOTCH_DN.V1_UP	-0.20993499823806513			
GO_POSITIVE_REGULATION_OF_CALCIUM_ION_TRANSMEMBRANE_TRANSPORTER_ACTIVITY	-0.20993706263232007			
GO_ACETYLCHOLINE_RECEPTOR_BINDING	-0.20994535938584205			
IPA_MEOX2_DN	-0.2099586136761032			
chr15q12	-0.2099688389247902			
GSE7460_WT_VS_FOXP3_HET_ACT_WITH_TGFB_TCONV_UP	-0.2099722339164069			
GO_REGULATION_OF_TRANSCRIPTION_FROM_RNA_POLYMERASE_II_PROMOTER_INVOLVED_IN_HEART_DEVELOPMENT	-0.20997844379354066			
GO_CALCIUM_CHANNEL_COMPLEX	-0.20997928539535982			
GSE13485_DAY1_VS_DAY3_YF17D_VACCINE_PBMC_UP	-0.20997938094169016			
CHUANG_OXIDATIVE_STRESS_RESPONSE_DN	-0.2099828536003212			
GSE18893_CTRL_VS_TNF_TREATED_TREG_2H_DN	-0.2100052389578954			
GO_CHROMATIN_BINDING	-0.21000534794684608			
GO_SNARE_COMPLEX_ASSEMBLY	-0.21000778422082617			
GO_EMBRYONIC_NEUROCRANIUM_MORPHOGENESIS	-0.21003680092526464			
IPA_KCNIP3_DN	-0.21004886226966035			
ZNF740_TARGET_GENES	-0.21005412229665918			
PID_ALPHA_SYNUCLEIN_PATHWAY	-0.21007993983241977			
CASTELLANO_HRAS_TARGETS_DN	-0.21008100052972223			
MIR222_3P	-0.21008599738370723			
GO_MODIFICATION_OF_POSTSYNAPTIC_ACTIN_CYTOSKELETON	-0.21009718641521896			
GO_REGULATION_OF_ER_ASSOCIATED_UBIQUITIN_DEPENDENT_PROTEIN_CATABOLIC_PROCESS	-0.21010396335002318			
GO_VESICLE_MEDIATED_TRANSPORT_TO_THE_PLASMA_MEMBRANE	-0.2101085268181691			
NUFIP1_TARGET_GENES	-0.2101151319833711			
IPA_ZFPM1_UP	-0.21013843181041844			
YY1_02	-0.21014500740352726			
GO_REGULATION_OF_INSULIN_SECRETION	-0.21015380144877935			
GSE29618_PRE_VS_DAY7_POST_TIV_FLU_VACCINE_MONOCYTE_DN	-0.2101624697214146			
GO_SPHINGOLIPID_BINDING	-0.21016455813206303			
MIR10396A_5P	-0.21016711663784418			
IPA_ARID4B_UP	-0.21017463975198464			
GO_SKELETAL_MUSCLE_TISSUE_REGENERATION	-0.2101762329129988			
GSE41867_DAY8_VS_DAY15_LCMV_ARMSTRONG_EFFECTOR_CD8_TCELL_UP	-0.2101807534624167			
GO_SOMATIC_DIVERSIFICATION_OF_T_CELL_RECEPTOR_GENES	-0.21018175637336853			
YAO_TEMPORAL_RESPONSE_TO_PROGESTERONE_CLUSTER_6	-0.21018824541497177			
MIR3159	-0.2101948014293474			
REACTOME_ARACHIDONATE_PRODUCTION_FROM_DAG	-0.21019674807399208			
GO_POSITIVE_REGULATION_OF_MELANOCYTE_DIFFERENTIATION	-0.21020160120407436			
GAUSSMANN_MLL_AF4_FUSION_TARGETS_G_UP	-0.2102194928476353			
GO_INTERLEUKIN_13_SECRETION	-0.21023003407025073			
GSE11864_CSF1_VS_CSF1_IFNG_PAM3CYS_IN_MAC_UP	-0.21024092482020676			
chr20p12	-0.2102415858703441			
GSE14415_ACT_TCONV_VS_ACT_NATURAL_TREG_UP	-0.21024200727543121			
GSE22103_UNSTIM_VS_GMCSF_AND_IFNG_STIM_NEUTROPHIL_UP	-0.21024218277559728			
STOSSI_RESPONSE_TO_ESTRADIOL	-0.21024458764116896			
GSE8515_CTRL_VS_IL6_4H_STIM_MAC_DN	-0.21024527539682084			
GO_PROTEIN_IMPORT_INTO_PEROXISOME_MEMBRANE	-0.21025230517750249			
MIR4498	-0.21025637304187905			
GO_BETA_1_3_GALACTOSYLTRANSFERASE_ACTIVITY	-0.21028780902612038			
GO_RETINOIC_ACID_RECEPTOR_SIGNALING_PATHWAY	-0.2102988198387565			
CHEOK_RESPONSE_TO_MERCAPTOPURINE_UP	-0.21031387395287393			
GO_CONVERGENT_EXTENSION	-0.21031895463938716			
REACTOME_DISEASES_ASSOCIATED_WITH_N_GLYCOSYLATION_OF_PROTEINS	-0.21031901726065455			
GO_GOLGI_CISTERNA	-0.21032403238630545			
ZSCAN21_TARGET_GENES	-0.2103268862788312			
MYCMAX_03	-0.21032932489363096			
MIR4640_3P	-0.21033624104329138			
GO_BETA_CATENIN_TCF_COMPLEX	-0.21034183873832016			
MIR12114	-0.21034346673888668			
IPA_HSF4_UP	-0.21035497362056763			
PID_CDC42_PATHWAY	-0.21035581382825908			
GSE32986_GMCSF_AND_CURDLAN_LOWDOSE_VS_GMCSF_AND_CURDLAN_HIGHDOSE_STIM_DC_UP	-0.21036033361219902			
GO_NEGATIVE_REGULATION_BY_HOST_OF_SYMBIONT_MOLECULAR_FUNCTION	-0.21036815556880376			
GSE1460_NAIVE_CD4_TCELL_CORD_BLOOD_VS_THYMIC_STROMAL_CELL_UP	-0.21037693288757575			
CDP_02	-0.21039015906995767			
IPA_TBX3_DN	-0.2104130606951722			
GSE21063_3H_VS_16H_ANTI_IGM_STIM_NFATC1_KOBCELL_UP	-0.21042691951839823			
GSE16385_IFNG_TNF_VS_IL4_STIM_MACROPHAGE_DN	-0.21043702166488842			
REACTOME_CLASS_I_PEROXISOMAL_MEMBRANE_PROTEIN_IMPORT	-0.21044596918211356			
GSE22601_DOUBLE_NEGATIVE_VS_IMMATURE_CD4_SP_THYMOCYTE_DN	-0.21045356472506122			
GO_DIHYDROLIPOYL_DEHYDROGENASE_COMPLEX	-0.21045801458229865			
GSE411_UNSTIM_VS_400MIN_IL6_STIM_MACROPHAGE_UP	-0.21047212659505332			
GO_ASCENDING_AORTA_DEVELOPMENT	-0.21047365864979733			
GLINSKY_CANCER_DEATH_UP	-0.21047553904860128			
GO_CYCLIN_DEPENDENT_PROTEIN_SERINE_THREONINE_KINASE_ACTIVATOR_ACTIVITY	-0.21047696206701055			
GO_GTPASE_BINDING	-0.2104865266610673			
LEIN_MIDBRAIN_MARKERS	-0.21048782525261572			
GSE8621_LPS_STIM_VS_LPS_PRIMED_AND_LPS_STIM_MACROPHAGE_UP	-0.21048927598636982			
MONTERO_THYROID_CANCER_POOR_SURVIVAL_DN	-0.21049181515948895			
GO_TRANSMEMBRANE_RECEPTOR_PROTEIN_SERINE_THREONINE_KINASE_BINDING	-0.210499730803689			
IPA_MESP2_UP	-0.21051284093238073			
IPA_HDAC1_DN	-0.2105137997204074			
GO_POSITIVE_REGULATION_OF_STEM_CELL_DIFFERENTIATION	-0.21052510041590866			
GO_REGULATION_OF_MUSCLE_ADAPTATION	-0.21054042898172104			
GSE36527_CD62L_HIGH_VS_CD62L_LOW_TREG_CD69_NEG_KLRG1_NEG_DN	-0.21054200453681784			
GO_ATRIAL_SEPTUM_DEVELOPMENT	-0.21054441349590647			
MIR3152_5P	-0.2105445529802012			
GO_MAP_KINASE_ACTIVITY	-0.210545951413581			
GO_HORMONE_TRANSPORT	-0.21056781590619217			
GSE45837_WT_VS_GFI1_KO_PDC_UP	-0.21056858894988656			
IPA_EGR2_UP	-0.21057371565606955			
GO_DOUBLE_STRANDED_DNA_BINDING	-0.21057557251928483			
KEGG_MATURITY_ONSET_DIABETES_OF_THE_YOUNG	-0.2105771875627167			
GO_CARDIAC_VENTRICLE_FORMATION	-0.21057766940716074			
GO_REGULATION_OF_MEMBRANE_PERMEABILITY	-0.21057979525757597			
IPA_MYBL2_UP	-0.21058038435120907			
LI_WILMS_TUMOR_VS_FETAL_KIDNEY_2_DN	-0.21058388442066076			
GO_POTASSIUM_CHANNEL_COMPLEX	-0.21058920290504854			
MIR339_5P	-0.21060318642880488			
GSE40666_UNTREATED_VS_IFNA_STIM_CD8_TCELL_90MIN_UP	-0.21060757227986582			
GO_PROSTAGLANDIN_SECRETION	-0.2106080036343273			
GO_POSITIVE_REGULATION_OF_ION_TRANSPORT	-0.2106193311015146			
GO_NEGATIVE_REGULATION_OF_SUPRAMOLECULAR_FIBER_ORGANIZATION	-0.21061990908839023			
GO_MICROVILLUS_ASSEMBLY	-0.21063122774721793			
GO_SUBSTRATE_DEPENDENT_CELL_MIGRATION_CELL_EXTENSION	-0.21063615336976996			
GSE27786_NKCELL_VS_NEUTROPHIL_UP	-0.21065103968398718			
MIR6832_3P	-0.2106523162331901			
GO_GLUTATHIONE_DISULFIDE_OXIDOREDUCTASE_ACTIVITY	-0.21065272405595248			
MIR7113_3P	-0.2106604506643216			
DOANE_RESPONSE_TO_ANDROGEN_DN	-0.21066500385154677			
MIR6752_3P	-0.21068073444765453			
GO_NEGATIVE_REGULATION_OF_SIGNAL_TRANSDUCTION_IN_ABSENCE_OF_LIGAND	-0.210696392952685			
GO_CONDITIONED_TASTE_AVERSION	-0.21070860116077508			
GO_RESPONSE_TO_FIBROBLAST_GROWTH_FACTOR	-0.2107130998230593			
GSE12003_4D_VS_8D_CULTURE_MIR223_KO_BM_PROGENITOR_UP	-0.21071848279882716			
CHIN_BREAST_CANCER_COPY_NUMBER_UP	-0.2107189936067682			
KEGG_PARKINSONS_DISEASE	-0.21072169855303666			
GO_SPECTRIN_ASSOCIATED_CYTOSKELETON	-0.21073661744137998			
GO_REGULATION_OF_INTERLEUKIN_2_SECRETION	-0.21074197400489908			
OCT1_Q6	-0.21075306727156284			
GO_EPIDERMIS_DEVELOPMENT	-0.21075775352633758			
BOYAULT_LIVER_CANCER_SUBCLASS_G123_UP	-0.21077504528720528			
chr1p12	-0.2107781210132956			
GO_PEPTIDYL_LYSINE_HYDROXYLATION	-0.21077974044873551			
GO_PERIPHERAL_NERVOUS_SYSTEM_MYELIN_MAINTENANCE	-0.21079379882929924			
AREB6_01	-0.21079761429629185			
MIR4486	-0.21079939277979376			
GO_POSITIVE_REGULATION_OF_CELL_CYCLE_CHECKPOINT	-0.2107998561539767			
GO_NUCLEOSOME_POSITIONING	-0.210802480773617			
MIR5191	-0.21080771288080583			
GO_TRANSMEMBRANE_RECEPTOR_PROTEIN_TYROSINE_PHOSPHATASE_SIGNALING_PATHWAY	-0.2108116845558647			
GO_PIGMENT_METABOLIC_PROCESS	-0.21081965715367948			
GSE27786_CD4_TCELL_VS_NEUTROPHIL_DN	-0.2108275671062751			
MIR3679_3P	-0.21084191669260688			
GSE15930_NAIVE_VS_24H_IN_VITRO_STIM_CD8_TCELL_UP	-0.21084202315553446			
GSE11961_MARGINAL_ZONE_BCELL_VS_MEMORY_BCELL_DAY40_UP	-0.21085690551668898			
GO_POSITIVE_REGULATION_OF_GLUCOSE_METABOLIC_PROCESS	-0.2108650716920794			
GO_PROTEIN_LOCALIZATION_TO_PLASMA_MEMBRANE	-0.21086768177467113			
GO_EARLY_ENDOSOME	-0.2108686395578599			
TAL1BETAE47_01	-0.2108738055225589			
GO_VENTRICULAR_CARDIAC_MUSCLE_CELL_DEVELOPMENT	-0.21087584378584595			
MYOCD_TARGET_GENES	-0.21087588095480914			
PID_ERB_GENOMIC_PATHWAY	-0.21087640350026615			
TERAMOTO_OPN_TARGETS_CLUSTER_6	-0.21089025133333394			
REACTOME_KERATAN_SULFATE_BIOSYNTHESIS	-0.2109009579155939			
GO_INTRINSIC_COMPONENT_OF_SYNAPTIC_MEMBRANE	-0.21090394525741413			
MACLACHLAN_BRCA1_TARGETS_DN	-0.21090424145335865			
HUMMERICH_BENIGN_SKIN_TUMOR_DN	-0.21090539182498833			
GO_NEGATIVE_REGULATION_OF_REGULATORY_T_CELL_DIFFERENTIATION	-0.21091060003612913			
XU_RESPONSE_TO_TRETINOIN_AND_NSC682994_DN	-0.21092096915400352			
GO_SPANNING_COMPONENT_OF_PLASMA_MEMBRANE	-0.210924909557428			
MIR6865_3P	-0.21092816972641468			
MIR512_5P	-0.21092866983537836			
KINSEY_TARGETS_OF_EWSR1_FLII_FUSION_DN	-0.21094827968294916			
IPA_ACTR3_UP	-0.21095093799690864			
IPA_CTBP1_DN	-0.21095666457919504			
GO_COMPACT_MYELIN	-0.2109639546729275			
APRELIKOVA_BRCA1_TARGETS	-0.21097721733276598			
MIR1343_3P	-0.21097846739569323			
PID_AR_NONGENOMIC_PATHWAY	-0.21098483445427438			
GO_CELLULAR_DIVALENT_INORGANIC_ANION_HOMEOSTASIS	-0.2109968983694686			
GSE43957_UNTREATED_VS_NACL_TREATED_ANTI_CD3_CD28_STIM_CD4_TCELL_UP	-0.2110004933552371			
GO_POSITIVE_REGULATION_OF_DOPAMINE_RECEPTOR_SIGNALING_PATHWAY	-0.21102286072729096			
GSE19772_HCMV_INFL_VS_HCMV_INF_MONOCYTES_AND_PI3K_INHIBITION_UP	-0.2110239198572729			
GO_VOLUME_SENSITIVE_ANION_CHANNEL_ACTIVITY	-0.21102484364208138			
MIR6504_5P	-0.21102966657428024			
GO_RUFFLE_ASSEMBLY	-0.21103262041471132			
GO_POSITIVE_REGULATION_OF_HORMONE_METABOLIC_PROCESS	-0.21103649955651324			
REACTOME_TETRAHYDROBIOPTERIN_BH4_SYNTHESIS_RECYCLING_SALVAGE_AND_REGULATION	-0.2110366097078116			
GO_PEPTIDYL_ARGININE_METHYLATION	-0.2110451450704958			
GO_VOLUNTARY_SKELETAL_MUSCLE_CONTRACTION	-0.21104831888026326			
GO_RETINOIC_ACID_RESPONSIVE_ELEMENT_BINDING	-0.21105624989857147			
SESTO_RESPONSE_TO_UV_C4	-0.2110603446400327			
GSE19923_E2A_KO_VS_E2A_AND_HEB_KO_DP_THYMOCYTE_UP	-0.21106206488069287			
REACTOME_SUPPRESSION_OF_APOPTOSIS	-0.21106380703340943			
GO_OOGENESIS	-0.2110778682818841			
GO_CARDIAC_RIGHT_VENTRICLE_MORPHOGENESIS	-0.21107882384449939			
GO_REGULATION_OF_CELL_MORPHOGENESIS_INVOLVED_IN_DIFFERENTIATION	-0.21107937743142874			
REACTOME_KERATAN_SULFATE_KERATIN_METABOLISM	-0.21108462156535523			
MIR4514	-0.21110076306229353			
IPA_RXRG_UP	-0.21110223307669163			
MIR8067	-0.2111024399956561			
LANDIS_ERBB2_BREAST_PRENEOPLASTIC_UP	-0.21110419866301494			
GO_SPONTANEOUS_NEUROTRANSMITTER_SECRETION	-0.21112120705989032			
GSE22229_UNTREATED_VS_IMMUNOSUPP_THERAPY_RENAL_TRANSPLANT_PATIENT_PBMC_DN	-0.21113618314066765			
GO_NEURONAL_DENSE_CORE_VESICLE	-0.21113743507722524			
GO_INTRAMOLECULAR_OXIDOREDUCTASE_ACTIVITY	-0.21114467099745413			
GO_POSTSYNAPTIC_ENDOSOME	-0.21114923222943124			
GO_CHROMATIN_SILENCING_COMPLEX	-0.21115689832835918			
GO_COFACTOR_BIOSYNTHETIC_PROCESS	-0.2111667044391166			
MIR9983_3P	-0.21116674409362196			
GO_LAMELLIPODIUM_MORPHOGENESIS	-0.21116820653788107			
GO_ANION_SODIUM_SYMPORTER_ACTIVITY	-0.21117791581869874			
GO_1_PHOSPHATIDYLINOSITOL_BINDING	-0.21117850185420914			
GO_ISWI_TYPE_COMPLEX	-0.21117874922246105			
GSE8921_UNSTIM_VS_TLR1_2_STIM_MONOCYTE_6H_UP	-0.21118377680054382			
ZSCAN31_TARGET_GENES	-0.2111850051133849			
GO_CELLULAR_RESPONSE_TO_ETHER	-0.21119105559893614			
GSE37605_FOXP3_FUSION_GFP_VS_IRES_GFP_TREG_C57BL6_UP	-0.21119820460918295			
MIR4493	-0.21120416515882315			
GO_PROTEIN_LOCALIZATION_TO_SYNAPSE	-0.21120872558480394			
IPA_SRF_DN	-0.21120918438692707			
MIR300	-0.21122707944400154			
IPA_HOXA7_DN	-0.21123352353871624			
GO_NEGATIVE_REGULATION_OF_SIGNALING	-0.21123445338013797			
MAGRANGEAS_MULTIPLE_MYELOMA_IGG_VS_IGA_UP	-0.21123534366766616			
CHEOK_RESPONSE_TO_MERCAPTOPURINE_AND_LD_MTX_UP	-0.21123537283984603			
GSE2706_LPS_VS_R848_AND_LPS_2H_STIM_DC_DN	-0.21124375066710085			
MIR4475	-0.2112514909430725			
GO_MICROTUBULE_ANCHORING	-0.21126256469885119			
PETROVA_PROX1_TARGETS_UP	-0.21126262879378024			
REACTOME_NUCLEAR_SIGNALING_BY_ERBB4	-0.21126267693887318			
GO_GLYCINE_TRANSMEMBRANE_TRANSPORTER_ACTIVITY	-0.21126477553393572			
REACTOME_ACROSOME_REACTION_AND_SPERM_OOCYTE_MEMBRANE_BINDING	-0.2112695255913824			
GO_REGULATION_OF_ER_TO_GOLGI_VESICLE_MEDIATED_TRANSPORT	-0.21129100534294976			
SHIRAISHI_PLZF_TARGETS_DN	-0.21129636775459829			
GSE1925_CTRL_VS_IFNG_PRIMED_MACROPHAGE_3H_IFNG_STIM_DN	-0.21130259083423591			
GO_REGULATION_OF_RECEPTOR_BINDING	-0.2113054661920966			
GO_CELLULAR_RESPONSE_TO_HEPARIN	-0.21130911098339444			
GO_PAM_COMPLEX_TIM23_ASSOCIATED_IMPORT_MOTOR	-0.21131548128318015			
MIR3960_MIR8072	-0.2113217382026722			
GO_POSITIVE_REGULATION_OF_HIGH_VOLTAGE_GATED_CALCIUM_CHANNEL_ACTIVITY	-0.21133374184441242			
GO_OBSERVATIONAL_LEARNING	-0.21133545671861662			
ATOH1_TARGET_GENES	-0.21133981062669674			
GO_DEOXYRIBONUCLEOSIDE_DIPHOSPHATE_METABOLIC_PROCESS	-0.21134881200239133			
REACTOME_VITAMIN_B5_PANTOTHENATE_METABOLISM	-0.21135474190769904			
NOTCH_DN.V1_DN	-0.2113548148302224			
GO_REGULATION_OF_PROSTATIC_BUD_FORMATION	-0.2113567596977283			
MIR4719	-0.21136595626186966			
GO_HMG_BOX_DOMAIN_BINDING	-0.21137224146394054			
GO_LEYDIG_CELL_DIFFERENTIATION	-0.21137226222769737			
REACTOME_CREATINE_METABOLISM	-0.21138518631302747			
MIR6715B_5P	-0.21138593694424163			
KEGG_AMINOACYL_TRNA_BIOSYNTHESIS	-0.2113890028403756			
GO_TRANSCYTOSIS	-0.2113906112542517			
GO_BERGMANN_GLIAL_CELL_DIFFERENTIATION	-0.21140255772287447			
GSE29618_PRE_VS_DAY7_POST_TIV_FLU_VACCINE_BCELL_UP	-0.21140805344347757			
GO_NPBAF_COMPLEX	-0.21141878136355735			
REACTOME_EPH_EPHRIN_SIGNALING	-0.2114231301770344			
GO_FOREBRAIN_REGIONALIZATION	-0.21142468237027115			
GO_TERMINAL_BUTTON_ORGANIZATION	-0.21143076944847647			
GO_NADH_DEHYDROGENASE_ACTIVITY	-0.21143501813797339			
MIR4436B_3P	-0.2114548053076407			
GO_NEUROGENESIS	-0.21146110455810416			
chr14q12	-0.21146238858361577			
GO_HEPARAN_SULFATE_N_ACETYLGLUCOSAMINYLTRANSFERASE_ACTIVITY	-0.21146252770369006			
MELLMAN_TUT1_TARGETS_UP	-0.2114673337341054			
GO_PLANAR_CELL_POLARITY_PATHWAY_INVOLVED_IN_AXIS_ELONGATION	-0.21146999590498577			
TURASHVILI_BREAST_LOBULAR_CARCINOMA_VS_DUCTAL_NORMAL_DN	-0.21147073731717597			
GO_NEURON_APOPTOTIC_PROCESS	-0.21147406443533273			
GO_FLAVIN_CONTAINING_COMPOUND_METABOLIC_PROCESS	-0.21148461023171033			
LOPEZ_TRANSLATION_VIA_FN1_SIGNALING	-0.2114872268560642			
MIR221_3P	-0.21149083684761724			
HALLMARK_WNT_BETA_CATENIN_SIGNALING	-0.21149818599297449			
GO_NUCLEOSIDE_TRANSMEMBRANE_TRANSPORTER_ACTIVITY	-0.21151318062116833			
AGGGCAG_MIR18A	-0.2115159109339802			
REACTOME_UNFOLDED_PROTEIN_RESPONSE_UPR	-0.21151698852058923			
STEINER_ERYTHROCYTE_MEMBRANE_GENES	-0.2115233140480873			
REACTOME_REGULATION_OF_GENE_EXPRESSION_IN_EARLY_PANCREATIC_PRECURSOR_CELLS	-0.21153956911208346			
REACTOME_ACYL_CHAIN_REMODELLING_OF_PI	-0.21154034189969495			
GSE15330_LYMPHOID_MULTIPOTENT_VS_MEGAKARYOCYTE_ERYTHROID_PROGENITOR_IKAROS_KO_UP	-0.2115423452947286			
BYSTRYKH_HEMATOPOIESIS_STEM_CELL_AND_BRAIN_QTL_TRANS	-0.2115569854749127			
GO_NADH_DEHYDROGENASE_COMPLEX_ASSEMBLY	-0.21159679058892192			
GSE37605_C57BL6_VS_NOD_FOXP3_FUSION_GFP_TREG_UP	-0.21160138514532803			
GSE12392_WT_VS_IFNB_KO_CD8A_NEG_SPLEEN_DC_UP	-0.21160265924318694			
GRUETZMANN_PANCREATIC_CANCER_DN	-0.2116275319171381			
IPA_CTCF_DN	-0.21163359569834914			
GO_TORC1_COMPLEX	-0.21163468653631576			
GO_REGULATION_OF_GLYCOGEN_STARCH_SYNTHASE_ACTIVITY	-0.21166430484237375			
GO_ENOYL_COA_HYDRATASE_ACTIVITY	-0.2116913612201183			
GO_REGULATION_OF_RELAXATION_OF_CARDIAC_MUSCLE	-0.21170244857514706			
ALONSO_METASTASIS_NEURAL_UP	-0.21171156447009387			
MIR544B	-0.21171393766716912			
GSE23308_WT_VS_MINERALCORTICOID_REC_KO_MACROPHAGE_CORTICOSTERONE_TREATED_UP	-0.21174085797267916			
GSE13173_UNTREATED_VS_IL12_TREATED_ACT_CD8_TCELL_UP	-0.2117441079404893			
GO_POSITIVE_REGULATION_OF_LAMELLIPODIUM_MORPHOGENESIS	-0.21174564592582779			
chr10p14	-0.21176403051287643			
AATGTGA_MIR23A_MIR23B	-0.21177406115493191			
GO_POSITIVE_REGULATION_OF_BMP_SIGNALING_PATHWAY	-0.21177478376370387			
BIOCARTA_LEPTIN_PATHWAY	-0.21177499891229465			
GSE27786_LSK_VS_BCELL_UP	-0.21179726587186962			
MIR4688	-0.21181369141074086			
GO_MESODERMAL_CELL_MIGRATION	-0.21181990798684097			
WEI_MIR34A_TARGETS	-0.21184122045780224			
GO_HYALURONAN_METABOLIC_PROCESS	-0.21185105102104357			
GO_INHIBITION_OF_NEUROEPITHELIAL_CELL_DIFFERENTIATION	-0.21186770874343033			
GO_HEME_METABOLIC_PROCESS	-0.21187000714872414			
AGCTCCT_MIR28	-0.2118720779381452			
GO_REGULATION_OF_INTEGRIN_ACTIVATION	-0.2118875848002309			
MIR6801_3P	-0.21189103458497452			
GOZGIT_ESR1_TARGETS_DN	-0.2118970702771134			
HOFMANN_MYELODYSPLASTIC_SYNDROM_HIGH_RISK_UP	-0.21190392375082115			
MIR5699_5P	-0.21190625187522916			
GO_LIGASE_ACTIVITY_FORMING_PHOSPHORIC_ESTER_BONDS	-0.21191514549670573			
GO_PYRIMIDINE_RIBONUCLEOSIDE_TRIPHOSPHATE_METABOLIC_PROCESS	-0.21191648597615037			
MIR211_3P	-0.2119167374344519			
MIR654_5P	-0.21192009140458465			
IPA_HNF1B_DN	-0.2119211180353973			
BIOCARTA_SHH_PATHWAY	-0.2119347108919176			
GO_NEGATIVE_REGULATION_OF_METALLOPEPTIDASE_ACTIVITY	-0.2119361028528212			
GO_CELLULAR_RESPONSE_TO_NICOTINE	-0.2119407124815495			
OCT1_01	-0.2119427891259275			
SANCHEZ_MDM2_TARGETS	-0.21194625469063294			
GO_ORGANIC_HYDROXY_COMPOUND_TRANSPORT	-0.21194699439866496			
GO_POSITIVE_REGULATION_OF_MUSCLE_HYPERTROPHY	-0.21195328474919523			
MIR4283	-0.21196303654542292			
PID_HEDGEHOG_2PATHWAY	-0.21196435429448968			
MIR550B_2_5P	-0.21196779590766623			
GSE5455_HEALTHY_VS_TUMOR_BEARING_MOUSE_SPLEEN_MONOCYTE_24H_INCUBATION_UP	-0.21197749508028682			
BACOLOD_RESISTANCE_TO_ALKYLATING_AGENTS_UP	-0.21199321718838282			
GO_NEURONAL_ACTION_POTENTIAL	-0.21200277572819717			
GO_REGULATION_OF_ERBB_SIGNALING_PATHWAY	-0.2120032123602424			
YNGTTNNNATT_UNKNOWN	-0.2120169935736583			
GO_PHOSPHATASE_COMPLEX	-0.21202297460357786			
GO_SMOOTHENED_SIGNALING_PATHWAY_INVOLVED_IN_DORSAL_VENTRAL_NEURAL_TUBE_PATTERNING	-0.2120311643951523			
GO_POSITIVE_REGULATION_OF_PROTEIN_KINASE_A_SIGNALING	-0.2120389936495229			
GO_SIN3_TYPE_COMPLEX	-0.2120479638062829			
GO_MITOTIC_SPINDLE_ORGANIZATION	-0.21205039601891248			
GSE22611_NOD2_TRANSD_VS_CTRL_TRANSD_HEK293_MDP_STIM_2H_DN	-0.2120516169869181			
REACTOME_TRANSCRIPTIONAL_REGULATION_BY_E2F6	-0.21205181801094705			
GO_ALPHA_N_ACETYLNEURAMINATE_ALPHA_2_8_SIALYLTRANSFERASE_ACTIVITY	-0.21205634626800068			
MIR6873_5P	-0.21205963037662587			
GO_ROUNDABOUT_BINDING	-0.21207272893915258			
KRAS.DF.V1_DN	-0.2121165870436542			
HALLMARK_PANCREAS_BETA_CELLS	-0.21211758033901842			
GO_REGULATION_OF_RECEPTOR_MEDIATED_ENDOCYTOSIS_INVOLVED_IN_CHOLESTEROL_TRANSPORT	-0.2121288079040597			
GO_PROTEIN_LOCALIZATION_TO_PHAGOPHORE_ASSEMBLY_SITE	-0.21213764667223925			
GO_ADENYLATE_CYCLASE_ACTIVATING_G_PROTEIN_COUPLED_RECEPTOR_SIGNALING_PATHWAY	-0.21213955986881902			
GO_NEGATIVE_REGULATION_OF_DEVELOPMENTAL_GROWTH	-0.21214292549768196			
GO_BLOOD_COAGULATION_INTRINSIC_PATHWAY	-0.21215052320859232			
GO_REGULATION_OF_VOLTAGE_GATED_CALCIUM_CHANNEL_ACTIVITY	-0.212151758387439			
chr1q22	-0.2121535334123409			
GO_SOFT_PALATE_DEVELOPMENT	-0.21217022849938424			
REACTOME_ESTROGEN_DEPENDENT_NUCLEAR_EVENTS_DOWNSTREAM_OF_ESR_MEMBRANE_SIGNALING	-0.21217575117392334			
ASGHARZADEH_NEUROBLASTOMA_POOR_SURVIVAL_DN	-0.21217834823924286			
ACTAYRNNNCCCR_UNKNOWN	-0.21217988162433693			
MIR4441	-0.21218307708868772			
MIR3128	-0.2121871887896516			
GSE14413_UNSTIM_VS_IFNB_STIM_L929_CELLS_DN	-0.21218829323573588			
GO_POSITIVE_REGULATION_OF_STEM_CELL_POPULATION_MAINTENANCE	-0.21219396780508318			
MIR5189_5P	-0.21220140920923963			
IPA_GLI3_DN	-0.21221599118027334			
REACTOME_TYPE_I_HEMIDESMOSOME_ASSEMBLY	-0.21221627386814867			
GO_REGULATION_OF_PROTEIN_CATABOLIC_PROCESS	-0.21224650336817152			
MIR499B_5P	-0.2122512174682864			
GO_RENAL_WATER_HOMEOSTASIS	-0.21225385673095015			
REACTOME_MINERALOCORTICOID_BIOSYNTHESIS	-0.21226228737508487			
GO_EXCITATORY_SYNAPSE	-0.2122669731026111			
GSE360_L_DONOVANI_VS_L_MAJOR_DC_UP	-0.21228859889803398			
MIZUSHIMA_AUTOPHAGOSOME_FORMATION	-0.2122972621004436			
GO_PEPTIDE_ALPHA_N_ACETYLTRANSFERASE_ACTIVITY	-0.21230521400690727			
REACTOME_CYP2E1_REACTIONS	-0.21230748860315088			
GO_NEGATIVE_REGULATION_OF_EPIDERMAL_CELL_DIFFERENTIATION	-0.21231349647940012			
AGTGCGT_MIR521	-0.212316251606904			
HOXB7_TARGET_GENES	-0.21232629098290975			
GO_ARYLESTERASE_ACTIVITY	-0.2123411011540551			
FONTAINE_THYROID_TUMOR_UNCERTAIN_MALIGNANCY_UP	-0.21234489324249617			
GO_MYOFIBRIL_ASSEMBLY	-0.21235663702433244			
SIRNA_EIF4GI_UP	-0.2123634837974202			
IPA_NANOG_DN	-0.21237318362731467			
MIR3074_5P	-0.21241023108156293			
CSHL1_TARGET_GENES	-0.21241119021211613			
GO_ZYMOGEN_GRANULE	-0.21241431151064377			
REACTOME_GLYCOSAMINOGLYCAN_METABOLISM	-0.21241576267197115			
REACTOME_REGULATION_OF_RUNX1_EXPRESSION_AND_ACTIVITY	-0.21242726180434404			
GO_CELL_DIFFERENTIATION_INVOLVED_IN_METANEPHROS_DEVELOPMENT	-0.21243046083083436			
GO_HIS_PURKINJE_SYSTEM_DEVELOPMENT	-0.21243639889061655			
GSE17721_POLYIC_VS_GARDIQUIMOD_8H_BMDC_DN	-0.2124386419587726			
HALLMARK_PEROXISOME	-0.2124466087607297			
GO_PHENOL_CONTAINING_COMPOUND_METABOLIC_PROCESS	-0.21247156258852334			
MIR6787_5P	-0.21247999592404604			
MIR744_5P	-0.2124976215026522			
GSE29949_DC_BRAIN_VS_MONOCYTE_BONE_MARROW_DN	-0.21249954855866193			
IL21_UP.V1_DN	-0.2124999073037576			
ZBTB5_TARGET_GENES	-0.21251175557866986			
GO_FACE_DEVELOPMENT	-0.21252009102224315			
MIR548AS_3P	-0.21252219220797733			
GSE22229_RENAL_TRANSPLANT_VS_HEALTHY_PBMC_DN	-0.21252793358986227			
JACKSON_DNMT1_TARGETS_DN	-0.2125316353580245			
RNTCANNRNNYNATTW_UNKNOWN	-0.21253258001802805			
GO_REGULATION_OF_ANDROGEN_RECEPTOR_SIGNALING_PATHWAY	-0.2125423316889563			
GO_NEGATIVE_REGULATION_OF_SMOOTH_MUSCLE_CELL_DIFFERENTIATION	-0.21254691736209527			
BIOCARTA_PRC2_PATHWAY	-0.21255205779263428			
GSE19888_CTRL_VS_A3R_ACTIVATION_MAST_CELL_UP	-0.2125541595548705			
COBLL1_TARGET_GENES	-0.21255561983679572			
IPA_ETV5_UP	-0.21255698245874594			
IPA_KDM6B_DN	-0.21256217694414797			
MIR4774_3P	-0.2125689802113278			
GO_REGULATION_OF_POTASSIUM_ION_EXPORT_ACROSS_PLASMA_MEMBRANE	-0.21256910198839093			
GSE16755_CTRL_VS_IFNA_TREATED_MAC_UP	-0.21257469453198796			
GSE360_CTRL_VS_B_MALAYI_LOW_DOSE_MAC_UP	-0.2125887979891762			
MIR3927_3P	-0.21259563643656076			
ZNF320_TARGET_GENES	-0.21259621660939743			
GO_NEGATIVE_REGULATION_OF_NEUROTRANSMITTER_TRANSPORT	-0.21260469973919746			
GSE35825_IFNA_VS_IFNG_STIM_MACROPHAGE_DN	-0.21260537497698845			
GO_CARBOHYDRATE_DERIVATIVE_BIOSYNTHETIC_PROCESS	-0.2126119683301791			
GO_POSITIVE_REGULATION_OF_NUCLEASE_ACTIVITY	-0.212619453049327			
MIR380_3P	-0.21262234343072686			
REACTOME_O_LINKED_GLYCOSYLATION	-0.21262441932385387			
GO_TRIGLYCERIDE_RICH_PLASMA_LIPOPROTEIN_PARTICLE	-0.21262834585519713			
GSE27786_BCELL_VS_CD4_TCELL_UP	-0.21263591786978142			
GO_LEARNING	-0.21266272042493553			
KRASNOSELSKAYA_ILF3_TARGETS_DN	-0.21266823405678506			
MINGUEZ_LIVER_CANCER_VASCULAR_INVASION_UP	-0.21267858252317873			
SESTO_RESPONSE_TO_UV_C7	-0.2126886547910983			
GSE42088_2H_VS_24H_LEISHMANIA_INF_DC_DN	-0.2127040956645759			
GO_NEURONAL_ACTION_POTENTIAL_PROPAGATION	-0.2127106179677353			
GO_TRANSCRIPTION_FACTOR_TFIIIB_COMPLEX	-0.21271462522891962			
GO_TELENCEPHALON_REGIONALIZATION	-0.21272589748689671			
GSE1925_3H_VS_24H_IFNG_STIM_IFNG_PRIMED_MACROPHAGE_UP	-0.21273004780691557			
WEST_ADRENOCORTICAL_CARCINOMA_VS_ADENOMA_UP	-0.21273367960348147			
GO_POSITIVE_REGULATION_OF_SYNAPTIC_TRANSMISSION	-0.21274671506790965			
GO_ANION_HOMEOSTASIS	-0.21275326086008123			
FLECHNER_BIOPSY_KIDNEY_TRANSPLANT_REJECTED_VS_OK_DN	-0.2127595022855748			
GO_MITOCHONDRIAL_RNA_CATABOLIC_PROCESS	-0.21276941099337404			
HFH1_01	-0.21277320066292327			
AAAGGGA_MIR204_MIR211	-0.21277668265323196			
IPA_CHD4_DN	-0.2127776961337887			
IPA_NEUROD2_UP	-0.2127793955997029			
IPA_CREM_DN	-0.2127800546936874			
MIR140_3P	-0.21278493161926434			
RODRIGUES_THYROID_CARCINOMA_ANAPLASTIC_DN	-0.21280181339146562			
GO_REGULATION_OF_GLYCOGEN_METABOLIC_PROCESS	-0.21280470810195892			
LIU_IL13_MEMORY_MODEL_DN	-0.21280772324038402			
GO_GLUTAMATE_CATABOLIC_PROCESS	-0.21280802698123769			
GO_NF_KAPPAB_INDUCING_KINASE_ACTIVITY	-0.21281182192747983			
GCCATNTTG_YY1_Q6	-0.21281740471291175			
IPA_TAL1_DN	-0.21281955796571156			
GO_CILIUM_ORGANIZATION	-0.2128230434875147			
GO_REGULATION_OF_GLYCOPROTEIN_METABOLIC_PROCESS	-0.2128377233395421			
REACTOME_DIGESTION	-0.21284857620262404			
GO_ESTABLISHMENT_OF_PLANAR_POLARITY_INVOLVED_IN_NEURAL_TUBE_CLOSURE	-0.21285460024916594			
CAGTATT_MIR200B_MIR200C_MIR429	-0.2128612414376165			
GO_DENSE_CORE_GRANULE_TRANSPORT	-0.2128732581434612			
GO_RESPONSE_TO_STEROL	-0.21287437282754304			
GO_RUFFLE	-0.21287584226307998			
MIR4633_5P	-0.21288777978301485			
IPA_ERG_DN	-0.2128885210538725			
LEE_TARGETS_OF_PTCH1_AND_SUFU_DN	-0.2128981548984923			
GSE3982_MAST_CELL_VS_BCELL_UP	-0.21290055582130743			
MIR4789_3P	-0.21290114660171489			
GO_PHOSPHATIDYLINOSITOL_4_5_BISPHOSPHATE_BINDING	-0.21291288310200773			
GO_POSITIVE_REGULATION_OF_CELLULAR_AMINE_METABOLIC_PROCESS	-0.21291386672051038			
CLASPER_LYMPHATIC_VESSELS_DURING_METASTASIS_UP	-0.21292016668121108			
chr11p13	-0.21293333674461387			
GO_MULTICELLULAR_ORGANISM_GROWTH	-0.21293727390093695			
CGCTGCT_MIR503	-0.2129428902058126			
GO_CELL_BODY	-0.21294736373936649			
REACTOME_PLASMA_LIPOPROTEIN_REMODELING	-0.2129703403384978			
GO_INTERMEDIATE_FILAMENT_BASED_PROCESS	-0.21297569588983387			
TOOKER_GEMCITABINE_RESISTANCE_UP	-0.2129776254714081			
BIOCARTA_LONGEVITY_PATHWAY	-0.2129786828397688			
SREBP_Q3	-0.21298222593073085			
GO_REGULATION_OF_MELANIN_BIOSYNTHETIC_PROCESS	-0.21298477779599445			
MDM2_TARGET_GENES	-0.21298978622789536			
GO_NEGATIVE_REGULATION_OF_TRANSCRIPTION_BY_RNA_POLYMERASE_II	-0.21300213298103063			
REACTOME_THYROXINE_BIOSYNTHESIS	-0.21300418690493209			
GO_REGULATION_OF_LAMELLIPODIUM_MORPHOGENESIS	-0.21300965919235032			
GO_RAN_GTPASE_BINDING	-0.21301537525419426			
GSE21546_UNSTIM_VS_ANTI_CD3_STIM_DP_THYMOCYTES_UP	-0.2130199932290393			
REACTOME_N_GLYCAN_ANTENNAE_ELONGATION	-0.21302703103613227			
GO_DIGESTION	-0.21302790673803754			
GO_REGULATION_OF_TRANSLATION_AT_SYNAPSE_MODULATING_SYNAPTIC_TRANSMISSION	-0.2130297064406731			
GO_LYSOSOMAL_TRANSPORT	-0.21303866611164995			
GO_CHOLINE_CATABOLIC_PROCESS	-0.21304455923266197			
SCHAEFFER_PROSTATE_DEVELOPMENT_AND_CANCER_BOX3	-0.21304738841630522			
GO_ORGAN_INDUCTION	-0.21304988518661058			
REACTOME_EPHA_MEDIATED_GROWTH_CONE_COLLAPSE	-0.21305568394373062			
GO_RESPONSE_TO_ACETYLCHOLINE	-0.21306125922607036			
chr20q12	-0.21308203054587915			
ELVIDGE_HYPOXIA_DN	-0.2130823286804853			
GO_POSITIVE_REGULATION_OF_RESPONSE_TO_WOUNDING	-0.21308723233774435			
GO_CARBOHYDRATE_PHOSPHORYLATION	-0.213100021990598			
IPA_ASCL1_UP	-0.21310289402050084			
IPA_NFATC3_UP	-0.21310294555204318			
GO_PHAGOSOME_MATURATION	-0.2131095520433736			
IPA_KDR_DN	-0.21311724583049446			
MIKHAYLOVA_OXIDATIVE_STRESS_RESPONSE_VIA_VHL_UP	-0.21313048212336136			
GO_COLUMNAR_CUBOIDAL_EPITHELIAL_CELL_DEVELOPMENT	-0.21313357583476494			
MIR4691_3P	-0.2131348887645645			
IPA_EED_DN	-0.2131377613750011			
GO_REGULATION_OF_MACROPHAGE_MIGRATION	-0.2131555441529129			
GO_BENZODIAZEPINE_RECEPTOR_ACTIVITY	-0.21315604754331852			
GSE40274_FOXP3_VS_FOXP3_AND_LEF1_TRANSDUCED_ACTIVATED_CD4_TCELL_DN	-0.2131597828894917			
XBP1_01	-0.21316621533671626			
GO_SIALYLTRANSFERASE_ACTIVITY	-0.21317017243186345			
GO_SIALYLATION	-0.21317017243186345			
SCHLOSSER_MYC_AND_SERUM_RESPONSE_SYNERGY	-0.21317787440624328			
JIANG_TIP30_TARGETS_DN	-0.21318101430575292			
REACTOME_VITAMIN_C_ASCORBATE_METABOLISM	-0.2131873543771974			
MIR28_5P	-0.21320518416117507			
chr20q11	-0.213216195490899			
MIR1184	-0.21322272706981332			
MIR381_3P	-0.21322418331041804			
GO_CEREBELLAR_PURKINJE_CELL_LAYER_MORPHOGENESIS	-0.21322502655566375			
GSE7548_NAIVE_VS_DAY28_PCC_IMMUNIZATION_CD4_TCELL_UP	-0.21323915551485742			
ZFP37_TARGET_GENES	-0.2132556464870905			
SOX11_TARGET_GENES	-0.21325962252344768			
BIOCARTA_TGFB_PATHWAY	-0.21326778234066687			
MALTA_CURATED_STEMNESS_MARKERS	-0.21327790096475174			
REACTOME_SUMOYLATION_OF_TRANSCRIPTION_FACTORS	-0.21328325837801226			
GO_ACETYLCHOLINE_RECEPTOR_INHIBITOR_ACTIVITY	-0.2132853515440676			
PID_LIS1_PATHWAY	-0.21329840956119456			
GSE6674_UNSTIM_VS_PL2_3_STIM_BCELL_UP	-0.21330486179876873			
GO_PATTERN_SPECIFICATION_INVOLVED_IN_KIDNEY_DEVELOPMENT	-0.21331215994130362			
IPA_E2F3_UP	-0.2133150251198371			
GSE17721_POLYIC_VS_CPG_1H_BMDC_DN	-0.2133169613013532			
REACTOME_ASSEMBLY_OF_THE_HIV_VIRION	-0.21334316198009526			
SCHAEFFER_PROSTATE_DEVELOPMENT_AND_CANCER_BOX2_DN	-0.21334592324422025			
GO_NEPHRON_EPITHELIUM_DEVELOPMENT	-0.21334877934004964			
CTTTAAR_UNKNOWN	-0.2133507046332052			
GO_RESPONSE_TO_SELENIUM_ION	-0.2133915943917962			
GO_BETA_TUBULIN_BINDING	-0.2134144917123508			
GO_PORPHYRIN_CONTAINING_COMPOUND_METABOLIC_PROCESS	-0.21341782788109553			
GO_NEGATIVE_REGULATION_OF_PROTEIN_CONTAINING_COMPLEX_DISASSEMBLY	-0.21341976628124057			
GSE17721_POLYIC_VS_CPG_0.5H_BMDC_UP	-0.21342009511632354			
GO_INSULIN_LIKE_GROWTH_FACTOR_RECEPTOR_BINDING	-0.21343045389617885			
GO_VESICLE_FUSION_TO_PLASMA_MEMBRANE	-0.21344059118644293			
GO_EOSINOPHIL_CHEMOTAXIS	-0.2134591506497246			
GO_PROLINE_METABOLIC_PROCESS	-0.2134827552751928			
IPA_PAX5_DN	-0.2134830816595734			
RICKMAN_TUMOR_DIFFERENTIATED_WELL_VS_POORLY_UP	-0.2134855328868434			
RIZ_ERYTHROID_DIFFERENTIATION_HEMGN	-0.213495002157027			
MIR4261	-0.21349600627804297			
RBM34_TARGET_GENES	-0.2135059814350763			
IPA_HOXD8_DN	-0.2135075124827695			
GO_ENTRAINMENT_OF_CIRCADIAN_CLOCK_BY_PHOTOPERIOD	-0.21352184407821667			
GO_GLYCOSPHINGOLIPID_BINDING	-0.21353450885303005			
GO_NERVOUS_SYSTEM_PROCESS	-0.21353937383211108			
MATZUK_SPERMATOZOA	-0.21354126800499157			
NIKOLSKY_BREAST_CANCER_16P13_AMPLICON	-0.2135452444124532			
SANSOM_APC_TARGETS_REQUIRE_MYC	-0.21355234119169056			
RUAN_RESPONSE_TO_TROGLITAZONE_UP	-0.2135536257276501			
ZNF547_TARGET_GENES	-0.2135626401468593			
MIR10399_5P	-0.2135741607040575			
REACTOME_FATTY_ACID_METABOLISM	-0.21357659921905484			
MIR2355_5P	-0.21359129381005942			
chr4p11	-0.21359145428545917			
GO_INTRINSIC_COMPONENT_OF_PEROXISOMAL_MEMBRANE	-0.2135920367667128			
GO_ASTROCYTE_DIFFERENTIATION	-0.21359483601317203			
MIKKELSEN_IPS_WITH_HCP_H3K27ME3	-0.2136214821023903			
REACTOME_FORMATION_OF_THE_CORNIFIED_ENVELOPE	-0.2136249489320548			
GO_SKELETAL_SYSTEM_DEVELOPMENT	-0.21362663896233458			
GO_PROTEIN_ACETYLATION	-0.21363073326229687			
GTACTGT_MIR101	-0.21363648068648766			
MIR6750_5P	-0.2136434248116651			
CHIARADONNA_NEOPLASTIC_TRANSFORMATION_KRAS_DN	-0.21364500212165566			
GO_RESPONSE_TO_AUDITORY_STIMULUS	-0.21364765169586505			
GO_FAT_SOLUBLE_VITAMIN_METABOLIC_PROCESS	-0.2136496953787084			
TAL1ALPHAE47_01	-0.21366284830867807			
GO_NEURAL_PLATE_ANTERIOR_POSTERIOR_REGIONALIZATION	-0.21367327839321038			
REACTOME_ABORTIVE_ELONGATION_OF_HIV_1_TRANSCRIPT_IN_THE_ABSENCE_OF_TAT	-0.21367815561947687			
GO_CELLULAR_RESPONSE_TO_OXIDISED_LOW_DENSITY_LIPOPROTEIN_PARTICLE_STIMULUS	-0.2136850006175026			
GO_DNA_BINDING_TRANSCRIPTION_ACTIVATOR_ACTIVITY	-0.2136850036285507			
GO_INTRINSIC_APOPTOTIC_SIGNALING_PATHWAY_IN_RESPONSE_TO_ENDOPLASMIC_RETICULUM_STRESS	-0.2136915567936734			
REACTOME_TRANSMISSION_ACROSS_CHEMICAL_SYNAPSES	-0.2136985107677986			
GO_HEART_INDUCTION	-0.21369924583314528			
GO_BILE_ACID_METABOLIC_PROCESS	-0.21370461435961408			
REACTOME_PRESYNAPTIC_FUNCTION_OF_KAINATE_RECEPTORS	-0.21371750171298132			
IPA_VSX2_DN	-0.21374302136602047			
REACTOME_G_ALPHA_12_13_SIGNALLING_EVENTS	-0.21375105417726367			
GO_REGULATION_OF_ENDOPLASMIC_RETICULUM_STRESS_INDUCED_INTRINSIC_APOPTOTIC_SIGNALING_PATHWAY	-0.21375551881928276			
TST1_01	-0.2137562206605593			
CGTSACG_PAX3_B	-0.21377211063788773			
GO_MICROTUBULE_NUCLEATION_BY_INTERPHASE_MICROTUBULE_ORGANIZING_CENTER	-0.21377387149444035			
GSE2706_UNSTIM_VS_8H_LPS_AND_R848_DC_UP	-0.2137915327009776			
MIR3130_3P	-0.21379562588502307			
REACTOME_MISSPLICED_LRP5_MUTANTS_HAVE_ENHANCED_BETA_CATENIN_DEPENDENT_SIGNALING	-0.2137988555032466			
GSE8921_UNSTIM_0H_VS_TLR1_2_STIM_MONOCYTE_3H_DN	-0.2138254204377429			
GO_CARDIAC_MUSCLE_CELL_ACTION_POTENTIAL_INVOLVED_IN_CONTRACTION	-0.21383383578544482			
REACTOME_VISUAL_PHOTOTRANSDUCTION	-0.21385197877522036			
GO_REGULATION_OF_CHOLESTEROL_METABOLIC_PROCESS	-0.21385684054128898			
GSE11961_PLASMA_CELL_DAY7_VS_MEMORY_BCELL_DAY40_DN	-0.21386352476292778			
IPA_SMAD6_UP	-0.2138644854713056			
GSE27670_CTRL_VS_LMP1_TRANSDUCED_GC_BCELL_DN	-0.21387080556014726			
GO_CEREBRAL_CORTEX_CELL_MIGRATION	-0.21387737967080875			
GO_POSITIVE_REGULATION_OF_RYANODINE_SENSITIVE_CALCIUM_RELEASE_CHANNEL_ACTIVITY	-0.21387800565612766			
GO_PROTEIN_O_LINKED_MANNOSYLATION	-0.21387859000574622			
GO_DENDRITIC_SHAFT	-0.21388977010877738			
GO_VITAMIN_B6_BINDING	-0.21389179526570615			
GSE29618_PRE_VS_DAY7_POST_LAIV_FLU_VACCINE_BCELL_DN	-0.21391435180693777			
GO_BRANCHING_MORPHOGENESIS_OF_A_NERVE	-0.21394332181642392			
IPA_MECP2_DN	-0.21394345247701005			
GO_CLATHRIN_SCULPTED_GAMMA_AMINOBUTYRIC_ACID_TRANSPORT_VESICLE_MEMBRANE	-0.21394675999312188			
MIR625_5P	-0.21395399020298814			
DACOSTA_ERCC3_ALLELE_XPCS_VS_TTD_UP	-0.2139645600586631			
BIOCARTA_SKP2E2F_PATHWAY	-0.2139658533051242			
GO_REGULATION_OF_INNER_EAR_AUDITORY_RECEPTOR_CELL_DIFFERENTIATION	-0.21397147438056796			
GO_RNA_POLYMERASE_II_SPECIFIC_DNA_BINDING_TRANSCRIPTION_FACTOR_BINDING	-0.2139772735518566			
REACTOME_SIGNALING_BY_RETINOIC_ACID	-0.2139897081984894			
GO_CELLULAR_RESPONSE_TO_PEPTIDE_HORMONE_STIMULUS	-0.21399160000548473			
GO_REGULATION_OF_PLATELET_DERIVED_GROWTH_FACTOR_RECEPTOR_BETA_SIGNALING_PATHWAY	-0.2139946846861443			
MIR7160_3P	-0.21399582544279483			
MIR508_3P	-0.2139995446231492			
REACTOME_ASPARTATE_AND_ASPARAGINE_METABOLISM	-0.2140078635975436			
REACTOME_PI_3K_CASCADE_FGFR2	-0.2140215511691148			
PID_LPA4_PATHWAY	-0.2140344596989287			
EGFR_UP.V1_DN	-0.21404082128145574			
GAVIN_FOXP3_TARGETS_CLUSTER_P3	-0.21404665235567075			
MIR622	-0.214053137160375			
ZHANG_GATA6_TARGETS_UP	-0.21406769187635893			
GO_POSITIVE_REGULATION_OF_MORPHOGENESIS_OF_AN_EPITHELIUM	-0.21406909415830702			
MIKKELSEN_NPC_ICP_WITH_H3K27ME3	-0.2140716744737903			
GO_SERINE_TYPE_ENDOPEPTIDASE_INHIBITOR_ACTIVITY	-0.21407421127051712			
GO_SYNAPTIC_MEMBRANE_ADHESION	-0.2140757400023763			
IPA_WT1_DN	-0.21407691248058638			
GSE19888_ADENOSINE_A3R_ACT_VS_TCELL_MEMBRANES_ACT_IN_MAST_CELL_DN	-0.2140791628941548			
MIR6889_5P	-0.21408661556361244			
GO_MITOCHONDRIAL_RESPIRATORY_CHAIN_COMPLEX_IV	-0.214093397013805			
GO_TAU_PROTEIN_BINDING	-0.2140981286509028			
GO_SPHINGOLIPID_TRANSFER_ACTIVITY	-0.2141036611260139			
GO_PEPTIDYL_LYSINE_ACETYLATION	-0.21411338410073466			
KEGG_GNRH_SIGNALING_PATHWAY	-0.21411876972635005			
WEBER_METHYLATED_ICP_IN_SPERM_UP	-0.21412083731318263			
GO_AMINO_ACID_BINDING	-0.21413818812121052			
GO_RESPONSE_TO_IRON_II_ION	-0.21414372465493006			
GO_NUCLEOSOMAL_DNA_BINDING	-0.21415639539683504			
LE_EGR2_TARGETS_DN	-0.2141625969681499			
GSE21063_CTRL_VS_ANTI_IGM_STIM_BCELL_NFATC1_KO_8H_UP	-0.21416522596491874			
GO_CHLORIDE_CHANNEL_COMPLEX	-0.21417943202021691			
GO_2_ACYLGLYCEROL_O_ACYLTRANSFERASE_ACTIVITY	-0.21419468239270154			
ZIRN_TRETINOIN_RESPONSE_WT1_DN	-0.214198985830619			
KEGG_AXON_GUIDANCE	-0.21420723162596883			
GO_NEURAL_PLATE_REGIONALIZATION	-0.21421666550248622			
TONKS_TARGETS_OF_RUNX1_RUNX1T1_FUSION_GRANULOCYTE_UP	-0.21423046888697653			
TTTGCAC_MIR19A_MIR19B	-0.21423226718902613			
XU_GH1_EXOGENOUS_TARGETS_UP	-0.21423248758572827			
GO_EXTRINSIC_COMPONENT_OF_POSTSYNAPTIC_DENSITY_MEMBRANE	-0.21423673921259279			
GO_PEPTIDE_HORMONE_BINDING	-0.2142420071051607			
REACTOME_ION_CHANNEL_TRANSPORT	-0.21425115293944463			
GSE13738_RESTING_VS_BYSTANDER_ACTIVATED_CD4_TCELL_UP	-0.2142733951840565			
GO_PROTEIN_LOCALIZATION_TO_CELL_CORTEX	-0.2142851481973592			
MIR4516	-0.2142860157680421			
RIZ_ERYTHROID_DIFFERENTIATION_APOBEC2	-0.21429515254921208			
MIR205_5P	-0.21430499038213624			
IPA_RREB1_UP	-0.21431093699317982			
MIR155_3P	-0.21432262238516614			
GO_NEUROMUSCULAR_JUNCTION	-0.21432347893454887			
FREAC3_01	-0.21433731114656715			
GO_ENDOCARDIUM_MORPHOGENESIS	-0.2143439733798989			
GSE21063_WT_VS_NFATC1_KO_16H_ANTI_IGM_STIM_BCELL_DN	-0.21435301176599475			
GO_SENSORY_PERCEPTION_OF_PAIN	-0.21435505931611984			
SANDERSON_PPARA_TARGETS	-0.21435535186527427			
chr7q36	-0.21436056474116993			
GO_TYPE_II_TRANSFORMING_GROWTH_FACTOR_BETA_RECEPTOR_BINDING	-0.21436549022981086			
GO_HORMONE_RECEPTOR_BINDING	-0.2143764668525398			
GO_NEGATIVE_REGULATION_OF_NOREPINEPHRINE_SECRETION	-0.21437728723933466			
GO_NEGATIVE_REGULATION_OF_T_HELPER_17_TYPE_IMMUNE_RESPONSE	-0.21438024231544905			
IPA_IRX4_UP	-0.2143840785314236			
GSE37532_WT_VS_PPARG_KO_VISCERAL_ADIPOSE_TISSUE_TCONV_DN	-0.2143938557613931			
GO_RETINAL_BINDING	-0.21440129462129337			
GO_PROTEIN_LOCALIZATION_TO_EARLY_ENDOSOME	-0.21442435243241592			
IPA_NEUROG1_UP	-0.21443948872295018			
GO_NEGATIVE_REGULATION_OF_TRANSCRIPTION_FROM_RNA_POLYMERASE_II_PROMOTER_IN_RESPONSE_TO_STRESS	-0.2144399716827767			
GSE20500_CTRL_VS_RETINOIC_ACID_TREATED_CD4_TCELL_UP	-0.21444783903617737			
PID_SYNDECAN_3_PATHWAY	-0.21445043197594735			
CREB_Q2_01	-0.2144553225181071			
REACTOME_DEFECTIVE_EXT2_CAUSES_EXOSTOSES_2	-0.21448639955225013			
chr18q12	-0.21450311255219803			
MIR506_3P	-0.21450331468945186			
AAGTCCA_MIR422B_MIR422A	-0.2145138545630863			
GO_MICROTUBULE_BINDING	-0.2145173414840197			
NFXL1_TARGET_GENES	-0.21452797748557376			
GO_CITRULLINE_METABOLIC_PROCESS	-0.2145413951177361			
GO_DIGESTIVE_SYSTEM_PROCESS	-0.2145478784349386			
GSE2405_0H_VS_3H_A_PHAGOCYTOPHILUM_STIM_NEUTROPHIL_UP	-0.214552983813021			
YAO_HOXA10_TARGETS_VIA_PROGESTERONE_UP	-0.21455629074560503			
ZNF592_TARGET_GENES	-0.21456283549396543			
IPA_NFATC1_DN	-0.214574872525314			
DING_LUNG_CANCER_BY_MUTATION_RATE	-0.21458051533899822			
GO_VACUOLAR_TRANSPORT	-0.21458556269297657			
GO_MIRNA_BINDING	-0.21458874258575916			
IPA_MAFF_UP	-0.21458897582581016			
GO_NEGATIVE_REGULATION_OF_TELOMERASE_ACTIVITY	-0.21459729577615355			
RSRFC4_Q2	-0.21460192596397348			
GO_POSITIVE_REGULATION_OF_SODIUM_ION_TRANSMEMBRANE_TRANSPORTER_ACTIVITY	-0.21460383143308132			
GO_METALLOEXOPEPTIDASE_ACTIVITY	-0.21460881483919678			
GO_BEHAVIORAL_RESPONSE_TO_ETHANOL	-0.21461962687289068			
GO_POSITIVE_REGULATION_OF_TOOTH_MINERALIZATION	-0.2146281918016035			
MIR3196	-0.21463695749441275			
REACTOME_METABOLISM_OF_COFACTORS	-0.21465367693096166			
RAMASWAMY_METASTASIS_UP	-0.21467122115032303			
GO_POSTSYNAPSE	-0.21467329233107046			
GO_3_UTR_MEDIATED_MRNA_DESTABILIZATION	-0.21467469423282576			
GSE15735_CTRL_VS_HDAC_INHIBITOR_TREATED_CD4_TCELL_12H_UP	-0.21468416741077356			
GO_TERMINAL_BOUTON	-0.2146886926088784			
IPA_HOXA11_UP	-0.21470629440466324			
GSE31082_DP_VS_CD8_SP_THYMOCYTE_UP	-0.21471230617788775			
GO_POSITIVE_REGULATION_OF_SYNAPTIC_PLASTICITY	-0.21471666779382967			
GO_DORSAL_SPINAL_CORD_DEVELOPMENT	-0.2147328542610519			
GO_CDP_DIACYLGLYCEROL_METABOLIC_PROCESS	-0.21473545439900318			
MIR4710	-0.21474134758966995			
GO_INTRASPECIES_INTERACTION_BETWEEN_ORGANISMS	-0.21474492134875472			
IPA_POU5F1_UP	-0.21476589505510346			
PID_CXCR3_PATHWAY	-0.21477421011659223			
chr10p12	-0.21478243825895715			
GO_MEDIATOR_COMPLEX_BINDING	-0.21478383365312143			
GO_POSITIVE_REGULATION_OF_PROTEIN_LOCALIZATION_TO_CELL_CORTEX	-0.21479241237569072			
GO_POSITIVE_REGULATION_OF_ENDOTHELIAL_CELL_DEVELOPMENT	-0.21480050615673757			
FEVR_CTNNB1_TARGETS_UP	-0.21480444845390687			
TGCTGAY_UNKNOWN	-0.2148102343038912			
MIR3064_5P	-0.21481468632856213			
TURASHVILI_BREAST_NORMAL_DUCTAL_VS_LOBULAR_UP	-0.21483272593821365			
GO_RETROGRADE_TRANSPORT_ENDOSOME_TO_PLASMA_MEMBRANE	-0.21483331686063883			
GO_MYELIN_SHEATH	-0.21484244261983812			
MIR637	-0.21486468147505877			
GO_LUNG_EPITHELIUM_DEVELOPMENT	-0.2148671686531341			
GO_REGULATION_OF_PEPTIDYL_THREONINE_PHOSPHORYLATION	-0.21487062558493475			
GO_ZINC_ION_TRANSPORT	-0.2148933995148469			
POMEROY_MEDULLOBLASTOMA_DESMOPLASIC_VS_CLASSIC_UP	-0.2148937957375242			
GO_NEGATIVE_REGULATION_OF_FIBROBLAST_GROWTH_FACTOR_RECEPTOR_SIGNALING_PATHWAY	-0.21489411336401681			
GO_CELLULAR_RESPONSE_TO_ACID_CHEMICAL	-0.21489660579393965			
MIR4500	-0.21489946798491255			
GO_NEGATIVE_REGULATION_OF_ENDOPLASMIC_RETICULUM_STRESS_INDUCED_INTRINSIC_APOPTOTIC_SIGNALING_PATHWAY	-0.21490295718583416			
GO_NEGATIVE_REGULATION_OF_CYTOKINE_PRODUCTION_INVOLVED_IN_INFLAMMATORY_RESPONSE	-0.21491015409855088			
REACTOME_PHENYLALANINE_METABOLISM	-0.21491572354038851			
GO_SPINDLE_POLE_CENTROSOME	-0.21492018236677005			
GO_HEPOXILIN_METABOLIC_PROCESS	-0.21492061957289546			
MIR6775_3P	-0.21492201891927443			
GTCTACC_MIR379	-0.21492312453073475			
GO_L_SERINE_TRANSMEMBRANE_TRANSPORTER_ACTIVITY	-0.21492508645429245			
GO_L_SERINE_TRANSPORT	-0.21492508645429245			
MIR188_5P	-0.21494462307671655			
chr11p12	-0.2149466978499587			
GO_REGULATION_OF_ACTION_POTENTIAL	-0.21494944134663563			
GSE17721_POLYIC_VS_CPG_1H_BMDC_UP	-0.21495324435294302			
REACTOME_ADENYLATE_CYCLASE_INHIBITORY_PATHWAY	-0.21495641861807582			
IPA_TP53BP1_UP	-0.21496692172489776			
GO_GLYCINE_N_ACYLTRANSFERASE_ACTIVITY	-0.21497136018866314			
GO_PIGMENT_CELL_DIFFERENTIATION	-0.2149833616929961			
MILI_PSEUDOPODIA_CHEMOTAXIS_DN	-0.2149877566869653			
GO_TELENCEPHALON_GLIAL_CELL_MIGRATION	-0.21500452756923427			
GO_COPI_COATED_VESICLE_MEMBRANE	-0.21501218435325803			
DELACROIX_RAR_BOUND_ES	-0.21501352301252638			
GO_PHAGOPHORE_ASSEMBLY_SITE_MEMBRANE	-0.21501507744660478			
MIR4790_5P	-0.21503064037487726			
MIR8056	-0.2150309803276569			
AAANWWTGC_UNKNOWN	-0.2150345386315465			
GO_T_TUBULE	-0.21503606482925675			
USF_01	-0.21503852826985892			
ENK_UV_RESPONSE_KERATINOCYTE_UP	-0.2150453742674904			
MIR6881_5P	-0.2150454898710085			
CRGAARNNNNCGA_UNKNOWN	-0.21505094930507318			
HALLMARK_PI3K_AKT_MTOR_SIGNALING	-0.21505426714621237			
KORKOLA_CORRELATED_WITH_POU5F1	-0.21506017075234518			
GO_REGULATION_OF_NOTCH_SIGNALING_PATHWAY	-0.21506167144097715			
GO_LACRIMAL_GLAND_DEVELOPMENT	-0.21506219233819523			
GO_DYSTROGLYCAN_BINDING	-0.21506281961467455			
GSE7460_FOXP3_MUT_VS_WT_ACT_TCONV_DN	-0.21506517434212485			
GO_HEME_BIOSYNTHETIC_PROCESS	-0.2150721321920386			
GSE21546_SAP1A_KO_VS_SAP1A_KO_AND_ELK1_KO_ANTI_CD3_STIM_DP_THYMOCYTES_UP	-0.2150736122588414			
MIR10397_3P	-0.21508436426236524			
GO_CUL2_RING_UBIQUITIN_LIGASE_COMPLEX	-0.21509776449627818			
GO_PROTEOGLYCAN_BIOSYNTHETIC_PROCESS	-0.2151088979543174			
ZWANG_EGF_INTERVAL_DN	-0.21511933383290396			
GO_PEROXISOMAL_TRANSPORT	-0.21513707769240367			
REACTOME_LYSOSOME_VESICLE_BIOGENESIS	-0.2151444465517375			
GO_REGULATION_OF_VACUOLE_ORGANIZATION	-0.21514579663484204			
CHASSOT_SKIN_WOUND	-0.21514659309426926			
MIR124_3P	-0.21514841513082714			
GO_NEGATIVE_REGULATION_OF_VOLTAGE_GATED_CALCIUM_CHANNEL_ACTIVITY	-0.21515259512498872			
GO_SPERM_AXONEME_ASSEMBLY	-0.2151552226238868			
REACTOME_SEROTONIN_NEUROTRANSMITTER_RELEASE_CYCLE	-0.21515728129872638			
ZNF391_TARGET_GENES	-0.21515729947463103			
GO_VERY_LONG_CHAIN_FATTY_ACID_CATABOLIC_PROCESS	-0.2151675522934495			
MIR4537	-0.21516756460058578			
GO_MEMBRANE_PROTEIN_INTRACELLULAR_DOMAIN_PROTEOLYSIS	-0.21517211872912545			
GO_PROXIMAL_DENDRITE	-0.21519963343954868			
LEE_LIVER_CANCER_ACOX1_UP	-0.21520086640591474			
GO_MORPHOGENESIS_OF_AN_EPITHELIAL_FOLD	-0.21520204434325793			
GO_REGULATION_OF_CELLULAR_PROTEIN_LOCALIZATION	-0.21521295857222447			
GO_ANCHORING_JUNCTION	-0.21521309303746688			
GO_NEGATIVE_REGULATION_OF_DENDRITE_MORPHOGENESIS	-0.21522020050188062			
GO_ASTER	-0.21522297548961963			
GO_POSITIVE_REGULATION_OF_GLYCOPROTEIN_BIOSYNTHETIC_PROCESS	-0.21522411862534918			
GO_STEM_CELL_FATE_COMMITMENT	-0.21522549935586446			
GSE14769_UNSTIM_VS_120MIN_LPS_BMDM_UP	-0.21523177892720072			
GO_FATTY_ACID_ELONGATION	-0.21523616231978565			
CHANGOLKAR_H2AFY_TARGETS_UP	-0.21525141706023623			
MARTINELLI_IMMATURE_NEUTROPHIL_UP	-0.21525250153967052			
GO_NUCLEAR_TRANSCRIPTIONAL_REPRESSOR_COMPLEX	-0.21525276136838864			
LEIN_ASTROCYTE_MARKERS	-0.21526067877805538			
IPA_SPIC_UP	-0.21526109952470793			
GO_NEGATIVE_REGULATION_OF_HISTONE_H4_ACETYLATION	-0.21526455126141386			
GO_NEGATIVE_REGULATION_OF_NUCLEOTIDE_BIOSYNTHETIC_PROCESS	-0.21527198000438907			
GO_RESPONSE_TO_L_GLUTAMATE	-0.21527568184179716			
GO_SIGNAL_TRANSDUCTION_INVOLVED_IN_REGULATION_OF_GENE_EXPRESSION	-0.21527998875311227			
NELSON_RESPONSE_TO_ANDROGEN_DN	-0.21528220721992666			
GO_PURINE_NUCLEOTIDE_TRANSMEMBRANE_TRANSPORTER_ACTIVITY	-0.2152926631013993			
GO_PROTEIN_HETEROOLIGOMERIZATION	-0.21531024767443752			
GO_EXTRACELLULAR_EXOSOME_ASSEMBLY	-0.21531231370035034			
GO_POSITIVE_REGULATION_OF_ACROSOME_REACTION	-0.21531653940491183			
GTTRYCATRR_UNKNOWN	-0.21532600190957732			
REACTOME_THE_FATTY_ACID_CYCLING_MODEL	-0.21532631444227898			
REACTOME_GLUTATHIONE_CONJUGATION	-0.21532709175404344			
GSE12845_NAIVE_VS_DARKZONE_GC_TONSIL_BCELL_UP	-0.21532789753687262			
GO_MITOCHONDRIAL_TRNA_METHYLATION	-0.21533634720285927			
PR_01	-0.21534427181304938			
MIR8083	-0.21535569559065704			
MIR4692	-0.2153653412190644			
GO_BMP_SIGNALING_PATHWAY_INVOLVED_IN_HEART_DEVELOPMENT	-0.21538957703807698			
GO_HISTONE_H4_ACETYLATION	-0.21539655925857304			
GO_MICROTUBULE_ORGANIZING_CENTER_LOCALIZATION	-0.21540120681542324			
GSE42088_UNINF_VS_LEISHMANIA_INF_DC_8H_DN	-0.21541195706643654			
GO_CARBOXYPEPTIDASE_ACTIVITY	-0.2154147363487899			
GO_HISTONE_MONOUBIQUITINATION	-0.21541768719220974			
GO_REGULATION_OF_DNA_METHYLATION	-0.21541840283255329			
WYAAANNRNNNGCG_UNKNOWN	-0.21541881464498802			
GO_ERBB_SIGNALING_PATHWAY	-0.21543031995343487			
REACTOME_UNBLOCKING_OF_NMDA_RECEPTORS_GLUTAMATE_BINDING_AND_ACTIVATION	-0.2154404979923937			
REACTOME_RUNX1_REGULATES_TRANSCRIPTION_OF_GENES_INVOLVED_IN_BCR_SIGNALING	-0.2154424645944871			
ERBB2_UP.V1_UP	-0.21544935735150408			
GO_PERIPHERAL_NERVOUS_SYSTEM_AXON_REGENERATION	-0.2154816161784335			
GO_PYRIMIDINE_DEOXYRIBONUCLEOTIDE_BIOSYNTHETIC_PROCESS	-0.21548174346682178			
GO_PEROXISOME_PROLIFERATOR_ACTIVATED_RECEPTOR_BINDING	-0.21548186396674926			
CTIP_DN.V1_DN	-0.21548213234081873			
REACTOME_RECEPTOR_TYPE_TYROSINE_PROTEIN_PHOSPHATASES	-0.21548286928007795			
REACTOME_BIOTIN_TRANSPORT_AND_METABOLISM	-0.21549887430074738			
REACTOME_SYNTHESIS_OF_PI	-0.2154995652561126			
ZNF785_TARGET_GENES	-0.2154996284861281			
REACTOME_MTOR_SIGNALLING	-0.21550449257144158			
MIR185_3P	-0.21551033272871248			
GO_INTERMEDIATE_FILAMENT_BINDING	-0.21552044928159186			
MIR548Q	-0.2155211160235532			
REACTOME_NUCLEAR_EVENTS_KINASE_AND_TRANSCRIPTION_FACTOR_ACTIVATION	-0.21552476424187897			
SEMBA_FHIT_TARGETS_DN	-0.21552888386881658			
GO_POSITIVE_REGULATION_OF_ADENYLATE_CYCLASE_ACTIVATING_G_PROTEIN_COUPLED_RECEPTOR_SIGNALING_PATHWAY	-0.21552905961140553			
OUILLETTE_CLL_13Q14_DELETION_DN	-0.21552909943914478			
REACTOME_INTRA_GOLGI_TRAFFIC	-0.21553235698015524			
MIR7515	-0.21553304977958684			
KEGG_ENDOMETRIAL_CANCER	-0.21555581735725118			
GSE17721_CTRL_VS_CPG_0.5H_BMDC_UP	-0.21556335473912527			
KANG_FLUOROURACIL_RESISTANCE_UP	-0.2155745114855898			
GSE22443_IL2_VS_IL12_TREATED_ACT_CD8_TCELL_UP	-0.21557584673000854			
GO_PHOTORECEPTOR_CELL_DIFFERENTIATION	-0.21559568351583452			
GO_REGULATION_OF_NEURAL_PRECURSOR_CELL_PROLIFERATION	-0.21562066423560272			
MYLLYKANGAS_AMPLIFICATION_HOT_SPOT_29	-0.21562251932534174			
REACTOME_REGULATION_OF_PTEN_MRNA_TRANSLATION	-0.21563884336954983			
TAATTA_CHX10_01	-0.2156426864235203			
GO_NEGATIVE_REGULATION_OF_HIPPO_SIGNALING	-0.21564923437111774			
ZNF282_TARGET_GENES	-0.21564945230588503			
RAPA_EARLY_UP.V1_DN	-0.21565453595185488			
MIR6134	-0.21565767474089317			
MARTINEZ_RESPONSE_TO_TRABECTEDIN	-0.21565985095325513			
MIR1295B_3P	-0.21566821040239878			
MIR4443	-0.21568574451383996			
GO_GOLGI_VESICLE_FUSION_TO_TARGET_MEMBRANE	-0.21570143117003382			
MIR6728_3P	-0.2157115123594009			
BOYLAN_MULTIPLE_MYELOMA_D_CLUSTER_UP	-0.21572778620704866			
GSE40274_IRF4_VS_FOXP3_AND_IRF4_TRANSDUCED_ACTIVATED_CD4_TCELL_DN	-0.2157374084033467			
GO_REGULATION_OF_EPIDERMAL_CELL_DIFFERENTIATION	-0.21575479545206894			
CUI_TCF21_TARGETS_DN	-0.21577650088532718			
GO_MAINTENANCE_OF_SYNAPSE_STRUCTURE	-0.21578544452912313			
VECCHI_GASTRIC_CANCER_EARLY_DN	-0.2157946171167645			
GO_POSITIVE_REGULATION_OF_CELLULAR_RESPONSE_TO_INSULIN_STIMULUS	-0.21580451313485055			
GO_DETECTION_OF_CALCIUM_ION	-0.21580712921305856			
GO_JUNCTIONAL_MEMBRANE_COMPLEX	-0.2158091059810901			
GO_ORGANIC_CATION_TRANSPORT	-0.21581191293487445			
SMID_BREAST_CANCER_RELAPSE_IN_LUNG_DN	-0.2158153304601121			
MIR6785_5P	-0.21581806535693876			
REACTOME_NETRIN_1_SIGNALING	-0.21582792856388724			
MIR6717_5P	-0.21582904326943333			
DURAND_STROMA_NS_UP	-0.21583028712506008			
GO_MONOAMINE_TRANSMEMBRANE_TRANSPORTER_ACTIVITY	-0.21583671518100833			
REACTOME_ONCOGENE_INDUCED_SENESCENCE	-0.21584009995661457			
GO_FOLLICLE_STIMULATING_HORMONE_SECRETION	-0.21584273568752085			
GO_REGULATION_OF_CYTOPLASMIC_TRANSPORT	-0.21584470620277688			
GO_HETEROTRIMERIC_G_PROTEIN_COMPLEX	-0.2158544206029728			
IPA_MLX_UP	-0.21585982257440314			
GSE26351_UNSTIM_VS_WNT_PATHWAY_STIM_HEMATOPOIETIC_PROGENITORS_UP	-0.21585992352928074			
GSE21927_SPLEEN_VS_TUMOR_MONOCYTE_BALBC_DN	-0.21586640104200344			
GSE18791_CTRL_VS_NEWCASTLE_VIRUS_DC_6H_UP	-0.21586643498118677			
GO_OXIDIZED_BASE_LESION_DNA_N_GLYCOSYLASE_ACTIVITY	-0.21588252092979063			
GO_DISORDERED_DOMAIN_SPECIFIC_BINDING	-0.2159082801281914			
GO_WALKING_BEHAVIOR	-0.21592121302134734			
ROSS_AML_OF_FAB_M7_TYPE	-0.21592188372154283			
IPA_EHMT2_UP	-0.21592447546833002			
PEPPER_CHRONIC_LYMPHOCYTIC_LEUKEMIA_DN	-0.2159283000167457			
IPA_TFAM_UP	-0.21592844501664132			
GO_GLUTAMATE_BINDING	-0.21592918871674474			
GSE46606_UNSTIM_VS_CD40L_IL2_IL5_3DAY_STIMULATED_IRF4_KO_BCELL_UP	-0.21593134890027962			
GO_NEUROPEPTIDE_Y_RECEPTOR_ACTIVITY	-0.21593396949057808			
GO_CELL_MOTILITY_INVOLVED_IN_CEREBRAL_CORTEX_RADIAL_GLIA_GUIDED_MIGRATION	-0.21593958431543916			
GO_THYROID_HORMONE_MEDIATED_SIGNALING_PATHWAY	-0.21594207437813273			
ZNF660_TARGET_GENES	-0.21594338642206226			
HOXA4_Q2	-0.21594640322324463			
GO_LONG_CHAIN_FATTY_ACID_COA_LIGASE_ACTIVITY	-0.21595422302666495			
IPA_ENO1_UP	-0.2159596251140361			
MIR3129_5P	-0.21596829826537658			
GO_BBSOME	-0.2159755819919973			
TAXCREB_01	-0.2159807820966696			
GO_VESICLE_TETHERING	-0.21599407809519428			
IPA_REST_DN	-0.21599868980613493			
REACTOME_HEME_BIOSYNTHESIS	-0.2160018412761663			
BIOCARTA_PITX2_PATHWAY	-0.2160044193240746			
GO_REGULATION_OF_LOW_DENSITY_LIPOPROTEIN_PARTICLE_CLEARANCE	-0.21600649801173488			
GO_TAURINE_METABOLIC_PROCESS	-0.21600896497976213			
IPA_ARX_DN	-0.21600962127786982			
WGGAATGY_TEF1_Q6	-0.2160204156526925			
MIR212_5P	-0.21604229072662032			
GO_REGULATION_OF_HIPPO_SIGNALING	-0.2160469340802446			
BIOCARTA_BARRESTIN_SRC_PATHWAY	-0.21606993962699647			
MCCLUNG_DELTA_FOSB_TARGETS_8WK	-0.2160723446680949			
GSE6092_UNSTIM_VS_IFNG_STIM_ENDOTHELIAL_CELL_UP	-0.21607900867507387			
GO_REGULATION_OF_NUCLEOTIDE_BIOSYNTHETIC_PROCESS	-0.2160814167747199			
GSE13762_CTRL_VS_125_VITAMIND_DAY5_DC_UP	-0.21608285756955325			
GO_SYNAPSE_ASSEMBLY	-0.21609303963764573			
TCTATGA_MIR376A_MIR376B	-0.2160948050109622			
GO_NEGATIVE_REGULATION_OF_PROTEIN_ACETYLATION	-0.2161046131795943			
GO_SEGMENTATION	-0.21610733406911825			
GO_TRACHEA_FORMATION	-0.21610876431349502			
GTGCCAA_MIR96	-0.21612949779608936			
GO_POSITIVE_REGULATION_OF_BLOOD_PRESSURE_BY_EPINEPHRINE_NOREPINEPHRINE	-0.21613102630409178			
GSE37301_CD4_TCELL_VS_RAG2_KO_NK_CELL_DN	-0.2161366029881711			
HOXA9_DN.V1_DN	-0.21614307672876815			
GO_MIDBRAIN_HINDBRAIN_BOUNDARY_DEVELOPMENT	-0.21614317564520583			
GATA1_05	-0.21615677307779793			
MIR129_5P	-0.21615821614299222			
GO_POSITIVE_REGULATION_OF_LONG_TERM_NEURONAL_SYNAPTIC_PLASTICITY	-0.21615900869019347			
TANAKA_METHYLATED_IN_ESOPHAGEAL_CARCINOMA	-0.21616076131654724			
GO_POSITIVE_REGULATION_OF_NON_CANONICAL_WNT_SIGNALING_PATHWAY	-0.21616805595651345			
MIR3085_3P	-0.21617205814014187			
IPA_SOX9_UP	-0.21617585155928234			
GO_ESTABLISHMENT_OF_ENDOTHELIAL_BLOOD_BRAIN_BARRIER	-0.2161805015308378			
GO_REGULATION_OF_GLUCONEOGENESIS_BY_REGULATION_OF_TRANSCRIPTION_FROM_RNA_POLYMERASE_II_PROMOTER	-0.2161822093986568			
GO_RENAL_SYSTEM_DEVELOPMENT	-0.21618457155836635			
GO_REGULATION_OF_PERK_MEDIATED_UNFOLDED_PROTEIN_RESPONSE	-0.21619072018095994			
GSE25123_IL4_VS_IL4_AND_ROSIGLITAZONE_STIM_MACROPHAGE_DAY10_DN	-0.21619500884866458			
LOPEZ_MESOTHELIOMA_SURVIVAL_WORST_VS_BEST_UP	-0.21621922094338578			
GO_SOMATIC_DIVERSIFICATION_OF_IMMUNE_RECEPTORS_VIA_SOMATIC_MUTATION	-0.2162287513347735			
GO_RESPONSE_TO_PHENYLPROPANOID	-0.21623208454352466			
MIR6752_5P	-0.21623331139429358			
GO_MAINTENANCE_OF_CELL_NUMBER	-0.2162376882304505			
TOX4_TARGET_GENES	-0.2162390504201424			
GO_RESPONSE_TO_FUNGICIDE	-0.21626172146860914			
GO_NEGATIVE_REGULATION_OF_HISTONE_DEACETYLATION	-0.21628029847048555			
IPA_ZEB2_DN	-0.21628069381881704			
IPA_HEY2_DN	-0.21628873814232147			
GO_NADH_DEHYDROGENASE_COMPLEX	-0.2163277543146331			
MIR324_3P	-0.21634382243174896			
GO_NEUROTRANSMITTER_TRANSMEMBRANE_TRANSPORTER_ACTIVITY	-0.21635890078650447			
IPA_POU2F2_DN	-0.2163772589511966			
GO_RESPONSE_TO_PAIN	-0.21638345569232392			
GO_RNA_POLYMERASE_III_TYPE_3_PROMOTER_DNA_BINDING	-0.21638813323850947			
MIR12133	-0.2163964385371627			
GSE37301_LYMPHOID_PRIMED_MPP_VS_PRO_BCELL_DN	-0.21639847973419002			
GO_RESPONSE_TO_ACID_CHEMICAL	-0.21640678212928277			
GSE22886_TH1_VS_TH2_12H_ACT_UP	-0.21641469021127732			
GO_NEGATIVE_REGULATION_OF_PROTEIN_SERINE_THREONINE_KINASE_ACTIVITY	-0.21641751655908117			
GO_PROTEIN_O_LINKED_GLYCOSYLATION_VIA_THREONINE	-0.21641898133305015			
MIR4749_3P	-0.21642390575941556			
GSE1112_OT1_CD8AB_VS_HY_CD8AA_THYMOCYTE_RTOC_CULTURE_UP	-0.2164239421251969			
GO_ELASTIN_METABOLIC_PROCESS	-0.2164612352809846			
GO_CALCITONIN_FAMILY_RECEPTOR_COMPLEX	-0.21646235620368798			
GO_DETECTION_OF_TEMPERATURE_STIMULUS	-0.21646536820717502			
GO_NEURON_PROJECTION_MAINTENANCE	-0.2164684247946245			
GO_SYNAPTIC_GROWTH_AT_NEUROMUSCULAR_JUNCTION	-0.21647894281603286			
GO_RESPONSE_TO_MINERALOCORTICOID	-0.2164840915708721			
BMI1_DN.V1_DN	-0.21648585629884615			
GO_REGULATION_OF_DNA_TEMPLATED_TRANSCRIPTION_ELONGATION	-0.21648696205671433			
TORCHIA_TARGETS_OF_EWSR1_FLI1_FUSION_UP	-0.21648798447372072			
GO_CELLULAR_LIPID_METABOLIC_PROCESS	-0.21649421945553676			
GSE17721_0.5H_VS_12H_CPG_BMDC_UP	-0.21649489135914216			
GO_POSITIVE_REGULATION_OF_FAT_CELL_DIFFERENTIATION	-0.216511956696099			
GO_PROTEIN_LOCALIZATION_TO_CILIUM	-0.21651415051777848			
GO_NEGATIVE_REGULATION_OF_TOR_SIGNALING	-0.21651544871454198			
GO_HINDBRAIN_MORPHOGENESIS	-0.2165170997366486			
REACTOME_SYNTHESIS_OF_PROSTAGLANDINS_PG_AND_THROMBOXANES_TX	-0.21651918373937595			
MIR199A_3P_MIR199B_3P	-0.21653492902138177			
GENTILE_UV_RESPONSE_CLUSTER_D8	-0.21655274448439968			
GO_SYNAPTIC_VESICLE_CYTOSKELETAL_TRANSPORT	-0.21657609259262547			
LEIN_CEREBELLUM_MARKERS	-0.2165813454685059			
GO_CRANIAL_NERVE_DEVELOPMENT	-0.21658187818770663			
GO_REGULATION_OF_ICOSANOID_SECRETION	-0.21658569614872591			
REACTOME_EPH_EPHRIN_MEDIATED_REPULSION_OF_CELLS	-0.21658724125660533			
GO_REACTIVE_OXYGEN_SPECIES_BIOSYNTHETIC_PROCESS	-0.2165920833024277			
POMEROY_MEDULLOBLASTOMA_PROGNOSIS_UP	-0.21662903026833702			
SUZUKI_RESPONSE_TO_TSA_AND_DECITABINE_1A	-0.21664044969643168			
GO_TRANSFORMING_GROWTH_FACTOR_BETA1_PRODUCTION	-0.21664131820868823			
REACTOME_LGI_ADAM_INTERACTIONS	-0.2166525489119576			
MIR1910_3P	-0.21665324681697395			
KEGG_GLYCOSYLPHOSPHATIDYLINOSITOL_GPI_ANCHOR_BIOSYNTHESIS	-0.21665357799123522			
GO_HYDROLASE_ACTIVITY_ACTING_ON_CARBON_NITROGEN_BUT_NOT_PEPTIDE_BONDS_IN_CYCLIC_AMIDES	-0.21665723302171697			
ATF_01	-0.21666764218767717			
GO_ADHERENS_JUNCTION_MAINTENANCE	-0.21666783387222016			
chr20q13	-0.21666942368445563			
TCGATGG_MIR213	-0.21667972731991994			
NIKOLSKY_BREAST_CANCER_20P13_AMPLICON	-0.21667997103260545			
GSE18804_SPLEEN_MACROPHAGE_VS_TUMORAL_MACROPHAGE_DN	-0.2166804018654388			
GO_MAINTENANCE_OF_PROTEIN_LOCATION_IN_MITOCHONDRION	-0.21668568300801483			
GO_LOW_DENSITY_LIPOPROTEIN_RECEPTOR_PARTICLE_METABOLIC_PROCESS	-0.21668963487685455			
GO_HOPS_COMPLEX	-0.2166935657238531			
GO_REGULATION_OF_MELANOCYTE_DIFFERENTIATION	-0.21670775884812454			
MIR1225_3P	-0.2167093691918606			
GO_TETRAPYRROLE_BIOSYNTHETIC_PROCESS	-0.21672172969496942			
REACTOME_NOTCH3_ACTIVATION_AND_TRANSMISSION_OF_SIGNAL_TO_THE_NUCLEUS	-0.21672194424412738			
GO_ER_OVERLOAD_RESPONSE	-0.2167229588601867			
GO_3_HYDROXYACYL_COA_DEHYDRATASE_ACTIVITY	-0.2167236605796477			
CHEBOTAEV_GR_TARGETS_UP	-0.21673073660964054			
GSE17721_POLYIC_VS_GARDIQUIMOD_0.5H_BMDC_UP	-0.2167367807939966			
NIKOLSKY_BREAST_CANCER_5P15_AMPLICON	-0.21675427607747347			
GCAAGGA_MIR502	-0.21677847113611134			
GO_TRANSITION_METAL_ION_HOMEOSTASIS	-0.216802794304602			
GSE26030_UNSTIM_VS_RESTIM_TH17_DAY5_POST_POLARIZATION_UP	-0.21681235339640556			
REACTOME_MET_INTERACTS_WITH_TNS_PROTEINS	-0.21681540726677184			
GSE6259_33D1_POS_VS_DEC205_POS_FLT3L_INDUCED_SPLENIC_DC_DN	-0.21683929448102685			
GCAAAAA_MIR129	-0.2168484580298043			
DAVICIONI_MOLECULAR_ARMS_VS_ERMS_DN	-0.2168527359710007			
MIR6866_3P	-0.21685858495757146			
GO_REGULATION_OF_DEVELOPMENTAL_GROWTH	-0.21687465941948866			
RNGTGGGC_UNKNOWN	-0.21687623842531376			
GSE31622_WT_VS_KLF3_KO_BCELL_UP	-0.21688832371890138			
GO_REGULATION_OF_PROTEIN_LOCALIZATION_TO_CELL_PERIPHERY	-0.216891975474449			
GO_INTESTINAL_EPITHELIAL_STRUCTURE_MAINTENANCE	-0.21689283283007751			
GO_REGULATION_OF_SMAD_PROTEIN_SIGNAL_TRANSDUCTION	-0.21689960309174625			
GSE19825_NAIVE_VS_DAY3_EFF_CD8_TCELL_UP	-0.21690928415460317			
REACTOME_SIGNALING_BY_NOTCH3	-0.21691190016392864			
GO_HEPARAN_SULFATE_PROTEOGLYCAN_BIOSYNTHETIC_PROCESS_POLYSACCHARIDE_CHAIN_BIOSYNTHETIC_PROCESS	-0.2169216988727604			
GO_VENTRICULAR_CARDIAC_MUSCLE_CELL_DIFFERENTIATION	-0.21693810220511997			
VILLANUEVA_LIVER_CANCER_KRT19_DN	-0.2169469117808309			
GO_NEGATIVE_REGULATION_OF_PROTEIN_EXIT_FROM_ENDOPLASMIC_RETICULUM	-0.21695230015323955			
GO_PROTEIN_MANNOSYLATION	-0.21695424814924225			
GATAAGR_GATA_C	-0.216956701586172			
SESTO_RESPONSE_TO_UV_C2	-0.21696799869100553			
GO_INSULIN_METABOLIC_PROCESS	-0.21697921996896757			
SMID_BREAST_CANCER_RELAPSE_IN_BONE_DN	-0.21698794260368603			
TCATCTC_MIR143	-0.21699789590504454			
GO_ETHANOL_OXIDATION	-0.21701809136859562			
GO_ACTIVIN_RECEPTOR_COMPLEX	-0.21702046213643428			
GTCAGGA_MIR378	-0.2170272836435527			
GO_CARDIAC_VENTRICLE_MORPHOGENESIS	-0.2170331587872048			
GSE17721_CTRL_VS_LPS_6H_BMDC_UP	-0.21703437926049768			
GO_POSITIVE_REGULATION_OF_PHOSPHOLIPID_TRANSPORT	-0.21704326667547216			
MIR5688	-0.217043699170341			
GR_Q6	-0.21704614314239526			
GSE18281_PERIMEDULLARY_CORTICAL_REGION_VS_WHOLE_MEDULLA_THYMUS_UP	-0.21706097094376117			
GO_EPITHELIAL_CILIUM_MOVEMENT_INVOLVED_IN_DETERMINATION_OF_LEFT_RIGHT_ASYMMETRY	-0.21706386376485493			
BIOCARTA_GHRELIN_PATHWAY	-0.21706872858771578			
GTGCCTT_MIR506	-0.21707880707820773			
AAAGGAT_MIR501	-0.2170858893553257			
JOHANSSON_BRAIN_CANCER_EARLY_VS_LATE_UP	-0.21710910624933158			
VANDESLUIS_COMMD1_TARGETS_GROUP_4_UP	-0.21712630421818327			
GSE21927_BALBC_VS_C57BL6_MONOCYTE_SPLEEN_UP	-0.2171343338795528			
GO_ANCHORED_COMPONENT_OF_SYNAPTIC_MEMBRANE	-0.21713711989176399			
REACTOME_ACETYLCHOLINE_REGULATES_INSULIN_SECRETION	-0.21714579436916837			
GALIE_TUMOR_STEMNESS_GENES	-0.21715579977205085			
GO_ADHERENS_JUNCTION	-0.21715585216299135			
GO_AU_RICH_ELEMENT_BINDING	-0.21715775620359845			
KIM_ALL_DISORDERS_DURATION_CORR_DN	-0.21715917600374685			
GO_REGULATION_OF_PROTEIN_LOCALIZATION_TO_NUCLEUS	-0.2171774406903765			
GO_TOLL_SIGNALING_PATHWAY	-0.2171876065002697			
GO_FOREBRAIN_NEURON_FATE_COMMITMENT	-0.2171894650027984			
GO_REGULATION_OF_PHOSPHATIDYLINOSITOL_BIOSYNTHETIC_PROCESS	-0.2172023775342765			
GSE35543_IN_VIVO_NTREG_VS_CONVERTED_EX_ITREG_UP	-0.21720485632659822			
IPA_SALL3_DN	-0.21720614564186874			
GO_EXTRACELLULAR_MATRIX_PROTEIN_BINDING	-0.21720642934875087			
GSE42021_TCONV_PLN_VS_CD24HI_TCONV_THYMUS_DN	-0.21720918432571604			
ZNF704_TARGET_GENES	-0.21720968711511082			
BEGUM_TARGETS_OF_PAX3_FOXO1_FUSION_AND_PAX3	-0.2172109871429166			
BEIER_GLIOMA_STEM_CELL_UP	-0.21722325083085128			
VART_KSHV_INFECTION_ANGIOGENIC_MARKERS_DN	-0.2172279494012673			
AMIT_EGF_RESPONSE_120_MCF10A	-0.21722892329580407			
GSE12366_PLASMA_CELL_VS_NAIVE_BCELL_UP	-0.2172434732503567			
BIOCARTA_MPR_PATHWAY	-0.21725555291020487			
chr2q21	-0.21726409518980624			
chr10q24	-0.2172732136966291			
GO_TRANSCRIPTION_COREPRESSOR_ACTIVITY	-0.21727805682062815			
GO_AMYLOID_PRECURSOR_PROTEIN_BIOSYNTHETIC_PROCESS	-0.21728259605361588			
GO_CITRATE_METABOLIC_PROCESS	-0.21730481270592772			
HOLLEMAN_DAUNORUBICIN_ALL_DN	-0.21731322861283484			
MEL18_DN.V1_DN	-0.21732065269710285			
GSE1460_INTRATHYMIC_T_PROGENITOR_VS_NAIVE_CD4_TCELL_CORD_BLOOD_DN	-0.21733123922922168			
MIR6739_5P	-0.21733934451530587			
GSE40274_FOXP3_VS_FOXP3_AND_XBP1_TRANSDUCED_ACTIVATED_CD4_TCELL_UP	-0.21734181997185603			
PAX3_B	-0.21734530843991717			
GSE41867_DAY8_VS_DAY15_LCMV_ARMSTRONG_EFFECTOR_CD8_TCELL_DN	-0.2173463519430403			
GO_NEGATIVE_REGULATION_OF_ARP2_3_COMPLEX_MEDIATED_ACTIN_NUCLEATION	-0.21734729758424787			
GSE5589_LPS_VS_LPS_AND_IL10_STIM_IL10_KO_MACROPHAGE_45MIN_UP	-0.21735370824312902			
GO_PLATELET_DENSE_GRANULE_ORGANIZATION	-0.21737536860650403			
GO_PRESYNAPTIC_CYTOSOL	-0.21737667263265426			
MIR8076	-0.21738184127728272			
GO_ACTIN_MODIFICATION	-0.21739599262605275			
GATA2_01	-0.21740053994221537			
GO_KIDNEY_EPITHELIUM_DEVELOPMENT	-0.21740915545341988			
chrXq13	-0.21740953255609372			
AGGCACT_MIR5153P	-0.21741775415499942			
GSE360_T_GONDII_VS_B_MALAYI_LOW_DOSE_MAC_DN	-0.21743925761976615			
GO_EMBRYONIC_DIGESTIVE_TRACT_MORPHOGENESIS	-0.21743970304398033			
GO_CELL_MATURATION	-0.21744438459154958			
ATF_B	-0.21744806232452046			
IPA_ETV4_UP	-0.21745280366757067			
GO_SYNAPTIC_VESICLE_DOCKING	-0.21745575392871255			
GO_SKELETAL_SYSTEM_MORPHOGENESIS	-0.21745645075764844			
MEISSNER_BRAIN_HCP_WITH_H3K4ME3_AND_H3K27ME3	-0.21746176874238865			
EHLERS_ANEUPLOIDY_DN	-0.21746401736625953			
GO_POSITIVE_REGULATION_OF_HEMATOPOIETIC_STEM_CELL_PROLIFERATION	-0.21746466503381268			
GO_CARBOHYDRATE_TRANSMEMBRANE_TRANSPORTER_ACTIVITY	-0.2174666328728761			
IPA_DMRT1_UP	-0.21747502961240042			
GO_COPI_COATED_VESICLE_BUDDING	-0.21748158481662122			
GCTGAGT_MIR5125P	-0.21749394048758386			
GSE16385_ROSIGLITAZONE_IL4_VS_ROSIGLITAZONE_ALONE_STIM_MACROPHAGE_UP	-0.21749653148277964			
PAX4_03	-0.217508696999259			
REACTOME_ERK_MAPK_TARGETS	-0.21751833988071945			
GO_PROTEIN_KINASE_A_BINDING	-0.21752622274259967			
CTGAGCC_MIR24	-0.21752830806439583			
MIR6882_3P	-0.21753593701823576			
GO_REGULATION_OF_HISTONE_H3_K4_METHYLATION	-0.21753863248852537			
GO_MESONEPHROS_DEVELOPMENT	-0.21754855618415928			
GO_PROTEIN_HORMONE_RECEPTOR_ACTIVITY	-0.21755315389594954			
LEE_LIVER_CANCER_E2F1_DN	-0.21756141570954704			
PTPRA_TARGET_GENES	-0.21756150021188578			
GO_CELL_BODY_FIBER	-0.2175629613572322			
REACTOME_TRANSPORT_OF_VITAMINS_NUCLEOSIDES_AND_RELATED_MOLECULES	-0.21756782679164857			
GO_RESPONSE_TO_STILBENOID	-0.21757823655826258			
SIMBULAN_UV_RESPONSE_IMMORTALIZED_DN	-0.21757891699563386			
GO_NEGATIVE_REGULATION_OF_RESPONSE_TO_ENDOPLASMIC_RETICULUM_STRESS	-0.21758140684452057			
GO_REGULATION_OF_ATRIAL_CARDIAC_MUSCLE_CELL_ACTION_POTENTIAL	-0.2175858010596719			
GSE13306_RA_VS_UNTREATED_TCONV_UP	-0.21760192294322295			
KAUFFMANN_MELANOMA_RELAPSE_DN	-0.21760544415701327			
REACTOME_NEGATIVE_FEEDBACK_REGULATION_OF_MAPK_PATHWAY	-0.21760544702257922			
GO_WD40_REPEAT_DOMAIN_BINDING	-0.21760634319714608			
GO_ION_CHANNEL_BINDING	-0.2176097504384839			
STAT6_01	-0.21762705969868623			
GSE14026_TH1_VS_TH17_UP	-0.21762777634939087			
GSE360_L_DONOVANI_VS_T_GONDII_DC_DN	-0.2176319897696526			
GSE18281_SUBCAPSULAR_CORTICAL_REGION_VS_WHOLE_MEDULLA_THYMUS_UP	-0.2176356483440391			
GSE17721_0.5H_VS_4H_GARDIQUIMOD_BMDC_UP	-0.21763577234409964			
GATA_Q6	-0.21764267878120602			
GO_TRANSFORMING_GROWTH_FACTOR_BETA_BINDING	-0.21764857965400636			
GO_ADP_RIBOSYLATION_FACTOR_BINDING	-0.2176511716215834			
GSE16385_UNTREATED_VS_12H_ROSIGLITAZONE_IFNG_TNF_TREATED_MACROPHAGE_UP	-0.21765254552410698			
MODY_HIPPOCAMPUS_POSTNATAL	-0.21766328623258513			
GINESTIER_BREAST_CANCER_ZNF217_AMPLIFIED_DN	-0.21766692662476134			
GO_CELL_CELL_ADHESION_VIA_PLASMA_MEMBRANE_ADHESION_MOLECULES	-0.21766932003844158			
KEGG_BLADDER_CANCER	-0.21766935155953676			
GO_POSITIVE_REGULATION_OF_RUFFLE_ASSEMBLY	-0.21767310645746535			
GSE22589_HIV_VS_HIV_AND_SIV_INFECTED_DC_DN	-0.21767775776223638			
REACTOME_IRS_ACTIVATION	-0.21768089377203692			
GO_REGULATION_OF_RESPONSE_TO_OSMOTIC_STRESS	-0.21768261271513561			
GO_GOLGI_MEDIAL_CISTERNA	-0.21768503406810852			
GSE4142_GC_BCELL_VS_MEMORY_BCELL_DN	-0.21768595587159179			
MIR6731_5P	-0.21769907882342424			
GO_UTERINE_SMOOTH_MUSCLE_CONTRACTION	-0.21769955018396855			
MIR3177_3P	-0.2177047886492451			
GO_RESPONSE_TO_ARSENIC_CONTAINING_SUBSTANCE	-0.21770971350388518			
GO_PLASMA_MEMBRANE_REGION	-0.2177105281389797			
REACTOME_SIGNALING_BY_SCF_KIT	-0.21771921837647484			
GO_VENTRICULAR_SEPTUM_MORPHOGENESIS	-0.21772482776995836			
GO_INDOLE_CONTAINING_COMPOUND_CATABOLIC_PROCESS	-0.21772859410632092			
GSE17721_0.5H_VS_8H_CPG_BMDC_UP	-0.2177333145137554			
GO_RESPONSE_TO_GLYCOSIDE	-0.21773335556214732			
REACTOME_PROTEIN_PROTEIN_INTERACTIONS_AT_SYNAPSES	-0.217762750886683			
FARMER_BREAST_CANCER_CLUSTER_5	-0.2177737282278484			
GO_POSITIVE_REGULATION_OF_ATPASE_ACTIVITY	-0.2177762322376717			
IPA_NKX6-1_UP	-0.21778638938804148			
GO_GPI_ANCHOR_METABOLIC_PROCESS	-0.21778953392577075			
REACTOME_SYNTHESIS_OF_IP3_AND_IP4_IN_THE_CYTOSOL	-0.21779096353999225			
REACTOME_MITOCHONDRIAL_BIOGENESIS	-0.21779278953919906			
REACTOME_DISEASES_OF_CARBOHYDRATE_METABOLISM	-0.21780306152391787			
MCM2_TARGET_GENES	-0.21780543322538995			
CREBP1CJUN_01	-0.2178137636382706			
GO_REFLEX	-0.21781548016007823			
GO_TRANSFORMING_GROWTH_FACTOR_BETA_RECEPTOR_ACTIVITY_TYPE_I	-0.2178419350616757			
LIAO_METASTASIS	-0.2178420977659447			
GO_PROTEIN_EXIT_FROM_ENDOPLASMIC_RETICULUM	-0.21784455729008473			
GO_FIBRINOGEN_COMPLEX	-0.2178593987399431			
GO_MYELIN_ASSEMBLY	-0.2178743063558137			
LEE_LIVER_CANCER_CIPROFIBRATE_UP	-0.21788273148117582			
MIR4268	-0.21789137532289146			
MASSARWEH_TAMOXIFEN_RESISTANCE_UP	-0.21790084900472834			
GSE6092_UNSTIM_VS_IFNG_STIM_AND_B_BURGDORFERI_INF_ENDOTHELIAL_CELL_DN	-0.2179024455600113			
TCF11_01	-0.21791046854045606			
GO_CYTOCHROME_B5_REDUCTASE_ACTIVITY_ACTING_ON_NAD_P_H	-0.2179156934170269			
GO_RESPONSE_TO_INDOLE_3_METHANOL	-0.2179202434626598			
GO_REGULATION_OF_CARDIAC_MUSCLE_CELL_MEMBRANE_REPOLARIZATION	-0.2179268983569241			
MELLMAN_TUT1_TARGETS_DN	-0.21793251817182616			
WEST_ADRENOCORTICAL_TUMOR_MARKERS_DN	-0.21793274161646348			
GO_ANOIKIS	-0.2179338880427403			
GO_NEGATIVE_REGULATION_OF_INCLUSION_BODY_ASSEMBLY	-0.21793471970903658			
REACTOME_SYNTHESIS_OF_16_20_HYDROXYEICOSATETRAENOIC_ACIDS_HETE	-0.2179391340975197			
GO_DEVELOPMENTAL_MATURATION	-0.21795685161684555			
GO_REGULATION_OF_SMOOTH_MUSCLE_CELL_DIFFERENTIATION	-0.21797699064446763			
IPA_KLF3_UP	-0.21797796905890043			
GO_COMMON_PARTNER_SMAD_PROTEIN_PHOSPHORYLATION	-0.217986992906031			
TGTTTAC_MIR30A5P_MIR30C_MIR30D_MIR30B_MIR30E5P	-0.21798732229889398			
GO_REGULATION_OF_RELAXATION_OF_MUSCLE	-0.21799243541969923			
GO_VESICLE_UNCOATING	-0.21799765573858518			
GSE26669_CD4_VS_CD8_TCELL_IN_MLR_UP	-0.21800343055501845			
GO_SPECTRIN_BINDING	-0.21800756218860903			
GO_MAGNESIUM_ION_TRANSPORT	-0.21801011899350134			
GO_DENSE_CORE_GRANULE	-0.21801713540496379			
GO_XENOPHAGY	-0.21801740758177066			
GO_POSITIVE_REGULATION_OF_CHROMATIN_ORGANIZATION	-0.21802467920611968			
FOXD3_01	-0.21802851620360056			
GSE2826_WT_VS_BTK_KO_BCELL_DN	-0.21803851482141537			
IPA_NR2C2_UP	-0.21804532789716483			
MIR1205	-0.21805092436187382			
OUYANG_PROSTATE_CANCER_PROGRESSION_DN	-0.21805847303802026			
GO_POST_GOLGI_VESICLE_MEDIATED_TRANSPORT	-0.21806672869398308			
GO_TRANSCRIPTION_FACTOR_COMPLEX	-0.21807513486425814			
IPA_NFE2_DN	-0.21808477778450264			
GO_SIGNAL_COMPLEX_ASSEMBLY	-0.21808664897787466			
GO_EOSINOPHIL_MIGRATION	-0.21810209912685535			
GO_PROTEOGLYCAN_METABOLIC_PROCESS	-0.21810210722042228			
CTAWWWATA_RSRFC4_Q2	-0.21810269415710493			
VALK_AML_WITH_EVI1	-0.21811299903555906			
GO_CANONICAL_WNT_SIGNALING_PATHWAY_INVOLVED_IN_REGULATION_OF_CELL_PROLIFERATION	-0.2181240758491253			
MIR4755_5P	-0.21813471654962835			
GSE13522_CTRL_VS_T_CRUZI_BRAZIL_STRAIN_INF_SKIN_DN	-0.21815790568198615			
GO_FATTY_ACID_CATABOLIC_PROCESS	-0.21815826177181333			
JAATINEN_HEMATOPOIETIC_STEM_CELL_UP	-0.21817254658790236			
GO_COFACTOR_CATABOLIC_PROCESS	-0.21817458404172796			
GO_REGULATION_OF_NERVOUS_SYSTEM_PROCESS	-0.21817774288352984			
GO_REGULATION_OF_EPIDERMIS_DEVELOPMENT	-0.21818798353724633			
GO_REGULATION_OF_SYSTEMIC_ARTERIAL_BLOOD_PRESSURE_BY_NOREPINEPHRINE_EPINEPHRINE	-0.21819354176263234			
GO_RESPONSE_TO_CORTICOSTERONE	-0.21819853451825377			
GO_THIOREDOXIN_PEROXIDASE_ACTIVITY	-0.21821097418900942			
GO_SEMAPHORIN_PLEXIN_SIGNALING_PATHWAY_INVOLVED_IN_NEURON_PROJECTION_GUIDANCE	-0.21821997826653444			
GO_REGULATION_OF_MEMBRANE_TUBULATION	-0.218220997794141			
GO_AUDITORY_RECEPTOR_CELL_DEVELOPMENT	-0.21822188306687793			
GO_CARNITINE_METABOLIC_PROCESS	-0.21822331132708717			
GO_DEFINITIVE_HEMOPOIESIS	-0.21822865707507064			
GO_NEURON_PROJECTION_ORGANIZATION	-0.21824354267505805			
GO_POSITIVE_REGULATION_OF_MICROTUBULE_MOTOR_ACTIVITY	-0.21824547634461297			
AMEF2_Q6	-0.21825474728840963			
MIR6822_5P	-0.2182588171197221			
GSE14350_TREG_VS_TEFF_IN_IL2RB_KO_DN	-0.2182602449716991			
REACTOME_PTK6_REGULATES_PROTEINS_INVOLVED_IN_RNA_PROCESSING	-0.21826698572830971			
GO_PROTEIN_GLUTAMIC_ACID_LIGASE_ACTIVITY	-0.21828295841127565			
GO_HAIR_FOLLICLE_PLACODE_FORMATION	-0.21828465572229588			
GO_3_PHOSPHOADENOSINE_5_PHOSPHOSULFATE_BINDING	-0.2182867284946164			
CTATGCA_MIR153	-0.21828910429356554			
GO_RESPONSE_TO_CARBOHYDRATE	-0.2182952919354786			
GO_CALCIUM_DEPENDENT_PROTEIN_SERINE_THREONINE_PHOSPHATASE_ACTIVITY	-0.21829678653326556			
GO_SMALL_MOLECULE_SENSOR_ACTIVITY	-0.21830417795731727			
NIKOLSKY_BREAST_CANCER_11Q12_Q14_AMPLICON	-0.21830604527790617			
LIN_APC_TARGETS	-0.21830844914268085			
GINESTIER_BREAST_CANCER_20Q13_AMPLIFICATION_UP	-0.21831145453891312			
GO_REGULATION_OF_GLYCOGEN_CATABOLIC_PROCESS	-0.21831759251672347			
GO_PHOSPHATIDYLCHOLINE_METABOLIC_PROCESS	-0.21831782041641998			
MIR5000_3P	-0.2183241734622172			
GO_ADHESION_OF_SYMBIONT_TO_HOST	-0.21832465942434048			
GSE40068_CXCR5POS_BCL6POS_TFH_VS_CXCR5NEG_BCL6NEG_CD4_TCELL_DN	-0.21832923311626387			
TOMLINS_PROSTATE_CANCER_UP	-0.2183466280119819			
GO_PHAGOSOME_LYSOSOME_FUSION	-0.21836478444317342			
chr10q25	-0.21837015478832553			
MIR6081	-0.2183789426305845			
GSE10325_MYELOID_VS_LUPUS_MYELOID_UP	-0.2183809750651517			
PID_INSULIN_PATHWAY	-0.2183878574455542			
BROWNE_HCMV_INFECTION_20HR_UP	-0.21838796114334075			
GO_VITAMIN_BINDING	-0.21839051519784808			
GO_DETECTION_OF_LIGHT_STIMULUS_INVOLVED_IN_SENSORY_PERCEPTION	-0.21839622103364553			
GO_DESMOSOME	-0.21841330666931236			
KEGG_ADHERENS_JUNCTION	-0.21842044691429904			
YOSHIMURA_MAPK8_TARGETS_UP	-0.21843171183099072			
GO_POSITIVE_REGULATION_OF_CALCIUM_ION_TRANSPORT	-0.21843427700616339			
GSE41176_UNSTIM_VS_ANTI_IGM_STIM_TAK1_KO_BCELL_6H_DN	-0.21844569474258096			
GO_TRANSEPITHELIAL_CHLORIDE_TRANSPORT	-0.21844599413736263			
GO_POSITIVE_REGULATION_OF_CATECHOLAMINE_METABOLIC_PROCESS	-0.21844632793037416			
MIR5006_3P	-0.21845257997152942			
GGGTGGRR_PAX4_03	-0.21846808065986875			
MIR3689A_3P_MIR3689B_3P_MIR3689C	-0.21847363112219578			
MIR1296_3P	-0.21847830268512017			
TFCP2_TARGET_GENES	-0.2184790127200885			
LAIHO_COLORECTAL_CANCER_SERRATED_DN	-0.21847975002609324			
CHESLER_BRAIN_QTL_CIS	-0.21848446595016213			
GO_MONOCARBOXYLIC_ACID_TRANSPORT	-0.2184859068442337			
GO_FARNESYL_DIPHOSPHATE_METABOLIC_PROCESS	-0.21848735924298449			
GOBERT_OLIGODENDROCYTE_DIFFERENTIATION_DN	-0.2184873778405882			
GGGNRMNNYCAT_UNKNOWN	-0.21848995590846582			
GO_REGULATION_OF_VESICLE_FUSION	-0.2184917742800724			
GO_CELL_SURFACE_RECEPTOR_SIGNALING_PATHWAY_INVOLVED_IN_HEART_DEVELOPMENT	-0.21849374772284777			
GO_SMALL_GTPASE_MEDIATED_SIGNAL_TRANSDUCTION	-0.21850214103349458			
GO_NEGATIVE_REGULATION_OF_GLYCOPROTEIN_METABOLIC_PROCESS	-0.21850507624184037			
GSE26488_WT_VS_HDAC7_DELTAP_TG_OT2_THYMOCYTE_WITH_PEPTIDE_INJECTION_DN	-0.21850679505822526			
MIR3688_5P	-0.21852168928689503			
GSE369_PRE_VS_POST_IL6_INJECTION_SOCS3_KO_LIVER_DN	-0.21855302395968146			
GO_HEMOGLOBIN_BIOSYNTHETIC_PROCESS	-0.21855626964147062			
MIR6856_5P	-0.21855958086310975			
KAECH_NAIVE_VS_DAY8_EFF_CD8_TCELL_UP	-0.21856086022196364			
NIKOLSKY_BREAST_CANCER_20Q12_Q13_AMPLICON	-0.21857281638301482			
THUM_SYSTOLIC_HEART_FAILURE_DN	-0.21857808504350715			
MCGOWAN_RSP6_TARGETS_UP	-0.21859318953135037			
GO_BMP_RECEPTOR_ACTIVITY	-0.21861600660788755			
GO_AMYLOID_BETA_METABOLIC_PROCESS	-0.21863757948954965			
GO_NOTCH_RECEPTOR_PROCESSING_LIGAND_DEPENDENT	-0.21864586814481587			
HTF_01	-0.2186668086978674			
GO_CARDIAC_VENTRICLE_DEVELOPMENT	-0.2186668487623816			
GO_NEURAL_PLATE_MORPHOGENESIS	-0.218667153209113			
GO_EPITHELIUM_DEVELOPMENT	-0.21867157070730253			
MAZR_01	-0.21868351039417278			
GO_ZINC_ION_TRANSMEMBRANE_TRANSPORT	-0.21869123017789646			
MIR500B_3P	-0.21869212566551896			
IPA_GFI1B_DN	-0.21869622502025382			
GO_REGULATION_OF_GENE_EXPRESSION_BY_GENETIC_IMPRINTING	-0.21870126092382242			
LET_7B_3P	-0.21870836487398565			
REACTOME_DOPAMINE_RECEPTORS	-0.21871262457086535			
DAVICIONI_MOLECULAR_ARMS_VS_ERMS_UP	-0.21871622025702941			
GO_PDZ_DOMAIN_BINDING	-0.21871906385875164			
GO_UBIQUITIN_DEPENDENT_PROTEIN_CATABOLIC_PROCESS_VIA_THE_MULTIVESICULAR_BODY_SORTING_PATHWAY	-0.21872057634949482			
chr2q37	-0.21872445891308004			
GO_HEXOSE_PHOSPHATE_TRANSPORT	-0.21872722945968795			
MIR30B_3P	-0.21872974823375607			
GO_MEMBRANE_ATTACK_COMPLEX	-0.21873135484204223			
GO_REGULATION_OF_ACTIN_FILAMENT_BASED_MOVEMENT	-0.21876592950966325			
GSE22611_UNSTIM_VS_6H_MDP_STIM_MUTANT_NOD2_TRANSDUCED_HEK293T_CELL_DN	-0.21877996190113067			
CAIRO_LIVER_DEVELOPMENT_UP	-0.21878602017389373			
GSE13411_IGM_VS_SWITCHED_MEMORY_BCELL_UP	-0.21879605879059957			
MIR5000_5P	-0.21879695120603773			
GSE33513_TCF7_KO_VS_HET_EARLY_THYMIC_PROGENITOR_DN	-0.2188048068941834			
GO_NEUROTRANSMITTER_RECEPTOR_ACTIVITY_INVOLVED_IN_REGULATION_OF_POSTSYNAPTIC_MEMBRANE_POTENTIAL	-0.21880708380101455			
WAKABAYASHI_ADIPOGENESIS_PPARG_BOUND_36HR	-0.21881262134766896			
GO_REGULATION_OF_GLUCOSE_TRANSMEMBRANE_TRANSPORT	-0.21881675193172534			
GO_NEGATIVE_REGULATION_OF_CELLULAR_RESPONSE_TO_INSULIN_STIMULUS	-0.21882521530238488			
GO_RESPONSE_TO_PLATELET_AGGREGATION_INHIBITOR	-0.21883151454794814			
GO_PRESYNAPTIC_ENDOCYTIC_ZONE_MEMBRANE	-0.21883650608612024			
GO_NEURAL_PRECURSOR_CELL_PROLIFERATION	-0.21884074643387522			
REACTOME_ESTROGEN_STIMULATED_SIGNALING_THROUGH_PRKCZ	-0.21884946614306613			
GSE13522_CTRL_VS_T_CRUZI_Y_STRAIN_INF_SKIN_BALBC_MOUSE_DN	-0.21885380931010098			
GO_CENTRAL_REGION_OF_GROWTH_CONE	-0.21885521967331426			
GSE6269_FLU_VS_STREP_PNEUMO_INF_PBMC_DN	-0.21885920892933472			
GO_PEROXISOME_ORGANIZATION	-0.2188603387986272			
GO_ANAGEN	-0.21886510994892425			
GO_HISTONE_H3_K4_METHYLATION	-0.2188690086309054			
GSE45365_NK_CELL_VS_CD8A_DC_DN	-0.2188866160055244			
GO_FUCOSYLTRANSFERASE_ACTIVITY	-0.21889126329257155			
GO_OLIGOSACCHARYLTRANSFERASE_COMPLEX	-0.21889697926133037			
GO_AGGRESOME_ASSEMBLY	-0.21891149691407466			
GO_CONVERGENT_EXTENSION_INVOLVED_IN_AXIS_ELONGATION	-0.218914019498988			
GSE22886_NAIVE_VS_IGM_MEMORY_BCELL_UP	-0.21892165544329112			
GSE26495_NAIVE_VS_PD1HIGH_CD8_TCELL_UP	-0.2189220692199802			
MIR6508_5P	-0.21892327981565893			
GO_COA_HYDROLASE_ACTIVITY	-0.21892934900309519			
MIR92A_1_5P	-0.21893284576537225			
GSE22886_IL2_VS_IL15_STIM_NKCELL_UP	-0.21893611508877134			
GO_HISTAMINE_RECEPTOR_ACTIVITY	-0.21893616070496852			
GO_POSITIVE_REGULATION_OF_WNT_SIGNALING_PATHWAY	-0.21893864984836975			
GO_DEACETYLASE_ACTIVITY	-0.218943231755037			
MIR6826_3P	-0.21896405797904395			
BIOCARTA_PELP1_PATHWAY	-0.2189696067055201			
MIR3173_5P	-0.2189747018718542			
RFX1_01	-0.2189757841462545			
ACTGCCT_MIR34B	-0.21899191233659082			
IPA_SOX2_DN	-0.2189925217403181			
GO_EMBRYO_DEVELOPMENT_ENDING_IN_BIRTH_OR_EGG_HATCHING	-0.21900153822495533			
IVANOVSKA_MIR106B_TARGETS	-0.21900268366756312			
GSE26023_PHD3_KO_VS_WT_NEUTROPHIL_HYPOXIA_UP	-0.2190053329032506			
FARMER_BREAST_CANCER_BASAL_VS_LULMINAL	-0.21901175731358727			
REACTOME_IRS_MEDIATED_SIGNALLING	-0.21901308974850786			
GO_DENDRITE_EXTENSION	-0.21901944204971935			
GO_O_PALMITOYLTRANSFERASE_ACTIVITY	-0.21902375853973036			
GSE2405_S_AUREUS_VS_A_PHAGOCYTOPHILUM_NEUTROPHIL_DN	-0.21902478831140887			
MIR4264	-0.21904362730578483			
MUELLER_COMMON_TARGETS_OF_AML_FUSIONS_UP	-0.2190502732007638			
GO_NEGATIVE_REGULATION_OF_PEPTIDYL_LYSINE_ACETYLATION	-0.21905465731107823			
GO_LUNG_ALVEOLUS_DEVELOPMENT	-0.21905759507909278			
RB_P107_DN.V1_DN	-0.21905807638268826			
KRAS.600_UP.V1_DN	-0.2190748166848305			
GO_CALCIUM_CHANNEL_REGULATOR_ACTIVITY	-0.2190855626660944			
LIM_MAMMARY_LUMINAL_PROGENITOR_DN	-0.21908598875090204			
PID_NOTCH_PATHWAY	-0.2191052537924258			
REACTOME_TFAP2_AP_2_FAMILY_REGULATES_TRANSCRIPTION_OF_GROWTH_FACTORS_AND_THEIR_RECEPTORS	-0.2191092980175049			
SWEET_KRAS_TARGETS_DN	-0.21910943355597415			
GSE6090_UNSTIM_VS_DC_SIGN_STIM_DC_UP	-0.2191119783484748			
GSE17721_CTRL_VS_GARDIQUIMOD_4H_BMDC_UP	-0.21912322778080218			
GO_NEGATIVE_REGULATION_OF_VASCULAR_ENDOTHELIAL_GROWTH_FACTOR_RECEPTOR_SIGNALING_PATHWAY	-0.21912781561534778			
GSE7831_1H_VS_4H_INFLUENZA_STIM_PDC_UP	-0.21913515064552908			
GSE21033_CTRL_VS_POLYIC_STIM_DC_3H_UP	-0.2191386772874414			
REACTOME_COPI_MEDIATED_ANTEROGRADE_TRANSPORT	-0.21914855149956516			
GO_EPITHELIAL_CELL_PROLIFERATION_INVOLVED_IN_PROSTATE_GLAND_DEVELOPMENT	-0.21915502215536492			
ZNF169_TARGET_GENES	-0.21916340296341716			
HANN_RESISTANCE_TO_BCL2_INHIBITOR_UP	-0.2191637128333032			
GO_REGULATION_OF_MICROTUBULE_POLYMERIZATION_OR_DEPOLYMERIZATION	-0.21916390868240004			
GO_G_PROTEIN_COUPLED_NEUROTRANSMITTER_RECEPTOR_ACTIVITY	-0.21917328752343232			
GO_SYNAPSE_MATURATION	-0.21917523799216734			
MIR598_3P	-0.21917590813683097			
GO_SYNAPTIC_VESICLE_LOCALIZATION	-0.21918068036989777			
GO_MINERALOCORTICOID_SECRETION	-0.21920660294340322			
GO_CORONARY_VASCULATURE_DEVELOPMENT	-0.2192166667197217			
HU_ANGIOGENESIS_UP	-0.21922295299658812			
MIR323A_3P	-0.219226996494606			
GTGGGTGK_UNKNOWN	-0.21923450098161562			
MIR4728_5P	-0.21926609453807386			
IPA_PA2G4_DN	-0.21928327955059204			
SP1_Q2_01	-0.21928417578756695			
GO_G_PROTEIN_COUPLED_ACETYLCHOLINE_RECEPTOR_SIGNALING_PATHWAY	-0.219294631107957			
GO_SYNAPTIC_TRANSMISSION_GLUTAMATERGIC	-0.2192966866699466			
GO_POSITIVE_REGULATION_OF_BONE_MINERALIZATION	-0.2192985391180251			
MIR4787_5P	-0.21930543021459992			
PEDERSEN_METASTASIS_BY_ERBB2_ISOFORM_3	-0.21931329375352646			
MIR548AN	-0.2193212497212304			
GSE28726_NAIVE_VS_ACTIVATED_VA24NEG_NKTCELL_DN	-0.21932130193325486			
GO_POSITIVE_REGULATION_OF_PROTEIN_LOCALIZATION_TO_CELL_PERIPHERY	-0.21932379692011283			
GO_GLOSSOPHARYNGEAL_NERVE_DEVELOPMENT	-0.21932805175525835			
GSE40274_FOXP3_VS_FOXP3_AND_PBX1_TRANSDUCED_ACTIVATED_CD4_TCELL_DN	-0.2193447602294575			
IPA_SIX1_DN	-0.21935092974856232			
GO_OPIOID_RECEPTOR_BINDING	-0.21935642341019115			
GO_CELLULAR_RESPONSE_TO_LEAD_ION	-0.21936172411118957			
GGCCAGT_MIR193A_MIR193B	-0.219362795545827			
GO_COMPLEMENT_ACTIVATION_LECTIN_PATHWAY	-0.2193791956322423			
MIR6860	-0.2193839356395423			
MIR378J	-0.2193843172064965			
REACTOME_NEGATIVE_REGULATION_OF_FGFR1_SIGNALING	-0.21939190499197206			
GSE13887_RESTING_VS_NO_TREATED_CD4_TCELL_UP	-0.21941132189145335			
MIR4638_3P	-0.21941414548668192			
MCMURRAY_TP53_HRAS_COOPERATION_RESPONSE_DN	-0.2194184269629477			
GSE30083_SP1_VS_SP2_THYMOCYTE_UP	-0.21943048792707048			
GO_SOLUTE_PROTON_SYMPORTER_ACTIVITY	-0.2194514841732099			
ACTTTAT_MIR1425P	-0.21945280661899283			
GSE7348_UNSTIM_VS_TOLERIZED_AND_LPS_STIM_MACROPHAGE_UP	-0.2194570632710036			
GO_NEURON_DIFFERENTIATION	-0.21946115358277837			
GO_LATERAL_PLASMA_MEMBRANE	-0.21947670574278388			
IPA_POU3F1_UP	-0.2194832779767466			
SARTIPY_BLUNTED_BY_INSULIN_RESISTANCE_DN	-0.21949360290193232			
GO_G_PROTEIN_BETA_GAMMA_SUBUNIT_COMPLEX_BINDING	-0.21951138804802292			
REACTOME_GLUTAMATE_AND_GLUTAMINE_METABOLISM	-0.21951499857755125			
GO_CORECEPTOR_ACTIVITY_INVOLVED_IN_WNT_SIGNALING_PATHWAY_PLANAR_CELL_POLARITY_PATHWAY	-0.21951661785480403			
GSE40274_XBP1_VS_FOXP3_AND_XBP1_TRANSDUCED_ACTIVATED_CD4_TCELL_DN	-0.21951838921144565			
KIM_MYC_AMPLIFICATION_TARGETS_DN	-0.21952110128540073			
REACTOME_RAB_GERANYLGERANYLATION	-0.21952275348644623			
MMEF2_Q6	-0.21952523532459592			
LIEN_BREAST_CARCINOMA_METAPLASTIC_VS_DUCTAL_DN	-0.2195313734306395			
GSE7218_IGM_VS_IGG_SIGNAL_THGOUGH_ANTIGEN_BCELL_UP	-0.21953327726064925			
IPA_GTF2I_UP	-0.21953635593046394			
GO_FORMATION_OF_ANATOMICAL_BOUNDARY	-0.21954212396717526			
GSE15659_NAIVE_CD4_TCELL_VS_NONSUPPRESSIVE_TCELL_UP	-0.21954801154844514			
GO_CHANNEL_REGULATOR_ACTIVITY	-0.2195503048267187			
DBP_Q6	-0.2195524589848937			
GO_POSITIVE_REGULATION_OF_MIRNA_METABOLIC_PROCESS	-0.21955490340124167			
REACTOME_FERTILIZATION	-0.2195554576761297			
GO_LOCOMOTOR_RHYTHM	-0.21956762970589405			
MIR1260A_MIR1260B	-0.21956890071875884			
GSE2826_WT_VS_XID_BCELL_DN	-0.21958333677654576			
GO_NEGATIVE_REGULATION_OF_PLATELET_DERIVED_GROWTH_FACTOR_RECEPTOR_SIGNALING_PATHWAY	-0.21958387672596313			
GO_VITAMIN_TRANSPORT	-0.21960551408734938			
GO_CELLULAR_RESPONSE_TO_ESTROGEN_STIMULUS	-0.21961131868541656			
GSE29618_PRE_VS_DAY7_FLU_VACCINE_PDC_UP	-0.21961347489926467			
GO_POSITIVE_REGULATION_OF_ATTACHMENT_OF_SPINDLE_MICROTUBULES_TO_KINETOCHORE	-0.21962015559596362			
GO_MICROTUBULE_BUNDLE	-0.21962201590876337			
GOUYER_TATI_TARGETS_UP	-0.21962315773260252			
GO_NEGATIVE_REGULATION_OF_SMALL_GTPASE_MEDIATED_SIGNAL_TRANSDUCTION	-0.21963178515003273			
MIR4259	-0.21966352902904182			
GO_POSITIVE_REGULATION_OF_METANEPHRIC_GLOMERULUS_DEVELOPMENT	-0.21966956822070907			
GO_NEGATIVE_REGULATION_OF_NEURON_DEATH	-0.2196767383901594			
GO_COENZYME_BINDING	-0.21968588197593453			
KEGG_BIOSYNTHESIS_OF_UNSATURATED_FATTY_ACIDS	-0.2196952547811849			
ZID_01	-0.219702226696248			
GO_PROTEIN_ACYLATION	-0.21970979178984146			
GO_AXONAL_FASCICULATION	-0.21971770646225694			
MIR451B	-0.219721383764662			
GO_POSITIVE_REGULATION_OF_VOLTAGE_GATED_CALCIUM_CHANNEL_ACTIVITY	-0.21973145740751293			
GO_EPITHELIAL_CELL_DIFFERENTIATION	-0.21973295374440413			
BOYAULT_LIVER_CANCER_SUBCLASS_G12_UP	-0.21974389067692904			
GO_ENDOPLASMIC_RETICULUM_GOLGI_INTERMEDIATE_COMPARTMENT	-0.2197471742533407			
GO_NEURON_DEATH	-0.21974950521303774			
GO_G_PROTEIN_COUPLED_RECEPTOR_SIGNALING_PATHWAY_COUPLED_TO_CYCLIC_NUCLEOTIDE_SECOND_MESSENGER	-0.21975937121164574			
GO_PROTON_TRANSPORTING_ATP_SYNTHASE_COMPLEX_CATALYTIC_CORE_F_1	-0.21976209867834967			
GO_CLATHRIN_SCULPTED_VESICLE	-0.21976598127246005			
IPA_TFAP2A_UP	-0.21979911823257497			
BENPORATH_ES_1	-0.2198052765880862			
GO_FIBROBLAST_GROWTH_FACTOR_RECEPTOR_SIGNALING_PATHWAY	-0.21982984022133606			
GO_MOLTING_CYCLE	-0.2198329317568463			
GO_REGULATION_OF_SHORT_TERM_NEURONAL_SYNAPTIC_PLASTICITY	-0.21984023885387416			
MIR3151_5P	-0.21984855648747803			
GSE25502_WT_VS_KLF13_KO_THYMIC_MEMORY_LIKE_CD8_TCELL_DN	-0.21985294958566517			
POU3F2_01	-0.21985327776879462			
STAT3_02	-0.2198535134182612			
REACTOME_DARPP_32_EVENTS	-0.21985585140833958			
GO_REGULATION_OF_CHROMATIN_ORGANIZATION	-0.2198600583145318			
GO_PALMITOYLTRANSFERASE_ACTIVITY	-0.21986484509433524			
SENESE_HDAC3_TARGETS_DN	-0.2198715147908253			
GO_HISTONE_H3_K9_MODIFICATION	-0.2198722370809954			
GO_POSITIVE_REGULATION_OF_CHOLESTEROL_EFFLUX	-0.2198794147476922			
MIR6856_3P	-0.2198910898995843			
GSE26488_CTRL_VS_PEPTIDE_INJECTION_HDAC7_DELTAP_TG_OT2_THYMOCYTE_UP	-0.21989836721892303			
GO_COENZYME_A_BIOSYNTHETIC_PROCESS	-0.21990726473352168			
MIR6861_5P	-0.2199349116449402			
GO_SPINAL_CORD_DEVELOPMENT	-0.2199352401031464			
GSE45365_NK_CELL_VS_CD11B_DC_UP	-0.2199353487866712			
GO_RETINAL_BLOOD_VESSEL_MORPHOGENESIS	-0.21993715259339705			
GO_NEGATIVE_REGULATION_OF_FERTILIZATION	-0.219952078785298			
GO_IRE1_MEDIATED_UNFOLDED_PROTEIN_RESPONSE	-0.2199527116494599			
TGCACGA_MIR517A_MIR517C	-0.21996107131267445			
GO_EXTERNAL_ENCAPSULATING_STRUCTURE	-0.2199649273074234			
IPA_CREB3L1_DN	-0.21997658470865425			
MIR4664_5P	-0.2199771682497759			
MIR98_3P	-0.2199772067825996			
GO_GALACTOSYLTRANSFERASE_ACTIVITY	-0.2199910390114771			
GSE43863_NAIVE_VS_TFH_CD4_EFF_TCELL_D6_LCMV_UP	-0.21999927820400766			
TESAR_ALK_TARGETS_HUMAN_ES_5D_UP	-0.22000348942737416			
PARENT_MTOR_SIGNALING_UP	-0.22000447940984796			
GO_CYTOKINESIS	-0.22001120931328416			
GO_MICROBODY	-0.22001363927834677			
CTCAAGA_MIR526B	-0.22001772100461553			
GO_REGULATION_OF_EXIT_FROM_MITOSIS	-0.22001865498048737			
GSE34156_UNTREATED_VS_6H_TLR1_TLR2_LIGAND_TREATED_MONOCYTE_DN	-0.22001996256702247			
MIR4714_3P	-0.22002427782893832			
GO_REGULATION_OF_ENDOCYTIC_RECYCLING	-0.22003067173828367			
GO_REGULATION_OF_MICROTUBULE_MOTOR_ACTIVITY	-0.22003195696257888			
GO_RENAL_SYSTEM_PROCESS	-0.22006041378470004			
MIR769_3P	-0.22006734346354773			
SHETH_LIVER_CANCER_VS_TXNIP_LOSS_PAM3	-0.22008217249301			
GO_GLUTAMATE_RECEPTOR_BINDING	-0.22011188165068551			
MIR7106_5P	-0.2201149347679986			
GO_CYCLASE_ACTIVITY	-0.22012073056470569			
GO_OLIGODENDROCYTE_DIFFERENTIATION	-0.2201274900163775			
GO_REGULATION_OF_LONG_CHAIN_FATTY_ACID_IMPORT_INTO_CELL	-0.2201457559492517			
GO_NEGATIVE_REGULATION_OF_CHROMATIN_BINDING	-0.22014690153405542			
MIR4260	-0.2201611058344626			
REACTOME_INSULIN_RECEPTOR_SIGNALLING_CASCADE	-0.2201652367159422			
GO_REGULATION_OF_LIPID_CATABOLIC_PROCESS	-0.22016770062823876			
REACTOME_RETINOID_CYCLE_DISEASE_EVENTS	-0.2201695668969783			
MIR9986	-0.22018252455505818			
GO_SENSORY_SYSTEM_DEVELOPMENT	-0.22019013512058142			
RREB1_01	-0.2202147372210277			
IPA_HNF1A_DN	-0.22021839901064388			
MIR4289	-0.22022113678721483			
IPA_SNAI2_UP	-0.22022709791484635			
IPA_GATA1_UP	-0.2202440742638523			
GO_PARASPECKLES	-0.22024474867108695			
CCTGCTG_MIR214	-0.22025671176394215			
GO_PHOSPHATIDIC_ACID_BINDING	-0.2202569491553305			
GSE18893_TCONV_VS_TREG_2H_TNF_STIM_UP	-0.22026991539511762			
GO_TUBULIN_BINDING	-0.22027274310534772			
GO_REGULATION_OF_ENDOPLASMIC_RETICULUM_UNFOLDED_PROTEIN_RESPONSE	-0.22027551155440786			
AGGTGCA_MIR500	-0.22027824755905745			
GO_CARDIAC_NEURAL_CREST_CELL_MIGRATION_INVOLVED_IN_OUTFLOW_TRACT_MORPHOGENESIS	-0.22029420755620072			
GO_DEOXYRIBONUCLEOTIDE_METABOLIC_PROCESS	-0.220305185051283			
GO_MONOVALENT_INORGANIC_CATION_HOMEOSTASIS	-0.22031010116133334			
GO_NUCLEAR_EUCHROMATIN	-0.2203142059485917			
GO_NEGATIVE_REGULATION_OF_PHOSPHORYLATION	-0.22032349479750626			
GSE41176_WT_VS_TAK1_KO_ANTI_IGM_STIM_BCELL_1H_DN	-0.22033310522277233			
GO_MELANOSOME_MEMBRANE	-0.2203449700324086			
MIR4667_5P	-0.2203455806677555			
KRAS.300_UP.V1_UP	-0.220347751701062			
GO_REGULATION_OF_CHOLESTEROL_ESTERIFICATION	-0.22035168311718212			
GO_MESENCHYME_DEVELOPMENT	-0.2203577735274183			
GO_H4_HISTONE_ACETYLTRANSFERASE_ACTIVITY	-0.22036507632036229			
CHIANG_LIVER_CANCER_SUBCLASS_INTERFERON_DN	-0.22036597577938885			
MIR760	-0.2203678754490396			
ASTON_MAJOR_DEPRESSIVE_DISORDER_DN	-0.22037580307773855			
ZHAN_VARIABLE_EARLY_DIFFERENTIATION_GENES_UP	-0.2203891811054911			
GSE22935_UNSTIM_VS_48H_MBOVIS_BCG_STIM_MYD88_KO_MACROPHAGE_UP	-0.2203967926832355			
GO_LUNG_ASSOCIATED_MESENCHYME_DEVELOPMENT	-0.22039756253330117			
GSE32423_CTRL_VS_IL7_MEMORY_CD8_TCELL_UP	-0.22042002894141585			
GO_ENDOCRINE_PANCREAS_DEVELOPMENT	-0.22043292501440026			
GO_FATTY_ACYL_COA_BIOSYNTHETIC_PROCESS	-0.22044572519858			
GSE15659_CD45RA_NEG_CD4_TCELL_VS_RESTING_TREG_DN	-0.2204622514695337			
GO_PROTEIN_O_LINKED_GLYCOSYLATION_VIA_SERINE	-0.22046367413197293			
GO_EUKARYOTIC_TRANSLATION_INITIATION_FACTOR_4F_COMPLEX	-0.22047574110709459			
MIR656_5P	-0.22048267220394613			
GSE10240_CTRL_VS_IL17_STIM_PRIMARY_BRONCHIAL_EPITHELIAL_CELLS_UP	-0.22048837402314736			
GO_CELLULAR_TRIGLYCERIDE_HOMEOSTASIS	-0.22049794235230316			
YATGNWAAT_OCT_C	-0.2205063925004233			
KENNY_CTNNB1_TARGETS_DN	-0.22051211744280286			
REACTOME_RELEASE_OF_HH_NP_FROM_THE_SECRETING_CELL	-0.22052170518425598			
LET_7F_1_3P	-0.22054121889706463			
IPA_NKX3-1_UP	-0.22054772401085165			
GSE13522_CTRL_VS_T_CRUZI_Y_STRAIN_INF_SKIN_129_MOUSE_DN	-0.22054819434235565			
LXR_Q3	-0.22056118956164458			
GO_PHOSPHATIDYLINOSITOL_PHOSPHATE_4_PHOSPHATASE_ACTIVITY	-0.22057387377774662			
GO_CITRULLINE_BIOSYNTHETIC_PROCESS	-0.22058080002512906			
IPA_EBF1_DN	-0.22058184755501895			
BOGNI_TREATMENT_RELATED_MYELOID_LEUKEMIA_DN	-0.22058258470616923			
GO_RESPONSE_TO_MAGNESIUM_ION	-0.2205927585134081			
GO_AROMATIC_AMINO_ACID_FAMILY_METABOLIC_PROCESS	-0.22059362303264388			
REACTOME_TBC_RABGAPS	-0.2206034521419714			
GO_REGULATION_OF_GLUTAMATE_RECEPTOR_SIGNALING_PATHWAY	-0.2206126935623569			
GO_EPHRIN_RECEPTOR_SIGNALING_PATHWAY	-0.22061733861175273			
GO_RESPONSE_TO_ALUMINUM_ION	-0.2206194368494151			
GO_MORPHOGENESIS_OF_EMBRYONIC_EPITHELIUM	-0.2206213444348598			
GO_QUATERNARY_AMMONIUM_GROUP_BINDING	-0.22062287584379384			
MIR298	-0.2206254269966462			
GO_ANTERIOR_POSTERIOR_AXON_GUIDANCE	-0.22064293602890966			
GO_POSITIVE_REGULATION_OF_EPITHELIAL_CELL_PROLIFERATION	-0.22065340381959006			
GROSS_HYPOXIA_VIA_ELK3_ONLY_DN	-0.22066262345194307			
GNCF_01	-0.22066270597437562			
chr20p11	-0.22066469621795803			
IPA_POU1F1_DN	-0.22067168502137108			
IPA_NFKBIZ_UP	-0.2206865383923421			
GO_EMBRYONIC_HEMOPOIESIS	-0.22069947372207632			
MIR4468	-0.22071488828398106			
IPA_HIST1H1T_UP	-0.22071600216199788			
GO_EXTRINSIC_COMPONENT_OF_ORGANELLE_MEMBRANE	-0.22071943604115365			
MIR4524B_3P	-0.22072268776656437			
MIR532_5P	-0.22072984502924675			
REACTOME_TICAM1_TRAF6_DEPENDENT_INDUCTION_OF_TAK1_COMPLEX	-0.22073194028184767			
PID_WNT_CANONICAL_PATHWAY	-0.22073249685448096			
REACTOME_CONSTITUTIVE_SIGNALING_BY_OVEREXPRESSED_ERBB2	-0.22073411628334025			
MIR4287	-0.2207344932213833			
GO_NEPHRON_TUBULE_FORMATION	-0.2207346060603263			
GO_RESPONSE_TO_L_PHENYLALANINE_DERIVATIVE	-0.2207410314618205			
REACTOME_SIGNALING_BY_FGFR3	-0.22074134272437737			
REACTOME_NR1H2_NR1H3_REGULATE_GENE_EXPRESSION_LINKED_TO_TRIGLYCERIDE_LIPOLYSIS_IN_ADIPOSE	-0.22074469577529915			
GO_DEPHOSPHORYLATION_OF_RNA_POLYMERASE_II_C_TERMINAL_DOMAIN	-0.22075434406285724			
GO_DITERPENOID_BIOSYNTHETIC_PROCESS	-0.22075663093051914			
GO_PIGMENT_GRANULE_MATURATION	-0.22078222549278687			
OCT1_04	-0.22078286962479585			
GO_EGG_ACTIVATION	-0.22079436945766198			
MIR5008_5P	-0.22079782310797846			
GO_POSITIVE_REGULATION_OF_NLRP3_INFLAMMASOME_COMPLEX_ASSEMBLY	-0.22080243355891538			
GO_POSITIVE_REGULATION_OF_CELLULAR_CARBOHYDRATE_METABOLIC_PROCESS	-0.2208066722859019			
GO_CORNIFIED_ENVELOPE	-0.22080859348564844			
GO_INNER_EAR_AUDITORY_RECEPTOR_CELL_DIFFERENTIATION	-0.22081335861585422			
GO_NAD_BINDING	-0.22081932755313233			
MIR1291	-0.22082229174158166			
GO_MECHANOSENSORY_BEHAVIOR	-0.22082860099717916			
GO_FAT_CELL_DIFFERENTIATION	-0.22083088728099695			
REACTOME_GABA_RECEPTOR_ACTIVATION	-0.22083448019938526			
GO_MYOBLAST_FUSION_INVOLVED_IN_SKELETAL_MUSCLE_REGENERATION	-0.22085329596653708			
GSE22611_MUTANT_NOD2_VS_CTRL_TRANSDUCED_HEK293T_CELL_DN	-0.22085644203714394			
BIOCARTA_SPPA_PATHWAY	-0.22085925664044873			
MYOGENIN_Q6	-0.22086325010494925			
ABE_VEGFA_TARGETS_30MIN	-0.22086447098547396			
GO_GENITALIA_DEVELOPMENT	-0.22087779034574834			
GSE4811_CLASSSICALY_ACTIVATED_VS_TYPE_2_ACTIVATED_MACROPHAGE_UP	-0.22089314239165295			
MIR4793_3P	-0.2208990608217086			
GO_IONOTROPIC_GLUTAMATE_RECEPTOR_SIGNALING_PATHWAY	-0.22091507655017467			
REACTOME_SHC_RELATED_EVENTS_TRIGGERED_BY_IGF1R	-0.22091854363211472			
TGCTTTG_MIR330	-0.22093933942812224			
GO_SYNAPTIC_VESICLE_TRANSPORT	-0.22095147385266672			
USF_Q6_01	-0.22095391664148845			
CACTGTG_MIR128A_MIR128B	-0.2209550061455509			
HOSHIDA_LIVER_CANCER_SURVIVAL_DN	-0.220956259942206			
GO_CYTOSOLIC_TRANSPORT	-0.22097990865380251			
GO_MANNOSYLTRANSFERASE_ACTIVITY	-0.22098064385560706			
GO_CDP_CHOLINE_PATHWAY	-0.22098304302601326			
GSE25147_UNSTIM_VS_HELIOBACTER_PYLORI_LPS_STIM_MKN45_CELL_UP	-0.22099557554828533			
REACTOME_NEPHRIN_FAMILY_INTERACTIONS	-0.22100658209156282			
HASLINGER_B_CLL_WITH_13Q14_DELETION	-0.2210114303678405			
REACTOME_DIGESTION_OF_DIETARY_LIPID	-0.22101548470450139			
REACTOME_PRE_NOTCH_PROCESSING_IN_THE_ENDOPLASMIC_RETICULUM	-0.2210388256615201			
GO_TRANSCRIPTION_COACTIVATOR_ACTIVITY	-0.22104144493921138			
GO_CLUSTER_OF_ACTIN_BASED_CELL_PROJECTIONS	-0.22104279906622376			
GO_REGULATION_OF_DOPAMINE_UPTAKE_INVOLVED_IN_SYNAPTIC_TRANSMISSION	-0.22104362810379885			
GO_PROTEIN_C_TERMINUS_BINDING	-0.22104580653542455			
GO_REGULATION_OF_ANTIMICROBIAL_HUMORAL_RESPONSE	-0.22104867120531366			
IPA_SREBF1_UP	-0.22105210141590825			
GO_POSITIVE_REGULATION_OF_CYCLASE_ACTIVITY	-0.22105345737980756			
GSE24142_EARLY_THYMIC_PROGENITOR_VS_DN3_THYMOCYTE_FETAL_DN	-0.22105903106059477			
GO_SCAVENGER_RECEPTOR_ACTIVITY	-0.22106298937614524			
TOMLINS_METASTASIS_DN	-0.22106593275797048			
CTGTTAC_MIR194	-0.22107900137110617			
GO_AMINOGLYCAN_BIOSYNTHETIC_PROCESS	-0.221095164731412			
IPA_NFE2L2_DN	-0.2211100466683396			
GO_CENTRAL_NERVOUS_SYSTEM_NEURON_AXONOGENESIS	-0.22111573853112074			
GO_DETECTION_OF_TEMPERATURE_STIMULUS_INVOLVED_IN_SENSORY_PERCEPTION	-0.22113960384868633			
GO_AXON_CHOICE_POINT_RECOGNITION	-0.2211424445966296			
GO_LIPOSACCHARIDE_METABOLIC_PROCESS	-0.22115806700927387			
CHENG_IMPRINTED_BY_ESTRADIOL	-0.2211675417852074			
REACTOME_SCF_SKP2_MEDIATED_DEGRADATION_OF_P27_P21	-0.22117851287698256			
GO_NEGATIVE_REGULATION_OF_NOTCH_SIGNALING_PATHWAY	-0.22118186397481265			
GO_EPITHELIAL_CELL_DIFFERENTIATION_INVOLVED_IN_PROSTATE_GLAND_DEVELOPMENT	-0.22118220185956747			
GO_CATALYTIC_ACTIVITY_ACTING_ON_A_GLYCOPROTEIN	-0.22118413627718694			
GO_REGULATION_OF_CELL_MATURATION	-0.22119211375910522			
GO_EMBRYONIC_EYE_MORPHOGENESIS	-0.22121107716481564			
RIZ_ERYTHROID_DIFFERENTIATION_CCNE1	-0.22121164871391685			
GO_RESPONSE_TO_ANTICOAGULANT	-0.2212138854981088			
GO_RDNA_HETEROCHROMATIN	-0.22121579288603477			
GO_NEGATIVE_REGULATION_OF_KERATINOCYTE_DIFFERENTIATION	-0.22122519622064052			
GO_NUCLEAR_OUTER_MEMBRANE_ENDOPLASMIC_RETICULUM_MEMBRANE_NETWORK	-0.22128069142765844			
BECKER_TAMOXIFEN_RESISTANCE_DN	-0.2212824183220041			
CAGCACT_MIR5123P	-0.22128629452511048			
YANG_BREAST_CANCER_ESR1_BULK_UP	-0.2212918614203172			
GO_CARDIAC_MUSCLE_TISSUE_DEVELOPMENT	-0.22130114195210543			
FOXE1_TARGET_GENES	-0.22130540596676024			
GSE21927_SPLENIC_C26GM_TUMOROUS_VS_BONE_MARROW_MONOCYTES_UP	-0.22130843251550045			
GO_OUTFLOW_TRACT_MORPHOGENESIS	-0.22131954280219024			
GO_POSITIVE_REGULATION_OF_LIPOPROTEIN_METABOLIC_PROCESS	-0.22132030439028444			
IPA_SIRT2_UP	-0.22133696265674763			
GO_SNRNP_BINDING	-0.2213413650150047			
GO_FIBROBLAST_GROWTH_FACTOR_ACTIVATED_RECEPTOR_ACTIVITY	-0.2213431870432775			
GO_CELL_CELL_SIGNALING	-0.22134390036822743			
GO_SOMITOGENESIS	-0.22135484541910605			
GO_FRUCTOSE_METABOLIC_PROCESS	-0.22135665012897615			
GO_REGULATION_OF_DOPAMINE_RECEPTOR_SIGNALING_PATHWAY	-0.22137586162543285			
IPA_PLAGL1_DN	-0.22137625891838453			
GO_NUCLEOSIDE_TRIPHOSPHATE_BIOSYNTHETIC_PROCESS	-0.22138331276265313			
MIR495_3P	-0.22138482716372826			
REACTOME_FORMATION_OF_THE_BETA_CATENIN_TCF_TRANSACTIVATING_COMPLEX	-0.22138570446790046			
GO_CARBOHYDRATE_DERIVATIVE_TRANSMEMBRANE_TRANSPORTER_ACTIVITY	-0.22138721668820488			
REACTOME_REGULATION_OF_PTEN_GENE_TRANSCRIPTION	-0.22139152412044474			
IPA_BRCA2_UP	-0.22139695143389918			
SESTO_RESPONSE_TO_UV_C6	-0.22141528773383767			
GO_GLYCOSYLATION	-0.22141693369020438			
REACTOME_LYSINE_CATABOLISM	-0.2214210367271162			
IPA_SATB2_UP	-0.2214302585380045			
GO_DOLICHOL_METABOLIC_PROCESS	-0.22144801550496734			
GO_LUNG_SACCULE_DEVELOPMENT	-0.22146157507357708			
GO_INTRINSIC_COMPONENT_OF_POSTSYNAPTIC_DENSITY_MEMBRANE	-0.2214709459820969			
HOLLEMAN_DAUNORUBICIN_B_ALL_UP	-0.2214759530638525			
CUI_TCF21_TARGETS_2_UP	-0.22147753111532323			
LEE_LIVER_CANCER_CIPROFIBRATE_DN	-0.22147960793685328			
GO_REGENERATION	-0.22148508659212343			
GO_REGULATION_OF_HISTONE_MODIFICATION	-0.22148600620696612			
GO_REGULATION_OF_ADENYLATE_CYCLASE_ACTIVITY	-0.22148950139776424			
GO_LIPID_DROPLET	-0.22151038371106993			
MIR4456	-0.22151779590125195			
RPS14_DN.V1_DN	-0.22153576937048736			
MIR6165	-0.22153896011045965			
GO_ENDOPLASMIC_RETICULUM_TUBULAR_NETWORK_ORGANIZATION	-0.22154705736936703			
GSE17186_BLOOD_VS_CORD_BLOOD_CD21LOW_TRANSITIONAL_BCELL_DN	-0.22155571703864346			
MIR4764_5P	-0.22156307978733997			
IPA_HDAC8_UP	-0.22156514644932113			
ELVIDGE_HYPOXIA_BY_DMOG_DN	-0.22158377390984482			
ASTIER_INTEGRIN_SIGNALING	-0.2215900116353768			
MIR4668_3P	-0.22159859040097107			
REACTOME_TCF_DEPENDENT_SIGNALING_IN_RESPONSE_TO_WNT	-0.22159995672413635			
GO_INSULIN_RECEPTOR_SIGNALING_PATHWAY	-0.22160088466517852			
MIR6510_5P	-0.22160232272175748			
GO_OSTEOBLAST_DIFFERENTIATION	-0.22160838228151064			
GATA3_01	-0.22161119727876333			
MIR6846_5P	-0.22161960723086424			
MIR885_3P	-0.22162409487246124			
GO_ACTIN_FILAMENT_BINDING	-0.22162678677012151			
GSE11961_MARGINAL_ZONE_BCELL_VS_MEMORY_BCELL_DAY7_DN	-0.2216303667900327			
GO_HISTONE_DEMETHYLASE_ACTIVITY_H3_K9_SPECIFIC	-0.22163103411142937			
PEDERSEN_METASTASIS_BY_ERBB2_ISOFORM_5	-0.22163482081633784			
REACTOME_PEROXISOMAL_PROTEIN_IMPORT	-0.22163565187182024			
KEGG_O_GLYCAN_BIOSYNTHESIS	-0.2216568229983227			
GO_NOSE_DEVELOPMENT	-0.2216570010589968			
GO_REGULATION_OF_SPONTANEOUS_SYNAPTIC_TRANSMISSION	-0.22166091747842315			
ZNF331_TARGET_GENES	-0.2216655025257511			
GSE17186_MEMORY_VS_CD21HIGH_TRANSITIONAL_BCELL_UP	-0.2216769668005648			
REACTOME_CARNITINE_METABOLISM	-0.22168937073204606			
GO_VESICLE_DOCKING	-0.2216942768999955			
GO_REGULATION_OF_STRIATED_MUSCLE_CONTRACTION	-0.22170462440310287			
LEIN_OLIGODENDROCYTE_MARKERS	-0.22172440043338254			
ACACTAC_MIR1423P	-0.2217279949264094			
IPA_ESRRG_DN	-0.22174237338835043			
MIR5702	-0.22175503920794268			
GO_CARDIAC_MUSCLE_CELL_ACTION_POTENTIAL	-0.22176075831819367			
YAO_TEMPORAL_RESPONSE_TO_PROGESTERONE_CLUSTER_9	-0.22176123800150357			
MIR8060	-0.2217659189212079			
GSE5589_LPS_AND_IL10_VS_LPS_AND_IL6_STIM_IL6_KO_MACROPHAGE_45MIN_DN	-0.2217663740145885			
CTTTGTA_MIR524	-0.22177842746060353			
GAL_LEUKEMIC_STEM_CELL_UP	-0.22178165348483728			
GO_INTRACELLULAR_CALCIUM_ACTIVATED_CHLORIDE_CHANNEL_ACTIVITY	-0.2217912888535144			
MATZUK_SPERMATID_DIFFERENTIATION	-0.22179146028101432			
GSE27786_LSK_VS_CD4_TCELL_UP	-0.22179193573533426			
GO_REGULATION_OF_CELLULAR_RESPONSE_TO_DRUG	-0.22179215858789275			
GO_MAGNESIUM_ION_BINDING	-0.22180270272783978			
AAGCACA_MIR218	-0.22180471589228917			
VERRECCHIA_DELAYED_RESPONSE_TO_TGFB1	-0.22180476975847446			
GO_CILIARY_TIP	-0.2218131516404344			
GO_SEQUENCE_SPECIFIC_DNA_BINDING	-0.2218180191859011			
ENGELMANN_CANCER_PROGENITORS_DN	-0.22182332161867743			
GO_REGULATION_OF_ODONTOGENESIS	-0.2218257029158779			
GO_CYSTEINE_TYPE_EXOPEPTIDASE_ACTIVITY	-0.2218370874173884			
GO_REGULATION_OF_RESPONSE_TO_DRUG	-0.22185144814493687			
WOOD_EBV_EBNA1_TARGETS_UP	-0.22185542431720123			
REACTOME_ADENYLATE_CYCLASE_ACTIVATING_PATHWAY	-0.22187238167741585			
MASRI_RESISTANCE_TO_TAMOXIFEN_AND_AROMATASE_INHIBITORS_DN	-0.22189302620215842			
REACTOME_HEDGEHOG_LIGAND_BIOGENESIS	-0.2218952535485018			
IPA_HIST1H1C_DN	-0.22192561326224122			
GO_NEGATIVE_REGULATION_OF_RESPIRATORY_BURST_INVOLVED_IN_INFLAMMATORY_RESPONSE	-0.22192753252373792			
GO_CELLULAR_RESPONSE_TO_INORGANIC_SUBSTANCE	-0.22192832361214937			
GO_VESICLE_MEDIATED_TRANSPORT_IN_SYNAPSE	-0.22193276531183997			
REACTOME_TRANSCRIPTIONAL_REGULATION_BY_RUNX2	-0.22193811590916707			
MIR548AE_3P_MIR548AQ_3P	-0.22194230958114744			
GO_OXIDOREDUCTASE_ACTIVITY_ACTING_ON_PAIRED_DONORS_WITH_OXIDATION_OF_A_PAIR_OF_DONORS_RESULTING_IN_THE_REDUCTION_OF_MOLECULAR_OXYGEN_TO_TWO_MOLECULES_OF_WATER	-0.22194569678368595			
GSE8835_HEALTHY_VS_CLL_CD8_TCELL_UP	-0.22194882149306094			
REACTOME_STAT5_ACTIVATION	-0.22194998772052735			
LET_7A_3P	-0.2219530503543365			
GSE7460_CTRL_VS_TGFB_TREATED_ACT_TREG_DN	-0.22197400566122907			
GO_PHOSPHATIDYLETHANOLAMINE_METABOLIC_PROCESS	-0.221981750182078			
GO_REGULATION_OF_GLIAL_CELL_DIFFERENTIATION	-0.2219849632875089			
GSE42021_CD24HI_VS_CD24INT_TCONV_THYMUS_UP	-0.22200661323779694			
CAGTGTT_MIR141_MIR200A	-0.22200673972308946			
REACTOME_NUCLEAR_RECEPTOR_TRANSCRIPTION_PATHWAY	-0.2220080841698086			
RTTTNNNYTGGM_UNKNOWN	-0.22201278808448566			
KEGG_ASCORBATE_AND_ALDARATE_METABOLISM	-0.22201779232343438			
GSE14308_TH1_VS_NATURAL_TREG_DN	-0.2220179866123384			
GO_GLAND_MORPHOGENESIS	-0.22202553575714107			
CAFFAREL_RESPONSE_TO_THC_24HR_5_DN	-0.22202585455660917			
GO_LUNG_MORPHOGENESIS	-0.22203507993809002			
GO_POSITIVE_REGULATION_OF_DEVELOPMENTAL_PIGMENTATION	-0.22203865784686683			
GO_SODIUM_CHANNEL_ACTIVITY	-0.2220452562757898			
PID_WNT_NONCANONICAL_PATHWAY	-0.2220530302714191			
REACTOME_HEPARAN_SULFATE_HEPARIN_HS_GAG_METABOLISM	-0.2220541163598842			
MIR512_3P	-0.22206255068061995			
WANG_TARGETS_OF_MLL_CBP_FUSION_DN	-0.22207338124822476			
GO_NEGATIVE_REGULATION_OF_TRANSCRIPTION_BY_COMPETITIVE_PROMOTER_BINDING	-0.22208501226230645			
GO_REGULATION_OF_AMPA_RECEPTOR_ACTIVITY	-0.2221102549044368			
GO_EPIDERMIS_MORPHOGENESIS	-0.22211037605348968			
KRAS.LUNG.BREAST_UP.V1_DN	-0.2221115839466126			
YTAAYNGCT_UNKNOWN	-0.2221122926664418			
GO_BRUSH_BORDER_MEMBRANE	-0.22211569448519236			
GO_PROLINE_TRANSPORT	-0.22212188865327456			
MIR6779_5P	-0.22212223915777835			
MIR548AH_3P_MIR548AM_3P	-0.22212559931885384			
HFH8_01	-0.22212600431535892			
GO_PROTEIN_SUMOYLATION	-0.22213011472189423			
GSE42021_TCONV_PLN_VS_TREG_PRECURSORS_THYMUS_UP	-0.22213130228552053			
MIR6859_5P	-0.22213555016154848			
GO_MUCOSAL_ASSOCIATED_LYMPHOID_TISSUE_DEVELOPMENT	-0.2221397338450995			
GO_REGULATION_OF_OOGENESIS	-0.22214200862611974			
REACTOME_MUSCARINIC_ACETYLCHOLINE_RECEPTORS	-0.2221453847720172			
GO_GLIAL_CELL_PROJECTION	-0.22215831591253193			
TBP_01	-0.222158424941949			
GO_NUCLEOBASE_CONTAINING_COMPOUND_TRANSMEMBRANE_TRANSPORTER_ACTIVITY	-0.22216357367304612			
GO_SYNAPTIC_TRANSMISSION_CHOLINERGIC	-0.22217107185573762			
IPA_NR5A2_DN	-0.22217373686226344			
GO_VINCULIN_BINDING	-0.22217869443625146			
GSE21670_TGFB_VS_IL6_TREATED_CD4_TCELL_UP	-0.22218830360981023			
GREB1_TARGET_GENES	-0.2222046171658374			
GO_RAS_PROTEIN_SIGNAL_TRANSDUCTION	-0.22220992093837924			
GO_CELLULAR_GLUCOSE_HOMEOSTASIS	-0.22221180845131902			
GO_REGULATION_OF_VESICLE_TARGETING_TO_FROM_OR_WITHIN_GOLGI	-0.2222195265625833			
GO_PALMITOYL_PROTEIN_HYDROLASE_ACTIVITY	-0.22222932289022546			
GO_MACROMOLECULE_DEPALMITOYLATION	-0.22222932289022546			
GO_INTRINSIC_COMPONENT_OF_POSTSYNAPTIC_MEMBRANE	-0.22223688189257845			
GSE9037_CTRL_VS_LPS_4H_STIM_IRAK4_KO_BMDM_UP	-0.22223887233883935			
LUI_THYROID_CANCER_PAX8_PPARG_UP	-0.222240002355061			
PCBP2_TARGET_GENES	-0.22224411114181894			
REACTOME_PI_3K_CASCADE_FGFR4	-0.22225280918039061			
GO_NEGATIVE_REGULATION_OF_RESPONSE_TO_DRUG	-0.22225919680791936			
GO_CRANIAL_SUTURE_MORPHOGENESIS	-0.2222600839944765			
GO_EYE_PIGMENTATION	-0.22226078419578613			
TCF1P_Q6	-0.22226602193499573			
IPA_HES7_UP	-0.22226681489849232			
CAFFAREL_RESPONSE_TO_THC_8HR_5_DN	-0.22226916911015718			
ATGTACA_MIR493	-0.22227382645028623			
GGGATGC_MIR3245P	-0.22228018884703768			
GO_RENAL_RESPONSE_TO_BLOOD_FLOW_INVOLVED_IN_CIRCULATORY_RENIN_ANGIOTENSIN_REGULATION_OF_SYSTEMIC_ARTERIAL_BLOOD_PRESSURE	-0.22228311226128838			
GO_REGULATION_OF_FOREBRAIN_NEURON_DIFFERENTIATION	-0.22228488436505242			
GO_JUN_KINASE_KINASE_KINASE_ACTIVITY	-0.22229266513638637			
GSE29618_PRE_VS_DAY7_FLU_VACCINE_BCELL_UP	-0.22230189010987852			
ATF1_Q6	-0.22230440260154716			
GSE34217_MIR17_92_OVEREXPRESS_VS_WT_ACT_CD8_TCELL_DN	-0.22230876317621615			
SPZ1_01	-0.2223184449091311			
GSE14350_TREG_VS_TEFF_DN	-0.22232022604518248			
RIZ_ERYTHROID_DIFFERENTIATION_HBZ	-0.2223212655230858			
GO_POSITIVE_REGULATION_OF_TRANSFORMING_GROWTH_FACTOR_BETA1_PRODUCTION	-0.22232253631252666			
MIR183_5P	-0.22233270621995607			
REACTOME_PI5P_REGULATES_TP53_ACETYLATION	-0.22233471847333547			
SOX10_TARGET_GENES	-0.22233473448531035			
REACTOME_NOTCH2_ACTIVATION_AND_TRANSMISSION_OF_SIGNAL_TO_THE_NUCLEUS	-0.2223434262179708			
GO_WW_DOMAIN_BINDING	-0.22235051131911152			
REACTOME_INTERACTION_BETWEEN_L1_AND_ANKYRINS	-0.22235713898572007			
BOYAULT_LIVER_CANCER_SUBCLASS_G56_UP	-0.22236841933269294			
IPA_BRCA1_DN	-0.22239585623514674			
CHESLER_BRAIN_HIGHEST_EXPRESSION	-0.22240092000528433			
GO_NEURAL_NUCLEUS_DEVELOPMENT	-0.22240289381041403			
GSE17721_CTRL_VS_LPS_0.5H_BMDC_DN	-0.2224152276335754			
TATTATA_MIR374	-0.22241804722691927			
RYTGCNWTGGNR_UNKNOWN	-0.22243958138079634			
GO_GLYCOSPHINGOLIPID_BIOSYNTHETIC_PROCESS	-0.22243974417823822			
REACTOME_GLUCAGON_SIGNALING_IN_METABOLIC_REGULATION	-0.22244271065865864			
IPA_ZNF143_UP	-0.22244539471301633			
FOXJ2_02	-0.22244782474474822			
GO_VOLTAGE_GATED_CATION_CHANNEL_ACTIVITY	-0.2224530236126466			
GO_REGULATION_OF_KERATINOCYTE_DIFFERENTIATION	-0.22245667663831498			
BOYLAN_MULTIPLE_MYELOMA_D_UP	-0.22247215667513728			
RICKMAN_HEAD_AND_NECK_CANCER_D	-0.22248881540106308			
GO_CEREBELLAR_CORTEX_MORPHOGENESIS	-0.2224928892418087			
IPA_MED1_UP	-0.2224950946426771			
TACTTGA_MIR26A_MIR26B	-0.22251052901267016			
GSE6269_STAPH_AUREUS_VS_STREP_PNEUMO_INF_PBMC_UP	-0.22252003390256986			
GO_FAT_SOLUBLE_VITAMIN_CATABOLIC_PROCESS	-0.22252387683983116			
GO_N_ACYLPHOSPHATIDYLETHANOLAMINE_SPECIFIC_PHOSPHOLIPASE_D_ACTIVITY	-0.2225345365536668			
GO_PHAGOCYTOSIS_RECOGNITION	-0.22253915733857504			
GO_POSITIVE_REGULATION_OF_CHONDROCYTE_DIFFERENTIATION	-0.22254798275181212			
GO_POSITIVE_REGULATION_OF_INTEGRIN_ACTIVATION	-0.22255223736109633			
MIR204_5P	-0.22255223956364192			
HEN1_02	-0.22255624650165803			
GSE6566_STRONG_VS_WEAK_DC_STIMULATED_CD4_TCELL_UP	-0.22255701846220166			
REACTOME_ADHERENS_JUNCTIONS_INTERACTIONS	-0.22256055652432927			
GO_NUCLEOSIDE_DIPHOSPHATE_CATABOLIC_PROCESS	-0.22256382591424168			
REACTOME_FGFR2_MUTANT_RECEPTOR_ACTIVATION	-0.22256385962849942			
ROZANOV_MMP14_TARGETS_DN	-0.22256960708335513			
GSE42021_CD24HI_TREG_VS_CD24HI_TCONV_THYMUS_UP	-0.22257193979491702			
HOXA13_TARGET_GENES	-0.22259093157129728			
REACTOME_DNA_DAMAGE_REVERSAL	-0.22259996513363053			
MIR6802_3P	-0.22260499339620807			
FOXC1_TARGET_GENES	-0.22261244181677386			
GO_POSITIVE_REGULATION_OF_HISTONE_H3_K4_METHYLATION	-0.22261312556760898			
GO_OXIDOREDUCTASE_ACTIVITY_ACTING_ON_NAD_P_H_HEME_PROTEIN_AS_ACCEPTOR	-0.22262627073874208			
GO_MICROTUBULE_MOTOR_ACTIVITY	-0.22262748229263363			
GO_NEURON_PROJECTION_TERMINUS	-0.22262856239820772			
GO_REGULATION_OF_PHENOTYPIC_SWITCHING	-0.2226323355751621			
GO_PHENOTYPIC_SWITCHING	-0.2226323355751621			
GO_SINGLE_STRANDED_DNA_EXODEOXYRIBONUCLEASE_ACTIVITY	-0.22263433313026076			
GO_REGULATION_OF_MIDBRAIN_DOPAMINERGIC_NEURON_DIFFERENTIATION	-0.22267033238030798			
GO_REGULATION_OF_MAMMARY_GLAND_EPITHELIAL_CELL_PROLIFERATION	-0.22269526158963124			
MIR182_5P	-0.22269907367191044			
MIR92A_2_5P	-0.22269939013418713			
REACTOME_MYOCLONIC_EPILEPSY_OF_LAFORA	-0.22269966998411975			
GO_NONASSOCIATIVE_LEARNING	-0.22270006945400303			
GSE9006_TYPE_1_VS_TYPE_2_DIABETES_PBMC_AT_DX_UP	-0.22270218179442314			
GO_REGULATION_OF_HISTONE_H3_K9_METHYLATION	-0.22270791365991838			
MIF1_01	-0.2227109767466838			
MIR4303	-0.22271420751113027			
CART1_01	-0.22272183682279534			
MIR664A_5P	-0.2227273297515349			
GO_BIOLOGICAL_PHASE	-0.22272955044002402			
GO_ORGANOPHOSPHATE_ESTER_TRANSMEMBRANE_TRANSPORTER_ACTIVITY	-0.22273223148147397			
REACTOME_ACTIVATION_OF_ANTERIOR_HOX_GENES_IN_HINDBRAIN_DEVELOPMENT_DURING_EARLY_EMBRYOGENESIS	-0.2227334403355026			
GO_THYMOCYTE_MIGRATION	-0.2227361347872972			
MIR3681_5P	-0.22274241313354684			
GO_INSULIN_RECEPTOR_COMPLEX	-0.22275683557605408			
GO_REGULATION_OF_NEUROTRANSMITTER_TRANSPORT	-0.2227688001633953			
GO_MODIFICATION_OF_POSTSYNAPTIC_STRUCTURE	-0.22279455606123033			
GO_SYNAPTIC_VESICLE_RECYCLING	-0.22281123937023603			
GO_EMBRYONIC_SKELETAL_SYSTEM_DEVELOPMENT	-0.22281169905823223			
GO_NEGATIVE_REGULATION_OF_URINE_VOLUME	-0.2228124460171275			
GO_SUBSTRATE_ADHESION_DEPENDENT_CELL_SPREADING	-0.22281564364907144			
GSE21063_WT_VS_NFATC1_KO_8H_ANTI_IGM_STIM_BCELL_DN	-0.2228157952397076			
GO_FLAVONE_METABOLIC_PROCESS	-0.22282171180307994			
IPA_CCNT1_DN	-0.22282171180307994			
IPA_DLX5_UP	-0.22282798071768659			
IPA_POU4F1_UP	-0.22284400332681517			
GO_ANTEROGRADE_AXONAL_TRANSPORT	-0.222847747154495			
GO_HEME_TRANSPORTER_ACTIVITY	-0.22286179584346688			
SMITH_LIVER_CANCER	-0.22286541584661618			
GO_REGULATION_OF_SMOOTHENED_SIGNALING_PATHWAY_INVOLVED_IN_DORSAL_VENTRAL_NEURAL_TUBE_PATTERNING	-0.22286792221952928			
GSE46606_UNSTIM_VS_CD40L_IL2_IL5_1DAY_STIMULATED_IRF4_KO_BCELL_DN	-0.222869556601516			
MIR548J_3P	-0.22287950454995017			
DACOSTA_UV_RESPONSE_VIA_ERCC3_COMMON_UP	-0.22288515100944709			
GO_CERAMIDE_METABOLIC_PROCESS	-0.2228973282255788			
HUNSBERGER_EXERCISE_REGULATED_GENES	-0.22290192257037716			
GO_NEGATIVE_REGULATION_OF_INTRACELLULAR_ESTROGEN_RECEPTOR_SIGNALING_PATHWAY	-0.22290523269600424			
GO_MAINTENANCE_OF_PROTEIN_LOCALIZATION_IN_ORGANELLE	-0.22290557229325603			
GO_THIOESTERASE_BINDING	-0.22292199325802758			
MIR1294	-0.22293982480592087			
GO_POSITIVE_REGULATION_OF_OLIGODENDROCYTE_DIFFERENTIATION	-0.22294408335470853			
MIR211_5P	-0.22294462243591556			
MIR6883_3P	-0.22294864566762243			
GO_NEURON_REMODELING	-0.22296586027160814			
GO_ESTABLISHMENT_OR_MAINTENANCE_OF_BIPOLAR_CELL_POLARITY	-0.22296702746940805			
GSE557_WT_VS_I_AB_KO_DC_UP	-0.2229755675572408			
GO_AMP_BINDING	-0.22298287799190694			
GO_MICROBODY_MEMBRANE	-0.22298572071533862			
GO_DETECTION_OF_STIMULUS_INVOLVED_IN_SENSORY_PERCEPTION_OF_PAIN	-0.22298585520016723			
GO_REGULATION_OF_MICROTUBULE_BINDING	-0.22298704892157825			
CHANDRAN_METASTASIS_TOP50_DN	-0.22299209389975005			
REACTOME_SIGNALING_BY_NTRK3_TRKC	-0.22299263683001308			
GO_MACROPHAGE_COLONY_STIMULATING_FACTOR_PRODUCTION	-0.22300308377438055			
chr18q23	-0.22300341128171522			
chr17q25	-0.22300459723147348			
MIR136_3P	-0.22301182271156816			
GO_SODIUM_CHLORIDE_SYMPORTER_ACTIVITY	-0.22301486546726926			
MIR149_5P	-0.22301611677609182			
KEGG_VALINE_LEUCINE_AND_ISOLEUCINE_DEGRADATION	-0.22302128718884628			
MIR12118	-0.22302304376133703			
KEGG_HISTIDINE_METABOLISM	-0.22303871910501225			
GO_CELLULAR_RESPONSE_TO_X_RAY	-0.22305519530689885			
CHEN_HOXA5_TARGETS_6HR_DN	-0.22305889296611253			
GO_MULTIVESICULAR_BODY_SORTING_PATHWAY	-0.22306518765301858			
GO_MORPHOGENESIS_OF_AN_EPITHELIUM	-0.22306726815799424			
BYSTRYKH_HEMATOPOIESIS_STEM_CELL_QTL_TRANS	-0.22306769206662885			
UEDA_PERIFERAL_CLOCK	-0.22307696211023587			
REACTOME_CARGO_CONCENTRATION_IN_THE_ER	-0.22307721222651453			
GO_POSITIVE_REGULATION_OF_COFACTOR_METABOLIC_PROCESS	-0.2230853010125954			
HADDAD_T_LYMPHOCYTE_AND_NK_PROGENITOR_UP	-0.22309317605154716			
BIOCARTA_INTRINSIC_PATHWAY	-0.22309986876851462			
GSE4984_UNTREATED_VS_VEHICLE_CTRL_TREATED_DC_DN	-0.22310804322072736			
REACTOME_PROTEIN_UBIQUITINATION	-0.22310870949520714			
GO_DYNEIN_COMPLEX_BINDING	-0.22311492721931			
CAGCAGG_MIR370	-0.22312667154704177			
GO_PEPTIDOGLYCAN_IMMUNE_RECEPTOR_ACTIVITY	-0.223128453005569			
GO_REGULATION_OF_EXCITATORY_SYNAPSE_ASSEMBLY	-0.22314893914006995			
GO_REGULATION_OF_CHOLESTEROL_EFFLUX	-0.22316584364173772			
GO_REGULATION_OF_FATTY_ACID_BETA_OXIDATION	-0.2231668104295394			
GSE5589_UNSTIM_VS_180MIN_LPS_STIM_MACROPHAGE_UP	-0.22317237051462954			
HEB_Q6	-0.22319436693701591			
GO_DOUBLE_STRANDED_RNA_ADENOSINE_DEAMINASE_ACTIVITY	-0.22320751594698623			
GO_REGULATION_OF_CELL_MORPHOGENESIS	-0.22321753021816687			
GO_CLATHRIN_LIGHT_CHAIN_BINDING	-0.22322928576680728			
MIR1271_5P	-0.22323315865660776			
GSE40666_WT_VS_STAT4_KO_CD8_TCELL_UP	-0.22323379523227702			
GO_FUCOSE_CATABOLIC_PROCESS	-0.22323425590078907			
MIR6791_5P	-0.22323982001598944			
MIR454_5P	-0.22324717204139696			
GO_MACROMOLECULE_DEACYLATION	-0.22325422568609388			
GSE27670_CTRL_VS_BLIMP1_TRANSDUCED_GC_BCELL_UP	-0.22326125165120608			
chr11q24	-0.22327052153647567			
IPA_SREBF2_DN	-0.2232864626896209			
MIR4481	-0.22328697084668478			
IPA_EBF1_UP	-0.22331087113999232			
GO_PROGESTERONE_BIOSYNTHETIC_PROCESS	-0.22333979565487294			
GRYDER_PAX3FOXO1_TOP_ENHANCERS	-0.2233499801387483			
GO_TISSUE_MORPHOGENESIS	-0.22335180581970343			
GO_PHENYLPROPANOID_METABOLIC_PROCESS	-0.22338122100848345			
GO_REGULATION_OF_NON_CANONICAL_WNT_SIGNALING_PATHWAY	-0.2233822648654862			
GO_L_KYNURENINE_METABOLIC_PROCESS	-0.2233867452184341			
GO_NEGATIVE_REGULATION_OF_MONOCYTE_CHEMOTACTIC_PROTEIN_1_PRODUCTION	-0.2233882713307996			
MIR4675	-0.2233882755260989			
HALLMARK_ADIPOGENESIS	-0.22339471678639217			
MIR8087	-0.22340141010963666			
GO_PROTEIN_TRANSMEMBRANE_TRANSPORT	-0.22342933308083412			
MIR1301_3P_MIR5047	-0.2234508623720169			
GO_LABYRINTHINE_LAYER_BLOOD_VESSEL_DEVELOPMENT	-0.22345235926568013			
GO_OLIGOSACCHARIDE_BIOSYNTHETIC_PROCESS	-0.2234525679533636			
GO_GAMMA_CATENIN_BINDING	-0.22345938075255037			
REACTOME_COMPETING_ENDOGENOUS_RNAS_CERNAS_REGULATE_PTEN_TRANSLATION	-0.22346173697748054			
GO_SPHINGOID_BIOSYNTHETIC_PROCESS	-0.22347302082835352			
GSE360_L_MAJOR_VS_M_TUBERCULOSIS_DC_UP	-0.2234793022191702			
GO_JUXTAPARANODE_REGION_OF_AXON	-0.2235118683866393			
GO_EPITHELIAL_TO_MESENCHYMAL_TRANSITION	-0.2235143203206938			
ATF3_Q6	-0.22354252352795895			
IPA_FOXA2_UP	-0.22356349598687494			
IPA_MYOG_DN	-0.22356380303627846			
GO_MAINTENANCE_OF_PRESYNAPTIC_ACTIVE_ZONE_STRUCTURE	-0.2235793479207503			
LIAO_HAVE_SOX4_BINDING_SITES	-0.2235823476130871			
GO_OXYGEN_CARRIER_ACTIVITY	-0.22359041461575804			
GO_PRESYNAPTIC_MODULATION_OF_CHEMICAL_SYNAPTIC_TRANSMISSION	-0.22359069525727915			
CAGNWMCNNNGAC_UNKNOWN	-0.22360258417036757			
MIR6852_5P	-0.22360346088039398			
GO_PROTEIN_SERINE_THREONINE_PHOSPHATASE_ACTIVITY	-0.22362096155320382			
WIKMAN_ASBESTOS_LUNG_CANCER_UP	-0.22363035111204005			
GO_MEMBRANE_DEPOLARIZATION_DURING_SA_NODE_CELL_ACTION_POTENTIAL	-0.22363236241462223			
GSE17721_LPS_VS_CPG_0.5H_BMDC_UP	-0.2236330586155157			
GSE34156_UNTREATED_VS_24H_NOD2_AND_TLR1_TLR2_LIGAND_TREATED_MONOCYTE_DN	-0.22363531502284792			
GO_INTEGRAL_COMPONENT_OF_SYNAPTIC_VESICLE_MEMBRANE	-0.223654950225373			
GO_SPHINGOLIPID_METABOLIC_PROCESS	-0.2236552311490034			
GO_NEGATIVE_REGULATION_OF_CILIUM_ASSEMBLY	-0.22365571832984388			
GSE19941_LPS_VS_LPS_AND_IL10_STIM_IL10_KO_MACROPHAGE_UP	-0.2236580649801181			
GO_TRICUSPID_VALVE_MORPHOGENESIS	-0.2236676130077306			
GO_LIPOXYGENASE_PATHWAY	-0.2236707273991296			
GO_INTERLEUKIN_1_BETA_BIOSYNTHETIC_PROCESS	-0.22367117361702582			
GO_INTERLEUKIN_1_BIOSYNTHETIC_PROCESS	-0.22367117361702582			
GO_MUTLALPHA_COMPLEX_BINDING	-0.22367632907447857			
GSE39556_UNTREATED_VS_3H_POLYIC_INJ_MOUSE_CD8A_DC_DN	-0.22368052884558193			
BOCHKIS_FOXA2_TARGETS	-0.22368850490145598			
GO_MALE_GENITALIA_DEVELOPMENT	-0.22368981168700944			
GSE34179_THPOK_KO_VS_WT_VA14I_NKTCELL_UP	-0.22369203512040292			
chr10q22	-0.22370095984072103			
GO_GLIAL_CELL_FATE_SPECIFICATION	-0.22370130519614242			
GO_GUANYLATE_CYCLASE_REGULATOR_ACTIVITY	-0.2237026456783824			
GSE36476_YOUNG_VS_OLD_DONOR_MEMORY_CD4_TCELL_DN	-0.22371147649095124			
HNRNPH1_TARGET_GENES	-0.22372535485701542			
GSE20715_WT_VS_TLR4_KO_6H_OZONE_LUNG_DN	-0.22372555613196785			
REACTOME_HDL_CLEARANCE	-0.22373472841753098			
MIR6840_3P	-0.2237366927203177			
IPA_HESX1_DN	-0.22374196424742537			
MYLLYKANGAS_AMPLIFICATION_HOT_SPOT_21	-0.22374595973340528			
OHGUCHI_LIVER_HNF4A_TARGETS_DN	-0.22375164751268575			
GO_DICARBOXYLIC_ACID_TRANSPORT	-0.22376082238302342			
GO_CYTOPLASMIC_MICROTUBULE	-0.22378097315498136			
IPA_SKI_UP	-0.22378129961787133			
IPA_ZNF711_UP	-0.22378450162880192			
REACTOME_TRANSFERRIN_ENDOCYTOSIS_AND_RECYCLING	-0.22380807156573335			
REACTOME_TFAP2_AP_2_FAMILY_REGULATES_TRANSCRIPTION_OF_CELL_CYCLE_FACTORS	-0.223815142014338			
REACTOME_SPRY_REGULATION_OF_FGF_SIGNALING	-0.2238232366933378			
REACTOME_DOPAMINE_NEUROTRANSMITTER_RELEASE_CYCLE	-0.22382774743547534			
GO_AORTIC_VALVE_DEVELOPMENT	-0.22384910302366107			
GO_ODONTOGENESIS_OF_DENTIN_CONTAINING_TOOTH	-0.22385207552307612			
ROAZ_01	-0.2238538343595114			
GSE21379_WT_VS_SAP_KO_CD4_TCELL_UP	-0.2238579660329742			
GO_OXIDOREDUCTASE_ACTIVITY_ACTING_ON_OTHER_NITROGENOUS_COMPOUNDS_AS_DONORS	-0.22386039380361697			
GO_DOPAMINE_METABOLIC_PROCESS	-0.22387085273467983			
GO_EMBRYONIC_DIGIT_MORPHOGENESIS	-0.22387176756637858			
SCHRAETS_MLL_TARGETS_UP	-0.22387501414412214			
GTTTGTT_MIR495	-0.2238752664685036			
GO_POSITIVE_REGULATION_OF_LIPID_KINASE_ACTIVITY	-0.223879158439902			
MIR4685_5P	-0.22388031609705142			
GO_CORTICAL_CYTOSKELETON	-0.22388398344521163			
GSE37301_HEMATOPOIETIC_STEM_CELL_VS_MULTIPOTENT_PROGENITOR_UP	-0.22390897055375567			
IPA_MYBL1_UP	-0.2239336709154516			
GO_RESPONSE_TO_STEROID_HORMONE	-0.22394033972645644			
THEODOROU_MAMMARY_TUMORIGENESIS	-0.22395135545971692			
GSE7218_UNSTIM_VS_ANTIGEN_STIM_THROUGH_IGM_BCELL_UP	-0.22395798697202005			
REACTOME_SIGNALING_BY_EGFR	-0.2239595274680992			
GO_ACTIN_FILAMENT_BASED_TRANSPORT	-0.2239613536875255			
GO_LIGASE_ACTIVITY_FORMING_CARBON_NITROGEN_BONDS	-0.22396799855530744			
GO_REGULATION_OF_SYNAPTIC_TRANSMISSION_DOPAMINERGIC	-0.22397530931317527			
GSE5589_UNSTIM_VS_45MIN_LPS_AND_IL6_STIM_MACROPHAGE_DN	-0.2239826070619743			
MIR4665_5P	-0.2239863961152773			
IPA_CTNNB1_DN	-0.22400962088029547			
GO_CHEMOREPELLENT_ACTIVITY	-0.22401703923232713			
GO_CELL_PROLIFERATION_IN_HINDBRAIN	-0.2240274953844454			
GO_ROSTROCAUDAL_NEURAL_TUBE_PATTERNING	-0.22403119208395236			
GO_MITOCHONDRIAL_PROTON_TRANSPORTING_ATP_SYNTHASE_COMPLEX_CATALYTIC_CORE_F_1	-0.2240532803724741			
BIOCARTA_HCMV_PATHWAY	-0.22405452934121178			
GO_PULMONARY_VALVE_MORPHOGENESIS	-0.22409121014174588			
GSE5589_WT_VS_IL10_KO_LPS_STIM_MACROPHAGE_45MIN_DN	-0.22410201945263106			
GSE21360_TERTIARY_VS_QUATERNARY_MEMORY_CD8_TCELL_UP	-0.2241030367424977			
GO_PROTEASOME_ACCESSORY_COMPLEX	-0.22410415510983256			
GO_KETONE_BODY_BIOSYNTHETIC_PROCESS	-0.22411033930146865			
MIR3938	-0.22411394972493476			
GO_PRESYNAPSE	-0.22411754186123362			
GO_TRANS_GOLGI_NETWORK_TRANSPORT_VESICLE	-0.22411757587070133			
GO_L_TYPE_VOLTAGE_GATED_CALCIUM_CHANNEL_COMPLEX	-0.2241182558722591			
GO_ELASTIN_CATABOLIC_PROCESS	-0.22412254251626365			
GSE37336_LY6C_POS_VS_NEG_NAIVE_CD4_TCELL_UP	-0.22412391571410117			
GO_SEROTONIN_UPTAKE	-0.2241337917029971			
GO_DIVALENT_INORGANIC_CATION_TRANSMEMBRANE_TRANSPORTER_ACTIVITY	-0.22413850518468897			
GSE34156_NOD2_LIGAND_VS_NOD2_AND_TLR1_TLR2_LIGAND_6H_TREATED_MONOCYTE_DN	-0.2241777080930924			
GO_MOTOR_ACTIVITY	-0.22419154588618628			
GO_AXIS_ELONGATION	-0.22419599191319486			
DACH1_TARGET_GENES	-0.22420625673996605			
MIKKELSEN_NPC_HCP_WITH_H3K4ME3_AND_H3K27ME3	-0.22420818119412578			
GO_CILIARY_NEUROTROPHIC_FACTOR_MEDIATED_SIGNALING_PATHWAY	-0.2242127170442879			
ZNF354B_TARGET_GENES	-0.224214918608332			
GO_ERYTHROCYTE_MATURATION	-0.22422528983342113			
GSE28783_ANTI_MIR33_VS_CTRL_ATHEROSCLEROSIS_MACROPHAGE_DN	-0.22423099649651304			
GO_GLYCERALDEHYDE_3_PHOSPHATE_DEHYDROGENASE_NADPLUS_NON_PHOSPHORYLATING_ACTIVITY	-0.2242321115912181			
SMITH_TERT_TARGETS_DN	-0.22423925373675066			
IPA_MSX2_DN	-0.2242524630837753			
MIR4458	-0.2242869339209028			
GO_REGULATION_OF_TRANSFORMING_GROWTH_FACTOR_BETA_ACTIVATION	-0.2242897288379527			
GO_NEGATIVE_REGULATION_OF_GTPASE_ACTIVITY	-0.22429442258405743			
POOLA_INVASIVE_BREAST_CANCER_DN	-0.2243042670170713			
IPA_TWIST1_DN	-0.22430843474749426			
REACTOME_NOTCH3_INTRACELLULAR_DOMAIN_REGULATES_TRANSCRIPTION	-0.22431714745735096			
MIR4741	-0.2243347965457579			
NAKAYAMA_SOFT_TISSUE_TUMORS_PCA1_DN	-0.22433557368024337			
GSE37532_VISCERAL_ADIPOSE_TISSUE_VS_LN_DERIVED_PPARG_KO_TREG_CD4_TCELL_DN	-0.22434387436638112			
GO_RESPIRATORY_SYSTEM_DEVELOPMENT	-0.224353266946334			
TIEN_INTESTINE_PROBIOTICS_6HR_DN	-0.22436091736056335			
MIR548AA_MIR548AP_3P_MIR548T_3P	-0.2243701570196737			
GO_POSITIVE_REGULATION_OF_KERATINOCYTE_DIFFERENTIATION	-0.22437287102878192			
GO_CELL_MORPHOGENESIS_INVOLVED_IN_DIFFERENTIATION	-0.22438783670772833			
GO_EYELID_DEVELOPMENT_IN_CAMERA_TYPE_EYE	-0.22438942410143864			
GSE16385_IFNG_TNF_VS_ROSIGLITAZONE_STIM_MACROPHAGE_DN	-0.2244233034781804			
IPA_POU1F1_UP	-0.22443676409735255			
BIOCARTA_IGF1R_PATHWAY	-0.2244488554803014			
YY1_Q6	-0.22445117813103205			
MIR6831_5P	-0.22445234428959707			
IPA_LEF1_DN	-0.22445380913769694			
IPA_CHD8_UP	-0.22445831518168696			
REACTOME_GASTRIN_CREB_SIGNALLING_PATHWAY_VIA_PKC_AND_MAPK	-0.22446145929100839			
GO_NEGATIVE_REGULATION_OF_SKELETAL_MUSCLE_CELL_DIFFERENTIATION	-0.2244660805053312			
GO_NEUROTROPHIN_TRK_RECEPTOR_SIGNALING_PATHWAY	-0.22446671024442957			
GSE46606_UNSTIM_VS_CD40L_IL2_IL5_1DAY_STIMULATED_IRF4HIGH_SORTED_BCELL_UP	-0.22446916401043462			
GO_DICARBOXYLIC_ACID_CATABOLIC_PROCESS	-0.22447381507635394			
GO_ORGANOPHOSPHATE_BIOSYNTHETIC_PROCESS	-0.22447811663963407			
AGCGCTT_MIR518F_MIR518E_MIR518A	-0.22450869503536564			
GO_NEGATIVE_REGULATION_OF_RESPIRATORY_BURST	-0.2245135404678353			
REACTOME_BH3_ONLY_PROTEINS_ASSOCIATE_WITH_AND_INACTIVATE_ANTI_APOPTOTIC_BCL_2_MEMBERS	-0.22453691912387366			
MIR4725_5P	-0.22454055193695469			
REACTOME_SIGNALING_BY_ERBB2_IN_CANCER	-0.22454360902825019			
HNF4_Q6	-0.224545292581124			
GO_ENDOPLASMIC_RETICULUM_ORGANIZATION	-0.22455600587635577			
GO_ENDOPLASMIC_RETICULUM_TUBULAR_NETWORK_MEMBRANE	-0.22455994125641168			
GO_NATA_COMPLEX	-0.22455997038972833			
GO_REGULATION_OF_EPITHELIAL_CELL_PROLIFERATION_INVOLVED_IN_LUNG_MORPHOGENESIS	-0.22456372326659643			
CTCAGGG_MIR125B_MIR125A	-0.22457028682316413			
GO_CAMERA_TYPE_EYE_MORPHOGENESIS	-0.22458277579810093			
GO_REGULATION_OF_MESENCHYMAL_STEM_CELL_DIFFERENTIATION	-0.22459071769163078			
GO_FAT_CELL_PROLIFERATION	-0.22459541900110594			
GO_ANIMAL_ORGAN_MORPHOGENESIS	-0.22460255038790614			
GO_CELLULAR_SPHINGOLIPID_HOMEOSTASIS	-0.22460384565881603			
WANG_BARRETTS_ESOPHAGUS_DN	-0.22461378732922957			
GO_PYRIMIDINE_NUCLEOTIDE_SUGAR_TRANSMEMBRANE_TRANSPORTER_ACTIVITY	-0.22462738616887196			
MIR4315	-0.2246413589608184			
IPA_KMT2A_UP	-0.22465901180236558			
GRE_C	-0.22466111257095867			
GSE30083_SP2_VS_SP4_THYMOCYTE_UP	-0.22466594503893353			
GO_ORGANIC_HYDROXY_COMPOUND_BIOSYNTHETIC_PROCESS	-0.22466923914747136			
GO_POSITIVE_REGULATION_OF_GUANYLATE_CYCLASE_ACTIVITY	-0.2246759266795612			
GO_PIGMENT_BIOSYNTHETIC_PROCESS	-0.22468096442829405			
GO_ADENYLATE_CYCLASE_ACTIVATOR_ACTIVITY	-0.22468348398857			
WANG_CISPLATIN_RESPONSE_AND_XPC_UP	-0.22469007247803047			
GO_CELL_DIFFERENTIATION_IN_SPINAL_CORD	-0.22472355167350447			
IPA_NSD1_UP	-0.22473012767363265			
REACTOME_EXTRA_NUCLEAR_ESTROGEN_SIGNALING	-0.2247429068349846			
IPA_PPARD_UP	-0.22474857961063194			
GO_CELLULAR_RESPONSE_TO_CISPLATIN	-0.22474884006209267			
GO_AT_DNA_BINDING	-0.22475453873029144			
GO_TERPENOID_BIOSYNTHETIC_PROCESS	-0.22475629756826626			
KEGG_GLYCOSAMINOGLYCAN_BIOSYNTHESIS_HEPARAN_SULFATE	-0.2247568650402873			
REACTOME_ZINC_TRANSPORTERS	-0.22475920061058083			
MIR1914_5P	-0.22478339115121507			
MIR636	-0.22478579291589668			
GO_SCHWANN_CELL_PROLIFERATION	-0.22478717102442472			
MIR596	-0.2247893098205327			
IPA_POU2F1_UP	-0.2247914872857613			
GO_INTRACELLULAR_STEROID_HORMONE_RECEPTOR_SIGNALING_PATHWAY	-0.2248014665222136			
REACTOME_ACTIVATION_OF_SMO	-0.22480385464071484			
VANDESLUIS_COMMD1_TARGETS_GROUP_3_DN	-0.22480974042002297			
PCGF1_TARGET_GENES	-0.22481095030064518			
IPA_UBTF_UP	-0.22481912916039004			
GO_PHOSPHATIDYLETHANOLAMINE_BIOSYNTHETIC_PROCESS	-0.2248267955059205			
TCGA_GLIOBLASTOMA_MUTATED	-0.22484173041668096			
MIR4772_5P	-0.22484642790955006			
PID_ECADHERIN_NASCENT_AJ_PATHWAY	-0.22484866677589044			
GO_ACTIVIN_RECEPTOR_ACTIVITY_TYPE_I	-0.22485428231339183			
IPA_BARHL2_UP	-0.2248550693940744			
MIR6744_5P	-0.22486304217277947			
REACTOME_EICOSANOIDS	-0.22486654535204792			
IPA_KLF10_UP	-0.2248717906875799			
GO_ESTABLISHMENT_OR_MAINTENANCE_OF_CYTOSKELETON_POLARITY	-0.2248787824685402			
GO_VENTRICULAR_SEPTUM_DEVELOPMENT	-0.2248907598133243			
GSE14908_RESTING_VS_HDM_STIM_CD4_TCELL_NONATOPIC_PATIENT_UP	-0.22489895416477343			
LET_7D_5P	-0.22490147673657196			
GO_REGULATION_OF_OXIDATIVE_STRESS_INDUCED_INTRINSIC_APOPTOTIC_SIGNALING_PATHWAY	-0.22490706006746797			
SETLUR_PROSTATE_CANCER_TMPRSS2_ERG_FUSION_UP	-0.22491250722294154			
ESC_J1_UP_LATE.V1_UP	-0.22491428409875805			
REACTOME_ARYL_HYDROCARBON_RECEPTOR_SIGNALLING	-0.22491487487059422			
GO_NEGATIVE_REGULATION_OF_CELLULAR_RESPONSE_TO_GROWTH_FACTOR_STIMULUS	-0.22492034064083768			
GO_MYRISTOYL_COA_HYDROLASE_ACTIVITY	-0.22492674577911223			
REACTOME_REGULATION_OF_INSULIN_SECRETION	-0.22492744833141567			
MIR8485	-0.2249514151034368			
PID_BETA_CATENIN_DEG_PATHWAY	-0.22495555415588406			
MIR10394_5P	-0.2249582849832396			
GSE25147_UNSTIM_VS_HELIOBACTER_PYLORI_LPS_STIM_MKN45_CELL_DN	-0.224970710717639			
GO_NEUROTRANSMITTER_RECEPTOR_TRANSPORT_POSTSYNAPTIC_ENDOSOME_TO_LYSOSOME	-0.22497879397058548			
E2A_Q2	-0.2249890976423369			
BYSTRYKH_SCP2_QTL	-0.22499814620065423			
GO_VESTIBULOCOCHLEAR_NERVE_FORMATION	-0.22499825707872861			
REACTOME_FRS_MEDIATED_FGFR4_SIGNALING	-0.22499966248882672			
GO_NEUROTRANSMITTER_CATABOLIC_PROCESS	-0.22500040534010085			
GSE42021_CD24HI_VS_CD24INT_TREG_THYMUS_UP	-0.2250029314355426			
SMARCA1_TARGET_GENES	-0.22500327409716367			
GSE33162_HDAC3_KO_VS_HDAC3_KO_4H_LPS_STIM_MACROPHAGE_DN	-0.22501873649178175			
GO_FILAMENTOUS_ACTIN	-0.2250227126411357			
GO_CARTILAGE_DEVELOPMENT_INVOLVED_IN_ENDOCHONDRAL_BONE_MORPHOGENESIS	-0.22502801323603042			
WALLACE_PROSTATE_CANCER_UP	-0.22503713551140603			
NAISHIRO_CTNNB1_TARGETS_WITH_LEF1_MOTIF	-0.225044752006344			
GO_CELL_MIGRATION_INVOLVED_IN_HEART_DEVELOPMENT	-0.22504640598436612			
REACTOME_NEUROTOXICITY_OF_CLOSTRIDIUM_TOXINS	-0.22504693879583598			
MEISSNER_NPC_ICP_WITH_H3K4ME3	-0.2250525077654809			
MIR6756_3P	-0.22505266980999458			
OCT1_Q5_01	-0.2250559840746748			
ATGCAGT_MIR217	-0.22508948283551145			
MIR4483	-0.2251019803071512			
MIR4316	-0.22511087094722773			
GO_PEPTIDYL_LYSINE_MODIFICATION	-0.22513339289880038			
GO_NEGATIVE_REGULATION_OF_MUSCLE_ADAPTATION	-0.2251355979038634			
MIR6829_5P	-0.22513898010847067			
IPA_SOX10_UP	-0.22514228190557561			
KEGG_ALANINE_ASPARTATE_AND_GLUTAMATE_METABOLISM	-0.2251491846979273			
ZFP69B_TARGET_GENES	-0.22515682040399432			
SABATES_COLORECTAL_ADENOMA_SIZE_DN	-0.22515744288940884			
REACTOME_RHO_GTPASES_ACTIVATE_RHOTEKIN_AND_RHOPHILINS	-0.22515901406564404			
IPA_HHEX_UP	-0.2251591317371746			
MIR22_3P	-0.22516951017950146			
GO_OXYGEN_METABOLIC_PROCESS	-0.22517449727823483			
GO_LATE_ENDOSOME_TO_VACUOLE_TRANSPORT	-0.2251880634800213			
AP2_Q6_01	-0.22519471829392637			
GO_POSITIVE_REGULATION_OF_NOTCH_SIGNALING_PATHWAY	-0.22521074594455065			
ACAGGGT_MIR10A_MIR10B	-0.22521219534752396			
DLX2_TARGET_GENES	-0.2252170025256143			
REACTOME_REGULATION_OF_MECP2_EXPRESSION_AND_ACTIVITY	-0.2252229373755035			
GSE37416_CTRL_VS_0H_F_TULARENSIS_LVS_NEUTROPHIL_UP	-0.22523327287255634			
GO_EXCITATORY_SYNAPSE_ASSEMBLY	-0.22523901997095547			
GO_POSITIVE_REGULATION_OF_ACTIN_FILAMENT_BUNDLE_ASSEMBLY	-0.2252431617128811			
GSE13522_CTRL_VS_T_CRUZI_Y_STRAIN_INF_SKIN_129_MOUSE_UP	-0.22524724946948			
GO_MICROVILLUS_ORGANIZATION	-0.22526029652819654			
GO_PHAGOSOME_ACIDIFICATION	-0.22526486517957847			
GSE42724_B1_BCELL_VS_PLASMABLAST_UP	-0.22527296070640826			
ZFP3_TARGET_GENES	-0.2252758970948426			
GO_ISOCITRATE_DEHYDROGENASE_ACTIVITY	-0.2252806981430768			
AMIT_SERUM_RESPONSE_60_MCF10A	-0.2253027356620423			
MIR6889_3P	-0.22531894838249236			
IPA_FOSL1_DN	-0.2253337035714854			
BIOCARTA_P53_PATHWAY	-0.22533562730425885			
GSE4142_PLASMA_CELL_VS_GC_BCELL_UP	-0.22534493127030836			
GO_AORTA_MORPHOGENESIS	-0.22534658504346894			
GO_SEQUENCE_SPECIFIC_DOUBLE_STRANDED_DNA_BINDING	-0.22535297763281856			
GO_POSITIVE_REGULATION_OF_SYNAPTIC_VESICLE_EXOCYTOSIS	-0.22537435800836536			
GO_ENDOCARDIAL_CUSHION_DEVELOPMENT	-0.22537453819359882			
GO_POSITIVE_REGULATION_OF_NEUROMUSCULAR_JUNCTION_DEVELOPMENT	-0.22538615594858444			
GO_GLUCOSYLTRANSFERASE_ACTIVITY	-0.22538756294686707			
GO_REGULATION_OF_EPITHELIAL_TO_MESENCHYMAL_TRANSITION	-0.2253990466229954			
ARNT_01	-0.22540172020198318			
GO_AMEBOIDAL_TYPE_CELL_MIGRATION	-0.22540367139379036			
GO_TRANSMEMBRANE_RECEPTOR_PROTEIN_TYROSINE_KINASE_ACTIVITY	-0.22540765195364038			
GO_CALCIUM_ION_EXPORT_ACROSS_PLASMA_MEMBRANE	-0.22541723620205584			
KEGG_LYSINE_DEGRADATION	-0.22542070768773823			
ATF6_01	-0.2254265975364233			
IPA_FLII_UP	-0.22542775349307673			
IPA_HIST1H1A_DN	-0.22543249067078136			
IPA_HDAC3_DN	-0.22543935435690837			
GO_XENOBIOTIC_GLUCURONIDATION	-0.2254503976981777			
HMG20B_TARGET_GENES	-0.22545811475609107			
GO_CELLULAR_COMPONENT_MORPHOGENESIS	-0.22546044010267108			
NIKOLSKY_BREAST_CANCER_17Q21_Q25_AMPLICON	-0.22548261671701908			
GO_POSITIVE_REGULATION_OF_MUSCLE_CONTRACTION	-0.2254831634184901			
AP4_Q5	-0.22548328988251723			
GO_CYTOSKELETAL_PROTEIN_BINDING	-0.22549362659952038			
GO_REGULATION_OF_STEM_CELL_DIFFERENTIATION	-0.2254969603140029			
GO_MICROTUBULE_BUNDLE_FORMATION	-0.22550002101472602			
GO_HEART_VALVE_DEVELOPMENT	-0.22551512179600217			
GO_UTERUS_DEVELOPMENT	-0.2255200309700483			
GO_REGULATION_OF_PLASMA_MEMBRANE_ORGANIZATION	-0.22552182185987157			
GO_ACYL_CARNITINE_TRANSMEMBRANE_TRANSPORTER_ACTIVITY	-0.22552617000377143			
GO_ACYL_CARNITINE_TRANSPORT	-0.22552617000377143			
IPA_NFIB_DN	-0.2255359416338267			
IPA_NFIC_DN	-0.2255359416338267			
GO_PITUITARY_GLAND_DEVELOPMENT	-0.22554111482071645			
CREIGHTON_ENDOCRINE_THERAPY_RESISTANCE_5	-0.22555129185345033			
GO_STRIATED_MUSCLE_ADAPTATION	-0.22556246627884582			
GO_EMBRYO_DEVELOPMENT	-0.2255756147156693			
GO_INSULIN_LIKE_GROWTH_FACTOR_I_BINDING	-0.22558423844612321			
GO_MIRNA_MEDIATED_INHIBITION_OF_TRANSLATION	-0.2255928685882869			
GO_CELL_AGGREGATION	-0.22560233322093595			
MIR3173_3P	-0.22560789894393551			
GO_REGULATION_OF_HEART_RATE_BY_CARDIAC_CONDUCTION	-0.22561263001648899			
GO_REGULATION_OF_SISTER_CHROMATID_COHESION	-0.22561414871142085			
GO_POSITIVE_REGULATION_OF_CELL_CYCLE_ARREST	-0.22562134496661354			
GO_RETINA_VASCULATURE_MORPHOGENESIS_IN_CAMERA_TYPE_EYE	-0.22562423826110523			
MIR448	-0.22563606091546948			
GO_POSITIVE_REGULATION_OF_LIPID_LOCALIZATION	-0.22564094837734738			
GO_GOLGI_LUMEN	-0.22565401886994035			
GO_MICROFILAMENT_MOTOR_ACTIVITY	-0.22565934665059498			
GO_KERATINOCYTE_APOPTOTIC_PROCESS	-0.22566450388996992			
FRASOR_RESPONSE_TO_ESTRADIOL_DN	-0.22566476302770516			
GO_N_ACETYLLACTOSAMINE_SYNTHASE_ACTIVITY	-0.22567203837849653			
GO_TETRASPANIN_ENRICHED_MICRODOMAIN	-0.22567292371275907			
BIOCARTA_CHREBP_PATHWAY	-0.22567643657992376			
GO_NEGATIVE_REGULATION_OF_CYTOSKELETON_ORGANIZATION	-0.22567757026891386			
GO_CELLULAR_RESPONSE_TO_ELECTRICAL_STIMULUS	-0.22568184026124047			
MIR6799_3P	-0.2256918493206079			
GO_EMBRYONIC_ORGAN_DEVELOPMENT	-0.22569576658497123			
MIR6069	-0.22572835321384285			
GSE4535_BM_DERIVED_DC_VS_FOLLICULAR_DC_DN	-0.22574894000526818			
GO_REGULATION_OF_ACTIN_NUCLEATION	-0.22574905250966484			
GO_REGULATION_OF_DNA_BINDING	-0.2257575191389321			
GO_CRANIOFACIAL_SUTURE_MORPHOGENESIS	-0.22576366041707216			
GO_PIGMENT_GRANULE	-0.22577850272946798			
MIR4469	-0.22579160089964537			
GO_GLYCEROL_ETHER_BIOSYNTHETIC_PROCESS	-0.22579167458639865			
PIGF_UP.V1_DN	-0.22579467091354327			
REACTOME_FRS_MEDIATED_FGFR1_SIGNALING	-0.22581053728258846			
GO_PARATHYROID_GLAND_DEVELOPMENT	-0.22581737473933772			
MIR148A_5P	-0.22581750226350478			
GO_NEGATIVE_REGULATION_OF_LIPOPROTEIN_PARTICLE_CLEARANCE	-0.22582779876921633			
MIR6789_5P	-0.22583314164639248			
GO_OSTEOBLAST_PROLIFERATION	-0.22584956600452738			
chr2p12	-0.22585461034411858			
GO_FATTY_ACID_METABOLIC_PROCESS	-0.22587940868451656			
BRUINS_UVC_RESPONSE_EARLY_LATE	-0.22588161961828893			
GO_AMINO_ACID_TRANSPORT	-0.2259082034590998			
GO_BASEMENT_MEMBRANE_ORGANIZATION	-0.22590878853178079			
GO_FERROUS_IRON_BINDING	-0.22591396089585364			
REACTOME_FIBRONECTIN_MATRIX_FORMATION	-0.22593505055674493			
GO_LONG_TERM_SYNAPTIC_DEPRESSION	-0.2259537670775164			
IPA_NEUROD4_UP	-0.22598291842897655			
SRF_Q4	-0.22598351437408368			
GO_COENZYME_BIOSYNTHETIC_PROCESS	-0.22599061804575327			
ATGGYGGA_UNKNOWN	-0.2259927517225788			
RORIE_TARGETS_OF_EWSR1_FLI1_FUSION_DN	-0.22599447486981963			
MEF2_04	-0.2260052040244322			
GO_REGULATION_OF_STEM_CELL_PROLIFERATION	-0.2260183554604331			
IPA_NCOR2_DN	-0.226036360129956			
MIR26B_5P	-0.22604823526168008			
MIR486_3P	-0.2260540848698729			
IPA_ATF3_DN	-0.22605517176433923			
GO_MICROTUBULE_POLYMERIZATION	-0.22606175424833505			
IPA_IKZF1_UP	-0.22606664027710163			
GSE22443_NAIVE_VS_ACT_AND_IL2_TREATED_CD8_TCELL_UP	-0.2260779764650797			
GO_DEVELOPMENTAL_PROCESS_INVOLVED_IN_REPRODUCTION	-0.22608579647116994			
NADELLA_PRKAR1A_TARGETS_UP	-0.22609650204461476			
LXR_DR4_Q3	-0.2260974398688548			
GO_ACROSIN_BINDING	-0.2261000941612097			
MIR762	-0.2261077707366853			
GTGCCAT_MIR183	-0.22612716021120643			
GO_PROTEIN_AUTOUBIQUITINATION	-0.22613396132902003			
KEGG_ACUTE_MYELOID_LEUKEMIA	-0.2261578897874444			
GO_SENSORY_PERCEPTION_OF_TOUCH	-0.22616169603012312			
HNF1_Q6	-0.22616345011754738			
MIR4526	-0.22616906467386708			
GO_VOLTAGE_GATED_CALCIUM_CHANNEL_ACTIVITY_INVOLVED_IN_CARDIAC_MUSCLE_CELL_ACTION_POTENTIAL	-0.22618002677494187			
GO_PROTEIN_DE_ADP_RIBOSYLATION	-0.2261957591368132			
IPA_CIITA_DN	-0.22619718374715966			
GGCAGCT_MIR22	-0.22620544928559888			
GO_REGULATION_OF_RETINA_DEVELOPMENT_IN_CAMERA_TYPE_EYE	-0.2262344305109124			
REACTOME_SIGNALING_BY_FGFR1	-0.2262461512426351			
GO_REGULATION_OF_WNT_SIGNALING_PATHWAY_PLANAR_CELL_POLARITY_PATHWAY	-0.22625598628130048			
GO_POSITIVE_REGULATION_OF_ARACHIDONIC_ACID_SECRETION	-0.2262609233373586			
GO_SODIUM_CHANNEL_INHIBITOR_ACTIVITY	-0.2262675273115573			
SAKAI_TUMOR_INFILTRATING_MONOCYTES_UP	-0.22629210025786217			
MIR5697	-0.22629311161190951			
GO_SPECIFICATION_OF_ANIMAL_ORGAN_IDENTITY	-0.22629451871493864			
YAMASHITA_LIVER_CANCER_WITH_EPCAM_DN	-0.22630917974106407			
REACTOME_JOSEPHIN_DOMAIN_DUBS	-0.2263194545783732			
BILANGES_SERUM_SENSITIVE_VIA_TSC1	-0.22632135393725392			
ZNF211_TARGET_GENES	-0.22633093936531995			
URS_ADIPOCYTE_DIFFERENTIATION_UP	-0.22633294476287613			
GSE24210_IL35_TREATED_VS_RESTING_TREG_DN	-0.2263839689885796			
ER_Q6_01	-0.22638462700903433			
MILI_PSEUDOPODIA_HAPTOTAXIS_DN	-0.22640012240904434			
GO_RESPONSE_TO_ZINC_ION	-0.2264034572118662			
GSE1460_CD4_THYMOCYTE_VS_THYMIC_STROMAL_CELL_DN	-0.22640468907931494			
GO_ATP_DEPENDENT_MICROTUBULE_MOTOR_ACTIVITY_PLUS_END_DIRECTED	-0.22642034566969566			
GO_METANEPHRIC_GLOMERULUS_DEVELOPMENT	-0.22642198488906196			
MIR6769B_3P	-0.2264235376059972			
GO_RIBOFLAVIN_TRANSMEMBRANE_TRANSPORTER_ACTIVITY	-0.22642892534216172			
GO_RIBOFLAVIN_TRANSPORT	-0.22642892534216172			
PID_PI3KCI_AKT_PATHWAY	-0.22644001973548436			
FAELT_B_CLL_WITH_VH3_21_UP	-0.22644866041703285			
GO_NEGATIVE_REGULATION_OF_CELLULAR_PROTEIN_LOCALIZATION	-0.22645126842719468			
GO_POSITIVE_REGULATION_OF_AMPA_RECEPTOR_ACTIVITY	-0.22645461530685185			
STAT1_01	-0.22646821417084675			
GSE360_LOW_DOSE_B_MALAYI_VS_M_TUBERCULOSIS_MAC_UP	-0.2264689309802562			
GSE20198_UNTREATED_VS_IFNA_TREATED_ACT_CD4_TCELL_UP	-0.22647093090021964			
RYBP_TARGET_GENES	-0.2264744888484739			
GO_NEGATIVE_REGULATION_OF_MICROTUBULE_POLYMERIZATION_OR_DEPOLYMERIZATION	-0.22647645031698527			
GSE17721_LPS_VS_GARDIQUIMOD_1H_BMDC_DN	-0.2264770136711624			
GO_REGULATION_OF_LIPOPROTEIN_PARTICLE_CLEARANCE	-0.22649458652841703			
IPA_SREBF2_UP	-0.22649977977014654			
IPA_FOXN1_UP	-0.2265092027550216			
GSE2770_TGFB_AND_IL4_VS_TGFB_AND_IL12_TREATED_ACT_CD4_TCELL_2H_UP	-0.22652449545500933			
MIR4685_3P	-0.22652869830545563			
ZNF837_TARGET_GENES	-0.22653041083997727			
GO_CALCIUM_SENSITIVE_GUANYLATE_CYCLASE_ACTIVATOR_ACTIVITY	-0.2265400503957752			
GO_REGULATION_OF_ATRIAL_CARDIAC_MUSCLE_CELL_MEMBRANE_DEPOLARIZATION	-0.2265413142504892			
TGACGTCA_ATF3_Q6	-0.22655362281475702			
BURTON_ADIPOGENESIS_7	-0.2265540892456963			
GSE17580_TREG_VS_TEFF_DN	-0.22655599281984745			
GSE7509_UNSTIM_VS_TNFA_IL1B_IL6_PGE_STIM_DC_DN	-0.22656094990807665			
GO_ORNITHINE_TRANSPORT	-0.22656203023557175			
GO_PONS_DEVELOPMENT	-0.2265751001485493			
BIOCARTA_PARKIN_PATHWAY	-0.22657901890510834			
GO_INOSITOL_LIPID_MEDIATED_SIGNALING	-0.226595565315524			
GO_NEGATIVE_REGULATION_OF_ATP_METABOLIC_PROCESS	-0.22661056012494832			
GO_CENTRAL_NERVOUS_SYSTEM_PROJECTION_NEURON_AXONOGENESIS	-0.2266237543177427			
GO_POSITIVE_REGULATION_OF_NEURAL_PRECURSOR_CELL_PROLIFERATION	-0.22662825932933284			
GO_POSTSYNAPTIC_NEUROTRANSMITTER_RECEPTOR_ACTIVITY	-0.2266488641257916			
GO_COFACTOR_BINDING	-0.22666261425373474			
GO_REGULATION_OF_MIRNA_METABOLIC_PROCESS	-0.2266680089843103			
YBX3_TARGET_GENES	-0.22666928060878072			
GUO_TARGETS_OF_IRS1_AND_IRS2	-0.22667320700913282			
GO_NEGATIVE_REGULATION_OF_NUCLEOCYTOPLASMIC_TRANSPORT	-0.2266989993500703			
chr7q21	-0.22669965885000834			
IPA_NCOA1_UP	-0.2267009380385009			
GO_RESPONSE_TO_CISPLATIN	-0.22670500144273723			
MIR6720_5P	-0.22671181622965883			
NF1_Q6	-0.22672580677431547			
ETF_Q6	-0.22673683185887766			
GO_RETINOL_BINDING	-0.22674154046454081			
GO_ANKYRIN_BINDING	-0.2267489137867329			
GO_ENZYME_LINKED_RECEPTOR_PROTEIN_SIGNALING_PATHWAY	-0.22676512818272104			
GO_CELL_CYCLE_ARREST	-0.22677397814792138			
GO_VENTRAL_SPINAL_CORD_INTERNEURON_DIFFERENTIATION	-0.2267763383064388			
GO_CELLULAR_RESPONSE_TO_HISTAMINE	-0.22677999477974797			
GO_TUBE_DEVELOPMENT	-0.22680782022217794			
ZNF260_TARGET_GENES	-0.22681534880417542			
MIR495_5P	-0.22681595692178882			
GO_BUD_ELONGATION_INVOLVED_IN_LUNG_BRANCHING	-0.22681928274039712			
IPA_MBD1_DN	-0.22682688124574693			
MIR652_5P	-0.22682933842611064			
GO_MESENCHYMAL_CELL_DIFFERENTIATION	-0.2268361249076403			
GO_LENS_FIBER_CELL_MORPHOGENESIS	-0.22684557643701395			
E2F_01	-0.22685216648662967			
REACTOME_NON_INTEGRIN_MEMBRANE_ECM_INTERACTIONS	-0.22685430110578708			
GO_RHYTHMIC_PROCESS	-0.22686346598209192			
SNAPC4_TARGET_GENES	-0.22689627407691362			
GO_REGULATION_OF_SYNAPTIC_VESICLE_PRIMING	-0.22691323029528168			
MIR101_3P	-0.22692832466017301			
GO_BRANCH_ELONGATION_OF_AN_EPITHELIUM	-0.22693682007120705			
CAGTCAC_MIR134	-0.22696269334878302			
GO_ODONTOGENESIS	-0.22696567795967112			
GO_ADP_BINDING	-0.22698905067924272			
GO_VOLTAGE_GATED_CALCIUM_CHANNEL_ACTIVITY	-0.22699332871464928			
GO_EXOPOLYPHOSPHATASE_ACTIVITY	-0.22700064685317567			
GO_POLYPHOSPHATE_CATABOLIC_PROCESS	-0.22700064685317567			
GSE32423_MEMORY_VS_NAIVE_CD8_TCELL_DN	-0.22701365593904546			
REACTOME_EPHB_MEDIATED_FORWARD_SIGNALING	-0.22701971920368577			
GSE23114_PERITONEAL_CAVITY_B1A_BCELL_VS_SPLEEN_BCELL_UP	-0.22702270853949647			
GO_GLYOXYLATE_METABOLIC_PROCESS	-0.22705362010476624			
GSE17721_CTRL_VS_POLYIC_0.5H_BMDC_DN	-0.22705467140903268			
MIR27A_3P_MIR27B_3P	-0.22706391429312098			
GO_LOCOMOTORY_BEHAVIOR	-0.2270847901004438			
GO_METENCEPHALON_DEVELOPMENT	-0.22709985032191776			
LIN_MELANOMA_COPY_NUMBER_UP	-0.22710229262890985			
MIR4476	-0.2271077431264546			
GO_REGULATION_OF_CELL_COMMUNICATION_BY_ELECTRICAL_COUPLING	-0.22711618088128513			
GO_NODE_OF_RANVIER	-0.22712336213275774			
PID_REELIN_PATHWAY	-0.22712649482408448			
GO_REGULATION_OF_BMP_SIGNALING_PATHWAY	-0.22712878995715485			
GO_MONOVALENT_INORGANIC_ANION_HOMEOSTASIS	-0.22714466180571036			
GO_ACETYLGALACTOSAMINYLTRANSFERASE_ACTIVITY	-0.22717342644139574			
GO_POSITIVE_REGULATION_OF_HORMONE_SECRETION	-0.22718140033380432			
GO_REGULATION_OF_T_CELL_DIFFERENTIATION_IN_THYMUS	-0.2271983387673024			
GO_OOCYTE_DIFFERENTIATION	-0.22723866362032957			
IPA_DOT1L_DN	-0.22724053874828243			
GO_REGULATION_OF_MITOCHONDRIAL_RNA_CATABOLIC_PROCESS	-0.22725457651445277			
MIR26A_5P	-0.22726832177189632			
GO_CELL_DIFFERENTIATION_INVOLVED_IN_KIDNEY_DEVELOPMENT	-0.22727012440870195			
PID_HES_HEY_PATHWAY	-0.22727305020774036			
GO_ADRENAL_GLAND_DEVELOPMENT	-0.22727543011644993			
GO_REGULATION_OF_POSTSYNAPTIC_MEMBRANE_NEUROTRANSMITTER_RECEPTOR_LEVELS	-0.22728055870308517			
GO_NEGATIVE_REGULATION_OF_GLUCOCORTICOID_RECEPTOR_SIGNALING_PATHWAY	-0.2272836708847699			
ZNF136_TARGET_GENES	-0.2272861195449274			
GSE29618_PRE_VS_DAY7_POST_TIV_FLU_VACCINE_MONOCYTE_UP	-0.22729787188081235			
GO_L_PROLINE_BIOSYNTHETIC_PROCESS	-0.227313544819129			
GO_NEGATIVE_REGULATION_OF_SYNAPTIC_TRANSMISSION_GLUTAMATERGIC	-0.2273360654123501			
GO_CRISTAE_FORMATION	-0.2273456088554573			
ATGAAGG_MIR205	-0.22735106848486494			
GO_REGULATION_OF_LYSOSOMAL_LUMEN_PH	-0.22735613141215702			
BARRIER_CANCER_RELAPSE_NORMAL_SAMPLE_DN	-0.22735895305961343			
GO_ENDOCARDIAL_CELL_DIFFERENTIATION	-0.22735952183518054			
MIR7109_3P	-0.22735953813659873			
GO_REGULATION_OF_POSTSYNAPTIC_NEUROTRANSMITTER_RECEPTOR_INTERNALIZATION	-0.22737191018637662			
MIKKELSEN_ES_LCP_WITH_H3K4ME3_AND_H3K27ME3	-0.22737611107689887			
GO_GLIAL_CELL_DIFFERENTIATION	-0.22737706907622085			
GO_REGULATION_OF_PROTEIN_SUMOYLATION	-0.22740265981422175			
REACTOME_DOWNREGULATION_OF_TGF_BETA_RECEPTOR_SIGNALING	-0.22740777005894974			
BIOCARTA_CELL2CELL_PATHWAY	-0.2274235697047349			
TIEN_INTESTINE_PROBIOTICS_2HR_DN	-0.22743196937764765			
GO_LIPOPROTEIN_METABOLIC_PROCESS	-0.22743436450820723			
WELCSH_BRCA1_TARGETS_DN	-0.2274495574139817			
REACTOME_METABOLISM_OF_NITRIC_OXIDE_ENOS_ACTIVATION_AND_REGULATION	-0.2274525353502682			
IPA_NR0B2_UP	-0.22746429887780434			
REACTOME_GAMMA_CARBOXYLATION_HYPUSINE_FORMATION_AND_ARYLSULFATASE_ACTIVATION	-0.22746543606313188			
REACTOME_ORGANIC_ANION_TRANSPORTERS	-0.2274805821856571			
KRAS.KIDNEY_UP.V1_UP	-0.2274867345639787			
PID_CIRCADIAN_PATHWAY	-0.2274949323317646			
GO_NEGATIVE_REGULATION_OF_GLYCOGEN_METABOLIC_PROCESS	-0.22750302377901388			
ROVERSI_GLIOMA_COPY_NUMBER_UP	-0.22751100919149866			
GO_CATECHOLAMINE_METABOLIC_PROCESS	-0.2275176250990118			
GSE339_CD4POS_VS_CD4CD8DN_DC_IN_CULTURE_DN	-0.22752497278564052			
IPA_MYRF_UP	-0.22753316818031408			
FOURNIER_ACINAR_DEVELOPMENT_EARLY_UP	-0.2275385891154385			
IPA_LHX6_DN	-0.22755601135258266			
GO_CHROMAFFIN_GRANULE	-0.22755867628662768			
chr15q11	-0.22757694358801117			
GSE21927_SPLEEN_VS_BONE_MARROW_MONOCYTE_BALBC_UP	-0.22761009185800263			
MIR433_5P	-0.22761905729692597			
MIR1183	-0.22762495888445033			
TONKS_TARGETS_OF_RUNX1_RUNX1T1_FUSION_SUSTAINED_IN_GRANULOCYTE_UP	-0.22764005235928042			
GO_NEGATIVE_REGULATION_OF_CYCLIC_NUCLEOTIDE_PHOSPHODIESTERASE_ACTIVITY	-0.22764270895262295			
GSE37301_PRO_BCELL_VS_GRANULOCYTE_MONOCYTE_PROGENITOR_UP	-0.2276432003281001			
MIR4733_5P	-0.2276677074721274			
IPA_PPARD_DN	-0.227671513735256			
REACTOME_NGF_INDEPENDANT_TRKA_ACTIVATION	-0.22768609338285528			
OCT1_05	-0.22769157611046326			
LEE_CALORIE_RESTRICTION_MUSCLE_DN	-0.22770348578533214			
GO_ISOPRENOID_BIOSYNTHETIC_PROCESS	-0.22770386391400232			
GO_CONTRACTILE_RING	-0.22771641439223667			
GO_COMPARTMENT_PATTERN_SPECIFICATION	-0.2277197019444059			
YNTTTNNNANGCARM_UNKNOWN	-0.22772064052530347			
REACTOME_CASPASE_ACTIVATION_VIA_DEPENDENCE_RECEPTORS_IN_THE_ABSENCE_OF_LIGAND	-0.22773061709898676			
YCATTAA_UNKNOWN	-0.22774796568176264			
MIR5584_5P	-0.22775659390911906			
GO_CELLULAR_RESPONSE_TO_ORGANIC_CYCLIC_COMPOUND	-0.2277703159050185			
GO_ADULT_FEEDING_BEHAVIOR	-0.22777063270572315			
AKL_HTLV1_INFECTION_UP	-0.227778450276513			
GO_POSITIVE_REGULATION_OF_HISTONE_DEACETYLATION	-0.22778096903810863			
GO_MESENCHYMAL_CELL_APOPTOTIC_PROCESS	-0.22780366579214878			
BREDEMEYER_RAG_SIGNALING_VIA_ATM_NOT_VIA_NFKB_UP	-0.22780395011543264			
IPA_TRIM22_DN	-0.22780718930412971			
GO_PERINUCLEAR_REGION_OF_CYTOPLASM	-0.22780887549842666			
GO_NUCLEAR_ENVELOPE_LUMEN	-0.2278102643649234			
HOSHIDA_LIVER_CANCER_LATE_RECURRENCE_DN	-0.22782175110520733			
REACTOME_ACYL_CHAIN_REMODELLING_OF_PC	-0.22784083623998422			
CAGCCTC_MIR4855P	-0.22784217410993635			
IPA_HEYL_DN	-0.22787042322706744			
GO_DEVELOPMENTAL_PIGMENTATION	-0.22787856000665507			
GSE17721_0.5H_VS_8H_POLYIC_BMDC_UP	-0.2278793856892992			
OUYANG_PROSTATE_CANCER_MARKERS	-0.22792016156682796			
GSE1432_CTRL_VS_IFNG_24H_MICROGLIA_UP	-0.22792520396615645			
GO_SOMITE_DEVELOPMENT	-0.22794132658456392			
AGCACTT_MIR93_MIR302A_MIR302B_MIR302C_MIR302D_MIR372_MIR373_MIR520E_MIR520A_MIR526B_MIR520B_MIR520C_MIR520D	-0.2279623062081434			
VDR_Q3	-0.22796470700291283			
SAMOLS_TARGETS_OF_KHSV_MIRNAS_UP	-0.2279688085032977			
GO_CHROMATIN_MEDIATED_MAINTENANCE_OF_TRANSCRIPTION	-0.22797803387217802			
TGFB_UP.V1_DN	-0.22798085266281182			
IPA_PBX1_UP	-0.22800134272652137			
GO_REGULATION_OF_WNT_SIGNALING_PATHWAY	-0.22802776952106324			
IPA_NCOA6_UP	-0.22803570096657683			
GO_POSITIVE_REGULATION_OF_ORGANIC_ACID_TRANSPORT	-0.22803592551340893			
GO_RAB_PROTEIN_SIGNAL_TRANSDUCTION	-0.22804464268140937			
GO_NEGATIVE_REGULATION_OF_PROTEIN_CATABOLIC_PROCESS	-0.22804568403961117			
MIR504_5P	-0.22807210029817537			
CACTTTG_MIR520G_MIR520H	-0.22809972156153263			
GO_LIGASE_ACTIVITY_FORMING_CARBON_OXYGEN_BONDS	-0.22810016730786234			
GO_PROTEIN_DEMETHYLATION	-0.22810448999248495			
GO_CYTOSKELETAL_ANCHORING_AT_PLASMA_MEMBRANE	-0.22811386349327797			
GO_TRANSMEMBRANE_RECEPTOR_PROTEIN_TYROSINE_KINASE_SIGNALING_PATHWAY	-0.22814610946645525			
GO_HEMATOPOIETIC_PROGENITOR_CELL_DIFFERENTIATION	-0.22814672918073803			
GO_MUSCLE_CELL_DIFFERENTIATION	-0.22814716606625712			
GO_DNA_CATABOLIC_PROCESS_EXONUCLEOLYTIC	-0.22815427038572927			
GO_REGULATION_OF_PROTEIN_LOCALIZATION_TO_MEMBRANE	-0.22815851135183135			
NFE2L3_TARGET_GENES	-0.22816127108170417			
GO_NEGATIVE_REGULATION_OF_ACTIN_FILAMENT_POLYMERIZATION	-0.22816686094448566			
GSE32255_WT_VS_JMJD2D_KNOCKDOWN_4H_LPS_STIM_DC_UP	-0.22817497140600915			
GO_POSITIVE_REGULATION_OF_PROTEIN_LOCALIZATION_TO_MEMBRANE	-0.22819270304752007			
GO_CILIARY_MEMBRANE	-0.22820499818816434			
GO_MULTIVESICULAR_BODY_MEMBRANE	-0.22821737539861162			
GGATTA_PITX2_Q2	-0.22821861751795786			
GO_DETERMINATION_OF_DIGESTIVE_TRACT_LEFT_RIGHT_ASYMMETRY	-0.22821954686508028			
MIR210_3P	-0.2282364081598835			
HALLMARK_APICAL_SURFACE	-0.22824084522514818			
GSE19374_UNINF_VS_LISTERIA_INFECTED_MACROPHAGE_DN	-0.22824679851006052			
GO_PROTEIN_DEMANNOSYLATION	-0.22825905149882145			
GGATCCG_MIR127	-0.22826255018605698			
GO_NEGATIVE_REGULATION_OF_RNA_POLYMERASE_II_REGULATORY_REGION_SEQUENCE_SPECIFIC_DNA_BINDING	-0.22826685674654762			
MIR1233_3P	-0.2282999426142834			
IPA_DLX2_UP	-0.2283129529182151			
BENPORATH_SOX2_TARGETS	-0.22832119918381535			
GSE13229_IMM_VS_INTMATURE_NKCELL_UP	-0.22833692427315935			
GO_CELL_FATE_COMMITMENT	-0.22835031067380976			
MIR503_3P	-0.228359492204224			
GO_REGULATION_OF_MICROTUBULE_POLYMERIZATION	-0.2283679631385123			
MYOD_Q6	-0.22837414921148794			
MIR4716_3P	-0.22838037870081218			
AACTGGA_MIR145	-0.22839925005839914			
MIR3183	-0.2284126603406059			
PATIL_LIVER_CANCER	-0.22841454835305902			
SNIP1_TARGET_GENES	-0.22842271739183767			
GO_INTRACELLULAR_DISTRIBUTION_OF_MITOCHONDRIA	-0.2284269971441251			
MIR569	-0.22842952651811896			
MIKKELSEN_ES_HCP_WITH_H3K27ME3	-0.22843538137353106			
DAVICIONI_RHABDOMYOSARCOMA_PAX_FOXO1_FUSION_UP	-0.2284378276175161			
GO_REGULATION_OF_SYNAPSE_MATURATION	-0.22844117067547753			
GO_REGULATION_OF_HISTONE_H3_K9_TRIMETHYLATION	-0.22844236028773318			
GO_COENZYME_METABOLIC_PROCESS	-0.2284464505512158			
IPA_PAX6_DN	-0.22845696311155303			
GO_CARDIAC_MUSCLE_CELL_CONTRACTION	-0.228465765216454			
GSE37301_LYMPHOID_PRIMED_MPP_VS_PRO_BCELL_UP	-0.22846614382092673			
HOLLEMAN_PREDNISOLONE_RESISTANCE_B_ALL_UP	-0.22847765936368686			
GO_NEUROTRANSMITTER_TRANSPORT	-0.22848863110839843			
GO_NEUROTRANSMITTER_RECEPTOR_ACTIVITY	-0.22849127153146676			
GO_BENZENE_CONTAINING_COMPOUND_METABOLIC_PROCESS	-0.22849686341995826			
REACTOME_ERYTHROPOIETIN_ACTIVATES_STAT5	-0.22851452157864932			
IPA_NR1H2_UP	-0.22852425401959806			
GO_TONGUE_MORPHOGENESIS	-0.2285474133941753			
MIR4535	-0.22856626556931664			
GO_REGULATION_OF_SECONDARY_HEART_FIELD_CARDIOBLAST_PROLIFERATION	-0.22856730805082387			
GSE1432_1H_VS_6H_IFNG_MICROGLIA_UP	-0.22857652893348157			
GO_TROPHOBLAST_GIANT_CELL_DIFFERENTIATION	-0.22857708878623195			
GO_TRANSMEMBRANE_RECEPTOR_PROTEIN_KINASE_ACTIVITY	-0.22858164155428135			
GO_SCAFFOLD_PROTEIN_BINDING	-0.22858293751785005			
ZBTB44_TARGET_GENES	-0.22860105077305254			
GO_NEGATIVE_REGULATION_OF_OSTEOBLAST_DIFFERENTIATION	-0.22860185419051782			
GO_GLUCOSE_IMPORT	-0.22861246424116155			
GO_MATING	-0.22861473063776336			
GO_REGULATION_OF_ARACHIDONIC_ACID_SECRETION	-0.22861706303884632			
DOUGLAS_BMI1_TARGETS_UP	-0.2286293433633486			
IPA_POU2F1_DN	-0.22863548853601134			
GO_REGULATION_OF_FATTY_ACID_TRANSPORT	-0.22863824499293275			
GSE11367_CTRL_VS_IL17_TREATED_SMOOTH_MUSCLE_CELL_UP	-0.22864784846822606			
REACTOME_SIGNAL_TRANSDUCTION_BY_L1	-0.22865198375875556			
GO_GLIOGENESIS	-0.22865369647332068			
MIR4292	-0.22866201905279296			
CDP_01	-0.2286657992931838			
GSE24634_NAIVE_CD4_TCELL_VS_DAY7_IL4_CONV_TREG_UP	-0.22867043958126423			
GSE8921_UNSTIM_VS_TLR1_2_STIM_MONOCYTE_12H_UP	-0.2286724787056324			
MIR3660	-0.228677105412739			
GO_THIOLESTER_HYDROLASE_ACTIVITY	-0.22867843097568952			
GO_FATTY_ACID_HOMEOSTASIS	-0.22868075072640012			
GO_GENETIC_IMPRINTING	-0.22868612538998204			
GO_EUCHROMATIN	-0.22868698577125987			
GO_PHOSPHOLIPASE_BINDING	-0.2286927293285527			
GO_NEUROEPITHELIAL_CELL_DIFFERENTIATION	-0.2287104864546005			
GO_TUBE_MORPHOGENESIS	-0.2287126826596976			
GO_SULFUR_AMINO_ACID_CATABOLIC_PROCESS	-0.22871570557949622			
GO_PROTEIN_PALMITOYLATION	-0.22873306798995688			
REACTOME_SIGNALING_BY_TYPE_1_INSULIN_LIKE_GROWTH_FACTOR_1_RECEPTOR_IGF1R	-0.2287349065446803			
MIR1912_5P	-0.22873803404754137			
WANG_RECURRENT_LIVER_CANCER_DN	-0.2287402198977552			
MIR485_5P	-0.2287591805227462			
IPA_IKZF1_DN	-0.2287624329934919			
GO_REGULATION_OF_OOCYTE_MATURATION	-0.22878135155225784			
GO_CENTROMERIC_SISTER_CHROMATID_COHESION	-0.22878544772069362			
BIOCARTA_IGF1MTOR_PATHWAY	-0.22880869552108873			
MCCOLLUM_GELDANAMYCIN_RESISTANCE_DN	-0.228821444557052			
GSE7568_CTRL_VS_24H_TGFB_TREATED_MACROPHAGES_WITH_IL4_AND_DEXAMETHASONE_DN	-0.22882340805763277			
GO_ESTABLISHMENT_OF_PIGMENT_GRANULE_LOCALIZATION	-0.2288295681111886			
GO_MDM2_MDM4_FAMILY_PROTEIN_BINDING	-0.22883076287914433			
MIR4284	-0.22883117449949006			
MIR1227_3P	-0.22884387417999044			
MATZUK_OVULATION	-0.22886597556614666			
SU_SALIVARY_GLAND	-0.228873009490771			
GO_RNA_SECONDARY_STRUCTURE_UNWINDING	-0.2288735741221543			
SANSOM_APC_TARGETS_UP	-0.2288846053528793			
RUAN_RESPONSE_TO_TNF_DN	-0.22888781355804827			
LTE2_UP.V1_UP	-0.22889538404056212			
GO_ZINC_ION_TRANSMEMBRANE_TRANSPORTER_ACTIVITY	-0.2288960366375631			
GO_BONE_MORPHOGENESIS	-0.22890874125569635			
GO_TONGUE_DEVELOPMENT	-0.22890896749349982			
GO_LOW_DENSITY_LIPOPROTEIN_PARTICLE_CLEARANCE	-0.22891066200644627			
GSE11864_UNTREATED_VS_CSF1_IFNG_IN_MAC_UP	-0.2289244775473098			
JEON_SMAD6_TARGETS_DN	-0.22892905561863622			
REACTOME_ASSEMBLY_OF_ACTIVE_LPL_AND_LIPC_LIPASE_COMPLEXES	-0.2289294072429191			
GO_APICAL_CORTEX	-0.22892997199309395			
BYSTRYKH_HEMATOPOIESIS_STEM_CELL_IL3RA	-0.22893262804465261			
GO_NUCLEOTIDE_SUGAR_TRANSMEMBRANE_TRANSPORTER_ACTIVITY	-0.22894495298728826			
GO_RNA_POLYMERASE_I_REGULATORY_REGION_DNA_BINDING	-0.22895473486703097			
GO_REGULATION_OF_CELLULAR_COMPONENT_BIOGENESIS	-0.22897870248025878			
GO_NEGATIVE_REGULATION_OF_SYNAPTIC_TRANSMISSION	-0.22900927823174394			
GOERING_BLOOD_HDL_CHOLESTEROL_QTL_TRANS	-0.22902582926320475			
GSE18148_CBFB_KO_VS_WT_TREG_DN	-0.22902784332301854			
GO_MORPHOGENESIS_OF_A_BRANCHING_STRUCTURE	-0.22903645752054846			
GO_RNA_ADENYLYLTRANSFERASE_ACTIVITY	-0.22905138726337376			
GSE2405_HEAT_KILLED_LYSATE_VS_LIVE_A_PHAGOCYTOPHILUM_STIM_NEUTROPHIL_24H_DN	-0.22905231379515067			
MURAKAMI_UV_RESPONSE_1HR_UP	-0.22905352393479708			
IPA_GATA2_UP	-0.2290770378669546			
GO_POSITIVE_REGULATION_OF_CARBOHYDRATE_METABOLIC_PROCESS	-0.22909672136291398			
GO_DOPAMINE_NEUROTRANSMITTER_RECEPTOR_ACTIVITY_COUPLED_VIA_GI_GO	-0.22911930091890106			
GO_FATTY_ACID_DERIVATIVE_BIOSYNTHETIC_PROCESS	-0.22913482802957147			
IPA_TFE3_UP	-0.229139863762887			
MIR548AC	-0.2291530695496998			
HOLLERN_MICROACINAR_BREAST_TUMOR_UP	-0.22915753595035185			
REACTOME_TICAM1_DEPENDENT_ACTIVATION_OF_IRF3_IRF7	-0.22915833588656545			
GO_PIGMENT_ACCUMULATION	-0.2291688529377925			
MCBRYAN_PUBERTAL_BREAST_6_7WK_UP	-0.22917616992611145			
GO_REGULATION_OF_VESICLE_SIZE	-0.22917968775011238			
GO_NAIL_DEVELOPMENT	-0.22918644807644592			
MIR20A_5P	-0.22919754597070094			
GO_URETER_MORPHOGENESIS	-0.2292111032694938			
GSE360_CTRL_VS_L_DONOVANI_MAC_UP	-0.2292111186061772			
BOYAULT_LIVER_CANCER_SUBCLASS_G6_UP	-0.22921319424340106			
MIKKELSEN_MCV6_HCP_WITH_H3K27ME3	-0.22921733444942408			
REACTOME_DISEASES_ASSOCIATED_WITH_O_GLYCOSYLATION_OF_PROTEINS	-0.22922242675698082			
DOANE_BREAST_CANCER_CLASSES_UP	-0.22922978760049315			
ZNF774_TARGET_GENES	-0.22923082415167498			
GO_THALAMUS_DEVELOPMENT	-0.2292391550834912			
GSE46606_IRF4HIGH_VS_WT_CD40L_IL2_IL5_DAY1_STIMULATED_BCELL_UP	-0.229241190001245			
MIR504_3P	-0.22924316261264724			
GO_POST_EMBRYONIC_DEVELOPMENT	-0.2292436061071723			
GSE13484_UNSTIM_VS_12H_YF17D_VACCINE_STIM_PBMC_UP	-0.22925466057559474			
E47_02	-0.2292604970342295			
GO_POSITIVE_REGULATION_OF_PROTEIN_MATURATION	-0.22926807832532817			
MIR4723_3P	-0.22928266033590772			
REACTOME_CREB_PHOSPHORYLATION	-0.22928526202000338			
MIR1825	-0.22929134380730196			
GO_EMBRYONIC_HEART_TUBE_DEVELOPMENT	-0.22929382922837055			
MIR3916	-0.22930308735632948			
GO_ARGININE_CATABOLIC_PROCESS	-0.22932356497786768			
MIR6738_3P	-0.22932472612015017			
GSE32034_LY6C_HIGH_VS_LOW_MONOCYTE_UP	-0.2293307647639607			
GO_TIM23_MITOCHONDRIAL_IMPORT_INNER_MEMBRANE_TRANSLOCASE_COMPLEX	-0.22934388249314078			
IPA_PITX2_UP	-0.22935651228114778			
MIR548H_3P_MIR548Z	-0.2293602387215905			
GO_MITOTIC_SPINDLE_MIDZONE	-0.22937686598511622			
GSE21360_PRIMARY_VS_SECONDARY_MEMORY_CD8_TCELL_DN	-0.2293788078742274			
GSE2706_UNSTIM_VS_2H_LPS_DC_UP	-0.22938832649136978			
MIR487B_3P	-0.229390853984816			
MIR106B_5P	-0.22939473980241637			
GO_CIRCADIAN_REGULATION_OF_GENE_EXPRESSION	-0.22939682368633402			
chr8p12	-0.22939769024915194			
GSE45365_CD8A_DC_VS_CD11B_DC_IFNAR_KO_UP	-0.22941761270138472			
REACTOME_RAS_SIGNALING_DOWNSTREAM_OF_NF1_LOSS_OF_FUNCTION_VARIANTS	-0.22944000277433974			
GO_RESPONSE_TO_STARVATION	-0.2294467806044572			
IPA_CTCFL_UP	-0.22944963416772038			
PBXIP1_TARGET_GENES	-0.22945233020631498			
MIR3663_3P	-0.22945271063990033			
GO_POSITIVE_REGULATION_OF_OSTEOBLAST_PROLIFERATION	-0.229454392083968			
GO_VESICLE_TARGETING	-0.22945751642799875			
CERVERA_SDHB_TARGETS_1_DN	-0.22947250871427843			
PTF1BETA_Q6	-0.22949070690446577			
PAX4_01	-0.22949206144954667			
GO_CENTRAL_NERVOUS_SYSTEM_NEURON_DIFFERENTIATION	-0.22949761424928247			
GO_MITOTIC_SPINDLE_ASTRAL_MICROTUBULE	-0.22949852733370218			
GO_FATTY_ACID_TRANSPORT	-0.22950493860407456			
GO_NEGATIVE_REGULATION_OF_IMMATURE_T_CELL_PROLIFERATION	-0.22951351330375006			
MIR7113_5P	-0.22951373059606597			
GO_POSITIVE_REGULATION_OF_NUCLEAR_DIVISION	-0.2295222791036957			
GSE5455_EX_VIVO_VS_POST_24H_INCUBATION_MONOCYTES_FROM_TUMOR_BEARING_MOUSE_UP	-0.22953964195685198			
REACTOME_METABOLISM_OF_FAT_SOLUBLE_VITAMINS	-0.2295591772836743			
GO_POSITIVE_REGULATION_OF_BROWN_FAT_CELL_DIFFERENTIATION	-0.22956397863532782			
VALK_AML_CLUSTER_7	-0.2295687562051582			
PEREZ_TP63_TARGETS	-0.22957991103614872			
GSE360_CTRL_VS_L_MAJOR_MAC_UP	-0.22958306459628092			
GO_GLOMERULUS_VASCULATURE_MORPHOGENESIS	-0.22958415574870747			
BERTUCCI_INVASIVE_CARCINOMA_DUCTAL_VS_LOBULAR_UP	-0.2295890597004416			
GO_PROSTATE_GLAND_DEVELOPMENT	-0.2295993329500308			
GO_GLIAL_CELL_DEVELOPMENT	-0.2296184810639577			
MIR3974	-0.22961862693093996			
MIR6882_5P	-0.22961965188781777			
GSE2706_UNSTIM_VS_8H_LPS_DC_UP	-0.22963103549900885			
REACTOME_SMALL_INTERFERING_RNA_SIRNA_BIOGENESIS	-0.22963261215595915			
GO_NEGATIVE_REGULATION_OF_SYNAPSE_ORGANIZATION	-0.22965191727352363			
EBAUER_TARGETS_OF_PAX3_FOXO1_FUSION_DN	-0.2296548086113297			
IPA_RAD21_DN	-0.22965486508396174			
MIR1250_5P	-0.2296644977657119			
GO_GLYCOLIPID_BIOSYNTHETIC_PROCESS	-0.22968417800683688			
E2F3_UP.V1_UP	-0.22970745803796566			
IPA_HMGA2_UP	-0.2297091630146183			
MIR6895_5P	-0.22971970758261281			
CCAGGGG_MIR331	-0.2297234768222717			
HALLMARK_PROTEIN_SECRETION	-0.22972961978936282			
REACTOME_N_GLYCAN_TRIMMING_AND_ELONGATION_IN_THE_CIS_GOLGI	-0.22973836148581667			
GSE41978_ID2_KO_AND_BIM_KO_VS_BIM_KO_KLRG1_LOW_EFFECTOR_CD8_TCELL_DN	-0.2297395517333844			
GO_POSITIVE_REGULATION_OF_RECEPTOR_RECYCLING	-0.22975169265058676			
GO_CELLULAR_RESPONSE_TO_SALT_STRESS	-0.2297527183787152			
GO_INHIBITORY_SYNAPSE	-0.22975430587995543			
REACTOME_GLYCOGEN_METABOLISM	-0.22976319471066017			
GSE40441_NRP1_POS_INDUCED_TREG_VS_NRP1_NEG_NATURAL_TREG_UP	-0.2297721279259308			
FRIDMAN_SENESCENCE_DN	-0.22977752998074324			
GSE15659_CD45RA_NEG_CD4_TCELL_VS_ACTIVATED_TREG_UP	-0.22981506001701782			
GO_NEUROTRANSMITTER_REUPTAKE	-0.22982331316742322			
GO_DETECTION_OF_CELL_DENSITY	-0.22982994260151796			
GO_ALCOHOL_BINDING	-0.22983300402698753			
GO_LYMPHATIC_ENDOTHELIAL_CELL_DIFFERENTIATION	-0.22984876987098696			
KRAS.600.LUNG.BREAST_UP.V1_DN	-0.229848820727861			
HALLMARK_CHOLESTEROL_HOMEOSTASIS	-0.2298616090180918			
MIR455_3P	-0.22986695498924034			
GO_ANCHORED_COMPONENT_OF_POSTSYNAPTIC_MEMBRANE	-0.22987451851744384			
REACTOME_YAP1_AND_WWTR1_TAZ_STIMULATED_GENE_EXPRESSION	-0.22989961664292435			
GO_REGULATION_OF_SENSORY_PERCEPTION	-0.2299013243878309			
FXR1_TARGET_GENES	-0.2299199646357383			
GO_RESPONSE_TO_ENDOGENOUS_STIMULUS	-0.22992187890098326			
MIR4736	-0.22996296558440757			
REACTOME_RUNX1_REGULATES_GENES_INVOLVED_IN_MEGAKARYOCYTE_DIFFERENTIATION_AND_PLATELET_FUNCTION	-0.22996549344214365			
GO_POSITIVE_REGULATION_OF_MYELINATION	-0.22997246284047151			
GO_SAM_COMPLEX	-0.22997920140525363			
GO_INSULIN_LIKE_GROWTH_FACTOR_II_BINDING	-0.23001207778752922			
ACEVEDO_LIVER_TUMOR_VS_NORMAL_ADJACENT_TISSUE_UP	-0.23001871501466337			
IPA_IRF7_DN	-0.23001888080874705			
GSE10325_BCELL_VS_LUPUS_BCELL_UP	-0.2300277901131431			
SENESE_HDAC1_TARGETS_DN	-0.23002822267781778			
GO_PROTEIN_FOLDING_IN_ENDOPLASMIC_RETICULUM	-0.23003167952475584			
GO_GLUTAMATE_RECEPTOR_SIGNALING_PATHWAY	-0.23004140081692978			
GO_MICROTUBULE_POLYMERIZATION_OR_DEPOLYMERIZATION	-0.23004325107699095			
GO_RECEPTOR_RECYCLING	-0.23004629036068314			
GO_DETERMINATION_OF_DORSAL_VENTRAL_ASYMMETRY	-0.2300505242429577			
GO_THYROID_GLAND_DEVELOPMENT	-0.23008946880907166			
GO_CYTOPLASMIC_SEQUESTERING_OF_PROTEIN	-0.23009813778273547			
GSE39152_SPLEEN_CD103_NEG_VS_BRAIN_CD103_POS_MEMORY_CD8_TCELL_DN	-0.2301132907032579			
GSE21670_UNTREATED_VS_IL6_TREATED_CD4_TCELL_UP	-0.23012824723728567			
AGGAGTG_MIR483	-0.2301331509812609			
GO_SUBSTRATE_INDEPENDENT_TELENCEPHALIC_TANGENTIAL_MIGRATION	-0.23014896329175438			
HFH4_01	-0.23016660952097281			
MIR2909	-0.2301703542356367			
GO_CHORIO_ALLANTOIC_FUSION	-0.23017115177256942			
GO_POSITIVE_REGULATION_OF_CELL_CELL_ADHESION_MEDIATED_BY_CADHERIN	-0.23017922272684327			
PID_AR_TF_PATHWAY	-0.2301927594727689			
AP4_Q6	-0.23019713527918748			
MIR143_5P	-0.2302028371284544			
GO_STEM_CELL_PROLIFERATION	-0.23020409008059944			
SCHLESINGER_METHYLATED_DE_NOVO_IN_CANCER	-0.23020452556037954			
GO_KICSTOR_COMPLEX	-0.23020533795284603			
MIR6735_3P	-0.2302348310670435			
GO_PROTEIN_O_LINKED_GLYCOSYLATION	-0.23025671823886892			
ZHONG_SECRETOME_OF_LUNG_CANCER_AND_MACROPHAGE	-0.2302681465064579			
ATCTTGC_MIR31	-0.2302699325183103			
GO_NEGATIVE_REGULATION_OF_NEURON_APOPTOTIC_PROCESS	-0.23027227597124456			
GO_POSITIVE_REGULATION_OF_SARCOMERE_ORGANIZATION	-0.2302791571015324			
IPA_OTX2_DN	-0.2302810001392267			
KEGG_ALPHA_LINOLENIC_ACID_METABOLISM	-0.23029315566008687			
IPA_CDK1_UP	-0.23029456593016617			
REACTOME_SIGNALING_BY_HIPPO	-0.23030360876843406			
REACTOME_GRB2_EVENTS_IN_ERBB2_SIGNALING	-0.23032676335688534			
GO_OXYGEN_TRANSPORT	-0.23032886043018333			
CREB_01	-0.2303520485658402			
GSE2585_THYMIC_DC_VS_THYMIC_MACROPHAGE_UP	-0.2303544023151339			
GSE24574_BCL6_LOW_TFH_VS_NAIVE_CD4_TCELL_DN	-0.23036023132689548			
GO_NEUROPEPTIDE_RECEPTOR_BINDING	-0.23036249648471793			
GO_GLUTAMINE_FAMILY_AMINO_ACID_CATABOLIC_PROCESS	-0.23036963133629892			
GO_PROTON_TRANSPORTING_V_TYPE_ATPASE_COMPLEX_ASSEMBLY	-0.2303697419433929			
GO_CELL_PROJECTION_MEMBRANE	-0.2303721808818624			
GO_NEGATIVE_REGULATION_OF_DNA_DAMAGE_CHECKPOINT	-0.23038042833513014			
IPA_AR_UP	-0.23040762553205985			
GO_TRANSMEMBRANE_RECEPTOR_PROTEIN_SERINE_THREONINE_KINASE_ACTIVITY	-0.23041665278187665			
GO_ISOPRENOID_CATABOLIC_PROCESS	-0.23042179774459762			
GO_REGULATION_OF_PROTEIN_POLYMERIZATION	-0.23043034934790557			
FAC1_01	-0.23043196510888803			
GO_CAMP_RESPONSE_ELEMENT_BINDING	-0.2304374578432833			
GSE16522_MEMORY_VS_NAIVE_CD8_TCELL_DN	-0.23044910527482745			
GO_TRANSMEMBRANE_RECEPTOR_PROTEIN_SERINE_THREONINE_KINASE_SIGNALING_PATHWAY	-0.23046703760827328			
BROWNE_HCMV_INFECTION_24HR_UP	-0.23046894853368516			
GSE41867_DAY6_VS_DAY15_LCMV_CLONE13_EFFECTOR_CD8_TCELL_DN	-0.23049229244426245			
PDGF_ERK_DN.V1_DN	-0.23049325413447402			
REACTOME_NEUREXINS_AND_NEUROLIGINS	-0.2304961447452638			
GO_ALDITOL_CATABOLIC_PROCESS	-0.23050122291879174			
GSE24142_ADULT_VS_FETAL_DN2_THYMOCYTE_DN	-0.2305177536207665			
KEGG_NOTCH_SIGNALING_PATHWAY	-0.23051978283798472			
GO_GABA_GATED_CHLORIDE_ION_CHANNEL_ACTIVITY	-0.2305285353432924			
GO_CHROMATIN_DISASSEMBLY	-0.23054474630821956			
PAX4_02	-0.2305746274865154			
GO_CELL_PROLIFERATION_INVOLVED_IN_KIDNEY_DEVELOPMENT	-0.23057793039810062			
chr4p16	-0.23062250229777165			
GO_REGULATION_OF_HORMONE_LEVELS	-0.23062451597125022			
GSE37533_PPARG2_FOXP3_VS_FOXP3_TRANSDUCED_CD4_TCELL_PIOGLITAZONE_TREATED_UP	-0.23062575754698716			
IPA_KDR_UP	-0.23062693073831658			
GO_NEGATIVE_REGULATION_OF_ANOIKIS	-0.2306505150037575			
GO_ER_RETENTION_SEQUENCE_BINDING	-0.2306979342000626			
MIR5581_5P	-0.23070601500863944			
MIR9_3P	-0.23071357296961292			
GSE17721_LPS_VS_POLYIC_0.5H_BMDC_UP	-0.23074266268195598			
GO_CALCIUM_POTASSIUM_SODIUM_ANTIPORTER_ACTIVITY	-0.23074429174097708			
IPA_CTR9_UP	-0.23074459924972207			
TAANNYSGCG_UNKNOWN	-0.23074953911478746			
GO_PEPTIDYL_CYSTEINE_MODIFICATION	-0.23075967988764273			
MEISSNER_BRAIN_HCP_WITH_H3K27ME3	-0.23076357633529956			
GO_POSITIVE_REGULATION_OF_HEXOKINASE_ACTIVITY	-0.23077324166619287			
GO_REGULATION_OF_CARBOHYDRATE_BIOSYNTHETIC_PROCESS	-0.23077451854388792			
BPTF_TARGET_GENES	-0.23077460648808457			
GO_JUNCTIONAL_SARCOPLASMIC_RETICULUM_MEMBRANE	-0.2308218968802104			
ZF5_B	-0.23082420577678336			
GO_SUBPALLIUM_DEVELOPMENT	-0.2308443424110658			
MIR149_3P	-0.23085334854724956			
GROSS_ELK3_TARGETS_UP	-0.23085577624701104			
GO_5_3_EXODEOXYRIBONUCLEASE_ACTIVITY	-0.2308581373313024			
GO_CARDIAC_SEPTUM_DEVELOPMENT	-0.2308618663320702			
GO_EXOCRINE_PANCREAS_DEVELOPMENT	-0.23086495186220188			
GO_REGULATION_OF_DEFENSE_RESPONSE_TO_BACTERIUM	-0.23086571051117535			
MIR873_5P	-0.23087121877982356			
GO_POSITIVE_REGULATION_OF_FIBROBLAST_GROWTH_FACTOR_RECEPTOR_SIGNALING_PATHWAY	-0.23087293327039662			
GO_RNA_POLYMERASE_II_TRANSCRIPTION_FACTOR_BINDING	-0.23089067975733965			
GO_POSITIVE_REGULATION_OF_TAU_PROTEIN_KINASE_ACTIVITY	-0.23091662267453356			
MIR3157_3P	-0.2309263067429874			
GSE22886_IGA_VS_IGM_MEMORY_BCELL_UP	-0.23092725888932303			
GO_CELLULAR_RESPONSE_TO_LITHIUM_ION	-0.23092837149443612			
GO_CELLULAR_MONOVALENT_INORGANIC_CATION_HOMEOSTASIS	-0.23093427120770385			
GO_AMMONIUM_TRANSMEMBRANE_TRANSPORTER_ACTIVITY	-0.23096130637601073			
GO_NEGATIVE_REGULATION_OF_OXIDATIVE_PHOSPHORYLATION	-0.2309694861584116			
MIR373_3P	-0.23096993358146695			
MEDINA_SMARCA4_TARGETS	-0.23098324631732248			
REACTOME_CREB3_FACTORS_ACTIVATE_GENES	-0.23101433223576645			
GO_GLUTAMATE_SECRETION	-0.23102504010151195			
GO_VCP_NPL4_UFD1_AAA_ATPASE_COMPLEX	-0.23102670657500674			
HNF3ALPHA_Q6	-0.2310286169793472			
GO_STRIATED_MUSCLE_ATROPHY	-0.2310321544854038			
GO_REGULATION_OF_POSTSYNAPTIC_DENSITY_ORGANIZATION	-0.23103483417149695			
GO_CALCITONIN_FAMILY_RECEPTOR_ACTIVITY	-0.23105251028783516			
REACTOME_PHOSPHOLIPASE_C_MEDIATED_CASCADE_FGFR4	-0.23106468164864855			
MIR6072	-0.23110865761313817			
GO_TRANSFERASE_ACTIVITY_TRANSFERRING_ACYL_GROUPS	-0.23112927234298863			
GSE26912_TUMORICIDAL_VS_CTRL_MACROPHAGE_UP	-0.23117180324937867			
MIR4723_5P	-0.23117328902955703			
GO_MAINTENANCE_OF_ANIMAL_ORGAN_IDENTITY	-0.23118115377255158			
ZSCAN30_TARGET_GENES	-0.23120466924176786			
YAMASHITA_LIVER_CANCER_WITH_EPCAM_UP	-0.23121941303099064			
PID_WNT_SIGNALING_PATHWAY	-0.23123571231867865			
AP2ALPHA_01	-0.23123818192489992			
MIR7150	-0.23124104280726246			
REACTOME_BINDING_OF_TCF_LEF_CTNNB1_TO_TARGET_GENE_PROMOTERS	-0.2312616930899376			
GO_POSITIVE_REGULATION_OF_CELL_MORPHOGENESIS_INVOLVED_IN_DIFFERENTIATION	-0.23126634057726472			
MIR3153	-0.23127972503224511			
CREBL2_TARGET_GENES	-0.23130055633925387			
GO_BMP_BINDING	-0.2313087899335193			
GSE41176_UNSTIM_VS_ANTI_IGM_STIM_TAK1_KO_BCELL_6H_UP	-0.2313130192940656			
GSE26290_CTRL_VS_AKT_INHIBITOR_TREATED_ANTI_CD3_AND_IL2_STIM_CD8_TCELL_UP	-0.23133424008989745			
E47_01	-0.23134658435943184			
GO_MAMMARY_GLAND_ALVEOLUS_DEVELOPMENT	-0.23135467947738345			
GO_REGULATION_OF_SOMITOGENESIS	-0.23135620413994373			
GSE7764_IL15_NK_CELL_24H_VS_SPLENOCYTE_UP	-0.23136564530690115			
GO_ECTODERMAL_CELL_DIFFERENTIATION	-0.23136878046817466			
chr2p21	-0.231387603719398			
GO_CENTRAL_NERVOUS_SYSTEM_MATURATION	-0.23139375375323443			
LET_7I_3P	-0.2313952666221686			
LEE_LIVER_CANCER_MYC_TGFA_DN	-0.23139540597291416			
GO_PREPULSE_INHIBITION	-0.23140462780223484			
GO_REGULATION_OF_SNARE_COMPLEX_ASSEMBLY	-0.2314230061425903			
GO_TRANSMEMBRANE_EPHRIN_RECEPTOR_ACTIVITY	-0.2314275777407507			
GO_HORMONE_ACTIVITY	-0.23144023882429327			
GO_RESPONSE_TO_COCAINE	-0.23145386117420144			
GO_CARDIAC_EPITHELIAL_TO_MESENCHYMAL_TRANSITION	-0.23145571345123428			
HNF3_Q6	-0.2314567708917833			
CREB_02	-0.2314606885655392			
CRX_Q4	-0.23146446984284264			
GO_REGULATION_OF_PROTEIN_LOCALIZATION_TO_CELL_CORTEX	-0.23149987326867463			
LOCKWOOD_AMPLIFIED_IN_LUNG_CANCER	-0.23150557227603516			
MIR6515_3P	-0.23151845484104958			
GO_IRON_ION_TRANSMEMBRANE_TRANSPORTER_ACTIVITY	-0.2315312549725236			
PRAMOONJAGO_SOX4_TARGETS_DN	-0.23153570256754227			
GSE22935_UNSTIM_VS_48H_MBOVIS_BCG_STIM_MYD88_KO_MACROPHAGE_DN	-0.2315514658666304			
GSE21033_1H_VS_12H_POLYIC_STIM_DC_UP	-0.23156109801492805			
MIR548BB_3P	-0.23156968078773046			
GO_EMBRYONIC_CAMERA_TYPE_EYE_DEVELOPMENT	-0.23157162396832728			
REACTOME_DCC_MEDIATED_ATTRACTIVE_SIGNALING	-0.2315812376330645			
LEE_NEURAL_CREST_STEM_CELL_UP	-0.23160330323231595			
GSE32423_MEMORY_VS_NAIVE_CD8_TCELL_UP	-0.2316050861410306			
GO_HEAD_MORPHOGENESIS	-0.2316089229788962			
GO_PSEUDOPODIUM	-0.23163031481431534			
GO_REGULATION_OF_POLYSACCHARIDE_METABOLIC_PROCESS	-0.23163124982026342			
GO_NEGATIVE_REGULATION_OF_STEROL_TRANSPORT	-0.23166324972843735			
IPA_GLI1_UP	-0.23166558305877324			
CAFFAREL_RESPONSE_TO_THC_8HR_5_UP	-0.2316789149124124			
MIR1914_3P	-0.2316866625793057			
GO_INTRINSIC_COMPONENT_OF_THE_CYTOPLASMIC_SIDE_OF_THE_PLASMA_MEMBRANE	-0.23170688308968818			
GO_CELL_FATE_SPECIFICATION_INVOLVED_IN_PATTERN_SPECIFICATION	-0.23171313095593546			
GO_SMOOTH_MUSCLE_TISSUE_DEVELOPMENT	-0.23171387449544154			
GO_REGULATION_OF_RHO_PROTEIN_SIGNAL_TRANSDUCTION	-0.23172362244409236			
GO_GARP_COMPLEX	-0.23172735853181894			
ROSS_AML_WITH_AML1_ETO_FUSION	-0.23173328293524012			
GO_POSTTRANSLATIONAL_PROTEIN_TARGETING_TO_MEMBRANE_TRANSLOCATION	-0.23173894431024855			
GO_CELLULAR_AMINO_ACID_CATABOLIC_PROCESS	-0.23174256279852887			
SANSOM_APC_MYC_TARGETS	-0.23176365109135647			
CACGTTT_MIR302A	-0.23177543436615852			
GO_ACIDIC_AMINO_ACID_TRANSPORT	-0.23178805612222186			
MIR526B_3P	-0.23180632526011707			
GO_REGULATION_OF_EPITHELIAL_CELL_DIFFERENTIATION_INVOLVED_IN_KIDNEY_DEVELOPMENT	-0.23180941062193272			
GO_GAMMA_AMINOBUTYRIC_ACID_TRANSPORT	-0.23181132242996966			
GO_NOTCH_BINDING	-0.23181930166441983			
GO_DOPAMINE_RECEPTOR_BINDING	-0.23183119625863485			
GO_L_ORNITHINE_TRANSMEMBRANE_TRANSPORTER_ACTIVITY	-0.2318329057851028			
GO_REGULATION_OF_STEROL_TRANSPORT	-0.23183609630587593			
IPA_KLF3_DN	-0.23184083844943842			
MIR9899	-0.23184265120830339			
GO_NEUROTRANSMITTER_RECEPTOR_REGULATOR_ACTIVITY	-0.23185385145841517			
chr15q15	-0.23185385563997424			
GO_ANIMAL_ORGAN_FORMATION	-0.23185723272465958			
GO_PROTEIN_LIPOYLATION	-0.23186274419069922			
GSE20727_ROS_INH_VS_ROS_INH_AND_DNFB_ALLERGEN_TREATED_DC_DN	-0.23186563829086443			
KAAB_FAILED_HEART_ATRIUM_DN	-0.23186672432100405			
BROWNE_HCMV_INFECTION_6HR_DN	-0.23188450539154276			
GO_RENAL_VESICLE_FORMATION	-0.2319130796171963			
MIR4286	-0.23192382091840746			
REACTOME_GLYCEROPHOSPHOLIPID_BIOSYNTHESIS	-0.23193967804950338			
KYNG_RESPONSE_TO_H2O2_VIA_ERCC6_DN	-0.23193984577423737			
MIR769_5P	-0.23195694476802675			
DACOSTA_UV_RESPONSE_VIA_ERCC3_TTD_UP	-0.23195743265597824			
LEF1_Q2	-0.23196394082372152			
AGUIRRE_PANCREATIC_CANCER_COPY_NUMBER_UP	-0.23197625911411116			
GO_KINESIN_BINDING	-0.2319911005739286			
GO_NUCLEOSIDE_DIPHOSPHATASE_ACTIVITY	-0.2320129729712115			
GO_REGULATION_OF_THYMOCYTE_APOPTOTIC_PROCESS	-0.23201382081866778			
GO_OUTFLOW_TRACT_SEPTUM_MORPHOGENESIS	-0.2320156066813153			
REACTOME_POST_TRANSLATIONAL_MODIFICATION_SYNTHESIS_OF_GPI_ANCHORED_PROTEINS	-0.2320169162684601			
GO_REGULATION_OF_AMYLOID_FIBRIL_FORMATION	-0.23202646813432248			
MIR6783_3P	-0.23204021397892596			
GO_HISTONE_H3_K9_METHYLATION	-0.23205635729095464			
BCAT.100_UP.V1_DN	-0.2320634319384766			
IPA_PSIP1_DN	-0.23206514789418692			
GO_VACUOLAR_PROTON_TRANSPORTING_V_TYPE_ATPASE_COMPLEX_ASSEMBLY	-0.23206659060355136			
IPA_HAND1_UP	-0.23207016823944066			
GSE41978_WT_VS_ID2_KO_KLRG1_LOW_EFFECTOR_CD8_TCELL_UP	-0.2320936332708611			
GO_PROTEIN_SIDE_CHAIN_DEGLUTAMYLATION	-0.23211355526808608			
SRSF4_TARGET_GENES	-0.23211367231030744			
GO_PIGMENT_GRANULE_LOCALIZATION	-0.23212844593415607			
PID_NCADHERIN_PATHWAY	-0.23213531242432392			
GO_NEGATIVE_REGULATION_OF_TYPE_B_PANCREATIC_CELL_APOPTOTIC_PROCESS	-0.23213666837802635			
GO_L_ARGININE_TRANSPORT	-0.23214005175195188			
ZHOU_PANCREATIC_BETA_CELL	-0.23215722586531748			
IPA_SALL3_UP	-0.23215907701937638			
MIR9500	-0.23218476833619706			
GO_SYNTAXIN_1_BINDING	-0.2321867787692152			
GO_POSITIVE_REGULATION_OF_ANIMAL_ORGAN_MORPHOGENESIS	-0.23218726824903554			
GO_E_BOX_BINDING	-0.23218983249847958			
GO_HISTONE_H3_K9_DIMETHYLATION	-0.23219723540885834			
GO_DUCTUS_ARTERIOSUS_CLOSURE	-0.23220029803853892			
NRSF_01	-0.23220439333412896			
GO_REGULATION_OF_NON_MEMBRANE_SPANNING_PROTEIN_TYROSINE_KINASE_ACTIVITY	-0.23220830494490988			
INSM2_TARGET_GENES	-0.23222426846171182			
FERREIRA_EWINGS_SARCOMA_UNSTABLE_VS_STABLE_DN	-0.23222876691539424			
GO_CARDIAC_CONDUCTION_SYSTEM_DEVELOPMENT	-0.23224322094880873			
TAGCTTT_MIR9	-0.2322451571194253			
MULLIGHAN_NPM1_MUTATED_SIGNATURE_1_DN	-0.23224674489157454			
REACTOME_VLDLR_INTERNALISATION_AND_DEGRADATION	-0.23224806851543028			
GO_POSITIVE_REGULATION_OF_NECROTIC_CELL_DEATH	-0.23225073051830886			
IPA_ALYREF_UP	-0.23226050847204938			
REACTOME_SIGNALING_BY_INSULIN_RECEPTOR	-0.23226345215710906			
GO_REGULATION_OF_SECONDARY_METABOLIC_PROCESS	-0.2322654605541786			
SHEPARD_CRUSH_AND_BURN_MUTANT_DN	-0.23226909715267247			
GO_SYNAPTIC_VESICLE_ENDOCYTOSIS	-0.23228771516877095			
IPA_CREB1_DN	-0.23229797307638458			
chr4q33	-0.23230838327841447			
GO_REGULATION_OF_PROTEIN_LOCALIZATION_TO_PLASMA_MEMBRANE	-0.23232634099611893			
PID_RET_PATHWAY	-0.23232757345366245			
GO_PURKINJE_MYOCYTE_TO_VENTRICULAR_CARDIAC_MUSCLE_CELL_SIGNALING	-0.23232900100913428			
QI_HYPOXIA_TARGETS_OF_HIF1A_AND_FOXA2	-0.23234707337056842			
GSE7548_NAIVE_VS_DAY28_PCC_IMMUNIZATION_CD4_TCELL_DN	-0.23236092315507476			
GO_WNT_ACTIVATED_RECEPTOR_ACTIVITY	-0.23236673185848772			
GSE17721_LPS_VS_POLYIC_1H_BMDC_DN	-0.23236700228811885			
GSE7831_1H_VS_4H_CPG_STIM_PDC_UP	-0.23237005809821873			
GAGCCTG_MIR484	-0.23237733253527976			
MIR96_5P	-0.23237762030062523			
MIR3127_3P	-0.2323944176545637			
HALLMARK_TGF_BETA_SIGNALING	-0.23241276460897753			
MIR609	-0.2324132673885376			
GO_POSITIVE_REGULATION_OF_FATTY_ACID_METABOLIC_PROCESS	-0.2324224637357311			
CATRRAGC_UNKNOWN	-0.23242905455478483			
IPA_NEUROG3_UP	-0.23243137668986255			
GO_PROXIMAL_DISTAL_PATTERN_FORMATION	-0.23245027773615823			
GSE13229_IMM_VS_MATURE_NKCELL_UP	-0.23247840961746727			
REACTOME_GABA_SYNTHESIS_RELEASE_REUPTAKE_AND_DEGRADATION	-0.23247959529759626			
GO_POSITIVE_REGULATION_OF_GLUCOKINASE_ACTIVITY	-0.23248031607299458			
GSE13411_NAIVE_BCELL_VS_PLASMA_CELL_DN	-0.23249353843847895			
GO_SENSORY_ORGAN_DEVELOPMENT	-0.2325048114391864			
GO_POSITIVE_REGULATION_OF_SUBSTRATE_ADHESION_DEPENDENT_CELL_SPREADING	-0.2325169928567007			
GO_CANONICAL_WNT_SIGNALING_PATHWAY_INVOLVED_IN_HEART_DEVELOPMENT	-0.23251999830268982			
GO_REGULATION_OF_THYROID_HORMONE_GENERATION	-0.23254844791841875			
REACTOME_IRE1ALPHA_ACTIVATES_CHAPERONES	-0.2325570746483454			
GO_NEGATIVE_REGULATION_OF_AUTOPHAGY_OF_MITOCHONDRION	-0.23256021128476423			
MIR5001_5P	-0.2325629451260374			
IPA_MSLN_UP	-0.2325678855004906			
ZNF561_TARGET_GENES	-0.2325799652673982			
MIR3909	-0.23258699799312238			
BCAT_GDS748_UP	-0.23261054249102414			
GO_EMBRYONIC_SKELETAL_SYSTEM_MORPHOGENESIS	-0.2326379457201466			
GO_AXON_HILLOCK	-0.23264303898504057			
MIR4267	-0.23264740882762816			
GO_SERINE_TYPE_CARBOXYPEPTIDASE_ACTIVITY	-0.23268903280848838			
GO_RECEPTOR_DIFFUSION_TRAPPING	-0.2327015720276186			
GO_PHOSPHOPROTEIN_BINDING	-0.23270993730685396			
MIR7107_3P	-0.23273665116420997			
GO_EYE_MORPHOGENESIS	-0.23274407655995227			
MIR6733_5P	-0.23274624990754866			
ATATGCA_MIR448	-0.23274796628627256			
KEGG_FOLATE_BIOSYNTHESIS	-0.2327658859332731			
GO_REGULATION_OF_SUBSTRATE_ADHESION_DEPENDENT_CELL_SPREADING	-0.2327728641516713			
AP2_Q6	-0.2327745681950184			
IPA_SIX4_UP	-0.23278049043796345			
GO_STEREOCILIUM_MEMBRANE	-0.23278295906450047			
GO_CENTRIOLE_ELONGATION	-0.23280095913144097			
GO_THYROID_HORMONE_METABOLIC_PROCESS	-0.2328050933730897			
GO_NORADRENERGIC_NEURON_DIFFERENTIATION	-0.23282627972823125			
ER_Q6_02	-0.2328264087107387			
CDPCR3_01	-0.2328289374735607			
GO_LATERAL_VENTRICLE_DEVELOPMENT	-0.23283502055361027			
GO_POSITIVE_REGULATION_OF_CARTILAGE_DEVELOPMENT	-0.232845711842153			
MIR103A_3P_MIR107	-0.23287068304448777			
GR_Q6_01	-0.2328921087876302			
GO_POSITIVE_REGULATION_OF_DNA_BINDING	-0.23289257620351025			
GO_NEUROLIGIN_FAMILY_PROTEIN_BINDING	-0.23289388807877145			
NADERI_BREAST_CANCER_PROGNOSIS_UP	-0.23289792189001704			
GO_STEROL_BIOSYNTHETIC_PROCESS	-0.23290478289923502			
IPA_PAX3_DN	-0.2329116009107865			
PR_Q2	-0.23292201575442448			
GO_REGULATION_OF_LONG_TERM_NEURONAL_SYNAPTIC_PLASTICITY	-0.23293214821842914			
MIR9985	-0.23295308432515976			
GO_MICROTUBULE_NUCLEATION	-0.2329600200212796			
REACTOME_MELANIN_BIOSYNTHESIS	-0.23296721251048422			
GO_HYDROGEN_PEROXIDE_CATABOLIC_PROCESS	-0.2329682010967623			
REACTOME_RUNX1_REGULATES_ESTROGEN_RECEPTOR_MEDIATED_TRANSCRIPTION	-0.23297075279430637			
GO_CELLULAR_RESPONSE_TO_ENDOGENOUS_STIMULUS	-0.23297244233797532			
MIR644A	-0.23297878520778198			
GSE23321_CENTRAL_VS_EFFECTOR_MEMORY_CD8_TCELL_DN	-0.2329909604340235			
DEURIG_T_CELL_PROLYMPHOCYTIC_LEUKEMIA_UP	-0.23299421856783914			
GO_MONOCARBOXYLIC_ACID_CATABOLIC_PROCESS	-0.23300725874457004			
GO_2_OXOGLUTARATE_METABOLIC_PROCESS	-0.2330074972974806			
GO_NEURON_CELL_CELL_ADHESION	-0.23301107251476663			
GO_NEGATIVE_REGULATION_OF_FATTY_ACID_TRANSPORT	-0.23301735723037006			
MIR1249_5P	-0.23302511037639168			
IPA_PITX2_DN	-0.23303736323349356			
GO_POSITIVE_REGULATION_OF_KERATINOCYTE_PROLIFERATION	-0.23304563072770862			
GO_MINUS_END_DIRECTED_ORGANELLE_TRANSPORT_ALONG_MICROTUBULE	-0.2330458218688416			
GO_NUCLEOTIDE_SUGAR_TRANSMEMBRANE_TRANSPORT	-0.2330693781219793			
IPA_RNF2_DN	-0.23307148212742193			
GO_STRAND_INVASION	-0.23307230714881574			
MIR4735_3P	-0.23307281199531618			
GO_ENDOSOME_TO_LYSOSOME_TRANSPORT	-0.233093609271273			
GSE37532_WT_VS_PPARG_KO_LN_TREG_DN	-0.23311027371191637			
GO_MIRNA_LOADING_ONTO_RISC_INVOLVED_IN_GENE_SILENCING_BY_MIRNA	-0.23311053843695764			
GO_O_ACYLTRANSFERASE_ACTIVITY	-0.23311908199579862			
GO_CARDIAC_CHAMBER_DEVELOPMENT	-0.23312930744746913			
GO_ECTODERMAL_PLACODE_DEVELOPMENT	-0.23317816521119378			
REACTOME_ADRENALINE_NORADRENALINE_INHIBITS_INSULIN_SECRETION	-0.2331863107580016			
GO_HINDGUT_DEVELOPMENT	-0.23322048525263941			
GCTNWTTGK_UNKNOWN	-0.23322581710647744			
AP2REP_01	-0.23323778898997222			
GO_NARROW_PORE_CHANNEL_ACTIVITY	-0.2332496367334958			
GSE17721_CTRL_VS_POLYIC_1H_BMDC_UP	-0.23327859556677616			
GO_EMBRYONIC_CAMERA_TYPE_EYE_MORPHOGENESIS	-0.2332960716544042			
GO_TRICARBOXYLIC_ACID_METABOLIC_PROCESS	-0.23331535116733973			
PXR_Q2	-0.23333372794646362			
GO_RESPONSE_TO_HORMONE	-0.23334746781930144			
GO_REGULATION_OF_CELLULAR_RESPONSE_TO_INSULIN_STIMULUS	-0.23335809016120024			
GO_PANCREAS_DEVELOPMENT	-0.23336669325747522			
GO_MAINTENANCE_OF_PROTEIN_LOCALIZATION_IN_ENDOPLASMIC_RETICULUM	-0.2333860666569276			
GO_GASTRULATION_WITH_MOUTH_FORMING_SECOND	-0.2333877579052908			
chr3p13	-0.23338873663506726			
GO_CORPUS_CALLOSUM_DEVELOPMENT	-0.23339073019137727			
GO_CALCIUM_AND_CALMODULIN_DEPENDENT_PROTEIN_KINASE_COMPLEX	-0.23339850982567792			
REACTOME_TRAFFICKING_OF_AMPA_RECEPTORS	-0.2333996650666192			
GO_RESPONSE_TO_LITHIUM_ION	-0.2334000759997099			
GO_POSTSYNAPTIC_CYTOSKELETON	-0.2334019083475204			
NR1H4_TARGET_GENES	-0.2334115804373359			
GO_PEPTIDYL_THREONINE_MODIFICATION	-0.2334177537648762			
GO_GABA_RECEPTOR_COMPLEX	-0.2334251860379485			
GO_STRESS_GRANULE_DISASSEMBLY	-0.2334494045950909			
GO_STRUCTURAL_CONSTITUENT_OF_SKIN_EPIDERMIS	-0.23345918999876134			
MIR520B_3P_MIR520C_3P_MIR520E_3P	-0.23346633481430712			
AAGCAAT_MIR137	-0.23347257866857818			
GO_GAMMA_TUBULIN_COMPLEX	-0.233475665958016			
DOANE_BREAST_CANCER_ESR1_DN	-0.23349632669264841			
GO_POSITIVE_REGULATION_OF_HORMONE_BIOSYNTHETIC_PROCESS	-0.23350364752959668			
GO_TRANSCRIPTION_COREGULATOR_ACTIVITY	-0.23352951752953754			
GO_NEUROTRANSMITTER_LOADING_INTO_SYNAPTIC_VESICLE	-0.23352993520918772			
GGCACTT_MIR519E	-0.23353468659398727			
REACTOME_DEGRADATION_OF_CYSTEINE_AND_HOMOCYSTEINE	-0.23353601186550757			
MYAATNNNNNNNGGC_UNKNOWN	-0.23357260009549674			
GO_NEGATIVE_REGULATION_OF_CELLULAR_PROTEIN_CATABOLIC_PROCESS	-0.2335787028447754			
GO_POSITIVE_REGULATION_OF_FATTY_ACID_TRANSPORT	-0.23358968550799344			
GSE2706_R848_VS_R848_AND_LPS_2H_STIM_DC_UP	-0.23359006472951124			
GO_ENDOCRINE_SYSTEM_DEVELOPMENT	-0.23359385577750072			
PID_RXR_VDR_PATHWAY	-0.2335948416276687			
GO_RESPONSE_TO_X_RAY	-0.23359724251449193			
HOSHIDA_LIVER_CANCER_SUBCLASS_S2	-0.23361379134447816			
GSE10094_LCMV_VS_LISTERIA_IND_EFF_CD4_TCELL_DN	-0.2336238897061443			
GO_CELL_JUNCTION	-0.23364309199330238			
GO_NEGATIVE_REGULATION_OF_CELLULAR_RESPIRATION	-0.2336590238947607			
GO_NEUROTRANSMITTER_SECRETION	-0.233663080294354			
IPA_KDM1A_UP	-0.23368872678646677			
GO_MEMBRANE_LIPID_BIOSYNTHETIC_PROCESS	-0.23369560417965382			
MIR1913	-0.2336961556536358			
GSE25890_CTRL_VS_IL33_IL7_TREATED_NUOCYTES_UP	-0.23369715919155312			
GO_ESTABLISHMENT_OF_PROTEIN_LOCALIZATION_TO_PLASMA_MEMBRANE	-0.23372836127286142			
GO_PEPTIDE_DISULFIDE_OXIDOREDUCTASE_ACTIVITY	-0.23373580891471285			
GO_DIVALENT_INORGANIC_ANION_HOMEOSTASIS	-0.23374973454558404			
IPA_ISL1_DN	-0.23375029172312978			
BIOCARTA_PTEN_PATHWAY	-0.23375362398367538			
GO_METANEPHROS_DEVELOPMENT	-0.23375785020270554			
GO_APOLIPOPROTEIN_RECEPTOR_BINDING	-0.23376329330745235			
GO_7SK_SNRNA_BINDING	-0.23377733385267366			
GO_NEGATIVE_REGULATION_OF_OSSIFICATION	-0.23378177301683248			
GO_GPI_ANCHOR_TRANSAMIDASE_COMPLEX	-0.2337863271852427			
GO_GPI_ANCHOR_TRANSAMIDASE_ACTIVITY	-0.2337863271852427			
REACTOME_APOPTOTIC_EXECUTION_PHASE	-0.23378910396951655			
GO_RESPONSE_TO_GROWTH_FACTOR	-0.23380078404483287			
REACTOME_CONSTITUTIVE_SIGNALING_BY_AKT1_E17K_IN_CANCER	-0.23380528732728048			
LEE_LIVER_CANCER_DENA_DN	-0.2338181231272534			
IPA_PRMT5_DN	-0.23382943320203511			
GO_NEUROTRANSMITTER_METABOLIC_PROCESS	-0.23384005251637222			
GAGCCAG_MIR149	-0.23384261899031442			
GO_CELLULAR_COMPONENT_MAINTENANCE	-0.23389009753753418			
GO_RETINOID_X_RECEPTOR_BINDING	-0.2338905594795998			
GO_REGULATION_OF_POSTSYNAPTIC_MEMBRANE_POTENTIAL	-0.23390027663762408			
GSE1432_CTRL_VS_IFNG_6H_MICROGLIA_UP	-0.2339265592082096			
GO_TUBE_LUMEN_CAVITATION	-0.23393173180586943			
RAPA_EARLY_UP.V1_UP	-0.23394702593907632			
MIR520A_3P	-0.23395724500758974			
REACTOME_TRANSCRIPTIONAL_REGULATION_OF_WHITE_ADIPOCYTE_DIFFERENTIATION	-0.23395743345237002			
GSE26928_EFF_MEMORY_VS_CXCR5_POS_CD4_TCELL_UP	-0.23397090373727766			
GO_PIGMENTATION	-0.23403850919798644			
ZNF563_TARGET_GENES	-0.23404070195996807			
GO_CONTRACTILE_ACTIN_FILAMENT_BUNDLE_ASSEMBLY	-0.23405623033895964			
REACTOME_HDL_REMODELING	-0.234057975871668			
MEISSNER_NPC_HCP_WITH_H3K4ME2	-0.23406527262183585			
GO_ER_MEMBRANE_PROTEIN_COMPLEX	-0.23407566214660536			
MIR4638_5P	-0.23407668447919322			
MIR12131	-0.23408150633219937			
GO_RIBBON_SYNAPSE	-0.23408484039109023			
BIOCARTA_MELANOCYTE_PATHWAY	-0.23408496677927457			
GO_CADMIUM_ION_BINDING	-0.23409108687312014			
GSE29618_PRE_VS_DAY7_POST_TIV_FLU_VACCINE_PDC_UP	-0.23411027826517466			
GO_NUCLEUS_LOCALIZATION	-0.23412099954523907			
GO_POSITIVE_REGULATION_OF_FATTY_ACID_OXIDATION	-0.23412267671082637			
GO_MANNOSYL_OLIGOSACCHARIDE_MANNOSIDASE_ACTIVITY	-0.23413671365661215			
GO_NUCLEAR_MIGRATION_ALONG_MICROTUBULE	-0.23414734585102426			
GSE18804_SPLEEN_MACROPHAGE_VS_BRAIN_TUMORAL_MACROPHAGE_DN	-0.23415646001141494			
GO_RESPONSE_TO_GLUCAGON	-0.23416041123379355			
REACTOME_ACTIVATION_OF_KAINATE_RECEPTORS_UPON_GLUTAMATE_BINDING	-0.23416426799997442			
MIR6764_5P	-0.23416591733965667			
GO_LIPOPROTEIN_CATABOLIC_PROCESS	-0.23417232544168487			
GSE6681_DELETED_FOXP3_VS_WT_TREG_DN	-0.23418345389308692			
GO_REGULATION_OF_HEART_MORPHOGENESIS	-0.23420549709314492			
GO_GABAERGIC_NEURON_DIFFERENTIATION	-0.23420784077243242			
GO_REGULATION_OF_CELL_CYCLE_ARREST	-0.23420830304637877			
GO_PHYTOSTEROID_METABOLIC_PROCESS	-0.23426767963387043			
GO_ACTOMYOSIN_STRUCTURE_ORGANIZATION	-0.23427144237350908			
GO_REGULATION_OF_NEUROTRANSMITTER_RECEPTOR_ACTIVITY	-0.2342715453923837			
GO_EPHRIN_RECEPTOR_ACTIVITY	-0.23429679492967256			
PID_EPHA2_FWD_PATHWAY	-0.23429954562912042			
PID_ERBB1_INTERNALIZATION_PATHWAY	-0.23430247842906365			
PID_AJDISS_2PATHWAY	-0.2343075533465174			
LOPEZ_MBD_TARGETS_IMPRINTED_AND_X_LINKED	-0.23431074987245493			
LI_ADIPOGENESIS_BY_ACTIVATED_PPARG	-0.23436877460887556			
MIR19B_3P	-0.23437296283844444			
GO_POSITIVE_REGULATION_OF_STRESS_FIBER_ASSEMBLY	-0.23438762869052696			
GO_MICROTUBULE	-0.23439241989634194			
GO_MYELOID_PROGENITOR_CELL_DIFFERENTIATION	-0.23440739355477808			
GO_POSITIVE_REGULATION_OF_SODIUM_ION_TRANSPORT	-0.23441992719345237			
GO_STEROID_HYDROXYLASE_ACTIVITY	-0.23444125541747235			
GO_POSITIVE_REGULATION_OF_OSTEOCLAST_DEVELOPMENT	-0.23444556661089802			
GO_RNA_GUANINE_N7_METHYLATION	-0.23445325819486454			
GO_LIPID_DROPLET_ORGANIZATION	-0.23446028829468094			
BACOLOD_RESISTANCE_TO_ALKYLATING_AGENTS_DN	-0.23446087797393736			
GO_HEART_FORMATION	-0.23446409902240306			
chr12q13	-0.23446794741574217			
MIR372_3P	-0.23448614617387012			
REACTOME_ELASTIC_FIBRE_FORMATION	-0.2345188055349158			
GO_AMMONIUM_TRANSMEMBRANE_TRANSPORT	-0.2345568164255883			
GSE18791_UNSTIM_VS_NEWCATSLE_VIRUS_DC_1H_UP	-0.23456990907141193			
GO_ATRIOVENTRICULAR_CANAL_DEVELOPMENT	-0.23457054687739248			
REACTOME_VLDL_CLEARANCE	-0.23457862690015066			
GO_MUSCLE_HYPERTROPHY	-0.23458058813338348			
KEGG_DILATED_CARDIOMYOPATHY	-0.2345841203922397			
LEIN_CHOROID_PLEXUS_MARKERS	-0.23458544993913577			
MIR4668_5P	-0.23459446403827397			
RB_P130_DN.V1_UP	-0.2346109944174708			
GSE17974_2H_VS_72H_UNTREATED_IN_VITRO_CD4_TCELL_UP	-0.2346119235275381			
TTTGTAG_MIR520D	-0.23462620043002685			
GUO_HEX_TARGETS_UP	-0.23463671424311658			
GO_CELLULAR_COMPONENT_ASSEMBLY_INVOLVED_IN_MORPHOGENESIS	-0.23465768024142716			
HNF1_01	-0.2346577073707253			
MIR6760_5P	-0.23467365958674533			
IPA_PAX6_UP	-0.23468283026769873			
GO_DNA_BINDING_TRANSCRIPTION_FACTOR_ACTIVITY_RNA_POLYMERASE_II_SPECIFIC	-0.2346941917430019			
GO_OLIGODENDROCYTE_DEVELOPMENT	-0.23470375911505753			
GO_GLYCOGEN_BIOSYNTHETIC_PROCESS	-0.23471345469002458			
GO_MAMMARY_GLAND_FORMATION	-0.23471680423305005			
GSE25123_CTRL_VS_ROSIGLITAZONE_STIM_MACROPHAGE_UP	-0.2347515794151393			
MIR6753_3P	-0.23476653585732893			
MIR3619_5P	-0.23477175394612404			
GO_REGULATION_OF_T_CELL_EXTRAVASATION	-0.23478193588078203			
GO_POSTSYNAPTIC_MEMBRANE	-0.23478291284546268			
TCOF1_TARGET_GENES	-0.23483217618640437			
GSE6259_33D1_POS_DC_VS_CD8_TCELL_UP	-0.2348516981181227			
GO_14_3_3_PROTEIN_BINDING	-0.2348620338270428			
GO_REGULATION_OF_THYROID_HORMONE_MEDIATED_SIGNALING_PATHWAY	-0.234906313134005			
GO_SIGNAL_TRANSDUCTION_IN_ABSENCE_OF_LIGAND	-0.23490895523600722			
GO_STEM_CELL_DIFFERENTIATION	-0.23491987580280865			
GO_POSITIVE_REGULATION_OF_PROTEIN_DEACETYLATION	-0.23492308474599807			
REACTOME_HS_GAG_BIOSYNTHESIS	-0.23493209470964282			
IPA_CTNNB1_UP	-0.23493356366570084			
TTGCCAA_MIR182	-0.23497223564003072			
GO_TYPE_B_PANCREATIC_CELL_DEVELOPMENT	-0.2349754208539174			
ZIC3_01	-0.2349782274707391			
GO_POSITIVE_REGULATION_OF_SMOOTHENED_SIGNALING_PATHWAY	-0.23498220166911096			
LUCAS_HNF4A_TARGETS_UP	-0.23500851348015153			
MIR4732_5P	-0.23505073433838083			
GO_HISTONE_DEMETHYLASE_ACTIVITY	-0.2350530004240949			
GO_RENAL_ABSORPTION	-0.23505450509001077			
GSE27434_WT_VS_DNMT1_KO_TREG_UP	-0.23505938466538723			
GO_SUCCINATE_TRANSMEMBRANE_TRANSPORTER_ACTIVITY	-0.2350613909972288			
GO_SUCCINATE_TRANSPORT	-0.2350613909972288			
GO_LEUCINE_BINDING	-0.23508741892654278			
GSE4590_PRE_BCELL_VS_SMALL_PRE_BCELL_DN	-0.23509776211384922			
GO_ISOPRENOID_BINDING	-0.23510016071701148			
GSE26928_CENTR_MEMORY_VS_CXCR5_POS_CD4_TCELL_DN	-0.23510705633647946			
GO_POSITIVE_REGULATION_OF_INSULIN_SECRETION	-0.23511068762328044			
MIR19A_3P	-0.23511132550618039			
SP1_Q6_01	-0.23512041067071815			
MIR4731_5P	-0.23515088923034927			
GO_SYNAPTIC_VESICLE_PRIMING	-0.23516597466466543			
HATADA_METHYLATED_IN_LUNG_CANCER_DN	-0.2351750208299598			
OCT1_06	-0.23520412222273537			
GO_HYALURONAN_BIOSYNTHETIC_PROCESS	-0.2352045658399807			
KYNG_WERNER_SYNDROM_UP	-0.23521893705609281			
MIR6838_3P	-0.23521993179777115			
GO_AMYLOID_FIBRIL_FORMATION	-0.23523297401364568			
GO_VOCALIZATION_BEHAVIOR	-0.23524664323731978			
MOHANKUMAR_HOXA1_TARGETS_DN	-0.2352523632768625			
GO_AXON_MIDLINE_CHOICE_POINT_RECOGNITION	-0.23525587411818924			
IPA_MITF_UP	-0.23527856650541532			
MIR6892_5P	-0.2353004307040625			
GO_MICROTUBULE_END	-0.2353005276779602			
GO_AXON	-0.2353019619961083			
MIR4440	-0.23530216889686653			
REACTOME_ACTIVATION_OF_THE_PHOTOTRANSDUCTION_CASCADE	-0.23531711641890057			
REACTOME_ACTIVATION_OF_RAC1	-0.23531759438861619			
GO_CARDIAC_NEURAL_CREST_CELL_DEVELOPMENT_INVOLVED_IN_OUTFLOW_TRACT_MORPHOGENESIS	-0.23532018636168334			
DAZARD_UV_RESPONSE_CLUSTER_G5	-0.2353299514980072			
IPA_TAL1_UP	-0.23533022802196898			
MIR891A_3P	-0.23533105688591927			
GSE21546_WT_VS_ELK1_KO_DP_THYMOCYTES_UP	-0.2353478400479223			
AHR_01	-0.23534852084571475			
RIZ_ERYTHROID_DIFFERENTIATION_12HR	-0.23536097644479986			
MIR186_3P	-0.23536340767150304			
BIOCARTA_SPRY_PATHWAY	-0.23536505835427984			
MIR3657	-0.2354459297347544			
GO_SELF_PROTEOLYSIS	-0.2354608934324204			
HALLMARK_ESTROGEN_RESPONSE_EARLY	-0.23547388513507472			
MIR6845_5P	-0.2354800105524343			
IPA_EOMES_UP	-0.23550948971078295			
IPA_YWHAZ_DN	-0.23551116795318017			
FOSTER_KDM1A_TARGETS_UP	-0.23553362311177303			
GO_EMBRYONIC_BODY_MORPHOGENESIS	-0.23554062488994137			
MIR4308	-0.23554423238408792			
RGTTAMWNATT_HNF1_01	-0.23558045240758213			
MIR3125	-0.2355839127675904			
GO_L_ARGININE_TRANSMEMBRANE_TRANSPORT	-0.23559573599281486			
GO_ARGININE_TRANSMEMBRANE_TRANSPORT	-0.23559573599281486			
GAUSSMANN_MLL_AF4_FUSION_TARGETS_D_DN	-0.2356068800529038			
MIR520D_3P	-0.2356092555207432			
GSE10240_IL17_VS_IL17_AND_IL22_STIM_PRIMARY_BRONCHIAL_EPITHELIAL_CELLS_DN	-0.2356279693540365			
GO_SYNAPTIC_TRANSMISSION_DOPAMINERGIC	-0.23563297970692876			
GO_EMBRYONIC_AXIS_SPECIFICATION	-0.23568350813501482			
REACTOME_ATF6_ATF6_ALPHA_ACTIVATES_CHAPERONES	-0.23570141093005337			
GO_REGULATORY_REGION_NUCLEIC_ACID_BINDING	-0.23570797037071436			
GO_POSITIVE_REGULATION_OF_GLYCOPROTEIN_METABOLIC_PROCESS	-0.23571258122944852			
MATTIOLI_MULTIPLE_MYELOMA_WITH_14Q32_TRANSLOCATIONS	-0.23578636929858515			
GO_REGULATION_OF_CELL_CYCLE_CHECKPOINT	-0.2357933930036929			
GO_ATRIAL_SEPTUM_PRIMUM_MORPHOGENESIS	-0.23581930466943749			
GO_DEVELOPMENTAL_INDUCTION	-0.23584709036310877			
GO_FOLATE_TRANSMEMBRANE_TRANSPORT	-0.23587377100239498			
GO_PROTEIN_LOCALIZATION_TO_JUXTAPARANODE_REGION_OF_AXON	-0.23590765623519072			
REACTOME_NEGATIVE_REGULATION_OF_FGFR2_SIGNALING	-0.23592249322351136			
REACTOME_HDMS_DEMETHYLATE_HISTONES	-0.2359712608469319			
GO_MYOTUBE_DIFFERENTIATION_INVOLVED_IN_SKELETAL_MUSCLE_REGENERATION	-0.23597329344353216			
GO_GASTRULATION	-0.23597544419713093			
GSE360_T_GONDII_VS_M_TUBERCULOSIS_DC_UP	-0.2359900687357734			
GSE26488_CTRL_VS_PEPTIDE_INJECTION_HDAC7_DELTAP_TG_OT2_THYMOCYTE_DN	-0.2359922135246338			
GO_RIBONUCLEOPROTEIN_COMPLEX_DISASSEMBLY	-0.23599740561890303			
IPA_HEY1_UP	-0.23600268832313964			
BAKKER_FOXO3_TARGETS_DN	-0.23600390235152924			
MIR761	-0.23601333403743321			
GSE9650_NAIVE_VS_EFF_CD8_TCELL_UP	-0.2360481918702885			
GO_POSITIVE_REGULATION_OF_GLYCOGEN_STARCH_SYNTHASE_ACTIVITY	-0.23606563037500136			
GO_TRANSCRIPTION_DEPENDENT_TETHERING_OF_RNA_POLYMERASE_II_GENE_DNA_AT_NUCLEAR_PERIPHERY	-0.236070936604933			
GO_MELANOSOME_ASSEMBLY	-0.23607241611603647			
NABA_ECM_GLYCOPROTEINS	-0.2360888461444899			
GO_REGULATION_OF_CEREBELLAR_GRANULE_CELL_PRECURSOR_PROLIFERATION	-0.2360947661406008			
MARTINEZ_RB1_TARGETS_DN	-0.23609482035697038			
GO_HAIR_FOLLICLE_MATURATION	-0.23609575775403022			
IPA_ZMYND11_DN	-0.23610851632266014			
MIR758_5P	-0.2361104024064523			
IPA_KLF13_DN	-0.23611286894931444			
GO_REGULATION_OF_POSTSYNAPTIC_SPECIALIZATION_ASSEMBLY	-0.23611714336644862			
GO_POSITIVE_REGULATION_OF_NEUROTRANSMITTER_SECRETION	-0.23612135174050128			
MIR18A_5P_MIR18B_5P	-0.2361282766509596			
RARB_TARGET_GENES	-0.23612877132465443			
GO_NEGATIVE_REGULATION_OF_BMP_SIGNALING_PATHWAY	-0.2361370102133603			
MARTIN_NFKB_TARGETS_DN	-0.2361537142948426			
MIKKELSEN_IPS_ICP_WITH_H3K27ME3	-0.23616804712775383			
GO_NEGATIVE_REGULATION_OF_EPITHELIAL_TO_MESENCHYMAL_TRANSITION	-0.23617406259508655			
GO_OLFACTORY_BEHAVIOR	-0.2361741649876692			
MIR106A_5P	-0.2361746809834275			
MIR6870_5P	-0.2361998477533705			
BONOME_OVARIAN_CANCER_SURVIVAL_OPTIMAL_DEBULKING	-0.23621166899759366			
IPA_E2F2_DN	-0.23621278326727407			
GO_VITAMIN_TRANSMEMBRANE_TRANSPORTER_ACTIVITY	-0.2362296110480009			
GO_ETHANOL_METABOLIC_PROCESS	-0.23623436475648044			
GSE20366_CD103_POS_VS_NEG_TREG_KLRG1NEG_UP	-0.23624382022091975			
GO_MAGNESIUM_ION_HOMEOSTASIS	-0.23627963637216357			
GO_LIPID_METABOLIC_PROCESS	-0.23628097502395565			
TGACCTY_ERR1_Q2	-0.23628645305986146			
MIR6512_3P	-0.23629278350546715			
GO_MULTICELLULAR_ORGANISMAL_HOMEOSTASIS	-0.23631234720787292			
GO_HINDBRAIN_DEVELOPMENT	-0.23632260946370354			
REACTOME_FGFR3B_LIGAND_BINDING_AND_ACTIVATION	-0.23632401732518124			
ZBTB18_TARGET_GENES	-0.23632669814609195			
GSE24142_ADULT_VS_FETAL_DN3_THYMOCYTE_DN	-0.2363309925952856			
GO_SERINE_TRANSMEMBRANE_TRANSPORTER_ACTIVITY	-0.23633670585075048			
KARLSSON_TGFB1_TARGETS_DN	-0.23635001466667768			
MIR326	-0.23636093410881392			
GSE42021_TREG_VS_TCONV_PLN_DN	-0.23636132491391132			
THRAP3_TARGET_GENES	-0.23637286123359566			
GO_REGULATION_OF_PHOSPHOLIPASE_C_ACTIVATING_G_PROTEIN_COUPLED_RECEPTOR_SIGNALING_PATHWAY	-0.23639708674127147			
IPA_NMI_UP	-0.2363982481876261			
IPA_BATF_UP	-0.2363982481876261			
CTNNB1_TARGET_GENES	-0.2364038258188055			
MIR6762_5P	-0.2364513944470191			
GO_ENDOSOME_TRANSPORT_VIA_MULTIVESICULAR_BODY_SORTING_PATHWAY	-0.2364540135927434			
GO_NEGATIVE_REGULATION_OF_GROWTH	-0.2364653479188493			
GO_GLUTATHIONE_DERIVATIVE_METABOLIC_PROCESS	-0.23647026219252248			
GO_ANATOMICAL_STRUCTURE_MATURATION	-0.23647251091088198			
GSE10147_IL3_VS_IL3_AND_HIVP17_STIM_PDC_UP	-0.23647623285701427			
GSE12963_UNINF_VS_ENV_AND_NEF_AND_VPR_DEFICIENT_HIV1_INF_CD4_TCELL_DN	-0.23649885916318086			
AAGCACT_MIR520F	-0.23651822807972805			
GSE32533_WT_VS_MIR17_OVEREXPRESS_ACT_CD4_TCELL_DN	-0.2365192546394656			
GO_INTESTINAL_EPITHELIAL_CELL_DIFFERENTIATION	-0.23652030840611082			
MIR7114_5P	-0.23652193609368924			
GO_WNT_SIGNALOSOME	-0.23652960724796365			
GO_OPTIC_NERVE_MORPHOGENESIS	-0.23655498500726543			
RYTGCNNRGNAAC_MIF1_01	-0.23655957334998806			
GSE11961_MEMORY_BCELL_DAY7_VS_GERMINAL_CENTER_BCELL_DAY40_DN	-0.23657994589342476			
GO_RENAL_TUBULE_DEVELOPMENT	-0.23658592528129144			
GO_SENSORY_PERCEPTION_OF_SWEET_TASTE	-0.23659119004517692			
KEGG_N_GLYCAN_BIOSYNTHESIS	-0.23659550392913933			
GO_CGMP_BINDING	-0.236597869662151			
GO_C3HC4_TYPE_RING_FINGER_DOMAIN_BINDING	-0.23660473968069134			
GO_IMMATURE_T_CELL_PROLIFERATION	-0.2366195215829108			
AP4_01	-0.23662733237440356			
GSE8515_IL1_VS_IL6_4H_STIM_MAC_DN	-0.23662967965821843			
GO_REPRODUCTIVE_BEHAVIOR	-0.23664869367480723			
MIR6783_5P	-0.23665447735239792			
TURASHVILI_BREAST_CARCINOMA_DUCTAL_VS_LOBULAR_UP	-0.23667042444915493			
GO_POSTSYNAPTIC_MODULATION_OF_CHEMICAL_SYNAPTIC_TRANSMISSION	-0.23670014667477923			
MIR4496	-0.2367095571828131			
GO_PROTEIN_METHYLATION	-0.23671365199287597			
GO_GALACTOSE_METABOLIC_PROCESS	-0.23671910108743638			
GO_CELLULAR_RESPONSE_TO_STEROID_HORMONE_STIMULUS	-0.2367221607863752			
MIKKELSEN_MEF_ICP_WITH_H3K27ME3	-0.23675004157586724			
GO_DEOXYRIBONUCLEOTIDE_BINDING	-0.23676014230466969			
GO_EPITHELIAL_TUBE_FORMATION	-0.23676487839101604			
ZNF214_TARGET_GENES	-0.2367729384909758			
GO_ENDOCHONDRAL_BONE_MORPHOGENESIS	-0.23678214989072033			
GO_NEGATIVE_REGULATION_OF_HYPOXIA_INDUCED_INTRINSIC_APOPTOTIC_SIGNALING_PATHWAY	-0.23680875335139404			
REACTOME_GLUCAGON_TYPE_LIGAND_RECEPTORS	-0.23681258642136296			
GO_ADHERENS_JUNCTION_ORGANIZATION	-0.2368126374430093			
GO_NEURON_TO_NEURON_SYNAPSE	-0.23683772682847418			
REACTOME_SIGNALING_BY_NTRK2_TRKB	-0.23691072164612065			
GO_ASPARTIC_TYPE_PEPTIDASE_ACTIVITY	-0.2369201420617003			
GO_REGULATION_OF_SYNAPTIC_VESICLE_EXOCYTOSIS	-0.23696348185934443			
GSE30083_SP1_VS_SP4_THYMOCYTE_UP	-0.23696404707633412			
MIR5579_3P	-0.23700136858487447			
GO_MANNOSIDASE_ACTIVITY	-0.23700753139975328			
GO_CELLULAR_RESPONSE_TO_CHOLESTEROL	-0.23700819481492788			
GO_REGULATION_OF_LIPID_TRANSPORT	-0.2370196580825814			
GO_ENTERIC_NERVOUS_SYSTEM_DEVELOPMENT	-0.23703286943359855			
MIR605_3P	-0.23703797485977351			
GO_LOOP_OF_HENLE_DEVELOPMENT	-0.23703813186061845			
GO_SEPTUM_PRIMUM_DEVELOPMENT	-0.23704031453183783			
GO_UDP_XYLOSYLTRANSFERASE_ACTIVITY	-0.23705245817320017			
MIR6884_5P	-0.2370556954026296			
MIR6735_5P	-0.23706663523753707			
MIR671_5P	-0.2370836963996688			
REACTOME_TRANSPORT_OF_FATTY_ACIDS	-0.23708741679038667			
GO_PHOTORECEPTOR_RIBBON_SYNAPSE	-0.2371435885086631			
MIR6826_5P	-0.23714631006228232			
SHARMA_PILOCYTIC_ASTROCYTOMA_LOCATION_DN	-0.23715602424699242			
GO_PEPTIDYL_LYSINE_METHYLATION	-0.23717587027067713			
GO_EPINEPHRINE_TRANSPORT	-0.23718255469736294			
IPA_PSMB1_UP	-0.2371827013268403			
LU_TUMOR_ENDOTHELIAL_MARKERS_DN	-0.23718453748864976			
MIR592	-0.2371856677875785			
GO_BRANCHING_MORPHOGENESIS_OF_AN_EPITHELIAL_TUBE	-0.23718893479201497			
GSE15659_RESTING_VS_ACTIVATED_TREG_UP	-0.2371892834331087			
GO_LONG_CHAIN_FATTY_ACID_BIOSYNTHETIC_PROCESS	-0.23719633650598682			
GO_HISTONE_METHYLATION	-0.23722075433485879			
GO_ADHERENS_JUNCTION_ASSEMBLY	-0.23724976667356176			
GSE18148_CBFB_KO_VS_WT_TREG_UP	-0.2372586329475755			
MIR3689D	-0.23726150793489503			
GO_ACETYLCHOLINE_METABOLIC_PROCESS	-0.23726243156775448			
GO_ACTIVIN_ACTIVATED_RECEPTOR_ACTIVITY	-0.237263342935871			
GO_POSITIVE_REGULATION_OF_CATECHOLAMINE_SECRETION	-0.23727299396573542			
ZIC1_01	-0.23728219088610786			
TGTTTGY_HNF3_Q6	-0.23729887700117772			
GO_MESENCHYMAL_TO_EPITHELIAL_TRANSITION_INVOLVED_IN_METANEPHROS_MORPHOGENESIS	-0.23730194410800282			
SCIBETTA_KDM5B_TARGETS_DN	-0.2373032101201423			
GO_SMOOTH_ENDOPLASMIC_RETICULUM_MEMBRANE	-0.2373177871787379			
E2F1_UP.V1_UP	-0.2373400328441053			
GO_NOTCH_RECEPTOR_PROCESSING	-0.23734866385523276			
GO_DIOL_METABOLIC_PROCESS	-0.2373493144435628			
MIR6825_5P	-0.23735676244858891			
GO_N_GLYCAN_PROCESSING	-0.2373569488327979			
GO_LENS_DEVELOPMENT_IN_CAMERA_TYPE_EYE	-0.23736143833695506			
GO_BRAINSTEM_DEVELOPMENT	-0.2373637158517847			
GO_PYRIMIDINE_NUCLEOTIDE_SUGAR_TRANSMEMBRANE_TRANSPORT	-0.23736814190546587			
MIR8070	-0.23740335313434677			
MIR6743_5P	-0.2374037766418448			
GO_GATED_CHANNEL_ACTIVITY	-0.2374090796323494			
ZNF436_TARGET_GENES	-0.2374150136288479			
GO_BRUSH_BORDER	-0.2374187571578474			
GO_AXON_INITIAL_SEGMENT	-0.23742537862935698			
GO_INNER_EAR_RECEPTOR_CELL_STEREOCILIUM_ORGANIZATION	-0.237431901160756			
MIR6816_5P	-0.23744069046775718			
GO_DENSE_CORE_GRANULE_EXOCYTOSIS	-0.23744749778845406			
GO_SENSORY_PERCEPTION_OF_UMAMI_TASTE	-0.23745202423840808			
ZHAN_MULTIPLE_MYELOMA_MS_UP	-0.23745672952370192			
HNF1_C	-0.23746245357348372			
GO_NEGATIVE_REGULATION_OF_CENTRIOLE_REPLICATION	-0.2374659765196224			
GO_MUSCLE_TISSUE_DEVELOPMENT	-0.23746995671212956			
IPA_KLF4_UP	-0.23748758368555375			
BROWNE_HCMV_INFECTION_16HR_UP	-0.23751030762339112			
GO_MITOCHONDRIAL_RNA_3_END_PROCESSING	-0.23751424687675252			
GGGYGTGNY_UNKNOWN	-0.23751810853211072			
GO_ACROSOMAL_VESICLE_EXOCYTOSIS	-0.23752778822251625			
GO_RESPONSE_TO_DOPAMINE	-0.23753608900746578			
MIR6085	-0.23754410108028132			
GO_POSITIVE_REGULATION_OF_CANONICAL_WNT_SIGNALING_PATHWAY	-0.23756584349359533			
GO_NEPHRON_DEVELOPMENT	-0.23757687043166464			
GO_NEUROPEPTIDE_BINDING	-0.23758326231450344			
PROVENZANI_METASTASIS_UP	-0.23759097003283725			
GO_EPITHELIAL_TUBE_BRANCHING_INVOLVED_IN_LUNG_MORPHOGENESIS	-0.2376031034301647			
GO_REGULATION_OF_HYALURONAN_BIOSYNTHETIC_PROCESS	-0.23761907804339455			
GO_REGULATION_OF_NEUROTRANSMITTER_LEVELS	-0.23762091327290136			
GSE7509_UNSTIM_VS_IFNA_STIM_IMMATURE_DC_UP	-0.23762186673201355			
GO_SUCKLING_BEHAVIOR	-0.2376275679527781			
GSE29614_DAY3_VS_DAY7_TIV_FLU_VACCINE_PBMC_UP	-0.23763598812423672			
POU1F1_Q6	-0.23764227203975644			
GO_GLIAL_CELL_FATE_COMMITMENT	-0.23764436590428684			
MIR6879_5P	-0.23766032163037742			
MIR518A_3P_MIR518B_MIR518C_3P_MIR518D_3P_MIR518F_3P_MIR526A_3P	-0.2376876375910875			
BIOCARTA_RACC_PATHWAY	-0.2376890159898036			
GO_POSITIVE_REGULATION_OF_RESPONSE_TO_EXTRACELLULAR_STIMULUS	-0.23769596891004538			
BIOCARTA_GABA_PATHWAY	-0.23770495559859192			
GO_REGULATION_OF_TRANSCRIPTION_ELONGATION_FROM_RNA_POLYMERASE_II_PROMOTER	-0.23771864021460826			
REACTOME_REGULATION_OF_FZD_BY_UBIQUITINATION	-0.2377189769228507			
REACTOME_GLYCOGEN_SYNTHESIS	-0.23773239969397864			
STK33_NOMO_DN	-0.23773452556928107			
GO_RNA_POLYMERASE_II_C_TERMINAL_DOMAIN_BINDING	-0.2377400919057048			
NKX61_01	-0.23775441468220082			
REACTOME_DEACTIVATION_OF_THE_BETA_CATENIN_TRANSACTIVATING_COMPLEX	-0.2377555181091198			
GO_REGULATION_OF_PRODUCTION_OF_SMALL_RNA_INVOLVED_IN_GENE_SILENCING_BY_RNA	-0.23778697227050766			
GO_SPONTANEOUS_SYNAPTIC_TRANSMISSION	-0.237794484089143			
GO_REGULATION_OF_CARDIAC_MUSCLE_CONTRACTION	-0.2378090078696373			
GO_INTESTINE_SMOOTH_MUSCLE_CONTRACTION	-0.23781614853920524			
BDP1_TARGET_GENES	-0.23782370544124615			
GO_CELLULAR_BIOGENIC_AMINE_METABOLIC_PROCESS	-0.23782480130196904			
GSE22935_WT_VS_MYD88_KO_MACROPHAGE_48H_MBOVIS_BCG_STIM_UP	-0.23784540202831853			
chr4q26	-0.23785335736264274			
GO_NEPHRON_TUBULE_EPITHELIAL_CELL_DIFFERENTIATION	-0.2378581829350883			
CADWELL_ATG16L1_TARGETS_DN	-0.23787764745319903			
GO_SPHINGOID_METABOLIC_PROCESS	-0.23788916519170603			
GSE22886_CD8_VS_CD4_NAIVE_TCELL_DN	-0.23790763499826692			
ZHENG_FOXP3_TARGETS_IN_THYMUS_DN	-0.23791126450647904			
GO_REGULATION_OF_FATTY_ACID_OXIDATION	-0.23793738018855531			
MIR4683	-0.23794061693728472			
GO_POSITIVE_REGULATION_BY_HOST_OF_VIRAL_TRANSCRIPTION	-0.2379518596165747			
VALK_AML_CLUSTER_3	-0.2379890333277829			
GGGGCCC_MIR296	-0.23802998043415055			
GO_CELL_SURFACE_RECEPTOR_SIGNALING_PATHWAY_INVOLVED_IN_CELL_CELL_SIGNALING	-0.23804956669491414			
MIR324_5P	-0.23806042330704866			
ZHANG_RESPONSE_TO_IKK_INHIBITOR_AND_TNF_DN	-0.23806400921998636			
GO_FASCIA_ADHERENS	-0.23808723379175314			
GSE37301_LYMPHOID_PRIMED_MPP_VS_COMMON_LYMPHOID_PROGENITOR_UP	-0.23809650874718016			
GO_NEGATIVE_REGULATION_OF_MUSCLE_TISSUE_DEVELOPMENT	-0.23810718994591126			
GO_CARDIAC_SEPTUM_MORPHOGENESIS	-0.23811432933762605			
GO_DISTAL_AXON	-0.238126979645788			
REACTOME_COPI_DEPENDENT_GOLGI_TO_ER_RETROGRADE_TRAFFIC	-0.23812994261885792			
GAGCTGG_MIR337	-0.23813352207816396			
MIR6721_5P	-0.23813880216160024			
MIR4700_5P	-0.2381555857511171			
GO_INSULIN_LIKE_GROWTH_FACTOR_BINDING	-0.23817658549938903			
MIR330_5P	-0.238180941658673			
IPA_LMO2_UP	-0.2381830084130851			
GO_LEARNED_VOCALIZATION_BEHAVIOR_OR_VOCAL_LEARNING	-0.23819336873333324			
ZA_Q9UM89_TARGET_GENES	-0.23825737869405603			
GO_IMMATURE_B_CELL_DIFFERENTIATION	-0.23827024628395668			
GO_1_ACYLGLYCEROPHOSPHOCHOLINE_O_ACYLTRANSFERASE_ACTIVITY	-0.23827059657535357			
GO_MESENCHYMAL_STEM_CELL_DIFFERENTIATION	-0.23832903142216422			
GO_LAMELLAR_BODY	-0.23833689226550786			
GO_CARBOHYDRATE_HOMEOSTASIS	-0.23839555156272454			
GO_PROTEIN_LOCALIZATION_TO_POSTSYNAPTIC_MEMBRANE	-0.2384098734672805			
MIR5194	-0.2384336153646683			
GO_SPONGIOTROPHOBLAST_LAYER_DEVELOPMENT	-0.2384419549747985			
GO_DNA_BINDING_TRANSCRIPTION_FACTOR_ACTIVITY	-0.23844416325461765			
MIR7843_5P	-0.23844661102297585			
GO_CHOLINERGIC_SYNAPSE	-0.2384500648086451			
GO_TUBE_CLOSURE	-0.23846105178785565			
GO_REGULATION_OF_FIBROBLAST_GROWTH_FACTOR_RECEPTOR_SIGNALING_PATHWAY	-0.23847836361849084			
REACTOME_DISEASES_OF_GLYCOSYLATION	-0.2384917029602594			
GO_NEGATIVE_REGULATION_OF_MACROPHAGE_MIGRATION	-0.23849322390588804			
GSE36078_UNTREATED_VS_AD5_INF_IL1R_KO_MOUSE_LUNG_DC_DN	-0.2385140136287627			
MIR6769B_5P	-0.23851405965173164			
MIR676_3P	-0.23852245103174205			
TCCCCAC_MIR491	-0.23854350409549535			
GO_INSULIN_RECEPTOR_BINDING	-0.23855226037048444			
GSE42021_TREG_PLN_VS_CD24HI_TREG_THYMUS_DN	-0.23857676439778985			
MIR6813_5P	-0.23859917645200332			
GSE46606_UNSTIM_VS_CD40L_IL2_IL5_3DAY_STIMULATED_IRF4HIGH_SORTED_BCELL_DN	-0.23860221315016047			
ESC_V6.5_UP_EARLY.V1_UP	-0.23862142712483278			
REACTOME_CLASS_B_2_SECRETIN_FAMILY_RECEPTORS	-0.2386312492536673			
STARK_HYPPOCAMPUS_22Q11_DELETION_DN	-0.238632180090755			
GSE29618_LAIV_VS_TIV_FLU_VACCINE_DAY7_PDC_DN	-0.23863610562871793			
JOHANSSON_GLIOMAGENESIS_BY_PDGFB_DN	-0.2386405893644087			
SOX5_01	-0.23867167924885196			
WHN_B	-0.23869136824678663			
RODWELL_AGING_KIDNEY_DN	-0.23870202877070865			
GO_CALCIUM_ION_IMPORT_INTO_SARCOPLASMIC_RETICULUM	-0.2387122341276074			
MIR331_3P	-0.23871533666447015			
GO_POSITIVE_REGULATION_OF_OSTEOBLAST_DIFFERENTIATION	-0.23872062508489839			
ZNF708_TARGET_GENES	-0.23873695403963957			
MIKKELSEN_MEF_ICP_WITH_H3K4ME3_AND_H3K27ME3	-0.23873700705454373			
GSE9509_10MIN_VS_30MIN_LPS_STIM_IL10_KO_MACROPHAGE_DN	-0.23873844876662945			
MIKKELSEN_MEF_HCP_WITH_H3K27ME3	-0.23874270421621313			
GO_CHEMICAL_SYNAPTIC_TRANSMISSION_POSTSYNAPTIC	-0.2387662954293389			
GO_ESCRT_I_COMPLEX	-0.23877053048027821			
GO_REGULATION_OF_NEUROTRANSMITTER_SECRETION	-0.23879466675923025			
REACTOME_FGFRL1_MODULATION_OF_FGFR1_SIGNALING	-0.23879862155930398			
GO_POSITIVE_REGULATION_OF_HAIR_FOLLICLE_MATURATION	-0.23881821092750596			
GO_SWI_SNF_COMPLEX	-0.2388266725286895			
GO_CELL_CORTEX_REGION	-0.23883908154561			
GO_SENSORY_ORGAN_MORPHOGENESIS	-0.2388417888976719			
GO_POSITIVE_REGULATION_OF_INTERLEUKIN_1_BIOSYNTHETIC_PROCESS	-0.23885592657139013			
NIKOLSKY_BREAST_CANCER_15Q26_AMPLICON	-0.23886751664629743			
GO_POSITIVE_REGULATION_OF_G_PROTEIN_COUPLED_RECEPTOR_SIGNALING_PATHWAY	-0.23887284858203292			
GO_SIALIC_ACID_BINDING	-0.23887305417806975			
GO_PROTEIN_DEPOLYMERIZATION	-0.2388744442543242			
GO_INSULIN_RECEPTOR_SUBSTRATE_BINDING	-0.2388774656774015			
GO_POSITIVE_REGULATION_OF_LIPID_TRANSPORT	-0.2389188900257592			
GO_SPHINGOSINE_METABOLIC_PROCESS	-0.23893692365283264			
GO_SPINAL_CORD_MOTOR_NEURON_DIFFERENTIATION	-0.23896155138342706			
GO_CELLULAR_RESPONSE_TO_INSULIN_STIMULUS	-0.2390026054788325			
GO_ACTION_POTENTIAL	-0.23901560619173626			
GO_SMOOTH_ENDOPLASMIC_RETICULUM	-0.23901677418047465			
KIM_LIVER_CANCER_POOR_SURVIVAL_DN	-0.23904319641474925			
GO_1_ALKYL_2_ACETYLGLYCEROPHOSPHOCHOLINE_ESTERASE_ACTIVITY	-0.23905604917834639			
LEF1_Q6	-0.23908448495540266			
GO_RNA_POLYMERASE_II_REPRESSING_TRANSCRIPTION_FACTOR_BINDING	-0.23910377991564438			
GO_LOCOMOTION_INVOLVED_IN_LOCOMOTORY_BEHAVIOR	-0.23910456756457918			
KEGG_ARRHYTHMOGENIC_RIGHT_VENTRICULAR_CARDIOMYOPATHY_ARVC	-0.23911141321981055			
PLASARI_NFIC_TARGETS_BASAL_UP	-0.2391314456018513			
chr16p13	-0.23914701959949922			
GSE29618_PRE_VS_DAY7_POST_LAIV_FLU_VACCINE_PDC_UP	-0.23915381481538986			
HORTON_SREBF_TARGETS	-0.23916134268038633			
GO_ADENOHYPOPHYSIS_DEVELOPMENT	-0.23918293815998484			
GO_REGULATION_OF_POSTSYNAPTIC_NEUROTRANSMITTER_RECEPTOR_ACTIVITY	-0.23920682553631914			
GO_POSITIVE_REGULATION_OF_SYNAPSE_MATURATION	-0.239209315713658			
REACTOME_ONCOGENIC_MAPK_SIGNALING	-0.2392129665276849			
GO_REGULATION_OF_TRANSCRIPTION_INVOLVED_IN_CELL_FATE_COMMITMENT	-0.2392135867538094			
GSE24142_DN2_VS_DN3_THYMOCYTE_FETAL_DN	-0.23921363254819142			
GO_EMBRYONIC_CAMERA_TYPE_EYE_FORMATION	-0.23922557545165493			
MIR6759_5P	-0.2392459902919581			
MIR520G_3P_MIR520H	-0.2392467243897052			
GO_GLANDULAR_EPITHELIAL_CELL_DEVELOPMENT	-0.23926396621785676			
GO_MANNOSYLATION	-0.23927881617339963			
IPA_KLF4_DN	-0.2392866391400113			
GO_CEREBELLAR_GRANULAR_LAYER_FORMATION	-0.23930353409112298			
MIR6777_5P	-0.23931006128549237			
BENPORATH_EED_TARGETS	-0.23933393976614972			
MIR4534	-0.23934726457092897			
GO_SERINE_TYPE_EXOPEPTIDASE_ACTIVITY	-0.23935317644163515			
GSE4811_CLASSSICALY_ACTIVATED_VS_TYPE_2_ACTIVATED_MACROPHAGE_DN	-0.23939673480200177			
REACTOME_SIGNALING_BY_NODAL	-0.23941093783177875			
MIR582_5P	-0.23942076700046983			
MIR4761_5P	-0.23943797964091879			
GO_SMALL_RNA_LOADING_ONTO_RISC	-0.23944238014925923			
GO_CERAMIDASE_ACTIVITY	-0.23947312876179205			
GO_CELL_COMMUNICATION_BY_ELECTRICAL_COUPLING	-0.2394926293700665			
ZF5_01	-0.2395080230281328			
GO_INTERCALATED_DISC	-0.23952556290520816			
HANN_RESISTANCE_TO_BCL2_INHIBITOR_DN	-0.2395293687722669			
GSE10240_CTRL_VS_IL17_AND_IL22_STIM_PRIMARY_BRONCHIAL_EPITHELIAL_CELLS_DN	-0.23954346527147286			
GO_NEGATIVE_REGULATION_OF_MYOBLAST_DIFFERENTIATION	-0.23955597776404494			
GO_NEURAL_PLATE_PATTERN_SPECIFICATION	-0.23956107385237918			
MIR7855_5P	-0.23957363987533178			
GO_PRESYNAPTIC_CYTOSKELETON	-0.23959263511488943			
MIR590_5P	-0.23959464454737348			
TGCACTT_MIR519C_MIR519B_MIR519A	-0.23960334844974776			
TONKS_TARGETS_OF_RUNX1_RUNX1T1_FUSION_SUSTAINED_IN_MONOCYTE_DN	-0.23960859255565553			
GO_RESPONSE_TO_PEPTIDE_HORMONE	-0.23961520859923827			
UEDA_CENTRAL_CLOCK	-0.2396158395915759			
GO_REGULATION_OF_PHOSPHATIDYLINOSITOL_3_KINASE_SIGNALING	-0.239623092246566			
WEIGEL_OXIDATIVE_STRESS_RESPONSE	-0.23962323366357471			
MEISSNER_BRAIN_HCP_WITH_H3K4ME2_AND_H3K27ME3	-0.2396244226742528			
GO_PROLINE_RICH_REGION_BINDING	-0.23964496619105533			
GO_SPINAL_CORD_PATTERNING	-0.23964662399731632			
BIOCARTA_TFF_PATHWAY	-0.239665513477574			
MIR5698	-0.23966975917760866			
MIR6766_5P	-0.2396869499676331			
IPA_EGR3_DN	-0.23969312595539133			
GO_NEGATIVE_REGULATION_OF_MAP_KINASE_ACTIVITY	-0.23971800291433196			
CAGCTG_AP4_Q5	-0.23973057943951862			
MIR134_3P	-0.23973536737502815			
GO_RESPONSE_TO_ESTROGEN	-0.23974052297012494			
GO_HORMONE_BINDING	-0.23977817688334743			
GO_CELLULAR_RESPONSE_TO_ALCOHOL	-0.23979356033179655			
GO_SELENIUM_COMPOUND_METABOLIC_PROCESS	-0.23979778064156776			
GO_GALACTOSE_CATABOLIC_PROCESS	-0.23979782788939752			
GO_REGULATION_OF_CARBOHYDRATE_METABOLIC_PROCESS	-0.23980779240597458			
MIR670_5P	-0.23980833727716594			
GSE24102_GRANULOCYSTIC_MDSC_VS_NEUTROPHIL_UP	-0.23981634568089832			
REACTOME_PKA_MEDIATED_PHOSPHORYLATION_OF_CREB	-0.23983283681384052			
GO_EPITHELIAL_TUBE_MORPHOGENESIS	-0.23986061277646586			
GO_PALMITOYL_COA_HYDROLASE_ACTIVITY	-0.23987715128426437			
GO_MODULATION_OF_EXCITATORY_POSTSYNAPTIC_POTENTIAL	-0.23989907287511433			
GO_GDP_DISSOCIATION_INHIBITOR_ACTIVITY	-0.2399037581674498			
MIR5787	-0.23995214728728667			
HNF4_01	-0.2399855169208403			
REACTOME_PRESYNAPTIC_DEPOLARIZATION_AND_CALCIUM_CHANNEL_OPENING	-0.23998937074773793			
GO_CEREBELLAR_CORTEX_FORMATION	-0.23999500058490525			
REACTOME_APOPTOTIC_CLEAVAGE_OF_CELLULAR_PROTEINS	-0.23999987881590937			
GSE5099_UNSTIM_VS_MCSF_TREATED_MONOCYTE_DAY3_DN	-0.24001615798504486			
GO_FRUCTOSE_6_PHOSPHATE_METABOLIC_PROCESS	-0.2400357333708681			
KEGG_GLYCOSPHINGOLIPID_BIOSYNTHESIS_LACTO_AND_NEOLACTO_SERIES	-0.24006669712773543			
GO_RESPONSE_TO_INSULIN	-0.24007113260352458			
MIR6793_3P	-0.24007357390449974			
GO_CEREBELLAR_CORTEX_DEVELOPMENT	-0.24008409505056555			
GO_REGULATION_OF_MICROTUBULE_BASED_MOVEMENT	-0.24009263954902726			
MYF6_TARGET_GENES	-0.24010385450928742			
GO_SNARE_BINDING	-0.2401257799206496			
GRAHAM_CML_DIVIDING_VS_NORMAL_DIVIDING_UP	-0.24018252029518722			
CTTTGA_LEF1_Q2	-0.24020030943693743			
SYNCRIP_TARGET_GENES	-0.24020463091549907			
MIR6849_5P	-0.2402048837354909			
GO_PHOSPHOLIPID_BIOSYNTHETIC_PROCESS	-0.240221053686207			
REACTOME_PHOSPHATE_BOND_HYDROLYSIS_BY_NTPDASE_PROTEINS	-0.24023619975254995			
CHIANG_LIVER_CANCER_SUBCLASS_CTNNB1_UP	-0.24025148223806253			
GO_IMMATURE_T_CELL_PROLIFERATION_IN_THYMUS	-0.24026531511576615			
GSE38304_MYC_NEG_VS_POS_GC_BCELL_UP	-0.2402728479923092			
GSE34156_TLR1_TLR2_LIGAND_VS_NOD2_AND_TLR1_TLR2_LIGAND_6H_TREATED_MONOCYTE_DN	-0.2402799889629184			
GO_EMBRYONIC_RETINA_MORPHOGENESIS_IN_CAMERA_TYPE_EYE	-0.24028131033172587			
MIR18A_3P	-0.24029051122099687			
chr11q13	-0.24029183413305352			
GO_SYNAPTIC_TRANSMISSION_GLYCINERGIC	-0.24031108082885133			
IPA_ARNTL_UP	-0.24031399900121658			
PID_PI3K_PLC_TRK_PATHWAY	-0.2403801072137736			
GO_FILOPODIUM_TIP	-0.2404040591616438			
ZHENG_GLIOBLASTOMA_PLASTICITY_UP	-0.24040535968836946			
MIR214_5P	-0.24042207727855328			
TCCATTKW_UNKNOWN	-0.24044891416656278			
GO_PERIPHERAL_NERVOUS_SYSTEM_NEURON_DIFFERENTIATION	-0.24045668494310757			
LEE_BMP2_TARGETS_UP	-0.24045856269706553			
IPA_CLOCK_UP	-0.24046846395884072			
REACTOME_SYNTHESIS_OF_PG	-0.24050291071187022			
GO_VESICLE_TRANSPORT_ALONG_ACTIN_FILAMENT	-0.24050807398492807			
GO_MITOCHONDRIAL_DNA_METABOLIC_PROCESS	-0.24052971319003763			
JIANG_AGING_HYPOTHALAMUS_DN	-0.24054474477541068			
GO_ADENYLATE_CYCLASE_INHIBITING_G_PROTEIN_COUPLED_GLUTAMATE_RECEPTOR_SIGNALING_PATHWAY	-0.24056792729116247			
MIR7111_5P	-0.24058721348188555			
FREAC4_01	-0.24059580449448006			
IPA_NHLH1_UP	-0.2406924208378455			
GO_OTOLITH_DEVELOPMENT	-0.24069647751008158			
GO_CLATHRIN_BINDING	-0.24070514415946534			
GO_NEGATIVE_REGULATION_OF_CARTILAGE_DEVELOPMENT	-0.24075931535982106			
LCORL_TARGET_GENES	-0.24076093166896834			
GO_HIGH_VOLTAGE_GATED_CALCIUM_CHANNEL_ACTIVITY	-0.24079699216355388			
MIR1915_3P	-0.24087906196443706			
MIR5007_5P	-0.240914289349803			
GO_POSITIVE_REGULATION_OF_CYCLIN_DEPENDENT_PROTEIN_KINASE_ACTIVITY	-0.24092359965280788			
GO_PROTON_TRANSPORTING_TWO_SECTOR_ATPASE_COMPLEX_CATALYTIC_DOMAIN	-0.24092715400054604			
VANHARANTA_UTERINE_FIBROID_UP	-0.24093000937911582			
GO_CELL_CORTEX	-0.2409501378273423			
GO_NEURAL_TUBE_FORMATION	-0.24095218498534746			
GO_STEROID_HORMONE_RECEPTOR_BINDING	-0.24096185328515282			
GO_REGULATION_OF_SYNAPTIC_VESICLE_CYCLE	-0.24100392252343952			
MYCMAX_B	-0.241012919900891			
GSE1925_CTRL_VS_IFNG_PRIMED_MACROPHAGE_UP	-0.24105261815909912			
MIR6891_5P	-0.2410537649883625			
GO_REGULATION_OF_PROTEIN_DEPOLYMERIZATION	-0.24107663736693663			
GO_MELANOCYTE_DIFFERENTIATION	-0.24108031340530678			
IK3_01	-0.24111031824521817			
GO_REGULATION_OF_VIRAL_TRANSCRIPTION	-0.24113540487058657			
GO_VENTRICULAR_CARDIAC_MUSCLE_TISSUE_DEVELOPMENT	-0.24114214929816422			
GO_HEMOGLOBIN_METABOLIC_PROCESS	-0.24114440560472095			
IPA_HNF4A_DN	-0.2412043090282381			
MIR423_5P	-0.24121156594128518			
GO_NEURAL_CREST_CELL_MIGRATION	-0.24121780244159874			
GO_EPITHELIAL_CELL_FATE_COMMITMENT	-0.24122790044016487			
GO_REGULATION_OF_ANIMAL_ORGAN_FORMATION	-0.24124445335937322			
GO_NEGATIVE_REGULATION_OF_INTRACELLULAR_STEROID_HORMONE_RECEPTOR_SIGNALING_PATHWAY	-0.24125468928101076			
ICHIBA_GRAFT_VERSUS_HOST_DISEASE_D7_DN	-0.24130967849141044			
GO_SMAD_BINDING	-0.24132741030601212			
BIOCARTA_WNT_PATHWAY	-0.24133625651774793			
GSE17721_CPG_VS_GARDIQUIMOD_2H_BMDC_DN	-0.24134343954380696			
MIR659_5P	-0.24135261996576737			
chr11p11	-0.2413683992637995			
GSE17721_LPS_VS_CPG_8H_BMDC_UP	-0.2413779633375057			
GO_S_ACYLTRANSFERASE_ACTIVITY	-0.24145635104956228			
GO_ACTIVATION_OF_PROTEIN_KINASE_A_ACTIVITY	-0.24145820898532164			
KRAS.PROSTATE_UP.V1_DN	-0.24146802635609843			
GO_HEART_FIELD_SPECIFICATION	-0.2414733201082875			
GO_LYSINE_METABOLIC_PROCESS	-0.24150838786177567			
GSE13411_NAIVE_VS_SWITCHED_MEMORY_BCELL_UP	-0.24151033514123715			
SUZUKI_AMPLIFIED_IN_ORAL_CANCER	-0.24151681067619457			
AP2GAMMA_01	-0.24152109736196753			
GRAESSMANN_APOPTOSIS_BY_DOXORUBICIN_DN	-0.24155253210688457			
GO_HEPARAN_SULFATE_PROTEOGLYCAN_METABOLIC_PROCESS	-0.2415747331812975			
GSE5589_LPS_VS_LPS_AND_IL6_STIM_IL10_KO_MACROPHAGE_45MIN_DN	-0.2415791183605105			
RODWELL_AGING_KIDNEY_NO_BLOOD_DN	-0.2415840167177206			
GO_REGULATION_OF_ANOIKIS	-0.24158852118635987			
GSE36888_UNTREATED_VS_IL2_TREATED_TCELL_17H_UP	-0.24161886174361152			
MIR6718_5P	-0.24162512780445752			
BIOCARTA_BARR_MAPK_PATHWAY	-0.24163070205090395			
GO_EQUATORIAL_MICROTUBULE_ORGANIZING_CENTER	-0.24163077957192602			
TRAYNOR_RETT_SYNDROM_DN	-0.241641185860227			
GO_CATECHOLAMINE_BINDING	-0.24165490242426926			
GO_CELLULAR_PIGMENTATION	-0.24166173804697974			
MIR5699_3P	-0.24167273845843648			
LYF1_01	-0.24167495986421075			
GO_PROSTATE_GLAND_GROWTH	-0.2416858651292181			
WAKABAYASHI_ADIPOGENESIS_PPARG_RXRA_BOUND_WITH_H4K20ME1_MARK	-0.24169691295339368			
MIR4660	-0.24171081262588026			
IIZUKA_LIVER_CANCER_PROGRESSION_G1_G2_DN	-0.2417175543509741			
GSE5589_WT_VS_IL10_KO_LPS_AND_IL10_STIM_MACROPHAGE_180MIN_DN	-0.24172619775414259			
GSE8921_UNSTIM_VS_TLR1_2_STIM_MONOCYTE_24H_DN	-0.2417444154060104			
GO_REGULATION_OF_GLUTAMATE_SECRETION	-0.24175507984167677			
GO_NEURON_SPINE	-0.2417869746970202			
PID_BETA_CATENIN_NUC_PATHWAY	-0.24178762215496438			
IPA_BNC1_UP	-0.24178802317657852			
MIR6836_5P	-0.24180889612920034			
MIR4722_3P	-0.241842992389583			
AR_Q2	-0.24184504843493318			
IPA_POU4F1_DN	-0.24191090708354182			
TGCCTTA_MIR124A	-0.24191594300225613			
GO_N_ACYLSPHINGOSINE_AMIDOHYDROLASE_ACTIVITY	-0.24194903135630244			
REACTOME_SIGNALING_BY_FGFR_IN_DISEASE	-0.24197885234372843			
GO_TRANSFORMING_GROWTH_FACTOR_BETA_ACTIVATION	-0.2419855634685901			
GO_HISTONE_H3_K36_DEMETHYLATION	-0.24200414768036937			
GO_HISTONE_DEMETHYLASE_ACTIVITY_H3_K36_SPECIFIC	-0.24200414768036937			
ACEVEDO_NORMAL_TISSUE_ADJACENT_TO_LIVER_TUMOR_DN	-0.24208964966023935			
GO_MORPHOGENESIS_OF_A_POLARIZED_EPITHELIUM	-0.24209956443344052			
CCCNNGGGAR_OLF1_01	-0.24210262899071838			
GO_TRANSCRIPTION_REGULATOR_ACTIVITY	-0.24210699719277762			
GO_INOSITOL_TRISPHOSPHATE_KINASE_ACTIVITY	-0.24213769494041915			
KEGG_ERBB_SIGNALING_PATHWAY	-0.24214684416835813			
GO_NEURAL_TUBE_PATTERNING	-0.2421641716903603			
MIR4725_3P	-0.24216585386342585			
MIR6891_3P	-0.24216673440775435			
GSE12392_CD8A_POS_VS_NEG_SPLEEN_DC_UP	-0.24218757119135592			
MIR6774_3P	-0.24219129525879476			
MIR548V	-0.24220795510176404			
GO_PROSTANOID_RECEPTOR_ACTIVITY	-0.24221035736805605			
GO_REGULATION_OF_ORGANELLE_TRANSPORT_ALONG_MICROTUBULE	-0.24222110073851322			
GO_EXTRINSIC_COMPONENT_OF_PLASMA_MEMBRANE	-0.24224273392134857			
GO_PHOSPHORUS_OXYGEN_LYASE_ACTIVITY	-0.24224759431073328			
SS18_SSX1_FUSION_TARGET_GENES	-0.24224820069097203			
GO_RETINOIC_ACID_RECEPTOR_BINDING	-0.24226053403670456			
chr7p11	-0.2422832184574786			
GO_CHROMAFFIN_GRANULE_MEMBRANE	-0.24229832620963013			
GO_LIPASE_BINDING	-0.2422990389996685			
IPA_ELF5_UP	-0.24230166769039319			
GO_NEGATIVE_REGULATION_OF_CHONDROCYTE_DIFFERENTIATION	-0.2423173997882205			
PAX6_TARGET_GENES	-0.24235598486258983			
ZNF512B_TARGET_GENES	-0.24235644034585435			
MIR642A_5P	-0.24236457021309243			
GO_NEGATIVE_REGULATION_OF_ERAD_PATHWAY	-0.2423651055281648			
MIR4686	-0.2423918966027838			
GO_CARGO_ADAPTOR_ACTIVITY	-0.24240748848936083			
GSE14000_UNSTIM_VS_4H_LPS_DC_UP	-0.2424078736404192			
GO_REGULATION_OF_MODIFICATION_OF_POSTSYNAPTIC_ACTIN_CYTOSKELETON	-0.2424214638704437			
REACTOME_SYNTHESIS_OF_KETONE_BODIES	-0.24243320179221026			
ZAIDI_OSTEOBLAST_TRANSCRIPTION_FACTORS	-0.2424803055662286			
MIR6722_3P	-0.24251157221923467			
GO_VESICLE_CYTOSKELETAL_TRAFFICKING	-0.2425176186506537			
GO_CARDIAC_CHAMBER_MORPHOGENESIS	-0.24252046895427987			
ZAMORA_NOS2_TARGETS_DN	-0.2425631020955426			
MIR296_5P	-0.2425756144556836			
GO_STEROL_IMPORT	-0.24259788928005244			
GO_LAYER_FORMATION_IN_CEREBRAL_CORTEX	-0.24259891961219698			
GO_ENSHEATHMENT_OF_NEURONS	-0.2426003101025374			
GO_NEGATIVE_REGULATION_OF_PEPTIDYL_THREONINE_PHOSPHORYLATION	-0.2426282005288241			
REACTOME_SCAVENGING_BY_CLASS_B_RECEPTORS	-0.2426310204651972			
GO_CYCLIC_NUCLEOTIDE_MEDIATED_SIGNALING	-0.24263343526158318			
BIOCARTA_BARRESTIN_PATHWAY	-0.2426439895629454			
AMIT_EGF_RESPONSE_20_MCF10A	-0.24267006702054703			
GO_ADENYLATE_CYCLASE_INHIBITING_G_PROTEIN_COUPLED_ACETYLCHOLINE_RECEPTOR_SIGNALING_PATHWAY	-0.24267310072877613			
GO_MICROTUBULE_BASED_MOVEMENT	-0.2426892035625563			
MIR6852_3P	-0.24268960756356364			
SMID_BREAST_CANCER_RELAPSE_IN_BRAIN_DN	-0.24272113650343502			
GO_NEURAL_CREST_CELL_DIFFERENTIATION	-0.2427422946083437			
GO_GLUTAMATE_GATED_CALCIUM_ION_CHANNEL_ACTIVITY	-0.24279055536388097			
MIR93_5P	-0.24284928982063328			
GSE3920_UNTREATED_VS_IFNG_TREATED_ENDOTHELIAL_CELL_DN	-0.2428549084138475			
GO_ESTABLISHMENT_OF_PROTEIN_LOCALIZATION_TO_POSTSYNAPTIC_MEMBRANE	-0.24286427087794052			
REACTOME_MICRORNA_MIRNA_BIOGENESIS	-0.24287527575460927			
GO_ICOSANOID_RECEPTOR_ACTIVITY	-0.24287651369221164			
GO_REGULATION_OF_RNA_INTERFERENCE	-0.24287783626985443			
MIR519D_3P	-0.24291941408754572			
HNRNPUL1_TARGET_GENES	-0.2429282265530126			
ZNF41_TARGET_GENES	-0.24296658138556115			
SMID_BREAST_CANCER_RELAPSE_IN_BRAIN_UP	-0.2429823032424901			
MIR1912_3P	-0.24298500091824776			
GO_CELL_CELL_ADHESION_MEDIATED_BY_CADHERIN	-0.24298659017647686			
CTACCTC_LET7A_LET7B_LET7C_LET7D_LET7E_LET7F_MIR98_LET7G_LET7I	-0.2429898627859342			
GO_FATTY_ACYL_COA_METABOLIC_PROCESS	-0.24299299357045082			
GO_NEUROTRANSMITTER_RECEPTOR_TRANSPORT	-0.2429982715163271			
TERAO_AOX4_TARGETS_HG_UP	-0.24302509808797418			
MIR589_5P	-0.24302600069219696			
LEE_CALORIE_RESTRICTION_NEOCORTEX_DN	-0.24304364877208948			
GO_VOLTAGE_GATED_ANION_CHANNEL_ACTIVITY	-0.24304833602743348			
GO_REGULATION_OF_CLATHRIN_DEPENDENT_ENDOCYTOSIS	-0.24304897738757889			
chr2q35	-0.24306583420501585			
GO_G_PROTEIN_COUPLED_ACETYLCHOLINE_RECEPTOR_ACTIVITY	-0.24310002981511336			
GO_REGULATION_OF_RNA_BINDING	-0.2431063406131683			
GO_MICROBODY_LUMEN	-0.24311324218556954			
chrXp11	-0.2431206207750648			
GO_XYLULOSE_5_PHOSPHATE_METABOLIC_PROCESS	-0.2431422646142821			
GO_REGULATION_OF_CELL_PROLIFERATION_INVOLVED_IN_KIDNEY_DEVELOPMENT	-0.24315500760078848			
GSE15930_NAIVE_VS_48H_IN_VITRO_STIM_IFNAB_CD8_TCELL_UP	-0.2431593058247964			
GO_OPIOID_RECEPTOR_SIGNALING_PATHWAY	-0.24320764840424072			
IPA_EGR1_UP	-0.24323311820477936			
CHYLA_CBFA2T3_TARGETS_DN	-0.24325117385425724			
GO_REGULATION_OF_MORPHOGENESIS_OF_AN_EPITHELIUM	-0.243251954603316			
GO_VITAMIN_TRANSMEMBRANE_TRANSPORT	-0.2432759638368065			
IPA_NR2F1_UP	-0.2432793764727938			
TGGNNNNNNKCCAR_UNKNOWN	-0.24330278500957936			
MIR374B_3P	-0.2433689036794408			
GO_POSITIVE_REGULATION_OF_POSTTRANSCRIPTIONAL_GENE_SILENCING	-0.2433806772040798			
MIR1909_3P	-0.2433971213075764			
GO_CELL_FATE_SPECIFICATION	-0.24340429046487977			
GO_PHOSPHOSERINE_RESIDUE_BINDING	-0.24341087800146582			
GO_STEROID_HORMONE_RECEPTOR_ACTIVITY	-0.24341297728774466			
GO_EMBRYONIC_MORPHOGENESIS	-0.24342506572253977			
REACTOME_TRANSCRIPTIONAL_REGULATION_BY_THE_AP_2_TFAP2_FAMILY_OF_TRANSCRIPTION_FACTORS	-0.24342549997155308			
LMO2COM_01	-0.24342926021942432			
REACTOME_SIGNALING_BY_FGFR2_IN_DISEASE	-0.24343990449174435			
GSE3039_ALPHABETA_CD8_TCELL_VS_B2_BCELL_DN	-0.24346937859826487			
GO_REGULATION_OF_GLUCAN_BIOSYNTHETIC_PROCESS	-0.2434724622430408			
GO_DOUBLE_STRANDED_METHYLATED_DNA_BINDING	-0.24347657940542614			
GO_INTRINSIC_COMPONENT_OF_SYNAPTIC_VESICLE_MEMBRANE	-0.2434787691736271			
GSE16451_IMMATURE_VS_MATURE_NEURON_CELL_LINE_WEST_EQUINE_ENC_VIRUS_UP	-0.24357901829069842			
COUP_DR1_Q6	-0.24359173124795483			
PPAR_DR1_Q2	-0.24360629048497504			
GO_ORGANIC_HYDROXY_COMPOUND_METABOLIC_PROCESS	-0.24361316090460916			
GO_RESPONSE_TO_AMMONIUM_ION	-0.24362788773587984			
GO_BIOTIN_BINDING	-0.24363143003268511			
GO_LIMB_BUD_FORMATION	-0.24364579547406692			
GO_IGG_BINDING	-0.24365309197939763			
GSE41867_LCMV_ARMSTRONG_VS_CLONE13_DAY15_EFFECTOR_CD8_TCELL_DN	-0.24365553524180447			
MIR1227_5P	-0.24366719231815903			
GO_PIGMENT_GRANULE_ORGANIZATION	-0.24367130297193673			
MIR17_5P	-0.2436832602535089			
REACTOME_SIGNALING_BY_FGFR3_FUSIONS_IN_CANCER	-0.24368806614542118			
GO_REGULATION_OF_VENTRICULAR_CARDIAC_MUSCLE_CELL_MEMBRANE_DEPOLARIZATION	-0.24369986983415423			
MOREAUX_MULTIPLE_MYELOMA_BY_TACI_UP	-0.24372837456106367			
GO_RHO_PROTEIN_SIGNAL_TRANSDUCTION	-0.2437325907420862			
GO_NON_CANONICAL_WNT_SIGNALING_PATHWAY	-0.24376620064486726			
VALK_AML_WITH_FLT3_ITD	-0.24384370044295187			
GO_CEREBRAL_CORTEX_NEURON_DIFFERENTIATION	-0.2438606338268625			
MIR6738_5P	-0.24387758340253965			
MIR20B_5P	-0.24390630405145047			
MIR302A_3P_MIR302B_3P_MIR302C_3P_MIR302D_3P	-0.243907469928192			
GO_CUL3_RING_UBIQUITIN_LIGASE_COMPLEX	-0.24392375633256264			
GO_LIPOPROTEIN_PARTICLE_RECEPTOR_BINDING	-0.24394548287726334			
MIR4445_3P	-0.24395466824848916			
REACTOME_SIGNALING_BY_FGFR4	-0.24395870557714905			
GO_NEURAL_TUBE_DEVELOPMENT	-0.24399404372640457			
GSE16385_UNTREATED_VS_12H_IL4_TREATED_MACROPHAGE_UP	-0.2440146523341931			
GO_EPITHELIAL_MESENCHYMAL_CELL_SIGNALING	-0.24405165875093182			
MIR196A_3P	-0.24405792272220714			
IPA_RBPJ_UP	-0.24406336848854396			
GO_BETA_CATENIN_BINDING	-0.24406382451643255			
LEE_LIVER_CANCER_MYC_E2F1_DN	-0.2440714039013312			
LEIN_LOCALIZED_TO_DISTAL_AND_PROXIMAL_DENDRITES	-0.24415234848047013			
GO_RESPONSE_TO_ELECTRICAL_STIMULUS	-0.24415270822490331			
ZNF677_TARGET_GENES	-0.24415612862260166			
GO_MELANIN_METABOLIC_PROCESS	-0.2441755385059565			
GO_SYNTAXIN_BINDING	-0.2441774246155454			
KHETCHOUMIAN_TRIM24_TARGETS_DN	-0.24418492367757605			
REACTOME_LONG_TERM_POTENTIATION	-0.24420671331559013			
GO_LOW_DENSITY_LIPOPROTEIN_PARTICLE_RECEPTOR_CATABOLIC_PROCESS	-0.244234916113708			
GSE35543_IN_VIVO_NTREG_VS_IN_VITRO_ITREG_UP	-0.24427580271360116			
GO_NURF_COMPLEX	-0.24428422122149954			
GO_IMMUNOGLOBULIN_V_D_J_RECOMBINATION	-0.24429619269834182			
GO_SPINAL_CORD_MOTOR_NEURON_CELL_FATE_SPECIFICATION	-0.24431448051658103			
REACTOME_FATTY_ACIDS	-0.2443412270841888			
KEGG_ADIPOCYTOKINE_SIGNALING_PATHWAY	-0.24434472273292826			
ERR1_Q2	-0.24435571931805258			
REACTOME_METABOLISM_OF_VITAMINS_AND_COFACTORS	-0.24437657564791238			
MIR6890_5P	-0.24438948469541807			
MIR4505	-0.2443909670926803			
GO_DORSAL_VENTRAL_NEURAL_TUBE_PATTERNING	-0.24441810142354028			
GUENTHER_GROWTH_SPHERICAL_VS_ADHERENT_UP	-0.24441995403008465			
WILLIAMS_ESR2_TARGETS_UP	-0.24443700859571546			
MIR363_5P	-0.2444798999349572			
MACLACHLAN_BRCA1_TARGETS_UP	-0.24448760666489955			
AP2_Q3	-0.24449538533296072			
GO_HEPARAN_SULFATE_PROTEOGLYCAN_BIOSYNTHETIC_PROCESS	-0.24451787632613964			
GO_REGULATION_OF_CALCIUM_ION_IMPORT	-0.24453162619759936			
BAKER_HEMATOPOESIS_STAT5_TARGETS	-0.24453319606939122			
GO_EMBRYONIC_SKELETAL_JOINT_DEVELOPMENT	-0.2445528373179078			
MT	-0.2445560449359993			
GO_NEGATIVE_REGULATION_OF_TRANSFORMING_GROWTH_FACTOR_BETA1_PRODUCTION	-0.24457056625168533			
GSE9960_HEALTHY_VS_GRAM_NEG_SEPSIS_PBMC_UP	-0.2445951679261554			
GO_NEGATIVE_REGULATION_OF_INTRACELLULAR_SIGNAL_TRANSDUCTION	-0.24459906723687455			
RIGGINS_TAMOXIFEN_RESISTANCE_UP	-0.24463303507622888			
GSE39820_TGFBETA1_VS_TGFBETA3_IN_IL6_IL23A_TREATED_CD4_TCELL_DN	-0.2446430031056876			
T3R_Q6	-0.24465047478020946			
GO_SKELETAL_MUSCLE_SATELLITE_CELL_DIFFERENTIATION	-0.24465718191804015			
GO_ESTABLISHMENT_OR_MAINTENANCE_OF_ACTIN_CYTOSKELETON_POLARITY	-0.24465877087791132			
CATTTCA_MIR203	-0.24466541012992252			
GSE37532_TREG_VS_TCONV_CD4_TCELL_FROM_VISCERAL_ADIPOSE_TISSUE_UP	-0.24470552885114413			
GO_REGULATION_OF_SKELETAL_MUSCLE_TISSUE_GROWTH	-0.24470730050518763			
GO_CELLULAR_RESPONSE_TO_HORMONE_STIMULUS	-0.24471031490052986			
ZHOU_PANCREATIC_ENDOCRINE_PROGENITOR	-0.24477776378380284			
GO_RESPONSE_TO_FORSKOLIN	-0.24479130161705376			
GSE5503_LIVER_DC_VS_SPLEEN_DC_ACTIVATED_ALLOGENIC_TCELL_UP	-0.24479763344261007			
GO_MYOFIBROBLAST_DIFFERENTIATION	-0.2448158119502995			
GO_REGULATION_OF_MYOFIBROBLAST_DIFFERENTIATION	-0.2448158119502995			
GO_EXOCYTIC_PROCESS	-0.24483315989090407			
GSE42021_CD24HI_VS_CD24LOW_TCONV_THYMUS_UP	-0.24483500532849073			
MIR6132	-0.24483549855611553			
GO_CYTOLYTIC_GRANULE	-0.2448389212763323			
GO_ENTEROENDOCRINE_CELL_DIFFERENTIATION	-0.24484938733236464			
GO_NEGATIVE_REGULATION_OF_AMYLOID_PRECURSOR_PROTEIN_BIOSYNTHETIC_PROCESS	-0.2448518761558672			
GO_INTERLEUKIN_17_RECEPTOR_ACTIVITY	-0.24487792408594858			
GO_HIPPO_SIGNALING	-0.24488681754495786			
MIR4632_5P	-0.24490851543119252			
GO_EPITHELIAL_CELL_CELL_ADHESION	-0.2449104701875263			
IPA_LHX2_DN	-0.24491150034335546			
MIR3914	-0.24499317077554636			
IPA_HIST1H1A_UP	-0.24501882808862302			
GO_GLOMERULAR_MESANGIAL_CELL_PROLIFERATION	-0.24502128235245074			
GO_AXIS_ELONGATION_INVOLVED_IN_SOMITOGENESIS	-0.2450268980215684			
GO_RNA_CAP_BINDING_COMPLEX	-0.24502696876742538			
GO_NEGATIVE_REGULATION_OF_LIPID_TRANSPORT	-0.24502748097765376			
GO_APPENDAGE_MORPHOGENESIS	-0.24503347446821247			
MIR519A_3P_MIR519B_3P	-0.2450356442958382			
GO_MICROTUBULE_ASSOCIATED_COMPLEX	-0.24506391677955344			
NIKOLSKY_BREAST_CANCER_22Q13_AMPLICON	-0.2450802147905211			
GO_POSITIVE_REGULATION_OF_AUTOPHAGOSOME_ASSEMBLY	-0.24508621046451176			
MIR5088_5P	-0.24509322273721912			
GO_SYMMETRIC_SYNAPSE	-0.2451069134492385			
PIT1_Q6	-0.245163028378076			
LIM_MAMMARY_LUMINAL_MATURE_UP	-0.2451685470154087			
YAMAZAKI_TCEB3_TARGETS_DN	-0.245181567243861			
GO_ATTACHMENT_OF_GPI_ANCHOR_TO_PROTEIN	-0.24518632410503005			
TCANNTGAY_SREBP1_01	-0.24530559277371003			
STK33_DN	-0.24531219329252807			
GO_MICROTUBULE_BASED_TRANSPORT	-0.24533328675420438			
chr13q31	-0.24537066096051788			
GSE45365_CD8A_DC_VS_CD11B_DC_IFNAR_KO_MCMV_INFECTION_UP	-0.24540782562889293			
MIR3184_5P	-0.24546086993816404			
MIR1275	-0.24548648390846434			
GO_SEMI_LUNAR_VALVE_DEVELOPMENT	-0.24551329871434524			
CROMER_TUMORIGENESIS_DN	-0.24552577264834297			
GO_HISTONE_H3_K9_TRIMETHYLATION	-0.24553426209289883			
GO_POSITIVE_REGULATION_OF_CELL_CYCLE_G2_M_PHASE_TRANSITION	-0.24553835750388497			
GSE11864_CSF1_VS_CSF1_IFNG_IN_MAC_UP	-0.24554269841212661			
GO_LYMPHOID_PROGENITOR_CELL_DIFFERENTIATION	-0.2455670223062082			
IPA_HES1_DN	-0.24557170878284226			
GO_DOPAMINERGIC_SYNAPSE	-0.24557260716521948			
GCANCTGNY_MYOD_Q6	-0.24559161030444002			
GO_NEURON_MATURATION	-0.24560173080743336			
GO_LIPID_BIOSYNTHETIC_PROCESS	-0.24560726616691528			
GO_CELL_DIFFERENTIATION_IN_HINDBRAIN	-0.24563744140175106			
DOANE_BREAST_CANCER_ESR1_UP	-0.24576863219929693			
GO_NEGATIVE_REGULATION_OF_SCHWANN_CELL_PROLIFERATION	-0.24578247267527092			
GSE17721_CTRL_VS_CPG_4H_BMDC_UP	-0.24579543979077687			
RYCACNNRNNRNCAG_UNKNOWN	-0.24585315038245104			
GO_COPPER_ION_TRANSPORT	-0.24585360782308704			
SP3_Q3	-0.24585753808674102			
GO_PRESYNAPTIC_ACTIVE_ZONE_CYTOPLASMIC_COMPONENT	-0.24587722880837082			
GO_GLIAL_CELL_DERIVED_NEUROTROPHIC_FACTOR_RECEPTOR_ACTIVITY	-0.24592291921762727			
GO_D2_DOPAMINE_RECEPTOR_BINDING	-0.2459336056408747			
IPA_SIX3_DN	-0.2459466289324223			
MIR519C_3P	-0.24598517543640339			
GO_MESONEPHRIC_TUBULE_MORPHOGENESIS	-0.24598614660457943			
RAFFEL_VEGFA_TARGETS_UP	-0.24599633202147647			
SA_REG_CASCADE_OF_CYCLIN_EXPR	-0.24600965913037479			
REACTOME_RUNX3_REGULATES_YAP1_MEDIATED_TRANSCRIPTION	-0.24601066566600177			
MIR23A_5P	-0.24603595346301244			
GSE9650_EFFECTOR_VS_EXHAUSTED_CD8_TCELL_DN	-0.24604951340336256			
PID_EPHB_FWD_PATHWAY	-0.24605304210994083			
THILLAINADESAN_ZNF217_TARGETS_UP	-0.24606723159543045			
IPA_KDM5B_DN	-0.24606921314703636			
IPA_NKX2-1_DN	-0.2460810452469732			
GATA_C	-0.24615814166346245			
chr9q34	-0.24616685987689982			
TFIII_Q6	-0.24618087899656843			
GO_GAS_TRANSPORT	-0.2462120436767015			
GO_CILIARY_ROOTLET	-0.24625210329710556			
GO_SYNAPTIC_VESICLE_UNCOATING	-0.2462688239051802			
GO_ATRIOVENTRICULAR_VALVE_DEVELOPMENT	-0.2462751385504067			
GO_APICAL_PROTEIN_LOCALIZATION	-0.24627869999529764			
FARMER_BREAST_CANCER_APOCRINE_VS_LUMINAL	-0.24628316328737154			
PAX5_01	-0.24631486387406898			
YGTCCTTGR_UNKNOWN	-0.24632227197653372			
GO_CHOLINE_METABOLIC_PROCESS	-0.2463240438554794			
GO_RENAL_SYSTEM_VASCULATURE_MORPHOGENESIS	-0.2463332463168814			
GO_CORPUS_CALLOSUM_MORPHOGENESIS	-0.24633749707742636			
GO_PURINE_DEOXYRIBONUCLEOTIDE_BINDING	-0.2463788403252712			
GSE30971_CTRL_VS_LPS_STIM_MACROPHAGE_WBP7_HET_4H_DN	-0.2463824044240497			
GO_INSULIN_BINDING	-0.24640596481074703			
REACTOME_ENOS_ACTIVATION	-0.24641847414766035			
GSE13887_ACT_CD4_VS_NO_TREATED_CD4_TCELL_UP	-0.24643649564909634			
GO_REGULATION_OF_NEURONAL_SYNAPTIC_PLASTICITY	-0.24644495852226134			
GSE3982_MAST_CELL_VS_NEUTROPHIL_UP	-0.24645008300370205			
GO_ALPHA_ADRENERGIC_RECEPTOR_ACTIVITY	-0.2465102803048502			
ACCATTT_MIR522	-0.24651749069794343			
GO_MOLTING_CYCLE_PROCESS	-0.24656739762871457			
GO_REGULATION_OF_MORPHOGENESIS_OF_A_BRANCHING_STRUCTURE	-0.24659452256344533			
REACTOME_IONOTROPIC_ACTIVITY_OF_KAINATE_RECEPTORS	-0.24660179255498735			
TCF7_TARGET_GENES	-0.24660868217019308			
NKX62_Q2	-0.24671582638292358			
KEGG_PROPANOATE_METABOLISM	-0.24672491456873583			
GO_ASPARTATE_FAMILY_AMINO_ACID_CATABOLIC_PROCESS	-0.24673433787178728			
GO_G_PROTEIN_COUPLED_GLUTAMATE_RECEPTOR_ACTIVITY	-0.24676173893571549			
REACTOME_MOLECULES_ASSOCIATED_WITH_ELASTIC_FIBRES	-0.24677261815442172			
GO_REGULATION_OF_MODIFICATION_OF_POSTSYNAPTIC_STRUCTURE	-0.24677280927217007			
GO_CELL_CELL_CONTACT_ZONE	-0.24678687791393708			
SCHWAB_TARGETS_OF_BMYB_POLYMORPHIC_VARIANTS_UP	-0.2468005126284556			
GO_PROTEIN_LOCALIZATION_TO_CILIARY_TRANSITION_ZONE	-0.24680089227588872			
GO_CELLULAR_RESPONSE_TO_GLUCAGON_STIMULUS	-0.24680636712225779			
GO_PROTEIN_LOCALIZATION_TO_CELL_JUNCTION	-0.24680910600231712			
GO_INTRACELLULAR_ESTROGEN_RECEPTOR_SIGNALING_PATHWAY	-0.2468166156046104			
GO_PHASIC_SMOOTH_MUSCLE_CONTRACTION	-0.24682568351013134			
GO_REGULATION_OF_PROTEIN_IMPORT	-0.2468510408565434			
GO_TUBE_FORMATION	-0.24685328091964293			
MIR608	-0.24685949154319647			
GO_OXYGEN_BINDING	-0.24688647754382007			
MIR3180_MIR3180_3P	-0.2469115038437848			
GO_EXTRACELLULAR_TRANSPORT	-0.24691459868862825			
GO_OTIC_VESICLE_FORMATION	-0.24691750936481885			
GSE23925_LIGHT_ZONE_VS_DARK_ZONE_BCELL_UP	-0.24693340144215836			
MIR199B_5P	-0.24693620432419483			
GO_POSTSYNAPTIC_SIGNAL_TRANSDUCTION	-0.24695917476292198			
ZHOU_PANCREATIC_EXOCRINE_PROGENITOR	-0.24696470794440206			
LOPEZ_MESOTELIOMA_SURVIVAL_TIME_UP	-0.2469711037236774			
MIR6862_3P	-0.24698431931982218			
MYLLYKANGAS_AMPLIFICATION_HOT_SPOT_12	-0.24699061511951612			
GO_HISTONE_H2A_K119_MONOUBIQUITINATION	-0.2469969196394989			
CAGGGTC_MIR504	-0.24702811962098922			
MIR6827_5P	-0.2470384594507568			
GO_UDP_N_ACETYLGLUCOSAMINE_METABOLIC_PROCESS	-0.24707416485589545			
REACTOME_ADRENOCEPTORS	-0.24709976351876775			
GO_SEQUESTERING_OF_ACTIN_MONOMERS	-0.24710514954918952			
GO_NADPLUS_BINDING	-0.2471377260341045			
REACTOME_SIGNALING_BY_FGFR2	-0.24715241503561383			
MIR6883_5P	-0.24717059542981593			
FRASOR_TAMOXIFEN_RESPONSE_DN	-0.24717078903431589			
MIR4747_5P	-0.2472051726835941			
REACTOME_GAMMA_CARBOXYLATION_TRANSPORT_AND_AMINO_TERMINAL_CLEAVAGE_OF_PROTEINS	-0.24720911282832267			
VANTVEER_BREAST_CANCER_METASTASIS_UP	-0.24721019973571864			
MIR4781_5P	-0.24721716353758197			
SEF1_C	-0.24722071099269546			
MIR199A_5P	-0.24724387792161626			
MIR509_3P	-0.24724984996276472			
GO_STEROID_HORMONE_MEDIATED_SIGNALING_PATHWAY	-0.24725179181115478			
IPA_NOTCH1_DN	-0.24729411396831225			
IPA_TRIM22_UP	-0.24732385611057128			
GO_PERIKARYON	-0.24734631550504824			
GSE19401_UNSTIM_VS_RETINOIC_ACID_AND_PAM2CSK4_STIM_FOLLICULAR_DC_UP	-0.24738404725733437			
GTGGTGA_MIR197	-0.24738590859779794			
GO_TERPENOID_CATABOLIC_PROCESS	-0.24739772191918452			
IPA_RPA2_DN	-0.24739773371298493			
CCCAGAG_MIR326	-0.24742686834138655			
GO_METANEPHRIC_RENAL_VESICLE_MORPHOGENESIS	-0.24743479251498254			
REACTOME_RORA_ACTIVATES_GENE_EXPRESSION	-0.2474394728369052			
REACTOME_SIGNALING_BY_NTRKS	-0.24745365722124327			
GO_CATENIN_COMPLEX	-0.2475377338892574			
GO_ARGININE_TRANSMEMBRANE_TRANSPORTER_ACTIVITY	-0.24754304439030314			
MULLIGHAN_NPM1_SIGNATURE_3_DN	-0.24755035623885607			
GO_POSITIVE_REGULATION_OF_PROTEIN_DEPOLYMERIZATION	-0.2475744554875351			
GO_MITOCHONDRION_DISTRIBUTION	-0.2475995634779462			
IPA_RUNX1T1_DN	-0.24760906617987818			
GO_PROTEIN_HETEROTETRAMERIZATION	-0.24763081815007773			
GO_CELLULAR_RESPONSE_TO_MANGANESE_ION	-0.24763627437636065			
GO_H3_HISTONE_ACETYLTRANSFERASE_COMPLEX	-0.2477085422479728			
GO_DOPAMINE_BINDING	-0.24772803079665454			
GO_ICOSANOID_CATABOLIC_PROCESS	-0.24773856889473128			
CYTAGCAAY_UNKNOWN	-0.24775991821942023			
IPA_KDM8_DN	-0.2478118148693044			
GO_REGULATION_OF_PHOTORECEPTOR_CELL_DIFFERENTIATION	-0.24784196016793272			
GSE19923_WT_VS_HEB_KO_DP_THYMOCYTE_UP	-0.2478500361895775			
GO_LIGAND_GATED_ANION_CHANNEL_ACTIVITY	-0.24785676759368802			
HAND1_TARGET_GENES	-0.24786485728189725			
GO_POSITIVE_REGULATION_OF_RELEASE_OF_SEQUESTERED_CALCIUM_ION_INTO_CYTOSOL	-0.24791775264886506			
IPA_DLX2_DN	-0.24792636230183093			
CREIGHTON_ENDOCRINE_THERAPY_RESISTANCE_1	-0.24793313861067476			
GO_HISTONE_H4_K12_ACETYLATION	-0.24796321112832242			
GO_NEGATIVE_REGULATION_OF_MACROPHAGE_CHEMOTAXIS	-0.24797775000346456			
CCACACA_MIR147	-0.24797967601324622			
GO_POSITIVE_REGULATION_OF_ACTIN_NUCLEATION	-0.24798970799353157			
GO_DEMETHYLASE_ACTIVITY	-0.24800829819561895			
MIR8089	-0.24801036147076413			
IPA_HES2_UP	-0.2480157042620319			
GSE2770_IL12_VS_TGFB_AND_IL12_TREATED_ACT_CD4_TCELL_6H_UP	-0.248016881001872			
GO_MAST_CELL_DIFFERENTIATION	-0.24803125694897818			
GO_EMBRYONIC_SKELETAL_JOINT_MORPHOGENESIS	-0.24803622267556938			
REACTOME_NR1H2_AND_NR1H3_MEDIATED_SIGNALING	-0.24804291395624542			
GO_CEREBELLAR_PURKINJE_CELL_LAYER_DEVELOPMENT	-0.24806988763175103			
SCHAEFFER_PROSTATE_DEVELOPMENT_6HR_DN	-0.24809870885659366			
REACTOME_NEGATIVE_REGULATION_OF_FGFR4_SIGNALING	-0.24817654437437384			
GO_EMBRYONIC_APPENDAGE_MORPHOGENESIS	-0.24817738995628683			
IPA_NOTCH2_DN	-0.24819074986547104			
GO_URONIC_ACID_METABOLIC_PROCESS	-0.24821463420521506			
REACTOME_ELECTRIC_TRANSMISSION_ACROSS_GAP_JUNCTIONS	-0.2482380015071016			
HIRSCH_CELLULAR_TRANSFORMATION_SIGNATURE_DN	-0.24823820933174023			
REACTOME_NEGATIVE_REGULATION_OF_ACTIVITY_OF_TFAP2_AP_2_FAMILY_TRANSCRIPTION_FACTORS	-0.24824395751119838			
GO_PERISTALSIS	-0.24826000560364694			
ATAGGAA_MIR202	-0.24826053261945477			
GSE45365_HEALTHY_VS_MCMV_INFECTION_CD11B_DC_IFNAR_KO_UP	-0.24826287006024952			
GO_GABA_RECEPTOR_ACTIVITY	-0.24826491114943114			
GO_HISTONE_DEMETHYLASE_ACTIVITY_H3_K4_SPECIFIC	-0.24830673019545782			
REACTOME_REMOVAL_OF_AMINOTERMINAL_PROPEPTIDES_FROM_GAMMA_CARBOXYLATED_PROTEINS	-0.24831672156502962			
GO_PRO_B_CELL_DIFFERENTIATION	-0.24833085966065174			
KIM_PTEN_TARGETS_DN	-0.24834107376828307			
GSE32533_WT_VS_MIR17_KO_ACT_CD4_TCELL_UP	-0.24836711619192664			
GO_CORECEPTOR_ACTIVITY_INVOLVED_IN_WNT_SIGNALING_PATHWAY	-0.24836715315715113			
MIR6797_5P	-0.24838244160000247			
RICKMAN_TUMOR_DIFFERENTIATED_WELL_VS_MODERATELY_UP	-0.24838981475557811			
GO_SIGNAL_RELEASE	-0.2484568602220595			
GO_VISUAL_BEHAVIOR	-0.2484618380086822			
GO_REGULATION_OF_GLUCOSE_METABOLIC_PROCESS	-0.2484628444329236			
CREB_Q4_01	-0.24850322958321647			
ZNF140_TARGET_GENES	-0.24851587350721657			
GO_REGULATION_OF_CARTILAGE_DEVELOPMENT	-0.24852249280828784			
GO_ER_ASSOCIATED_MISFOLDED_PROTEIN_CATABOLIC_PROCESS	-0.24853841742292201			
GO_APPENDAGE_DEVELOPMENT	-0.24855334884482166			
REACTOME_SIGNALING_BY_WNT_IN_CANCER	-0.24856364470130657			
GO_TRACHEA_CARTILAGE_DEVELOPMENT	-0.24856402086842705			
chr2p24	-0.2486003950408365			
IPA_FOXM1_DN	-0.2486088545599093			
IPA_DDIT3_DN	-0.24863063860954404			
GO_ANCHORED_COMPONENT_OF_SYNAPTIC_VESICLE_MEMBRANE	-0.24863389159083543			
GO_SIGNALING_ADAPTOR_ACTIVITY	-0.24870410376764174			
GO_REGULATION_OF_CHROMOSOME_CONDENSATION	-0.24872047158088614			
CTTTGCA_MIR527	-0.24872493367789675			
GSE5589_WT_VS_IL6_KO_LPS_AND_IL10_STIM_MACROPHAGE_180MIN_UP	-0.24872676640956218			
GO_POSITIVE_REGULATION_OF_INTERLEUKIN_5_PRODUCTION	-0.24872896247873766			
GO_LONG_CHAIN_FATTY_ACID_METABOLIC_PROCESS	-0.24874049563571698			
GO_EXCITATORY_CHEMICAL_SYNAPTIC_TRANSMISSION	-0.24874420680169135			
GO_BODY_MORPHOGENESIS	-0.24875856388782824			
GO_PHOSPHATIDYLINOSITOL_3_KINASE_SIGNALING	-0.2487902182251616			
MIR483_5P	-0.24879350146652984			
GO_MIDGUT_DEVELOPMENT	-0.24880028557825365			
GO_FOLATE_IMPORT_ACROSS_PLASMA_MEMBRANE	-0.2488091458252501			
REACTOME_SOS_MEDIATED_SIGNALLING	-0.24880936879387758			
GSE2770_TGFB_AND_IL4_VS_IL4_TREATED_ACT_CD4_TCELL_48H_DN	-0.24881689145363034			
GO_ADENYLATE_CYCLASE_INHIBITING_G_PROTEIN_COUPLED_RECEPTOR_SIGNALING_PATHWAY	-0.24882605909479655			
GO_SCHWANN_CELL_DIFFERENTIATION	-0.24887606332646686			
GO_RENAL_SODIUM_ION_TRANSPORT	-0.24891345119911754			
GO_MEMBRANE_DISRUPTION_IN_OTHER_ORGANISM	-0.24892121476894324			
GO_PLUS_END_DIRECTED_ORGANELLE_TRANSPORT_ALONG_MICROTUBULE	-0.24892731172086363			
GO_REGULATION_OF_MEMBRANE_DEPOLARIZATION_DURING_ACTION_POTENTIAL	-0.2489807197459748			
GO_REGULATION_OF_ANIMAL_ORGAN_MORPHOGENESIS	-0.24902413167905083			
BMI1_DN_MEL18_DN.V1_DN	-0.24903490246164758			
GO_POSTSYNAPTIC_RECYCLING_ENDOSOME	-0.24905800379488752			
CAGGTA_AREB6_01	-0.24906792763471994			
GO_REGULATION_OF_RECEPTOR_RECYCLING	-0.2491075128274097			
GO_NEURAL_PLATE_DEVELOPMENT	-0.24913289406011785			
BREUHAHN_GROWTH_FACTOR_SIGNALING_IN_LIVER_CANCER	-0.2491478230758602			
GO_NEGATIVE_REGULATION_OF_PROTEIN_POLYMERIZATION	-0.2491665562431444			
REACTOME_CREB1_PHOSPHORYLATION_THROUGH_NMDA_RECEPTOR_MEDIATED_ACTIVATION_OF_RAS_SIGNALING	-0.2491700300518656			
GO_REGULATION_OF_LYSOSOME_ORGANIZATION	-0.24922272467561363			
GO_NEGATIVE_REGULATION_OF_GLIAL_CELL_DIFFERENTIATION	-0.24922862745677837			
BRUNEAU_HEART_GREAT_VESSELS_AND_VALVULOGENESIS	-0.24924135030650688			
GO_POSITIVE_REGULATION_OF_OSSIFICATION	-0.24924319836396186			
GO_DELAMINATION	-0.24924344058555434			
GO_INHIBITORY_EXTRACELLULAR_LIGAND_GATED_ION_CHANNEL_ACTIVITY	-0.24926962039079942			
CREIGHTON_ENDOCRINE_THERAPY_RESISTANCE_4	-0.24930667547990376			
MIR6892_3P	-0.2493403138580095			
REACTOME_METABOLISM_OF_LIPIDS	-0.24936028250099065			
GO_REGULATION_OF_OSSIFICATION	-0.2493843923339883			
GO_PEPTIDYL_SERINE_AUTOPHOSPHORYLATION	-0.24939289337369586			
GO_EPITHELIAL_CELL_MATURATION	-0.24939609215046307			
SOX9_B1	-0.24940456233948202			
SANSOM_WNT_PATHWAY_REQUIRE_MYC	-0.24941693396306236			
REACTOME_RUNX1_INTERACTS_WITH_CO_FACTORS_WHOSE_PRECISE_EFFECT_ON_RUNX1_TARGETS_IS_NOT_KNOWN	-0.24941881864816173			
GO_NEGATIVE_REGULATION_OF_RECEPTOR_BINDING	-0.2494318076192884			
GSE9946_MATURE_STIMULATORY_VS_PROSTAGLANDINE2_TREATED_MATURE_DC_DN	-0.2494365355815138			
GSE6259_DEC205_POS_DC_VS_BCELL_UP	-0.2494525030060247			
GO_PATTERN_SPECIFICATION_PROCESS	-0.24947866470357188			
MIR3944_5P	-0.24948337104566307			
MIR21_3P	-0.24950075937057056			
MIR3194_5P	-0.24951345205955905			
SIX4_TARGET_GENES	-0.2495173299773931			
GO_PROTEIN_LOCALIZATION_TO_MICROTUBULE	-0.24958544909755154			
FRASOR_RESPONSE_TO_ESTRADIOL_UP	-0.2496054007114542			
GO_MAP_KINASE_PHOSPHATASE_ACTIVITY	-0.2496471127954614			
GO_NEGATIVE_REGULATION_OF_OLIGODENDROCYTE_DIFFERENTIATION	-0.24965445946288942			
MIR214_3P	-0.24965678698537583			
GO_HEART_MORPHOGENESIS	-0.24966567768066078			
REACTOME_BETA_CATENIN_PHOSPHORYLATION_CASCADE	-0.24991600604301747			
MIR4726_5P	-0.24992373633477558			
PID_MET_PATHWAY	-0.24995499303459448			
GO_MECHANORECEPTOR_DIFFERENTIATION	-0.24999629688192904			
GSE44649_WT_VS_MIR155_KO_NAIVE_CD8_TCELL_UP	-0.25002492767456913			
GO_IRON_ION_TRANSMEMBRANE_TRANSPORT	-0.2500558466549884			
GO_REGULATION_OF_LIPID_LOCALIZATION	-0.2500943940156269			
GSE2770_TGFB_AND_IL4_VS_TGFB_AND_IL12_TREATED_ACT_CD4_TCELL_6H_UP	-0.250142614090125			
GO_REGULATION_OF_CELL_FATE_COMMITMENT	-0.2501508362623994			
GO_WNT_PROTEIN_BINDING	-0.2501840758465729			
MARTINEZ_TP53_TARGETS_DN	-0.2501925889609174			
MIR6745	-0.2502544043286816			
MIR4520_5P	-0.2502621560223959			
GO_REGULATION_OF_CALCIUM_ION_DEPENDENT_EXOCYTOSIS	-0.25026723861904165			
GO_CYTOSOLIC_PROTEASOME_COMPLEX	-0.2502790639951585			
IPA_GSX2_UP	-0.25028820841713206			
GCACTTT_MIR175P_MIR20A_MIR106A_MIR106B_MIR20B_MIR519D	-0.2503135331861563			
NIKOLSKY_BREAST_CANCER_17Q11_Q21_AMPLICON	-0.2503155175654733			
GSE24814_STAT5_KO_VS_WT_PRE_BCELL_UP	-0.2503188927067631			
GO_CELLULAR_RESPONSE_TO_AMMONIUM_ION	-0.2503412503621549			
GSE3920_IFNA_VS_IFNG_TREATED_FIBROBLAST_DN	-0.2503447239098272			
WANG_LSD1_TARGETS_DN	-0.250353820910156			
SEKI_INFLAMMATORY_RESPONSE_LPS_DN	-0.25038921383969226			
RAMALHO_STEMNESS_UP	-0.2503961853404581			
REACTOME_RUNX3_REGULATES_WNT_SIGNALING	-0.25041996987464415			
GO_REGULATION_OF_CHONDROCYTE_DIFFERENTIATION	-0.2504494738757785			
GSE30083_SP3_VS_SP4_THYMOCYTE_UP	-0.2504813757973851			
MIR6756_5P	-0.2505006587474404			
GSE5099_UNSTIM_VS_MCSF_TREATED_MONOCYTE_DAY7_DN	-0.2505790611408324			
MIR6848_5P	-0.2506525213772173			
GO_CELLULAR_RESPONSE_TO_FATTY_ACID	-0.2506598114215841			
GO_VOLTAGE_GATED_CALCIUM_CHANNEL_ACTIVITY_INVOLVED_IN_REGULATION_OF_CYTOSOLIC_CALCIUM_LEVELS	-0.25067527791191835			
GO_COPPER_ION_TRANSMEMBRANE_TRANSPORTER_ACTIVITY	-0.25071148003774424			
GO_G_PROTEIN_COUPLED_AMINE_RECEPTOR_ACTIVITY	-0.25072921313787383			
IPA_YY1_UP	-0.2507916521885696			
GSE33162_UNTREATED_VS_4H_LPS_STIM_HDAC3_HET_MACROPHAGE_DN	-0.2508907365177391			
GO_NETRIN_ACTIVATED_SIGNALING_PATHWAY	-0.25094435503283496			
GO_NEGATIVE_REGULATION_OF_CELLULAR_RESPONSE_TO_DRUG	-0.25094931436282136			
KEGG_PEROXISOME	-0.25096270116721753			
GO_REGULATION_OF_BRANCHING_INVOLVED_IN_PROSTATE_GLAND_MORPHOGENESIS	-0.2510696661459939			
STAMBOLSKY_RESPONSE_TO_VITAMIN_D3_UP	-0.25110645749547705			
IPA_FOXJ1_UP	-0.2511609318946092			
MIR5196_5P	-0.2512457684770275			
GSE41867_NAIVE_VS_DAY15_LCMV_CONE13_EFFECTOR_CD8_TCELL_UP	-0.2513126251384128			
AIYAR_COBRA1_TARGETS_DN	-0.25132032752429107			
GO_HAIR_CELL_DIFFERENTIATION	-0.2513228919965105			
GO_SODIUM_ION_HOMEOSTASIS	-0.25135587270182447			
VDR_Q6	-0.2513618660770435			
SANSOM_APC_TARGETS	-0.25138243790114245			
GO_DORSAL_VENTRAL_AXIS_SPECIFICATION	-0.2514410978181477			
CTCTGGA_MIR520A_MIR525	-0.2514531218183772			
GO_COLLATERAL_SPROUTING_IN_ABSENCE_OF_INJURY	-0.25148918830348965			
DAZARD_UV_RESPONSE_CLUSTER_G4	-0.2515027639884352			
IPA_NEUROD6_UP	-0.2515354483723975			
GO_CALCIUM_ION_REGULATED_EXOCYTOSIS	-0.25153906913210167			
GO_POSITIVE_REGULATION_OF_SECONDARY_METABOLITE_BIOSYNTHETIC_PROCESS	-0.25154657987616985			
REACTOME_SIGNALING_BY_NUCLEAR_RECEPTORS	-0.2515801442271704			
GSE9960_HEALTHY_VS_GRAM_NEG_AND_POS_SEPSIS_PBMC_UP	-0.2515893512633355			
GO_CYCLASE_REGULATOR_ACTIVITY	-0.25164375127416455			
GO_APICAL_DENDRITE	-0.2516594516054759			
GSE22045_TREG_VS_TCONV_DN	-0.25169637110798226			
MIR3922_5P	-0.2517296542810776			
GSE17721_POLYIC_VS_PAM3CSK4_8H_BMDC_DN	-0.25173903729995945			
GO_ACTIN_FILAMENT_SEVERING	-0.25184353018255007			
NFKBIA_TARGET_GENES	-0.2518738743425432			
GO_ACTIN_FILAMENT_BUNDLE_ORGANIZATION	-0.2518742187336056			
GO_MULTICELLULAR_ORGANISMAL_IRON_ION_HOMEOSTASIS	-0.25193317229220497			
GO_NEGATIVE_REGULATION_OF_SIGNALING_RECEPTOR_ACTIVITY	-0.25193587961046054			
MIR4433B_3P	-0.25194825597011217			
IPA_KCNIP3_UP	-0.2519510498437979			
MIR4707_5P	-0.2519745280675641			
GO_INSULIN_SECRETION_INVOLVED_IN_CELLULAR_RESPONSE_TO_GLUCOSE_STIMULUS	-0.25200924205112407			
GO_TRANSCRIPTION_REGULATOR_RECRUITING_ACTIVITY	-0.2520512702767268			
GO_EARP_COMPLEX	-0.2520863486542198			
MIR548B_3P	-0.25211642434887804			
MIR4252	-0.25213446679940305			
YAO_TEMPORAL_RESPONSE_TO_PROGESTERONE_CLUSTER_14	-0.2521437852151966			
GO_MITOGEN_ACTIVATED_PROTEIN_KINASE_KINASE_BINDING	-0.2521568149001066			
BYSTROEM_CORRELATED_WITH_IL5_UP	-0.25220079540053886			
KEGG_THYROID_CANCER	-0.25227652287751756			
SQSTM1_TARGET_GENES	-0.2522891019676521			
GO_C4_DICARBOXYLATE_TRANSPORT	-0.2522896344444179			
GO_RESPONSE_TO_CATECHOLAMINE	-0.25229317199398404			
MIR553	-0.25231790151713135			
SMTTTTGT_UNKNOWN	-0.25235193350257196			
GO_REGULATION_OF_PHOSPHATIDYLCHOLINE_BIOSYNTHETIC_PROCESS	-0.25237556574256015			
WOO_LIVER_CANCER_RECURRENCE_DN	-0.2523759165880781			
GO_COLUMNAR_CUBOIDAL_EPITHELIAL_CELL_DIFFERENTIATION	-0.2523897474764854			
GSE22601_DOUBLE_POSITIVE_VS_CD4_SINGLE_POSITIVE_THYMOCYTE_UP	-0.25239956567162564			
GO_MRF_BINDING	-0.2524043325837549			
GSE2770_IL12_ACT_VS_ACT_CD4_TCELL_6H_DN	-0.25243150745268456			
GO_LIGAND_ACTIVATED_TRANSCRIPTION_FACTOR_ACTIVITY	-0.2524775070748433			
GO_RECEPTOR_LOCALIZATION_TO_SYNAPSE	-0.25247795838282566			
GSE41867_NAIVE_VS_DAY15_LCMV_CONE13_EFFECTOR_CD8_TCELL_DN	-0.252481248033648			
MIR6794_5P	-0.2525131690388895			
GO_PROTEIN_RETENTION_IN_ER_LUMEN	-0.25253432867509995			
MIR6727_3P	-0.2525497271886783			
GALLUZZI_PERMEABILIZE_MITOCHONDRIA	-0.25258717349081233			
REACTOME_SIGNALING_BY_FGFR	-0.2526178112878352			
GO_VESICLE_LOCALIZATION	-0.2526213978859061			
NFY_01	-0.25268854548621594			
GO_ATP_DEPENDENT_MICROTUBULE_MOTOR_ACTIVITY	-0.2526950979394239			
STK33_SKM_DN	-0.25270356689660994			
GSE43863_TH1_VS_LY6C_INT_CXCR5POS_MEMORY_CD4_TCELL_DN	-0.25271193747651			
GO_INTRACILIARY_TRANSPORT_PARTICLE_B_BINDING	-0.25274053137110297			
GO_DELTA_CATENIN_BINDING	-0.2527769602522306			
GO_RESPONSE_TO_BMP	-0.2527783850545661			
GO_AMMONIUM_ION_METABOLIC_PROCESS	-0.252780109769486			
GO_ARGININE_TRANSPORT	-0.25279145687332183			
COULOUARN_TEMPORAL_TGFB1_SIGNATURE_DN	-0.2528104313884957			
GSE17721_PAM3CSK4_VS_CPG_1H_BMDC_UP	-0.25281953168055454			
GSE37532_VISCERAL_ADIPOSE_TISSUE_VS_LN_DERIVED_TREG_CD4_TCELL_DN	-0.2528334505426983			
GO_TRACHEA_DEVELOPMENT	-0.25283810787502087			
GO_PHARYNGEAL_SYSTEM_DEVELOPMENT	-0.25287212975318274			
MIR5088_3P	-0.2528742702138259			
GO_K48_LINKED_POLYUBIQUITIN_MODIFICATION_DEPENDENT_PROTEIN_BINDING	-0.2528813347567088			
PID_AR_PATHWAY	-0.2528831937830831			
BERTUCCI_MEDULLARY_VS_DUCTAL_BREAST_CANCER_DN	-0.25290084761174597			
HNF1A_TARGET_GENES	-0.2529182917604518			
GO_CELLULAR_RESPONSE_TO_ESTRADIOL_STIMULUS	-0.25291988974016005			
BIOCARTA_AMAN_PATHWAY	-0.2529700790072266			
PID_PS1_PATHWAY	-0.25297560444223377			
MIR6798_3P	-0.2530593567862919			
MIR6851_5P	-0.2531521113629253			
MCGOWAN_RSP6_TARGETS_DN	-0.2531794985853896			
GSE15930_NAIVE_VS_48H_IN_VITRO_STIM_IL12_CD8_TCELL_UP	-0.25321204247980605			
GO_PROGESTERONE_RECEPTOR_SIGNALING_PATHWAY	-0.2532673159575461			
PEREZ_TP53_TARGETS	-0.25327727707121633			
GO_UDP_GLUCOSE_METABOLIC_PROCESS	-0.2532966305355338			
GO_AMINE_TRANSPORT	-0.25330105736769365			
GSE33162_UNTREATED_VS_4H_LPS_STIM_HDAC3_HET_MACROPHAGE_UP	-0.25330499937964457			
MIR1207_5P	-0.25331748153579636			
GO_BHLH_TRANSCRIPTION_FACTOR_BINDING	-0.2533398197687404			
GSE11818_WT_VS_DICER_KO_TREG_UP	-0.25335292349037897			
MIR665	-0.2533615753661904			
GO_SYMPATHETIC_NERVOUS_SYSTEM_DEVELOPMENT	-0.2533720893888677			
GO_AMYLOID_BETA_CLEARANCE_BY_TRANSCYTOSIS	-0.2534082833794829			
GO_LIPID_HOMEOSTASIS	-0.2534505798779517			
GO_DEOXYRIBONUCLEOSIDE_TRIPHOSPHATE_METABOLIC_PROCESS	-0.25345199011176267			
REACTOME_INTEGRATION_OF_ENERGY_METABOLISM	-0.253459829146187			
MIR6811_3P	-0.25348147504360885			
GO_ANCHORED_COMPONENT_OF_MEMBRANE	-0.2535438627323045			
SCHAEFFER_PROSTATE_DEVELOPMENT_AND_CANCER_BOX5_UP	-0.2535474004928085			
GO_LOW_DENSITY_LIPOPROTEIN_PARTICLE_RECEPTOR_BINDING	-0.25362483750343723			
GO_THIOESTER_BIOSYNTHETIC_PROCESS	-0.2536409611542838			
GSE13762_CTRL_VS_125_VITAMIND_DAY5_DC_DN	-0.25364877030107635			
GO_PROMOTER_SPECIFIC_CHROMATIN_BINDING	-0.2536939680741131			
GO_DENDRITIC_SPINE_NECK	-0.2537032811859557			
GO_RECOGNITION_OF_APOPTOTIC_CELL	-0.25373200772200905			
REACTOME_FREE_FATTY_ACIDS_REGULATE_INSULIN_SECRETION	-0.2537462425471533			
GO_NEGATIVE_REGULATION_OF_RELAXATION_OF_MUSCLE	-0.25382172097871497			
GO_BRANCHING_INVOLVED_IN_PROSTATE_GLAND_MORPHOGENESIS	-0.2538238936702781			
PAX_Q6	-0.25384835198152517			
RUAN_RESPONSE_TO_TNF_TROGLITAZONE_DN	-0.25386589936704046			
GO_EMBRYONIC_ORGAN_MORPHOGENESIS	-0.25387231767105206			
GO_NEGATIVE_REGULATION_OF_CELL_FATE_COMMITMENT	-0.25391627009603224			
chr16q12	-0.2539170679324705			
chr2p25	-0.25396547492692545			
GO_DENDRITIC_GROWTH_CONE	-0.2540242543431377			
GO_SPHINGOLIPID_TRANSPORTER_ACTIVITY	-0.25405728982429			
ACACTGG_MIR199A_MIR199B	-0.2540655132389208			
GO_RENAL_VESICLE_DEVELOPMENT	-0.25409273533794624			
MIR6780B_5P	-0.25411428814456016			
MIR4299	-0.25413351475510865			
GO_RNA_STEM_LOOP_BINDING	-0.2541670595968169			
GO_G_PROTEIN_COUPLED_SEROTONIN_RECEPTOR_BINDING	-0.25419037472991335			
GSE36078_UNTREATED_VS_AD5_INF_MOUSE_LUNG_DC_UP	-0.25419924971422625			
BILD_E2F3_ONCOGENIC_SIGNATURE	-0.254209475591559			
GO_RESPONSE_TO_HYDROPEROXIDE	-0.254261208485806			
IPA_ETV1_UP	-0.2542912972677736			
YANG_BREAST_CANCER_ESR1_DN	-0.25430064704650945			
BENPORATH_PRC2_TARGETS	-0.25430373079187724			
PID_ARF6_DOWNSTREAM_PATHWAY	-0.2544054546229905			
GO_ACID_SECRETION	-0.25440775844142927			
IPA_HOXD8_UP	-0.2544171074744432			
GO_NOREPINEPHRINE_BIOSYNTHETIC_PROCESS	-0.2544604872282548			
GO_ANTERIOR_POSTERIOR_PATTERN_SPECIFICATION	-0.25447687742365244			
GO_POSITIVE_REGULATION_OF_HISTONE_H4_ACETYLATION	-0.2544941405434062			
GO_MAINTENANCE_OF_DNA_REPEAT_ELEMENTS	-0.25451286805386236			
GSE5589_WT_VS_IL10_KO_LPS_AND_IL6_STIM_MACROPHAGE_45MIN_UP	-0.2545156133085015			
REACTOME_OXIDATIVE_STRESS_INDUCED_SENESCENCE	-0.25452952594371525			
LMO2COM_02	-0.2545453345135717			
GO_HIPPOCAMPAL_MOSSY_FIBER_TO_CA3_SYNAPSE	-0.2545547043917078			
GO_RNA_POLYMERASE_III_TYPE_1_PROMOTER_DNA_BINDING	-0.2545745792062777			
GO_CYTOSKELETON_DEPENDENT_INTRACELLULAR_TRANSPORT	-0.2545829765518328			
IPA_THRB_UP	-0.2545867588963221			
ZHOU_CELL_CYCLE_GENES_IN_IR_RESPONSE_2HR	-0.2545943847187806			
GO_RAB_GTPASE_BINDING	-0.2546164596662608			
GO_SIGNAL_TRANSDUCTION_INVOLVED_IN_CELLULAR_RESPONSE_TO_AMMONIUM_ION	-0.2546390861882209			
STEIN_ESR1_TARGETS	-0.25466877628084145			
REACTOME_FICOLINS_BIND_TO_REPETITIVE_CARBOHYDRATE_STRUCTURES_ON_THE_TARGET_CELL_SURFACE	-0.25467771960353053			
GO_POSITIVE_REGULATION_OF_INTERLEUKIN_8_SECRETION	-0.25482924085554565			
MIR6795_3P	-0.25486329694056886			
GO_REGULATION_OF_PH	-0.2548706878854435			
GSE18281_SUBCAPSULAR_CORTICAL_REGION_VS_WHOLE_CORTEX_THYMUS_UP	-0.2548956618776945			
FOXN3_TARGET_GENES	-0.254945030008996			
MIR4641	-0.2549726242582406			
GO_PERIPHERAL_NERVOUS_SYSTEM_DEVELOPMENT	-0.25498690353644604			
IVANOVA_HEMATOPOIESIS_STEM_CELL_AND_PROGENITOR	-0.254997564719236			
NKX25_01	-0.2550028207568043			
GO_AMMONIUM_ION_BINDING	-0.25502544589500487			
REACTOME_PHENYLALANINE_AND_TYROSINE_METABOLISM	-0.2550262435147333			
MARTINEZ_RB1_AND_TP53_TARGETS_DN	-0.25507095351611264			
GO_SECONDARY_HEART_FIELD_SPECIFICATION	-0.2551818448244567			
GO_NEGATIVE_REGULATION_OF_PROTEIN_LOCALIZATION_TO_NUCLEUS	-0.25519165210636874			
GO_NEGATIVE_REGULATION_OF_PROTEIN_CONTAINING_COMPLEX_ASSEMBLY	-0.25524255755572495			
GO_REGULATION_OF_PROTEIN_GLYCOSYLATION	-0.25528966380545975			
REACTOME_ERKS_ARE_INACTIVATED	-0.25535055491549186			
E12_Q6	-0.2553791195739334			
RAMJAUN_APOPTOSIS_BY_TGFB1_VIA_MAPK1_DN	-0.2553853992406374			
IPA_EGR3_UP	-0.2553971741871199			
GO_DYNEIN_COMPLEX	-0.2554660377939262			
MIR122B_3P	-0.25547128345179154			
SCHAEFFER_SOX9_TARGETS_IN_PROSTATE_DEVELOPMENT_UP	-0.2554868067579644			
GO_CLATHRIN_SCULPTED_MONOAMINE_TRANSPORT_VESICLE	-0.2554980096147672			
GSE360_DC_VS_MAC_L_MAJOR_UP	-0.25558167487109457			
MIR4271	-0.2556017051429869			
REACTOME_INSULIN_RECEPTOR_RECYCLING	-0.255612877466189			
TGAYRTCA_ATF3_Q6	-0.2556492149641762			
MIR1295B_5P	-0.2556616859058253			
GO_OXIDOREDUCTASE_ACTIVITY_ACTING_ON_PAIRED_DONORS_WITH_INCORPORATION_OR_REDUCTION_OF_MOLECULAR_OXYGEN_REDUCED_IRON_SULFUR_PROTEIN_AS_ONE_DONOR_AND_INCORPORATION_OF_ONE_ATOM_OF_OXYGEN	-0.2556827085373677			
MIR302E	-0.25572474618433566			
GSE11057_NAIVE_VS_MEMORY_CD4_TCELL_UP	-0.2557372831821092			
IPA_GATA2_DN	-0.25576955428159714			
GO_KAINATE_SELECTIVE_GLUTAMATE_RECEPTOR_ACTIVITY	-0.255777229902337			
GO_KAINATE_SELECTIVE_GLUTAMATE_RECEPTOR_COMPLEX	-0.255777229902337			
LIU_TARGETS_OF_VMYB_VS_CMYB_UP	-0.25580757457725994			
ZNF37A_TARGET_GENES	-0.25581236718419886			
REACTOME_INTRINSIC_PATHWAY_OF_FIBRIN_CLOT_FORMATION	-0.2558470761901331			
CADWELL_ATG16L1_TARGETS_UP	-0.255848802064555			
ZNF548_TARGET_GENES	-0.25589100705733686			
GO_SCHWANN_CELL_DEVELOPMENT	-0.25591591661653645			
GO_CELLULAR_AMINO_ACID_BIOSYNTHETIC_PROCESS	-0.2559454703411761			
REACTOME_AQUAPORIN_MEDIATED_TRANSPORT	-0.25598457067861236			
MIR4640_5P	-0.25612291451407626			
GO_EPINEPHRINE_BINDING	-0.2561900604282839			
GO_REGULATION_BY_VIRUS_OF_VIRAL_PROTEIN_LEVELS_IN_HOST_CELL	-0.25619203700287435			
ARGGGTTAA_UNKNOWN	-0.25619883907648167			
GO_ADENYLATE_CYCLASE_ACTIVATING_DOPAMINE_RECEPTOR_SIGNALING_PATHWAY	-0.2562046279593325			
REACTOME_AMYLOID_FIBER_FORMATION	-0.25623249736183684			
RICKMAN_HEAD_AND_NECK_CANCER_A	-0.2562533085829061			
GO_REGULATION_OF_PROTEIN_CATABOLIC_PROCESS_IN_THE_VACUOLE	-0.25630040390246306			
MIR6810_5P	-0.25633586615320875			
GO_ESTROGEN_RECEPTOR_ACTIVITY	-0.2563388434397517			
GO_ORGANELLE_TRANSPORT_ALONG_MICROTUBULE	-0.256417054740459			
CHEN_HOXA5_TARGETS_9HR_DN	-0.2564856691456473			
MIR5695	-0.25652972796228635			
MIR33B_3P	-0.25653809550128914			
GO_PHOSPHATIDYLCHOLINE_BIOSYNTHETIC_PROCESS	-0.25653949267412873			
GO_CHONDROITIN_SULFATE_BINDING	-0.25654662334080613			
DOANE_RESPONSE_TO_ANDROGEN_UP	-0.256547439404914			
MIR4779	-0.2565709224985685			
SMID_BREAST_CANCER_BASAL_DN	-0.2565752950004888			
IPA_PAX3_UP	-0.25662449542857635			
GO_ACTIN_BASED_CELL_PROJECTION	-0.2566647595517685			
CHIANG_LIVER_CANCER_SUBCLASS_PROLIFERATION_DN	-0.2566678221980899			
MEISSNER_NPC_HCP_WITH_H3K4ME3_AND_H3K27ME3	-0.25667095585322364			
REACTOME_PTK6_REGULATES_CELL_CYCLE	-0.2567286476293897			
WILLIAMS_ESR1_TARGETS_UP	-0.2569428063894356			
REACTOME_MAPK_TARGETS_NUCLEAR_EVENTS_MEDIATED_BY_MAP_KINASES	-0.25697857234703153			
GO_POSITIVE_REGULATION_OF_LONG_TERM_SYNAPTIC_POTENTIATION	-0.25703986796981054			
BIOCARTA_LIS1_PATHWAY	-0.25711548392649636			
XU_GH1_AUTOCRINE_TARGETS_DN	-0.257168452752492			
ELLWOOD_MYC_TARGETS_DN	-0.2572147635435833			
GO_IONOTROPIC_GLUTAMATE_RECEPTOR_BINDING	-0.25725216658784616			
GO_BASEMENT_MEMBRANE_ASSEMBLY	-0.2572761508191491			
GO_DIGESTIVE_TRACT_MORPHOGENESIS	-0.2572849102820983			
IPA_LEF1_UP	-0.25730763229636494			
GO_STRUCTURAL_CONSTITUENT_OF_CYTOSKELETON	-0.25737685961535595			
SCHAEFFER_PROSTATE_DEVELOPMENT_AND_CANCER_BOX4_DN	-0.25747827015277364			
GO_H3_HISTONE_ACETYLTRANSFERASE_ACTIVITY	-0.25750964279824223			
GO_POTASSIUM_ION_LEAK_CHANNEL_ACTIVITY	-0.2575145237877696			
GO_REGULATION_OF_HEMATOPOIETIC_STEM_CELL_PROLIFERATION	-0.25771698205051835			
chr1p34	-0.25775069520730814			
CP2_02	-0.25775324096910734			
GO_PEPTIDYL_L_CYSTEINE_S_PALMITOYLATION	-0.2578150342544356			
GO_ESTROGEN_RECEPTOR_BINDING	-0.25782984041508133			
GSE46242_TH1_VS_ANERGIC_TH1_CD4_TCELL_DN	-0.2578362323808035			
GO_PYRUVATE_FAMILY_AMINO_ACID_METABOLIC_PROCESS	-0.2578416186418775			
GO_NUCLEAR_RECEPTOR_BINDING	-0.2578416607689555			
MIR1180_5P	-0.2578691915086328			
BIOCARTA_AGR_PATHWAY	-0.258017336643586			
MIR6784_3P	-0.2580326936624978			
REACTOME_PKA_ACTIVATION_IN_GLUCAGON_SIGNALLING	-0.25806281604773973			
GO_DENDRITE_TERMINUS	-0.25810459357086774			
GO_RESPONSE_TO_CELL_CYCLE_CHECKPOINT_SIGNALING	-0.258179726715777			
GO_HORMONE_MEDIATED_SIGNALING_PATHWAY	-0.25821337789335835			
GO_NUCLEOSIDE_BISPHOSPHATE_BIOSYNTHETIC_PROCESS	-0.2582630444916434			
GO_ENDOSOME_TO_PLASMA_MEMBRANE_PROTEIN_TRANSPORT	-0.25829321831220364			
REACTOME_TRAFFICKING_OF_MYRISTOYLATED_PROTEINS_TO_THE_CILIUM	-0.25834773018746093			
REACTOME_SIGNALING_BY_FGFR4_IN_DISEASE	-0.2583999470453648			
GO_NERVE_DEVELOPMENT	-0.25845512925154474			
GSE37301_MULTIPOTENT_PROGENITOR_VS_RAG2_KO_NK_CELL_UP	-0.2584666609933586			
DELPUECH_FOXO3_TARGETS_DN	-0.2584919030274702			
ACEVEDO_LIVER_CANCER_DN	-0.2585619511625297			
NELSON_RESPONSE_TO_ANDROGEN_UP	-0.25858616433324144			
GSE37605_TREG_VS_TCONV_C57BL6_FOXP3_IRES_GFP_UP	-0.25863627290438873			
PPARA_02	-0.25866317274771394			
SCHEIDEREIT_IKK_TARGETS	-0.2586765838145566			
GSE5099_MONOCYTE_VS_CLASSICAL_M1_MACROPHAGE_UP	-0.2587219732991887			
GO_SOMATIC_STEM_CELL_POPULATION_MAINTENANCE	-0.25875932805739355			
HUANG_DASATINIB_RESISTANCE_DN	-0.25877093925861444			
GSE19825_NAIVE_VS_IL2RALOW_DAY3_EFF_CD8_TCELL_UP	-0.25882226067240366			
GSE13485_DAY1_VS_DAY7_YF17D_VACCINE_PBMC_UP	-0.25883556733999435			
GO_ADULT_LOCOMOTORY_BEHAVIOR	-0.2590300506097695			
TEF1_Q6	-0.25907309845750254			
GO_NEUROTRANSMITTER_SODIUM_SYMPORTER_ACTIVITY	-0.2591594815620886			
GO_L_PHENYLALANINE_METABOLIC_PROCESS	-0.2592068877459806			
GO_BETA_2_ADRENERGIC_RECEPTOR_BINDING	-0.2592354682254086			
KOINUMA_COLON_CANCER_MSI_DN	-0.2593098169818475			
GO_THYMUS_DEVELOPMENT	-0.2593878068161919			
MIR6747_3P	-0.2593960755041671			
REACTOME_ATTACHMENT_OF_GPI_ANCHOR_TO_UPAR	-0.25943405118923285			
GO_DOPAMINE_NEUROTRANSMITTER_RECEPTOR_ACTIVITY	-0.25943440612092106			
PETRETTO_BLOOD_PRESSURE_DN	-0.2594594074699117			
GO_HEPATICOBILIARY_SYSTEM_DEVELOPMENT	-0.25949096083002127			
GO_MAMMARY_GLAND_EPITHELIUM_DEVELOPMENT	-0.2595043343375678			
GO_HISTONE_H3_K4_DEMETHYLATION	-0.25955874234857285			
GSE22025_UNTREATED_VS_TGFB1_AND_PROGESTERONE_TREATED_CD4_TCELL_UP	-0.25963737321702424			
GO_GLUTATHIONE_TRANSFERASE_ACTIVITY	-0.259684753674844			
REACTOME_ATF6_ATF6_ALPHA_ACTIVATES_CHAPERONE_GENES	-0.2597039502654478			
GO_LENS_MORPHOGENESIS_IN_CAMERA_TYPE_EYE	-0.25970666507009477			
IPA_TBP_DN	-0.25996320528169947			
IPA_BDP1_DN	-0.25996320528169947			
BIOCARTA_P35ALZHEIMERS_PATHWAY	-0.2599748591609581			
GO_EAR_DEVELOPMENT	-0.25998175870704493			
GO_OTIC_VESICLE_DEVELOPMENT	-0.2600670983409587			
REACTOME_RAS_ACTIVATION_UPON_CA2_INFLUX_THROUGH_NMDA_RECEPTOR	-0.26013674750176186			
GO_INTERMEDIATE_FILAMENT_ORGANIZATION	-0.2601637947077611			
GO_INNER_EAR_RECEPTOR_CELL_DEVELOPMENT	-0.26019530268421504			
GROSS_HYPOXIA_VIA_ELK3_UP	-0.26021660188553075			
HNF4ALPHA_Q6	-0.2602350426992629			
GO_MITRAL_VALVE_DEVELOPMENT	-0.2602586853752766			
GO_CERAMIDE_TRANSPORT	-0.26030910643100064			
MAGRANGEAS_MULTIPLE_MYELOMA_IGG_VS_IGA_DN	-0.2603724832002983			
IPA_RXRA_UP	-0.26038544955226756			
GSE17721_CTRL_VS_POLYIC_12H_BMDC_UP	-0.2604448473129827			
MIR6837_5P	-0.26046930792738293			
GO_OPIOID_RECEPTOR_ACTIVITY	-0.2604720882184332			
GO_INHIBITORY_POSTSYNAPTIC_POTENTIAL	-0.2605286289024184			
IPA_TADA3_UP	-0.2605835962871329			
chr15q26	-0.26063445872485436			
MIR1224_3P	-0.2607020255184727			
GO_UBIQUITIN_DEPENDENT_ENDOCYTOSIS	-0.2607217284386505			
REACTOME_NR1H2_NR1H3_REGULATE_GENE_EXPRESSION_LINKED_TO_LIPOGENESIS	-0.2607694443095916			
GO_STEROL_HOMEOSTASIS	-0.2608901014190762			
GO_SECONDARY_METABOLITE_BIOSYNTHETIC_PROCESS	-0.2609033307875664			
GSE21670_UNTREATED_VS_TGFB_TREATED_STAT3_KO_CD4_TCELL_UP	-0.2609307040444734			
GO_REGIONALIZATION	-0.26094370446993137			
GSE40274_EOS_VS_FOXP3_AND_EOS_TRANSDUCED_ACTIVATED_CD4_TCELL_DN	-0.2609874535630089			
TTCCGTT_MIR191	-0.2609896512539702			
GO_POSITIVE_REGULATION_OF_HYDROGEN_PEROXIDE_BIOSYNTHETIC_PROCESS	-0.2611630694326166			
GO_REGULATION_OF_HISTONE_METHYLATION	-0.26121906797539735			
VALK_AML_CLUSTER_8	-0.26124981646926754			
GO_POSITIVE_REGULATION_OF_CALCIUM_ION_IMPORT	-0.26125504141803024			
REACTOME_ESTROGEN_DEPENDENT_GENE_EXPRESSION	-0.2612905052481302			
GO_PH_REDUCTION	-0.26131152191060786			
GO_CLATHRIN_COATED_PIT	-0.2613519959402059			
GO_CARDIAC_NEURAL_CREST_CELL_DIFFERENTIATION_INVOLVED_IN_HEART_DEVELOPMENT	-0.26136172632875887			
GSE26495_NAIVE_VS_PD1LOW_CD8_TCELL_UP	-0.2614306637875083			
IPA_FOXA1_UP	-0.2615038081694566			
BERNARD_PPAPDC1B_TARGETS_DN	-0.2615041025454452			
CHARAFE_BREAST_CANCER_LUMINAL_VS_BASAL_UP	-0.26151975216544576			
GO_PANCREATIC_A_CELL_DIFFERENTIATION	-0.26156038551636884			
GO_CELLULAR_SODIUM_ION_HOMEOSTASIS	-0.2615776601484723			
GO_NEGATIVE_REGULATION_OF_GLIOGENESIS	-0.2616005613819685			
GO_NEGATIVE_REGULATION_OF_BILE_ACID_METABOLIC_PROCESS	-0.2616185069838365			
REACTOME_NETRIN_MEDIATED_REPULSION_SIGNALS	-0.26167197990838614			
ZNF257_TARGET_GENES	-0.2616797660728069			
GO_RNA_7_METHYLGUANOSINE_CAP_BINDING	-0.26169830034566594			
MIR4651	-0.26174047383020677			
GO_REGULATION_OF_MRNA_BINDING	-0.2619061058198263			
IPA_ZNF552_DN	-0.26192710925544904			
TTF1_Q6	-0.261941431087318			
GO_PHOSPHATIDYLETHANOLAMINE_BINDING	-0.2619591081710391			
FOURNIER_ACINAR_DEVELOPMENT_LATE_DN	-0.26209831683286333			
FARMER_BREAST_CANCER_CLUSTER_6	-0.26229354059945836			
SMAD3_Q6	-0.2623417004919484			
MIR9903	-0.2625216039660824			
GO_POSITIVE_REGULATION_OF_LYASE_ACTIVITY	-0.2625555411518978			
GO_PROTON_TRANSPORTING_V_TYPE_ATPASE_V1_DOMAIN	-0.26259142464627644			
GO_MITOTIC_SISTER_CHROMATID_COHESION	-0.26264171357225663			
GO_PROTEIN_DEGLYCOSYLATION	-0.262650935233651			
PKCA_DN.V1_UP	-0.2626511199526197			
MIR125A_5P	-0.26268002394717666			
GO_VENTRAL_SPINAL_CORD_DEVELOPMENT	-0.2626828396685203			
MIR548AL	-0.26278569045760214			
GO_CERAMIDE_BINDING	-0.2630718132998955			
ACAWYAAAG_UNKNOWN	-0.263082460211518			
GO_ADENYLATE_CYCLASE_INHIBITING_ADRENERGIC_RECEPTOR_SIGNALING_PATHWAY	-0.2630962947506676			
MIR7703	-0.26314351709555617			
MIR125B_5P	-0.263269477889185			
MIR6515_5P	-0.2633000233306235			
GO_SYNAPTIC_VESICLE_EXOCYTOSIS	-0.26330274666655046			
MIR5739	-0.26332748539611456			
GO_VERY_LONG_CHAIN_FATTY_ACID_METABOLIC_PROCESS	-0.26334582262926753			
GSE22589_SIV_VS_HIV_AND_SIV_INFECTED_DC_DN	-0.263379524634963			
MIR6798_5P	-0.26344196464860464			
GO_FILOPODIUM	-0.2636092349581041			
GO_REGULATION_OF_ESTABLISHMENT_OF_PLANAR_POLARITY	-0.2636431616100897			
GO_VOLTAGE_GATED_CALCIUM_CHANNEL_COMPLEX	-0.2637350869106718			
AR_03	-0.26376652022299485			
MIR6742_5P	-0.2637679620649319			
MIR11181_3P	-0.26382441958512665			
VANTVEER_BREAST_CANCER_ESR1_UP	-0.2638577468034262			
CHANDRAN_METASTASIS_DN	-0.263911065159723			
GO_REGULATION_OF_BASEMENT_MEMBRANE_ASSEMBLY_INVOLVED_IN_EMBRYONIC_BODY_MORPHOGENESIS	-0.2640885900948585			
GO_PROTEIN_LOCALIZATION_TO_PHOTORECEPTOR_OUTER_SEGMENT	-0.2641459146807533			
GO_NUCLEOSIDE_BISPHOSPHATE_METABOLIC_PROCESS	-0.26421885744136187			
GSE18281_PERIMEDULLARY_CORTICAL_REGION_VS_WHOLE_CORTEX_THYMUS_UP	-0.2642464873181736			
GSE13485_CTRL_VS_DAY1_YF17D_VACCINE_PBMC_DN	-0.2642654994278788			
PBRM1_TARGET_GENES	-0.2643642596274251			
STEIN_ESTROGEN_RESPONSE_NOT_VIA_ESRRA	-0.26441847295087967			
MIR3678_3P	-0.26448426146834414			
GO_LYSOSOMAL_LUMEN_ACIDIFICATION	-0.2644986687112345			
GO_MAMMARY_GLAND_BRANCHING_INVOLVED_IN_PREGNANCY	-0.26456868626297775			
GO_ENUCLEATE_ERYTHROCYTE_DIFFERENTIATION	-0.2645963219265681			
GO_ANTERIOR_POSTERIOR_AXIS_SPECIFICATION	-0.26463972623491877			
REACTOME_ESR_MEDIATED_SIGNALING	-0.2646979721916829			
GO_POSITIVE_REGULATION_OF_PROTEIN_GLYCOSYLATION	-0.2647413116768415			
GSE17721_CTRL_VS_CPG_6H_BMDC_UP	-0.26475593384486035			
MIR519E_3P	-0.26476282356512204			
GO_ORGANIC_ACID_CATABOLIC_PROCESS	-0.26479227368790637			
KEGG_BASAL_CELL_CARCINOMA	-0.26479453868145936			
VERHAAK_GLIOBLASTOMA_CLASSICAL	-0.2648670613939431			
GSE13306_TREG_VS_TCONV_UP	-0.2649203295144855			
GO_MAMMARY_GLAND_DUCT_MORPHOGENESIS	-0.264923015376286			
MIR6842_5P	-0.26502191693444355			
GO_POSITIVE_REGULATION_OF_INHIBITORY_POSTSYNAPTIC_POTENTIAL	-0.2651016491534194			
GO_BRANCHING_INVOLVED_IN_MAMMARY_GLAND_DUCT_MORPHOGENESIS	-0.26514442217954626			
GO_THIOESTER_METABOLIC_PROCESS	-0.2651630447789123			
GO_GLAND_DEVELOPMENT	-0.26519537982549			
IPA_MSX1_UP	-0.2651989407418223			
GO_EMBRYONIC_HINDLIMB_MORPHOGENESIS	-0.2652040279485943			
WANG_LMO4_TARGETS_UP	-0.2653190200442946			
GO_MYELIN_SHEATH_ADAXONAL_REGION	-0.2653536060263454			
GO_PHOSPHOLIPASE_C_ACTIVATING_DOPAMINE_RECEPTOR_SIGNALING_PATHWAY	-0.2653968030727186			
GO_OTIC_VESICLE_MORPHOGENESIS	-0.2654685226420511			
ZHANG_ADIPOGENESIS_BY_BMP7	-0.26553193302195477			
GO_POSITIVE_REGULATION_OF_INTRACELLULAR_STEROID_HORMONE_RECEPTOR_SIGNALING_PATHWAY	-0.26569449097723974			
GSE32423_MEMORY_VS_NAIVE_CD8_TCELL_IL7_IL4_UP	-0.2657277875619574			
CAIRO_HEPATOBLASTOMA_UP	-0.26572913481064364			
GSE21033_3H_VS_12H_POLYIC_STIM_DC_DN	-0.26579783101896987			
GO_DIGESTIVE_SYSTEM_DEVELOPMENT	-0.26580324151412116			
GSE26343_WT_VS_NFAT5_KO_MACROPHAGE_LPS_STIM_UP	-0.26583351028391883			
ESC_V6.5_UP_LATE.V1_UP	-0.2658792866394919			
TGCCAAR_NF1_Q6	-0.265900627301388			
IPA_ESR1_UP	-0.265939141572672			
GSE22935_24H_VS_48H_MBOVIS_BCG_STIM_MYD88_KO_MACROPHAGE_DN	-0.26606744744808913			
GO_CORTICOTROPIN_RELEASING_HORMONE_RECEPTOR_BINDING	-0.2661211726775414			
GO_REGULATION_OF_HISTONE_H4_ACETYLATION	-0.2661521273026671			
MEISSNER_NPC_HCP_WITH_H3K27ME3	-0.26619339465414427			
GO_REGULATION_OF_INTRACELLULAR_STEROID_HORMONE_RECEPTOR_SIGNALING_PATHWAY	-0.2662385537388315			
MIR558	-0.2665351918404138			
GO_GLYCOGEN_GRANULE	-0.2667724957098666			
WNT_SIGNALING	-0.2667776960168804			
GO_REGULATION_OF_PROTEIN_ACETYLATION	-0.2667787526647083			
GO_CELL_CELL_SIGNALING_BY_WNT	-0.2667913196081999			
GO_RESPONSE_TO_METHYLMERCURY	-0.26681472258616684			
GO_MAMMARY_GLAND_DEVELOPMENT	-0.2668500224325537			
GO_MAMMARY_GLAND_MORPHOGENESIS	-0.26704245353601574			
MIR515_3P	-0.2671338378760971			
GO_ACTIN_DEPENDENT_ATPASE_ACTIVITY	-0.2673273942831024			
DEBIASI_APOPTOSIS_BY_REOVIRUS_INFECTION_DN	-0.2676310590134109			
GO_ATF6_MEDIATED_UNFOLDED_PROTEIN_RESPONSE	-0.26763980731023357			
GO_SEX_CHROMATIN	-0.2677584509979768			
GO_RETINOIC_ACID_BINDING	-0.26779339292822874			
GO_DORSAL_VENTRAL_PATTERN_FORMATION	-0.267890124966141			
DUTERTRE_ESTRADIOL_RESPONSE_6HR_UP	-0.26790744597611027			
GO_NETRIN_RECEPTOR_ACTIVITY	-0.26798177167079285			
REACTOME_CHREBP_ACTIVATES_METABOLIC_GENE_EXPRESSION	-0.26814689157321436			
GO_MATING_BEHAVIOR	-0.26816535563247446			
HEIDENBLAD_AMPLIFIED_IN_PANCREATIC_CANCER	-0.268192310559942			
GO_AMMONIUM_TRANSPORT	-0.2682150741772102			
GO_NEPHRON_MORPHOGENESIS	-0.26850447301853114			
GO_RNA_POLYMERASE_II_CTD_HEPTAPEPTIDE_REPEAT_PHOSPHATASE_ACTIVITY	-0.2685584531178111			
REACTOME_TRNA_MODIFICATION_IN_THE_MITOCHONDRION	-0.26858452758333634			
GO_POSITIVE_REGULATION_OF_NERVOUS_SYSTEM_PROCESS	-0.26860448658921615			
MIR4758_3P	-0.26874175654646604			
IPA_MTA2_DN	-0.2687708979003692			
IPA_ARNTL_DN	-0.2687708979003692			
GO_REGULATION_OF_OSTEOBLAST_DIFFERENTIATION	-0.2687809520437394			
GSE18281_PERIMEDULLARY_CORTICAL_REGION_VS_WHOLE_MEDULLA_THYMUS_DN	-0.268837448058604			
SMID_BREAST_CANCER_LUMINAL_B_UP	-0.26887189305354214			
REACTOME_EGR2_AND_SOX10_MEDIATED_INITIATION_OF_SCHWANN_CELL_MYELINATION	-0.2689578179197671			
GO_INTRACELLULAR_RECEPTOR_SIGNALING_PATHWAY	-0.2690553253515954			
GO_GAMMA_AMINOBUTYRIC_ACID_SECRETION	-0.2691868722968889			
GO_INNER_EAR_MORPHOGENESIS	-0.2693026559814786			
GO_NEGATIVE_REGULATION_OF_MAPK_CASCADE	-0.26931308292455997			
IPA_CDX1_DN	-0.2694327773569184			
PID_P38_GAMMA_DELTA_PATHWAY	-0.26946270190553673			
GO_RESPONSE_TO_FATTY_ACID	-0.2695215361839234			
REACTOME_FATTY_ACYL_COA_BIOSYNTHESIS	-0.26965271943176716			
GO_REGULATION_OF_GAMMA_AMINOBUTYRIC_ACID_SECRETION	-0.26966152295309503			
IPA_MAPK8IP1_UP	-0.27000572876384393			
BHAT_ESR1_TARGETS_VIA_AKT1_UP	-0.2700570853202665			
PPARA_01	-0.2701341515468731			
PID_IGF1_PATHWAY	-0.2701399322660792			
GO_CANONICAL_WNT_SIGNALING_PATHWAY	-0.27035251545767297			
LIU_PROSTATE_CANCER_UP	-0.27035937194567317			
IPA_MAFB_UP	-0.2705709162662866			
REACTOME_REGULATION_OF_LIPID_METABOLISM_BY_PPARALPHA	-0.27066679582360464			
GSE2935_UV_INACTIVATED_VS_LIVE_SENDAI_VIRUS_INF_MACROPHAGE_UP	-0.27087812301073033			
PID_ERBB1_RECEPTOR_PROXIMAL_PATHWAY	-0.2710476341840415			
GSE25123_WT_VS_PPARG_KO_MACROPHAGE_IL4_STIM_UP	-0.2711818365946588			
GSE6259_FLT3L_INDUCED_DEC205_POS_DC_VS_CD4_TCELL_DN	-0.27136359313821584			
ACCTGTTG_UNKNOWN	-0.27145677611346647			
REACTOME_SIGNALING_BY_ERBB2_ECD_MUTANTS	-0.2715196844294431			
GO_REGULATION_OF_OLIGODENDROCYTE_DIFFERENTIATION	-0.27159504344700053			
MOHANKUMAR_HOXA1_TARGETS_UP	-0.27172151971501524			
GO_EAR_MORPHOGENESIS	-0.2717373061813129			
HOX13_01	-0.27215723922054585			
MIR345_3P	-0.2722329377589568			
chr17q11	-0.27237677218447165			
GO_POLYSACCHARIDE_BIOSYNTHETIC_PROCESS	-0.27238172566268093			
GO_DEATH_RECEPTOR_BINDING	-0.27241822407251226			
MIR765	-0.27260694942856983			
TURASHVILI_BREAST_NORMAL_DUCTAL_VS_LOBULAR_DN	-0.27264947517933913			
MIR6876_5P	-0.2728549693150086			
GO_CALCIUM_ION_REGULATED_EXOCYTOSIS_OF_NEUROTRANSMITTER	-0.273006383122585			
IPA_FOXP1_UP	-0.27301172458760997			
GSE15750_WT_VS_TRAF6KO_DAY10_EFF_CD8_TCELL_DN	-0.27305740028337394			
GO_THIAMINE_PYROPHOSPHATE_BINDING	-0.27323650107506053			
GO_CELL_PROLIFERATION_INVOLVED_IN_HEART_MORPHOGENESIS	-0.2733005224114835			
RAF_UP.V1_DN	-0.2733894460884733			
GO_DOPAMINE_RECEPTOR_SIGNALING_PATHWAY	-0.27346217929135724			
GO_SOMATOSTATIN_RECEPTOR_ACTIVITY	-0.2735155678838534			
GO_SOMATOSTATIN_RECEPTOR_SIGNALING_PATHWAY	-0.2735155678838534			
MIKKELSEN_NPC_HCP_WITH_H3K27ME3	-0.27355761114160465			
GO_NEGATIVE_REGULATION_OF_B_CELL_DIFFERENTIATION	-0.27357736937028454			
MIR7110_5P	-0.2736018452236779			
GO_NEURONAL_ION_CHANNEL_CLUSTERING	-0.2736454471872172			
GO_ALPHA_2A_ADRENERGIC_RECEPTOR_BINDING	-0.27374588418133244			
MIR1236_3P	-0.27382642386530426			
GO_MITOGEN_ACTIVATED_PROTEIN_KINASE_KINASE_KINASE_BINDING	-0.2738288509397905			
GO_ADULT_BEHAVIOR	-0.2738571551139491			
REACTOME_NEGATIVE_REGULATION_OF_NMDA_RECEPTOR_MEDIATED_NEURONAL_TRANSMISSION	-0.27391275076957267			
REACTOME_VXPX_CARGO_TARGETING_TO_CILIUM	-0.27391649383492384			
GO_NEURON_FATE_SPECIFICATION	-0.27425104562272495			
GO_PROSTAGLANDIN_E_RECEPTOR_ACTIVITY	-0.2743092032186028			
GO_CELL_FATE_DETERMINATION	-0.2743865392298804			
GCGCTTT_MIR518B_MIR518C_MIR518D	-0.2744097654030268			
GO_POSITIVE_REGULATION_OF_STEROL_TRANSPORT	-0.274439374338841			
REACTOME_LECTIN_PATHWAY_OF_COMPLEMENT_ACTIVATION	-0.274539550491603			
MIR4690_5P	-0.2745608873909772			
GO_DYNEIN_INTERMEDIATE_CHAIN_BINDING	-0.27456472870649556			
GO_REGULATION_OF_PRESYNAPTIC_MEMBRANE_POTENTIAL	-0.274605559409005			
GO_CLUSTERING_OF_VOLTAGE_GATED_SODIUM_CHANNELS	-0.2746937467902281			
GO_NUCLEAR_HORMONE_RECEPTOR_BINDING	-0.2746953066095656			
REACTOME_BETA_OXIDATION_OF_VERY_LONG_CHAIN_FATTY_ACIDS	-0.2747224258105061			
HALLMARK_MITOTIC_SPINDLE	-0.274821273419979			
GO_SYNAPTIC_VESICLE_MEMBRANE	-0.27487774198246084			
PID_BMP_PATHWAY	-0.274993612745147			
GO_GLANDULAR_EPITHELIAL_CELL_DIFFERENTIATION	-0.27514420349128504			
YANG_BREAST_CANCER_ESR1_UP	-0.2751765012370894			
MIR10526_3P	-0.2752310439369187			
BENPORATH_SUZ12_TARGETS	-0.2754114977220288			
GSE8621_UNSTIM_VS_LPS_STIM_MACROPHAGE_UP	-0.27570666627530016			
MIR6887_3P	-0.2757756917726037			
IPA_IRX4_DN	-0.2760459712154141			
GO_MONOAMINE_TRANSPORT	-0.2762147263666165			
MIR6839_5P	-0.2762543883119773			
GO_SCHWANN_CELL_MIGRATION	-0.27628877869648694			
BIOCARTA_ERAD_PATHWAY	-0.2764477529065786			
SMID_BREAST_CANCER_RELAPSE_IN_PLEURA_UP	-0.27667448077559353			
FINETTI_BREAST_CANCERS_KINOME_BLUE	-0.27681482005192115			
IPA_HES1_UP	-0.27685531638260164			
GSE10325_CD4_TCELL_VS_LUPUS_CD4_TCELL_UP	-0.2770892512817675			
GO_HINDLIMB_MORPHOGENESIS	-0.2772584872978129			
GO_TRACHEA_MORPHOGENESIS	-0.27759357765710363			
TCTCTCC_MIR185	-0.27766101781750524			
MIR132_5P	-0.2779225341045285			
REACTOME_VASOPRESSIN_REGULATES_RENAL_WATER_HOMEOSTASIS_VIA_AQUAPORINS	-0.2779746067248695			
GO_AXIS_SPECIFICATION	-0.2780018892820607			
GO_CALMODULIN_DEPENDENT_KINASE_SIGNALING_PATHWAY	-0.27820827809137705			
GO_CATECHOLAMINE_BIOSYNTHETIC_PROCESS	-0.27844276899004106			
BHAT_ESR1_TARGETS_NOT_VIA_AKT1_UP	-0.2784752671364175			
GSE37533_UNTREATED_VS_PIOGLIZATONE_TREATED_CD4_TCELL_PPARG2_AND_FOXP3_TRASDUCED_UP	-0.27857768065223415			
HALLMARK_ANDROGEN_RESPONSE	-0.27872729795346374			
MIKKELSEN_IPS_LCP_WITH_H3K4ME3_AND_H3K27ME3	-0.2787513740110306			
DR1_Q3	-0.278877920563483			
GO_CATECHOLAMINE_SECRETION	-0.2789173931739375			
GO_RESPONSE_TO_IRON_ION	-0.2792830957973745			
GO_REGULATION_OF_EMBRYONIC_DEVELOPMENT	-0.2793101046566374			
GO_ALPHA_GLUCOSIDASE_ACTIVITY	-0.2796574460559535			
GO_NEURON_FATE_COMMITMENT	-0.27990560431389755			
MARIADASON_REGULATED_BY_HISTONE_ACETYLATION_DN	-0.28001827496919773			
MIR764	-0.2802074776812607			
IPA_HEY1_DN	-0.2803331440937245			
SHANK_TAL1_TARGETS_DN	-0.2804121873087188			
LEE_LIVER_CANCER_SURVIVAL_UP	-0.28056285360901057			
KLF17_TARGET_GENES	-0.28065588723995666			
HNF4_DR1_Q3	-0.2806690943754337			
GO_NEGATIVE_REGULATION_OF_CATECHOLAMINE_SECRETION	-0.28089733918140214			
GO_ADRENERGIC_RECEPTOR_ACTIVITY	-0.28124275528242193			
GO_MAMMARY_GLAND_EPITHELIAL_CELL_DIFFERENTIATION	-0.28179958934987714			
GO_VENTRICULAR_COMPACT_MYOCARDIUM_MORPHOGENESIS	-0.281836863344942			
FARMER_BREAST_CANCER_CLUSTER_7	-0.2818803897546512			
GO_PLASMA_MEMBRANE_TO_ENDOSOME_TRANSPORT	-0.28194405235609044			
IPA_NEUROG2_UP	-0.2820826929844318			
FXR_IR1_Q6	-0.28212083406034205			
GO_SYNAPTIC_CLEFT	-0.28240673813271			
YANG_BREAST_CANCER_ESR1_LASER_UP	-0.2824394489024358			
BIOCARTA_RACCYCD_PATHWAY	-0.28255098694328895			
KEGG_MELANOGENESIS	-0.2826435771494781			
GO_POSITIVE_REGULATION_OF_RNA_BINDING	-0.28275470948379133			
MIR4319	-0.2828813527768			
GSE18281_CORTICAL_THYMOCYTE_VS_WHOLE_CORTEX_THYMUS_UP	-0.2833495705558582			
MIR9851_5P	-0.28364191310469666			
MASSARWEH_RESPONSE_TO_ESTRADIOL	-0.2841199822438852			
REACTOME_CONSTITUTIVE_SIGNALING_BY_LIGAND_RESPONSIVE_EGFR_CANCER_VARIANTS	-0.28441859465043323			
BCAT.100_UP.V1_UP	-0.2846050604390572			
GO_LIVER_REGENERATION	-0.2849195407052703			
AREB6_02	-0.2855804704259723			
GSE12707_AT16L1_HYPOMORPH_VS_WT_THYMUS_DN	-0.28560033224561804			
GO_REGULATION_OF_INTRACELLULAR_ESTROGEN_RECEPTOR_SIGNALING_PATHWAY	-0.28563704685484875			
BENPORATH_ES_WITH_H3K27ME3	-0.28666726889960353			
GO_PHENOL_CONTAINING_COMPOUND_BIOSYNTHETIC_PROCESS	-0.28737626969414315			
GSE27859_MACROPHAGE_VS_DC_DN	-0.28751797510640287			
GO_METANEPHRIC_NEPHRON_MORPHOGENESIS	-0.28774127084494094			
MIR7114_3P	-0.287931413154252			
GSE13306_TREG_RA_VS_TCONV_RA_DN	-0.2884357514754002			
GO_EXOCYTIC_VESICLE	-0.2892488213371818			
REACTOME_CONSTITUTIVE_SIGNALING_BY_EGFRVIII	-0.28934936585517584			
MEISSNER_NPC_HCP_WITH_H3K4ME2_AND_H3K27ME3	-0.28976674061456337			
GO_FRIZZLED_BINDING	-0.2899955288850581			
MASSARWEH_TAMOXIFEN_RESISTANCE_DN	-0.2900636965676372			
SMID_BREAST_CANCER_RELAPSE_IN_BONE_UP	-0.29011052862541903			
IPA_MTA1_DN	-0.29026261742860215			
GO_REGULATION_OF_PEPTIDYL_LYSINE_ACETYLATION	-0.29075401152357777			
GO_POSITIVE_REGULATION_OF_PROTEIN_ACETYLATION	-0.2909520376693506			
GSE10147_IL3_AND_HIVP17_VS_IL3_AND_CPG_STIM_PDC_DN	-0.2918880884902192			
BANDRES_RESPONSE_TO_CARMUSTIN_WITHOUT_MGMT_24HR_DN	-0.29218738916994713			
GO_RECEPTOR_TRANSACTIVATION	-0.29258312277922965			
IPA_SMAD6_DN	-0.2926255387298364			
GO_PROTEASOME_REGULATORY_PARTICLE_LID_SUBCOMPLEX	-0.29353631047234197			
GO_POSITIVE_REGULATION_OF_PEPTIDYL_LYSINE_ACETYLATION	-0.2941286779245727			
GO_POSITIVE_REGULATION_OF_INTRACELLULAR_ESTROGEN_RECEPTOR_SIGNALING_PATHWAY	-0.2941969251005611			
GO_NEGATIVE_REGULATION_OF_ERK1_AND_ERK2_CASCADE	-0.2945809956330799			
HNF4_01_B	-0.2949766927147111			
GO_CYCLIC_NUCLEOTIDE_GATED_ION_CHANNEL_ACTIVITY	-0.2951444262290402			
MIR5580_5P	-0.29572760546591836			
GO_BEHAVIORAL_RESPONSE_TO_COCAINE	-0.29655167205501115			
MIKKELSEN_DEDIFFERENTIATED_STATE_UP	-0.29823525491708686			
GO_REGULATION_OF_DOPAMINE_SECRETION	-0.29854996788227817			
GO_METANEPHRIC_NEPHRON_DEVELOPMENT	-0.3006935752247927			
GO_LYSOSOMAL_PROTEIN_CATABOLIC_PROCESS	-0.3011577609003901			
GO_CAMP_BIOSYNTHETIC_PROCESS	-0.30309214647502164			
GO_ADENYLATE_CYCLASE_ACTIVITY	-0.30309214647502164			
GO_DOPAMINE_TRANSPORT	-0.3053572918544683			
GO_REGULATION_OF_LYSOSOMAL_PROTEIN_CATABOLIC_PROCESS	-0.30665715466717763			
GO_HISTONE_H3_K4_DEMETHYLATION_TRIMETHYL_H3_K4_SPECIFIC	-0.3070062159596653			
GO_INTRACELLULAR_CGMP_ACTIVATED_CATION_CHANNEL_ACTIVITY	-0.3080316826601894			
HEN1_01	-0.3082524713127402			
GO_INTRACELLULAR_CAMP_ACTIVATED_CATION_CHANNEL_ACTIVITY	-0.31339768530796236			
YRCCAKNNGNCGC_UNKNOWN	-0.3133984313703683			
chr13q11				
chr9q13				
F2RL1_TARGET_GENES				
LAMTOR5_TARGET_GENES				
SOD1_TARGET_GENES				
GO_REGULATION_OF_CIRCULATING_FIBRINOGEN_LEVELS				
GO_FLAVONOID_GLUCURONIDATION				
GO_NEGATIVE_REGULATION_OF_INTERLEUKIN_6_MEDIATED_SIGNALING_PATHWAY				
GO_NEGATIVE_REGULATION_OF_ARTERY_MORPHOGENESIS				
GO_NEGATIVE_REGULATION_OF_INTERLEUKIN_1_BIOSYNTHETIC_PROCESS				
GO_NEGATIVE_REGULATION_OF_INTERLEUKIN_1_BETA_BIOSYNTHETIC_PROCESS				
GO_RNA_BINDING_INVOLVED_IN_POSTTRANSCRIPTIONAL_GENE_SILENCING				
IPA_ACTL6A_DN				
IPA_ADAR_DN				
IPA_AIRE_DN				
IPA_ALX4_UP				
IPA_ALYREF_DN				
IPA_ARID1B_DN				
IPA_ARID4B_DN				
IPA_ARNT2_DN				
IPA_ATF1_DN				
IPA_ATF7_DN				
IPA_ATOH1_DN				
IPA_BACH2_DN				
IPA_BARHL2_DN				
IPA_BARX2_DN				
IPA_BATF_DN				
IPA_BCL11A_UP				
IPA_BDP1_UP				
IPA_BHLHE22_DN				
IPA_BHLHE40_DN				
IPA_BHLHE41_UP				
IPA_BNIP3_DN				
IPA_ZFP36L1_DN				
IPA_BRIP1_UP				
IPA_MYRF_DN				
IPA_CDC5L_DN				
IPA_CDCA7L_UP				
IPA_CDCA7L_DN				
IPA_CDK7_DN				
IPA_CHD3_DN				
IPA_CHD5_UP				
IPA_CHD7_DN				
IPA_CLOCK_DN				
IPA_CNOT3_UP				
IPA_CNOT3_DN				
IPA_CREB3_DN				
IPA_CREB3L2_DN				
IPA_CREB3L3_DN				
IPA_CREB5_UP				
IPA_CRTC1_DN				
IPA_CTCFL_DN				
IPA_DEK_UP				
IPA_DEK_DN				
IPA_DLX3_DN				
IPA_DMRT1_DN				
IPA_DMTF1_DN				
IPA_DNAJC1_DN				
IPA_E2F3_DN				
IPA_E2F5_UP				
IPA_E4F1_DN				
IPA_ELF1_DN				
IPA_ELK4_DN				
IPA_EMX1_DN				
IPA_ENO1_DN				
IPA_EP400_DN				
IPA_ERCC6_DN				
IPA_ERCC8_UP				
IPA_ERCC8_DN				
IPA_ETV4_DN				
IPA_FANCD2_DN				
IPA_FEV_DN				
IPA_FEZF2_DN				
IPA_FOXA3_DN				
IPA_FOXC1_DN				
IPA_FOXE3_DN				
IPA_FOXH1_DN				
IPA_FOXI1_DN				
IPA_FOXJ1_DN				
IPA_FOXN1_DN				
IPA_FOXN3_UP				
IPA_FOXP2_UP				
IPA_FUBP1_DN				
IPA_GABPB1_DN				
IPA_GATA5_DN				
IPA_GATA6_DN				
IPA_GLIS1_DN				
IPA_GRHL1_DN				
IPA_GRHL2_DN				
IPA_GRHL3_UP				
IPA_GRHL3_DN				
IPA_GTF2B_DN				
IPA_GTF2F2_DN				
IPA_GTF2H1_UP				
IPA_GTF2IRD1_UP				
IPA_GTF3C2_UP				
IPA_GZF1_DN				
IPA_HBP1_UP				
IPA_HBP1_DN				
IPA_HES2_DN				
IPA_HES7_DN				
IPA_HESX1_UP				
IPA_HINFP_DN				
IPA_HIVEP2_UP				
IPA_HIVEP2_DN				
IPA_HOPX_DN				
IPA_HOXA2_DN				
IPA_HOXA3_DN				
IPA_HOXA5_UP				
IPA_HOXA6_UP				
IPA_HOXB13_DN				
IPA_HOXB3_DN				
IPA_HOXB5_UP				
IPA_HOXB5_DN				
IPA_HOXB6_UP				
IPA_HOXB6_DN				
IPA_HOXB7_UP				
IPA_HOXB7_DN				
IPA_HOXC13_DN				
IPA_HOXD11_DN				
IPA_HOXD9_DN				
IPA_HSF2_UP				
IPA_HSF2_DN				
IPA_HSF4_DN				
IPA_IKZF3_UP				
IPA_ILF3_DN				
IPA_ING4_DN				
IPA_IRF6_DN				
IPA_IRX2_UP				
IPA_ISX_UP				
IPA_ISX_DN				
IPA_JDP2_DN				
IPA_KCNIP2_UP				
IPA_KCNIP4_UP				
IPA_KCNIP4_DN				
IPA_KLF1_DN				
IPA_KLF11_UP				
IPA_KLF15_DN				
IPA_KLF2_DN				
IPA_KLF7_UP				
IPA_KLF7_DN				
IPA_KLF8_UP				
IPA_LBX1_UP				
IPA_LDB2_DN				
IPA_LMO2_DN				
IPA_LMO3_UP				
IPA_LMX1A_DN				
IPA_LRPPRC_DN				
IPA_LRRFIP1_DN				
IPA_MAFF_DN				
IPA_MAFG_DN				
IPA_MAFK_DN				
IPA_MAPK8IP1_DN				
IPA_MBD1_UP				
IPA_MECOM_DN				
IPA_MESP1_DN				
IPA_MESP2_DN				
IPA_MIER1_UP				
IPA_KMT2A_DN				
IPA_KMT2C_DN				
IPA_MLX_DN				
IPA_MNAT1_DN				
IPA_MSLN_DN				
IPA_MTA2_UP				
IPA_MTA3_DN				
IPA_MTF1_DN				
IPA_MXD1_DN				
IPA_MXI1_UP				
IPA_MYBBP1A_DN				
IPA_MYCBP_DN				
IPA_MYF6_DN				
IPA_NCL_DN				
IPA_NCOA2_DN				
IPA_NCOA6_DN				
IPA_NEUROD2_DN				
IPA_NEUROD4_DN				
IPA_NEUROG3_DN				
IPA_NFATC4_DN				
IPA_NFYB_DN				
IPA_NFYC_DN				
IPA_NHLH1_DN				
IPA_NKX2-2_DN				
IPA_NKX3-2_DN				
IPA_NMI_DN				
IPA_NOBOX_DN				
IPA_NONO_DN				
IPA_NOV_DN				
IPA_NPAS2_DN				
IPA_NPAS3_DN				
IPA_NR1D1_UP				
IPA_NR1D2_UP				
IPA_NR2E3_UP				
IPA_NR6A1_UP				
IPA_OLIG2_DN				
IPA_OXSR1_DN				
IPA_OTP_DN				
IPA_OTX1_DN				
IPA_OVOL1_DN				
IPA_PA2G4_UP				
IPA_PAX1_DN				
IPA_PAX4_DN				
IPA_PBX2_DN				
IPA_PDCD2_UP				
IPA_PDCD2_DN				
IPA_PHOX2B_DN				
IPA_PLAGL2_DN				
IPA_POU3F2_DN				
IPA_PPP1R13B_DN				
IPA_PRDM16_DN				
IPA_PRDM8_UP				
IPA_PSMB1_DN				
IPA_RAX_DN				
IPA_RB1CC1_DN				
IPA_RBMS1_UP				
IPA_RBMS1_DN				
IPA_RBPJL_DN				
IPA_RCOR1_UP				
IPA_RFX4_DN				
IPA_RFX7_UP				
IPA_RPA1_UP				
IPA_RREB1_DN				
IPA_RUVBL1_DN				
IPA_SALL1_DN				
IPA_SFPQ_DN				
IPA_SIN3A_UP				
IPA_SIRT6_UP				
IPA_SIRT6_DN				
IPA_SIX1_UP				
IPA_SIX2_DN				
IPA_SIX3_UP				
IPA_SIX4_DN				
IPA_SIX5_DN				
IPA_SMARCC2_DN				
IPA_SNAPC1_UP				
IPA_SNAPC1_DN				
IPA_SNAPC2_UP				
IPA_SNAPC2_DN				
IPA_SNAPC3_UP				
IPA_SNAPC3_DN				
IPA_SNAPC4_UP				
IPA_SNAPC4_DN				
IPA_SOHLH1_DN				
IPA_SOX1_DN				
IPA_SOX11_DN				
IPA_SOX17_DN				
IPA_SOX6_DN				
IPA_SOX8_UP				
IPA_SP8_DN				
IPA_SPIB_DN				
IPA_SRCAP_DN				
IPA_SRY_DN				
IPA_SSRP1_DN				
IPA_STRAP_DN				
IPA_SUB1_UP				
IPA_T_UP				
IPA_T_DN				
IPA_TADA3_DN				
IPA_TAF10_DN				
IPA_TAF12_DN				
IPA_TAF4B_DN				
IPA_TARBP2_DN				
IPA_TAZ_DN				
IPA_TBX1_DN				
IPA_TBX22_DN				
IPA_TCF20_DN				
IPA_TFCP2_DN				
IPA_TFDP2_DN				
IPA_TFEB_DN				
IPA_TGFB1I1_DN				
IPA_TLE1_DN				
IPA_TLX1_DN				
IPA_TLX3_DN				
IPA_TRIM24_UP				
IPA_TSHZ3_UP				
IPA_UBTF_DN				
IPA_UHRF1_DN				
IPA_USF1_DN				
IPA_VSX2_UP				
IPA_WHSC1_DN				
IPA_XRCC5_UP				
IPA_YAP1_DN				
IPA_YBX2_DN				
IPA_ZBTB20_DN				
IPA_ZBTB43_UP				
IPA_ZBTB7A_UP				
IPA_ZBTB7C_DN				
IPA_ZBTB14_UP				
IPA_ZFPM2_DN				
IPA_ZMYND11_UP				
IPA_ZNF100_DN				
IPA_ZNF143_DN				
IPA_ZNF217_UP				
IPA_ZNF254_DN				
IPA_ZNF302_DN				
IPA_ZNF33A_UP				
IPA_ZNF354C_UP				
IPA_ZNF423_UP				
IPA_ZNF429_DN				
IPA_ZNF43_DN				
IPA_ZNF431_DN				
IPA_ZNF512B_UP				
IPA_ZNF528_DN				
IPA_ZNF536_DN				
IPA_ZNF552_UP				
IPA_ZNF665_DN				
IPA_ZNF708_DN				
IPA_ZNF85_DN				
IPA_ZNF91_DN				
IPA_ZSCAN10_DN				
IPA_HIST1H1C_UP				
IPA_HIST1H1D_UP				
IPA_H2AFY_UP				
IPA_HIST1H1E_UP				
IPA_SMYD3_DN				
IPA_SIRT2_DN				
IPA_ASF1B_DN				
IPA_KMT2D_DN				
IPA_MED14_UP				
IPA_MED14_DN				
IPA_MED13_UP				
IPA_SETD7_UP				
IPA_SUV39H2_DN				
IPA_SETD2_UP				
IPA_SETD2_DN				
IPA_NSD1_DN				
IPA_WHSC1L1_DN				
IPA_CHD8_DN				
IPA_CTR9_DN				
IPA_PRMT5_UP				
IPA_PSMC6_DN				
IPA_PAF1_DN				
IPA_CDC73_DN				
IPA_EED_UP				
IPA_WDR82_DN				
IPA_MED28_UP				
IPA_MLLT3_DN				
IPA_JARID2_DN				
IPA_SMARCD2_DN				
IPA_HIST1H2BE_DN				
IPA_ERCC6L_UP				
IPA_HIST1H2BG_DN				
IPA_SMARCD3_DN				
IPA_KDM2B_UP				
IPA_KDM2B_DN				
IPA_CENPA_DN				
IPA_ACTR3_DN				
IPA_KDM4C_DN				
IPA_SET_DN				
IPA_KDM4B_DN				
IPA_HIST1H2BC_DN				
IPA_H3F3B_UP				
IPA_H3F3B_DN				
IPA_HIST1H2BI_DN				
IPA_H3F3A_UP				
IPA_H3F3A_DN				
IPA_KAT7_UP				
IPA_HDAC10_UP				
