	Score	0.95 MoE	P-Value	Q-Value
GSE32255_WT_UNSTIM_VS_JMJD2D_KNOCKDOWN_4H_LPS_STIM_DC_DN	0.46176795982588076			
GO_ENDOSOME_ORGANIZATION	0.451936084387753			
LI_WILMS_TUMOR_VS_FETAL_KIDNEY_1_UP	0.44834230187515367			
GSE3982_DC_VS_NKCELL_UP	0.4475412278699406			
GO_REGULATION_OF_PROTEIN_LOCALIZATION_TO_PLASMA_MEMBRANE	0.4452959552782651			
GSE2405_0H_VS_3H_A_PHAGOCYTOPHILUM_STIM_NEUTROPHIL_UP	0.4451329468739288			
GO_PROTEIN_LOCALIZATION_TO_PLASMA_MEMBRANE	0.44475377157864526			
BOYLAN_MULTIPLE_MYELOMA_C_DN	0.4443243249459529			
GSE21380_TFH_VS_GERMINAL_CENTER_TFH_CD4_TCELL_UP	0.4439660634838934			
ESC_J1_UP_LATE.V1_UP	0.4434266088887529			
GO_CADHERIN_BINDING_INVOLVED_IN_CELL_CELL_ADHESION	0.4431145558998751			
GO_REGULATION_OF_PROTEIN_LOCALIZATION_TO_CELL_PERIPHERY	0.44261992642012293			
GSE8621_UNSTIM_VS_LPS_PRIMED_AND_LPS_STIM_MACROPHAGE_UP	0.44256746152061577			
POOLA_INVASIVE_BREAST_CANCER_DN	0.4420442367096328			
GO_MULTIVESICULAR_BODY_SORTING_PATHWAY	0.44189364240772555			
DITTMER_PTHLH_TARGETS_UP	0.44174519490325387			
GO_ADHERENS_JUNCTION	0.4395545454165945			
RICKMAN_TUMOR_DIFFERENTIATED_WELL_VS_POORLY_DN	0.4395340580141656			
PROVENZANI_METASTASIS_DN	0.4393713889236644			
KOHOUTEK_CCNT1_TARGETS	0.43907032003526214			
LEE_LIVER_CANCER_ACOX1_UP	0.4380490394872347			
GSE20715_0H_VS_24H_OZONE_LUNG_DN	0.43798646772640987			
ALCALAY_AML_BY_NPM1_LOCALIZATION_UP	0.4374572963681347			
GSE21379_WT_VS_SAP_KO_TFH_CD4_TCELL_UP	0.4372971026646146			
JECHLINGER_EPITHELIAL_TO_MESENCHYMAL_TRANSITION_DN	0.43672084593327637			
LEE_LIVER_CANCER_MYC_TGFA_UP	0.43656648554945293			
GO_CELL_JUNCTION_ORGANIZATION	0.4359226612903087			
JOHNSTONE_PARVB_TARGETS_3_UP	0.4358881206876321			
JIANG_HYPOXIA_NORMAL	0.4358660847384992			
GUENTHER_GROWTH_SPHERICAL_VS_ADHERENT_DN	0.4354576661591673			
REACTOME_CELL_CELL_COMMUNICATION	0.4354079949906148			
ERBB2_UP.V1_UP	0.43515287266387115			
SHETH_LIVER_CANCER_VS_TXNIP_LOSS_PAM1	0.43494895238714604			
PID_NECTIN_PATHWAY	0.43476326754136935			
MCBRYAN_PUBERTAL_BREAST_3_4WK_UP	0.43445030532099005			
DURCHDEWALD_SKIN_CARCINOGENESIS_DN	0.43403786376935544			
AMIT_EGF_RESPONSE_480_HELA	0.43389116741759703			
GSE21379_WT_VS_SAP_KO_CD4_TCELL_UP	0.43382740172495754			
BORLAK_LIVER_CANCER_EGF_UP	0.43333263543243			
KIM_MYCL1_AMPLIFICATION_TARGETS_DN	0.4332753406159359			
GSE3982_MAC_VS_BCELL_UP	0.43305914589880673			
LIU_CMYB_TARGETS_UP	0.4328856393610798			
GSE44649_WT_VS_MIR155_KO_NAIVE_CD8_TCELL_UP	0.4328631408794752			
KOINUMA_TARGETS_OF_SMAD2_OR_SMAD3	0.4327223252890955			
TURASHVILI_BREAST_LOBULAR_CARCINOMA_VS_LOBULAR_NORMAL_UP	0.4327073354951405			
REACTOME_CELL_JUNCTION_ORGANIZATION	0.4326401983653973			
GSE37301_CD4_TCELL_VS_RAG2_KO_NK_CELL_DN	0.4324706443083996			
GO_CELL_CELL_JUNCTION	0.432432996920261			
PID_A6B1_A6B4_INTEGRIN_PATHWAY	0.4323797496864875			
HALLMARK_COAGULATION	0.43230257643213593			
SESTO_RESPONSE_TO_UV_C3	0.4322635119480571			
REACTOME_NECTIN_NECL_TRANS_HETERODIMERIZATION	0.43210603590941427			
GO_CELL_JUNCTION_ASSEMBLY	0.43182483858232573			
GSE11924_TH1_VS_TH2_CD4_TCELL_DN	0.4314720766438858			
IPA_KDR_UP	0.4312340893272594			
GO_LAMININ_BINDING	0.4311861596309543			
GSE37605_FOXP3_FUSION_GFP_VS_IRES_GFP_TREG_C57BL6_UP	0.43115546551222744			
GSE20715_0H_VS_24H_OZONE_TLR4_KO_LUNG_DN	0.4310904153410533			
AMIT_SERUM_RESPONSE_240_MCF10A	0.4310565505741485			
GO_REGULATION_OF_PROTEIN_LOCALIZATION_TO_MEMBRANE	0.4308664857619557			
GO_CELL_ADHESION_MEDIATOR_ACTIVITY	0.4307733935627748			
GSE41176_WT_VS_TAK1_KO_ANTI_IGM_STIM_BCELL_24H_UP	0.4305112766499598			
GSE7852_TREG_VS_TCONV_FAT_UP	0.4304442054972836			
LHX9_TARGET_GENES	0.4302964947792232			
GSE2826_WT_VS_BTK_KO_BCELL_DN	0.43024306481479263			
GO_SERINE_TYPE_ENDOPEPTIDASE_INHIBITOR_ACTIVITY	0.4298923432123729			
GSE7831_1H_VS_4H_INFLUENZA_STIM_PDC_UP	0.42981028494894785			
CHIARADONNA_NEOPLASTIC_TRANSFORMATION_CDC25_DN	0.4298010434953997			
GO_APICAL_PART_OF_CELL	0.42977272436791886			
NR0B1_TARGET_GENES	0.42963736864389473			
BRUINS_UVC_RESPONSE_VIA_TP53_GROUP_B	0.4294108173628106			
BRUECKNER_TARGETS_OF_MIRLET7A3_UP	0.4293758906282759			
WANG_ESOPHAGUS_CANCER_VS_NORMAL_DN	0.4292747058998372			
GRAESSMANN_APOPTOSIS_BY_DOXORUBICIN_UP	0.42921824605480646			
GSE7852_THYMUS_VS_FAT_TREG_DN	0.4290590576503553			
GSE26488_WT_VS_HDAC7_DELTAP_TG_OT2_THYMOCYTE_WITH_PEPTIDE_INJECTION_DN	0.4287691323645935			
GSE2770_IL12_ACT_VS_ACT_CD4_TCELL_2H_DN	0.42874609027751204			
DORN_ADENOVIRUS_INFECTION_32HR_DN	0.4286372710616913			
PID_INTEGRIN_A9B1_PATHWAY	0.4284290942880867			
WU_CELL_MIGRATION	0.4284100554151558			
GSE37301_MULTIPOTENT_PROGENITOR_VS_PRO_BCELL_DN	0.42828079743510555			
GO_ENTRY_OF_BACTERIUM_INTO_HOST_CELL	0.4282521475603966			
AMIT_EGF_RESPONSE_120_MCF10A	0.4280762555903975			
WINTER_HYPOXIA_UP	0.42800520470708486			
GSE21379_TFH_VS_NON_TFH_SAP_KO_CD4_TCELL_DN	0.4279623448690525			
HES2_TARGET_GENES	0.427860088861134			
MASSARWEH_TAMOXIFEN_RESISTANCE_UP	0.42776687972832916			
GO_REGULATION_OF_RESPONSE_TO_WOUNDING	0.4275775922444707			
GO_ANCHORING_JUNCTION	0.4274979413286518			
GSE10325_LUPUS_BCELL_VS_LUPUS_MYELOID_DN	0.4273220629171646			
NUYTTEN_NIPP1_TARGETS_DN	0.4272671959856498			
GSE11057_EFF_MEM_VS_CENT_MEM_CD4_TCELL_UP	0.4271378044364994			
TURASHVILI_BREAST_DUCTAL_CARCINOMA_VS_DUCTAL_NORMAL_DN	0.4269395970575332			
GHO_ATF5_TARGETS_DN	0.4268673563668162			
GO_VACUOLAR_TRANSPORT	0.42678936483075464			
GO_PERINUCLEAR_REGION_OF_CYTOPLASM	0.42657496212996454			
GO_ACTIN_FILAMENT_BUNDLE	0.42655484021941703			
FORTSCHEGGER_PHF8_TARGETS_DN	0.4265133293593404			
GSE22313_HEALTHY_VS_SLE_MOUSE_CD4_TCELL_UP	0.42628274250655873			
GSE42021_CD24HI_VS_CD24INT_TCONV_THYMUS_UP	0.42601234347341094			
FRASOR_RESPONSE_TO_ESTRADIOL_DN	0.4258242873056681			
GO_ENDOTHELIAL_CELL_MIGRATION	0.42572242916257924			
GO_SUBSTRATE_DEPENDENT_CELL_MIGRATION_CELL_EXTENSION	0.42545831246262406			
GO_SPHINGOMYELIN_BIOSYNTHETIC_PROCESS	0.4253581731709097			
GO_REGULATION_OF_EPITHELIAL_CELL_DIFFERENTIATION	0.4253463912332362			
GO_TISSUE_MIGRATION	0.4253379481460402			
COULOUARN_TEMPORAL_TGFB1_SIGNATURE_UP	0.4253193425453679			
GO_POSITIVE_REGULATION_OF_PROTEIN_LOCALIZATION_TO_CELL_PERIPHERY	0.42529200941525763			
MOREAUX_B_LYMPHOCYTE_MATURATION_BY_TACI_UP	0.4251597457955723			
GO_PROTEIN_LOCALIZATION_TO_CELL_PERIPHERY	0.4251043009882704			
DELYS_THYROID_CANCER_UP	0.42504981598158875			
LE_SKI_TARGETS_UP	0.42504871830575525			
GSE37301_PRO_BCELL_VS_RAG2_KO_NK_CELL_UP	0.4247604099718775			
EGFR_UP.V1_UP	0.424716098572011			
GO_REGULATION_OF_COAGULATION	0.42460464692597516			
GO_LIPASE_INHIBITOR_ACTIVITY	0.4245517972451883			
REACTOME_MEMBRANE_TRAFFICKING	0.4245088370349777			
GSE3982_MAST_CELL_VS_TH2_UP	0.42446382818774914			
WANG_METHYLATED_IN_BREAST_CANCER	0.4244200706505169			
GSE21380_NON_TFH_VS_GERMINAL_CENTER_TFH_CD4_TCELL_UP	0.4242050965008009			
GO_PHOSPHOLIPASE_INHIBITOR_ACTIVITY	0.4240689219689698			
BASSO_HAIRY_CELL_LEUKEMIA_UP	0.42402969970473814			
GRAESSMANN_RESPONSE_TO_MC_AND_DOXORUBICIN_UP	0.4239918004731959			
DELPUECH_FOXO3_TARGETS_UP	0.4237417846196511			
REACTOME_LAMININ_INTERACTIONS	0.42363168928955025			
PEDERSEN_METASTASIS_BY_ERBB2_ISOFORM_4	0.42362359093853913			
GSE27670_CTRL_VS_BLIMP1_TRANSDUCED_GC_BCELL_DN	0.4235733511527782			
MURAKAMI_UV_RESPONSE_6HR_UP	0.4234657735742553			
GO_POSITIVE_REGULATION_OF_STRESS_FIBER_ASSEMBLY	0.42321143290047947			
GSE37532_WT_VS_PPARG_KO_VISCERAL_ADIPOSE_TISSUE_TREG_DN	0.4230817798502162			
REACTOME_METABOLISM_OF_FAT_SOLUBLE_VITAMINS	0.42293922076570717			
GO_RESPONSE_TO_PROGESTERONE	0.42293531963634284			
HALLMARK_XENOBIOTIC_METABOLISM	0.4228999853033296			
MCBRYAN_PUBERTAL_BREAST_5_6WK_UP	0.42281220678921233			
LIM_MAMMARY_LUMINAL_PROGENITOR_DN	0.42271678048884953			
GSE20715_0H_VS_6H_OZONE_LUNG_DN	0.42252210689194547			
HUPER_BREAST_BASAL_VS_LUMINAL_DN	0.4225111899892715			
GSE4748_CTRL_VS_LPS_AND_CYANOBACTERIUM_LPSLIKE_STIM_DC_3H_DN	0.42248984974047993			
LEI_MYB_TARGETS	0.4224508599837541			
DORN_ADENOVIRUS_INFECTION_48HR_DN	0.4223275816003154			
GO_REGULATION_OF_WOUND_HEALING	0.4222810954152898			
PID_INTEGRIN4_PATHWAY	0.4220995919176501			
GO_RUFFLE	0.4219486680300294			
CREIGHTON_ENDOCRINE_THERAPY_RESISTANCE_5	0.42192642056497554			
SHETH_LIVER_CANCER_VS_TXNIP_LOSS_PAM2	0.42189645670032455			
ENK_UV_RESPONSE_EPIDERMIS_DN	0.42184545822398106			
GO_EXTRACELLULAR_EXOSOME_ASSEMBLY	0.4218172523001483			
GO_GOLGI_VESICLE_TRANSPORT	0.4213903534608287			
PYEON_HPV_POSITIVE_TUMORS_DN	0.42136978801251346			
LTE2_UP.V1_UP	0.4211788689793442			
PID_FAK_PATHWAY	0.4210636051046712			
YAMAZAKI_TCEB3_TARGETS_UP	0.421055165331792			
GROSS_HYPOXIA_VIA_HIF1A_DN	0.42097651740561776			
GSE2405_HEAT_KILLED_LYSATE_VS_LIVE_A_PHAGOCYTOPHILUM_STIM_NEUTROPHIL_24H_UP	0.42097284545335545			
GO_ACTOMYOSIN	0.42095981854458303			
PEDERSEN_METASTASIS_BY_ERBB2_ISOFORM_1	0.42046796561161587			
GO_MALE_SEX_DIFFERENTIATION	0.4204475094482142			
LANDIS_ERBB2_BREAST_TUMORS_65_UP	0.42040888765981577			
TOMIDA_METASTASIS_DN	0.4203088067102118			
GSE3039_ALPHAALPHA_CD8_TCELL_VS_B2_BCELL_DN	0.42029126366346986			
GO_VESICLE_ORGANIZATION	0.4198871415203802			
GSE22443_NAIVE_VS_ACT_AND_IL2_TREATED_CD8_TCELL_DN	0.41988690111391014			
MEK_UP.V1_UP	0.41987203656150807			
COULOUARN_TEMPORAL_TGFB1_SIGNATURE_DN	0.4196540875772918			
ZHONG_SECRETOME_OF_LUNG_CANCER_AND_FIBROBLAST	0.41961505853264214			
GO_CELL_CORTEX	0.41942712470008947			
GO_REGULATION_OF_EPITHELIAL_CELL_MIGRATION	0.41940543404772607			
GO_POSITIVE_REGULATION_OF_ACTIN_FILAMENT_BUNDLE_ASSEMBLY	0.41935113853331857			
DORN_ADENOVIRUS_INFECTION_12HR_DN	0.4193125972383989			
BCAT.100_UP.V1_UP	0.4191671397713845			
RASHI_RESPONSE_TO_IONIZING_RADIATION_2	0.41899655359141674			
KMT2D_TARGET_GENES	0.4189410605896474			
LEE_BMP2_TARGETS_UP	0.4188510189404654			
GO_CADHERIN_BINDING	0.41874095519480503			
MCBRYAN_PUBERTAL_BREAST_4_5WK_UP	0.4187396322183172			
GO_CELL_ADHESION_MOLECULE_BINDING	0.41839632125489934			
BAE_BRCA1_TARGETS_UP	0.4182340474117198			
GSE37301_HEMATOPOIETIC_STEM_CELL_VS_COMMON_LYMPHOID_PROGENITOR_UP	0.4182026682870429			
GO_CELL_SUBSTRATE_JUNCTION_ORGANIZATION	0.4180908443981111			
HAN_SATB1_TARGETS_DN	0.4179335749166397			
GO_REPRODUCTIVE_SYSTEM_DEVELOPMENT	0.41792912618657313			
BILD_HRAS_ONCOGENIC_SIGNATURE	0.41786918115796756			
KEGG_ADHERENS_JUNCTION	0.41774220816879987			
PEDERSEN_METASTASIS_BY_ERBB2_ISOFORM_7	0.41773638539477115			
CREIGHTON_ENDOCRINE_THERAPY_RESISTANCE_3	0.41764839431143663			
WEINMANN_ADAPTATION_TO_HYPOXIA_DN	0.417628110936454			
KOBAYASHI_EGFR_SIGNALING_6HR_DN	0.4175635593769339			
GSE3039_ALPHABETA_CD8_TCELL_VS_B2_BCELL_DN	0.41755125822390343			
HALLMARK_GLYCOLYSIS	0.41749141799959205			
PHONG_TNF_RESPONSE_VIA_P38_PARTIAL	0.41746631688477737			
FRASOR_TAMOXIFEN_RESPONSE_UP	0.41737523645246827			
GSE5589_WT_VS_IL10_KO_LPS_STIM_MACROPHAGE_45MIN_DN	0.4173512213882465			
BURTON_ADIPOGENESIS_1	0.41727485125013025			
YAO_TEMPORAL_RESPONSE_TO_PROGESTERONE_CLUSTER_6	0.4172570094007009			
GSE5589_UNSTIM_VS_180MIN_LPS_AND_IL10_STIM_MACROPHAGE_UP	0.41725039127633506			
GSE5589_UNSTIM_VS_180MIN_LPS_STIM_MACROPHAGE_UP	0.4171281281461972			
GO_NEUREGULIN_BINDING	0.4171269133854785			
DORN_ADENOVIRUS_INFECTION_24HR_DN	0.41708477997216276			
GSE5589_WT_VS_IL6_KO_LPS_AND_IL6_STIM_MACROPHAGE_45MIN_DN	0.4170524531091036			
SNIJDERS_AMPLIFIED_IN_HEAD_AND_NECK_TUMORS	0.41702603523859505			
GO_CALCIUM_ION_BINDING	0.4169648411521982			
ZWANG_CLASS_3_TRANSIENTLY_INDUCED_BY_EGF	0.41694997384947696			
KIM_WT1_TARGETS_12HR_UP	0.41690305676789585			
AKT_UP_MTOR_DN.V1_UP	0.41682638044656595			
GO_COSTAMERE	0.4166743750724065			
GSE3982_MAST_CELL_VS_NKCELL_UP	0.41662294577084125			
CHIARADONNA_NEOPLASTIC_TRANSFORMATION_KRAS_CDC25_UP	0.4165886920334108			
HALLMARK_ESTROGEN_RESPONSE_EARLY	0.4165842561874767			
GSE3982_DC_VS_BCELL_UP	0.416580748106072			
GO_EXTRACELLULAR_MATRIX_BINDING	0.41643489555322977			
IPA_NFE2L2_DN	0.4163911108162152			
XU_HGF_SIGNALING_NOT_VIA_AKT1_6HR	0.41607821921069904			
BACH1_01	0.41595966254402555			
GO_EPITHELIAL_CELL_DEVELOPMENT	0.4159457706898488			
CONCANNON_APOPTOSIS_BY_EPOXOMICIN_UP	0.41586752406508865			
GO_NEGATIVE_REGULATION_OF_COAGULATION	0.41585402425390716			
GO_CELL_CELL_JUNCTION_ORGANIZATION	0.4157881800326579			
GSE42021_TCONV_PLN_VS_CD24HI_TCONV_THYMUS_DN	0.4157550456350542			
MCBRYAN_PUBERTAL_TGFB1_TARGETS_DN	0.41573752579835027			
GSE37605_C57BL6_VS_NOD_FOXP3_FUSION_GFP_TREG_DN	0.4155791980406045			
DELACROIX_RARG_BOUND_MEF	0.41555381554071347			
REACTOME_SIGNALING_BY_EGFR	0.415469689893915			
GSE9650_NAIVE_VS_EXHAUSTED_CD8_TCELL_DN	0.4153957113361582			
HOFMANN_MYELODYSPLASTIC_SYNDROM_LOW_RISK_DN	0.4152668199037996			
SANCHEZ_MDM2_TARGETS	0.4151287413415885			
NKX2_3_TARGET_GENES	0.4149796242269801			
WANG_CLIM2_TARGETS_DN	0.41494506447806195			
GO_CELL_MIGRATION_INVOLVED_IN_SPROUTING_ANGIOGENESIS	0.414931498156654			
NAM_FXYD5_TARGETS_DN	0.414909521400614			
RAF_UP.V1_UP	0.4148414999340761			
AMIT_EGF_RESPONSE_120_HELA	0.4147885611958732			
MCBRYAN_PUBERTAL_TGFB1_TARGETS_UP	0.4147691874875791			
AMIT_EGF_RESPONSE_60_MCF10A	0.41456701663854595			
REACTOME_VESICLE_MEDIATED_TRANSPORT	0.41439370964451233			
REACTOME_TYPE_I_HEMIDESMOSOME_ASSEMBLY	0.4140953555608763			
LANDIS_ERBB2_BREAST_TUMORS_324_UP	0.4138670418119477			
GO_REGULATION_OF_ENDOCYTOSIS	0.41385927973012154			
GSE17721_CPG_VS_GARDIQUIMOD_12H_BMDC_DN	0.4138578653266717			
GO_REGULATION_OF_ENDOTHELIAL_CELL_MIGRATION	0.4138543325104422			
GO_APICAL_PLASMA_MEMBRANE	0.41362754598364754			
PID_ECADHERIN_STABILIZATION_PATHWAY	0.4134888168768101			
GO_MEMBRANE_RAFT_ASSEMBLY	0.4132218841465924			
MILI_PSEUDOPODIA_HAPTOTAXIS_DN	0.41321189635787287			
GO_INSULIN_LIKE_GROWTH_FACTOR_I_BINDING	0.4131153047866311			
IPA_NFKBIA_DN	0.41310431634752076			
TOMLINS_METASTASIS_DN	0.41305373148955715			
GSE22886_NAIVE_TCELL_VS_DC_DN	0.4129932070336681			
WEIGEL_OXIDATIVE_STRESS_BY_HNE_AND_TBH	0.4128859691578376			
ZWANG_CLASS_1_TRANSIENTLY_INDUCED_BY_EGF	0.41285263766731095			
GO_REGULATION_OF_CELL_MATRIX_ADHESION	0.4128251437653576			
BMI1_DN.V1_UP	0.4125961726800685			
GO_EPITHELIUM_DEVELOPMENT	0.41258389261758216			
GO_LAMININ_COMPLEX	0.41254021251366874			
GSE6269_HEALTHY_VS_STAPH_AUREUS_INF_PBMC_DN	0.41247667359387463			
LINSLEY_MIR16_TARGETS	0.41246270163248056			
GSE29618_BCELL_VS_MONOCYTE_DAY7_FLU_VACCINE_DN	0.41241793007422434			
NELSON_RESPONSE_TO_ANDROGEN_UP	0.4122825623428104			
ENK_UV_RESPONSE_EPIDERMIS_UP	0.41227095187666346			
CHARAFE_BREAST_CANCER_LUMINAL_VS_BASAL_DN	0.41221521106329856			
AKT_UP.V1_UP	0.41211180655493734			
GSE5589_WT_VS_IL6_KO_LPS_AND_IL10_STIM_MACROPHAGE_45MIN_DN	0.4121043015212906			
REACTOME_TRANS_GOLGI_NETWORK_VESICLE_BUDDING	0.41187929671344364			
GO_RECEPTOR_CATABOLIC_PROCESS	0.41187765690368533			
SABATES_COLORECTAL_ADENOMA_UP	0.41184343495784187			
TOOKER_GEMCITABINE_RESISTANCE_DN	0.41161105205806714			
KOYAMA_SEMA3B_TARGETS_UP	0.41152864109140486			
GO_EPITHELIAL_CELL_PROLIFERATION	0.4115059403298063			
PEDERSEN_TARGETS_OF_611CTF_ISOFORM_OF_ERBB2	0.41122798482561324			
KAAB_FAILED_HEART_ATRIUM_DN	0.4108942227889959			
PID_AJDISS_2PATHWAY	0.4108476994904473			
GO_CELL_CELL_JUNCTION_ASSEMBLY	0.4108432049825299			
AP1_Q2_01	0.4108431398274177			
GO_REGULATION_OF_METALLOPEPTIDASE_ACTIVITY	0.4108089260391339			
GO_NEGATIVE_REGULATION_OF_APOPTOTIC_SIGNALING_PATHWAY	0.4107497018852565			
CROMER_METASTASIS_DN	0.4107011596831966			
GSE17721_CTRL_VS_LPS_6H_BMDC_DN	0.4105748089134122			
GO_VESICLE_BUDDING_FROM_MEMBRANE	0.4105575454586151			
GSE25147_UNSTIM_VS_HELIOBACTER_PYLORI_LPS_STIM_MKN45_CELL_DN	0.41045321193544015			
GSE37301_PRO_BCELL_VS_GRANULOCYTE_MONOCYTE_PROGENITOR_UP	0.41040240301975855			
GO_REGULATION_OF_VACUOLE_ORGANIZATION	0.4102866499805246			
WAKABAYASHI_ADIPOGENESIS_PPARG_RXRA_BOUND_8D	0.41025693650688455			
RB_P107_DN.V1_DN	0.41022482163784585			
GSE26912_TUMORICIDAL_VS_CTRL_MACROPHAGE_UP	0.41018021710459374			
ESC_V6.5_UP_EARLY.V1_DN	0.41006967152221924			
SESTO_RESPONSE_TO_UV_C8	0.41003135155620213			
GOZGIT_ESR1_TARGETS_DN	0.41000312692655505			
TGANTCA_AP1_C	0.40993560547695185			
GO_BASEMENT_MEMBRANE_ORGANIZATION	0.4097721986279763			
GO_CELL_MATRIX_ADHESION	0.4097153940791455			
FEVR_CTNNB1_TARGETS_UP	0.40968246400975206			
GSE42021_TCONV_PLN_VS_TREG_PRECURSORS_THYMUS_UP	0.40965219673275094			
BEGUM_TARGETS_OF_PAX3_FOXO1_FUSION_DN	0.4096289215841169			
LI_WILMS_TUMOR_VS_FETAL_KIDNEY_2_DN	0.40954269142064564			
DUTERTRE_ESTRADIOL_RESPONSE_24HR_DN	0.40938350404885604			
OSADA_ASCL1_TARGETS_DN	0.4093460254573727			
RB_DN.V1_DN	0.4093375166434458			
GSE36888_STAT5_AB_KNOCKIN_VS_WT_TCELL_IL2_TREATED_2H_DN	0.409302617082212			
CHIARADONNA_NEOPLASTIC_TRANSFORMATION_KRAS_DN	0.4092214645521555			
IPA_SNAI2_DN	0.4092105223848103			
GO_AMEBOIDAL_TYPE_CELL_MIGRATION	0.40895826531261803			
PUIFFE_INVASION_INHIBITED_BY_ASCITES_DN	0.4089510697386748			
GO_GLOMERULAR_EPITHELIAL_CELL_DEVELOPMENT	0.40891989692839126			
GO_ENDOPLASMIC_RETICULUM_TO_GOLGI_VESICLE_MEDIATED_TRANSPORT	0.40890560872904647			
GO_CELL_CELL_CONTACT_ZONE	0.40859960668329953			
ZAMORA_NOS2_TARGETS_DN	0.40857182705264594			
REACTOME_FORMYL_PEPTIDE_RECEPTORS_BIND_FORMYL_PEPTIDES_AND_MANY_OTHER_LIGANDS	0.4084638841665289			
WINZEN_DEGRADED_VIA_KHSRP	0.40842148036080156			
DURAND_STROMA_NS_UP	0.4083902070113522			
ZMYND8_TARGET_GENES	0.4083324807943035			
CHUANG_OXIDATIVE_STRESS_RESPONSE_UP	0.4082792713832391			
AP1_01	0.4081991480961332			
GSE3039_ALPHAALPHA_VS_ALPHABETA_CD8_TCELL_UP	0.4080483103222822			
HALLMARK_ANDROGEN_RESPONSE	0.4078409364227716			
GSE36888_STAT5_AB_KNOCKIN_VS_WT_TCELL_IL2_TREATED_17H_DN	0.40783105111914875			
GO_POSITIVE_REGULATION_OF_SUPRAMOLECULAR_FIBER_ORGANIZATION	0.4077879697274358			
GO_METANEPHRIC_NEPHRON_EPITHELIUM_DEVELOPMENT	0.4077859499750767			
GSE5589_UNSTIM_VS_45MIN_LPS_AND_IL6_STIM_MACROPHAGE_DN	0.4077464423730471			
GSE19198_CTRL_VS_IL21_TREATED_TCELL_1H_DN	0.40773953652682654			
LU_AGING_BRAIN_UP	0.40771513747596394			
GSE20715_0H_VS_6H_OZONE_TLR4_KO_LUNG_DN	0.4076783995294954			
RICKMAN_TUMOR_DIFFERENTIATED_WELL_VS_MODERATELY_DN	0.40767131584085403			
STEIN_ESRRA_TARGETS	0.40766733477550493			
REN_ALVEOLAR_RHABDOMYOSARCOMA_DN	0.407559107055599			
GO_GOLGI_LUMEN	0.4075151515960263			
NAGASHIMA_NRG1_SIGNALING_UP	0.40738374014584333			
AMIT_EGF_RESPONSE_240_HELA	0.40737867875179257			
TGASTMAGC_NFE2_01	0.4073231001581606			
GSE6269_FLU_VS_STREP_PNEUMO_INF_PBMC_DN	0.40730724200477847			
GSE9988_LPS_VS_LPS_AND_ANTI_TREM1_MONOCYTE_DN	0.40729045291417315			
HENDRICKS_SMARCA4_TARGETS_UP	0.4072020928012522			
AMIT_SERUM_RESPONSE_60_MCF10A	0.4071606594833236			
GSE9509_LPS_VS_LPS_AND_IL10_STIM_IL10_KO_MACROPHAGE_30MIN_UP	0.4070524565981935			
KEGG_ARRHYTHMOGENIC_RIGHT_VENTRICULAR_CARDIOMYOPATHY_ARVC	0.4070384166509263			
ALONSO_METASTASIS_NEURAL_UP	0.40697870653791546			
LIU_SOX4_TARGETS_UP	0.40684661047642845			
RIGGINS_TAMOXIFEN_RESISTANCE_DN	0.40681561789039505			
TOP2B_TARGET_GENES	0.4067657570089836			
GO_NEGATIVE_REGULATION_OF_RESPONSE_TO_WOUNDING	0.4067531474743452			
GSE3982_EOSINOPHIL_VS_MAC_DN	0.40671323355463224			
HALLMARK_PROTEIN_SECRETION	0.40669531879480253			
WINTER_HYPOXIA_METAGENE	0.4065966558990147			
SANA_TNF_SIGNALING_DN	0.4065862508445086			
SCHAEFFER_PROSTATE_DEVELOPMENT_48HR_UP	0.4065344468747286			
GO_REGULATION_OF_CELL_JUNCTION_ASSEMBLY	0.406474549367842			
GO_ERBB_SIGNALING_PATHWAY	0.4064197046762954			
GSE9509_LPS_VS_LPS_AND_IL10_STIM_IL10_KO_MACROPHAGE_20MIN_UP	0.406416897357486			
GO_ENDOMEMBRANE_SYSTEM_ORGANIZATION	0.4063748228151739			
GO_DICHOTOMOUS_SUBDIVISION_OF_AN_EPITHELIAL_TERMINAL_UNIT	0.4063562553662872			
GSE27786_CD8_TCELL_VS_NKCELL_DN	0.4063498882812828			
BURTON_ADIPOGENESIS_7	0.40629337435046786			
REACTOME_ERBB2_ACTIVATES_PTK6_SIGNALING	0.40625709329132875			
KRIEG_HYPOXIA_VIA_KDM3A	0.40619802943381295			
GO_CELL_DIFFERENTIATION_INVOLVED_IN_METANEPHROS_DEVELOPMENT	0.40609642211220887			
GO_TRANS_SYNAPTIC_SIGNALING_BY_TRANS_SYNAPTIC_COMPLEX	0.4059779237577536			
REACTOME_TRANSPORT_OF_NUCLEOTIDE_SUGARS	0.4059491722690376			
GO_BASOLATERAL_PLASMA_MEMBRANE	0.4058959402386237			
FARMER_BREAST_CANCER_BASAL_VS_LULMINAL	0.4058676558210769			
TBK1.DF_UP	0.40573370889376476			
GO_REGULATION_OF_PLASMINOGEN_ACTIVATION	0.40567423291091287			
GO_NEGATIVE_REGULATION_OF_CARDIAC_MUSCLE_ADAPTATION	0.4056299573438686			
GSE1460_DP_THYMOCYTE_VS_THYMIC_STROMAL_CELL_DN	0.40552556305629495			
GO_METANEPHRIC_EPITHELIUM_DEVELOPMENT	0.40539236380948634			
GSE7831_CPG_VS_INFLUENZA_STIM_PDC_4H_UP	0.40537720317875503			
GO_VESICLE_TARGETING_TO_FROM_OR_WITHIN_GOLGI	0.4053107970532727			
AP1_Q4_01	0.4052497571736984			
GSE22886_DAY0_VS_DAY7_MONOCYTE_IN_CULTURE_DN	0.4052383586092601			
GO_LYSOSOMAL_TRANSPORT	0.4052169563462256			
GSE3982_MAC_VS_TH2_UP	0.40513422974916874			
GO_BRANCHING_INVOLVED_IN_MAMMARY_GLAND_DUCT_MORPHOGENESIS	0.40503439012623116			
REACTOME_METABOLISM_OF_VITAMINS_AND_COFACTORS	0.4049536333120746			
GO_EPITHELIAL_TUBE_BRANCHING_INVOLVED_IN_LUNG_MORPHOGENESIS	0.4049276052891225			
BUYTAERT_PHOTODYNAMIC_THERAPY_STRESS_UP	0.4048964375336085			
GO_ACTIN_FILAMENT_BUNDLE_ORGANIZATION	0.4048856207212544			
GSE7852_LN_VS_FAT_TREG_DN	0.4047894957669501			
SESTO_RESPONSE_TO_UV_C7	0.404765443252528			
REACTOME_NON_INTEGRIN_MEMBRANE_ECM_INTERACTIONS	0.40465336565695664			
MARTINEZ_RESPONSE_TO_TRABECTEDIN_UP	0.4046275276963914			
GO_INTERCALATED_DISC	0.40462430041858444			
GO_NEGATIVE_REGULATION_OF_MESENCHYMAL_CELL_PROLIFERATION	0.40461277616484864			
GO_NEGATIVE_REGULATION_OF_EXTRINSIC_APOPTOTIC_SIGNALING_PATHWAY	0.40458582637480905			
MEISSNER_BRAIN_HCP_WITH_H3K4ME3_AND_H3K27ME3	0.404505843844808			
GO_PIGMENT_GRANULE	0.40449365048848385			
HIRSCH_CELLULAR_TRANSFORMATION_SIGNATURE_UP	0.40443109021802787			
GSE43955_1H_VS_60H_ACT_CD4_TCELL_WITH_TGFB_IL6_DN	0.4043683784175536			
CERVERA_SDHB_TARGETS_2	0.40436049783722683			
CSHL1_TARGET_GENES	0.4043348851619598			
IPA_PGR_UP	0.4043135532535094			
GO_CALCIUM_DEPENDENT_PROTEIN_BINDING	0.4042921382324632			
WANG_BARRETTS_ESOPHAGUS_AND_ESOPHAGUS_CANCER_DN	0.40428790528107944			
ENGELMANN_CANCER_PROGENITORS_UP	0.40424268350570863			
GSE20715_0H_VS_48H_OZONE_TLR4_KO_LUNG_DN	0.40420057074615334			
GO_POSITIVE_REGULATION_OF_EPITHELIAL_CELL_MIGRATION	0.40419598043188115			
GSE42021_TREG_PLN_VS_CD24HI_TREG_THYMUS_UP	0.40418326066124527			
GO_LOW_DENSITY_LIPOPROTEIN_RECEPTOR_PARTICLE_METABOLIC_PROCESS	0.40414487562148904			
GO_ENDOTHELIAL_CELL_DEVELOPMENT	0.40405919717474703			
REACTOME_REGULATION_OF_INSULIN_LIKE_GROWTH_FACTOR_IGF_TRANSPORT_AND_UPTAKE_BY_INSULIN_LIKE_GROWTH_FACTOR_BINDING_PROTEINS_IGFBPS	0.404051743048126			
GSE3982_MAC_VS_TH1_UP	0.4040469592863087			
HELLER_HDAC_TARGETS_SILENCED_BY_METHYLATION_UP	0.4040369551510895			
GO_REGULATION_OF_INTEGRIN_MEDIATED_SIGNALING_PATHWAY	0.4039707765133806			
GO_ENDOPEPTIDASE_REGULATOR_ACTIVITY	0.40391425155324606			
GSE4748_CTRL_VS_LPS_STIM_DC_3H_DN	0.4038745801413573			
GSE2770_TGFB_AND_IL4_VS_IL4_TREATED_ACT_CD4_TCELL_48H_UP	0.4038369521173486			
REACTOME_EGFR_DOWNREGULATION	0.40378429785174547			
MILI_PSEUDOPODIA_CHEMOTAXIS_DN	0.40375218827304254			
BACH2_01	0.4037458650929429			
IPA_TP53_UP	0.4037301548856164			
GO_ZYMOGEN_ACTIVATION	0.4037213602668212			
BOYAULT_LIVER_CANCER_SUBCLASS_G6_DN	0.4036375484972387			
MONNIER_POSTRADIATION_TUMOR_ESCAPE_DN	0.40360682416144433			
BOYLAN_MULTIPLE_MYELOMA_PCA1_DN	0.4035394412814352			
FARMER_BREAST_CANCER_APOCRINE_VS_BASAL	0.40351709930819835			
GSE3982_MAST_CELL_VS_TH1_UP	0.40351546982322006			
GO_NEGATIVE_REGULATION_OF_WOUND_HEALING	0.40341788525468697			
GSE3982_EOSINOPHIL_VS_DC_DN	0.4034136241289594			
GSE3982_MAST_CELL_VS_EFF_MEMORY_CD4_TCELL_UP	0.4033411298044428			
GSE6269_HEALTHY_VS_STAPH_PNEUMO_INF_PBMC_DN	0.4030894562233255			
GO_MORPHOGENESIS_OF_AN_EPITHELIUM	0.40308273152822216			
GO_PROSTANOID_METABOLIC_PROCESS	0.40307032077972466			
GO_POSITIVE_REGULATION_OF_CELLULAR_RESPONSE_TO_TRANSFORMING_GROWTH_FACTOR_BETA_STIMULUS	0.40302342960542237			
HOELZEL_NF1_TARGETS_UP	0.40301988280917717			
REACTOME_HYALURONAN_METABOLISM	0.4030005496433609			
FARMER_BREAST_CANCER_APOCRINE_VS_LUMINAL	0.4028913938175755			
GSE3982_MAST_CELL_VS_MAC_DN	0.4028500317419092			
GSE29618_BCELL_VS_MDC_DAY7_FLU_VACCINE_DN	0.40280186045589556			
CRX_DN.V1_DN	0.4027425652232517			
GSE36891_UNSTIM_VS_POLYIC_TLR3_STIM_PERITONEAL_MACROPHAGE_UP	0.40266609062584086			
KIM_WT1_TARGETS_UP	0.4026463719767725			
PID_ERBB_NETWORK_PATHWAY	0.40257771945071363			
GO_CELL_JUNCTION	0.40248554370986894			
UDAYAKUMAR_MED1_TARGETS_DN	0.40246409692118934			
GO_REGULATION_OF_ENTRY_OF_BACTERIUM_INTO_HOST_CELL	0.4024634889481571			
GO_EXOCRINE_SYSTEM_DEVELOPMENT	0.402379516472826			
GSE32128_INOS_DEPENDENT_VS_INOS_INDEPENDENT_ACTIVATED_TCELL_UP	0.40233493241093565			
GO_REGULATION_OF_CELL_MIGRATION_INVOLVED_IN_SPROUTING_ANGIOGENESIS	0.40233290673676564			
HUANG_FOXA2_TARGETS_DN	0.4023168865274149			
GO_LUNG_MORPHOGENESIS	0.4022280634609162			
ZHU_CMV_8_HR_DN	0.40201714545436085			
GSE10273_HIGH_VS_LOW_IL7_TREATED_IRF4_8_NULL_PRE_BCELL_UP	0.4019866931567239			
WANG_LMO4_TARGETS_DN	0.40195439552954093			
GSE6259_33D1_POS_DC_VS_BCELL_UP	0.4019073377379523			
GO_ENDOSOME_TRANSPORT_VIA_MULTIVESICULAR_BODY_SORTING_PATHWAY	0.4017673914522021			
KEGG_ECM_RECEPTOR_INTERACTION	0.4016786735585257			
GSE3982_MAST_CELL_VS_BCELL_UP	0.4015517289922561			
AMIT_SERUM_RESPONSE_480_MCF10A	0.40154198345208736			
PID_ECADHERIN_KERATINOCYTE_PATHWAY	0.40137323675921643			
NABA_ECM_REGULATORS	0.401345357868033			
GO_BLOOD_VESSEL_ENDOTHELIAL_CELL_MIGRATION	0.4013410326613542			
WOOD_EBV_EBNA1_TARGETS_DN	0.40123840588289617			
GROSS_HYPOXIA_VIA_ELK3_AND_HIF1A_UP	0.4011866340227494			
HU_ANGIOGENESIS_UP	0.40114120651644936			
GO_NEGATIVE_REGULATION_OF_EPITHELIAL_CELL_DIFFERENTIATION	0.4011071766215661			
GO_POSITIVE_REGULATION_OF_CELL_JUNCTION_ASSEMBLY	0.4010721963083645			
NABA_MATRISOME_ASSOCIATED	0.4010505565289699			
GO_ENDOTHELIUM_DEVELOPMENT	0.40099827025414736			
BHAT_ESR1_TARGETS_VIA_AKT1_DN	0.4009103428090126			
MIR3943	0.40085371820012294			
REACTOME_DEFECTIVE_EXT2_CAUSES_EXOSTOSES_2	0.400846144518391			
WIEDERSCHAIN_TARGETS_OF_BMI1_AND_PCGF2	0.40084416200801337			
GO_REGULATION_OF_KERATINOCYTE_PROLIFERATION	0.4007731591738156			
GSE42088_UNINF_VS_LEISHMANIA_INF_DC_4H_UP	0.4007588253775739			
MOHANKUMAR_HOXA1_TARGETS_DN	0.4007510692664555			
GSE2405_0H_VS_1.5H_A_PHAGOCYTOPHILUM_STIM_NEUTROPHIL_UP	0.4006059772186279			
GO_HEMIDESMOSOME_ASSEMBLY	0.4005644830050059			
GO_WOUND_HEALING	0.40053907941407224			
GSE42088_UNINF_VS_LEISHMANIA_INF_DC_24H_DN	0.40052558342775113			
PASQUALUCCI_LYMPHOMA_BY_GC_STAGE_UP	0.40050280121942067			
GSE17721_CTRL_VS_LPS_1H_BMDC_DN	0.40034115054497177			
GO_CELLULAR_COMPONENT_MAINTENANCE	0.40029577935745897			
GO_PLASMINOGEN_ACTIVATION	0.4001991770498783			
GSE35685_CD34POS_CD38NEG_VS_CD34POS_CD10NEG_CD62LPOS_BONE_MARROW_DN	0.40012810226356915			
GSE22886_NAIVE_BCELL_VS_DC_DN	0.40007155367033387			
GO_RESPONSE_TO_WOUNDING	0.3999118892844502			
RB_P130_DN.V1_DN	0.39991115832637497			
GSE24142_ADULT_VS_FETAL_DN3_THYMOCYTE_DN	0.39986995001747727			
GSE22527_ANTI_CD3_INVIVO_VS_UNTREATED_MOUSE_TREG_UP	0.3997880405389906			
ZHONG_SECRETOME_OF_LUNG_CANCER_AND_MACROPHAGE	0.39967203783041927			
GO_RESPONSE_TO_ENDOPLASMIC_RETICULUM_STRESS	0.39960678001296			
GSE2770_IL12_AND_TGFB_VS_IL4_TREATED_ACT_CD4_TCELL_2H_UP	0.3995138838734216			
NAKAMURA_METASTASIS_MODEL_DN	0.3994398083738129			
REACTOME_ERBB2_REGULATES_CELL_MOTILITY	0.3993816477553387			
GO_GOLGI_APPARATUS	0.3993808703530869			
HALLMARK_ADIPOGENESIS	0.39937563492609185			
GO_REGULATION_OF_CARDIAC_MUSCLE_ADAPTATION	0.39921923005132237			
GSE24972_MARGINAL_ZONE_BCELL_VS_FOLLICULAR_BCELL_IRF8_KO_DN	0.3990405853959104			
GO_PLASMA_MEMBRANE_REGION	0.3989835510926898			
NR1H4_TARGET_GENES	0.3989650345517504			
GO_BASAL_PART_OF_CELL	0.3989410371905987			
GSE42021_TREG_VS_TCONV_PLN_DN	0.3988835526406278			
GOTZMANN_EPITHELIAL_TO_MESENCHYMAL_TRANSITION_DN	0.39883203238209597			
GSE3039_CD4_TCELL_VS_B2_BCELL_DN	0.3988233597736471			
ENK_UV_RESPONSE_KERATINOCYTE_UP	0.3987741303176469			
GSE17186_CD21LOW_VS_CD21HIGH_TRANSITIONAL_BCELL_CORD_BLOOD_UP	0.3987096818637309			
IGARASHI_ATF4_TARGETS_DN	0.39858168842621755			
FARMER_BREAST_CANCER_CLUSTER_3	0.3985292198933212			
GO_REGULATION_OF_CELL_SUBSTRATE_JUNCTION_ASSEMBLY	0.39847227784343703			
GO_TISSUE_MORPHOGENESIS	0.3984474103793671			
CREIGHTON_AKT1_SIGNALING_VIA_MTOR_DN	0.3984344823695891			
GO_NEGATIVE_REGULATION_OF_PEPTIDASE_ACTIVITY	0.3984270634433372			
GO_EPITHELIAL_CELL_DIFFERENTIATION	0.3984086051474934			
GO_CALCIUM_DEPENDENT_PHOSPHOLIPID_BINDING	0.39837369619383683			
AMIT_DELAYED_EARLY_GENES	0.39833520489724566			
GO_NEGATIVE_REGULATION_OF_KERATINOCYTE_PROLIFERATION	0.39829333945481443			
HAN_SATB1_TARGETS_UP	0.3982834960527736			
GO_FOCAL_ADHESION_ASSEMBLY	0.3982213627549625			
GSE9988_ANTI_TREM1_VS_VEHICLE_TREATED_MONOCYTES_UP	0.39818213063720437			
GO_CELLULAR_COPPER_ION_HOMEOSTASIS	0.39816381199856604			
VERRECCHIA_RESPONSE_TO_TGFB1_C5	0.39804330800195203			
PID_CDC42_PATHWAY	0.39803257395061914			
GO_REGULATION_OF_APOPTOTIC_SIGNALING_PATHWAY	0.39798277575437296			
REACTOME_GOLGI_ASSOCIATED_VESICLE_BIOGENESIS	0.39790787354879664			
GO_MAMMARY_GLAND_MORPHOGENESIS	0.39785539796142716			
GSE17186_BLOOD_VS_CORD_BLOOD_NAIVE_BCELL_UP	0.3977362366959097			
IPA_HIF1A_UP	0.39772332815263106			
GO_REGULATION_OF_ACTIN_FILAMENT_BUNDLE_ASSEMBLY	0.39761702873601396			
GO_RESPONSE_TO_MANGANESE_ION	0.3975841056042169			
RICKMAN_TUMOR_DIFFERENTIATED_MODERATELY_VS_POORLY_UP	0.3975658553674206			
PID_IGF1_PATHWAY	0.3974578801665212			
GSE27670_CTRL_VS_LMP1_TRANSDUCED_GC_BCELL_DN	0.3972933074975671			
HALLMARK_TGF_BETA_SIGNALING	0.39726437945943144			
RIGGINS_TAMOXIFEN_RESISTANCE_UP	0.39723110292900254			
GO_PHOSPHOLIPASE_A2_INHIBITOR_ACTIVITY	0.3972259717654912			
WGGAATGY_TEF1_Q6	0.3971991713101328			
GO_ERBB2_SIGNALING_PATHWAY	0.3971221994617568			
GO_TUBE_DEVELOPMENT	0.3969414195787949			
SARTIPY_NORMAL_AT_INSULIN_RESISTANCE_UP	0.39689635888851543			
GO_POSITIVE_REGULATION_OF_EPITHELIAL_CELL_PROLIFERATION	0.396884960822902			
PLASARI_TGFB1_TARGETS_10HR_UP	0.39685797691749697			
GO_MORPHOGENESIS_OF_A_BRANCHING_STRUCTURE	0.396825084798618			
BOYLAN_MULTIPLE_MYELOMA_D_UP	0.3968067127929685			
GO_I_BAND	0.39676816878862836			
FONTAINE_PAPILLARY_THYROID_CARCINOMA_UP	0.39675852302093634			
GSE13887_HEALTHY_VS_LUPUS_RESTING_CD4_TCELL_UP	0.3966914884621262			
SHETH_LIVER_CANCER_VS_TXNIP_LOSS_PAM3	0.39668483682391187			
GAVIN_FOXP3_TARGETS_CLUSTER_P7	0.3965887581293953			
REACTOME_DISSOLUTION_OF_FIBRIN_CLOT	0.39653434570955187			
GO_COPPER_ION_HOMEOSTASIS	0.3964996149345022			
SERVITJA_LIVER_HNF1A_TARGETS_UP	0.3964834030998039			
BURTON_ADIPOGENESIS_PEAK_AT_2HR	0.3964814686657425			
GO_NEGATIVE_REGULATION_OF_TRANSFORMING_GROWTH_FACTOR_BETA1_PRODUCTION	0.39647678153415084			
GO_CELL_SUBSTRATE_ADHESION	0.39643285112127163			
GO_POSITIVE_REGULATION_OF_RESPONSE_TO_WOUNDING	0.39642584409239945			
GO_GLAND_MORPHOGENESIS	0.3963020247677786			
SUNG_METASTASIS_STROMA_UP	0.39611420758265303			
GSE6269_FLU_VS_STAPH_AUREUS_INF_PBMC_DN	0.39611161465065287			
CHYLA_CBFA2T3_TARGETS_DN	0.39608938823514134			
HOFFMAN_CLOCK_TARGETS_UP	0.39608640192392974			
GO_GTP_RHO_BINDING	0.39605380271243357			
CAHOY_ASTROGLIAL	0.3959639378848249			
GO_REGULATION_OF_PHOSPHOLIPASE_A2_ACTIVITY	0.39590844170355116			
MIR4776_5P	0.3958255336719577			
GO_OXIDOREDUCTASE_ACTIVITY_ACTING_ON_A_SULFUR_GROUP_OF_DONORS	0.39582075607416306			
ALFANO_MYC_TARGETS	0.39580913306632093			
GO_RESPONSE_TO_OXIDATIVE_STRESS	0.39579387153602297			
DAZARD_UV_RESPONSE_CLUSTER_G24	0.395704200679765			
SFMBT1_TARGET_GENES	0.39566326154039944			
GO_ANATOMICAL_STRUCTURE_FORMATION_INVOLVED_IN_MORPHOGENESIS	0.39562541958212616			
GSE3982_DC_VS_EFF_MEMORY_CD4_TCELL_UP	0.3955735747555318			
GO_CYTOKINETIC_PROCESS	0.39551184064078576			
MAPK3_TARGET_GENES	0.3955057024099895			
TBK1.DF_DN	0.3954722292198621			
GSE34156_UNTREATED_VS_6H_TLR1_TLR2_LIGAND_TREATED_MONOCYTE_DN	0.3954035078859624			
ISSAEVA_MLL2_TARGETS	0.395352210288307			
GSE5589_LPS_VS_LPS_AND_IL10_STIM_IL10_KO_MACROPHAGE_45MIN_UP	0.39532623192321553			
GSE43863_NAIVE_VS_TH1_EFF_CD4_TCELL_D6_LCMV_UP	0.3952775558016931			
CHIBA_RESPONSE_TO_TSA_DN	0.39527022772143244			
GSE20715_WT_VS_TLR4_KO_48H_OZONE_LUNG_DN	0.3952701917441082			
SIMBULAN_UV_RESPONSE_NORMAL_DN	0.39521702059368197			
GSE6269_E_COLI_VS_STAPH_AUREUS_INF_PBMC_DN	0.39501225730626677			
BERENJENO_ROCK_SIGNALING_NOT_VIA_RHOA_DN	0.3949677055088564			
GO_NEGATIVE_REGULATION_OF_LIPASE_ACTIVITY	0.3949620439962926			
YOSHIMURA_MAPK8_TARGETS_DN	0.39495944078607714			
REACTOME_MET_ACTIVATES_PTK2_SIGNALING	0.3949465487547117			
GO_EXTRINSIC_APOPTOTIC_SIGNALING_PATHWAY	0.39494563858886605			
GO_NEUTROPHIL_APOPTOTIC_PROCESS	0.39494333089513955			
GO_COPII_COATED_VESICLE_BUDDING	0.39480253198407306			
REACTOME_CARGO_CONCENTRATION_IN_THE_ER	0.3947740193033067			
NAGASHIMA_EGF_SIGNALING_UP	0.39472553863174614			
GO_PHOSPHOLIPID_BINDING	0.39469211086297906			
KYNG_NORMAL_AGING_UP	0.39468846751549014			
PID_TGFBR_PATHWAY	0.3946750772310925			
GO_PROLACTIN_SECRETION	0.39448065508313335			
RODRIGUES_THYROID_CARCINOMA_DN	0.39447923253041617			
BHAT_ESR1_TARGETS_NOT_VIA_AKT1_DN	0.3944694665645768			
GSE33162_HDAC3_KO_VS_HDAC3_KO_4H_LPS_STIM_MACROPHAGE_DN	0.39445254513561845			
GSE1460_INTRATHYMIC_T_PROGENITOR_VS_THYMIC_STROMAL_CELL_DN	0.3944344208932953			
GO_INSULIN_LIKE_GROWTH_FACTOR_BINDING	0.3943774169931615			
GO_GOLGI_VESICLE_BUDDING	0.3943762861862815			
GO_ACTIN_MODIFICATION	0.39430097280312354			
GO_POSITIVE_REGULATION_OF_PROTEIN_LOCALIZATION_TO_MEMBRANE	0.3942400906240967			
GO_ENDOPLASMIC_RETICULUM_GOLGI_INTERMEDIATE_COMPARTMENT	0.39420261075854485			
VANLOO_SP3_TARGETS_DN	0.3941492704389738			
MARTINEZ_RB1_TARGETS_UP	0.3941174011539495			
GO_POSITIVE_REGULATION_OF_ENDOCYTOSIS	0.3940716823415661			
HALLMARK_ANGIOGENESIS	0.3939054177203384			
ZHU_CMV_ALL_DN	0.3938807150505734			
PHONG_TNF_RESPONSE_NOT_VIA_P38	0.39387218984286254			
GO_REGULATION_OF_ERBB_SIGNALING_PATHWAY	0.39387012228964086			
GSE21063_WT_VS_NFATC1_KO_16H_ANTI_IGM_STIM_BCELL_DN	0.3937500552936197			
SCHAEFFER_PROSTATE_DEVELOPMENT_AND_CANCER_BOX2_DN	0.3937478120716549			
UEDA_PERIFERAL_CLOCK	0.3937331448304343			
GO_ACTIN_BASED_CELL_PROJECTION	0.39371560791822113			
GO_KERATINOCYTE_PROLIFERATION	0.39368976530233113			
GO_NEGATIVE_REGULATION_OF_ERBB_SIGNALING_PATHWAY	0.3935966029469205			
CHEN_LUNG_CANCER_SURVIVAL	0.39349247612671534			
VART_KSHV_INFECTION_ANGIOGENIC_MARKERS_DN	0.39343181385605286			
GSE26488_CTRL_VS_PEPTIDE_INJECTION_HDAC7_DELTAP_TG_OT2_THYMOCYTE_UP	0.3933795424118962			
GO_SPONGIOTROPHOBLAST_LAYER_DEVELOPMENT	0.39331499808789105			
HALLMARK_ESTROGEN_RESPONSE_LATE	0.3932982561435783			
GO_LIPID_LOCALIZATION	0.3931956425883632			
GSE3982_MAC_VS_EFF_MEMORY_CD4_TCELL_UP	0.3931329036191749			
GSE24634_IL4_VS_CTRL_TREATED_NAIVE_CD4_TCELL_DAY10_DN	0.3930795949901392			
AMIT_SERUM_RESPONSE_120_MCF10A	0.3930369486137778			
GO_ACTOMYOSIN_STRUCTURE_ORGANIZATION	0.39301759422256627			
HOUSTIS_ROS	0.3929502176988357			
GO_SUBSTRATE_ADHESION_DEPENDENT_CELL_SPREADING	0.39290210935321235			
GO_INVADOPODIUM_MEMBRANE	0.392884111089868			
GO_PSEUDOPODIUM	0.3927862826185056			
GSE37301_MULTIPOTENT_PROGENITOR_VS_RAG2_KO_NK_CELL_DN	0.3927701702725481			
GO_BASEMENT_MEMBRANE	0.39276903973152044			
GO_TUBE_MORPHOGENESIS	0.39275586116983147			
SESTO_RESPONSE_TO_UV_C2	0.3926986859668977			
SIMBULAN_UV_RESPONSE_IMMORTALIZED_DN	0.39267145174362883			
GO_APICAL_JUNCTION_COMPLEX	0.3926546731949893			
REACTOME_DEGRADATION_OF_THE_EXTRACELLULAR_MATRIX	0.39259207624708176			
GSE9988_ANTI_TREM1_VS_CTRL_TREATED_MONOCYTES_UP	0.3925722625782583			
BURTON_ADIPOGENESIS_9	0.39254716402133805			
GU_PDEF_TARGETS_DN	0.3925194388496803			
GO_GLYCOLIPID_TRANSPORT	0.392518126696023			
HALLMARK_P53_PATHWAY	0.39249703151406135			
DAVICIONI_MOLECULAR_ARMS_VS_ERMS_DN	0.39230621602981264			
REACTOME_SYNDECAN_INTERACTIONS	0.39225843827846263			
GSE3982_DC_VS_BASOPHIL_UP	0.39225679152927845			
GO_NEGATIVE_REGULATION_OF_MUSCLE_ADAPTATION	0.392217508391869			
LANDIS_ERBB2_BREAST_TUMORS_324_DN	0.3921491048351356			
GO_PROTEIN_HYDROXYLATION	0.3920684957723327			
JIANG_VHL_TARGETS	0.39197057407338187			
VERNELL_RETINOBLASTOMA_PATHWAY_DN	0.3919567178297702			
LIANG_HEMATOPOIESIS_STEM_CELL_NUMBER_SMALL_VS_HUGE_UP	0.39183876103974574			
MARTINEZ_RESPONSE_TO_TRABECTEDIN	0.3917879555676323			
GO_POSITIVE_REGULATION_OF_CELL_MATRIX_ADHESION	0.3917636516131665			
MAGRANGEAS_MULTIPLE_MYELOMA_IGG_VS_IGA_UP	0.3917439481145739			
GSE22033_UNTREATED_VS_MRL24_TREATED_MEF_DN	0.3915885583801561			
GSE2585_CTEC_VS_MTEC_THYMUS_UP	0.39158652642562136			
GO_FLOTILLIN_COMPLEX	0.39157393202505764			
PID_TAP63_PATHWAY	0.39153048982137595			
GO_CELL_SUBSTRATE_JUNCTION	0.3914524730086666			
GSE3982_DC_VS_TH1_UP	0.3914228596850917			
LEE_SP4_THYMOCYTE	0.3913753714195553			
GO_PEPTIDASE_INHIBITOR_COMPLEX	0.3913501211404413			
REACTOME_DEFECTIVE_B4GALT7_CAUSES_EDS_PROGEROID_TYPE	0.3912937072565949			
TURASHVILI_BREAST_LOBULAR_CARCINOMA_VS_DUCTAL_NORMAL_DN	0.3912750530636037			
MARTINEZ_TP53_TARGETS_DN	0.3912224479037888			
GO_MAMMARY_GLAND_DEVELOPMENT	0.3911785841629438			
GSE22886_DAY0_VS_DAY1_MONOCYTE_IN_CULTURE_DN	0.3911575957790941			
IPA_MEF2D_DN	0.39110639254943474			
REACTOME_GLYCOSAMINOGLYCAN_METABOLISM	0.391103301039602			
REACTOME_EXTRACELLULAR_MATRIX_ORGANIZATION	0.39102573564465254			
GO_MESODERMAL_CELL_DIFFERENTIATION	0.3910202210317275			
REACTOME_EPHA_MEDIATED_GROWTH_CONE_COLLAPSE	0.3910094502893579			
GSE20500_CTRL_VS_RETINOIC_ACID_TREATED_CD4_TCELL_DN	0.3909450841034002			
GSE2770_UNTREATED_VS_IL4_TREATED_ACT_CD4_TCELL_48H_UP	0.390932805186999			
REACTOME_SIGNALING_BY_MET	0.39091454584097424			
VERRECCHIA_RESPONSE_TO_TGFB1_C3	0.3909083462066824			
GO_REGULATION_OF_EPIDERMAL_GROWTH_FACTOR_ACTIVATED_RECEPTOR_ACTIVITY	0.3908536577993369			
GSE24634_TEFF_VS_TCONV_DAY10_IN_CULTURE_DN	0.39083601569315257			
LAMB_CCND1_TARGETS	0.39083503962525973			
GO_ENDOPLASMIC_RETICULUM	0.39082209175764754			
SMIRNOV_CIRCULATING_ENDOTHELIOCYTES_IN_CANCER_UP	0.3908152879059914			
GO_SEMAPHORIN_RECEPTOR_ACTIVITY	0.3907724380543969			
GO_EPITHELIAL_CELL_CELL_ADHESION	0.39076039804482615			
GO_ENDOPLASMIC_RETICULUM_GOLGI_INTERMEDIATE_COMPARTMENT_MEMBRANE	0.3907501823903787			
VERRECCHIA_DELAYED_RESPONSE_TO_TGFB1	0.3907383718959732			
HERNANDEZ_MITOTIC_ARREST_BY_DOCETAXEL_2_UP	0.3907082111658668			
GSE41978_ID2_KO_AND_BIM_KO_VS_BIM_KO_KLRG1_LOW_EFFECTOR_CD8_TCELL_DN	0.3906874567920344			
CLASPER_LYMPHATIC_VESSELS_DURING_METASTASIS_UP	0.3906270471996748			
GAUSSMANN_MLL_AF4_FUSION_TARGETS_E_UP	0.39060160881059236			
HUANG_DASATINIB_RESISTANCE_UP	0.3905268392142234			
GO_STEROL_TRANSPORT	0.3905137264387813			
GO_PROGESTERONE_RECEPTOR_SIGNALING_PATHWAY	0.39051367334759624			
PASINI_SUZ12_TARGETS_DN	0.390505972685492			
REACTOME_COPII_MEDIATED_VESICLE_TRANSPORT	0.3904985368731496			
JOHNSTONE_PARVB_TARGETS_2_UP	0.3904424346903763			
GSE13522_CTRL_VS_T_CRUZI_Y_STRAIN_INF_SKIN_129_MOUSE_UP	0.3904124884403027			
GSE22443_NAIVE_VS_ACT_AND_IL2_TREATED_CD8_TCELL_UP	0.39031772704821666			
PID_DELTA_NP63_PATHWAY	0.390309083772854			
PILON_KLF1_TARGETS_UP	0.3902359251247512			
GSE3039_NKT_CELL_VS_B2_BCELL_DN	0.390213512606262			
GO_SALIVARY_GLAND_DEVELOPMENT	0.39019367649564646			
GO_ENDOSOMAL_TRANSPORT	0.3901329381217848			
GROSS_HYPOXIA_VIA_ELK3_AND_HIF1A_DN	0.39008995475793445			
REACTOME_LISTERIA_MONOCYTOGENES_ENTRY_INTO_HOST_CELLS	0.3900669095688312			
MISSIAGLIA_REGULATED_BY_METHYLATION_UP	0.389983786952361			
QI_PLASMACYTOMA_DN	0.3899221337329882			
MEL18_DN.V1_UP	0.3898747632447787			
ZNF423_TARGET_GENES	0.3898728582154104			
GSE6259_FLT3L_INDUCED_33D1_POS_DC_VS_CD8_TCELL_UP	0.3897422996466144			
GSE16451_IMMATURE_VS_MATURE_NEURON_CELL_LINE_WEST_EQUINE_ENC_VIRUS_UP	0.3897046880677835			
REACTOME_SPHINGOLIPID_METABOLISM	0.3896902470873371			
GO_REGULATION_OF_PHOSPHOLIPID_BIOSYNTHETIC_PROCESS	0.3896210150393772			
PID_ARF6_PATHWAY	0.3896085329433351			
GSE32423_MEMORY_VS_NAIVE_CD8_TCELL_UP	0.38960697423962143			
ZHOU_TNF_SIGNALING_30MIN	0.38959008839754466			
GO_ALPHA_CATENIN_BINDING	0.38941445149248327			
KIM_WT1_TARGETS_12HR_DN	0.3893921037683166			
GO_CONTRACTILE_ACTIN_FILAMENT_BUNDLE_ASSEMBLY	0.3893582758181168			
HALLMARK_APOPTOSIS	0.38931747207940703			
AP1_C	0.3892517817633336			
GSE5589_LPS_VS_LPS_AND_IL6_STIM_IL6_KO_MACROPHAGE_45MIN_UP	0.3892197072928393			
GO_PEPTIDASE_REGULATOR_ACTIVITY	0.38919318931093666			
GSE45365_BCELL_VS_CD8_TCELL_DN	0.38917906081120535			
AMIT_EGF_RESPONSE_240_MCF10A	0.3891111545915373			
DORN_ADENOVIRUS_INFECTION_12HR_UP	0.38910711880618426			
ZHONG_SECRETOME_OF_LUNG_CANCER_AND_ENDOTHELIUM	0.38895252567641087			
PHONG_TNF_TARGETS_UP	0.3888880086214422			
GSE4748_CTRL_VS_LPS_AND_CYANOBACTERIUM_LPSLIKE_STIM_DC_3H_UP	0.38888535038705807			
GO_NEGATIVE_REGULATION_OF_INTRINSIC_APOPTOTIC_SIGNALING_PATHWAY	0.38887814508054364			
GO_NEGATIVE_REGULATION_OF_ANOIKIS	0.3888635012344867			
CERVERA_SDHB_TARGETS_1_UP	0.38885800329619397			
GSE3982_DC_VS_CENT_MEMORY_CD4_TCELL_UP	0.3888421293981641			
GO_POSITIVE_REGULATION_OF_PROTEIN_AUTOPHOSPHORYLATION	0.3887473759993588			
GSE42088_UNINF_VS_LEISHMANIA_INF_DC_8H_UP	0.38873756076645916			
GO_ELASTIN_CATABOLIC_PROCESS	0.3887301614572737			
MCBRYAN_PUBERTAL_BREAST_6_7WK_DN	0.388574974456538			
HARRIS_HYPOXIA	0.3885470260796768			
NABA_MATRISOME	0.38849685317741073			
SWEET_KRAS_TARGETS_DN	0.3884746558214271			
GOZGIT_ESR1_TARGETS_UP	0.3884414961842836			
GO_RECEPTOR_METABOLIC_PROCESS	0.38843023526388776			
ACEVEDO_LIVER_TUMOR_VS_NORMAL_ADJACENT_TISSUE_DN	0.3883926316492772			
AMIT_EGF_RESPONSE_60_HELA	0.38830990619737			
IGLV5_37_TARGET_GENES	0.3882880649952272			
GSE24142_ADULT_VS_FETAL_DN2_THYMOCYTE_DN	0.3882854126884414			
MARTORIATI_MDM4_TARGETS_NEUROEPITHELIUM_UP	0.38826111078174674			
APPIERTO_RESPONSE_TO_FENRETINIDE_UP	0.3882098936770241			
REACTOME_MET_PROMOTES_CELL_MOTILITY	0.3881666686437947			
BERENJENO_TRANSFORMED_BY_RHOA_FOREVER_DN	0.3881586091063096			
GO_MUSCLE_CELL_MIGRATION	0.3881493759580787			
GO_POSITIVE_REGULATION_OF_MORPHOGENESIS_OF_AN_EPITHELIUM	0.388127506902862			
PRMT5_TARGET_GENES	0.38812549492817067			
GO_VESICLE_TARGETING	0.38797788573721376			
ZNF654_TARGET_GENES	0.38793211374001035			
GO_NEGATIVE_REGULATION_OF_SIGNALING_RECEPTOR_ACTIVITY	0.38790795495004804			
GO_POSITIVE_REGULATION_OF_PROTEIN_BINDING	0.38784895778469275			
SUH_COEXPRESSED_WITH_ID1_AND_ID2_UP	0.38779285405456204			
SCHAEFFER_PROSTATE_DEVELOPMENT_12HR_UP	0.38776265160792556			
GO_COLLAGEN_CONTAINING_EXTRACELLULAR_MATRIX	0.3876973988889147			
ENGELMANN_CANCER_PROGENITORS_DN	0.3876689428425891			
WACKER_HYPOXIA_TARGETS_OF_VHL	0.38755049893352816			
SESTO_RESPONSE_TO_UV_C5	0.38754164771440397			
GO_S100_PROTEIN_BINDING	0.38753580565753143			
SIMBULAN_PARP1_TARGETS_UP	0.3875215277907832			
GO_EPIDERMAL_GROWTH_FACTOR_RECEPTOR_SIGNALING_PATHWAY	0.387510969181944			
REACTOME_SIGNALING_BY_PTK6	0.3874898843890041			
SESTO_RESPONSE_TO_UV_C0	0.3874813556492029			
ELVIDGE_HYPOXIA_UP	0.38742524703252906			
AP1_Q6	0.38739977906240625			
WONG_ADULT_TISSUE_STEM_MODULE	0.38739930174099435			
GO_PHOSPHATIDYLINOSITOL_BISPHOSPHATE_BINDING	0.3873351376680749			
PID_EPHB_FWD_PATHWAY	0.3872401847575466			
GO_GAP_JUNCTION_ASSEMBLY	0.38722860213594135			
GSE23308_CTRL_VS_CORTICOSTERONE_TREATED_MACROPHAGE_DN	0.38722814674875083			
LEE_LIVER_CANCER_E2F1_UP	0.38704877164448254			
GSE24634_IL4_VS_CTRL_TREATED_NAIVE_CD4_TCELL_DAY7_DN	0.387027191852499			
GSE5589_LPS_AND_IL10_VS_LPS_AND_IL6_STIM_IL6_KO_MACROPHAGE_45MIN_DN	0.3869882180838535			
GO_ENTRY_INTO_HOST	0.3869809361348076			
GO_AMINOGLYCAN_CATABOLIC_PROCESS	0.3869376115231772			
GO_OXIDOREDUCTASE_ACTIVITY_OXIDIZING_METAL_IONS	0.38687164824149256			
IPA_BACH1_DN	0.3868699072016999			
GO_APICAL_JUNCTION_ASSEMBLY	0.3868548504349704			
SWEET_LUNG_CANCER_KRAS_UP	0.38683475394370875			
GO_POSITIVE_REGULATION_OF_CELL_SUBSTRATE_ADHESION	0.3868131959409939			
GO_SARCOLEMMA	0.38680499143847874			
SARRIO_EPITHELIAL_MESENCHYMAL_TRANSITION_DN	0.3867950001353359			
GSE27092_WT_VS_HDAC7_PHOSPHO_DEFICIENT_CD8_TCELL_UP	0.38671353293624355			
GO_CLATHRIN_COATED_PIT	0.3866843546882148			
GO_LOW_DENSITY_LIPOPROTEIN_PARTICLE_RECEPTOR_BINDING	0.38664707195063447			
GO_TRANSFERASE_ACTIVITY_TRANSFERRING_HEXOSYL_GROUPS	0.38651557651076635			
GSE41978_WT_VS_ID2_KO_KLRG1_LOW_EFFECTOR_CD8_TCELL_UP	0.38649787536302627			
GO_REGULATION_OF_SPROUTING_ANGIOGENESIS	0.38646638128655597			
GO_CLUSTER_OF_ACTIN_BASED_CELL_PROJECTIONS	0.38636471828138874			
GO_CELLULAR_RESPONSE_TO_CHEMICAL_STRESS	0.38628400034938776			
REACTOME_DCC_MEDIATED_ATTRACTIVE_SIGNALING	0.38617602408978013			
BURTON_ADIPOGENESIS_2	0.3861295837247851			
REACTOME_HS_GAG_DEGRADATION	0.3860925251166432			
HINATA_NFKB_MATRIX	0.3860882151811089			
SESTO_RESPONSE_TO_UV_C6	0.3860490720935108			
GO_CAVEOLA	0.38599795855367536			
GO_REGULATION_OF_PROTEIN_CATABOLIC_PROCESS	0.38599422902575187			
GSE3982_MAC_VS_BASOPHIL_UP	0.3858712986263777			
REACTOME_HS_GAG_BIOSYNTHESIS	0.3858655205352883			
GO_POSITIVE_REGULATION_OF_ENDOTHELIAL_CELL_MIGRATION	0.38585128226763665			
PEDERSEN_METASTASIS_BY_ERBB2_ISOFORM_3	0.38584587011660315			
REACTOME_ESTROGEN_DEPENDENT_NUCLEAR_EVENTS_DOWNSTREAM_OF_ESR_MEMBRANE_SIGNALING	0.3858419462343859			
GSE21670_STAT3_KO_VS_WT_CD4_TCELL_IL6_TREATED_DN	0.385792729564431			
GO_BRANCHING_MORPHOGENESIS_OF_AN_EPITHELIAL_TUBE	0.38572307490458224			
GO_SMOOTH_MUSCLE_CELL_MIGRATION	0.3857025708180979			
IPA_TP63_UP	0.3856711687851952			
GO_ENDOTHELIAL_CELL_CHEMOTAXIS	0.38566607335785363			
GSE25123_WT_VS_PPARG_KO_MACROPHAGE_IL4_STIM_DN	0.3856395483956334			
RADMACHER_AML_PROGNOSIS	0.385601064060859			
GO_POSITIVE_REGULATION_OF_WOUND_HEALING	0.3855561995349417			
ELVIDGE_HYPOXIA_BY_DMOG_UP	0.3855194831011796			
LE_EGR2_TARGETS_DN	0.38547612450312857			
GSE11961_MARGINAL_ZONE_BCELL_VS_MEMORY_BCELL_DAY7_DN	0.3854450342951715			
GO_REGULATION_OF_RECEPTOR_MEDIATED_ENDOCYTOSIS	0.385384987349821			
GO_RESPONSE_TO_STEROID_HORMONE	0.38536791297407424			
SWEET_KRAS_ONCOGENIC_SIGNATURE	0.38536365812706536			
MCCABE_HOXC6_TARGETS_CANCER_DN	0.38534467957099205			
GO_ADHERENS_JUNCTION_ORGANIZATION	0.3853102539340687			
VANTVEER_BREAST_CANCER_BRCA1_DN	0.38529223651784056			
GSE9988_LOW_LPS_VS_ANTI_TREM1_AND_LPS_MONOCYTE_DN	0.38522565011616605			
GO_POSITIVE_REGULATION_OF_CELL_SUBSTRATE_JUNCTION_ORGANIZATION	0.3851870889953658			
GSE29618_PRE_VS_DAY7_POST_LAIV_FLU_VACCINE_PDC_UP	0.3851698771136708			
GO_ACTIN_CYTOSKELETON	0.3851458679218186			
GO_COLLAGEN_CATABOLIC_PROCESS	0.3850780970091743			
GO_TISSUE_REGENERATION	0.3850362470239953			
GSE3982_DC_VS_TH2_UP	0.38501013027803316			
GO_REGULATION_OF_HORMONE_METABOLIC_PROCESS	0.3849898614759469			
GO_DENDRITIC_SPINE_MAINTENANCE	0.3849510489247967			
GO_EXTRACELLULAR_VESICLE_BIOGENESIS	0.3847869035349088			
GO_SCHWANN_CELL_DIFFERENTIATION	0.3847813385141495			
GO_ZONULA_ADHERENS	0.384755017526255			
DAZARD_UV_RESPONSE_CLUSTER_G2	0.3847048206643349			
GO_RESPONSE_TO_CORTICOSTEROID	0.38469712476107804			
GO_FORMATION_OF_PRIMARY_GERM_LAYER	0.3845920006012833			
GO_METANEPHRIC_NEPHRON_TUBULE_EPITHELIAL_CELL_DIFFERENTIATION	0.38457658438750075			
HUMMERICH_SKIN_CANCER_PROGRESSION_UP	0.3845208429599213			
TSENG_ADIPOGENIC_POTENTIAL_DN	0.38451395763849816			
GSE1112_HY_CD8AB_VS_HY_CD8AA_THYMOCYTE_RTOC_CULTURE_DN	0.3843861253548854			
NAKAMURA_TUMOR_ZONE_PERIPHERAL_VS_CENTRAL_DN	0.3843835161532168			
GSE4748_CTRL_VS_CYANOBACTERIUM_LPSLIKE_STIM_DC_1H_UP	0.384383073691326			
HALLMARK_HYPOXIA	0.3843087073436975			
GSE29618_BCELL_VS_MONOCYTE_DN	0.38430428957890705			
GO_BLOOD_VESSEL_ENDOTHELIAL_CELL_PROLIFERATION_INVOLVED_IN_SPROUTING_ANGIOGENESIS	0.38429161368367476			
COATES_MACROPHAGE_M1_VS_M2_DN	0.3842190652464708			
HUPER_BREAST_BASAL_VS_LUMINAL_UP	0.38411696556811636			
GO_CORTICAL_ENDOPLASMIC_RETICULUM	0.38411326341638696			
DNMT1_TARGET_GENES	0.3841127396441369			
REACTOME_SEMA4D_IN_SEMAPHORIN_SIGNALING	0.38405988660412516			
GSE36888_UNTREATED_VS_IL2_TREATED_STAT5_AB_KNOCKIN_TCELL_2H_UP	0.3840473394610375			
WIKMAN_ASBESTOS_LUNG_CANCER_UP	0.3839245677144324			
GO_COLLAGEN_BINDING	0.3839237641973755			
GO_CLATHRIN_HEAVY_CHAIN_BINDING	0.38390884510196777			
GO_RESPONSE_TO_THYROID_HORMONE	0.38385532705534803			
GSE360_L_MAJOR_VS_B_MALAYI_HIGH_DOSE_MAC_UP	0.3838361204889376			
BLUM_RESPONSE_TO_SALIRASIB_UP	0.3837465526524697			
GO_EXTRACELLULAR_STRUCTURE_ORGANIZATION	0.3836776665169104			
GSE9601_UNTREATED_VS_NFKB_INHIBITOR_TREATED_HCMV_INF_MONOCYTE_UP	0.38360426415692217			
LIANG_SILENCED_BY_METHYLATION_UP	0.38354508672684656			
GSE2826_WT_VS_XID_BCELL_DN	0.383542965301387			
REACTOME_EPH_EPHRIN_SIGNALING	0.38341287032281013			
ZWANG_CLASS_2_TRANSIENTLY_INDUCED_BY_EGF	0.3834101559178539			
GO_NEGATIVE_REGULATION_OF_HYDROLASE_ACTIVITY	0.38332360399911086			
GSE22886_IGG_IGA_MEMORY_BCELL_VS_BM_PLASMA_CELL_DN	0.3833083858968273			
GO_POST_GOLGI_VESICLE_MEDIATED_TRANSPORT	0.38330370344322434			
GO_REGULATION_OF_CELL_SUBSTRATE_ADHESION	0.38326079275035835			
NAKAJIMA_MAST_CELL	0.38318862167034023			
GO_COLLAGEN_BINDING_INVOLVED_IN_CELL_MATRIX_ADHESION	0.38317158443925176			
GO_POSITIVE_REGULATION_OF_INTRINSIC_APOPTOTIC_SIGNALING_PATHWAY_IN_RESPONSE_TO_DNA_DAMAGE	0.38315529001892296			
GARGALOVIC_RESPONSE_TO_OXIDIZED_PHOSPHOLIPIDS_TURQUOISE_UP	0.38311218783560497			
GO_PODOSOME	0.3830910693669136			
LINDGREN_BLADDER_CANCER_CLUSTER_3_DN	0.3830236804793679			
GO_REGULATION_OF_BLOOD_VESSEL_REMODELING	0.38299203425107853			
GO_INTERMEDIATE_FILAMENT_BASED_PROCESS	0.3829317100787531			
GO_PLACENTA_DEVELOPMENT	0.38284765363066425			
GO_REGULATION_OF_PROTEIN_MATURATION	0.3828374146463232			
GSE11961_FOLLICULAR_BCELL_VS_MARGINAL_ZONE_BCELL_DN	0.3828337025218459			
GO_EXTRINSIC_COMPONENT_OF_EXTERNAL_SIDE_OF_PLASMA_MEMBRANE	0.38280635214264225			
P53_DN.V1_UP	0.38273383596646027			
GO_THYROID_HORMONE_BINDING	0.38271994924732633			
GO_REGULATION_OF_CELL_PROJECTION_ASSEMBLY	0.38271673669948625			
GO_BASAL_PLASMA_MEMBRANE	0.38268942504924475			
HALLMARK_APICAL_JUNCTION	0.3826715907325989			
GO_REGULATION_OF_RESPONSE_TO_ENDOPLASMIC_RETICULUM_STRESS	0.38261528030780556			
GSE8921_3H_VS_24H_TLR1_2_STIM_MONOCYTE_DN	0.3825573843113697			
VERRECCHIA_EARLY_RESPONSE_TO_TGFB1	0.38243895330657857			
NUYTTEN_EZH2_TARGETS_UP	0.3824052068049897			
REACTOME_SHC1_EVENTS_IN_ERBB2_SIGNALING	0.38238752261722836			
TIEN_INTESTINE_PROBIOTICS_6HR_DN	0.3823790938245838			
GO_TRANSFORMING_GROWTH_FACTOR_BETA_RECEPTOR_SIGNALING_PATHWAY	0.3823776376730079			
GSE18281_SUBCAPSULAR_CORTICAL_REGION_VS_WHOLE_CORTEX_THYMUS_UP	0.3823584631592481			
GO_LAMININ_1_BINDING	0.38234375075431565			
LEE_LIVER_CANCER_HEPATOBLAST	0.3822893157570792			
GO_PROSTANOID_BIOSYNTHETIC_PROCESS	0.38227206974636785			
GO_POSITIVE_REGULATION_OF_CELL_MIGRATION_INVOLVED_IN_SPROUTING_ANGIOGENESIS	0.3821919469576259			
GSE22886_IGM_MEMORY_BCELL_VS_BM_PLASMA_CELL_DN	0.38218738202280916			
GO_REGULATION_OF_SUBSTRATE_ADHESION_DEPENDENT_CELL_SPREADING	0.3821599015677202			
SASSON_RESPONSE_TO_GONADOTROPHINS_UP	0.38213110610725404			
GO_EXTRACELLULAR_MATRIX	0.38208580270445136			
WANG_THOC1_TARGETS_UP	0.3820371127005247			
PLASARI_TGFB1_TARGETS_1HR_UP	0.38190373704920677			
GO_POSITIVE_REGULATION_OF_PROSTAGLANDIN_BIOSYNTHETIC_PROCESS	0.3818201386233796			
GSE26928_NAIVE_VS_EFF_MEMORY_CD4_TCELL_DN	0.3818119299742433			
PID_ARF6_TRAFFICKING_PATHWAY	0.38179674344201847			
GSE9988_ANTI_TREM1_AND_LPS_VS_VEHICLE_TREATED_MONOCYTES_UP	0.3817628137085219			
GO_POSITIVE_REGULATION_OF_MAMMARY_GLAND_EPITHELIAL_CELL_PROLIFERATION	0.38172018107089434			
PHONG_TNF_RESPONSE_VIA_P38_COMPLETE	0.38169265768892063			
FOXD2_TARGET_GENES	0.381687934529377			
GO_EXOGENOUS_PROTEIN_BINDING	0.3816770384061829			
GSE35685_CD34POS_CD10NEG_CD62LPOS_VS_CD34POS_CD10POS_BONE_MARROW_UP	0.38166033096804486			
REACTOME_SIGNALING_BY_WNT_IN_CANCER	0.38163053416459497			
WOOD_EBV_EBNA1_TARGETS_UP	0.3816243564698001			
XU_GH1_AUTOCRINE_TARGETS_DN	0.3815160713189535			
TONKS_TARGETS_OF_RUNX1_RUNX1T1_FUSION_SUSTAINDED_IN_ERYTHROCYTE_UP	0.38150955215680044			
GO_REGULATION_OF_CELLULAR_PROTEIN_LOCALIZATION	0.3814557277420513			
GSE17721_CTRL_VS_CPG_2H_BMDC_DN	0.38143345796517003			
GO_EXTRACELLULAR_MATRIX_DISASSEMBLY	0.3814334550680182			
GO_RECYCLING_ENDOSOME	0.38143183197429237			
BOYLAN_MULTIPLE_MYELOMA_PCA3_UP	0.38132459200753616			
GSE42021_CD24HI_VS_CD24LOW_TCONV_THYMUS_UP	0.38126629647795385			
GSE1432_1H_VS_24H_IFNG_MICROGLIA_UP	0.38126201087485856			
PICCALUGA_ANGIOIMMUNOBLASTIC_LYMPHOMA_UP	0.38125261676471467			
GO_MESODERM_MORPHOGENESIS	0.3812306298122067			
GSE30971_WBP7_HET_VS_KO_MACROPHAGE_4H_LPS_STIM_UP	0.3811430923946082			
BCAT_BILD_ET_AL_UP	0.3811293406863135			
KANG_CISPLATIN_RESISTANCE_UP	0.3811272703619085			
LI_CISPLATIN_RESISTANCE_DN	0.3810743216789591			
GSE339_EX_VIVO_VS_IN_CULTURE_CD8POS_DC_DN	0.3810699824800107			
GERY_CEBP_TARGETS	0.3810601390819183			
CRX_NRL_DN.V1_DN	0.38099392474082067			
IPA_SMAD4_UP	0.38097475723270097			
VALK_AML_CLUSTER_2	0.380950341384197			
FLECHNER_BIOPSY_KIDNEY_TRANSPLANT_REJECTED_VS_OK_DN	0.38087835532477066			
STK33_NOMO_UP	0.38084561350041896			
AMIT_EGF_RESPONSE_480_MCF10A	0.38079809145055815			
GO_REGULATION_OF_PROTEIN_HOMOOLIGOMERIZATION	0.3807712639623237			
LEE_NEURAL_CREST_STEM_CELL_DN	0.3807675457779209			
RAMALHO_STEMNESS_UP	0.3806698770992602			
GO_MULTI_MULTICELLULAR_ORGANISM_PROCESS	0.38066334231141913			
GO_TRANSMEMBRANE_RECEPTOR_PROTEIN_TYROSINE_KINASE_ACTIVITY	0.38054202479462756			
GO_NEGATIVE_REGULATION_OF_EPITHELIAL_CELL_MIGRATION	0.3804088133785411			
BURTON_ADIPOGENESIS_PEAK_AT_8HR	0.3803554852453538			
GO_HEMIDESMOSOME	0.3803422204149162			
GSE43955_TH0_VS_TGFB_IL6_TH17_ACT_CD4_TCELL_60H_DN	0.38033273129014866			
E2F1_UP.V1_DN	0.3803297925911989			
GO_PROTEIN_LOCALIZATION_TO_VACUOLE	0.38029096538414847			
GSE9650_EFFECTOR_VS_EXHAUSTED_CD8_TCELL_DN	0.38027060282305747			
GO_MAMMARY_GLAND_ALVEOLUS_DEVELOPMENT	0.38025904100619073			
GO_CELLULAR_PIGMENTATION	0.3802353016176387			
REACTOME_SIGNALING_BY_RECEPTOR_TYROSINE_KINASES	0.38013862797387205			
GO_TRANSMEMBRANE_RECEPTOR_PROTEIN_KINASE_ACTIVITY	0.3800837834263597			
ACEVEDO_LIVER_CANCER_DN	0.38008335176039015			
GSE2770_IL4_ACT_VS_ACT_CD4_TCELL_6H_DN	0.37996895091483596			
GO_TRANSMEMBRANE_RECEPTOR_PROTEIN_TYROSINE_KINASE_SIGNALING_PATHWAY	0.37996776863417653			
GO_REGULATION_OF_CELLULAR_COMPONENT_MOVEMENT	0.3799526697149166			
BACOLOD_RESISTANCE_TO_ALKYLATING_AGENTS_UP	0.37995079350363997			
ONDER_CDH1_TARGETS_2_DN	0.37989290201224674			
COLIN_PILOCYTIC_ASTROCYTOMA_VS_GLIOBLASTOMA_DN	0.37988357784164445			
SENESE_HDAC3_TARGETS_UP	0.3798564969742692			
BIOCARTA_AGR_PATHWAY	0.37982326617361784			
GO_SEX_DIFFERENTIATION	0.379782038462222			
GO_AMINOGLYCAN_BIOSYNTHETIC_PROCESS	0.3797568621237029			
KERLEY_RESPONSE_TO_CISPLATIN_UP	0.3797428464163484			
GO_CELL_DIFFERENTIATION_INVOLVED_IN_KIDNEY_DEVELOPMENT	0.3797354846924077			
GO_SERTOLI_CELL_DIFFERENTIATION	0.37971332109888045			
SESTO_RESPONSE_TO_UV_C1	0.37970283924821585			
GO_REGULATION_OF_AMYLOID_FIBRIL_FORMATION	0.3796474975642954			
GO_PLACENTA_BLOOD_VESSEL_DEVELOPMENT	0.37964156478671496			
PID_SYNDECAN_2_PATHWAY	0.379638843765225			
GO_AMINOGLYCAN_METABOLIC_PROCESS	0.37963495241067274			
JOSEPH_RESPONSE_TO_SODIUM_BUTYRATE_UP	0.37960487037978063			
GO_LIPID_DROPLET	0.3795970535636133			
GO_ER_NUCLEUS_SIGNALING_PATHWAY	0.3795752623642064			
GO_PYRIMIDINE_NUCLEOTIDE_SUGAR_TRANSMEMBRANE_TRANSPORTER_ACTIVITY	0.37952679435448355			
KUROKAWA_LIVER_CANCER_EARLY_RECURRENCE_UP	0.3794191261989919			
GO_GLAND_DEVELOPMENT	0.37938413136356647			
GO_REGULATION_OF_PINOCYTOSIS	0.3793641142234484			
GO_INTERACTION_WITH_HOST	0.37935497071710034			
EIF4E_DN	0.37933086255827025			
GSE339_EX_VIVO_VS_IN_CULTURE_CD4POS_DC_DN	0.37929073285305764			
GO_ENDOSOME_TO_LYSOSOME_TRANSPORT	0.3792578136679626			
GO_ADHERENS_JUNCTION_MAINTENANCE	0.37924230030750844			
GSE42021_CD24HI_TREG_VS_CD24HI_TCONV_THYMUS_DN	0.37923387860464003			
GO_CELLULAR_COMPONENT_ASSEMBLY_INVOLVED_IN_MORPHOGENESIS	0.3792336802788621			
RODRIGUES_NTN1_TARGETS_DN	0.3792323964733212			
GO_NEGATIVE_REGULATION_OF_EPIDERMAL_GROWTH_FACTOR_ACTIVATED_RECEPTOR_ACTIVITY	0.37912118059475447			
IPA_NFATC1_DN	0.3790677331412414			
GO_TRANS_GOLGI_NETWORK_TRANSPORT_VESICLE	0.3790560101126106			
LEE_LIVER_CANCER_DENA_UP	0.37895325398413066			
BOYAULT_LIVER_CANCER_SUBCLASS_G56_DN	0.3789512110377842			
ZHU_CMV_24_HR_DN	0.3789367589572591			
IPA_NFE2L2_UP	0.3788630298557632			
GSE42021_TREG_PLN_VS_CD24INT_TREG_THYMUS_UP	0.37884165557706373			
MARTINEZ_RB1_TARGETS_DN	0.3788170875831432			
REACTOME_PEXOPHAGY	0.37879777616856586			
GO_ELASTIN_METABOLIC_PROCESS	0.37876013292272354			
GO_INTEGRIN_BINDING	0.37869497396399726			
LANDIS_BREAST_CANCER_PROGRESSION_DN	0.3786525248536566			
GO_GOLGI_TO_PLASMA_MEMBRANE_TRANSPORT	0.3786349731878523			
GO_REGULATION_OF_PROTEOLYSIS	0.3786241041715284			
WANG_HCP_PROSTATE_CANCER	0.3786220361905387			
REACTOME_VISUAL_PHOTOTRANSDUCTION	0.3786208167810633			
GSE5589_LPS_AND_IL10_VS_LPS_AND_IL6_STIM_IL10_KO_MACROPHAGE_45MIN_UP	0.3786049755365988			
GSE23505_UNTREATED_VS_4DAY_IL6_IL1_TREATED_CD4_TCELL_DN	0.37855325185396643			
GSE3039_ALPHABETA_CD8_TCELL_VS_B1_BCELL_DN	0.37850923530724817			
ZWANG_EGF_INTERVAL_DN	0.37850840457192325			
REACTOME_ECM_PROTEOGLYCANS	0.37848864097608603			
GO_MICROVILLUS_ASSEMBLY	0.3784237898085893			
GO_NOTCH_SIGNALING_PATHWAY	0.3783700094695437			
GO_COPPER_ION_BINDING	0.37836457922588995			
GO_LUNG_VASCULATURE_DEVELOPMENT	0.3782844088122015			
GSE37301_HEMATOPOIETIC_STEM_CELL_VS_GRAN_MONO_PROGENITOR_DN	0.37825420722362546			
GO_PHOSPHATIDYLINOSITOL_4_5_BISPHOSPHATE_BINDING	0.3782280497046545			
GO_REGULATION_OF_RECEPTOR_CATABOLIC_PROCESS	0.3781677671178756			
WESTON_VEGFA_TARGETS_6HR	0.3780543275130273			
XU_HGF_SIGNALING_NOT_VIA_AKT1_48HR_UP	0.3780491318879669			
GO_LEYDIG_CELL_DIFFERENTIATION	0.37802725453261043			
KAN_RESPONSE_TO_ARSENIC_TRIOXIDE	0.37797592310257844			
GO_NEGATIVE_REGULATION_OF_INTERLEUKIN_8_SECRETION	0.3779583054683669			
TAGHAVI_NEOPLASTIC_TRANSFORMATION	0.37793454785562			
GO_NEGATIVE_REGULATION_BY_HOST_OF_SYMBIONT_MOLECULAR_FUNCTION	0.37792332918315247			
GO_CONTRACTILE_FIBER	0.37791416071245393			
TAKEDA_TARGETS_OF_NUP98_HOXA9_FUSION_10D_DN	0.37790363534171284			
DAUER_STAT3_TARGETS_UP	0.3778469875792374			
PID_WNT_SIGNALING_PATHWAY	0.3778272602041696			
MIR124_3P	0.37773578900436217			
BERENJENO_ROCK_SIGNALING_NOT_VIA_RHOA_UP	0.37770615327561746			
REACTOME_DISEASES_ASSOCIATED_WITH_GLYCOSAMINOGLYCAN_METABOLISM	0.3777057526167376			
GO_NEPHRON_EPITHELIUM_DEVELOPMENT	0.37760482645738674			
REACTOME_SIGNALING_BY_HIPPO	0.3775806247135475			
GSE21670_UNTREATED_VS_TGFB_TREATED_CD4_TCELL_DN	0.377573240353513			
LEIN_CHOROID_PLEXUS_MARKERS	0.3775724249164291			
GSE360_L_MAJOR_VS_B_MALAYI_LOW_DOSE_MAC_UP	0.3775477549232622			
GSE3720_UNSTIM_VS_LPS_STIM_VD2_GAMMADELTA_TCELL_DN	0.3775405125885863			
OLSSON_E2F3_TARGETS_UP	0.3775163647529263			
GO_LOCOMOTION	0.37746093594720065			
GO_EXTRACELLULAR_MATRIX_ASSEMBLY	0.37738184146315307			
VERRECCHIA_RESPONSE_TO_TGFB1_C1	0.37737743517281197			
GO_PYRIMIDINE_NUCLEOTIDE_SUGAR_TRANSMEMBRANE_TRANSPORT	0.37737370865921105			
NOUSHMEHR_GBM_SOMATIC_MUTATED	0.3773465156372141			
IKEDA_MIR1_TARGETS_UP	0.3772875351921693			
REACTOME_RUNX3_REGULATES_YAP1_MEDIATED_TRANSCRIPTION	0.37727337145084716			
ABRAHAM_ALPC_VS_MULTIPLE_MYELOMA_UP	0.37724814918726346			
FISCHER_DIRECT_P53_TARGETS_META_ANALYSIS	0.3771967124423892			
MIR506_3P	0.37715451927644045			
GO_REGULATION_OF_ANOIKIS	0.377147235050548			
GROSS_HYPOXIA_VIA_ELK3_DN	0.37714661278956724			
GO_MESONEPHRIC_TUBULE_MORPHOGENESIS	0.3770798481720444			
GO_REGULATION_OF_CHONDROCYTE_DIFFERENTIATION	0.37707783979938075			
DAZARD_RESPONSE_TO_UV_SCC_UP	0.3770662959808455			
CSR_EARLY_UP.V1_UP	0.37705846357321454			
GO_PLASMA_MEMBRANE_ORGANIZATION	0.37701685019112435			
GO_NEGATIVE_REGULATION_OF_ENDOTHELIAL_CELL_DIFFERENTIATION	0.37701323898633954			
NAKAMURA_TUMOR_ZONE_PERIPHERAL_VS_CENTRAL_UP	0.3769977344234247			
GSE24634_TREG_VS_TCONV_POST_DAY10_IL4_CONVERSION_DN	0.37697719411868336			
GSE3982_BCELL_VS_EFF_MEMORY_CD4_TCELL_DN	0.37697152730318934			
GAUSSMANN_MLL_AF4_FUSION_TARGETS_F_UP	0.37695451467266555			
GSE22935_UNSTIM_VS_24H_MBOVIS_BCG_STIM_MYD88_KO_MACROPHAGE_UP	0.37693847165169453			
NABA_BASEMENT_MEMBRANES	0.37689818443081863			
GO_ENDOPLASMIC_RETICULUM_LUMEN	0.37687202860029145			
GO_REGULATION_OF_RECEPTOR_BINDING	0.37686045079634817			
GO_MATERNAL_PLACENTA_DEVELOPMENT	0.3768445463483133			
ZIRN_TRETINOIN_RESPONSE_UP	0.3768305940661023			
PID_ERBB1_DOWNSTREAM_PATHWAY	0.37679852186193064			
GO_BASEMENT_MEMBRANE_ASSEMBLY	0.37677259124986445			
GO_INSULIN_RESPONSIVE_COMPARTMENT	0.37665748061891696			
VALK_AML_CLUSTER_3	0.37664798892748763			
DELACROIX_RAR_TARGETS_UP	0.37663105889646203			
GO_NEGATIVE_REGULATION_OF_LIPID_BIOSYNTHETIC_PROCESS	0.3766256327642961			
LUND_SILENCED_BY_METHYLATION	0.3765880501473022			
RODRIGUES_NTN1_AND_DCC_TARGETS	0.3765662627559767			
REACTOME_FIBRONECTIN_MATRIX_FORMATION	0.37654549561408496			
KEGG_LYSOSOME	0.37651375346276983			
DASU_IL6_SIGNALING_UP	0.3764994266665078			
KIM_WT1_TARGETS_8HR_UP	0.37645648367114526			
GO_FEMALE_PREGNANCY	0.3764440414817124			
GO_CORTICAL_ACTIN_CYTOSKELETON	0.37641495261726887			
CYCLIN_D1_KE_.V1_UP	0.3764058639672854			
GO_REGULATION_OF_ACTOMYOSIN_STRUCTURE_ORGANIZATION	0.3763709925248864			
GSE18804_SPLEEN_MACROPHAGE_VS_BRAIN_TUMORAL_MACROPHAGE_UP	0.37621102458331673			
GO_POSITIVE_REGULATION_OF_HYDROGEN_PEROXIDE_BIOSYNTHETIC_PROCESS	0.3761995009577721			
RICKMAN_HEAD_AND_NECK_CANCER_C	0.37619110449903564			
GO_NEGATIVE_REGULATION_OF_PROTEIN_LOCALIZATION_TO_MEMBRANE	0.37613127982778344			
GO_NUCLEOTIDE_SUGAR_TRANSMEMBRANE_TRANSPORT	0.3761063655570657			
GO_SCHWANN_CELL_DEVELOPMENT	0.376065727423555			
GO_CARDIAC_MUSCLE_CELL_ACTION_POTENTIAL_INVOLVED_IN_CONTRACTION	0.376052590556178			
GO_REGULATION_OF_ACTIN_FILAMENT_BASED_MOVEMENT	0.3760481451798195			
GO_CELLULAR_RESPONSE_TO_INCREASED_OXYGEN_LEVELS	0.3760380366635089			
TONKS_TARGETS_OF_RUNX1_RUNX1T1_FUSION_ERYTHROCYTE_UP	0.3760311665320186			
FOURNIER_ACINAR_DEVELOPMENT_EARLY_UP	0.37600949277044937			
GO_NEGATIVE_REGULATION_OF_PROTEOLYSIS	0.3759930950806744			
SCHAEFFER_PROSTATE_DEVELOPMENT_AND_CANCER_BOX6_DN	0.37599277157377187			
RAF_UP.V1_DN	0.37585402576294363			
GO_CYTOCHROME_B5_REDUCTASE_ACTIVITY_ACTING_ON_NAD_P_H	0.37585262416379484			
GO_ACTIN_FILAMENT_BASED_PROCESS	0.3757910116947177			
GO_ER_RETENTION_SEQUENCE_BINDING	0.3757880254788338			
GSE1925_CTRL_VS_IFNG_PRIMED_MACROPHAGE_UP	0.37570638123950406			
GO_ATP_DEPENDENT_PROTEIN_BINDING	0.37567175300470257			
GO_DECIDUALIZATION	0.3755747297303721			
ROZANOV_MMP14_TARGETS_DN	0.37555834134642946			
GSE22886_TH1_VS_TH2_48H_ACT_UP	0.37554060911593906			
BIOCARTA_EEA1_PATHWAY	0.37552225601546574			
DAZARD_UV_RESPONSE_CLUSTER_G28	0.3754130141023443			
LIEN_BREAST_CARCINOMA_METAPLASTIC_VS_DUCTAL_UP	0.37539466373807984			
REACTOME_CELL_CELL_JUNCTION_ORGANIZATION	0.37539032353843177			
MOOTHA_PGC	0.37534361600275273			
GCNP_SHH_UP_LATE.V1_DN	0.3753179118965793			
GO_ESTABLISHMENT_OF_PIGMENT_GRANULE_LOCALIZATION	0.37518198849166007			
GO_BLOOD_VESSEL_MORPHOGENESIS	0.37517645936164395			
REACTOME_PTK6_PROMOTES_HIF1A_STABILIZATION	0.37517429684779774			
PID_MET_PATHWAY	0.37511612677811546			
GO_CELL_MOTILITY	0.37508636797114153			
IPA_PPARG_UP	0.37508301900218494			
PID_INTEGRIN1_PATHWAY	0.375031744354373			
LOPEZ_MESOTHELIOMA_SURVIVAL_WORST_VS_BEST_UP	0.37498812787436303			
GO_POSITIVE_REGULATION_OF_SUBSTRATE_ADHESION_DEPENDENT_CELL_SPREADING	0.3749258501934626			
APPEL_IMATINIB_RESPONSE	0.3749234806275527			
GSE12392_CD8A_POS_VS_NEG_SPLEEN_DC_UP	0.3749116199749105			
PID_EPHA2_FWD_PATHWAY	0.374832916223005			
REACTOME_RHO_GTPASES_ACTIVATE_ROCKS	0.3747929105466711			
TBX1_TARGET_GENES	0.3746919939512107			
REACTOME_PI3K_EVENTS_IN_ERBB2_SIGNALING	0.3746231328580099			
GO_REGULATION_OF_MESENCHYMAL_CELL_PROLIFERATION	0.3745196313600811			
IPA_FOXM1_DN	0.3744956411843452			
SASSON_RESPONSE_TO_FORSKOLIN_UP	0.374493175727103			
GREB1_TARGET_GENES	0.37446645727483935			
VALK_AML_CLUSTER_15	0.37441843293421956			
SMITH_TERT_TARGETS_UP	0.37439017558118814			
GO_SEMAPHORIN_PLEXIN_SIGNALING_PATHWAY_INVOLVED_IN_NEURON_PROJECTION_GUIDANCE	0.37438365257232586			
GO_BRANCH_ELONGATION_OF_AN_EPITHELIUM	0.37432531734749813			
WELCSH_BRCA1_TARGETS_UP	0.3742597145077007			
BASAKI_YBX1_TARGETS_DN	0.37424886623338893			
KIM_PTEN_TARGETS_UP	0.3742126480935582			
GO_MEMBRANE_BIOGENESIS	0.3742006847505626			
GO_CELL_PROJECTION_MEMBRANE	0.37416460835909976			
REACTOME_ADHERENS_JUNCTIONS_INTERACTIONS	0.3741343072809581			
GO_SYNAPTIC_GROWTH_AT_NEUROMUSCULAR_JUNCTION	0.3740811442801031			
GO_MYELIN_SHEATH_ABAXONAL_REGION	0.37402125393825997			
CHANDRAN_METASTASIS_DN	0.37400719539888133			
GO_EPITHELIAL_CELL_DIFFERENTIATION_INVOLVED_IN_KIDNEY_DEVELOPMENT	0.37399597482590774			
GO_RENAL_ABSORPTION	0.3739466629858632			
GO_REGULATION_OF_METANEPHROS_DEVELOPMENT	0.3738652197295706			
GO_KIDNEY_EPITHELIUM_DEVELOPMENT	0.373817559069189			
GO_LAMELLIPODIUM_ORGANIZATION	0.3737244576837883			
REACTOME_A_TETRASACCHARIDE_LINKER_SEQUENCE_IS_REQUIRED_FOR_GAG_SYNTHESIS	0.3737014977669179			
GO_REGULATION_OF_PROTEIN_TYROSINE_KINASE_ACTIVITY	0.3736721341483872			
GSE16522_MEMORY_VS_NAIVE_CD8_TCELL_UP	0.3736703037361682			
GO_VESICLE_MEDIATED_TRANSPORT_BETWEEN_ENDOSOMAL_COMPARTMENTS	0.37360946085482505			
GO_GLIAL_CELL_DEVELOPMENT	0.3735551784207763			
REACTOME_CLATHRIN_MEDIATED_ENDOCYTOSIS	0.37355267939655973			
GO_ENDOPLASMIC_RETICULUM_UNFOLDED_PROTEIN_RESPONSE	0.37350349090718205			
GSE5960_TH1_VS_ANERGIC_TH1_DN	0.37346007270533804			
KEGG_TIGHT_JUNCTION	0.37344445921443964			
IPA_ESR1_UP	0.37341899838824016			
GO_REGULATION_OF_EXTRINSIC_APOPTOTIC_SIGNALING_PATHWAY	0.3734152546857772			
GSE24671_CTRL_VS_BAKIMULC_INFECTED_MOUSE_SPLENOCYTES_DN	0.3733633418522059			
GSE17721_LPS_VS_POLYIC_1H_BMDC_UP	0.373361675106955			
GO_HORMONE_METABOLIC_PROCESS	0.373275645202311			
GO_REGULATION_OF_SYNAPTIC_GROWTH_AT_NEUROMUSCULAR_JUNCTION	0.3732168431213547			
BMI1_DN_MEL18_DN.V1_UP	0.37318419525347746			
GSE15659_NAIVE_VS_PTPRC_NEG_CD4_TCELL_DN	0.37317815748867805			
BIOCARTA_SPRY_PATHWAY	0.3731693164041008			
MOREAUX_MULTIPLE_MYELOMA_BY_TACI_UP	0.37306685919076515			
GSE1460_CD4_THYMOCYTE_VS_THYMIC_STROMAL_CELL_DN	0.3729982741703892			
DAVICIONI_TARGETS_OF_PAX_FOXO1_FUSIONS_UP	0.3728689448766429			
GO_CELL_LEADING_EDGE	0.3728481656804879			
HELLEBREKERS_SILENCED_DURING_TUMOR_ANGIOGENESIS	0.37283915217395797			
PID_ECADHERIN_NASCENT_AJ_PATHWAY	0.372821429137351			
HALLMARK_MYOGENESIS	0.3727444907822194			
TOOKER_GEMCITABINE_RESISTANCE_UP	0.3726039205338158			
GO_POSITIVE_REGULATION_OF_UNSATURATED_FATTY_ACID_BIOSYNTHETIC_PROCESS	0.3725148501537094			
GO_MAMMARY_GLAND_EPITHELIAL_CELL_PROLIFERATION	0.37241401514157685			
GSE7852_THYMUS_VS_FAT_TCONV_DN	0.372349612463253			
GO_NUCLEOTIDE_SUGAR_TRANSMEMBRANE_TRANSPORTER_ACTIVITY	0.37230968276545506			
BREDEMEYER_RAG_SIGNALING_VIA_ATM_NOT_VIA_NFKB_UP	0.37224816717416204			
MISHRA_CARCINOMA_ASSOCIATED_FIBROBLAST_DN	0.372067693247958			
GO_NEGATIVE_REGULATION_OF_COLLAGEN_METABOLIC_PROCESS	0.3720333481589034			
GO_REGULATION_OF_BODY_FLUID_LEVELS	0.3720130438643826			
GSE2585_AIRE_KO_VS_WT_CD80_HIGH_MTEC_DN	0.3720122021484362			
GO_ESTABLISHMENT_OF_ENDOTHELIAL_INTESTINAL_BARRIER	0.3719890723230034			
LANDIS_ERBB2_BREAST_TUMORS_65_DN	0.3719600649219287			
REACTOME_DISEASES_OF_GLYCOSYLATION	0.3718276036153392			
HALLMARK_CHOLESTEROL_HOMEOSTASIS	0.3717554483005889			
SPIRA_SMOKERS_LUNG_CANCER_UP	0.3716869039519776			
IVANOVSKA_MIR106B_TARGETS	0.3716019964279965			
REACTOME_SIGNALING_BY_EGFR_IN_CANCER	0.3716014644408076			
REACTOME_APOPTOTIC_CLEAVAGE_OF_CELLULAR_PROTEINS	0.3715819669490752			
GO_TRANSFORMING_GROWTH_FACTOR_BETA2_PRODUCTION	0.371556579924913			
GO_CARDIOVASCULAR_SYSTEM_DEVELOPMENT	0.3715343362091458			
GSE20754_WT_VS_TCF1_KO_MEMORY_CD8_TCELL_UP	0.3715319692932837			
GO_VASCULOGENESIS	0.3715072983432974			
GO_DEVELOPMENT_OF_PRIMARY_SEXUAL_CHARACTERISTICS	0.3714645845229374			
LI_PROSTATE_CANCER_EPIGENETIC	0.3714638111375729			
PRC2_EZH2_UP.V1_UP	0.3714545124331746			
GO_ENSHEATHMENT_OF_NEURONS	0.3714529554367829			
CHIBA_RESPONSE_TO_TSA_UP	0.37140758654669087			
HOSHIDA_LIVER_CANCER_SUBCLASS_S3	0.37134675809943174			
ROZANOV_MMP14_TARGETS_SUBSET	0.37134272623959835			
GSE24142_DN2_VS_DN3_THYMOCYTE_ADULT_UP	0.3713081184739037			
REACTOME_ER_TO_GOLGI_ANTEROGRADE_TRANSPORT	0.3712541556641387			
CHEN_PDGF_TARGETS	0.3712229434367178			
GO_GLYCOPROTEIN_COMPLEX	0.37119442183327805			
BURTON_ADIPOGENESIS_8	0.3711899273111187			
GSE2770_IL12_ACT_VS_ACT_CD4_TCELL_48H_UP	0.37116097462858805			
RUTELLA_RESPONSE_TO_HGF_UP	0.371118684249946			
ZHOU_INFLAMMATORY_RESPONSE_LIVE_UP	0.3710678670444016			
GO_NEGATIVE_REGULATION_OF_ENDOCYTOSIS	0.3710635332215686			
LOPEZ_MBD_TARGETS	0.37104450543588335			
GSE37301_MULTIPOTENT_PROGENITOR_VS_LYMPHOID_PRIMED_MPP_DN	0.37101609960696397			
GENTILE_UV_LOW_DOSE_UP	0.3710020718905912			
GO_SERTOLI_CELL_DEVELOPMENT	0.3709795214162092			
LU_EZH2_TARGETS_UP	0.37094450973653725			
GO_ANIMAL_ORGAN_MORPHOGENESIS	0.37088142300730953			
REACTOME_SIGNALING_BY_ERBB2	0.3708781531559907			
SMID_BREAST_CANCER_BASAL_UP	0.3708333041230562			
GSE3982_MAC_VS_NEUTROPHIL_UP	0.3708323306525104			
HWANG_PROSTATE_CANCER_MARKERS	0.37080330096381603			
FRIDMAN_SENESCENCE_UP	0.3707726428971381			
CHEMNITZ_RESPONSE_TO_PROSTAGLANDIN_E2_DN	0.3707634833713965			
GO_EPITHELIAL_CELL_MORPHOGENESIS	0.37074281038774676			
GSE9946_IMMATURE_VS_MATURE_STIMULATORY_DC_DN	0.37074201928948575			
REACTOME_DISEASES_OF_METABOLISM	0.37073099261660886			
LEE_LIVER_CANCER_CIPROFIBRATE_UP	0.3707218898943881			
BRUECKNER_TARGETS_OF_MIRLET7A3_DN	0.3707178833383514			
IPA_MAFF_UP	0.3706933873607001			
GO_UDP_GLYCOSYLTRANSFERASE_ACTIVITY	0.3706889416149263			
GO_RESPONSE_TO_ESTROGEN	0.3706414203438212			
KRIEG_KDM3A_TARGETS_NOT_HYPOXIA	0.3706001793717911			
GO_AXIS_ELONGATION	0.3705839817813263			
REACTOME_LDL_CLEARANCE	0.3705257245262803			
GO_PLASMA_MEMBRANE_RAFT_ORGANIZATION	0.3705052054685055			
WENDT_COHESIN_TARGETS_UP	0.37050434327813647			
HALMOS_CEBPA_TARGETS_DN	0.3704965699755216			
GO_METANEPHRIC_NEPHRON_DEVELOPMENT	0.3704965410403197			
DANG_MYC_TARGETS_DN	0.37048166250176323			
HALLMARK_TNFA_SIGNALING_VIA_NFKB	0.3704486296494546			
GO_RE_ENTRY_INTO_MITOTIC_CELL_CYCLE	0.3704443890034173			
GO_GROWTH_FACTOR_RECEPTOR_BINDING	0.3704259814509556			
GO_EARLY_ENDOSOME	0.3703946374577913			
GO_GASTRULATION	0.3701981907116447			
REACTOME_IRON_UPTAKE_AND_TRANSPORT	0.37019417367089297			
LEONARD_HYPOXIA	0.3701609545880797			
GO_PIGMENT_GRANULE_LOCALIZATION	0.37015828831217357			
SINGH_NFE2L2_TARGETS	0.3701339034121568			
GO_POSITIVE_REGULATION_OF_VESICLE_FUSION	0.370045073270928			
KEGG_BLADDER_CANCER	0.3700280606777824			
GSE24142_EARLY_THYMIC_PROGENITOR_VS_DN3_THYMOCYTE_UP	0.36993089276517266			
PCGF1_TARGET_GENES	0.3699248145636371			
REACTOME_RHO_GTPASES_ACTIVATE_PAKS	0.369903001403515			
GSE6259_FLT3L_INDUCED_DEC205_POS_DC_VS_BCELL_UP	0.3698719537729853			
PETROVA_ENDOTHELIUM_LYMPHATIC_VS_BLOOD_DN	0.3698238417360804			
GO_CYTIDYLYLTRANSFERASE_ACTIVITY	0.369800759500352			
GO_FIBRONECTIN_BINDING	0.36978660565152227			
GSE45739_UNSTIM_VS_ACD3_ACD28_STIM_WT_CD4_TCELL_UP	0.3697466576259987			
GO_SARCOMERE_ORGANIZATION	0.3697180102623679			
GO_PHAGOPHORE_ASSEMBLY_SITE	0.36963120237819896			
GO_COPI_COATED_VESICLE_MEMBRANE	0.3695724688257768			
SASAI_RESISTANCE_TO_NEOPLASTIC_TRANSFROMATION	0.3694580476326105			
GSE34156_NOD2_LIGAND_VS_TLR1_TLR2_LIGAND_6H_TREATED_MONOCYTE_DN	0.3694308531701755			
IPA_BRCA2_UP	0.36942822989722907			
GSE40685_NAIVE_CD4_TCELL_VS_FOXP3_KO_TREG_PRECURSOR_DN	0.3694207324550102			
GSE1432_CTRL_VS_IFNG_24H_MICROGLIA_UP	0.3693887204918503			
REACTOME_SIGNALING_BY_ERBB2_IN_CANCER	0.3693404053411601			
PID_INTEGRIN3_PATHWAY	0.3693353296102269			
HOFMANN_MYELODYSPLASTIC_SYNDROM_RISK_UP	0.3692670368280032			
GO_PERK_MEDIATED_UNFOLDED_PROTEIN_RESPONSE	0.3692118300725992			
GO_CELLULAR_RESPONSE_TO_TOPOLOGICALLY_INCORRECT_PROTEIN	0.3692073200909705			
GO_INTRACELLULAR_STEROL_TRANSPORT	0.3691496838759876			
HASINA_NOL7_TARGETS_UP	0.36911311368566607			
GO_RECEPTOR_MEDIATED_ENDOCYTOSIS	0.3690869462051473			
TIEN_INTESTINE_PROBIOTICS_24HR_DN	0.3690787849588039			
LIU_PROSTATE_CANCER_DN	0.3690706333099441			
OUELLET_CULTURED_OVARIAN_CANCER_INVASIVE_VS_LMP_UP	0.36906823157183605			
GO_REGULATION_OF_LOW_DENSITY_LIPOPROTEIN_PARTICLE_RECEPTOR_CATABOLIC_PROCESS	0.3690088507171873			
GO_MORPHOGENESIS_OF_AN_EPITHELIAL_SHEET	0.36898292156544643			
GO_PLATELET_ALPHA_GRANULE	0.36897998442009206			
AHRR_TARGET_GENES	0.3689791682211093			
GO_NEGATIVE_REGULATION_OF_CHOLESTEROL_STORAGE	0.3689776544302656			
GO_PROTEASE_BINDING	0.3689668016815267			
GSE36392_MAC_VS_NEUTROPHIL_IL25_TREATED_LUNG_DN	0.36892753250088556			
NABA_ECM_AFFILIATED	0.3688912000489381			
GO_MESONEPHROS_DEVELOPMENT	0.36888792784485114			
LIN_APC_TARGETS	0.3688662266852186			
LIM_MAMMARY_LUMINAL_MATURE_UP	0.36886613525365936			
GO_ENZYME_LINKED_RECEPTOR_PROTEIN_SIGNALING_PATHWAY	0.368841565383519			
TAKEDA_TARGETS_OF_NUP98_HOXA9_FUSION_16D_DN	0.3688173925518632			
GO_MAMMARY_GLAND_EPITHELIUM_DEVELOPMENT	0.3688088095444262			
SASSON_RESPONSE_TO_FORSKOLIN_DN	0.36876226331445877			
REACTOME_EGFR_INTERACTS_WITH_PHOSPHOLIPASE_C_GAMMA	0.36871925209169837			
GO_FIBRINOLYSIS	0.3687071040496933			
MATTHEWS_SKIN_CARCINOGENESIS_VIA_JUN	0.3686038936175138			
GO_KERATAN_SULFATE_METABOLIC_PROCESS	0.3685974460215612			
GSE35685_CD34POS_CD38NEG_VS_CD34POS_CD10NEG_CD62LPOS_BONE_MARROW_UP	0.3685906116179433			
REACTOME_SPHINGOLIPID_DE_NOVO_BIOSYNTHESIS	0.3685271997554889			
HNF1A_TARGET_GENES	0.3685035636127194			
GSE1460_INTRATHYMIC_T_PROGENITOR_VS_NAIVE_CD4_TCELL_CORD_BLOOD_DN	0.36850109024191596			
REACTOME_BASIGIN_INTERACTIONS	0.36849626239967426			
IPA_WT1_UP	0.3684933951806429			
QI_HYPOXIA_TARGETS_OF_HIF1A_AND_FOXA2	0.3684569485508577			
HELLER_HDAC_TARGETS_UP	0.36844872834313613			
GO_POSITIVE_REGULATION_OF_VIRAL_RELEASE_FROM_HOST_CELL	0.368439241948406			
GO_GOLGI_MEMBRANE	0.36842905400042475			
ITO_PTTG1_TARGETS_UP	0.36838222647800595			
GO_LATERAL_PLASMA_MEMBRANE	0.3683396350711247			
GO_NEGATIVE_REGULATION_OF_RHO_PROTEIN_SIGNAL_TRANSDUCTION	0.3683213751193618			
GSE39820_CTRL_VS_TGFBETA1_IL6_CD4_TCELL_DN	0.3682846443572047			
NAKAMURA_ADIPOGENESIS_EARLY_DN	0.36826265879868786			
GO_REGULATION_OF_MEMBRANE_PROTEIN_ECTODOMAIN_PROTEOLYSIS	0.36817494698294295			
GO_RESPONSE_TO_COPPER_ION	0.3681097693887312			
GO_TRANSITION_METAL_ION_HOMEOSTASIS	0.3680193044653512			
NAKAMURA_ADIPOGENESIS_LATE_DN	0.3679870591654189			
LEIN_ASTROCYTE_MARKERS	0.367975375483456			
KEGG_SMALL_CELL_LUNG_CANCER	0.36797402641824084			
GO_NATURAL_KILLER_CELL_MEDIATED_IMMUNE_RESPONSE_TO_TUMOR_CELL	0.36796670389792296			
GO_NEGATIVE_REGULATION_OF_CELL_MIGRATION_INVOLVED_IN_SPROUTING_ANGIOGENESIS	0.36793659404004			
BROWNE_HCMV_INFECTION_16HR_DN	0.3679084498915859			
GO_REGULATION_OF_PROTEASOMAL_PROTEIN_CATABOLIC_PROCESS	0.3678433262724959			
GO_REGULATION_OF_CELLULAR_PROTEIN_CATABOLIC_PROCESS	0.36777891039861593			
GO_LIPOPROTEIN_PARTICLE_RECEPTOR_BINDING	0.3676367997511307			
GO_RESPONSE_TO_GONADOTROPIN	0.3675660648764245			
KEGG_HYPERTROPHIC_CARDIOMYOPATHY_HCM	0.36755778610262196			
GO_NEGATIVE_REGULATION_OF_PROTEIN_LOCALIZATION_TO_CELL_PERIPHERY	0.36754377963785057			
GO_RESPIRATORY_SYSTEM_DEVELOPMENT	0.36754147852464397			
WESTON_VEGFA_TARGETS	0.3675177931531966			
LTE2_UP.V1_DN	0.3675170992844315			
GSE5589_IL6_KO_VS_IL10_KO_LPS_AND_IL6_STIM_MACROPHAGE_45MIN_DN	0.36751206157979516			
BROWNE_HCMV_INFECTION_24HR_DN	0.3674808763343719			
GSE11961_FOLLICULAR_BCELL_VS_GERMINAL_CENTER_BCELL_DAY7_DN	0.36746856394349114			
KRIEG_HYPOXIA_NOT_VIA_KDM3A	0.36745913804113783			
GO_TISSUE_REMODELING	0.3673266194226986			
GO_SKELETAL_MUSCLE_TISSUE_REGENERATION	0.3673173525506069			
GO_BRUSH_BORDER	0.36721597169212084			
JACKSON_DNMT1_TARGETS_UP	0.367207344355066			
PRAMOONJAGO_SOX4_TARGETS_UP	0.3671971778354915			
ZHANG_BREAST_CANCER_PROGENITORS_DN	0.36719542275924993			
GO_POSITIVE_REGULATION_OF_CARTILAGE_DEVELOPMENT	0.3671552892652907			
KATSANOU_ELAVL1_TARGETS_UP	0.3671343746808936			
IWANAGA_CARCINOGENESIS_BY_KRAS_UP	0.3671248420630175			
GO_NEGATIVE_REGULATION_OF_PEPTIDYL_SERINE_PHOSPHORYLATION	0.3670757420786079			
GO_ALDEHYDE_DEHYDROGENASE_NAD_P_PLUS_ACTIVITY	0.36704248561207786			
GO_POSITIVE_REGULATION_OF_LOCOMOTION	0.36704119359309084			
BRUINS_UVC_RESPONSE_LATE	0.36701989344193603			
MIYAGAWA_TARGETS_OF_EWSR1_ETS_FUSIONS_UP	0.36701667422985645			
COLIN_PILOCYTIC_ASTROCYTOMA_VS_GLIOBLASTOMA_UP	0.3669761189147828			
REACTOME_COLLAGEN_FORMATION	0.36696365917322765			
MARCHINI_TRABECTEDIN_RESISTANCE_DN	0.36691968866410124			
TONKS_TARGETS_OF_RUNX1_RUNX1T1_FUSION_MONOCYTE_UP	0.36691000314991457			
JIANG_HYPOXIA_VIA_VHL	0.3668998099470919			
YAO_HOXA10_TARGETS_VIA_PROGESTERONE_DN	0.36686600468998154			
BECKER_TAMOXIFEN_RESISTANCE_DN	0.3668419665927636			
GO_POSITIVE_REGULATION_OF_PROTEIN_CATABOLIC_PROCESS	0.36682226654556277			
WEIGEL_OXIDATIVE_STRESS_RESPONSE	0.36674625429514174			
GO_INFLAMMATORY_RESPONSE_TO_WOUNDING	0.3666709021832942			
GENTILE_UV_RESPONSE_CLUSTER_D7	0.3666640988325003			
ZNF707_TARGET_GENES	0.3666636250358348			
REACTOME_RUNX1_REGULATES_TRANSCRIPTION_OF_GENES_INVOLVED_IN_DIFFERENTIATION_OF_KERATINOCYTES	0.3666610859127852			
GSE1432_6H_VS_24H_IFNG_MICROGLIA_UP	0.36661686662043935			
GO_REGULATION_OF_VENTRICULAR_CARDIAC_MUSCLE_CELL_ACTION_POTENTIAL	0.36655441401078553			
YIH_RESPONSE_TO_ARSENITE_C5	0.3665544030081166			
GO_PHOSPHOTRANSFERASE_ACTIVITY_FOR_OTHER_SUBSTITUTED_PHOSPHATE_GROUPS	0.3665444125235488			
GO_T_TUBULE_ORGANIZATION	0.3665325842888792			
GO_PERIPHERAL_NERVOUS_SYSTEM_DEVELOPMENT	0.36651154881862597			
GO_HIPPO_SIGNALING	0.3665054478266424			
GO_POSITIVE_REGULATION_OF_CHONDROCYTE_DIFFERENTIATION	0.36647622970916527			
ZNF92_TARGET_GENES	0.36640445944377886			
GO_TIGHT_JUNCTION	0.3663880072722431			
RORIE_TARGETS_OF_EWSR1_FLI1_FUSION_UP	0.3663619133167192			
INGRAM_SHH_TARGETS_UP	0.36635901560000955			
LAIHO_COLORECTAL_CANCER_SERRATED_UP	0.3663018323253414			
WEINMANN_ADAPTATION_TO_HYPOXIA_UP	0.36628602824147616			
GO_POSITIVE_REGULATION_OF_CYTOSKELETON_ORGANIZATION	0.3662430679967373			
GO_MEMBRANE_ORGANIZATION	0.3662416527173589			
GO_PLASMA_MEMBRANE_RAFT_ASSEMBLY	0.3662309525587343			
GSE16522_ANTI_CD3CD28_STIM_VS_UNSTIM_MEMORY_CD8_TCELL_UP	0.36619998304689			
GSE17721_CTRL_VS_POLYIC_24H_BMDC_DN	0.3661901857587976			
DORSEY_GAB2_TARGETS	0.366187714217262			
GO_REGULATION_OF_ENDOTHELIAL_CELL_DIFFERENTIATION	0.366152856165991			
GSE42088_UNINF_VS_LEISHMANIA_INF_DC_2H_UP	0.36606076870090265			
VERHAAK_GLIOBLASTOMA_CLASSICAL	0.366024070450207			
GO_ECTODERM_DEVELOPMENT	0.36598147778679635			
GO_RECEPTOR_MEDIATED_ENDOCYTOSIS_INVOLVED_IN_CHOLESTEROL_TRANSPORT	0.36593731222333004			
VANDESLUIS_COMMD1_TARGETS_GROUP_4_UP	0.36591891014285677			
SCHUETZ_BREAST_CANCER_DUCTAL_INVASIVE_DN	0.3659180326484502			
IPA_TP73_UP	0.3659031541206685			
GO_MEMBRANE_REPOLARIZATION_DURING_ACTION_POTENTIAL	0.36588233065743647			
GO_REGULATION_OF_VASCULATURE_DEVELOPMENT	0.36576824514517586			
GO_MODULATION_OF_AGE_RELATED_BEHAVIORAL_DECLINE	0.3657571472065717			
JOHANSSON_BRAIN_CANCER_EARLY_VS_LATE_DN	0.36573845367013624			
GO_GALACTOSYLTRANSFERASE_ACTIVITY	0.3657259829607614			
REACTOME_HEPARAN_SULFATE_HEPARIN_HS_GAG_METABOLISM	0.3657233390266738			
KYNG_DNA_DAMAGE_DN	0.3657229349942766			
GO_BRANCHING_INVOLVED_IN_SALIVARY_GLAND_MORPHOGENESIS	0.3657158798146288			
GO_NEGATIVE_REGULATION_OF_LONG_TERM_SYNAPTIC_POTENTIATION	0.3656992374074863			
REACTOME_RESPONSE_TO_ELEVATED_PLATELET_CYTOSOLIC_CA2	0.3656351544497571			
GSE16522_MEMORY_VS_NAIVE_CD8_TCELL_DN	0.36563448657543446			
GAJATE_RESPONSE_TO_TRABECTEDIN_UP	0.3656024403052294			
GSE16451_CTRL_VS_WEST_EQUINE_ENC_VIRUS_MATURE_NEURON_CELL_LINE_UP	0.3655820534852964			
SASSON_RESPONSE_TO_GONADOTROPHINS_DN	0.36557871347274146			
SHIRAISHI_PLZF_TARGETS_UP	0.3655554343653606			
WAMUNYOKOLI_OVARIAN_CANCER_GRADES_1_2_UP	0.36548062295473194			
GSE37605_FOXP3_FUSION_GFP_VS_IRES_GFP_TREG_C57BL6_DN	0.3654615823794382			
GSE3982_MAC_VS_NKCELL_UP	0.3654574540756726			
TOMLINS_PROSTATE_CANCER_DN	0.3654358813158002			
GO_REGULATION_OF_MICROVILLUS_ASSEMBLY	0.3654274572452582			
WIERENGA_STAT5A_TARGETS_GROUP1	0.3653402002579385			
GO_RETINAL_METABOLIC_PROCESS	0.365304496871998			
GSE2128_C57BL6_VS_NOD_CD4CD8_DP_THYMOCYTE_UP	0.36526067441256227			
GSE25085_FETAL_BM_VS_ADULT_BM_SP4_THYMIC_IMPLANT_DN	0.3652463709363168			
GO_NEPHRON_TUBULE_EPITHELIAL_CELL_DIFFERENTIATION	0.36524479295110485			
GO_GROWTH_FACTOR_BINDING	0.3652236673669437			
ZNF530_TARGET_GENES	0.3652164265061925			
GO_ASTROCYTE_PROJECTION	0.36516370782841373			
GO_REGULATION_OF_ANATOMICAL_STRUCTURE_MORPHOGENESIS	0.365026556145151			
GO_WNT_ACTIVATED_RECEPTOR_ACTIVITY	0.36501654939772443			
GO_NEURAL_CREST_CELL_MIGRATION	0.365015175445583			
GSE3565_DUSP1_VS_WT_SPLENOCYTES_POST_LPS_INJECTION_DN	0.36500395105237043			
GSE34156_UNTREATED_VS_24H_TLR1_TLR2_LIGAND_TREATED_MONOCYTE_UP	0.3649821508704886			
GSE40068_CXCR5NEG_BCL6NEG_CD4_TCELL_VS_CXCR5POS_BCL6NEG_TFH_DN	0.3649423231180056			
GO_CARTILAGE_DEVELOPMENT_INVOLVED_IN_ENDOCHONDRAL_BONE_MORPHOGENESIS	0.3649187435184964			
GO_REGULATION_OF_CELL_SHAPE	0.36491413842695164			
LOPEZ_MESOTHELIOMA_SURVIVAL_OVERALL_DN	0.3649109737750068			
GSE45365_NK_CELL_VS_BCELL_UP	0.3648830174306683			
GO_REGULATION_OF_BICELLULAR_TIGHT_JUNCTION_ASSEMBLY	0.3648820551591851			
YIH_RESPONSE_TO_ARSENITE_C4	0.3648787326085015			
GO_PROTEIN_TARGETING_TO_VACUOLE	0.36486256680409684			
GO_REGENERATION	0.3646713914762425			
GO_EMBRYONIC_MORPHOGENESIS	0.36466673839791275			
MARIADASON_RESPONSE_TO_BUTYRATE_CURCUMIN_SULINDAC_TSA_1	0.36463624163628816			
UBN1_TARGET_GENES	0.3646075136580122			
IPA_NFE2L3_DN	0.3645592821103479			
GO_NEGATIVE_REGULATION_OF_TRANSCRIPTION_FROM_RNA_POLYMERASE_II_PROMOTER_IN_RESPONSE_TO_STRESS	0.3645529256229376			
GO_SPHINGOID_BIOSYNTHETIC_PROCESS	0.36437402632709065			
GO_CELLULAR_TRANSITION_METAL_ION_HOMEOSTASIS	0.36437358447636653			
GROSS_ELK3_TARGETS_UP	0.3643727836650618			
STEIN_ESRRA_TARGETS_UP	0.3643650219218573			
GSE29618_MONOCYTE_VS_PDC_DAY7_FLU_VACCINE_UP	0.3643346563070811			
GSE15330_LYMPHOID_MULTIPOTENT_VS_GRANULOCYTE_MONOCYTE_PROGENITOR_IKAROS_KO_DN	0.3642999238605196			
GO_AMYLOID_BETA_CLEARANCE_BY_TRANSCYTOSIS	0.3642627838883854			
GO_POSITIVE_REGULATION_OF_VACUOLE_ORGANIZATION	0.36424567054766044			
GO_CARDIAC_MUSCLE_CELL_CONTRACTION	0.36423891552508963			
DALESSIO_TSA_RESPONSE	0.3641667895991618			
GO_CIRCULATORY_SYSTEM_DEVELOPMENT	0.3641547506069188			
GO_CLEAVAGE_FURROW_FORMATION	0.3641445822955921			
GO_CELL_CELL_ADHESION_VIA_PLASMA_MEMBRANE_ADHESION_MOLECULES	0.3641292387947971			
GSE3039_NKT_CELL_VS_ALPHABETA_CD8_TCELL_UP	0.36410374098651827			
GO_REGULATION_OF_CARDIAC_MUSCLE_CELL_ACTION_POTENTIAL	0.36409763807147155			
GSE5589_LPS_VS_LPS_AND_IL10_STIM_MACROPHAGE_180MIN_DN	0.3640138055382946			
SAGIV_CD24_TARGETS_DN	0.36397780139728697			
GO_RECYCLING_ENDOSOME_MEMBRANE	0.3639512370687567			
GO_REGULATION_OF_EXOSOMAL_SECRETION	0.36387939775707584			
GSE12963_UNINF_VS_ENV_AND_NEF_AND_VPR_DEFICIENT_HIV1_INF_CD4_TCELL_DN	0.3638648785717137			
GSE11961_FOLLICULAR_BCELL_VS_MEMORY_BCELL_DAY40_DN	0.3638302815155143			
GSE9988_ANTI_TREM1_AND_LPS_VS_CTRL_TREATED_MONOCYTES_UP	0.36382584632816856			
GSE21546_SAP1A_KO_VS_SAP1A_KO_AND_ELK1_KO_DP_THYMOCYTES_UP	0.363822901333208			
MAINA_VHL_TARGETS_DN	0.3637692611405036			
KDM5D_TARGET_GENES	0.363598398091311			
TSENG_IRS1_TARGETS_DN	0.3635878040035564			
GO_VENTRICULAR_CARDIAC_MUSCLE_CELL_ACTION_POTENTIAL	0.3635750750903369			
NABA_SECRETED_FACTORS	0.36355790923601267			
CASTELLANO_NRAS_TARGETS_UP	0.363526397697332			
GO_REGULATION_OF_GLIAL_CELL_DIFFERENTIATION	0.3635246495668246			
QI_HYPOXIA	0.3634642226753423			
GRAHAM_NORMAL_QUIESCENT_VS_NORMAL_DIVIDING_UP	0.36344781647914565			
BREUHAHN_GROWTH_FACTOR_SIGNALING_IN_LIVER_CANCER	0.3634381711918954			
GO_VENTRICULAR_CARDIAC_MUSCLE_CELL_DEVELOPMENT	0.3633188020298659			
GSE32986_GMCSF_VS_GMCSF_AND_CURDLAN_HIGHDOSE_STIM_DC_UP	0.36318976992164337			
GO_NEPHRON_MORPHOGENESIS	0.36312530276060406			
VERRECCHIA_RESPONSE_TO_TGFB1_C4	0.36312426400742565			
GSE3982_NKCELL_VS_TH1_UP	0.36311796327888113			
GO_MEMBRANE_PROTEIN_ECTODOMAIN_PROTEOLYSIS	0.3631089749401897			
MARTINEZ_RB1_AND_TP53_TARGETS_DN	0.36308344743823195			
GO_NEGATIVE_REGULATION_OF_MOLECULAR_FUNCTION_IN_OTHER_ORGANISM	0.3630651951376398			
GSE9316_IL6_KO_VS_IFNG_KO_INVIVO_EXPANDED_CD4_TCELL_UP	0.3630198039915431			
SCHAEFFER_PROSTATE_DEVELOPMENT_6HR_DN	0.3630013550412943			
GO_DISULFIDE_OXIDOREDUCTASE_ACTIVITY	0.3629647127050832			
MASSARWEH_TAMOXIFEN_RESISTANCE_DN	0.3629601557279932			
GO_REGULATION_OF_ACTIN_FILAMENT_BASED_PROCESS	0.36294449638671145			
GSE29949_CD8_NEG_DC_SPLEEN_VS_CD8_POS_DC_SPLEEN_UP	0.36291129351961654			
MIR6773_5P	0.3628940219906521			
GSE22886_NAIVE_BCELL_VS_BM_PLASMA_CELL_DN	0.3628874810610522			
GO_NEGATIVE_REGULATION_OF_PHOSPHOLIPASE_ACTIVITY	0.3628367891352662			
STAMBOLSKY_RESPONSE_TO_VITAMIN_D3_UP	0.36273132144455617			
SHEPARD_BMYB_MORPHOLINO_UP	0.36272793465496317			
STK33_UP	0.3627125551685644			
GO_REGULATION_OF_EPITHELIAL_CELL_DIFFERENTIATION_INVOLVED_IN_KIDNEY_DEVELOPMENT	0.3627116071618253			
GO_COPI_COATED_VESICLE_BUDDING	0.3627106350256729			
GO_THIOREDOXIN_DISULFIDE_REDUCTASE_ACTIVITY	0.3626852128458781			
GO_ACTIN_FILAMENT_ORGANIZATION	0.36268277643422253			
GO_RESPONSE_TO_GROWTH_FACTOR	0.36266854487389644			
GO_ENDOTHELIAL_CELL_MORPHOGENESIS	0.3626666170002788			
GO_CELL_JUNCTION_MAINTENANCE	0.3626208116583143			
YAO_TEMPORAL_RESPONSE_TO_PROGESTERONE_CLUSTER_0	0.3625738032425277			
TONKS_TARGETS_OF_RUNX1_RUNX1T1_FUSION_SUSTAINED_IN_MONOCYTE_UP	0.3625660194443789			
BIOCARTA_PLATELETAPP_PATHWAY	0.3625646945577241			
GO_ODONTOGENESIS	0.3625425082101462			
GO_PROTEIN_MATURATION	0.36251575083426896			
GO_GOLGI_TO_PLASMA_MEMBRANE_PROTEIN_TRANSPORT	0.3624490033518086			
GSE3982_EOSINOPHIL_VS_BCELL_UP	0.36244730618465104			
BHAT_ESR1_TARGETS_NOT_VIA_AKT1_UP	0.3624194550532593			
RODWELL_AGING_KIDNEY_NO_BLOOD_UP	0.36241142351002775			
KYNG_DNA_DAMAGE_BY_GAMMA_AND_UV_RADIATION	0.3623644016340827			
STONER_ESOPHAGEAL_CARCINOGENESIS_UP	0.3623587447792197			
GO_STRUCTURAL_CONSTITUENT_OF_MUSCLE	0.36229437524857794			
MARTORIATI_MDM4_TARGETS_FETAL_LIVER_UP	0.3622653894073292			
GO_RENAL_TUBULE_DEVELOPMENT	0.3622539445135262			
ZHAN_MULTIPLE_MYELOMA_MS_UP	0.36220781600856283			
ZHOU_INFLAMMATORY_RESPONSE_FIMA_UP	0.3621971437983344			
GO_PLATELET_DERIVED_GROWTH_FACTOR_RECEPTOR_SIGNALING_PATHWAY	0.3621814595748431			
BOSCO_EPITHELIAL_DIFFERENTIATION_MODULE	0.3621748106047952			
WANG_THOC1_TARGETS_DN	0.36215590375216045			
OISHI_CHOLANGIOMA_STEM_CELL_LIKE_DN	0.362154552605071			
LIU_IL13_MEMORY_MODEL_DN	0.3621299203199788			
WILLIAMS_ESR2_TARGETS_DN	0.36212741239897417			
SHEDDEN_LUNG_CANCER_GOOD_SURVIVAL_A4	0.3621195131589246			
GO_INTRAMEMBRANE_LIPID_TRANSPORTER_ACTIVITY	0.36211385525339834			
DACOSTA_UV_RESPONSE_VIA_ERCC3_TTD_UP	0.3619694011256343			
GSE6269_E_COLI_VS_STREP_PNEUMO_INF_PBMC_DN	0.3619428628271329			
GO_TERPENOID_METABOLIC_PROCESS	0.3618609689255213			
GO_POSITIVE_REGULATION_OF_GLIAL_CELL_DIFFERENTIATION	0.3618391649725167			
GSE6269_HEALTHY_VS_E_COLI_INF_PBMC_DN	0.3618030055486344			
REACTOME_TFAP2_AP_2_FAMILY_REGULATES_TRANSCRIPTION_OF_GROWTH_FACTORS_AND_THEIR_RECEPTORS	0.36174536491583303			
SCHAEFFER_PROSTATE_DEVELOPMENT_AND_CANCER_BOX5_DN	0.3616803618020888			
ONDER_CDH1_TARGETS_1_DN	0.3616713329099043			
GO_MEMBRANE_REPOLARIZATION	0.3616687514480511			
GO_SUPRAMOLECULAR_FIBER_ORGANIZATION	0.36158588611623715			
GO_RESPONSE_TO_HORMONE	0.3615851468849232			
GO_RETINAL_BLOOD_VESSEL_MORPHOGENESIS	0.3615699138234056			
GSE17721_CPG_VS_GARDIQUIMOD_8H_BMDC_DN	0.3614549730313408			
MCDOWELL_ACUTE_LUNG_INJURY_UP	0.3614058489248952			
RADAEVA_RESPONSE_TO_IFNA1_DN	0.361363798257765			
GSE30971_CTRL_VS_LPS_STIM_MACROPHAGE_WBP7_HET_2H_UP	0.36134587051492834			
GO_VITAMIN_BINDING	0.3613436969893787			
MENSE_HYPOXIA_UP	0.36127968438311425			
KANG_FLUOROURACIL_RESISTANCE_UP	0.36124097252229576			
GO_SKIN_DEVELOPMENT	0.361219377288277			
GO_SPHINGOLIPID_METABOLIC_PROCESS	0.3612131366821826			
GSE25085_FETAL_LIVER_VS_FETAL_BM_SP4_THYMIC_IMPLANT_DN	0.3610233670408968			
GO_ACROSOMAL_MEMBRANE	0.36099940796318647			
IVANOVA_HEMATOPOIESIS_STEM_CELL_LONG_TERM	0.36097269680026395			
GARGALOVIC_RESPONSE_TO_OXIDIZED_PHOSPHOLIPIDS_TAN_DN	0.3609530811709789			
GSE37301_PRO_BCELL_VS_GRANULOCYTE_MONOCYTE_PROGENITOR_DN	0.36093850353313184			
WATANABE_ULCERATIVE_COLITIS_WITH_CANCER_UP	0.36092870793414517			
MIZUKAMI_HYPOXIA_UP	0.3609044325435137			
GSE37605_NOD_VS_C57BL6_IRES_GFP_TREG_UP	0.36087678088235003			
CUI_GLUCOSE_DEPRIVATION	0.3608734498350697			
GO_NEGATIVE_REGULATION_OF_CHONDROCYTE_DIFFERENTIATION	0.3608716170751528			
GSE10325_BCELL_VS_MYELOID_DN	0.3608367274560414			
KINSEY_TARGETS_OF_EWSR1_FLII_FUSION_DN	0.3608082535668879			
XU_HGF_TARGETS_INDUCED_BY_AKT1_48HR_UP	0.36079586147566245			
GSE34156_UNTREATED_VS_6H_TLR1_TLR2_LIGAND_TREATED_MONOCYTE_UP	0.3606924637797857			
TONKS_TARGETS_OF_RUNX1_RUNX1T1_FUSION_HSC_UP	0.36064202542772006			
GO_PHOSPHOLIPID_TRANSPORTER_ACTIVITY	0.360635576513004			
AP1_Q6_01	0.3605683687249133			
GO_SPONTANEOUS_SYNAPTIC_TRANSMISSION	0.3605382971468298			
GO_RESPONSE_TO_TRANSFORMING_GROWTH_FACTOR_BETA	0.36053348532692003			
GO_UROGENITAL_SYSTEM_DEVELOPMENT	0.3605118079443887			
GO_REGULATION_OF_PEPTIDASE_ACTIVITY	0.36047748366305393			
GO_EPITHELIAL_TUBE_MORPHOGENESIS	0.3604649464654995			
IPA_AR_UP	0.36045624036889423			
WANG_LMO4_TARGETS_UP	0.3604431002174781			
ALONSO_METASTASIS_UP	0.3604319967246371			
GO_PHAGOPHORE_ASSEMBLY_SITE_MEMBRANE	0.360430428951746			
WANG_SMARCE1_TARGETS_DN	0.36039972533779707			
GARGALOVIC_RESPONSE_TO_OXIDIZED_PHOSPHOLIPIDS_BLUE_UP	0.360366352810863			
VANDESLUIS_COMMD1_TARGETS_GROUP_3_UP	0.3603463813414715			
GSE22196_HEALTHY_VS_OBESE_MOUSE_SKIN_GAMMADELTA_TCELL_DN	0.36032671814637945			
GO_POSITIVE_REGULATION_OF_SPROUTING_ANGIOGENESIS	0.3603025495012887			
GO_ANOIKIS	0.3602902173036568			
GO_POSITIVE_REGULATION_OF_EPITHELIAL_CELL_DIFFERENTIATION	0.3602632615984599			
GOLUB_ALL_VS_AML_DN	0.36018614719967856			
GO_REGULATION_OF_CARTILAGE_DEVELOPMENT	0.3601503356645112			
LUI_THYROID_CANCER_PAX8_PPARG_UP	0.3601326960259978			
GO_INTRINSIC_COMPONENT_OF_GOLGI_MEMBRANE	0.36012138731283716			
GO_NEGATIVE_REGULATION_OF_STEM_CELL_PROLIFERATION	0.3600489634712143			
CASORELLI_APL_SECONDARY_VS_DE_NOVO_UP	0.3599798414426806			
KEGG_FOCAL_ADHESION	0.359963000335235			
SEMENZA_HIF1_TARGETS	0.35993525323230235			
GO_VIRION_ASSEMBLY	0.35988215844775256			
WILLIAMS_ESR2_TARGETS_UP	0.35983659392612033			
GO_PROTEIN_LIPID_COMPLEX	0.35982675304809936			
GSE43955_1H_VS_42H_ACT_CD4_TCELL_WITH_TGFB_IL6_DN	0.35981828457481646			
GO_SEMAPHORIN_RECEPTOR_COMPLEX	0.35980891963178363			
GO_POSITIVE_REGULATION_OF_PROTEOLYSIS	0.35972806711814975			
GARGALOVIC_RESPONSE_TO_OXIDIZED_PHOSPHOLIPIDS_YELLOW_UP	0.3597244258191884			
GO_ADHESION_OF_SYMBIONT_TO_HOST_CELL	0.35968282612814617			
AIYAR_COBRA1_TARGETS_UP	0.3595936650086408			
IPA_PML_DN	0.3595793762310261			
LEF1_UP.V1_DN	0.35957384718499485			
GO_REGULATION_OF_MEMBRANE_REPOLARIZATION_DURING_ACTION_POTENTIAL	0.3595162062230751			
TIEN_INTESTINE_PROBIOTICS_2HR_DN	0.3595093098851059			
GSE24142_DN2_VS_DN3_THYMOCYTE_FETAL_UP	0.359474688893759			
ANDERSEN_CHOLANGIOCARCINOMA_CLASS1	0.3594588191716589			
GO_BIOLOGICAL_ADHESION	0.3594206538298154			
GO_EPIBOLY	0.3593539976219194			
GSE20500_RETINOIC_ACID_VS_RARA_ANTAGONIST_TREATED_CD4_TCELL_DN	0.359340066128481			
GO_MITOCHONDRIA_ASSOCIATED_ENDOPLASMIC_RETICULUM_MEMBRANE	0.3593353473554005			
IPA_NOTCH1_UP	0.35932736372263524			
BOUDOUKHA_BOUND_BY_IGF2BP2	0.3592846821783442			
LIN_SILENCED_BY_TUMOR_MICROENVIRONMENT	0.3592750430374851			
MIR4308	0.35924871425380056			
GO_ANGIOTENSIN_ACTIVATED_SIGNALING_PATHWAY	0.35917119489590793			
GO_PLATELET_DEGRANULATION	0.35914493533504505			
REACTOME_ASSEMBLY_OF_COLLAGEN_FIBRILS_AND_OTHER_MULTIMERIC_STRUCTURES	0.3591411628500888			
GO_EPITHELIAL_CELL_APOPTOTIC_PROCESS	0.35914009761506516			
MURAKAMI_UV_RESPONSE_1HR_UP	0.3591204443494717			
GO_REGULATION_OF_RUFFLE_ASSEMBLY	0.3590865793535552			
GO_RENAL_SYSTEM_DEVELOPMENT	0.35906664810008326			
BIOCARTA_P53HYPOXIA_PATHWAY	0.35903956684342275			
GO_REGULATION_OF_MESONEPHROS_DEVELOPMENT	0.35902197203921854			
BARIS_THYROID_CANCER_DN	0.3590121063107809			
GO_NEGATIVE_REGULATION_OF_ENDOPLASMIC_RETICULUM_STRESS_INDUCED_INTRINSIC_APOPTOTIC_SIGNALING_PATHWAY	0.35888735336792016			
GO_NEGATIVE_REGULATION_OF_CELL_DEATH	0.35887573808422774			
TURASHVILI_BREAST_DUCTAL_CARCINOMA_VS_LOBULAR_NORMAL_DN	0.35887563791566485			
GO_RESPONSE_TO_TOPOLOGICALLY_INCORRECT_PROTEIN	0.3588481719160418			
REACTOME_SHC1_EVENTS_IN_EGFR_SIGNALING	0.3588323107940776			
GSE25123_WT_VS_PPARG_KO_MACROPHAGE_ROSIGLITAZONE_STIM_UP	0.35882949435172573			
KANG_FLUOROURACIL_RESISTANCE_DN	0.358806584286735			
REACTOME_EPH_EPHRIN_MEDIATED_REPULSION_OF_CELLS	0.3587595211154317			
CHEN_LVAD_SUPPORT_OF_FAILING_HEART_DN	0.358696910523078			
GO_VESICLE_CARGO_LOADING	0.3586900350919712			
GO_SPROUTING_ANGIOGENESIS	0.3586886026452859			
LI_AMPLIFIED_IN_LUNG_CANCER	0.3586820216878014			
GO_REGULATION_OF_PROTEIN_KINASE_C_ACTIVITY	0.3586573085556823			
GO_REGULATION_OF_KIDNEY_DEVELOPMENT	0.3586297292945242			
GO_PROTEIN_LOCALIZATION_TO_CELL_JUNCTION	0.3586232439976199			
MANALO_HYPOXIA_UP	0.35859046287102314			
GSE9946_MATURE_STIMULATORY_VS_PROSTAGLANDINE2_TREATED_MATURE_DC_DN	0.3585723650305246			
GO_CELLULAR_ALDEHYDE_METABOLIC_PROCESS	0.35853210641401556			
GO_RESPONSE_TO_IRON_ION	0.3585200791154562			
HALLMARK_EPITHELIAL_MESENCHYMAL_TRANSITION	0.3585164140438483			
MISHRA_CARCINOMA_ASSOCIATED_FIBROBLAST_UP	0.35848811272770487			
HOWLIN_CITED1_TARGETS_1_DN	0.3584875074128489			
GO_IRON_ION_BINDING	0.3584491146831991			
GSE22886_DC_VS_MONOCYTE_UP	0.35839721496077637			
JIANG_TIP30_TARGETS_UP	0.35838687484767173			
GSE22589_HEALTHY_VS_HIV_AND_SIV_INFECTED_DC_DN	0.3583795301530729			
ONGUSAHA_TP53_TARGETS	0.35836011407046553			
GSE21546_UNSTIM_VS_ANTI_CD3_STIM_DP_THYMOCYTES_UP	0.35835659272476583			
JI_METASTASIS_REPRESSED_BY_STK11	0.3583265028048097			
GSE6259_CD4_TCELL_VS_CD8_TCELL_UP	0.35829702709980504			
GO_NUCLEAR_OUTER_MEMBRANE_ENDOPLASMIC_RETICULUM_MEMBRANE_NETWORK	0.35828026122856743			
GSE23925_LIGHT_ZONE_VS_DARK_ZONE_BCELL_UP	0.35827666736693725			
GO_REGULATION_OF_INTRINSIC_APOPTOTIC_SIGNALING_PATHWAY	0.35824215389898684			
GO_ACTIN_FILAMENT_BASED_MOVEMENT	0.35823386408856434			
GSE9988_ANTI_TREM1_VS_LOW_LPS_MONOCYTE_UP	0.358220812701178			
GSE22611_MUTANT_NOD2_TRANSDUCED_VS_CTRL_HEK293T_STIMULATED_WITH_MDP_6H_DN	0.35817290699344256			
GO_IRON_ION_HOMEOSTASIS	0.35814379080006387			
LEE_METASTASIS_AND_ALTERNATIVE_SPLICING_UP	0.3581417155997071			
GO_NEPHRON_DEVELOPMENT	0.3581092493436329			
SENESE_HDAC1_TARGETS_UP	0.357981155954208			
GO_PHOSPHOLIPID_SCRAMBLASE_ACTIVITY	0.35796784390159375			
RAY_TUMORIGENESIS_BY_ERBB2_CDC25A_DN	0.3579634936937952			
GSE339_EX_VIVO_VS_IN_CULTURE_CD4CD8DN_DC_DN	0.3578953629460693			
GSE37301_LYMPHOID_PRIMED_MPP_VS_PRO_BCELL_UP	0.3578425288513108			
GARGALOVIC_RESPONSE_TO_OXIDIZED_PHOSPHOLIPIDS_BLACK_UP	0.35783473006463146			
GRAESSMANN_APOPTOSIS_BY_SERUM_DEPRIVATION_DN	0.3578264888722677			
PID_VEGFR1_2_PATHWAY	0.35781307283870234			
GO_COLLATERAL_SPROUTING_IN_ABSENCE_OF_INJURY	0.3578097395680116			
MEISSNER_NPC_HCP_WITH_H3_UNMETHYLATED	0.35777482528153065			
GSE20715_WT_VS_TLR4_KO_LUNG_UP	0.35777295343882376			
GO_EMBRYO_DEVELOPMENT	0.3577269489015716			
SENGUPTA_NASOPHARYNGEAL_CARCINOMA_WITH_LMP1_DN	0.3577222393614074			
IPA_NFE2L3_UP	0.3576957584517798			
GO_PRESYNAPTIC_ACTIVE_ZONE_ORGANIZATION	0.35764755141047516			
GSE17721_POLYIC_VS_PAM3CSK4_2H_BMDC_DN	0.3576335931817596			
GO_POSITIVE_REGULATION_OF_TRANSLATION_IN_RESPONSE_TO_STRESS	0.35760153355402985			
GO_STEREOCILIUM_BUNDLE	0.3576013199995711			
GO_CELLULAR_RESPONSE_TO_EXTERNAL_STIMULUS	0.35758963408016536			
GSE27670_CTRL_VS_BLIMP1_TRANSDUCED_GC_BCELL_UP	0.35756872858206307			
GO_POSITIVE_REGULATION_OF_HOMOTYPIC_CELL_CELL_ADHESION	0.3575561096085793			
PID_UPA_UPAR_PATHWAY	0.3574756803400742			
GSE21546_UNSTIM_VS_ANTI_CD3_STIM_SAP1A_KO_DP_THYMOCYTES_UP	0.3574470701690931			
RASHI_RESPONSE_TO_IONIZING_RADIATION_1	0.3574431486886597			
GO_POSITIVE_REGULATION_OF_LONG_TERM_NEURONAL_SYNAPTIC_PLASTICITY	0.3574423029764701			
PID_RET_PATHWAY	0.35743687525915696			
GO_RESPONSE_TO_METAL_ION	0.35736633213150293			
GO_LONG_CHAIN_FATTY_ACID_METABOLIC_PROCESS	0.3573630469961875			
GSE17301_IFNA2_VS_IFNA2_AND_ACD3_ACD28_STIM_CD8_TCELL_DN	0.35736190923001493			
ONDER_CDH1_SIGNALING_VIA_CTNNB1	0.35727311990602306			
GO_MULTIVESICULAR_BODY_ORGANIZATION	0.35726603695293757			
GSE39820_CTRL_VS_TGFBETA3_IL6_CD4_TCELL_DN	0.35726139069450524			
GO_POSITIVE_REGULATION_OF_VASCULATURE_DEVELOPMENT	0.357243433272842			
GO_DICHOTOMOUS_SUBDIVISION_OF_TERMINAL_UNITS_INVOLVED_IN_SALIVARY_GLAND_BRANCHING	0.35720444391420214			
GO_EPITHELIAL_CELL_DIFFERENTIATION_INVOLVED_IN_PROSTATE_GLAND_DEVELOPMENT	0.3571863480976487			
PID_LYSOPHOSPHOLIPID_PATHWAY	0.3571753467767271			
GO_REGULATION_OF_MELANIN_BIOSYNTHETIC_PROCESS	0.35715754677930167			
GO_HOMOTYPIC_CELL_CELL_ADHESION	0.3571082336003839			
DE_YY1_TARGETS_DN	0.357045292352937			
GO_IMPORT_INTO_CELL	0.35703239571888284			
REACTOME_DOWNREGULATION_OF_ERBB2_SIGNALING	0.3570313327836284			
AKT_UP.V1_DN	0.3570257136729529			
GO_MAMMARY_GLAND_DUCT_MORPHOGENESIS	0.356987666577491			
REACTOME_SYNTHESIS_OF_PROSTAGLANDINS_PG_AND_THROMBOXANES_TX	0.3569263177710105			
GO_C_PALMITOYLTRANSFERASE_ACTIVITY	0.3568744087263933			
HEIDENBLAD_AMPLICON_8Q24_DN	0.3568493278245924			
SILIGAN_TARGETS_OF_EWS_FLI1_FUSION_UP	0.3568390249317307			
GSE22886_NAIVE_BCELL_VS_MONOCYTE_DN	0.35679667504383655			
GO_NEGATIVE_REGULATION_OF_CELLULAR_RESPONSE_TO_HYPOXIA	0.35678053894840966			
MAHAJAN_RESPONSE_TO_IL1A_DN	0.3567706415620631			
GO_CHONDROCYTE_DEVELOPMENT_INVOLVED_IN_ENDOCHONDRAL_BONE_MORPHOGENESIS	0.356721402416796			
LIAO_METASTASIS	0.3567099893743539			
ONDER_CDH1_TARGETS_3_DN	0.35668707312744213			
REACTOME_RHO_GTPASES_ACTIVATE_PKNS	0.35668559827660284			
DASU_IL6_SIGNALING_SCAR_UP	0.3566827363947656			
GSE29164_DAY3_VS_DAY7_UNTREATED_MELANOMA_DN	0.35667545162615116			
GSE8621_LPS_STIM_VS_LPS_PRIMED_AND_LPS_STIM_MACROPHAGE_UP	0.35665750468501795			
HE_PTEN_TARGETS_DN	0.35661608549711965			
REACTOME_SEMA4D_INDUCED_CELL_MIGRATION_AND_GROWTH_CONE_COLLAPSE	0.3566032546089954			
GO_TYPE_B_PANCREATIC_CELL_PROLIFERATION	0.35655649982564813			
GO_NEGATIVE_REGULATION_OF_MUSCLE_HYPERTROPHY	0.356531755268457			
GSE15330_HSC_VS_GRANULOCYTE_MONOCYTE_PROGENITOR_IKAROS_KO_UP	0.3565190106502614			
GO_METANEPHRIC_GLOMERULUS_DEVELOPMENT	0.35648619002162624			
GO_KERATINOCYTE_DEVELOPMENT	0.3564766570826635			
TSUNODA_CISPLATIN_RESISTANCE_DN	0.35646160570094015			
MULLIGHAN_MLL_SIGNATURE_1_DN	0.35639823135905835			
GSE43955_10H_VS_60H_ACT_CD4_TCELL_WITH_TGFB_IL6_DN	0.35638348555235805			
KRAS.DF.V1_UP	0.35636465915587734			
LIU_SOX4_TARGETS_DN	0.35634363949080516			
COLINA_TARGETS_OF_4EBP1_AND_4EBP2	0.35631373329324384			
WANG_SMARCE1_TARGETS_UP	0.3562754542984814			
GSE19198_CTRL_VS_IL21_TREATED_TCELL_24H_UP	0.3562265042459959			
RANKIN_ANGIOGENIC_TARGETS_OF_VHL_HIF2A_DN	0.3561997522430725			
KEGG_GLYCOSPHINGOLIPID_BIOSYNTHESIS_GLOBO_SERIES	0.35617748281299877			
GO_REGULATION_OF_EARLY_ENDOSOME_TO_LATE_ENDOSOME_TRANSPORT	0.356143065535784			
GSE17186_BLOOD_VS_CORD_BLOOD_CD21LOW_TRANSITIONAL_BCELL_DN	0.356126593119161			
GSE22229_UNTREATED_VS_IMMUNOSUPP_THERAPY_RENAL_TRANSPLANT_PATIENT_PBMC_UP	0.35612611712795256			
GSE26290_CTRL_VS_AKT_INHIBITOR_TREATED_ANTI_CD3_AND_IL2_STIM_CD8_TCELL_UP	0.3561203379420891			
REACTOME_ACTIVATION_OF_MATRIX_METALLOPROTEINASES	0.35611397463956257			
WANG_ADIPOGENIC_GENES_REPRESSED_BY_SIRT1	0.35603340405378897			
GSE15330_WT_VS_IKAROS_KO_GRANULOCYTE_MONOCYTE_PROGENITOR_DN	0.35602931970345125			
HNF4_Q6	0.35600318803945885			
PID_SYNDECAN_4_PATHWAY	0.35598739520875394			
MIR4772_5P	0.3559735081553634			
REACTOME_GRB7_EVENTS_IN_ERBB2_SIGNALING	0.355965926367361			
GO_FUCOSE_METABOLIC_PROCESS	0.3559647761596683			
IPA_FOSB_DN	0.35595342960479653			
TAZ_TARGET_GENES	0.3559175747357791			
GSE42021_CD24HI_VS_CD24INT_TREG_THYMUS_UP	0.3559155654301263			
GSE13306_TREG_VS_TCONV_UP	0.35586892567184164			
GSE27241_WT_VS_RORGT_KO_TH17_POLARIZED_CD4_TCELL_TREATED_WITH_DIGOXIN_DN	0.355861792069747			
GO_GERM_CELL_MIGRATION	0.3558437032783511			
SEKI_INFLAMMATORY_RESPONSE_LPS_UP	0.35583438394948724			
STEIN_ESRRA_TARGETS_DN	0.3557761568063194			
ZIRN_TRETINOIN_RESPONSE_WT1_UP	0.35575531847154906			
IPA_MESP1_UP	0.35572811876467836			
GYORFFY_DOXORUBICIN_RESISTANCE	0.35570473773668976			
KAMIKUBO_MYELOID_MN1_NETWORK	0.35565416372057806			
GO_ENDOCYTOSIS	0.3555359264444065			
GO_ENDOCHONDRAL_BONE_MORPHOGENESIS	0.3555265761448166			
GO_REGULATION_OF_LYSOSOME_ORGANIZATION	0.35548486799660356			
LEIN_MEDULLA_MARKERS	0.3554620022962547			
GSE21360_PRIMARY_VS_QUATERNARY_MEMORY_CD8_TCELL_UP	0.3554429887577438			
BOYAULT_LIVER_CANCER_SUBCLASS_G1_DN	0.3554299062621915			
GO_HEART_MORPHOGENESIS	0.3553781144390805			
GO_LOW_DENSITY_LIPOPROTEIN_PARTICLE_RECEPTOR_CATABOLIC_PROCESS	0.35536245098129987			
GO_KIDNEY_MORPHOGENESIS	0.35535354594166857			
BROWNE_HCMV_INFECTION_20HR_DN	0.3553365539301572			
GSE8921_UNSTIM_VS_TLR1_2_STIM_MONOCYTE_24H_DN	0.3553205615445538			
SMITH_TERT_TARGETS_DN	0.35529919927019754			
GO_GOLGI_STACK	0.3552735028604939			
PECE_MAMMARY_STEM_CELL_UP	0.3552518602283674			
PSMB5_TARGET_GENES	0.3552514146134951			
GO_NEGATIVE_REGULATION_OF_SUBSTRATE_ADHESION_DEPENDENT_CELL_SPREADING	0.35523665364688967			
STOSSI_RESPONSE_TO_ESTRADIOL	0.3551742045763175			
REACTOME_LYSOSOME_VESICLE_BIOGENESIS	0.35516147762696165			
MIR378G	0.35515072803450726			
GO_CHONDROITIN_SULFATE_BINDING	0.35496846440431445			
GO_RESPONSE_TO_INORGANIC_SUBSTANCE	0.3549680844668501			
GSE17721_12H_VS_24H_POLYIC_BMDC_UP	0.35494364765777997			
GSE20500_RETINOIC_ACID_VS_RARA_ANTAGONIST_TREATED_CD4_TCELL_UP	0.3549204058924751			
BERTUCCI_MEDULLARY_VS_DUCTAL_BREAST_CANCER_DN	0.3548573322035022			
GO_HOMOPHILIC_CELL_ADHESION_VIA_PLASMA_MEMBRANE_ADHESION_MOLECULES	0.3548413839692504			
GO_ORGANELLE_MEMBRANE_CONTACT_SITE	0.3548210477468566			
DEURIG_T_CELL_PROLYMPHOCYTIC_LEUKEMIA_UP	0.35481043906540755			
GO_ENDODERM_DEVELOPMENT	0.3547519283895244			
VALK_AML_WITH_CEBPA	0.35474386626259274			
GO_MOVEMENT_IN_ENVIRONMENT_OF_OTHER_ORGANISM_INVOLVED_IN_SYMBIOTIC_INTERACTION	0.35472439560184055			
BIOCARTA_PTEN_PATHWAY	0.3547124220743975			
GO_CATENIN_COMPLEX	0.3546971269776599			
GO_IDENTICAL_PROTEIN_BINDING	0.35467719513587426			
APRELIKOVA_BRCA1_TARGETS	0.35466110812333573			
WANG_MLL_TARGETS	0.3545893169286644			
GERHOLD_ADIPOGENESIS_DN	0.3545757258015454			
GO_TRANSFERASE_ACTIVITY_TRANSFERRING_GLYCOSYL_GROUPS	0.35453157294992366			
HOOI_ST7_TARGETS_DN	0.35453067135883665			
GSE15324_ELF4_KO_VS_WT_NAIVE_CD8_TCELL_UP	0.35451314072638423			
GSE35543_IN_VITRO_ITREG_VS_CONVERTED_EX_ITREG_DN	0.35450506557429345			
GO_METANEPHROS_DEVELOPMENT	0.3544904849283479			
MAHADEVAN_IMATINIB_RESISTANCE_UP	0.35446262875008894			
REACTOME_ARACHIDONATE_PRODUCTION_FROM_DAG	0.3544485387580771			
GO_INSULIN_LIKE_GROWTH_FACTOR_II_BINDING	0.35440964946384723			
GO_PROTEIN_LOCALIZATION_TO_LYSOSOME	0.3544088154881533			
GO_TIGHT_JUNCTION_ORGANIZATION	0.35438130608050433			
IPA_CTNNB1_UP	0.3543457488395436			
GO_NEGATIVE_REGULATION_OF_EXTRACELLULAR_MATRIX_DISASSEMBLY	0.35432761488140546			
GSE33425_CD161_INT_VS_NEG_CD8_TCELL_UP	0.35432719348450825			
GSE15330_MEGAKARYOCYTE_ERYTHROID_VS_GRANULOCYTE_MONOCYTE_PROGENITOR_DN	0.35432261805245296			
GSE15330_MEGAKARYOCYTE_ERYTHROID_VS_GRANULOCYTE_MONOCYTE_PROGENITOR_IKAROS_KO_DN	0.3543006696674459			
GSE5589_WT_VS_IL6_KO_LPS_STIM_MACROPHAGE_45MIN_DN	0.3542968081366967			
GSE11961_MEMORY_BCELL_DAY7_VS_MEMORY_BCELL_DAY40_UP	0.3542907251434533			
GO_NEGATIVE_REGULATION_OF_METALLOPEPTIDASE_ACTIVITY	0.35428721948953673			
GSE25123_IL4_VS_IL4_AND_ROSIGLITAZONE_STIM_MACROPHAGE_DAY10_UP	0.35427987696857666			
SMID_BREAST_CANCER_RELAPSE_IN_BONE_DN	0.3542382861787236			
REACTOME_RHO_GTPASES_ACTIVATE_CIT	0.354226420760495			
GSE24634_TEFF_VS_TCONV_DAY7_IN_CULTURE_DN	0.35420563336899513			
BROWNE_HCMV_INFECTION_2HR_DN	0.35416789032956836			
GO_REGULATION_OF_LYMPHANGIOGENESIS	0.354096005059436			
GSE40666_NAIVE_VS_EFFECTOR_CD8_TCELL_DN	0.3540730218550106			
GRUETZMANN_PANCREATIC_CANCER_UP	0.35407152561995026			
GO_PROTEIN_PROCESSING	0.3539800435937771			
GO_LIPID_BINDING	0.353962426533654			
PID_NCADHERIN_PATHWAY	0.35394403479348885			
ACEVEDO_LIVER_TUMOR_VS_NORMAL_ADJACENT_TISSUE_UP	0.3539029410192396			
GSE39152_CD103_NEG_VS_POS_MEMORY_CD8_TCELL_UP	0.3538921712659864			
GO_RENAL_VESICLE_DEVELOPMENT	0.3538655870533964			
CUI_TCF21_TARGETS_2_DN	0.3538562637750648			
GSE22886_NAIVE_CD4_TCELL_VS_DC_DN	0.35384567721492116			
GO_CARDIAC_MUSCLE_CELL_ACTION_POTENTIAL	0.3538242449648967			
HINATA_NFKB_TARGETS_FIBROBLAST_UP	0.3538094958515878			
GSE24634_TREG_VS_TCONV_POST_DAY7_IL4_CONVERSION_DN	0.3537979062659901			
YAO_TEMPORAL_RESPONSE_TO_PROGESTERONE_CLUSTER_9	0.35379167321834937			
MIR6800_5P	0.35376337320689494			
GO_VIRAL_BUDDING_VIA_HOST_ESCRT_COMPLEX	0.35375165761538324			
BAELDE_DIABETIC_NEPHROPATHY_DN	0.3537216829676473			
KEGG_COMPLEMENT_AND_COAGULATION_CASCADES	0.35371736150865707			
MELLMAN_TUT1_TARGETS_DN	0.35362969696881474			
GSE13485_PRE_VS_POST_YF17D_VACCINATION_PBMC_UP	0.35362181593829006			
GO_POSITIVE_REGULATION_OF_BLOOD_VESSEL_ENDOTHELIAL_CELL_MIGRATION	0.35361678442358435			
SCHRAETS_MLL_TARGETS_UP	0.35357595318621843			
FULCHER_INFLAMMATORY_RESPONSE_LECTIN_VS_LPS_UP	0.3535233196751124			
GSE1460_NAIVE_CD4_TCELL_CORD_BLOOD_VS_THYMIC_STROMAL_CELL_DN	0.353515973589227			
RODRIGUES_THYROID_CARCINOMA_ANAPLASTIC_UP	0.35348319803424627			
LANDIS_ERBB2_BREAST_PRENEOPLASTIC_DN	0.3534008576259027			
GO_GROWTH_FACTOR_ACTIVITY	0.3533900798099035			
SWEET_KRAS_TARGETS_UP	0.35331304991641854			
GO_REGULATION_OF_MORPHOGENESIS_OF_A_BRANCHING_STRUCTURE	0.3533054552363089			
DACOSTA_UV_RESPONSE_VIA_ERCC3_UP	0.3533032614315115			
GO_ESTABLISHMENT_OF_PROTEIN_LOCALIZATION_TO_PLASMA_MEMBRANE	0.35328465638480144			
RODRIGUES_THYROID_CARCINOMA_POORLY_DIFFERENTIATED_DN	0.3532823862670395			
GSE16385_UNTREATED_VS_12H_ROSIGLITAZONE_TREATED_MACROPHAGE_UP	0.35328210971803364			
LINDVALL_IMMORTALIZED_BY_TERT_UP	0.35328191803851994			
GSE19941_LPS_VS_LPS_AND_IL10_STIM_IL10_KO_NFKBP50_KO_MACROPHAGE_DN	0.35327669533477984			
GO_EPHRIN_RECEPTOR_SIGNALING_PATHWAY	0.35323350689526584			
DLX2_TARGET_GENES	0.3532322753248156			
GO_ACYLGLYCEROL_O_ACYLTRANSFERASE_ACTIVITY	0.35315733908529495			
GSE17721_CTRL_VS_CPG_1H_BMDC_DN	0.35313292086233616			
GSE9601_NFKB_INHIBITOR_VS_PI3K_INHIBITOR_TREATED_HCMV_INF_MONOCYTE_DN	0.35310365206310146			
GSE27434_WT_VS_DNMT1_KO_TREG_DN	0.3530737938044899			
BIOCARTA_ERBB3_PATHWAY	0.35306505136357275			
GO_MYOTUBE_DIFFERENTIATION_INVOLVED_IN_SKELETAL_MUSCLE_REGENERATION	0.3530028326145879			
GO_HYALURONAN_BIOSYNTHETIC_PROCESS	0.35298346570964134			
REACTOME_PTK6_REGULATES_RHO_GTPASES_RAS_GTPASE_AND_MAP_KINASES	0.3529578539546212			
GO_BLOOD_VESSEL_REMODELING	0.35292987941523785			
GSE37605_TREG_VS_TCONV_NOD_FOXP3_FUSION_GFP_UP	0.35292487117152227			
DANG_REGULATED_BY_MYC_DN	0.3528875012122844			
GO_MODULATION_BY_HOST_OF_SYMBIONT_MOLECULAR_FUNCTION	0.352842456976328			
GSE29618_MONOCYTE_VS_MDC_DAY7_FLU_VACCINE_UP	0.35279921343780996			
REACTOME_TRANSPORT_TO_THE_GOLGI_AND_SUBSEQUENT_MODIFICATION	0.3527786470611085			
NGUYEN_NOTCH1_TARGETS_DN	0.3527312789402553			
GO_MATERNAL_PROCESS_INVOLVED_IN_FEMALE_PREGNANCY	0.3527207946359484			
GO_LAMELLIPODIUM_MEMBRANE	0.35269946759922766			
GO_REGULATION_OF_CARDIAC_MUSCLE_CONTRACTION	0.35268616076823			
WATANABE_RECTAL_CANCER_RADIOTHERAPY_RESPONSIVE_DN	0.35267412439183576			
GO_PROTEIN_HOMODIMERIZATION_ACTIVITY	0.352624914351476			
IPA_ATF3_DN	0.35260283896959416			
GSE34156_UNTREATED_VS_6H_NOD2_LIGAND_TREATED_MONOCYTE_UP	0.352573347605266			
GO_CELLULAR_RESPONSE_TO_COPPER_ION	0.35255699414765246			
DOANE_BREAST_CANCER_ESR1_DN	0.35254668602387074			
GO_RESPONSE_TO_INDOLE_3_METHANOL	0.35254474417154275			
KANG_CISPLATIN_RESISTANCE_DN	0.3525321392212831			
VART_KSHV_INFECTION_ANGIOGENIC_MARKERS_UP	0.35251239281573865			
GO_LIPID_METABOLIC_PROCESS	0.35250648590859013			
FALVELLA_SMOKERS_WITH_LUNG_CANCER	0.35248260029556366			
GO_REGULATION_OF_INTRACELLULAR_LIPID_TRANSPORT	0.352474312344545			
GO_REGULATION_OF_ACTIN_FILAMENT_ORGANIZATION	0.3524628335061881			
GSE7400_CTRL_VS_CSF3_IN_VIVO_TREATED_PBMC_DN	0.35244814200947716			
REACTOME_ASPARAGINE_N_LINKED_GLYCOSYLATION	0.3524474769843176			
HARRIS_BRAIN_CANCER_PROGENITORS	0.3524254215515009			
GO_POSITIVE_REGULATION_OF_TAU_PROTEIN_KINASE_ACTIVITY	0.35241807927070423			
GO_GLYCOPROTEIN_METABOLIC_PROCESS	0.3523993621037213			
GO_UDP_GALACTOSYLTRANSFERASE_ACTIVITY	0.3523916877761407			
GO_COLLAGEN_METABOLIC_PROCESS	0.352383039627346			
GSE36888_UNTREATED_VS_IL2_TREATED_TCELL_17H_DN	0.3523447925741701			
ALONSO_METASTASIS_EMT_UP	0.3523286106895476			
IPA_SMAD3_UP	0.3523239261580492			
GO_ASTROCYTE_DIFFERENTIATION	0.35225072908703275			
GO_NEGATIVE_REGULATION_OF_HIPPO_SIGNALING	0.3522295267815957			
ONGUSAHA_BRCA1_TARGETS_UP	0.35220228424241934			
CROONQUIST_STROMAL_STIMULATION_UP	0.3521576318663671			
GO_POSITIVE_REGULATION_OF_COAGULATION	0.35210297260652657			
GO_CLUSTERING_OF_VOLTAGE_GATED_SODIUM_CHANNELS	0.3520985848286815			
IPA_ESR1_DN	0.35207604361833006			
GSE36888_UNTREATED_VS_IL2_TREATED_TCELL_2H_DN	0.35205077342157975			
GO_ESTABLISHMENT_OF_ENDOTHELIAL_BARRIER	0.3520432388708346			
GSE20715_WT_VS_TLR4_KO_24H_OZONE_LUNG_UP	0.35203363877298594			
ESC_V6.5_UP_LATE.V1_UP	0.352011158276306			
YAO_TEMPORAL_RESPONSE_TO_PROGESTERONE_CLUSTER_7	0.35194345151850415			
GSE24574_BCL6_HIGH_TFH_VS_TCONV_CD4_TCELL_UP	0.35194149841593825			
GSE2770_IL4_ACT_VS_ACT_CD4_TCELL_48H_UP	0.35193399260531066			
GO_FASCIA_ADHERENS	0.3519103196574076			
GO_LOW_DENSITY_LIPOPROTEIN_PARTICLE_CLEARANCE	0.35190538397856574			
KYNG_WERNER_SYNDROM_UP	0.3518787743015004			
GSE23321_EFFECTOR_MEMORY_VS_NAIVE_CD8_TCELL_UP	0.35187732389930776			
GO_PROTEIN_CATABOLIC_PROCESS	0.351877097648445			
GSE36891_POLYIC_TLR3_VS_PAM_TLR2_STIM_PERITONEAL_MACROPHAGE_UP	0.35186616878525323			
DOANE_BREAST_CANCER_ESR1_UP	0.35182814595645073			
GSE17721_PAM3CSK4_VS_GADIQUIMOD_0.5H_BMDC_UP	0.35179510946738507			
GO_ODONTOGENESIS_OF_DENTIN_CONTAINING_TOOTH	0.351780793701475			
BERENJENO_TRANSFORMED_BY_RHOA_REVERSIBLY_UP	0.3517673890547382			
GO_OXIDOREDUCTASE_ACTIVITY_ACTING_ON_A_SULFUR_GROUP_OF_DONORS_NAD_P_AS_ACCEPTOR	0.35174140882122623			
GO_FIBROBLAST_GROWTH_FACTOR_BINDING	0.35171980053027363			
GSE41978_ID2_KO_VS_ID2_KO_AND_BIM_KO_KLRG1_LOW_EFFECTOR_CD8_TCELL_UP	0.3517093435480105			
GO_APOPTOTIC_SIGNALING_PATHWAY	0.35165771238348736			
GO_GLYCOPROTEIN_CATABOLIC_PROCESS	0.3516569120271681			
GO_POSITIVE_REGULATION_OF_INTERLEUKIN_1_BIOSYNTHETIC_PROCESS	0.35163151412253413			
GSE12392_CD8A_POS_VS_NEG_SPLEEN_IFNB_KO_DC_UP	0.35160381159604565			
ELVIDGE_HIF1A_AND_HIF2A_TARGETS_DN	0.3516028256332214			
GO_METANEPHRIC_NEPHRON_MORPHOGENESIS	0.3515314327516734			
DASU_IL6_SIGNALING_DN	0.3514803684296611			
REACTOME_EGR2_AND_SOX10_MEDIATED_INITIATION_OF_SCHWANN_CELL_MYELINATION	0.3514754134921672			
GSE21546_WT_VS_ELK1_KO_DP_THYMOCYTES_UP	0.35144525437041196			
TCGATGG_MIR213	0.3514130387338583			
GO_RESPONSE_TO_HYDROGEN_PEROXIDE	0.3514106312635544			
GO_SEMAPHORIN_PLEXIN_SIGNALING_PATHWAY	0.35138607053442167			
TGFB_UP.V1_UP	0.3513432500680392			
GO_LOW_DENSITY_LIPOPROTEIN_PARTICLE_RECEPTOR_ACTIVITY	0.35129717843556196			
GO_ORGANONITROGEN_COMPOUND_CATABOLIC_PROCESS	0.3512924767566853			
GO_LYSOSOMAL_LUMEN	0.35123910975064687			
GSE7764_NKCELL_VS_SPLENOCYTE_UP	0.35122583325724294			
GO_BONE_MORPHOGENESIS	0.3512238851584205			
WOTTON_RUNX_TARGETS_UP	0.3512065862945671			
GSE7852_LN_VS_FAT_TCONV_DN	0.35109597336819154			
GO_REGULATION_OF_STEROID_HORMONE_BIOSYNTHETIC_PROCESS	0.35099566489705064			
GO_NAIL_DEVELOPMENT	0.3509892230344842			
LCORL_TARGET_GENES	0.35098672150250715			
GO_POSITIVE_REGULATION_OF_AMYLOID_BETA_FORMATION	0.35095498486801335			
GO_GLIAL_CELL_DIFFERENTIATION	0.3509436294722567			
MCMURRAY_TP53_HRAS_COOPERATION_RESPONSE_UP	0.35090422907439694			
GO_MICROVILLUS	0.35090157106617675			
GO_NEGATIVE_REGULATION_OF_CARTILAGE_DEVELOPMENT	0.3507539548637748			
KARLSSON_TGFB1_TARGETS_DN	0.3507513279089544			
GARGALOVIC_RESPONSE_TO_OXIDIZED_PHOSPHOLIPIDS_GREEN_UP	0.35071995213323237			
AMIT_SERUM_RESPONSE_40_MCF10A	0.35070211690993275			
BCAT_BILD_ET_AL_DN	0.35068950491169393			
GSE7460_FOXP3_MUT_VS_HET_ACT_TCONV_UP	0.35067320163583315			
MIYAGAWA_TARGETS_OF_EWSR1_ETS_FUSIONS_DN	0.3506658390151858			
GO_VIRAL_BUDDING	0.3506058099913412			
GO_PROTEIN_LOCALIZATION_TO_MEMBRANE	0.3505946760302263			
GSE3982_BCELL_VS_CENT_MEMORY_CD4_TCELL_DN	0.350584299340731			
GO_PEPTIDE_CROSS_LINKING	0.3505348983887255			
GO_CIRCULATORY_SYSTEM_PROCESS	0.3505214119336491			
GARGALOVIC_RESPONSE_TO_OXIDIZED_PHOSPHOLIPIDS_BROWN_UP	0.3505018615127597			
MASRI_RESISTANCE_TO_TAMOXIFEN_AND_AROMATASE_INHIBITORS_DN	0.3504861259183839			
GO_EMBRYONIC_ORGAN_DEVELOPMENT	0.3504680030145487			
GSE37301_HEMATOPOIETIC_STEM_CELL_VS_LYMPHOID_PRIMED_MPP_DN	0.3504587506292298			
GO_POSITIVE_REGULATION_OF_RECEPTOR_BINDING	0.3504325695992218			
GO_SIGNAL_COMPLEX_ASSEMBLY	0.35041441812760193			
HAND1_TARGET_GENES	0.35039796753634855			
PID_SYNDECAN_3_PATHWAY	0.3503789807132403			
MIR4787_5P	0.350346176260895			
GO_POSITIVE_REGULATION_OF_STEM_CELL_DIFFERENTIATION	0.35026223957773767			
GSE7460_CD8_TCELL_VS_CD4_TCELL_ACT_DN	0.3501055738304851			
GO_OLIGOSACCHARIDE_BIOSYNTHETIC_PROCESS	0.3500975646159569			
LEE_LIVER_CANCER_MYC_E2F1_UP	0.35008955933285396			
AP1_Q4	0.35003973857215537			
GO_GLIOGENESIS	0.35001216362089055			
NOJIMA_SFRP2_TARGETS_DN	0.3499968228003564			
DAZARD_RESPONSE_TO_UV_NHEK_UP	0.3499942391904321			
GSE22886_NAIVE_CD4_TCELL_VS_NEUTROPHIL_DN	0.34996982956932293			
IPA_PGR_DN	0.34994034369578636			
GSE43863_NAIVE_VS_LY6C_LOW_CXCR5NEG_CD4_EFF_TCELL_D6_LCMV_DN	0.34991684696802333			
GO_ENZYME_INHIBITOR_ACTIVITY	0.3498532780788335			
GSE32533_WT_VS_MIR17_KO_ACT_CD4_TCELL_UP	0.3498007567123923			
GO_SYNAPTIC_CLEFT	0.34977913796912247			
REACTOME_DISEASES_OF_PROGRAMMED_CELL_DEATH	0.34968142614315784			
GO_INTERLEUKIN_1_ALPHA_SECRETION	0.349669897817516			
GO_POSITIVE_REGULATION_OF_KERATINOCYTE_PROLIFERATION	0.34966456246358235			
GO_REGULATION_OF_MESENCHYMAL_TO_EPITHELIAL_TRANSITION_INVOLVED_IN_METANEPHROS_MORPHOGENESIS	0.3496611250603195			
YAMASHITA_LIVER_CANCER_STEM_CELL_UP	0.3496479808834997			
GO_ARYLESTERASE_ACTIVITY	0.3496091606288873			
GSE5589_LPS_AND_IL10_VS_LPS_AND_IL6_STIM_MACROPHAGE_45MIN_UP	0.34958468633293954			
HOX13_01	0.3495722214301749			
GO_ESTABLISHMENT_OF_SERTOLI_CELL_BARRIER	0.3495321588538831			
GO_ESTABLISHMENT_OR_MAINTENANCE_OF_BIPOLAR_CELL_POLARITY	0.3495089951445089			
GO_NEGATIVE_REGULATION_OF_RESPONSE_TO_STIMULUS	0.3494647712079118			
GSE23321_CENTRAL_VS_EFFECTOR_MEMORY_CD8_TCELL_UP	0.34945983256376567			
GO_CRANIAL_GANGLION_DEVELOPMENT	0.3494492037065923			
FOURNIER_ACINAR_DEVELOPMENT_LATE_DN	0.3494220886117753			
GO_REGULATION_OF_RECEPTOR_RECYCLING	0.34932808218740874			
GO_REGULATION_OF_BLOOD_PRESSURE	0.349323313102363			
ONDER_CDH1_TARGETS_1_UP	0.34927974806999157			
TFEB_TARGET_GENES	0.34917546530947724			
GO_HEART_TRABECULA_FORMATION	0.34916898071767993			
GO_MESENCHYMAL_CELL_PROLIFERATION	0.3491599820633011			
FOXD3_TARGET_GENES	0.3491152936876092			
GSE37533_PPARG1_FOXP3_VS_PPARG2_FOXP3_TRANSDUCED_CD4_TCELL_PIOGLITAZONE_TREATED_UP	0.34910822619901344			
GSE17721_POLYIC_VS_PAM3CSK4_16H_BMDC_UP	0.3491031323880999			
PID_INTEGRIN_CS_PATHWAY	0.3490942734668458			
GO_CELL_SURFACE_RECEPTOR_SIGNALING_PATHWAY_INVOLVED_IN_HEART_DEVELOPMENT	0.349085533033155			
GO_REGULATION_OF_NEUROTRANSMITTER_RECEPTOR_LOCALIZATION_TO_POSTSYNAPTIC_SPECIALIZATION_MEMBRANE	0.34904046237524317			
GO_CAVEOLIN_MEDIATED_ENDOCYTOSIS	0.34899657305767545			
GO_CELLULAR_RESPONSE_TO_MANGANESE_ION	0.3489703648817622			
GO_ESTABLISHMENT_OF_BLOOD_BRAIN_BARRIER	0.3489641854619559			
GO_CELLULAR_MACROMOLECULE_LOCALIZATION	0.3489601737450428			
GSE9878_CTRL_VS_EBF_TRANSDUCED_PAX5_KO_PRO_BCELL_UP	0.3489599365703489			
KLF3_TARGET_GENES	0.34895945843343024			
HIRSCH_CELLULAR_TRANSFORMATION_SIGNATURE_DN	0.34891766737100166			
GO_LYMPH_VESSEL_MORPHOGENESIS	0.3488964822408157			
GSE7459_UNTREATED_VS_IL6_TREATED_ACT_CD4_TCELL_DN	0.34889580350021204			
GO_POSITIVE_REGULATION_OF_CELLULAR_PROTEIN_CATABOLIC_PROCESS	0.3488433153701902			
GSE19923_WT_VS_E2A_KO_DP_THYMOCYTE_UP	0.3488412562402133			
GO_PLATELET_ALPHA_GRANULE_LUMEN	0.3487866799076889			
WESTON_VEGFA_TARGETS_3HR	0.34876791965968057			
GO_POSITIVE_REGULATION_OF_T_HELPER_1_CELL_DIFFERENTIATION	0.3487299853254713			
GO_ISOPRENOID_METABOLIC_PROCESS	0.3487222603883013			
GO_CELLULAR_RESPONSE_TO_MECHANICAL_STIMULUS	0.3487011723527425			
BROWN_MYELOID_CELL_DEVELOPMENT_UP	0.3486611798104282			
GO_REGULATION_OF_SYSTEMIC_ARTERIAL_BLOOD_PRESSURE	0.3486092500049491			
GO_REGULATION_OF_RECEPTOR_MEDIATED_ENDOCYTOSIS_INVOLVED_IN_CHOLESTEROL_TRANSPORT	0.348606864975814			
GO_REGULATION_OF_LIPASE_ACTIVITY	0.34857676504545454			
CREIGHTON_AKT1_SIGNALING_VIA_MTOR_UP	0.3485093086459345			
DITTMER_PTHLH_TARGETS_DN	0.3484517066278727			
XU_RESPONSE_TO_TRETINOIN_DN	0.34845014967815274			
GO_GROWTH_PLATE_CARTILAGE_DEVELOPMENT	0.3484161123327464			
GO_LOW_DENSITY_LIPOPROTEIN_PARTICLE_RECEPTOR_BIOSYNTHETIC_PROCESS	0.34840913086653275			
MARTIN_VIRAL_GPCR_SIGNALING_UP	0.3483965227374186			
IPA_SMAD2_UP	0.3483804535031409			
GO_CORTICAL_CYTOSKELETON	0.34835911969029004			
GSE37301_HEMATOPOIETIC_STEM_CELL_VS_PRO_BCELL_UP	0.34830443811673956			
GO_MYOBLAST_FUSION_INVOLVED_IN_SKELETAL_MUSCLE_REGENERATION	0.348216824892836			
DARWICHE_SQUAMOUS_CELL_CARCINOMA_UP	0.3482164516390198			
IPA_ETV1_UP	0.3481935288641251			
REACTOME_INSERTION_OF_TAIL_ANCHORED_PROTEINS_INTO_THE_ENDOPLASMIC_RETICULUM_MEMBRANE	0.3481862962607772			
GO_REGULATION_OF_EPIDERMIS_DEVELOPMENT	0.34813994069806614			
GSE43955_10H_VS_30H_ACT_CD4_TCELL_WITH_TGFB_IL6_DN	0.3480520362770941			
GO_DYSTROGLYCAN_BINDING	0.34804951809623125			
PID_PRL_SIGNALING_EVENTS_PATHWAY	0.3480462881590627			
TAKEDA_TARGETS_OF_NUP98_HOXA9_FUSION_8D_UP	0.3479779244405089			
GO_REGULATION_OF_MORPHOGENESIS_OF_AN_EPITHELIUM	0.34797154740115777			
GO_ENDODERM_FORMATION	0.3479456911823838			
GO_FILAMENTOUS_ACTIN	0.3479332901172228			
GO_NEGATIVE_REGULATION_OF_EPITHELIAL_CELL_APOPTOTIC_PROCESS	0.347920222849973			
GO_INTERLEUKIN_1_ALPHA_PRODUCTION	0.34791446067683823			
BONOME_OVARIAN_CANCER_SURVIVAL_OPTIMAL_DEBULKING	0.34790167745544315			
ATF2_UP.V1_DN	0.34789081738663524			
GO_RESPONSE_TO_KETONE	0.34786150033149155			
VERRECCHIA_RESPONSE_TO_TGFB1_C6	0.34785454935287613			
GSE36891_UNSTIM_VS_PAM_TLR2_STIM_PERITONEAL_MACROPHAGE_UP	0.34779443653034764			
PEDERSEN_METASTASIS_BY_ERBB2_ISOFORM_5	0.34778246829627835			
GO_NEGATIVE_REGULATION_OF_CELL_POPULATION_PROLIFERATION	0.3476928022998812			
YANG_BREAST_CANCER_ESR1_UP	0.3476695734344486			
MATTHEWS_AP1_TARGETS	0.347619662013805			
GUTIERREZ_MULTIPLE_MYELOMA_UP	0.34761825519065587			
GO_POST_TRANSLATIONAL_PROTEIN_MODIFICATION	0.3475572176749112			
GO_MODULATION_BY_HOST_OF_VIRAL_PROCESS	0.34754985398866667			
GSE7509_UNSTIM_VS_TNFA_IL1B_IL6_PGE_STIM_DC_UP	0.3474734943147738			
SIX4_TARGET_GENES	0.3474409231664037			
HALLMARK_UV_RESPONSE_DN	0.34738413880619673			
GO_INVADOPODIUM	0.34733874248540103			
ZNF214_TARGET_GENES	0.34731125356148196			
SENESE_HDAC2_TARGETS_UP	0.3472737784879656			
EGFR_TARGET_GENES	0.3472322541093104			
GO_HORMONE_BINDING	0.34719363302231987			
GO_CELLULAR_HORMONE_METABOLIC_PROCESS	0.34718427718594236			
REACTOME_SIGNALING_BY_ERBB2_ECD_MUTANTS	0.3471819678903204			
GO_TRANSMEMBRANE_RECEPTOR_PROTEIN_SERINE_THREONINE_KINASE_SIGNALING_PATHWAY	0.34717829911316617			
GO_CHLORIDE_TRANSPORT	0.34712961115645596			
GO_REGULATION_OF_HOMOTYPIC_CELL_CELL_ADHESION	0.34712302335221706			
GSE40666_WT_VS_STAT1_KO_CD8_TCELL_DN	0.347098282583683			
GSE2826_XID_VS_BTK_KO_BCELL_DN	0.34709192526642674			
BARRIER_COLON_CANCER_RECURRENCE_UP	0.3470668190385399			
GO_NEGATIVE_REGULATION_OF_PEPTIDYL_THREONINE_PHOSPHORYLATION	0.3470366230505329			
GSE36392_TYPE_2_MYELOID_VS_MAC_IL25_TREATED_LUNG_UP	0.3470231104712411			
GO_NEGATIVE_REGULATION_OF_RESPONSE_TO_ENDOPLASMIC_RETICULUM_STRESS	0.34697758207305707			
IPA_FOSL1_UP	0.34696122323226075			
SUBTIL_PROGESTIN_TARGETS	0.34694171206273			
IPA_PLAG1_UP	0.3469402538159289			
GO_EMBRYO_DEVELOPMENT_ENDING_IN_BIRTH_OR_EGG_HATCHING	0.3468945802781583			
GSE26351_UNSTIM_VS_WNT_PATHWAY_STIM_HEMATOPOIETIC_PROGENITORS_DN	0.3468743280244599			
GSE41176_UNSTIM_VS_ANTI_IGM_STIM_BCELL_3H_UP	0.34686871402428976			
GSE15930_STIM_VS_STIM_AND_IL12_24H_CD8_T_CELL_DN	0.34686776186702556			
GSE24814_STAT5_KO_VS_WT_PRE_BCELL_UP	0.3468344586351932			
PODAR_RESPONSE_TO_ADAPHOSTIN_UP	0.34680769048983334			
KOKKINAKIS_METHIONINE_DEPRIVATION_48HR_UP	0.34679479734854746			
BURTON_ADIPOGENESIS_5	0.3467107908783851			
WESTON_VEGFA_TARGETS_12HR	0.34670990574051597			
GO_MEMBRANE_REGION	0.34670555481024756			
REACTOME_CHONDROITIN_SULFATE_DERMATAN_SULFATE_METABOLISM	0.34667927069348226			
GO_REGULATION_OF_MACROPHAGE_DERIVED_FOAM_CELL_DIFFERENTIATION	0.34666992070013447			
GO_COMPACT_MYELIN	0.3466527403661508			
GO_NEURAL_CREST_CELL_DIFFERENTIATION	0.34663936037830817			
KEGG_PATHWAYS_IN_CANCER	0.3466108546789971			
NOTCH_DN.V1_UP	0.34658962567685			
CAFFAREL_RESPONSE_TO_THC_24HR_3_DN	0.34656675942012316			
IPA_MECOM_UP	0.34652347540774037			
GSE16451_CTRL_VS_WEST_EQUINE_ENC_VIRUS_MATURE_NEURON_CELL_LINE_DN	0.3464552380663211			
REACTOME_HYALURONAN_UPTAKE_AND_DEGRADATION	0.3464545335746243			
GO_CYTOSKELETON_ORGANIZATION	0.3464430280252474			
GO_INTESTINAL_LIPID_ABSORPTION	0.34642921540706084			
GSE22140_GERMFREE_VS_SPF_MOUSE_CD4_TCELL_DN	0.34639858499545534			
HOOI_ST7_TARGETS_UP	0.34634333973783854			
GSE37301_COMMON_LYMPHOID_PROGENITOR_VS_PRO_BCELL_UP	0.346328464310804			
DOANE_BREAST_CANCER_CLASSES_DN	0.34631906040997984			
GO_CILIARY_ROOTLET	0.34631802392704975			
GO_MEMBRANE_LIPID_METABOLIC_PROCESS	0.34628491101314185			
GO_VESICLE_TRANSPORT_ALONG_ACTIN_FILAMENT	0.34618814741501486			
GO_POSITIVE_REGULATION_OF_ASTROCYTE_DIFFERENTIATION	0.3461667935639065			
GO_VIRION_BINDING	0.34614455136158157			
GO_NEGATIVE_REGULATION_OF_SIGNALING	0.3461328752461837			
CHEN_HOXA5_TARGETS_6HR_UP	0.34611249084711604			
GO_SULFUR_COMPOUND_BINDING	0.3460776555567263			
SENESE_HDAC1_AND_HDAC2_TARGETS_UP	0.3460419893502126			
GO_XENOBIOTIC_TRANSPORT	0.3459900479680543			
GO_TONGUE_MORPHOGENESIS	0.345964528658986			
REACTOME_KERATAN_SULFATE_KERATIN_METABOLISM	0.34595325203496763			
TGGNNNNNNKCCAR_UNKNOWN	0.3459438878772156			
GSE39864_WT_VS_GATA3_KO_TREG_UP	0.3459347056464726			
BERENJENO_TRANSFORMED_BY_RHOA_DN	0.34587616216644707			
REACTOME_DOWNREGULATION_OF_TGF_BETA_RECEPTOR_SIGNALING	0.34581089619864586			
GO_REGULATION_OF_ANIMAL_ORGAN_MORPHOGENESIS	0.3458106143056689			
GO_CELL_MATRIX_ADHESION_MEDIATOR_ACTIVITY	0.3457942786074138			
GSE24210_TCONV_VS_TREG_DN	0.3457657649149197			
REACTOME_RHO_GTPASES_ACTIVATE_RHOTEKIN_AND_RHOPHILINS	0.34575627644842266			
GO_UNSATURATED_FATTY_ACID_METABOLIC_PROCESS	0.34572247332578754			
GO_POSITIVE_REGULATION_OF_CYTOKINE_SECRETION_INVOLVED_IN_IMMUNE_RESPONSE	0.3457078762235621			
KAPOSI_LIVER_CANCER_MET_UP	0.3457026754305026			
GO_REGULATION_OF_LAMELLIPODIUM_ORGANIZATION	0.3456586993986784			
GO_METANEPHROS_MORPHOGENESIS	0.3456530930119254			
REACTOME_EPHB_MEDIATED_FORWARD_SIGNALING	0.34563537081195933			
GO_NEGATIVE_REGULATION_OF_RECEPTOR_BIOSYNTHETIC_PROCESS	0.34560837496666463			
ZBED4_TARGET_GENES	0.3455131019480158			
IPA_DDIT3_DN	0.34550901959951136			
GSE37301_GRANULOCYTE_MONOCYTE_PROGENITOR_VS_RAG2_KO_NK_CELL_UP	0.3454899218754952			
TSAI_RESPONSE_TO_RADIATION_THERAPY	0.34547092085848435			
LINDVALL_IMMORTALIZED_BY_TERT_DN	0.34546377309444914			
GO_SCHAFFER_COLLATERAL_CA1_SYNAPSE	0.34545058031246667			
GO_COATED_VESICLE	0.3453667984503223			
GO_POSITIVE_REGULATION_OF_TRANSFORMING_GROWTH_FACTOR_BETA1_PRODUCTION	0.34534447823040804			
GO_SECRETORY_VESICLE	0.34532009560292914			
IPA_FOS_DN	0.3452809633901962			
GO_TRANSFORMING_GROWTH_FACTOR_BETA1_PRODUCTION	0.3451930213529238			
GSE29618_PRE_VS_DAY7_FLU_VACCINE_PDC_UP	0.34517470359809904			
MACLACHLAN_BRCA1_TARGETS_DN	0.345169828877268			
GO_AMYLOID_PRECURSOR_PROTEIN_CATABOLIC_PROCESS	0.345164244381702			
REACTOME_TGF_BETA_RECEPTOR_SIGNALING_ACTIVATES_SMADS	0.34515887168577253			
CHIN_BREAST_CANCER_COPY_NUMBER_UP	0.34514875790594113			
LIAO_HAVE_SOX4_BINDING_SITES	0.3451344406029804			
GO_RECEPTOR_INTERNALIZATION	0.34502810200922845			
GO_OXIDOREDUCTASE_ACTIVITY_ACTING_ON_PAIRED_DONORS_WITH_INCORPORATION_OR_REDUCTION_OF_MOLECULAR_OXYGEN	0.3450019229336713			
GO_NEURON_PROJECTION_EXTENSION_INVOLVED_IN_NEURON_PROJECTION_GUIDANCE	0.3449784637014624			
GO_SELECTIVE_AUTOPHAGY	0.3449617811817832			
IPA_SMAD2_DN	0.3449532614339251			
REACTOME_EXTRA_NUCLEAR_ESTROGEN_SIGNALING	0.34494762355582576			
GSE41978_ID2_KO_AND_BIM_KO_VS_BIM_KO_KLRG1_LOW_EFFECTOR_CD8_TCELL_UP	0.3449329530035845			
ESC_V6.5_UP_LATE.V1_DN	0.3449101175365674			
GO_STRIATED_MUSCLE_CELL_DIFFERENTIATION	0.3448142574264173			
GO_BIOLOGICAL_PHASE	0.34477815024914826			
MIR8059	0.3447196585158994			
GO_RUFFLE_MEMBRANE	0.3446810866436807			
GO_VASCULAR_ENDOTHELIAL_GROWTH_FACTOR_PRODUCTION	0.3446171579982526			
XU_HGF_TARGETS_REPRESSED_BY_AKT1_UP	0.3445913084933307			
GO_REGULATION_OF_VASCULAR_PERMEABILITY	0.34455104354472915			
GSE43863_NAIVE_VS_TFH_CD4_EFF_TCELL_D6_LCMV_UP	0.34454856222996455			
GO_OLIGODENDROCYTE_DIFFERENTIATION	0.3445338996205203			
GROSS_HYPOXIA_VIA_ELK3_UP	0.3445279307168032			
GO_RESPONSE_TO_CAMP	0.34449427202732025			
SEIDEN_ONCOGENESIS_BY_MET	0.34447902839397765			
GO_NEUROMUSCULAR_JUNCTION_DEVELOPMENT	0.3444652981428122			
REACTOME_DISEASES_ASSOCIATED_WITH_O_GLYCOSYLATION_OF_PROTEINS	0.34442711245701857			
GO_CELLULAR_RESPONSE_TO_STARVATION	0.3443779657608993			
GO_RETINA_VASCULATURE_MORPHOGENESIS_IN_CAMERA_TYPE_EYE	0.3443030945666042			
GO_HEPARIN_BINDING	0.34428306876743403			
SMID_BREAST_CANCER_BASAL_DN	0.34416316110032835			
GSE2770_UNTREATED_VS_TGFB_AND_IL4_TREATED_ACT_CD4_TCELL_2H_UP	0.34414772359094115			
BIOCARTA_RHO_PATHWAY	0.3441265746117332			
GOTZMANN_EPITHELIAL_TO_MESENCHYMAL_TRANSITION_UP	0.34410334175042656			
GSE19888_ADENOSINE_A3R_ACT_VS_TCELL_MEMBRANES_ACT_AND_A3R_INH_PRETREAT_IN_MAST_CELL_DN	0.3440990129781599			
KYNG_ENVIRONMENTAL_STRESS_RESPONSE_UP	0.3440612731366468			
GO_PLASMA_MEMBRANE_RAFT	0.3439931198181702			
GSE15330_HSC_VS_MEGAKARYOCYTE_ERYTHROID_PROGENITOR_IKAROS_KO_UP	0.34393501192815357			
GO_MONOCARBOXYLIC_ACID_TRANSPORT	0.3438820154211681			
NOUSHMEHR_GBM_SILENCED_BY_METHYLATION	0.3438562832910561			
YANAGIHARA_ESX1_TARGETS	0.3438495963076073			
GO_POSTSYNAPTIC_DENSITY_INTRACELLULAR_COMPONENT	0.34381034569219227			
REACTOME_VEGFR2_MEDIATED_VASCULAR_PERMEABILITY	0.3437739495167616			
FOSTER_TOLERANT_MACROPHAGE_DN	0.34376980393561085			
GO_PLATELET_ALPHA_GRANULE_MEMBRANE	0.3437687943253597			
CHENG_RESPONSE_TO_NICKEL_ACETATE	0.34368370096646406			
GO_LAMELLIPODIUM	0.343672355951275			
GO_RESPONSE_TO_HYDROSTATIC_PRESSURE	0.3436484001802309			
GO_CANONICAL_WNT_SIGNALING_PATHWAY	0.3436339454281133			
IZADPANAH_STEM_CELL_ADIPOSE_VS_BONE_UP	0.3436259477364093			
KYNG_DNA_DAMAGE_BY_4NQO_OR_GAMMA_RADIATION	0.34361202725330403			
GO_MITIGATION_OF_HOST_DEFENSES_BY_SYMBIONT	0.34360254988112926			
REACTOME_VITAMIN_C_ASCORBATE_METABOLISM	0.34358807977494127			
MIR5694	0.34358713730172247			
GROSS_HYPOXIA_VIA_ELK3_ONLY_UP	0.3435624578857297			
GO_REGULATION_OF_LOW_DENSITY_LIPOPROTEIN_PARTICLE_RECEPTOR_BINDING	0.3435573209926813			
GO_ESTABLISHMENT_OR_MAINTENANCE_OF_CYTOSKELETON_POLARITY	0.3435490106645903			
GSE30083_SP1_VS_SP2_THYMOCYTE_UP	0.3435453925250941			
IPA_CEBPB_UP	0.34353782328168864			
GSE30083_SP3_VS_SP4_THYMOCYTE_UP	0.3435351100081474			
GSE17721_LPS_VS_CPG_4H_BMDC_DN	0.3435016776169057			
GO_HEPATOCYTE_DIFFERENTIATION	0.3434909004200822			
GO_ASTROCYTE_ACTIVATION	0.34345025120888434			
GSE43957_UNTREATED_VS_NACL_TREATED_ANTI_CD3_CD28_STIM_CD4_TCELL_DN	0.34342790653126276			
GO_PRESYNAPTIC_ENDOCYTIC_ZONE_MEMBRANE	0.3434278328465672			
GSE5503_LIVER_DC_VS_SPLEEN_DC_ACTIVATED_ALLOGENIC_TCELL_UP	0.3434200551096176			
MASSARWEH_RESPONSE_TO_ESTRADIOL	0.3433878631374333			
GHANDHI_BYSTANDER_IRRADIATION_UP	0.34337456912377373			
MARTINEZ_RB1_AND_TP53_TARGETS_UP	0.3433658973609166			
GARGALOVIC_RESPONSE_TO_OXIDIZED_PHOSPHOLIPIDS_MAGENTA_UP	0.3432846589176438			
GSE37301_RAG2_KO_VS_RAG2_AND_ETS1_KO_NK_CELL_UP	0.34327638528551474			
GSE42021_TCONV_PLN_VS_TREG_PRECURSORS_THYMUS_DN	0.3432399259300826			
GO_CELLULAR_RESPONSE_TO_THYROID_HORMONE_STIMULUS	0.3432297725618982			
GSE42021_CD24INT_VS_CD24LOW_TCONV_THYMUS_DN	0.3432149487111693			
GO_REGULATION_OF_SIGNALING_RECEPTOR_ACTIVITY	0.34319303716908617			
NABA_ECM_GLYCOPROTEINS	0.34317905090059714			
MIR142_3P	0.34317209054975406			
GSE9006_1MONTH_VS_4MONTH_POST_TYPE_1_DIABETES_DX_PBMC_UP	0.343119517114789			
SAKAI_TUMOR_INFILTRATING_MONOCYTES_UP	0.34308733182674445			
KANG_DOXORUBICIN_RESISTANCE_DN	0.3430803433824717			
GO_REACTIVE_NITROGEN_SPECIES_METABOLIC_PROCESS	0.3430688593203408			
GSE17974_2H_VS_72H_UNTREATED_IN_VITRO_CD4_TCELL_UP	0.3430515392420354			
GO_FAT_CELL_DIFFERENTIATION	0.3430304371134038			
GSE20366_CD103_POS_VS_CD103_KLRG1_DP_TREG_DN	0.34302375651735323			
GO_HYALURONAN_CATABOLIC_PROCESS	0.3430139451893504			
GO_POSITIVE_REGULATION_OF_INTEGRIN_MEDIATED_SIGNALING_PATHWAY	0.34290919509614104			
GO_IN_UTERO_EMBRYONIC_DEVELOPMENT	0.3428675113740775			
GSE339_CD4POS_VS_CD8POS_DC_DN	0.34286348499435265			
KUNINGER_IGF1_VS_PDGFB_TARGETS_DN	0.34280826668505276			
IPA_SOX2_DN	0.34274121007524927			
GSE22229_UNTREATED_VS_IMMUNOSUPP_THERAPY_RENAL_TRANSPLANT_PATIENT_PBMC_DN	0.34273369932085157			
CHICAS_RB1_TARGETS_CONFLUENT	0.3426853826101681			
ZNF837_TARGET_GENES	0.34267132427654856			
ZWANG_EGF_PERSISTENTLY_UP	0.34264903494862703			
HOLLEMAN_ASPARAGINASE_RESISTANCE_B_ALL_DN	0.34263232287804096			
GO_NEGATIVE_REGULATION_OF_DENDRITIC_SPINE_DEVELOPMENT	0.3425979640018905			
STANHILL_HRAS_TRANSFROMATION_UP	0.3425453324552878			
GO_NEGATIVE_REGULATION_OF_EPITHELIAL_CELL_PROLIFERATION	0.3425141524120991			
GSE12003_4D_VS_8D_CULTURE_MIR223_KO_BM_PROGENITOR_UP	0.3424688501437541			
GO_REGULATION_OF_KERATINOCYTE_DIFFERENTIATION	0.34245796560687697			
GO_CHORION_DEVELOPMENT	0.34245543869048095			
GO_POSITIVE_REGULATION_OF_TUMOR_NECROSIS_FACTOR_MEDIATED_SIGNALING_PATHWAY	0.34242580700543745			
SMID_BREAST_CANCER_NORMAL_LIKE_DN	0.34242449004614006			
ZHOU_INFLAMMATORY_RESPONSE_LPS_UP	0.3424068594491705			
GO_POSITIVE_REGULATION_OF_BINDING	0.34239415185694155			
CHIN_BREAST_CANCER_COPY_NUMBER_DN	0.34238285279389474			
GO_REGULATION_OF_GLUCOCORTICOID_BIOSYNTHETIC_PROCESS	0.34237120607106747			
GO_ACTIN_MEDIATED_CELL_CONTRACTION	0.3423398463249687			
HORIUCHI_WTAP_TARGETS_UP	0.3422808162302523			
GO_REGULATION_OF_PROTEIN_BINDING	0.3422649236925873			
IPA_PPARD_DN	0.3422561561080017			
AZARE_NEOPLASTIC_TRANSFORMATION_BY_STAT3_DN	0.34222447924335647			
GO_BONE_GROWTH	0.3422129847277144			
GO_REGULATION_OF_MONONUCLEAR_CELL_MIGRATION	0.34221036450530534			
GSE4748_CTRL_VS_CYANOBACTERIUM_LPSLIKE_STIM_DC_3H_DN	0.3421127210449581			
CHIANG_LIVER_CANCER_SUBCLASS_CTNNB1_DN	0.3420927993409705			
PID_ERBB1_RECEPTOR_PROXIMAL_PATHWAY	0.3420639777058495			
GSE32034_UNTREATED_VS_ROSIGLIZATONE_TREATED_LY6C_HIGH_MONOCYTE_UP	0.3419795976681831			
GO_NEUTROPHIL_CLEARANCE	0.3419215745845173			
GO_REGULATION_OF_PERK_MEDIATED_UNFOLDED_PROTEIN_RESPONSE	0.3419198640945622			
IPA_HIC1_DN	0.3419156297795186			
BOQUEST_STEM_CELL_CULTURED_VS_FRESH_UP	0.34191172702540323			
HADDAD_T_LYMPHOCYTE_AND_NK_PROGENITOR_UP	0.34190436277735314			
GINESTIER_BREAST_CANCER_20Q13_AMPLIFICATION_UP	0.3418309390465283			
GSE22886_NAIVE_CD8_TCELL_VS_DC_DN	0.34180424892980565			
IZADPANAH_STEM_CELL_ADIPOSE_VS_BONE_DN	0.3418031261600724			
GO_MODULATION_OF_MOLECULAR_FUNCTION_IN_OTHER_ORGANISM	0.3417399557975007			
GO_NEGATIVE_REGULATION_OF_LIPID_LOCALIZATION	0.3417162674247388			
GO_RUFFLE_ORGANIZATION	0.34170721712895424			
GSE13484_UNSTIM_VS_3H_YF17D_VACCINE_STIM_PBMC_DN	0.3417048705259438			
REACTOME_O_LINKED_GLYCOSYLATION	0.3416927911187005			
VETTER_TARGETS_OF_PRKCA_AND_ETS1_DN	0.34168669087816606			
GO_APPENDAGE_DEVELOPMENT	0.34166392796896833			
GO_EARLY_ENDOSOME_MEMBRANE	0.34166153443035385			
GO_COMMISSURAL_NEURON_AXON_GUIDANCE	0.3416528762128039			
HINATA_NFKB_TARGETS_KERATINOCYTE_UP	0.34164524169035265			
GO_MORPHOGENESIS_OF_EMBRYONIC_EPITHELIUM	0.3416278435019778			
GSE36078_WT_VS_IL1R_KO_LUNG_DC_AFTER_AD5_T425A_HEXON_INF_UP	0.3416101843858109			
AFFAR_YY1_TARGETS_UP	0.34157540940610986			
GO_EPIDERMIS_DEVELOPMENT	0.34156350855725137			
ROAZ_01	0.3415298626428762			
WAMUNYOKOLI_OVARIAN_CANCER_LMP_UP	0.34146731476373254			
GSE24634_IL4_VS_CTRL_TREATED_NAIVE_CD4_TCELL_DAY3_UP	0.341426997926119			
CORRE_MULTIPLE_MYELOMA_UP	0.34141447857810203			
GO_POSITIVE_REGULATION_OF_PHOSPHOLIPID_BIOSYNTHETIC_PROCESS	0.34139917375653633			
IIZUKA_LIVER_CANCER_PROGRESSION_L1_G1_UP	0.34137354058728697			
GSE15930_NAIVE_VS_72H_IN_VITRO_STIM_CD8_TCELL_UP	0.341359140906765			
TFCP2_TARGET_GENES	0.34133915046539404			
GO_PINOSOME	0.34133808846951125			
GSE29618_BCELL_VS_MDC_DN	0.34133720635851494			
GO_CELLULAR_MODIFIED_AMINO_ACID_METABOLIC_PROCESS	0.34133251111556817			
FERRARI_RESPONSE_TO_FENRETINIDE_UP	0.34132734583803004			
GSE360_L_DONOVANI_VS_L_MAJOR_DC_DN	0.34130471545559804			
GO_SKELETAL_SYSTEM_MORPHOGENESIS	0.3412618758069391			
GO_CLATHRIN_BINDING	0.34124726389617505			
GO_INTRINSIC_COMPONENT_OF_VACUOLAR_MEMBRANE	0.34124350500162226			
GSE33425_CD161_HIGH_VS_NEG_CD8_TCELL_DN	0.34121243502222426			
GSE37532_TREG_VS_TCONV_CD4_TCELL_FROM_VISCERAL_ADIPOSE_TISSUE_UP	0.3412005703468738			
GO_REGULATION_OF_BASEMENT_MEMBRANE_ASSEMBLY_INVOLVED_IN_EMBRYONIC_BODY_MORPHOGENESIS	0.341184701379887			
GO_POSITIVE_REGULATION_OF_CELLULAR_COMPONENT_BIOGENESIS	0.3411753585681029			
GSE17721_PAM3CSK4_VS_CPG_16H_BMDC_DN	0.3411398942884302			
GO_RESPONSE_TO_CORTICOSTERONE	0.34111872758519207			
REACTOME_GAB1_SIGNALOSOME	0.34111601976044403			
GO_GLYCOPROTEIN_BIOSYNTHETIC_PROCESS	0.34108711987526324			
CHIARADONNA_NEOPLASTIC_TRANSFORMATION_KRAS_CDC25_DN	0.3410870477082896			
GSE19923_WT_VS_HEB_KO_DP_THYMOCYTE_UP	0.3410841934538552			
PELLICCIOTTA_HDAC_IN_ANTIGEN_PRESENTATION_UP	0.3410566877335232			
GO_REGULATION_OF_PROTEIN_AUTOPHOSPHORYLATION	0.3409981815879035			
WILLERT_WNT_SIGNALING	0.3409789298013334			
GO_HYPOTONIC_RESPONSE	0.3409695213868817			
HSIAO_LIVER_SPECIFIC_GENES	0.34093958646680683			
SRF_Q4	0.3409394184950947			
IPA_ELK1_UP	0.3409346256678735			
VERHAAK_AML_WITH_NPM1_MUTATED_UP	0.34093454961998493			
GSE22501_PERIPHERAL_BLOOD_VS_CORD_BLOOD_TREG_UP	0.3408726779807193			
GSE17721_CTRL_VS_PAM3CSK4_12H_BMDC_DN	0.3407478394062479			
IPA_ZNF148_DN	0.3407116360232192			
IL2_UP.V1_UP	0.3406965427940097			
GSE42021_TCONV_PLN_VS_CD24LO_TCONV_THYMUS_DN	0.34069034271617243			
GO_MUCOPOLYSACCHARIDE_METABOLIC_PROCESS	0.3406755794074182			
CHIBA_RESPONSE_TO_TSA	0.3406751127915251			
GO_NEGATIVE_REGULATION_OF_MITOCHONDRION_ORGANIZATION	0.34063298774139905			
GO_NEGATIVE_REGULATION_OF_LIPID_TRANSPORT	0.34060701393609233			
GO_ACTIN_FILAMENT_BINDING	0.3405814721857802			
GSE29618_MONOCYTE_VS_PDC_UP	0.34050019346518456			
REACTOME_MET_INTERACTS_WITH_TNS_PROTEINS	0.3404928594050858			
GO_CYCLOOXYGENASE_PATHWAY	0.3404871730420577			
GSE15930_STIM_VS_STIM_AND_TRICHOSTATINA_72H_CD8_T_CELL_DN	0.3404845989918073			
PID_FGF_PATHWAY	0.34045307806569564			
CP2_02	0.3404486479273992			
GO_AMYLOID_PRECURSOR_PROTEIN_METABOLIC_PROCESS	0.3404293414893112			
GSE12392_WT_VS_IFNB_KO_CD8A_POS_SPLEEN_DC_UP	0.34042902816140325			
GO_BROWN_FAT_CELL_DIFFERENTIATION	0.34041970916964237			
GSE17721_4_VS_24H_CPG_BMDC_UP	0.3404161718586671			
GO_LIPID_HOMEOSTASIS	0.3404138205916944			
GO_CELLULAR_COMPONENT_MORPHOGENESIS	0.34038468366852426			
GO_ERAD_PATHWAY	0.3403830089053534			
GO_PHOSPHATIDYLINOSITOL_3_5_BISPHOSPHATE_BINDING	0.34034395052204686			
REACTOME_APOPTOTIC_CLEAVAGE_OF_CELL_ADHESION_PROTEINS	0.3403398525848606			
GO_RESPONSE_TO_ENDOGENOUS_STIMULUS	0.34033791093617366			
MIR5687	0.3402325584184435			
ZHU_SKIL_TARGETS_UP	0.3402325232242625			
GO_TRANSCYTOSIS	0.34021519240287135			
GO_CONNECTIVE_TISSUE_DEVELOPMENT	0.3401890001051901			
NFE2_01	0.34018871322725047			
MACLACHLAN_BRCA1_TARGETS_UP	0.3401197330117768			
GO_PLASMA_MEMBRANE_TUBULATION	0.34011948342522225			
GO_CHONDROCYTE_DIFFERENTIATION	0.34011854115411794			
GO_DETECTION_OF_CELL_DENSITY	0.34006489986187916			
GO_TRANSITION_METAL_ION_TRANSPORT	0.3400459910890656			
RUTELLA_RESPONSE_TO_CSF2RB_AND_IL4_UP	0.3400153259268268			
GSE20715_0H_VS_48H_OZONE_LUNG_DN	0.33998459439116			
GO_NEGATIVE_REGULATION_OF_EXTRACELLULAR_MATRIX_ORGANIZATION	0.33996853503815305			
GSE8868_SPLEEN_VS_INTESTINE_CD11B_POS_CD11C_NEG_DC_DN	0.3398457179513351			
KEGG_DILATED_CARDIOMYOPATHY	0.3398430904787457			
KHETCHOUMIAN_TRIM24_TARGETS_UP	0.33983421496942673			
REACTOME_SMOOTH_MUSCLE_CONTRACTION	0.3398339737802673			
REACTOME_NR1H2_NR1H3_REGULATE_GENE_EXPRESSION_LINKED_TO_TRIGLYCERIDE_LIPOLYSIS_IN_ADIPOSE	0.3398338614086148			
GO_AXON_CHOICE_POINT_RECOGNITION	0.3398183384392644			
GSE25087_TREG_VS_TCONV_FETUS_UP	0.3398164051635411			
GO_RECEPTOR_RECYCLING	0.33979130292515686			
GO_REGULATION_OF_NEUTROPHIL_EXTRAVASATION	0.33974944434205484			
GSE360_DC_VS_MAC_T_GONDII_DN	0.339716613196548			
NUYTTEN_NIPP1_TARGETS_UP	0.33971181834361147			
GO_REGULATION_OF_SUPRAMOLECULAR_FIBER_ORGANIZATION	0.3397071929634331			
GSE37301_GRANULOCYTE_MONOCYTE_PROGENITOR_VS_RAG2_KO_NK_CELL_DN	0.3396901362392188			
GSE43260_BTLA_POS_VS_NEG_INTRATUMORAL_CD8_TCELL_UP	0.33968644796450964			
REACTOME_HEME_DEGRADATION	0.339667526335326			
PID_FRA_PATHWAY	0.33964861158985826			
REACTOME_SIGNALING_BY_TGF_BETA_RECEPTOR_COMPLEX	0.3396448679562965			
GSE37532_VISCERAL_ADIPOSE_TISSUE_VS_LN_DERIVED_TCONV_CD4_TCELL_DN	0.3396225469074689			
GO_INTRACELLULAR_TRANSPORT	0.3396134384045641			
GSE43955_TH0_VS_TGFB_IL6_TH17_ACT_CD4_TCELL_1H_DN	0.33960102994286107			
IPA_GLI1_UP	0.3395701484313894			
GO_SUBSTRATE_DEPENDENT_CELL_MIGRATION	0.33955699985180554			
MIR92A_1_5P	0.3395199254110549			
GSE9946_MATURE_STIMULATORY_VS_LISTERIA_INF_MATURE_DC_DN	0.3394681604647023			
GENTILE_UV_RESPONSE_CLUSTER_D1	0.33944877782218263			
LIU_IL13_PRIMING_MODEL	0.339383430621794			
SNF5_DN.V1_DN	0.33933844081134523			
GSE14308_TH2_VS_TH1_UP	0.33932757402603025			
GSE24972_WT_VS_IRF8_KO_MARGINAL_ZONE_SPLEEN_BCELL_UP	0.33929515746721944			
TTGCWCAAY_CEBPB_02	0.33928843118753454			
REACTOME_SIGNAL_TRANSDUCTION_BY_L1	0.3392545023120799			
AP1FJ_Q2	0.33921808214475263			
SMIRNOV_RESPONSE_TO_IR_6HR_UP	0.33920917654948074			
IPA_MSLN_UP	0.33913581000257603			
DURAND_STROMA_S_UP	0.33908693505786214			
GO_ADHESION_OF_SYMBIONT_TO_HOST	0.33908558470782907			
SCHLESINGER_METHYLATED_DE_NOVO_IN_CANCER	0.33907816239844			
IK2_01	0.3390513624875913			
GSE15930_NAIVE_VS_48H_IN_VITRO_STIM_IFNAB_CD8_TCELL_UP	0.3390215343000911			
GARGALOVIC_RESPONSE_TO_OXIDIZED_PHOSPHOLIPIDS_GREY_UP	0.3389054239133807			
GO_MESENCHYMAL_CELL_PROLIFERATION_INVOLVED_IN_LUNG_DEVELOPMENT	0.33889969858651453			
GSE9650_GP33_VS_GP276_LCMV_SPECIFIC_EXHAUSTED_CD8_TCELL_UP	0.33887069206475895			
GSE17721_12H_VS_24H_CPG_BMDC_UP	0.33886037132845065			
GO_ENDOSOME_MEMBRANE	0.3388493534283087			
OZANNE_AP1_TARGETS_UP	0.3388056807324562			
GO_REGULATION_OF_VESICLE_MEDIATED_TRANSPORT	0.3387757524383926			
BECKER_TAMOXIFEN_RESISTANCE_UP	0.33874297948005366			
GSE26488_CTRL_VS_PEPTIDE_INJECTION_HDAC7_DELTAP_TG_OT2_THYMOCYTE_DN	0.33874037948038394			
GROSS_ELK3_TARGETS_DN	0.33872565491846207			
GSE26928_NAIVE_VS_CENT_MEMORY_CD4_TCELL_DN	0.3387076098284713			
GO_MEMBRANE_PROTEIN_PROTEOLYSIS	0.33867312431064645			
GO_ACTIVIN_BINDING	0.3386669190845698			
ONKEN_UVEAL_MELANOMA_UP	0.33861911936866135			
IPA_SMAD1_UP	0.3386072602512808			
GO_POSTSYNAPTIC_SPECIALIZATION_INTRACELLULAR_COMPONENT	0.3385690713812069			
WHITESIDE_CISPLATIN_RESISTANCE_UP	0.3384985839416389			
AP1_Q2	0.33848822190362493			
GO_LYMPH_VESSEL_DEVELOPMENT	0.33848684867305384			
IPA_FOXA1_DN	0.3384539685024677			
GO_RESPONSE_TO_EPIDERMAL_GROWTH_FACTOR	0.33844801048532297			
HALLMARK_NOTCH_SIGNALING	0.3384469091394941			
SCHOEN_NFKB_SIGNALING	0.33844289811463873			
GO_CARDIAC_CHAMBER_MORPHOGENESIS	0.3384269006136985			
GO_PLATELET_DERIVED_GROWTH_FACTOR_RECEPTOR_BETA_SIGNALING_PATHWAY	0.33842652204836954			
GO_ACROSOMAL_VESICLE	0.3384220361091519			
MIR3190_5P	0.33837142995993913			
GO_VACUOLE_ORGANIZATION	0.33835331912872635			
GO_REGULATION_OF_PEPTIDYL_TYROSINE_AUTOPHOSPHORYLATION	0.3383527263693513			
BIOCARTA_CELL2CELL_PATHWAY	0.3383139168794301			
GO_REGULATION_OF_POSTSYNAPTIC_MEMBRANE_NEUROTRANSMITTER_RECEPTOR_LEVELS	0.33829572080722237			
GO_NEGATIVE_REGULATION_OF_CATALYTIC_ACTIVITY	0.33827673611354175			
LIU_SMARCA4_TARGETS	0.33827361427378194			
LEIN_CEREBELLUM_MARKERS	0.3382712454033501			
GO_NEGATIVE_REGULATION_OF_NECROTIC_CELL_DEATH	0.3382670780432215			
REACTOME_INLA_MEDIATED_ENTRY_OF_LISTERIA_MONOCYTOGENES_INTO_HOST_CELLS	0.3382331967957046			
FERREIRA_EWINGS_SARCOMA_UNSTABLE_VS_STABLE_DN	0.33821885474559593			
GO_PENETRATION_OF_ZONA_PELLUCIDA	0.3382027416056207			
GO_REGULATION_OF_WATER_LOSS_VIA_SKIN	0.3381676763658534			
GO_REGULATION_OF_MEMBRANE_REPOLARIZATION	0.33814917714996795			
GSE3982_MAC_VS_CENT_MEMORY_CD4_TCELL_UP	0.3381329510606191			
TONKS_TARGETS_OF_RUNX1_RUNX1T1_FUSION_SUSTAINED_IN_GRANULOCYTE_UP	0.3380954786049898			
DUTERTRE_ESTRADIOL_RESPONSE_6HR_DN	0.33808908504168517			
GSE3039_CD4_TCELL_VS_ALPHABETA_CD8_TCELL_DN	0.3380740606749056			
GSE9509_LPS_VS_LPS_AND_IL10_STIM_IL10_KO_MACROPHAGE_10MIN_UP	0.3380559654090525			
MAINA_VHL_TARGETS_UP	0.3380554149969895			
GO_ESTABLISHMENT_OF_PROTEIN_LOCALIZATION_TO_VACUOLE	0.3380054186018242			
REACTOME_METABOLISM_OF_CARBOHYDRATES	0.3379993608315089			
DAVICIONI_PAX_FOXO1_SIGNATURE_IN_ARMS_UP	0.33797108927224345			
GO_MYOFIBRIL_ASSEMBLY	0.3379473229468498			
GO_REGULATION_OF_GLOMERULAR_FILTRATION	0.3379279364479615			
GO_LENS_MORPHOGENESIS_IN_CAMERA_TYPE_EYE	0.3379220621409984			
TONG_INTERACT_WITH_PTTG1	0.3378908599139009			
GO_MIDBODY_ABSCISSION	0.337889304718899			
HAHTOLA_MYCOSIS_FUNGOIDES_CD4_UP	0.3378491375963351			
KANNAN_TP53_TARGETS_UP	0.33783277357471725			
GO_REGULATION_OF_PSEUDOPODIUM_ASSEMBLY	0.33782182628544133			
OKUMURA_INFLAMMATORY_RESPONSE_LPS	0.33778676561967436			
ZHANG_RESPONSE_TO_IKK_INHIBITOR_AND_TNF_UP	0.3376993565227108			
GO_RESPONSE_TO_PAIN	0.33766938638245064			
GO_AXON_MIDLINE_CHOICE_POINT_RECOGNITION	0.33765767492490867			
GSE13485_DAY7_VS_DAY21_YF17D_VACCINE_PBMC_UP	0.33763219256200966			
GO_RECEPTOR_INHIBITOR_ACTIVITY	0.3375803334332552			
GSE30971_CTRL_VS_LPS_STIM_MACROPHAGE_WBP7_KO_4H_UP	0.33756938005975123			
GSE5589_LPS_VS_LPS_AND_IL6_STIM_IL10_KO_MACROPHAGE_45MIN_DN	0.33754289975744384			
GO_CO_RECEPTOR_BINDING	0.3375301326332008			
GO_REGULATION_OF_CELLULAR_RESPONSE_TO_HYPOXIA	0.3374966127957642			
GSE35543_IN_VIVO_NTREG_VS_CONVERTED_EX_ITREG_DN	0.3374938479124792			
GO_MAINTENANCE_OF_PRESYNAPTIC_ACTIVE_ZONE_STRUCTURE	0.3374816903334491			
GSE37301_LYMPHOID_PRIMED_MPP_VS_COMMON_LYMPHOID_PROGENITOR_DN	0.33745502269565714			
BHAT_ESR1_TARGETS_VIA_AKT1_UP	0.337405627264699			
GSE22229_RENAL_TRANSPLANT_IMMUNOSUPP_THERAPY_VS_HEALTHY_PBMC_DN	0.3373951075271922			
PID_ARF6_DOWNSTREAM_PATHWAY	0.3373829530833877			
GO_OUTFLOW_TRACT_MORPHOGENESIS	0.33731411613706663			
GSE5679_CTRL_VS_PPARG_LIGAND_ROSIGLITAZONE_AND_RARA_AGONIST_AM580_TREATED_DC_DN	0.3373013659808696			
KEGG_SPHINGOLIPID_METABOLISM	0.33726431152976827			
NFE2L3_TARGET_GENES	0.3372514823231659			
MULLIGHAN_NPM1_MUTATED_SIGNATURE_2_UP	0.3372483613340129			
GO_AMYLOID_FIBRIL_FORMATION	0.33721230079453296			
MIR196A_3P	0.33717529029805743			
GSE9988_ANTI_TREM1_VS_LPS_MONOCYTE_UP	0.3371661854384266			
GSE17721_CTRL_VS_GARDIQUIMOD_4H_BMDC_DN	0.3371644081152921			
GSE9650_EXHAUSTED_VS_MEMORY_CD8_TCELL_UP	0.3371535663388029			
GO_POSITIVE_REGULATION_OF_EMBRYONIC_DEVELOPMENT	0.33712689970680837			
PUIFFE_INVASION_INHIBITED_BY_ASCITES_UP	0.33707563099116183			
HASINA_NOL7_TARGETS_DN	0.33704040948301817			
LUI_THYROID_CANCER_CLUSTER_1	0.3370049013143098			
GO_VESICLE_LOCALIZATION	0.3369673962403106			
ARGGGTTAA_UNKNOWN	0.3369309414764222			
LEIN_OLIGODENDROCYTE_MARKERS	0.3369068721563049			
GO_FATTY_ACID_TRANSPORT	0.33688586521464264			
GO_RESPONSE_TO_ACID_CHEMICAL	0.3368716874843673			
GO_REGULATION_OF_ACTION_POTENTIAL	0.3368630204617212			
GO_RETROGRADE_VESICLE_MEDIATED_TRANSPORT_GOLGI_TO_ENDOPLASMIC_RETICULUM	0.33683367020808563			
GSE27786_BCELL_VS_NKCELL_DN	0.3367665541268903			
GO_SECRETORY_GRANULE	0.3367627250568648			
REACTOME_SEMA3A_PLEXIN_REPULSION_SIGNALING_BY_INHIBITING_INTEGRIN_ADHESION	0.3367519365016584			
GSE3039_CD4_TCELL_VS_B1_BCELL_DN	0.3367422771038647			
OHGUCHI_LIVER_HNF4A_TARGETS_UP	0.3367274967789918			
GO_REGULATION_OF_PROTEIN_CATABOLIC_PROCESS_IN_THE_VACUOLE	0.33671606747840505			
BROWNE_HCMV_INFECTION_14HR_DN	0.3366924305227672			
GO_REGULATION_OF_HEART_MORPHOGENESIS	0.3366916593776323			
GO_EMBRYONIC_FORELIMB_MORPHOGENESIS	0.336675324499042			
GSE19401_RETINOIC_ACID_VS_RETINOIC_ACID_AND_PAM2CSK4_STIM_FOLLICULAR_DC_UP	0.3366602763722449			
CHIANG_LIVER_CANCER_SUBCLASS_POLYSOMY7_DN	0.3366390590728578			
GSE22611_UNSTIM_VS_6H_MDP_STIM_NOD2_TRANSDUCED_HEK293T_CELL_UP	0.3365760711583407			
REACTOME_TRANSCRIPTIONAL_REGULATION_BY_RUNX3	0.3365596101522026			
MIZUKAMI_HYPOXIA_DN	0.3365114761381216			
GO_RENAL_SYSTEM_PROCESS	0.3364586536472091			
GO_POSITIVE_REGULATION_OF_MACROPHAGE_CHEMOTAXIS	0.3364568988228206			
PID_P53_DOWNSTREAM_PATHWAY	0.33645476793241136			
INGA_TP53_TARGETS	0.3364387273371595			
JOHNSTONE_PARVB_TARGETS_1_DN	0.3364127675534944			
KYNG_WERNER_SYNDROM_AND_NORMAL_AGING_DN	0.3363874713216175			
GSE29617_DAY3_VS_DAY7_TIV_FLU_VACCINE_PBMC_2008_UP	0.3363712640839767			
UZONYI_RESPONSE_TO_LEUKOTRIENE_AND_THROMBIN	0.33636726760307134			
GSE34156_TLR1_TLR2_LIGAND_VS_NOD2_AND_TLR1_TLR2_LIGAND_24H_TREATED_MONOCYTE_UP	0.33630571879266685			
GO_REGULATION_OF_PROTEASOMAL_UBIQUITIN_DEPENDENT_PROTEIN_CATABOLIC_PROCESS	0.33625346369202386			
GSE11864_CSF1_VS_CSF1_IFNG_IN_MAC_UP	0.3362140173073586			
GO_NEGATIVE_REGULATION_OF_INTRACELLULAR_SIGNAL_TRANSDUCTION	0.336213700496554			
GSE17721_CTRL_VS_LPS_4H_BMDC_DN	0.33619408468094625			
GO_KERATINOCYTE_DIFFERENTIATION	0.3361744984513253			
ZEILSTRA_CD44_TARGETS_UP	0.33616307028446235			
GSE17721_CTRL_VS_PAM3CSK4_6H_BMDC_DN	0.3359894140035792			
GO_CELLULAR_RESPONSE_TO_OSMOTIC_STRESS	0.3359367474093398			
SANA_RESPONSE_TO_IFNG_DN	0.33593253985738086			
KEGG_AXON_GUIDANCE	0.3359240915676566			
GSE3982_MAST_CELL_VS_BASOPHIL_UP	0.3359159622656843			
WANG_TNF_TARGETS	0.33591448298818016			
GO_NEURON_PROJECTION_GUIDANCE	0.3358736648229736			
GO_COPPER_ION_IMPORT	0.335838816172587			
GSE18281_PERIMEDULLARY_CORTICAL_REGION_VS_WHOLE_MEDULLA_THYMUS_DN	0.3358056179703936			
VANTVEER_BREAST_CANCER_ESR1_DN	0.3357969151898678			
GO_EXTRACELLULAR_MATRIX_STRUCTURAL_CONSTITUENT	0.3357899926619489			
GO_ORGANIC_ACID_BINDING	0.33577746466794467			
GSE29949_MICROGLIA_BRAIN_VS_CD8_NEG_DC_SPLEEN_UP	0.33577636190222976			
GSE13411_SWITCHED_MEMORY_BCELL_VS_PLASMA_CELL_DN	0.33575915105110815			
GO_NEGATIVE_REGULATION_OF_BLOOD_VESSEL_ENDOTHELIAL_CELL_MIGRATION	0.3357374706878638			
IPA_NR3C1_DN	0.3357253851538415			
GO_CHEMOKINE_BIOSYNTHETIC_PROCESS	0.3357084136233281			
GO_AGGREPHAGY	0.3356686553174944			
GO_SPHINGOLIPID_BIOSYNTHETIC_PROCESS	0.3356670299086391			
GO_PIGMENT_ACCUMULATION	0.3356543139702986			
GO_GLOMERULAR_EPITHELIAL_CELL_DIFFERENTIATION	0.3356383887677967			
GSE15930_STIM_VS_STIM_AND_IL12_72H_CD8_T_CELL_DN	0.3356138785875644			
GSE11961_MEMORY_BCELL_DAY7_VS_GERMINAL_CENTER_BCELL_DAY7_UP	0.3355967478974252			
GO_REGULATION_OF_LONG_TERM_NEURONAL_SYNAPTIC_PLASTICITY	0.3355901285167432			
GO_PROTEOGLYCAN_BINDING	0.3355707333009234			
GSE16385_ROSIGLITAZONE_IL4_VS_ROSIGLITAZONE_ALONE_STIM_MACROPHAGE_UP	0.3355583330797627			
GO_INTEGRIN_MEDIATED_SIGNALING_PATHWAY	0.335503537915134			
GO_CARGO_ADAPTOR_ACTIVITY	0.33549814917474646			
GO_GLYCOSAMINOGLYCAN_BINDING	0.33549462867393126			
SATO_SILENCED_BY_METHYLATION_IN_PANCREATIC_CANCER_2	0.3354890144797433			
GSE16522_MEMORY_VS_NAIVE_ANTI_CD3CD28_STIM_CD8_TCELL_UP	0.33541062209927525			
GO_ESTABLISHMENT_OR_MAINTENANCE_OF_CELL_POLARITY	0.335359535575317			
FOURNIER_ACINAR_DEVELOPMENT_EARLY_DN	0.33535142886400776			
GSE22103_UNSTIM_VS_LPS_STIM_NEUTROPHIL_DN	0.33533886750915304			
GO_INTERLEUKIN_1_BETA_BIOSYNTHETIC_PROCESS	0.3353361525227316			
GO_INTERLEUKIN_1_BIOSYNTHETIC_PROCESS	0.3353361525227316			
GO_POSITIVE_REGULATION_OF_MUSCLE_CONTRACTION	0.3353346724551749			
CORDENONSI_YAP_CONSERVED_SIGNATURE	0.3353310637767082			
IPA_POU2AF1_UP	0.3353294783360875			
ZHANG_PROLIFERATING_VS_QUIESCENT	0.3353242747049668			
GSE22886_NAIVE_CD8_TCELL_VS_MONOCYTE_DN	0.3352782773682522			
WEST_ADRENOCORTICAL_TUMOR_DN	0.3352769847966925			
YANG_BREAST_CANCER_ESR1_LASER_DN	0.33524939693933237			
LHX2_TARGET_GENES	0.3352159244734048			
GO_TRACHEA_MORPHOGENESIS	0.33519408918060656			
GSE32533_WT_VS_MIR17_OVEREXPRESS_ACT_CD4_TCELL_DN	0.3351925614512757			
IPA_CTBP1_DN	0.3351810405559			
KYNG_DNA_DAMAGE_BY_4NQO_OR_UV	0.33515800406525464			
JISON_SICKLE_CELL_DISEASE_UP	0.335144554891733			
GSE18148_CBFB_KO_VS_WT_TREG_UP	0.33514054534315096			
REACTOME_MOLECULES_ASSOCIATED_WITH_ELASTIC_FIBRES	0.3351203974056935			
REACTOME_ELASTIC_FIBRE_FORMATION	0.3351058734168471			
IPA_MTF1_UP	0.33510149230315384			
GSE41176_UNSTIM_VS_ANTI_IGM_STIM_BCELL_1H_UP	0.33508190004819727			
REACTOME_INACTIVATION_OF_CDC42_AND_RAC1	0.33507400940501736			
GSE17721_CTRL_VS_GARDIQUIMOD_2H_BMDC_DN	0.33504898895804214			
SEITZ_NEOPLASTIC_TRANSFORMATION_BY_8P_DELETION_UP	0.33497227654453554			
GSE11818_WT_VS_DICER_KO_TREG_UP	0.3349425952369205			
SENESE_HDAC1_AND_HDAC2_TARGETS_DN	0.3349123330348902			
REACTOME_POU5F1_OCT4_SOX2_NANOG_REPRESS_GENES_RELATED_TO_DIFFERENTIATION	0.3349084672194257			
GSE12198_NK_VS_NK_ACT_EXPANSION_SYSTEM_DERIVED_NK_CELL_DN	0.33490638884817236			
GSE29949_CD8_POS_DC_SPLEEN_VS_DC_BRAIN_DN	0.33490475971459027			
GO_METANEPHRIC_RENAL_VESICLE_MORPHOGENESIS	0.3348656767041564			
MARIADASON_RESPONSE_TO_BUTYRATE_CURCUMIN_SULINDAC_TSA_2	0.334864496553633			
KEGG_CIRCADIAN_RHYTHM_MAMMAL	0.3348632206884407			
BIOCARTA_LEPTIN_PATHWAY	0.33485556127309735			
GSE5142_CTRL_VS_HTERT_TRANSDUCED_CD8_TCELL_EARLY_PASSAGE_CLONE_UP	0.33482600122747563			
GO_VASCULAR_ENDOTHELIAL_GROWTH_FACTOR_RECEPTOR_BINDING	0.33481960597779914			
GO_SKIN_MORPHOGENESIS	0.3348194205600356			
GO_PROTEIN_LOCALIZATION_TO_CELL_CELL_JUNCTION	0.334778859239097			
GO_CELLULAR_CARBOHYDRATE_METABOLIC_PROCESS	0.3347732032944711			
MAINA_HYPOXIA_VHL_TARGETS_UP	0.3347146148384784			
TSHZ1_TARGET_GENES	0.33471431881445207			
GO_MYELIN_ASSEMBLY	0.33468307608457154			
RICKMAN_METASTASIS_DN	0.3346676993871922			
GO_REGULATION_OF_ENDOPLASMIC_RETICULUM_STRESS_INDUCED_INTRINSIC_APOPTOTIC_SIGNALING_PATHWAY	0.33465378889406766			
HINATA_NFKB_TARGETS_KERATINOCYTE_DN	0.334648092930557			
GSE15330_WT_VS_IKAROS_KO_HSC_DN	0.3346306853968583			
GO_INCLUSION_BODY_ASSEMBLY	0.33457766083858786			
GO_NEGATIVE_REGULATION_OF_SPROUTING_ANGIOGENESIS	0.3345148105447246			
GSE2770_IL12_AND_TGFB_ACT_VS_ACT_CD4_TCELL_2H_UP	0.334487960033037			
REACTOME_RNF_MUTANTS_SHOW_ENHANCED_WNT_SIGNALING_AND_PROLIFERATION	0.3344696476456119			
GSE8835_HEALTHY_VS_CLL_CD4_TCELL_UP	0.33443381468384903			
GO_HEPARAN_SULFATE_PROTEOGLYCAN_METABOLIC_PROCESS	0.33442949740299827			
JAEGER_METASTASIS_DN	0.33442670698478444			
ADDYA_ERYTHROID_DIFFERENTIATION_BY_HEMIN	0.33442161337388365			
TGFB_UP.V1_DN	0.3344054682826102			
NRF2_Q4	0.3343954885845974			
GRAESSMANN_RESPONSE_TO_MC_AND_SERUM_DEPRIVATION_DN	0.33432189785581434			
REACTOME_AMYLOID_FIBER_FORMATION	0.33426737378314936			
GSE29618_PRE_VS_DAY7_FLU_VACCINE_BCELL_UP	0.33426102300918115			
GO_POSITIVE_REGULATION_OF_APOPTOTIC_SIGNALING_PATHWAY	0.33423898237791383			
GSE22935_UNSTIM_VS_24H_MBOVIS_BCG_STIM_MACROPHAGE_UP	0.3342351511917915			
MOHANKUMAR_HOXA1_TARGETS_UP	0.3341729156083214			
REACTOME_COPI_MEDIATED_ANTEROGRADE_TRANSPORT	0.3341541733975944			
GSE360_L_DONOVANI_VS_B_MALAYI_HIGH_DOSE_MAC_UP	0.33413980498812934			
GO_SPHINGOID_METABOLIC_PROCESS	0.334114416273887			
GO_GLIAL_CELL_FATE_COMMITMENT	0.334083169962721			
GAUSSMANN_MLL_AF4_FUSION_TARGETS_A_DN	0.33407751836336785			
GO_MOLTING_CYCLE_PROCESS	0.33407673959246204			
GSE360_L_DONOVANI_VS_T_GONDII_DC_UP	0.33405247311851244			
GO_REGULATION_OF_VASCULAR_ENDOTHELIAL_GROWTH_FACTOR_RECEPTOR_SIGNALING_PATHWAY	0.3340351513058072			
GO_SCAFFOLD_PROTEIN_BINDING	0.3339512361990737			
ZHENG_RESPONSE_TO_ARSENITE_UP	0.3339441709231583			
DODD_NASOPHARYNGEAL_CARCINOMA_UP	0.3339426463323997			
REACTOME_INTEGRIN_CELL_SURFACE_INTERACTIONS	0.33386973973593836			
GSE1791_CTRL_VS_NEUROMEDINU_IN_T_CELL_LINE_6H_UP	0.33385192562701504			
GSE20152_HTNFA_OVERXPRESS_ANKLE_VS_CTRL_SPHK1_KO_ANKLE_UP	0.3338499416383975			
GO_POSITIVE_REGULATION_OF_SECONDARY_METABOLITE_BIOSYNTHETIC_PROCESS	0.33382263294005154			
GSE26030_TH1_VS_TH17_RESTIMULATED_DAY5_POST_POLARIZATION_DN	0.3338129060171333			
GO_BUD_ELONGATION_INVOLVED_IN_LUNG_BRANCHING	0.33380640634163933			
GO_MULTIVESICULAR_BODY	0.3338009499156748			
GO_REGULATION_OF_CELL_DEATH	0.33380002346447285			
GO_LIPOPROTEIN_METABOLIC_PROCESS	0.3337784307123635			
GO_POSITIVE_REGULATION_OF_PROTEIN_MATURATION	0.3337711409982054			
GO_ENDOCARDIAL_CELL_DIFFERENTIATION	0.33374269105635623			
GO_CARBOHYDRATE_DERIVATIVE_BIOSYNTHETIC_PROCESS	0.33371557997379836			
GO_POSITIVE_REGULATION_OF_EXTRINSIC_APOPTOTIC_SIGNALING_PATHWAY	0.3337070150995902			
GO_REGULATION_OF_SECONDARY_HEART_FIELD_CARDIOBLAST_PROLIFERATION	0.3336662996543429			
GO_PROTEIN_KINASE_B_SIGNALING	0.3336603108531505			
TBK1.DN.48HRS_UP	0.33365336454690664			
GO_VINCULIN_BINDING	0.3336324901126749			
PETRETTO_CARDIAC_HYPERTROPHY	0.3336210233996971			
CLIMENT_BREAST_CANCER_COPY_NUMBER_UP	0.3336003586861452			
REACTOME_GAP_JUNCTION_TRAFFICKING_AND_REGULATION	0.3335998279400573			
BILD_MYC_ONCOGENIC_SIGNATURE	0.3335729157242456			
MEISSNER_NPC_HCP_WITH_H3K4ME2_AND_H3K27ME3	0.3335552103928643			
GO_C21_STEROID_HORMONE_METABOLIC_PROCESS	0.33355025677943106			
GO_NEGATIVE_REGULATION_OF_CELL_SUBSTRATE_JUNCTION_ORGANIZATION	0.333520652381608			
REACTOME_CONSTITUTIVE_SIGNALING_BY_LIGAND_RESPONSIVE_EGFR_CANCER_VARIANTS	0.3334231884154639			
REACTOME_COLLAGEN_DEGRADATION	0.33339794738549827			
GSE34156_TLR1_TLR2_LIGAND_VS_NOD2_AND_TLR1_TLR2_LIGAND_6H_TREATED_MONOCYTE_DN	0.33339452681331205			
IPA_KLF4_UP	0.3333793762305059			
KEGG_METABOLISM_OF_XENOBIOTICS_BY_CYTOCHROME_P450	0.3333596645346496			
GO_RESPONSE_TO_REACTIVE_OXYGEN_SPECIES	0.3333163949096845			
GSE18893_TCONV_VS_TREG_24H_CULTURE_UP	0.33330984736615404			
GO_ALCOHOL_BINDING	0.33329815416502373			
GSE369_SOCS3_KO_VS_WT_LIVER_POST_IL6_INJECTION_UP	0.3332370933540652			
GSE29618_PRE_VS_DAY7_POST_TIV_FLU_VACCINE_PDC_UP	0.3332275560142152			
GO_INTRINSIC_COMPONENT_OF_EXTERNAL_SIDE_OF_PLASMA_MEMBRANE	0.3332188192154355			
GO_POSITIVE_REGULATION_OF_OSSIFICATION	0.33321879997058623			
GO_BMP_SIGNALING_PATHWAY_INVOLVED_IN_HEART_DEVELOPMENT	0.3332067836696332			
ISHIDA_TARGETS_OF_SYT_SSX_FUSIONS	0.3331931110365956			
GO_TRANSFORMING_GROWTH_FACTOR_BETA_PRODUCTION	0.33319186399537415			
OLSSON_E2F3_TARGETS_DN	0.3331918181149843			
GO_CATALYTIC_ACTIVITY_ACTING_ON_A_GLYCOPROTEIN	0.333144354286764			
GSE22140_GERMFREE_VS_SPF_ARTHRITIC_MOUSE_CD4_TCELL_UP	0.3331431372194676			
GSE13485_DAY1_VS_DAY3_YF17D_VACCINE_PBMC_UP	0.33311007064593173			
GO_REGULATION_OF_MITOCHONDRION_ORGANIZATION	0.33309399174273135			
GO_ACTIN_DEPENDENT_ATPASE_ACTIVITY	0.3330614052861135			
BOQUEST_STEM_CELL_UP	0.33306130857097743			
GSE15750_WT_VS_TRAF6KO_DAY10_EFF_CD8_TCELL_DN	0.3330494834271911			
GO_POSITIVE_REGULATION_OF_SMOOTH_MUSCLE_CONTRACTION	0.3330239803276549			
GO_WNT_PROTEIN_BINDING	0.33296872387976456			
GO_NOTOCHORD_DEVELOPMENT	0.33294110321186765			
GO_ANTIOXIDANT_ACTIVITY	0.33292999991461253			
GO_POSITIVE_REGULATION_OF_PLATELET_DERIVED_GROWTH_FACTOR_RECEPTOR_SIGNALING_PATHWAY	0.33288743090560247			
REACTOME_CONSTITUTIVE_SIGNALING_BY_EGFRVIII	0.3328491577057384			
IPA_CEBPA_UP	0.332847643702411			
GO_REGULATION_OF_GLUCOCORTICOID_METABOLIC_PROCESS	0.33284593253770844			
REACTOME_PLASMA_LIPOPROTEIN_ASSEMBLY_REMODELING_AND_CLEARANCE	0.3328374390275753			
GO_POSITIVE_REGULATION_OF_RUFFLE_ASSEMBLY	0.33281592297333823			
REACTOME_FORMATION_OF_FIBRIN_CLOT_CLOTTING_CASCADE	0.3328106527544599			
GO_BLEB_ASSEMBLY	0.3327861544709083			
GSE32986_CURDLAN_HIGHDOSE_VS_GMCSF_AND_CURDLAN_HIGHDOSE_STIM_DC_UP	0.3327658200493299			
GO_NEGATIVE_REGULATION_OF_PROTEIN_HOMOOLIGOMERIZATION	0.33274989028157625			
BUYTAERT_PHOTODYNAMIC_THERAPY_STRESS_DN	0.3327370901657984			
REACTOME_CELL_DEATH_SIGNALLING_VIA_NRAGE_NRIF_AND_NADE	0.33272693467974734			
GSE39916_B_CELL_SPLEEN_VS_PLASMA_CELL_BONE_MARROW_DN	0.3327190969299347			
GO_MUSCLE_CELL_DEVELOPMENT	0.3326602771742165			
DACOSTA_ERCC3_ALLELE_XPCS_VS_TTD_UP	0.3326178550252828			
ACOSTA_PROLIFERATION_INDEPENDENT_MYC_TARGETS_DN	0.3326056970146311			
GO_SCAVENGER_RECEPTOR_ACTIVITY	0.3326015532541296			
HALLMARK_COMPLEMENT	0.3325707732351709			
REACTOME_CARGO_RECOGNITION_FOR_CLATHRIN_MEDIATED_ENDOCYTOSIS	0.33256981480348574			
MAFG_TARGET_GENES	0.3325363259129857			
JI_RESPONSE_TO_FSH_UP	0.33251945279582473			
GO_CORNIFIED_ENVELOPE	0.3325122670543613			
GO_INNER_EAR_RECEPTOR_CELL_STEREOCILIUM_ORGANIZATION	0.3324759995468437			
DACOSTA_UV_RESPONSE_VIA_ERCC3_COMMON_UP	0.33245849548698664			
GO_SIGNALING_RECEPTOR_BINDING	0.3324539313004156			
ZFP69B_TARGET_GENES	0.3324497181454784			
GO_POSITIVE_REGULATION_OF_CELLULAR_PROTEIN_LOCALIZATION	0.3324418694596849			
REACTOME_NR1H2_NR1H3_REGULATE_GENE_EXPRESSION_TO_LIMIT_CHOLESTEROL_UPTAKE	0.33242671446951505			
GO_CHONDROCYTE_DIFFERENTIATION_INVOLVED_IN_ENDOCHONDRAL_BONE_MORPHOGENESIS	0.3324133577199873			
GSE41978_WT_VS_ID2_KO_KLRG1_LOW_EFFECTOR_CD8_TCELL_DN	0.3323908375073086			
GO_EMBRYO_IMPLANTATION	0.3323693336301077			
GO_IRON_ION_TRANSPORT	0.3323412100325161			
GO_REGULATION_OF_PEPTIDYL_THREONINE_PHOSPHORYLATION	0.3323141885078004			
MIR4727_3P	0.3322664247155797			
LI_INDUCED_T_TO_NATURAL_KILLER_UP	0.3322233867897852			
GSE17721_LPS_VS_GARDIQUIMOD_12H_BMDC_DN	0.3321995291194265			
GO_MESODERM_DEVELOPMENT	0.33216439445500656			
GSE2770_UNTREATED_VS_IL12_TREATED_ACT_CD4_TCELL_6H_DN	0.332156246243208			
HALLMARK_UV_RESPONSE_UP	0.332137826449857			
DELACROIX_RAR_BOUND_ES	0.33209090780490746			
GO_IRE1_MEDIATED_UNFOLDED_PROTEIN_RESPONSE	0.33205458974862695			
REACTOME_ENDOSOMAL_SORTING_COMPLEX_REQUIRED_FOR_TRANSPORT_ESCRT	0.332050843719291			
GO_DERLIN_1_RETROTRANSLOCATION_COMPLEX	0.33204041039029303			
ESC_J1_UP_EARLY.V1_DN	0.33203835513809177			
KARLSSON_TGFB1_TARGETS_UP	0.33201515446199437			
CAHOY_ASTROCYTIC	0.3319978670954423			
FARDIN_HYPOXIA_11	0.33196208520799464			
GSE3982_NEUTROPHIL_VS_BCELL_UP	0.3319476248858554			
GO_SYMPATHETIC_GANGLION_DEVELOPMENT	0.33193154448973244			
SUZUKI_AMPLIFIED_IN_ORAL_CANCER	0.33187574414609705			
GO_TUBE_FORMATION	0.3318468019973649			
GSE29618_MONOCYTE_VS_MDC_UP	0.33182279081607635			
GO_RESPONSE_TO_PEPTIDE	0.33178259049891773			
GO_INTRACELLULAR_LIPID_TRANSPORT	0.3317352703218638			
SUPT16H_TARGET_GENES	0.33173399983760443			
GSE12198_NK_VS_NK_ACT_EXPANSION_SYSTEM_DERIVED_NK_CELL_UP	0.33173093214889726			
GSE7831_CPG_VS_INFLUENZA_STIM_PDC_1H_DN	0.33172129826862534			
GO_REGULATION_OF_SECONDARY_METABOLIC_PROCESS	0.33171063152152863			
GO_GDP_BINDING	0.3316840971051196			
REACTOME_PLASMA_LIPOPROTEIN_CLEARANCE	0.33168201145250475			
GO_NETRIN_ACTIVATED_SIGNALING_PATHWAY	0.3316793443613407			
GO_ESTABLISHMENT_OF_ENDOTHELIAL_BLOOD_BRAIN_BARRIER	0.3316759167381479			
AGUIRRE_PANCREATIC_CANCER_COPY_NUMBER_UP	0.3316716611348511			
GO_OXIDOREDUCTASE_ACTIVITY_ACTING_ON_NAD_P_H_HEME_PROTEIN_AS_ACCEPTOR	0.3316596308648411			
WANG_BARRETTS_ESOPHAGUS_DN	0.3316150085492315			
GSE17721_CTRL_VS_PAM3CSK4_4H_BMDC_DN	0.3315763028362148			
GSE45365_CD8A_DC_VS_CD11B_DC_IFNAR_KO_UP	0.33157351322130113			
IPA_EP300_UP	0.33155588920723694			
GO_MESENCHYMAL_CELL_DIFFERENTIATION	0.33151552226835673			
GSE7460_CTRL_VS_TGFB_TREATED_ACT_FOXP3_MUT_TCONV_UP	0.3315043077518134			
REACTOME_ENOS_ACTIVATION	0.33148598804437385			
GO_DETOXIFICATION	0.3314653722862697			
REACTOME_SPRY_REGULATION_OF_FGF_SIGNALING	0.331450702196527			
ANDERSEN_CHOLANGIOCARCINOMA_CLASS2	0.33144684256121987			
INAMURA_LUNG_CANCER_SCC_DN	0.33140254004535			
GO_EXOCYTIC_VESICLE	0.3313926572820769			
ACACTGG_MIR199A_MIR199B	0.3313333025366347			
GSE7596_AKT_TRANSD_VS_CTRL_CD4_TCONV_WITH_TGFB_DN	0.33133279466572924			
KYNG_DNA_DAMAGE_BY_4NQO	0.3313245164401598			
GSE360_L_DONOVANI_VS_T_GONDII_MAC_UP	0.3313171529571589			
GSE34156_UNTREATED_VS_24H_NOD2_LIGAND_TREATED_MONOCYTE_DN	0.33129779642279333			
GO_GOLGI_CISTERNA	0.3312788685462297			
GSE15930_STIM_VS_STIM_AND_IL12_48H_CD8_T_CELL_DN	0.3312545988214297			
GSE339_CD4POS_VS_CD8POS_DC_IN_CULTURE_DN	0.3312436531056486			
GO_CELLULAR_CARBOHYDRATE_BIOSYNTHETIC_PROCESS	0.33123585217678836			
DASU_IL6_SIGNALING_SCAR_DN	0.33119630964302593			
GO_POSITIVE_REGULATION_OF_PLASMA_MEMBRANE_BOUNDED_CELL_PROJECTION_ASSEMBLY	0.33119489016297377			
GSE17580_TREG_VS_TEFF_S_MANSONI_INF_UP	0.33114567693923963			
GO_TOXIN_TRANSPORT	0.33112067243194926			
GSE17186_MEMORY_VS_CD21LOW_TRANSITIONAL_BCELL_UP	0.33111988006135396			
FONTAINE_FOLLICULAR_THYROID_ADENOMA_UP	0.3311010371825056			
GO_MECHANORECEPTOR_DIFFERENTIATION	0.33109316307245423			
GO_ORGANELLE_SUBCOMPARTMENT	0.3310837216788871			
LEE_LIVER_CANCER_ACOX1_DN	0.33103289890057125			
GO_AMYLOID_BETA_FORMATION	0.3310119850661065			
MIR4657	0.3309787111849165			
PID_ERBB1_INTERNALIZATION_PATHWAY	0.33097244979467655			
GOLDRATH_NAIVE_VS_MEMORY_CD8_TCELL_DN	0.3309070150124522			
GO_ALDEHYDE_BIOSYNTHETIC_PROCESS	0.3308931902309202			
AKT_UP_MTOR_DN.V1_DN	0.33084048467844657			
GSE17186_NAIVE_VS_CD21HIGH_TRANSITIONAL_BCELL_DN	0.33081654086082335			
GO_POSITIVE_REGULATION_OF_PINOCYTOSIS	0.3308052398171105			
ZHENG_GLIOBLASTOMA_PLASTICITY_DN	0.33080006462430184			
GO_DEVELOPMENTAL_INDUCTION	0.3307976279046404			
GHANDHI_DIRECT_IRRADIATION_UP	0.3307393845612152			
ZBTB24_TARGET_GENES	0.33072705495425286			
GO_BETA_N_ACETYLGLUCOSAMINYLGLYCOPEPTIDE_BETA_1_4_GALACTOSYLTRANSFERASE_ACTIVITY	0.33068748318345925			
GO_RESPONSE_TO_PEPTIDE_HORMONE	0.3306427335988088			
REACTOME_GRB2_EVENTS_IN_ERBB2_SIGNALING	0.3306214840925526			
GO_REGULATION_OF_NITRIC_OXIDE_MEDIATED_SIGNAL_TRANSDUCTION	0.33058333446759003			
GO_POSITIVE_REGULATION_OF_OSTEOBLAST_DIFFERENTIATION	0.33058236673682306			
WANG_BARRETTS_ESOPHAGUS_UP	0.3305596818013342			
GO_CORNIFICATION	0.3305570619272762			
IPA_PRRX1_UP	0.3305432619667192			
GO_PINOCYTOSIS	0.3304894623399305			
GO_LYSOPHOSPHOLIPID_ACYLTRANSFERASE_ACTIVITY	0.33042375480607517			
TSC22D4_TARGET_GENES	0.33042226398455593			
GO_POSITIVE_REGULATION_OF_SMOOTHENED_SIGNALING_PATHWAY	0.33041323426832997			
KASLER_HDAC7_TARGETS_1_DN	0.33040339795344636			
REACTOME_ADVANCED_GLYCOSYLATION_ENDPRODUCT_RECEPTOR_SIGNALING	0.3303174462252031			
GSE17721_LPS_VS_CPG_24H_BMDC_UP	0.33030264759379524			
REACTOME_GLYCEROPHOSPHOLIPID_BIOSYNTHESIS	0.3302900263370947			
TBK1.DN.48HRS_DN	0.3302627966542907			
HOEGERKORP_CD44_TARGETS_DIRECT_UP	0.33023063820925197			
ZNF579_TARGET_GENES	0.3302143099660889			
GO_POSITIVE_REGULATION_OF_ER_ASSOCIATED_UBIQUITIN_DEPENDENT_PROTEIN_CATABOLIC_PROCESS	0.3301944049960046			
GO_REGULATION_OF_MAMMARY_GLAND_EPITHELIAL_CELL_PROLIFERATION	0.3301913163836507			
GO_REGULATION_OF_EMBRYONIC_DEVELOPMENT	0.33013160603922653			
CHEN_LVAD_SUPPORT_OF_FAILING_HEART_UP	0.3301288783266622			
GSE17721_CPG_VS_GARDIQUIMOD_4H_BMDC_DN	0.33009409200451273			
GO_PEPTIDYL_PROLINE_HYDROXYLATION	0.3300747570318095			
GO_ESTABLISHMENT_OF_EPITHELIAL_CELL_POLARITY	0.3300638020238239			
GO_MONOCARBOXYLIC_ACID_BIOSYNTHETIC_PROCESS	0.3300212687279092			
IGLESIAS_E2F_TARGETS_UP	0.33000102682373045			
GSE1460_NAIVE_CD4_TCELL_ADULT_BLOOD_VS_THYMIC_STROMAL_CELL_DN	0.3299763268037868			
SMARCA1_TARGET_GENES	0.3299712145969551			
PLASARI_NFIC_TARGETS_BASAL_UP	0.32996511397626627			
GO_NEGATIVE_REGULATION_OF_NEUROBLAST_PROLIFERATION	0.3299382968067347			
GO_TRABECULA_FORMATION	0.3299132179743892			
GO_NEGATIVE_REGULATION_OF_RECEPTOR_CATABOLIC_PROCESS	0.3298823575641177			
GO_RENAL_SYSTEM_PROCESS_INVOLVED_IN_REGULATION_OF_BLOOD_VOLUME	0.3298581713969032			
MIR644A	0.3298181573624909			
GO_REGULATION_OF_MUSCLE_SYSTEM_PROCESS	0.3298177917187526			
REACTOME_RAB_GERANYLGERANYLATION	0.32979172952205016			
GO_PSEUDOPODIUM_ORGANIZATION	0.3297867975371759			
REACTOME_TRANSCRIPTIONAL_REGULATION_OF_PLURIPOTENT_STEM_CELLS	0.3297605244671702			
GSE29618_PRE_VS_DAY7_POST_TIV_FLU_VACCINE_BCELL_UP	0.3297540106762851			
LUCAS_HNF4A_TARGETS_UP	0.32973349995930457			
KAAB_HEART_ATRIUM_VS_VENTRICLE_DN	0.3297068211172418			
GSE5455_HEALTHY_VS_TUMOR_BEARING_MOUSE_SPLEEN_MONOCYTE_24H_INCUBATION_UP	0.3296937884464827			
GO_PRIMARY_ALCOHOL_METABOLIC_PROCESS	0.3296558871225671			
KEGG_ENDOCYTOSIS	0.32964669025317195			
STREICHER_LSM1_TARGETS_DN	0.3296241778965395			
IPA_FOXN1_UP	0.3296145126093985			
BROWNE_HCMV_INFECTION_6HR_DN	0.32957729638599775			
GO_RNA_POLYMERASE_II_CTD_HEPTAPEPTIDE_REPEAT_PHOSPHATASE_ACTIVITY	0.3295748311751057			
GO_NAD_BIOSYNTHESIS_VIA_NICOTINAMIDE_RIBOSIDE_SALVAGE_PATHWAY	0.32956312461869547			
GO_REGULATION_OF_CELLULAR_RESPONSE_TO_TRANSFORMING_GROWTH_FACTOR_BETA_STIMULUS	0.3295553396596536			
PID_AVB3_OPN_PATHWAY	0.32954069337019465			
GO_CARTILAGE_DEVELOPMENT	0.32951659987108695			
WHITFIELD_CELL_CYCLE_M_G1	0.32945300306730996			
REACTOME_SEMA4D_MEDIATED_INHIBITION_OF_CELL_ATTACHMENT_AND_MIGRATION	0.3294374132155989			
GO_POSITIVE_REGULATION_OF_RECEPTOR_MEDIATED_ENDOCYTOSIS	0.3293898195976924			
GO_ARACHIDONIC_ACID_METABOLIC_PROCESS	0.3293547671941141			
MARIADASON_RESPONSE_TO_CURCUMIN_SULINDAC_5	0.3293541851791115			
OSAWA_TNF_TARGETS	0.32934354842885694			
LIU_CDX2_TARGETS_DN	0.32927292057268676			
GO_POSITIVE_REGULATION_OF_BICELLULAR_TIGHT_JUNCTION_ASSEMBLY	0.3292394068634588			
GO_OXIDOREDUCTASE_ACTIVITY_OXIDIZING_METAL_IONS_NAD_OR_NADP_AS_ACCEPTOR	0.32922107189942873			
MIR3129_5P	0.3292202170863501			
ATF2_S_UP.V1_DN	0.32920914333507095			
GO_HEME_METABOLIC_PROCESS	0.3292069341582137			
BOYAULT_LIVER_CANCER_SUBCLASS_G2	0.32920405576902584			
GSE40273_EOS_KO_VS_WT_TREG_UP	0.3292001377086192			
MIR199A_3P_MIR199B_3P	0.32912420212196297			
LU_EZH2_TARGETS_DN	0.32910300937626424			
GSE17721_LPS_VS_PAM3CSK4_0.5H_BMDC_DN	0.32908374895173176			
GO_PROLINE_RICH_REGION_BINDING	0.3290603159653027			
GO_RESPONSE_TO_DRUG	0.329017149027039			
GSE37301_LYMPHOID_PRIMED_MPP_VS_PRO_BCELL_DN	0.32901440822064637			
GENTILE_UV_HIGH_DOSE_UP	0.32898632542910256			
GO_TROPOMYOSIN_BINDING	0.3289713020170443			
GO_NEGATIVE_REGULATION_OF_MACROPHAGE_DERIVED_FOAM_CELL_DIFFERENTIATION	0.32893769394726485			
GO_REGULATION_OF_GLYCOPROTEIN_METABOLIC_PROCESS	0.32893746159230686			
VALK_AML_CLUSTER_8	0.3289332954362721			
GO_ACTIN_BINDING	0.32890494098056267			
GO_REGULATION_OF_TRANSLATIONAL_INITIATION_BY_EIF2_ALPHA_PHOSPHORYLATION	0.32887740031508794			
GO_CARDIAC_CHAMBER_DEVELOPMENT	0.32883203548829243			
GSE17721_POLYIC_VS_PAM3CSK4_4H_BMDC_DN	0.32881065492241096			
BENPORATH_NANOG_TARGETS	0.3287932623730045			
GO_REGULATION_OF_REACTIVE_OXYGEN_SPECIES_METABOLIC_PROCESS	0.32878776714021757			
GO_NEGATIVE_REGULATION_OF_PROTEIN_KINASE_B_SIGNALING	0.32877886301983056			
DOANE_RESPONSE_TO_ANDROGEN_DN	0.3287658612983255			
GCACTTT_MIR175P_MIR20A_MIR106A_MIR106B_MIR20B_MIR519D	0.32875449161810033			
GO_PROTEOLYSIS	0.32875035356960935			
PEDRIOLI_MIR31_TARGETS_DN	0.3287356305498125			
GO_EXOCYST_LOCALIZATION	0.32872283150452664			
GO_POSITIVE_REGULATION_OF_REACTIVE_OXYGEN_SPECIES_METABOLIC_PROCESS	0.3287189724681331			
REACTOME_MET_RECEPTOR_ACTIVATION	0.3287042282743567			
GSE7509_DC_VS_MONOCYTE_UP	0.32870305915729786			
SMID_BREAST_CANCER_ERBB2_UP	0.3286867213611403			
GO_ICOSANOID_METABOLIC_PROCESS	0.32862428841107477			
IPA_NANOG_DN	0.32857070703184943			
GO_CELL_CELL_SIGNALING_BY_WNT	0.3285589871668848			
GO_REGULATION_OF_CELLULAR_KETONE_METABOLIC_PROCESS	0.3285029266838208			
TARTE_PLASMA_CELL_VS_B_LYMPHOCYTE_UP	0.32847603961218674			
GO_REGULATION_OF_PROTEIN_EXPORT_FROM_NUCLEUS	0.32846086160662985			
GSE13522_CTRL_VS_T_CRUZI_Y_STRAIN_INF_SKIN_BALBC_MOUSE_UP	0.3284534107260448			
ZNF433_TARGET_GENES	0.3284364952559106			
PID_P38_ALPHA_BETA_DOWNSTREAM_PATHWAY	0.3284201661971277			
WANG_LSD1_TARGETS_UP	0.32836741860759255			
GSE22886_TH1_VS_TH2_12H_ACT_DN	0.3283659477305503			
VECCHI_GASTRIC_CANCER_EARLY_UP	0.3283380253322579			
LEE_AGING_NEOCORTEX_UP	0.32832843822021246			
KEGG_GLYCEROLIPID_METABOLISM	0.32827332276929744			
NAKAMURA_METASTASIS_MODEL_UP	0.3282599811478864			
GO_NEGATIVE_REGULATION_OF_PLASMINOGEN_ACTIVATION	0.32822969199777446			
HILLION_HMGA1B_TARGETS	0.32817707442808863			
CDPCR3_01	0.3281638001427237			
GO_VASCULAR_PROCESS_IN_CIRCULATORY_SYSTEM	0.3281414312710477			
GO_OXIDOREDUCTASE_ACTIVITY	0.32810215693172523			
TGCCTTA_MIR124A	0.3280919221532405			
REACTOME_GAMMA_CARBOXYLATION_TRANSPORT_AND_AMINO_TERMINAL_CLEAVAGE_OF_PROTEINS	0.32807445428375476			
HALLMARK_APICAL_SURFACE	0.32806667986170807			
GSE33513_TCF7_KO_VS_HET_EARLY_THYMIC_PROGENITOR_UP	0.32806417004214233			
GSE23502_BM_VS_COLON_TUMOR_MYELOID_DERIVED_SUPPRESSOR_CELL_UP	0.32805917127665657			
REACTOME_SIGNALING_BY_ERBB4	0.327987202483473			
MIR4491	0.3279619612551272			
GENTILE_UV_HIGH_DOSE_DN	0.32793983213439964			
GO_POSITIVE_REGULATION_OF_CELL_DEATH	0.3278749078507755			
GO_MORPHOGENESIS_OF_A_POLARIZED_EPITHELIUM	0.3278670453026769			
GO_FLAVIN_CONTAINING_COMPOUND_METABOLIC_PROCESS	0.32785890061386896			
GO_CAMERA_TYPE_EYE_MORPHOGENESIS	0.3278568250621308			
GSE7852_TREG_VS_TCONV_THYMUS_UP	0.3278267242866923			
GSE34156_UNTREATED_VS_24H_NOD2_AND_TLR1_TLR2_LIGAND_TREATED_MONOCYTE_UP	0.32781515340901085			
REACTOME_SULFIDE_OXIDATION_TO_SULFATE	0.32780356849835285			
GSE2770_UNTREATED_VS_IL4_TREATED_ACT_CD4_TCELL_6H_UP	0.3277954182118884			
PID_HIF1_TFPATHWAY	0.3276840202851033			
GO_REGULATION_OF_EXTRACELLULAR_MATRIX_ORGANIZATION	0.32767751917774174			
GO_GLYCOSYLATION	0.3276601182784419			
GO_NEGATIVE_REGULATION_OF_JNK_CASCADE	0.32765359502860103			
GSE24292_WT_VS_PPARG_KO_MACROPHAGE_UP	0.32763114675178606			
GSE339_CD8POS_VS_CD4CD8DN_DC_IN_CULTURE_UP	0.3275869106401186			
GO_EPIDERMAL_GROWTH_FACTOR_RECEPTOR_BINDING	0.32757472845591745			
GO_REGULATION_OF_RECEPTOR_BIOSYNTHETIC_PROCESS	0.3275154654856079			
IPA_SMAD4_DN	0.32745481821541916			
GO_REGULATION_OF_CELLULAR_RESPONSE_TO_GROWTH_FACTOR_STIMULUS	0.327441772148216			
GO_RAB_PROTEIN_SIGNAL_TRANSDUCTION	0.327383022839743			
SU_PLACENTA	0.32737144837496596			
RIZKI_TUMOR_INVASIVENESS_2D_DN	0.3273664823167459			
GO_WW_DOMAIN_BINDING	0.3273451154507367			
IPA_KLF5_UP	0.32734484330958785			
GSE17580_UNINFECTED_VS_S_MANSONI_INF_TREG_DN	0.3272998246252261			
GSE25123_CTRL_VS_IL4_AND_ROSIGLITAZONE_STIM_PPARG_KO_MACROPHAGE_UP	0.32725066101814765			
USF_Q6_01	0.32719296234300876			
GO_PLATELET_DENSE_GRANULE_LUMEN	0.3271858782419702			
DARWICHE_PAPILLOMA_RISK_HIGH_UP	0.3271772371164612			
IPA_PDX1_UP	0.3271748209514134			
BRUNO_HEMATOPOIESIS	0.32716258990011887			
GSE5589_IL6_KO_VS_IL10_KO_LPS_AND_IL10_STIM_MACROPHAGE_180MIN_DN	0.3271462834174664			
GO_CARDIOCYTE_DIFFERENTIATION	0.3271168392292726			
GO_NITRIC_OXIDE_MEDIATED_SIGNAL_TRANSDUCTION	0.32711398699587396			
TIEN_INTESTINE_PROBIOTICS_2HR_UP	0.327005815710028			
IPA_CENPA_UP	0.3269954595070232			
RODRIGUES_DCC_TARGETS_DN	0.32698796293708027			
HASLINGER_B_CLL_WITH_13Q14_DELETION	0.3269724079783051			
GO_PROTEIN_CATABOLIC_PROCESS_IN_THE_VACUOLE	0.32688596106075324			
ANDERSEN_LIVER_CANCER_KRT19_DN	0.32686277807455877			
GO_AUTOPHAGOSOME	0.32682847614754473			
DOANE_RESPONSE_TO_ANDROGEN_UP	0.3268208463330136			
GO_ACTIN_FILAMENT	0.3268092901894749			
GSE12392_WT_VS_IFNB_KO_CD8A_NEG_SPLEEN_DC_UP	0.32679442181903773			
WOO_LIVER_CANCER_RECURRENCE_UP	0.3267898080545088			
MIR6820_3P	0.3267630107610788			
GO_NATURAL_KILLER_CELL_LECTIN_LIKE_RECEPTOR_BINDING	0.3266917839508252			
GSE8678_IL7R_LOW_VS_HIGH_EFF_CD8_TCELL_UP	0.32668529192020046			
GO_EMBRYONIC_SKELETAL_JOINT_DEVELOPMENT	0.32665619675978813			
CUI_TCF21_TARGETS_DN	0.3266561839716094			
GO_CELLULAR_RESPONSE_TO_VASCULAR_ENDOTHELIAL_GROWTH_FACTOR_STIMULUS	0.3266476593372501			
GSE37533_PPARG2_FOXP3_VS_FOXP3_TRANSDUCED_CD4_TCELL_PIOGLITAZONE_TREATED_UP	0.32664624508645257			
CAIRO_HEPATOBLASTOMA_CLASSES_DN	0.32664087772225964			
GO_TRIGEMINAL_NERVE_MORPHOGENESIS	0.3266037120956137			
HOFFMANN_PRE_BI_TO_LARGE_PRE_BII_LYMPHOCYTE_DN	0.32656858462598926			
GSE20715_WT_VS_TLR4_KO_24H_OZONE_LUNG_DN	0.3265556183067877			
GSE37534_UNTREATED_VS_GW1929_TREATED_CD4_TCELL_PPARG1_AND_FOXP3_TRASDUCED_UP	0.32652315250403324			
GO_VIRION_ATTACHMENT_TO_HOST_CELL	0.326516970439818			
GO_NEGATIVE_REGULATION_OF_PROTEIN_TYROSINE_KINASE_ACTIVITY	0.3265068390266682			
GO_REGULATION_OF_SYNAPSE_ASSEMBLY	0.32650183110136266			
GO_NEGATIVE_REGULATION_OF_STRESS_ACTIVATED_PROTEIN_KINASE_SIGNALING_CASCADE	0.3264993736020889			
GSE19941_IL10_KO_VS_IL10_KO_AND_NFKBP50_KO_LPS_AND_IL10_STIM_MACROPHAGE_UP	0.3264791089115711			
GO_CELL_CORTEX_REGION	0.3264552859801733			
GO_ENDOTHELIAL_CELL_PROLIFERATION	0.32645342716212544			
SS18_SSX1_FUSION_TARGET_GENES	0.3264478189998975			
GO_NEGATIVE_REGULATION_OF_GUANYL_NUCLEOTIDE_EXCHANGE_FACTOR_ACTIVITY	0.3264367448300324			
GO_POSITIVE_REGULATION_OF_MACROPHAGE_MIGRATION	0.3264042285572952			
GO_CHONDROCYTE_DEVELOPMENT	0.32639684816649606			
GO_CHEMICAL_HOMEOSTASIS_WITHIN_A_TISSUE	0.32636680621117575			
GO_CORPUS_CALLOSUM_DEVELOPMENT	0.32635802072671716			
GO_INTERMEDIATE_FILAMENT_BINDING	0.3262941207718311			
REACTOME_YAP1_AND_WWTR1_TAZ_STIMULATED_GENE_EXPRESSION	0.3262923926333613			
GO_ANAGEN	0.32626727923083687			
GO_REGULATION_OF_INTRINSIC_APOPTOTIC_SIGNALING_PATHWAY_IN_RESPONSE_TO_OSMOTIC_STRESS	0.32626578286283886			
GO_CELLULAR_HYPOTONIC_RESPONSE	0.32625357190351706			
GO_UBIQUITIN_DEPENDENT_ERAD_PATHWAY	0.3262500183948841			
GO_ESTABLISHMENT_OF_CELL_POLARITY	0.32622548303458726			
GO_EXCITATORY_SYNAPSE	0.32620153366517796			
GSE4748_CTRL_VS_LPS_STIM_DC_3H_UP	0.32619759909324514			
GO_VASCULAR_ENDOTHELIAL_GROWTH_FACTOR_RECEPTOR_SIGNALING_PATHWAY	0.326197328066413			
GO_LATE_ENDOSOME_TO_VACUOLE_TRANSPORT	0.3261958497546055			
GSE18281_PERIMEDULLARY_CORTICAL_REGION_VS_WHOLE_MEDULLA_THYMUS_UP	0.3261644809563274			
GO_LATE_ENDOSOME_MEMBRANE	0.32615272988890137			
GSE29949_CD8_NEG_DC_SPLEEN_VS_MONOCYTE_BONE_MARROW_UP	0.3261309307167585			
GSE6259_33D1_POS_VS_DEC205_POS_SPLENIC_DC_DN	0.32610585895892946			
GO_EYE_MORPHOGENESIS	0.3260480639194232			
MIR4733_3P	0.3260332108267357			
GSE6269_STAPH_AUREUS_VS_STREP_PNEUMO_INF_PBMC_UP	0.32603194783224854			
GALIE_TUMOR_STEMNESS_GENES	0.32601687422734116			
GO_REGULATION_OF_EPITHELIAL_CELL_APOPTOTIC_PROCESS	0.3260110099176313			
HNF4ALPHA_Q6	0.3260012564336111			
GESERICK_TERT_TARGETS_DN	0.3259759945042703			
IPA_HOXB1_DN	0.32597544528529976			
GSE37301_MULTIPOTENT_PROGENITOR_VS_GRAN_MONO_PROGENITOR_UP	0.3259571939756144			
LANDIS_BREAST_CANCER_PROGRESSION_UP	0.32592028867953166			
GO_PANCREAS_DEVELOPMENT	0.3259115743632987			
GO_RECEPTOR_REGULATOR_ACTIVITY	0.3258952252994414			
GSE20366_TREG_VS_TCONV_UP	0.325875923622455			
REACTOME_ATTACHMENT_OF_GPI_ANCHOR_TO_UPAR	0.32587125843544396			
GO_REGULATION_OF_MICROVILLUS_ORGANIZATION	0.32586646767895977			
GO_POSITIVE_REGULATION_OF_EPITHELIAL_TO_MESENCHYMAL_TRANSITION	0.3258598127737836			
GO_NEGATIVE_REGULATION_OF_CERAMIDE_BIOSYNTHETIC_PROCESS	0.3258465392791295			
GRADE_COLON_AND_RECTAL_CANCER_UP	0.3258215449389657			
GSE40666_UNTREATED_VS_IFNA_STIM_STAT4_KO_EFFECTOR_CD8_TCELL_90MIN_UP	0.32580709831664456			
STEIN_ESTROGEN_RESPONSE_NOT_VIA_ESRRA	0.32578004008061967			
JIANG_AGING_HYPOTHALAMUS_DN	0.32572480189163944			
HEIDENBLAD_AMPLIFIED_IN_PANCREATIC_CANCER	0.3257129366791957			
GO_POSITIVE_REGULATION_OF_PHOSPHORUS_METABOLIC_PROCESS	0.3257122301152846			
GSE9037_WT_VS_IRAK4_KO_LPS_1H_STIM_BMDM_UP	0.32569231678978594			
GSE10325_LUPUS_CD4_TCELL_VS_LUPUS_MYELOID_DN	0.32565659852389756			
INSM2_TARGET_GENES	0.32559366569890463			
GO_POSITIVE_REGULATION_OF_INTRACELLULAR_LIPID_TRANSPORT	0.325585871120068			
GO_REGULATION_OF_NECROTIC_CELL_DEATH	0.32554537945314943			
GO_ION_CHANNEL_BINDING	0.32550206998972114			
ZHAN_LATE_DIFFERENTIATION_GENES_UP	0.32545718211906105			
KEGG_EPITHELIAL_CELL_SIGNALING_IN_HELICOBACTER_PYLORI_INFECTION	0.3254551743899741			
GO_ESTABLISHMENT_OR_MAINTENANCE_OF_ACTIN_CYTOSKELETON_POLARITY	0.3254170539196379			
YAO_TEMPORAL_RESPONSE_TO_PROGESTERONE_CLUSTER_16	0.32538841707188176			
GO_FATTY_ACID_METABOLIC_PROCESS	0.3253815659373041			
FARMER_BREAST_CANCER_CLUSTER_6	0.3253234491413322			
GO_FAD_BINDING	0.3253214760066913			
IPA_STAT4_UP	0.3253073545091603			
REACTOME_SIGNALING_BY_TGF_BETA_FAMILY_MEMBERS	0.3252382222159464			
GO_ESCRT_COMPLEX	0.3252146376405407			
GO_REGULATION_OF_AMYLOID_BETA_FORMATION	0.32519128428294986			
GO_EPITHELIAL_TO_MESENCHYMAL_TRANSITION	0.32516444651393983			
GO_REGULATION_OF_INORGANIC_ANION_TRANSMEMBRANE_TRANSPORT	0.325144765335631			
GO_MAINTENANCE_OF_PROTEIN_LOCALIZATION_IN_ORGANELLE	0.3251290700868882			
PEPPER_CHRONIC_LYMPHOCYTIC_LEUKEMIA_UP	0.3251124967729938			
GO_REGULATION_OF_EPIDERMAL_CELL_DIFFERENTIATION	0.3250495612974398			
GO_GROWTH	0.3250146588130073			
GSE17721_CTRL_VS_PAM3CSK4_24H_BMDC_DN	0.32499317354102436			
GO_TUBE_CLOSURE	0.3249589743881865			
ZNF704_TARGET_GENES	0.32495779578832074			
MIR3152_3P	0.32490461886986083			
REACTOME_BUDDING_AND_MATURATION_OF_HIV_VIRION	0.32489974152746876			
MIR4703_3P	0.32489773462059734			
GSE20366_CD103_POS_VS_NEG_TREG_KLRG1NEG_UP	0.32487079520668327			
GSE37605_TREG_VS_TCONV_NOD_FOXP3_FUSION_GFP_DN	0.32483204043062447			
GO_HEPARAN_SULFATE_N_ACETYLGLUCOSAMINYLTRANSFERASE_ACTIVITY	0.32482455127795373			
DELACROIX_RAR_TARGETS_DN	0.32480267482891817			
GO_POSITIVE_REGULATION_OF_I_KAPPAB_KINASE_NF_KAPPAB_SIGNALING	0.32479700929685246			
GSE360_L_DONOVANI_VS_B_MALAYI_LOW_DOSE_DC_UP	0.32479072512629914			
GSE1925_CTRL_VS_3H_IFNG_STIM_IFNG_PRIMED_MACROPHAGE_DN	0.32474235861761863			
REACTOME_RUNX2_REGULATES_OSTEOBLAST_DIFFERENTIATION	0.32474001776046985			
GO_DEATH_RECEPTOR_BINDING	0.32470500171920963			
GO_POSITIVE_REGULATION_OF_PROTEIN_POLYMERIZATION	0.3246937188460918			
LOCKWOOD_AMPLIFIED_IN_LUNG_CANCER	0.3246268537094209			
GO_COPPER_ION_TRANSPORT	0.3246050989172662			
KEGG_GLYCOSAMINOGLYCAN_DEGRADATION	0.3245917418311267			
GSE13946_CTRL_VS_DSS_COLITIS_GD_TCELL_FROM_COLON_UP	0.3245789071259974			
FRIDMAN_IMMORTALIZATION_DN	0.32456902717169045			
JEON_SMAD6_TARGETS_UP	0.3245638026514849			
TCF7_TARGET_GENES	0.32452283683777655			
GO_2_OXOGLUTARATE_DEPENDENT_DIOXYGENASE_ACTIVITY	0.3245022600935056			
GO_NEGATIVE_REGULATION_OF_CELLULAR_RESPONSE_TO_GROWTH_FACTOR_STIMULUS	0.32447461026123786			
GO_POSITIVE_REGULATION_OF_CATABOLIC_PROCESS	0.3244314265738691			
GO_EPIDERMAL_CELL_DIFFERENTIATION	0.3244043287121044			
GSE17721_LPS_VS_CPG_16H_BMDC_DN	0.3243849908544732			
REACTOME_APOPTOTIC_EXECUTION_PHASE	0.3243819819580796			
GO_GOLGI_VESICLE_FUSION_TO_TARGET_MEMBRANE	0.3243802986838223			
GO_GLOMERULAR_EPITHELIUM_DEVELOPMENT	0.3243644087981583			
IPA_CEBPB_DN	0.3243608508527576			
GOLDRATH_IMMUNE_MEMORY	0.32435004694861663			
GSE36826_WT_VS_IL1R_KO_SKIN_STAPH_AUREUS_INF_DN	0.3243467692717888			
GSE10240_IL22_VS_IL17_STIM_PRIMARY_BRONCHIAL_EPITHELIAL_CELLS_DN	0.32429057752201335			
GSE3982_BCELL_VS_BASOPHIL_DN	0.32428031744099545			
GO_REGULATION_OF_STEROL_TRANSPORT	0.3242641780173121			
GO_HEART_DEVELOPMENT	0.3242237702354957			
GSE24574_BCL6_HIGH_TFH_VS_TFH_CD4_TCELL_UP	0.3242032890622059			
TAKEDA_TARGETS_OF_NUP98_HOXA9_FUSION_8D_DN	0.3241131918822657			
GO_WATER_HOMEOSTASIS	0.32408457506754934			
GO_REGULATION_OF_SPONTANEOUS_SYNAPTIC_TRANSMISSION	0.3240702727462753			
GO_REGULATION_OF_CHLORIDE_TRANSPORT	0.3240621895345389			
GO_ENDOSOME_TO_LYSOSOME_TRANSPORT_VIA_MULTIVESICULAR_BODY_SORTING_PATHWAY	0.3239906875363074			
GO_NEGATIVE_REGULATION_OF_SPHINGOLIPID_BIOSYNTHETIC_PROCESS	0.3239798615723815			
GO_ORGAN_INDUCTION	0.32395006499065937			
HOWLIN_CITED1_TARGETS_2_DN	0.3239070892272114			
GSE6674_UNSTIM_VS_CPG_STIM_BCELL_DN	0.3238751407663909			
GO_BETA_CATENIN_BINDING	0.3238277581177534			
GO_CEREBRAL_CORTEX_CELL_MIGRATION	0.323790848125425			
GRANDVAUX_IRF3_TARGETS_DN	0.3237895608957294			
REACTOME_ANCHORING_FIBRIL_FORMATION	0.32378755351688077			
GO_FATTY_ACID_DERIVATIVE_METABOLIC_PROCESS	0.3237504477941834			
GO_MICROFILAMENT_MOTOR_ACTIVITY	0.3237494904788437			
GO_MYOBLAST_FUSION	0.3236828741254145			
GO_FOREGUT_MORPHOGENESIS	0.3236761163214728			
GO_REGULATION_OF_SMAD_PROTEIN_SIGNAL_TRANSDUCTION	0.3236723573534503			
GSE21063_CTRL_VS_ANTI_IGM_STIM_BCELL_NFATC1_KO_3H_UP	0.3236660613941272			
FRASOR_RESPONSE_TO_ESTRADIOL_UP	0.32359305601921234			
GO_GAP_JUNCTION_CHANNEL_ACTIVITY	0.32357502950353795			
NABA_CORE_MATRISOME	0.3235542069612408			
GSE36888_UNTREATED_VS_IL2_TREATED_STAT5_AB_KNOCKIN_TCELL_6H_DN	0.3235422042506388			
GSE2585_AIRE_KO_VS_WT_CD80_LOW_MTEC_DN	0.3235049898197578			
GO_EPHRIN_RECEPTOR_ACTIVITY	0.32349971439803155			
GSE2585_CD80_HIGH_VS_LOW_AIRE_KO_MTEC_UP	0.32344517310986665			
GO_NEGATIVE_REGULATION_OF_LOCOMOTION	0.32343343018533677			
GO_NEUROTRANSMITTER_METABOLIC_PROCESS	0.3234310491621808			
GSE12366_PLASMA_CELL_VS_MEMORY_BCELL_UP	0.3234085324819823			
XU_HGF_TARGETS_INDUCED_BY_AKT1_6HR	0.3234002960773608			
ZHU_CMV_24_HR_UP	0.3233841719776341			
GO_POSITIVE_REGULATION_OF_CELLULAR_CATABOLIC_PROCESS	0.32331116831596113			
GSE37416_CTRL_VS_48H_F_TULARENSIS_LVS_NEUTROPHIL_DN	0.32323151058513183			
IPA_JUNB_DN	0.32319893345991346			
NAISHIRO_CTNNB1_TARGETS_WITH_LEF1_MOTIF	0.32316417330747915			
GO_FRIZZLED_BINDING	0.32309505005546174			
MIR936	0.3230575000371395			
GO_NEGATIVE_REGULATION_OF_PHOSPHOLIPID_BIOSYNTHETIC_PROCESS	0.3230479524549996			
NR1I2_TARGET_GENES	0.32303509403772607			
GSE5099_MONOCYTE_VS_CLASSICAL_M1_MACROPHAGE_UP	0.3230307197669864			
GO_ANION_TRANSPORT	0.32299254922693854			
GO_REGULATION_OF_CELLULAR_COMPONENT_BIOGENESIS	0.32296421458602204			
REACTOME_FORMATION_OF_THE_CORNIFIED_ENVELOPE	0.32294241932804635			
GO_OXIDOREDUCTASE_ACTIVITY_ACTING_ON_A_SULFUR_GROUP_OF_DONORS_DISULFIDE_AS_ACCEPTOR	0.3228374001027018			
GSE2405_HEAT_KILLED_LYSATE_VS_LIVE_A_PHAGOCYTOPHILUM_STIM_NEUTROPHIL_24H_DN	0.3228338658068511			
GO_MICROVILLUS_ORGANIZATION	0.32281370470929494			
MYLLYKANGAS_AMPLIFICATION_HOT_SPOT_7	0.3228072045931721			
KONDO_EZH2_TARGETS	0.3227929204232772			
GSE43955_TGFB_IL6_VS_TGFB_IL6_IL23_TH17_ACT_CD4_TCELL_52H_DN	0.32279089844733116			
GO_CELL_MORPHOGENESIS_INVOLVED_IN_DIFFERENTIATION	0.3227735538095159			
IPA_GRHL2_UP	0.322772528773093			
MURATA_VIRULENCE_OF_H_PILORI	0.32276908101335416			
SENESE_HDAC3_TARGETS_DN	0.3227439846022858			
KESHELAVA_MULTIPLE_DRUG_RESISTANCE	0.32268185631512303			
GO_ENDOPLASMIC_RETICULUM_ORGANIZATION	0.3226700421586229			
FOXN3_TARGET_GENES	0.3226631843354953			
GO_POSITIVE_REGULATION_BY_HOST_OF_VIRAL_PROCESS	0.3225551599248364			
GO_NEURAL_CREST_CELL_MIGRATION_INVOLVED_IN_AUTONOMIC_NERVOUS_SYSTEM_DEVELOPMENT	0.32252798182761927			
REACTOME_GAP_JUNCTION_DEGRADATION	0.32247220285031464			
GO_SYNCYTIUM_FORMATION	0.32243085822710676			
GO_VOLTAGE_GATED_CALCIUM_CHANNEL_ACTIVITY_INVOLVED_IN_REGULATION_OF_CYTOSOLIC_CALCIUM_LEVELS	0.32238494176568616			
GSE1925_3H_VS_24H_IFNG_STIM_IFNG_PRIMED_MACROPHAGE_UP	0.3223827029898066			
WATANABE_RECTAL_CANCER_RADIOTHERAPY_RESPONSIVE_UP	0.3223793099565629			
GO_LUNG_LOBE_DEVELOPMENT	0.32234193505355413			
GSE17721_0.5H_VS_4H_LPS_BMDC_DN	0.3223181508126627			
CROMER_TUMORIGENESIS_UP	0.3223132197351062			
IPA_NEUROD6_DN	0.3223118803370007			
GO_KERATINOCYTE_APOPTOTIC_PROCESS	0.3222707168716812			
GO_WHOLE_MEMBRANE	0.32224290330626343			
GO_RESPONSE_TO_COLD	0.3222372697266075			
GO_NEGATIVE_REGULATION_OF_SMALL_GTPASE_MEDIATED_SIGNAL_TRANSDUCTION	0.3222154851286399			
GTGCCTT_MIR506	0.32219853618532857			
GSE23568_CTRL_TRANSDUCED_VS_WT_CD8_TCELL_UP	0.3221949509667113			
GO_KERATINOCYTE_MIGRATION	0.32218840197554927			
GO_POSITIVE_REGULATION_OF_MAPK_CASCADE	0.3221329107839661			
GO_FILOPODIUM	0.3221308761001093			
GSE2124_CTRL_VS_LYMPHOTOXIN_BETA_TREATED_MLN_DN	0.3221172511072937			
GO_REGULATION_OF_ANATOMICAL_STRUCTURE_SIZE	0.32210705944278295			
MIR95_3P	0.32209204044622025			
GO_INNER_EAR_RECEPTOR_CELL_DEVELOPMENT	0.32208638459347033			
IPA_GCM1_DN	0.32205727248217303			
KIM_LIVER_CANCER_POOR_SURVIVAL_UP	0.3220528147612043			
KAAB_HEART_ATRIUM_VS_VENTRICLE_UP	0.3219726467396067			
GO_MITOTIC_CYTOKINETIC_PROCESS	0.32196647095210873			
GO_REGULATION_OF_HORMONE_BIOSYNTHETIC_PROCESS	0.3219335316696827			
GO_INTERLEUKIN_1_RECEPTOR_ACTIVITY	0.3219239047915349			
IPA_BRCA1_UP	0.3218732119959735			
GO_NEUTROPHIL_HOMEOSTASIS	0.3218378581469591			
GSE25088_CTRL_VS_IL4_AND_ROSIGLITAZONE_STIM_MACROPHAGE_UP	0.3217752781830529			
GSE9037_WT_VS_IRAK4_KO_BMDM_UP	0.3217734845070966			
GO_HAIR_FOLLICLE_MATURATION	0.3217715907163529			
WAKABAYASHI_ADIPOGENESIS_PPARG_BOUND_8D	0.3217712417319536			
MIR148A_3P	0.32176426923298884			
GO_CELLULAR_SPHINGOLIPID_HOMEOSTASIS	0.321758122563115			
RIGGI_EWING_SARCOMA_PROGENITOR_DN	0.3217411863378854			
GO_LENS_FIBER_CELL_MORPHOGENESIS	0.321728237488741			
ELVIDGE_HIF1A_TARGETS_DN	0.321718585314587			
GSE37533_UNTREATED_VS_PIOGLIZATONE_TREATED_CD4_TCELL_PPARG1_AND_FOXP3_TRASDUCED_UP	0.3217010274809387			
NATSUME_RESPONSE_TO_INTERFERON_BETA_DN	0.32169396808995837			
GSE37301_MULTIPOTENT_PROGENITOR_VS_COMMON_LYMPHOID_PROGENITOR_DN	0.3216913147527472			
BIOCARTA_RECK_PATHWAY	0.32167643874689733			
GO_ACTIVATION_OF_PROTEIN_KINASE_B_ACTIVITY	0.3216315023199778			
GSE36476_YOUNG_VS_OLD_DONOR_MEMORY_CD4_TCELL_UP	0.3216240143509886			
GSE5589_IL6_KO_VS_IL10_KO_LPS_AND_IL10_STIM_MACROPHAGE_45MIN_DN	0.32162009689468485			
GO_OXIDOREDUCTASE_ACTIVITY_ACTING_ON_THE_CH_CH_GROUP_OF_DONORS_NAD_OR_NADP_AS_ACCEPTOR	0.32157512778132474			
GO_EMBRYONIC_PLACENTA_DEVELOPMENT	0.32154371536009224			
REACTOME_NUCLEAR_SIGNALING_BY_ERBB4	0.32145580471496965			
GERHOLD_RESPONSE_TO_TZD_UP	0.32141360151081827			
GO_REGULATION_OF_CELL_MORPHOGENESIS_INVOLVED_IN_DIFFERENTIATION	0.32140676513005917			
CAIRO_HEPATOBLASTOMA_DN	0.3213911234545864			
GO_CORECEPTOR_ACTIVITY_INVOLVED_IN_WNT_SIGNALING_PATHWAY	0.3213892673906835			
GSE15330_LYMPHOID_MULTIPOTENT_VS_MEGAKARYOCYTE_ERYTHROID_PROGENITOR_IKAROS_KO_DN	0.3213303740445206			
GO_REGULATION_OF_SULFUR_METABOLIC_PROCESS	0.32131966925431465			
GSE17721_POLYIC_VS_CPG_6H_BMDC_DN	0.32131777780861587			
GO_ENDOPLASMIC_RETICULUM_EXIT_SITE	0.3213133643844434			
GSE9601_UNTREATED_VS_PI3K_INHIBITOR_TREATED_HCMV_INF_MONOCYTE_DN	0.3213031388251827			
GSE3920_UNTREATED_VS_IFNA_TREATED_ENDOTHELIAL_CELL_UP	0.3212990312974984			
GO_LYMPHANGIOGENESIS	0.32126140472081544			
GO_INORGANIC_ANION_TRANSPORT	0.3212383445223715			
SCIAN_CELL_CYCLE_TARGETS_OF_TP53_AND_TP73_UP	0.3212203690414236			
PID_NETRIN_PATHWAY	0.32121420919149357			
GSE8621_UNSTIM_VS_LPS_STIM_MACROPHAGE_UP	0.32121249150544395			
MIR148B_3P	0.321199344201761			
GO_CELLULAR_COMPONENT_DISASSEMBLY	0.32116674643141063			
GO_CELL_PROJECTION_ASSEMBLY	0.3211602824488413			
GO_PEPTIDYL_LYSINE_HYDROXYLATION	0.3211182503638641			
GO_FORELIMB_MORPHOGENESIS	0.32111162373419533			
GSE17721_CPG_VS_GARDIQUIMOD_6H_BMDC_DN	0.32111001617073864			
GO_POSITIVE_REGULATION_OF_MESONEPHROS_DEVELOPMENT	0.321104835533037			
ACACTAC_MIR1423P	0.32109588438681325			
GO_ALPHA_ACTININ_BINDING	0.3210674896941834			
GO_POSITIVE_REGULATION_OF_PHOSPHOLIPASE_A2_ACTIVITY	0.3210422796657134			
GO_NEGATIVE_REGULATION_OF_CELL_SUBSTRATE_ADHESION	0.3210361571229792			
HUMMEL_BURKITTS_LYMPHOMA_DN	0.321026157041562			
PLASARI_TGFB1_SIGNALING_VIA_NFIC_1HR_DN	0.3209569517505076			
GO_POSITIVE_REGULATION_OF_T_HELPER_1_TYPE_IMMUNE_RESPONSE	0.3209259675314923			
GSE24726_WT_VS_E2_2_KO_PDC_DN	0.32092106201031023			
GO_CELLULAR_LIPID_METABOLIC_PROCESS	0.32089594790897846			
MARCHINI_TRABECTEDIN_RESISTANCE_UP	0.32087207460195855			
GO_POSITIVE_REGULATION_OF_LAMELLIPODIUM_MORPHOGENESIS	0.3208682072899469			
GO_REGULATION_OF_MAPK_CASCADE	0.32086471153488577			
GO_NEGATIVE_REGULATION_OF_MAPK_CASCADE	0.320862425042179			
GO_MESENCHYMAL_TO_EPITHELIAL_TRANSITION_INVOLVED_IN_METANEPHROS_MORPHOGENESIS	0.3208545796427713			
MIR152_3P	0.32083205268216314			
FORTSCHEGGER_PHF8_TARGETS_UP	0.3208227413178483			
GO_REGULATION_OF_VASCULAR_SMOOTH_MUSCLE_CELL_DEDIFFERENTIATION	0.32081761397936864			
GO_POSITIVE_REGULATION_OF_PHENOTYPIC_SWITCHING	0.32081761397936864			
GAUSSMANN_MLL_AF4_FUSION_TARGETS_C_UP	0.3208107116893663			
GSE8921_UNSTIM_VS_TLR1_2_STIM_MONOCYTE_12H_UP	0.32081062775097546			
GO_TRANSMEMBRANE_EPHRIN_RECEPTOR_ACTIVITY	0.32080914845618513			
GO_REGULATION_OF_WNT_SIGNALING_PATHWAY	0.32076254345250155			
GO_REGULATION_OF_TRANSMEMBRANE_RECEPTOR_PROTEIN_SERINE_THREONINE_KINASE_SIGNALING_PATHWAY	0.3206944856492593			
GO_VESICLE_LUMEN	0.32067405199418575			
HONRADO_BREAST_CANCER_BRCA1_VS_BRCA2	0.32067226777887997			
REACTOME_SIGNALING_BY_VEGF	0.32065829605161916			
GSE17721_PAM3CSK4_VS_GADIQUIMOD_1H_BMDC_UP	0.32064498636088523			
GO_NEGATIVE_REGULATION_OF_PROTEIN_MATURATION	0.3206352039557837			
GO_PRESYNAPTIC_ACTIVE_ZONE_CYTOPLASMIC_COMPONENT	0.3206328884844832			
GO_REGULATION_OF_CELL_POPULATION_PROLIFERATION	0.32059920070138725			
YAO_TEMPORAL_RESPONSE_TO_PROGESTERONE_CLUSTER_1	0.3205763142232496			
GSE3994_WT_VS_PAC1_KO_ACTIVATED_MAST_CELL_UP	0.3205708845349459			
GO_VAGINA_DEVELOPMENT	0.320570576604854			
IPA_MAX_DN	0.3205668181516185			
GO_REGULATION_OF_CELL_MORPHOGENESIS	0.32054721184951135			
GO_DEVELOPMENTAL_GROWTH_INVOLVED_IN_MORPHOGENESIS	0.3205226724212794			
KOBAYASHI_EGFR_SIGNALING_24HR_UP	0.32052212857445056			
GSE19888_CTRL_VS_T_CELL_MEMBRANES_ACT_MAST_CELL_DN	0.32052180267176955			
CHARAFE_BREAST_CANCER_LUMINAL_VS_MESENCHYMAL_DN	0.32047060100407615			
GO_PROTEIN_LOCALIZATION_TO_BASOLATERAL_PLASMA_MEMBRANE	0.32046405825525376			
GO_POSITIVE_REGULATION_OF_GLYCOLYTIC_PROCESS	0.3204622282212074			
GSE17721_CPG_VS_GARDIQUIMOD_24H_BMDC_UP	0.32036048148045215			
MIR4686	0.3203436531298951			
GO_ENOYL_COA_HYDRATASE_ACTIVITY	0.32034131026665613			
GO_INORGANIC_ANION_TRANSMEMBRANE_TRANSPORT	0.3202738746270694			
GO_EMBRYONIC_ORGAN_MORPHOGENESIS	0.3202230250075916			
IPA_SMAD7_DN	0.32021919678236527			
GSE12839_CTRL_VS_IL12_TREATED_PBMC_UP	0.3201314195475522			
GO_REGULATION_OF_HORMONE_LEVELS	0.32008816049713756			
WILLIAMS_ESR1_TARGETS_DN	0.3200141795789174			
GSE4590_SMALL_VS_LARGE_PRE_BCELL_DN	0.31999563278343224			
CHIARADONNA_NEOPLASTIC_TRANSFORMATION_CDC25_UP	0.3199856363401537			
GO_CELL_COMMUNICATION_INVOLVED_IN_CARDIAC_CONDUCTION	0.3199778826426137			
GSE17721_CTRL_VS_LPS_24H_BMDC_DN	0.3199378764775889			
GO_POSITIVE_REGULATION_OF_ALKALINE_PHOSPHATASE_ACTIVITY	0.31993283193612304			
GO_REGULATION_OF_ER_ASSOCIATED_UBIQUITIN_DEPENDENT_PROTEIN_CATABOLIC_PROCESS	0.31992493228078833			
GSE7460_TCONV_VS_TREG_THYMUS_DN	0.31989291259458263			
JIANG_HYPOXIA_CANCER	0.31988318516579645			
GSE12845_IGD_NEG_BLOOD_VS_DARKZONE_GC_TONSIL_BCELL_UP	0.3197791958062176			
GSE5679_PPARG_LIGAND_ROSIGLITAZONE_VS_ROSIGLITAZONE_AND_RARA_AGONIST_AM580_TREATED_DC_UP	0.3197789150109938			
BURTON_ADIPOGENESIS_6	0.31976207759787517			
GSE5589_LPS_VS_LPS_AND_IL10_STIM_IL6_KO_MACROPHAGE_180MIN_DN	0.3197522540365727			
GENTILE_UV_LOW_DOSE_DN	0.3197344300829282			
GO_MYOSIN_II_BINDING	0.31971761636941776			
GO_DESMOSOME_ORGANIZATION	0.319699782297399			
GSE3982_MAST_CELL_VS_DC_DN	0.3196615441643786			
GO_PIGMENT_CATABOLIC_PROCESS	0.31964901379056815			
GSE28737_BCL6_HET_VS_BCL6_KO_FOLLICULAR_BCELL_DN	0.31964101429960956			
TARTE_PLASMA_CELL_VS_PLASMABLAST_UP	0.3196364341721246			
GO_REGULATION_OF_ENDOPLASMIC_RETICULUM_UNFOLDED_PROTEIN_RESPONSE	0.31963308937415763			
HAMAI_APOPTOSIS_VIA_TRAIL_DN	0.3196126946910268			
WALLACE_PROSTATE_CANCER_DN	0.3196049149599569			
GO_SERINE_TYPE_CARBOXYPEPTIDASE_ACTIVITY	0.31957332892349033			
ONKEN_UVEAL_MELANOMA_DN	0.3195137943322865			
GO_ENDOPLASMIC_RETICULUM_TUBULAR_NETWORK	0.3194663365157979			
GO_CELL_FATE_COMMITMENT_INVOLVED_IN_FORMATION_OF_PRIMARY_GERM_LAYER	0.3194595635876751			
REACTOME_ACROSOME_REACTION_AND_SPERM_OOCYTE_MEMBRANE_BINDING	0.3194390282431014			
GO_AMYLOID_BETA_METABOLIC_PROCESS	0.31938111494121424			
GO_POSITIVE_REGULATION_OF_STEROL_TRANSPORT	0.3193706566541937			
GO_L_ASCORBIC_ACID_BINDING	0.31930780940917436			
IPA_RBPJ_DN	0.3193066264035332			
GSE27859_DC_VS_CD11C_INT_F480_HI_MACROPHAGE_DN	0.31929757705508477			
GSE17721_LPS_VS_GARDIQUIMOD_16H_BMDC_DN	0.3192863280942304			
KANG_IMMORTALIZED_BY_TERT_UP	0.31925698602921626			
REACTOME_PTK6_EXPRESSION	0.3192114136153401			
GSE40274_IRF4_VS_FOXP3_AND_IRF4_TRANSDUCED_ACTIVATED_CD4_TCELL_DN	0.319195220968182			
GEISS_RESPONSE_TO_DSRNA_UP	0.31919315521187647			
SCHAEFFER_SOX9_TARGETS_IN_PROSTATE_DEVELOPMENT_UP	0.31918949886606246			
NAKAYAMA_SOFT_TISSUE_TUMORS_PCA2_DN	0.3191668943872548			
GO_REGULATION_OF_GROWTH	0.3191483279270886			
GO_PROCESS_UTILIZING_AUTOPHAGIC_MECHANISM	0.31910509542001986			
IPA_MYCN_DN	0.31910384851758916			
GO_LYSOSOMAL_PROTEIN_CATABOLIC_PROCESS	0.31909649110775856			
GSE36078_UNTREATED_VS_AD5_T425A_HEXON_INF_IL1R_KO_MOUSE_LUNG_DC_DN	0.3190944652031084			
IPA_NR5A2_UP	0.31907251260109376			
LUI_THYROID_CANCER_CLUSTER_2	0.31907063243111405			
GO_PLUS_END_DIRECTED_ORGANELLE_TRANSPORT_ALONG_MICROTUBULE	0.31901212093536696			
GO_REGULATION_OF_MUSCLE_CONTRACTION	0.3189993483202229			
GO_PERICYTE_CELL_DIFFERENTIATION	0.3189965912126513			
AMIT_EGF_RESPONSE_40_MCF10A	0.3189685492183705			
GO_REGULATION_OF_SMOOTH_MUSCLE_CONTRACTION	0.31894379742926365			
GO_REGULATION_OF_EPITHELIAL_TO_MESENCHYMAL_TRANSITION	0.31891418068348665			
BASAKI_YBX1_TARGETS_UP	0.3189041289231694			
GO_MICROTUBULE_ORGANIZING_CENTER_LOCALIZATION	0.3189034304457211			
GSE19512_NAUTRAL_VS_INDUCED_TREG_UP	0.3188987386651057			
GO_REGULATION_OF_ENDOTHELIAL_CELL_CHEMOTAXIS	0.31887516170688285			
GSE29618_PRE_VS_DAY7_POST_LAIV_FLU_VACCINE_BCELL_DN	0.3188514248983715			
GO_ATP_DEPENDENT_MICROTUBULE_MOTOR_ACTIVITY_MINUS_END_DIRECTED	0.3188419731655366			
GO_MORPHOGENESIS_OF_AN_EPITHELIAL_FOLD	0.31882065159297035			
GSE21670_STAT3_KO_VS_WT_CD4_TCELL_IL6_TREATED_UP	0.3188149408539504			
GO_CELLULAR_RESPONSE_TO_REACTIVE_OXYGEN_SPECIES	0.31880284895396577			
GO_DEHYDROASCORBIC_ACID_TRANSMEMBRANE_TRANSPORTER_ACTIVITY	0.31877988889901465			
GO_DEHYDROASCORBIC_ACID_TRANSPORT	0.31877988889901465			
IPA_FOS_UP	0.31873717037143234			
GO_MESENCHYME_DEVELOPMENT	0.31870698813263015			
PID_SYNDECAN_1_PATHWAY	0.3187041506804677			
GO_CELL_DIVISION_SITE	0.3186982784503413			
GO_POSITIVE_REGULATION_OF_NEUROMUSCULAR_JUNCTION_DEVELOPMENT	0.3186840123787069			
GO_NEGATIVE_REGULATION_OF_CELLULAR_RESPONSE_TO_TRANSFORMING_GROWTH_FACTOR_BETA_STIMULUS	0.31867170733008743			
GO_RETINOL_METABOLIC_PROCESS	0.3186708622019228			
GO_FILOPODIUM_MEMBRANE	0.31862664845233274			
KORKOLA_EMBRYONIC_CARCINOMA_VS_SEMINOMA_UP	0.31862458122416604			
KOHOUTEK_CCNT2_TARGETS	0.31861680784318763			
GO_NEGATIVE_REGULATION_OF_MOLECULAR_FUNCTION	0.31860870900468746			
IPA_NOTCH1_DN	0.3185721092691081			
GO_REGULATION_OF_CELL_PROJECTION_ORGANIZATION	0.3185667730986314			
IPA_DBP_UP	0.3185188734615151			
GSE13411_IGM_VS_SWITCHED_MEMORY_BCELL_UP	0.31848902431642634			
GO_CELL_SURFACE	0.31839341643026503			
MIR6884_5P	0.3183758525233836			
GSE46606_IRF4MID_VS_WT_CD40L_IL2_IL5_DAY3_STIMULATED_BCELL_UP	0.3183736044316424			
GO_PHARYNGEAL_ARCH_ARTERY_MORPHOGENESIS	0.31835819615304967			
GO_PHOSPHATIDYLSERINE_METABOLIC_PROCESS	0.31833674370626297			
GO_ARTERY_DEVELOPMENT	0.318330202778422			
KEGG_DRUG_METABOLISM_CYTOCHROME_P450	0.31832846546871185			
GO_WOUND_HEALING_INVOLVED_IN_INFLAMMATORY_RESPONSE	0.3183182373775915			
GO_POSITIVE_REGULATION_OF_OLIGODENDROCYTE_DIFFERENTIATION	0.3183031678655954			
GO_POSITIVE_REGULATION_OF_PROTEIN_TARGETING_TO_MEMBRANE	0.31829980648956124			
RAGHAVACHARI_PLATELET_SPECIFIC_GENES	0.31819069986845655			
GO_NEGATIVE_REGULATION_OF_DEVELOPMENTAL_GROWTH	0.3181895173494081			
GO_CELLULAR_RESPONSE_TO_FATTY_ACID	0.31813507955015713			
VALK_AML_CLUSTER_7	0.31812082739874276			
REACTOME_METABOLISM_OF_NITRIC_OXIDE_ENOS_ACTIVATION_AND_REGULATION	0.3181181216830659			
GO_OXIDATION_REDUCTION_PROCESS	0.3181141765350539			
REACTOME_UPTAKE_AND_FUNCTION_OF_DIPHTHERIA_TOXIN	0.3180827161897632			
GO_PROTEIN_LOCALIZATION_TO_MICROTUBULE_END	0.318074932612475			
GSE32986_GMCSF_AND_CURDLAN_LOWDOSE_VS_GMCSF_AND_CURDLAN_HIGHDOSE_STIM_DC_DN	0.31803211588523767			
GSE2706_UNSTIM_VS_8H_R848_DC_UP	0.31801572375235615			
GO_VENTRICULAR_CARDIAC_MUSCLE_TISSUE_DEVELOPMENT	0.3179604210679583			
GO_REGULATION_OF_TRANSFORMING_GROWTH_FACTOR_BETA_ACTIVATION	0.31794789421949515			
BLALOCK_ALZHEIMERS_DISEASE_UP	0.31794298658070924			
GO_URETER_DEVELOPMENT	0.3179414397826788			
MDM2_TARGET_GENES	0.31788747343153273			
LEI_HOXC8_TARGETS_DN	0.31786733406340584			
HUMMERICH_SKIN_CANCER_PROGRESSION_DN	0.3178668859424237			
SATO_SILENCED_BY_METHYLATION_IN_PANCREATIC_CANCER_1	0.31785845740157126			
GO_RETINAL_GANGLION_CELL_AXON_GUIDANCE	0.31785613062777024			
GO_POSITIVE_REGULATION_OF_CHOLESTEROL_METABOLIC_PROCESS	0.3178180854247601			
GO_CONNECTIVE_TISSUE_REPLACEMENT	0.31780882106389907			
GSE46242_CTRL_VS_EGR2_DELETED_TH1_CD4_TCELL_DN	0.31779750284067737			
WIERENGA_STAT5A_TARGETS_UP	0.31770588112094683			
IPA_LHX2_UP	0.3176997421249554			
GO_EXTRINSIC_COMPONENT_OF_PLASMA_MEMBRANE	0.3176891982676999			
PTEN_DN.V2_UP	0.31767307805751327			
GO_CALCIUM_INDEPENDENT_CELL_CELL_ADHESION_VIA_PLASMA_MEMBRANE_CELL_ADHESION_MOLECULES	0.3176644105978181			
GO_OLIGODENDROCYTE_DEVELOPMENT	0.31765856086864336			
MIR6887_3P	0.31763128731976437			
EPPERT_CE_HSC_LSC	0.3175952426266241			
TIAN_TNF_SIGNALING_VIA_NFKB	0.31756142608108373			
GSE22103_LPS_VS_GMCSF_AND_IFNG_STIM_NEUTROPHIL_DN	0.31751948233645405			
REACTOME_NOTCH3_ACTIVATION_AND_TRANSMISSION_OF_SIGNAL_TO_THE_NUCLEUS	0.3175152836101765			
GO_OSSIFICATION	0.3175090322579985			
GO_REGULATION_OF_EXTRACELLULAR_MATRIX_ASSEMBLY	0.317475839466526			
WANG_CISPLATIN_RESPONSE_AND_XPC_DN	0.31747183941200346			
REACTOME_GLYCOSPHINGOLIPID_METABOLISM	0.3174639190597002			
GO_REGULATION_OF_CYTOSKELETON_ORGANIZATION	0.31746066042009935			
GSE29618_LAIV_VS_TIV_FLU_VACCINE_DAY7_MONOCYTE_DN	0.31744508730520815			
ZNF282_TARGET_GENES	0.31742879703193067			
IPA_GFI1_DN	0.317403823297065			
GO_NEGATIVE_REGULATION_OF_NOTCH_SIGNALING_PATHWAY	0.3174031475109181			
GO_RESPONSE_TO_PLATELET_DERIVED_GROWTH_FACTOR	0.3173989205957838			
GO_DITERPENOID_BIOSYNTHETIC_PROCESS	0.3173978012860546			
GO_POLYSACCHARIDE_BIOSYNTHETIC_PROCESS	0.31736354280875884			
GSE36826_NORMAL_VS_STAPH_AUREUS_INF_IL1R_KO_SKIN_UP	0.3172913573534553			
GO_ER_MEMBRANE_PROTEIN_COMPLEX	0.317268651654605			
GO_CELLULAR_KETONE_METABOLIC_PROCESS	0.31726624327173636			
GO_NEGATIVE_REGULATION_OF_AXON_GUIDANCE	0.3172555917431307			
GO_CRANIAL_NERVE_DEVELOPMENT	0.317244223055695			
GO_MONONUCLEAR_CELL_MIGRATION	0.3172424522289871			
IPA_XBP1_UP	0.3172361176967178			
REACTOME_AMPK_INHIBITS_CHREBP_TRANSCRIPTIONAL_ACTIVATION_ACTIVITY	0.3172150465385008			
GO_CARDIAC_NEURAL_CREST_CELL_DIFFERENTIATION_INVOLVED_IN_HEART_DEVELOPMENT	0.31721273020039886			
GSE41867_MEMORY_VS_EXHAUSTED_CD8_TCELL_DAY30_LCMV_DN	0.3171951472133428			
GSE22886_NAIVE_TCELL_VS_MONOCYTE_DN	0.31717228350299786			
KIM_HYPOXIA	0.3171451687049771			
GSE19825_NAIVE_VS_IL2RALOW_DAY3_EFF_CD8_TCELL_UP	0.31711627623171507			
GSE25088_ROSIGLITAZONE_VS_IL4_AND_ROSIGLITAZONE_STIM_STAT6_KO_MACROPHAGE_DAY10_DN	0.31711048914408724			
GO_NEGATIVE_REGULATION_OF_CELL_MORPHOGENESIS_INVOLVED_IN_DIFFERENTIATION	0.3170728863898198			
GO_INTRINSIC_APOPTOTIC_SIGNALING_PATHWAY	0.31701779794931817			
GSE39152_CD103_NEG_VS_POS_MEMORY_CD8_TCELL_DN	0.31700931000786614			
GO_POSITIVE_REGULATION_OF_INTRACELLULAR_PROTEIN_TRANSPORT	0.3170056660670785			
GO_REGULATION_OF_CAVEOLIN_MEDIATED_ENDOCYTOSIS	0.3168928549730424			
GO_REGULATION_OF_PLATELET_DERIVED_GROWTH_FACTOR_RECEPTOR_BETA_SIGNALING_PATHWAY	0.3168919123549546			
GO_VACUOLAR_LUMEN	0.31688662567974557			
GO_REGULATION_OF_CELLULAR_LOCALIZATION	0.3168362819513286			
GSE44732_UNSTIM_VS_IL27_STIM_IMATURE_DC_DN	0.3168254580032229			
VALK_AML_CLUSTER_9	0.3168080970634153			
chr11p13	0.3167909149783046			
IL21_UP.V1_DN	0.3167846653236263			
ZA_Q9UM89_TARGET_GENES	0.3167766363356421			
GO_REGULATION_OF_TRANSLATIONAL_INITIATION_IN_RESPONSE_TO_STRESS	0.3167747371813362			
GO_NEGATIVE_REGULATION_OF_GLUCOCORTICOID_METABOLIC_PROCESS	0.3167362121894968			
GO_REGULATION_OF_HYDROLASE_ACTIVITY	0.3167205155904946			
GO_CELLULAR_RESPONSE_TO_LIPOPROTEIN_PARTICLE_STIMULUS	0.31667711453372377			
MIR6501_3P	0.31664710777506805			
IPA_HOXC8_DN	0.3166136776918278			
LEE_TARGETS_OF_PTCH1_AND_SUFU_DN	0.31661294900353654			
BIOCARTA_MCALPAIN_PATHWAY	0.3165883354811285			
GO_MOLTING_CYCLE	0.3165684878206381			
GO_ACTIN_CROSSLINK_FORMATION	0.31654899405115683			
GO_REGULATION_OF_PROTEIN_TARGETING_TO_MEMBRANE	0.3165471121824524			
GSE21360_NAIVE_VS_PRIMARY_MEMORY_CD8_TCELL_UP	0.31652532308472103			
GO_PROTEOGLYCAN_METABOLIC_PROCESS	0.31651083807804176			
GO_REGULATION_OF_VIRAL_ENTRY_INTO_HOST_CELL	0.3164424391219761			
GO_MATING_BEHAVIOR	0.3164370851748491			
GO_ANATOMICAL_STRUCTURE_ARRANGEMENT	0.31642655170146156			
HOXC13_TARGET_GENES	0.3164224027829052			
GO_MUSCLE_CELL_DIFFERENTIATION	0.3164194939632202			
GO_INTRINSIC_APOPTOTIC_SIGNALING_PATHWAY_IN_RESPONSE_TO_ENDOPLASMIC_RETICULUM_STRESS	0.31640832729087315			
REACTOME_VLDLR_INTERNALISATION_AND_DEGRADATION	0.31638884151789715			
GO_STEROID_HORMONE_BIOSYNTHETIC_PROCESS	0.31637539626993066			
GO_REGULATION_OF_MEMBRANE_REPOLARIZATION_DURING_CARDIAC_MUSCLE_CELL_ACTION_POTENTIAL	0.3163443606509797			
GO_RESPONSE_TO_CADMIUM_ION	0.316281942995991			
GO_POSITIVE_CHEMOTAXIS	0.3162378070960016			
GO_PROTEIN_DISULFIDE_OXIDOREDUCTASE_ACTIVITY	0.31622442772936954			
GO_POSITIVE_REGULATION_OF_PYRUVATE_DEHYDROGENASE_ACTIVITY	0.31621427123217183			
GO_PYRUVATE_DEHYDROGENASE_LIPOAMIDE_PHOSPHATASE_ACTIVITY	0.31621427123217183			
MATTIOLI_MULTIPLE_MYELOMA_WITH_14Q32_TRANSLOCATIONS	0.31620734194573			
GSE27786_LSK_VS_CD8_TCELL_UP	0.3161748948044156			
GO_HEPATICOBILIARY_SYSTEM_DEVELOPMENT	0.31615048096057446			
BOYAULT_LIVER_CANCER_SUBCLASS_G12_DN	0.3161208053476306			
GO_BRONCHUS_DEVELOPMENT	0.31611347851206967			
GSE19941_IL10_KO_VS_IL10_KO_AND_NFKBP50_KO_UNSTIM_MACROPHAGE_DN	0.31608826533451573			
GO_CELLULAR_PROTEIN_CATABOLIC_PROCESS	0.31608637039764137			
IPA_SPDEF_UP	0.31608296830795807			
GO_DOPAMINERGIC_NEURON_DIFFERENTIATION	0.31606507647369			
GO_PROTEIN_RETENTION_IN_ER_LUMEN	0.3160322208431783			
YAGI_AML_FAB_MARKERS	0.3160312788480052			
TEF1_Q6	0.31602151225255537			
KEGG_AMINO_SUGAR_AND_NUCLEOTIDE_SUGAR_METABOLISM	0.31595778375773187			
GO_MYOTUBE_DIFFERENTIATION	0.31594079317227536			
GO_ENDOCRINE_PANCREAS_DEVELOPMENT	0.31593393473936454			
KIM_MYC_AMPLIFICATION_TARGETS_DN	0.3159335012258869			
HESS_TARGETS_OF_HOXA9_AND_MEIS1_DN	0.31591594485417746			
GO_HETEROTYPIC_CELL_CELL_ADHESION	0.3159144309817181			
GO_NEGATIVE_REGULATION_OF_AUTOPHAGOSOME_ASSEMBLY	0.3158994155007994			
GO_NEGATIVE_REGULATION_OF_FIBRINOLYSIS	0.31589624252798343			
GO_CARDIAC_NEURAL_CREST_CELL_DEVELOPMENT_INVOLVED_IN_OUTFLOW_TRACT_MORPHOGENESIS	0.31587520867096247			
GO_COMMA_SHAPED_BODY_MORPHOGENESIS	0.31586260781774705			
WANG_BARRETTS_ESOPHAGUS_AND_ESOPHAGUS_CANCER_UP	0.31586056120821504			
GSE7852_TREG_VS_TCONV_UP	0.31584166378171946			
GO_REGULATION_OF_RECEPTOR_INTERNALIZATION	0.3158262256010817			
STK33_SKM_UP	0.3158188815400532			
GO_REGULATION_OF_NOTCH_SIGNALING_PATHWAY	0.31581390718354446			
GO_NEGATIVE_REGULATION_OF_AMYLOID_PRECURSOR_PROTEIN_BIOSYNTHETIC_PROCESS	0.31578425810087596			
GSE19198_6H_VS_24H_IL21_TREATED_TCELL_UP	0.31574672467193315			
GSE7509_UNSTIM_VS_FCGRIIB_STIM_MONOCYTE_UP	0.3156990265107436			
GSE21927_SPLENIC_C26GM_TUMOROUS_VS_4T1_TUMOR_MONOCYTES_UP	0.3156892922673892			
GO_RAL_GTPASE_BINDING	0.3156789499389257			
BIOCARTA_FIBRINOLYSIS_PATHWAY	0.315662108420857			
GO_DEVELOPMENTAL_PROCESS_INVOLVED_IN_REPRODUCTION	0.3156619249614035			
HUMMERICH_MALIGNANT_SKIN_TUMOR_UP	0.3156420718049487			
GO_REGULATION_OF_CELLULAR_COMPONENT_SIZE	0.3156355408621746			
GO_ACETYLGALACTOSAMINYLTRANSFERASE_ACTIVITY	0.315628617665543			
GO_REGULATION_OF_LAMELLIPODIUM_MORPHOGENESIS	0.3156227094682309			
TAKAO_RESPONSE_TO_UVB_RADIATION_DN	0.31562225635047086			
GSE22229_RENAL_TRANSPLANT_VS_HEALTHY_PBMC_DN	0.31562076719332827			
GO_ENDOCYTIC_RECYCLING	0.315620546081784			
GO_SYNAPSE_ORGANIZATION	0.31561414076653904			
GO_INTESTINAL_EPITHELIAL_CELL_DEVELOPMENT	0.31560673221488755			
GO_REGULATION_OF_MYELINATION	0.31559783775546013			
MIR93_5P	0.31557592531427703			
GO_POSITIVE_REGULATION_OF_PROTEOLYSIS_INVOLVED_IN_CELLULAR_PROTEIN_CATABOLIC_PROCESS	0.3155579022091731			
GO_REGULATION_OF_FIBRINOLYSIS	0.3155513040360063			
PID_INSULIN_PATHWAY	0.3155157866970634			
GO_TYPE_B_PANCREATIC_CELL_APOPTOTIC_PROCESS	0.31551157448885536			
BIOCARTA_PRION_PATHWAY	0.3154841586434982			
PIONTEK_PKD1_TARGETS_UP	0.3154649603624678			
REACTOME_POST_TRANSLATIONAL_PROTEIN_MODIFICATION	0.3154622761526915			
DARWICHE_SKIN_TUMOR_PROMOTER_UP	0.31545598682908865			
GO_HEPARAN_SULFATE_PROTEOGLYCAN_BIOSYNTHETIC_PROCESS	0.315455110029752			
GO_ACETYLCHOLINE_RECEPTOR_INHIBITOR_ACTIVITY	0.31544269398973684			
GO_TRACHEA_FORMATION	0.3154077352215521			
GO_STEROL_HOMEOSTASIS	0.3153951816618372			
GO_NEGATIVE_REGULATION_OF_STEM_CELL_DIFFERENTIATION	0.3153789244686796			
POS_HISTAMINE_RESPONSE_NETWORK	0.3153550831273058			
GO_RESPONSE_TO_ORGANIC_CYCLIC_COMPOUND	0.31535458983648246			
SASAKI_TARGETS_OF_TP73_AND_TP63	0.31529693189238545			
GO_ENDOPLASMIC_RETICULUM_PALMITOYLTRANSFERASE_COMPLEX	0.315290605416578			
ZHENG_IL22_SIGNALING_UP	0.31528541647491437			
GO_SURFACTANT_HOMEOSTASIS	0.31527209238635656			
GSE11961_MARGINAL_ZONE_BCELL_VS_GERMINAL_CENTER_BCELL_DAY40_DN	0.31526329266866504			
GO_SKELETAL_SYSTEM_DEVELOPMENT	0.3152125410879644			
MIR519D_3P	0.31520963280872727			
AREB6_01	0.3151882663440579			
CHEN_HOXA5_TARGETS_9HR_DN	0.3151333551729016			
PDGF_UP.V1_UP	0.31512334088488136			
GSE13306_TREG_VS_TCONV_LAMINA_PROPRIA_UP	0.3150669483358841			
GSE25088_WT_VS_STAT6_KO_MACROPHAGE_ROSIGLITAZONE_AND_IL4_STIM_DN	0.315051862012187			
GSE33162_HDAC3_KO_VS_HDAC3_KO_MACROPHAGE_UP	0.3150139556829296			
GO_MONOCARBOXYLIC_ACID_BINDING	0.3149957912642523			
GSE2706_2H_VS_8H_R848_STIM_DC_UP	0.31496368363910504			
BIOCARTA_EGFR_SMRTE_PATHWAY	0.3149317081078218			
MIR34C_3P	0.3148892333747869			
GSE22611_NOD2_VS_MUTANT_NOD2_TRANSDUCED_HEK293T_CELL_UP	0.3148621939630531			
GO_POSITIVE_REGULATION_OF_PROTEIN_EXPORT_FROM_NUCLEUS	0.31485785896842755			
MIDORIKAWA_AMPLIFIED_IN_LIVER_CANCER	0.3148533122715464			
RUIZ_TNC_TARGETS_DN	0.31483220768883613			
NOJIMA_SFRP2_TARGETS_UP	0.3148260727193497			
GO_POSITIVE_REGULATION_OF_KIDNEY_DEVELOPMENT	0.31481637473647656			
GO_ACTIN_FILAMENT_SEVERING	0.31480646983972			
GO_MESENCHYMAL_TO_EPITHELIAL_TRANSITION	0.3148041391415185			
CREB_01	0.3147704778120475			
GO_HYPEROSMOTIC_RESPONSE	0.3146948594143823			
GSE11961_MEMORY_BCELL_DAY40_VS_GERMINAL_CENTER_BCELL_DAY40_UP	0.3146558639053912			
GO_GLIAL_CELL_PROJECTION	0.31464373487286545			
MIR20B_5P	0.3146327674215486			
GRAESSMANN_APOPTOSIS_BY_SERUM_DEPRIVATION_UP	0.3146215485547595			
GALINDO_IMMUNE_RESPONSE_TO_ENTEROTOXIN	0.3146164955402614			
IPA_SP3_DN	0.3145717013558892			
GO_POSITIVE_REGULATION_OF_CHEMOKINE_BIOSYNTHETIC_PROCESS	0.31457049824547095			
PID_HIF2PATHWAY	0.3145300936574164			
GSE18804_SPLEEN_MACROPHAGE_VS_TUMORAL_MACROPHAGE_UP	0.31451360888170243			
PID_ATF2_PATHWAY	0.3144944942029959			
GSE24972_MARGINAL_ZONE_BCELL_VS_FOLLICULAR_BCELL_IRF8_KO_UP	0.31446787411200555			
GSE25087_FETAL_VS_ADULT_TREG_UP	0.3144371774578836			
GO_APICOLATERAL_PLASMA_MEMBRANE	0.314426503300831			
GSE34392_ST2_KO_VS_WT_DAY8_LCMV_EFFECTOR_CD8_TCELL_DN	0.31439463501870574			
GSE15324_ELF4_KO_VS_WT_ACTIVATED_CD8_TCELL_UP	0.31438823400919197			
YAGUE_PRETUMOR_DRUG_RESISTANCE_UP	0.31438318326600523			
MATZUK_IMPLANTATION_AND_UTERINE	0.3143827245775733			
MEISSNER_NPC_HCP_WITH_H3K4ME3_AND_H3K27ME3	0.31436339972731886			
GO_POSITIVE_REGULATION_OF_ENDOTHELIAL_CELL_CHEMOTAXIS	0.3143589073033179			
GO_REGULATION_OF_INCLUSION_BODY_ASSEMBLY	0.31432038160405823			
GSE11864_CSF1_IFNG_VS_CSF1_PAM3CYS_IN_MAC_DN	0.31431540259299506			
GO_NEURAL_TUBE_DEVELOPMENT	0.3143107851779916			
GO_FACE_DEVELOPMENT	0.3142813416614599			
SYNCRIP_TARGET_GENES	0.3142729776925785			
GO_BODY_FLUID_SECRETION	0.3142642089369802			
ULE_SPLICING_VIA_NOVA2	0.31426315023777285			
GO_POSITIVE_REGULATION_OF_CELLULAR_COMPONENT_ORGANIZATION	0.3142445270919949			
GSE4748_CYANOBACTERIUM_LPSLIKE_VS_LPS_AND_CYANOBACTERIUM_LPSLIKE_STIM_DC_3H_DN	0.3142379526846032			
REACTOME_N_GLYCAN_TRIMMING_IN_THE_ER_AND_CALNEXIN_CALRETICULIN_CYCLE	0.3142372395316027			
KIM_WT1_TARGETS_8HR_DN	0.3142072285644561			
GO_POSITIVE_REGULATION_OF_AMYLOID_PRECURSOR_PROTEIN_CATABOLIC_PROCESS	0.31416276464306886			
GO_POSITIVE_REGULATION_OF_PROTEIN_MODIFICATION_PROCESS	0.31415466899320504			
GSE15767_MED_VS_SCS_MAC_LN_UP	0.3141289031066694			
GSE21546_WT_VS_SAP1A_KO_AND_ELK1_KO_ANTI_CD3_STIM_DP_THYMOCYTES_UP	0.3141167183203099			
GO_RENAL_SYSTEM_PROCESS_INVOLVED_IN_REGULATION_OF_SYSTEMIC_ARTERIAL_BLOOD_PRESSURE	0.31409767165956015			
GO_HYALURONAN_METABOLIC_PROCESS	0.31408635435907123			
GSE13522_CTRL_VS_T_CRUZI_Y_STRAIN_INF_SKIN_IFNAR_KO_DN	0.3140619075645925			
GO_STRIATED_MUSCLE_ADAPTATION	0.3140092228423887			
GSE14350_IL2RB_KO_VS_WT_TREG_DN	0.31400913640871425			
GSE20366_CD103_KLRG1_DP_VS_DN_TREG_DN	0.31395002453209947			
GILDEA_METASTASIS	0.3139329939507976			
REACTOME_TIGHT_JUNCTION_INTERACTIONS	0.31390577939801834			
MIR4796_3P	0.3139046903260039			
KAMIKUBO_MYELOID_CEBPA_NETWORK	0.3138995831898264			
GSE3982_MAST_CELL_VS_CENT_MEMORY_CD4_TCELL_UP	0.3138202041440424			
MIR4268	0.31380420787585517			
TGACGTCA_ATF3_Q6	0.31379047354369355			
GO_POSITIVE_REGULATION_OF_UBIQUITIN_DEPENDENT_PROTEIN_CATABOLIC_PROCESS	0.3137854436759263			
GO_ARTERY_MORPHOGENESIS	0.31376089181656863			
MIR485_5P	0.3137590773475871			
GSE37301_HEMATOPOIETIC_STEM_CELL_VS_CD4_TCELL_DN	0.31375216587283694			
GO_SPHINGOSINE_METABOLIC_PROCESS	0.3137490476968931			
DARWICHE_PAPILLOMA_RISK_LOW_UP	0.3137139356252945			
GO_NEGATIVE_REGULATION_OF_TRANSMEMBRANE_RECEPTOR_PROTEIN_SERINE_THREONINE_KINASE_SIGNALING_PATHWAY	0.3136832082988184			
GSE43955_1H_VS_20H_ACT_CD4_TCELL_WITH_TGFB_IL6_DN	0.3136477093233405			
REACTOME_REGULATION_OF_FZD_BY_UBIQUITINATION	0.3136258503645357			
GO_NEGATIVE_REGULATION_OF_GROWTH	0.3136027747742724			
GO_MACROAUTOPHAGY	0.31355220898875796			
GSE17974_IL4_AND_ANTI_IL12_VS_UNTREATED_2H_ACT_CD4_TCELL_DN	0.31354446593408863			
SAMOLS_TARGETS_OF_KHSV_MIRNAS_DN	0.31350327606346173			
JECHLINGER_EPITHELIAL_TO_MESENCHYMAL_TRANSITION_UP	0.31349219195721767			
GO_REGULATION_OF_ATRIAL_CARDIAC_MUSCLE_CELL_ACTION_POTENTIAL	0.3134691069158993			
GSE9316_IL6_KO_VS_IFNG_KO_INVIVO_EXPANDED_CD4_TCELL_DN	0.31346863084091603			
GO_ANIMAL_ORGAN_FORMATION	0.31345678806543437			
GO_RESPONSE_TO_MECHANICAL_STIMULUS	0.31344037431715605			
GO_MAINTENANCE_OF_PROTEIN_LOCATION_IN_CELL	0.3134286164906611			
GO_POSITIVE_REGULATION_OF_CELL_CELL_ADHESION_MEDIATED_BY_CADHERIN	0.3134173075591547			
WATANABE_COLON_CANCER_MSI_VS_MSS_UP	0.31339783402570104			
GO_LEWY_BODY	0.31335954546166395			
GSE7460_WT_VS_FOXP3_HET_ACT_WITH_TGFB_TCONV_DN	0.3133404337852997			
GO_1_4_ALPHA_OLIGOGLUCAN_PHOSPHORYLASE_ACTIVITY	0.3133307138223545			
FIGUEROA_AML_METHYLATION_CLUSTER_3_DN	0.31332957724154675			
GSE9509_10MIN_VS_30MIN_LPS_STIM_IL10_KO_MACROPHAGE_UP	0.3133122808702307			
GSE24142_DN2_VS_DN3_THYMOCYTE_UP	0.31329762892558294			
GO_REGULATION_OF_ASTROCYTE_DIFFERENTIATION	0.31327575232403687			
MIR4433B_3P	0.31326802686677213			
WEIGEL_OXIDATIVE_STRESS_BY_TBH_AND_H2O2	0.31326796927286665			
IPA_RUNX2_UP	0.3132368797290972			
GSE18893_CTRL_VS_TNF_TREATED_TCONV_24H_DN	0.3132349858633304			
GO_PROSTATE_GLAND_MORPHOGENESIS	0.31322799596995843			
GO_POSITIVE_REGULATION_OF_DEVELOPMENTAL_PROCESS	0.31322688328086534			
BURTON_ADIPOGENESIS_4	0.31317677973740704			
GO_VASCULAR_ENDOTHELIAL_GROWTH_FACTOR_RECEPTOR_2_BINDING	0.31315933260912854			
IPA_GFI1B_DN	0.31314701133339357			
GO_LUNG_EPITHELIUM_DEVELOPMENT	0.31314137460774055			
GSE20727_DNFB_ALLERGEN_VS_ROS_INH_AND_DNFB_ALLERGEN_TREATED_DC_DN	0.31307675363949655			
DEMAGALHAES_AGING_UP	0.3129935055377313			
ZNF248_TARGET_GENES	0.3129345958959114			
GO_REGULATION_OF_IRE1_MEDIATED_UNFOLDED_PROTEIN_RESPONSE	0.3128323131959969			
SIMBULAN_UV_RESPONSE_NORMAL_UP	0.3128276009965885			
GO_AUTOPHAGIC_CELL_DEATH	0.31282756537606426			
GSE15930_STIM_VS_STIM_AND_TRICHOSTATINA_48H_CD8_T_CELL_UP	0.31280721415031465			
MIR6813_5P	0.3128054957623006			
GO_CDP_DIACYLGLYCEROL_METABOLIC_PROCESS	0.31277686088586415			
GO_NEURON_REMODELING	0.3127718683490311			
GSE34156_TLR1_TLR2_LIGAND_VS_NOD2_AND_TLR1_TLR2_LIGAND_24H_TREATED_MONOCYTE_DN	0.3127378684314172			
GO_MISFOLDED_PROTEIN_BINDING	0.3127148461528247			
MIR3164	0.31268352229313645			
GO_PROTEIN_COMPLEX_INVOLVED_IN_CELL_ADHESION	0.31267335334771357			
GO_PROTEIN_O_LINKED_GLYCOSYLATION	0.31261760755204415			
GO_CELLULAR_RESPONSE_TO_HYDROGEN_PEROXIDE	0.3125377194067465			
GSE27859_MACROPHAGE_VS_DC_DN	0.31251362850362835			
REACTOME_PROTEIN_PROTEIN_INTERACTIONS_AT_SYNAPSES	0.31249635791512265			
GO_NEGATIVE_REGULATION_OF_PLATELET_ACTIVATION	0.31247132163274505			
TEAD2_TARGET_GENES	0.3124640984256637			
GO_NUCLEOTIDE_SUGAR_METABOLIC_PROCESS	0.31241651100673046			
GO_PEPTIDYL_PROLINE_DIOXYGENASE_ACTIVITY	0.3124045114041769			
GO_MEMBRANE_LIPID_BIOSYNTHETIC_PROCESS	0.31237668058584656			
FRIDMAN_SENESCENCE_DN	0.3123753383783499			
GO_AMP_ACTIVATED_PROTEIN_KINASE_ACTIVITY	0.3123520759127007			
GO_RESPONSE_TO_OSMOTIC_STRESS	0.3123365802545983			
MIR5088_3P	0.3123047130085972			
IPA_TP53BP2_UP	0.31227512468832214			
GO_NEGATIVE_REGULATION_OF_CELL_MOTILITY	0.3122676405663704			
ROY_WOUND_BLOOD_VESSEL_DN	0.3122270626897146			
GO_MYOFILAMENT	0.3122228420030772			
GO_REGULATION_OF_ANIMAL_ORGAN_FORMATION	0.3122115611621471			
MIR17_5P	0.31217109815021693			
SHAFFER_IRF4_TARGETS_IN_PLASMA_CELL_VS_MATURE_B_LYMPHOCYTE	0.3121648810633709			
GO_NEGATIVE_REGULATION_OF_PROTEIN_METABOLIC_PROCESS	0.31215701675071283			
GO_LUNG_CELL_DIFFERENTIATION	0.31214211574646344			
TONKS_TARGETS_OF_RUNX1_RUNX1T1_FUSION_GRANULOCYTE_UP	0.31212421323076583			
GO_MACROPHAGE_CHEMOTAXIS	0.31211844374342534			
REACTOME_CALNEXIN_CALRETICULIN_CYCLE	0.31207932218878254			
SENGUPTA_NASOPHARYNGEAL_CARCINOMA_DN	0.3120057470210419			
GO_CDP_ALCOHOL_PHOSPHATIDYLTRANSFERASE_ACTIVITY	0.3119971341775035			
GO_PROSTATE_GLAND_DEVELOPMENT	0.31196141035753744			
GO_PEPTIDASE_ACTIVATOR_ACTIVITY	0.31194916924638827			
GO_ENDOSOME	0.31194457913534546			
IPA_ARID1A_DN	0.31193630403199873			
GO_NEURON_DEATH	0.31192850489785034			
REACTOME_METHYLATION	0.31188326582486176			
GO_CARBOHYDRATE_DERIVATIVE_METABOLIC_PROCESS	0.31185170682906127			
GSE16385_ROSIGLITAZONE_IL4_VS_IL4_ALONE_STIM_MACROPHAGE_12H_DN	0.311803755436097			
GSE22886_TH1_VS_TH2_12H_ACT_UP	0.31178628244942796			
KYNG_RESPONSE_TO_H2O2	0.31177484783748227			
GSE43955_TH0_VS_TGFB_IL6_IL23_TH17_ACT_CD4_TCELL_52H_DN	0.311747808761713			
GO_POSITIVE_REGULATION_OF_LIPOPROTEIN_PARTICLE_CLEARANCE	0.311736232033922			
GSE22025_TGFB1_VS_TGFB1_AND_PROGESTERONE_TREATED_CD4_TCELL_DN	0.31171104843882524			
IPA_NFKBIA_UP	0.3116859116413137			
GO_LATE_ENDOSOME	0.3116725080026677			
GO_RETINA_VASCULATURE_DEVELOPMENT_IN_CAMERA_TYPE_EYE	0.311672445244137			
GO_REGULATION_OF_HISTONE_H3_K9_TRIMETHYLATION	0.31166587863418915			
NELSON_RESPONSE_TO_ANDROGEN_DN	0.3116581706157549			
GSE17721_LPS_VS_GARDIQUIMOD_2H_BMDC_UP	0.3116365179651058			
BLALOCK_ALZHEIMERS_DISEASE_INCIPIENT_UP	0.311563150789145			
GO_SYNAPSE_ASSEMBLY	0.3115545177251746			
GO_3_CHLOROALLYL_ALDEHYDE_DEHYDROGENASE_ACTIVITY	0.31155373465032665			
GO_SULFUR_COMPOUND_METABOLIC_PROCESS	0.3115166264351365			
GSE21063_CTRL_VS_ANTI_IGM_STIM_BCELL_NFATC1_KO_16H_UP	0.3115093084011003			
IPA_HIF3A_DN	0.31149594401744074			
IPA_TP53_DN	0.31148451565751256			
GO_REGULATION_OF_DENDRITIC_SPINE_DEVELOPMENT	0.3114168062260732			
GO_VENTRICULAR_CARDIAC_MUSCLE_CELL_DIFFERENTIATION	0.31138285041639685			
GO_REGULATION_OF_PLATELET_DERIVED_GROWTH_FACTOR_RECEPTOR_SIGNALING_PATHWAY	0.3113730961651326			
GO_MACROPHAGE_MIGRATION	0.311362238080432			
GSE36078_WT_VS_IL1R_KO_LUNG_DC_AFTER_AD5_INF_UP	0.3113495065781074			
GO_POSITIVE_REGULATION_OF_PROTEIN_KINASE_B_SIGNALING	0.31133700436670086			
GSE21360_NAIVE_VS_SECONDARY_MEMORY_CD8_TCELL_DN	0.31128208183002587			
GO_POSITIVE_REGULATION_OF_ENDOTHELIAL_CELL_PROLIFERATION	0.31127951042318314			
IPA_TBX1_UP	0.3112649798712079			
GO_HEAT_ACCLIMATION	0.3112391021507706			
GO_RENAL_FILTRATION	0.31122726761201364			
GO_EPITHELIAL_TUBE_FORMATION	0.31122194406198045			
VANHARANTA_UTERINE_FIBROID_WITH_7Q_DELETION_DN	0.3112154174830538			
REACTOME_P75_NTR_RECEPTOR_MEDIATED_SIGNALLING	0.3111997383330044			
LEE_NEURAL_CREST_STEM_CELL_UP	0.3111988061111943			
GO_REGULATION_OF_CELLULAR_RESPONSE_TO_OSMOTIC_STRESS	0.3111941086979497			
BOYLAN_MULTIPLE_MYELOMA_D_CLUSTER_UP	0.3111461285615469			
GSE4984_UNTREATED_VS_GALECTIN1_TREATED_DC_UP	0.31112917728225176			
GO_VESICLE_MEDIATED_TRANSPORT_TO_THE_PLASMA_MEMBRANE	0.311123264401154			
GO_OVARIAN_FOLLICLE_DEVELOPMENT	0.3111109648073041			
GO_REGULATION_OF_HEART_RATE_BY_CARDIAC_CONDUCTION	0.3111056762675625			
GO_NEPHRON_TUBULE_FORMATION	0.3110704936897237			
GO_NUCLEAR_ENVELOPE_REASSEMBLY	0.3110096879816932			
GO_REGULATION_OF_STEM_CELL_PROLIFERATION	0.3110083806409064			
GO_HEPATOCYTE_GROWTH_FACTOR_RECEPTOR_SIGNALING_PATHWAY	0.31096414376382286			
GO_ESTABLISHMENT_OF_CENTROSOME_LOCALIZATION	0.310950093481813			
GO_ESCRT_III_COMPLEX	0.31093975774088484			
ZHAN_V1_LATE_DIFFERENTIATION_GENES_UP	0.3109313022759665			
GSE26030_TH1_VS_TH17_DAY15_POST_POLARIZATION_UP	0.31092789255736997			
BERNARD_PPAPDC1B_TARGETS_DN	0.31089117529671506			
GO_AMYLOID_BETA_BINDING	0.31082548702219726			
BILD_CTNNB1_ONCOGENIC_SIGNATURE	0.31077465039345964			
GO_REGULATION_OF_MODIFICATION_OF_POSTSYNAPTIC_STRUCTURE	0.31077246128952973			
GO_COPI_COATED_VESICLE	0.31076917363964507			
PID_AVB3_INTEGRIN_PATHWAY	0.31073572268731864			
GO_ACTION_POTENTIAL	0.3107050216003266			
GO_POSITIVE_REGULATION_OF_REPRODUCTIVE_PROCESS	0.3106810904694195			
BENNETT_SYSTEMIC_LUPUS_ERYTHEMATOSUS	0.31065232996162134			
GSE6259_FLT3L_INDUCED_33D1_POS_DC_VS_CD4_TCELL_UP	0.31063879774253533			
GO_C21_STEROID_HORMONE_BIOSYNTHETIC_PROCESS	0.31063229470574105			
GO_AUTOPHAGOSOME_ORGANIZATION	0.310615657702743			
IPA_NR3C1_UP	0.31059951187110413			
GO_EYELID_DEVELOPMENT_IN_CAMERA_TYPE_EYE	0.3105411616410497			
GO_NEGATIVE_REGULATION_OF_CHEMOKINE_SECRETION	0.31051925530810287			
WANG_NEOPLASTIC_TRANSFORMATION_BY_CCND1_MYC	0.31051099674297705			
GSE24102_GRANULOCYSTIC_MDSC_VS_NEUTROPHIL_DN	0.31049733473732377			
VANHARANTA_UTERINE_FIBROID_DN	0.31046032746928354			
GO_NEGATIVE_REGULATION_OF_KIDNEY_DEVELOPMENT	0.3104460572735916			
GO_POSITIVE_REGULATION_OF_FAT_CELL_DIFFERENTIATION	0.3103877136480358			
GO_CELL_PART_MORPHOGENESIS	0.3103662759515674			
MORI_EMU_MYC_LYMPHOMA_BY_ONSET_TIME_DN	0.31033875539740674			
REACTOME_CHL1_INTERACTIONS	0.31032273816590755			
GO_POSITIVE_REGULATION_OF_HORMONE_BIOSYNTHETIC_PROCESS	0.3103074151632557			
ACTTTAT_MIR1425P	0.3102888684199795			
GO_POSITIVE_REGULATION_OF_MESENCHYMAL_CELL_PROLIFERATION	0.31027199829891655			
LUI_TARGETS_OF_PAX8_PPARG_FUSION	0.31020585932775896			
GSE22886_NAIVE_BCELL_VS_NEUTROPHIL_DN	0.31018407759053424			
REACTOME_DOWNSTREAM_SIGNAL_TRANSDUCTION	0.3101524666493716			
CHESLER_BRAIN_QTL_CIS	0.3101233190834546			
BIOCARTA_GHRELIN_PATHWAY	0.31011973414707245			
GSE24726_WT_VS_E2_2_KO_PDC_DAY4_POST_DELETION_UP	0.3101087736816131			
GO_POSITIVE_REGULATION_OF_PEPTIDASE_ACTIVITY	0.3100807333863154			
GO_TERTIARY_GRANULE_LUMEN	0.31003156010984684			
GSE18281_SUBCAPSULAR_VS_PERIMEDULLARY_CORTICAL_REGION_OF_THYMUS_DN	0.3100211666516712			
BERENJENO_TRANSFORMED_BY_RHOA_FOREVER_UP	0.3099707618939844			
GO_REGULATION_OF_AUTOPHAGY_OF_MITOCHONDRION	0.30996054886497565			
GO_RESPONSE_TO_OXYGEN_CONTAINING_COMPOUND	0.30994915825563646			
GSE8921_UNSTIM_0H_VS_TLR1_2_STIM_MONOCYTE_3H_DN	0.3099411008985436			
GSE37605_TREG_VS_TCONV_C57BL6_FOXP3_FUSION_GFP_DN	0.3099133936742687			
AKL_HTLV1_INFECTION_UP	0.3098851499605434			
GO_INTRAMOLECULAR_OXIDOREDUCTASE_ACTIVITY	0.30988406508134836			
GSE46242_CTRL_VS_EGR2_DELETED_ANERGIC_TH1_CD4_TCELL_UP	0.3098618914769827			
GGGYGTGNY_UNKNOWN	0.3098566321416587			
ABBUD_LIF_SIGNALING_1_UP	0.3098406415831617			
BCAT_GDS748_UP	0.30983451568685516			
SENESE_HDAC2_TARGETS_DN	0.30982811179602143			
GO_POSITIVE_REGULATION_OF_PROTEIN_CATABOLIC_PROCESS_IN_THE_VACUOLE	0.30982624574546697			
GSE17721_CTRL_VS_POLYIC_12H_BMDC_DN	0.30979058430384165			
GO_AXON_DEVELOPMENT	0.3097649182586119			
BIOCARTA_EXTRINSIC_PATHWAY	0.3097293865193875			
GSE2706_R848_VS_R848_AND_LPS_8H_STIM_DC_DN	0.30970961967682614			
GO_SENSORY_PERCEPTION_OF_LIGHT_STIMULUS	0.3096853899494609			
NFE2L2.V2	0.30966393819197674			
PID_INTEGRIN5_PATHWAY	0.309653028098338			
REACTOME_EXTRINSIC_PATHWAY_OF_FIBRIN_CLOT_FORMATION	0.30965066408001807			
GSE12963_ENV_NEF_VS_ENV_NEF_AND_VPR_DEFICIENT_HIV1_INF_CD4_TCELL_DN	0.30962585450748703			
GO_NEGATIVE_REGULATION_OF_TRANSFORMING_GROWTH_FACTOR_BETA_PRODUCTION	0.3096033606584744			
GO_POSITIVE_REGULATION_OF_TISSUE_REMODELING	0.3095784734784907			
GO_PHOSPHATIDYLINOSITOL_BINDING	0.30952832773098493			
HNRNPH1_TARGET_GENES	0.3095166180385408			
GSE40274_CTRL_VS_IRF4_TRANSDUCED_ACTIVATED_CD4_TCELL_UP	0.3095079215720135			
GSE27786_NKCELL_VS_NKTCELL_UP	0.3094257713916948			
GO_MODIFIED_AMINO_ACID_BINDING	0.30936137384949486			
KEGG_REGULATION_OF_ACTIN_CYTOSKELETON	0.30936087199581347			
AZARE_NEOPLASTIC_TRANSFORMATION_BY_STAT3_UP	0.3093428756601767			
MIR1255B_2_3P	0.30931609512112446			
GSE29949_MICROGLIA_BRAIN_VS_CD8_POS_DC_SPLEEN_DN	0.30928661831384524			
REACTOME_NOSTRIN_MEDIATED_ENOS_TRAFFICKING	0.30927934128130263			
SASSON_FSH_RESPONSE	0.3092544163896082			
REACTOME_PHASE_I_FUNCTIONALIZATION_OF_COMPOUNDS	0.3092382170047745			
MIR106A_5P	0.3092218442047759			
JEPSEN_SMRT_TARGETS	0.30919099528737093			
GO_GOLGI_CISTERNA_MEMBRANE	0.30918227569002144			
GSE26351_WNT_VS_BMP_PATHWAY_STIM_HEMATOPOIETIC_PROGENITORS_DN	0.3091462328885707			
SCHAEFFER_PROSTATE_DEVELOPMENT_AND_CANCER_BOX4_DN	0.3091181723870517			
GO_MAP_KINASE_PHOSPHATASE_ACTIVITY	0.30911781477542266			
WAKABAYASHI_ADIPOGENESIS_PPARG_RXRA_BOUND_WITH_H4K20ME1_MARK	0.30911226196610675			
IPA_DAXX_DN	0.3090896280928077			
VALK_AML_CLUSTER_4	0.3090628450017721			
CLASPER_LYMPHATIC_VESSELS_DURING_METASTASIS_DN	0.3090584046758147			
GO_MACROPHAGE_FUSION	0.30900427641825795			
ELLWOOD_MYC_TARGETS_DN	0.308991849124501			
GO_VACUOLAR_MEMBRANE	0.30897994457088546			
GO_DEVELOPMENTAL_GROWTH	0.3089584961610566			
GO_ENDOLYSOSOME_LUMEN	0.30895207972371597			
GO_PROTEIN_TARGETING_TO_LYSOSOME	0.30892447622083435			
GSE7460_CTRL_VS_TGFB_TREATED_ACT_FOXP3_MUT_TCONV_DN	0.30889866016763057			
GO_POSITIVE_REGULATION_OF_CELL_MIGRATION_BY_VASCULAR_ENDOTHELIAL_GROWTH_FACTOR_SIGNALING_PATHWAY	0.3088912436986048			
ROZANOV_MMP14_TARGETS_UP	0.3088728738020997			
GO_POSITIVE_REGULATION_OF_BLOOD_VESSEL_DIAMETER	0.3088701774663303			
GO_LIPOPROTEIN_PARTICLE_RECEPTOR_ACTIVITY	0.30885645758713004			
GSE27786_CD4_TCELL_VS_ERYTHTROBLAST_DN	0.3088560479310988			
AMIT_EGF_RESPONSE_20_MCF10A	0.30881917864069336			
GO_NEGATIVE_REGULATION_OF_CELL_MATRIX_ADHESION	0.30878061577368665			
GO_REGULATION_OF_HYALURONAN_BIOSYNTHETIC_PROCESS	0.30874786442694657			
GSE26343_UNSTIM_VS_LPS_STIM_NFAT5_KO_MACROPHAGE_UP	0.3087451931124138			
GSE5503_MLN_DC_VS_PLN_DC_ACTIVATED_ALLOGENIC_TCELL_UP	0.3087263381952605			
GO_LIPID_TRANSPORTER_ACTIVITY	0.30872096854342584			
GO_DETOXIFICATION_OF_INORGANIC_COMPOUND	0.3087178816840395			
GSE3982_DC_VS_NEUTROPHIL_UP	0.30870788567958424			
KEGG_LIMONENE_AND_PINENE_DEGRADATION	0.30868798380935775			
STEARMAN_TUMOR_FIELD_EFFECT_UP	0.30867245524641873			
GO_NEGATIVE_REGULATION_OF_PHOSPHOLIPID_METABOLIC_PROCESS	0.3086221593116794			
GSE21033_CTRL_VS_POLYIC_STIM_DC_1H_DN	0.30858517714159617			
GO_GOLGI_ORGANIZATION	0.3085566119095411			
IPA_IGFBP1_UP	0.30854850256551347			
GSE21360_TERTIARY_VS_QUATERNARY_MEMORY_CD8_TCELL_UP	0.3085105575521667			
GO_NEGATIVE_REGULATION_OF_RESPONSE_TO_OXIDATIVE_STRESS	0.3085039326468032			
KOYAMA_SEMA3B_TARGETS_DN	0.308485912467381			
MEINHOLD_OVARIAN_CANCER_LOW_GRADE_UP	0.3084764470124476			
MALTA_CURATED_STEMNESS_MARKERS	0.3084626531750244			
GO_NEGATIVE_REGULATION_OF_CYSTEINE_TYPE_ENDOPEPTIDASE_ACTIVITY	0.30846265144185			
HAN_JNK_SINGALING_DN	0.30845905399893153			
GO_CARDIAC_EPITHELIAL_TO_MESENCHYMAL_TRANSITION	0.3084412732652164			
GO_HEPARAN_SULFATE_PROTEOGLYCAN_BIOSYNTHETIC_PROCESS_POLYSACCHARIDE_CHAIN_BIOSYNTHETIC_PROCESS	0.308430570988156			
GO_REGULATION_OF_AUTOPHAGOSOME_ASSEMBLY	0.30838542955529			
GO_REGULATION_OF_FATTY_ACID_METABOLIC_PROCESS	0.3083774527995488			
GO_REGULATION_OF_LYSOSOMAL_PROTEIN_CATABOLIC_PROCESS	0.3083331401632321			
MCCLUNG_DELTA_FOSB_TARGETS_2WK	0.30832903912675674			
GO_RELEASE_OF_CYTOCHROME_C_FROM_MITOCHONDRIA	0.30832523130842937			
IPA_SPDEF_DN	0.3083047289416185			
LIM_MAMMARY_STEM_CELL_DN	0.30828526781417526			
GO_REGULATION_OF_NEUROMUSCULAR_JUNCTION_DEVELOPMENT	0.308269297501807			
GSE9960_HEALTHY_VS_SEPSIS_PBMC_UP	0.30825438810752626			
IPA_KDR_DN	0.30822914810704855			
PEDERSEN_METASTASIS_BY_ERBB2_ISOFORM_6	0.3081984541595014			
VANOEVELEN_MYOGENESIS_SIN3A_TARGETS	0.3081487679596615			
ZAIDI_OSTEOBLAST_TRANSCRIPTION_FACTORS	0.30808890243560655			
GO_NEGATIVE_REGULATION_OF_VASCULAR_ASSOCIATED_SMOOTH_MUSCLE_CELL_MIGRATION	0.30807921575366687			
NADERI_BREAST_CANCER_PROGNOSIS_DN	0.30804075902386996			
EBAUER_TARGETS_OF_PAX3_FOXO1_FUSION_UP	0.3080355218702998			
MARTINEZ_TP53_TARGETS_UP	0.3080330161178115			
MIR20A_5P	0.3080276976164576			
GSE44649_WT_VS_MIR155_KO_NAIVE_CD8_TCELL_DN	0.3080246025951694			
ATF5_TARGET_GENES	0.30800084223842894			
GO_CELLULAR_RESPONSE_TO_EXTRACELLULAR_STIMULUS	0.30797348738053204			
GSE17721_POLYIC_VS_GARDIQUIMOD_16H_BMDC_UP	0.3079233132956209			
KANG_AR_TARGETS_UP	0.3079089410985362			
GSE27786_NKTCELL_VS_ERYTHROBLAST_DN	0.3079039161649405			
REACTOME_BILE_ACID_AND_BILE_SALT_METABOLISM	0.3079013220006891			
DACOSTA_UV_RESPONSE_VIA_ERCC3_DN	0.3078948549926099			
GO_REGULATION_OF_FIBROBLAST_GROWTH_FACTOR_RECEPTOR_SIGNALING_PATHWAY	0.30786882254797965			
MUELLER_METHYLATED_IN_GLIOBLASTOMA	0.30785726552406834			
KEGG_OTHER_GLYCAN_DEGRADATION	0.30783672745141694			
GSE40274_XBP1_VS_FOXP3_AND_XBP1_TRANSDUCED_ACTIVATED_CD4_TCELL_UP	0.3078062089877935			
GSE22611_NOD2_TRANSD_VS_CTRL_TRANSD_HEK293_MDP_STIM_6H_DN	0.307766136599047			
GSE360_CTRL_VS_L_MAJOR_DC_DN	0.3077289086872666			
JOHNSTONE_PARVB_TARGETS_1_UP	0.3077144159339085			
WNT_SIGNALING	0.3076969917521535			
GO_LUNG_ALVEOLUS_DEVELOPMENT	0.3076858286334367			
GO_RESPONSE_TO_BMP	0.3076813159373943			
GO_EMBRYONIC_HEART_TUBE_DEVELOPMENT	0.3076706906033658			
GO_CARBOHYDRATE_PROTON_SYMPORTER_ACTIVITY	0.30765913917750126			
GSE3039_NKT_CELL_VS_ALPHAALPHA_CD8_TCELL_UP	0.30759606232199116			
GO_REGULATION_OF_INWARD_RECTIFIER_POTASSIUM_CHANNEL_ACTIVITY	0.3075957436078449			
GO_GLIAL_CELL_APOPTOTIC_PROCESS	0.30755140891017146			
REACTOME_RESPONSE_TO_METAL_IONS	0.3075487418507729			
GO_ASTROCYTE_DEVELOPMENT	0.30753210266216535			
GO_POSITIVE_REGULATION_OF_EPIDERMIS_DEVELOPMENT	0.3075226486663381			
REACTOME_BMAL1_CLOCK_NPAS2_ACTIVATES_CIRCADIAN_GENE_EXPRESSION	0.30748527510487084			
GSE17721_LPS_VS_GARDIQUIMOD_12H_BMDC_UP	0.30747603654094724			
GO_POSITIVE_REGULATION_OF_MEMBRANE_PROTEIN_ECTODOMAIN_PROTEOLYSIS	0.3074718765286586			
GO_COAGULATION	0.30746686001071466			
YAO_TEMPORAL_RESPONSE_TO_PROGESTERONE_CLUSTER_13	0.3074499188597601			
MIR106B_5P	0.30741434847425425			
GSE43955_TH0_VS_TGFB_IL6_TH17_ACT_CD4_TCELL_30H_UP	0.30740759195445433			
GO_EXOCYTOSIS	0.307350993733561			
GO_PHOSPHATIDYLINOSITOL_3_PHOSPHATE_BINDING	0.30734132909204304			
GO_ANIMAL_ORGAN_REGENERATION	0.30730706220138715			
GSE15324_ELF4_KO_VS_WT_NAIVE_CD8_TCELL_DN	0.307266815397929			
AGARWAL_AKT_PATHWAY_TARGETS	0.3072394696326538			
GO_DETECTION_OF_VIRUS	0.30723430437172455			
FEV_TARGET_GENES	0.3072300411005391			
REACTOME_RAF_INDEPENDENT_MAPK1_3_ACTIVATION	0.30720874422219685			
GO_NEGATIVE_REGULATION_OF_WNT_SIGNALING_PATHWAY	0.3071938618500948			
GO_CELLULAR_RESPONSE_TO_LOW_DENSITY_LIPOPROTEIN_PARTICLE_STIMULUS	0.3071007080397526			
GO_REGULATION_OF_ANION_TRANSMEMBRANE_TRANSPORT	0.3070970128296589			
GSE21774_CD56_BRIGHT_VS_DIM_CD62L_POSITIVE_NK_CELL_UP	0.3070864714670804			
GROSS_HIF1A_TARGETS_DN	0.3070838389776075			
KEGG_O_GLYCAN_BIOSYNTHESIS	0.3070700099845473			
GO_NEGATIVE_REGULATION_OF_VOLTAGE_GATED_POTASSIUM_CHANNEL_ACTIVITY	0.3070550213478297			
GO_ENDOPLASMIC_RETICULUM_CALCIUM_ION_HOMEOSTASIS	0.3070204830349031			
GO_CELL_CELL_ADHESION_MEDIATED_BY_CADHERIN	0.3070015441308095			
IPA_RARG_UP	0.3069767437474677			
GO_POSITIVE_REGULATION_OF_RESPONSE_TO_TUMOR_CELL	0.30696665186635763			
GO_BRANCH_ELONGATION_INVOLVED_IN_URETERIC_BUD_BRANCHING	0.30696471505201234			
GO_VESICLE_DOCKING_INVOLVED_IN_EXOCYTOSIS	0.30694326755808493			
LI_LUNG_CANCER	0.306941595273934			
MAP2K1_TARGET_GENES	0.3069170137931307			
GO_APPENDAGE_MORPHOGENESIS	0.306908043245605			
GO_REGULATION_OF_PROTEIN_DEPOLYMERIZATION	0.3068909267951515			
GSE39820_CTRL_VS_IL1B_IL6_CD4_TCELL_DN	0.30687810868953647			
GO_REGULATION_OF_OSTEOBLAST_DIFFERENTIATION	0.30683495494521623			
GO_EMBRYONIC_DIGIT_MORPHOGENESIS	0.3068267392764952			
GO_NEGATIVE_REGULATION_OF_EPITHELIAL_CELL_DIFFERENTIATION_INVOLVED_IN_KIDNEY_DEVELOPMENT	0.30680019649858836			
WU_HBX_TARGETS_2_UP	0.3067551750718772			
MIR526B_3P	0.3067368992293698			
GO_MELANOSOME_ASSEMBLY	0.3067166162114627			
BILD_SRC_ONCOGENIC_SIGNATURE	0.3067074724387509			
GO_PRI_MIRNA_TRANSCRIPTION_BY_RNA_POLYMERASE_II	0.30669686146199604			
GO_AXON_EXTENSION	0.30666755923220074			
GO_NEGATIVE_REGULATION_OF_PROTEIN_CATABOLIC_PROCESS	0.30666091616872293			
TERAO_AOX4_TARGETS_SKIN_UP	0.30664769036378203			
BIOCARTA_GSK3_PATHWAY	0.3066429395810369			
MIR4313	0.30662803822767337			
GSE360_L_MAJOR_VS_T_GONDII_MAC_UP	0.30661881229409066			
GO_REGULATION_OF_CORE_PROMOTER_BINDING	0.30661464266475874			
GO_MONOCYTE_CHEMOTAXIS	0.3065368591819722			
BAFNA_MUC4_TARGETS_UP	0.3065243859665438			
GSE34205_HEALTHY_VS_FLU_INF_INFANT_PBMC_DN	0.3065102251736559			
ZSCAN26_TARGET_GENES	0.3065059411329578			
IPA_TBP_UP	0.3064885708172315			
GO_MAINTENANCE_OF_LOCATION_IN_CELL	0.3064766347430584			
MCCLUNG_CREB1_TARGETS_UP	0.3064682574164977			
GO_INTESTINAL_EPITHELIAL_CELL_DIFFERENTIATION	0.3064284504120939			
GO_LACTATION	0.3064009776955913			
GO_L_ASCORBIC_ACID_METABOLIC_PROCESS	0.3063734976922453			
GAZDA_DIAMOND_BLACKFAN_ANEMIA_MYELOID_UP	0.3063534170205285			
IPA_BCL3_DN	0.3063129257609043			
GO_POSITIVE_REGULATION_OF_VASCULAR_ENDOTHELIAL_GROWTH_FACTOR_PRODUCTION	0.30630911008639394			
GO_PROTEIN_HEXAMERIZATION	0.30623555985411466			
PID_WNT_NONCANONICAL_PATHWAY	0.3062339205850235			
GSE3982_BASOPHIL_VS_NKCELL_UP	0.3062339176364865			
GO_NEURON_APOPTOTIC_PROCESS	0.30618118085122004			
GO_SECRETION	0.3061801518851883			
GSE22033_UNTREATED_VS_ROSIGLITAZONE_TREATED_MEF_DN	0.3061761578368219			
GSE22886_NAIVE_TCELL_VS_NEUTROPHIL_DN	0.3061512093162147			
MIR6848_3P	0.30615013724724666			
GSE35825_UNTREATED_VS_IFNG_STIM_MACROPHAGE_UP	0.3061153077570625			
GSE2706_UNSTIM_VS_8H_LPS_AND_R848_DC_DN	0.3060690312022662			
DAZARD_UV_RESPONSE_CLUSTER_G4	0.3060552744340718			
YAMASHITA_METHYLATED_IN_PROSTATE_CANCER	0.3060408858978467			
GO_CARDIAC_MUSCLE_CELL_MEMBRANE_REPOLARIZATION	0.3060172964668091			
IPA_SMAD7_UP	0.30600445443356217			
IPA_EGR1_UP	0.30600073035421443			
VALK_AML_WITH_FLT3_ITD	0.3059588365297567			
IPA_PSAP_DN	0.3059256211644419			
GSE37534_PIOGLITAZONE_VS_ROSIGLITAZONE_TREATED_CD4_TCELL_PPARG1_FOXP3_TRANSDUCED_DN	0.3058746577007778			
MIR145_5P	0.30584079452788454			
REACTOME_RUNX1_REGULATES_TRANSCRIPTION_OF_GENES_INVOLVED_IN_DIFFERENTIATION_OF_MYELOID_CELLS	0.30582466951025816			
REACTOME_SEMAPHORIN_INTERACTIONS	0.30577914503762765			
WAKABAYASHI_ADIPOGENESIS_PPARG_RXRA_BOUND_36HR	0.30576036134837414			
MIR3920	0.30574555707443624			
GO_PALMITOYLTRANSFERASE_COMPLEX	0.3057341850584012			
IPA_MAFK_UP	0.30572556204239876			
GO_CELL_FATE_DETERMINATION	0.3057089073566917			
REACTOME_PRE_NOTCH_PROCESSING_IN_THE_ENDOPLASMIC_RETICULUM	0.30559915190925274			
ZHANG_ANTIVIRAL_RESPONSE_TO_RIBAVIRIN_UP	0.30552139975798437			
SESTO_RESPONSE_TO_UV_C4	0.3054934541721363			
GO_GLOMERULUS_DEVELOPMENT	0.30549125928020243			
GO_MAGNESIUM_ION_TRANSPORT	0.3054887346688703			
YAGI_AML_RELAPSE_PROGNOSIS	0.30547664959258847			
GO_REGULATION_OF_SODIUM_ION_TRANSPORT	0.30547071364683337			
REACTOME_RA_BIOSYNTHESIS_PATHWAY	0.30545818848459844			
IPA_AR_DN	0.3054425043538491			
GO_PATCHED_BINDING	0.30542173590381716			
SENESE_HDAC1_TARGETS_DN	0.3054143719372386			
GO_LIPID_DIGESTION	0.305411903639473			
GSE411_WT_VS_SOCS3_KO_MACROPHAGE_IL6_STIM_400MIN_UP	0.30533596916352257			
GSE22886_NAIVE_CD4_TCELL_VS_MONOCYTE_DN	0.30533441567343067			
SMID_BREAST_CANCER_LUMINAL_B_UP	0.305327924965955			
GO_VESICLE_DOCKING	0.30531039243763763			
GO_FUNGIFORM_PAPILLA_DEVELOPMENT	0.3052516756223254			
GSE17974_IL4_AND_ANTI_IL12_VS_UNTREATED_0.5H_ACT_CD4_TCELL_DN	0.30522675910183783			
WANG_CLIM2_TARGETS_UP	0.3052203155469768			
GO_REGULATION_OF_CALCINEURIN_MEDIATED_SIGNALING	0.3052148768040468			
GSE26351_UNSTIM_VS_WNT_PATHWAY_STIM_HEMATOPOIETIC_PROGENITORS_UP	0.3052117306691271			
GO_POSITIVE_REGULATION_OF_EXTRACELLULAR_MATRIX_ASSEMBLY	0.30519291219607975			
GO_CELLULAR_RESPONSE_TO_LEAD_ION	0.30510933118215255			
GO_REACTIVE_OXYGEN_SPECIES_BIOSYNTHETIC_PROCESS	0.30510363608893876			
GO_EMBRYONIC_CRANIAL_SKELETON_MORPHOGENESIS	0.30507864069648777			
CLAUS_PGR_POSITIVE_MENINGIOMA_DN	0.30506429525922235			
GO_NOTCH_RECEPTOR_PROCESSING_LIGAND_DEPENDENT	0.3050572745067742			
GO_RESPONSE_TO_STARVATION	0.30502217998512593			
GO_CDP_CHOLINE_PATHWAY	0.3050185876578009			
GO_AP_1_ADAPTOR_COMPLEX_BINDING	0.3049874308325626			
BROWNE_HCMV_INFECTION_48HR_DN	0.3049840476460026			
GSE13485_CTRL_VS_DAY1_YF17D_VACCINE_PBMC_DN	0.3049778028042687			
GSE19401_UNSTIM_VS_PAM2CSK4_STIM_FOLLICULAR_DC_DN	0.3049778003850155			
GO_T_CELL_MEDIATED_CYTOTOXICITY	0.30497441878545795			
GSE17721_0.5H_VS_24H_PAM3CSK4_BMDC_DN	0.3049647851123354			
GO_REGULATION_OF_VOLTAGE_GATED_POTASSIUM_CHANNEL_ACTIVITY_INVOLVED_IN_VENTRICULAR_CARDIAC_MUSCLE_CELL_ACTION_POTENTIAL_REPOLARIZATION	0.3049536360767692			
IPA_PAX5_DN	0.30494542314075757			
GO_PHOSPHATIDIC_ACID_BINDING	0.3049052314822869			
KIM_WT1_TARGETS_DN	0.3048945632605089			
GO_FAT_SOLUBLE_VITAMIN_METABOLIC_PROCESS	0.3048738144434365			
GSE339_CD4POS_VS_CD4CD8DN_DC_IN_CULTURE_DN	0.304762371257126			
ATGAAGG_MIR205	0.30471925018713875			
GO_NEURON_PROJECTION_ORGANIZATION	0.30470407216961504			
GO_NEURAL_TUBE_FORMATION	0.30467437236614386			
GO_LOW_DENSITY_LIPOPROTEIN_PARTICLE_BINDING	0.30466194686308073			
HNF4_DR1_Q3	0.3046072057562177			
GSE17721_LPS_VS_POLYIC_24H_BMDC_UP	0.30455204939261393			
GO_POSITIVE_REGULATION_OF_CELL_MORPHOGENESIS_INVOLVED_IN_DIFFERENTIATION	0.30455045557276117			
GSE24634_TREG_VS_TCONV_POST_DAY3_IL4_CONVERSION_DN	0.304520599946201			
GSE3982_NEUTROPHIL_VS_BASOPHIL_UP	0.3045067016275727			
GO_POLYPRENOL_METABOLIC_PROCESS	0.30446929796341754			
GSE32034_LY6C_HIGH_VS_LOW_MONOCYTE_UP	0.3044492864187335			
KAYO_CALORIE_RESTRICTION_MUSCLE_UP	0.30443547610194255			
GO_NEGATIVE_REGULATION_OF_GLUCOCORTICOID_RECEPTOR_SIGNALING_PATHWAY	0.30440735790907625			
GO_OSTEOBLAST_DEVELOPMENT	0.3043959850051464			
ACEVEDO_LIVER_CANCER_UP	0.3043610172377222			
GO_POSITIVE_REGULATION_OF_RECEPTOR_RECYCLING	0.3043563536652453			
BROWNE_HCMV_INFECTION_10HR_DN	0.3043544606468938			
REACTOME_COLLAGEN_BIOSYNTHESIS_AND_MODIFYING_ENZYMES	0.30434915284163744			
GO_LAMELLAR_BODY	0.3043390025726825			
HALLMARK_REACTIVE_OXYGEN_SPECIES_PATHWAY	0.3043215917560521			
GO_TAXIS	0.30428583083438343			
GO_RHO_PROTEIN_SIGNAL_TRANSDUCTION	0.30421669849892913			
GO_CHAPERONE_MEDIATED_AUTOPHAGY	0.3042079091131363			
GSE15930_NAIVE_VS_48H_IN_VITRO_STIM_CD8_TCELL_UP	0.30419957506795786			
GSE2585_CD80_HIGH_VS_LOW_MTEC_DN	0.3041708029598388			
GO_EPITHELIAL_MESENCHYMAL_CELL_SIGNALING	0.3041498986225784			
GSE7548_DAY7_VS_DAY28_PCC_IMMUNIZATION_CD4_TCELL_UP	0.30414689386312865			
GSE3982_NEUTROPHIL_VS_NKCELL_UP	0.30414500844862336			
GO_REGULATION_OF_KERATINOCYTE_MIGRATION	0.3041301921334734			
NUTT_GBM_VS_AO_GLIOMA_UP	0.304109081499109			
GO_ACTININ_BINDING	0.3041057670496435			
VANDESLUIS_COMMD1_TARGETS_GROUP_2_UP	0.3040889383151095			
GO_ACTIVATION_OF_PHOSPHOLIPASE_D_ACTIVITY	0.3040868827923755			
REACTOME_BIOLOGICAL_OXIDATIONS	0.304062798771598			
GO_VOLUME_SENSITIVE_ANION_CHANNEL_ACTIVITY	0.30405060091407227			
GO_HIPPOCAMPAL_MOSSY_FIBER_TO_CA3_SYNAPSE	0.3040499038069888			
GO_REGULATION_OF_LIPID_TRANSPORT	0.30401256826722267			
YAO_HOXA10_TARGETS_VIA_PROGESTERONE_UP	0.30399614339247005			
GO_NEGATIVE_REGULATION_OF_METANEPHROS_DEVELOPMENT	0.303994449690925			
GO_RESPONSE_TO_WATER	0.30399221516855474			
GSE21033_3H_VS_12H_POLYIC_STIM_DC_DN	0.3039778188595032			
STEIN_ESRRA_TARGETS_RESPONSIVE_TO_ESTROGEN_UP	0.30397669687195544			
GO_ANTIGEN_PROCESSING_AND_PRESENTATION_OF_EXOGENOUS_PEPTIDE_ANTIGEN_VIA_MHC_CLASS_I	0.3039454584046487			
PARK_OSTEOBLAST_DIFFERENTIATION_BY_PHENYLAMIL_DN	0.30394298011017934			
GSE16450_CTRL_VS_IFNA_12H_STIM_IMMATURE_NEURON_CELL_LINE_DN	0.3039340367498074			
GSE24142_EARLY_THYMIC_PROGENITOR_VS_DN2_THYMOCYTE_UP	0.30386509771348347			
GO_REGULATION_OF_PROGRAMMED_NECROTIC_CELL_DEATH	0.3038610401766365			
GO_CYTOPLASMIC_DYNEIN_COMPLEX	0.3038534012182756			
BOYLAN_MULTIPLE_MYELOMA_D_DN	0.3038410838614036			
GO_INTERCELLULAR_CANALICULUS	0.3038323418216342			
GSE18893_CTRL_VS_TNF_TREATED_TREG_2H_DN	0.30379965191712566			
CGGAARNGGCNG_UNKNOWN	0.30376991105710005			
REACTOME_ACTIVATED_NTRK2_SIGNALS_THROUGH_FYN	0.30376755709364883			
ZHOU_TNF_SIGNALING_4HR	0.3037489604336613			
GO_MODIFICATION_OF_POSTSYNAPTIC_STRUCTURE	0.3037253893322356			
DELLA_RESPONSE_TO_TSA_AND_BUTYRATE	0.30372465800415926			
GO_POSITIVE_REGULATION_OF_GLYCOPROTEIN_METABOLIC_PROCESS	0.30371930160773786			
REACTOME_DISEASES_ASSOCIATED_WITH_N_GLYCOSYLATION_OF_PROTEINS	0.30370662935016113			
REACTOME_CELL_EXTRACELLULAR_MATRIX_INTERACTIONS	0.3036763267676144			
GSE2706_2H_VS_8H_R848_AND_LPS_STIM_DC_DN	0.3036622625246778			
PID_IL1_PATHWAY	0.30365225052015			
GSE20152_SPHK1_KO_VS_WT_HTNFA_OVERXPRESS_ANKLE_UP	0.3036187269942108			
GO_REGULATION_OF_AORTA_MORPHOGENESIS	0.3036043578515385			
GO_RESPONSE_TO_TOXIC_SUBSTANCE	0.3035590374647107			
GO_RESPONSE_TO_OXYGEN_LEVELS	0.30354839620133534			
KOKKINAKIS_METHIONINE_DEPRIVATION_96HR_UP	0.3035378995269321			
PRDM6_TARGET_GENES	0.3035068466625886			
CHANG_IMMORTALIZED_BY_HPV31_DN	0.3034633897542836			
GO_EXTRACELLULAR_MATRIX_PROTEIN_BINDING	0.30345892029091176			
GO_OSTEOBLAST_DIFFERENTIATION	0.3034555325457021			
GSE20366_TREG_VS_NAIVE_CD4_TCELL_DEC205_CONVERSION_UP	0.30345159936379246			
REACTOME_NETRIN_1_SIGNALING	0.30344880371422767			
REACTOME_DISEASES_ASSOCIATED_WITH_GLYCOSYLATION_PRECURSOR_BIOSYNTHESIS	0.3034264264030834			
BIOCARTA_ACTINY_PATHWAY	0.30337787379642206			
MIR3157_3P	0.3033484611078696			
ZSCAN5C_TARGET_GENES	0.30334826424239647			
HNRNPUL1_TARGET_GENES	0.30332622362900485			
GO_MONOCARBOXYLIC_ACID_METABOLIC_PROCESS	0.30332169193095304			
GSE17721_POLYIC_VS_CPG_12H_BMDC_UP	0.3033078864676901			
GO_NEURON_SPINE	0.30330291793134867			
PID_INTEGRIN_A4B1_PATHWAY	0.30327573478556774			
HALMOS_CEBPA_TARGETS_UP	0.3032534399200438			
GSE18804_SPLEEN_MACROPHAGE_VS_TUMORAL_MACROPHAGE_DN	0.30324860212836807			
GO_RUFFLE_ASSEMBLY	0.3032447608375228			
GO_KETONE_BIOSYNTHETIC_PROCESS	0.30322963334095177			
GO_FOAM_CELL_DIFFERENTIATION	0.30320715746518523			
GO_REGULATION_OF_CHAPERONE_MEDIATED_AUTOPHAGY	0.3032047616715572			
GO_POSITIVE_REGULATION_OF_LIPID_TRANSPORT	0.30318858801369464			
MIR409_5P	0.30318725970417343			
MIR6085	0.30313872753597765			
GSE36891_POLYIC_TLR3_VS_PAM_TLR2_STIM_PERITONEAL_MACROPHAGE_DN	0.30310968597720533			
PURBEY_TARGETS_OF_CTBP1_NOT_SATB1_DN	0.3031053868706697			
GSE2770_TGFB_AND_IL4_ACT_VS_ACT_CD4_TCELL_48H_UP	0.30310458456104383			
GSE9960_HEALTHY_VS_GRAM_NEG_SEPSIS_PBMC_UP	0.3030780709913655			
ZMYM2_TARGET_GENES	0.30306615165209144			
FLECHNER_BIOPSY_KIDNEY_TRANSPLANT_OK_VS_DONOR_UP	0.3030657799327709			
BERENJENO_TRANSFORMED_BY_RHOA_REVERSIBLY_DN	0.3030303105294324			
GO_NEGATIVE_REGULATION_OF_PHOSPHORYLATION	0.30299544704474723			
GO_POSITIVE_REGULATION_OF_ORGANELLE_ORGANIZATION	0.30299329115119755			
MEISSNER_NPC_HCP_WITH_H3K4ME2	0.3029848270280819			
GO_GLOMERULAR_BASEMENT_MEMBRANE_DEVELOPMENT	0.3029783907755365			
NGUYEN_NOTCH1_TARGETS_UP	0.3029709226538935			
IPA_HNF4A_UP	0.3029660226938561			
GO_ENDOCARDIUM_DEVELOPMENT	0.3029558449553483			
PID_P75_NTR_PATHWAY	0.30295441883937463			
GO_NEURON_RECOGNITION	0.3029512253751442			
REACTOME_MOLYBDENUM_COFACTOR_BIOSYNTHESIS	0.30294454687713135			
GO_MOLYBDOPTERIN_COFACTOR_METABOLIC_PROCESS	0.30294454687713135			
REACTOME_TRANSFERRIN_ENDOCYTOSIS_AND_RECYCLING	0.30289778950894997			
GO_DENDRITE_DEVELOPMENT	0.30287044622011094			
CYCLIN_D1_UP.V1_UP	0.3028679277592529			
GO_CILIARY_NEUROTROPHIC_FACTOR_RECEPTOR_BINDING	0.30286551628681835			
GSE40666_WT_VS_STAT1_KO_CD8_TCELL_WITH_IFNA_STIM_90MIN_UP	0.3028527988816716			
GO_GOLGI_TRANS_CISTERNA	0.30284365510793704			
ZNF547_TARGET_GENES	0.3028263355928743			
DORSAM_HOXA9_TARGETS_DN	0.3028261198423496			
REACTOME_DEATH_RECEPTOR_SIGNALLING	0.302821086553312			
GO_REGULATION_OF_TRANSCRIPTION_FROM_RNA_POLYMERASE_II_PROMOTER_IN_RESPONSE_TO_OXIDATIVE_STRESS	0.3027836208241566			
REACTOME_NEGATIVE_REGULATION_OF_TCF_DEPENDENT_SIGNALING_BY_WNT_LIGAND_ANTAGONISTS	0.302767276382256			
GSE19888_ADENOSINE_A3R_ACT_VS_TCELL_MEMBRANES_ACT_AND_A3R_INH_PRETREAT_IN_MAST_CELL_UP	0.3027591584568983			
MIR663A	0.3027543569257264			
REACTOME_SIGNALING_BY_NUCLEAR_RECEPTORS	0.302751455994051			
GO_CELLULAR_RESPONSE_TO_ACID_CHEMICAL	0.3027269663867556			
REACTOME_REMOVAL_OF_AMINOTERMINAL_PROPEPTIDES_FROM_GAMMA_CARBOXYLATED_PROTEINS	0.30271568740484694			
GO_NEGATIVE_REGULATION_OF_PROTEIN_AUTOPHOSPHORYLATION	0.3026829521266092			
TERAMOTO_OPN_TARGETS_CLUSTER_7	0.30267732034930506			
GO_STEROID_BINDING	0.3026649388022202			
REACTOME_SYNTHESIS_OF_BILE_ACIDS_AND_BILE_SALTS	0.30262531625853456			
MCLACHLAN_DENTAL_CARIES_DN	0.30261372606876086			
PID_MYC_REPRESS_PATHWAY	0.3025552457075199			
PAPASPYRIDONOS_UNSTABLE_ATEROSCLEROTIC_PLAQUE_DN	0.30251882408798325			
GSE45365_HEALTHY_VS_MCMV_INFECTION_BCELL_IFNAR_KO_DN	0.30251507386215964			
REACTOME_SIGNALING_BY_TGF_BETA_RECEPTOR_COMPLEX_IN_CANCER	0.3025122294339606			
GO_NEGATIVE_REGULATION_OF_OXIDATIVE_STRESS_INDUCED_INTRINSIC_APOPTOTIC_SIGNALING_PATHWAY	0.3025119072243462			
GO_OXIDOREDUCTASE_ACTIVITY_ACTING_ON_THE_ALDEHYDE_OR_OXO_GROUP_OF_DONORS	0.3024904724973019			
ESC_J1_UP_EARLY.V1_UP	0.30246782712548276			
GSE17721_12H_VS_24H_LPS_BMDC_UP	0.30246113992547663			
GSE12963_UNINF_VS_ENV_AND_NEF_DEFICIENT_HIV1_INF_CD4_TCELL_DN	0.3024319412262033			
GO_OUTFLOW_TRACT_SEPTUM_MORPHOGENESIS	0.30241731615977613			
STEGER_ADIPOGENESIS_DN	0.30240196800711			
GO_INSULIN_RECEPTOR_BINDING	0.30240009183404226			
IK1_01	0.30238550078359566			
GO_RESPONSE_TO_FIBROBLAST_GROWTH_FACTOR	0.30237794202994855			
GO_REGULATION_OF_T_HELPER_2_CELL_DIFFERENTIATION	0.3023379532887729			
GO_PATTERN_SPECIFICATION_PROCESS	0.3022972024315748			
GO_BRANCHING_INVOLVED_IN_PROSTATE_GLAND_MORPHOGENESIS	0.3022472053711787			
GO_SCHWANN_CELL_MIGRATION	0.3021960334970338			
GO_FATTY_ACID_BETA_OXIDATION_USING_ACYL_COA_OXIDASE	0.3021911755021412			
IPA_CTNNB1_DN	0.3021797073867579			
GO_POSITIVE_REGULATION_OF_PROTEIN_METABOLIC_PROCESS	0.3021791159771707			
SERVITJA_ISLET_HNF1A_TARGETS_UP	0.30216935692146196			
GSE22935_UNSTIM_VS_12H_MBOVIS_BCG_STIM_MACROPHAGE_UP	0.30215760558899063			
ZFP91_TARGET_GENES	0.30215361833683435			
MAHADEVAN_GIST_MORPHOLOGICAL_SWITCH	0.3021333067458527			
ZHOU_CELL_CYCLE_GENES_IN_IR_RESPONSE_2HR	0.30203287983197197			
GO_MONOACYLGLYCEROL_METABOLIC_PROCESS	0.3020037228935283			
GO_SIGNAL_TRANSDUCTION_BY_PROTEIN_PHOSPHORYLATION	0.30199970784046537			
ATF_B	0.3019549658108099			
GSE17721_LPS_VS_CPG_2H_BMDC_DN	0.30193176581386316			
GO_GOLGI_RIBBON_FORMATION	0.3019274418224823			
SIG_INSULIN_RECEPTOR_PATHWAY_IN_CARDIAC_MYOCYTES	0.30186155945432835			
MIR624_5P	0.30185723649603735			
CAFFAREL_RESPONSE_TO_THC_8HR_5_UP	0.3018512691374563			
GO_POSITIVE_REGULATION_OF_SIGNALING	0.30180536879170167			
GSE3691_IFN_PRODUCING_KILLER_DC_VS_CONVENTIONAL_DC_SPLEEN_UP	0.3017903679757978			
GSE29618_BCELL_VS_PDC_DAY7_FLU_VACCINE_DN	0.3017673036346736			
GSE39382_IL3_VS_IL3_IL33_TREATED_MAST_CELL_DN	0.30176218054539966			
GO_INTERLEUKIN_1_MEDIATED_SIGNALING_PATHWAY	0.3017420759204787			
GSE9006_HEALTHY_VS_TYPE_1_DIABETES_PBMC_AT_DX_UP	0.3017167129826431			
GO_POSITIVE_REGULATION_OF_EXOCYTOSIS	0.301714935725307			
GSE17301_CTRL_VS_48H_ACD3_ACD28_IFNA2_STIM_CD8_TCELL_UP	0.30170766168528235			
BIOCARTA_FREE_PATHWAY	0.30163512556660743			
GSE43955_TH0_VS_TGFB_IL6_TH17_ACT_CD4_TCELL_4H_UP	0.3016195429171004			
GO_GLUTATHIONE_METABOLIC_PROCESS	0.3016116043678554			
MIR6821_3P	0.30158284588274037			
GO_CELLULAR_RESPONSE_TO_ENDOGENOUS_STIMULUS	0.3015775216041962			
MIR92B_5P	0.3015710808743665			
GO_REGULATION_OF_POSITIVE_CHEMOTAXIS	0.30154941575468136			
RUIZ_TNC_TARGETS_UP	0.30154761644449557			
HALLMARK_MITOTIC_SPINDLE	0.3015423218699954			
GO_SMOOTH_MUSCLE_CELL_MATRIX_ADHESION	0.30151048439768185			
GO_POSITIVE_REGULATION_OF_INTRACELLULAR_SIGNAL_TRANSDUCTION	0.30150120107083633			
ENK_UV_RESPONSE_KERATINOCYTE_DN	0.3014821961406873			
REACTOME_TRANSPORT_OF_SMALL_MOLECULES	0.3014781053651496			
GSE360_T_GONDII_VS_B_MALAYI_HIGH_DOSE_MAC_UP	0.30147613892339475			
GO_PHOSPHATIDYLINOSITOL_PHOSPHATE_BINDING	0.3014603475923593			
GO_OXIDOREDUCTASE_ACTIVITY_ACTING_ON_THE_ALDEHYDE_OR_OXO_GROUP_OF_DONORS_NAD_OR_NADP_AS_ACCEPTOR	0.3014565172901746			
LAU_APOPTOSIS_CDKN2A_UP	0.3014489696792013			
GO_DENDRITIC_SPINE_DEVELOPMENT	0.3013640715287905			
IPA_HEY1_UP	0.30136191248193045			
REACTOME_EPHRIN_SIGNALING	0.30135009813045516			
GO_REGULATION_OF_INTRACELLULAR_PROTEIN_TRANSPORT	0.30134748476992607			
KEGG_ARGININE_AND_PROLINE_METABOLISM	0.3012949440572594			
REACTOME_PROGRAMMED_CELL_DEATH	0.30128938044428977			
GO_FEMALE_SEX_DIFFERENTIATION	0.30128217872405094			
HOEBEKE_LYMPHOID_STEM_CELL_DN	0.3012811123176916			
LY_AGING_MIDDLE_UP	0.30126862461025666			
ROESSLER_LIVER_CANCER_METASTASIS_UP	0.30125795157818996			
HERNANDEZ_MITOTIC_ARREST_BY_DOCETAXEL_2_DN	0.3012534648097206			
GO_NEGATIVE_REGULATION_OF_ENDOTHELIAL_CELL_PROLIFERATION	0.30125053983525524			
GO_RETINOIC_ACID_RECEPTOR_BINDING	0.3012501036479945			
GO_NEGATIVE_REGULATION_OF_MYELINATION	0.3012357182304638			
GO_STEREOCILIUM_MEMBRANE	0.30118554984154133			
GO_NEUROTRANSMITTER_BIOSYNTHETIC_PROCESS	0.30116780686424416			
GO_ORGANIC_HYDROXY_COMPOUND_METABOLIC_PROCESS	0.30114258025040186			
GO_REGULATION_OF_ENDOSOME_SIZE	0.30112905136985224			
ZWANG_EGF_PERSISTENTLY_DN	0.30110292500939606			
GSE15659_NAIVE_CD4_TCELL_VS_NONSUPPRESSIVE_TCELL_DN	0.3010809164832993			
MIR6843_3P	0.30106589076031			
GSE3337_CTRL_VS_16H_IFNG_IN_CD8POS_DC_UP	0.301064442196373			
GO_SENSORY_ORGAN_MORPHOGENESIS	0.3010403051946028			
ABBUD_LIF_SIGNALING_2_UP	0.3010367316605526			
GSE43863_TFH_VS_LY6C_LOW_CXCR5NEG_EFFECTOR_CD4_TCELL_DN	0.30103537376628176			
GSE24142_EARLY_THYMIC_PROGENITOR_VS_DN2_THYMOCYTE_FETAL_UP	0.3009877914392595			
GO_POSITIVE_REGULATION_OF_LONG_TERM_SYNAPTIC_POTENTIATION	0.30097365588296054			
GO_MICROVILLUS_MEMBRANE	0.30094893911583454			
IPA_FOXO4_UP	0.30094233875947485			
GO_BRADYKININ_CATABOLIC_PROCESS	0.3009411189484396			
GO_REGULATION_OF_OLIGODENDROCYTE_DIFFERENTIATION	0.30089176966325415			
GSE17721_LPS_VS_GARDIQUIMOD_6H_BMDC_DN	0.3008912848812029			
GO_NEGATIVE_REGULATION_OF_SYNAPSE_ASSEMBLY	0.300874502870705			
GSE19401_PLN_VS_PEYERS_PATCH_FOLLICULAR_DC_DN	0.3008676054968132			
VERRECCHIA_RESPONSE_TO_TGFB1_C2	0.30085957581087525			
IPA_FGF3_UP	0.3008572255771751			
GO_CELLULAR_IRON_ION_HOMEOSTASIS	0.3008466774835875			
GO_NEGATIVE_REGULATION_OF_ERK1_AND_ERK2_CASCADE	0.3008230669746763			
IPA_BRCA1_DN	0.3008214836839058			
DACOSTA_UV_RESPONSE_VIA_ERCC3_COMMON_DN	0.30082092609495215			
AMIT_EGF_RESPONSE_40_HELA	0.3008172739047388			
YANAGISAWA_LUNG_CANCER_RECURRENCE	0.3007661499453087			
GSE13738_TCR_VS_BYSTANDER_ACTIVATED_CD4_TCELL_DN	0.30076435407599666			
MIR5195_3P	0.30074776530621705			
WANG_ESOPHAGUS_CANCER_PROGRESSION_UP	0.30074622756261205			
IPA_YWHAZ_UP	0.30074210734708073			
REACTOME_METABOLISM_OF_ANGIOTENSINOGEN_TO_ANGIOTENSINS	0.3006982844147568			
GO_TOXIN_METABOLIC_PROCESS	0.3006807494010985			
MIR1207_5P	0.3006787676373378			
GO_POSITIVE_REGULATION_OF_ANIMAL_ORGAN_MORPHOGENESIS	0.300678555379563			
GO_GROWTH_PLATE_CARTILAGE_MORPHOGENESIS	0.3006601285129935			
IPA_JUN_UP	0.30064602096463394			
REACTOME_TRANSCRIPTIONAL_REGULATION_BY_THE_AP_2_TFAP2_FAMILY_OF_TRANSCRIPTION_FACTORS	0.3006285937506409			
CREIGHTON_ENDOCRINE_THERAPY_RESISTANCE_1	0.3005852923508559			
GSE3982_DC_VS_MAC_LPS_STIM_DN	0.30057875229771225			
CAIRO_LIVER_DEVELOPMENT_UP	0.30053381840841276			
GO_NERVE_DEVELOPMENT	0.3005135887559021			
GO_REGULATION_OF_ESTABLISHMENT_OF_PLANAR_POLARITY	0.3004980877984627			
GO_NEGATIVE_REGULATION_OF_MULTICELLULAR_ORGANISMAL_PROCESS	0.3004715179756502			
GO_BARBED_END_ACTIN_FILAMENT_CAPPING	0.300447440688252			
GO_EXTRINSIC_COMPONENT_OF_MEMBRANE	0.30042426141733125			
REACTOME_PYRIMIDINE_CATABOLISM	0.30042158643164524			
GO_POSITIVE_REGULATION_OF_ACTION_POTENTIAL	0.30042024614743623			
IPA_SNAI2_UP	0.30040243909552355			
BIOCARTA_P35ALZHEIMERS_PATHWAY	0.30040184999649533			
PPARA_01	0.3003928419015226			
GO_NEGATIVE_REGULATION_OF_MEMBRANE_PROTEIN_ECTODOMAIN_PROTEOLYSIS	0.3003681382335124			
IPA_TADA3_UP	0.30036055823257346			
GSE2770_TGFB_AND_IL4_ACT_VS_ACT_CD4_TCELL_6H_DN	0.3003486458074235			
MARTINELLI_IMMATURE_NEUTROPHIL_DN	0.3003128691339648			
MCBRYAN_PUBERTAL_BREAST_4_5WK_DN	0.300298302952977			
GO_BEHAVIORAL_RESPONSE_TO_PAIN	0.3002940431890201			
SUZUKI_RESPONSE_TO_TSA_AND_DECITABINE_1A	0.3002570945946069			
GSE2405_S_AUREUS_VS_A_PHAGOCYTOPHILUM_NEUTROPHIL_UP	0.30024837630245454			
GO_DIOL_METABOLIC_PROCESS	0.3002472398473182			
HMGB2_TARGET_GENES	0.3002347240041014			
GO_REGULATION_OF_LIPID_METABOLIC_PROCESS	0.30023456417385774			
GO_ORGANIC_ACID_BIOSYNTHETIC_PROCESS	0.30022545015160396			
GO_CARDIAC_VENTRICLE_MORPHOGENESIS	0.300203616725386			
GSE38304_MYC_NEG_VS_POS_GC_BCELL_DN	0.3001929988446883			
GSE29949_MICROGLIA_BRAIN_VS_CD8_POS_DC_SPLEEN_UP	0.3001905602420889			
GSE41176_WT_VS_TAK1_KO_ANTI_IGM_STIM_BCELL_6H_UP	0.30018816017926525			
GERHOLD_ADIPOGENESIS_UP	0.30017076235173257			
GO_REGULATION_OF_T_HELPER_1_CELL_DIFFERENTIATION	0.30014835566917436			
MIR1537_3P	0.30012809476319197			
GO_GLUCURONOSYLTRANSFERASE_ACTIVITY	0.3001168226334779			
GO_PROTEIN_KINASE_C_BINDING	0.3001061855855371			
GO_POSITIVE_REGULATION_OF_SYNAPTIC_TRANSMISSION	0.30009260410489064			
GSE14699_NAIVE_VS_ACT_CD8_TCELL_UP	0.3000698056323416			
GO_ARGININE_METABOLIC_PROCESS	0.3000419286014926			
SHIRAISHI_PLZF_TARGETS_DN	0.30003862143524024			
GSE22886_IGG_IGA_MEMORY_BCELL_VS_BLOOD_PLASMA_CELL_DN	0.3000181888517403			
REACTOME_TRAFFICKING_AND_PROCESSING_OF_ENDOSOMAL_TLR	0.2999919251571159			
GSE37301_RAG2_KO_VS_RAG2_AND_ETS1_KO_NK_CELL_DN	0.2999810522505487			
GO_NEUROTRANSMITTER_RECEPTOR_LOCALIZATION_TO_POSTSYNAPTIC_SPECIALIZATION_MEMBRANE	0.2999794170661405			
MIR3659	0.29995891827988796			
IPA_JUND_UP	0.2999552888454523			
GSE2585_CTEC_VS_THYMIC_MACROPHAGE_DN	0.29995300896727894			
GO_FATTY_ACID_DERIVATIVE_TRANSPORT	0.29992282479039856			
IPA_ZMYND11_DN	0.29991195262694986			
GO_PROTEIN_BINDING_INVOLVED_IN_HETEROTYPIC_CELL_CELL_ADHESION	0.29986141072371997			
GSE21670_TGFB_VS_IL6_TREATED_STAT3_KO_CD4_TCELL_UP	0.2998564212465213			
GSE23984_CTRL_VS_HYPOCALEMIC_VITAMIND_ANALOG_TCELL_UP	0.2998549091978672			
GO_LAMIN_FILAMENT	0.29984683674329904			
HMG20B_TARGET_GENES	0.2998385483440456			
GO_CARDIAC_CONDUCTION	0.2998363262261103			
STEARMAN_LUNG_CANCER_EARLY_VS_LATE_DN	0.2998295605970736			
GSE29618_LAIV_VS_TIV_FLU_VACCINE_DAY7_MDC_DN	0.29981930808649626			
KONDO_HYPOXIA	0.2998037704314194			
VERHAAK_GLIOBLASTOMA_MESENCHYMAL	0.29979259304274236			
IPA_PCGF2_DN	0.29975284018547044			
GO_NOTCH_RECEPTOR_PROCESSING	0.29974068126399633			
HERNANDEZ_ABERRANT_MITOSIS_BY_DOCETACEL_4NM_DN	0.2997392221646588			
GO_PROTEIN_DIMERIZATION_ACTIVITY	0.2997249177272337			
GO_SODIUM_CHANNEL_INHIBITOR_ACTIVITY	0.2997199958252235			
RIZ_ERYTHROID_DIFFERENTIATION_6HR	0.2996826977191534			
GO_REGULATION_OF_INSULIN_LIKE_GROWTH_FACTOR_RECEPTOR_SIGNALING_PATHWAY	0.2996483221847693			
GO_CYTOSKELETAL_ADAPTOR_ACTIVITY	0.29961703986250704			
DLX6_TARGET_GENES	0.2996158578878276			
HIVEP1_TARGET_GENES	0.299609594608448			
IPA_AHR_UP	0.2995985762143636			
GO_NEGATIVE_REGULATION_OF_CHEMOKINE_PRODUCTION	0.299592963410503			
MYLLYKANGAS_AMPLIFICATION_HOT_SPOT_21	0.29959091152952005			
GO_COMMON_BILE_DUCT_DEVELOPMENT	0.29952436543519634			
GO_CARDIAC_VENTRICLE_DEVELOPMENT	0.2995172601957915			
GO_VASCULAR_ENDOTHELIAL_GROWTH_FACTOR_SIGNALING_PATHWAY	0.29951221943461814			
GO_AXONAL_GROWTH_CONE	0.29949208526684035			
GO_ENDOPLASMIC_RETICULUM_SUBCOMPARTMENT	0.2994917263590506			
WANG_METASTASIS_OF_BREAST_CANCER_ESR1_DN	0.2994169972593486			
LIANG_SILENCED_BY_METHYLATION_2	0.29939919532309384			
GO_GAMMA_SECRETASE_COMPLEX	0.29937816215400415			
GO_SPECIFIC_GRANULE_LUMEN	0.29937541108828936			
PXR_Q2	0.2993449818446255			
GO_NEGATIVE_REGULATION_OF_INCLUSION_BODY_ASSEMBLY	0.2993196093386093			
GO_COENZYME_BINDING	0.2992914892166107			
MIR10397_3P	0.2992618171519666			
GO_TRANSMEMBRANE_RECEPTOR_PROTEIN_TYROSINE_PHOSPHATASE_SIGNALING_PATHWAY	0.29924595882328675			
GSE11864_UNTREATED_VS_CSF1_IFNG_IN_MAC_DN	0.2992159839993675			
GO_PHENOL_CONTAINING_COMPOUND_CATABOLIC_PROCESS	0.2991939325223181			
GSE21360_TERTIARY_VS_QUATERNARY_MEMORY_CD8_TCELL_DN	0.29913191847208587			
GSE8921_UNSTIM_VS_TLR1_2_STIM_MONOCYTE_3H_DN	0.29911503083085966			
LHX3_TARGET_GENES	0.2990840963494687			
GO_ACTIVIN_ACTIVATED_RECEPTOR_ACTIVITY	0.2990502506841601			
GO_REGULATION_OF_NEURONAL_SYNAPTIC_PLASTICITY	0.2990419451511135			
GSE17721_12H_VS_24H_PAM3CSK4_BMDC_UP	0.29903506262925195			
GO_REGULATION_OF_CELLULAR_RESPONSE_TO_VASCULAR_ENDOTHELIAL_GROWTH_FACTOR_STIMULUS	0.29898855574448535			
GO_COLUMNAR_CUBOIDAL_EPITHELIAL_CELL_DIFFERENTIATION	0.2989729820417655			
GSE13522_CTRL_VS_T_CRUZI_G_STRAIN_INF_SKIN_UP	0.2989536594527736			
GO_EPITHELIAL_CELL_FATE_COMMITMENT	0.29894189947447547			
GO_HORMONE_BIOSYNTHETIC_PROCESS	0.29892526557908067			
GO_REGULATION_OF_SYSTEM_PROCESS	0.29888789385766223			
XBP1_01	0.29888335640243674			
GSE37534_GW1929_VS_PIOGLITAZONE_TREATED_CD4_TCELL_PPARG1_FOXP3_TRANSDUCED_DN	0.29888049989894594			
GSE17721_LPS_VS_CPG_2H_BMDC_UP	0.29884753043486056			
MIR1185_5P	0.2988318188809664			
GO_CELL_PROJECTION_ORGANIZATION	0.29882926874312643			
RAPA_EARLY_UP.V1_UP	0.29877883523899024			
GO_VITAMIN_METABOLIC_PROCESS	0.2987562492577143			
GO_ANNEALING_ACTIVITY	0.298750375023303			
GO_POSITIVE_REGULATION_OF_INSULIN_LIKE_GROWTH_FACTOR_RECEPTOR_SIGNALING_PATHWAY	0.29872980015147765			
GSE360_CTRL_VS_L_DONOVANI_DC_DN	0.2986939266908621			
GO_SEQUESTERING_OF_IRON_ION	0.2986688699275747			
REACTOME_ASSOCIATION_OF_TRIC_CCT_WITH_TARGET_PROTEINS_DURING_BIOSYNTHESIS	0.29866713835082687			
GSE22886_IGA_VS_IGM_MEMORY_BCELL_UP	0.29863492841902006			
GO_NEGATIVE_REGULATION_OF_INTRINSIC_APOPTOTIC_SIGNALING_PATHWAY_IN_RESPONSE_TO_OSMOTIC_STRESS	0.2986245207980465			
GSE19772_CTRL_VS_HCMV_INF_MONOCYTES_UP	0.2986117592986127			
GO_NUCLEOTIDE_ACTIVATED_PROTEIN_KINASE_COMPLEX	0.2985841888732676			
GO_SIGNAL_TRANSDUCTION_IN_ABSENCE_OF_LIGAND	0.29856981363556295			
GO_CARBON_NITROGEN_LYASE_ACTIVITY	0.29853854714865546			
GSE30083_SP2_VS_SP4_THYMOCYTE_UP	0.29848936605688714			
BIOCARTA_ARENRF2_PATHWAY	0.2984619721151015			
GO_REGULATION_OF_FAT_CELL_DIFFERENTIATION	0.2984463911155625			
GO_SMOOTH_ENDOPLASMIC_RETICULUM	0.2984113372754369			
GO_MYOSIN_BINDING	0.2983978388399964			
GO_POSITIVE_REGULATION_OF_PROTEIN_TYROSINE_KINASE_ACTIVITY	0.29839469135121083			
GO_TRACHEA_DEVELOPMENT	0.29838931077115494			
REACTOME_CD163_MEDIATING_AN_ANTI_INFLAMMATORY_RESPONSE	0.2983718812104571			
ROSS_AML_OF_FAB_M7_TYPE	0.2983620581537731			
GSE23502_WT_VS_HDC_KO_MYELOID_DERIVED_SUPPRESSOR_CELL_BM_DN	0.2983543598284671			
GO_REGULATION_OF_NEURON_MIGRATION	0.29833964944645286			
PID_MTOR_4PATHWAY	0.29827764244793364			
GO_HEPATOCYTE_APOPTOTIC_PROCESS	0.29826555855360504			
IPA_SATB2_DN	0.29819621055421125			
GSE15930_STIM_VS_STIM_AND_IFNAB_24H_CD8_T_CELL_DN	0.29817516887795514			
GO_REGULATION_OF_STRESS_ACTIVATED_PROTEIN_KINASE_SIGNALING_CASCADE	0.29815038922807013			
GO_REGULATION_OF_LUNG_BLOOD_PRESSURE	0.2981500555006664			
GSE22886_IL2_VS_IL15_STIM_NKCELL_UP	0.29812645825113765			
GSE41978_WT_VS_BIM_KO_KLRG1_LOW_EFFECTOR_CD8_TCELL_UP	0.2981209335305519			
IPA_NR1I2_UP	0.2981206189522991			
GO_ACTIVATION_OF_CYSTEINE_TYPE_ENDOPEPTIDASE_ACTIVITY_INVOLVED_IN_APOPTOTIC_PROCESS_BY_CYTOCHROME_C	0.29809791331762353			
GO_STEM_CELL_DIFFERENTIATION	0.29808790607621777			
DER_IFN_ALPHA_RESPONSE_DN	0.29806832857569604			
GO_REGULATION_OF_AMYLOID_PRECURSOR_PROTEIN_CATABOLIC_PROCESS	0.29806203841949297			
CREB_Q4_01	0.298045249340041			
GSE26495_PD1HIGH_VS_PD1LOW_CD8_TCELL_DN	0.298022556913396			
GO_REGULATION_OF_INTRACELLULAR_SIGNAL_TRANSDUCTION	0.2979814710549374			
GO_REGULATION_OF_PHOSPHORYLATION	0.2979744243103801			
SCHAEFFER_PROSTATE_DEVELOPMENT_AND_CANCER_BOX1_UP	0.29795704357448116			
GSE41176_UNSTIM_VS_ANTI_IGM_STIM_TAK1_KO_BCELL_24H_DN	0.29794465562243194			
ATF2_S_UP.V1_UP	0.29792257795215543			
LANDIS_ERBB2_BREAST_PRENEOPLASTIC_UP	0.29791701183569147			
GSE11864_CSF1_IFNG_VS_CSF1_IFNG_PAM3CYS_IN_MAC_DN	0.2979028325203895			
REACTOME_NEF_MEDIATED_DOWNREGULATION_OF_MHC_CLASS_I_COMPLEX_CELL_SURFACE_EXPRESSION	0.2978756570791345			
RUAN_RESPONSE_TO_TROGLITAZONE_UP	0.2978742189775607			
GO_RESPONSE_TO_ANTIBIOTIC	0.2978623064906285			
GSE411_UNSTIM_VS_100MIN_IL6_STIM_SOCS3_KO_MACROPHAGE_DN	0.2977984756468819			
GO_ORGANIC_HYDROXY_COMPOUND_TRANSPORT	0.2977756107618948			
LAMB3_TARGET_GENES	0.29772883687498564			
GO_RETINOIC_ACID_RECEPTOR_SIGNALING_PATHWAY	0.29768135290134456			
GO_DIGESTIVE_SYSTEM_DEVELOPMENT	0.2976795077678857			
BOYLAN_MULTIPLE_MYELOMA_D_CLUSTER_DN	0.29766224564105515			
GO_MESENCHYMAL_CELL_APOPTOTIC_PROCESS	0.29763475751614593			
GO_SUCKLING_BEHAVIOR	0.29759958347744836			
GO_POSITIVE_REGULATION_OF_VASOCONSTRICTION	0.2975833171861708			
GSE9650_NAIVE_VS_MEMORY_CD8_TCELL_DN	0.29757398972217447			
GO_MAINTENANCE_OF_SYNAPSE_STRUCTURE	0.29753180168197396			
GO_AZUROPHIL_GRANULE_MEMBRANE	0.29752877975934433			
SCIAN_INVERSED_TARGETS_OF_TP53_AND_TP73_DN	0.2975276250189226			
GSE43955_1H_VS_10H_ACT_CD4_TCELL_DN	0.2975263320524754			
NAKAMURA_ADIPOGENESIS_EARLY_UP	0.297518424964019			
KENNY_CTNNB1_TARGETS_DN	0.2974585462100849			
KIM_RESPONSE_TO_TSA_AND_DECITABINE_UP	0.29741460818411297			
BIOCARTA_FXR_PATHWAY	0.29735909124708415			
GO_CARDIAC_MUSCLE_CONTRACTION	0.29734297722226477			
GO_CEREBELLAR_GRANULAR_LAYER_DEVELOPMENT	0.2973225045929585			
KAECH_NAIVE_VS_MEMORY_CD8_TCELL_DN	0.29726785235658476			
WEBER_METHYLATED_IN_COLON_CANCER	0.2972150533065267			
BMI1_DN.V1_DN	0.29720063457922563			
MIR9_5P	0.2971823008231795			
SP1_Q6_01	0.297166618774121			
BALDWIN_PRKCI_TARGETS_UP	0.29713791395930483			
GO_RESPONSE_TO_CALCIUM_ION	0.2970765741644661			
GSE43955_TH0_VS_TGFB_IL6_TH17_ACT_CD4_TCELL_1H_UP	0.2970484800482108			
GO_S_SHAPED_BODY_MORPHOGENESIS	0.29703871548695227			
GSE24634_IL4_VS_CTRL_TREATED_NAIVE_CD4_TCELL_DAY5_UP	0.2969533834926785			
GO_CELLULAR_POLYSACCHARIDE_CATABOLIC_PROCESS	0.296903719566548			
TSENG_ADIPOGENIC_POTENTIAL_UP	0.2968975927070877			
GO_NEGATIVE_REGULATION_OF_FIBROBLAST_GROWTH_FACTOR_RECEPTOR_SIGNALING_PATHWAY	0.29683809512124154			
GSE360_L_DONOVANI_VS_B_MALAYI_LOW_DOSE_MAC_UP	0.296803584252554			
GO_POSITIVE_REGULATION_OF_GLIOGENESIS	0.2967817466093838			
HOLLERN_SQUAMOUS_BREAST_TUMOR	0.2967644742693869			
GSE10325_LUPUS_CD4_TCELL_VS_LUPUS_BCELL_UP	0.296763312569962			
GO_SULFUR_COMPOUND_BIOSYNTHETIC_PROCESS	0.29673190980436176			
REACTOME_METALLOTHIONEINS_BIND_METALS	0.29672364359488723			
GSE3203_INFLUENZA_INF_VS_IFNB_TREATED_LN_BCELL_UP	0.2966776787501959			
GU_PDEF_TARGETS_UP	0.2966750063054815			
PID_CERAMIDE_PATHWAY	0.2966589541905139			
GO_UBIQUITIN_DEPENDENT_SMAD_PROTEIN_CATABOLIC_PROCESS	0.296609306883958			
GO_NOTOCHORD_MORPHOGENESIS	0.29660665382328794			
GO_MALE_GENITALIA_DEVELOPMENT	0.29659606659109866			
GO_CARGO_RECEPTOR_ACTIVITY	0.29658954353214817			
LIM_MAMMARY_STEM_CELL_UP	0.2965687980818036			
GO_CARDIAC_MUSCLE_TISSUE_DEVELOPMENT	0.29655736335662847			
GO_AZUROPHIL_GRANULE	0.2965566834845275			
GO_NEGATIVE_REGULATION_OF_GLYCOPROTEIN_METABOLIC_PROCESS	0.2965508622031224			
GO_POLYSACCHARIDE_METABOLIC_PROCESS	0.2965470481230784			
OUYANG_PROSTATE_CANCER_PROGRESSION_DN	0.2965382173577984			
GO_ASPARTATE_TRANSMEMBRANE_TRANSPORT	0.2965339013012149			
GSE43955_1H_VS_10H_ACT_CD4_TCELL_WITH_TGFB_IL6_DN	0.29651935058372253			
IPA_SMARCB1_UP	0.29650732567986443			
BIOCARTA_AMI_PATHWAY	0.29649655164407207			
GSE36078_UNTREATED_VS_AD5_INF_IL1R_KO_MOUSE_LUNG_DC_DN	0.2964752192015353			
GO_LIPID_IMPORT_INTO_CELL	0.29646693350650344			
GO_MICROTUBULE_END	0.2964652474267779			
GO_FACIAL_NERVE_STRUCTURAL_ORGANIZATION	0.29645127028671436			
GO_VESICLE_MEMBRANE	0.29644339580042867			
GO_NEURON_DEVELOPMENT	0.2964403348603931			
GO_NEURON_PROJECTION_REGENERATION	0.2964345742614846			
GO_DESMOSOME	0.2964111002101992			
KORKOLA_YOLK_SAC_TUMOR	0.2963816377106721			
GO_POSITIVE_REGULATION_OF_CELL_PROJECTION_ORGANIZATION	0.2963649189028002			
NFE2L1_TARGET_GENES	0.296363513292341			
GSE30971_WBP7_HET_VS_KO_MACROPHAGE_2H_LPS_STIM_UP	0.29635919517584064			
GO_NEURONAL_ION_CHANNEL_CLUSTERING	0.296311721895085			
MIR4504	0.2963043696223269			
REACTOME_RECEPTOR_TYPE_TYROSINE_PROTEIN_PHOSPHATASES	0.2962328618492988			
GO_NEGATIVE_REGULATION_OF_CELL_ADHESION	0.2961992329203282			
GO_EPIDERMIS_MORPHOGENESIS	0.29613204516668024			
GO_CHEMOREPULSION_OF_AXON	0.2961276899300875			
GO_GAP_JUNCTION	0.29612396359850474			
GO_REGULATION_OF_PROTEIN_LOCALIZATION	0.2960810362367704			
GO_TELENCEPHALON_REGIONALIZATION	0.29599461002198696			
KEGG_THYROID_CANCER	0.29599296969242395			
REACTOME_NICOTINAMIDE_SALVAGING	0.2959712243044201			
GSE26030_UNSTIM_VS_RESTIM_TH17_DAY5_POST_POLARIZATION_DN	0.29596772468392496			
GAUSSMANN_MLL_AF4_FUSION_TARGETS_D_DN	0.29596474276861817			
EHRLICH_ICF_SYNDROM_UP	0.29595068357582			
IPA_ZEB1_DN	0.29595060617979063			
KEGG_HISTIDINE_METABOLISM	0.29592855261224144			
GSE360_L_MAJOR_VS_B_MALAYI_LOW_DOSE_DC_UP	0.29590583815925686			
MILICIC_FAMILIAL_ADENOMATOUS_POLYPOSIS_UP	0.2958906688416032			
TORCHIA_TARGETS_OF_EWSR1_FLI1_FUSION_TOP20_UP	0.295866422325321			
LUI_THYROID_CANCER_CLUSTER_5	0.29583007990371135			
REACTOME_METABOLISM_OF_LIPIDS	0.2958008145691095			
BANDRES_RESPONSE_TO_CARMUSTIN_MGMT_24HR_DN	0.2957827077036307			
CHEBOTAEV_GR_TARGETS_DN	0.2957793202575396			
REACTOME_TRANSCRIPTIONAL_REGULATION_BY_RUNX2	0.2957632062325896			
GO_EMBRYONIC_APPENDAGE_MORPHOGENESIS	0.2957598342698569			
GO_AMYLOID_PRECURSOR_PROTEIN_BIOSYNTHETIC_PROCESS	0.2957123045726283			
GO_DIGESTIVE_TRACT_MORPHOGENESIS	0.29565648619643614			
MZF1_TARGET_GENES	0.2956560203379048			
GSE40274_FOXP3_VS_FOXP3_AND_IRF4_TRANSDUCED_ACTIVATED_CD4_TCELL_DN	0.2956327743863381			
GO_MRF_BINDING	0.29559272980496404			
MIR1225_3P	0.2955926672720417			
GSE45365_HEALTHY_VS_MCMV_INFECTION_BCELL_IFNAR_KO_UP	0.2955843959103942			
GSE4590_PRE_BCELL_VS_SMALL_PRE_BCELL_DN	0.29554118117190525			
GO_PROTEIN_CONTAINING_COMPLEX_BINDING	0.29551017549930186			
SCHAEFFER_PROSTATE_DEVELOPMENT_AND_CANCER_BOX5_UP	0.29536614126399646			
GSE43863_TH1_VS_LY6C_INT_CXCR5POS_MEMORY_CD4_TCELL_DN	0.2953581201706441			
GO_STRUCTURAL_CONSTITUENT_OF_CYTOSKELETON	0.29534651346236135			
GSE17721_POLYIC_VS_CPG_24H_BMDC_DN	0.29530451157988047			
HFH4_01	0.29529077723589403			
GO_LONG_CHAIN_FATTY_ACID_TRANSPORT	0.29527826526798284			
GO_VASCULAR_ASSOCIATED_SMOOTH_MUSCLE_CELL_MIGRATION	0.2952724589161685			
GO_REACTIVE_OXYGEN_SPECIES_METABOLIC_PROCESS	0.29525037374821145			
GSE35825_UNTREATED_VS_IFNA_STIM_MACROPHAGE_DN	0.29523689673383197			
GO_EMBRYONIC_SKELETAL_SYSTEM_DEVELOPMENT	0.2951882113781776			
GUO_HEX_TARGETS_UP	0.29514315912865			
GO_UBIQUITIN_INDEPENDENT_PROTEIN_CATABOLIC_PROCESS_VIA_THE_MULTIVESICULAR_BODY_SORTING_PATHWAY	0.29513569760306396			
GSE3982_BCELL_VS_TH2_DN	0.29513355745111003			
GO_MODULATION_BY_HOST_OF_VIRAL_GENOME_REPLICATION	0.29511897493711586			
GO_REGULATION_OF_RECEPTOR_CLUSTERING	0.29509790278401643			
LI_WILMS_TUMOR	0.295095419552601			
GO_NEGATIVE_REGULATION_OF_SMOOTH_MUSCLE_CELL_MIGRATION	0.2950860061788894			
IPA_YWHAE_UP	0.29507260215955683			
BIOCARTA_HIF_PATHWAY	0.29502680764744593			
GO_RESPONSE_TO_ORGANOPHOSPHORUS	0.2950211036642946			
GO_NEGATIVE_REGULATION_OF_AMYLOID_FIBRIL_FORMATION	0.29500018873364064			
GSE9650_NAIVE_VS_EFF_CD8_TCELL_DN	0.29497788885372717			
GO_DENDRITIC_SPINE_MORPHOGENESIS	0.29496133602791547			
GO_CARDIAC_MUSCLE_MYOBLAST_PROLIFERATION	0.29494247123787937			
IPA_SIRT1_UP	0.29492230309887835			
REACTOME_NEPHRIN_FAMILY_INTERACTIONS	0.29489868951657344			
GSE37301_MULTIPOTENT_PROGENITOR_VS_RAG2_KO_NK_CELL_UP	0.29488304612315264			
GO_PALMITOYLTRANSFERASE_ACTIVITY	0.29482108463058565			
GO_ACTIN_CYTOSKELETON_REORGANIZATION	0.29478382842991735			
IPA_TRIM24_DN	0.2947511356555226			
GO_CELL_CELL_ADHESION	0.29473191275233074			
KAECH_NAIVE_VS_DAY15_EFF_CD8_TCELL_DN	0.29472668454861967			
GO_REGULATION_OF_RESPONSE_TO_OSMOTIC_STRESS	0.2946782522904038			
TAKEDA_TARGETS_OF_NUP98_HOXA9_FUSION_3D_UP	0.29464759688872655			
GO_MEMBRANE_RAFT_ORGANIZATION	0.2946404495164107			
GO_LIPOPROTEIN_CATABOLIC_PROCESS	0.29458390229299974			
RUTELLA_RESPONSE_TO_HGF_VS_CSF2RB_AND_IL4_UP	0.2945756767939394			
GO_XENOBIOTIC_TRANSMEMBRANE_TRANSPORTER_ACTIVITY	0.29455620348492123			
GO_WIDE_PORE_CHANNEL_ACTIVITY	0.2945206572655988			
CCTGTGA_MIR513	0.2945047042124115			
GO_NEGATIVE_REGULATION_OF_LIPID_STORAGE	0.29446395882419546			
IPA_SIX2_UP	0.29444763674434404			
GO_RESPONSE_TO_ERYTHROPOIETIN	0.294393778917941			
GSE21379_TFH_VS_NON_TFH_CD4_TCELL_DN	0.2943659969231593			
ATF3_Q6	0.2943478268815346			
TAKADA_GASTRIC_CANCER_COPY_NUMBER_UP	0.2943450222136819			
REACTOME_SIGNALING_BY_NTRKS	0.29432081232823337			
GSE41867_DAY15_EFFECTOR_VS_DAY30_MEMORY_CD8_TCELL_LCMV_ARMSTRONG_UP	0.2943046455114075			
GO_CELLULAR_RESPONSE_TO_CADMIUM_ION	0.2942958877254219			
IPA_KCNIP3_UP	0.29427261531960774			
STREICHER_LSM1_TARGETS_UP	0.29426778906887696			
GO_PEPTIDE_HORMONE_PROCESSING	0.29424741203454075			
GSE30962_PRIMARY_VS_SECONDARY_ACUTE_LCMV_INF_CD8_TCELL_DN	0.29423789452360494			
IPA_MZF1_UP	0.2941877822179921			
WANG_TARGETS_OF_MLL_CBP_FUSION_DN	0.29417484138880534			
GO_RESPONSE_TO_LIPID	0.29417067299338145			
GO_ORGANIC_ANION_TRANSPORT	0.29416614447041867			
REACTOME_ACYL_CHAIN_REMODELLING_OF_PI	0.2941638698377313			
GO_ACTIVATION_OF_MAPKK_ACTIVITY	0.2940830184967093			
GO_PLATELET_DERIVED_GROWTH_FACTOR_RECEPTOR_BINDING	0.2940729422812857			
GO_ADULT_LOCOMOTORY_BEHAVIOR	0.29406205459421825			
BRUINS_UVC_RESPONSE_VIA_TP53_GROUP_A	0.2940300997505247			
GO_EMBRYONIC_SKELETAL_SYSTEM_MORPHOGENESIS	0.2939775559070153			
GOBERT_OLIGODENDROCYTE_DIFFERENTIATION_DN	0.2939613177340614			
GO_HEXOSAMINIDASE_ACTIVITY	0.29395055723737995			
PARENT_MTOR_SIGNALING_UP	0.29392757757538013			
GSE12392_CD8A_POS_VS_NEG_SPLEEN_IFNB_KO_DC_DN	0.29391714884201364			
PID_S1P_S1P2_PATHWAY	0.2938919238449422			
GO_POSITIVE_REGULATION_OF_ATP_METABOLIC_PROCESS	0.2938710829731006			
GO_PROTEIN_LOCALIZATION_TO_ENDOSOME	0.2938596597411433			
GO_CELLULAR_RESPONSE_TO_HORMONE_STIMULUS	0.2938449319668435			
GO_ELECTRON_TRANSFER_ACTIVITY	0.2938379477544381			
MIR6868_5P	0.29377974269654517			
REACTOME_THE_ACTIVATION_OF_ARYLSULFATASES	0.2937727535806459			
LUI_THYROID_CANCER_CLUSTER_3	0.29377124145762396			
GSE6259_DEC205_POS_DC_VS_CD8_TCELL_DN	0.2937708767776524			
GSE19772_HCMV_INFL_VS_HCMV_INF_MONOCYTES_AND_PI3K_INHIBITION_DN	0.29375434022143954			
GO_CELL_DIFFERENTIATION_INVOLVED_IN_EMBRYONIC_PLACENTA_DEVELOPMENT	0.29375368332920426			
GO_GLYCOSIDE_CATABOLIC_PROCESS	0.29373144034781934			
MIR4471	0.2937301050691733			
IPA_EMX2_UP	0.29367739210222693			
GO_HEAD_MORPHOGENESIS	0.29366158810721593			
GO_OXIDOREDUCTASE_ACTIVITY_ACTING_ON_CH_OH_GROUP_OF_DONORS	0.29364885700703774			
GO_COLUMNAR_CUBOIDAL_EPITHELIAL_CELL_DEVELOPMENT	0.2936299233907175			
GO_DENSE_CORE_GRANULE_TRANSPORT	0.2936117570515871			
GO_MUSCLE_STRUCTURE_DEVELOPMENT	0.2936035930367077			
GSE21927_SPLEEN_VS_BONE_MARROW_MONOCYTE_BALBC_UP	0.293580885017618			
GSE17721_0.5H_VS_8H_POLYIC_BMDC_DN	0.29356796409222896			
ACEVEDO_NORMAL_TISSUE_ADJACENT_TO_LIVER_TUMOR_DN	0.29356621277724865			
GO_REGULATION_OF_PHOSPHORUS_METABOLIC_PROCESS	0.29356574632465493			
GO_CHORIONIC_TROPHOBLAST_CELL_DIFFERENTIATION	0.29356492863014677			
GO_ACTIN_FILAMENT_DEPOLYMERIZATION	0.29355630493920637			
GSE9006_TYPE_1_DIABETES_AT_DX_VS_4MONTH_POST_DX_PBMC_UP	0.29353093452757373			
GSE2405_0H_VS_24H_A_PHAGOCYTOPHILUM_STIM_NEUTROPHIL_DN	0.29351512747812986			
ZNF292_TARGET_GENES	0.29349856736554225			
ZNF134_TARGET_GENES	0.2934908256442206			
GO_REGULATION_OF_PRESYNAPSE_ORGANIZATION	0.2934781751617629			
GO_POSITIVE_REGULATION_OF_COMPLEMENT_ACTIVATION	0.293471115848494			
MIR6506_3P	0.29346453025338637			
ZSCAN30_TARGET_GENES	0.29344879266134694			
GO_PROCOLLAGEN_PROLINE_DIOXYGENASE_ACTIVITY	0.2934298466796076			
MIR1825	0.2934272398125095			
MYC_UP.V1_DN	0.29337973184928257			
GSE43955_TH0_VS_TGFB_IL6_IL23_TH17_ACT_CD4_TCELL_60H_UP	0.2933721252933373			
GO_LAMELLIPODIUM_ASSEMBLY	0.29333945045224924			
GO_CELLULAR_RESPONSE_TO_PEPTIDE	0.2933380871502092			
KOKKINAKIS_METHIONINE_DEPRIVATION_96HR_DN	0.29331973290244356			
GSE22432_MULTIPOTENT_VS_COMMON_DC_PROGENITOR_DN	0.2933180706801388			
GSE24142_DN2_VS_DN3_THYMOCYTE_FETAL_DN	0.293291669263879			
GO_MUSCLE_ALPHA_ACTININ_BINDING	0.2932892188764912			
SANA_TNF_SIGNALING_UP	0.29326715938604225			
OSWALD_HEMATOPOIETIC_STEM_CELL_IN_COLLAGEN_GEL_UP	0.29325871980222834			
PARK_OSTEOBLAST_DIFFERENTIATION_BY_PHENYLAMIL_UP	0.293245595149532			
GSE30971_CTRL_VS_LPS_STIM_MACROPHAGE_WBP7_KO_2H_UP	0.29324255785724124			
TIAN_TNF_SIGNALING_NOT_VIA_NFKB	0.29318195526874313			
GSE37416_CTRL_VS_3H_F_TULARENSIS_LVS_NEUTROPHIL_DN	0.2931770525977554			
GO_FEMALE_GENITALIA_DEVELOPMENT	0.29316651302484176			
GO_POSITIVE_REGULATION_OF_ASPARTIC_TYPE_PEPTIDASE_ACTIVITY	0.29313875825614766			
MIR6735_3P	0.2931023771704765			
VANTVEER_BREAST_CANCER_ESR1_UP	0.2930911030637354			
GO_POSITIVE_REGULATION_OF_WNT_SIGNALING_PATHWAY_PLANAR_CELL_POLARITY_PATHWAY	0.29303712995112696			
GSE17721_CTRL_VS_LPS_24H_BMDC_UP	0.2930341195514302			
GO_REGULATION_OF_RETINOIC_ACID_RECEPTOR_SIGNALING_PATHWAY	0.29299755347224166			
GSE5589_IL6_KO_VS_IL10_KO_LPS_STIM_MACROPHAGE_45MIN_DN	0.2929887152377006			
GSE7219_UNSTIM_VS_LPS_AND_ANTI_CD40_STIM_NIK_NFKB2_KO_DC_DN	0.29295442336138877			
GSE44955_MCSF_VS_MCSF_AND_IL27_STIM_MACROPHAGE_UP	0.2929526614870562			
KEGG_ASCORBATE_AND_ALDARATE_METABOLISM	0.2929400535845713			
GSE21033_CTRL_VS_POLYIC_STIM_DC_12H_DN	0.29293500954075735			
GO_MKS_COMPLEX	0.2929082262085136			
GSE16266_CTRL_VS_LPS_STIM_MEF_UP	0.29289149794991554			
IPA_TFEB_UP	0.2928862434923794			
GO_NADP_RETINOL_DEHYDROGENASE_ACTIVITY	0.2928720890150276			
GO_AXONAL_FASCICULATION	0.2928490513149635			
GO_NEGATIVE_REGULATION_OF_MONONUCLEAR_CELL_MIGRATION	0.2928202633875016			
REACTOME_WNT5A_DEPENDENT_INTERNALIZATION_OF_FZD2_FZD5_AND_ROR2	0.2928167014708739			
GO_ASPARTATE_FAMILY_AMINO_ACID_METABOLIC_PROCESS	0.2928041445282957			
KARAKAS_TGFB1_SIGNALING	0.29279298553639505			
GO_PROTEIN_LIPID_COMPLEX_BINDING	0.2927858065850978			
REACTOME_MISSPLICED_LRP5_MUTANTS_HAVE_ENHANCED_BETA_CATENIN_DEPENDENT_SIGNALING	0.29275529229898867			
GSE17721_CTRL_VS_CPG_8H_BMDC_DN	0.29275435705643676			
GO_CRANIAL_SKELETAL_SYSTEM_DEVELOPMENT	0.2927445256534391			
GO_COPPER_ION_TRANSMEMBRANE_TRANSPORT	0.2927196083275998			
LEI_HOXC8_TARGETS_UP	0.29271697111003836			
GSE339_CD4POS_VS_CD4CD8DN_DC_DN	0.2927108741758413			
GO_NEGATIVE_REGULATION_OF_MESENCHYMAL_CELL_APOPTOTIC_PROCESS	0.29263501499264155			
GO_DISACCHARIDE_BIOSYNTHETIC_PROCESS	0.2926061254583956			
GO_POSITIVE_REGULATION_OF_CELL_DIVISION	0.29260389271571213			
GO_REGULATION_OF_METALLOENDOPEPTIDASE_ACTIVITY	0.29260370282305337			
GSE17721_0.5H_VS_8H_GARDIQUIMOD_BMDC_DN	0.292585520407817			
TRAYNOR_RETT_SYNDROM_DN	0.2925731782097932			
GO_LONG_TERM_SYNAPTIC_POTENTIATION	0.29256420300857333			
MORI_PLASMA_CELL_UP	0.29255593172717026			
GO_SEMI_LUNAR_VALVE_DEVELOPMENT	0.29254072469180636			
GSE3720_UNSTIM_VS_LPS_STIM_VD1_GAMMADELTA_TCELL_DN	0.2925364466735092			
GSE17974_IL4_AND_ANTI_IL12_VS_UNTREATED_1H_ACT_CD4_TCELL_DN	0.2925205863596085			
GSE37319_WT_VS_RC3H1_KO_CD44LOW_CD8_TCELL_DN	0.29251872236752907			
GO_RESPONSE_TO_VITAMIN	0.29251657784324336			
GO_SITE_OF_POLARIZED_GROWTH	0.29249522534258293			
ODONNELL_TFRC_TARGETS_UP	0.29248760888066583			
IPA_ENO1_UP	0.2924874691618508			
GO_REGULATION_OF_APOPTOTIC_PROCESS_INVOLVED_IN_DEVELOPMENT	0.29247441856492135			
BIOCARTA_TFF_PATHWAY	0.29242521682081557			
GO_REGULATION_OF_BINDING	0.2924209664697821			
NIKOLSKY_BREAST_CANCER_20Q11_AMPLICON	0.2924206335817444			
GO_REGULATION_OF_STRESS_GRANULE_ASSEMBLY	0.29240497896835804			
IPA_NMI_UP	0.2923663764299391			
IPA_BATF_UP	0.2923663764299391			
MIR3191_3P	0.29233108053094636			
GO_REGULATION_OF_MACROPHAGE_MIGRATION	0.2923223679018384			
MIR585_5P	0.29229967177399113			
GSE17721_CTRL_VS_GARDIQUIMOD_12H_BMDC_DN	0.292292997996942			
GO_3_PHOSPHOADENOSINE_5_PHOSPHOSULFATE_BIOSYNTHETIC_PROCESS	0.2922902430160026			
MIR4526	0.29225110183956365			
GSE21360_SECONDARY_VS_QUATERNARY_MEMORY_CD8_TCELL_UP	0.2922333986641292			
GO_POSITIVE_REGULATION_OF_BLOOD_CIRCULATION	0.2921909595647771			
GO_POSITIVE_REGULATION_OF_COFACTOR_METABOLIC_PROCESS	0.29218165959601683			
GSE43863_LY6C_INT_CXCR5POS_VS_LY6C_LOW_CXCR5NEG_EFFECTOR_CD4_TCELL_DN	0.292170521422927			
GO_AORTIC_VALVE_DEVELOPMENT	0.29216733543501766			
GO_REGULATION_OF_PROTEIN_CONTAINING_COMPLEX_DISASSEMBLY	0.2921393732478083			
GO_LIGAND_ACTIVATED_TRANSCRIPTION_FACTOR_ACTIVITY	0.29211899661025936			
GO_PHOSPHATIDYLINOSITOL_4_PHOSPHATE_BINDING	0.29211823870540665			
IPA_HOXA11_DN	0.2920662774736115			
PHONG_TNF_TARGETS_DN	0.2920400590388467			
GO_TRANSCRIPTION_REGULATOR_RECRUITING_ACTIVITY	0.292028428493289			
MIR122B_5P	0.2920228006723679			
GSE22611_NOD2_TRANSD_VS_CTRL_TRANSD_HEK293_MDP_STIM_2H_UP	0.29197619858492474			
GO_CYSTEINE_TYPE_ENDOPEPTIDASE_INHIBITOR_ACTIVITY	0.29197063391127226			
IPA_AHR_DN	0.2919308180679067			
GSE17721_POLYIC_VS_CPG_2H_BMDC_DN	0.2919228204055148			
GSE11057_NAIVE_CD4_VS_PBMC_CD4_TCELL_DN	0.29192168399969			
GO_FOREBRAIN_CELL_MIGRATION	0.2919051500824083			
SAENZ_DETOX_PATHWAY_AND_CARCINOGENESIS_DN	0.29189116406472004			
GO_SENSORY_SYSTEM_DEVELOPMENT	0.2918857829393028			
REACTOME_SIGNALING_BY_ACTIVIN	0.29187554384264014			
chr2q12	0.29186956881739073			
GO_CYTOSKELETAL_ANCHORING_AT_PLASMA_MEMBRANE	0.29184756698229103			
IPA_SIM2_UP	0.29181018066376124			
GSE41176_UNSTIM_VS_ANTI_IGM_STIM_BCELL_6H_UP	0.2917980241806063			
GO_MUSCLE_HYPERTROPHY_IN_RESPONSE_TO_STRESS	0.29174402530027016			
GO_NEGATIVE_REGULATION_OF_HORMONE_SECRETION	0.2917251324173094			
RELA_DN.V1_UP	0.2916884964798431			
GO_MUSCLE_SYSTEM_PROCESS	0.29164419441489453			
GO_NEGATIVE_REGULATION_OF_CHEMOTAXIS	0.2916330413442684			
GO_NODE_OF_RANVIER	0.2915996578467293			
GO_POSTTRANSLATIONAL_PROTEIN_TARGETING_TO_MEMBRANE_TRANSLOCATION	0.2915889375822444			
GO_NEGATIVE_REGULATION_OF_CALCINEURIN_MEDIATED_SIGNALING	0.29152571915675257			
GO_RETINAL_DEHYDROGENASE_ACTIVITY	0.29150580464126324			
GO_CELLULAR_RESPONSE_TO_CORTICOSTEROID_STIMULUS	0.29149847177323507			
GSE5589_UNSTIM_VS_45MIN_LPS_STIM_MACROPHAGE_UP	0.29149538170811456			
TSAI_DNAJB4_TARGETS_DN	0.29147716811286495			
GO_INTERLEUKIN_17_RECEPTOR_ACTIVITY	0.29146608457957424			
GO_ACETYLGLUCOSAMINYLTRANSFERASE_ACTIVITY	0.2914403657767302			
MIR4255	0.29142331512207653			
GO_NEGATIVE_REGULATION_OF_MYOBLAST_DIFFERENTIATION	0.29141822028822933			
NADELLA_PRKAR1A_TARGETS_UP	0.2913958382992227			
GO_REGULATION_OF_GUANYL_NUCLEOTIDE_EXCHANGE_FACTOR_ACTIVITY	0.29137147835851956			
JOHANSSON_GLIOMAGENESIS_BY_PDGFB_DN	0.2913696583851652			
GO_REGULATION_OF_MODIFICATION_OF_SYNAPTIC_STRUCTURE	0.29136247333460835			
GO_CONNEXIN_COMPLEX	0.2913556063256612			
GSE40277_EOS_AND_LEF1_TRANSDUCED_VS_GATA1_AND_SATB1_TRANSDUCED_CD4_TCELL_UP	0.29132158492403154			
GO_OLIGOSACCHARYL_TRANSFERASE_ACTIVITY	0.2913120570037266			
MEISSNER_BRAIN_HCP_WITH_H3K27ME3	0.2913100411457211			
GO_POSITIVE_REGULATION_OF_SMALL_MOLECULE_METABOLIC_PROCESS	0.2913082802341185			
MIR6794_5P	0.2912952857092959			
GO_REGULATION_OF_CARDIAC_EPITHELIAL_TO_MESENCHYMAL_TRANSITION	0.29129236757984284			
GO_NEGATIVE_REGULATION_OF_CANONICAL_WNT_SIGNALING_PATHWAY	0.2912743344758694			
GSE6259_FLT3L_INDUCED_VS_WT_SPLENIC_DC_33D1_POS_UP	0.2912644933306948			
VANTVEER_BREAST_CANCER_METASTASIS_UP	0.2912611806276344			
HALLMARK_FATTY_ACID_METABOLISM	0.29123581657446906			
ZHAN_EARLY_DIFFERENTIATION_GENES_UP	0.2912260428162181			
GSE9960_GRAM_POS_VS_GRAM_NEG_AND_POS_SEPSIS_PBMC_DN	0.2912069524096042			
GO_REGULATION_OF_VESICLE_SIZE	0.2911902000375058			
chr15q23	0.2911751324449939			
GO_LIPID_BIOSYNTHETIC_PROCESS	0.29115975469350086			
GO_REGULATION_OF_AXONOGENESIS	0.29114793912529147			
IPA_NOV_UP	0.2911199014407294			
GO_ENDOPLASMIC_RETICULUM_QUALITY_CONTROL_COMPARTMENT	0.29109631139622844			
REACTOME_TICAM1_TRAF6_DEPENDENT_INDUCTION_OF_TAK1_COMPLEX	0.2910786624859018			
GO_CELL_MORPHOGENESIS_INVOLVED_IN_NEURON_DIFFERENTIATION	0.2910449392431478			
GO_MACROPHAGE_PROLIFERATION	0.29104443060236324			
GO_MICROGLIAL_CELL_PROLIFERATION	0.29104443060236324			
REACTOME_SEMA3A_PAK_DEPENDENT_AXON_REPULSION	0.29102985102434215			
GSE29618_LAIV_VS_TIV_FLU_VACCINE_DAY7_BCELL_DN	0.29101835915187196			
GO_LYSOPHOSPHOLIPASE_ACTIVITY	0.2909820518845507			
GO_L_GLUTAMATE_IMPORT	0.2909729717937531			
GO_REGULATION_OF_SKELETAL_MUSCLE_TISSUE_REGENERATION	0.29095835985804414			
CCACACA_MIR147	0.2909514103231409			
IPA_MAF_DN	0.29092840455969987			
GSE17322_CD103_POS_VS_CD11B_HIGH_LUNG_DC_UP	0.2909170515065051			
GO_MIDBRAIN_DOPAMINERGIC_NEURON_DIFFERENTIATION	0.2909142726263523			
VARELA_ZMPSTE24_TARGETS_DN	0.2909126081788406			
CHIANG_LIVER_CANCER_SUBCLASS_UNANNOTATED_UP	0.2909013518020132			
GSE25088_IL4_VS_IL4_AND_ROSIGLITAZONE_STIM_STAT6_KO_MACROPHAGE_DAY10_DN	0.2908940476939836			
MIR6073	0.2908841720813344			
GO_MAGNESIUM_ION_TRANSMEMBRANE_TRANSPORTER_ACTIVITY	0.2908352376633953			
ITO_PTTG1_TARGETS_DN	0.29082723329196525			
GO_APICAL_DENDRITE	0.2908084980951021			
GO_ESTABLISHMENT_OF_ORGANELLE_LOCALIZATION	0.2907990048866917			
GSE7460_FOXP3_MUT_VS_WT_ACT_TCONV_UP	0.2907968182194471			
YIH_RESPONSE_TO_ARSENITE_C2	0.2907830575649506			
WANG_TUMOR_INVASIVENESS_DN	0.2907221017483441			
NATSUME_RESPONSE_TO_INTERFERON_BETA_UP	0.2907169377780382			
MIR216B_5P	0.29071034634220766			
IPA_ETS2_UP	0.29069414671516286			
PAX2_TARGET_GENES	0.2906931814299399			
IPA_ZEB2_DN	0.29068494477425805			
GO_STRUCTURAL_CONSTITUENT_OF_SYNAPSE	0.29067790118479864			
GSE2770_IL12_ACT_VS_ACT_CD4_TCELL_2H_UP	0.29067073491701173			
GO_CELL_ADHESION_MEDIATED_BY_INTEGRIN	0.2906510050947795			
GO_POTASSIUM_ION_BINDING	0.29064034530187777			
GO_CANONICAL_WNT_SIGNALING_PATHWAY_INVOLVED_IN_HEART_DEVELOPMENT	0.2906185765452062			
GO_POSITIVE_REGULATION_OF_AXONOGENESIS	0.2905784637234431			
GO_REGULATION_OF_BMP_SIGNALING_PATHWAY	0.29057280996888796			
GO_WNT_SIGNALOSOME	0.2905120755448045			
REACTOME_SIGNALING_BY_PDGF	0.29049561335967744			
GSE16266_CTRL_VS_HEATSHOCK_AND_LPS_STIM_MEF_UP	0.29047636916552066			
REACTOME_MISCELLANEOUS_TRANSPORT_AND_BINDING_EVENTS	0.29045411997709564			
GSE21670_UNTREATED_VS_TGFB_TREATED_STAT3_KO_CD4_TCELL_UP	0.2904348478984231			
WILCOX_RESPONSE_TO_PROGESTERONE_DN	0.2903648732306921			
GO_VIRAL_LIFE_CYCLE	0.29034807225570664			
GSE39152_BRAIN_VS_SPLEEN_CD103_NEG_MEMORY_CD8_TCELL_DN	0.29031117391948547			
GSE5589_IL6_KO_VS_IL10_KO_LPS_AND_IL10_STIM_MACROPHAGE_45MIN_UP	0.290289853185484			
GO_REGULATION_OF_PROTEIN_MODIFICATION_PROCESS	0.29028334110772874			
GO_TRANSFERRIN_TRANSPORT	0.2902776643031153			
GO_EMBRYONIC_SKELETAL_JOINT_MORPHOGENESIS	0.2902720248252382			
GO_REGULATION_OF_STEM_CELL_DIFFERENTIATION	0.2902460528320721			
GO_REGULATION_OF_CENTRIOLE_ELONGATION	0.2902374144287093			
GO_ENDOPEPTIDASE_ACTIVITY	0.29023127757645967			
GSE36476_CTRL_VS_TSST_ACT_16H_MEMORY_CD4_TCELL_OLD_DN	0.29019993274449485			
GSE24634_TEFF_VS_TCONV_DAY3_IN_CULTURE_DN	0.29018564680433956			
CREBP1CJUN_01	0.29018193077919574			
BARRIER_CANCER_RELAPSE_TUMOR_SAMPLE_UP	0.2901444992757127			
LMNB2_TARGET_GENES	0.2901353621009253			
GO_REGULATION_OF_HAIR_FOLLICLE_DEVELOPMENT	0.2901319378602146			
MIR5094	0.2901158102274334			
ZHAN_MULTIPLE_MYELOMA_MF_UP	0.2900904326099038			
SCHAVOLT_TARGETS_OF_TP53_AND_TP63	0.290087001114366			
GO_NEURON_DIFFERENTIATION	0.290075448973694			
GSE29164_UNTREATED_VS_CD8_TCELL_AND_IL12_TREATED_MELANOMA_DAY3_UP	0.29005404863860507			
GO_MYELIN_SHEATH	0.2900517776875525			
BIOCARTA_RANKL_PATHWAY	0.2900421009619295			
GO_REGULATION_OF_LONG_TERM_SYNAPTIC_POTENTIATION	0.29003892508807005			
GSE17721_CTRL_VS_CPG_6H_BMDC_DN	0.29003701970452345			
WONG_ENDMETRIUM_CANCER_UP	0.2899988957742629			
MIR33B_3P	0.2899916316269569			
GSE32986_UNSTIM_VS_GMCSF_STIM_DC_DN	0.2899912148649332			
GSE25677_R848_VS_MPL_AND_R848_STIM_BCELL_UP	0.289982406346958			
GSE3982_NEUTROPHIL_VS_CENT_MEMORY_CD4_TCELL_UP	0.2899383986053574			
GO_NEUROFIBRILLARY_TANGLE	0.28993809894039374			
GSE45365_NK_CELL_VS_CD8A_DC_UP	0.2899069430189696			
GSE3982_MEMORY_CD4_TCELL_VS_BCELL_UP	0.2899016541698408			
GO_FILOPODIUM_TIP	0.2899002616673721			
GO_CELL_PROLIFERATION_IN_MIDBRAIN	0.28989872669861205			
CREIGHTON_ENDOCRINE_THERAPY_RESISTANCE_4	0.2898733782610967			
GRAESSMANN_APOPTOSIS_BY_DOXORUBICIN_DN	0.28985996597348146			
GO_REGULATION_OF_POSTSYNAPTIC_NEUROTRANSMITTER_RECEPTOR_INTERNALIZATION	0.28985747833539743			
CHOI_ATL_ACUTE_STAGE	0.28984932269698094			
GO_ANCHORED_COMPONENT_OF_MEMBRANE	0.28984922628736787			
GSE14308_INDUCED_VS_NATURAL_TREG_UP	0.2898441021701964			
GSE1460_CD4_THYMOCYTE_VS_NAIVE_CD4_TCELL_ADULT_BLOOD_DN	0.28983473766088375			
GO_PULMONARY_VALVE_DEVELOPMENT	0.2898313531696275			
GSE30971_CTRL_VS_LPS_STIM_MACROPHAGE_WBP7_HET_4H_DN	0.289828862531603			
HONMA_DOCETAXEL_RESISTANCE	0.28981361106454806			
GO_ACID_SECRETION	0.2897474668377292			
MIR3685	0.2897010018797456			
GO_STEROL_BINDING	0.2896975871586692			
KOMMAGANI_TP63_GAMMA_TARGETS	0.28969483375358906			
IPA_MYC_DN	0.2896655101783364			
GO_GROWTH_PLATE_CARTILAGE_CHONDROCYTE_DIFFERENTIATION	0.2896457918518718			
GO_G_PROTEIN_COUPLED_RECEPTOR_BINDING	0.28964294399159407			
IPA_TFDP1_DN	0.2896389266244162			
IPA_UBE2B_UP	0.2896389266244162			
AIGNER_ZEB1_TARGETS	0.28961275536212333			
MIR509_3P	0.2895902957851189			
WENG_POR_TARGETS_LIVER_UP	0.2895889033061955			
DUTERTRE_ESTRADIOL_RESPONSE_6HR_UP	0.2895842898135267			
GSE40274_LEF1_VS_FOXP3_AND_LEF1_TRANSDUCED_ACTIVATED_CD4_TCELL_UP	0.2895514755586965			
REACTOME_SIGNALING_BY_NOTCH4	0.289544326529702			
GO_MITOCHONDRION_MORPHOGENESIS	0.2895410510968545			
CBX7_TARGET_GENES	0.2894934281831833			
KEGG_VIBRIO_CHOLERAE_INFECTION	0.28947194358604766			
GO_COLLAGEN_FIBRIL_ORGANIZATION	0.2894341819142786			
GRAHAM_CML_QUIESCENT_VS_CML_DIVIDING_UP	0.2894065515763791			
GSE15330_MEGAKARYOCYTE_ERYTHROID_VS_GRANULOCYTE_MONOCYTE_PROGENITOR_UP	0.2893729231672997			
ONDER_CDH1_TARGETS_3_UP	0.28936686624320795			
GSE17721_LPS_VS_CPG_6H_BMDC_UP	0.2893613320485826			
GSE13522_WT_VS_IFNAR_KO_SKIN_DN	0.2893423309709696			
GSE40655_FOXO1_KO_VS_WT_NTREG_DN	0.2893349748052312			
WANG_ESOPHAGUS_CANCER_VS_NORMAL_UP	0.2893342619151134			
GO_LOCOMOTORY_BEHAVIOR	0.2893339349983241			
MXD1_TARGET_GENES	0.289296051626646			
GO_POSITIVE_REGULATION_OF_EARLY_ENDOSOME_TO_LATE_ENDOSOME_TRANSPORT	0.289291215160018			
GO_UTERUS_DEVELOPMENT	0.2892891109451312			
GO_ENDOTHELIAL_CELL_FATE_COMMITMENT	0.289232287250236			
GO_CARDIAC_SEPTUM_MORPHOGENESIS	0.289226636261222			
GO_BODY_MORPHOGENESIS	0.2892149873408339			
GO_PHARYNGEAL_SYSTEM_DEVELOPMENT	0.28920815077262796			
GSE21927_GMCSF_IL6_VS_GMCSF_GCSF_TREATED_BONE_MARROW_UP	0.28920648583908354			
REACTOME_GAMMA_CARBOXYLATION_HYPUSINE_FORMATION_AND_ARYLSULFATASE_ACTIVATION	0.2891972195773747			
KRISHNAN_FURIN_TARGETS_UP	0.28918584782414275			
GSE23308_CTRL_VS_CORTICOSTERONE_TREATED_MACROPHAGE_UP	0.28917916770973634			
GO_BRUSH_BORDER_MEMBRANE	0.28916579820524846			
GSE23568_ID3_TRANSDUCED_VS_ID3_KO_CD8_TCELL_UP	0.28914425978222347			
GSE28737_BCL6_HET_VS_BCL6_KO_FOLLICULAR_BCELL_UP	0.289132821403016			
GO_ACUTE_PHASE_RESPONSE	0.2891323228726713			
PID_TCPTP_PATHWAY	0.2890903536182665			
GO_BLOOD_MICROPARTICLE	0.289067498306241			
GO_ACTIVATION_OF_PROTEIN_KINASE_ACTIVITY	0.2890423277692511			
SMID_BREAST_CANCER_RELAPSE_IN_BONE_UP	0.28898532502962876			
GSE43957_UNTREATED_VS_NACL_TREATED_ANTI_CD3_CD28_STIM_CD4_TCELL_UP	0.28897510814239946			
GO_ENDODERMAL_CELL_FATE_COMMITMENT	0.28894449119102283			
CDX1_TARGET_GENES	0.28893092532491704			
GO_PLATELET_DENSE_GRANULE	0.2889167214053614			
GO_REGULATION_OF_BLOOD_CIRCULATION	0.28888191612626635			
GO_LEUKOCYTE_MEDIATED_IMMUNITY	0.2888766934912245			
GO_NECROTIC_CELL_DEATH	0.28886725102769084			
GO_CHANNEL_INHIBITOR_ACTIVITY	0.28884958441167724			
GO_MUSCLE_CELL_PROLIFERATION	0.2888203290277811			
GO_RETINOL_DEHYDROGENASE_ACTIVITY	0.28880946822876813			
GO_PHOSPHATIDYLCHOLINE_BIOSYNTHETIC_PROCESS	0.28880875536697537			
GO_ORGANIC_ACID_METABOLIC_PROCESS	0.28879986542929714			
GSE18281_CORTICAL_VS_MEDULLARY_THYMOCYTE_UP	0.2887779239116901			
GO_POSITIVE_REGULATION_OF_TRANSMEMBRANE_RECEPTOR_PROTEIN_SERINE_THREONINE_KINASE_SIGNALING_PATHWAY	0.2887515526051538			
CREB_02	0.28872976777724063			
HALLMARK_IL2_STAT5_SIGNALING	0.2887207024405896			
GO_VACUOLE	0.28870346397380997			
GO_VENOUS_BLOOD_VESSEL_MORPHOGENESIS	0.28867672564335106			
IPA_DLX5_DN	0.28864837776516633			
IPA_SALL1_UP	0.28864837776516633			
GO_ENDOLYSOSOME	0.2886475611196815			
GO_ANTERIOR_COMMISSURE_MORPHOGENESIS	0.2886462024035401			
LI_CISPLATIN_RESISTANCE_UP	0.288634791333372			
GO_CELLULAR_RESPONSE_TO_TOXIC_SUBSTANCE	0.28862792570079215			
GO_RETINOIC_ACID_METABOLIC_PROCESS	0.2886216076890077			
GO_LAYER_FORMATION_IN_CEREBRAL_CORTEX	0.2886179369941176			
RNCTGNYNRNCTGNY_UNKNOWN	0.28861523586853405			
GO_ANTIGEN_PROCESSING_AND_PRESENTATION_OF_ENDOGENOUS_ANTIGEN	0.2885772518459842			
GO_MEMBRANE_LIPID_CATABOLIC_PROCESS	0.2885577179462158			
GSE11057_CD4_CENT_MEM_VS_PBMC_DN	0.2885469826452322			
GO_DISACCHARIDE_METABOLIC_PROCESS	0.2885350409709482			
GSE17721_POLYIC_VS_PAM3CSK4_0.5H_BMDC_DN	0.2885086307928396			
REACTOME_FATTY_ACID_METABOLISM	0.28849935304392665			
GSE19923_E2A_KO_VS_E2A_AND_HEB_KO_DP_THYMOCYTE_DN	0.28849747058191105			
SANSOM_WNT_PATHWAY_REQUIRE_MYC	0.28849677210270186			
REACTOME_ARACHIDONIC_ACID_METABOLISM	0.28848825750654655			
IPA_SMAD1_DN	0.28842972692173774			
GO_CELL_ACTIVATION_INVOLVED_IN_IMMUNE_RESPONSE	0.2884242946989103			
GSE17721_LPS_VS_GARDIQUIMOD_1H_BMDC_UP	0.2884220362324105			
GO_ACTIN_FILAMENT_BASED_TRANSPORT	0.2883728975120984			
GO_VESICLE_COAT	0.28836832958557096			
GO_OXIDOREDUCTASE_ACTIVITY_OXIDIZING_METAL_IONS_OXYGEN_AS_ACCEPTOR	0.2883592918176806			
GSE6259_33D1_POS_VS_DEC205_POS_FLT3L_INDUCED_SPLENIC_DC_UP	0.2883549379619737			
MIR19B_3P	0.2883487166639194			
REACTOME_INTERLEUKIN_1_SIGNALING	0.2883454403328995			
GO_VENOUS_BLOOD_VESSEL_DEVELOPMENT	0.28834352908635513			
REACTOME_NOTCH2_ACTIVATION_AND_TRANSMISSION_OF_SIGNAL_TO_THE_NUCLEUS	0.2883270963252359			
GO_SENSORY_ORGAN_DEVELOPMENT	0.2883154962849487			
MIR6858_3P	0.28829356157406344			
GO_CELLULAR_DETOXIFICATION	0.28825058284937716			
ABBUD_LIF_SIGNALING_1_DN	0.28824536431789244			
EGFR_UP.V1_DN	0.28821236459457517			
VALK_AML_WITH_EVI1	0.2881917650878557			
chr5q11	0.28814944351740135			
MIR4525	0.28808314168358584			
GO_MUSCLE_TISSUE_DEVELOPMENT	0.2880738329834229			
GO_RECEPTOR_COMPLEX	0.2880654159102847			
GO_CELLULAR_RESPONSE_TO_IRON_ION	0.2880481040252567			
GO_NEGATIVE_REGULATION_OF_CELL_JUNCTION_ASSEMBLY	0.28804518916007366			
GO_NEGATIVE_REGULATION_OF_VIRAL_ENTRY_INTO_HOST_CELL	0.28803907917639865			
GO_POSITIVE_REGULATION_OF_STRESS_ACTIVATED_PROTEIN_KINASE_SIGNALING_CASCADE	0.28801660551097785			
GO_AMMONIUM_ION_METABOLIC_PROCESS	0.28792985071797855			
GO_NEGATIVE_REGULATION_OF_VASCULATURE_DEVELOPMENT	0.2879249830172305			
SRF_Q5_01	0.28790509160576117			
GO_REGULATION_OF_SYSTEMIC_ARTERIAL_BLOOD_PRESSURE_MEDIATED_BY_A_CHEMICAL_SIGNAL	0.2878866849958059			
GO_POSITIVE_REGULATION_OF_CELL_GROWTH	0.28788634543148445			
GO_ENDOSOME_LUMEN	0.28784597240567267			
GO_UNSATURATED_FATTY_ACID_BIOSYNTHETIC_PROCESS	0.2877945361238383			
GSE11924_TH1_VS_TH17_CD4_TCELL_DN	0.28779002527226855			
GSE29615_CTRL_VS_DAY3_LAIV_IFLU_VACCINE_PBMC_UP	0.2877574221695899			
GRAHAM_CML_DIVIDING_VS_NORMAL_QUIESCENT_DN	0.28775282908564154			
GO_ANTIGEN_PROCESSING_AND_PRESENTATION_OF_PEPTIDE_ANTIGEN_VIA_MHC_CLASS_I	0.2877405852625338			
GO_CEREBELLAR_PURKINJE_CELL_GRANULE_CELL_PRECURSOR_CELL_SIGNALING_INVOLVED_IN_REGULATION_OF_GRANULE_CELL_PRECURSOR_CELL_PROLIFERATION	0.2877086916304995			
NR2E3_TARGET_GENES	0.2877061363926246			
DORN_ADENOVIRUS_INFECTION_48HR_UP	0.2876684571541709			
GO_LIPID_STORAGE	0.2876631954118076			
GSE14908_ATOPIC_VS_NONATOPIC_PATIENT_RESTING_CD4_TCELL_UP	0.28766277222763725			
GSE13485_CTRL_VS_DAY3_YF17D_VACCINE_PBMC_UP	0.2876612720042468			
GO_RESPONSE_TO_X_RAY	0.28766116900529476			
GO_POSITIVE_REGULATION_OF_INTRACELLULAR_TRANSPORT	0.2876461773161871			
PID_TNF_PATHWAY	0.28764414578062514			
GSE28737_WT_VS_BCL6_KO_MARGINAL_ZONE_BCELL_UP	0.2876340356550289			
KEGG_PATHOGENIC_ESCHERICHIA_COLI_INFECTION	0.287569748054586			
GSE17721_LPS_VS_POLYIC_16H_BMDC_DN	0.2875634098547171			
WANG_IMMORTALIZED_BY_HOXA9_AND_MEIS1_UP	0.2875523948724813			
GO_DENDRITE_MORPHOGENESIS	0.28753906657955713			
TORCHIA_TARGETS_OF_EWSR1_FLI1_FUSION_UP	0.2875373893965263			
GSE40277_GATA1_AND_SATB1_TRANSDUCED_VS_CTRL_CD4_TCELL_UP	0.28746605136963904			
MIR8083	0.2874645066218159			
GSE10325_CD4_TCELL_VS_MYELOID_DN	0.28745321513484134			
AZARE_STAT3_TARGETS	0.2874487130033927			
GO_TRANSFORMING_GROWTH_FACTOR_BETA_BINDING	0.28741763232205503			
SCHMAHL_PDGF_SIGNALING	0.2874094140906508			
ZEILSTRA_CD44_TARGETS_DN	0.2873620649114177			
GO_XENOBIOTIC_METABOLIC_PROCESS	0.28736182453582715			
GO_POSITIVE_REGULATION_OF_NUCLEOTIDE_METABOLIC_PROCESS	0.287346408659489			
GSE25088_ROSIGLITAZONE_VS_IL4_AND_ROSIGLITAZONE_STIM_MACROPHAGE_DAY10_UP	0.2873359717744794			
GO_FOREBRAIN_REGIONALIZATION	0.2872577943064389			
REACTOME_TNF_RECEPTOR_SUPERFAMILY_TNFSF_MEMBERS_MEDIATING_NON_CANONICAL_NF_KB_PATHWAY	0.2872336146605037			
GSE24634_NAIVE_CD4_TCELL_VS_DAY10_IL4_CONV_TREG_UP	0.28720009760889614			
GSE7568_CTRL_VS_24H_TGFB_TREATED_MACROPHAGES_WITH_IL4_AND_DEXAMETHASONE_DN	0.28718843498065194			
GO_MUSCLE_CONTRACTION	0.2871704856528148			
GSE21360_NAIVE_VS_PRIMARY_MEMORY_CD8_TCELL_DN	0.28716486542974096			
GO_STEROID_METABOLIC_PROCESS	0.2871602943975613			
GSE2706_R848_VS_R848_AND_LPS_8H_STIM_DC_UP	0.2871574483678574			
MIR371A_3P	0.2871561390230083			
PID_VEGF_VEGFR_PATHWAY	0.2871549836025409			
GO_RAS_PROTEIN_SIGNAL_TRANSDUCTION	0.28714396757928073			
REACTOME_ATTENUATION_PHASE	0.28713663345507195			
GSE15659_CD45RA_NEG_CD4_TCELL_VS_ACTIVATED_TREG_UP	0.28710070682963673			
GSE15330_HSC_VS_MEGAKARYOCYTE_ERYTHROID_PROGENITOR_IKAROS_KO_DN	0.2870940843792589			
TRAYNOR_RETT_SYNDROM_UP	0.2870831826787003			
GSE12003_MIR223_KO_VS_WT_BM_PROGENITOR_4D_CULTURE_DN	0.2870647860762364			
GO_SODIUM_CHANNEL_REGULATOR_ACTIVITY	0.28705446620049113			
GO_MEMBRANE_COAT	0.287039423439047			
GSE6259_FLT3L_INDUCED_33D1_POS_DC_VS_CD8_TCELL_DN	0.2870300848171335			
GSE10422_WT_VS_BAFF_TRANSGENIC_LN_BCELL_DN	0.2870250454430316			
NKX2_2_TARGET_GENES	0.2870190344125545			
GO_C4_DICARBOXYLATE_TRANSPORT	0.28701858277053954			
NKX2_8_TARGET_GENES	0.28700897780220697			
GO_NEGATIVE_REGULATION_OF_SIGNAL_TRANSDUCTION_IN_ABSENCE_OF_LIGAND	0.286974980012894			
GO_BETA_CATENIN_DESTRUCTION_COMPLEX_DISASSEMBLY	0.28696455992849823			
MIR760	0.2869441034727473			
SMID_BREAST_CANCER_RELAPSE_IN_BRAIN_UP	0.28692856816380075			
GO_REGULATION_OF_KETONE_BIOSYNTHETIC_PROCESS	0.286896242257529			
IPA_REST_DN	0.2868562212417682			
GO_SPHINGOMYELIN_METABOLIC_PROCESS	0.2868548101881973			
GO_NEGATIVE_CHEMOTAXIS	0.2868398416906875			
PETROVA_PROX1_TARGETS_DN	0.28682166949348054			
GSE32034_LY6C_HIGH_VS_LOW_ROSIGLIZATONE_TREATED_MONOCYTE_DN	0.28681110565863516			
BOYLAN_MULTIPLE_MYELOMA_C_D_DN	0.2868088246640656			
TIEN_INTESTINE_PROBIOTICS_6HR_UP	0.28677579772668443			
GO_NOTCH_SIGNALING_INVOLVED_IN_HEART_DEVELOPMENT	0.28672801438347734			
MIR19A_3P	0.2867219511902485			
GO_FUCOSYLTRANSFERASE_ACTIVITY	0.28668211151869166			
GO_CELLULAR_RESPONSE_TO_INSULIN_STIMULUS	0.2866812600076203			
EHLERS_ANEUPLOIDY_DN	0.2866681555822992			
GO_PATHWAY_RESTRICTED_SMAD_PROTEIN_PHOSPHORYLATION	0.2866123936355348			
GO_PHOSPHATIDYLSERINE_BINDING	0.2866101111561681			
GO_LIPID_PHOSPHATASE_ACTIVITY	0.2865906189771413			
GSE30971_CTRL_VS_LPS_STIM_MACROPHAGE_WBP7_HET_4H_UP	0.28655040265633036			
GO_PLASMA_LIPOPROTEIN_PARTICLE_CLEARANCE	0.2865059490180426			
LIU_VAV3_PROSTATE_CARCINOGENESIS_DN	0.28649093181369717			
SMITH_LIVER_CANCER	0.28647463281238983			
GO_NEGATIVE_REGULATION_OF_FATTY_ACID_TRANSPORT	0.2864459092067255			
GO_NEGATIVE_REGULATION_OF_IMMUNE_EFFECTOR_PROCESS	0.286440895956078			
LEE_METASTASIS_AND_ALTERNATIVE_SPLICING_DN	0.2864397168025625			
IPA_ZEB1_UP	0.28642832813833413			
GO_CALCIUM_CHANNEL_INHIBITOR_ACTIVITY	0.28641427900440475			
GSE1791_CTRL_VS_NEUROMEDINU_IN_T_CELL_LINE_3H_DN	0.2864043398199647			
GATA3_01	0.2863935473283821			
GO_REGULATION_OF_GLIAL_CELL_APOPTOTIC_PROCESS	0.28639309725327966			
HOSHIDA_LIVER_CANCER_SURVIVAL_UP	0.28636678721590847			
GO_CELLULAR_RESPONSE_TO_STEROID_HORMONE_STIMULUS	0.2863613991953772			
GSE22886_DAY1_VS_DAY7_MONOCYTE_IN_CULTURE_DN	0.2863600873593422			
MULLIGHAN_NPM1_SIGNATURE_3_UP	0.28635819975606724			
GO_POSITIVE_REGULATION_OF_PLASMINOGEN_ACTIVATION	0.2863376314637085			
GO_POSITIVE_REGULATION_OF_ACTIN_NUCLEATION	0.2863276741636055			
KEGG_PHENYLALANINE_METABOLISM	0.2862462797066037			
GSE22140_HEALTHY_VS_ARTHRITIC_GERMFREE_MOUSE_CD4_TCELL_DN	0.2862236137719992			
GSE17721_CTRL_VS_CPG_12H_BMDC_DN	0.28622231213542476			
GSE40274_FOXP3_VS_FOXP3_AND_LEF1_TRANSDUCED_ACTIVATED_CD4_TCELL_UP	0.28621669564954394			
GO_PROTEOGLYCAN_BIOSYNTHETIC_PROCESS	0.2862089923388028			
GO_AUTOPHAGOSOME_MEMBRANE	0.2861860212125105			
GSE17721_PAM3CSK4_VS_GADIQUIMOD_24H_BMDC_UP	0.28615741348458057			
GSE22886_NAIVE_CD8_TCELL_VS_NEUTROPHIL_DN	0.2861513929866527			
GO_GLUCOCORTICOID_BIOSYNTHETIC_PROCESS	0.28613464256714266			
GO_OLIGOSACCHARYLTRANSFERASE_COMPLEX	0.28612920518161666			
GSE24726_WT_VS_E2_22_KO_PDC_DAY4_POST_DELETION_DN	0.2861192088723287			
BEGUM_TARGETS_OF_PAX3_FOXO1_FUSION_AND_PAX3	0.28611284530829556			
GO_REGULATION_OF_T_HELPER_1_CELL_CYTOKINE_PRODUCTION	0.2861049749727536			
MIR218_1_3P	0.28610402764881615			
GO_INTRACELLULAR_RECEPTOR_SIGNALING_PATHWAY	0.2860921054614579			
GO_DENDRITIC_SHAFT	0.28608687031913993			
GO_SERINE_TYPE_EXOPEPTIDASE_ACTIVITY	0.2860758900378356			
MIR3188	0.2860473295042063			
GO_NEGATIVE_REGULATION_OF_NITRIC_OXIDE_SYNTHASE_BIOSYNTHETIC_PROCESS	0.28602444485044054			
GSE14699_DELETIONAL_TOLERANCE_VS_ACTIVATED_CD8_TCELL_UP	0.28599195236992825			
GSE17721_0.5H_VS_4H_GARDIQUIMOD_BMDC_DN	0.2859845229772661			
GO_OXIDOREDUCTASE_ACTIVITY_ACTING_ON_NAD_P_H	0.2859427291810653			
MIR3085_5P	0.28593354253306436			
REACTOME_SIGNALING_BY_RETINOIC_ACID	0.28591497076165545			
GO_POST_EMBRYONIC_ANIMAL_ORGAN_DEVELOPMENT	0.28585669651273676			
DORN_ADENOVIRUS_INFECTION_24HR_UP	0.28585308884671673			
FARMER_BREAST_CANCER_CLUSTER_7	0.2858449798793837			
GO_PROTEIN_PHOSPHATASE_ACTIVATOR_ACTIVITY	0.2858199578579185			
GO_RESPONSE_TO_TUMOR_CELL	0.28575479286822747			
GO_PIGMENT_GRANULE_MATURATION	0.2857374085927817			
GO_ATP_DEPENDENT_MICROTUBULE_MOTOR_ACTIVITY	0.28573543380033184			
REACTOME_ERKS_ARE_INACTIVATED	0.28571906053236956			
GO_MORPHOGENESIS_OF_AN_EPITHELIAL_BUD	0.28568755714767374			
SIPA1_TARGET_GENES	0.2856358738322209			
GSE17721_CTRL_VS_LPS_12H_BMDC_DN	0.2856310970604959			
GSE19941_UNSTIM_VS_LPS_STIM_IL10_KO_MACROPHAGE_UP	0.2856303626227609			
GO_PORPHYRIN_CONTAINING_COMPOUND_METABOLIC_PROCESS	0.28562476204817877			
GO_COLLAGEN_ACTIVATED_SIGNALING_PATHWAY	0.28561627473404605			
GO_REGULATION_OF_EPITHELIAL_TO_MESENCHYMAL_TRANSITION_INVOLVED_IN_ENDOCARDIAL_CUSHION_FORMATION	0.2856050484949135			
GO_ANDROGEN_METABOLIC_PROCESS	0.28557224314150076			
GO_GPI_ANCHOR_TRANSAMIDASE_ACTIVITY	0.2855647159831325			
GO_GPI_ANCHOR_TRANSAMIDASE_COMPLEX	0.2855647159831325			
NAB2_TARGET_GENES	0.2855421424485216			
SWEET_LUNG_CANCER_KRAS_DN	0.285513478872018			
HOLLERN_PAPILLARY_BREAST_TUMOR	0.2854970854133347			
GO_REGULATION_OF_STRIATED_MUSCLE_CONTRACTION	0.2854756295312895			
REACTOME_FERTILIZATION	0.28544868911319843			
GO_INTERLEUKIN_1_RECEPTOR_BINDING	0.28543743603535066			
REACTOME_RAB_GEFS_EXCHANGE_GTP_FOR_GDP_ON_RABS	0.28543006218685363			
GO_REGULATION_OF_INTRINSIC_APOPTOTIC_SIGNALING_PATHWAY_IN_RESPONSE_TO_DNA_DAMAGE	0.28538281029960627			
GO_STEM_CELL_PROLIFERATION	0.28537520738045213			
SCHAEFFER_PROSTATE_DEVELOPMENT_AND_CANCER_BOX3	0.2853656425567925			
KAECH_NAIVE_VS_DAY8_EFF_CD8_TCELL_DN	0.2853326777183729			
GSE19198_1H_VS_6H_IL21_TREATED_TCELL_DN	0.2853148295034496			
REACTOME_ACTIVATION_OF_RAC1	0.28529771448674895			
GSE27786_LSK_VS_BCELL_UP	0.2852794313156294			
MIR10526_3P	0.28526695726484275			
GAL_LEUKEMIC_STEM_CELL_UP	0.2852606584563549			
GSE32986_CURDLAN_LOWDOSE_VS_CURDLAN_HIGHDOSE_STIM_DC_DN	0.28526058627620404			
CDPCR1_01	0.28523876675826676			
MATZUK_FERTILIZATION	0.285213875226825			
GO_NEGATIVE_REGULATION_OF_PEPTIDYL_TYROSINE_PHOSPHORYLATION	0.28519002999548304			
GO_AUTOPHAGY_OF_MITOCHONDRION	0.28518187839871506			
MIR6827_5P	0.28516937062507025			
GSE3565_CTRL_VS_LPS_INJECTED_SPLENOCYTES_UP	0.28516028103379204			
GO_ACYLGLYCEROL_LIPASE_ACTIVITY	0.285155511190849			
IPA_KMT2D_UP	0.28515380884460745			
GO_EAR_DEVELOPMENT	0.2851425340013051			
GO_REGULATION_OF_BRANCHING_INVOLVED_IN_LUNG_MORPHOGENESIS	0.28513252017095086			
REACTOME_THE_CANONICAL_RETINOID_CYCLE_IN_RODS_TWILIGHT_VISION	0.2851223376035026			
GSE43955_TH0_VS_TGFB_IL6_TH17_ACT_CD4_TCELL_52H_UP	0.28511123089457263			
GO_NUCLEOTIDE_SUGAR_BIOSYNTHETIC_PROCESS	0.28508323771031696			
MIR5010_5P	0.28507090503877214			
IPA_MEIS2_UP	0.2850680708599348			
GSE339_CD8POS_VS_CD4CD8DN_DC_UP	0.2850263818818559			
MIR6134	0.28500965312062143			
GO_MYOBLAST_MIGRATION	0.28500813766134836			
KYNG_ENVIRONMENTAL_STRESS_RESPONSE_NOT_BY_GAMMA_IN_WS	0.28494114146868277			
VECCHI_GASTRIC_CANCER_ADVANCED_VS_EARLY_UP	0.2849371216949204			
REACTOME_CIRCADIAN_CLOCK	0.2848989391253502			
GO_FATTY_ACID_BIOSYNTHETIC_PROCESS	0.2848871102405708			
GO_REGULATION_OF_DENDRITE_DEVELOPMENT	0.28487413973088327			
GO_COMMON_PARTNER_SMAD_PROTEIN_PHOSPHORYLATION	0.28486918883108464			
GSE17721_POLYIC_VS_GARDIQUIMOD_1H_BMDC_DN	0.28486868807216587			
GO_TERTIARY_ALCOHOL_METABOLIC_PROCESS	0.28486791919314625			
GOUYER_TATI_TARGETS_DN	0.2848500399579803			
GSE5542_IFNG_VS_IFNA_AND_IFNG_TREATED_EPITHELIAL_CELLS_6H_DN	0.28484662629244595			
HAHTOLA_MYCOSIS_FUNGOIDES_SKIN_DN	0.2848314582713098			
GO_ARP2_3_COMPLEX_BINDING	0.2848064500148392			
GO_FACIAL_NERVE_MORPHOGENESIS	0.2848004707887092			
GO_INSULIN_LIKE_GROWTH_FACTOR_RECEPTOR_SIGNALING_PATHWAY	0.28479318715891944			
IPA_SMAD5_DN	0.2847444372154285			
GO_JNK_CASCADE	0.28471675357123544			
GO_ENZYME_REGULATOR_ACTIVITY	0.2847004967883061			
MIR103B	0.28469246306671775			
MIR4322	0.28468002217379046			
GO_SMALL_MOLECULE_METABOLIC_PROCESS	0.2846454449968658			
GO_REGULATION_OF_HIPPO_SIGNALING	0.2846378158153614			
GO_REGULATION_OF_NEURON_PROJECTION_REGENERATION	0.28463382161210227			
GO_RESPONSE_TO_INCREASED_OXYGEN_LEVELS	0.28460596039097014			
GSE41867_DAY6_VS_DAY15_LCMV_ARMSTRONG_EFFECTOR_CD8_TCELL_UP	0.28460134088000066			
LEF1_UP.V1_UP	0.28459730292272245			
GO_AMINE_CATABOLIC_PROCESS	0.2845864691696044			
BIOCARTA_PEPI_PATHWAY	0.2845756533503656			
CAGGTA_AREB6_01	0.28455175992253895			
GO_POSITIVE_REGULATION_OF_NON_CANONICAL_WNT_SIGNALING_PATHWAY	0.2845480979734797			
GO_RESPONSE_TO_EXTRACELLULAR_STIMULUS	0.28453327470111356			
REACTOME_INNATE_IMMUNE_SYSTEM	0.2845165245281862			
GSE22935_WT_VS_MYD88_KO_MACROPHAGE_DN	0.28449783440464715			
GSE10325_MYELOID_VS_LUPUS_MYELOID_DN	0.2844976016919882			
ZNF507_TARGET_GENES	0.28449745294234974			
GO_NEGATIVE_REGULATION_OF_MONOCYTE_CHEMOTAXIS	0.28448562586286413			
GO_DORSAL_VENTRAL_AXIS_SPECIFICATION	0.2844537339949038			
MCCOLLUM_GELDANAMYCIN_RESISTANCE_DN	0.2844405326406238			
GSE360_CTRL_VS_L_DONOVANI_MAC_DN	0.28442619909898753			
GO_NEGATIVE_REGULATION_OF_DEVELOPMENTAL_PROCESS	0.28441400102979225			
GO_INTERMEMBRANE_LIPID_TRANSFER	0.28438134711134405			
GO_POSITIVE_REGULATION_OF_INSULIN_SECRETION_INVOLVED_IN_CELLULAR_RESPONSE_TO_GLUCOSE_STIMULUS	0.28436059499442967			
GO_POSITIVE_REGULATION_OF_DEFENSE_RESPONSE	0.2843272180951559			
MIR7853_5P	0.28431789486998943			
GSE7460_FOXP3_MUT_VS_WT_ACT_WITH_TGFB_TCONV_UP	0.28429963164269784			
REACTOME_VEGF_LIGAND_RECEPTOR_INTERACTIONS	0.2842979794212593			
LIM_MAMMARY_LUMINAL_PROGENITOR_UP	0.2842977338439797			
GO_SULFURIC_ESTER_HYDROLASE_ACTIVITY	0.2842639240846147			
MIR4766_3P	0.2842602535821357			
MIKHAYLOVA_OXIDATIVE_STRESS_RESPONSE_VIA_VHL_DN	0.28425166952923836			
GO_POSITIVE_REGULATION_OF_BONE_RESORPTION	0.2842419921142434			
GSE45365_WT_VS_IFNAR_KO_CD8A_DC_DN	0.2842058943510025			
GO_REGULATION_OF_TUBE_SIZE	0.2842043832133795			
GO_CARDIAC_SEPTUM_DEVELOPMENT	0.2842022168293554			
GO_POSITIVE_REGULATION_OF_HORMONE_METABOLIC_PROCESS	0.2841611333377323			
REACTOME_MYOCLONIC_EPILEPSY_OF_LAFORA	0.28414091927926177			
GO_POSITIVE_REGULATION_OF_BONE_MINERALIZATION	0.2841289935777473			
GO_LEADING_EDGE_MEMBRANE	0.28411180452916773			
SIRNA_EIF4GI_UP	0.2840788321055146			
GO_ZYMOGEN_GRANULE_MEMBRANE	0.2840749668458181			
GO_CARDIOBLAST_PROLIFERATION	0.2840560057074152			
GO_CELLULAR_RESPONSE_TO_ACIDIC_PH	0.2840482960732027			
GO_PROTEASOME_BINDING	0.284044524758477			
REACTOME_DISEASES_OF_SIGNAL_TRANSDUCTION_BY_GROWTH_FACTOR_RECEPTORS_AND_SECOND_MESSENGERS	0.28403969696471587			
GSE22935_UNSTIM_VS_24H_MBOVIS_BCG_STIM_MACROPHAGE_DN	0.28402933557156623			
GO_MULTICELLULAR_ORGANISMAL_HOMEOSTASIS	0.2840272894855262			
GO_PHOSPHATIDATE_PHOSPHATASE_ACTIVITY	0.28402658736680636			
GSE8835_HEALTHY_VS_CLL_CD8_TCELL_DN	0.28401061819425216			
MIR605_5P	0.28400171375704353			
YAO_TEMPORAL_RESPONSE_TO_PROGESTERONE_CLUSTER_5	0.2840007833845186			
IPA_RUNX2_DN	0.28399719956937836			
MIR7706	0.2839774836207482			
REACTOME_METABOLISM_OF_WATER_SOLUBLE_VITAMINS_AND_COFACTORS	0.28396225000560166			
GO_POSITIVE_REGULATION_OF_ERAD_PATHWAY	0.2839360903649905			
GSE41867_DAY6_VS_DAY8_LCMV_ARMSTRONG_EFFECTOR_CD8_TCELL_UP	0.28390589517834924			
GO_CENTRIOLE_ELONGATION	0.28390166488717505			
GSE17186_MEMORY_VS_CD21HIGH_TRANSITIONAL_BCELL_UP	0.28388810603531917			
MIR4265	0.2838838437080885			
GO_POSITIVE_REGULATION_OF_NEURAL_PRECURSOR_CELL_PROLIFERATION	0.283818644187064			
GO_REGULATION_OF_GASTRULATION	0.28380553679424003			
GO_POSITIVE_REGULATION_OF_P38MAPK_CASCADE	0.2837985039209521			
GSE17721_CTRL_VS_PAM3CSK4_24H_BMDC_UP	0.28379778903821645			
GO_SMAD_BINDING	0.28379537092870394			
GO_CHEMOATTRACTANT_ACTIVITY	0.28377434442780913			
BIOCARTA_NEUTROPHIL_PATHWAY	0.28372356735621723			
GO_INTERLEUKIN_8_SECRETION	0.283722117491527			
SOTIRIOU_BREAST_CANCER_GRADE_1_VS_3_DN	0.2836993084893126			
MIKKELSEN_MCV6_HCP_WITH_H3K27ME3	0.2836940179621574			
GO_NEGATIVE_REGULATION_OF_CELL_PROJECTION_ORGANIZATION	0.28369105279245077			
GO_PROTEIN_O_LINKED_MANNOSYLATION	0.2836812071652445			
GO_PDZ_DOMAIN_BINDING	0.28365249446986546			
GO_REGULATION_OF_TISSUE_REMODELING	0.2836032922880388			
GO_CLATHRIN_COATED_VESICLE	0.28360110180250553			
GSE9946_IMMATURE_VS_LISTERIA_INF_MATURE_DC_DN	0.28360082412829607			
GO_SECONDARY_METABOLIC_PROCESS	0.2835881852721798			
GSE360_DC_VS_MAC_L_DONOVANI_UP	0.28358455170069696			
GO_REGULATION_OF_OSSIFICATION	0.28357760354774025			
GSE2585_AIRE_KO_VS_WT_CD80_HIGH_MTEC_UP	0.28357362981346745			
GSE20152_SPHK1_KO_VS_HTNFA_OVEREXPRESS_ANKLE_UP	0.28357313614417157			
GO_ADRENAL_GLAND_DEVELOPMENT	0.2835712475131237			
GO_GAMMA_CATENIN_BINDING	0.2835577112928609			
GO_POSTSYNAPTIC_CYTOSOL	0.2835535625347755			
LXR_Q3	0.28354830038780593			
GSE13306_RA_VS_UNTREATED_MEM_CD4_TCELL_DN	0.2835409192583555			
BIOCARTA_TGFB_PATHWAY	0.28352730043711316			
GO_RENAL_VESICLE_FORMATION	0.28349036239859216			
GO_REGULATION_OF_POTASSIUM_ION_TRANSMEMBRANE_TRANSPORT	0.2834836817372928			
MSX1_TARGET_GENES	0.2834591522310506			
GO_SKELETAL_MUSCLE_SATELLITE_CELL_DIFFERENTIATION	0.28343574621576806			
GO_DORSAL_VENTRAL_PATTERN_FORMATION	0.28342729561670305			
REACTOME_ACETYLCHOLINE_REGULATES_INSULIN_SECRETION	0.2834166826107293			
GO_ESTABLISHMENT_OF_SPINDLE_ORIENTATION	0.2833950482641171			
GO_POSITIVE_REGULATION_OF_CELL_DIFFERENTIATION	0.28338900461689603			
DOUGLAS_BMI1_TARGETS_DN	0.2833245462243906			
GO_ATPASE_COUPLED_LIPID_TRANSMEMBRANE_TRANSPORTER_ACTIVITY	0.28330857243692914			
GO_CO_SMAD_BINDING	0.283244346586145			
IVANOVA_HEMATOPOIESIS_LATE_PROGENITOR	0.2832426811881476			
GO_POSITIVE_REGULATION_OF_AXON_EXTENSION	0.2832233842704638			
BIOCARTA_UCALPAIN_PATHWAY	0.2832045824687848			
GO_TRIGEMINAL_GANGLION_DEVELOPMENT	0.28318570182853037			
GSE29949_CD8_POS_DC_SPLEEN_VS_MONOCYTE_BONE_MARROW_UP	0.28317772270997793			
GO_O_GLYCAN_PROCESSING	0.2831477442215593			
GO_HETEROPHILIC_CELL_CELL_ADHESION_VIA_PLASMA_MEMBRANE_CELL_ADHESION_MOLECULES	0.2831191900246028			
MIR4705	0.28311129748431324			
BANDRES_RESPONSE_TO_CARMUSTIN_WITHOUT_MGMT_24HR_DN	0.28306343740969653			
GO_RAP_PROTEIN_SIGNAL_TRANSDUCTION	0.2830632960926292			
GO_POSITIVE_REGULATION_OF_ACTIN_FILAMENT_POLYMERIZATION	0.2830610377625492			
GO_POSITIVE_REGULATION_OF_INTRINSIC_APOPTOTIC_SIGNALING_PATHWAY	0.2830591018490513			
GSE13306_LAMINA_PROPRIA_VS_SPLEEN_TREG_DN	0.28305164002017136			
HNF4_01_B	0.28304577545973997			
GO_HIGH_DENSITY_LIPOPROTEIN_PARTICLE	0.2830263966056089			
GSE15930_NAIVE_VS_72H_IN_VITRO_STIM_IL12_CD8_TCELL_DN	0.2830221713003782			
GO_MONOSACCHARIDE_BINDING	0.282985162710908			
TOMIDA_METASTASIS_UP	0.2829560286065679			
GSE12845_IGD_NEG_BLOOD_VS_PRE_GC_TONSIL_BCELL_UP	0.28294471969174284			
MIR519E_3P	0.2829252183217173			
ZHANG_TARGETS_OF_EWSR1_FLI1_FUSION	0.2828934767158769			
GO_INTERMEDIATE_FILAMENT_CYTOSKELETON	0.2828805856202894			
GSE17186_NAIVE_VS_CD21LOW_TRANSITIONAL_BCELL_UP	0.2828797755676873			
REACTOME_NUCLEOBASE_CATABOLISM	0.2828740481424003			
GO_REGULATION_OF_EXTENT_OF_CELL_GROWTH	0.2828564882767562			
GO_REGULATION_OF_NEURON_PROJECTION_DEVELOPMENT	0.28284810584165376			
GSE37533_UNTREATED_VS_PIOGLIZATONE_TREATED_CD4_TCELL_FOXP3_TRASDUCED_CD4_TCELL_UP	0.2828434926781148			
GSE3203_INFLUENZA_INF_VS_IFNB_TREATED_LN_BCELL_DN	0.28282392722273353			
LIU_PROSTATE_CANCER_UP	0.28281705619153963			
CAVARD_LIVER_CANCER_MALIGNANT_VS_BENIGN	0.28280103305534815			
GO_REGIONALIZATION	0.2827910678732887			
GSE8835_CD4_VS_CD8_TCELL_DN	0.2827836030855046			
GO_KERATIN_FILAMENT	0.28277240997139763			
GO_POSITIVE_REGULATION_OF_VASCULAR_ENDOTHELIAL_GROWTH_FACTOR_SIGNALING_PATHWAY	0.28276718854923766			
GSE17721_LPS_VS_PAM3CSK4_1H_BMDC_DN	0.28276342454242115			
GO_LONG_CHAIN_FATTY_ACYL_COA_METABOLIC_PROCESS	0.28272540302883487			
GSE12845_IGD_POS_VS_NEG_BLOOD_BCELL_DN	0.28272023628833154			
MIR101_2_5P	0.282667897838174			
GSE15330_MEGAKARYOCYTE_ERYTHROID_PROGENITOR_VS_PRO_BCELL_UP	0.2826546418749747			
PIT1_Q6	0.2825953960368043			
GO_REGULATION_OF_TRANSCRIPTION_INVOLVED_IN_CELL_FATE_COMMITMENT	0.28259144869695			
GO_LEARNING	0.2825646803386725			
GSE27786_LSK_VS_LIN_NEG_CELL_UP	0.28256365190433047			
GO_HEART_PROCESS	0.2825308407829122			
VILLANUEVA_LIVER_CANCER_KRT19_DN	0.2825210527278923			
FURUKAWA_DUSP6_TARGETS_PCI35_UP	0.2825170770861223			
GSE35685_CD34POS_CD10NEG_CD62LPOS_VS_CD34POS_CD10POS_BONE_MARROW_DN	0.2824920323787084			
GO_CERAMIDE_BINDING	0.2824918922682473			
SRF_C	0.2824717757553995			
MURAKAMI_UV_RESPONSE_24HR	0.28243988908472817			
MIR205_5P	0.28243078475308026			
PARK_APL_PATHOGENESIS_DN	0.28243049337184417			
MIR6724_5P	0.282394877664986			
BILANGES_SERUM_SENSITIVE_VIA_TSC1	0.28239452116613173			
GSE17721_POLYIC_VS_PAM3CSK4_24H_BMDC_UP	0.28235861742049256			
GO_KERATINIZATION	0.28232219679101295			
GSE13411_IGM_MEMORY_BCELL_VS_PLASMA_CELL_DN	0.2822686366524655			
GSE26030_UNSTIM_VS_RESTIM_TH1_DAY5_POST_POLARIZATION_DN	0.28226200856558203			
MIR4520_5P	0.2822484193859565			
GO_ASPARTIC_TYPE_PEPTIDASE_ACTIVITY	0.28224618472229374			
GO_GLYCOGEN_GRANULE	0.2822405076212356			
GO_NEURON_MATURATION	0.28219382279012073			
GO_BIOMINERALIZATION	0.28216647562205			
GO_RESPONSE_TO_ABIOTIC_STIMULUS	0.2821169171539186			
GO_INTERMEDIATE_FILAMENT_ORGANIZATION	0.2821096970906926			
BONOME_OVARIAN_CANCER_SURVIVAL_SUBOPTIMAL_DEBULKING	0.28210376462055275			
GO_NEGATIVE_REGULATION_OF_RESPONSE_TO_EXTERNAL_STIMULUS	0.282080374041485			
GO_MICROTUBULE_POLYMERIZATION	0.282075280293453			
MIKKELSEN_NPC_HCP_WITH_H3K4ME3_AND_H3K27ME3	0.2820555267734962			
GO_RESPONSE_TO_FLUID_SHEAR_STRESS	0.28204607642148644			
HOLLERN_SOLID_NODULAR_BREAST_TUMOR_UP	0.282034458065081			
NKX2_5_TARGET_GENES	0.28198465532039196			
GO_REGULATION_OF_PLASMA_MEMBRANE_ORGANIZATION	0.28196591003249255			
MIR885_3P	0.28194824793528717			
GO_REGULATION_OF_ARTERY_MORPHOGENESIS	0.2819449754746792			
GO_AZUROPHIL_GRANULE_LUMEN	0.28194133450193715			
GSE11961_MARGINAL_ZONE_BCELL_VS_MEMORY_BCELL_DAY40_UP	0.2819413246278258			
MIR549A_5P	0.2819088528759522			
GO_PATTERN_SPECIFICATION_INVOLVED_IN_KIDNEY_DEVELOPMENT	0.28190823914073804			
chr7q35	0.281895029356401			
GO_ESTABLISHMENT_OF_GOLGI_LOCALIZATION	0.281873140348445			
GSE16385_ROSIGLITAZONE_IL4_VS_IFNG_TNF_STIM_MACROPHAGE_DN	0.2818722297993788			
GO_TAURINE_TRANSPORT	0.28185952903639044			
GO_POSITIVE_REGULATION_OF_MACROPHAGE_DERIVED_FOAM_CELL_DIFFERENTIATION	0.2818591421416068			
BIOCARTA_VITCB_PATHWAY	0.28184681678851414			
GAGCCAG_MIR149	0.2817838386816878			
GO_GOLGI_MEDIAL_CISTERNA	0.2817808512733539			
GO_NEURON_MIGRATION	0.28177850109802355			
GO_POSITIVE_REGULATION_OF_PATHWAY_RESTRICTED_SMAD_PROTEIN_PHOSPHORYLATION	0.2817487965232427			
TSAI_DNAJB4_TARGETS_UP	0.2817063796779773			
GO_CELL_SURFACE_RECEPTOR_SIGNALING_PATHWAY_INVOLVED_IN_CELL_CELL_SIGNALING	0.2816818378495065			
GO_RESPONSE_TO_LEAD_ION	0.2816788067915345			
GO_PLATELET_ACTIVATING_FACTOR_METABOLIC_PROCESS	0.2816768438988699			
GSE43955_10H_VS_60H_ACT_CD4_TCELL_DN	0.2816678392747108			
GO_REGULATION_OF_EXTRACELLULAR_MATRIX_CONSTITUENT_SECRETION	0.28166377158986666			
IPA_CDX2_UP	0.28164847475232097			
GO_CARTILAGE_MORPHOGENESIS	0.2816475195787151			
NAGASHIMA_NRG1_SIGNALING_DN	0.2816250129954684			
MIR4722_3P	0.2816049730838982			
GSE30962_PRIMARY_VS_SECONDARY_CHRONIC_LCMV_INF_CD8_TCELL_DN	0.2816039460090552			
GO_PRIMARY_ALCOHOL_BIOSYNTHETIC_PROCESS	0.281602825164691			
GO_JUN_KINASE_BINDING	0.2815929864135086			
GSE21546_UNSTIM_VS_ANTI_CD3_STIM_SAP1A_KO_AND_ELK1_KO_DP_THYMOCYTES_UP	0.2815582661057476			
GSE32423_CTRL_VS_IL7_IL4_MEMORY_CD8_TCELL_DN	0.2815542028747857			
GO_APICAL_PROTEIN_LOCALIZATION	0.2815198295587996			
WIERENGA_STAT5A_TARGETS_GROUP2	0.2815046605878879			
GSE11961_PLASMA_CELL_DAY7_VS_GERMINAL_CENTER_BCELL_DAY40_DN	0.28149067978141906			
GSE26290_WT_VS_PDK1_KO_ANTI_CD3_AND_IL2_STIM_CD8_TCELL_UP	0.2814833901542059			
GSE17721_0.5H_VS_12H_GARDIQUIMOD_BMDC_DN	0.28144677083740743			
GO_BILE_ACID_BINDING	0.28144089370886555			
GO_REGULATION_OF_PLASMA_LIPOPROTEIN_PARTICLE_LEVELS	0.28143486980623755			
GO_COLLATERAL_SPROUTING	0.2814221662462541			
GO_PROTEIN_DEPOLYMERIZATION	0.2813948739951245			
BIOCARTA_NUCLEARRS_PATHWAY	0.2813933500048022			
REACTOME_HSF1_DEPENDENT_TRANSACTIVATION	0.28136958366907955			
GSE45365_NK_CELL_VS_BCELL_MCMV_INFECTION_UP	0.2813606232238688			
IPA_NEUROG2_UP	0.2813565976138342			
MIR515_3P	0.2813411680665476			
GSE20484_MCSG_VS_CXCL4_MONOCYTE_DERIVED_MACROPHAGE_UP	0.2813137566543587			
GO_NEGATIVE_REGULATION_OF_ACTIN_FILAMENT_DEPOLYMERIZATION	0.281276395649787			
REACTOME_PTK6_REGULATES_CELL_CYCLE	0.2812472909995122			
GSE411_100MIN_VS_400MIN_IL6_STIM_SOCS3_KO_MACROPHAGE_UP	0.2812458144967024			
GO_ROUGH_ENDOPLASMIC_RETICULUM	0.28124075574041874			
KEGG_GLYCOSPHINGOLIPID_BIOSYNTHESIS_LACTO_AND_NEOLACTO_SERIES	0.28123500897288267			
IPA_HOXB3_UP	0.2812039480851082			
GSE17721_PAM3CSK4_VS_CPG_24H_BMDC_UP	0.2811925053825626			
GO_ION_CHANNEL_REGULATOR_ACTIVITY	0.2811572607707893			
GO_REGULATION_OF_DEFENSE_RESPONSE	0.2811565800973548			
MIR10396B_5P	0.2811482145462307			
IPA_HDAC6_UP	0.2811203359516372			
GSE14308_TH2_VS_NAIVE_CD4_TCELL_UP	0.28111943984994187			
GSE29618_BCELL_VS_PDC_DN	0.28111771829309784			
CROMER_TUMORIGENESIS_DN	0.28110487695877473			
REACTOME_METABOLISM_OF_PORPHYRINS	0.2810730843489986			
GO_4_HYDROXYPROLINE_METABOLIC_PROCESS	0.28105545448357483			
MLXIP_TARGET_GENES	0.2810542579740419			
GO_MOLECULAR_FUNCTION_REGULATOR	0.28104199348889936			
GAUTSCHI_SRC_SIGNALING	0.2810375050032775			
T3R_Q6	0.28100314597283926			
SCHWAB_TARGETS_OF_BMYB_POLYMORPHIC_VARIANTS_DN	0.2810022011720213			
HINATA_NFKB_IMMU_INF	0.2810014580803706			
GO_REGULATION_OF_CELLULAR_CATABOLIC_PROCESS	0.28099533015689104			
GO_ENDOPLASMIC_RETICULUM_PLASMA_MEMBRANE_TETHERING	0.28098904722812135			
GO_TRAIL_ACTIVATED_APOPTOTIC_SIGNALING_PATHWAY	0.2809888210360977			
GO_AXIAL_MESODERM_DEVELOPMENT	0.2809887793324982			
GO_VITAMIN_B6_BINDING	0.2809862234619228			
LEE_LIVER_CANCER_SURVIVAL_DN	0.2809800184806716			
MIR193A_3P_MIR193B_3P	0.2809446287068691			
GSE37301_MULTIPOTENT_PROGENITOR_VS_CD4_TCELL_DN	0.2809326683994506			
GO_TRANSFORMING_GROWTH_FACTOR_BETA_ACTIVATION	0.28092861346561543			
REACTOME_SYNTHESIS_OF_PI	0.28092777320674955			
GSE9037_CTRL_VS_LPS_1H_STIM_IRAK4_KO_BMDM_DN	0.2809271896455623			
GO_ECTODERMAL_CELL_DIFFERENTIATION	0.28092100846398765			
IPA_ATF5_DN	0.28090862165963304			
MIR4772_3P	0.2809079701967831			
GO_ECTOPIC_GERM_CELL_PROGRAMMED_CELL_DEATH	0.2809019975951288			
PID_AP1_PATHWAY	0.2808328740254093			
GO_NEGATIVE_REGULATION_OF_CELLULAR_RESPONSE_TO_DRUG	0.28079701325603595			
TAKEDA_TARGETS_OF_NUP98_HOXA9_FUSION_10D_UP	0.28074529323289427			
MARTENS_TRETINOIN_RESPONSE_UP	0.28072685872816816			
PID_ALK1_PATHWAY	0.280726556074964			
GO_LYMPHATIC_ENDOTHELIAL_CELL_DIFFERENTIATION	0.2807256289272874			
MIR589_5P	0.2807217028730938			
MIR4294	0.2806860023289609			
KYNG_RESPONSE_TO_H2O2_VIA_ERCC6_UP	0.28067136237792245			
ZHAN_MULTIPLE_MYELOMA_CD1_DN	0.2806686264453341			
BYSTRYKH_HEMATOPOIESIS_STEM_CELL_QTL_CIS	0.28066795929930244			
KANG_AR_TARGETS_DN	0.2806606337256917			
GO_PHOSPHATASE_ACTIVATOR_ACTIVITY	0.28064510166815254			
GSE5463_CTRL_VS_DEXAMETHASONE_TREATED_THYMOCYTE_UP	0.28064046743539617			
REACTOME_METABOLIC_DISORDERS_OF_BIOLOGICAL_OXIDATION_ENZYMES	0.28060597334443077			
IPA_SOX10_UP	0.28057880196943563			
GSE1791_CTRL_VS_NEUROMEDINU_IN_T_CELL_LINE_0.8H_DN	0.28053238578383705			
GSE11057_NAIVE_VS_EFF_MEMORY_CD4_TCELL_DN	0.2805216557609098			
GO_NEGATIVE_REGULATION_OF_VIRAL_RELEASE_FROM_HOST_CELL	0.28049487262847944			
SAFFORD_T_LYMPHOCYTE_ANERGY	0.2804602239208462			
GO_TRANSFORMING_GROWTH_FACTOR_BETA_RECEPTOR_BINDING	0.2804589692518605			
ZNF133_TARGET_GENES	0.28043493492155025			
GSE43956_WT_VS_SGK1_KO_TH17_DIFFERENTIATED_CD4_TCELL_DN	0.2804239479036247			
GO_NEGATIVE_REGULATION_OF_TYPE_2_IMMUNE_RESPONSE	0.28042153814555704			
REACTOME_RETROGRADE_TRANSPORT_AT_THE_TRANS_GOLGI_NETWORK	0.28040175539378376			
GO_T_HELPER_2_CELL_DIFFERENTIATION	0.28038789530386005			
GSE45365_NK_CELL_VS_CD8A_DC_MCMV_INFECTION_DN	0.28038718641704424			
GO_NEUROGENESIS	0.2803852687061411			
GO_CHEMOKINE_RECEPTOR_BINDING	0.2803688913936485			
GO_ACTIN_FILAMENT_REORGANIZATION	0.28036839303292355			
EVI1_01	0.2803677838093683			
GSE5589_LPS_VS_LPS_AND_IL10_STIM_IL6_KO_MACROPHAGE_45MIN_UP	0.2803486516179739			
GO_SMOOTH_MUSCLE_CELL_PROLIFERATION	0.28033086618045433			
GSE20727_CTRL_VS_ROS_INH_AND_DNFB_ALLERGEN_TREATED_DC_DN	0.280327922965739			
GO_NEGATIVE_REGULATION_OF_RELEASE_OF_CYTOCHROME_C_FROM_MITOCHONDRIA	0.28030827406678854			
GO_REGULATION_OF_UNSATURATED_FATTY_ACID_BIOSYNTHETIC_PROCESS	0.28028272779928187			
GSE360_T_GONDII_VS_M_TUBERCULOSIS_MAC_DN	0.28026329358459673			
GO_SECRETORY_GRANULE_MEMBRANE	0.28025101233240884			
GSE360_HIGH_VS_LOW_DOSE_B_MALAYI_DC_UP	0.2802373809063309			
GO_REGULATION_OF_INTRINSIC_APOPTOTIC_SIGNALING_PATHWAY_BY_P53_CLASS_MEDIATOR	0.28022617331818045			
GO_CONTRACTILE_RING	0.28022078913394766			
KEGG_RENAL_CELL_CARCINOMA	0.2802200284413224			
IPA_ETS2_DN	0.2802130859485819			
GO_POSITIVE_REGULATION_OF_SKELETAL_MUSCLE_TISSUE_REGENERATION	0.2801910956306244			
ROVERSI_GLIOMA_LOH_REGIONS	0.28017380710950907			
GO_ENDOPLASMIC_RETICULUM_TO_CYTOSOL_TRANSPORT	0.2801695050537325			
KASLER_HDAC7_TARGETS_2_DN	0.28010563571522307			
CACCCBINDINGFACTOR_Q6	0.2800939807276321			
GO_GLUCOCORTICOID_METABOLIC_PROCESS	0.2800911059387653			
IPA_SOX2_UP	0.2800543150308825			
chr9q21	0.2800429374034145			
SMIRNOV_RESPONSE_TO_IR_2HR_UP	0.2800401525142478			
WU_HBX_TARGETS_1_DN	0.2800181510984112			
GO_REGULATION_OF_CATABOLIC_PROCESS	0.27998972904322816			
GO_REGULATION_OF_NEURON_DIFFERENTIATION	0.2799740313821979			
GSE38697_LIGHT_ZONE_VS_DARK_ZONE_BCELL_DN	0.2799525229288765			
GO_CELLULAR_RESPONSE_TO_OXYGEN_LEVELS	0.27992358345485413			
GSE360_CTRL_VS_B_MALAYI_LOW_DOSE_DC_UP	0.27992004746817484			
GSE36009_UNSTIM_VS_LPS_STIM_NLRP10_KO_DC_UP	0.2798958104257708			
GSE22025_UNTREATED_VS_TGFB1_AND_PROGESTERONE_TREATED_CD4_TCELL_UP	0.2798767143950812			
GO_RESPONSE_TO_ANTINEOPLASTIC_AGENT	0.27987332822746397			
GO_MONOOXYGENASE_ACTIVITY	0.2798644332898052			
GO_MOTOR_LEARNING	0.27983337920856816			
GO_REGULATION_OF_CYTOPLASMIC_TRANSPORT	0.27980409615504426			
REACTOME_KERATINIZATION	0.2797852040354622			
ZNF257_TARGET_GENES	0.2797821590055565			
NAKAMURA_ADIPOGENESIS_LATE_UP	0.27976286821598173			
GO_HAIR_CELL_DIFFERENTIATION	0.2797617876926371			
HUANG_GATA2_TARGETS_UP	0.2797613948669785			
FERRARI_RESPONSE_TO_FENRETINIDE_DN	0.27975376646042555			
GO_CALCIUM_DEPENDENT_CYSTEINE_TYPE_ENDOPEPTIDASE_ACTIVITY	0.2797306508390767			
GSE45382_UNTREATED_VS_TGFB_TREATED_MACROPHAGES_DN	0.27971664800173873			
GO_POSITIVE_REGULATION_OF_CANONICAL_WNT_SIGNALING_PATHWAY	0.279680068034393			
GO_NEGATIVE_REGULATION_OF_CELLULAR_PROTEIN_LOCALIZATION	0.27966132611012195			
IPA_KLF8_DN	0.2796324200250691			
GO_AMELOGENESIS	0.279627805223641			
GO_CELLULAR_RESPONSE_TO_KETONE	0.27960337549643116			
REACTOME_SYNTHESIS_OF_BILE_ACIDS_AND_BILE_SALTS_VIA_7ALPHA_HYDROXYCHOLESTEROL	0.2796005719193177			
GO_CARDIAC_RIGHT_VENTRICLE_MORPHOGENESIS	0.27957870092953147			
GO_ALDITOL_METABOLIC_PROCESS	0.27957120801992613			
DER_IFN_GAMMA_RESPONSE_UP	0.279555241033505			
GO_POSITIVE_REGULATION_OF_MICROTUBULE_BINDING	0.2795066038749215			
GSE5679_CTRL_VS_RARA_AGONIST_AM580_TREATED_DC_DN	0.27950423638081867			
REACTOME_ANTIGEN_PROCESSING_CROSS_PRESENTATION	0.2794851027654356			
GSE23114_PERITONEAL_CAVITY_B1A_BCELL_VS_SPLEEN_BCELL_DN	0.2794700540664958			
PID_TRKR_PATHWAY	0.27945903104551695			
SHEPARD_CRUSH_AND_BURN_MUTANT_UP	0.27945711759246583			
GO_ENDOCRINE_SYSTEM_DEVELOPMENT	0.27945661221888163			
GO_MODIFICATION_OF_SYNAPTIC_STRUCTURE	0.27945107853341977			
GO_PRONEPHROS_DEVELOPMENT	0.2794233662916419			
GO_INTERLEUKIN_35_MEDIATED_SIGNALING_PATHWAY	0.279403087606845			
IPA_PPARG_DN	0.27939576277788297			
GO_ARACHIDONIC_ACID_SECRETION	0.2793730524021018			
GSE23308_WT_VS_MINERALCORTICOID_REC_KO_MACROPHAGE_DN	0.2793623119903828			
TOMLINS_PROSTATE_CANCER_UP	0.2793607046322546			
GSE9650_EFFECTOR_VS_MEMORY_CD8_TCELL_UP	0.27935889874328135			
GO_MITOTIC_CYTOKINESIS	0.2793342780671453			
BPTF_TARGET_GENES	0.27930853404975153			
SCIBETTA_KDM5B_TARGETS_DN	0.2792831092007433			
MIR105_5P	0.2792406913629844			
GO_POSITIVE_REGULATION_OF_NEURON_MIGRATION	0.27921560558195524			
GSE37416_12H_VS_48H_F_TULARENSIS_LVS_NEUTROPHIL_UP	0.2791886157362389			
GSE6259_CD4_TCELL_VS_CD8_TCELL_DN	0.27916169898672283			
GO_REGULATION_OF_MODIFICATION_OF_POSTSYNAPTIC_ACTIN_CYTOSKELETON	0.27915678937320504			
REACTOME_GLUTATHIONE_CONJUGATION	0.2791050332544872			
GSE7509_FCGRIIB_VS_TNFA_IL1B_IL6_PGE_STIM_DC_UP	0.27904145731672414			
GSE21927_SPLEEN_VS_TUMOR_MONOCYTE_BALBC_UP	0.2790402180044522			
GSE13484_12H_UNSTIM_VS_YF17D_VACCINE_STIM_PBMC_UP	0.279012645106714			
TGAYRTCA_ATF3_Q6	0.2789470787771768			
GO_RESPONSE_TO_MUSCLE_ACTIVITY	0.27892887924518883			
GO_PROTEIN_OXIDATION	0.2789277254843425			
GO_SIALIC_ACID_BINDING	0.278914763386281			
REACTOME_PEROXISOMAL_LIPID_METABOLISM	0.2789067207124765			
GO_INTRINSIC_APOPTOTIC_SIGNALING_PATHWAY_IN_RESPONSE_TO_OXIDATIVE_STRESS	0.27890401007044024			
MIR6857_5P	0.27885351527130575			
GO_SMALL_GTPASE_MEDIATED_SIGNAL_TRANSDUCTION	0.2788438620569023			
GSE18804_BRAIN_VS_COLON_TUMORAL_MACROPHAGE_UP	0.2788404723677495			
GO_REGULATION_OF_EXTRINSIC_APOPTOTIC_SIGNALING_PATHWAY_IN_ABSENCE_OF_LIGAND	0.27883286973962207			
REACTOME_FREE_FATTY_ACIDS_REGULATE_INSULIN_SECRETION	0.2788103321404946			
KIM_MYCN_AMPLIFICATION_TARGETS_DN	0.27880215859104407			
GSE25123_WT_VS_PPARG_KO_MACROPHAGE_IL4_STIM_UP	0.27879520368899924			
MIR5698	0.2787763108443389			
MIR7113_5P	0.2787750926717224			
GSE30083_SP1_VS_SP3_THYMOCYTE_UP	0.2787701038293925			
MARIADASON_REGULATED_BY_HISTONE_ACETYLATION_UP	0.2787092154224704			
GO_THIOREDOXIN_PEROXIDASE_ACTIVITY	0.2786712568709678			
GO_REGULATION_OF_T_HELPER_1_TYPE_IMMUNE_RESPONSE	0.27865380932293976			
GSE29618_PDC_VS_MDC_DAY7_FLU_VACCINE_DN	0.27861327508613026			
GO_GALACTOSE_METABOLIC_PROCESS	0.27859526399964785			
CHIANG_LIVER_CANCER_SUBCLASS_CTNNB1_UP	0.2785758641652568			
GSE13522_WT_VS_IFNAR_KO_SKING_T_CRUZI_Y_STRAIN_INF_DN	0.278557624854417			
GO_POSITIVE_REGULATION_OF_JNK_CASCADE	0.27854492463713815			
JIANG_TIP30_TARGETS_DN	0.2785200736879463			
GO_NEGATIVE_REGULATION_OF_SMOOTH_MUSCLE_CONTRACTION	0.27848431615544417			
IPA_ID3_UP	0.27848216273125825			
KRAS.BREAST_UP.V1_UP	0.27848023568486496			
GO_DENTINOGENESIS	0.2784716860416543			
GO_CELLULAR_RESPONSE_TO_ANTIBIOTIC	0.2784408427269124			
BARRIER_CANCER_RELAPSE_TUMOR_SAMPLE_DN	0.2784251279640843			
REACTOME_IRE1ALPHA_ACTIVATES_CHAPERONES	0.27842213264416227			
GSE7831_UNSTIM_VS_INFLUENZA_STIM_PDC_4H_DN	0.2784065125099703			
GO_LONG_CHAIN_FATTY_ACYL_COA_BIOSYNTHETIC_PROCESS	0.27837237711949486			
GSE17721_0.5H_VS_8H_PAM3CSK4_BMDC_DN	0.27836422655509474			
GSE6259_FLT3L_INDUCED_DEC205_POS_DC_VS_CD4_TCELL_DN	0.2783556495124159			
FLECHNER_BIOPSY_KIDNEY_TRANSPLANT_OK_VS_DONOR_DN	0.2783477270872037			
GSE3565_CTRL_VS_LPS_INJECTED_DUSP1_KO_SPLENOCYTES_UP	0.27834725406773636			
GO_RESPONSE_TO_LEPTIN	0.2783291213385611			
GO_RECEPTOR_ANTAGONIST_ACTIVITY	0.2783257381122941			
GSE25085_FETAL_BM_VS_ADULT_BM_SP4_THYMIC_IMPLANT_UP	0.27831518186467646			
WANG_RESPONSE_TO_BEXAROTENE_UP	0.2782983189123918			
MIR618	0.2782830173113396			
GSE29615_CTRL_VS_LAIV_FLU_VACCINE_PBMC_UP	0.2782737830704729			
GO_NEGATIVE_REGULATION_OF_PHOSPHORUS_METABOLIC_PROCESS	0.278242837873357			
GSE17721_LPS_VS_CPG_12H_BMDC_DN	0.2782210499231684			
MIR520G_3P_MIR520H	0.27821848561153284			
SINGH_KRAS_DEPENDENCY_SIGNATURE	0.278190387448417			
GO_CARBOXYLIC_ESTER_HYDROLASE_ACTIVITY	0.27818687856003893			
KEGG_STARCH_AND_SUCROSE_METABOLISM	0.2781720422707026			
GO_WEIBEL_PALADE_BODY	0.2781708955279311			
REACTOME_GLYCOGEN_BREAKDOWN_GLYCOGENOLYSIS	0.27812851740482814			
GSE4590_PRE_BCELL_VS_LARGE_PRE_BCELL_UP	0.27807865219652056			
GO_NEGATIVE_REGULATION_OF_HOMOTYPIC_CELL_CELL_ADHESION	0.27807427307449073			
GSE27786_BCELL_VS_NKTCELL_DN	0.27807054951114535			
HE_PTEN_TARGETS_UP	0.2780663835877358			
GO_POSITIVE_REGULATION_OF_SIGNALING_RECEPTOR_ACTIVITY	0.27806487767175886			
SCIBETTA_KDM5B_TARGETS_UP	0.278049716188721			
GSE24026_PD1_LIGATION_VS_CTRL_IN_ACT_TCELL_LINE_UP	0.278006328958403			
GSE21063_WT_VS_NFATC1_KO_3H_ANTI_IGM_STIM_BCELL_DN	0.2779952441826116			
GO_PHAGOCYTIC_VESICLE	0.2779770051823684			
GO_REGULATION_OF_CELLULAR_RESPONSE_TO_STRESS	0.27795684081169686			
GO_RENAL_SYSTEM_VASCULATURE_DEVELOPMENT	0.2779212478919407			
GO_T_TUBULE	0.2779147196057698			
GSE12366_GC_BCELL_VS_PLASMA_CELL_DN	0.2779041938573007			
GSE41867_NAIVE_VS_DAY30_LCMV_CLONE13_EXHAUSTED_CD8_TCELL_DN	0.27790291920573434			
MIR1908_5P	0.2778924060821067			
KEGG_ERBB_SIGNALING_PATHWAY	0.27788679734760574			
JI_RESPONSE_TO_FSH_DN	0.27781464511991966			
GO_RESPONSE_TO_ANGIOTENSIN	0.27778737213025406			
MIR933	0.2777090100790832			
BIOCARTA_NDKDYNAMIN_PATHWAY	0.27770843370446313			
GO_DENDRITE_TERMINUS	0.27768761512354695			
GSE360_T_GONDII_VS_M_TUBERCULOSIS_DC_DN	0.27765792031027225			
KOBAYASHI_RESPONSE_TO_ROMIDEPSIN	0.27762267668986895			
GO_HYDROLASE_ACTIVITY_ACTING_ON_ACID_PHOSPHORUS_NITROGEN_BONDS	0.2776216127438048			
REACTOME_P130CAS_LINKAGE_TO_MAPK_SIGNALING_FOR_INTEGRINS	0.2775038823837034			
JAATINEN_HEMATOPOIETIC_STEM_CELL_UP	0.27749587873567977			
GSE11057_NAIVE_VS_CENT_MEMORY_CD4_TCELL_DN	0.2774831106718854			
GRYDER_PAX3FOXO1_TOP_ENHANCERS	0.2774811148441854			
MIKKELSEN_ES_ICP_WITH_H3K4ME3	0.27746805705344874			
MIR1277_3P	0.2774405837957769			
GO_NEGATIVE_REGULATION_OF_RECEPTOR_BINDING	0.2774066913381296			
GO_CHLORIDE_TRANSMEMBRANE_TRANSPORTER_ACTIVITY	0.2774044692937989			
YAGI_AML_SURVIVAL	0.27738342623722345			
GO_NEGATIVE_REGULATION_OF_PROTEIN_MODIFICATION_BY_SMALL_PROTEIN_CONJUGATION_OR_REMOVAL	0.2773728338673005			
GSE4590_PRE_BCELL_VS_SMALL_PRE_BCELL_UP	0.2773563944224047			
SIX1_TARGET_GENES	0.2773552766617777			
REACTOME_PROTEIN_REPAIR	0.2773241927052034			
GO_REGULATION_OF_LIPID_BIOSYNTHETIC_PROCESS	0.27731070275986247			
REACTOME_IRAK2_MEDIATED_ACTIVATION_OF_TAK1_COMPLEX	0.27729414095804006			
MARTIN_NFKB_TARGETS_UP	0.2772922593726189			
GO_NEGATIVE_REGULATION_OF_PROTEIN_EXPORT_FROM_NUCLEUS	0.27726604423098195			
GSE39152_BRAIN_VS_SPLEEN_CD103_NEG_MEMORY_CD8_TCELL_UP	0.2772137182079777			
GSE2405_0H_VS_3H_A_PHAGOCYTOPHILUM_STIM_NEUTROPHIL_DN	0.2772022510926033			
GO_VERY_LONG_CHAIN_FATTY_ACID_METABOLIC_PROCESS	0.2771901525197417			
IPA_KLF2_UP	0.2771736234836667			
REACTOME_L1CAM_INTERACTIONS	0.277155490370308			
GO_GLOSSOPHARYNGEAL_NERVE_DEVELOPMENT	0.27714965024364496			
GO_G_PROTEIN_COUPLED_SEROTONIN_RECEPTOR_BINDING	0.277088162115881			
CAIRO_PML_TARGETS_BOUND_BY_MYC_DN	0.2770840308433146			
LMO2COM_02	0.27708029412711577			
GO_REGULATION_OF_REACTIVE_OXYGEN_SPECIES_BIOSYNTHETIC_PROCESS	0.27708008663854256			
GATA_C	0.2770561442196754			
BIOCARTA_ACE2_PATHWAY	0.27701370448915363			
IPA_STAT6_UP	0.27701082327016907			
MIR3910	0.27697279355485327			
GO_REGULATION_OF_PROTEIN_GLYCOSYLATION	0.2769671859932301			
MIR6847_5P	0.27696028770148995			
MIR3663_3P	0.2769550739105325			
GO_ALCOHOL_DEHYDROGENASE_NADPPLUS_ACTIVITY	0.27694522543225153			
GO_REGULATION_OF_SODIUM_ION_TRANSMEMBRANE_TRANSPORT	0.27693900239927116			
GO_REGULATION_OF_ENDOTHELIAL_CELL_DEVELOPMENT	0.27692295934493283			
PID_GLYPICAN_1PATHWAY	0.27690453719213143			
IPA_HMGA1_UP	0.27690400417729255			
GO_ERK1_AND_ERK2_CASCADE	0.27690066135762104			
IPA_TGFB1I1_UP	0.2768599613518377			
GSE43955_10H_VS_30H_ACT_CD4_TCELL_DN	0.2768478154204395			
DOANE_BREAST_CANCER_CLASSES_UP	0.2768446659524951			
WENG_POR_DOSAGE	0.27683710728608285			
REACTOME_KERATAN_SULFATE_BIOSYNTHESIS	0.2768231920236866			
GSE21927_SPLEEN_VS_BONE_MARROW_MONOCYTE_BALBC_DN	0.27677933553387407			
GO_GLUTAMATE_RECEPTOR_BINDING	0.2767766827086475			
GO_REGULATION_OF_XENOPHAGY	0.2767740482092796			
GSE7852_TREG_VS_TCONV_LN_DN	0.27677324270242326			
DURCHDEWALD_SKIN_CARCINOGENESIS_UP	0.276752782361045			
GSE14769_UNSTIM_VS_80MIN_LPS_BMDM_DN	0.2767030121401284			
GSE5589_WT_VS_IL10_KO_LPS_AND_IL6_STIM_MACROPHAGE_45MIN_UP	0.27670132075231096			
COUP_01	0.2766568485370067			
ZNF664_TARGET_GENES	0.2766561788300818			
REACTOME_COMMON_PATHWAY_OF_FIBRIN_CLOT_FORMATION	0.27656929955909965			
GO_RESPONSE_TO_INTERLEUKIN_1	0.27653425183251346			
PID_LYMPH_ANGIOGENESIS_PATHWAY	0.2765339967887943			
JOHNSTONE_PARVB_TARGETS_2_DN	0.27651761576450623			
GSE3982_DC_VS_MAC_DN	0.27651728967291256			
GO_NUCLEAR_EUCHROMATIN	0.27650232380655515			
GO_SCHMIDT_LANTERMAN_INCISURE	0.2764781406416272			
GO_BILE_ACID_METABOLIC_PROCESS	0.2764681223545494			
GO_BRANCHIOMOTOR_NEURON_AXON_GUIDANCE	0.2764650704494382			
GO_EXTRINSIC_COMPONENT_OF_ENDOSOME_MEMBRANE	0.27644953167987646			
PRDM4_TARGET_GENES	0.2764413806459315			
GO_PROTEIN_HETERODIMERIZATION_ACTIVITY	0.2764259118302376			
GSE29949_DC_BRAIN_VS_MONOCYTE_BONE_MARROW_UP	0.2764140692106159			
GO_DETERMINATION_OF_DORSAL_VENTRAL_ASYMMETRY	0.27638096162421066			
MAZR_01	0.2763752367649392			
GO_DENDRITIC_TREE	0.27636359802492766			
GSE31082_DP_VS_CD4_SP_THYMOCYTE_DN	0.2763481423400329			
GSE3720_VD1_VS_VD2_GAMMADELTA_TCELL_WITH_PMA_STIM_DN	0.27634441206677784			
GSE17721_CTRL_VS_PAM3CSK4_2H_BMDC_DN	0.27632669269514754			
MIR7111_5P	0.2763018373491465			
MIR3688_5P	0.2762818462824551			
KRASNOSELSKAYA_ILF3_TARGETS_UP	0.276186278444719			
MIR503_3P	0.2761707967767178			
GO_SORTING_ENDOSOME	0.2761688651728054			
GO_MATURE_RIBOSOME_ASSEMBLY	0.2761606269884745			
MIR4723_5P	0.27615533590827107			
GO_POSTSYNAPSE_ORGANIZATION	0.27614930334336113			
GO_SYNAPTIC_TRANSMISSION_CHOLINERGIC	0.27614363577402506			
GO_AMINO_ACID_BETAINE_TRANSPORT	0.2761239093740104			
GO_POSITIVE_REGULATION_OF_KINASE_ACTIVITY	0.2761144003401826			
GSE23695_CD57_POS_VS_NEG_NK_CELL_DN	0.2761087017313029			
VIETOR_IFRD1_TARGETS	0.2760589797851975			
IPA_TFAP2A_UP	0.27600592062332513			
GO_LACRIMAL_GLAND_DEVELOPMENT	0.275991886705348			
GSE9037_CTRL_VS_LPS_1H_STIM_BMDM_UP	0.2759618356093959			
GSE22025_UNTREATED_VS_TGFB1_TREATED_CD4_TCELL_UP	0.275957164494953			
MONNIER_POSTRADIATION_TUMOR_ESCAPE_UP	0.2759341215218508			
GO_NEGATIVE_REGULATION_OF_FAT_CELL_DIFFERENTIATION	0.2759154055124741			
GO_GLYCEROPHOSPHOLIPID_CATABOLIC_PROCESS	0.2759092626141328			
GSE1740_UNSTIM_VS_IFNA_STIMULATED_MCSF_IFNG_DERIVED_MACROPHAGE_UP	0.27590073761951234			
IPA_NR1H4_DN	0.27589318968281035			
GO_PHOSPHOLIPID_TRANSPORT	0.2758713584329459			
MIR6769A_3P	0.27585620907700104			
TAKAYAMA_BOUND_BY_AR	0.2758336768863236			
GSE40666_UNTREATED_VS_IFNA_STIM_EFFECTOR_CD8_TCELL_90MIN_UP	0.275830558577119			
GO_TRANSPORT_VESICLE	0.275828376084148			
JACKSON_DNMT1_TARGETS_DN	0.27581083402775275			
GO_ACUTE_INFLAMMATORY_RESPONSE	0.27580631548028695			
OUILLETTE_CLL_13Q14_DELETION_DN	0.2758056107697231			
GO_TRANSFORMING_GROWTH_FACTOR_BETA_SECRETION	0.27580559104300395			
GO_REGULATION_OF_DENDRITIC_SPINE_MORPHOGENESIS	0.27579625270409625			
GO_ATTACHMENT_OF_GPI_ANCHOR_TO_PROTEIN	0.27577808660416336			
SRF_01	0.27575789674723405			
BENPORATH_PRC2_TARGETS	0.27574998186030575			
GO_NEGATIVE_REGULATION_OF_SEQUESTERING_OF_TRIGLYCERIDE	0.27574533347583347			
SHAFFER_IRF4_TARGETS_IN_MYELOMA_VS_MATURE_B_LYMPHOCYTE	0.2757415382262193			
DEBIASI_APOPTOSIS_BY_REOVIRUS_INFECTION_UP	0.2757375787866868			
ZBTB5_TARGET_GENES	0.27570954856060215			
GO_CEREBRAL_CORTEX_DEVELOPMENT	0.2756957444473065			
MIR3151_3P	0.2756870789549175			
JAZAERI_BREAST_CANCER_BRCA1_VS_BRCA2_UP	0.2756694691400134			
GSE25088_WT_VS_STAT6_KO_MACROPHAGE_ROSIGLITAZONE_STIM_UP	0.27566331561682594			
GO_REGULATION_OF_MEMBRANE_PERMEABILITY	0.2756158248018618			
GO_REGULATION_OF_DEVELOPMENTAL_GROWTH	0.2755968258490625			
GSE34217_MIR17_92_OVEREXPRESS_VS_WT_ACT_CD8_TCELL_DN	0.2755033907393826			
GO_CYTOSKELETAL_PROTEIN_BINDING	0.27548856755785167			
GSE27786_NKTCELL_VS_MONO_MAC_DN	0.2754817636864471			
WOTTON_RUNX_TARGETS_DN	0.27545955807091604			
REACTOME_TNFR2_NON_CANONICAL_NF_KB_PATHWAY	0.2754352600332137			
GRABARCZYK_BCL11B_TARGETS_UP	0.27543209583565564			
GSE37336_LY6C_POS_VS_NEG_NAIVE_CD4_TCELL_UP	0.27540569987919106			
GSE6259_33D1_POS_VS_DEC205_POS_FLT3L_INDUCED_SPLENIC_DC_DN	0.2753962316879529			
GO_INSULIN_SECRETION_INVOLVED_IN_CELLULAR_RESPONSE_TO_GLUCOSE_STIMULUS	0.27537579745642177			
GSE17721_CTRL_VS_POLYIC_1H_BMDC_UP	0.2753731313788969			
GO_ENDOPLASMIC_RETICULUM_MANNOSE_TRIMMING	0.2753715591339492			
GO_ENERGY_HOMEOSTASIS	0.2753685476630076			
REACTOME_AUTOPHAGY	0.2753450380228877			
GO_PHAGOSOME_LYSOSOME_FUSION	0.2753133949086007			
MIR8070	0.2753127325669102			
BURTON_ADIPOGENESIS_10	0.27530806994792173			
GO_PROTEASOMAL_PROTEIN_CATABOLIC_PROCESS	0.2753020818062582			
LUI_THYROID_CANCER_PAX8_PPARG_DN	0.2752804136782608			
GO_GANGLION_DEVELOPMENT	0.27524751969045874			
IPA_HHEX_DN	0.27523205003558165			
IPA_ID1_DN	0.27521061304870004			
GO_REGULATION_OF_SYSTEMIC_ARTERIAL_BLOOD_PRESSURE_BY_CIRCULATORY_RENIN_ANGIOTENSIN	0.27520590827234426			
LMX1B_TARGET_GENES	0.2751627418542248			
GO_REGULATION_OF_PHOSPHOLIPASE_ACTIVITY	0.2751535603858151			
GO_NEGATIVE_REGULATION_OF_GLIAL_CELL_APOPTOTIC_PROCESS	0.2751406870871022			
XU_CREBBP_TARGETS_UP	0.27512597373103664			
GO_OXIDOREDUCTASE_ACTIVITY_ACTING_ON_THE_CH_NH2_GROUP_OF_DONORS_OXYGEN_AS_ACCEPTOR	0.2751225249422604			
GO_PROTEIN_POLYMERIZATION	0.2751041187955905			
chr6q14	0.2751028853252808			
ZHONG_RESPONSE_TO_AZACITIDINE_AND_TSA_UP	0.27509226941042786			
GO_EXTRINSIC_APOPTOTIC_SIGNALING_PATHWAY_VIA_DEATH_DOMAIN_RECEPTORS	0.27508997633152704			
GSE17721_LPS_VS_PAM3CSK4_16H_BMDC_UP	0.2750698609801758			
GSE14415_INDUCED_TREG_VS_FOXP3_KO_INDUCED_TREG_DN	0.27502245687368393			
GO_REGULATION_OF_NITRIC_OXIDE_BIOSYNTHETIC_PROCESS	0.27501892515685494			
GSE19401_NAIVE_VS_IMMUNIZED_MOUSE_PLN_FOLLICULAR_DC_UP	0.27500844723434553			
GO_CELLULAR_RESPONSE_TO_GONADOTROPIN_STIMULUS	0.2749981811611215			
GO_CELLULAR_RESPONSE_TO_FLUID_SHEAR_STRESS	0.274992527035843			
YRCCAKNNGNCGC_UNKNOWN	0.27497055525954106			
WOO_LIVER_CANCER_RECURRENCE_DN	0.2749690934123765			
GO_REGULATION_OF_MUSCLE_ADAPTATION	0.2749546309122912			
GO_RESPONSE_TO_TYPE_I_INTERFERON	0.2749530446054448			
GO_CELL_ADHESIVE_PROTEIN_BINDING_INVOLVED_IN_BUNDLE_OF_HIS_CELL_PURKINJE_MYOCYTE_COMMUNICATION	0.2749398568221044			
GO_POSITIVE_REGULATION_OF_METALLOPEPTIDASE_ACTIVITY	0.274937845081682			
REACTOME_METAL_ION_SLC_TRANSPORTERS	0.27493229141707864			
ZHU_CMV_ALL_UP	0.2749248405944416			
GSE11057_CD4_EFF_MEM_VS_PBMC_DN	0.2749207820908501			
GO_NUCLEOSIDE_DIPHOSPHATASE_ACTIVITY	0.2748096593287576			
HAHTOLA_MYCOSIS_FUNGOIDES_UP	0.27479951303459244			
GO_PROGESTERONE_METABOLIC_PROCESS	0.2747896932778655			
GO_HEART_TRABECULA_MORPHOGENESIS	0.27477610073958564			
GSE360_CTRL_VS_B_MALAYI_HIGH_DOSE_MAC_UP	0.2747709223276264			
GO_CHEMOREPELLENT_ACTIVITY	0.27473741122545065			
GO_GOLGI_ASSOCIATED_VESICLE	0.27473635114101036			
IPA_FOXA2_DN	0.2747341553878038			
CAHOY_OLIGODENDROCUTIC	0.27473066135280605			
WILLIAMS_ESR1_TARGETS_UP	0.2746834100712049			
GO_PHOSPHATIDYLCHOLINE_METABOLIC_PROCESS	0.2746705101761288			
MIR25_5P	0.2746355286814259			
GO_MAINTENANCE_OF_PROTEIN_LOCALIZATION_IN_ENDOPLASMIC_RETICULUM	0.2746329848081237			
GO_CATECHOLAMINE_CATABOLIC_PROCESS	0.27462714553257933			
DAZARD_UV_RESPONSE_CLUSTER_G3	0.2746143046633046			
GO_APOPTOTIC_MITOCHONDRIAL_CHANGES	0.27460089551656564			
HOLLEMAN_PREDNISOLONE_RESISTANCE_B_ALL_DN	0.27459958063209344			
GO_STRESS_ACTIVATED_PROTEIN_KINASE_SIGNALING_CASCADE	0.27459504685363484			
AACTGGA_MIR145	0.2745874520583472			
REACTOME_SYNTHESIS_OF_15_EICOSATETRAENOIC_ACID_DERIVATIVES	0.2745737527755058			
FOXO4_TARGET_GENES	0.27456222483741344			
GO_AGING	0.2745487406386142			
GSE7852_LN_VS_THYMUS_TCONV_UP	0.2745478366086583			
GO_NITRIC_OXIDE_SYNTHASE_REGULATOR_ACTIVITY	0.27451739753277166			
BDP1_TARGET_GENES	0.27450016884348216			
GSE21546_ELK1_KO_VS_SAP1A_KO_AND_ELK1_KO_ANTI_CD3_STIM_DP_THYMOCYTES_DN	0.2744952498651392			
MIR1224_3P	0.27447159791584846			
GO_POSITIVE_REGULATION_OF_T_CELL_MEDIATED_CYTOTOXICITY	0.27446822772681984			
REACTOME_TRANSLOCATION_OF_SLC2A4_GLUT4_TO_THE_PLASMA_MEMBRANE	0.27443738565445225			
GSE4748_CTRL_VS_CYANOBACTERIUM_LPSLIKE_STIM_DC_1H_DN	0.2744323979761576			
GSE3920_UNTREATED_VS_IFNG_TREATED_FIBROBLAST_UP	0.27438193604698674			
MIR6732_3P	0.2743758524965604			
GO_REGULATION_OF_HAIR_CYCLE	0.2743697363865322			
MIR1227_3P	0.2743677525262677			
GSE32986_UNSTIM_VS_GMCSF_AND_CURDLAN_HIGHDOSE_STIM_DC_UP	0.2743478381661226			
IPA_SKIL_DN	0.2743257159027153			
GO_ENDOCARDIAL_CUSHION_DEVELOPMENT	0.2743086433284793			
GO_POSITIVE_REGULATION_OF_WNT_SIGNALING_PATHWAY	0.27430713315685556			
GO_ANION_CHANNEL_ACTIVITY	0.27430074151253075			
GO_CUTICULAR_PLATE	0.2742944233748559			
GO_TRANSFORMING_GROWTH_FACTOR_BETA_ACTIVATED_RECEPTOR_ACTIVITY	0.27429351353475145			
GO_TRIGLYCERIDE_RICH_PLASMA_LIPOPROTEIN_PARTICLE	0.2742917165430681			
GSE30083_SP3_VS_SP4_THYMOCYTE_DN	0.27427607728584597			
GO_PYRUVATE_BIOSYNTHETIC_PROCESS	0.2742174920073174			
REACTOME_TGF_BETA_RECEPTOR_SIGNALING_IN_EMT_EPITHELIAL_TO_MESENCHYMAL_TRANSITION	0.27419618962169345			
KYNG_ENVIRONMENTAL_STRESS_RESPONSE_NOT_BY_GAMMA_IN_OLD	0.2741850706838883			
GO_RESPONSE_TO_IRON_II_ION	0.2741365354146301			
GO_ELECTRON_TRANSPORT_CHAIN	0.2741116891240472			
GO_ORGANIC_ACID_TRANSPORT	0.2741102367843246			
IPA_MYOG_DN	0.2740273429160812			
ERBB2_UP.V1_DN	0.2740062030892688			
GO_KERATAN_SULFATE_CATABOLIC_PROCESS	0.2739835971772197			
REACTOME_RUNX2_REGULATES_BONE_DEVELOPMENT	0.2739645129834944			
GSE26030_UNSTIM_VS_RESTIM_TH17_DAY15_POST_POLARIZATION_DN	0.27396126747615834			
OHM_EMBRYONIC_CARCINOMA_UP	0.2739568575513513			
MIR1294	0.2739472156596238			
GSE21033_CTRL_VS_POLYIC_STIM_DC_24H_DN	0.27392981287138707			
HHEX_TARGET_GENES	0.2739189499864223			
GO_RESPONSE_TO_BIOTIC_STIMULUS	0.27390901190790573			
FINETTI_BREAST_CANCERS_KINOME_GRAY	0.2738980193400396			
GO_FICOLIN_1_RICH_GRANULE	0.2738845097490671			
GO_XENOPHAGY	0.2738660371133919			
GO_THROMBIN_ACTIVATED_RECEPTOR_ACTIVITY	0.27384647115840877			
GO_PLATELET_DENSE_GRANULE_MEMBRANE	0.2738305678353877			
REACTOME_PLATELET_ADHESION_TO_EXPOSED_COLLAGEN	0.2738160845439559			
MIR3660	0.27380999369553005			
GO_POSITIVE_REGULATION_OF_ENDOTHELIAL_CELL_CHEMOTAXIS_BY_VEGF_ACTIVATED_VASCULAR_ENDOTHELIAL_GROWTH_FACTOR_RECEPTOR_SIGNALING_PATHWAY	0.27380414933838865			
MIR6870_5P	0.27378596496516344			
GO_PROGESTERONE_BIOSYNTHETIC_PROCESS	0.2737712335706158			
GSE29949_CD8_NEG_DC_SPLEEN_VS_DC_BRAIN_UP	0.27376072025674864			
GSE15624_3H_VS_6H_HALOFUGINONE_TREATED_CD4_TCELL_DN	0.27375244759093376			
GSE5589_WT_VS_IL6_KO_LPS_STIM_MACROPHAGE_45MIN_UP	0.273717662097804			
REACTOME_CONSTITUTIVE_SIGNALING_BY_OVEREXPRESSED_ERBB2	0.2737032066238652			
GO_POSITIVE_REGULATION_OF_RESPONSE_TO_EXTERNAL_STIMULUS	0.27367459584995674			
GO_NON_CANONICAL_WNT_SIGNALING_PATHWAY	0.27366676042423416			
FREDERICK_PRKCI_TARGETS	0.2736499070448056			
ZNF205_TARGET_GENES	0.27362031168031253			
GSE16385_IFNG_TNF_VS_ROSIGLITAZONE_STIM_MACROPHAGE_DN	0.27361315480601817			
KEGG_N_GLYCAN_BIOSYNTHESIS	0.2736023380185457			
GO_CELL_PROLIFERATION_INVOLVED_IN_HEART_MORPHOGENESIS	0.27355948492263443			
GSE40274_GATA1_VS_FOXP3_AND_GATA1_TRANSDUCED_ACTIVATED_CD4_TCELL_UP	0.27355838617829037			
GO_CELL_ADHESION_INVOLVED_IN_HEART_MORPHOGENESIS	0.27355507458988043			
GSE29949_MICROGLIA_VS_DC_BRAIN_UP	0.27353814507602753			
GO_REGULATION_OF_ANION_CHANNEL_ACTIVITY	0.27352475750285027			
GSE21033_CTRL_VS_POLYIC_STIM_DC_6H_UP	0.2735124544543979			
KYNG_ENVIRONMENTAL_STRESS_RESPONSE_DN	0.2734749360988683			
GO_DEFENSE_RESPONSE	0.2734607402016739			
GSE11057_NAIVE_VS_MEMORY_CD4_TCELL_DN	0.2734507820422636			
ZNF165_TARGET_GENES	0.27345007602271926			
GO_STRUCTURAL_MOLECULE_ACTIVITY_CONFERRING_ELASTICITY	0.27344353633365015			
GO_RESPONSE_TO_MYCOTOXIN	0.2734248895172277			
GSE11961_MEMORY_BCELL_DAY7_VS_PLASMA_CELL_DAY7_DN	0.27341657270292646			
GO_MANNOSYLATION	0.27340766772653113			
GSE30971_2H_VS_4H_LPS_STIM_MACROPHAGE_WBP7_HET_DN	0.27340588288569084			
GO_CELLULAR_RESPONSE_TO_AMYLOID_BETA	0.2733941378649258			
IPA_JUNB_UP	0.2733660284131682			
MUNSHI_MULTIPLE_MYELOMA_UP	0.27333519349854435			
GO_PROTEIN_EXIT_FROM_ENDOPLASMIC_RETICULUM	0.2733088245500171			
GSE36095_WT_VS_HDAC9_KO_TREG_UP	0.27329857603588154			
GO_SYNDECAN_BINDING	0.273288110450932			
GSE22432_MULTIPOTENT_PROGENITOR_VS_CDC_UP	0.2732867129756059			
GSE14415_NATURAL_TREG_VS_FOXP3_KO_NATURAL_TREG_DN	0.27325185204662844			
GO_PHOSPHATIDIC_ACID_TRANSFER_ACTIVITY	0.27323670002968403			
GSE27786_BCELL_VS_ERYTHROBLAST_DN	0.2732248563427118			
GO_REGULATION_OF_COLLAGEN_METABOLIC_PROCESS	0.2732197857898422			
GO_PROTEIN_DOMAIN_SPECIFIC_BINDING	0.2732100339512907			
RUAN_RESPONSE_TO_TNF_DN	0.2732016388714282			
GO_REGULATION_OF_SYNAPSE_STRUCTURE_OR_ACTIVITY	0.27314038371682586			
GSE360_L_DONOVANI_VS_L_MAJOR_MAC_DN	0.2731269994756803			
RAO_BOUND_BY_SALL4	0.27312262386072994			
IPA_SET_UP	0.2731075218307024			
GO_DEVELOPMENTAL_CELL_GROWTH	0.2731021557963368			
MIR4473	0.273089649191694			
GO_METALLOENDOPEPTIDASE_INHIBITOR_ACTIVITY	0.2730882841387345			
HOLLMANN_APOPTOSIS_VIA_CD40_DN	0.2730330909232068			
GSE14769_UNSTIM_VS_40MIN_LPS_BMDM_DN	0.2729979963484999			
IPA_CREB1_UP	0.27297437387002005			
GO_POSITIVE_REGULATION_OF_SYNAPSE_ASSEMBLY	0.2729708808289179			
MIR548B_3P	0.27295486651717			
GO_REGULATION_OF_LIPID_LOCALIZATION	0.2729244274915669			
GO_REGULATION_OF_HYDROGEN_PEROXIDE_BIOSYNTHETIC_PROCESS	0.27291476562608896			
GO_INTRINSIC_APOPTOTIC_SIGNALING_PATHWAY_IN_RESPONSE_TO_OSMOTIC_STRESS	0.2729044078267321			
GO_SPECIFICATION_OF_SYMMETRY	0.2728968947778866			
KEGG_ARACHIDONIC_ACID_METABOLISM	0.27288479440443636			
REACTOME_DDX58_IFIH1_MEDIATED_INDUCTION_OF_INTERFERON_ALPHA_BETA	0.27285422055997005			
GO_REGULATION_OF_NEURAL_PRECURSOR_CELL_PROLIFERATION	0.2728412913726967			
GSE14000_4H_VS_16H_LPS_DC_TRANSLATED_RNA_UP	0.27282149832055325			
GSE19923_WT_VS_HEB_AND_E2A_KO_DP_THYMOCYTE_DN	0.27281404614358506			
GSE24574_BCL6_HIGH_TFH_VS_NAIVE_CD4_TCELL_DN	0.27279378893018313			
REACTOME_FOXO_MEDIATED_TRANSCRIPTION_OF_CELL_CYCLE_GENES	0.2727935257827355			
GO_TRIGEMINAL_NERVE_DEVELOPMENT	0.27274104582368824			
GO_POSITIVE_REGULATION_OF_NEURON_PROJECTION_DEVELOPMENT	0.27265904647127			
SMID_BREAST_CANCER_RELAPSE_IN_BRAIN_DN	0.27265669945073745			
GSE24210_TCONV_VS_TREG_UP	0.27265280124272795			
REACTOME_PLATELET_ACTIVATION_SIGNALING_AND_AGGREGATION	0.272587281820684			
GSE7831_1H_VS_4H_CPG_STIM_PDC_UP	0.2725764953730637			
GO_RESPONSE_TO_GRAVITY	0.2725695499911297			
GO_CONNEXIN_BINDING	0.27255857894422475			
GO_GLYCERALDEHYDE_3_PHOSPHATE_DEHYDROGENASE_NADPLUS_NON_PHOSPHORYLATING_ACTIVITY	0.27250839048062564			
HSF2_TARGET_GENES	0.2725025617090031			
GSE40274_CTRL_VS_FOXP3_AND_HELIOS_TRANSDUCED_ACTIVATED_CD4_TCELL_DN	0.27249155869282365			
KAAB_FAILED_HEART_VENTRICLE_DN	0.27247740554557914			
BHATI_G2M_ARREST_BY_2METHOXYESTRADIOL_UP	0.2724588171613692			
NEMETH_INFLAMMATORY_RESPONSE_LPS_UP	0.2724460080503923			
GSE14769_UNSTIM_VS_60MIN_LPS_BMDM_DN	0.2724023929438542			
GO_POSITIVE_REGULATION_OF_RESPONSE_TO_ENDOPLASMIC_RETICULUM_STRESS	0.2723870054176505			
GSE4142_NAIVE_BCELL_VS_PLASMA_CELL_UP	0.2723755862543871			
GSE6092_UNSTIM_VS_IFNG_STIM_AND_B_BURGDORFERI_INF_ENDOTHELIAL_CELL_DN	0.2723593500168653			
GO_POSITIVE_REGULATION_OF_OXIDATIVE_PHOSPHORYLATION	0.2723498846889089			
GO_MODULATION_OF_EXCITATORY_POSTSYNAPTIC_POTENTIAL	0.272340330465882			
LEIN_PONS_MARKERS	0.2723381394824564			
GSE360_T_GONDII_VS_B_MALAYI_LOW_DOSE_MAC_DN	0.27232029635953514			
GSE32255_UNSTIM_VS_4H_LPS_STIM_DC_DN	0.2723165426913034			
GSE360_HIGH_DOSE_B_MALAYI_VS_M_TUBERCULOSIS_MAC_DN	0.27229111427698505			
GO_REGULATION_OF_FLAGELLATED_SPERM_MOTILITY	0.2722763197093079			
MIR6889_3P	0.27225827859883206			
GO_PHAGOCYTIC_VESICLE_MEMBRANE	0.27224913126193767			
GO_OLIGOSACCHARIDE_METABOLIC_PROCESS	0.2722383914100959			
GO_FUNGIFORM_PAPILLA_MORPHOGENESIS	0.27222763867122446			
REACTOME_PURINE_CATABOLISM	0.27222613719277783			
CAIRO_HEPATOBLASTOMA_UP	0.2722129984603027			
ZNF318_TARGET_GENES	0.2721588934506153			
GSE43955_TH0_VS_TGFB_IL6_TH17_ACT_CD4_TCELL_10H_DN	0.2720207822171737			
BOYERINAS_ONCOFETAL_TARGETS_OF_LET7A1	0.2720096175450859			
GSE15330_HSC_VS_LYMPHOID_PRIMED_MULTIPOTENT_PROGENITOR_DN	0.27200245466875206			
REACTOME_ARYL_HYDROCARBON_RECEPTOR_SIGNALLING	0.2719891872919675			
GSE12392_IFNAR_KO_VS_IFNB_KO_CD8_NEG_SPLEEN_DC_UP	0.27198675861029153			
IPA_ZNF33A_DN	0.27198425534925375			
GSE25088_CTRL_VS_IL4_AND_ROSIGLITAZONE_STIM_MACROPHAGE_DN	0.2719507984744125			
SATO_SILENCED_BY_DEACETYLATION_IN_PANCREATIC_CANCER	0.2719381482791415			
ZHAN_MULTIPLE_MYELOMA_CD2_DN	0.27193753341268845			
GSE41867_DAY8_EFFECTOR_VS_DAY30_EXHAUSTED_CD8_TCELL_LCMV_CLONE13_UP	0.2718738568150394			
REACTOME_LOSS_OF_FUNCTION_OF_SMAD2_3_IN_CANCER	0.271867979132424			
GSE7831_UNSTIM_VS_INFLUENZA_STIM_PDC_1H_UP	0.27186704876958523			
IPA_IRF3_DN	0.27186647480737053			
CHANG_POU5F1_TARGETS_DN	0.27185464273416454			
GSE37301_MULTIPOTENT_PROGENITOR_VS_GRAN_MONO_PROGENITOR_DN	0.27184453347585985			
GSE7831_UNSTIM_VS_CPG_STIM_PDC_4H_DN	0.2718421797851803			
GO_REGULATION_OF_NERVOUS_SYSTEM_DEVELOPMENT	0.2718349727019754			
GO_CELLULAR_CARBOHYDRATE_CATABOLIC_PROCESS	0.2718036795071972			
YAMAZAKI_TCEB3_TARGETS_DN	0.27177956996670327			
GO_CELLULAR_RESPONSE_TO_DSRNA	0.27177634694648406			
GSE40274_FOXP3_VS_FOXP3_AND_HELIOS_TRANSDUCED_ACTIVATED_CD4_TCELL_UP	0.2717525654347152			
IPA_THRB_DN	0.27174836685781084			
GO_INTRACELLULAR_CALCIUM_ACTIVATED_CHLORIDE_CHANNEL_ACTIVITY	0.2717441452158582			
GSE360_CTRL_VS_M_TUBERCULOSIS_DC_DN	0.27174291548011187			
GO_RESPONSE_TO_PHENYLPROPANOID	0.27173012961713894			
FUJII_YBX1_TARGETS_UP	0.2716846108268994			
GSE36888_UNTREATED_VS_IL2_TREATED_TCELL_6H_DN	0.2716705997492993			
GO_POLARIZED_EPITHELIAL_CELL_DIFFERENTIATION	0.27166928592964695			
GO_POSITIVE_REGULATION_OF_T_CELL_MEDIATED_IMMUNITY	0.2716661220496664			
BENPORATH_SOX2_TARGETS	0.27164648435233796			
GSE23321_CENTRAL_MEMORY_VS_NAIVE_CD8_TCELL_UP	0.2716363197738244			
GO_REPRODUCTION	0.2716314605673868			
GSE17721_POLYIC_VS_PAM3CSK4_8H_BMDC_UP	0.27163138525151576			
GSE28783_ANTI_MIR33_VS_CTRL_ATHEROSCLEROSIS_MACROPHAGE_UP	0.27158166736817096			
GSE19401_UNSTIM_VS_RETINOIC_ACID_AND_PAM2CSK4_STIM_FOLLICULAR_DC_DN	0.2715810665860192			
GO_ESCRT_COMPLEX_DISASSEMBLY	0.2715751333446878			
GO_REGULATION_OF_ADIPONECTIN_SECRETION	0.2715650569487516			
GSE42021_TCONV_PLN_VS_CD24INT_TCONV_THYMUS_DN	0.27155771667413897			
RASHI_NFKB1_TARGETS	0.2715534225630021			
GO_LIVER_REGENERATION	0.2715279002296245			
MIR4653_3P	0.27151218079206496			
GSE43955_TH0_VS_TGFB_IL6_TH17_ACT_CD4_TCELL_4H_DN	0.27146932664329304			
REACTOME_TP53_REGULATES_TRANSCRIPTION_OF_DEATH_RECEPTORS_AND_LIGANDS	0.27143529766265395			
GSE3982_BASOPHIL_VS_EFF_MEMORY_CD4_TCELL_UP	0.27142648823356846			
GO_NEUROTRANSMITTER_RECEPTOR_REGULATOR_ACTIVITY	0.2714232567158573			
GSE5589_WT_VS_IL10_KO_LPS_AND_IL10_STIM_MACROPHAGE_45MIN_DN	0.2714104909594632			
IPA_POU3F1_DN	0.2714092672768923			
GO_HEART_FORMATION	0.2713630680823958			
GO_ACETYLCHOLINE_RECEPTOR_BINDING	0.2713064630016639			
REACTOME_SIGNAL_ATTENUATION	0.27130587002872364			
GSE17721_PAM3CSK4_VS_CPG_1H_BMDC_DN	0.2712801965047677			
MIR6810_3P	0.271261945693698			
GSE17721_CTRL_VS_GARDIQUIMOD_8H_BMDC_DN	0.2712432445367789			
REACTOME_KILLING_MECHANISMS	0.2712251836455536			
IK3_01	0.2711937259915391			
GO_HORMONE_CATABOLIC_PROCESS	0.27119136536854727			
GSE41176_WT_VS_TAK1_KO_ANTI_IGM_STIM_BCELL_3H_DN	0.27118898450316276			
MCBRYAN_TERMINAL_END_BUD_UP	0.27115418490301757			
GO_RESPONSE_TO_RETINOIC_ACID	0.2711380868753693			
BERTUCCI_INVASIVE_CARCINOMA_DUCTAL_VS_LOBULAR_UP	0.2711224596790821			
GSE19401_UNSTIM_VS_RETINOIC_ACID_STIM_FOLLICULAR_DC_UP	0.27110168004152746			
MIR4708_3P	0.27109947583330396			
IPA_GABPB1_UP	0.2710977497161334			
REACTOME_PYRIMIDINE_SALVAGE	0.2710963616902208			
GSE360_HIGH_DOSE_B_MALAYI_VS_M_TUBERCULOSIS_DC_DN	0.27108062783359693			
GSE28449_WT_VS_LRF_KO_GERMINAL_CENTER_BCELL_UP	0.27107694337848326			
DAZARD_RESPONSE_TO_UV_SCC_DN	0.2710228605862333			
GSE10240_IL22_VS_IL22_AND_IL17_STIM_PRIMARY_BRONCHIAL_EPITHELIAL_CELLS_UP	0.2710221372986477			
GO_RESPONSE_TO_MITOCHONDRIAL_DEPOLARISATION	0.2710204708309698			
BAELDE_DIABETIC_NEPHROPATHY_UP	0.27101809654876863			
REACTOME_KERATAN_SULFATE_DEGRADATION	0.27100811646917855			
GSE39820_IL1B_IL6_VS_IL1B_IL6_IL23A_TREATED_CD4_TCELL_DN	0.27100344262616455			
IPA_BNIP3_UP	0.27099605791593506			
REACTOME_ACTIVATION_OF_PPARGC1A_PGC_1ALPHA_BY_PHOSPHORYLATION	0.27099401283738245			
AP4_01	0.27097691692343995			
RYAAAKNNNNNNTTGW_UNKNOWN	0.27096987818830415			
GO_ANTIGEN_PROCESSING_AND_PRESENTATION_OF_PEPTIDE_ANTIGEN_VIA_MHC_CLASS_IB	0.27085687805011255			
GO_CELLULAR_RESPONSE_TO_XENOBIOTIC_STIMULUS	0.27082874160950193			
GO_POSITIVE_REGULATION_OF_TRANSPORT	0.27082819519910284			
GO_RESPONSE_TO_OLEIC_ACID	0.27082039099523403			
GO_VESICLE_FUSION_WITH_GOLGI_APPARATUS	0.2707939172251473			
GSE35685_CD34POS_CD38NEG_VS_CD34POS_CD10POS_BONE_MARROW_DN	0.2707884115544893			
GSE9650_EFFECTOR_VS_EXHAUSTED_CD8_TCELL_UP	0.2707413111378202			
KEGG_RETINOL_METABOLISM	0.2707254653126732			
REACTOME_BETA_OXIDATION_OF_PRISTANOYL_COA	0.27072253259944107			
GO_MODIFICATION_BY_SYMBIONT_OF_HOST_MORPHOLOGY_OR_PHYSIOLOGY	0.2707090800392145			
GO_CELL_GROWTH	0.2707043272827448			
KEGG_GLUTATHIONE_METABOLISM	0.27068881051464216			
GO_AXON	0.2706863207603892			
RYBP_TARGET_GENES	0.27067702316258635			
GO_NEGATIVE_REGULATION_OF_ENDOPLASMIC_RETICULUM_UNFOLDED_PROTEIN_RESPONSE	0.2706758677664366			
ZHANG_ANTIVIRAL_RESPONSE_TO_RIBAVIRIN_DN	0.27067260854414577			
GO_ORGANIC_HYDROXY_COMPOUND_CATABOLIC_PROCESS	0.2706520561987096			
REACTOME_NEUTROPHIL_DEGRANULATION	0.2706510696970743			
NFXL1_TARGET_GENES	0.27064641689740554			
GO_APOPTOTIC_PROCESS_INVOLVED_IN_HEART_MORPHOGENESIS	0.27063759480827887			
GO_POSITIVE_REGULATION_OF_LIPID_BIOSYNTHETIC_PROCESS	0.2706299958707544			
GO_CERAMIDE_CATABOLIC_PROCESS	0.2705929109661311			
GSE17721_LPS_VS_CPG_4H_BMDC_UP	0.2705776891692754			
GO_PARASYMPATHETIC_NERVOUS_SYSTEM_DEVELOPMENT	0.27057182029764143			
HOLLERN_EMT_BREAST_TUMOR_DN	0.27056361003735563			
TORCHIA_TARGETS_OF_EWSR1_FLI1_FUSION_TOP20_DN	0.2705416922798645			
GO_POSITIVE_REGULATION_OF_RNA_BINDING	0.2705391977304814			
REACTOME_GLYCOGEN_METABOLISM	0.27051961122920604			
GSE25123_IL4_VS_IL4_AND_ROSIGLITAZONE_STIM_PPARG_KO_MACROPHAGE_DAY10_DN	0.27051642324248787			
GO_NEGATIVE_REGULATION_OF_CELL_DEVELOPMENT	0.2705097471804319			
GO_POSITIVE_REGULATION_OF_STEROID_BIOSYNTHETIC_PROCESS	0.2704699013021421			
GO_REGULATION_OF_VASOCONSTRICTION	0.2704649322238115			
GO_REGULATION_OF_NEUROTRANSMITTER_LEVELS	0.27046071897693735			
GSE21927_BALBC_VS_C57BL6_MONOCYTE_SPLEEN_DN	0.2704552278988922			
STAMBOLSKY_TARGETS_OF_MUTATED_TP53_UP	0.27045305278173154			
GSE5455_EX_VIVO_VS_POST_24H_INCUBATION_MONOCYTES_FROM_TUMOR_BEARING_MOUSE_UP	0.2704189229192993			
GSE8921_UNSTIM_0H_VS_TLR1_2_STIM_MONOCYTE_24H_UP	0.2703710168078108			
GO_CARDIAC_MUSCLE_CELL_DIFFERENTIATION	0.2703353478265129			
GSE8685_IL2_ACT_IL2_STARVED_VS_IL21_ACT_IL2_STARVED_CD4_TCELL_UP	0.2703311773846742			
GSE40274_FOXP3_VS_FOXP3_AND_IRF4_TRANSDUCED_ACTIVATED_CD4_TCELL_UP	0.27032529867668537			
REACTOME_MUSCLE_CONTRACTION	0.2703010003805772			
REACTOME_COMPLEMENT_CASCADE	0.2702829296541733			
GSE21546_WT_VS_SAP1A_KO_ANTI_CD3_STIM_DP_THYMOCYTES_UP	0.2702358289454158			
VECCHI_GASTRIC_CANCER_ADVANCED_VS_EARLY_DN	0.27022899104173953			
IPA_HIF1AN_UP	0.2701833866968809			
GO_POSITIVE_REGULATION_OF_CATALYTIC_ACTIVITY	0.2701733510553906			
IIZUKA_LIVER_CANCER_PROGRESSION_G2_G3_UP	0.27016368602127433			
IPA_SPIC_UP	0.2701527607911531			
MIR147A	0.2701398549173837			
GSE19923_HEB_KO_VS_HEB_AND_E2A_KO_DP_THYMOCYTE_DN	0.27013010926767494			
IPA_PAF1_UP	0.2701286022630946			
PID_RXR_VDR_PATHWAY	0.27010411423731556			
GO_CARBOHYDRATE_BIOSYNTHETIC_PROCESS	0.2701035934335341			
GSE17721_LPS_VS_CPG_8H_BMDC_UP	0.2700919557432618			
GO_NEURON_PROJECTION	0.27006999533043596			
GO_VASODILATION	0.2700638663667467			
REACTOME_THE_RETINOID_CYCLE_IN_CONES_DAYLIGHT_VISION	0.2700632223947986			
GO_POSITIVE_REGULATION_OF_AUTOPHAGY	0.2700582743363489			
GSE37532_WT_VS_PPARG_KO_LN_TCONV_DN	0.2700472353507301			
GO_NEGATIVE_REGULATION_OF_NITRIC_OXIDE_METABOLIC_PROCESS	0.27002458396385476			
REACTOME_INLB_MEDIATED_ENTRY_OF_LISTERIA_MONOCYTOGENES_INTO_HOST_CELL	0.2700224610010199			
GSE22886_NAIVE_VS_IGM_MEMORY_BCELL_DN	0.2700197615640369			
GO_RIBOFLAVIN_TRANSMEMBRANE_TRANSPORTER_ACTIVITY	0.26999447882843236			
GO_RIBOFLAVIN_TRANSPORT	0.26999447882843236			
SA_MMP_CYTOKINE_CONNECTION	0.2699901936304631			
IPA_CDK1_UP	0.2699714053213854			
GO_CELLULAR_RESPONSE_TO_ZINC_ION	0.269967313894048			
TSENG_IRS1_TARGETS_UP	0.26996015087253206			
GSE43863_TH1_VS_TFH_EFFECTOR_CD4_TCELL_UP	0.2699562405479153			
GO_REGULATION_OF_CYSTEINE_TYPE_ENDOPEPTIDASE_ACTIVITY	0.2699512501376172			
GO_ESTABLISHMENT_OF_MITOTIC_SPINDLE_LOCALIZATION	0.2699131352104343			
GSE17721_LPS_VS_PAM3CSK4_8H_BMDC_DN	0.2699114525722941			
GO_CELLULAR_RESPONSE_TO_OXYGEN_CONTAINING_COMPOUND	0.2699067252756942			
REACTOME_PYRUVATE_METABOLISM	0.2699054056227334			
REACTOME_PEPTIDE_HORMONE_METABOLISM	0.2699042431309993			
SEIDEN_MET_SIGNALING	0.26989363510278286			
MIR9986	0.26988723128722814			
GO_NEGATIVE_REGULATION_OF_ALPHA_BETA_T_CELL_DIFFERENTIATION	0.269877312334345			
KEGG_ETHER_LIPID_METABOLISM	0.26985952984537187			
GO_TETRAPYRROLE_METABOLIC_PROCESS	0.269850657079387			
GSE16697_CD4_TCELL_VS_TFH_CD4_TCELL_DN	0.26984410287944594			
GSE26030_UNSTIM_VS_RESTIM_TH17_DAY15_POST_POLARIZATION_UP	0.2697944503433185			
PAX6_TARGET_GENES	0.26977936315019735			
REACTOME_DEFECTIVE_LFNG_CAUSES_SCDO3	0.26971485510171916			
GO_POSITIVE_REGULATION_OF_TROPHOBLAST_CELL_MIGRATION	0.26966566488898375			
GO_TUMOR_NECROSIS_FACTOR_ACTIVATED_RECEPTOR_ACTIVITY	0.2696489188431166			
MIR18A_5P_MIR18B_5P	0.26964244219640554			
REACTOME_CYTOCHROME_P450_ARRANGED_BY_SUBSTRATE_TYPE	0.26962866593738727			
GO_REGULATION_OF_HEART_RATE	0.26962609334603377			
GSE360_CTRL_VS_B_MALAYI_LOW_DOSE_MAC_UP	0.26961651037439543			
GSE22935_24H_VS_48H_MBOVIS_BCG_STIM_MYD88_KO_MACROPHAGE_DN	0.2696155096311114			
GO_POSITIVE_REGULATION_OF_MITOCHONDRIAL_CALCIUM_ION_CONCENTRATION	0.26960946203860686			
GO_AUTOLYSOSOME	0.26960026374397916			
GSE7509_DC_VS_MONOCYTE_DN	0.26957097571482563			
GO_NEGATIVE_REGULATION_OF_TYROSINE_PHOSPHORYLATION_OF_STAT_PROTEIN	0.26956938505278183			
GO_ENDOPEPTIDASE_ACTIVATOR_ACTIVITY	0.26953430194021555			
MULLIGHAN_NPM1_MUTATED_SIGNATURE_1_UP	0.26953241712329506			
GO_MICROBODY_LUMEN	0.2695314214588771			
MIR4716_3P	0.2695048177466689			
GO_MORPHOGEN_ACTIVITY	0.2694951053827043			
GO_REGULATION_OF_SODIUM_ION_TRANSMEMBRANE_TRANSPORTER_ACTIVITY	0.26946174022166275			
GO_RESPONSE_TO_LAMINAR_FLUID_SHEAR_STRESS	0.26945864632749844			
GO_NEGATIVE_REGULATION_OF_VASOCONSTRICTION	0.269438263155526			
MIR500B_3P	0.26942344559212733			
MIR4794	0.2694076456702686			
GSE34515_CD16_POS_MONOCYTE_VS_DC_UP	0.26940012926605045			
GSE3920_IFNA_VS_IFNB_TREATED_ENDOTHELIAL_CELL_UP	0.26939726083758625			
GO_NEGATIVE_REGULATION_OF_INTERLEUKIN_8_PRODUCTION	0.26938498358436885			
GSE17974_IL4_AND_ANTI_IL12_VS_UNTREATED_6H_ACT_CD4_TCELL_DN	0.26938163169448076			
GSE37534_UNTREATED_VS_PIOGLITAZONE_TREATED_CD4_TCELL_PPARG1_AND_FOXP3_TRASDUCED_DN	0.26936948919974046			
GSE27786_CD8_TCELL_VS_NEUTROPHIL_DN	0.2693635030573536			
EN1_01	0.2693603993883988			
GO_UDP_GLUCOSE_METABOLIC_PROCESS	0.26931939208778516			
HUTTMANN_B_CLL_POOR_SURVIVAL_UP	0.26929895020093364			
MIR200A_5P	0.26928937837673794			
GO_INFLAMMATORY_CELL_APOPTOTIC_PROCESS	0.26928712596668686			
GO_POTASSIUM_CHANNEL_INHIBITOR_ACTIVITY	0.2692733777722311			
LYF1_01	0.2692455154739317			
SOX10_TARGET_GENES	0.2692445500140133			
WALLACE_PROSTATE_CANCER_RACE_DN	0.26921486309099346			
QUINTENS_EMBRYONIC_BRAIN_RESPONSE_TO_IR	0.2692019624863821			
WANG_NFKB_TARGETS	0.26918353538198125			
GO_POSITIVE_REGULATION_OF_SMOOTH_MUSCLE_CELL_MIGRATION	0.2691834311247664			
SIG_PIP3_SIGNALING_IN_CARDIAC_MYOCTES	0.26917917324459023			
GO_MODIFICATION_OF_MORPHOLOGY_OR_PHYSIOLOGY_OF_OTHER_ORGANISM_INVOLVED_IN_SYMBIOTIC_INTERACTION	0.2691778043770131			
MIR5690	0.26917396106060054			
GO_POSITIVE_REGULATION_OF_MULTICELLULAR_ORGANISMAL_PROCESS	0.2691487236347825			
REACTOME_FATTY_ACIDS_BOUND_TO_GPR40_FFAR1_REGULATE_INSULIN_SECRETION	0.2690762239055944			
PELLICCIOTTA_HDAC_IN_ANTIGEN_PRESENTATION_DN	0.2690695777977159			
GO_EOSINOPHIL_CHEMOTAXIS	0.269051237106315			
DACOSTA_UV_RESPONSE_VIA_ERCC3_XPCS_UP	0.2690365312633841			
GO_PROTEIN_N_LINKED_GLYCOSYLATION	0.26903282728301586			
MIR3690	0.2690261458311561			
GO_OXIDOREDUCTASE_ACTIVITY_ACTING_ON_A_SULFUR_GROUP_OF_DONORS_OXYGEN_AS_ACCEPTOR	0.26901750785667844			
GO_RESPONSE_TO_NITROGEN_COMPOUND	0.2690055692431351			
REACTOME_SYNTHESIS_OF_BILE_ACIDS_AND_BILE_SALTS_VIA_27_HYDROXYCHOLESTEROL	0.26899613037133213			
GO_STRIATED_MUSCLE_ATROPHY	0.2689818307945224			
REACTOME_DISASSEMBLY_OF_THE_DESTRUCTION_COMPLEX_AND_RECRUITMENT_OF_AXIN_TO_THE_MEMBRANE	0.2689573118848473			
GSE20727_ROS_INH_VS_ROS_INH_AND_DNFB_ALLERGEN_TREATED_DC_UP	0.2689480503050617			
GSE4535_BM_DERIVED_DC_VS_FOLLICULAR_DC_UP	0.2689321737667174			
IPA_MYOD1_DN	0.2689049601823997			
GO_CEREBELLAR_GRANULAR_LAYER_MORPHOGENESIS	0.26887063870349914			
GO_RESPONSE_TO_HYDROPEROXIDE	0.26883689582224013			
BENPORATH_SUZ12_TARGETS	0.26881690673970376			
GO_LENS_DEVELOPMENT_IN_CAMERA_TYPE_EYE	0.2688081565992983			
IPA_SP3_UP	0.2687856270029208			
GSE39820_CTRL_VS_TGFBETA1_IL6_IL23A_CD4_TCELL_DN	0.26877769785239963			
GSE360_LOW_DOSE_B_MALAYI_VS_M_TUBERCULOSIS_DC_DN	0.26877328223883723			
WAGNER_APO2_SENSITIVITY	0.2687693280410575			
GTGCCAA_MIR96	0.26873700170646253			
MIR4501	0.2686798050061045			
GO_MODIFICATION_OF_POSTSYNAPTIC_ACTIN_CYTOSKELETON	0.26865315808590906			
WANG_RESPONSE_TO_BEXAROTENE_DN	0.2686414527014056			
GO_PROTEIN_LOCALIZATION_TO_CELL_CORTEX	0.2686103925105973			
GSE21546_WT_VS_SAP1A_KO_DP_THYMOCYTES_UP	0.2685894061209847			
LIU_VMYB_TARGETS_UP	0.2685745475524918			
GSE9988_LOW_LPS_VS_VEHICLE_TREATED_MONOCYTE_UP	0.2685423677312329			
GSE17721_CPG_VS_GARDIQUIMOD_12H_BMDC_UP	0.2685316560623007			
GO_CELL_CELL_SIGNALING_INVOLVED_IN_CARDIAC_CONDUCTION	0.26850404563697117			
GO_CLEAVAGE_FURROW	0.26848509014494515			
GERHOLD_RESPONSE_TO_TZD_DN	0.2684802553469985			
GO_CELL_FATE_SPECIFICATION	0.2683840091079262			
HECKER_IFNB1_TARGETS	0.26834353429412744			
REACTOME_VEGFR2_MEDIATED_CELL_PROLIFERATION	0.26833532859724607			
GSE36476_YOUNG_VS_OLD_DONOR_MEMORY_CD4_TCELL_40H_TSST_ACT_DN	0.2683291606626196			
BROWNE_HCMV_INFECTION_2HR_UP	0.2683284218563537			
GO_VASCULAR_SMOOTH_MUSCLE_CELL_DEVELOPMENT	0.2683228400695057			
GSE43955_TH0_VS_TGFB_IL6_TH17_ACT_CD4_TCELL_52H_DN	0.2683092481236608			
VALK_AML_CLUSTER_10	0.2683088046024297			
GSE360_DC_VS_MAC_B_MALAYI_HIGH_DOSE_DN	0.26829385768715125			
GRYDER_PAX3FOXO1_ENHANCERS_IN_TADS	0.2682917219535465			
TURJANSKI_MAPK7_TARGETS	0.2682811229890396			
GSE19198_CTRL_VS_IL21_TREATED_TCELL_6H_DN	0.2682652740608208			
RICKMAN_HEAD_AND_NECK_CANCER_E	0.2682646716364673			
GO_DEVELOPMENT_OF_PRIMARY_FEMALE_SEXUAL_CHARACTERISTICS	0.2682612526268306			
JI_CARCINOGENESIS_BY_KRAS_AND_STK11_UP	0.26820000096677815			
GO_REGULATION_OF_PROTEIN_LOCALIZATION_TO_SYNAPSE	0.2681906990612636			
GSE29618_LAIV_VS_TIV_FLU_VACCINE_DAY7_BCELL_UP	0.2681896015819568			
GSE17186_BLOOD_VS_CORD_BLOOD_CD21HIGH_TRANSITIONAL_BCELL_UP	0.26814329782386015			
GO_PROTEIN_KINASE_C_SIGNALING	0.2681418321446862			
IPA_HDAC2_UP	0.26813814108360096			
GSE37416_CTRL_VS_24H_F_TULARENSIS_LVS_NEUTROPHIL_DN	0.2681308340756996			
GSE27786_CD4_TCELL_VS_NKCELL_DN	0.26810624909710085			
GO_OSTEOBLAST_PROLIFERATION	0.2680996831401683			
GO_CENTRAL_NERVOUS_SYSTEM_MYELIN_MAINTENANCE	0.2680763693042539			
IL15_UP.V1_UP	0.26807435232436627			
IVANOV_MUTATED_IN_COLON_CANCER	0.2680705082434202			
SEITZ_NEOPLASTIC_TRANSFORMATION_BY_8P_DELETION_DN	0.2680672494092623			
IPA_DNAJC1_UP	0.26800358494711607			
GO_2_IRON_2_SULFUR_CLUSTER_BINDING	0.2679933486795406			
GO_ICOSANOID_BIOSYNTHETIC_PROCESS	0.26798857618580474			
MIR8061	0.26797795231055965			
MIR6801_3P	0.2679631678423905			
DEBIASI_APOPTOSIS_BY_REOVIRUS_INFECTION_DN	0.26794474680209895			
GO_SKELETAL_MUSCLE_FIBER_DIFFERENTIATION	0.26794454347551844			
FXR_IR1_Q6	0.2679423804855299			
REACTOME_ANTIGEN_PRESENTATION_FOLDING_ASSEMBLY_AND_PEPTIDE_LOADING_OF_CLASS_I_MHC	0.26794190864853396			
ZHAN_MULTIPLE_MYELOMA_SPIKED	0.26792500299742517			
GO_ER_ASSOCIATED_MISFOLDED_PROTEIN_CATABOLIC_PROCESS	0.26790626317932514			
GO_URETER_MORPHOGENESIS	0.2679035333130451			
WU_HBX_TARGETS_2_DN	0.26789223579591626			
GO_POSITIVE_REGULATION_OF_HAIR_FOLLICLE_MATURATION	0.26785750031876565			
GSE41867_DAY15_EFFECTOR_VS_DAY30_EXHAUSTED_CD8_TCELL_LCMV_CLONE13_UP	0.2678423158279511			
GO_RESPONSE_TO_L_ASCORBIC_ACID	0.2678252473556925			
GSE17721_LPS_VS_POLYIC_4H_BMDC_UP	0.2678029089876952			
GO_REGULATION_OF_PROTEIN_POLYMERIZATION	0.26773065140500585			
LINDSTEDT_DENDRITIC_CELL_MATURATION_D	0.267710550650353			
HEN1_01	0.26771054317975146			
GSE17721_0.5H_VS_12H_LPS_BMDC_DN	0.2676917045047094			
GSE360_L_MAJOR_VS_T_GONDII_DC_UP	0.26767684025925126			
GSE2128_C57BL6_VS_NOD_THYMOCYTE_MIMETOPE_NEGATIVE_SELECTION_UP	0.2676668073075663			
TAVOR_CEBPA_TARGETS_UP	0.2676266839566372			
KAPOSI_LIVER_CANCER_MET_DN	0.26761988329927566			
KEGG_PROTEIN_EXPORT	0.26759378333039807			
GSE15750_WT_VS_TRAF6KO_DAY10_EFF_CD8_TCELL_UP	0.2675937388206732			
GO_MESENCHYMAL_CELL_DIFFERENTIATION_INVOLVED_IN_KIDNEY_DEVELOPMENT	0.2675761367001661			
GO_ALVEOLAR_LAMELLAR_BODY	0.26755633157076647			
chr1q41	0.26755429123578767			
GO_REGULATION_OF_RESPONSE_TO_STRESS	0.26754553297740796			
GO_REGULATION_OF_CARDIAC_MUSCLE_CELL_ACTION_POTENTIAL_INVOLVED_IN_REGULATION_OF_CONTRACTION	0.2675332047804449			
GO_NEUROMUSCULAR_JUNCTION	0.26751270586580445			
BIOCARTA_INTEGRIN_PATHWAY	0.2675113716588721			
GSE43955_1H_VS_60H_ACT_CD4_TCELL_DN	0.26750593538044104			
GSE22886_NAIVE_VS_IGG_IGA_MEMORY_BCELL_DN	0.26749248295266653			
KENNY_CTNNB1_TARGETS_UP	0.2674911787290967			
GSE34515_CD16_NEG_MONOCYTE_VS_DC_UP	0.26748253772841973			
GO_COFACTOR_METABOLIC_PROCESS	0.2674166978841669			
DER_IFN_BETA_RESPONSE_UP	0.26740661318192255			
GSE23321_CENTRAL_VS_EFFECTOR_MEMORY_CD8_TCELL_DN	0.26738842434210863			
GO_REGULATION_OF_TAU_PROTEIN_KINASE_ACTIVITY	0.26737583724962144			
GSE41867_DAY6_VS_DAY8_LCMV_CLONE13_EFFECTOR_CD8_TCELL_UP	0.26737508094551726			
REACTOME_PURINERGIC_SIGNALING_IN_LEISHMANIASIS_INFECTION	0.2673688076737262			
FOXG1_TARGET_GENES	0.2673656735753232			
GO_REGULATION_OF_GLUTAMATE_RECEPTOR_SIGNALING_PATHWAY	0.267356572977774			
DOUGLAS_BMI1_TARGETS_UP	0.2673506736004155			
GO_MOLYBDOPTERIN_COFACTOR_BINDING	0.26732515933230216			
GSE40666_STAT1_KO_VS_STAT4_KO_CD8_TCELL_DN	0.26732288839699			
IPA_PAX3_UP	0.26729923070683326			
GO_PRESYNAPSE_ORGANIZATION	0.267287641474865			
LINDGREN_BLADDER_CANCER_CLUSTER_2A_DN	0.26728229733828013			
GO_ENDOCRINE_PROCESS	0.267277494670869			
GO_EXTRACELLULAR_MATRIX_CONSTITUENT_SECRETION	0.26725667215201665			
GSE26495_NAIVE_VS_PD1LOW_CD8_TCELL_DN	0.2672444995288232			
REACTOME_SHC1_EVENTS_IN_ERBB4_SIGNALING	0.267203509607783			
GO_WOUND_HEALING_SPREADING_OF_EPIDERMAL_CELLS	0.2671899696137522			
GO_REGULATION_OF_BRANCHING_INVOLVED_IN_PROSTATE_GLAND_MORPHOGENESIS	0.2671726718742885			
GSE9988_LPS_VS_LPS_AND_ANTI_TREM1_MONOCYTE_UP	0.26715949102702735			
MIR452_3P	0.26714816126138713			
GO_NEGATIVE_REGULATION_OF_LIPID_METABOLIC_PROCESS	0.2671323320103894			
GO_EPHRIN_RECEPTOR_BINDING	0.26708076964727634			
GO_ACIDIC_AMINO_ACID_TRANSPORT	0.26707146700836604			
GO_ATF6_MEDIATED_UNFOLDED_PROTEIN_RESPONSE	0.26705153589632596			
GSE14308_TH1_VS_TH17_UP	0.26704640234833593			
GO_NEGATIVE_REGULATION_OF_TRANSPORT	0.2670395067668129			
MARKEY_RB1_ACUTE_LOF_DN	0.2670095826556234			
IPA_GLI1_DN	0.2669869388515584			
GO_NEGATIVE_REGULATION_OF_PROTEIN_LOCALIZATION_TO_CELL_SURFACE	0.2669321829225265			
MANN_RESPONSE_TO_AMIFOSTINE_UP	0.26687037377568423			
GO_REGULATION_OF_CELLULAR_RESPONSE_TO_DRUG	0.2668614719749515			
KEGG_PORPHYRIN_AND_CHLOROPHYLL_METABOLISM	0.2668558963106093			
GSE17974_IL4_AND_ANTI_IL12_VS_UNTREATED_4H_ACT_CD4_TCELL_DN	0.26684734678884153			
KORKOLA_CHORIOCARCINOMA_UP	0.2668269236669225			
GSE15733_BM_VS_SPLEEN_MEMORY_CD4_TCELL_UP	0.26681740001169535			
GO_T_HELPER_1_CELL_CYTOKINE_PRODUCTION	0.2668138409331588			
GO_NEGATIVE_REGULATION_OF_CREB_TRANSCRIPTION_FACTOR_ACTIVITY	0.26681357313540155			
GO_REGULATION_OF_DOPAMINERGIC_NEURON_DIFFERENTIATION	0.2667900530747004			
IPA_CREB3L1_UP	0.2667838506091438			
GSE19923_E2A_KO_VS_HEB_AND_E2A_KO_DP_THYMOCYTE_UP	0.26675897034830404			
GSE22935_WT_VS_MYD88_KO_MACROPHAGE_12H_MBOVIS_BCG_STIM_DN	0.26675304493661617			
GO_TONIC_SMOOTH_MUSCLE_CONTRACTION	0.26675216609201147			
GSE22886_CD8_VS_CD4_NAIVE_TCELL_UP	0.2667438878655668			
MIR4736	0.26673277018664104			
GO_LABYRINTHINE_LAYER_DEVELOPMENT	0.2667264930208304			
ZNF354C_TARGET_GENES	0.26672204024875673			
SEMBA_FHIT_TARGETS_UP	0.2667172127899368			
GSE3337_4H_VS_16H_IFNG_IN_CD8POS_DC_UP	0.2667111696973704			
REACTOME_TFAP2_AP_2_FAMILY_REGULATES_TRANSCRIPTION_OF_CELL_CYCLE_FACTORS	0.2667067758360885			
GO_REGULATION_OF_PEPTIDYL_TYROSINE_PHOSPHORYLATION	0.2667062901170414			
GO_REGULATION_OF_MYOBLAST_DIFFERENTIATION	0.26670381935434695			
GRHL1_TARGET_GENES	0.2666990438490216			
GO_ANTIGEN_PROCESSING_AND_PRESENTATION_OF_ENDOGENOUS_PEPTIDE_ANTIGEN	0.26669888875176917			
FOURNIER_ACINAR_DEVELOPMENT_LATE_2	0.26669478207885894			
GO_TRACHEA_CARTILAGE_DEVELOPMENT	0.26668497565068655			
BMI1_DN_MEL18_DN.V1_DN	0.26667645015144065			
GO_CULLIN_FAMILY_PROTEIN_BINDING	0.2666513331225727			
MIR518A_3P_MIR518B_MIR518C_3P_MIR518D_3P_MIR518F_3P_MIR526A_3P	0.2666446915619273			
REACTOME_TRANSPORT_OF_BILE_SALTS_AND_ORGANIC_ACIDS_METAL_IONS_AND_AMINE_COMPOUNDS	0.2666233790491463			
GO_TRANSMEMBRANE_RECEPTOR_PROTEIN_SERINE_THREONINE_KINASE_ACTIVITY	0.2666006865169245			
DORN_ADENOVIRUS_INFECTION_32HR_UP	0.26659849740135183			
GO_LIPOPHAGY	0.2665926958153344			
GGCAGCT_MIR22	0.26658407180933735			
GO_TUMOR_NECROSIS_FACTOR_MEDIATED_SIGNALING_PATHWAY	0.2665609511656218			
GSE11961_FOLLICULAR_BCELL_VS_MEMORY_BCELL_DAY40_UP	0.2665573346163156			
HOSHIDA_LIVER_CANCER_LATE_RECURRENCE_UP	0.26655595895390133			
GO_GLUTAMATE_SECRETION	0.2665367353722251			
GO_OXIDOREDUCTASE_ACTIVITY_ACTING_ON_THE_CH_CH_GROUP_OF_DONORS_QUINONE_OR_RELATED_COMPOUND_AS_ACCEPTOR	0.2665178175567421			
REACTOME_INTRINSIC_PATHWAY_OF_FIBRIN_CLOT_FORMATION	0.26646064291847693			
GO_NEURON_PROJECTION_EXTENSION	0.266399948005085			
GO_NEGATIVE_REGULATION_OF_GLYCOPROTEIN_BIOSYNTHETIC_PROCESS	0.2663495916689738			
REACTOME_INTERFERON_ALPHA_BETA_SIGNALING	0.2663140604709858			
REACTOME_ZINC_INFLUX_INTO_CELLS_BY_THE_SLC39_GENE_FAMILY	0.26629369413008325			
RPS14_DN.V1_UP	0.26628647364503943			
DEN_INTERACT_WITH_LCA5	0.26624462669154153			
GSE9946_MATURE_STIMULATORY_VS_LISTERIA_INF_MATURE_DC_UP	0.2661999633062206			
GSE28737_BCL6_HET_VS_BCL6_KO_MARGINAL_ZONE_BCELL_DN	0.26618921590662326			
GO_14_3_3_PROTEIN_BINDING	0.26618049334978217			
REN_MIF_TARGETS_DN	0.2661732275402371			
REACTOME_ER_QUALITY_CONTROL_COMPARTMENT_ERQC	0.2661706431275765			
GO_MAINTENANCE_OF_PROTEIN_LOCATION	0.2661663411332274			
OUELLET_OVARIAN_CANCER_INVASIVE_VS_LMP_DN	0.26615090254580265			
GO_REGULATION_OF_MEMBRANE_REPOLARIZATION_DURING_VENTRICULAR_CARDIAC_MUSCLE_CELL_ACTION_POTENTIAL	0.26613227914178805			
IPA_HIF1A_DN	0.26609744779288297			
IVANOVA_HEMATOPOIESIS_MATURE_CELL	0.2660770823194167			
GSE21063_3H_VS_16H_ANTI_IGM_STIM_NFATC1_KOBCELL_UP	0.26607357292149114			
GO_GLIAL_CELL_MIGRATION	0.26605749522846356			
GO_POSITIVE_REGULATION_OF_LIPID_METABOLIC_PROCESS	0.2660152987280473			
GO_CARBOHYDRATE_DERIVATIVE_CATABOLIC_PROCESS	0.2660097500950191			
IPA_EGR3_UP	0.2659924125754623			
GSE29614_CTRL_VS_TIV_FLU_VACCINE_PBMC_2007_UP	0.26598806507559747			
GRUETZMANN_PANCREATIC_CANCER_DN	0.26598455392526493			
GSE1448_CTRL_VS_ANTI_VALPHA2_DP_THYMOCYTE_DN	0.26597159106368135			
REACTOME_POU5F1_OCT4_SOX2_NANOG_ACTIVATE_GENES_RELATED_TO_PROLIFERATION	0.265930599753912			
GO_NEGATIVE_REGULATION_OF_CELL_CELL_ADHESION	0.26592327035505847			
REACTOME_SIGNALING_BY_NOTCH2	0.26591001977735995			
OUELLET_OVARIAN_CANCER_INVASIVE_VS_LMP_UP	0.2659029642457497			
GO_MELANOSOME_MEMBRANE	0.2658726587177783			
GO_CELLULAR_RESPONSE_TO_ORGANIC_CYCLIC_COMPOUND	0.2658425724577748			
GSE2706_R848_VS_LPS_8H_STIM_DC_DN	0.2658362201098607			
GO_VISUAL_BEHAVIOR	0.26582467121690856			
IPA_TP73_DN	0.26582122437605593			
LIU_CDX2_TARGETS_UP	0.2658113365504435			
GO_COFACTOR_BINDING	0.26578674775378713			
HOXC6_TARGET_GENES	0.26577151773585267			
GO_COATED_VESICLE_MEMBRANE	0.2657162113464317			
GO_PEPTIDE_MODIFICATION	0.2657079127446534			
GO_GENITALIA_DEVELOPMENT	0.2657078574227931			
FOSTER_TOLERANT_MACROPHAGE_UP	0.2656981230081716			
GO_REGULATION_OF_CELL_DEVELOPMENT	0.26568736236901164			
PAL_PRMT5_TARGETS_DN	0.2656845757774026			
CRX_NRL_DN.V1_UP	0.2656465701769819			
BIOCARTA_SODD_PATHWAY	0.26562717677737663			
GSE2770_IL12_VS_TGFB_AND_IL12_TREATED_ACT_CD4_TCELL_48H_DN	0.2656166792366325			
GSE36009_WT_VS_NLRP10_KO_DC_LPS_STIM_UP	0.26561270535065146			
LIU_VAV3_PROSTATE_CARCINOGENESIS_UP	0.265610336092556			
GO_INORGANIC_ANION_TRANSMEMBRANE_TRANSPORTER_ACTIVITY	0.2655954007398147			
GSE14908_RESTING_VS_HDM_STIM_CD4_TCELL_NONATOPIC_PATIENT_DN	0.26557168639997425			
GO_IRON_ION_TRANSMEMBRANE_TRANSPORT	0.2655453064626247			
GO_ALCOHOL_METABOLIC_PROCESS	0.26552635394222085			
GO_VACUOLAR_ACIDIFICATION	0.2655135585762988			
GO_ANTIGEN_PROCESSING_AND_PRESENTATION_VIA_MHC_CLASS_IB	0.2654705171402726			
GO_1_PHOSPHATIDYLINOSITOL_BINDING	0.2654669506931769			
GSE5542_IFNG_VS_IFNA_TREATED_EPITHELIAL_CELLS_24H_DN	0.2654641227360563			
GO_REGULATION_OF_PLATELET_ACTIVATION	0.26546199238759605			
GO_RESPONSE_TO_REDOX_STATE	0.26545247498181285			
GO_CIS_GOLGI_NETWORK	0.2654101791579071			
GO_DIGESTION	0.26539219882510656			
GO_REGULATION_OF_CARDIAC_MUSCLE_CELL_MEMBRANE_REPOLARIZATION	0.26539017581645574			
GO_MULTICELLULAR_ORGANISMAL_RESPONSE_TO_STRESS	0.26538996491340305			
HOLLEMAN_VINCRISTINE_RESISTANCE_B_ALL_DN	0.2653843528438574			
GO_POSITIVE_REGULATION_OF_MAP_KINASE_ACTIVITY	0.26535393929523937			
GSE17580_UNINFECTED_VS_S_MANSONI_INF_TEFF_DN	0.2653281154807554			
COUP_DR1_Q6	0.2653125649175669			
GSE40666_STAT1_KO_VS_STAT4_KO_CD8_TCELL_WITH_IFNA_STIM_90MIN_DN	0.26531215045298			
GSE34205_RSV_VS_FLU_INF_INFANT_PBMC_DN	0.26530739662632696			
GO_POSITIVE_REGULATION_OF_PROTEIN_EXIT_FROM_ENDOPLASMIC_RETICULUM	0.2652905407720443			
REACTOME_REGULATION_OF_GENE_EXPRESSION_IN_EARLY_PANCREATIC_PRECURSOR_CELLS	0.26525493040047965			
GO_RETINOID_X_RECEPTOR_BINDING	0.26525426046152756			
GO_NEGATIVE_REGULATION_OF_CYTOLYSIS	0.26524139688695836			
GO_RESPONSE_TO_DEXAMETHASONE	0.2652244582127048			
GO_PLASMA_MEMBRANE_PHOSPHOLIPID_SCRAMBLING	0.26520370571487867			
OHM_METHYLATED_IN_ADULT_CANCERS	0.2652033305002244			
GO_MYOBLAST_FATE_COMMITMENT	0.26519168127754067			
GO_UBIQUITIN_LIKE_PROTEIN_LIGASE_BINDING	0.2651868633817599			
GSE45365_WT_VS_IFNAR_KO_BCELL_UP	0.2651806638467108			
GSE41978_ID2_KO_VS_BIM_KO_KLRG1_LOW_EFFECTOR_CD8_TCELL_UP	0.2651780306961092			
GO_REGULATION_OF_MITOCHONDRIAL_FUSION	0.2651164005219991			
GSE22611_MUTANT_NOD2_TRANSDUCED_VS_CTRL_HEK293T_STIMULATED_WITH_MDP_6H_UP	0.265109816991355			
IPA_SALL4_DN	0.2651033817885445			
GO_UDP_GLUCOSYLTRANSFERASE_ACTIVITY	0.2650973864541341			
GSE21360_PRIMARY_VS_TERTIARY_MEMORY_CD8_TCELL_UP	0.2650930863871279			
GO_POSITIVE_REGULATION_OF_GLYCOPROTEIN_BIOSYNTHETIC_PROCESS	0.26502597664963173			
GSE14308_NAIVE_CD4_TCELL_VS_NATURAL_TREG_DN	0.26499347970931714			
GSE3203_WT_VS_IFNAR1_KO_INFLUENZA_INFECTED_LN_BCELL_DN	0.2649865572440898			
REACTOME_UNFOLDED_PROTEIN_RESPONSE_UPR	0.26496871006323847			
GSE13411_IGM_VS_SWITCHED_MEMORY_BCELL_DN	0.26496326035872253			
REACTOME_DECTIN_1_MEDIATED_NONCANONICAL_NF_KB_SIGNALING	0.2649624288970527			
GSE1460_DP_THYMOCYTE_VS_NAIVE_CD4_TCELL_CORD_BLOOD_DN	0.2649583929978221			
YAO_TEMPORAL_RESPONSE_TO_PROGESTERONE_CLUSTER_12	0.2649216456413056			
GSE411_100MIN_VS_400MIN_IL6_STIM_MACROPHAGE_UP	0.26490215352767876			
KEGG_STEROID_HORMONE_BIOSYNTHESIS	0.2649003674850341			
REACTOME_SERINE_BIOSYNTHESIS	0.26488423700859826			
IPA_RXRA_DN	0.26487744023145743			
REACTOME_LATE_ENDOSOMAL_MICROAUTOPHAGY	0.2648294734508427			
MYBL1_TARGET_GENES	0.2648243951390501			
GO_OXIDOREDUCTASE_ACTIVITY_ACTING_ON_THE_CH_CH_GROUP_OF_DONORS	0.26478881994397996			
GO_CORTISOL_METABOLIC_PROCESS	0.26478296217863817			
GO_NEGATIVE_REGULATION_OF_SYNAPSE_ORGANIZATION	0.2647801826569261			
GO_REGULATION_OF_RETINAL_GANGLION_CELL_AXON_GUIDANCE	0.26476330740417486			
GSE22025_PROGESTERONE_VS_TGFB1_AND_PROGESTERONE_TREATED_CD4_TCELL_UP	0.26471587135377317			
GSE17580_TREG_VS_TEFF_DN	0.26468382284407055			
GSE46606_IRF4HIGH_VS_WT_CD40L_IL2_IL5_DAY3_STIMULATED_BCELL_UP	0.26465698054117526			
GO_POSITIVE_REGULATION_OF_RECEPTOR_CATABOLIC_PROCESS	0.2646327316946111			
HALLMARK_HEDGEHOG_SIGNALING	0.26460624403214844			
GRAHAM_CML_QUIESCENT_VS_NORMAL_DIVIDING_UP	0.2646016495110511			
VALK_AML_CLUSTER_11	0.2645928211293876			
GO_SPECIFICATION_OF_ANIMAL_ORGAN_IDENTITY	0.2645860319672968			
TTANTCA_UNKNOWN	0.2645852518586946			
GSE3982_MEMORY_CD4_TCELL_VS_TH1_DN	0.2645675875813597			
GO_CELLULAR_RESPONSE_TO_HEPARIN	0.26456360842540716			
MATZUK_CUMULUS_EXPANSION	0.26453214802861985			
BIOCARTA_HER2_PATHWAY	0.26451093093240574			
GO_MESODERMAL_CELL_FATE_COMMITMENT	0.2645068386723119			
GO_POSITIVE_REGULATION_OF_EPITHELIAL_TO_MESENCHYMAL_TRANSITION_INVOLVED_IN_ENDOCARDIAL_CUSHION_FORMATION	0.26450190098085957			
IPA_MAFG_UP	0.2644971177910235			
GSE13306_TREG_VS_TCONV_SPLEEN_UP	0.2644830952184354			
GO_BILE_ACID_AND_BILE_SALT_TRANSPORT	0.26447692971573306			
IPA_KDM1A_DN	0.2644735919719858			
GO_FILTRATION_DIAPHRAGM	0.2644691219866242			
GSE13485_DAY1_VS_DAY3_YF17D_VACCINE_PBMC_DN	0.26446337332902836			
REACTOME_CELLULAR_RESPONSE_TO_HYPOXIA	0.26446020243969387			
GSE5589_LPS_VS_LPS_AND_IL10_STIM_IL10_KO_MACROPHAGE_180MIN_DN	0.26441365694722974			
IPA_PAX7_UP	0.2644050203114639			
ZIC3_01	0.2643955878475701			
GSE40273_GATA1_KO_VS_WT_TREG_UP	0.26437904045633237			
GO_ZINC_ION_HOMEOSTASIS	0.2643727233922269			
GO_POSITIVE_REGULATION_OF_CELLULAR_RESPONSE_TO_INSULIN_STIMULUS	0.2643466181854848			
GO_POSITIVE_REGULATION_OF_PROTEIN_CONTAINING_COMPLEX_ASSEMBLY	0.26434094725232465			
GO_REGULATION_OF_VASCULOGENESIS	0.2643352534727119			
GO_POSITIVE_REGULATION_OF_VIRAL_ENTRY_INTO_HOST_CELL	0.264323601564516			
GO_REGULATION_OF_L_GLUTAMATE_IMPORT_ACROSS_PLASMA_MEMBRANE	0.2642779932631758			
RAMJAUN_APOPTOSIS_BY_TGFB1_VIA_SMAD4_DN	0.26427008779380246			
HANSON_HRAS_SIGNALING_VIA_NFKB	0.26424720910032495			
GAVIN_FOXP3_TARGETS_CLUSTER_T4	0.26423970737922237			
GO_REGULATION_OF_AUTOPHAGY	0.26423957981554536			
GO_SUPRAMOLECULAR_POLYMER	0.2642386207660025			
GSE9988_LOW_LPS_VS_CTRL_TREATED_MONOCYTE_UP	0.26423756910016893			
GO_MAINTENANCE_OF_POSTSYNAPTIC_SPECIALIZATION_STRUCTURE	0.26420852819937884			
GO_REGULATION_OF_CELL_FATE_COMMITMENT	0.26418463633680533			
GO_RESPONSE_TO_AXON_INJURY	0.26416419791194734			
HALLMARK_KRAS_SIGNALING_UP	0.26414911884229586			
GO_CELLULAR_RESPONSE_TO_CISPLATIN	0.2641411432690864			
GSE15330_LYMPHOID_MULTIPOTENT_VS_PRO_BCELL_DN	0.2641255080505035			
GO_PROTEIN_MANNOSYLATION	0.2641053948803996			
PID_PS1_PATHWAY	0.2640836204879472			
MIR609	0.2640787356413545			
REACTOME_SCF_SKP2_MEDIATED_DEGRADATION_OF_P27_P21	0.2640773432606181			
GSE39820_CTRL_VS_IL1B_IL6_IL23A_CD4_TCELL_DN	0.26406982836749254			
GSE17721_PAM3CSK4_VS_CPG_24H_BMDC_DN	0.26406610963024835			
GSE20366_TREG_VS_NAIVE_CD4_TCELL_DN	0.2640550990793062			
GSE28130_ACTIVATED_VS_INDUCEED_TREG_DN	0.2640018325134328			
MIR200B_5P	0.26398790474896855			
GO_ORGANELLE_DISASSEMBLY	0.2639624602638692			
GO_PROTEIN_LOCALIZATION_TO_EARLY_ENDOSOME	0.263940067909879			
GO_AUTONOMIC_NERVOUS_SYSTEM_DEVELOPMENT	0.26393495485298235			
GSE2585_CTEC_VS_THYMIC_MACROPHAGE_UP	0.2639102446682919			
GO_NEGATIVE_REGULATION_OF_CARDIOCYTE_DIFFERENTIATION	0.26389986823366945			
GO_REGULATION_OF_DNA_TEMPLATED_TRANSCRIPTION_IN_RESPONSE_TO_STRESS	0.2638918961810578			
GSE41978_KLRG1_HIGH_VS_LOW_EFFECTOR_CD8_TCELL_UP	0.2638864712806474			
GO_MULTICELLULAR_ORGANISMAL_SIGNALING	0.26387207283884895			
DACOSTA_UV_RESPONSE_VIA_ERCC3_TTD_DN	0.2638612558035669			
LINDSTEDT_DENDRITIC_CELL_MATURATION_B	0.2638604765584148			
WANG_RECURRENT_LIVER_CANCER_UP	0.2638604513787732			
GSE7460_TCONV_VS_TREG_THYMUS_UP	0.26385668037405996			
GO_MANNOSYLTRANSFERASE_ACTIVITY	0.26385587400626087			
KLF17_TARGET_GENES	0.2638531309892315			
IPA_TP63_DN	0.26383496858522215			
chr3q28	0.2638242636660966			
GO_REVERSE_CHOLESTEROL_TRANSPORT	0.2638146084462915			
MIR4707_5P	0.26381357398555594			
GO_POSITIVE_REGULATION_OF_CELL_POPULATION_PROLIFERATION	0.26381276766644285			
GSE14308_TH1_VS_NATURAL_TREG_UP	0.26378869094926405			
REACTOME_NEGATIVE_REGULATION_OF_MAPK_PATHWAY	0.26377972891568574			
GO_MYELOID_LEUKOCYTE_MEDIATED_IMMUNITY	0.263775173535466			
GO_PEPTIDYL_TYROSINE_DEPHOSPHORYLATION_INVOLVED_IN_INACTIVATION_OF_PROTEIN_KINASE_ACTIVITY	0.263762842699712			
IPA_HEY1_DN	0.2637533383195373			
RBM34_TARGET_GENES	0.2637394100637064			
BIOCARTA_MONOCYTE_PATHWAY	0.26373271225433176			
GO_MONOCYTE_AGGREGATION	0.2637315043225823			
GSE22935_UNSTIM_VS_24H_MBOVIS_BCG_STIM_MYD88_KO_MACROPHAGE_DN	0.2637043066070948			
GSE12392_IFNAR_KO_VS_IFNB_KO_CD8_NEG_SPLEEN_DC_DN	0.26369555486282237			
DACOSTA_UV_RESPONSE_VIA_ERCC3_XPCS_DN	0.2636338429615358			
GO_LONG_CHAIN_FATTY_ACID_IMPORT_ACROSS_PLASMA_MEMBRANE	0.2636332796804005			
MYLLYKANGAS_AMPLIFICATION_HOT_SPOT_22	0.2636309638327991			
MIR1266_3P	0.2636305899677894			
KEGG_GLYCEROPHOSPHOLIPID_METABOLISM	0.2636204317605276			
PID_VEGFR1_PATHWAY	0.2636185306628961			
GO_EXPLORATION_BEHAVIOR	0.26361753210062344			
DR1_Q3	0.26361716392908985			
GSE411_UNSTIM_VS_100MIN_IL6_STIM_MACROPHAGE_UP	0.2636032639520713			
GSE22611_UNSTIM_VS_6H_MDP_STIM_NOD2_TRANSDUCED_HEK293T_CELL_DN	0.263581502435956			
SARTIPY_BLUNTED_BY_INSULIN_RESISTANCE_UP	0.2635805702885286			
GSE17721_POLYIC_VS_CPG_8H_BMDC_UP	0.26357933242615306			
MIR6814_5P	0.2635648678830276			
GSE45739_UNSTIM_VS_ACD3_ACD28_STIM_WT_CD4_TCELL_DN	0.2635550132925953			
GSE16385_UNTREATED_VS_12H_IFNG_TNF_TREATED_MACROPHAGE_DN	0.2635501405030655			
GO_PROTEIN_PHOSPHATASE_TYPE_2A_COMPLEX	0.2635485907594249			
GO_NEUROTRANSMITTER_UPTAKE	0.2635426230768992			
GO_REGULATION_BY_VIRUS_OF_VIRAL_PROTEIN_LEVELS_IN_HOST_CELL	0.2635360884500284			
REACTOME_HYALURONAN_BIOSYNTHESIS_AND_EXPORT	0.2635359481469384			
GSE36078_UNTREATED_VS_AD5_INF_MOUSE_LUNG_DC_DN	0.26352962333255076			
GSE5589_LPS_VS_LPS_AND_IL10_STIM_IL10_KO_MACROPHAGE_180MIN_UP	0.26352945492258756			
CGGTGTG_MIR220	0.2635097118482267			
IPA_ETV1_DN	0.2635074183648295			
GO_ZYMOGEN_GRANULE	0.26350717490745657			
GSE43955_TH0_VS_TGFB_IL6_TH17_ACT_CD4_TCELL_60H_UP	0.2634929641380827			
E2F2_TARGET_GENES	0.26349206146588006			
IPA_PDX1_DN	0.26349146100418214			
GO_FIBROBLAST_PROLIFERATION	0.26348128739525273			
GO_REGULATION_OF_UBIQUITIN_DEPENDENT_PROTEIN_CATABOLIC_PROCESS	0.2634811197745651			
GO_ER_OVERLOAD_RESPONSE	0.2634769676749696			
GO_PROSTATE_GLAND_GROWTH	0.2634719289496417			
GO_SOMATODENDRITIC_COMPARTMENT	0.26346742625638614			
GO_POSITIVE_REGULATION_OF_MONOCYTE_DIFFERENTIATION	0.26344618845155116			
GSE26290_CTRL_VS_AKT_INHIBITOR_TREATED_ANTI_CD3_AND_IL2_STIM_CD8_TCELL_DN	0.26343541666448106			
VISALA_AGING_LYMPHOCYTE_DN	0.26340329602851165			
GO_POSITIVE_REGULATION_OF_DENDRITE_DEVELOPMENT	0.263390564109374			
MIR6818_5P	0.26338602506459946			
REACTOME_GOLGI_TO_ER_RETROGRADE_TRANSPORT	0.26332400401014844			
REACTOME_GLYCOGEN_SYNTHESIS	0.2633103822372796			
GO_ANION_TRANSMEMBRANE_TRANSPORT	0.263298130150627			
GO_REGULATION_OF_TRANSLATION_AT_SYNAPSE_MODULATING_SYNAPTIC_TRANSMISSION	0.263276412204415			
BIOCARTA_CIRCADIAN_PATHWAY	0.26326570341707833			
GSE21360_NAIVE_VS_SECONDARY_MEMORY_CD8_TCELL_UP	0.263242998853898			
GO_SODIUM_INDEPENDENT_ORGANIC_ANION_TRANSPORT	0.2632271550422858			
GO_FILAMIN_BINDING	0.26319822871078447			
GO_ANTERIOR_POSTERIOR_PATTERN_SPECIFICATION	0.26318858899335945			
IPA_ATF7_UP	0.26318831667731923			
GO_COLLAGEN_TRIMER	0.2631869944546606			
GSE360_L_DONOVANI_VS_M_TUBERCULOSIS_DC_UP	0.2631702732904282			
GSE27859_MACROPHAGE_VS_CD11C_INT_F480_HI_MACROPHAGE_UP	0.26314642946255407			
GO_PROTEIN_PHOSPHORYLATION	0.263115534768076			
GO_DEATH_RECEPTOR_ACTIVITY	0.26310752128257175			
GO_NEGATIVE_REGULATION_OF_MITOCHONDRIAL_OUTER_MEMBRANE_PERMEABILIZATION_INVOLVED_IN_APOPTOTIC_SIGNALING_PATHWAY	0.26309742261849095			
GSE2770_TGFB_AND_IL4_VS_TGFB_AND_IL12_TREATED_ACT_CD4_TCELL_2H_UP	0.2630851776621179			
BROWNE_HCMV_INFECTION_30MIN_UP	0.2630560990798544			
GSE7460_WT_VS_FOXP3_HET_ACT_TCONV_DN	0.2630345489341336			
GO_CRANIAL_NERVE_STRUCTURAL_ORGANIZATION	0.26302540130140195			
GO_RESPONSE_TO_UV_A	0.26302256166638655			
GSE360_CTRL_VS_T_GONDII_MAC_DN	0.26300822337327484			
GO_INOSITOL_PHOSPHATE_MEDIATED_SIGNALING	0.26298502872534274			
GO_PROGRAMMED_NECROTIC_CELL_DEATH	0.2629667003582635			
GO_RESPONSE_TO_MAGNESIUM_ION	0.26296483743326404			
GSE18281_SUBCAPSULAR_VS_CENTRAL_CORTICAL_REGION_OF_THYMUS_UP	0.26295504773245004			
GO_NEGATIVE_REGULATION_OF_NEURON_PROJECTION_DEVELOPMENT	0.26294621724271616			
GO_REGULATION_OF_ALDOSTERONE_METABOLIC_PROCESS	0.2629285571461961			
GO_STRUCTURAL_MOLECULE_ACTIVITY	0.2628999704764188			
GO_POST_ANAL_TAIL_MORPHOGENESIS	0.26289600973971916			
MIR613	0.26287840599329554			
REACTOME_NF_KB_IS_ACTIVATED_AND_SIGNALS_SURVIVAL	0.2628777412922507			
GO_POSITIVE_REGULATION_OF_STEROID_METABOLIC_PROCESS	0.2628694870815034			
GSE24142_EARLY_THYMIC_PROGENITOR_VS_DN3_THYMOCYTE_FETAL_UP	0.26284604256201155			
GO_REGULATION_OF_RENAL_SYSTEM_PROCESS	0.26281804727848385			
GSE2935_UV_INACTIVATED_VS_LIVE_SENDAI_VIRUS_INF_MACROPHAGE_DN	0.262816323071059			
GSE24492_LYVE_NEG_VS_POS_MACROPHAGE_UP	0.2627975574123802			
ASTON_MAJOR_DEPRESSIVE_DISORDER_DN	0.26276733884519016			
LIAN_NEUTROPHIL_GRANULE_CONSTITUENTS	0.262736244680579			
GO_POSITIVE_REGULATION_OF_EPIDERMAL_CELL_DIFFERENTIATION	0.26271975933704733			
GSE28783_CTRL_ANTI_MIR_VS_UNTREATED_ATHEROSCLEROSIS_MACROPHAGE_DN	0.2627030547984491			
GO_STRIATUM_DEVELOPMENT	0.26266798127426016			
STEIN_ESR1_TARGETS	0.2626668754782526			
GO_ATPASE_ACTIVITY_COUPLED_TO_TRANSMEMBRANE_MOVEMENT_OF_IONS_ROTATIONAL_MECHANISM	0.2626469436444583			
GO_CELL_CELL_SIGNALING	0.2626085034116964			
GSE37416_0H_VS_12H_F_TULARENSIS_LVS_NEUTROPHIL_UP	0.2625949593334382			
SRSF4_TARGET_GENES	0.2625936621796217			
REACTOME_ACTIVATED_NTRK2_SIGNALS_THROUGH_CDK5	0.26259080031541054			
REACTOME_SYNAPTIC_ADHESION_LIKE_MOLECULES	0.26258112339641654			
MIR4276	0.2625810309677669			
GSE3982_EFF_MEMORY_CD4_TCELL_VS_TH2_UP	0.26258018897860325			
GO_CELLULAR_RESPONSE_TO_FOLLICLE_STIMULATING_HORMONE_STIMULUS	0.2625422922535482			
GSE30971_CTRL_VS_LPS_STIM_MACROPHAGE_WBP7_KO_4H_DN	0.26253585448835576			
REACTOME_REGULATION_OF_CYTOSKELETAL_REMODELING_AND_CELL_SPREADING_BY_IPP_COMPLEX_COMPONENTS	0.2625234489541096			
MIR100_3P	0.26252014813800284			
MAHAJAN_RESPONSE_TO_IL1A_UP	0.26250940395349925			
GO_REGULATION_OF_FOREBRAIN_NEURON_DIFFERENTIATION	0.2625081421480225			
TCTCTCC_MIR185	0.26250290446810526			
IPA_GLI2_DN	0.2624988325343594			
REACTOME_INTERLEUKIN_1_FAMILY_SIGNALING	0.26245373604583744			
GO_REGULATION_OF_LIPOPROTEIN_LIPASE_ACTIVITY	0.2624245125355112			
GO_METANEPHRIC_TUBULE_FORMATION	0.26240693616615846			
PID_CIRCADIAN_PATHWAY	0.2623971688735623			
GO_MEMBRANE_FUSION	0.26239035080302664			
GO_CLATHRIN_VESICLE_COAT	0.2623848761277731			
GO_MONOCYTE_ACTIVATION	0.26236630573150405			
GSE26030_TH1_VS_TH17_DAY5_POST_POLARIZATION_UP	0.26233667821330175			
GO_NEGATIVE_REGULATION_OF_SUPRAMOLECULAR_FIBER_ORGANIZATION	0.26232955086744575			
REACTOME_NEUROFASCIN_INTERACTIONS	0.26232927545031237			
JOHANSSON_GLIOMAGENESIS_BY_PDGFB_UP	0.2623223867438562			
PID_AR_PATHWAY	0.26231471006217205			
GO_NEGATIVE_REGULATION_OF_METALLOENDOPEPTIDASE_ACTIVITY	0.2622961002697425			
LEE_LIVER_CANCER_E2F1_DN	0.2622898089623916			
MIR598_3P	0.2622873938499529			
XU_RESPONSE_TO_TRETINOIN_AND_NSC682994_UP	0.26228116307688104			
MIR374B_3P	0.26227971316296184			
HERNANDEZ_MITOTIC_ARREST_BY_DOCETAXEL_1_UP	0.26227966367315353			
GO_REGULATION_OF_DNA_DAMAGE_RESPONSE_SIGNAL_TRANSDUCTION_BY_P53_CLASS_MEDIATOR	0.2622745669512074			
GO_ACTIVATION_OF_NF_KAPPAB_INDUCING_KINASE_ACTIVITY	0.26224256177849053			
MTOR_UP.V1_DN	0.26221544295313165			
GO_PROTON_TRANSPORTING_V_TYPE_ATPASE_V0_DOMAIN	0.26220797295305714			
BERENJENO_TRANSFORMED_BY_RHOA_UP	0.2622056323551569			
GSE14000_4H_VS_16H_LPS_DC_UP	0.2621930337723305			
GO_COPI_VESICLE_COAT	0.2621759165044989			
GO_NEGATIVE_REGULATION_OF_BLOOD_VESSEL_DIAMETER	0.2621684760201969			
GSE19888_ADENOSINE_A3R_INH_VS_ACT_IN_MAST_CELL_UP	0.26216259920941665			
GO_PEROXISOME_PROLIFERATOR_ACTIVATED_RECEPTOR_SIGNALING_PATHWAY	0.2621497035071826			
GO_MIDGUT_DEVELOPMENT	0.2621192240570528			
GSE30083_SP2_VS_SP4_THYMOCYTE_DN	0.2621125379351035			
GSE1925_CTRL_VS_3H_IFNG_STIM_MACROPHAGE_DN	0.26209410741338746			
GO_GLUTAMATERGIC_SYNAPSE	0.26207021251346635			
GSE14308_TH1_VS_NAIVE_CD4_TCELL_UP	0.2620581733317405			
GSE21063_CTRL_VS_ANTI_IGM_STIM_BCELL_16H_DN	0.26205396962708294			
TCCATTKW_UNKNOWN	0.2620429511299862			
GO_WNT_SIGNALING_PATHWAY_INVOLVED_IN_HEART_DEVELOPMENT	0.2620415145913024			
CHICAS_RB1_TARGETS_SENESCENT	0.2620239249751752			
GO_REGULATION_OF_ASTROCYTE_ACTIVATION	0.262021657774673			
GO_HINDLIMB_MORPHOGENESIS	0.26201613662773865			
GSE45365_NK_CELL_VS_CD8_TCELL_MCMV_INFECTION_UP	0.26199593332698845			
GSE43955_1H_VS_60H_ACT_CD4_TCELL_UP	0.2619958481209394			
GSE13484_UNSTIM_VS_12H_YF17D_VACCINE_STIM_PBMC_DN	0.26197544207357515			
GO_CYTOKINE_MEDIATED_SIGNALING_PATHWAY	0.26194820440594435			
GO_WHITE_FAT_CELL_DIFFERENTIATION	0.2619423584749138			
GO_LIPASE_BINDING	0.26188964358342054			
BOQUEST_STEM_CELL_CULTURED_VS_FRESH_DN	0.2618620479366239			
GSE3039_NKT_CELL_VS_ALPHABETA_CD8_TCELL_DN	0.2618494003438195			
GO_NEGATIVE_REGULATION_OF_ALPHA_BETA_T_CELL_ACTIVATION	0.2618460699957691			
IPA_CTR9_UP	0.2618158377657154			
GO_NEGATIVE_REGULATION_OF_PROTEIN_BINDING	0.26181185282796615			
ACEVEDO_LIVER_CANCER_WITH_H3K9ME3_DN	0.2618049155138763			
GO_POSITIVE_REGULATION_OF_EXTRACELLULAR_MATRIX_ORGANIZATION	0.2617929962565639			
GO_AXON_ENSHEATHMENT_IN_CENTRAL_NERVOUS_SYSTEM	0.2617852191197686			
BROWNE_HCMV_INFECTION_18HR_DN	0.26177476831163454			
GO_I_KAPPAB_KINASE_NF_KAPPAB_SIGNALING	0.2617714565793426			
GO_TYPE_2_IMMUNE_RESPONSE	0.26175433819223554			
GSE13485_DAY3_VS_DAY7_YF17D_VACCINE_PBMC_DN	0.2617467962310629			
GO_MITOTIC_CELL_CYCLE_ARREST	0.26174440039135477			
GTF2A2_TARGET_GENES	0.2617193454444012			
PID_NEPHRIN_NEPH1_PATHWAY	0.2617135831807255			
GSE9650_EXHAUSTED_VS_MEMORY_CD8_TCELL_DN	0.2617086613575159			
REACTOME_ADRENOCEPTORS	0.26169083345416017			
GSE30083_SP1_VS_SP4_THYMOCYTE_DN	0.26168620113211			
GSE11924_TH2_VS_TH17_CD4_TCELL_UP	0.261663007163487			
GSE3203_UNTREATED_VS_IFNB_TREATED_LN_BCELL_DN	0.26165784005075843			
LEE_CALORIE_RESTRICTION_NEOCORTEX_DN	0.26165024194208286			
GSE17974_IL4_AND_ANTI_IL12_VS_UNTREATED_72H_ACT_CD4_TCELL_DN	0.2616240585375085			
CHEMELLO_SOLEUS_VS_EDL_MYOFIBERS_UP	0.2616081185686916			
LU_TUMOR_ANGIOGENESIS_UP	0.2615951110878511			
GAVIN_FOXP3_TARGETS_CLUSTER_P3	0.261587839664795			
GO_INTRINSIC_APOPTOTIC_SIGNALING_PATHWAY_IN_RESPONSE_TO_DNA_DAMAGE	0.26157860677196093			
GSE19401_UNSTIM_VS_RETINOIC_ACID_AND_PAM2CSK4_STIM_FOLLICULAR_DC_UP	0.26157498741629154			
CTGTTAC_MIR194	0.26157206670621963			
MIR938	0.2615681037187378			
GO_BONE_MINERALIZATION	0.2615662526385326			
GO_POSITIVE_REGULATION_OF_EPITHELIAL_CELL_DIFFERENTIATION_INVOLVED_IN_KIDNEY_DEVELOPMENT	0.2615615848864106			
GO_PROTEIN_C_TERMINUS_BINDING	0.2615606165413874			
GSE36009_UNSTIM_VS_LPS_STIM_DC_UP	0.2615520710215276			
REACTOME_REGULATION_OF_LIPID_METABOLISM_BY_PPARALPHA	0.2615520428853413			
GO_REPRODUCTIVE_BEHAVIOR	0.2615402320546654			
REACTOME_VITAMIN_B2_RIBOFLAVIN_METABOLISM	0.26153879919154366			
GO_ANGIOGENESIS_INVOLVED_IN_WOUND_HEALING	0.2615325164994896			
chr6p12	0.261527397166623			
GO_REGULATION_OF_MAP_KINASE_ACTIVITY	0.261522310465752			
GO_MITOTIC_SPINDLE_ASTRAL_MICROTUBULE	0.2615141788035944			
IPA_TEF_UP	0.26149654224164226			
GSE34006_WT_VS_A2AR_KO_TREG_DN	0.2614929942586592			
GO_POSITIVE_REGULATION_OF_SMOOTH_MUSCLE_CELL_PROLIFERATION	0.26147954302458437			
GO_INTRINSIC_COMPONENT_OF_ENDOPLASMIC_RETICULUM_MEMBRANE	0.26147115220268463			
GSE15659_TREG_VS_TCONV_DN	0.26146485688293186			
GO_RHO_GTPASE_BINDING	0.26146052506262635			
ZIRN_TRETINOIN_RESPONSE_DN	0.26145522691176504			
GSE17301_CTRL_VS_48H_ACD3_ACD28_STIM_CD8_TCELL_DN	0.2614480534317331			
MIR6833_5P	0.2614446078245426			
GSE27786_BCELL_VS_NEUTROPHIL_DN	0.2614238399821874			
GO_LONG_CHAIN_FATTY_ACID_CATABOLIC_PROCESS	0.26142164974854715			
GO_UBIQUITIN_DEPENDENT_PROTEIN_CATABOLIC_PROCESS_VIA_THE_MULTIVESICULAR_BODY_SORTING_PATHWAY	0.261393446910384			
GO_HISTONE_SERINE_PHOSPHORYLATION	0.2613891472330687			
GO_FATTY_ACID_ELONGATION	0.2613830447680605			
MIR874_5P	0.261382568851263			
GO_HEART_INDUCTION	0.2613770497000446			
GO_REGULATION_OF_VIRAL_LIFE_CYCLE	0.2613657200162206			
GO_SODIUM_ION_TRANSPORT	0.2613627143577167			
TST1_01	0.26133095652301397			
GSE28783_ANTI_MIR33_VS_UNTREATED_ATHEROSCLEROSIS_MACROPHAGE_DN	0.2613274531374815			
REACTOME_NEUROTRANSMITTER_CLEARANCE	0.2613247184488945			
GO_NEGATIVE_REGULATION_OF_ENDOTHELIAL_CELL_APOPTOTIC_PROCESS	0.26132470986497397			
MIR4735_3P	0.26131550036799284			
GO_TERTIARY_GRANULE	0.2613129901941014			
REACTOME_NR1H2_NR1H3_REGULATE_GENE_EXPRESSION_LINKED_TO_GLUCONEOGENESIS	0.26130455729655006			
GSE16385_IFNG_TNF_VS_IL4_STIM_MACROPHAGE_UP	0.2613045271298552			
GO_RESPONSE_TO_TUMOR_NECROSIS_FACTOR	0.2612941947359914			
GO_POSITIVE_REGULATION_BY_HOST_OF_VIRAL_GENOME_REPLICATION	0.26129258594353505			
GSE29618_PRE_VS_DAY7_POST_LAIV_FLU_VACCINE_MONOCYTE_UP	0.261273878322807			
LUDWICZEK_TREATING_IRON_OVERLOAD	0.261260165166258			
GO_ACTOMYOSIN_CONTRACTILE_RING_ORGANIZATION	0.2612540845540127			
RASHI_RESPONSE_TO_IONIZING_RADIATION_5	0.26124261584465913			
TURASHVILI_BREAST_NORMAL_DUCTAL_VS_LOBULAR_UP	0.2612408940386243			
GSE22886_NAIVE_BCELL_VS_BLOOD_PLASMA_CELL_DN	0.2612378975327109			
HALLMARK_UNFOLDED_PROTEIN_RESPONSE	0.26123486463185297			
ZNF140_TARGET_GENES	0.2612216734853563			
GSE9037_CTRL_VS_LPS_4H_STIM_IRAK4_KO_BMDM_DN	0.26120461060986655			
GSE17721_CPG_VS_GARDIQUIMOD_2H_BMDC_UP	0.26120159391138253			
GO_CELLULAR_RESPONSE_TO_PEPTIDE_HORMONE_STIMULUS	0.261200158508993			
LOPEZ_EPITHELIOID_MESOTHELIOMA	0.26119020344522226			
GSE37534_UNTREATED_VS_ROSIGLITAZONE_TREATED_CD4_TCELL_PPARG1_AND_FOXP3_TRASDUCED_DN	0.26116348923674204			
GO_INTESTINAL_ABSORPTION	0.26114720783823364			
GO_POSITIVE_REGULATION_OF_PROTEIN_SERINE_THREONINE_KINASE_ACTIVITY	0.2611328298213862			
GO_RESPONSE_TO_HEPARIN	0.26112949107714933			
GO_MITOTIC_NUCLEAR_ENVELOPE_REASSEMBLY	0.2610925414368865			
DACOSTA_LOW_DOSE_UV_RESPONSE_VIA_ERCC3_XPCS_DN	0.26109170994037295			
BOYAULT_LIVER_CANCER_SUBCLASS_G1_UP	0.261087601136005			
GO_ENDOCRINE_HORMONE_SECRETION	0.26106883266173203			
REACTOME_MAPK_FAMILY_SIGNALING_CASCADES	0.2610640677425804			
MATZUK_PREOVULATORY_FOLLICLE	0.2610343379348098			
GO_INTRINSIC_COMPONENT_OF_PLASMA_MEMBRANE	0.26101295734744584			
GO_MEMORY	0.26100859913491997			
GSE9509_10MIN_VS_30MIN_LPS_AND_IL10_STIM_IL10_KO_MACROPHAGE_DN	0.2609768505565447			
GO_PLATELET_MORPHOGENESIS	0.2609646426577574			
GSE19825_NAIVE_VS_DAY3_EFF_CD8_TCELL_UP	0.26096127090135707			
GO_N_ACETYLLACTOSAMINE_SYNTHASE_ACTIVITY	0.260951019648676			
GO_TRANSLOCON_COMPLEX	0.2609505704240741			
GO_CELLULAR_RESPONSE_TO_EXOGENOUS_DSRNA	0.26093717094230884			
BROWNE_HCMV_INFECTION_8HR_DN	0.2609205487664865			
GO_NEGATIVE_REGULATION_OF_BMP_SIGNALING_PATHWAY	0.2609046310143282			
GO_NEGATIVE_REGULATION_OF_AXON_EXTENSION	0.26089202488138186			
GO_NONRIBOSOMAL_PEPTIDE_BIOSYNTHETIC_PROCESS	0.26087684072033085			
GSE10211_UV_INACT_SENDAI_VS_LIVE_SENDAI_VIRUS_TRACHEAL_EPITHELIAL_CELLS_DN	0.260863841097292			
GO_POSITIVE_REGULATION_OF_NATURAL_KILLER_CELL_MEDIATED_IMMUNITY	0.2608454344401968			
IPA_NR2F2_DN	0.2608236710577528			
PID_HNF3A_PATHWAY	0.2607896828015788			
IPA_GABPA_UP	0.26078225605409694			
GSE37533_PPARG1_FOXP3_VS_FOXP3_TRANSDUCED_CD4_TCELL_PIOGLITAZONE_TREATED_UP	0.2607798058252881			
TTCCGTT_MIR191	0.2607572315153438			
SHAFFER_IRF4_TARGETS_IN_ACTIVATED_B_LYMPHOCYTE	0.2607259744937263			
REACTOME_EGFR_TRANSACTIVATION_BY_GASTRIN	0.26069638075366164			
GSE17721_PAM3CSK4_VS_GADIQUIMOD_24H_BMDC_DN	0.2606791491172387			
GLI1_TARGET_GENES	0.26067452572340793			
GSE29618_PRE_VS_DAY7_POST_TIV_FLU_VACCINE_MDC_DN	0.2606724226179045			
GO_REGULATION_OF_RESPONSE_TO_DRUG	0.26067050071811304			
BREDEMEYER_RAG_SIGNALING_VIA_ATM_NOT_VIA_NFKB_DN	0.2606530938201795			
GSE29617_CTRL_VS_DAY7_TIV_FLU_VACCINE_PBMC_2008_UP	0.2606422611390251			
IPA_JUP_UP	0.2606233852543177			
GO_MONOCARBOXYLIC_ACID_TRANSMEMBRANE_TRANSPORTER_ACTIVITY	0.26061193347438677			
GO_TORC2_SIGNALING	0.2606111412739803			
GO_CXCR_CHEMOKINE_RECEPTOR_BINDING	0.26059173423171994			
IPA_PTF1A_DN	0.26058417305609266			
GO_APOLIPOPROTEIN_A_I_MEDIATED_SIGNALING_PATHWAY	0.26058053759221506			
HOLLERN_MICROACINAR_BREAST_TUMOR_DN	0.26055447008592547			
GSE46606_IRF4_KO_VS_WT_CD40L_IL2_IL5_1DAY_STIMULATED_BCELL_DN	0.26055239866479113			
GSE29164_UNTREATED_VS_CD8_TCELL_AND_IL12_TREATED_MELANOMA_DAY7_DN	0.2605441627033167			
IKEDA_MIR133_TARGETS_UP	0.2605391644493912			
GO_POSITIVE_REGULATION_OF_LIPID_LOCALIZATION	0.26052611739337356			
GSE26030_UNSTIM_VS_RESTIM_TH1_DAY5_POST_POLARIZATION_UP	0.26051699835564407			
GO_CELLULAR_MODIFIED_AMINO_ACID_BIOSYNTHETIC_PROCESS	0.2605140502738641			
GO_ACTIVATION_OF_CYSTEINE_TYPE_ENDOPEPTIDASE_ACTIVITY_INVOLVED_IN_APOPTOTIC_PROCESS	0.26050939568988			
GO_POSITIVE_REGULATION_OF_PROTEIN_HOMODIMERIZATION_ACTIVITY	0.26050446445771835			
LEE_EARLY_T_LYMPHOCYTE_DN	0.26048340561178			
GO_POSITIVE_REGULATION_OF_NATURAL_KILLER_CELL_MEDIATED_IMMUNE_RESPONSE_TO_TUMOR_CELL	0.26047044358546273			
GO_SMAD_PROTEIN_SIGNAL_TRANSDUCTION	0.2604679270297888			
ROESSLER_LIVER_CANCER_METASTASIS_DN	0.26045596817088007			
GO_MYELOID_LEUKOCYTE_ACTIVATION	0.2604493895211553			
GSE20727_CTRL_VS_DNFB_ALLERGEN_TREATED_DC_DN	0.26044913420664645			
GO_NEGATIVE_REGULATION_OF_DOUBLE_STRAND_BREAK_REPAIR_VIA_NONHOMOLOGOUS_END_JOINING	0.26042015985587247			
GO_BERGMANN_GLIAL_CELL_DIFFERENTIATION	0.2604146458941043			
GSE3982_BCELL_VS_TH1_DN	0.2604114836603984			
GSE21379_TFH_VS_NON_TFH_SAP_KO_CD4_TCELL_UP	0.2604025947718741			
GO_POSITIVE_REGULATION_OF_HEMATOPOIETIC_PROGENITOR_CELL_DIFFERENTIATION	0.26039712415724275			
MIR4761_5P	0.26038131158252686			
GSE18893_TCONV_VS_TREG_2H_CULTURE_DN	0.2603588971893068			
GSE11961_FOLLICULAR_BCELL_VS_MEMORY_BCELL_DAY7_UP	0.2603503462308518			
GO_REGULATION_OF_HEART_RATE_BY_CHEMICAL_SIGNAL	0.2603255508843562			
GO_EXCRETION	0.26030338187382174			
STAMBOLSKY_TARGETS_OF_MUTATED_TP53_DN	0.26029877589664874			
GSE17721_ALL_VS_24H_PAM3CSK4_BMDC_DN	0.26026668944600995			
GSE26928_EFF_MEMORY_VS_CXCR5_POS_CD4_TCELL_UP	0.26025094315421776			
TGACCTY_ERR1_Q2	0.26023503029575074			
GO_CYTOKINE_PRODUCTION_INVOLVED_IN_IMMUNE_RESPONSE	0.2602279810404656			
PID_ANGIOPOIETIN_RECEPTOR_PATHWAY	0.26022723201934594			
GO_NUCLEOSIDE_DIPHOSPHATE_CATABOLIC_PROCESS	0.2601637211102255			
KIM_LRRC3B_TARGETS	0.260136826335234			
GSE4811_CLASSSICALY_ACTIVATED_VS_TYPE_2_ACTIVATED_MACROPHAGE_UP	0.2601172352181902			
GO_NEGATIVE_REGULATION_OF_HAIR_CYCLE	0.260113975418175			
GSE28449_WT_VS_LRF_KO_GERMINAL_CENTER_BCELL_DN	0.26011005451464786			
GO_HYALURONONGLUCOSAMINIDASE_ACTIVITY	0.2600917397024844			
GSE36527_CD62L_HIGH_VS_CD62L_LOW_TREG_CD69_NEG_KLRG1_NEG_DN	0.2600878797924409			
MIR3085_3P	0.2600872935207703			
chr4q33	0.26008634578354967			
GSE17721_CTRL_VS_POLYIC_8H_BMDC_DN	0.26005978584089384			
REACTOME_INTERFERON_SIGNALING	0.26005954821284055			
GSE7218_IGM_VS_IGG_SIGNAL_THGOUGH_ANTIGEN_BCELL_UP	0.26000759055717343			
IPA_PSIP1_DN	0.25999214896806855			
GSE22045_TREG_VS_TCONV_DN	0.25998270917412436			
CEBP_Q2_01	0.2599807378764718			
GO_CELL_MIGRATION_INVOLVED_IN_HEART_DEVELOPMENT	0.2599768466314234			
REACTOME_PI3K_AKT_ACTIVATION	0.2599687946264854			
GSE12366_PLASMA_CELL_VS_NAIVE_BCELL_UP	0.2599264450091077			
GO_ROOF_OF_MOUTH_DEVELOPMENT	0.25992544164963033			
GO_ALDO_KETO_REDUCTASE_NADP_ACTIVITY	0.25991532229232894			
REACTOME_O_LINKED_GLYCOSYLATION_OF_MUCINS	0.25991179542416437			
REACTOME_ASSEMBLY_OF_THE_HIV_VIRION	0.2598850135889072			
GO_POSITIVE_REGULATION_OF_NIK_NF_KAPPAB_SIGNALING	0.25987116330914933			
IPA_EGR1_DN	0.25986782366456107			
PAX2_02	0.2598677636023182			
MIR495_5P	0.2598604867481207			
GO_ANCHORED_COMPONENT_OF_EXTERNAL_SIDE_OF_PLASMA_MEMBRANE	0.2598492915552328			
GO_REGULATION_OF_PYRUVATE_DEHYDROGENASE_ACTIVITY	0.2598491079024758			
GSE27786_BCELL_VS_MONO_MAC_DN	0.25982505863481103			
GO_PHOTORECEPTOR_RIBBON_SYNAPSE	0.2597936616202444			
MEL18_DN.V1_DN	0.259756994254282			
GO_AXIS_SPECIFICATION	0.2597431337338831			
GSE7509_DC_VS_MONOCYTE_WITH_FCGRIIB_STIM_DN	0.25971962633766826			
HANN_RESISTANCE_TO_BCL2_INHIBITOR_UP	0.2597011269334092			
GO_GLYCOLIPID_CATABOLIC_PROCESS	0.25968573658110067			
WILSON_PROTEASES_AT_TUMOR_BONE_INTERFACE_UP	0.2596776354322283			
GSE32986_UNSTIM_VS_CURDLAN_LOWDOSE_STIM_DC_DN	0.2596745934714133			
GO_NEGATIVE_REGULATION_OF_ACTIN_FILAMENT_POLYMERIZATION	0.2596506647434557			
GO_DYSTROGLYCAN_COMPLEX	0.25964356957064705			
GO_POSITIVE_REGULATION_OF_KERATINOCYTE_DIFFERENTIATION	0.25963161051606676			
GO_SYNAPTIC_MEMBRANE	0.2596302615055183			
GSE40666_WT_VS_STAT4_KO_CD8_TCELL_WITH_IFNA_STIM_90MIN_DN	0.2596127753565067			
REACTOME_POST_TRANSLATIONAL_MODIFICATION_SYNTHESIS_OF_GPI_ANCHORED_PROTEINS	0.25960199978708076			
SMID_BREAST_CANCER_RELAPSE_IN_PLEURA_DN	0.2596014820475181			
GO_NEGATIVE_REGULATION_OF_PERK_MEDIATED_UNFOLDED_PROTEIN_RESPONSE	0.25954584486008203			
GO_REGULATION_OF_CELL_SIZE	0.2595384214038063			
GO_POSITIVE_REGULATION_OF_CEREBELLAR_GRANULE_CELL_PRECURSOR_PROLIFERATION	0.25949790497253017			
GSE3039_ALPHAALPHA_CD8_TCELL_VS_B1_BCELL_UP	0.25949093577586274			
GSE15215_CD2_POS_VS_NEG_PDC_UP	0.2594700763104527			
GO_STEROID_HORMONE_RECEPTOR_ACTIVITY	0.25946243960089455			
PID_ERBB2_ERBB3_PATHWAY	0.25944410168213033			
GSE17721_CTRL_VS_GARDIQUIMOD_4H_BMDC_UP	0.25943996288268606			
SMAD3_Q6	0.25943536793830274			
GO_SIGNAL_RECOGNITION_PARTICLE_RECEPTOR_COMPLEX	0.25941635969810534			
GO_PROSTAGLANDIN_TRANSPORT	0.2593920490346619			
GO_DEFINITIVE_ERYTHROCYTE_DIFFERENTIATION	0.2593850502632509			
GO_ALDOSTERONE_METABOLIC_PROCESS	0.2593834924152559			
REACTOME_TRANSPORT_OF_ORGANIC_ANIONS	0.2593340315073817			
GSE2585_CTEC_VS_MTEC_THYMUS_DN	0.25925690519322264			
GAVIN_FOXP3_TARGETS_CLUSTER_P4	0.25925097513514084			
GO_REGULATION_OF_RESPONSE_TO_TUMOR_CELL	0.2592176232687582			
KEGG_P53_SIGNALING_PATHWAY	0.2592017373913785			
GO_NEGATIVE_REGULATION_OF_SMAD_PROTEIN_COMPLEX_ASSEMBLY	0.2591910970152731			
MIR10395_5P	0.2591908015426305			
GSE26030_UNSTIM_VS_RESTIM_TH17_DAY5_POST_POLARIZATION_UP	0.2591797550606719			
REACTOME_HEMOSTASIS	0.2591671929402696			
GO_APOPTOTIC_CELL_CLEARANCE	0.25915337741132266			
GO_POSITIVE_REGULATION_OF_PEPTIDYL_THREONINE_PHOSPHORYLATION	0.25913115111264484			
P53_02	0.2591097612827707			
GO_REGULATION_OF_EXTRINSIC_APOPTOTIC_SIGNALING_PATHWAY_VIA_DEATH_DOMAIN_RECEPTORS	0.25909153507399485			
GSE6875_TCONV_VS_TREG_UP	0.2590615832579595			
GO_ACTIN_FILAMENT_POLYMERIZATION	0.2590043731033937			
GO_AROMATASE_ACTIVITY	0.25900184847457636			
GO_PROTEIN_LOCALIZATION_TO_SYNAPSE	0.259001619881148			
ROETH_TERT_TARGETS_DN	0.25900069294533484			
XU_AKT1_TARGETS_6HR	0.25893506337131195			
GO_URETERIC_BUD_ELONGATION	0.25891977269028466			
GO_REGULATION_OF_LOW_DENSITY_LIPOPROTEIN_PARTICLE_CLEARANCE	0.258908386135649			
GO_HEME_BIOSYNTHETIC_PROCESS	0.2588924339513426			
GO_DETECTION_OF_BIOTIC_STIMULUS	0.2588888466604756			
GO_INNER_EAR_AUDITORY_RECEPTOR_CELL_DIFFERENTIATION	0.25882062800293204			
REACTOME_ENDOSOMAL_VACUOLAR_PATHWAY	0.2588179138773775			
GSE44649_WT_VS_MIR155_KO_ACTIVATED_CD8_TCELL_UP	0.25881248653394173			
GO_REGULATION_OF_MIDBRAIN_DOPAMINERGIC_NEURON_DIFFERENTIATION	0.25879905958087124			
GO_NEGATIVE_REGULATION_OF_MULTI_ORGANISM_PROCESS	0.25878198091232396			
GO_MYOBLAST_DIFFERENTIATION	0.2587703493489284			
GSE18893_CTRL_VS_TNF_TREATED_TCONV_2H_UP	0.25874995260537004			
COLDREN_GEFITINIB_RESISTANCE_DN	0.258737122407708			
GSE25088_CTRL_VS_IL4_STIM_STAT6_KO_MACROPHAGE_DN	0.25871974966416605			
GO_REGULATION_OF_CELL_ADHESION	0.25870579386965376			
GSE22611_UNSTIM_VS_6H_MDP_STIM_MUTANT_NOD2_TRANSDUCED_HEK293T_CELL_UP	0.2586997277577461			
REACTOME_ESR_MEDIATED_SIGNALING	0.25869942389100997			
GO_POSITIVE_REGULATION_OF_TRANSFERASE_ACTIVITY	0.25868218686409394			
REACTOME_BETA_OXIDATION_OF_VERY_LONG_CHAIN_FATTY_ACIDS	0.25865501206825814			
GO_ACTIVIN_RECEPTOR_COMPLEX	0.25864634865114383			
CHARAFE_BREAST_CANCER_BASAL_VS_MESENCHYMAL_UP	0.2586187522673873			
GSE43955_1H_VS_20H_ACT_CD4_TCELL_DN	0.258618723400044			
GSE43700_UNTREATED_VS_IL10_TREATED_PBMC_DN	0.258615256178701			
GSE24210_IL35_TREATED_VS_RESTING_TREG_DN	0.25858999113471715			
GSE360_L_DONOVANI_VS_M_TUBERCULOSIS_MAC_DN	0.2585894608418712			
GSE22886_NAIVE_CD8_TCELL_VS_MEMORY_TCELL_DN	0.25858196672317757			
MIR6131	0.25857783240410576			
GO_OXIDOREDUCTASE_ACTIVITY_ACTING_ON_SINGLE_DONORS_WITH_INCORPORATION_OF_MOLECULAR_OXYGEN	0.2585743343914127			
CTTTGT_LEF1_Q2	0.25856006273316295			
GO_MOTILE_CILIUM	0.2585549111460992			
GO_POSITIVE_REGULATION_OF_VIRAL_LIFE_CYCLE	0.25854523232485693			
GSE16385_IL4_VS_ROSIGLITAZONE_STIM_MACROPHAGE_DN	0.25854329217054767			
REACTOME_FATTY_ACIDS	0.25850653235371723			
GSE34156_NOD2_LIGAND_VS_TLR1_TLR2_LIGAND_6H_TREATED_MONOCYTE_UP	0.258503470337339			
GSE46143_CTRL_VS_LMP2A_TRANSDUCED_CD10_POS_GC_BCELL_DN	0.2584905870371857			
GSE5099_MONOCYTE_VS_CLASSICAL_M1_MACROPHAGE_DN	0.2584881992701812			
REACTOME_INTERFERON_GAMMA_SIGNALING	0.25847744341915907			
GO_INTERLEUKIN_1_PRODUCTION	0.2584541011516402			
GO_DEVELOPMENT_OF_SECONDARY_FEMALE_SEXUAL_CHARACTERISTICS	0.25842794819631054			
GO_POSITIVE_REGULATION_OF_AUTOPHAGOSOME_ASSEMBLY	0.2584218345863005			
GO_EMBRYONIC_CAMERA_TYPE_EYE_DEVELOPMENT	0.2584138253259192			
REACTOME_ORGANIC_CATION_TRANSPORT	0.2584093998680873			
GO_LOW_DENSITY_LIPOPROTEIN_PARTICLE	0.2584085649291394			
GO_REGULATION_OF_LIPOPROTEIN_METABOLIC_PROCESS	0.25840633741410096			
GO_NEGATIVE_REGULATION_OF_COLD_INDUCED_THERMOGENESIS	0.25840270817486677			
GSE17721_0.5H_VS_8H_POLYIC_BMDC_UP	0.2583891282507707			
GSE26488_WT_VS_HDAC7_KO_DOUBLE_POSITIVE_THYMOCYTE_UP	0.258376410450458			
PID_P73PATHWAY	0.25833740140718314			
IPA_MAP3K7_DN	0.25832912531082813			
GSE17974_0H_VS_4H_IN_VITRO_ACT_CD4_TCELL_UP	0.25829620489982985			
GO_REGULATION_OF_CELL_CELL_ADHESION_MEDIATED_BY_CADHERIN	0.2582722177379067			
GO_REGULATION_OF_IMMUNOGLOBULIN_SECRETION	0.2582713190687256			
GSE26488_HDAC7_KO_VS_VP16_TRANSGENIC_HDAC7_KO_DOUBLE_POSITIVE_THYMOCYTE_DN	0.2582444846138011			
MIR4290	0.2582142257911069			
GSE369_PRE_VS_POST_IL6_INJECTION_IFNG_WT_LIVER_UP	0.2581992561683946			
GSE42021_TREG_PLN_VS_CD24LO_TREG_THYMUS_DN	0.25819748732517706			
GO_NEGATIVE_REGULATION_OF_HYPOXIA_INDUCED_INTRINSIC_APOPTOTIC_SIGNALING_PATHWAY	0.25819216960744656			
GO_CLATHRIN_COAT_OF_ENDOCYTIC_VESICLE	0.2581687624412841			
GO_NEGATIVE_REGULATION_OF_ORGAN_GROWTH	0.25814806143910257			
MIR3934_5P	0.2581325021466283			
GO_POSITIVE_REGULATION_OF_REACTIVE_OXYGEN_SPECIES_BIOSYNTHETIC_PROCESS	0.25811767505885075			
GSE369_PRE_VS_POST_IL6_INJECTION_IFNG_KO_LIVER_DN	0.2580942260922529			
GO_PULMONARY_VALVE_MORPHOGENESIS	0.258074405352633			
GO_COPII_COATED_ER_TO_GOLGI_TRANSPORT_VESICLE	0.25805342571019696			
GSE39152_SPLEEN_CD103_NEG_VS_BRAIN_CD103_POS_MEMORY_CD8_TCELL_DN	0.2580527528490527			
REACTOME_ENDOGENOUS_STEROLS	0.25801882031329226			
GO_CENTRAL_NERVOUS_SYSTEM_NEURON_AXONOGENESIS	0.2580007824401203			
BENPORATH_ES_WITH_H3K27ME3	0.25798956014467284			
GO_REGULATION_OF_PROTEIN_IMPORT	0.2579601830493971			
VANHARANTA_UTERINE_FIBROID_UP	0.25794109619430017			
GO_NEGATIVE_REGULATION_OF_INTRINSIC_APOPTOTIC_SIGNALING_PATHWAY_BY_P53_CLASS_MEDIATOR	0.25793366085109337			
REACTOME_DOWNREGULATION_OF_ERBB2_ERBB3_SIGNALING	0.25793327251604575			
SMID_BREAST_CANCER_LUMINAL_B_DN	0.2579161613170472			
GO_POSITIVE_REGULATION_OF_RESPONSE_TO_CYTOKINE_STIMULUS	0.25790351362921254			
GSE39110_UNTREATED_VS_IL2_TREATED_CD8_TCELL_DAY6_POST_IMMUNIZATION_UP	0.2579019008506385			
GO_PUTRESCINE_METABOLIC_PROCESS	0.25789256060261045			
CREB_Q4	0.2578903993078274			
GO_INTRINSIC_COMPONENT_OF_POSTSYNAPTIC_DENSITY_MEMBRANE	0.2578666924906494			
GO_EMBRYONIC_EYE_MORPHOGENESIS	0.25784306777510607			
GO_PEPTIDYL_PROLINE_4_DIOXYGENASE_ACTIVITY	0.2578271430615536			
GO_PEPTIDYL_PROLINE_HYDROXYLATION_TO_4_HYDROXY_L_PROLINE	0.2578271430615536			
GO_POSITIVE_REGULATION_OF_ENDOPLASMIC_RETICULUM_UNFOLDED_PROTEIN_RESPONSE	0.25781925756078805			
IPA_ARID4B_UP	0.2577994518295732			
REACTOME_GLUTAMATE_NEUROTRANSMITTER_RELEASE_CYCLE	0.2577913078109772			
GSE17721_CTRL_VS_GARDIQUIMOD_24H_BMDC_UP	0.2577911763724625			
GO_EXOCYST	0.2577747477233191			
IPA_TEAD2_DN	0.2577683942337683			
LINDSTEDT_DENDRITIC_CELL_MATURATION_A	0.257762606712805			
YANG_BREAST_CANCER_ESR1_BULK_DN	0.2577357915168647			
ANDERSEN_LIVER_CANCER_KRT19_UP	0.25772418196751123			
MIF1_01	0.25771803579521485			
GSE29618_PRE_VS_DAY7_POST_LAIV_FLU_VACCINE_MDC_UP	0.2577140763809929			
GO_ENDOTHELIAL_CELL_APOPTOTIC_PROCESS	0.2577074816021382			
LOPEZ_MESOTHELIOMA_SURVIVAL_DN	0.25770606187185224			
GSE6259_BCELL_VS_CD8_TCELL_UP	0.25769434687693704			
GSE40225_WT_VS_RIP_B7X_DIABETIC_MOUSE_PANCREATIC_CD8_TCELL_DN	0.2576913523791126			
REACTOME_REGULATION_OF_GENE_EXPRESSION_BY_HYPOXIA_INDUCIBLE_FACTOR	0.2576887828287811			
GGCCAGT_MIR193A_MIR193B	0.25768413027122156			
GO_LABYRINTHINE_LAYER_BLOOD_VESSEL_DEVELOPMENT	0.25767961265847306			
GO_ORGANELLE_LOCALIZATION	0.25765619553374214			
GO_CERAMIDE_1_PHOSPHATE_BINDING	0.25765220464111255			
GSE41867_NAIVE_VS_DAY6_LCMV_EFFECTOR_CD8_TCELL_UP	0.2576481783353787			
GO_FLAVIN_ADENINE_DINUCLEOTIDE_BINDING	0.2576348966675636			
GSE5679_CTRL_VS_PPARG_LIGAND_ROSIGLITAZONE_TREATED_DC_DN	0.2576297350976167			
DER_IFN_ALPHA_RESPONSE_UP	0.25761952309840364			
GO_PERINUCLEAR_ENDOPLASMIC_RETICULUM	0.257614312607264			
GSE14308_TH2_VS_INDUCED_TREG_UP	0.257602407306793			
GO_CALCIUM_ACTIVATED_PHOSPHOLIPID_SCRAMBLING	0.25760213436902507			
GO_ENDODERMAL_CELL_FATE_SPECIFICATION	0.25757633658613804			
GSE41176_UNSTIM_VS_ANTI_IGM_STIM_BCELL_24H_UP	0.2575648225815875			
GO_TOLERANCE_INDUCTION_DEPENDENT_UPON_IMMUNE_RESPONSE	0.2575628163012358			
GSE9988_LPS_VS_CTRL_TREATED_MONOCYTE_UP	0.2575620358982359			
GSE16385_UNTREATED_VS_12H_IL4_TREATED_MACROPHAGE_UP	0.25754036737272773			
GENTILE_UV_RESPONSE_CLUSTER_D6	0.2575338952973607			
GO_REGULATION_OF_T_CELL_APOPTOTIC_PROCESS	0.257531795250335			
UBE2I_TARGET_GENES	0.2575150073378503			
IPA_KLF10_UP	0.25749872498981463			
GO_PHOSPHOLIPID_TRANSFER_ACTIVITY	0.25749840006840236			
REACTOME_TERMINAL_PATHWAY_OF_COMPLEMENT	0.2574720509388983			
GSE17721_CTRL_VS_PAM3CSK4_0.5H_BMDC_DN	0.25745157911658484			
GSE17721_PAM3CSK4_VS_CPG_16H_BMDC_UP	0.25745062690888165			
GO_ASPARTIC_TYPE_ENDOPEPTIDASE_INHIBITOR_ACTIVITY	0.2574307130820465			
GO_NEGATIVE_REGULATION_OF_T_CELL_RECEPTOR_SIGNALING_PATHWAY	0.25741922627322117			
GO_EMBRYONIC_VISCEROCRANIUM_MORPHOGENESIS	0.2573878284871651			
HAN_JNK_SINGALING_UP	0.25737794157318883			
GO_CERAMIDE_TRANSPORT	0.2573540973735204			
GO_METALLOENDOPEPTIDASE_ACTIVITY	0.257337082190324			
GO_TRANSFORMING_GROWTH_FACTOR_BETA_RECEPTOR_PATHWAY_SPECIFIC_CYTOPLASMIC_MEDIATOR_ACTIVITY	0.2573346343814646			
IPA_CREM_UP	0.2573117772557904			
IPA_HLTF_DN	0.25730749924040597			
IPA_GTF3C2_DN	0.25730749924040597			
IPA_ERCC6L_DN	0.25730749924040597			
IPA_TP53BP1_DN	0.25730749924040597			
IPA_HIST2H3C_DN	0.25730749924040597			
PID_ENDOTHELIN_PATHWAY	0.2572850378310145			
GSE30971_WBP7_HET_VS_KO_MACROPHAGE_2H_LPS_STIM_DN	0.25726875877621663			
MIR3184_3P	0.25726805206962283			
REACTOME_CELLULAR_HEXOSE_TRANSPORT	0.2572573793510736			
GSE36888_UNTREATED_VS_IL2_TREATED_STAT5_AB_KNOCKIN_TCELL_17H_UP	0.2572494532696321			
GO_POSITIVE_REGULATION_OF_MONONUCLEAR_CELL_MIGRATION	0.2572435333944899			
GO_POSITIVE_REGULATION_OF_NEURON_DIFFERENTIATION	0.2572405491749483			
GSE36476_CTRL_VS_TSST_ACT_16H_MEMORY_CD4_TCELL_YOUNG_DN	0.25723844795496303			
GO_REGULATION_OF_RHO_PROTEIN_SIGNAL_TRANSDUCTION	0.2572254852146461			
GO_THROMBOPOIETIN_MEDIATED_SIGNALING_PATHWAY	0.25720424408681747			
GSE21927_SPLENIC_VS_TUMOR_MONOCYTES_FROM_C26GM_TUMOROUS_MICE_BALBC_UP	0.25719530715865707			
GO_INACTIVATION_OF_MAPK_ACTIVITY	0.25719198404451554			
GO_STRUCTURAL_CONSTITUENT_OF_MYELIN_SHEATH	0.257148398410957			
BIOCARTA_ERK_PATHWAY	0.2571411075722038			
IPA_GATA4_DN	0.2571336356239344			
GO_CARBOHYDRATE_METABOLIC_PROCESS	0.2571322298523397			
GSE14386_UNTREATED_VS_IFNA_TREATED_ACT_PBMC_MS_PATIENT_DN	0.25712941229981434			
GO_LAMELLIPODIUM_MORPHOGENESIS	0.2571093899410407			
GO_CELLULAR_SODIUM_ION_HOMEOSTASIS	0.25708058469558975			
GSE40274_HELIOS_VS_FOXP3_AND_HELIOS_TRANSDUCED_ACTIVATED_CD4_TCELL_UP	0.2570650279443797			
BIOCARTA_NPP1_PATHWAY	0.2570541194852633			
GSE30083_SP1_VS_SP4_THYMOCYTE_UP	0.25701783783868454			
PID_LIS1_PATHWAY	0.25698909378189055			
GSE36826_NORMAL_VS_STAPH_AUREUS_INF_SKIN_DN	0.25698881854715316			
GSE7219_UNSTIM_VS_LPS_AND_ANTI_CD40_STIM_DC_DN	0.2569849096170656			
KAYO_AGING_MUSCLE_DN	0.25698230512596226			
GO_OXIDOREDUCTASE_ACTIVITY_ACTING_ON_PAIRED_DONORS_WITH_INCORPORATION_OR_REDUCTION_OF_MOLECULAR_OXYGEN_REDUCED_PTERIDINE_AS_ONE_DONOR_AND_INCORPORATION_OF_ONE_ATOM_OF_OXYGEN	0.2569796177107493			
GO_REGULATION_OF_NUCLEOCYTOPLASMIC_TRANSPORT	0.25696946998076925			
GSE21927_GMCSF_IL6_VS_GMCSF_GCSF_TREATED_BONE_MARROW_DN	0.25696760474169145			
GSE35825_IFNA_VS_IFNG_STIM_MACROPHAGE_UP	0.2569507766308005			
ZBTB1_TARGET_GENES	0.2568691375847703			
GO_SUBSTRATE_DEPENDENT_CEREBRAL_CORTEX_TANGENTIAL_MIGRATION	0.2568584566905964			
ROPERO_HDAC2_TARGETS	0.2568411379797442			
MIR6895_5P	0.256840994914833			
GO_ISOPRENOID_BINDING	0.25683418978859374			
WAMUNYOKOLI_OVARIAN_CANCER_GRADES_1_2_DN	0.25682334904306875			
GSE7768_OVA_WITH_LPS_VS_OVA_WITH_MPL_IMMUNIZED_MOUSE_WHOLE_SPLEEN_6H_DN	0.2568176215954878			
TSUNODA_CISPLATIN_RESISTANCE_UP	0.2568085832974393			
IPA_MED1_UP	0.2568067368740844			
GO_RESPONSE_TO_AMYLOID_BETA	0.2568005607116155			
CLAUS_PGR_POSITIVE_MENINGIOMA_UP	0.2567940339910862			
chr9q31	0.25679011774337235			
GAUSSMANN_MLL_AF4_FUSION_TARGETS_B_DN	0.2567897538086113			
IPA_ARNTL_UP	0.256788526155993			
GSE22935_WT_VS_MYD88_KO_MACROPHAGE_12H_MBOVIS_BCG_STIM_UP	0.25676635938993697			
GO_MULTIVESICULAR_BODY_MEMBRANE	0.25676334888100405			
GSE1925_CTRL_VS_IFNG_PRIMED_MACROPHAGE_24H_IFNG_STIM_DN	0.25675879552293557			
GSE2770_UNTREATED_VS_ACT_CD4_TCELL_2H_UP	0.25674291163948404			
GSE22611_UNSTIM_VS_2H_MDP_STIM_NOD2_TRANSDUCED_HEK293T_CELL_UP	0.2567370122403413			
GSE34515_CD16_NEG_VS_POS_MONOCYTE_UP	0.25673476999011974			
GO_REGULATION_OF_CELL_DIVISION	0.25672732374731266			
GSE12366_GC_VS_NAIVE_BCELL_DN	0.25672188903897547			
GSE28737_FOLLICULAR_VS_MARGINAL_ZONE_BCELL_BCL6_HET_DN	0.25672151983835434			
GO_CATECHOLAMINE_UPTAKE	0.25671980605269884			
GO_CELL_DEATH_IN_RESPONSE_TO_OXIDATIVE_STRESS	0.2567110716376595			
GO_NEGATIVE_REGULATION_OF_VASCULAR_PERMEABILITY	0.2566916972944611			
MEISSNER_BRAIN_HCP_WITH_H3K4ME2_AND_H3K27ME3	0.2566859927985861			
GO_CYSTEINE_TYPE_ENDOPEPTIDASE_ACTIVATOR_ACTIVITY_INVOLVED_IN_APOPTOTIC_PROCESS	0.25665783361386824			
LEE_LIVER_CANCER_MYC_DN	0.2566403229884468			
MIR6849_5P	0.2566128968483034			
TBPL1_TARGET_GENES	0.2566093504021436			
GSE6269_HEALTHY_VS_FLU_INF_PBMC_DN	0.25658153111935406			
HALLMARK_INFLAMMATORY_RESPONSE	0.25656674467750257			
GO_CLATHRIN_COMPLEX	0.25655495250385246			
GO_EXTRACELLULAR_MATRIX_STRUCTURAL_CONSTITUENT_CONFERRING_TENSILE_STRENGTH	0.2565525505677118			
GO_BMP_BINDING	0.2565501888070491			
GSE15659_NAIVE_CD4_TCELL_VS_ACTIVATED_TREG_DN	0.25654310485994436			
chr7p12	0.25653080969683306			
LIM_MAMMARY_LUMINAL_MATURE_DN	0.25652890034349524			
GSE29618_PDC_VS_MDC_DN	0.2564751356148279			
GSE21546_UNSTIM_VS_ANTI_CD3_STIM_ELK1_KO_DP_THYMOCYTES_DN	0.2564458882674109			
MIR384	0.25642944164877424			
PID_PDGFRA_PATHWAY	0.256428260889957			
GO_REGULATION_OF_SYNCYTIUM_FORMATION_BY_PLASMA_MEMBRANE_FUSION	0.25642724476319984			
GO_POSITIVE_REGULATION_OF_NERVOUS_SYSTEM_DEVELOPMENT	0.2564249574255688			
GO_POSITIVE_REGULATION_OF_DNA_TEMPLATED_TRANSCRIPTION_INITIATION	0.2564239303208815			
IPA_MLLT3_UP	0.2564100701904271			
MULLIGHAN_MLL_SIGNATURE_2_DN	0.256400717817986			
WANG_CLASSIC_ADIPOGENIC_TARGETS_OF_PPARG	0.2563975162121391			
GO_POSITIVE_REGULATION_OF_DENDRITIC_SPINE_DEVELOPMENT	0.2563935785907572			
TATCTGG_MIR488	0.25636496724406543			
REACTOME_SIGNALLING_TO_RAS	0.2563639465965692			
ABE_VEGFA_TARGETS_2HR	0.2563569808330494			
MIR199A_5P	0.25634055839628034			
DNMT3A_TARGET_GENES	0.256322569179966			
ATF1_Q6	0.25631897810943005			
GO_REGULATION_OF_PLATELET_AGGREGATION	0.25629303045209706			
MIR383_5P	0.25627417653187107			
GO_REGULATION_OF_MRNA_BINDING	0.256262154528921			
GO_NEGATIVE_REGULATION_OF_ANIMAL_ORGAN_MORPHOGENESIS	0.2562428259728496			
chr3q12	0.2562223838976478			
WENG_POR_TARGETS_LIVER_DN	0.256201675628852			
GSE43955_1H_VS_10H_ACT_CD4_TCELL_UP	0.25619744334779554			
MIR6504_5P	0.2561840451960397			
GO_PHAGOSOME_MATURATION	0.2561738328672016			
GO_REGULATION_OF_VASCULAR_WOUND_HEALING	0.2561718281272391			
GO_PROTEIN_DISULFIDE_ISOMERASE_ACTIVITY	0.25616382801601556			
GO_RESPONSE_TO_MISFOLDED_PROTEIN	0.2561503907990589			
GSE22601_DOUBLE_NEGATIVE_VS_CD4_SINGLE_POSITIVE_THYMOCYTE_DN	0.2561367139405235			
GSE16385_MONOCYTE_VS_12H_IFNG_TNF_TREATED_MACROPHAGE_UP	0.25613524248885633			
MARIADASON_RESPONSE_TO_CURCUMIN_SULINDAC_7	0.25606959002660357			
GO_GLYCOSIDE_METABOLIC_PROCESS	0.2560687466330808			
REACTOME_CYTOKINE_SIGNALING_IN_IMMUNE_SYSTEM	0.25605665319807247			
GSE17721_POLYIC_VS_GARDIQUIMOD_8H_BMDC_DN	0.25604774838054306			
GO_POSITIVE_REGULATION_OF_EXTRINSIC_APOPTOTIC_SIGNALING_PATHWAY_IN_ABSENCE_OF_LIGAND	0.25603316476348065			
GSE18281_PERIMEDULLARY_CORTICAL_REGION_VS_WHOLE_CORTEX_THYMUS_UP	0.25599940221966644			
GSE40184_HEALTHY_VS_HCV_INFECTED_DONOR_PBMC_DN	0.2559972209001273			
PID_CASPASE_PATHWAY	0.25598574081551567			
GO_CHANNEL_REGULATOR_ACTIVITY	0.2559607916498788			
GO_OXIDOREDUCTASE_ACTIVITY_ACTING_ON_NAD_P_H_QUINONE_OR_SIMILAR_COMPOUND_AS_ACCEPTOR	0.25595497721401184			
GO_DORSAL_VENTRAL_NEURAL_TUBE_PATTERNING	0.2559436181922896			
GO_NEGATIVE_REGULATION_OF_HEMATOPOIETIC_PROGENITOR_CELL_DIFFERENTIATION	0.25594343282682613			
GSE12198_CTRL_VS_LOW_IL2_STIM_NK_CELL_DN	0.25593678013047694			
GO_CELLULAR_RESPONSE_TO_PROSTAGLANDIN_STIMULUS	0.25593243822002987			
GO_CHLORIDE_CHANNEL_COMPLEX	0.2559214743868317			
CHENG_TAF7L_TARGETS	0.25591921759838515			
REACTOME_NRIF_SIGNALS_CELL_DEATH_FROM_THE_NUCLEUS	0.2559129252377762			
GSE22589_HEALTHY_VS_HIV_INFECTED_DC_DN	0.25589235944946465			
GO_THYMOCYTE_APOPTOTIC_PROCESS	0.2558855654887186			
GO_POSITIVE_REGULATION_OF_IRE1_MEDIATED_UNFOLDED_PROTEIN_RESPONSE	0.25587076354892			
GO_PEPTIDYL_PROLINE_MODIFICATION	0.25586436280064173			
HEDVAT_ELF4_TARGETS_UP	0.25584826714094894			
GO_FIBROBLAST_MIGRATION	0.25584386750333543			
GSE17721_CTRL_VS_CPG_0.5H_BMDC_UP	0.2558308753284774			
GO_CLATHRIN_ADAPTOR_COMPLEX	0.2558218858499233			
GO_NIK_NF_KAPPAB_SIGNALING	0.2558190421422398			
GO_GAP_JUNCTION_CHANNEL_ACTIVITY_INVOLVED_IN_CELL_COMMUNICATION_BY_ELECTRICAL_COUPLING	0.25580865469461145			
TBP_01	0.255770114678061			
GAUSSMANN_MLL_AF4_FUSION_TARGETS_A_UP	0.25576047704097976			
KEGG_TYROSINE_METABOLISM	0.25572900094731044			
GO_ROSTROCAUDAL_NEURAL_TUBE_PATTERNING	0.2557248713167733			
GO_ION_GATED_CHANNEL_ACTIVITY	0.2557092509921686			
GO_POSITIVE_REGULATION_OF_NEURON_DEATH	0.25568181424249375			
YAO_TEMPORAL_RESPONSE_TO_PROGESTERONE_CLUSTER_10	0.25568076430108655			
ROZANOV_MMP14_CORRELATED	0.2556566503336235			
LEE_AGING_CEREBELLUM_UP	0.25565190092072027			
GSE27786_LSK_VS_NKTCELL_UP	0.2556405359346752			
GO_CYTOKINE_RECEPTOR_BINDING	0.25560076675981447			
GO_AORTA_DEVELOPMENT	0.255597580994446			
REACTOME_DEVELOPMENTAL_BIOLOGY	0.2555937818162154			
GSE31082_DP_VS_CD8_SP_THYMOCYTE_DN	0.25558296013698517			
GSE27786_NKTCELL_VS_NEUTROPHIL_DN	0.2555725605448874			
GO_CELLULAR_PROTEIN_CONTAINING_COMPLEX_LOCALIZATION	0.2555617676783232			
GSE17721_CTRL_VS_GARDIQUIMOD_8H_BMDC_UP	0.255548285300458			
LOPEZ_MESOTELIOMA_SURVIVAL_TIME_UP	0.2555324676986532			
GO_REGULATION_OF_WNT_SIGNALING_PATHWAY_PLANAR_CELL_POLARITY_PATHWAY	0.255525298025056			
GO_NEGATIVE_REGULATION_OF_DNA_DAMAGE_RESPONSE_SIGNAL_TRANSDUCTION_BY_P53_CLASS_MEDIATOR	0.2555244048166459			
GSE557_CIITA_KO_VS_I_AB_KO_DC_UP	0.25551642357864296			
PID_LKB1_PATHWAY	0.2554909137835952			
GO_PROTEIN_ACTIVATION_CASCADE	0.25548981532085957			
LINDGREN_BLADDER_CANCER_CLUSTER_2A_UP	0.25547407063310035			
SPIELMAN_LYMPHOBLAST_EUROPEAN_VS_ASIAN_2FC_UP	0.25546128616302793			
GO_REGULATION_OF_NEURON_PROJECTION_ARBORIZATION	0.2554534837649446			
GO_REGULATION_OF_GTP_BINDING	0.2554436619873136			
RIZ_ERYTHROID_DIFFERENTIATION_12HR	0.25544210472877243			
chr15q26	0.25543461191864164			
GO_CHAPERONE_BINDING	0.25543442670663125			
GO_GLUCOCORTICOID_RECEPTOR_BINDING	0.2554086514015723			
NEWMAN_ERCC6_TARGETS_UP	0.2553856158319475			
LEE_AGING_MUSCLE_UP	0.2553630951810602			
KIM_ALL_DISORDERS_CALB1_CORR_UP	0.25535779712464945			
REACTOME_PP2A_MEDIATED_DEPHOSPHORYLATION_OF_KEY_METABOLIC_FACTORS	0.25534051689935205			
GO_COMPLEMENT_DEPENDENT_CYTOTOXICITY	0.25532890071385284			
GSE26928_EFF_MEM_VS_CENTR_MEM_CD4_TCELL_UP	0.2552961738149351			
ROSS_AML_WITH_MLL_FUSIONS	0.25528062633736465			
GSE2197_CPG_DNA_VS_UNTREATED_IN_DC_UP	0.2552729205272937			
GO_NEUROEPITHELIAL_CELL_DIFFERENTIATION	0.2552663320160465			
BAE_BRCA1_TARGETS_DN	0.25526421269027894			
BROWNE_HCMV_INFECTION_1HR_UP	0.2552523660012774			
REACTOME_HYDROLYSIS_OF_LPC	0.25524161983095994			
GO_NEGATIVE_REGULATION_OF_ACTIVIN_RECEPTOR_SIGNALING_PATHWAY	0.2552364989480375			
REACTOME_SURFACTANT_METABOLISM	0.25521595827740945			
GO_REGULATION_OF_EXTRACELLULAR_MATRIX_DISASSEMBLY	0.2552103186339164			
IPA_MAFB_DN	0.2551935341608795			
REACTOME_RETROGRADE_NEUROTROPHIN_SIGNALLING	0.25514538986476953			
WUNDER_INFLAMMATORY_RESPONSE_AND_CHOLESTEROL_UP	0.25514363479414653			
GSE5589_LPS_VS_LPS_AND_IL10_STIM_MACROPHAGE_45MIN_UP	0.25514184200419476			
NIKOLSKY_BREAST_CANCER_17P11_AMPLICON	0.2551414223285417			
GO_M_BAND	0.25513097432403053			
GO_COPII_VESICLE_COAT	0.255117111058507			
TGCACTT_MIR519C_MIR519B_MIR519A	0.2550591947412493			
GO_REGULATION_OF_T_CELL_ACTIVATION_VIA_T_CELL_RECEPTOR_CONTACT_WITH_ANTIGEN_BOUND_TO_MHC_MOLECULE_ON_ANTIGEN_PRESENTING_CELL	0.2550200832036347			
GSE3982_EOSINOPHIL_VS_CENT_MEMORY_CD4_TCELL_UP	0.2550021679390728			
GSE17721_CPG_VS_GARDIQUIMOD_0.5H_BMDC_DN	0.2550017433231182			
NIKOLSKY_BREAST_CANCER_7P15_AMPLICON	0.2549998003807821			
NIKOLSKY_BREAST_CANCER_15Q26_AMPLICON	0.2549985175417537			
ZNF592_TARGET_GENES	0.25499817283015236			
GO_CEREBRAL_CORTEX_TANGENTIAL_MIGRATION	0.25498960722234826			
GO_SKELETAL_MUSCLE_CELL_PROLIFERATION	0.2549756359790008			
MYCMAX_B	0.2549515327232577			
REACTOME_P75NTR_RECRUITS_SIGNALLING_COMPLEXES	0.2549067508250142			
SASAI_TARGETS_OF_CXCR6_AND_PTCH1_UP	0.25487822379282876			
MIR7703	0.25487244247103696			
MOROSETTI_FACIOSCAPULOHUMERAL_MUSCULAR_DISTROPHY_UP	0.2548506761143364			
GO_FIBROBLAST_GROWTH_FACTOR_RECEPTOR_SIGNALING_PATHWAY	0.2548288513493557			
GO_TONGUE_DEVELOPMENT	0.254820024738985			
STK33_SKM_DN	0.2547935791926565			
GSE17721_LPS_VS_POLYIC_8H_BMDC_UP	0.25479170028050435			
IPA_NFKBIZ_DN	0.2547727383757563			
GO_SYMPATHETIC_NERVOUS_SYSTEM_DEVELOPMENT	0.2547694455296774			
GO_TERPENOID_BIOSYNTHETIC_PROCESS	0.25476074686509004			
GO_REGULATION_OF_TUMOR_NECROSIS_FACTOR_MEDIATED_SIGNALING_PATHWAY	0.2547469118178875			
GO_NEUROMUSCULAR_PROCESS_CONTROLLING_BALANCE	0.2547427792179846			
GO_POLYSACCHARIDE_CATABOLIC_PROCESS	0.2547383830769			
GSE17721_CTRL_VS_PAM3CSK4_8H_BMDC_DN	0.25473463141979946			
GO_POSITIVE_REGULATION_OF_ALCOHOL_BIOSYNTHETIC_PROCESS	0.25471590572008174			
BIOCARTA_DEATH_PATHWAY	0.2546969868628587			
GO_DIGESTIVE_SYSTEM_PROCESS	0.254678469675697			
GTGTGAG_MIR342	0.2546679789093541			
GO_PEPTIDASE_ACTIVITY	0.25466389023709096			
GO_REGULATION_OF_CARDIOBLAST_DIFFERENTIATION	0.2546617055108088			
GO_REGULATION_OF_TRANSLATION_IN_RESPONSE_TO_STRESS	0.25465500610162517			
CASORELLI_ACUTE_PROMYELOCYTIC_LEUKEMIA_UP	0.2546534161364362			
SCHAEFFER_PROSTATE_DEVELOPMENT_6HR_UP	0.25462196214228583			
GO_SMOOTH_MUSCLE_TISSUE_DEVELOPMENT	0.25461369371146236			
ZNF514_TARGET_GENES	0.254601650057391			
YAGI_AML_WITH_INV_16_TRANSLOCATION	0.2546014939687592			
REACTOME_SIGNALING_BY_INTERLEUKINS	0.254598045462457			
GO_REGULATION_OF_FIBROBLAST_MIGRATION	0.2545862549165371			
GO_DYNEIN_INTERMEDIATE_CHAIN_BINDING	0.25458345953450406			
GSE37416_0H_VS_24H_F_TULARENSIS_LVS_NEUTROPHIL_DN	0.2545519757849058			
GO_MICROTUBULE_PLUS_END_BINDING	0.2545425945850984			
GSE369_PRE_VS_POST_IL6_INJECTION_SOCS3_KO_LIVER_UP	0.2545344496724173			
GO_NEGATIVE_REGULATION_OF_ACUTE_INFLAMMATORY_RESPONSE	0.2545153505712779			
GO_BONE_REMODELING	0.25450983770331836			
GSE21546_SAP1A_KO_VS_SAP1A_KO_AND_ELK1_KO_ANTI_CD3_STIM_DP_THYMOCYTES_UP	0.25449840900689735			
NABA_COLLAGENS	0.25449777330027273			
GSE45365_NK_CELL_VS_CD11B_DC_DN	0.2544858532629726			
GO_SMOOTH_MUSCLE_CELL_CHEMOTAXIS	0.2544462810259511			
GO_COBALT_ION_TRANSPORT	0.2544441084816457			
GO_EMBRYONIC_HEMOPOIESIS	0.25444003433372997			
GSE17721_POLYIC_VS_PAM3CSK4_1H_BMDC_DN	0.2544295450024077			
GO_POSITIVE_REGULATION_OF_ESTABLISHMENT_OF_PROTEIN_LOCALIZATION	0.2544186791569989			
MASRI_RESISTANCE_TO_TAMOXIFEN_AND_AROMATASE_INHIBITORS_UP	0.25440580897888576			
GO_METANEPHRIC_NEPHRON_TUBULE_MORPHOGENESIS	0.2544033532830032			
GSE9006_TYPE_1_VS_TYPE_2_DIABETES_PBMC_AT_DX_DN	0.25439163472010895			
GO_RENAL_RESPONSE_TO_BLOOD_FLOW_INVOLVED_IN_CIRCULATORY_RENIN_ANGIOTENSIN_REGULATION_OF_SYSTEMIC_ARTERIAL_BLOOD_PRESSURE	0.25437620385742543			
GO_REGULATION_OF_HISTONE_DEACETYLASE_ACTIVITY	0.25437413088520994			
MIR222_5P	0.2543677450621463			
BIOCARTA_INTRINSIC_PATHWAY	0.2543639340527248			
GO_RESPONSE_TO_CISPLATIN	0.2543620532442041			
GO_REGULATION_OF_CELL_FATE_SPECIFICATION	0.25433612168966746			
GO_MOTOR_NEURON_AXON_GUIDANCE	0.25430273114589025			
GO_NEGATIVE_REGULATION_OF_RECEPTOR_MEDIATED_ENDOCYTOSIS	0.2542991229256686			
GO_BEHAVIOR	0.25429646294144176			
GSE3982_BCELL_VS_NKCELL_DN	0.2542830859959898			
REACTOME_TRAF6_MEDIATED_NF_KB_ACTIVATION	0.25427767259399875			
GUENTHER_GROWTH_SPHERICAL_VS_ADHERENT_UP	0.2542692281232565			
GSE33424_CD161_HIGH_VS_INT_CD8_TCELL_UP	0.25425144371195996			
REACTOME_COLLAGEN_CHAIN_TRIMERIZATION	0.2542325824718937			
DAUER_STAT3_TARGETS_DN	0.25422973015494643			
GO_PEPTIDYL_TYROSINE_MODIFICATION	0.25421786767152316			
GO_POSITIVE_REGULATION_OF_NITRIC_OXIDE_MEDIATED_SIGNAL_TRANSDUCTION	0.2542102356177571			
GSE5099_MONOCYTE_VS_ALTERNATIVE_M2_MACROPHAGE_UP	0.2542047377216864			
GO_CELLULAR_RESPONSE_TO_PROSTAGLANDIN_E_STIMULUS	0.25420091057002286			
GO_VOLTAGE_GATED_CALCIUM_CHANNEL_ACTIVITY	0.25419285711309614			
GSE41978_WT_VS_BIM_KO_KLRG1_LOW_EFFECTOR_CD8_TCELL_DN	0.2541902189530469			
GSE2706_R848_VS_LPS_2H_STIM_DC_DN	0.2541814481812986			
GO_NEGATIVE_REGULATION_OF_MAP_KINASE_ACTIVITY	0.25417537072614405			
GO_HYPOTHALAMUS_CELL_DIFFERENTIATION	0.25415549075797156			
GSE7768_OVA_ALONE_VS_OVA_WITH_LPS_IMMUNIZED_MOUSE_WHOLE_SPLEEN_6H_DN	0.2541431575465664			
BIOCARTA_LYMPHOCYTE_PATHWAY	0.25413439454969744			
GSE8685_IL2_ACT_IL2_STARVED_VS_IL15_ACT_IL2_STARVED_CD4_TCELL_DN	0.2541177933421006			
GSE360_HIGH_DOSE_B_MALAYI_VS_M_TUBERCULOSIS_MAC_UP	0.2541085964669649			
GRYDER_PAX3FOXO1_ENHANCERS_KO_DOWN	0.2541053843907257			
MIR7150	0.2540971313476733			
GO_REGULATION_OF_INTRACELLULAR_TRANSPORT	0.25409624150358445			
REACTOME_CS_DS_DEGRADATION	0.2540833553423601			
REACTOME_SIGNALING_BY_NOTCH1_T_7_9_NOTCH1_M1580_K2555_TRANSLOCATION_MUTANT	0.25407528398404544			
GO_ER_TO_GOLGI_TRANSPORT_VESICLE_MEMBRANE	0.25407470367013585			
GSE17721_PAM3CSK4_VS_CPG_8H_BMDC_UP	0.2540539402840575			
GSE21774_CD62L_POS_CD56_BRIGHT_VS_CD62L_NEG_CD56_DIM_NK_CELL_UP	0.25403957432813695			
GSE5679_CTRL_VS_PPARG_LIGAND_ROSIGLITAZONE_AND_RARA_AGONIST_AM580_TREATED_DC_UP	0.25401846700892733			
GSE42021_TREG_PLN_VS_TREG_PRECURSORS_THYMUS_DN	0.2540122178665949			
GO_MIDBRAIN_DEVELOPMENT	0.2540033897060326			
GSE2770_TGFB_AND_IL4_ACT_VS_ACT_CD4_TCELL_2H_DN	0.25398252696756163			
GO_PLATELET_ACTIVATION	0.25398098212864867			
GO_VIRAL_GENOME_REPLICATION	0.25398001678216087			
GO_PROTEIN_LOCALIZATION_TO_ENDOPLASMIC_RETICULUM_EXIT_SITE	0.25397902411937756			
GSE2197_IMMUNOSUPPRESSIVE_DNA_VS_UNTREATED_IN_DC_UP	0.25397805580945937			
GO_NEGATIVE_REGULATION_OF_OXIDATIVE_PHOSPHORYLATION	0.25396760458177753			
IYENGAR_RESPONSE_TO_ADIPOCYTE_FACTORS	0.25395681553671917			
GO_POLYPEPTIDE_N_ACETYLGALACTOSAMINYLTRANSFERASE_ACTIVITY	0.25394703303862726			
GSE30083_SP2_VS_SP3_THYMOCYTE_UP	0.2539384263553343			
SRF_Q6	0.2539374853478181			
MIR605_3P	0.2539371923738321			
GO_CARDIAC_MUSCLE_TISSUE_REGENERATION	0.25392266058880103			
NAKAYAMA_FRA2_TARGETS	0.25391381790475714			
GO_LEPTIN_MEDIATED_SIGNALING_PATHWAY	0.25389059489403054			
MIR5580_5P	0.2538578938120079			
CEBPB_02	0.25383640550891884			
GO_GLUCOSE_6_PHOSPHATE_METABOLIC_PROCESS	0.2538361751702726			
GSE42021_TREG_VS_TCONV_PLN_UP	0.25380067883048235			
FIGUEROA_AML_METHYLATION_CLUSTER_1_UP	0.25379836308501635			
GSE17721_LPS_VS_POLYIC_12H_BMDC_DN	0.25377176601534396			
GSE26343_UNSTIM_VS_LPS_STIM_NFAT5_KO_MACROPHAGE_DN	0.25376979336520183			
GSE5542_IFNG_VS_IFNA_TREATED_EPITHELIAL_CELLS_6H_DN	0.25376747120575743			
GO_NEGATIVE_REGULATION_OF_GASTRULATION	0.25375184607570095			
GO_REGULATION_OF_MACROPHAGE_CHEMOTAXIS	0.2537400773373931			
GO_OXIDOREDUCTASE_ACTIVITY_ACTING_ON_THE_CH_NH2_GROUP_OF_DONORS	0.25373677770257336			
GO_NEGATIVE_REGULATION_OF_CATION_CHANNEL_ACTIVITY	0.2537170888770591			
GO_STEROL_IMPORT	0.2537089092496083			
REACTOME_P75NTR_SIGNALS_VIA_NF_KB	0.2537049860746063			
GO_NEGATIVE_REGULATION_OF_CELL_FATE_SPECIFICATION	0.25366328213697314			
GSE21927_SPLEEN_C57BL6_VS_4T1_TUMOR_BALBC_MONOCYTES_DN	0.253642995748693			
MIR6742_3P	0.25363721835461517			
GSE7831_UNSTIM_VS_CPG_STIM_PDC_4H_UP	0.2536288868587598			
REACTOME_NICOTINATE_METABOLISM	0.2536126287557093			
GO_REGULATION_OF_RELEASE_OF_CYTOCHROME_C_FROM_MITOCHONDRIA	0.2535874762099234			
GO_NEGATIVE_REGULATION_OF_EMBRYONIC_DEVELOPMENT	0.2535833573266198			
MIR6852_3P	0.2535826928063459			
REACTOME_SYNTHESIS_OF_VERY_LONG_CHAIN_FATTY_ACYL_COAS	0.25357846254373384			
GO_REGULATION_OF_GONAD_DEVELOPMENT	0.2535783830312567			
GSE26030_UNSTIM_VS_RESTIM_TH1_DAY15_POST_POLARIZATION_UP	0.2535675207048867			
GSE33162_UNTREATED_VS_4H_LPS_STIM_HDAC3_HET_MACROPHAGE_UP	0.2535482184732998			
GO_REGULATION_OF_AXON_GUIDANCE	0.2535460861261633			
MIR206	0.2535342096450534			
GO_SYNAPTIC_VESICLE_DOCKING	0.25351899428950436			
RAFFEL_VEGFA_TARGETS_DN	0.25349601013805756			
ZHU_CMV_8_HR_UP	0.2534668016554207			
HOXA9_DN.V1_UP	0.25345768300421845			
REACTOME_SIGNALING_BY_MST1	0.2534552607217927			
GO_EPOXIDE_HYDROLASE_ACTIVITY	0.2534405726236201			
GSE27786_LSK_VS_NKCELL_DN	0.2534401320473881			
GSE9239_CTRL_VS_TNF_INHIBITOR_TREATED_DC_UP	0.25343943971694605			
REACTOME_PHASE_II_CONJUGATION_OF_COMPOUNDS	0.25343194043139167			
GO_THYROID_HORMONE_TRANSPORT	0.25339320222887357			
GO_RESPONSE_TO_MINERALOCORTICOID	0.2533671753557284			
GSE25123_CTRL_VS_ROSIGLITAZONE_STIM_PPARG_KO_MACROPHAGE_UP	0.253358444440195			
SRSF7_TARGET_GENES	0.2533501016886668			
CREB_Q2_01	0.2533476671039341			
GATA_Q6	0.25332782619494537			
chr10p11	0.2533211751150471			
BARRIER_COLON_CANCER_RECURRENCE_DN	0.2533111809474312			
GSE37533_PPARG1_FOXP3_VS_FOXP3_TRANSDUCED_CD4_TCELL_UP	0.2533038586838105			
GO_GLUTATHIONE_PEROXIDASE_ACTIVITY	0.2532915346267175			
MIR454_3P	0.2532845216530341			
HERNANDEZ_MITOTIC_ARREST_BY_DOCETAXEL_1_DN	0.25327760827602647			
RAY_ALZHEIMERS_DISEASE	0.25324838316632275			
GSE12366_NAIVE_VS_MEMORY_BCELL_DN	0.25323855946616397			
GSE26669_CD4_VS_CD8_TCELL_IN_MLR_UP	0.25321191597606596			
GSE6674_UNSTIM_VS_PL2_3_STIM_BCELL_DN	0.2531927989967853			
GO_PLATELET_DENSE_GRANULE_ORGANIZATION	0.2531894973251155			
GO_CYTOKINE_SECRETION	0.2531879096620028			
GSE7219_WT_VS_NIK_NFKB2_KO_DC_UP	0.25318481144192995			
GO_REGULATION_OF_GLIOGENESIS	0.25317996119033426			
GO_RECEPTOR_BIOSYNTHETIC_PROCESS	0.2531428374458375			
GO_PEPTIDASE_ACTIVATOR_ACTIVITY_INVOLVED_IN_APOPTOTIC_PROCESS	0.2531408268569084			
MIR323A_3P	0.25313897973588456			
GO_SKELETAL_MUSCLE_SATELLITE_CELL_ACTIVATION	0.25313006954436257			
GO_GERM_CELL_PROLIFERATION	0.2530883753092526			
GO_PROTEIN_LOCALIZATION_TO_MICROTUBULE	0.25306538624511066			
GR_Q6_01	0.2530631188205399			
BROWNE_HCMV_INFECTION_4HR_UP	0.2530445951870138			
GO_CUL7_RING_UBIQUITIN_LIGASE_COMPLEX	0.25301579483198827			
GSE360_CTRL_VS_L_MAJOR_MAC_DN	0.2529964932752502			
NF1_Q6_01	0.2529911497313116			
GSE22601_IMMATURE_CD4_SINGLE_POSITIVE_VS_CD8_SINGLE_POSITIVE_THYMOCYTE_DN	0.25298573889189635			
GSE17974_2.5H_VS_72H_IL4_AND_ANTI_IL12_ACT_CD4_TCELL_DN	0.25298122836382436			
GAUSSMANN_MLL_AF4_FUSION_TARGETS_D_UP	0.2529799348223318			
GGCNNMSMYNTTG_UNKNOWN	0.25292831625757906			
GSE11961_GERMINAL_CENTER_BCELL_DAY7_VS_MEMORY_BCELL_DAY40_UP	0.2529168830407948			
KYNG_DNA_DAMAGE_UP	0.25288734293382475			
GO_POSITIVE_REGULATION_OF_NF_KAPPAB_TRANSCRIPTION_FACTOR_ACTIVITY	0.2528811368570265			
GO_RESPONSE_TO_FATTY_ACID	0.2528791375665419			
GO_PEPTIDE_DISULFIDE_OXIDOREDUCTASE_ACTIVITY	0.2528765396398063			
GSE7548_NAIVE_VS_DAY28_PCC_IMMUNIZATION_CD4_TCELL_DN	0.25287617434254733			
GSE5679_PPARG_LIGAND_ROSIGLITAZONE_VS_RARA_AGONIST_AM580_TREATED_DC_UP	0.2528547722463152			
GO_INTERCELLULAR_TRANSPORT	0.25284597593707747			
GO_CARDIAC_MUSCLE_CELL_CARDIAC_MUSCLE_CELL_ADHESION	0.2528274928425973			
GO_RECEPTOR_LOCALIZATION_TO_SYNAPSE	0.2528106585131323			
GENTILE_UV_RESPONSE_CLUSTER_D5	0.25279251987825374			
GSE22935_WT_VS_MYD88_KO_MACROPHAGE_48H_MBOVIS_BCG_STIM_UP	0.2527901878376137			
GO_REGULATION_OF_LIPOPROTEIN_PARTICLE_CLEARANCE	0.2527851724945326			
GO_POSITIVE_REGULATION_OF_CYTOKINE_PRODUCTION_INVOLVED_IN_IMMUNE_RESPONSE	0.25278001143944645			
GO_APOPTOTIC_PROCESS_INVOLVED_IN_MORPHOGENESIS	0.25277996064192504			
GO_PROTEIN_PHOSPHATASE_BINDING	0.2527555750016002			
REACTOME_TP53_REGULATES_TRANSCRIPTION_OF_CELL_DEATH_GENES	0.2527539380716689			
REACTOME_TNFR1_MEDIATED_CERAMIDE_PRODUCTION	0.2527224787772204			
MIR6512_5P	0.25272112415732156			
MIR6889_5P	0.25271296170379204			
LEE_LIVER_CANCER_CIPROFIBRATE_DN	0.2527128838239989			
GSE45365_HEALTHY_VS_MCMV_INFECTION_CD11B_DC_DN	0.2527125236202971			
IPA_ETV4_UP	0.2527043919831523			
GO_POSITIVE_REGULATION_OF_HAIR_CYCLE	0.2527033387029196			
GSE10325_BCELL_VS_LUPUS_BCELL_DN	0.2526853773263784			
REACTOME_SIGNALING_BY_NOTCH	0.25268507001276674			
IPA_CBX2_DN	0.2526777201656032			
GSE33292_WT_VS_TCF1_KO_DN3_THYMOCYTE_UP	0.2526620003068477			
GO_POSITIVE_REGULATION_OF_PRI_MIRNA_TRANSCRIPTION_BY_RNA_POLYMERASE_II	0.2526571979130713			
GSE10147_IL3_AND_HIVP17_VS_IL3_AND_CPG_STIM_PDC_UP	0.2526285565998136			
IPA_NCOA3_DN	0.2525993591020334			
GO_ACTIVIN_RECEPTOR_ACTIVITY_TYPE_I	0.2525967517626897			
GO_NEGATIVE_REGULATION_OF_CHOLESTEROL_METABOLIC_PROCESS	0.25259204500962024			
GO_MESENCHYMAL_STEM_CELL_PROLIFERATION	0.2525774440000738			
BOCHKIS_FOXA2_TARGETS	0.25256796714441465			
KANNAN_TP53_TARGETS_DN	0.2525679623104738			
GSE22886_NEUTROPHIL_VS_MONOCYTE_UP	0.2525670360801538			
GO_REGULATION_OF_VIRAL_GENOME_REPLICATION	0.2525662699172568			
GO_REGULATION_OF_INFLAMMATORY_RESPONSE	0.25255955555978093			
GO_CARDIAC_NEURAL_CREST_CELL_MIGRATION_INVOLVED_IN_OUTFLOW_TRACT_MORPHOGENESIS	0.2525583402401242			
GSE25123_CTRL_VS_IL4_STIM_PPARG_KO_MACROPHAGE_UP	0.2525569459215463			
GO_REGULATION_OF_NEUROTRANSMITTER_RECEPTOR_ACTIVITY	0.2525389308450221			
REACTOME_LYSINE_CATABOLISM	0.252512063469097			
NGO_MALIGNANT_GLIOMA_1P_LOH	0.25250850289252574			
GO_NEGATIVE_REGULATION_OF_REACTIVE_OXYGEN_SPECIES_METABOLIC_PROCESS	0.25250557497013115			
CAATGCA_MIR33	0.2525046976096194			
NCOA6_TARGET_GENES	0.25247456024353965			
GSE6681_DELETED_FOXP3_VS_WT_TREG_UP	0.2524740634367337			
CEBPA_01	0.25246668440595316			
IPA_HSF1_DN	0.25246610953339627			
GO_NEGATIVE_REGULATION_OF_STEROID_METABOLIC_PROCESS	0.25245463123611467			
GO_POSITIVE_REGULATION_OF_PROTEIN_IMPORT	0.2524141094281954			
MIR3675_3P	0.25239813524751675			
GSE13485_CTRL_VS_DAY3_YF17D_VACCINE_PBMC_DN	0.25239365883909193			
MURAKAMI_UV_RESPONSE_6HR_DN	0.2523910282042804			
GO_LIPOPROTEIN_BIOSYNTHETIC_PROCESS	0.2523606773303993			
REACTOME_SIGNALING_BY_NOTCH1_HD_DOMAIN_MUTANTS_IN_CANCER	0.25232892202232865			
JIANG_AGING_CEREBRAL_CORTEX_DN	0.2523093994922842			
MIR199B_5P	0.2523047173511313			
FURUKAWA_DUSP6_TARGETS_PCI35_DN	0.25227347596988386			
GO_MICROTUBULE_BASED_TRANSPORT	0.2522720712201838			
MIR519C_3P	0.2522298849133839			
GSE40274_CTRL_VS_FOXP3_AND_GATA1_TRANSDUCED_ACTIVATED_CD4_TCELL_UP	0.25222726452960115			
REACTOME_SUMOYLATION_OF_IMMUNE_RESPONSE_PROTEINS	0.2521856326458382			
chr3q24	0.25218318934369			
GO_CYTOSKELETON_DEPENDENT_INTRACELLULAR_TRANSPORT	0.25218209227701716			
GO_MICROGLIA_DIFFERENTIATION	0.2521703183448943			
GO_TRANSFORMING_GROWTH_FACTOR_BETA_RECEPTOR_ACTIVITY_TYPE_I	0.2521276628656742			
GNATENKO_PLATELET_SIGNATURE	0.2521226428274893			
GSE17721_PAM3CSK4_VS_CPG_12H_BMDC_DN	0.25210863519352866			
GSE3982_EOSINOPHIL_VS_TH1_UP	0.25208891727613586			
GO_ORGAN_GROWTH	0.25208330882520064			
GSE42021_CD24INT_VS_CD24LOW_TREG_THYMUS_DN	0.25207568967079896			
GO_POSITIVE_REGULATION_OF_IMMUNOGLOBULIN_SECRETION	0.25205739463926524			
GO_BETA_GALACTOSIDASE_ACTIVITY	0.2520543762606135			
GO_NEGATIVE_REGULATION_OF_INTERFERON_GAMMA_SECRETION	0.25204689435767663			
GO_CD4_POSITIVE_ALPHA_BETA_T_CELL_CYTOKINE_PRODUCTION	0.25204418259016514			
GO_RESPONSE_TO_CYTOKINE	0.2520416100252738			
LINDGREN_BLADDER_CANCER_CLUSTER_1_UP	0.25204096794621106			
GO_TRABECULA_MORPHOGENESIS	0.2520377682600125			
GO_CELLULAR_GLUCAN_METABOLIC_PROCESS	0.25203228250220666			
GSE42021_TREG_PLN_VS_CD24INT_TREG_THYMUS_DN	0.25202081043599833			
GO_REGULATION_OF_KINASE_ACTIVITY	0.25201951073197904			
ZHANG_ADIPOGENESIS_BY_BMP7	0.25201604832699154			
TSAI_RESPONSE_TO_IONIZING_RADIATION	0.2520046133685609			
MAGRANGEAS_MULTIPLE_MYELOMA_IGLL_VS_IGLK_DN	0.2519898698360585			
GSE36078_WT_VS_IL1R_KO_LUNG_DC_DN	0.2519789793411436			
GSE29617_CTRL_VS_TIV_FLU_VACCINE_PBMC_2008_UP	0.25196132869313803			
HMEF2_Q6	0.2519485339323206			
GO_ATRIAL_CARDIAC_MUSCLE_CELL_TO_AV_NODE_CELL_SIGNALING	0.2519480399466895			
GO_DEVELOPMENT_OF_SECONDARY_SEXUAL_CHARACTERISTICS	0.25194240387501365			
GO_CITRULLINE_METABOLIC_PROCESS	0.2519388830658641			
HOLLERN_SOLID_NODULAR_BREAST_TUMOR_DN	0.25190174740772325			
GSE15930_STIM_VS_STIM_AND_TRICHOSTATINA_48H_CD8_T_CELL_DN	0.25190109806506816			
GO_NEGATIVE_REGULATION_OF_VIRAL_LIFE_CYCLE	0.2518613046782782			
SHEN_SMARCA2_TARGETS_UP	0.25184117437046344			
GO_POSITIVE_REGULATION_OF_TOLL_LIKE_RECEPTOR_SIGNALING_PATHWAY	0.2518406078713761			
BIOCARTA_PTDINS_PATHWAY	0.25183027420944143			
GO_STEROID_DEHYDROGENASE_ACTIVITY	0.25182873000861633			
GO_COCHLEA_MORPHOGENESIS	0.2518010238496466			
GO_NEGATIVE_REGULATION_OF_ASTROCYTE_ACTIVATION	0.25179998575228724			
GO_WNT_SIGNALING_PATHWAY_INVOLVED_IN_MIDBRAIN_DOPAMINERGIC_NEURON_DIFFERENTIATION	0.2517792352195755			
MIKKELSEN_MEF_LCP_WITH_H3K4ME3	0.25176636433118926			
GO_POSITIVE_REGULATION_OF_FATTY_ACID_BIOSYNTHETIC_PROCESS	0.2517509230695844			
GSE5542_UNTREATED_VS_IFNA_TREATED_EPITHELIAL_CELLS_6H_UP	0.2517437481970311			
GROSS_HYPOXIA_VIA_HIF1A_UP	0.2517335475638831			
GO_POSITIVE_REGULATION_OF_NEUROTRANSMITTER_UPTAKE	0.2517331245904769			
GO_ANION_HOMEOSTASIS	0.2517309932131906			
GSE24142_EARLY_THYMIC_PROGENITOR_VS_DN3_THYMOCYTE_ADULT_UP	0.25172204760456346			
PID_BETA_CATENIN_DEG_PATHWAY	0.2517109743129884			
GSE17721_LPS_VS_GARDIQUIMOD_8H_BMDC_UP	0.2517096863011323			
GO_BRANCHING_INVOLVED_IN_BLOOD_VESSEL_MORPHOGENESIS	0.2516998407384726			
IPA_GATA6_UP	0.2516875943972807			
MIR519A_3P_MIR519B_3P	0.25163592287737846			
GO_REGULATION_OF_TRANSCRIPTION_FROM_RNA_POLYMERASE_II_PROMOTER_IN_RESPONSE_TO_HYPOXIA	0.25161648619246696			
GO_REGULATION_OF_SYSTEMIC_ARTERIAL_BLOOD_PRESSURE_BY_ENDOTHELIN	0.25161430267672497			
CHIARADONNA_NEOPLASTIC_TRANSFORMATION_KRAS_UP	0.25160227581787026			
SP1_01	0.2515627544546141			
GO_NEGATIVE_REGULATION_OF_ESTABLISHMENT_OF_PROTEIN_LOCALIZATION	0.25155861896773457			
BIOCARTA_NFKB_PATHWAY	0.2515583772671175			
GO_POSITIVE_REGULATION_OF_ENDOCYTIC_RECYCLING	0.2515458475687998			
GO_COLLAGEN_ACTIVATED_TYROSINE_KINASE_RECEPTOR_SIGNALING_PATHWAY	0.2515021743186856			
GO_REGULATION_OF_SMALL_MOLECULE_METABOLIC_PROCESS	0.2514975770594968			
GSE3920_UNTREATED_VS_IFNG_TREATED_ENDOTHELIAL_CELL_UP	0.2514868277889473			
IPA_PAX6_DN	0.2514832827472697			
THEILGAARD_NEUTROPHIL_AT_SKIN_WOUND_UP	0.2514498035976176			
GSE3982_EOSINOPHIL_VS_NEUTROPHIL_DN	0.2514375357585624			
GO_POSITIVE_REGULATION_OF_MOLECULAR_FUNCTION	0.25143515522710663			
GSE360_L_DONOVANI_VS_B_MALAYI_HIGH_DOSE_DC_UP	0.2514321131059205			
GO_CYTOKINE_ACTIVITY	0.2514255237458243			
GSE12198_CTRL_VS_LOW_IL2_STIM_NK_CELL_UP	0.2514189831220396			
GO_PIGMENTATION	0.2514185382446716			
GO_NEGATIVE_REGULATION_OF_VIRAL_GENOME_REPLICATION	0.25141600997248387			
GO_REGULATION_OF_DENDRITE_MORPHOGENESIS	0.2514136782201504			
GO_POSITIVE_REGULATION_OF_BLOOD_PRESSURE	0.2514116518299394			
GO_NEGATIVE_REGULATION_OF_COMPLEMENT_ACTIVATION	0.25139115362325193			
WU_HBX_TARGETS_1_UP	0.25138922466950986			
GO_ECTODERMAL_PLACODE_DEVELOPMENT	0.25137106608601245			
GO_METANEPHRIC_MESENCHYMAL_CELL_DIFFERENTIATION	0.25136797155915463			
GO_TRANS_SYNAPTIC_SIGNALING_MODULATING_SYNAPTIC_TRANSMISSION	0.2513560513816305			
GSE34006_A2AR_KO_VS_A2AR_AGONIST_TREATED_TREG_UP	0.25134090623667477			
REACTOME_NOTCH4_INTRACELLULAR_DOMAIN_REGULATES_TRANSCRIPTION	0.2513211175810155			
GO_CYTOSOLIC_TRANSPORT	0.2512975142968421			
GO_REGULATION_OF_PHOTORECEPTOR_CELL_DIFFERENTIATION	0.2512934455610821			
GO_INHIBIN_BINDING	0.25129019204567943			
HANN_RESISTANCE_TO_BCL2_INHIBITOR_DN	0.2512888782739121			
TSUDA_ALVEOLAR_SOFT_PART_SARCOMA	0.25128631330229717			
AMUNDSON_RESPONSE_TO_ARSENITE	0.2512796126288141			
GO_COLLAGEN_BIOSYNTHETIC_PROCESS	0.2512690982645232			
GSE14000_UNSTIM_VS_4H_LPS_DC_DN	0.25126628771321247			
GO_NEURON_PROJECTION_MAINTENANCE	0.2512644100450097			
GO_CELL_ADHESION_MOLECULE_PRODUCTION	0.2512604532204896			
GO_NEGATIVE_REGULATION_OF_MUSCLE_CONTRACTION	0.25125283458091047			
GO_T_HELPER_1_TYPE_IMMUNE_RESPONSE	0.25118790361533344			
BIOCARTA_HIVNEF_PATHWAY	0.25117740541549316			
GO_NEGATIVE_REGULATION_OF_PROTEIN_SERINE_THREONINE_KINASE_ACTIVITY	0.251156794985299			
GO_NEGATIVE_REGULATION_OF_LAMELLIPODIUM_ORGANIZATION	0.2511190873549802			
GSE17721_LPS_VS_PAM3CSK4_8H_BMDC_UP	0.2511069665872831			
SCHRAETS_MLL_TARGETS_DN	0.25109673776180874			
BIOCARTA_IL10_PATHWAY	0.25107844479351416			
GSE17301_IFNA2_VS_IFNA5_STIM_ACD3_ACD28_ACT_CD8_TCELL_UP	0.25106310236884577			
GO_CARBOHYDRATE_PHOSPHORYLATION	0.2510533288119237			
GO_POSITIVE_REGULATION_OF_T_HELPER_CELL_DIFFERENTIATION	0.2510189962908483			
GO_SEMAPHORIN_RECEPTOR_BINDING	0.2510079277554482			
GSE17186_MEMORY_VS_NAIVE_BCELL_DN	0.2510043319246164			
GSE7509_UNSTIM_VS_IFNA_STIM_IMMATURE_DC_UP	0.251003464500088			
GO_ASTER	0.25100253137125716			
GSE17721_POLYIC_VS_PAM3CSK4_4H_BMDC_UP	0.250992407803382			
CHIANG_LIVER_CANCER_SUBCLASS_PROLIFERATION_UP	0.2509735144381031			
GO_I_SMAD_BINDING	0.25096576914537294			
BIOCARTA_PTC1_PATHWAY	0.25096132692661094			
GSE46242_CTRL_VS_EGR2_DELETED_ANERGIC_TH1_CD4_TCELL_DN	0.2509564771865107			
BIERIE_INFLAMMATORY_RESPONSE_TGFB1	0.250954132424731			
AAGCACA_MIR218	0.2509386686719779			
GO_POSITIVE_REGULATION_OF_INFLAMMATORY_RESPONSE	0.2509347008547503			
REACTOME_GALACTOSE_CATABOLISM	0.250910359673882			
MIKKELSEN_NPC_HCP_WITH_H3K27ME3	0.2508806240976007			
GSE17721_0.5H_VS_12H_CPG_BMDC_DN	0.25087754344930846			
GO_BILE_ACID_BIOSYNTHETIC_PROCESS	0.2508765198057542			
KATSANOU_ELAVL1_TARGETS_DN	0.25084699991536535			
GEORGES_TARGETS_OF_MIR192_AND_MIR215	0.2508241202839744			
PID_BMP_PATHWAY	0.25080876519307427			
SCHEIDEREIT_IKK_TARGETS	0.25077460382688227			
TFIII_Q6	0.2507725142017584			
GO_TRANSMEMBRANE_RECEPTOR_PROTEIN_SERINE_THREONINE_KINASE_BINDING	0.2507652698822506			
AEBP2_TARGET_GENES	0.25076054032482376			
GSE42021_CD24HI_VS_CD24INT_TREG_THYMUS_DN	0.250752920298791			
GO_NEGATIVE_REGULATION_OF_EXTRINSIC_APOPTOTIC_SIGNALING_PATHWAY_VIA_DEATH_DOMAIN_RECEPTORS	0.250746735562842			
GO_SMALL_GTPASE_BINDING	0.25072349279719364			
GO_PHOSPHATIDYLINOSITOL_5_PHOSPHATE_BINDING	0.25072185829540006			
YAO_TEMPORAL_RESPONSE_TO_PROGESTERONE_CLUSTER_17	0.2507182347552205			
GO_REGULATION_OF_CYTOLYSIS_IN_OTHER_ORGANISM	0.25071728368262236			
GO_EPITHELIAL_CELL_PROLIFERATION_INVOLVED_IN_PROSTATE_GLAND_DEVELOPMENT	0.2507134201864696			
GO_ENDOPLASMIC_RETICULUM_LOCALIZATION	0.25068406429741513			
GSE3982_NEUTROPHIL_VS_EFF_MEMORY_CD4_TCELL_UP	0.2506518993676113			
GO_QUINONE_METABOLIC_PROCESS	0.2506508610838849			
GSE43955_TH0_VS_TGFB_IL6_TH17_ACT_CD4_TCELL_42H_UP	0.2506447621088162			
GO_SPERMINE_METABOLIC_PROCESS	0.2506377188386325			
TGACCTTG_SF1_Q6	0.2506312543865443			
GO_PYRIMIDINE_NUCLEOTIDE_SALVAGE	0.2506276438912857			
GO_CELLULAR_RESPONSE_TO_INORGANIC_SUBSTANCE	0.25061590587007837			
LIEN_BREAST_CARCINOMA_METAPLASTIC_VS_DUCTAL_DN	0.25059640064926075			
GGATCCG_MIR127	0.25057199227149257			
GSE14769_UNSTIM_VS_20MIN_LPS_BMDM_DN	0.25054852120697735			
GO_POSITIVE_REGULATION_OF_DNA_BINDING_TRANSCRIPTION_FACTOR_ACTIVITY	0.2505357997171833			
MIR5009_5P	0.2505324624471166			
GSE17721_CTRL_VS_LPS_2H_BMDC_DN	0.2505113728448033			
REACTOME_PI3K_EVENTS_IN_ERBB4_SIGNALING	0.2505061904596971			
GOTTWEIN_TARGETS_OF_KSHV_MIR_K12_11	0.25047869166356923			
IRX2_TARGET_GENES	0.2504519919357693			
IPA_NFYA_UP	0.25044296084763246			
IPA_OVOL1_UP	0.2504410177154533			
GO_THYROID_GLAND_DEVELOPMENT	0.250423240892778			
GSE41867_LCMV_ARMSTRONG_VS_CLONE13_DAY8_EFFECTOR_CD8_TCELL_UP	0.25042083706956514			
GSE2585_CTEC_VS_THYMIC_DC_DN	0.2504207511776817			
GO_PROTEIN_TYROSINE_KINASE_ACTIVATOR_ACTIVITY	0.2504162702525452			
HOXB4_TARGET_GENES	0.250412376614074			
GO_SPECIFIC_GRANULE	0.25040896020225467			
GSE17974_0H_VS_72H_IN_VITRO_ACT_CD4_TCELL_UP	0.25040165729121516			
GO_CCR_CHEMOKINE_RECEPTOR_BINDING	0.25040031538755125			
GO_NEGATIVE_REGULATION_OF_NEURON_APOPTOTIC_PROCESS	0.25039221849420695			
GSE6259_DEC205_POS_DC_VS_BCELL_DN	0.2503696251145831			
GO_POSITIVE_REGULATION_OF_HEMATOPOIETIC_STEM_CELL_PROLIFERATION	0.25034222619250096			
GO_PROTEIN_SULFATION	0.2503105989460211			
REACTOME_INTERLEUKIN_4_AND_INTERLEUKIN_13_SIGNALING	0.250310516941164			
GOLDRATH_ANTIGEN_RESPONSE	0.25028809498161403			
GO_POSITIVE_REGULATION_OF_TRANSFORMING_GROWTH_FACTOR_BETA_PRODUCTION	0.2502602809320096			
GO_POSITIVE_REGULATION_OF_GROWTH	0.2502266951483908			
IPA_ASCL1_DN	0.2502246264560357			
MIR1275	0.2502137198198196			
IPA_PRKCD_UP	0.2501801070119267			
MCDOWELL_ACUTE_LUNG_INJURY_DN	0.25017835846935327			
GO_TETRAPYRROLE_BINDING	0.25016997050118644			
GO_NEGATIVE_REGULATION_OF_KINASE_ACTIVITY	0.2501592890671822			
GO_NEGATIVE_REGULATION_OF_CELL_ADHESION_MEDIATED_BY_INTEGRIN	0.25015434378906504			
GO_COMPLEX_OF_COLLAGEN_TRIMERS	0.25012864735302315			
GSE32986_CURDLAN_HIGHDOSE_VS_GMCSF_AND_CURDLAN_HIGHDOSE_STIM_DC_DN	0.2501219798421771			
TURASHVILI_BREAST_NORMAL_DUCTAL_VS_LOBULAR_DN	0.25010556455289845			
GO_RESPONSE_TO_VITAMIN_E	0.25009587675658945			
GO_REGULATION_OF_CILIUM_DEPENDENT_CELL_MOTILITY	0.25008578677564325			
GO_POSITIVE_REGULATION_OF_MYELINATION	0.2500795444261731			
PATIL_LIVER_CANCER	0.2500761049629036			
GSE7831_UNSTIM_VS_CPG_STIM_PDC_1H_DN	0.2500718462041125			
GSE12845_PRE_GC_VS_DARKZONE_GC_TONSIL_BCELL_UP	0.2500608866954126			
GO_POSITIVE_REGULATION_OF_DEFENSE_RESPONSE_TO_BACTERIUM	0.2500332535455462			
GO_REGULATION_OF_PROTEIN_MODIFICATION_BY_SMALL_PROTEIN_CONJUGATION_OR_REMOVAL	0.249976071317877			
GSE8384_CTRL_VS_B_ABORTUS_4H_MAC_CELL_LINE_DN	0.2499684971717541			
GSE19512_NAUTRAL_VS_INDUCED_TREG_DN	0.24993133724825284			
REACTOME_SLC_MEDIATED_TRANSMEMBRANE_TRANSPORT	0.24992992861788763			
PIAS4_TARGET_GENES	0.24992947901736887			
GO_REGULATION_OF_SYMBIOSIS_ENCOMPASSING_MUTUALISM_THROUGH_PARASITISM	0.24991646924050626			
GO_IMMUNE_RESPONSE_TO_TUMOR_CELL	0.24990827527413564			
TCF1P_Q6	0.24990819172594236			
LA_MEN1_TARGETS	0.24989106162919641			
GSE360_DC_VS_MAC_M_TUBERCULOSIS_UP	0.2498889900345234			
HALLMARK_IL6_JAK_STAT3_SIGNALING	0.24986943090482805			
GO_ASPARTATE_FAMILY_AMINO_ACID_CATABOLIC_PROCESS	0.24985941069455106			
GO_RESPONSE_TO_INTERFERON_GAMMA	0.2497961756640064			
GO_REGULATION_OF_RECEPTOR_LOCALIZATION_TO_SYNAPSE	0.2497948624936223			
GSE46606_UNSTIM_VS_CD40L_IL2_IL5_3DAY_STIMULATED_IRF4MID_SORTED_BCELL_DN	0.2497891925922327			
GO_NEGATIVE_REGULATION_OF_NEURON_DIFFERENTIATION	0.24978443154848468			
GO_KERATIN_FILAMENT_BINDING	0.24977727685038414			
MIKKELSEN_IPS_ICP_WITH_H3K4ME3_AND_H327ME3	0.2497692668801613			
GO_MODULATION_BY_VIRUS_OF_HOST_MORPHOLOGY_OR_PHYSIOLOGY	0.24975267380807395			
GSE3039_NKT_CELL_VS_B1_BCELL_DN	0.24974461246349328			
RODRIGUES_THYROID_CARCINOMA_ANAPLASTIC_DN	0.24972238742776412			
GSE37533_PPARG1_FOXP3_VS_PPARG2_FOXP3_TRANSDUCED_CD4_TCELL_PIOGLITAZONE_TREATED_DN	0.2497145835361311			
GO_REGULATION_OF_FILOPODIUM_ASSEMBLY	0.2497099232621902			
GO_REGULATION_OF_TYPE_B_PANCREATIC_CELL_PROLIFERATION	0.24969585460537458			
IPA_PRKCD_DN	0.24968107179255278			
GO_REGULATION_OF_RAS_PROTEIN_SIGNAL_TRANSDUCTION	0.24968106081609567			
GO_CORPUS_CALLOSUM_MORPHOGENESIS	0.2496790751744042			
GO_IRON_COORDINATION_ENTITY_TRANSPORT	0.24967230606117036			
GSE3565_DUSP1_VS_WT_SPLENOCYTES_UP	0.24966407147449543			
KYNG_WERNER_SYNDROM_DN	0.2496266116181584			
GO_POSITIVE_REGULATION_OF_NUCLEOCYTOPLASMIC_TRANSPORT	0.24961668914631843			
GO_POSITIVE_REGULATION_OF_INTERLEUKIN_8_PRODUCTION	0.24958866506685345			
GO_STEM_CELL_FATE_COMMITMENT	0.24958617285788626			
GO_NEGATIVE_REGULATION_OF_NERVOUS_SYSTEM_DEVELOPMENT	0.24958269006565492			
GO_BETA_1_3_GALACTOSYLTRANSFERASE_ACTIVITY	0.2495807896436903			
GSE17974_CTRL_VS_ACT_IL4_AND_ANTI_IL12_1H_CD4_TCELL_DN	0.24956950946131726			
IPA_RELA_UP	0.2495614412470208			
GSE40443_INDUCED_VS_TOTAL_TREG_DN	0.2495613886086917			
PLASARI_TGFB1_SIGNALING_VIA_NFIC_10HR_UP	0.2495589141449392			
TCGA_GLIOBLASTOMA_MUTATED	0.24955048957134587			
GO_INTRACELLULAR_PROTEIN_TRANSPORT	0.24954447845283848			
GO_DENDRITIC_GROWTH_CONE	0.24952672132458822			
GO_METANEPHRIC_COLLECTING_DUCT_DEVELOPMENT	0.24951465354555824			
GO_CERAMIDE_BIOSYNTHETIC_PROCESS	0.2494530636437941			
GSE7460_CTRL_VS_TGFB_TREATED_ACT_CD8_TCELL_DN	0.24945077851614111			
GO_RESPONSE_TO_INSULIN	0.24944985318675852			
GO_SYNAPTIC_MEMBRANE_ADHESION	0.24944509029096582			
GSE39820_TGFBETA1_IL6_VS_TGFBETA1_IL6_IL23A_TREATED_CD4_TCELL_UP	0.2494180025060831			
VANDESLUIS_COMMD1_TARGETS_GROUP_4_DN	0.2494054327363766			
KEGG_PRIMARY_BILE_ACID_BIOSYNTHESIS	0.24940165122837016			
MIR873_5P	0.24939389543303195			
GO_INTERLEUKIN_8_PRODUCTION	0.24938103749756285			
CTATGCA_MIR153	0.24936381109182573			
GO_CELL_MATURATION	0.24935166389762844			
GSE43863_DAY6_EFF_VS_DAY150_MEM_TFH_CD4_TCELL_UP	0.2493287973028706			
GSE16385_UNTREATED_VS_12H_ROSIGLITAZONE_TREATED_MACROPHAGE_DN	0.24930476821527642			
GSE16451_CTRL_VS_WEST_EQUINE_ENC_VIRUS_IMMATURE_NEURON_CELL_LINE_UP	0.24930419256859815			
GO_REGULATION_OF_ESTABLISHMENT_OF_PROTEIN_LOCALIZATION	0.24928104025482092			
GSE22033_WT_VS_PPARG_KO_MEF_UP	0.24927002393576872			
GO_NEGATIVE_REGULATION_OF_GLIAL_CELL_DIFFERENTIATION	0.24926877179806217			
GO_FIBRINOGEN_BINDING	0.24926594362510363			
MIR1289	0.24926375882396537			
GSE14769_UNSTIM_VS_120MIN_LPS_BMDM_DN	0.24923903100799838			
GSE13485_DAY1_VS_DAY7_YF17D_VACCINE_PBMC_DN	0.24922533520194493			
GO_SEMINIFEROUS_TUBULE_DEVELOPMENT	0.24921167826301666			
MARKS_HDAC_TARGETS_UP	0.24920333432973882			
GO_NEGATIVE_REGULATION_OF_DENDRITE_DEVELOPMENT	0.24920274123080602			
GSE19888_ADENOSINE_A3R_INH_VS_ACT_WITH_INHIBITOR_PRETREATMENT_IN_MAST_CELL_UP	0.24919526292529945			
REACTOME_TYSND1_CLEAVES_PEROXISOMAL_PROTEINS	0.24918783485666055			
GO_PLATELET_DERIVED_GROWTH_FACTOR_BINDING	0.24918614297149422			
GO_PHAGOSOME_ACIDIFICATION	0.2491779205668721			
GO_UDP_N_ACETYLGLUCOSAMINE_METABOLIC_PROCESS	0.24917491478115453			
GSE40666_NAIVE_VS_EFFECTOR_CD8_TCELL_WITH_IFNA_STIM_90MIN_UP	0.2491642876033987			
GO_POSITIVE_REGULATION_OF_FATTY_ACID_METABOLIC_PROCESS	0.24915158550932293			
GO_OSTEOCLAST_DEVELOPMENT	0.24914742564865427			
GO_UBIQUITIN_RECYCLING	0.24914099739929962			
GSE21360_NAIVE_VS_QUATERNARY_MEMORY_CD8_TCELL_UP	0.249128282571809			
GO_PROTEIN_REPAIR	0.24908634609216718			
GO_CORTICAL_CYTOSKELETON_ORGANIZATION	0.24907268185158138			
REACTOME_MITOPHAGY	0.24902849633943816			
GSE17301_IFNA2_VS_IFNA2_AND_ACD3_ACD28_STIM_CD8_TCELL_UP	0.24901525826802143			
GO_CELLULAR_RESPONSE_TO_LIPID	0.2490100213302931			
MIR4460	0.24900457295737105			
MIR8057	0.2489918586763928			
GO_LABYRINTHINE_LAYER_MORPHOGENESIS	0.24898646557709309			
SARRIO_EPITHELIAL_MESENCHYMAL_TRANSITION_UP	0.24897705208269028			
GO_CELLULAR_RESPONSE_TO_BIOTIC_STIMULUS	0.24896032907121401			
YORDY_RECIPROCAL_REGULATION_BY_ETS1_AND_SP100_UP	0.2489168236397466			
GSE25087_TREG_VS_TCONV_ADULT_UP	0.24888369249906503			
GO_GLUCOSYLCERAMIDE_METABOLIC_PROCESS	0.2488656508047167			
GO_BONE_DEVELOPMENT	0.24885610338822375			
REACTOME_VLDL_CLEARANCE	0.24885503345244964			
GSE2770_TGFB_AND_IL4_VS_IL12_TREATED_ACT_CD4_TCELL_2H_DN	0.24880900360085004			
GSE37533_PPARG2_FOXP3_VS_FOXP3_TRANSDUCED_CD4_TCELL_DN	0.24875971162783295			
GSE36078_UNTREATED_VS_AD5_INF_MOUSE_LUNG_DC_UP	0.2487388159653188			
GSE27786_CD4_TCELL_VS_NEUTROPHIL_DN	0.24872273612258639			
GSE29949_CD8_NEG_DC_SPLEEN_VS_CD8_POS_DC_SPLEEN_DN	0.2487068120235778			
IPA_NFKBIZ_UP	0.2486866174164176			
NF1_Q6	0.24868066367352548			
GO_POSITIVE_REGULATION_OF_CELL_DEVELOPMENT	0.2486765610447298			
GO_RHOMBOMERE_DEVELOPMENT	0.24867191103557026			
GO_REGULATION_OF_INTERLEUKIN_1_MEDIATED_SIGNALING_PATHWAY	0.24865066073830772			
IPA_H2AFX_DN	0.24864477104029212			
GO_POSITIVE_REGULATION_OF_T_HELPER_2_CELL_DIFFERENTIATION	0.24861460005591576			
GO_RESPONSE_TO_SELENIUM_ION	0.2486137565344288			
GSE13306_RA_VS_UNTREATED_MEM_CD4_TCELL_UP	0.24859710093085455			
GO_CARBONYL_REDUCTASE_NADPH_ACTIVITY	0.24859390652830213			
GO_POSITIVE_REGULATION_OF_TRANSCRIPTION_FROM_RNA_POLYMERASE_II_PROMOTER_IN_RESPONSE_TO_HYPOXIA	0.2485909053942656			
GSE2770_UNTREATED_VS_IL4_TREATED_ACT_CD4_TCELL_2H_UP	0.2485892608487956			
GSE38681_WT_VS_LYL1_KO_LYMPHOID_PRIMED_MULTIPOTENT_PROGENITOR_DN	0.24857561279861937			
GO_ZYMOGEN_INHIBITION	0.2485666448386799			
CREB3L4_TARGET_GENES	0.24856595849643612			
GO_REGULATION_OF_MICROTUBULE_POLYMERIZATION_OR_DEPOLYMERIZATION	0.24856323565227187			
GO_REGULATION_OF_ERAD_PATHWAY	0.24856242162544315			
GO_GLUTATHIONE_TRANSFERASE_ACTIVITY	0.24854924567421355			
ZERBINI_RESPONSE_TO_SULINDAC_UP	0.24853520668374604			
GSE26343_WT_VS_NFAT5_KO_MACROPHAGE_DN	0.24850936523738285			
GSE26495_NAIVE_VS_PD1HIGH_CD8_TCELL_DN	0.24848173379286173			
GO_VITAMIN_TRANSMEMBRANE_TRANSPORTER_ACTIVITY	0.2484540931533751			
SASAI_TARGETS_OF_CXCR6_AND_PTCH1_DN	0.248453913099823			
GSE27859_MACROPHAGE_VS_DC_UP	0.24843903300109382			
GO_CHONDROITIN_SULFATE_PROTEOGLYCAN_METABOLIC_PROCESS	0.24842822887687366			
GO_SODIUM_ION_TRANSMEMBRANE_TRANSPORT	0.24842672447742833			
GO_RESPONSE_TO_INTERLEUKIN_18	0.24840641320381146			
BIOCARTA_EGF_PATHWAY	0.24838666575087037			
GO_GLANDULAR_EPITHELIAL_CELL_DIFFERENTIATION	0.2483809499835399			
GO_GTP_DEPENDENT_PROTEIN_BINDING	0.24838054865060852			
GO_LEUKOCYTE_CHEMOTAXIS_INVOLVED_IN_INFLAMMATORY_RESPONSE	0.24836160494215223			
CUX1_TARGET_GENES	0.24833657889214772			
GSE17974_IL4_AND_ANTI_IL12_VS_UNTREATED_48H_ACT_CD4_TCELL_UP	0.2483320797404938			
REACTOME_ALPHA_OXIDATION_OF_PHYTANATE	0.24832325454030432			
GO_PROTEIN_TRANSPORT_WITHIN_LIPID_BILAYER	0.24832263531758247			
GSE45365_NK_CELL_VS_CD8_TCELL_UP	0.24830745318329991			
KAYO_CALORIE_RESTRICTION_MUSCLE_DN	0.2483006625423564			
GSE23502_BM_VS_COLON_TUMOR_HDC_KO_MYELOID_DERIVED_SUPPRESSOR_CELL_DN	0.24828324677058247			
GSE22886_TH1_VS_TH2_48H_ACT_DN	0.24827305626131552			
GSE45365_WT_VS_IFNAR_KO_CD11B_DC_DN	0.2482702660742481			
GSE29614_CTRL_VS_DAY7_TIV_FLU_VACCINE_PBMC_UP	0.24825822427048433			
REACTOME_SIGNALLING_TO_ERKS	0.2482369156779134			
GO_RETROGRADE_NEURONAL_DENSE_CORE_VESICLE_TRANSPORT	0.24820574751312655			
MIR891A_3P	0.2481949154516573			
CEBP_C	0.2481897247323676			
GO_NEGATIVE_REGULATION_OF_CGMP_MEDIATED_SIGNALING	0.24818697172595425			
GSE46606_UNSTIM_VS_CD40L_IL2_IL5_1DAY_STIMULATED_IRF4HIGH_SORTED_BCELL_DN	0.24817834343979353			
GSE15930_NAIVE_VS_24H_IN_VITRO_STIM_INFAB_CD8_TCELL_UP	0.2481591246152428			
GO_ANCHORED_COMPONENT_OF_PLASMA_MEMBRANE	0.24815891259447267			
GO_NEUTRAL_LIPID_BIOSYNTHETIC_PROCESS	0.24815310846063618			
MIR4740_3P	0.24814955725485402			
GO_CYTOSKELETON_DEPENDENT_CYTOKINESIS	0.24814824780963357			
BIOCARTA_LDL_PATHWAY	0.24812638698242087			
MIR1180_5P	0.24812577635774635			
GO_CANONICAL_WNT_SIGNALING_PATHWAY_INVOLVED_IN_REGULATION_OF_CELL_PROLIFERATION	0.24812303991577045			
IPA_EOMES_UP	0.24811971809811262			
GSE37301_COMMON_LYMPHOID_PROGENITOR_VS_RAG2_KO_NK_CELL_UP	0.24811385718000084			
MIR6818_3P	0.24808926714461033			
GO_PLATELET_AGGREGATION	0.2480842927160132			
REACTOME_SODIUM_COUPLED_PHOSPHATE_COTRANSPORTERS	0.24806295609990053			
MIR1248	0.24804659605274293			
GO_EPITHELIAL_FLUID_TRANSPORT	0.24801725026737945			
GSE42021_CD24HI_VS_CD24LOW_TCONV_THYMUS_DN	0.24800798767551385			
GSE25123_WT_VS_PPARG_KO_MACROPHAGE_ROSIGLITAZONE_STIM_DN	0.24800350659921852			
GO_LINOLEIC_ACID_METABOLIC_PROCESS	0.24798714890251627			
GSE1432_CTRL_VS_IFNG_24H_MICROGLIA_DN	0.2479863857628342			
GO_ARGININE_CATABOLIC_PROCESS	0.24797350345646418			
GO_BETA_2_MICROGLOBULIN_BINDING	0.2479600533001142			
DEBOSSCHER_NFKB_TARGETS_REPRESSED_BY_GLUCOCORTICOIDS	0.2479520225279432			
GSE32034_LY6C_HIGH_VS_LOW_MONOCYTE_DN	0.24793677449623883			
GO_REGULATION_OF_SYSTEMIC_ARTERIAL_BLOOD_PRESSURE_BY_HORMONE	0.24793425179316378			
GO_FLUID_TRANSPORT	0.24793144704615905			
IPA_HESX1_DN	0.24792675113600118			
GO_POSITIVE_REGULATION_OF_FATTY_ACID_TRANSPORT	0.2479244169343944			
WTTGKCTG_UNKNOWN	0.24792419986231318			
GO_PROTON_TRANSPORTING_TWO_SECTOR_ATPASE_COMPLEX_PROTON_TRANSPORTING_DOMAIN	0.2479104469207411			
GSE25088_WT_VS_STAT6_KO_MACROPHAGE_ROSIGLITAZONE_AND_IL4_STIM_UP	0.2479066334289828			
YANG_BCL3_TARGETS_UP	0.24790327820774793			
GSE17721_POLYIC_VS_GARDIQUIMOD_8H_BMDC_UP	0.247900366665947			
GO_CHEMOKINE_C_X_C_MOTIF_LIGAND_2_PRODUCTION	0.24789905202647372			
GO_NEUROINFLAMMATORY_RESPONSE	0.24788090855908979			
GO_PHOSPHATASE_BINDING	0.24787914975185982			
KRIGE_AMINO_ACID_DEPRIVATION	0.24787823951776544			
GO_REGULATION_OF_MALE_GONAD_DEVELOPMENT	0.24787447937588739			
GO_REGULATION_OF_NERVOUS_SYSTEM_PROCESS	0.24786726868438005			
CHARAFE_BREAST_CANCER_LUMINAL_VS_MESENCHYMAL_UP	0.24784607626895216			
AREB6_03	0.2478408916436416			
RAPA_EARLY_UP.V1_DN	0.2478284206120494			
GO_UNCONVENTIONAL_MYOSIN_COMPLEX	0.24780818070620947			
GSE17721_CTRL_VS_POLYIC_4H_BMDC_DN	0.2478025911976598			
GO_SENSORY_PERCEPTION_OF_SWEET_TASTE	0.24777279276333405			
GSE18791_UNSTIM_VS_NEWCATSLE_VIRUS_DC_1H_UP	0.2477377730799874			
AMIT_EGF_RESPONSE_20_HELA	0.24773465839842873			
GO_REGULATION_OF_NUCLEOTIDE_BINDING_OLIGOMERIZATION_DOMAIN_CONTAINING_SIGNALING_PATHWAY	0.2477235739354888			
GO_REGULATION_OF_FATTY_ACID_BIOSYNTHETIC_PROCESS	0.24770800234501858			
GSE30971_CTRL_VS_LPS_STIM_MACROPHAGE_WBP7_KO_2H_DN	0.2476913961612123			
GO_CELLULAR_RESPONSE_TO_IONIZING_RADIATION	0.24768777222013852			
MIR4259	0.24767238462847427			
GO_SUCCINATE_DEHYDROGENASE_ACTIVITY	0.24763898487468544			
GO_RESPIRATORY_CHAIN_COMPLEX_II	0.24763898487468544			
GO_ALCOHOL_CATABOLIC_PROCESS	0.24763704307429524			
TBX3_TARGET_GENES	0.2476366301581487			
GO_REGULATION_OF_CALCIUM_ION_IMPORT	0.24759919127771882			
MIR627_5P	0.24758832662580485			
GO_CELLULAR_RESPONSE_TO_GROWTH_HORMONE_STIMULUS	0.24756739066997485			
GO_NEGATIVE_REGULATION_OF_CYTOKINE_PRODUCTION	0.2475600206808476			
REACTOME_INTERLEUKIN_1_PROCESSING	0.24752019362051708			
GO_OXIDOREDUCTASE_ACTIVITY_ACTING_ON_PAIRED_DONORS_WITH_INCORPORATION_OR_REDUCTION_OF_MOLECULAR_OXYGEN_REDUCED_FLAVIN_OR_FLAVOPROTEIN_AS_ONE_DONOR_AND_INCORPORATION_OF_ONE_ATOM_OF_OXYGEN	0.2475097943068431			
PAPASPYRIDONOS_UNSTABLE_ATEROSCLEROTIC_PLAQUE_UP	0.24749273745192998			
chr8q22	0.24749106275464586			
GSE5589_LPS_VS_LPS_AND_IL10_STIM_IL6_KO_MACROPHAGE_45MIN_DN	0.24745550462167326			
GO_EOSINOPHIL_MIGRATION	0.2474402865708261			
IPA_HAND1_UP	0.24742689490756176			
GSE17721_0.5H_VS_8H_CPG_BMDC_DN	0.2474036090560922			
MIR5704	0.24738353688491915			
GO_DRUG_METABOLIC_PROCESS	0.24738306620865458			
KORKOLA_TERATOMA	0.24737422018115918			
GO_NEGATIVE_REGULATION_OF_CELL_FATE_COMMITMENT	0.24736709096371762			
REACTOME_INTERLEUKIN_37_SIGNALING	0.2473536707499304			
GO_CYTOKINESIS	0.2473267519631285			
chr7q31	0.24732436992593843			
GO_REGULATION_OF_MACROAUTOPHAGY	0.2473187229369045			
GO_CHONDROCYTE_PROLIFERATION	0.24730097023679007			
GSE7768_OVA_ALONE_VS_OVA_WITH_MPL_IMMUNIZED_MOUSE_WHOLE_SPLEEN_6H_DN	0.24726487606584927			
GO_NEGATIVE_REGULATION_OF_VIRAL_INDUCED_CYTOPLASMIC_PATTERN_RECOGNITION_RECEPTOR_SIGNALING_PATHWAY	0.24725710530827585			
PID_PI3KCI_AKT_PATHWAY	0.247244705459845			
MIR6862_3P	0.24721125699601412			
FOSTER_KDM1A_TARGETS_DN	0.2472110047880926			
POU1F1_Q6	0.2472063870804401			
GO_RESPONSE_TO_PROSTAGLANDIN_D	0.2472061319386108			
BOYAULT_LIVER_CANCER_SUBCLASS_G23_DN	0.24718188346102657			
GO_ACTIN_POLYMERIZATION_OR_DEPOLYMERIZATION	0.2471665422487512			
ZHENG_RESPONSE_TO_ARSENITE_DN	0.24716390968522736			
REACTOME_SYNTHESIS_OF_12_EICOSATETRAENOIC_ACID_DERIVATIVES	0.24716078059890684			
GO_RESPONSE_TO_PURINE_CONTAINING_COMPOUND	0.24713435145286528			
GSE11057_NAIVE_VS_MEMORY_CD4_TCELL_UP	0.2471218821873445			
MIR3198	0.2471077103721873			
HNF1_01	0.24710272263182392			
GO_ABSCISSION	0.2471000153349234			
GO_EMBRYONIC_PATTERN_SPECIFICATION	0.24708903315131767			
GO_ACTIVATION_OF_CYSTEINE_TYPE_ENDOPEPTIDASE_ACTIVITY	0.24708670172100775			
MATZUK_STEROIDOGENESIS	0.24705622812685776			
GSE16755_CTRL_VS_IFNA_TREATED_MAC_DN	0.24705424887027708			
GO_ANION_TRANSMEMBRANE_TRANSPORTER_ACTIVITY	0.2470310549044123			
CCCNNNNNNAAGWT_UNKNOWN	0.2470216187684643			
GO_POSITIVE_REGULATION_OF_METANEPHROS_DEVELOPMENT	0.24701957352012915			
GO_ENDOCYTIC_VESICLE	0.24701525126484067			
GSE6259_FLT3L_INDUCED_DEC205_POS_DC_VS_CD8_TCELL_DN	0.24701279592461992			
GO_NEGATIVE_REGULATION_OF_VIRAL_PROCESS	0.2470077501616286			
GSE39820_TGFBETA3_IL6_VS_TGFBETA3_IL6_IL23A_TREATED_CD4_TCELL_UP	0.24700743753220428			
GSE15930_NAIVE_VS_24H_IN_VITRO_STIM_CD8_TCELL_UP	0.2470005301329217			
BROCKE_APOPTOSIS_REVERSED_BY_IL6	0.24699495352448458			
GO_NEGATIVE_REGULATION_OF_MESODERM_DEVELOPMENT	0.24699240773182507			
GO_TROPONIN_COMPLEX	0.24697707203387279			
PETRETTO_HEART_MASS_QTL_CIS_DN	0.24695586067671677			
GSE29949_MICROGLIA_BRAIN_VS_CD8_NEG_DC_SPLEEN_DN	0.24695004990014482			
GO_MESENCHYMAL_STEM_CELL_DIFFERENTIATION	0.24694973869545442			
IPA_KLF11_DN	0.24692675473372305			
GO_ASYMMETRIC_NEUROBLAST_DIVISION	0.24691331854801796			
MIR3064_5P	0.2469036132263519			
HALLMARK_INTERFERON_GAMMA_RESPONSE	0.24689381468944466			
GO_RETINA_DEVELOPMENT_IN_CAMERA_TYPE_EYE	0.2468538867931918			
GO_REGULATION_OF_COFACTOR_METABOLIC_PROCESS	0.2468440597606706			
GSE32423_MEMORY_VS_NAIVE_CD8_TCELL_IL7_IL4_UP	0.24683402366752116			
IPA_HMGA2_DN	0.24683310056781882			
MIR1_3P	0.2467853645263488			
GSE37301_CD4_TCELL_VS_RAG2_KO_NK_CELL_UP	0.24675794799232167			
GSE2128_CTRL_VS_MIMETOPE_NEGATIVE_SELECTION_DP_THYMOCYTE_C57BL6_UP	0.24673117019733573			
HELLER_SILENCED_BY_METHYLATION_UP	0.24672878983366295			
GSE22045_TREG_VS_TCONV_UP	0.246719657007297			
GO_FICOLIN_1_RICH_GRANULE_MEMBRANE	0.24670509683469663			
GSE27786_CD8_TCELL_VS_ERYTHROBLAST_DN	0.24669913069757007			
GARGALOVIC_RESPONSE_TO_OXIDIZED_PHOSPHOLIPIDS_YELLOW_DN	0.24669615258261945			
GSE20366_EX_VIVO_VS_DEC205_CONVERSION_UP	0.24668588282942244			
GSE43700_UNTREATED_VS_IL10_TREATED_PBMC_UP	0.24666825945048892			
GO_SEPTIN_CYTOSKELETON	0.24666627576250671			
GSE42088_UNINF_VS_LEISHMANIA_INF_DC_8H_DN	0.2466428575106519			
GO_TRANSITION_BETWEEN_FAST_AND_SLOW_FIBER	0.24662905043336533			
GO_BILE_ACID_SECRETION	0.24661771258789236			
GO_PROGRAMMED_CELL_DEATH_IN_RESPONSE_TO_REACTIVE_OXYGEN_SPECIES	0.24658611465485872			
GO_POSITIVE_REGULATION_OF_PROTEIN_GLYCOSYLATION	0.2465856465093557			
MIR876_3P	0.24657305558601994			
GO_PROTEIN_HETEROOLIGOMERIZATION	0.24657093617640116			
GSE17721_LPS_VS_PAM3CSK4_12H_BMDC_UP	0.24656864017016333			
GSE13411_PLASMA_CELL_VS_MEMORY_BCELL_UP	0.2465527944672505			
KOKKINAKIS_METHIONINE_DEPRIVATION_48HR_DN	0.24654218532197777			
GO_MEMBRANOUS_SEPTUM_MORPHOGENESIS	0.2465331483250043			
GSE40274_CTRL_VS_FOXP3_AND_SATB1_TRANSDUCED_ACTIVATED_CD4_TCELL_DN	0.24651510273640118			
GSE45365_CD8A_DC_VS_CD11B_DC_UP	0.2465085470462977			
GSE7831_UNSTIM_VS_INFLUENZA_STIM_PDC_4H_UP	0.246491528409628			
GO_ENZYME_ACTIVATOR_ACTIVITY	0.24648370287188276			
GO_RESPONSE_TO_ESTRADIOL	0.24647697557634496			
CDP_01	0.24646791159138431			
GO_RESPONSE_TO_NUTRIENT	0.24645970607641865			
GSE14415_ACT_TCONV_VS_ACT_NATURAL_TREG_DN	0.2464299710980434			
IPA_EED_DN	0.24638672230807362			
REACTOME_ASSEMBLY_OF_ACTIVE_LPL_AND_LIPC_LIPASE_COMPLEXES	0.24637503782799008			
GO_CARBOHYDRATE_DERIVATIVE_TRANSPORT	0.2463673748136802			
GSE29949_MICROGLIA_BRAIN_VS_MONOCYTE_BONE_MARROW_UP	0.24636488570002668			
PGBD5_TARGET_GENES	0.24634749729786526			
GO_CENTRAL_NERVOUS_SYSTEM_DEVELOPMENT	0.24633784837273667			
GSE6269_FLU_VS_E_COLI_INF_PBMC_UP	0.2463273523241343			
GO_NEGATIVE_REGULATION_OF_PROTEIN_MODIFICATION_PROCESS	0.24632612126844441			
GO_TESTOSTERONE_BIOSYNTHETIC_PROCESS	0.24632551074966152			
GO_RESPONSE_TO_ISOLATION_STRESS	0.2463232919341102			
GSE44649_NAIVE_VS_ACTIVATED_CD8_TCELL_MIR155_KO_UP	0.24630438911177083			
GSE7764_IL15_NK_CELL_24H_VS_SPLENOCYTE_UP	0.24630238262664106			
URS_ADIPOCYTE_DIFFERENTIATION_DN	0.24630206612679412			
ACATTCC_MIR1_MIR206	0.2462913806139572			
GSE39556_CD8A_DC_VS_NK_CELL_UP	0.24627474342073705			
MIR197_3P	0.2462729640328456			
GO_REGULATION_OF_MICROTUBULE_POLYMERIZATION	0.24627212918021518			
HASLINGER_B_CLL_WITH_17P13_DELETION	0.24625988401525553			
GO_SMOOTH_MUSCLE_CONTRACTION	0.24624411629473902			
GRAESSMANN_RESPONSE_TO_MC_AND_SERUM_DEPRIVATION_UP	0.2462219498313331			
GSE21360_NAIVE_VS_QUATERNARY_MEMORY_CD8_TCELL_DN	0.24620516775493415			
ZNF490_TARGET_GENES	0.24619791652633302			
GSE42724_MEMORY_BCELL_VS_PLASMABLAST_DN	0.24619655813035776			
GO_POSITIVE_REGULATION_OF_CELL_ADHESION	0.24615939248407762			
MIR6835_5P	0.24615516316676245			
REACTOME_MAPK6_MAPK4_SIGNALING	0.24614740508919866			
GSE15930_STIM_VS_STIM_AND_IFNAB_72H_CD8_T_CELL_DN	0.24614525188966455			
IPA_RXRA_UP	0.24613924402284487			
ZNF33A_TARGET_GENES	0.24611272592915803			
PID_PI3K_PLC_TRK_PATHWAY	0.2461102134615378			
GSE35685_CD34POS_CD38NEG_VS_CD34POS_CD10POS_BONE_MARROW_UP	0.24610741529000643			
GSE19374_UNINF_VS_LISTERIA_INFECTED_MACROPHAGE_DN	0.24609645591211213			
IPA_FOXC2_DN	0.24608353308000214			
IPA_MSX1_DN	0.24607688715529133			
GO_POSITIVE_REGULATION_OF_HEART_CONTRACTION	0.24607094997285642			
IPA_MMP3_UP	0.24606759045082552			
GSE10463_CD40L_AND_VA347_VS_CD40L_IN_DC_DN	0.24605499814436704			
GO_REGULATION_OF_CELL_DIFFERENTIATION	0.24601969710086521			
GO_CORONARY_ARTERY_MORPHOGENESIS	0.24601363011118565			
REACTOME_CROSS_PRESENTATION_OF_PARTICULATE_EXOGENOUS_ANTIGENS_PHAGOSOMES	0.24597982794754844			
GO_CYTOPLASMIC_MICROTUBULE	0.24596995938291807			
IPA_PPP1R13B_UP	0.24596961346671384			
RIGGI_EWING_SARCOMA_PROGENITOR_UP	0.24596638286944578			
GO_NEGATIVE_REGULATION_OF_CELL_DIFFERENTIATION	0.2459625685970476			
GO_RETINA_MORPHOGENESIS_IN_CAMERA_TYPE_EYE	0.24596138571229467			
GO_RESPONSE_TO_ANTICOAGULANT	0.24594088908428993			
GSE13522_WT_VS_IFNAR_KO_SKIN_UP	0.24592094610266182			
BIOCARTA_RELA_PATHWAY	0.2459085966764587			
RUAN_RESPONSE_TO_TNF_TROGLITAZONE_UP	0.24590109807421012			
GO_NEUROTRANSMITTER_RECEPTOR_INTERNALIZATION	0.24589957310598834			
GO_REGULATION_OF_INFLAMMATORY_RESPONSE_TO_WOUNDING	0.2458915597757134			
IPA_TFAP2A_DN	0.24587909886821493			
GSE1432_1H_VS_6H_IFNG_MICROGLIA_DN	0.24586948728303373			
IPA_NR1H4_UP	0.24585484183110007			
GO_ASYMMETRIC_CELL_DIVISION	0.24584756710645966			
GO_REGULATION_OF_ENDOCRINE_PROCESS	0.24582352202391836			
GO_REGULATION_OF_PEPTIDYL_SERINE_PHOSPHORYLATION	0.2458108915150013			
GO_CHOLESTEROL_EFFLUX	0.24581052330143993			
GUILLAUMOND_KLF10_TARGETS_UP	0.24580470929613868			
GSE2706_UNSTIM_VS_2H_R848_DC_DN	0.24579163957577518			
GO_POSITIVE_REGULATION_OF_INTERLEUKIN_8_SECRETION	0.24578409415490876			
GO_NEGATIVE_REGULATION_OF_PINOCYTOSIS	0.24574983412216994			
GSE37301_HEMATOPOIETIC_STEM_CELL_VS_CD4_TCELL_UP	0.24572888295208006			
GO_MINERALOCORTICOID_SECRETION	0.2457001384213086			
GO_REGULATION_OF_NEUROBLAST_PROLIFERATION	0.24569833177982586			
GSE2128_CTRL_VS_MIMETOPE_NEGATIVE_SELECTION_DP_THYMOCYTE_NOD_UP	0.2456893058959689			
MIR10401_3P	0.24568605466726381			
GSE17721_0.5H_VS_24H_PAM3CSK4_BMDC_UP	0.24568276534272201			
GO_NEGATIVE_REGULATION_OF_INTRINSIC_APOPTOTIC_SIGNALING_PATHWAY_IN_RESPONSE_TO_DNA_DAMAGE	0.24567057327423877			
GO_NEGATIVE_REGULATION_OF_WNT_SIGNALING_PATHWAY_INVOLVED_IN_HEART_DEVELOPMENT	0.24566416526507479			
GSE11961_GERMINAL_CENTER_BCELL_DAY7_VS_PLASMA_CELL_DAY7_UP	0.24565342913589294			
GO_CLATHRIN_COATED_VESICLE_MEMBRANE	0.24564201033740132			
KEGG_GLYCOSAMINOGLYCAN_BIOSYNTHESIS_KERATAN_SULFATE	0.24563079502826268			
GO_ROUGH_ENDOPLASMIC_RETICULUM_MEMBRANE	0.24561133002714236			
GO_SHORT_CHAIN_CARBOXYLESTERASE_ACTIVITY	0.24554040224716378			
GSE45365_NK_CELL_VS_CD8_TCELL_MCMV_INFECTION_DN	0.2455282930173436			
RGTTAMWNATT_HNF1_01	0.2455185893700557			
RUAN_RESPONSE_TO_TNF_UP	0.24549247624903417			
GO_ORGANOPHOSPHATE_ESTER_TRANSPORT	0.24546878719033466			
MIR664A_5P	0.2454539873033751			
GSE46025_WT_VS_FOXO1_KO_KLRG1_LOW_CD8_EFFECTOR_TCELL_UP	0.2454434141445598			
ZHENG_FOXP3_TARGETS_UP	0.24543704442739228			
GO_RIBBON_SYNAPSE	0.2454213121195802			
MIR3975	0.24541818379538874			
GSE42724_NAIVE_BCELL_VS_PLASMABLAST_UP	0.24539642418620886			
GO_POSITIVE_REGULATION_OF_POTASSIUM_ION_TRANSPORT	0.24538257001774832			
GSE15624_3H_VS_6H_HALOFUGINONE_TREATED_CD4_TCELL_UP	0.24534964210382426			
MIR6784_3P	0.24532880588590184			
GSE37533_PPARG1_FOXP3_VS_FOXP3_TRANSDUCED_CD4_TCELL_DN	0.24532246054468781			
GSE40274_FOXP3_VS_FOXP3_AND_PBX1_TRANSDUCED_ACTIVATED_CD4_TCELL_DN	0.24532226423723422			
ZNF843_TARGET_GENES	0.24529516801470985			
GSE17721_0.5H_VS_8H_CPG_BMDC_UP	0.2452689140847177			
GSE18281_SUBCAPSULAR_VS_CENTRAL_CORTICAL_REGION_OF_THYMUS_DN	0.24524294266271665			
GSE42021_CD24HI_VS_CD24LOW_TREG_THYMUS_DN	0.24522590715905582			
MIR6770_3P	0.24521279296423792			
chr3q25	0.24521149545342746			
GO_PEPTIDYL_ASPARAGINE_MODIFICATION	0.24520083454598157			
GSE22935_WT_VS_MYD88_KO_MACROPHAGE_UP	0.24519674672150252			
GO_MINUS_END_DIRECTED_ORGANELLE_TRANSPORT_ALONG_MICROTUBULE	0.24517805167599657			
GO_LENS_FIBER_CELL_DIFFERENTIATION	0.24517772533703866			
GSE1566_WT_VS_EZH2_KO_LN_TCELL_UP	0.24516781603986615			
MT	0.2451375500079347			
KEGG_ADIPOCYTOKINE_SIGNALING_PATHWAY	0.24510357960625773			
GO_RECEPTOR_MEDIATED_VIRION_ATTACHMENT_TO_HOST_CELL	0.2451008257643905			
GO_CHONDROITIN_SULFATE_CATABOLIC_PROCESS	0.2450823170062573			
GO_REGULATION_OF_TYPE_B_PANCREATIC_CELL_DEVELOPMENT	0.24506030321513347			
GSE28726_NAIVE_CD4_TCELL_VS_NAIVE_NKTCELL_UP	0.24503990953711924			
GO_HEAD_DEVELOPMENT	0.24502658393071658			
MIR3942_5P	0.2450145640733405			
GSE15735_2H_VS_12H_HDAC_INHIBITOR_TREATED_CD4_TCELL_DN	0.24501037694613834			
GO_POSITIVE_REGULATION_OF_APOPTOTIC_DNA_FRAGMENTATION	0.2449679576780219			
GSE43955_TH0_VS_TGFB_IL6_TH17_ACT_CD4_TCELL_30H_DN	0.24496038086681088			
GSE27786_ERYTHROBLAST_VS_MONO_MAC_DN	0.2449582025237173			
GSE39820_IL1B_IL6_VS_IL1B_IL6_IL23A_TREATED_CD4_TCELL_UP	0.24494586449283662			
GO_REGULATION_OF_CYSTEINE_TYPE_ENDOPEPTIDASE_ACTIVITY_INVOLVED_IN_APOPTOTIC_SIGNALING_PATHWAY	0.24490462726289763			
GO_CEREBRAL_CORTEX_RADIALLY_ORIENTED_CELL_MIGRATION	0.2448487695037447			
SIRT3_TARGET_GENES	0.2448457186697282			
LINDGREN_BLADDER_CANCER_HIGH_RECURRENCE	0.24484116008142026			
MIR147B_3P	0.24483993361086576			
GO_SIGNAL_PEPTIDE_PROCESSING	0.24482843881007335			
GSE24972_MARGINAL_ZONE_BCELL_VS_FOLLICULAR_BCELL_UP	0.24481983867896356			
GSE3982_BASOPHIL_VS_CENT_MEMORY_CD4_TCELL_UP	0.2448079399486424			
GSE7460_CTRL_VS_TGFB_TREATED_ACT_FOXP3_HET_TCONV_DN	0.2448009835883341			
GO_REGULATION_OF_FATTY_ACID_TRANSPORT	0.24479623012345633			
GSE7460_CTRL_VS_FOXP3_OVEREXPR_TCONV_UP	0.24479169368947395			
GO_NEGATIVE_REGULATION_OF_T_HELPER_CELL_DIFFERENTIATION	0.2447795169934584			
MIR7159_3P	0.24477269528779286			
IPA_ELF1_UP	0.24475145552398758			
GO_CARDIAC_VASCULAR_SMOOTH_MUSCLE_CELL_DIFFERENTIATION	0.24474135456102142			
GO_CIRCADIAN_REGULATION_OF_GENE_EXPRESSION	0.24473719927200022			
KEGG_GLYCOSAMINOGLYCAN_BIOSYNTHESIS_HEPARAN_SULFATE	0.24470991842123394			
MIR203A_5P	0.24469751466296788			
REACTOME_SMAD2_SMAD3_SMAD4_HETEROTRIMER_REGULATES_TRANSCRIPTION	0.24469309477813048			
IPA_MBD1_DN	0.24469020505403086			
IPA_GSC_DN	0.24466120824763668			
GO_INTRINSIC_APOPTOTIC_SIGNALING_PATHWAY_IN_RESPONSE_TO_DNA_DAMAGE_BY_P53_CLASS_MEDIATOR	0.24465793767161975			
GO_HISTONE_SERINE_KINASE_ACTIVITY	0.2446370123304027			
GSE4142_NAIVE_VS_GC_BCELL_UP	0.24463607283788127			
GO_PROTEIN_MATURATION_BY_4FE_4S_CLUSTER_TRANSFER	0.24461397067338367			
GO_CELLULAR_RESPONSE_TO_COLD	0.24460513921607516			
GO_MUSCLE_ADAPTATION	0.24458761555225297			
GO_MYELOID_LEUKOCYTE_MIGRATION	0.24458283427204427			
GO_VESICLE_FUSION_WITH_ENDOPLASMIC_RETICULUM_GOLGI_INTERMEDIATE_COMPARTMENT_ERGIC_MEMBRANE	0.24457779180150935			
GSE41867_LCMV_ARMSTRONG_VS_CLONE13_DAY8_EFFECTOR_CD8_TCELL_DN	0.24457501540153362			
GO_MITOCHONDRION_ORGANIZATION	0.24456135680254443			
GSE22886_NAIVE_CD4_TCELL_VS_12H_ACT_TH2_DN	0.24454682829269359			
YORDY_RECIPROCAL_REGULATION_BY_ETS1_AND_SP100_DN	0.24454237635155032			
GSE13484_UNSTIM_VS_YF17D_VACCINE_STIM_PBMC_DN	0.2445269425025809			
GSE33425_CD161_HIGH_VS_INT_CD8_TCELL_DN	0.24452237730554038			
GO_POSITIVE_REGULATION_OF_EPITHELIAL_CELL_APOPTOTIC_PROCESS	0.24451354147968413			
IPA_JUN_DN	0.2445114361526404			
REACTOME_NCAM1_INTERACTIONS	0.244508854517182			
GSE40274_IRF4_VS_FOXP3_AND_IRF4_TRANSDUCED_ACTIVATED_CD4_TCELL_UP	0.24449934619969335			
REACTOME_IRS_ACTIVATION	0.2444917342661718			
GO_NEPHRIC_DUCT_MORPHOGENESIS	0.24448784223282843			
GSE1432_CTRL_VS_IFNG_6H_MICROGLIA_DN	0.24447953582304374			
GSE14350_IL2RB_KO_VS_WT_TREG_UP	0.2444736483908641			
REACTOME_SIGNALING_BY_NOTCH3	0.24445004099698125			
GSE17721_LPS_VS_CPG_0.5H_BMDC_DN	0.24444778226697988			
GO_REGULATION_OF_RESPONSE_TO_EXTERNAL_STIMULUS	0.24443480631815007			
GSE1925_CTRL_VS_IFNG_PRIMED_MACROPHAGE_DN	0.2444222518400314			
chr14q22	0.24441869266317354			
EMX1_TARGET_GENES	0.2444071953212686			
KEGG_APOPTOSIS	0.2443839282792758			
GSE26488_WT_VS_HDAC7_DELTAP_TG_OT2_THYMOCYTE_WITH_PEPTIDE_INJECTION_UP	0.24434729231653712			
GO_CRANIAL_NERVE_MORPHOGENESIS	0.24433556550725438			
GO_BEHAVIORAL_RESPONSE_TO_COCAINE	0.2443337427626535			
GO_L_ASPARTATE_TRANSMEMBRANE_TRANSPORT	0.24432215676310765			
REACTOME_TOLL_LIKE_RECEPTOR_CASCADES	0.24431379418001364			
GSE33424_CD161_INT_VS_NEG_CD8_TCELL_UP	0.2442998952483875			
GSE17721_CTRL_VS_GARDIQUIMOD_0.5H_BMDC_DN	0.24429051161243553			
GO_PROTEIN_LOCALIZATION_TO_POSTSYNAPTIC_MEMBRANE	0.2442664680192456			
GO_EAR_MORPHOGENESIS	0.24425210289888516			
GSE29164_UNTREATED_VS_CD8_TCELL_TREATED_MELANOMA_DAY3_UP	0.24424062250957893			
GO_REGULATION_OF_PROSTATIC_BUD_FORMATION	0.2442401664381073			
GO_ANDROSTERONE_DEHYDROGENASE_ACTIVITY	0.2442195728162716			
GSE39864_WT_VS_GATA3_KO_TREG_DN	0.24418927340462376			
GO_COPPER_ION_TRANSMEMBRANE_TRANSPORTER_ACTIVITY	0.24418838839784587			
CTAWWWATA_RSRFC4_Q2	0.24418588725225748			
PKCA_DN.V1_DN	0.2441626395819966			
INAMURA_LUNG_CANCER_SCC_UP	0.24414990212429166			
DELASERNA_MYOD_TARGETS_DN	0.244148774837232			
REACTOME_ZINC_TRANSPORTERS	0.24412977289714172			
GSE34179_THPOK_KO_VS_WT_VA14I_NKTCELL_UP	0.2441156522634317			
GSE37416_12H_VS_24H_F_TULARENSIS_LVS_NEUTROPHIL_UP	0.24410344688582006			
GCATTTG_MIR105	0.24410105856626943			
GSE42021_TCONV_PLN_VS_CD24HI_TCONV_THYMUS_UP	0.24409548083519358			
GSE40274_CTRL_VS_FOXP3_AND_LEF1_TRANSDUCED_ACTIVATED_CD4_TCELL_UP	0.24409456914514463			
GTGGGTGK_UNKNOWN	0.24409386818478312			
MIR29B_1_5P	0.24408283316253232			
GO_VESICLE_CYTOSKELETAL_TRAFFICKING	0.24407400779519595			
GSE36078_WT_VS_IL1R_KO_LUNG_DC_AFTER_AD5_INF_DN	0.24406225714765697			
MIR6742_5P	0.24405112743681184			
IPA_GSX2_UP	0.24404375191335273			
GO_CELL_CHEMOTAXIS	0.24404102190747298			
GO_LUNG_ASSOCIATED_MESENCHYME_DEVELOPMENT	0.2440407993250926			
BOQUEST_STEM_CELL_DN	0.24403226119228424			
GO_TRAIL_BINDING	0.2440104958823193			
BENPORATH_EED_TARGETS	0.24400832481987073			
GSE7548_NAIVE_VS_DAY7_PCC_IMMUNIZATION_CD4_TCELL_DN	0.24400365677513178			
GSE17721_0.5H_VS_12H_GARDIQUIMOD_BMDC_UP	0.2439678946567254			
GSE9316_CD4_TCELL_BALBC_VS_TH17_ENRI_CD4_TCELL_SKG_PMA_IONO_STIM_FR4NEG_UP	0.2439629727364271			
MIR451B	0.2439474354478269			
GO_POSITIVE_REGULATION_OF_FIBROBLAST_GROWTH_FACTOR_RECEPTOR_SIGNALING_PATHWAY	0.24391165666238512			
GO_TRANSEPITHELIAL_TRANSPORT	0.24389178578707885			
MIR6883_3P	0.24387706483898705			
IPA_IL18_UP	0.24387318530058294			
MIR3681_3P	0.24387297583859213			
YAMASHITA_LIVER_CANCER_STEM_CELL_DN	0.24387153307096815			
GSE3982_CENT_MEMORY_CD4_TCELL_VS_TH2_UP	0.2438705842248386			
GO_REGULATION_OF_ACYL_COA_BIOSYNTHETIC_PROCESS	0.2438538520353047			
GO_LIPASE_ACTIVITY	0.2438493486473601			
GO_GLUCOSE_BINDING	0.24383650957067862			
GO_POSITIVE_REGULATION_OF_HYDROLASE_ACTIVITY	0.2438293333822719			
TCANNTGAY_SREBP1_01	0.24382868445621264			
GSE1432_1H_VS_24H_IFNG_MICROGLIA_DN	0.24381977769488558			
GO_NEGATIVE_REGULATION_OF_AMYLOID_PRECURSOR_PROTEIN_CATABOLIC_PROCESS	0.24377081203529347			
GO_NEGATIVE_REGULATION_OF_SMAD_PROTEIN_SIGNAL_TRANSDUCTION	0.243745265795488			
MIR548AH_5P	0.24372202530509623			
GO_REGULATION_OF_OXIDATIVE_PHOSPHORYLATION	0.24369812786252626			
GO_BASAL_CORTEX	0.24368914289194002			
GO_POSITIVE_REGULATION_OF_CELLULAR_RESPONSE_TO_DRUG	0.2436886721013982			
GSE14908_ATOPIC_VS_NONATOPIC_PATIENT_RESTING_CD4_TCELL_DN	0.24368479821072228			
GO_TERMINATION_OF_RNA_POLYMERASE_I_TRANSCRIPTION	0.24365388277653896			
PECE_MAMMARY_STEM_CELL_DN	0.2436483334060743			
DUTTA_APOPTOSIS_VIA_NFKB	0.24363969905325142			
MIR370_5P	0.2436293371058904			
DAVIES_MULTIPLE_MYELOMA_VS_MGUS_DN	0.24361978236617907			
GSE3337_CTRL_VS_4H_IFNG_IN_CD8POS_DC_DN	0.24357795544668678			
GO_NEGATIVE_REGULATION_OF_CELLULAR_RESPONSE_TO_VASCULAR_ENDOTHELIAL_GROWTH_FACTOR_STIMULUS	0.24357364672296386			
LEE_AGING_CEREBELLUM_DN	0.24353744801577856			
RAX2_TARGET_GENES	0.24351384340966314			
REACTOME_CRMPS_IN_SEMA3A_SIGNALING	0.24348504407477092			
GO_LIPID_DROPLET_ORGANIZATION	0.24347156323460287			
GSE43955_1H_VS_42H_ACT_CD4_TCELL_DN	0.24346486866320313			
GO_PROTEASOME_CORE_COMPLEX_BETA_SUBUNIT_COMPLEX	0.24346191048937693			
GO_OXIDOREDUCTASE_ACTIVITY_ACTING_ON_PAIRED_DONORS_WITH_INCORPORATION_OR_REDUCTION_OF_MOLECULAR_OXYGEN_REDUCED_IRON_SULFUR_PROTEIN_AS_ONE_DONOR_AND_INCORPORATION_OF_ONE_ATOM_OF_OXYGEN	0.2434546287242039			
GSE21546_SAP1A_KO_VS_SAP1A_KO_AND_ELK1_KO_ANTI_CD3_STIM_DP_THYMOCYTES_DN	0.24345333827354235			
GSE13485_PRE_VS_POST_YF17D_VACCINATION_PBMC_DN	0.24344917514597267			
TAVOR_CEBPA_TARGETS_DN	0.243443295187161			
PID_IL6_7_PATHWAY	0.24343801473014232			
GO_PROTEIN_COMPLEX_OLIGOMERIZATION	0.24343155165982375			
GO_RESPONSE_TO_VITAMIN_D	0.24342951954336986			
VALK_AML_CLUSTER_5	0.24339924086712728			
GSE22282_HYPOXIA_VS_NORMOXIA_MYELOID_DC_UP	0.24338776386759675			
PRAMOONJAGO_SOX4_TARGETS_DN	0.24338277195350871			
MIR4507	0.24336763985245966			
ZNF512B_TARGET_GENES	0.2433650662968965			
KEGG_NOD_LIKE_RECEPTOR_SIGNALING_PATHWAY	0.24336430105298493			
GO_AMYLOID_BETA_CLEARANCE	0.2433569653408026			
LHX4_TARGET_GENES	0.24335271241527406			
GO_REGULATION_OF_PROTEIN_DEUBIQUITINATION	0.24335035464465535			
GSE17721_4H_VS_24H_POLYIC_BMDC_DN	0.2433383801206668			
REACTOME_NEF_MEDIATED_CD8_DOWN_REGULATION	0.2433370022967756			
MIR191_5P	0.24331712267289113			
LANDEMAINE_LUNG_METASTASIS	0.24331414322865694			
MARCINIAK_ER_STRESS_RESPONSE_VIA_CHOP	0.2433034594310279			
MIR548S	0.24329289551256778			
PANGAS_TUMOR_SUPPRESSION_BY_SMAD1_AND_SMAD5_UP	0.2432898897035			
GTTGNYNNRGNAAC_UNKNOWN	0.2432847555940281			
GO_NEGATIVE_REGULATION_OF_VASCULAR_ENDOTHELIAL_GROWTH_FACTOR_RECEPTOR_SIGNALING_PATHWAY	0.24327931805663824			
GO_COFACTOR_TRANSMEMBRANE_TRANSPORTER_ACTIVITY	0.2432777919121688			
MIR1972	0.2432398994574441			
GSE40441_NRP1_POS_INDUCED_TREG_VS_NRP1_NEG_NATURAL_TREG_UP	0.24322870702503716			
GO_SYNAPTIC_VESICLE_RECYCLING	0.24322192808660473			
MIR3664_5P	0.24321366770257516			
GSE557_WT_VS_CIITA_KO_DC_DN	0.24320139558404608			
GO_INFLAMMATORY_RESPONSE	0.24319369876308974			
GO_RECEPTOR_SERINE_THREONINE_KINASE_BINDING	0.24318642764439183			
GO_L_GLUTAMATE_TRANSMEMBRANE_TRANSPORT	0.24318389574628663			
GO_REGULATION_OF_SUPEROXIDE_METABOLIC_PROCESS	0.24318182619162587			
MIR6721_5P	0.24318079501346054			
GO_POSITIVE_REGULATION_OF_ACTIN_FILAMENT_BASED_MOVEMENT	0.24317983221366501			
GO_REGULATION_OF_PROTEIN_TARGETING	0.24317871276425262			
GO_SPINDLE_LOCALIZATION	0.24316399413924175			
GSE41087_WT_VS_FOXP3_MUT_ANTI_CD3_CD28_STIM_CD4_TCELL_DN	0.24315906587853278			
GSE11864_CSF1_VS_CSF1_PAM3CYS_IN_MAC_DN	0.2431402055779515			
GO_CELLULAR_MODIFIED_AMINO_ACID_CATABOLIC_PROCESS	0.24311197186839303			
GO_CELLULAR_RESPONSE_TO_ABIOTIC_STIMULUS	0.24308195343493427			
GO_SCF_DEPENDENT_PROTEASOMAL_UBIQUITIN_DEPENDENT_PROTEIN_CATABOLIC_PROCESS	0.2430766666118058			
REACTOME_HSF1_ACTIVATION	0.2430753433421749			
GSE15930_STIM_VS_STIM_AND_IFNAB_48H_CD8_T_CELL_DN	0.24306641854903338			
REACTOME_TICAM1_DEPENDENT_ACTIVATION_OF_IRF3_IRF7	0.24304229903817162			
STEARMAN_LUNG_CANCER_EARLY_VS_LATE_UP	0.24304205651391803			
GILMORE_CORE_NFKB_PATHWAY	0.2430240585501447			
IPA_IKZF1_DN	0.24300068352233567			
GSE19888_ADENOSINE_A3R_INH_PRETREAT_AND_ACT_BY_A3R_VS_TCELL_MEMBRANES_ACT_MAST_CELL_DN	0.24299422018749361			
REACTOME_ONCOGENIC_MAPK_SIGNALING	0.24299209892228302			
IPA_NR1I2_DN	0.2429816604396419			
IPA_TWIST1_UP	0.24297453448779938			
GO_HEPARAN_SULFATE_PROTEOGLYCAN_BINDING	0.24297441909852963			
GO_NEGATIVE_REGULATION_OF_CELL_GROWTH	0.24296341596005622			
GSE17721_CPG_VS_GARDIQUIMOD_16H_BMDC_UP	0.24292701358070326			
MIR3145_3P	0.24292462318174146			
MIR27B_5P	0.24291646692798619			
GO_TRIGLYCERIDE_RICH_LIPOPROTEIN_PARTICLE_CLEARANCE	0.24288809811288564			
GO_HYDRO_LYASE_ACTIVITY	0.24288663970677263			
MALIK_REPRESSED_BY_ESTROGEN	0.24287544450463727			
GSE7460_TREG_VS_TCONV_ACT_UP	0.24285619943168021			
GO_ALPHA_LINOLENIC_ACID_METABOLIC_PROCESS	0.2428429120497185			
IPA_HAND1_DN	0.24284157099616788			
GO_COMPLEMENT_ACTIVATION	0.24281449047453085			
GO_CELL_VOLUME_HOMEOSTASIS	0.24278429432483553			
GSE13484_12H_VS_3H_YF17D_VACCINE_STIM_PBMC_DN	0.24278220066960046			
GO_REGULATION_OF_RNA_POLYMERASE_II_REGULATORY_REGION_SEQUENCE_SPECIFIC_DNA_BINDING	0.2427430991430297			
GO_CALCIUM_DEPENDENT_CELL_CELL_ADHESION_VIA_PLASMA_MEMBRANE_CELL_ADHESION_MOLECULES	0.2427320248019134			
GO_DYNEIN_COMPLEX	0.2427243591836502			
GSE9988_LPS_VS_LOW_LPS_MONOCYTE_DN	0.2427093799015897			
REACTOME_DEFECTIVE_CFTR_CAUSES_CYSTIC_FIBROSIS	0.2426870503058967			
GO_FLAVONOID_METABOLIC_PROCESS	0.24267731585573146			
GRAESSMANN_RESPONSE_TO_MC_AND_DOXORUBICIN_DN	0.2426760688731334			
GO_LEUKOCYTE_MIGRATION	0.24266464225735282			
GO_PROTEIN_BINDING_BRIDGING_INVOLVED_IN_SUBSTRATE_RECOGNITION_FOR_UBIQUITINATION	0.24264096248487374			
IPA_HOXB1_UP	0.2426324548403662			
GAUSSMANN_MLL_AF4_FUSION_TARGETS_E_DN	0.24262247194777165			
GO_SENSORY_PERCEPTION_OF_MECHANICAL_STIMULUS	0.24261908764587697			
GO_POSITIVE_REGULATION_OF_PEPTIDE_SECRETION	0.24261670960263293			
REACTOME_GAP_JUNCTION_ASSEMBLY	0.24261198438737713			
GO_REGULATION_OF_SPINDLE_ASSEMBLY	0.24260628812135757			
IPA_NFIA_DN	0.24258489519593876			
chr10q23	0.24255996275336292			
GO_PROSTATIC_BUD_FORMATION	0.24254914570151626			
GO_POSITIVE_REGULATION_OF_NEUROBLAST_PROLIFERATION	0.24252092315381127			
GSE7460_CTRL_VS_TGFB_TREATED_ACT_CD8_TCELL_UP	0.24251940249308704			
MIR4456	0.24251887405610267			
GO_POST_EMBRYONIC_EYE_MORPHOGENESIS	0.24250166647605045			
REACTOME_AFLATOXIN_ACTIVATION_AND_DETOXIFICATION	0.2424998750859706			
GO_GAMMA_AMINOBUTYRIC_ACID_TRANSMEMBRANE_TRANSPORTER_ACTIVITY	0.24248719276506495			
PPAR_DR1_Q2	0.24248636487990802			
GSE40274_FOXP3_VS_FOXP3_AND_EOS_TRANSDUCED_ACTIVATED_CD4_TCELL_UP	0.2424797176817902			
BIOCARTA_TID_PATHWAY	0.2424460250540783			
GO_INTERLEUKIN_1_SECRETION	0.24241239595726874			
GO_REGULATION_OF_CARDIOCYTE_DIFFERENTIATION	0.24241134284767596			
REACTOME_TRIGLYCERIDE_METABOLISM	0.2424004694331202			
GO_GLOMERULUS_VASCULATURE_MORPHOGENESIS	0.24238742488391143			
GO_PROTEIN_MATURATION_BY_PROTEIN_FOLDING	0.24237493907267318			
FOXO1_02	0.24235411823418476			
GO_NEGATIVE_REGULATION_OF_HORMONE_METABOLIC_PROCESS	0.24234737684229482			
GO_DICARBOXYLIC_ACID_TRANSPORT	0.242313664508922			
MIR3681_5P	0.24230854567780735			
GO_NEGATIVE_REGULATION_OF_OLIGODENDROCYTE_DIFFERENTIATION	0.24230253239209948			
GO_ARTERY_SMOOTH_MUSCLE_CONTRACTION	0.24225761953425037			
GO_TELENCEPHALON_GLIAL_CELL_MIGRATION	0.24224616542739447			
ROETH_TERT_TARGETS_UP	0.24222019896450592			
REACTOME_DOWNREGULATION_OF_ERBB4_SIGNALING	0.24220715152335842			
CHANDRAN_METASTASIS_TOP50_DN	0.2422005647734178			
REACTOME_RNA_POLYMERASE_III_TRANSCRIPTION_TERMINATION	0.2421963827231577			
IPA_POU2F1_UP	0.24217474566853275			
IPA_HEY2_DN	0.24215323183746287			
ACTGTGA_MIR27A_MIR27B	0.24215306886310706			
GO_POSITIVE_REGULATION_OF_CYSTEINE_TYPE_ENDOPEPTIDASE_ACTIVITY	0.2421299131040502			
GSE17721_POLYIC_VS_PAM3CSK4_12H_BMDC_UP	0.24212023595942403			
GO_ADIPONECTIN_ACTIVATED_SIGNALING_PATHWAY	0.24211952658703007			
E12_Q6	0.24211517916628592			
IPA_PSMB1_UP	0.2421151253106777			
IPA_MYOCD_DN	0.2421124937476772			
GO_CALCIUM_ACTIVATED_CATION_CHANNEL_ACTIVITY	0.2420937399371544			
GO_RENAL_SYSTEM_VASCULATURE_MORPHOGENESIS	0.24207969245357708			
DR4_Q2	0.2420596245529237			
MIR676_3P	0.24205498630917047			
RADAEVA_RESPONSE_TO_IFNA1_UP	0.24205252354709858			
REACTOME_GLYCOGEN_STORAGE_DISEASES	0.24202446301076636			
GO_POSITIVE_REGULATION_OF_ERBB_SIGNALING_PATHWAY	0.2420140343728599			
GSE24634_IL4_VS_CTRL_TREATED_NAIVE_CD4_TCELL_DAY5_DN	0.2419929096331088			
GSE9960_HEALTHY_VS_GRAM_NEG_SEPSIS_PBMC_DN	0.2419865495835779			
MIR6792_5P	0.2419767825015736			
KRIGE_RESPONSE_TO_TOSEDOSTAT_24HR_UP	0.2419657555011566			
chr10q22	0.24196538083938118			
GSE7219_WT_VS_NIK_NFKB2_KO_LPS_AND_ANTI_CD40_STIM_DC_UP	0.24195519801760407			
IPA_GLI3_UP	0.2419292018773921			
IPA_KLF13_DN	0.24192531699787084			
GO_REGULATION_OF_SYNAPTIC_PLASTICITY	0.2419168444837487			
MIR15A_3P	0.2419129379696864			
GRANDVAUX_IFN_RESPONSE_NOT_VIA_IRF3	0.2419110885885252			
REACTOME_WNT_LIGAND_BIOGENESIS_AND_TRAFFICKING	0.24190804598018092			
ZSCAN2_TARGET_GENES	0.24186053809477234			
GO_NEGATIVE_REGULATION_OF_ARP2_3_COMPLEX_MEDIATED_ACTIN_NUCLEATION	0.24185635624970972			
TGTATGA_MIR4853P	0.2418488735445104			
GSE24081_CONTROLLER_VS_PROGRESSOR_HIV_SPECIFIC_CD8_TCELL_UP	0.2418146459246982			
GSE41867_DAY6_EFFECTOR_VS_DAY30_EXHAUSTED_CD8_TCELL_LCMV_CLONE13_UP	0.24177767572391032			
GAUSSMANN_MLL_AF4_FUSION_TARGETS_F_DN	0.24176027538153874			
GSE17721_0.5H_VS_24H_GARDIQUIMOD_BMDC_DN	0.2417553125355794			
CORRE_MULTIPLE_MYELOMA_DN	0.24172442160285704			
REACTOME_SYNTHESIS_OF_PG	0.24171314712173023			
GSE7852_TREG_VS_TCONV_LN_UP	0.24170844591278207			
GO_PROTEIN_LOCALIZATION_TO_PHOTORECEPTOR_OUTER_SEGMENT	0.24169572766256142			
GO_PALMITOYL_PROTEIN_HYDROLASE_ACTIVITY	0.241682608322441			
GO_MACROMOLECULE_DEPALMITOYLATION	0.241682608322441			
GO_PROCOLLAGEN_PROLINE_4_DIOXYGENASE_ACTIVITY	0.24167394943031298			
GSE37605_FOXP3_FUSION_GFP_VS_IRES_GFP_TREG_NOD_UP	0.24162803584903106			
RANKIN_ANGIOGENIC_TARGETS_OF_VHL_HIF2A_UP	0.24159770773035197			
GO_NEGATIVE_REGULATION_OF_TRANSFERASE_ACTIVITY	0.24159223367636387			
GO_REGULATION_OF_MUSCLE_HYPERTROPHY	0.24155612127331744			
GO_REGULATION_OF_BONE_REMODELING	0.24152688132614403			
GO_OXIDOREDUCTASE_ACTIVITY_ACTING_ON_OTHER_NITROGENOUS_COMPOUNDS_AS_DONORS	0.2415225786255763			
GO_TROPHOBLAST_GIANT_CELL_DIFFERENTIATION	0.24151915468093926			
NEWMAN_ERCC6_TARGETS_DN	0.2415172577495728			
GO_N_ACYLPHOSPHATIDYLETHANOLAMINE_SPECIFIC_PHOSPHOLIPASE_D_ACTIVITY	0.24151002012581282			
GO_COCHLEA_DEVELOPMENT	0.24148986723392393			
GO_POSITIVE_REGULATION_OF_HISTONE_DEACETYLASE_ACTIVITY	0.2414718268066608			
GO_COFACTOR_BIOSYNTHETIC_PROCESS	0.2414642589537576			
GO_CERAMIDE_METABOLIC_PROCESS	0.2414519255523966			
GSE39152_SPLEEN_CD103_NEG_VS_BRAIN_CD103_POS_MEMORY_CD8_TCELL_UP	0.24144317789981065			
MIR3714	0.24144315167478422			
GO_CD8_POSITIVE_ALPHA_BETA_T_CELL_PROLIFERATION	0.24142964894337784			
GO_CELLULAR_RESPONSE_TO_DEXAMETHASONE_STIMULUS	0.24142504922437097			
GO_EXTRINSIC_COMPONENT_OF_ORGANELLE_MEMBRANE	0.24140690510502502			
GSE21670_STAT3_KO_VS_WT_CD4_TCELL_TGFB_IL6_TREATED_DN	0.24139855060886997			
TERAO_AOX4_TARGETS_HG_DN	0.24137243679457795			
MCBRYAN_PUBERTAL_BREAST_6_7WK_UP	0.2413682535963262			
GSE22886_IGM_MEMORY_BCELL_VS_BLOOD_PLASMA_CELL_DN	0.24136299728643673			
GO_FATTY_ACID_DERIVATIVE_BIOSYNTHETIC_PROCESS	0.2413373290821065			
GSE1925_CTRL_VS_24H_IFNG_STIM_IFNG_PRIMED_MACROPHAGE_UP	0.2413324045586189			
REACTOME_ASYMMETRIC_LOCALIZATION_OF_PCP_PROTEINS	0.24132997104951862			
TTTGCAC_MIR19A_MIR19B	0.2413023271127894			
CHEOK_RESPONSE_TO_MERCAPTOPURINE_AND_LD_MTX_DN	0.24127089613271477			
GO_FATTY_ACID_HOMEOSTASIS	0.24125898506343646			
PID_EPHRINB_REV_PATHWAY	0.24125064018061418			
WHN_B	0.24114755468971877			
GO_RIPOPTOSOME	0.24111449138251284			
GO_NEUROTRANSMITTER_RECEPTOR_TRANSPORT	0.24111293742121534			
GSE27241_CTRL_VS_DIGOXIN_TREATED_CD4_TCELL_IN_TH17_POLARIZING_CONDITIONS_DN	0.241092037237497			
IPA_E2F8_DN	0.2410894898628395			
MIR4697_5P	0.24108170970013507			
GO_HEART_VALVE_DEVELOPMENT	0.2410755546083687			
GSE24142_ADULT_VS_FETAL_DN2_THYMOCYTE_UP	0.24107295257586628			
CONRAD_GERMLINE_STEM_CELL	0.2410662093480411			
METTL14_TARGET_GENES	0.24104213833377242			
GO_AMINO_ACID_BETAINE_METABOLIC_PROCESS	0.24103320378423218			
GTGCCAT_MIR183	0.2410236285017493			
GSE27670_CTRL_VS_LMP1_TRANSDUCED_GC_BCELL_UP	0.24100337320878068			
CTACTGT_MIR199A	0.24100084620318077			
GO_CALCIUM_MEDIATED_SIGNALING_USING_INTRACELLULAR_CALCIUM_SOURCE	0.2409992655050315			
GO_CD4_POSITIVE_ALPHA_BETA_T_CELL_PROLIFERATION	0.24096651820026563			
MIR4763_3P	0.24094712931228618			
REACTOME_NGF_STIMULATED_TRANSCRIPTION	0.24094471705552364			
GO_SUBPALLIUM_DEVELOPMENT	0.24094001333444912			
GO_LIPID_CATABOLIC_PROCESS	0.24093297753729134			
GO_CELLULAR_RESPONSE_TO_AMINO_ACID_STIMULUS	0.24092811326013572			
MIR5590_3P	0.24090986599579645			
IPA_CREB3L2_UP	0.24089660902089716			
KRAS.600.LUNG.BREAST_UP.V1_UP	0.2408882802923902			
LEE_LIVER_CANCER_MYC_UP	0.24088670821165725			
GO_FERMENTATION	0.24088015704532362			
GSE6259_33D1_POS_DC_VS_CD4_TCELL_DN	0.24085894025733032			
PID_BETA_CATENIN_NUC_PATHWAY	0.24084587135943497			
GO_REGULATION_OF_THE_FORCE_OF_HEART_CONTRACTION	0.24084139262327992			
GSE20727_CTRL_VS_DNFB_ALLERGEN_TREATED_DC_UP	0.24083806834590926			
REACTOME_INTERLEUKIN_35_SIGNALLING	0.2408316124935054			
GSE11864_CSF1_PAM3CYS_VS_CSF1_IFNG_PAM3CYS_IN_MAC_UP	0.2408292405141556			
GO_POSITIVE_REGULATION_OF_PRODUCTION_OF_MIRNAS_INVOLVED_IN_GENE_SILENCING_BY_MIRNA	0.24082623859186345			
MIR6774_5P	0.24082158749477395			
GSE2770_TGFB_AND_IL4_VS_TGFB_AND_IL12_TREATED_ACT_CD4_TCELL_2H_DN	0.2408048850837797			
GSE9988_LPS_VS_VEHICLE_TREATED_MONOCYTE_UP	0.2407894177756968			
GO_REGULATION_OF_COLLATERAL_SPROUTING	0.24078940247370673			
GO_POSITIVE_REGULATION_OF_GONAD_DEVELOPMENT	0.2407782274748841			
REACTOME_TRAIL_SIGNALING	0.24075337601341945			
GO_NEGATIVE_REGULATION_OF_TUMOR_NECROSIS_FACTOR_BIOSYNTHETIC_PROCESS	0.24074853590046277			
REACTOME_SYNTHESIS_OF_GDP_MANNOSE	0.24074825048885878			
REACTOME_RHO_GTPASES_ACTIVATE_IQGAPS	0.24074766099139264			
PID_S1P_S1P1_PATHWAY	0.24073704608945742			
GSE13484_12H_UNSTIM_VS_YF17D_VACCINE_STIM_PBMC_DN	0.2407365659534352			
LIEN_BREAST_CARCINOMA_METAPLASTIC	0.2407229626236207			
CTCCAAG_MIR432	0.24071891865689776			
REACTOME_NEGATIVE_REGULATION_OF_ACTIVITY_OF_TFAP2_AP_2_FAMILY_TRANSCRIPTION_FACTORS	0.24068292718760761			
GO_REGULATION_OF_POTASSIUM_ION_TRANSMEMBRANE_TRANSPORTER_ACTIVITY	0.24068149219992932			
GO_REGULATION_OF_ANGIOTENSIN_LEVELS_IN_BLOOD	0.24066283864833243			
GO_NEGATIVE_REGULATION_OF_TELOMERASE_ACTIVITY	0.2405567995191273			
GO_TUBE_LUMEN_CAVITATION	0.24052911450679557			
GO_NEGATIVE_REGULATION_OF_NEURON_DEATH	0.2405206035391667			
GSE21927_BALBC_VS_C57BL6_MONOCYTE_TUMOR_UP	0.24051731400437562			
CCANNAGRKGGC_UNKNOWN	0.24050967968043463			
GO_SULFUR_COMPOUND_TRANSPORT	0.2405086188994176			
GSE17974_IL4_AND_ANTI_IL12_VS_UNTREATED_72H_ACT_CD4_TCELL_UP	0.2404682917968502			
GSE33162_UNTREATED_VS_4H_LPS_STIM_HDAC3_KO_MACROPHAGE_UP	0.240412399191507			
GSE36888_UNTREATED_VS_IL2_TREATED_TCELL_6H_UP	0.24040633368657086			
MATZUK_POSTIMPLANTATION_AND_POSTPARTUM	0.24040070634808017			
GO_PODOSOME_ASSEMBLY	0.24040003116525874			
KRAS.DF.V1_DN	0.24039420519103075			
GO_CELLULAR_RESPONSE_TO_GAMMA_RADIATION	0.24039004003789347			
IPA_KLF9_DN	0.24038815186231965			
GSE25088_CTRL_VS_IL4_AND_ROSIGLITAZONE_STIM_STAT6_KO_MACROPHAGE_DN	0.24035482434312283			
GO_T_CELL_EXTRAVASATION	0.24035456769739771			
GSE11864_UNTREATED_VS_CSF1_PAM3CYS_IN_MAC_DN	0.2403511486137819			
MIR4323	0.24034176658263237			
GO_APOLIPOPROTEIN_RECEPTOR_BINDING	0.24034080230538665			
REACTOME_NRAGE_SIGNALS_DEATH_THROUGH_JNK	0.24033012587596983			
GO_NATURAL_KILLER_CELL_CYTOKINE_PRODUCTION	0.2402932280064845			
GSE21774_CD62L_POS_CD56_DIM_VS_CD62L_NEG_CD56_DIM_NK_CELL_DN	0.24027581982585453			
GSE16385_MONOCYTE_VS_12H_ROSIGLITAZONE_IL4_TREATED_MACROPHAGE_DN	0.24025413000506202			
WENG_POR_TARGETS_GLOBAL_DN	0.24025196532520382			
GO_BBSOME	0.24024917796590722			
REACTOME_RELEASE_OF_HH_NP_FROM_THE_SECRETING_CELL	0.2402127533261756			
GSE2585_CD80_HIGH_VS_LOW_MTEC_UP	0.240200499091731			
GSE13485_CTRL_VS_DAY7_YF17D_VACCINE_PBMC_DN	0.2401934657198502			
ZNF563_TARGET_GENES	0.24015548641324727			
GO_PHOSPHATIDYLINOSITOL_ACYL_CHAIN_REMODELING	0.24014271492921638			
GSE17721_LPS_VS_POLYIC_2H_BMDC_UP	0.2401386519045163			
GO_COLUMNAR_CUBOIDAL_EPITHELIAL_CELL_MATURATION	0.2401347839868301			
BIOCARTA_TSP1_PATHWAY	0.24013431182209286			
GO_EMBRYONIC_PLACENTA_MORPHOGENESIS	0.24012761738413127			
GSE16385_IFNG_TNF_VS_UNSTIM_MACROPHAGE_ROSIGLITAZONE_TREATED_UP	0.24010787735843675			
ATF4_Q2	0.2400950360918631			
GSE21063_CTRL_VS_ANTI_IGM_STIM_BCELL_8H_DN	0.24008420658406546			
ZNF223_TARGET_GENES	0.240080414155886			
GO_NEGATIVE_REGULATION_OF_INFLAMMATORY_RESPONSE	0.24005753604300872			
JI_CARCINOGENESIS_BY_KRAS_AND_STK11_DN	0.2400508042931292			
GSE10240_CTRL_VS_IL17_STIM_PRIMARY_BRONCHIAL_EPITHELIAL_CELLS_UP	0.24005010424360443			
GO_ENTEROENDOCRINE_CELL_DIFFERENTIATION	0.2400360412366536			
GO_MYELOID_DENDRITIC_CELL_DIFFERENTIATION	0.24002869384260542			
TIEN_INTESTINE_PROBIOTICS_24HR_UP	0.24000801180540765			
GSE1460_INTRATHYMIC_T_PROGENITOR_VS_NAIVE_CD4_TCELL_ADULT_BLOOD_DN	0.23998452067098333			
RTTTNNNYTGGM_UNKNOWN	0.2399804036080707			
GSE17721_0.5H_VS_4H_CPG_BMDC_DN	0.23996537464323825			
GSE14413_UNSTIM_VS_IFNB_STIM_L929_CELLS_UP	0.23995967262163015			
GO_POSITIVE_REGULATION_OF_ODONTOGENESIS	0.2399533411482383			
GO_POSITIVE_REGULATION_OF_SECRETION	0.23993054709447187			
GO_INNER_EAR_MORPHOGENESIS	0.23993033569920433			
GSE14415_INDUCED_TREG_VS_FOXP3_KO_INDUCED_TREG_IL2_CULTURE_UP	0.23991527130285104			
GSE17721_POLYIC_VS_GARDIQUIMOD_2H_BMDC_DN	0.2398729672316731			
MIR130A_3P	0.23986279478634254			
LENAOUR_DENDRITIC_CELL_MATURATION_DN	0.23985473818312658			
GSE3920_IFNA_VS_IFNB_TREATED_ENDOTHELIAL_CELL_DN	0.23984574576114845			
CAIRO_LIVER_DEVELOPMENT_DN	0.23984335651828306			
REACTOME_TAK1_ACTIVATES_NFKB_BY_PHOSPHORYLATION_AND_ACTIVATION_OF_IKKS_COMPLEX	0.23983591716841599			
GO_DRINKING_BEHAVIOR	0.2398127845218857			
GSE27859_MACROPHAGE_VS_CD11C_INT_F480_INT_DC_UP	0.23976718877212488			
GO_AMINOGLYCOSIDE_ANTIBIOTIC_METABOLIC_PROCESS	0.2397621543001472			
GARGALOVIC_RESPONSE_TO_OXIDIZED_PHOSPHOLIPIDS_RED_UP	0.23973946178023572			
GO_SODIUM_INDEPENDENT_ORGANIC_ANION_TRANSMEMBRANE_TRANSPORTER_ACTIVITY	0.23973298182889619			
GO_REGULATION_OF_RNA_BINDING	0.23972867999617736			
GSE17974_IL4_AND_ANTI_IL12_VS_UNTREATED_6H_ACT_CD4_TCELL_UP	0.2396903640939486			
GO_POSITIVE_REGULATION_OF_APOPTOTIC_PROCESS_INVOLVED_IN_DEVELOPMENT	0.23967883543541146			
GO_POSITIVE_REGULATION_OF_APOPTOTIC_PROCESS_INVOLVED_IN_MORPHOGENESIS	0.23967883543541146			
NAKAMURA_METASTASIS	0.2396786311900031			
GO_BRANCHING_INVOLVED_IN_LABYRINTHINE_LAYER_MORPHOGENESIS	0.23967142075502199			
IPA_HOXC8_UP	0.2396619428562131			
ROY_WOUND_BLOOD_VESSEL_UP	0.2396594797175472			
GSE19888_ADENOSINE_A3R_INH_PRETREAT_AND_ACT_BY_A3R_VS_A3R_INH_AND_TCELL_MEMBRANES_ACT_MAST_CELL_UP	0.23965288751683778			
TAKEDA_TARGETS_OF_NUP98_HOXA9_FUSION_6HR_UP	0.23965239157986795			
GSE17721_CPG_VS_GARDIQUIMOD_16H_BMDC_DN	0.23964942460611247			
FOXF2_TARGET_GENES	0.2396378170359442			
GO_LYSOSOMAL_LUMEN_ACIDIFICATION	0.2396320030288896			
GSE3982_EOSINOPHIL_VS_EFF_MEMORY_CD4_TCELL_UP	0.2396256134945639			
GO_POSITIVE_REGULATION_OF_NATURAL_KILLER_CELL_ACTIVATION	0.23960726296204524			
GO_FEMALE_PRONUCLEUS	0.23960720827799922			
GO_CELL_COMMUNICATION_BY_ELECTRICAL_COUPLING	0.23955087239189127			
HALLMARK_INTERFERON_ALPHA_RESPONSE	0.2395474662383478			
GO_OVULATION_CYCLE	0.23952774343259517			
GO_RESPONSE_TO_BACTERIUM	0.23951582833423363			
GSE17721_CTRL_VS_PAM3CSK4_6H_BMDC_UP	0.2395106283168992			
GO_LEUKOCYTE_CHEMOTAXIS	0.23950675176711653			
GO_CARDIAC_MUSCLE_TISSUE_MORPHOGENESIS	0.23949067331313992			
GO_PROTEIN_LOCALIZATION_TO_GOLGI_APPARATUS	0.23947203209176748			
GSE26343_UNSTIM_VS_LPS_STIM_MACROPHAGE_UP	0.23946581776332798			
BOYAULT_LIVER_CANCER_SUBCLASS_G12_UP	0.23944095170935062			
MIR365A_3P_MIR365B_3P	0.23943642555712538			
GSE36888_UNTREATED_VS_IL2_TREATED_STAT5_AB_KNOCKIN_TCELL_6H_UP	0.23943476208818593			
CREB_Q2	0.23942917286706136			
GO_DENSE_CORE_GRANULE	0.2394285091595932			
BIOCARTA_TNFR2_PATHWAY	0.2394171599379219			
GSE40274_CTRL_VS_LEF1_TRANSDUCED_ACTIVATED_CD4_TCELL_UP	0.23939753019818436			
REACTOME_INTRA_GOLGI_AND_RETROGRADE_GOLGI_TO_ER_TRAFFIC	0.23939698579426202			
IPA_CHD4_DN	0.23939271673595272			
GO_BUNDLE_OF_HIS_CELL_TO_PURKINJE_MYOCYTE_COMMUNICATION	0.23938944264977724			
LAU_APOPTOSIS_CDKN2A_DN	0.23938068035108234			
AMIT_SERUM_RESPONSE_20_MCF10A	0.23935910562402873			
GO_EPITHELIAL_CELL_PROLIFERATION_INVOLVED_IN_LUNG_MORPHOGENESIS	0.23935721265863746			
GO_NEGATIVE_REGULATION_OF_ISOTYPE_SWITCHING	0.2393542308140423			
GO_SODIUM_ION_BINDING	0.23935033070511533			
chr20q13	0.23934297772936935			
MIR542_3P	0.23933798152249808			
GO_LIPID_GLYCOSYLATION	0.2393352472946718			
CHESLER_BRAIN_QTL_TRANS	0.23933356032001885			
GO_POSITIVE_REGULATION_OF_FIBROBLAST_MIGRATION	0.2393302106600491			
GSE4142_NAIVE_VS_MEMORY_BCELL_UP	0.23932861371659594			
MIR6877_3P	0.2393113795091947			
MATSUDA_NATURAL_KILLER_DIFFERENTIATION	0.23930950384677832			
IPA_STAT1_UP	0.23930641684768308			
MIR6076	0.23930013684389098			
GO_NEGATIVE_REGULATION_OF_APOPTOTIC_PROCESS_IN_BONE_MARROW_CELL	0.2392678067319962			
MIR4316	0.23925241933596714			
GSE2585_AIRE_KO_VS_WT_CD80_LOW_MTEC_UP	0.23925015801236157			
IPA_NRF1_UP	0.2392433880631577			
GSE27786_NKTCELL_VS_ERYTHROBLAST_UP	0.23922880704078747			
GSE8621_LPS_PRIMED_UNSTIM_VS_LPS_PRIMED_AND_LPS_STIM_MACROPHAGE_UP	0.2392266171266633			
MIR4791	0.23922561296513037			
GO_NEGATIVE_REGULATION_OF_AUTOPHAGY_OF_MITOCHONDRION	0.23921472081555423			
ACCAAAG_MIR9	0.23921182265763943			
GSE30971_WBP7_HET_VS_KO_MACROPHAGE_DN	0.2392084861872512			
GO_MUSCLE_ORGAN_DEVELOPMENT	0.23919224531604893			
GSE17721_POLYIC_VS_PAM3CSK4_16H_BMDC_DN	0.23918111900605302			
GSE1460_DP_THYMOCYTE_VS_NAIVE_CD4_TCELL_ADULT_BLOOD_DN	0.23916932809012953			
IPA_ELF3_DN	0.23916110712479885			
GSE5542_UNTREATED_VS_IFNG_TREATED_EPITHELIAL_CELLS_24H_UP	0.2391427859201885			
IPA_YBX1_UP	0.23913709813749573			
GSE41867_NAIVE_VS_DAY30_LCMV_CLONE13_EXHAUSTED_CD8_TCELL_UP	0.23910573128369583			
GO_CYTOLYSIS_IN_OTHER_ORGANISM	0.23910350375313844			
REACTOME_PCP_CE_PATHWAY	0.23909898456997714			
REACTOME_CASPASE_ACTIVATION_VIA_DEATH_RECEPTORS_IN_THE_PRESENCE_OF_LIGAND	0.2390971396719492			
MOOTHA_PYR	0.23908939498456286			
CSR_LATE_UP.V1_DN	0.23908492491717717			
MIR6787_5P	0.23907249271052428			
GSE17721_PAM3CSK4_VS_GADIQUIMOD_2H_BMDC_UP	0.23906729736391052			
BIOCARTA_CBL_PATHWAY	0.23906635893988365			
GO_RECEPTOR_TYROSINE_KINASE_BINDING	0.23905102636203263			
GO_REGULATION_OF_ASPARTIC_TYPE_PEPTIDASE_ACTIVITY	0.23902238450472146			
GO_PANCREATIC_A_CELL_DIFFERENTIATION	0.2389933500163349			
GSE30971_CTRL_VS_LPS_STIM_MACROPHAGE_WBP7_HET_2H_DN	0.2389553360302292			
GO_EPITHELIAL_CELL_MATURATION	0.23894460747621038			
GSE21546_UNSTIM_VS_ANTI_CD3_STIM_ELK1_KO_DP_THYMOCYTES_UP	0.23892952947610577			
GO_GTPASE_ACTIVITY	0.23892556057346992			
GO_POSTSYNAPTIC_NEUROTRANSMITTER_RECEPTOR_INTERNALIZATION	0.23890051062685597			
GO_EXTRACELLULAR_TRANSPORT	0.2388894428045459			
GO_COLLAGEN_TYPE_IV_TRIMER	0.2388890518277595			
ZNF85_TARGET_GENES	0.23888696355987563			
GO_PEPTIDE_SECRETION	0.23885931845915837			
GO_L_THREONINE_CATABOLIC_PROCESS_TO_GLYCINE	0.23885597071895856			
GO_REGULATION_OF_PROTEIN_MONOUBIQUITINATION	0.23885587711896922			
GO_NEGATIVE_REGULATION_OF_CD4_POSITIVE_ALPHA_BETA_T_CELL_ACTIVATION	0.23882416441056312			
RARB_TARGET_GENES	0.2388183123939646			
MIR6529_3P	0.23881127256353074			
KAECH_DAY8_EFF_VS_MEMORY_CD8_TCELL_UP	0.23880771954686386			
GO_POSITIVE_REGULATION_OF_GASTRULATION	0.2387973913711193			
GSE46606_IRF4_KO_VS_WT_CD40L_IL2_IL5_3DAY_STIMULATED_BCELL_UP	0.2387943248349751			
PEREZ_TP63_TARGETS	0.2387881145976324			
CTTTGTA_MIR524	0.23877486306835946			
MONTERO_THYROID_CANCER_POOR_SURVIVAL_DN	0.23877461007601244			
IPA_PAX9_DN	0.23877215197690632			
GO_REGULATION_OF_NIK_NF_KAPPAB_SIGNALING	0.23876942915925997			
GSE24142_ADULT_VS_FETAL_EARLY_THYMIC_PROGENITOR_DN	0.2387658318504396			
LIU_TARGETS_OF_VMYB_VS_CMYB_UP	0.2387576423149953			
GSE7460_CTRL_VS_TGFB_TREATED_ACT_TCONV_DN	0.2387473861538692			
GO_RAB_GTPASE_BINDING	0.23873991020850158			
GO_GLUTATHIONE_DERIVATIVE_METABOLIC_PROCESS	0.23873834750688788			
HASLINGER_B_CLL_WITH_11Q23_DELETION	0.23868032300222505			
IPA_KMT2C_UP	0.23867307199228546			
IPA_ZNF536_UP	0.23867307199228546			
IPA_RFX7_DN	0.23867307199228546			
IPA_ZBTB7C_UP	0.23867307199228546			
REACTOME_SYNTHESIS_OF_BILE_ACIDS_AND_BILE_SALTS_VIA_24_HYDROXYCHOLESTEROL	0.23864392876210633			
GO_ICOSANOID_CATABOLIC_PROCESS	0.2386290599342489			
GO_REGULATION_OF_NUCLEOTIDE_BINDING_OLIGOMERIZATION_DOMAIN_CONTAINING_2_SIGNALING_PATHWAY	0.238625575040146			
GO_PLASMA_MEMBRANE_TO_ENDOSOME_TRANSPORT	0.23862553753663213			
GSE2128_C57BL6_VS_NOD_THYMOCYTE_MIMETOPE_NEGATIVE_SELECTION_DN	0.2386245787323133			
INGRAM_SHH_TARGETS_DN	0.2386231019670408			
IPA_SOX9_DN	0.2385821305391509			
VANASSE_BCL2_TARGETS_UP	0.23856671774745228			
MIR3940_5P	0.23846820547115147			
REACTOME_NEGATIVE_REGULATORS_OF_DDX58_IFIH1_SIGNALING	0.2384640212773426			
GSE19401_UNSTIM_VS_RETINOIC_ACID_STIM_FOLLICULAR_DC_DN	0.23843847266822493			
GUILLAUMOND_KLF10_TARGETS_DN	0.2384223879221998			
GO_METALLOAMINOPEPTIDASE_ACTIVITY	0.23839866084453745			
GO_OPTIC_CUP_MORPHOGENESIS_INVOLVED_IN_CAMERA_TYPE_EYE_DEVELOPMENT	0.23839561146730984			
GSE5589_LPS_VS_LPS_AND_IL6_STIM_IL6_KO_MACROPHAGE_45MIN_DN	0.23839276552768296			
GSE39110_UNTREATED_VS_IL2_TREATED_CD8_TCELL_DAY3_POST_IMMUNIZATION_DN	0.23838381328880762			
E2F3_UP.V1_DN	0.23836680166897894			
GO_INTERACTION_WITH_SYMBIONT	0.2383162033562439			
RODWELL_AGING_KIDNEY_NO_BLOOD_DN	0.23831352138928483			
CAMPS_COLON_CANCER_COPY_NUMBER_DN	0.23829857818165495			
YANG_BREAST_CANCER_ESR1_BULK_UP	0.23828909239462437			
MIR646	0.23828567063937142			
POMEROY_MEDULLOBLASTOMA_DESMOPLASIC_VS_CLASSIC_UP	0.23827839349445382			
WIERENGA_STAT5A_TARGETS_DN	0.2382671940217747			
GSE40273_XBP1_KO_VS_WT_TREG_DN	0.2382671058025666			
GSE37563_WT_VS_CTLA4_KO_CD4_TCELL_D4_POST_IMMUNIZATION_DN	0.23826149810435326			
MIR8066	0.23821537931278353			
PID_INTEGRIN2_PATHWAY	0.23821304543083927			
GO_REGULATION_OF_CHOLESTEROL_EFFLUX	0.23820418497665			
SCHAEFFER_PROSTATE_DEVELOPMENT_AND_CANCER_BOX6_UP	0.23819357041182473			
REACTOME_TRANSPORT_OF_VITAMINS_NUCLEOSIDES_AND_RELATED_MOLECULES	0.23819209720776954			
GO_REGULATION_OF_RESPONSE_TO_CYTOKINE_STIMULUS	0.2381666430534652			
GSE19825_NAIVE_VS_IL2RALOW_DAY3_EFF_CD8_TCELL_DN	0.23814426653657508			
GO_INTERSPECIES_INTERACTION_BETWEEN_ORGANISMS	0.23813978100531022			
REACTOME_NOTCH4_ACTIVATION_AND_TRANSMISSION_OF_SIGNAL_TO_THE_NUCLEUS	0.23813107600035074			
LIAN_LIPA_TARGETS_3M	0.2381177708434147			
GSE35543_IN_VIVO_NTREG_VS_IN_VITRO_ITREG_UP	0.2381086606925548			
GSE37416_0H_VS_12H_F_TULARENSIS_LVS_NEUTROPHIL_DN	0.23808050507832396			
GO_NEGATIVE_REGULATION_OF_SECRETION	0.23807415067072116			
MIR3609	0.23806962012827754			
GO_ATPASE_BINDING	0.23806698635999932			
GO_MHC_CLASS_I_PEPTIDE_LOADING_COMPLEX	0.23805422402004894			
GO_ASTROCYTE_CELL_MIGRATION	0.23805381062779496			
SMID_BREAST_CANCER_RELAPSE_IN_LUNG_UP	0.23805359141118332			
GSE17721_0.5H_VS_24H_CPG_BMDC_DN	0.23803984792366678			
GO_ESTABLISHMENT_OF_LOCALIZATION_IN_CELL	0.2380396143364355			
CHANGOLKAR_H2AFY_TARGETS_UP	0.2380189845943863			
GO_POSITIVE_REGULATION_OF_MICROTUBULE_POLYMERIZATION_OR_DEPOLYMERIZATION	0.2379847652242924			
GO_DIOXYGENASE_ACTIVITY	0.23798027702260827			
BOYLAN_MULTIPLE_MYELOMA_C_CLUSTER_DN	0.2379690404248773			
YIH_RESPONSE_TO_ARSENITE_C1	0.23796556994421866			
GO_NEUROTROPHIN_BINDING	0.2379639986235097			
GSE36527_CD69_NEG_VS_POS_TREG_CD62L_LOS_KLRG1_NEG_UP	0.2379397361394517			
GARGALOVIC_RESPONSE_TO_OXIDIZED_PHOSPHOLIPIDS_GREY_DN	0.23792196735454538			
ERR1_Q2	0.2378536443405988			
GO_REGULATION_OF_TRANSPORT	0.2378342192549585			
GSE17721_LPS_VS_POLYIC_6H_BMDC_DN	0.23782807240761417			
GO_ESTABLISHMENT_OF_PLANAR_POLARITY_OF_EMBRYONIC_EPITHELIUM	0.23779127247870238			
GSE14769_UNSTIM_VS_20MIN_LPS_BMDM_UP	0.23776240705218626			
GSE9037_WT_VS_IRAK4_KO_LPS_4H_STIM_BMDM_UP	0.23776146043049717			
GSE10240_IL17_VS_IL17_AND_IL22_STIM_PRIMARY_BRONCHIAL_EPITHELIAL_CELLS_DN	0.2377419662728867			
GOUYER_TUMOR_INVASIVENESS	0.23773743333283945			
GO_EXTRAEMBRYONIC_MEMBRANE_DEVELOPMENT	0.23773098228940953			
GO_ORGANIC_HYDROXY_COMPOUND_TRANSMEMBRANE_TRANSPORTER_ACTIVITY	0.23771147767564685			
GSE17721_LPS_VS_PAM3CSK4_12H_BMDC_DN	0.23770089368406438			
GSE17186_CD21LOW_VS_CD21HIGH_TRANSITIONAL_BCELL_DN	0.23767972047538233			
GSE14000_UNSTIM_VS_4H_LPS_DC_TRANSLATED_RNA_DN	0.237657152737297			
GSE5589_LPS_VS_LPS_AND_IL10_STIM_IL6_KO_MACROPHAGE_180MIN_UP	0.23764248792867856			
CROONQUIST_NRAS_VS_STROMAL_STIMULATION_DN	0.23762985027315373			
REACTOME_METABOLISM_OF_POLYAMINES	0.2376282556186465			
GO_TRANS_GOLGI_NETWORK	0.23762123530776774			
GSE43955_1H_VS_20H_ACT_CD4_TCELL_UP	0.237617591422405			
GO_REGULATION_OF_PODOSOME_ASSEMBLY	0.23760278281180322			
GSE3982_CTRL_VS_LPS_1H_NEUTROPHIL_UP	0.237585987889353			
GO_NEGATIVE_REGULATION_OF_NUCLEOCYTOPLASMIC_TRANSPORT	0.23757368054417938			
KRIGE_RESPONSE_TO_TOSEDOSTAT_6HR_UP	0.23752033390974156			
GO_REGULATION_OF_POSTSYNAPSE_ORGANIZATION	0.2375157856399358			
ER_Q6_02	0.23751458069882922			
GO_POSITIVE_REGULATION_OF_FILOPODIUM_ASSEMBLY	0.23749337341749774			
GO_DOPAMINERGIC_NEURON_AXON_GUIDANCE	0.23747382255797644			
MIR6128	0.23743742822681496			
GO_POSITIVE_REGULATION_OF_VASCULAR_ASSOCIATED_SMOOTH_MUSCLE_CELL_MIGRATION	0.23743368628385939			
GSE26890_CXCR1_NEG_VS_POS_EFFECTOR_CD8_TCELL_DN	0.2374216328927808			
GO_NEGATIVE_REGULATION_OF_RESPIRATORY_BURST_INVOLVED_IN_INFLAMMATORY_RESPONSE	0.23741430492384352			
REACTOME_MET_ACTIVATES_RAS_SIGNALING	0.23740939600683403			
GSE30083_SP1_VS_SP3_THYMOCYTE_DN	0.23737520865188033			
REACTOME_SYNTHESIS_OF_UDP_N_ACETYL_GLUCOSAMINE	0.2373671455238696			
GO_METALLOPEPTIDASE_ACTIVITY	0.23736624768335754			
GSE25502_WT_VS_KLF13_KO_THYMIC_MEMORY_LIKE_CD8_TCELL_DN	0.23734925020701225			
GSE1460_DP_VS_CD4_THYMOCYTE_DN	0.23731809348541183			
FISCHER_G2_M_CELL_CYCLE	0.23731245171087534			
GO_CLATHRIN_COAT_OF_COATED_PIT	0.2372971894107099			
PURBEY_TARGETS_OF_CTBP1_NOT_SATB1_UP	0.23729381258250687			
GO_REGULATION_OF_VESICLE_TARGETING_TO_FROM_OR_WITHIN_GOLGI	0.2372873294317255			
GSE23398_WT_VS_IL2_KO_CD4_TCELL_SCURFY_MOUSE_UP	0.23726074160912233			
GO_NEGATIVE_REGULATION_OF_SODIUM_ION_TRANSPORT	0.23723599025947895			
SNAPC4_TARGET_GENES	0.23723293697105924			
GO_AORTA_MORPHOGENESIS	0.23721392142455647			
GO_LYSINE_METABOLIC_PROCESS	0.2371954713277909			
GSE17721_LPS_VS_GARDIQUIMOD_24H_BMDC_DN	0.23719184343435168			
GATA1_05	0.23718088896720343			
GSE22886_NAIVE_VS_IGM_MEMORY_BCELL_UP	0.23717006884551656			
GSE37534_GW1929_VS_PIOGLITAZONE_TREATED_CD4_TCELL_PPARG1_FOXP3_TRANSDUCED_UP	0.2371583253899962			
MITSIADES_RESPONSE_TO_APLIDIN_UP	0.23713517659072034			
LENAOUR_DENDRITIC_CELL_MATURATION_UP	0.2371348346718076			
IPA_EPAS1_UP	0.23713018059512753			
REACTOME_PRE_NOTCH_EXPRESSION_AND_PROCESSING	0.23712877764462606			
GSE21546_ELK1_KO_VS_SAP1A_KO_AND_ELK1_KO_DP_THYMOCYTES_UP	0.23712225562192424			
CLIMENT_BREAST_CANCER_COPY_NUMBER_DN	0.23711938821255135			
GO_POSITIVE_REGULATION_OF_CALCIUM_ION_IMPORT	0.23711882138706222			
HUANG_GATA2_TARGETS_DN	0.23708672104735268			
IPA_RBL1_UP	0.23708594670534644			
MIR6815_5P	0.23707669182529428			
REACTOME_INTERLEUKIN_10_SIGNALING	0.23706565745045113			
GO_COENZYME_CATABOLIC_PROCESS	0.23705245522380677			
FAELT_B_CLL_WITH_VH_REARRANGEMENTS_DN	0.23700369448269565			
SATO_SILENCED_EPIGENETICALLY_IN_PANCREATIC_CANCER	0.23698412075987854			
GCNP_SHH_UP_EARLY.V1_DN	0.2369820419858481			
GO_ALDITOL_NADPPLUS_1_OXIDOREDUCTASE_ACTIVITY	0.2369704123260559			
GSE11961_MEMORY_BCELL_DAY40_VS_GERMINAL_CENTER_BCELL_DAY40_DN	0.236953765947555			
MOROSETTI_FACIOSCAPULOHUMERAL_MUSCULAR_DISTROPHY_DN	0.23695213342501906			
GO_PULMONARY_ARTERY_MORPHOGENESIS	0.23694746813487078			
GO_REGULATION_OF_MITOTIC_SPINDLE_ASSEMBLY	0.2369473167054594			
REACTOME_MET_ACTIVATES_RAP1_AND_RAC1	0.23692395695699964			
REACTOME_GP1B_IX_V_ACTIVATION_SIGNALLING	0.23690404551943034			
GSE17974_IL4_AND_ANTI_IL12_VS_UNTREATED_12H_ACT_CD4_TCELL_UP	0.23688069144006216			
GO_PHOSPHATE_ION_TRANSMEMBRANE_TRANSPORT	0.23687001256184742			
GO_GRANULOCYTE_MIGRATION	0.23684525075791088			
GO_POSITIVE_REGULATION_OF_ENDOTHELIAL_CELL_DIFFERENTIATION	0.23683861821317995			
GSE17721_0.5H_VS_24H_LPS_BMDC_DN	0.23683202371628476			
GO_TRANSITION_METAL_ION_TRANSMEMBRANE_TRANSPORTER_ACTIVITY	0.23682493388577106			
GO_CORONARY_VASCULATURE_DEVELOPMENT	0.2368209474551527			
GSE23505_IL6_IL1_VS_IL6_IL1_IL23_TREATED_CD4_TCELL_DN	0.23681919786801212			
CUI_TCF21_TARGETS_UP	0.23680633064879444			
GSE14769_UNSTIM_VS_360MIN_LPS_BMDM_UP	0.23677381104130357			
GO_SPECIFIC_GRANULE_MEMBRANE	0.23675967264322723			
GO_GALACTOSIDASE_ACTIVITY	0.23675477307795825			
GO_MYELIN_SHEATH_ADAXONAL_REGION	0.23672521559272067			
GSE45365_HEALTHY_VS_MCMV_INFECTION_CD8A_DC_IFNAR_KO_DN	0.2367190540634162			
GO_3_HYDROXYACYL_COA_DEHYDROGENASE_ACTIVITY	0.23669904443309311			
GSE37532_WT_VS_PPARG_KO_VISCERAL_ADIPOSE_TISSUE_TCONV_DN	0.2366816980987082			
GOUYER_TATI_TARGETS_UP	0.2366704131831141			
GO_POSITIVE_REGULATION_OF_FIBROBLAST_PROLIFERATION	0.23666560056679112			
STANELLE_E2F1_TARGETS	0.23666456226940877			
chr7p15	0.23665983077535663			
IPA_NFKB2_DN	0.2366563866696333			
IPA_IRF3_UP	0.23665427383706292			
REACTOME_CASPASE_ACTIVATION_VIA_EXTRINSIC_APOPTOTIC_SIGNALLING_PATHWAY	0.236650179755384			
GO_RESPONSE_TO_MOLECULE_OF_BACTERIAL_ORIGIN	0.23662364874096317			
GSE25088_IL4_VS_IL4_AND_ROSIGLITAZONE_STIM_MACROPHAGE_DAY10_DN	0.23661548586454262			
AREB6_02	0.23660089328509346			
MIR3127_3P	0.23655490614065852			
REACTOME_CELL_SURFACE_INTERACTIONS_AT_THE_VASCULAR_WALL	0.23654537052961963			
GO_CHEMOKINE_PRODUCTION	0.2365347373577459			
GO_ALKALI_METAL_ION_BINDING	0.2365198447368988			
GO_HISTONE_H3_K9_TRIMETHYLATION	0.2365070068884731			
RODRIGUES_THYROID_CARCINOMA_POORLY_DIFFERENTIATED_UP	0.23650647633787347			
SERVITJA_ISLET_HNF1A_TARGETS_DN	0.23648347290738742			
MIR889_3P	0.23647566056112823			
GO_ESTROGEN_METABOLIC_PROCESS	0.2364695926061773			
GO_CHLORIDE_ION_HOMEOSTASIS	0.23646405787968425			
MA_MYELOID_DIFFERENTIATION_DN	0.23646308699240523			
MARKEY_RB1_CHRONIC_LOF_DN	0.23646072833306553			
GO_1_ACYLGLYCEROPHOSPHOCHOLINE_O_ACYLTRANSFERASE_ACTIVITY	0.23645123994658163			
GSE18804_SPLEEN_MACROPHAGE_VS_COLON_TUMORAL_MACROPHAGE_UP	0.2364511915383387			
GO_MYELOID_CELL_APOPTOTIC_PROCESS	0.236444628886957			
BURTON_ADIPOGENESIS_11	0.23633568303487362			
HOEGERKORP_CD44_TARGETS_TEMPORAL_UP	0.23631736977719295			
GO_POSITIVE_REGULATION_OF_ATP_BIOSYNTHETIC_PROCESS	0.2363108741033907			
KEGG_PRION_DISEASES	0.23630933016652106			
GSE18804_BRAIN_VS_COLON_TUMORAL_MACROPHAGE_DN	0.2363081067113988			
MIR517_5P	0.23630459688343164			
GSE9037_CTRL_VS_LPS_1H_STIM_BMDM_DN	0.2362871162089055			
GO_SNARE_BINDING	0.2362850281183137			
GO_PRESYNAPTIC_ENDOCYTIC_ZONE	0.2362178063856251			
CAMP_UP.V1_DN	0.23621376774012873			
TGCTGCT_MIR15A_MIR16_MIR15B_MIR195_MIR424_MIR497	0.2361986726806355			
GSE40685_NAIVE_CD4_TCELL_VS_FOXP3_KO_TREG_PRECURSOR_UP	0.23616328341271337			
HOXA13_TARGET_GENES	0.23615938711824166			
GO_PARKIN_MEDIATED_STIMULATION_OF_MITOPHAGY_IN_RESPONSE_TO_MITOCHONDRIAL_DEPOLARIZATION	0.23615805356614897			
GSE15330_HSC_VS_LYMPHOID_PRIMED_MULTIPOTENT_PROGENITOR_UP	0.23609427255247892			
GSE36009_WT_VS_NLRP10_KO_DC_DN	0.23608696447211774			
MIR8071	0.23608446662654317			
GSE2770_TGFB_AND_IL4_VS_TGFB_AND_IL12_TREATED_ACT_CD4_TCELL_6H_UP	0.23607519673946598			
GSE36826_NORMAL_VS_STAPH_AUREUS_INF_SKIN_UP	0.23606180415384684			
GO_HYDROLASE_ACTIVITY_ACTING_ON_CARBON_NITROGEN_BUT_NOT_PEPTIDE_BONDS_IN_LINEAR_AMIDINES	0.2360425000821918			
GSE33162_HDAC3_KO_VS_HDAC3_KO_MACROPHAGE_DN	0.23602270822298557			
GSE22935_WT_VS_MYD88_KO_MACROPHAGE_24H_MBOVIS_BCG_STIM_DN	0.23601081777518995			
GO_POSITIVE_REGULATION_OF_ORGANELLE_ASSEMBLY	0.23600391270570112			
GO_REGULATION_OF_PROTEIN_SERINE_THREONINE_KINASE_ACTIVITY	0.23600185661573608			
GO_MEMBRANE_FISSION	0.23598465305002578			
MYOD_Q6	0.23598398449393018			
GSE45365_CD8A_DC_VS_CD11B_DC_IFNAR_KO_MCMV_INFECTION_DN	0.23596505844042862			
GO_ETHANOL_CATABOLIC_PROCESS	0.23595865667722324			
REACTOME_ALPHA_LINOLENIC_OMEGA3_AND_LINOLEIC_OMEGA6_ACID_METABOLISM	0.2359397985716438			
MIR5581_5P	0.2358838108174807			
BYSTRYKH_HEMATOPOIESIS_STEM_CELL_QTL_TRANS	0.23587944807443056			
GO_REGULATION_OF_LONG_CHAIN_FATTY_ACID_IMPORT_INTO_CELL	0.23586984352896556			
GSE13738_RESTING_VS_TCR_ACTIVATED_CD4_TCELL_DN	0.23584068079540318			
GO_GLUTAMATE_RECEPTOR_SIGNALING_PATHWAY	0.23581939337704558			
GSE10240_IL22_VS_IL17_STIM_PRIMARY_BRONCHIAL_EPITHELIAL_CELLS_UP	0.23581584099191405			
GSE20366_CD103_POS_VS_CD103_KLRG1_DP_TREG_UP	0.23579699303944174			
GSE3039_CD4_TCELL_VS_B1_BCELL_UP	0.2357907360158614			
BIOCARTA_MRP_PATHWAY	0.23577063155244377			
GSE21360_PRIMARY_VS_TERTIARY_MEMORY_CD8_TCELL_DN	0.23576857809067722			
LU_TUMOR_VASCULATURE_UP	0.23576025912059018			
GO_ADRENERGIC_RECEPTOR_ACTIVITY	0.23575744907942286			
GO_CHEMICAL_HOMEOSTASIS	0.23575394380681436			
MCCLUNG_CREB1_TARGETS_DN	0.23574595974765464			
GO_NEGATIVE_REGULATION_OF_ACTIVATED_T_CELL_PROLIFERATION	0.2357273924603144			
GO_REGULATION_OF_CELL_ADHESION_MOLECULE_PRODUCTION	0.23572733176742242			
GSE2770_UNTREATED_VS_IL12_TREATED_ACT_CD4_TCELL_2H_DN	0.23571263130176737			
GO_PH_REDUCTION	0.2357048286237493			
REACTOME_P38MAPK_EVENTS	0.23569607262189274			
GO_POSITIVE_REGULATION_OF_NERVOUS_SYSTEM_PROCESS	0.23569438576234164			
GSE17721_PAM3CSK4_VS_GADIQUIMOD_16H_BMDC_UP	0.2356803543667653			
HSIAO_HOUSEKEEPING_GENES	0.23565606740953918			
GSE10325_CD4_TCELL_VS_LUPUS_CD4_TCELL_DN	0.23565039613579214			
GO_CATECHOLAMINE_BINDING	0.23563447307358817			
GO_REGULATION_OF_NATURAL_KILLER_CELL_ACTIVATION	0.23561551259841818			
CHYLA_CBFA2T3_TARGETS_UP	0.23560838270277207			
MIR7114_3P	0.2356080875141759			
MIR3923	0.23560751845276023			
LEE_LIVER_CANCER_DENA_DN	0.2356036979214689			
PID_ILK_PATHWAY	0.23558914816307328			
GSE18791_UNSTIM_VS_NEWCATSLE_VIRUS_DC_2H_UP	0.23557519098513208			
PID_FOXO_PATHWAY	0.23556886005913658			
GSE5589_IL6_KO_VS_IL10_KO_LPS_STIM_MACROPHAGE_180MIN_DN	0.23555990977908878			
MIR924	0.2355325120970075			
MIR6727_3P	0.2355241674773999			
IPA_MAP3K7_UP	0.23550629675411044			
CACTTTG_MIR520G_MIR520H	0.2355008997132121			
MIR1225_5P	0.23549828598467734			
GO_GLOMERULAR_MESANGIAL_CELL_PROLIFERATION	0.23542581840353072			
GO_CCR6_CHEMOKINE_RECEPTOR_BINDING	0.23542282440698828			
GO_NEGATIVE_REGULATION_OF_MULTICELLULAR_ORGANISM_GROWTH	0.23542119933668296			
GO_FREE_UBIQUITIN_CHAIN_POLYMERIZATION	0.23542010386196574			
GO_POSITIVE_REGULATION_OF_CD4_POSITIVE_ALPHA_BETA_T_CELL_PROLIFERATION	0.2354157857437502			
GO_CARDIAC_CONDUCTION_SYSTEM_DEVELOPMENT	0.2354022905182253			
GO_NERVE_GROWTH_FACTOR_BINDING	0.23539779868809155			
GO_ENDOCYTIC_VESICLE_MEMBRANE	0.23539235086918517			
GSE26727_WT_VS_KLF2_KO_LPS_STIM_MACROPHAGE_DN	0.23537662459179187			
HUANG_FOXA2_TARGETS_UP	0.2353517727524254			
GO_REGULATION_OF_CHEMOTAXIS	0.23535068321383032			
GSE11961_GERMINAL_CENTER_BCELL_DAY7_VS_PLASMA_CELL_DAY7_DN	0.2353429117182484			
GO_REGULATION_OF_ACUTE_INFLAMMATORY_RESPONSE	0.23534275162443297			
GSE22886_CTRL_VS_LPS_24H_DC_DN	0.23533224047959245			
GSE17721_POLYIC_VS_CPG_12H_BMDC_DN	0.2353140631853218			
GO_NEPHRIC_DUCT_DEVELOPMENT	0.23531365848381902			
GSE1925_CTRL_VS_24H_IFNG_STIM_IFNG_PRIMED_MACROPHAGE_DN	0.2353059881783318			
GSE7460_TCONV_VS_TREG_LN_DN	0.23530350217090823			
GO_CEREBELLAR_GRANULAR_LAYER_FORMATION	0.2352982534929093			
GO_INTERSTITIAL_MATRIX	0.23529120861942268			
BOYLAN_MULTIPLE_MYELOMA_PCA3_DN	0.23527836573985472			
GO_POSITIVE_REGULATION_OF_AXON_GUIDANCE	0.23527236822756886			
REACTOME_CLEC7A_DECTIN_1_INDUCES_NFAT_ACTIVATION	0.23526367369923246			
GO_REGULATION_OF_ORGANELLE_ORGANIZATION	0.23525329691991287			
GSE17721_0.5H_VS_12H_POLYIC_BMDC_DN	0.23524904079579803			
GO_EMBRYONIC_HINDLIMB_MORPHOGENESIS	0.2352347902562734			
MIR8067	0.23522342102561397			
GO_PROTEIN_TYROSINE_SERINE_THREONINE_PHOSPHATASE_ACTIVITY	0.23519986979358892			
GSE40666_WT_VS_STAT4_KO_CD8_TCELL_WITH_IFNA_STIM_90MIN_UP	0.2351842449687313			
BIOCARTA_MALATEX_PATHWAY	0.2351764480052654			
ZHANG_INTERFERON_RESPONSE	0.2351713204437446			
GO_REGULATION_OF_SYSTEMIC_ARTERIAL_BLOOD_PRESSURE_BY_RENIN_ANGIOTENSIN	0.23516800296234744			
BRACHAT_RESPONSE_TO_METHOTREXATE_DN	0.23515787066923682			
GSE17974_IL4_AND_ANTI_IL12_VS_UNTREATED_24H_ACT_CD4_TCELL_DN	0.23515583774058482			
REACTOME_NF_KB_ACTIVATION_THROUGH_FADD_RIP_1_PATHWAY_MEDIATED_BY_CASPASE_8_AND_10	0.2351486620693822			
GSE6674_PL2_3_VS_ANTI_IGM_AND_CPG_STIM_BCELL_DN	0.2351428664081406			
GO_POSITIVE_REGULATION_OF_ERK1_AND_ERK2_CASCADE	0.23513840220495072			
AP2ALPHA_01	0.23513549939417544			
GO_GLUCOSYLTRANSFERASE_ACTIVITY	0.23513371460314644			
CARD_MIR302A_TARGETS	0.23511991515966688			
MIR503_5P	0.23507783893426765			
GSE3203_HEALTHY_VS_INFLUENZA_INFECTED_LN_BCELL_DN	0.2350698335003637			
GO_CELL_MIGRATION_IN_HINDBRAIN	0.23505833970371892			
GO_REGULATION_OF_SMALL_GTPASE_MEDIATED_SIGNAL_TRANSDUCTION	0.23505637492432302			
GSE22935_WT_VS_MYD88_KO_MACROPHAGE_48H_MBOVIS_BCG_STIM_DN	0.2350484643226652			
MIR6508_5P	0.23503935104161822			
GO_REGULATION_OF_REPRODUCTIVE_PROCESS	0.235031696002165			
GO_MAMMARY_GLAND_INVOLUTION	0.23502317796879343			
GSE22140_GERMFREE_VS_SPF_MOUSE_CD4_TCELL_UP	0.23501779173389437			
ATTCTTT_MIR186	0.2349969813955207			
REACTOME_LGI_ADAM_INTERACTIONS	0.234996584467618			
GO_POSITIVE_REGULATION_OF_AUTOPHAGY_OF_MITOCHONDRION	0.23499228873966613			
GO_CARBON_OXYGEN_LYASE_ACTIVITY	0.23498245236744264			
GO_EPOXYGENASE_P450_PATHWAY	0.23498231971758926			
GO_PRIMARY_ALCOHOL_CATABOLIC_PROCESS	0.2349779086978048			
GO_PHOSPHOLIPASE_ACTIVITY	0.23494775630314088			
TCGA_GLIOBLASTOMA_COPY_NUMBER_UP	0.23492299561349814			
MIR4751	0.23491756757602159			
PETRETTO_BLOOD_PRESSURE_UP	0.23491621402364846			
IPA_UBTF_UP	0.23490077401042883			
IPA_BHLHE41_DN	0.23488677076118192			
GO_NEGATIVE_REGULATION_OF_SODIUM_ION_TRANSMEMBRANE_TRANSPORT	0.23488321636296408			
HNF3ALPHA_Q6	0.2348817466034757			
BURTON_ADIPOGENESIS_PEAK_AT_0HR	0.23487899982857185			
SABATES_COLORECTAL_ADENOMA_SIZE_UP	0.23487554710902978			
GO_MICROTUBULE_ASSOCIATED_COMPLEX	0.2348550023887052			
GSE27786_CD8_TCELL_VS_NKTCELL_DN	0.2348277679524513			
WNT_UP.V1_DN	0.23482746222190382			
GO_POSITIVE_REGULATION_OF_SYNAPTIC_PLASTICITY	0.23481849118077772			
GO_REGULATION_OF_ADHERENS_JUNCTION_ORGANIZATION	0.2348095319379272			
MIR301B_3P	0.23478627506065775			
MTF1_Q4	0.23477152742533627			
WAMUNYOKOLI_OVARIAN_CANCER_LMP_DN	0.23474358609085252			
MIR301A_3P	0.2347205476275375			
GO_REGULATION_OF_MONOCYTE_CHEMOTAXIS	0.2347200689259368			
DAVICIONI_MOLECULAR_ARMS_VS_ERMS_UP	0.23471803185849752			
GO_REGULATION_OF_ORGANELLE_ASSEMBLY	0.23471341910556998			
GSE6092_CTRL_VS_BORRELIA_BIRGDOFERI_INF_ENDOTHELIAL_CELL_DN	0.2346842772552242			
GSE13547_WT_VS_ZFX_KO_BCELL_DN	0.23466521632251003			
FARMER_BREAST_CANCER_CLUSTER_8	0.2346616170173255			
GO_NEGATIVE_REGULATION_OF_MACROAUTOPHAGY	0.23464251980588557			
GO_ENDOPLASMIC_RETICULUM_TUBULAR_NETWORK_ORGANIZATION	0.23462478754050847			
FOXC1_TARGET_GENES	0.23461412155905798			
GSE19888_ADENOSINE_A3R_INH_VS_ACT_WITH_INHIBITOR_PRETREATMENT_IN_MAST_CELL_DN	0.23461187559128138			
IPA_STAT3_UP	0.23459813570630447			
GO_REGULATION_OF_PROTEIN_STABILITY	0.23458226044645428			
GO_REGULATION_OF_LEUKOCYTE_MIGRATION	0.23455567913385308			
IPA_MED1_DN	0.23455416327192175			
GSE29618_PRE_VS_DAY7_FLU_VACCINE_MONOCYTE_UP	0.23454936131729043			
GSE8621_UNSTIM_VS_LPS_PRIMED_UNSTIM_MACROPHAGE_UP	0.2345439557834675			
ATF6_01	0.23453719134728956			
MIR4778_5P	0.23448469709818054			
CHIANG_LIVER_CANCER_SUBCLASS_UNANNOTATED_DN	0.23448040056068553			
MIR3657	0.2344803648813547			
MIR7114_5P	0.23445509227022227			
GSE17974_0H_VS_6H_IN_VITRO_ACT_CD4_TCELL_UP	0.23444162778367064			
ALTEMEIER_RESPONSE_TO_LPS_WITH_MECHANICAL_VENTILATION	0.23442239525682376			
GO_PHOSPHOLIPID_HOMEOSTASIS	0.23438625269905328			
GSE37416_0H_VS_48H_F_TULARENSIS_LVS_NEUTROPHIL_DN	0.23437425768207962			
TERT_TARGET_GENES	0.23435695584007415			
GSE46606_IRF4HIGH_VS_IRF4MID_CD40L_IL2_IL5_DAY3_STIMULATED_BCELL_DN	0.23435062250159194			
SENGUPTA_NASOPHARYNGEAL_CARCINOMA_WITH_LMP1_UP	0.2343315258860083			
PARK_APL_PATHOGENESIS_UP	0.23432710045413166			
REACTOME_EICOSANOIDS	0.23432030745561017			
GO_STRUCTURAL_CONSTITUENT_OF_POSTSYNAPSE	0.23431190761534193			
GO_POSITIVE_REGULATION_OF_GLUTAMATE_RECEPTOR_SIGNALING_PATHWAY	0.23430880336437332			
TGAATGT_MIR181A_MIR181B_MIR181C_MIR181D	0.2342976413573521			
GO_OLIGOPEPTIDE_BINDING	0.23428849155847184			
GSE3982_EOSINOPHIL_VS_TH2_UP	0.23427984965653345			
GO_CENTRAL_NERVOUS_SYSTEM_NEURON_DEVELOPMENT	0.23427541876657393			
MEF2D_TARGET_GENES	0.23427419209688327			
GSE17721_CPG_VS_GARDIQUIMOD_24H_BMDC_DN	0.23418666811202327			
ZHENG_GLIOBLASTOMA_PLASTICITY_UP	0.2341799450006365			
GO_NEGATIVE_REGULATION_OF_PLATELET_AGGREGATION	0.2341788408031136			
GGARNTKYCCA_UNKNOWN	0.23417047866581064			
GSE360_CTRL_VS_L_DONOVANI_MAC_UP	0.2341674563607569			
JOSEPH_RESPONSE_TO_SODIUM_BUTYRATE_DN	0.23415672919342542			
GSE43955_TH0_VS_TGFB_IL6_IL23_TH17_ACT_CD4_TCELL_52H_UP	0.23413930331556917			
GSE3982_CTRL_VS_LPS_4H_MAC_DN	0.23409435358434003			
GSE43863_TFH_VS_LY6C_INT_CXCR5POS_EFFECTOR_CD4_TCELL_DN	0.2340918078877647			
GO_ORGANELLE_MEMBRANE_FUSION	0.2340904969104543			
MIR5582_5P	0.23408363016481237			
GO_FIBRINOGEN_COMPLEX	0.23408354440114787			
GO_SMOOTHENED_SIGNALING_PATHWAY	0.23408244781338844			
GSE22103_UNSTIM_VS_LPS_STIM_NEUTROPHIL_UP	0.2340806858461029			
chr5q23	0.23405857049020673			
GO_CYTOPLASMIC_PATTERN_RECOGNITION_RECEPTOR_SIGNALING_PATHWAY	0.2340573669796703			
GSE17721_0.5H_VS_8H_PAM3CSK4_BMDC_UP	0.2340494544050664			
GO_METANEPHRIC_GLOMERULUS_VASCULATURE_DEVELOPMENT	0.23404021391888918			
GO_CARD_DOMAIN_BINDING	0.2340301335652801			
GO_CHAPERONE_MEDIATED_PROTEIN_FOLDING	0.23402456487933396			
PID_TCR_CALCIUM_PATHWAY	0.23402176462210503			
IPA_REL_UP	0.2340060405771919			
IPA_TCF7L1_DN	0.2340005065926647			
GSE17721_LPS_VS_PAM3CSK4_4H_BMDC_UP	0.23399420957049286			
GO_REGULATION_OF_NEUROTRANSMITTER_UPTAKE	0.23395560373426497			
FONTAINE_FOLLICULAR_THYROID_ADENOMA_DN	0.2339426226080954			
GO_HORMONE_TRANSPORT	0.23392743644788233			
HOLLEMAN_PREDNISOLONE_RESISTANCE_ALL_DN	0.23391389351660882			
MIR6849_3P	0.23389573335284186			
GO_CELL_CELL_ADHESION_INVOLVED_IN_GASTRULATION	0.23383580613462635			
MIR4760_5P	0.23382996124808705			
GSE37533_UNTREATED_VS_PIOGLIZATONE_TREATED_CD4_TCELL_PPARG1_AND_FOXP3_TRASDUCED_DN	0.23382820127656995			
ID1_TARGET_GENES	0.23381545479753638			
IPA_SNAI1_DN	0.2337891667183231			
GO_GAP_JUNCTION_HEMI_CHANNEL_ACTIVITY	0.23378512568150175			
GSE26488_WT_VS_HDAC7_KO_DOUBLE_POSITIVE_THYMOCYTE_DN	0.2337463077836022			
GO_NEGATIVE_REGULATION_OF_CYTOKINE_SECRETION	0.23372898702708192			
GO_NEGATIVE_REGULATION_OF_MACROPHAGE_APOPTOTIC_PROCESS	0.23372376934887112			
GSE36891_UNSTIM_VS_POLYIC_TLR3_STIM_PERITONEAL_MACROPHAGE_DN	0.23370523963289258			
GSE17721_LPS_VS_PAM3CSK4_24H_BMDC_DN	0.23370437935294677			
GO_NEUTROPHIL_EXTRAVASATION	0.2336959185959074			
REACTOME_UCH_PROTEINASES	0.23367073174927994			
GO_BIOTIN_METABOLIC_PROCESS	0.2336679765534608			
PCBP2_TARGET_GENES	0.23365951661134235			
GO_SENSORY_PERCEPTION_OF_UMAMI_TASTE	0.23365124684589408			
GO_RECEPTOR_TRANSACTIVATION	0.23364187996424998			
GO_HEPARIN_METABOLIC_PROCESS	0.2336308619136997			
MTOR_UP.N4.V1_UP	0.2336247089702092			
MIR4284	0.23359787706831248			
ZBTB18_TARGET_GENES	0.2335914924867378			
GSE37301_HEMATOPOIETIC_STEM_CELL_VS_MULTIPOTENT_PROGENITOR_DN	0.2335573664323099			
GO_MODULATION_BY_VIRUS_OF_HOST_CELLULAR_PROCESS	0.23350781512558558			
GSE17721_POLYIC_VS_GARDIQUIMOD_12H_BMDC_DN	0.23350738551935862			
MIR432_3P	0.23350515695757965			
GSE28737_WT_VS_BCL6_HET_MARGINAL_ZONE_BCELL_DN	0.2334943598892514			
KEGG_DORSO_VENTRAL_AXIS_FORMATION	0.23347084238702445			
GSE40277_GATA1_AND_SATB1_TRANSDUCED_VS_CTRL_CD4_TCELL_DN	0.23345975230428537			
ID2_TARGET_GENES	0.23345960622929693			
GO_OVULATION	0.23344878738345146			
GO_NEGATIVE_REGULATION_OF_STRIATED_MUSCLE_CELL_APOPTOTIC_PROCESS	0.23343956457920473			
GO_P38MAPK_CASCADE	0.2334198328036806			
GSE24142_ADULT_VS_FETAL_EARLY_THYMIC_PROGENITOR_UP	0.23341799257700288			
MIR3666	0.2334066978303636			
GO_RESPONSE_TO_ARSENIC_CONTAINING_SUBSTANCE	0.23340369890919807			
IPA_HOXC9_DN	0.23338535609019204			
GO_NEGATIVE_REGULATION_OF_AMYLOID_BETA_FORMATION	0.23338314917111094			
IPA_RELB_DN	0.23338296518694945			
MIR6886_3P	0.233379659362892			
GO_REGULATION_OF_POTASSIUM_ION_IMPORT	0.23336584599230928			
GO_SEQUESTERING_OF_METAL_ION	0.23335799095967852			
GSE22886_NEUTROPHIL_VS_MONOCYTE_DN	0.23335046914336685			
IPA_TCEB1_DN	0.23332271372592112			
IPA_PEG3_DN	0.23332271372592112			
IPA_ATF6B_DN	0.23332271372592112			
GSE19888_NO_PRETREAT_VS_ADENOSINE_A3R_INHIBITOR_PRETREATED_MAST_CELL_TCELL_MEMBRANES_ACT_UP	0.23331135990424856			
GO_CELL_COMMUNICATION_BY_ELECTRICAL_COUPLING_INVOLVED_IN_CARDIAC_CONDUCTION	0.23331016507493813			
GO_GUANYL_NUCLEOTIDE_BINDING	0.23330917086651987			
ANASTASSIOU_MULTICANCER_INVASIVENESS_SIGNATURE	0.23327186177509474			
GSE41176_UNSTIM_VS_ANTI_IGM_STIM_BCELL_24H_DN	0.2332137467872318			
GO_LENS_FIBER_CELL_DEVELOPMENT	0.23321192831567808			
GSE5589_WT_VS_IL6_KO_LPS_STIM_MACROPHAGE_180MIN_UP	0.23316053483208918			
GO_TRIGLYCERIDE_METABOLIC_PROCESS	0.23316035668159324			
GSE42724_MEMORY_BCELL_VS_PLASMABLAST_UP	0.23312685101864636			
GSE23321_CD8_STEM_CELL_MEMORY_VS_EFFECTOR_MEMORY_CD8_TCELL_DN	0.2331117870270931			
GO_ETHANOL_METABOLIC_PROCESS	0.2331016192181487			
GSE17721_CTRL_VS_GARDIQUIMOD_1H_BMDC_UP	0.23309902178453074			
GSE36392_EOSINOPHIL_VS_MAC_IL25_TREATED_LUNG_UP	0.23306770499462634			
REACTOME_INTERLEUKIN_6_FAMILY_SIGNALING	0.2330635148892265			
IPA_PITX2_UP	0.23305609370474895			
GO_SMALL_MOLECULE_BIOSYNTHETIC_PROCESS	0.2330329781649176			
BIOCARTA_DSP_PATHWAY	0.23302597051296137			
GO_DORSAL_ROOT_GANGLION_DEVELOPMENT	0.23302097454380152			
LEIN_LOCALIZED_TO_DISTAL_AND_PROXIMAL_DENDRITES	0.23302096516442422			
GO_CELLULAR_LIPID_CATABOLIC_PROCESS	0.23300522222577846			
GSE37532_VISCERAL_ADIPOSE_TISSUE_VS_LN_DERIVED_TREG_CD4_TCELL_UP	0.23300234780876328			
IPA_IRF5_UP	0.2329955352672985			
CASTELLANO_HRAS_AND_NRAS_TARGETS_UP	0.23298727153952115			
GSE2770_IL12_AND_TGFB_ACT_VS_ACT_CD4_TCELL_48H_UP	0.23298152902555405			
GSE8835_CD4_VS_CD8_TCELL_CLL_PATIENT_DN	0.23296928815364765			
GO_MEMBRANE_REPOLARIZATION_DURING_ATRIAL_CARDIAC_MUSCLE_CELL_ACTION_POTENTIAL	0.23295906030867033			
GO_GOLGI_TO_VACUOLE_TRANSPORT	0.23294223230995922			
GO_THYROID_HORMONE_MEDIATED_SIGNALING_PATHWAY	0.23293630149216782			
GSE46242_TH1_VS_ANERGIC_TH1_CD4_TCELL_WITH_EGR2_DELETED_DN	0.23293137205519826			
GSE17721_POLYIC_VS_PAM3CSK4_6H_BMDC_UP	0.23292309664355618			
GSE3920_IFNA_VS_IFNG_TREATED_ENDOTHELIAL_CELL_DN	0.23291034404384275			
GSE2706_R848_VS_R848_AND_LPS_2H_STIM_DC_DN	0.23290888198335477			
BRN2_01	0.2329060690233608			
GO_STEREOCILIUM_TIP	0.23290481696522497			
WANG_CISPLATIN_RESPONSE_AND_XPC_UP	0.23289851627386768			
GSE17721_LPS_VS_PAM3CSK4_24H_BMDC_UP	0.23289136784814343			
LIAN_LIPA_TARGETS_6M	0.23287671374805038			
GO_REGULATION_OF_ANION_TRANSPORT	0.23285533613505002			
GSE7852_LN_VS_THYMUS_TREG_UP	0.23285464095909433			
GO_POSITIVE_REGULATION_OF_GLOMERULAR_MESANGIAL_CELL_PROLIFERATION	0.2328391905033072			
GO_NEGATIVE_REGULATION_OF_B_CELL_DIFFERENTIATION	0.23282772122455864			
REACTOME_NUCLEAR_EVENTS_KINASE_AND_TRANSCRIPTION_FACTOR_ACTIVATION	0.23282402736856025			
GO_MAINTENANCE_OF_PROTEIN_LOCATION_IN_NUCLEUS	0.23282382373017094			
GTACTGT_MIR101	0.23282369348592372			
KEGG_CELL_ADHESION_MOLECULES_CAMS	0.23281966694262476			
MIR5000_5P	0.23281676791886347			
MAZ_Q6	0.2328054429662719			
GSE20727_DNFB_ALLERGEN_VS_ROS_INH_AND_DNFB_ALLERGEN_TREATED_DC_UP	0.23279084755506063			
GO_CHORIO_ALLANTOIC_FUSION	0.23278680353777081			
GO_GANGLIOSIDE_CATABOLIC_PROCESS	0.23278085979037752			
GO_GLANDULAR_EPITHELIAL_CELL_DEVELOPMENT	0.23276708536678142			
GO_LUNG_SACCULE_DEVELOPMENT	0.2327592922616534			
GSE45365_WT_VS_IFNAR_KO_CD8A_DC_MCMV_INFECTION_DN	0.23273022975183313			
GO_PEPTIDE_HORMONE_SECRETION	0.2327241771605558			
GSE360_L_MAJOR_VS_M_TUBERCULOSIS_MAC_DN	0.2327211888033935			
MIR11399	0.23271957021212086			
REACTOME_SYNTHESIS_OF_LIPOXINS_LX	0.23270500397221539			
KRAS.LUNG.BREAST_UP.V1_UP	0.23267023275188922			
GSE43863_TFH_VS_LY6C_LOW_CXCR5NEG_EFFECTOR_CD4_TCELL_UP	0.23264075416857874			
GO_AMINE_METABOLIC_PROCESS	0.23263686275585882			
ZNF418_TARGET_GENES	0.23263466226959326			
GSE22886_NEUTROPHIL_VS_DC_DN	0.23263145601739924			
GSE2770_IL12_AND_TGFB_ACT_VS_ACT_CD4_TCELL_6H_DN	0.23262531435475203			
MIR4671_3P	0.23261039771677405			
REACTOME_TP53_REGULATES_TRANSCRIPTION_OF_SEVERAL_ADDITIONAL_CELL_DEATH_GENES_WHOSE_SPECIFIC_ROLES_IN_P53_DEPENDENT_APOPTOSIS_REMAIN_UNCERTAIN	0.23260718431532573			
ZNF7_TARGET_GENES	0.23260168484078594			
REACTOME_NEGATIVE_REGULATION_OF_MET_ACTIVITY	0.23259773620751859			
GO_NEGATIVE_REGULATION_OF_TRANSCRIPTION_BY_COMPETITIVE_PROMOTER_BINDING	0.23256004428054905			
chr14q23	0.23253748850081982			
GSE8921_UNSTIM_VS_TLR1_2_STIM_MONOCYTE_12H_DN	0.23253613402351514			
GSE1791_CTRL_VS_NEUROMEDINU_IN_T_CELL_LINE_6H_DN	0.2325138106019962			
GSE26890_CXCR1_NEG_VS_POS_EFFECTOR_CD8_TCELL_UP	0.23247267560793047			
GO_POSITIVE_REGULATION_OF_PROTEIN_MONOUBIQUITINATION	0.23246734044325598			
GO_REGULATION_OF_POTASSIUM_ION_TRANSPORT	0.23242781384491223			
YEMELYANOV_GR_TARGETS_DN	0.23241985254409162			
IPA_STAT3_DN	0.2324198305004814			
AGTGCGT_MIR521	0.2323729697555617			
FLOTHO_PEDIATRIC_ALL_THERAPY_RESPONSE_UP	0.23236769932300513			
GO_VENTRICULAR_SEPTUM_MORPHOGENESIS	0.23236048664069428			
GO_GLYCEROLIPID_METABOLIC_PROCESS	0.23235407424287635			
ZNF680_TARGET_GENES	0.23235142208093298			
MILI_PSEUDOPODIA	0.23234790170078487			
GSE13522_CTRL_VS_T_CRUZI_Y_STRAIN_INF_SKIN_129_MOUSE_DN	0.2323411173165213			
GSE3920_IFNB_VS_IFNG_TREATED_ENDOTHELIAL_CELL_UP	0.23233489222503786			
MATZUK_MALE_REPRODUCTION_SERTOLI	0.23232422737127398			
GSE40068_CXCR5NEG_BCL6NEG_CD4_TCELL_VS_CXCR5POS_BCL6NEG_TFH_UP	0.23231063039474734			
GSE27786_CD4_TCELL_VS_MONO_MAC_DN	0.2322833161257963			
GO_MAP_KINASE_KINASE_KINASE_ACTIVITY	0.23225648066131876			
MIR6515_3P	0.23225011578426766			
GSE7460_WT_VS_FOXP3_HET_ACT_TCONV_UP	0.23223031834465294			
GO_MAINTENANCE_OF_PROTEIN_LOCATION_IN_MITOCHONDRION	0.23221717312500037			
GO_REGULATION_OF_TRANSFERASE_ACTIVITY	0.23221241757736366			
IPA_STAT2_UP	0.23221159577207684			
GSE45365_WT_VS_IFNAR_KO_BCELL_MCMV_INFECTION_DN	0.23220326856088405			
REACTOME_ESTROGEN_STIMULATED_SIGNALING_THROUGH_PRKCZ	0.23218576732018775			
GSE3720_LPS_VS_PMA_STIM_VD2_GAMMADELTA_TCELL_DN	0.23217700086945936			
GSE19941_IL10_KO_VS_IL10_KO_AND_NFKBP50_KO_LPS_STIM_MACROPHAGE_UP	0.23217086210210078			
REACTOME_CALCITONIN_LIKE_LIGAND_RECEPTORS	0.23216210595508305			
GO_REGULATION_OF_CYTOKINE_SECRETION_INVOLVED_IN_IMMUNE_RESPONSE	0.23214932706701225			
GSE43955_TH0_VS_TGFB_IL6_IL23_TH17_ACT_CD4_TCELL_60H_DN	0.23213973362313906			
GO_MAINTENANCE_OF_GASTROINTESTINAL_EPITHELIUM	0.2321316588165183			
GSE22601_DOUBLE_NEGATIVE_VS_DOUBLE_POSITIVE_THYMOCYTE_UP	0.23212202159940767			
ZNF791_TARGET_GENES	0.2320997440594905			
RAO_BOUND_BY_SALL4_ISOFORM_B	0.23208607252001295			
IPA_FOSB_UP	0.23205092465571114			
GO_REGULATION_OF_OXIDATIVE_STRESS_INDUCED_CELL_DEATH	0.2320103228285746			
GO_TEMPERATURE_HOMEOSTASIS	0.23199540734928123			
GO_NEGATIVE_REGULATION_OF_PATHWAY_RESTRICTED_SMAD_PROTEIN_PHOSPHORYLATION	0.23197575739899373			
GSE36392_TYPE_2_MYELOID_VS_NEUTROPHIL_IL25_TREATED_LUNG_UP	0.23196863076299898			
GSE9006_HEALTHY_VS_TYPE_1_DIABETES_PBMC_4MONTH_POST_DX_UP	0.23196247913318505			
GSE5589_LPS_VS_LPS_AND_IL6_STIM_MACROPHAGE_45MIN_DN	0.23194806855859662			
ZNF224_TARGET_GENES	0.23191801847954596			
REACTOME_PINK_PARKIN_MEDIATED_MITOPHAGY	0.2319163117247797			
GSE28408_LY6G_POS_VS_NEG_DC_UP	0.23191138439426298			
GO_MYOSIN_COMPLEX	0.23190184893356833			
YAMANAKA_GLIOBLASTOMA_SURVIVAL_UP	0.23190014477555193			
GO_GOLGI_TO_LYSOSOME_TRANSPORT	0.23189475082337388			
EPPERT_HSC_R	0.23188381532768196			
GO_POSITIVE_REGULATION_OF_NUCLEOTIDE_BIOSYNTHETIC_PROCESS	0.23188128645360156			
BIOCARTA_NKCELLS_PATHWAY	0.23186712679627633			
MIR4427	0.23185539682305353			
GO_VITAMIN_K_METABOLIC_PROCESS	0.23183873191035456			
USF2_Q6	0.2318291775915934			
GSE3920_UNTREATED_VS_IFNA_TREATED_FIBROBLAST_DN	0.2318237476259149			
GO_REPLACEMENT_OSSIFICATION	0.2318219600330249			
GO_AMIDE_TRANSMEMBRANE_TRANSPORTER_ACTIVITY	0.2318209322223613			
GO_POSITIVE_REGULATION_OF_HEART_INDUCTION	0.23181942745879996			
REACTOME_RHO_GTPASES_ACTIVATE_KTN1	0.23180742197952364			
ZNF391_TARGET_GENES	0.23180246269175706			
IPA_HDAC1_UP	0.23180087898903198			
GO_POSITIVE_REGULATION_OF_GTPASE_ACTIVITY	0.23177743446241733			
MIR1914_5P	0.23177344892819046			
GSE17721_POLYIC_VS_CPG_24H_BMDC_UP	0.2317733491101163			
MIR142_5P	0.2317382869788254			
GSE18791_CTRL_VS_NEWCASTLE_VIRUS_DC_4H_DN	0.23173474984280576			
GO_DEVELOPMENTAL_MATURATION	0.23173065068026763			
IPA_CTCF_DN	0.2317135075474442			
GSE17721_0.5H_VS_24H_POLYIC_BMDC_DN	0.2317084857296608			
REACTOME_MISCELLANEOUS_SUBSTRATES	0.23167946503542175			
GSE14769_40MIN_VS_360MIN_LPS_BMDM_DN	0.23167051259251212			
MIR1178_3P	0.2316652701524139			
GO_ASCENDING_AORTA_DEVELOPMENT	0.23166304448981254			
GO_LIPID_TRANSFER_ACTIVITY	0.23163883589945627			
GO_SCHWANN_CELL_PROLIFERATION	0.23156570125590112			
GO_CARDIAC_CELL_FATE_COMMITMENT	0.23155991164607523			
MIR550B_3P	0.23154125462287556			
IIZUKA_LIVER_CANCER_PROGRESSION_L0_L1_UP	0.23151881193640383			
GO_PEROXISOME_FISSION	0.23151394958657381			
GO_TELENCEPHALON_DEVELOPMENT	0.23151146741806392			
GO_PYRIMIDINE_RIBONUCLEOSIDE_METABOLIC_PROCESS	0.23150458606997526			
MIR6793_3P	0.23149672173712973			
ZSCAN21_TARGET_GENES	0.23144505660213896			
GO_CYTOPLASMIC_PATTERN_RECOGNITION_RECEPTOR_SIGNALING_PATHWAY_IN_RESPONSE_TO_VIRUS	0.23144366871077524			
MIR4496	0.2314435259715421			
GO_CELLULAR_HYPEROSMOTIC_RESPONSE	0.23142792548416694			
GO_SOLUTE_PROTON_SYMPORTER_ACTIVITY	0.23142407595706338			
REACTOME_TRIGLYCERIDE_CATABOLISM	0.231419829612175			
REACTOME_SIGNALING_BY_NODAL	0.23139053715010582			
GO_INTERLEUKIN_1_BINDING	0.23138443221208438			
GSE17974_CTRL_VS_ACT_IL4_AND_ANTI_IL12_2H_CD4_TCELL_DN	0.23135442030110623			
BYSTRYKH_HEMATOPOIESIS_STEM_CELL_RUNX1	0.2313308477903798			
REACTOME_CYTOCHROME_C_MEDIATED_APOPTOTIC_RESPONSE	0.23132128022911735			
ZHAN_MULTIPLE_MYELOMA_DN	0.23131495854812778			
GO_RESPONSE_TO_STILBENOID	0.2313024859272912			
GSE7348_UNSTIM_VS_TOLERIZED_AND_LPS_STIM_MACROPHAGE_DN	0.2312883255039066			
GSE3982_BASOPHIL_VS_TH2_UP	0.23126946911807028			
GO_CARDIAC_MUSCLE_FIBER_DEVELOPMENT	0.23126922725751503			
RPA1_TARGET_GENES	0.2312455995615246			
IPA_LHX6_UP	0.23124395114932084			
GSE12845_NAIVE_VS_DARKZONE_GC_TONSIL_BCELL_UP	0.23123083142425158			
GO_F_ACTIN_CAPPING_PROTEIN_COMPLEX	0.23120723626219938			
GO_NEURAL_TUBE_PATTERNING	0.23120710699124578			
GO_DEATH_INDUCING_SIGNALING_COMPLEX_ASSEMBLY	0.23119657130395713			
MIR196A_5P_MIR196B_5P	0.2311850199516978			
HALLMARK_HEME_METABOLISM	0.2311840590808977			
XU_GH1_AUTOCRINE_TARGETS_UP	0.23118355401368804			
IPA_NR1D2_DN	0.2311746612832512			
IPA_NR1D1_DN	0.2311746612832512			
GSE29618_PRE_VS_DAY7_POST_TIV_FLU_VACCINE_MONOCYTE_DN	0.23117360668351752			
GO_BASEMENT_MEMBRANE_COLLAGEN_TRIMER	0.2311469584010732			
GO_VITAMIN_D_RECEPTOR_SIGNALING_PATHWAY	0.2311174596879128			
GO_REGULATION_OF_INTERLEUKIN_1_SECRETION	0.231104399490601			
GSE28726_NAIVE_VS_ACTIVATED_VA24NEG_NKTCELL_UP	0.2310931242548023			
MIR216A_3P	0.2310642924925415			
GO_POSITIVE_REGULATION_OF_OSTEOBLAST_PROLIFERATION	0.23103382495494085			
CAFFAREL_RESPONSE_TO_THC_8HR_3_UP	0.2310290167625576			
REACTOME_UPTAKE_AND_ACTIONS_OF_BACTERIAL_TOXINS	0.231023828364261			
GO_REGULATION_OF_GTPASE_ACTIVITY	0.23101600536574224			
GTCTACC_MIR379	0.23100990913385366			
PRDM5_TARGET_GENES	0.2309975006393921			
MIR2113	0.23098731609754936			
GSE16385_ROSIGLITAZONE_VS_UNTREATED_IFNG_TNF_STIM_MACROPHAGE_UP	0.23098432338870506			
GSE9960_GRAM_NEG_VS_GRAM_POS_SEPSIS_PBMC_UP	0.23097989899822532			
GSE6875_WT_VS_FOXP3_KO_TREG_DN	0.23097004218651457			
GSE11057_PBMC_VS_MEM_CD4_TCELL_UP	0.23096384413114607			
MCCABE_HOXC6_TARGETS_DN	0.23096053485522716			
GO_SPHERICAL_HIGH_DENSITY_LIPOPROTEIN_PARTICLE	0.230941180081534			
GO_NK_T_CELL_PROLIFERATION	0.2309353426267068			
GO_REGULATION_OF_SPHINGOLIPID_BIOSYNTHETIC_PROCESS	0.230931952440914			
CADWELL_ATG16L1_TARGETS_UP	0.23092506307020105			
MIR3944_5P	0.23091374654273553			
GSE22886_NAIVE_TCELL_VS_NKCELL_DN	0.2309019657472265			
PROVENZANI_METASTASIS_UP	0.23087042050094525			
ONDER_CDH1_TARGETS_2_UP	0.23086162730211			
MIR4710	0.23085234795652237			
GGCNKCCATNK_UNKNOWN	0.23085218257335516			
GO_DISRUPTION_OF_CELLS_OF_OTHER_ORGANISM_INVOLVED_IN_SYMBIOTIC_INTERACTION	0.2308515309475876			
GO_REGULATION_OF_HYDROGEN_PEROXIDE_MEDIATED_PROGRAMMED_CELL_DEATH	0.23085050143355534			
chr14q13	0.23085001027433433			
GO_NEGATIVE_REGULATION_OF_AXONOGENESIS	0.23084071748855908			
MIR648	0.23083370138491666			
chr2q14	0.2308324659213169			
NCOA2_TARGET_GENES	0.2308219747092275			
GO_CHOLINE_METABOLIC_PROCESS	0.23081196206506505			
REACTOME_TICAM1_RIP1_MEDIATED_IKK_COMPLEX_RECRUITMENT	0.2307770494896234			
GSE6674_UNSTIM_VS_ANTI_IGM_STIM_BCELL_UP	0.23076016205501698			
IPA_KDM5B_DN	0.23071765151090445			
REACTOME_ACYL_CHAIN_REMODELLING_OF_PC	0.23071147544580248			
GSE17974_CTRL_VS_ACT_IL4_AND_ANTI_IL12_6H_CD4_TCELL_UP	0.23065142278183393			
GO_INTERLEUKIN_27_MEDIATED_SIGNALING_PATHWAY	0.23064466694837343			
IPA_SRF_UP	0.2306414520755932			
REACTOME_ANTIMICROBIAL_PEPTIDES	0.23063052058343841			
REACTOME_TNF_SIGNALING	0.2306008758198855			
YAMANAKA_GLIOBLASTOMA_SURVIVAL_DN	0.2306003151657117			
GO_POSITIVE_REGULATION_OF_NITRIC_OXIDE_METABOLIC_PROCESS	0.23059763065380795			
GO_POSITIVE_REGULATION_OF_PEPTIDYL_LYSINE_ACETYLATION	0.23059509400476094			
PAX_Q6	0.23057331662462655			
MIR154_3P	0.230571489041916			
GSE27786_LIN_NEG_VS_NEUTROPHIL_DN	0.2305631568525578			
MIR4762_5P	0.2305481940389369			
GO_BASAL_DENDRITE	0.23053721908477057			
IPA_RFX5_UP	0.23051569181693998			
GO_FEEDING_BEHAVIOR	0.23051083389438465			
GO_PEPTIDYL_THREONINE_DEPHOSPHORYLATION	0.23050917341136803			
REACTOME_RIPK1_MEDIATED_REGULATED_NECROSIS	0.2304859795652367			
GO_PERIPHERAL_NERVOUS_SYSTEM_MYELIN_MAINTENANCE	0.230483492166864			
MIR183_5P	0.23047830966114555			
ROSS_AML_WITH_CBFB_MYH11_FUSION	0.2304651278233664			
REACTOME_NRCAM_INTERACTIONS	0.23044519952629572			
GO_TRANSCRIPTION_COFACTOR_BINDING	0.23044179527280859			
GO_CHOLINE_CATABOLIC_PROCESS	0.2304164843626664			
MIR130B_3P	0.2304155552915438			
IPA_DLX2_UP	0.23041042895720715			
chr9p23	0.23036292449603665			
NFAT_Q4_01	0.23034192875023995			
IVANOVA_HEMATOPOIESIS_INTERMEDIATE_PROGENITOR	0.23033515839757338			
MIR4326	0.23032541602169074			
chr17p12	0.23030780265021406			
GO_ATPASE_COUPLED_AMIDE_TRANSPORTER_ACTIVITY	0.2302905515371548			
GO_PROTEIN_GLUTAMINE_GAMMA_GLUTAMYLTRANSFERASE_ACTIVITY	0.2302800666880615			
GO_DIPEPTIDE_TRANSMEMBRANE_TRANSPORT	0.23027245363206741			
GO_CELLULAR_POTASSIUM_ION_HOMEOSTASIS	0.23027140202519422			
GSE5455_HEALTHY_VS_TUMOR_BEARING_MOUSE_SPLEEN_MONOCYTE_24H_INCUBATION_DN	0.23024703055200374			
GO_NEGATIVE_REGULATION_OF_TUBULIN_DEACETYLATION	0.23023221143948466			
IPA_SCXA_DN	0.23022622548437716			
REACTOME_SCAVENGING_BY_CLASS_A_RECEPTORS	0.2302211677614165			
GO_CELLULAR_RESPONSE_TO_OXYGEN_RADICAL	0.2302120403075174			
GO_CHAPERONE_COFACTOR_DEPENDENT_PROTEIN_REFOLDING	0.23021065365035467			
GSE14769_UNSTIM_VS_240MIN_LPS_BMDM_DN	0.23019729766276073			
GO_POSITIVE_REGULATION_OF_MICROTUBULE_MOTOR_ACTIVITY	0.23018817377812847			
MIR5697	0.23016706810452892			
DBP_TARGET_GENES	0.23016469697929662			
IPA_HMGA2_UP	0.2301580873080083			
GSE17721_12H_VS_24H_CPG_BMDC_DN	0.23015590308311001			
CHEN_METABOLIC_SYNDROM_NETWORK	0.2301415651856492			
GO_CELLULAR_RESPONSE_TO_SALT_STRESS	0.2301350565971366			
GO_GAMMA_AMINOBUTYRIC_ACID_TRANSPORT	0.23012537907954383			
GSE13485_DAY1_VS_DAY7_YF17D_VACCINE_PBMC_UP	0.2301169236925776			
GSE10273_LOW_IL7_VS_HIGH_IL7_AND_IRF4_IN_IRF4_8_NULL_PRE_BCELL_DN	0.23011257385584977			
GO_TETRAHYDROBIOPTERIN_METABOLIC_PROCESS	0.23011242519385666			
MIR202_5P	0.23009287246765245			
MIR6865_5P	0.23008803190863147			
GO_POSITIVE_REGULATION_OF_PROTEIN_LOCALIZATION_TO_CELL_CORTEX	0.23005743982025748			
GO_NEGATIVE_REGULATION_OF_LEUKOCYTE_CHEMOTAXIS	0.2300478257108286			
GO_STEROL_METABOLIC_PROCESS	0.23004143092435925			
GO_CARBOHYDRATE_TRANSMEMBRANE_TRANSPORTER_ACTIVITY	0.23004070657894266			
GSE1112_HY_CD8AB_VS_HY_CD8AA_THYMOCYTE_RTOC_CULTURE_UP	0.2300388858703086			
GO_REGULATION_OF_ENDOCYTIC_RECYCLING	0.2300337409864734			
GSE42724_MEMORY_VS_B1_BCELL_DN	0.23002985290648026			
GSE40068_BCL6_POS_VS_NEG_CXCR5_POS_TFH_UP	0.23002119039248714			
GO_PROTEIN_LOCALIZATION_TO_CILIARY_TRANSITION_ZONE	0.230018321739468			
MIR4712_3P	0.23001017994390816			
MORC2_TARGET_GENES	0.23000999659122137			
MIR6819_3P	0.23000904032386776			
GO_PROTON_TRANSPORTING_V_TYPE_ATPASE_COMPLEX	0.23000198065383162			
MIR6777_5P	0.22999158008606593			
HASLINGER_B_CLL_WITH_6Q21_DELETION	0.2299835571669554			
MIR9903	0.2299823672795488			
MIR4703_5P	0.2299723933032874			
PEPPER_CHRONIC_LYMPHOCYTIC_LEUKEMIA_DN	0.22989226852813494			
MIR4442	0.22989142329822265			
GO_REPLICATIVE_CELL_AGING	0.22987208794671724			
AMUNDSON_DNA_DAMAGE_RESPONSE_TP53	0.22985756418778097			
GSE19888_ADENOSINE_A3R_INH_VS_TCELL_MEMBRANES_ACT_MAST_CELL_UP	0.22985718631243335			
GSE40685_TREG_VS_FOXP3_KO_TREG_PRECURSOR_UP	0.22984507743622684			
YAGI_AML_WITH_T_8_21_TRANSLOCATION	0.22983136522495118			
GO_ETHER_METABOLIC_PROCESS	0.2298288196694144			
GO_POSITIVE_REGULATION_OF_PEPTIDYL_SERINE_PHOSPHORYLATION	0.22981684387023857			
GO_CALCINEURIN_MEDIATED_SIGNALING	0.2298163615394991			
GSE45365_CTRL_VS_MCMV_INFECTION_NK_CELL_DN	0.22981173929471643			
REACTOME_N_GLYCAN_ANTENNAE_ELONGATION	0.22979292684043012			
GO_ANTIGEN_PROCESSING_AND_PRESENTATION_OF_EXOGENOUS_PEPTIDE_ANTIGEN_VIA_MHC_CLASS_I_TAP_INDEPENDENT	0.2297921627683974			
GSE29949_CD8_NEG_DC_SPLEEN_VS_MONOCYTE_BONE_MARROW_DN	0.22978186632009953			
ZHANG_GATA6_TARGETS_DN	0.22977876171608821			
IPA_ESRRB_UP	0.22976343472643881			
GSE15735_2H_VS_12H_HDAC_INHIBITOR_TREATED_CD4_TCELL_UP	0.22975196001385131			
GO_POSITIVE_REGULATION_OF_HEPATOCYTE_PROLIFERATION	0.22972457103888294			
FOURNIER_ACINAR_DEVELOPMENT_LATE_UP	0.22971585598788766			
GSE17721_CTRL_VS_CPG_4H_BMDC_DN	0.22969815568284196			
MIR3665	0.22966186402838426			
GO_REGULATION_OF_LIPID_TRANSPORTER_ACTIVITY	0.22965763176982013			
KUWANO_RNA_STABILIZED_BY_NO	0.22964906329368476			
GSE17721_12H_VS_24H_GARDIQUIMOD_BMDC_UP	0.22964705284766682			
GSE29618_LAIV_VS_TIV_FLU_VACCINE_DAY7_PDC_DN	0.22963746498192164			
GSE17974_IL4_AND_ANTI_IL12_VS_UNTREATED_12H_ACT_CD4_TCELL_DN	0.22962547752961163			
KYNG_DNA_DAMAGE_BY_UV	0.22961625871470046			
REACTOME_METABOLISM_OF_COFACTORS	0.22959780829438978			
HNF1_C	0.22959397335319026			
GSE3039_B2_VS_B1_BCELL_DN	0.22958184940915258			
GO_LYTIC_VACUOLE_ORGANIZATION	0.22956215219286377			
GO_STEROID_HYDROXYLASE_ACTIVITY	0.22954157507537354			
GSE46242_TH1_VS_ANERGIC_TH1_CD4_TCELL_WITH_EGR2_DELETED_UP	0.22953025424307874			
KAAB_FAILED_HEART_ATRIUM_UP	0.22951438161253152			
MIR15B_3P	0.2295111038416075			
SOX3_TARGET_GENES	0.22949644634861557			
GO_REGULATION_OF_LIPOPHAGY	0.2294739478257685			
ROSS_AML_WITH_PML_RARA_FUSION	0.22946022116754275			
GO_NEGATIVE_REGULATION_OF_TRANSPORTER_ACTIVITY	0.22945648206101152			
GSE9960_GRAM_POS_VS_GRAM_NEG_AND_POS_SEPSIS_PBMC_UP	0.22945545166879877			
BIOCARTA_KERATINOCYTE_PATHWAY	0.22945059374656981			
GSE41867_DAY8_VS_DAY15_LCMV_CLONE13_EFFECTOR_CD8_TCELL_DN	0.22943940325487966			
LEE_LIVER_CANCER_MYC_E2F1_DN	0.22942658668328889			
GO_CHEMOKINE_ACTIVITY	0.22941976739204856			
GSE18281_SUBCAPSULAR_VS_PERIMEDULLARY_CORTICAL_REGION_OF_THYMUS_UP	0.2294096700939077			
GO_GROWTH_FACTOR_COMPLEX	0.22939647533774818			
GSE16385_ROSIGLITAZONE_IFNG_TNF_VS_IL4_STIM_MACROPHAGE_UP	0.22937921836317526			
GO_ESTABLISHMENT_OF_EPITHELIAL_CELL_APICAL_BASAL_POLARITY	0.22935298021239134			
GATA2_01	0.2293475692395545			
ZNF544_TARGET_GENES	0.2293410271772118			
GO_SEQUESTERING_OF_TRIGLYCERIDE	0.2293327169021903			
TESAR_ALK_TARGETS_EPISC_4D_UP	0.22932238833182592			
GSE17721_4_VS_24H_GARDIQUIMOD_BMDC_UP	0.229271175021065			
MIR298	0.22926367438496373			
GO_MESANGIAL_CELL_DEVELOPMENT	0.2292534061621083			
GO_PARTURITION	0.22924882510340341			
GO_CELL_MIGRATION_INVOLVED_IN_KIDNEY_DEVELOPMENT	0.22924554901817543			
GO_LBD_DOMAIN_BINDING	0.22923514866761094			
GO_REGULATION_OF_TRANSLATION_IN_RESPONSE_TO_ENDOPLASMIC_RETICULUM_STRESS	0.22922511397157894			
BIOCARTA_NTHI_PATHWAY	0.22922334131256442			
MIR376A_2_5P	0.22920797425084716			
GO_MUSCLE_ORGAN_MORPHOGENESIS	0.22918617749439013			
GO_REGULATION_OF_THYMOCYTE_APOPTOTIC_PROCESS	0.229183073467426			
GO_REGULATION_OF_STEROID_METABOLIC_PROCESS	0.2291757667244147			
KEGG_GLYCOSAMINOGLYCAN_BIOSYNTHESIS_CHONDROITIN_SULFATE	0.229170180795627			
IVANOVA_HEMATOPOIESIS_STEM_CELL_AND_PROGENITOR	0.22913543490475582			
GSE19941_LPS_VS_LPS_AND_IL10_STIM_IL10_KO_NFKBP50_KO_MACROPHAGE_UP	0.22912579576447673			
REACTOME_ACTIVATION_OF_RAC1_DOWNSTREAM_OF_NMDARS	0.2291167034389636			
GO_APOLIPOPROTEIN_BINDING	0.22910258703731745			
chrXq22	0.22910221667615144			
GSE17721_ALL_VS_24H_PAM3CSK4_BMDC_UP	0.22906705199654773			
ELVIDGE_HIF2A_TARGETS_UP	0.22905230176796795			
ZNF561_TARGET_GENES	0.22905057826346345			
GO_VENTRICULAR_SEPTUM_DEVELOPMENT	0.22904694772946702			
ZNF529_TARGET_GENES	0.22904613006151509			
GO_CAMP_METABOLIC_PROCESS	0.22904012833747112			
MIR3186_5P	0.22903177775897904			
IPA_YWHAZ_DN	0.2290203588939374			
RIZKI_TUMOR_INVASIVENESS_3D_DN	0.22900328965227607			
REACTOME_PEPTIDE_LIGAND_BINDING_RECEPTORS	0.2290004590241653			
GO_MHC_CLASS_I_PROTEIN_COMPLEX	0.22898476134650975			
CEBALLOS_TARGETS_OF_TP53_AND_MYC_DN	0.22898297171934864			
GSE27786_LIN_NEG_VS_MONO_MAC_DN	0.22898231198777702			
GSE1740_MCSF_VS_MCSF_AND_IFNG_DAY2_DERIVED_MACROPHAGE_DN	0.22897108870786279			
GO_POSITIVE_REGULATION_OF_ENDOTHELIAL_CELL_APOPTOTIC_PROCESS	0.22897062720061712			
NIKOLSKY_BREAST_CANCER_8Q23_Q24_AMPLICON	0.22897050595976376			
GSE8835_HEALTHY_VS_CLL_CD8_TCELL_UP	0.22895524596601594			
GO_POSITIVE_REGULATION_OF_EXTRINSIC_APOPTOTIC_SIGNALING_PATHWAY_VIA_DEATH_DOMAIN_RECEPTORS	0.2289448631116864			
KEGG_FOLATE_BIOSYNTHESIS	0.2289273847944851			
REACTOME_PTK6_REGULATES_RTKS_AND_THEIR_EFFECTORS_AKT1_AND_DOK1	0.2288717268602722			
MIR6871_3P	0.22887028703465775			
BIOCARTA_ARAP_PATHWAY	0.2288424252834897			
GO_UBIQUITIN_SPECIFIC_PROTEASE_BINDING	0.22884214206922218			
GO_REGULATION_OF_TYPE_2_IMMUNE_RESPONSE	0.228837591339918			
MIR1912_5P	0.2288104787124147			
GO_TRANSCRIPTION_COACTIVATOR_BINDING	0.22879104909997577			
MIR6081	0.22878884407759675			
GO_NITRIC_OXIDE_SYNTHASE_BIOSYNTHETIC_PROCESS	0.22876003010246035			
GO_RETINOIC_ACID_BINDING	0.22875909637501377			
MATZUK_OVULATION	0.2287521976441222			
GSE45365_NK_CELL_VS_CD8A_DC_MCMV_INFECTION_UP	0.2287407240221921			
MIR6883_5P	0.22873142224209517			
GSE7568_CTRL_VS_3H_TGFB_TREATED_MACROPHAGES_WITH_IL4_AND_DEXAMETHASONE_UP	0.22872523471581352			
GO_LATERAL_SPROUTING_FROM_AN_EPITHELIUM	0.22871336054432437			
GO_NEGATIVE_REGULATION_OF_MITOCHONDRIAL_FUSION	0.22870137082567474			
GSE37301_COMMON_LYMPHOID_PROGENITOR_VS_CD4_TCELL_UP	0.2286972926405376			
PID_REELIN_PATHWAY	0.22867726552940468			
GSE17721_CTRL_VS_POLYIC_1H_BMDC_DN	0.22867513445920196			
GSE36078_UNTREATED_VS_AD5_T425A_HEXON_INF_MOUSE_LUNG_DC_UP	0.22866910350693165			
GHANDHI_BYSTANDER_IRRADIATION_DN	0.22865925031623371			
MYLLYKANGAS_AMPLIFICATION_HOT_SPOT_12	0.22864937366073124			
GSE6259_DEC205_POS_DC_VS_BCELL_UP	0.2286467505037655			
REACTOME_GOLGI_CISTERNAE_PERICENTRIOLAR_STACK_REORGANIZATION	0.22863702488753754			
IPA_YAP1_UP	0.22863564357312663			
MIKKELSEN_MCV6_LCP_WITH_H3K4ME3	0.2286264624605937			
GO_CARDIAC_CELL_DEVELOPMENT	0.2286236763262007			
LIANG_HEMATOPOIESIS_STEM_CELL_NUMBER_QTL	0.22861750229087435			
GO_GLUTATHIONE_DISULFIDE_OXIDOREDUCTASE_ACTIVITY	0.22861412654994828			
MIR5584_5P	0.22859921131640257			
GSE17721_PAM3CSK4_VS_CPG_8H_BMDC_DN	0.22857827827004784			
GO_REGULATION_OF_SMOOTHENED_SIGNALING_PATHWAY	0.22856610725110207			
GSE2770_UNTREATED_VS_ACT_CD4_TCELL_6H_DN	0.22856610168999456			
GSE25087_FETAL_VS_ADULT_TCONV_UP	0.22855832764662767			
GO_SMALL_MOLECULE_CATABOLIC_PROCESS	0.2285370865823984			
REACTOME_BETA_OXIDATION_OF_HEXANOYL_COA_TO_BUTANOYL_COA	0.22853290548213745			
REACTOME_MUCOPOLYSACCHARIDOSES	0.22853221350404473			
GSE1740_UNSTIM_VS_IFNA_STIMULATED_MCSF_DERIVED_MACROPHAGE_DN	0.22844437945383297			
GO_CARBOHYDRATE_BINDING	0.2284420686344042			
GSE22886_DAY1_VS_DAY7_MONOCYTE_IN_CULTURE_UP	0.22844084676205814			
IPA_NFKB1_UP	0.22843314019530342			
GSE21063_CTRL_VS_ANTI_IGM_STIM_BCELL_8H_UP	0.22842028153787267			
KEGG_LEUKOCYTE_TRANSENDOTHELIAL_MIGRATION	0.22841353953368843			
GSE17186_NAIVE_VS_CD21HIGH_TRANSITIONAL_BCELL_UP	0.22839583756836146			
REACTOME_CHYLOMICRON_CLEARANCE	0.2283564726544349			
REACTOME_TNFR1_INDUCED_PROAPOPTOTIC_SIGNALING	0.22835437676510692			
GO_GLYCOSYLCERAMIDE_BIOSYNTHETIC_PROCESS	0.22831139373720352			
BONOME_OVARIAN_CANCER_POOR_SURVIVAL_UP	0.22831088811080832			
GALI_TP53_TARGETS_APOPTOTIC_UP	0.22829092123153272			
GSE22935_UNSTIM_VS_48H_MBOVIS_BCG_STIM_MYD88_KO_MACROPHAGE_DN	0.2282901402174401			
REACTOME_SCAVENGING_BY_CLASS_B_RECEPTORS	0.22827923501316688			
NIKOLSKY_BREAST_CANCER_20Q12_Q13_AMPLICON	0.22826209181487464			
COBLL1_TARGET_GENES	0.2282541016951109			
GSE39556_UNTREATED_VS_3H_POLYIC_INJ_MOUSE_CD8A_DC_DN	0.22822684527006054			
REACTOME_NONCANONICAL_ACTIVATION_OF_NOTCH3	0.22815580286668596			
MIR6785_5P	0.22815329461063016			
GSE39820_CTRL_VS_TGFBETA3_IL6_IL23A_CD4_TCELL_DN	0.22815094881009765			
ALX4_TARGET_GENES	0.22814502210408594			
GSE40274_CTRL_VS_FOXP3_TRANSDUCED_ACTIVATED_CD4_TCELL_DN	0.22813814024926476			
GO_ADHERENS_JUNCTION_ASSEMBLY	0.2280946558005222			
IPA_HIST2H4B_DN	0.22808437128095146			
IPA_HIST1H4H_DN	0.22808437128095146			
IPA_HIST1H4A_DN	0.22808437128095146			
IPA_HIST1H4I_DN	0.22808437128095146			
IPA_HIST1H4J_DN	0.22808437128095146			
IPA_HIST1H4E_DN	0.22808437128095146			
IPA_HIST4H4_DN	0.22808437128095146			
IPA_HIST1H4F_DN	0.22808437128095146			
IPA_HIST1H4D_DN	0.22808437128095146			
IPA_HIST2H4A_DN	0.22808437128095146			
IPA_HIST1H4L_DN	0.22808437128095146			
IPA_HIST1H4C_DN	0.22808437128095146			
GO_FATTY_ACID_ALPHA_OXIDATION	0.22803301609612878			
VANDESLUIS_COMMD1_TARGETS_GROUP_3_DN	0.22798534546297805			
IPA_MAFB_UP	0.2279764857242021			
DING_LUNG_CANCER_MUTATED_RECURRENTLY	0.22796702521280268			
REACTOME_PLASMA_LIPOPROTEIN_REMODELING	0.22796518361535742			
IGLESIAS_E2F_TARGETS_DN	0.22795915021620958			
GSE360_LOW_DOSE_B_MALAYI_VS_M_TUBERCULOSIS_MAC_UP	0.22794595334160822			
GO_RESPONSE_TO_ZINC_ION	0.22792681231642772			
GO_RESPONSE_TO_INTERFERON_ALPHA	0.22792454233153894			
GO_NEGATIVE_REGULATION_OF_GONADOTROPIN_SECRETION	0.2279220634723952			
GO_NEGATIVE_REGULATION_OF_RECEPTOR_INTERNALIZATION	0.22789436000737717			
MIR6804_3P	0.227892933627876			
GO_REGULATION_OF_ASPARTIC_TYPE_ENDOPEPTIDASE_ACTIVITY_INVOLVED_IN_AMYLOID_PRECURSOR_PROTEIN_CATABOLIC_PROCESS	0.22789241770134575			
KEGG_GAP_JUNCTION	0.2278649644403279			
BROWNE_HCMV_INFECTION_12HR_DN	0.22785993885080139			
REACTOME_RUNX1_REGULATES_EXPRESSION_OF_COMPONENTS_OF_TIGHT_JUNCTIONS	0.22785590201337969			
chr16q13	0.22784431196653754			
GO_REGULATION_OF_DEACETYLASE_ACTIVITY	0.22783622479520554			
KANG_IMMORTALIZED_BY_TERT_DN	0.22777966237352568			
REACTOME_PHOSPHORYLATION_SITE_MUTANTS_OF_CTNNB1_ARE_NOT_TARGETED_TO_THE_PROTEASOME_BY_THE_DESTRUCTION_COMPLEX	0.22776518881043448			
GSE18791_CTRL_VS_NEWCASTLE_VIRUS_DC_12H_DN	0.22776180330208518			
GSE2770_IL12_VS_TGFB_AND_IL12_TREATED_ACT_CD4_TCELL_48H_UP	0.22776168891799903			
MIR3161	0.22776041322887258			
HALLMARK_MTORC1_SIGNALING	0.22775547603833762			
MIR6893_5P	0.22774705497821446			
MIR4295	0.22773373893803078			
GO_UBIQUINONE_BINDING	0.22772755730598912			
REACTOME_NUCLEOTIDE_BINDING_DOMAIN_LEUCINE_RICH_REPEAT_CONTAINING_RECEPTOR_NLR_SIGNALING_PATHWAYS	0.2277236931796272			
GSE26030_TH1_VS_TH17_DAY15_POST_POLARIZATION_DN	0.22771026297217348			
GSE13484_3H_UNSTIM_VS_YF17D_VACCINE_STIM_PBMC_DN	0.22767976403955378			
IPA_PAX9_UP	0.227661767010246			
GREENBAUM_E2A_TARGETS_UP	0.2276436308396849			
GO_NEGATIVE_REGULATION_OF_HYDROGEN_PEROXIDE_MEDIATED_PROGRAMMED_CELL_DEATH	0.22764108976867417			
GSE17721_LPS_VS_CPG_16H_BMDC_UP	0.2276396811053327			
KIM_TIAL1_TARGETS	0.22763496510354064			
GO_REGULATION_OF_MITOCHONDRIAL_ATP_SYNTHESIS_COUPLED_ELECTRON_TRANSPORT	0.22762721421245508			
REACTOME_ACYL_CHAIN_REMODELING_OF_CL	0.22761784872275184			
chrXq23	0.22759268184138934			
GO_POSITIVE_REGULATION_OF_CALCINEURIN_MEDIATED_SIGNALING	0.22758263376048704			
GO_NEGATIVE_REGULATION_OF_CYSTEINE_TYPE_ENDOPEPTIDASE_ACTIVITY_INVOLVED_IN_APOPTOTIC_SIGNALING_PATHWAY	0.2275668794666511			
GSE19941_IL10_KO_VS_IL10_KO_AND_NFKBP50_KO_UNSTIM_MACROPHAGE_UP	0.22756233266928325			
GO_RELAXATION_OF_MUSCLE	0.22753762640947556			
GO_NEGATIVE_REGULATION_OF_RETINOIC_ACID_RECEPTOR_SIGNALING_PATHWAY	0.22752139861472914			
IPA_TAL1_UP	0.22749388113268074			
GO_SARCOPLASMIC_RETICULUM_LUMEN	0.22748872542410314			
BYSTRYKH_HEMATOPOIESIS_STEM_CELL_FGF3	0.22747660042828335			
MCCOLLUM_GELDANAMYCIN_RESISTANCE_UP	0.227474371293234			
GSE17721_LPS_VS_PAM3CSK4_2H_BMDC_UP	0.22745165055680028			
MIR4651	0.2274346045086892			
GSE3039_CD4_TCELL_VS_ALPHAALPHA_CD8_TCELL_UP	0.22741751616621197			
GO_MINERALOCORTICOID_METABOLIC_PROCESS	0.22739628876332046			
GO_NEGATIVE_REGULATION_OF_INTERFERON_GAMMA_PRODUCTION	0.2273847111602317			
GO_POSITIVE_REGULATION_OF_SKELETAL_MUSCLE_CELL_DIFFERENTIATION	0.2273821400577813			
GSE11961_GERMINAL_CENTER_BCELL_DAY7_VS_GERMINAL_CENTER_BCELL_DAY40_UP	0.22737066626537883			
RICKMAN_HEAD_AND_NECK_CANCER_F	0.2273705457714722			
GO_DENDRITE_SELF_AVOIDANCE	0.22735370271299385			
GO_POSITIVE_REGULATION_OF_NEURON_PROJECTION_ARBORIZATION	0.22733515497783874			
GSE32034_LY6C_HIGH_VS_LOW_ROSIGLIZATONE_TREATED_MONOCYTE_UP	0.22732914480318364			
ELF5_TARGET_GENES	0.22732651435836146			
GSE24142_DN2_VS_DN3_THYMOCYTE_DN	0.2273211593263194			
GO_ANATOMICAL_STRUCTURE_MATURATION	0.22727386952832715			
BORCZUK_MALIGNANT_MESOTHELIOMA_UP	0.22725346978323416			
GSE3982_EOSINOPHIL_VS_BASOPHIL_DN	0.22721271405919544			
GSE5542_IFNA_VS_IFNA_AND_IFNG_TREATED_EPITHELIAL_CELLS_6H_DN	0.22720172221447396			
GSE12484_HEALTHY_VS_PERIDONTITIS_NEUTROPHILS_UP	0.22719428384171808			
GSE11924_TH1_VS_TH17_CD4_TCELL_UP	0.22719242919766516			
GSE2770_UNTREATED_VS_TGFB_AND_IL4_TREATED_ACT_CD4_TCELL_4H_UP	0.22718916288081037			
GSE24142_EARLY_THYMIC_PROGENITOR_VS_DN3_THYMOCYTE_FETAL_DN	0.22718399321821323			
HOFFMANN_LARGE_TO_SMALL_PRE_BII_LYMPHOCYTE_DN	0.22718248014964068			
IPA_NANOG_UP	0.22714035385864742			
GO_AMP_METABOLIC_PROCESS	0.22711998711489476			
GSE37416_CTRL_VS_12H_F_TULARENSIS_LVS_NEUTROPHIL_DN	0.22711291899995173			
E47_01	0.22710242902174838			
IVANOVA_HEMATOPOIESIS_STEM_CELL	0.22707929418781778			
BRACHAT_RESPONSE_TO_CAMPTOTHECIN_DN	0.22707921853039995			
GO_ESTABLISHMENT_OR_MAINTENANCE_OF_MONOPOLAR_CELL_POLARITY	0.22707505725436375			
IPA_DDIT3_UP	0.2270605174877108			
MIR128_3P	0.22701300549720146			
GO_POSITIVE_REGULATION_OF_CYTOPLASMIC_TRANSPORT	0.22701103581883877			
GO_SODIUM_ION_IMPORT_ACROSS_PLASMA_MEMBRANE	0.22699994513174648			
KEGG_DRUG_METABOLISM_OTHER_ENZYMES	0.2269993089610031			
BRUINS_UVC_RESPONSE_VIA_TP53_GROUP_C	0.22693205640337333			
GO_NEGATIVE_REGULATION_OF_EPIDERMIS_DEVELOPMENT	0.22691643666883746			
GO_BONE_TRABECULA_MORPHOGENESIS	0.22690999178624155			
GO_NEUTRAL_LIPID_METABOLIC_PROCESS	0.22690525397329195			
GO_REGULATION_OF_GAP_JUNCTION_ASSEMBLY	0.2268881216996605			
MIR921	0.22688804352952158			
GO_ETHANOL_OXIDATION	0.22683672407537217			
GO_POSITIVE_REGULATION_OF_LEUKOCYTE_MIGRATION	0.2268317648271405			
BIOCARTA_AT1R_PATHWAY	0.226803388340496			
GO_REGULATION_OF_OXIDATIVE_STRESS_INDUCED_INTRINSIC_APOPTOTIC_SIGNALING_PATHWAY	0.22679413264001483			
GSE7218_UNSTIM_VS_ANTIGEN_STIM_THROUGH_IGM_BCELL_UP	0.22678329225834779			
TCCCCAC_MIR491	0.22676247631041785			
GSE22611_UNSTIM_VS_2H_MDP_STIM_NOD2_TRANSDUCED_HEK293T_CELL_DN	0.2267472762155585			
ZNF549_TARGET_GENES	0.22674226621688612			
MIR4253	0.22673659644158378			
GSE46606_IRF4_KO_VS_WT_UNSTIM_BCELL_DN	0.2267348241924632			
GO_INTERLEUKIN_1_BETA_PRODUCTION	0.22672897444460322			
MIR374B_5P	0.22672789057466297			
CHIANG_LIVER_CANCER_SUBCLASS_PROLIFERATION_DN	0.22672412647072454			
GSE42021_CD24HI_VS_CD24INT_TCONV_THYMUS_DN	0.22672248941719297			
GO_RESPONSE_TO_L_PHENYLALANINE_DERIVATIVE	0.2267213976707595			
GO_BONE_TRABECULA_FORMATION	0.226718741680459			
DELYS_THYROID_CANCER_DN	0.2267151193792637			
SCHUETZ_BREAST_CANCER_DUCTAL_INVASIVE_UP	0.2267145276575924			
GO_STRIATED_MUSCLE_CONTRACTION	0.22670150194539535			
GO_POSITIVE_REGULATION_OF_CELL_AGING	0.22669047667598732			
GO_MYELOID_LEUKOCYTE_DIFFERENTIATION	0.22668342528166294			
REACTOME_ACTIVATION_OF_THE_AP_1_FAMILY_OF_TRANSCRIPTION_FACTORS	0.22662473251666512			
STAMBOLSKY_RESPONSE_TO_VITAMIN_D3_DN	0.22662370854786368			
HERNANDEZ_ABERRANT_MITOSIS_BY_DOCETACEL_2NM_DN	0.2266048334891948			
SANSOM_APC_TARGETS_UP	0.2266016130682401			
GO_NEGATIVE_REGULATION_OF_SIGNAL_TRANSDUCTION_BY_P53_CLASS_MEDIATOR	0.2265898791886106			
UEDA_CENTRAL_CLOCK	0.22658670612849383			
GSE22935_UNSTIM_VS_12H_MBOVIS_BCG_STIM_MYD88_KO_MACROPHAGE_UP	0.22658338565451835			
GO_POSITIVE_REGULATION_OF_BIOMINERALIZATION	0.22658164976477174			
BIOCARTA_WNT_LRP6_PATHWAY	0.22658113044609288			
CHEOK_RESPONSE_TO_HD_MTX_UP	0.2265784975817837			
IPA_ELF5_UP	0.22657709157779146			
MIR6830_3P	0.2265602660400816			
GSE360_L_MAJOR_VS_B_MALAYI_HIGH_DOSE_DC_UP	0.22653904935957192			
GO_REGULATION_OF_ENDOPLASMIC_RETICULUM_TUBULAR_NETWORK_ORGANIZATION	0.2265337485627082			
GO_NEGATIVE_REGULATION_OF_VIRAL_TRANSCRIPTION	0.22652471444252895			
IRX3_TARGET_GENES	0.22649154767635			
GO_MESODERMAL_CELL_FATE_SPECIFICATION	0.22648707183554362			
GO_NEURON_FATE_SPECIFICATION	0.22647000814376728			
GSE45365_HEALTHY_VS_MCMV_INFECTION_CD8A_DC_DN	0.226457564079408			
GSE1460_CD4_THYMOCYTE_VS_NAIVE_CD4_TCELL_CORD_BLOOD_DN	0.22645113367942138			
GSE15930_NAIVE_VS_72H_IN_VITRO_STIM_CD8_TCELL_DN	0.2264497931321826			
GO_POSITIVE_REGULATION_OF_HISTONE_PHOSPHORYLATION	0.2264400545359344			
GO_INTERLEUKIN_5_SECRETION	0.22643588145211258			
GO_REGULATION_OF_DNA_BINDING_TRANSCRIPTION_FACTOR_ACTIVITY	0.22641715736452192			
MIR196B_3P	0.22640961052032108			
GSE13484_12H_VS_3H_YF17D_VACCINE_STIM_PBMC_UP	0.22640029873228334			
GSE18791_UNSTIM_VS_NEWCATSLE_VIRUS_DC_6H_DN	0.22639873307231426			
CAMP_UP.V1_UP	0.22639568344880506			
GO_STRIATED_MUSCLE_CELL_PROLIFERATION	0.22636617466948966			
GO_REGULATION_OF_EXOCYTOSIS	0.22636586830671923			
FULCHER_INFLAMMATORY_RESPONSE_LECTIN_VS_LPS_DN	0.22636474775181878			
GSE360_L_DONOVANI_VS_M_TUBERCULOSIS_DC_DN	0.22636020841160348			
REACTOME_SYNTHESIS_OF_IP2_IP_AND_INS_IN_THE_CYTOSOL	0.2263499477096371			
TTF1_Q6	0.22633847455471787			
GLI1_UP.V1_DN	0.2263337136027534			
GSE18791_CTRL_VS_NEWCASTLE_VIRUS_DC_6H_DN	0.2262937891331293			
GO_PRIMARY_AMINE_OXIDASE_ACTIVITY	0.22629169022926834			
GSE36888_UNTREATED_VS_IL2_TREATED_STAT5_AB_KNOCKIN_TCELL_17H_DN	0.22628022114088642			
ICSBP_Q6	0.22626683012523102			
P53_DN.V1_DN	0.226262312326109			
GO_NEUROFILAMENT	0.2262471072172932			
GO_BONE_RESORPTION	0.22618356917790694			
GO_STRIATED_MUSCLE_CELL_APOPTOTIC_PROCESS	0.22618229689946232			
GO_ER_UBIQUITIN_LIGASE_COMPLEX	0.22617402598594408			
GO_AMPA_GLUTAMATE_RECEPTOR_CLUSTERING	0.22615856151490527			
EINAV_INTERFERON_SIGNATURE_IN_CANCER	0.2261473529895939			
GO_SULFUR_AMINO_ACID_TRANSPORT	0.2261416118223842			
GO_PRIMARY_MIRNA_BINDING	0.2261257389173462			
GSE44955_MCSF_VS_MCSF_AND_IL27_STIM_MACROPHAGE_DN	0.22611600034379306			
GO_INHIBITION_OF_CYSTEINE_TYPE_ENDOPEPTIDASE_ACTIVITY_INVOLVED_IN_APOPTOTIC_PROCESS	0.22610869602951897			
GO_TOLL_LIKE_RECEPTOR_2_SIGNALING_PATHWAY	0.2260884411327406			
GSE5542_IFNG_VS_IFNA_AND_IFNG_TREATED_EPITHELIAL_CELLS_24H_DN	0.22608589544145008			
TACTTGA_MIR26A_MIR26B	0.22608078370887305			
GSE7219_WT_VS_NIK_NFKB2_KO_LPS_AND_ANTI_CD40_STIM_DC_DN	0.22607197583261426			
KEGG_SNARE_INTERACTIONS_IN_VESICULAR_TRANSPORT	0.22606145278515463			
GO_INTRINSIC_APOPTOTIC_SIGNALING_PATHWAY_BY_P53_CLASS_MEDIATOR	0.22604559527531545			
GO_CHYLOMICRON	0.22603880424406295			
GO_POST_EMBRYONIC_ANIMAL_ORGAN_MORPHOGENESIS	0.22602576077506933			
GO_POSITIVE_REGULATION_OF_PEPTIDYL_TYROSINE_PHOSPHORYLATION	0.22600147855848732			
GO_POSITIVE_REGULATION_OF_NMDA_GLUTAMATE_RECEPTOR_ACTIVITY	0.22599605830725514			
GO_DETERMINATION_OF_HEART_LEFT_RIGHT_ASYMMETRY	0.2259910990935993			
BOYLAN_MULTIPLE_MYELOMA_PCA1_UP	0.2259683227514836			
GO_INTESTINAL_EPITHELIAL_STRUCTURE_MAINTENANCE	0.2259638470208118			
IPA_RPA1_DN	0.22595550632145658			
GO_HINDBRAIN_DEVELOPMENT	0.22595333987266922			
GSE2770_TGFB_AND_IL4_VS_IL4_TREATED_ACT_CD4_TCELL_2H_DN	0.22593855187786274			
GO_REGULATION_OF_PROTEIN_LOCALIZATION_TO_CELL_CORTEX	0.22591726368867635			
GSE360_L_MAJOR_VS_M_TUBERCULOSIS_DC_DN	0.2259117442797607			
AMEF2_Q6	0.22590618752035285			
GSE17721_POLYIC_VS_CPG_1H_BMDC_DN	0.2258778198679725			
GO_NEGATIVE_REGULATION_OF_POTASSIUM_ION_TRANSMEMBRANE_TRANSPORT	0.2258706168920452			
GO_POLYMERIC_CYTOSKELETAL_FIBER	0.22586579806889978			
IPA_NCOA1_UP	0.22586462129568052			
GSE20715_WT_VS_TLR4_KO_6H_OZONE_LUNG_UP	0.22586153430498623			
MIR5006_3P	0.22585810628806474			
HERNANDEZ_ABERRANT_MITOSIS_BY_DOCETACEL_2NM_UP	0.22585164473414115			
GSE46606_UNSTIM_VS_CD40L_IL2_IL5_1DAY_STIMULATED_IRF4MID_SORTED_BCELL_UP	0.22584961970956888			
GO_REGULATION_OF_CARDIAC_CONDUCTION	0.22583518282439272			
GO_NEGATIVE_REGULATION_OF_ASTROCYTE_DIFFERENTIATION	0.2258171121735532			
GSE22935_WT_VS_MYD88_KO_MACROPHAGE_24H_MBOVIS_BCG_STIM_UP	0.22581346271373529			
GO_NEGATIVE_REGULATION_OF_BLOOD_CIRCULATION	0.22580481323704824			
GO_REGULATION_OF_VIRAL_INDUCED_CYTOPLASMIC_PATTERN_RECOGNITION_RECEPTOR_SIGNALING_PATHWAY	0.2257914278714119			
MIR339_5P	0.2257900386239415			
REACTOME_IKBA_VARIANT_LEADS_TO_EDA_ID	0.22577437990904978			
GO_POSITIVE_REGULATION_OF_PROTEIN_ACETYLATION	0.22576020064859975			
ACCTGTTG_UNKNOWN	0.22572784760885292			
GO_CD40_SIGNALING_PATHWAY	0.22569188094462464			
GO_POSITIVE_REGULATION_OF_NATURAL_KILLER_CELL_PROLIFERATION	0.2256918475625643			
HEIDENBLAD_AMPLICON_12P11_12_DN	0.22568074081263298			
GO_POSITIVE_REGULATION_OF_CYCLIN_DEPENDENT_PROTEIN_KINASE_ACTIVITY	0.2256659351159274			
GO_HEXOSE_TRANSMEMBRANE_TRANSPORTER_ACTIVITY	0.22566229237049576			
GO_PARAXIAL_MESODERM_DEVELOPMENT	0.22563301088181753			
GO_REGULATION_OF_NON_CANONICAL_WNT_SIGNALING_PATHWAY	0.22562261979016027			
GO_L_GLUTAMATE_TRANSMEMBRANE_TRANSPORTER_ACTIVITY	0.22562042188656212			
GSE17974_0H_VS_12H_IN_VITRO_ACT_CD4_TCELL_UP	0.22561744675558934			
GO_CELLULAR_RESPONSE_TO_ARSENIC_CONTAINING_SUBSTANCE	0.22561702737763925			
IPA_RUNX1_UP	0.22559463712596273			
GSE18791_CTRL_VS_NEWCASTLE_VIRUS_DC_8H_DN	0.22557880939696903			
MIR6881_5P	0.22557820642804902			
GO_MACROLIDE_BINDING	0.22557658098272118			
REACTOME_CYCLIN_A_CDK2_ASSOCIATED_EVENTS_AT_S_PHASE_ENTRY	0.22555336368866016			
MIR136_3P	0.22550907315596927			
GO_RESPONSE_TO_FOLLICLE_STIMULATING_HORMONE	0.225487351691475			
GO_PROTEIN_O_LINKED_GLYCOSYLATION_VIA_THREONINE	0.22548691685733468			
GSE15930_NAIVE_VS_48H_IN_VITRO_STIM_IL12_CD8_TCELL_UP	0.22548175172945178			
MIR6800_3P	0.22547093312596095			
GSE43955_10H_VS_30H_ACT_CD4_TCELL_UP	0.22546809285261757			
TESAR_ALK_AND_JAK_TARGETS_MOUSE_ES_D4_UP	0.2254451739964023			
MIR6802_3P	0.22542285987525715			
GSE27786_LSK_VS_CD4_TCELL_UP	0.2254078097840352			
GO_RESPONSE_TO_PH	0.2253878500149105			
GO_ESCRT_I_COMPLEX	0.22536729741326955			
KYNG_WERNER_SYNDROM_AND_NORMAL_AGING_UP	0.22535988290459713			
PANGAS_TUMOR_SUPPRESSION_BY_SMAD1_AND_SMAD5_DN	0.22534526051263926			
GSE17974_IL4_AND_ANTI_IL12_VS_UNTREATED_24H_ACT_CD4_TCELL_UP	0.2253446476372152			
GO_MAMMARY_GLAND_EPITHELIAL_CELL_DIFFERENTIATION	0.22534245861406105			
KIM_GLIS2_TARGETS_UP	0.22532955406534338			
GRATIAS_RETINOBLASTOMA_16Q24	0.2253230327830476			
GSE14000_UNSTIM_VS_16H_LPS_DC_DN	0.22532083315230975			
GO_RNA_POLYMERASE_II_REPRESSING_TRANSCRIPTION_FACTOR_BINDING	0.2253100086787916			
GO_CEREBELLAR_CORTEX_DEVELOPMENT	0.22529981326741574			
YGTCCTTGR_UNKNOWN	0.22528990868151783			
MIR6859_5P	0.22527009793998357			
GO_NEGATIVE_REGULATION_OF_T_CELL_PROLIFERATION	0.22526416693375226			
BENPORATH_NOS_TARGETS	0.22524507953673037			
GO_REGULATION_OF_DEFENSE_RESPONSE_TO_VIRUS	0.22524352635516218			
IPA_ZBTB20_UP	0.22523553602556903			
GSE22025_UNTREATED_VS_PROGESTERONE_TREATED_CD4_TCELL_UP	0.2252137553847858			
GO_VENTRICULAR_TRABECULA_MYOCARDIUM_MORPHOGENESIS	0.2252010030681966			
GSE5542_UNTREATED_VS_IFNA_AND_IFNG_TREATED_EPITHELIAL_CELLS_6H_DN	0.2251921218772554			
GSE17721_POLYIC_VS_CPG_6H_BMDC_UP	0.22517877381206897			
GSE37301_LYMPHOID_PRIMED_MPP_VS_COMMON_LYMPHOID_PROGENITOR_UP	0.22517830273446754			
GO_POSITIVE_REGULATION_OF_CHOLESTEROL_EFFLUX	0.2251778614855598			
GSE557_WT_VS_CIITA_KO_DC_UP	0.2251658320895587			
PLASARI_TGFB1_TARGETS_10HR_DN	0.2251379355568846			
GO_RESPONSE_TO_ELECTRICAL_STIMULUS	0.22513323064611696			
MIR4463	0.22512988531585182			
GRAHAM_CML_DIVIDING_VS_NORMAL_DIVIDING_UP	0.2250914530867027			
GO_POSITIVE_REGULATION_OF_CARDIOBLAST_DIFFERENTIATION	0.22508895295178385			
IPA_HMGA1_DN	0.22508198452480999			
REACTOME_ACTIVATED_NTRK2_SIGNALS_THROUGH_RAS	0.2250748870389692			
GO_POSITIVE_REGULATION_OF_T_CELL_TOLERANCE_INDUCTION	0.22507225977712855			
MIR617	0.2250567367969318			
GO_FRUCTOSE_6_PHOSPHATE_METABOLIC_PROCESS	0.22505233703130453			
REACTOME_REGULATION_BY_C_FLIP	0.2250490424897642			
DE_YY1_TARGETS_UP	0.22504899132790587			
GSE21927_EL4_VS_MCA203_TUMOR_MONOCYTES_DN	0.2250362403580343			
GO_SELF_PROTEOLYSIS	0.2250269340072731			
GO_POSITIVE_REGULATION_OF_LEUKOCYTE_CHEMOTAXIS	0.2250208554088022			
REACTOME_FLT3_SIGNALING	0.22500741302663846			
GSE17721_CTRL_VS_LPS_8H_BMDC_DN	0.22497555308992812			
GO_REGULATION_OF_T_CELL_EXTRAVASATION	0.22497313143423922			
TAKEDA_TARGETS_OF_NUP98_HOXA9_FUSION_6HR_DN	0.22496126969294122			
GO_AP_TYPE_MEMBRANE_COAT_ADAPTOR_COMPLEX	0.2249541109879298			
GO_MUSCLE_FIBER_DEVELOPMENT	0.22494387221117818			
ZNF354B_TARGET_GENES	0.22494102238977312			
GSE4590_LARGE_PRE_BCELL_VS_VPREB_POS_LARGE_PRE_BCELL_UP	0.22494092787022527			
FREAC7_01	0.22493532677398398			
GGGACCA_MIR133A_MIR133B	0.22492635795700824			
GO_MUSCLE_ATROPHY	0.22491852400818005			
GSE11367_CTRL_VS_IL17_TREATED_SMOOTH_MUSCLE_CELL_DN	0.2249178198049			
MIR10392_3P	0.22491521353222485			
CHIANG_LIVER_CANCER_SUBCLASS_INTERFERON_DN	0.22489810442041056			
chr16q21	0.22488936486305583			
GO_POSITIVE_REGULATION_OF_DNA_BINDING	0.22486663868977935			
GSE16385_IFNG_TNF_VS_IL4_STIM_MACROPHAGE_ROSIGLITAZONE_TREATED_DN	0.2248338515972433			
MAGRANGEAS_MULTIPLE_MYELOMA_IGLL_VS_IGLK_UP	0.22482642728272806			
NADLER_OBESITY_UP	0.22482634778451596			
GSE17721_PAM3CSK4_VS_CPG_4H_BMDC_DN	0.22478292166615887			
REACTOME_ACYL_CHAIN_REMODELLING_OF_PE	0.2247776575281015			
MIR6756_3P	0.22476765927792286			
IPA_MTA1_DN	0.22476737802778662			
GSE20198_UNTREATED_VS_IL12_TREATED_ACT_CD4_TCELL_UP	0.22475739927427762			
GO_REGULATION_OF_EPITHELIAL_TUBE_FORMATION	0.22474838928085075			
GO_REGULATION_OF_MICROTUBULE_NUCLEATION	0.22474179316851237			
GO_11_CIS_RETINAL_BINDING	0.22473239436351722			
OUYANG_PROSTATE_CANCER_PROGRESSION_UP	0.2247177763324889			
BARIS_THYROID_CANCER_UP	0.22469094300820397			
GSE8515_CTRL_VS_IL1_4H_STIM_MAC_DN	0.22468640148947186			
MIR512_3P	0.22467627225174663			
IPA_NRL_UP	0.22467594040438832			
CACBINDINGPROTEIN_Q6	0.2246727271200385			
AATGTGA_MIR23A_MIR23B	0.2246702672300659			
FERNANDEZ_BOUND_BY_MYC	0.2246686204093664			
MIR4714_3P	0.22466235123889064			
YYCATTCAWW_UNKNOWN	0.22466215558544447			
HENDRICKS_SMARCA4_TARGETS_DN	0.2246522610229912			
GO_NEGATIVE_REGULATION_OF_MORPHOGENESIS_OF_AN_EPITHELIUM	0.22464593003394095			
GO_EMBRYONIC_CAMERA_TYPE_EYE_FORMATION	0.22462078418275833			
GO_GLIAL_CELL_ACTIVATION	0.22461817919040863			
GO_REGULATION_OF_NK_T_CELL_PROLIFERATION	0.22461767361564136			
IPA_SOX10_DN	0.22461478165133208			
FARDIN_HYPOXIA_9	0.22461143883769238			
P53_DECAMER_Q2	0.22459176943356388			
SCHLESINGER_METHYLATED_IN_COLON_CANCER	0.2245744899084052			
GSE20366_TREG_VS_NAIVE_CD4_TCELL_HOMEOSTATIC_CONVERSION_UP	0.224564761837025			
MIR340_5P	0.2245630997337947			
MIR7705	0.22455403165902127			
GSE20366_TREG_VS_NAIVE_CD4_TCELL_UP	0.22451708829070796			
GO_N_ACYLSPHINGOSINE_AMIDOHYDROLASE_ACTIVITY	0.22451152719398648			
GO_CILIARY_TIP	0.22449256202340223			
GSE3982_NEUTROPHIL_VS_TH2_UP	0.22448744041522548			
GSE22886_NAIVE_CD4_TCELL_VS_48H_ACT_TH1_DN	0.22445765845284885			
GO_POSITIVE_REGULATION_OF_MITOCHONDRION_ORGANIZATION	0.22441002579894628			
GO_LACTATE_TRANSMEMBRANE_TRANSPORTER_ACTIVITY	0.2243837022460622			
CBX5_TARGET_GENES	0.22437647792310889			
GO_ARACHIDONATE_COA_LIGASE_ACTIVITY	0.2243499412924664			
GO_FATTY_ACID_LIGASE_ACTIVITY	0.22434814577820764			
GO_ASPARTATE_FAMILY_AMINO_ACID_BIOSYNTHETIC_PROCESS	0.22432785733494975			
IPA_NCOA1_DN	0.22430805974375315			
GO_CELLULAR_RESPONSE_TO_GLUCOSE_STARVATION	0.22429967739105555			
BIOCARTA_IL1R_PATHWAY	0.22428488163063648			
GO_FUCOSYLATION	0.22425837347585148			
GO_HEMOGLOBIN_METABOLIC_PROCESS	0.22423122493368075			
MIR1973	0.22422965692525043			
REACTOME_WNT5A_DEPENDENT_INTERNALIZATION_OF_FZD4	0.22422116394544503			
GSE42724_NAIVE_VS_MEMORY_BCELL_DN	0.22421908369662558			
BAUS_TFF2_TARGETS_DN	0.22419296290345891			
GSE17721_CTRL_VS_GARDIQUIMOD_6H_BMDC_DN	0.2241920950668573			
MIR4675	0.22417593819679257			
GSE3982_CTRL_VS_LPS_48H_DC_DN	0.22417504355993653			
BANDRES_RESPONSE_TO_CARMUSTIN_WITHOUT_MGMT_48HR_DN	0.22415583511034926			
MIR3201	0.22415005757301576			
GSE26559_TCF1_KO_VS_WT_LIN_NEG_CELL_DN	0.22414307842280237			
GSE32986_UNSTIM_VS_GMCSF_AND_CURDLAN_LOWDOSE_STIM_DC_UP	0.22412096406895973			
GENTILE_UV_RESPONSE_CLUSTER_D4	0.22408480931825053			
GSE2770_IL12_VS_TGFB_AND_IL12_TREATED_ACT_CD4_TCELL_2H_DN	0.2240825947243137			
THUM_SYSTOLIC_HEART_FAILURE_DN	0.2240805334472398			
GSE37605_C57BL6_VS_NOD_FOXP3_FUSION_GFP_TCONV_DN	0.22407105062466706			
MIR6508_3P	0.22406912201595974			
IPA_KLF6_UP	0.22404537548167416			
GO_NEGATIVE_REGULATION_OF_NEURAL_PRECURSOR_CELL_PROLIFERATION	0.22403949813292232			
TTCNRGNNNNTTC_HSF_Q6	0.2240344474091752			
GO_OLIGOSACCHARIDE_BINDING	0.2240247813156358			
MIR7702	0.22402209618453875			
GSE24671_BAKIMULC_VS_SENDAI_VIRUS_INFECTED_MOUSE_SPLENOCYTES_UP	0.22399593177257332			
GSE32423_CTRL_VS_IL7_MEMORY_CD8_TCELL_UP	0.22399219543047036			
GO_AMP_BINDING	0.22397387048422504			
CHOW_RASSF1_TARGETS_DN	0.22396496567877108			
PID_S1P_S1P3_PATHWAY	0.22396203182019386			
GO_NEGATIVE_REGULATION_OF_PEPTIDE_SECRETION	0.22396100652214335			
IPA_NR5A2_DN	0.2239464310737161			
GO_SODIUM_DEPENDENT_PHOSPHATE_TRANSMEMBRANE_TRANSPORTER_ACTIVITY	0.22393326964698018			
GO_POSITIVE_REGULATION_OF_LIPASE_ACTIVITY	0.22393037761603857			
GO_SECRETION_OF_LYSOSOMAL_ENZYMES	0.22393024382938193			
GO_REGULATION_OF_MICROTUBULE_BINDING	0.2239221792336491			
GO_POSITIVE_REGULATION_OF_STEM_CELL_PROLIFERATION	0.22391544134652575			
GO_REGULATION_OF_CENTROSOME_DUPLICATION	0.2239083049501759			
REACTOME_CARNITINE_METABOLISM	0.22387546662060703			
REACTOME_REGULATION_OF_PTEN_STABILITY_AND_ACTIVITY	0.2238738587001006			
GO_VACUOLAR_PROTON_TRANSPORTING_V_TYPE_ATPASE_COMPLEX	0.2238666442328841			
GSE34515_CD16_POS_MONOCYTE_VS_DC_DN	0.22385629776061958			
GO_BILE_ACID_TRANSMEMBRANE_TRANSPORTER_ACTIVITY	0.22384075304629875			
GSE43863_DAY6_EFF_VS_DAY150_MEM_LY6C_INT_CXCR5POS_CD4_TCELL_UP	0.2238384558420543			
GO_REGULATION_OF_MEMBRANE_LIPID_DISTRIBUTION	0.2238343063434593			
KYNG_NORMAL_AGING_DN	0.22383199300424372			
REACTOME_ABACAVIR_TRANSMEMBRANE_TRANSPORT	0.22382903346819727			
MIR488_5P	0.22382370018208894			
GSE3982_CTRL_VS_LPS_48H_DC_UP	0.22381512543545118			
GSE2706_UNSTIM_VS_2H_LPS_DC_DN	0.22380604427548256			
GO_POSITIVE_REGULATION_OF_CELLULAR_AMINE_METABOLIC_PROCESS	0.22379921349523263			
MCMURRAY_TP53_HRAS_COOPERATION_RESPONSE_DN	0.22374136291816066			
GO_ACYL_COA_LIGASE_ACTIVITY	0.22373060988107235			
GO_WATER_SOLUBLE_VITAMIN_METABOLIC_PROCESS	0.22371421756782658			
GSE5503_LIVER_DC_VS_PLN_DC_ACTIVATED_ALLOGENIC_TCELL_UP	0.2237031567938673			
IPA_KLF4_DN	0.22369771552064371			
IPA_NFATC2_UP	0.2236803770613494			
GO_PROXIMAL_DISTAL_PATTERN_FORMATION	0.22365339782179386			
GO_DE_NOVO_PROTEIN_FOLDING	0.22364662241432326			
GSE22025_UNTREATED_VS_PROGESTERONE_TREATED_CD4_TCELL_DN	0.22364052033192228			
GSE13411_NAIVE_BCELL_VS_PLASMA_CELL_DN	0.22363974681677043			
MIR4475	0.2236325117007429			
GO_GENERATION_OF_PRECURSOR_METABOLITES_AND_ENERGY	0.22362793418030388			
MIR381_3P	0.22362209704764746			
GSE21380_TFH_VS_GERMINAL_CENTER_TFH_CD4_TCELL_DN	0.22359490084064143			
MIR4797_3P	0.22359304077696815			
KEGG_PANCREATIC_CANCER	0.22358815836976387			
chr3q21	0.22358349558266402			
GO_SMOOTH_MUSCLE_ADAPTATION	0.22357782592560607			
GSE9960_HEALTHY_VS_GRAM_POS_SEPSIS_PBMC_DN	0.22351362870362923			
GO_POSTSYNAPSE_TO_NUCLEUS_SIGNALING_PATHWAY	0.2235049751930339			
GO_MAINTENANCE_OF_ANIMAL_ORGAN_IDENTITY	0.2235006626095145			
RUTELLA_RESPONSE_TO_CSF2RB_AND_IL4_DN	0.22349898497850595			
MIR4755_5P	0.2234944354346091			
HIF1_Q5	0.22348770189833836			
TENEDINI_MEGAKARYOCYTE_MARKERS	0.22348065312907883			
MIR149_3P	0.22347922540534698			
GO_NEGATIVE_REGULATION_OF_CELLULAR_AMINE_METABOLIC_PROCESS	0.22347202372666547			
GSE17721_PAM3CSK4_VS_GADIQUIMOD_8H_BMDC_DN	0.22347202060040516			
GO_ACTIVIN_RECEPTOR_SIGNALING_PATHWAY	0.22347061719146818			
SAGIV_CD24_TARGETS_UP	0.2234670959225107			
IPA_STAT5B_DN	0.2234618112914702			
MIR544A	0.22345768932992358			
GSE360_L_DONOVANI_VS_M_TUBERCULOSIS_MAC_UP	0.2234514488725029			
GSE17974_0H_VS_2H_IN_VITRO_ACT_CD4_TCELL_DN	0.22344936272637675			
MEK_UP.V1_DN	0.22344286373710134			
GO_NEGATIVE_REGULATION_OF_NOREPINEPHRINE_SECRETION	0.22343451805869322			
REACTOME_RETINOID_CYCLE_DISEASE_EVENTS	0.22342698612982087			
GSE17721_LPS_VS_POLYIC_12H_BMDC_UP	0.22341619595791304			
GO_OMEGA_HYDROXYLASE_P450_PATHWAY	0.22341552830492994			
OHGUCHI_LIVER_HNF4A_TARGETS_DN	0.22339524802065888			
GO_REGULATION_OF_PHOSPHOLIPID_CATABOLIC_PROCESS	0.2233824927536953			
DUNNE_TARGETS_OF_AML1_MTG8_FUSION_DN	0.2233734109535911			
REACTOME_REGULATION_OF_MRNA_STABILITY_BY_PROTEINS_THAT_BIND_AU_RICH_ELEMENTS	0.22337078863714438			
CHESLER_BRAIN_HIGHEST_GENETIC_VARIANCE	0.22336647753124364			
GO_REGULATION_OF_DNA_TEMPLATED_TRANSCRIPTION_INITIATION	0.2233614272548536			
MIR5702	0.22335478473667256			
GO_POSITIVE_REGULATION_OF_PROTEIN_LOCALIZATION_TO_EARLY_ENDOSOME	0.22335355617554903			
GSE14908_RESTING_VS_HDM_STIM_CD4_TCELL_ATOPIC_PATIENT_DN	0.22335277491740094			
GO_ZINC_ION_TRANSMEMBRANE_TRANSPORTER_ACTIVITY	0.22333285490686264			
GO_EXTRACELLULAR_MATRIX_CONSTITUENT_CONFERRING_ELASTICITY	0.22331123950871307			
GSE22935_UNSTIM_VS_48H_MBOVIS_BCG_STIM_MACROPHAGE_DN	0.22330502507228742			
CUI_TCF21_TARGETS_2_UP	0.22324396090536233			
RFX1_01	0.2232205653737217			
GO_SECONDARY_ACTIVE_MONOCARBOXYLATE_TRANSMEMBRANE_TRANSPORTER_ACTIVITY	0.2232169275453541			
KONG_E2F1_TARGETS	0.22321146240235648			
REACTOME_TRAFFICKING_OF_AMPA_RECEPTORS	0.2231920551274996			
GO_PARALLEL_FIBER_TO_PURKINJE_CELL_SYNAPSE	0.22318640780170082			
GSE7460_TREG_VS_TCONV_ACT_WITH_TGFB_DN	0.22318497486881242			
GO_NEGATIVE_REGULATION_OF_INTERLEUKIN_1_PRODUCTION	0.2231831118547947			
GO_SMOOTH_MUSCLE_CELL_DIFFERENTIATION	0.22315906917947156			
GO_POSITIVE_REGULATION_OF_CARBOHYDRATE_METABOLIC_PROCESS	0.2231574686654639			
GSE46606_UNSTIM_VS_CD40L_IL2_IL5_1DAY_STIMULATED_IRF4HIGH_SORTED_BCELL_UP	0.2231478194089488			
GSE28726_NAIVE_VS_ACTIVATED_VA24NEG_NKTCELL_DN	0.22314031482719293			
BIOCARTA_STEM_PATHWAY	0.22311575950711646			
GO_NEGATIVE_REGULATION_OF_CYTOSKELETON_ORGANIZATION	0.22310746475396215			
GGGTGGRR_PAX4_03	0.2231010856720024			
GSE24081_CONTROLLER_VS_PROGRESSOR_HIV_SPECIFIC_CD8_TCELL_DN	0.22308198972245086			
GO_CELLULAR_RESPONSE_TO_TESTOSTERONE_STIMULUS	0.22307911407679806			
GO_METANEPHRIC_S_SHAPED_BODY_MORPHOGENESIS	0.22307443308130984			
GO_REGULATION_OF_SECRETION	0.22305404716631114			
GO_VENTRICULAR_CARDIAC_MUSCLE_CELL_MEMBRANE_REPOLARIZATION	0.2230511419353945			
GO_MYOSIN_II_COMPLEX	0.22304803705302678			
GO_PROTEIN_MEMBRANE_ADAPTOR	0.22303624683554643			
GSE14308_NAIVE_CD4_TCELL_VS_INDUCED_TREG_DN	0.2230285975362752			
GSE46606_UNSTIM_VS_CD40L_IL2_IL5_3DAY_STIMULATED_IRF4_KO_BCELL_DN	0.2230215573440406			
GSE23984_CTRL_VS_HYPOCALEMIC_VITAMIND_ANALOG_TCELL_DN	0.22301830809070725			
GO_MOTOR_NEURON_MIGRATION	0.22300877461487728			
GSE369_SOCS3_KO_VS_IFNG_KO_LIVER_DN	0.22300747394820794			
GO_PHENOL_CONTAINING_COMPOUND_METABOLIC_PROCESS	0.22300728109037737			
MIKKELSEN_DEDIFFERENTIATED_STATE_UP	0.22300014411940502			
PDGF_UP.V1_DN	0.22299372406777834			
SERVITJA_LIVER_HNF1A_TARGETS_DN	0.22299176898249953			
GSE18791_UNSTIM_VS_NEWCATSLE_VIRUS_DC_10H_DN	0.22298183288272627			
GAUSSMANN_MLL_AF4_FUSION_TARGETS_G_UP	0.2229349266036797			
GOLDRATH_NAIVE_VS_EFF_CD8_TCELL_DN	0.2229131718250706			
GSE33424_CD161_INT_VS_NEG_CD8_TCELL_DN	0.22290929247620242			
GO_NUCLEOBASE_CATABOLIC_PROCESS	0.22290368457587817			
GSE5679_RARA_AGONIST_AM580_VS_AM580_AND_ROSIGLITAZONE_TREATED_DC_UP	0.2228202573464767			
GO_POLYAMINE_BIOSYNTHETIC_PROCESS	0.22279123665764783			
MIR4708_5P	0.2227686171062498			
MIR558	0.22276168143801095			
IPA_RB1CC1_UP	0.2227542101945943			
GO_REGULATION_OF_OXIDOREDUCTASE_ACTIVITY	0.22270835841805794			
MIR487A_3P	0.2226846769929287			
REACTOME_DISINHIBITION_OF_SNARE_FORMATION	0.22268213003663814			
GSE4811_CLASSSICALY_ACTIVATED_VS_TYPE_2_ACTIVATED_MACROPHAGE_DN	0.22267172516619158			
BIOCARTA_PS1_PATHWAY	0.22263447837707753			
WORSCHECH_TUMOR_REJECTION_DN	0.2226315457066041			
GSE26030_TH1_VS_TH17_RESTIMULATED_DAY5_POST_POLARIZATION_UP	0.22263033792686293			
ZHANG_GATA6_TARGETS_UP	0.22262130175317268			
GO_SMOOTH_ENDOPLASMIC_RETICULUM_MEMBRANE	0.22261732598013467			
MIR1226_3P	0.2225959432806984			
GSE11961_PLASMA_CELL_DAY7_VS_MEMORY_BCELL_DAY40_UP	0.22259096915883608			
GSE7548_NAIVE_VS_DAY28_PCC_IMMUNIZATION_CD4_TCELL_UP	0.2225879478300602			
REACTOME_AUF1_HNRNP_D0_BINDS_AND_DESTABILIZES_MRNA	0.22257907306129796			
GSE25123_CTRL_VS_IL4_AND_ROSIGLITAZONE_STIM_PPARG_KO_MACROPHAGE_DN	0.22254494922240206			
MIR525_5P	0.22252652103255374			
PAX8_B	0.2225118190003525			
GSE9988_ANTI_TREM1_VS_ANTI_TREM1_AND_LPS_MONOCYTE_DN	0.22249429189091938			
REACTOME_CLASS_I_MHC_MEDIATED_ANTIGEN_PROCESSING_PRESENTATION	0.22249136317005147			
GO_FILOPODIUM_ASSEMBLY	0.2224678973051957			
GO_MATING	0.22244468352030514			
GSE2770_UNTREATED_VS_ACT_CD4_TCELL_48H_DN	0.22244394629363598			
GSE24634_NAIVE_CD4_TCELL_VS_DAY10_IL4_CONV_TREG_DN	0.22243354018183972			
STAT6_01	0.22243243431515958			
PID_ER_NONGENOMIC_PATHWAY	0.2224240320744422			
GO_REGULATION_OF_PEPTIDE_SECRETION	0.22241047234098532			
GO_PEPTIDYL_LYSINE_OXIDATION	0.2224098213834973			
GO_PROTEIN_LYSINE_6_OXIDASE_ACTIVITY	0.2224098213834973			
GO_GONADOTROPIN_SECRETION	0.22239146106495175			
REACTOME_TP53_REGULATES_METABOLIC_GENES	0.2223811185244022			
GO_ARYLSULFATASE_ACTIVITY	0.22237200733406093			
GSE411_WT_VS_SOCS3_KO_MACROPHAGE_IL6_STIM_100MIN_UP	0.222371825610699			
IPA_RELA_DN	0.22233474410476112			
IPA_NR2C2_DN	0.22231385967059103			
ZBTB44_TARGET_GENES	0.22228463318107392			
GO_OSTEOCLAST_FUSION	0.22228202406752878			
GO_PEPTIDYL_L_CYSTEINE_S_PALMITOYLATION	0.222277661744181			
WIEMANN_TELOMERE_SHORTENING_AND_CHRONIC_LIVER_DAMAGE_UP	0.22227608841642157			
GSE27670_BLIMP1_VS_LMP1_TRANSDUCED_GC_BCELL_DN	0.222270959385776			
GO_SKELETAL_MUSCLE_ORGAN_DEVELOPMENT	0.2222674051796592			
KYNG_ENVIRONMENTAL_STRESS_RESPONSE_NOT_BY_4NQO_IN_WS	0.2222579231124166			
REACTOME_TYROSINE_CATABOLISM	0.2222548940147049			
GO_TYROSINE_CATABOLIC_PROCESS	0.2222548940147049			
GO_NEGATIVE_REGULATION_OF_OSSIFICATION	0.2222234002339423			
REACTOME_RUNX1_REGULATES_TRANSCRIPTION_OF_GENES_INVOLVED_IN_INTERLEUKIN_SIGNALING	0.22221660835454987			
GO_NUCLEOSIDE_DIPHOSPHATE_BIOSYNTHETIC_PROCESS	0.22220322500882728			
GO_A_BAND	0.22219982114121395			
GO_MALE_PRONUCLEUS	0.22219658539537787			
GSE25502_WT_VS_KLF13_KO_THYMIC_MEMORY_LIKE_CD8_TCELL_UP	0.22218314914137466			
GO_NOREPINEPHRINE_METABOLIC_PROCESS	0.22216649447584336			
IPA_ABL1_DN	0.22216628689749676			
GSE17721_POLYIC_VS_GARDIQUIMOD_4H_BMDC_DN	0.22216009012994334			
DAWSON_METHYLATED_IN_LYMPHOMA_TCL1	0.22215639465959328			
MIR144_3P	0.22214302748131254			
MIR6862_5P	0.22213462349553606			
GO_RESPONSE_TO_OXYGEN_RADICAL	0.22210358959598184			
GSE28726_NAIVE_VS_ACTIVATED_NKTCELL_DN	0.22209986485077726			
GO_POSITIVE_REGULATION_OF_CYSTEINE_TYPE_ENDOPEPTIDASE_ACTIVITY_INVOLVED_IN_APOPTOTIC_SIGNALING_PATHWAY	0.22208915422082323			
GSE5099_UNSTIM_VS_MCSF_TREATED_MONOCYTE_DAY3_DN	0.22208705200097875			
PEREZ_TP53_AND_TP63_TARGETS	0.2220862191134488			
GSE17721_CPG_VS_GARDIQUIMOD_6H_BMDC_UP	0.22206357810468352			
GO_CONDITIONED_TASTE_AVERSION	0.22205951504150626			
GO_GAS_HOMEOSTASIS	0.22202111301047478			
MIR223_5P	0.22202094039946277			
IWANAGA_CARCINOGENESIS_BY_KRAS_PTEN_UP	0.22201302997443564			
GO_VITAMIN_D_METABOLIC_PROCESS	0.22198538311591878			
GSE22025_TGFB1_VS_TGFB1_AND_PROGESTERONE_TREATED_CD4_TCELL_UP	0.2219614343480625			
GO_REGULATION_OF_THYROID_HORMONE_GENERATION	0.22196121981809602			
GO_NEGATIVE_REGULATION_OF_HEXOKINASE_ACTIVITY	0.22196010383822445			
GSE14769_UNSTIM_VS_40MIN_LPS_BMDM_UP	0.2219568705059585			
MIR181B_2_3P_MIR181B_3P	0.22193399820483603			
GO_T_CELL_CYTOKINE_PRODUCTION	0.2219023664637435			
SCHEIDEREIT_IKK_INTERACTING_PROTEINS	0.22189691303812273			
REACTOME_GLUTATHIONE_SYNTHESIS_AND_RECYCLING	0.2218874314339195			
GSE39022_LN_VS_SPLEEN_DC_UP	0.22188049116509648			
REACTOME_IL_6_TYPE_CYTOKINE_RECEPTOR_LIGAND_INTERACTIONS	0.2218693373301811			
chr10p15	0.22184621846826555			
PID_RETINOIC_ACID_PATHWAY	0.22182259071274776			
GO_SYNAPSE_PRUNING	0.22180008056401962			
REACTOME_NEF_MEDIATES_DOWN_MODULATION_OF_CELL_SURFACE_RECEPTORS_BY_RECRUITING_THEM_TO_CLATHRIN_ADAPTERS	0.2217711529495015			
FUJIWARA_PARK2_IN_LIVER_CANCER_UP	0.2217616215912847			
MIR300	0.22175315857367134			
GO_DOPAMINE_NEUROTRANSMITTER_RECEPTOR_ACTIVITY	0.22173577350414042			
CHEOK_RESPONSE_TO_MERCAPTOPURINE_DN	0.22173377509401515			
LET_7F_1_3P	0.22170463782294508			
GSE40274_CTRL_VS_GATA1_TRANSDUCED_ACTIVATED_CD4_TCELL_DN	0.22169543866487512			
GSE43863_TH1_VS_TFH_MEMORY_CD4_TCELL_UP	0.22169164692985172			
GO_SPERM_HEAD	0.22168581657732178			
GO_TISSUE_HOMEOSTASIS	0.2216823137033623			
GO_REGULATION_OF_PHOSPHATIDYLCHOLINE_BIOSYNTHETIC_PROCESS	0.22165085820371916			
GO_POSITIVE_REGULATION_OF_LEUKOCYTE_DEGRANULATION	0.22164072468548662			
GSE1791_CTRL_VS_NEUROMEDINU_IN_T_CELL_LINE_0.8H_UP	0.22163961654767664			
GSE5589_WT_VS_IL10_KO_LPS_AND_IL10_STIM_MACROPHAGE_180MIN_DN	0.22163148380922842			
MIR620	0.22163105993863627			
GO_CELLULAR_RESPONSE_TO_RETINOIC_ACID	0.22162837182711015			
PID_ANTHRAX_PATHWAY	0.2216267119503446			
KRAS.600_UP.V1_UP	0.22162092865214827			
GSE2706_UNSTIM_VS_2H_LPS_AND_R848_DC_DN	0.22161084892075797			
PID_PDGFRB_PATHWAY	0.22160732376399106			
GSE4590_PRE_BCELL_VS_VPREB_POS_LARGE_PRE_BCELL_UP	0.2216071385874126			
MIR3667_5P	0.22160188037243655			
GO_NEGATIVE_REGULATION_OF_OXIDATIVE_STRESS_INDUCED_NEURON_INTRINSIC_APOPTOTIC_SIGNALING_PATHWAY	0.2215816936047494			
MIR1265	0.2215701111047634			
GO_CARDIAC_MUSCLE_CELL_FATE_COMMITMENT	0.22154065630479125			
WANG_TUMOR_INVASIVENESS_UP	0.22153038500128838			
GSE15330_HSC_VS_GRANULOCYTE_MONOCYTE_PROGENITOR_DN	0.2215078904559465			
GO_ALCOHOL_DEHYDROGENASE_NAD_P_PLUS_ACTIVITY	0.22150624793095489			
MARTINEZ_RESPONSE_TO_TRABECTEDIN_DN	0.22150243064843592			
LET_7B_3P	0.2214990241840683			
MIR508_3P	0.22148767191678329			
GO_REGULATION_OF_COENZYME_METABOLIC_PROCESS	0.2214832793124545			
REACTOME_CHK1_CHK2_CDS1_MEDIATED_INACTIVATION_OF_CYCLIN_B_CDK1_COMPLEX	0.22146899469599807			
MIR101_3P	0.22146644375964397			
GSE339_CD8POS_VS_CD4CD8DN_DC_DN	0.22145451021523616			
IPA_HNF1B_DN	0.22145049229472438			
GSE36392_TYPE_2_MYELOID_VS_EOSINOPHIL_IL25_TREATED_LUNG_UP	0.22144188016786423			
MIR3200_5P	0.22143888920824098			
GO_POSITIVE_REGULATION_OF_MONOCYTE_CHEMOTAXIS	0.22143211777609526			
GSE12198_CTRL_VS_HIGH_IL2_STIM_NK_CELL_DN	0.2214311152516598			
BIOCARTA_CERAMIDE_PATHWAY	0.22142172312949837			
GO_REGULATION_OF_HORMONE_SECRETION	0.22139603616074716			
REACTOME_ALPHA_PROTEIN_KINASE_1_SIGNALING_PATHWAY	0.22138868559562846			
IPA_FOSL2_UP	0.22136109136195672			
GSE17974_IL4_AND_ANTI_IL12_VS_UNTREATED_4H_ACT_CD4_TCELL_UP	0.22133263528802843			
CREBP1_Q2	0.2213318154942877			
GO_NEGATIVE_REGULATION_OF_RESPONSE_TO_CYTOKINE_STIMULUS	0.22131729246957263			
GO_LEUKOCYTE_ACTIVATION_INVOLVED_IN_INFLAMMATORY_RESPONSE	0.22130873685017793			
GSE17721_POLYIC_VS_CPG_0.5H_BMDC_DN	0.22130372149605054			
MCGARVEY_SILENCED_BY_METHYLATION_IN_COLON_CANCER	0.2212981657888035			
ABE_INNER_EAR	0.22127804897325823			
GSE2706_LPS_VS_R848_AND_LPS_8H_STIM_DC_DN	0.2212617560850634			
BENPORATH_OCT4_TARGETS	0.22125215569599238			
GO_ASPARTIC_ENDOPEPTIDASE_ACTIVITY_INTRAMEMBRANE_CLEAVING	0.22124905159349417			
MIR1270	0.22123604910584152			
GO_GDP_MANNOSE_METABOLIC_PROCESS	0.221230440282022			
GO_BCL_2_FAMILY_PROTEIN_COMPLEX	0.22122287946006003			
GO_MANGANESE_ION_BINDING	0.22121845786236885			
ATF6_TARGET_GENES	0.22121569534103444			
GO_TESTOSTERONE_DEHYDROGENASE_NADPLUS_ACTIVITY	0.2212149935058872			
GO_ALPHA_ADRENERGIC_RECEPTOR_ACTIVITY	0.2211960252456952			
GSE30971_WBP7_HET_VS_KO_MACROPHAGE_UP	0.22118897840623516			
GSE13887_ACT_CD4_VS_NO_TREATED_CD4_TCELL_UP	0.22116665053431758			
GO_ORGANELLE_FUSION	0.22114411502976547			
MIR6880_5P	0.22113786755268186			
BOYAULT_LIVER_CANCER_SUBCLASS_G56_UP	0.2211369149680269			
IPA_FOXH1_UP	0.22110373352618354			
IPA_ZFP36L1_UP	0.22110373352618354			
IPA_ARID1A_UP	0.22110373352618354			
IPA_SMARCD2_UP	0.22110373352618354			
IPA_LDB2_UP	0.22110373352618354			
IPA_TERF1_UP	0.22110373352618354			
IPA_SIN3B_UP	0.22110373352618354			
RICKMAN_METASTASIS_UP	0.2210833815697234			
GO_MODULATION_BY_SYMBIONT_OF_HOST_PROGRAMMED_CELL_DEATH	0.2210796525914626			
GO_REGULATION_OF_FERTILIZATION	0.22107131587425047			
GO_APOPTOTIC_PROCESS_IN_BONE_MARROW_CELL	0.2210703962197749			
GO_INTERLEUKIN_23_PRODUCTION	0.22106688412385028			
GO_DIAPHRAGM_DEVELOPMENT	0.22105319551927372			
GSE2706_UNSTIM_VS_8H_R848_DC_DN	0.22105065782720962			
GO_EMBRYONIC_CAMERA_TYPE_EYE_MORPHOGENESIS	0.2210505556096513			
MIR6510_5P	0.22104979638770694			
GSE39110_DAY3_VS_DAY6_POST_IMMUNIZATION_CD8_TCELL_WITH_IL2_TREATMENT_DN	0.22104818508552965			
MIR4315	0.22104409669898747			
GSE17721_CTRL_VS_GARDIQUIMOD_24H_BMDC_DN	0.22101125813384084			
LEE_AGING_MUSCLE_DN	0.22098828887289984			
CIC_TARGET_GENES	0.22098447888520434			
GO_REGULATION_OF_MITOCHONDRIAL_MEMBRANE_PERMEABILITY_INVOLVED_IN_APOPTOTIC_PROCESS	0.22098225134256377			
MIR5701	0.2209799056514601			
PACHER_TARGETS_OF_IGF1_AND_IGF2_UP	0.22096373599572883			
BIOCARTA_RACCYCD_PATHWAY	0.2209628107656599			
GSE25123_WT_VS_PPARG_KO_MACROPHAGE_IL4_AND_ROSIGLITAZONE_STIM_UP	0.22095916778098507			
GO_EYE_PHOTORECEPTOR_CELL_DIFFERENTIATION	0.220943423446866			
GO_REGULATION_OF_PROTEIN_LOCALIZATION_TO_ENDOSOME	0.22093123310795448			
GSE13762_CTRL_VS_125_VITAMIND_DAY5_DC_DN	0.22090239400286796			
GCANCTGNY_MYOD_Q6	0.2208910134489755			
GO_SPHINGOLIPID_TRANSPORTER_ACTIVITY	0.22088659595903745			
GO_CARBOHYDRATE_TRANSPORT	0.2208832291358022			
GSE9946_LISTERIA_INF_MATURE_VS_PROSTAGLANDINE2_TREATED_MATURE_DC_DN	0.22088104696995223			
ZF5_01	0.22084426646034366			
IPA_HOXA1_DN	0.22083757419249622			
MIR6828_5P	0.22080936558776224			
IPA_ETS1_DN	0.2208049033146194			
PKCA_DN.V1_UP	0.22079483887956772			
ZNF274_TARGET_GENES	0.22077113286988811			
GO_HYPOTHALAMUS_DEVELOPMENT	0.22076561423263746			
GO_PROTEASOME_REGULATORY_PARTICLE_LID_SUBCOMPLEX	0.2207492282413			
GSE13522_WT_VS_IFNAR_KO_SKING_T_CRUZI_Y_STRAIN_INF_UP	0.22074625127223485			
GO_REGULATION_OF_LEUKOCYTE_CHEMOTAXIS	0.220739894746784			
GSE36826_WT_VS_IL1R_KO_SKIN_STAPH_AUREUS_INF_UP	0.22073828936466666			
REACTOME_MYD88_INDEPENDENT_TLR4_CASCADE	0.22071676442676333			
GENTILE_UV_RESPONSE_CLUSTER_D2	0.22071553036592526			
NIKOLSKY_BREAST_CANCER_7P22_AMPLICON	0.22070813149508509			
KEGG_GLYCOLYSIS_GLUCONEOGENESIS	0.22070276965699298			
GO_POSITIVE_REGULATION_OF_RECEPTOR_SIGNALING_PATHWAY_VIA_STAT	0.22068145890447458			
MIR2054	0.2206809508046824			
GO_TRANSDIFFERENTIATION	0.22067575066835188			
GO_REGULATION_OF_SYNAPSE_STRUCTURAL_PLASTICITY	0.22067329193065474			
GSE9946_IMMATURE_VS_LISTERIA_INF_MATURE_DC_UP	0.22066860089705162			
GSE18791_UNSTIM_VS_NEWCATSLE_VIRUS_DC_18H_DN	0.22066194799678904			
chr2q32	0.220659876953413			
GO_HRD1P_UBIQUITIN_LIGASE_ERAD_L_COMPLEX	0.22065856139858464			
MIR6822_3P	0.2206584518599205			
GO_POSITIVE_REGULATION_OF_ENDOTHELIAL_CELL_DEVELOPMENT	0.2206564693290704			
GO_EXTERNAL_SIDE_OF_PLASMA_MEMBRANE	0.22064394881653854			
CAGTGTT_MIR141_MIR200A	0.22063507461406134			
GO_NEGATIVE_REGULATION_OF_PRI_MIRNA_TRANSCRIPTION_BY_RNA_POLYMERASE_II	0.2206307179392239			
CHARAFE_BREAST_CANCER_BASAL_VS_MESENCHYMAL_DN	0.2206282934342671			
GSE40277_EOS_AND_LEF1_TRANSDUCED_VS_CTRL_CD4_TCELL_UP	0.2205964405259693			
IPA_RARB_DN	0.22059641587054543			
GO_PROTEIN_TYROSINE_KINASE_BINDING	0.2205583902066511			
COWLING_MYCN_TARGETS	0.2205570405109864			
REACTOME_INTERLEUKIN_6_SIGNALING	0.22055091651748937			
GO_NEGATIVE_REGULATION_OF_OXIDATIVE_STRESS_INDUCED_NEURON_DEATH	0.2205296117694219			
GSE8685_IL2_STARVED_VS_IL2_ACT_IL2_STARVED_CD4_TCELL_DN	0.2205104732659438			
MIR6758_3P	0.2205042389152295			
GO_POSITIVE_REGULATION_OF_INTRINSIC_APOPTOTIC_SIGNALING_PATHWAY_BY_P53_CLASS_MEDIATOR	0.22048652658627452			
IPA_ERG_UP	0.2204851751648787			
IPA_CREBBP_UP	0.22048418199173006			
ELK1_02	0.22047881410163211			
GO_GALACTOSE_CATABOLIC_PROCESS	0.22047495060482866			
GHO_ATF5_TARGETS_UP	0.22046726724011914			
GO_LIPID_TRANSLOCATION	0.22046312877876267			
GO_CYSTEINE_TYPE_ENDOPEPTIDASE_REGULATOR_ACTIVITY_INVOLVED_IN_APOPTOTIC_PROCESS	0.22046139022292266			
TTGGAGA_MIR5155P_MIR519E	0.22045997324896463			
GO_ENDOPLASMIC_RETICULUM_TUBULAR_NETWORK_MEMBRANE	0.22045296482661364			
GSE19888_ADENOSINE_A3R_INH_VS_INH_PRETREAT_AND_ACT_WITH_TCELL_MEMBRANES_MAST_CELL_UP	0.22044215286669305			
GO_RESPONSE_TO_FLUORIDE	0.22042277044128042			
GO_CORTICOSTEROID_HORMONE_SECRETION	0.22041791101745906			
MIR4661_3P	0.2204000253378562			
GO_POSITIVE_REGULATION_OF_MITOPHAGY	0.2203995839646646			
ZHAN_VARIABLE_EARLY_DIFFERENTIATION_GENES_UP	0.22037948491993306			
RODRIGUES_THYROID_CARCINOMA_UP	0.22036360919620343			
IPA_HOXA2_UP	0.22034596488602687			
chr8q24	0.2203357828615514			
GO_NEGATIVE_REGULATION_OF_FATTY_ACID_BIOSYNTHETIC_PROCESS	0.22032809154676292			
GO_R_SMAD_BINDING	0.22031663543852265			
GO_ACTIVATION_OF_MAPK_ACTIVITY	0.22030505836604822			
GSE22589_HEALTHY_VS_SIV_INFECTED_DC_DN	0.2203010975443261			
GSE8515_IL1_VS_IL6_4H_STIM_MAC_UP	0.22029915360259725			
GSE17721_0.5H_VS_4H_LPS_BMDC_UP	0.22029260958839844			
GSE26156_DOUBLE_POSITIVE_VS_CD4_SINGLE_POSITIVE_THYMOCYTE_UP	0.22028858874386542			
GSE17721_PAM3CSK4_VS_CPG_2H_BMDC_DN	0.2202575735396082			
GO_ENERGY_RESERVE_METABOLIC_PROCESS	0.22025729510584488			
GO_POSITIVE_REGULATION_OF_CELLULAR_AMIDE_METABOLIC_PROCESS	0.2202478601832161			
GO_AXIS_ELONGATION_INVOLVED_IN_SOMITOGENESIS	0.22023263164827875			
GO_NOSE_DEVELOPMENT	0.22022834414149411			
IPA_SMARCA2_DN	0.22022287122973183			
GO_ANTIMICROBIAL_HUMORAL_IMMUNE_RESPONSE_MEDIATED_BY_ANTIMICROBIAL_PEPTIDE	0.22022085250680595			
GO_COFACTOR_CATABOLIC_PROCESS	0.2202092096613823			
GSE7460_TCONV_VS_TREG_LN_UP	0.22020062949831953			
GSE5542_UNTREATED_VS_IFNA_TREATED_EPITHELIAL_CELLS_24H_UP	0.2201893113579732			
LET_7A_3P	0.22018343099357285			
MIR6828_3P	0.22015923094141385			
GO_TRANSLATION_ELONGATION_FACTOR_ACTIVITY	0.2201495630897387			
GSE23321_EFFECTOR_MEMORY_VS_NAIVE_CD8_TCELL_DN	0.2201487665359499			
MIR296_5P	0.22013214634760975			
MIR96_5P	0.22012198219676943			
GO_NATURAL_KILLER_CELL_PROLIFERATION	0.22009733481986957			
HOLLERN_EMT_BREAST_TUMOR_UP	0.2200941027686155			
GSE14415_NATURAL_TREG_VS_TCONV_UP	0.22009080661428207			
GSE17721_LPS_VS_CPG_8H_BMDC_DN	0.22007795844911796			
REACTOME_ACYL_CHAIN_REMODELLING_OF_PS	0.22006325948155792			
SOX9_B1	0.22005283765659633			
GO_THROMBIN_ACTIVATED_RECEPTOR_SIGNALING_PATHWAY	0.22004829535230563			
IPA_REL_DN	0.22004407391686662			
DELPUECH_FOXO3_TARGETS_DN	0.22003634792030435			
GO_REGULATION_OF_TRIGLYCERIDE_METABOLIC_PROCESS	0.220034562463633			
GO_REGULATION_OF_CYCLIN_DEPENDENT_PROTEIN_KINASE_ACTIVITY	0.2200313678428518			
MIR449B_5P	0.2200207739746208			
ZNF322_TARGET_GENES	0.22001226452949474			
REACTOME_BIOSYNTHESIS_OF_THE_N_GLYCAN_PRECURSOR_DOLICHOL_LIPID_LINKED_OLIGOSACCHARIDE_LLO_AND_TRANSFER_TO_A_NASCENT_PROTEIN	0.2200095587040999			
MIR576_5P	0.21998140800110344			
GO_STRESS_GRANULE_DISASSEMBLY	0.21997571396756174			
GO_RNA_POLYMERASE_I_CORE_BINDING	0.21991780015955734			
MIR7109_3P	0.21990715790934462			
MIR4688	0.219905839767163			
IPA_NPAS2_UP	0.2199038494513627			
GO_MRNA_5_UTR_BINDING	0.2198956044376541			
GO_AUDITORY_RECEPTOR_CELL_DEVELOPMENT	0.21988933854166529			
GO_DISORDERED_DOMAIN_SPECIFIC_BINDING	0.21988860992155312			
MIR98_3P	0.21985116987644532			
GO_DEATH_INDUCING_SIGNALING_COMPLEX	0.2198424922876484			
GO_NEUROTRANSMITTER_CATABOLIC_PROCESS	0.2198360640109853			
GO_RESPONSE_TO_TESTOSTERONE	0.21979318741216025			
GO_POSITIVE_REGULATION_OF_NEURON_PROJECTION_REGENERATION	0.21979234139041484			
TURASHVILI_BREAST_CARCINOMA_DUCTAL_VS_LOBULAR_DN	0.21978783428171336			
REACTOME_RET_SIGNALING	0.21977359039269553			
REACTOME_STRIATED_MUSCLE_CONTRACTION	0.2197684952344291			
FLECHNER_PBL_KIDNEY_TRANSPLANT_REJECTED_VS_OK_UP	0.2197660091658528			
GO_PROTEIN_MATURATION_BY_IRON_SULFUR_CLUSTER_TRANSFER	0.2197651552782235			
YAP1_UP	0.2197532882449551			
GO_REGULATION_OF_MELANOCYTE_DIFFERENTIATION	0.2197453469789767			
GSE6092_B_BURGDOFERI_VS_B_BURGDORFERI_AND_IFNG_STIM_ENDOTHELIAL_CELL_DN	0.21973706374666271			
REACTOME_REGULATION_OF_RUNX3_EXPRESSION_AND_ACTIVITY	0.2197337458173878			
ATATGCA_MIR448	0.2197333405113071			
IPA_HNF1A_UP	0.21973141550210706			
REACTOME_DOWNREGULATION_OF_SMAD2_3_SMAD4_TRANSCRIPTIONAL_ACTIVITY	0.2196803154022763			
WNT_UP.V1_UP	0.21967770715926277			
IPA_SULT2A1_UP	0.21966985394281338			
REACTOME_REGULATION_OF_RUNX2_EXPRESSION_AND_ACTIVITY	0.21966610088137925			
RODWELL_AGING_KIDNEY_UP	0.21966299587317342			
IPA_TAZ_UP	0.21965728600460901			
GO_PROTEASOME_ACCESSORY_COMPLEX	0.21965700492514673			
REACTOME_CHYLOMICRON_ASSEMBLY	0.2196498032916183			
MIR181A_5P_MIR181B_5P	0.219640471956839			
GO_REGULATION_OF_MUSCLE_ORGAN_DEVELOPMENT	0.21963875874193795			
GO_POSITIVE_REGULATION_OF_GLIAL_CELL_PROLIFERATION	0.21963638068665206			
GSE17721_PAM3CSK4_VS_GADIQUIMOD_16H_BMDC_DN	0.2196311144820582			
JOHANSSON_BRAIN_CANCER_EARLY_VS_LATE_UP	0.21960328376221583			
FUJIWARA_PARK2_HEPATOCYTE_PROLIFERATION_UP	0.21958742084089075			
GO_SUBSTRATE_INDEPENDENT_TELENCEPHALIC_TANGENTIAL_MIGRATION	0.2195855269445611			
REACTOME_INTERLEUKIN_36_PATHWAY	0.21958226216780508			
MIR181D_5P	0.21955903519939637			
REACTOME_LIPOPHAGY	0.21954128640227333			
GO_REGULATION_OF_MESODERMAL_CELL_FATE_SPECIFICATION	0.2195215356822309			
GSE37533_PPARG2_FOXP3_VS_FOXP3_TRANSDUCED_CD4_TCELL_PIOGLITAZONE_TREATED_DN	0.21951997160246334			
GO_MACROMOLECULE_CATABOLIC_PROCESS	0.21951259248738542			
MIR1258	0.21949908396434042			
GO_KETOSTEROID_MONOOXYGENASE_ACTIVITY	0.21949905957947025			
GO_SERINE_TRANSMEMBRANE_TRANSPORTER_ACTIVITY	0.21949609787888041			
GO_ARP2_3_PROTEIN_COMPLEX	0.21949380761890058			
GSE40274_SATB1_VS_FOXP3_AND_SATB1_TRANSDUCED_ACTIVATED_CD4_TCELL_UP	0.21948701341256235			
GO_MODIFIED_AMINO_ACID_TRANSMEMBRANE_TRANSPORTER_ACTIVITY	0.21948355404719233			
MIR3142	0.21947787817390554			
GSE4748_LPS_VS_LPS_AND_CYANOBACTERIUM_LPSLIKE_STIM_DC_3H_UP	0.21947041049467864			
GO_PARACRINE_SIGNALING	0.21945051460457943			
GSE17721_POLYIC_VS_CPG_16H_BMDC_UP	0.21943060592655073			
MIR3667_3P	0.21942904881394645			
GO_RESPONSE_TO_INTERFERON_BETA	0.21942629091803054			
GO_DOPAMINE_BIOSYNTHETIC_PROCESS	0.21941116690384962			
GO_CLATHRIN_DEPENDENT_ENDOCYTOSIS	0.219406194825894			
PID_NFAT_TFPATHWAY	0.21940255345536464			
GSE22886_NAIVE_CD4_TCELL_VS_48H_ACT_TH2_DN	0.2193870068117604			
GO_TRANSITION_METAL_ION_BINDING	0.21936614012096675			
MIR181C_5P	0.21936088797963077			
MIR3908	0.21935980596978238			
GSE9006_TYPE_1_DIABETES_AT_DX_VS_1MONTH_POST_DX_PBMC_UP	0.21935342632761962			
GO_NEGATIVE_REGULATION_OF_KERATINOCYTE_DIFFERENTIATION	0.21934556965715743			
GO_REGULATION_OF_AUTOPHAGY_OF_MITOCHONDRION_IN_RESPONSE_TO_MITOCHONDRIAL_DEPOLARIZATION	0.21934368418228964			
KOBAYASHI_EGFR_SIGNALING_24HR_DN	0.21934209160033796			
chr20p11	0.21933666575474983			
GO_UDP_N_ACETYLGLUCOSAMINE_BIOSYNTHETIC_PROCESS	0.21933188671324452			
IPA_SP7_UP	0.21932928122603862			
GSE40666_WT_VS_STAT4_KO_CD8_TCELL_UP	0.2193281521972129			
GO_HYDROLASE_ACTIVITY_ACTING_ON_ETHER_BONDS	0.21932335222437926			
GO_QUATERNARY_AMMONIUM_GROUP_BINDING	0.21930459450644196			
MIR3074_3P	0.21929013299619243			
GO_NEGATIVE_REGULATION_OF_PROTEIN_CONTAINING_COMPLEX_DISASSEMBLY	0.21929000036539034			
GSE34205_HEALTHY_VS_RSV_INF_INFANT_PBMC_DN	0.2192552197554415			
GO_POSITIVE_REGULATION_OF_NECROTIC_CELL_DEATH	0.21924024006910503			
LIN_MELANOMA_COPY_NUMBER_UP	0.21921025271301023			
GSE360_HIGH_VS_LOW_DOSE_B_MALAYI_DC_DN	0.21920227325418182			
YANG_BREAST_CANCER_ESR1_LASER_UP	0.21919228311129976			
ZHAN_MULTIPLE_MYELOMA_UP	0.2191868385969924			
GSE12507_PDC_CELL_LINE_VS_IMMATUE_T_CELL_LINE_DN	0.2191829673780935			
GSE42021_CD24INT_VS_CD24LOW_TCONV_THYMUS_UP	0.2191823275514854			
SCHAEFFER_PROSTATE_DEVELOPMENT_12HR_DN	0.21917714481795034			
IPA_EP300_DN	0.21916354629520413			
GO_ARACHIDONIC_ACID_MONOOXYGENASE_ACTIVITY	0.21915046884912298			
IPA_SSRP1_UP	0.2191364139773946			
FOSTER_KDM1A_TARGETS_UP	0.21911304562660278			
GO_PHOSPHATIDYLCHOLINE_CATABOLIC_PROCESS	0.21910942031260813			
GTCNYYATGR_UNKNOWN	0.21909464808812934			
MIR34C_5P	0.21906634161921537			
MIR6772_3P	0.21906554639044473			
GO_POSITIVE_REGULATION_OF_MUCUS_SECRETION	0.2190322434154009			
MIR3909	0.2190257417307144			
GO_FUSION_OF_SPERM_TO_EGG_PLASMA_MEMBRANE_INVOLVED_IN_SINGLE_FERTILIZATION	0.2190150164508245			
REACTOME_CLASS_B_2_SECRETIN_FAMILY_RECEPTORS	0.21900197376629715			
BIOCARTA_IL6_PATHWAY	0.21899578512046164			
GO_STEROID_BIOSYNTHETIC_PROCESS	0.21899495911341196			
MIR4690_3P	0.218993715766045			
REACTOME_RECEPTOR_MEDIATED_MITOPHAGY	0.2189928647361438			
GO_GASTRO_INTESTINAL_SYSTEM_SMOOTH_MUSCLE_CONTRACTION	0.2189890920991787			
KLF13_TARGET_GENES	0.21898657538353103			
FONTAINE_THYROID_TUMOR_UNCERTAIN_MALIGNANCY_UP	0.21897381758397122			
PID_RHOA_PATHWAY	0.2189690810039131			
GO_NEGATIVE_REGULATION_OF_PLATELET_DERIVED_GROWTH_FACTOR_RECEPTOR_SIGNALING_PATHWAY	0.21896508017484445			
SARTIPY_BLUNTED_BY_INSULIN_RESISTANCE_DN	0.21895929221298885			
GO_REGULATION_OF_RESPONSE_TO_OXIDATIVE_STRESS	0.21894470545604408			
KEGG_PPAR_SIGNALING_PATHWAY	0.21892862229195498			
GO_PLASMA_MEMBRANE_PROTEIN_COMPLEX	0.21892367659160772			
GO_NEUROTRANSMITTER_SODIUM_SYMPORTER_ACTIVITY	0.21892050570033111			
GO_VENTRICULAR_COMPACT_MYOCARDIUM_MORPHOGENESIS	0.2189148170665369			
GO_DOLICHYL_PHOSPHATE_MANNOSE_PROTEIN_MANNOSYLTRANSFERASE_ACTIVITY	0.21890139204697748			
REACTOME_N_GLYCAN_ANTENNAE_ELONGATION_IN_THE_MEDIAL_TRANS_GOLGI	0.218896313056569			
GSE20366_EX_VIVO_VS_DEC205_CONVERSION_NAIVE_CD4_TCELL_DN	0.21888685176030512			
GO_G_PROTEIN_COUPLED_RECEPTOR_COMPLEX	0.21886645742283237			
REACTOME_SODIUM_PROTON_EXCHANGERS	0.21885660636486262			
GO_TOLL_LIKE_RECEPTOR_4_SIGNALING_PATHWAY	0.21884369278586452			
GSE13485_DAY3_VS_DAY21_YF17D_VACCINE_PBMC_UP	0.21883611529535904			
GO_PARAXIAL_MESODERM_MORPHOGENESIS	0.21881952865200816			
GO_ANTIMICROBIAL_HUMORAL_RESPONSE	0.21881324282094583			
HUMMERICH_BENIGN_SKIN_TUMOR_UP	0.21880833831133328			
GSE339_CD4POS_VS_CD4CD8DN_DC_UP	0.21879894096963873			
GO_VITAMIN_A_METABOLIC_PROCESS	0.21878556448415443			
GO_HEAT_GENERATION	0.2187502924049132			
GO_REGULATION_OF_CELL_PROLIFERATION_INVOLVED_IN_KIDNEY_DEVELOPMENT	0.21873349031536587			
GO_CENTRAL_REGION_OF_GROWTH_CONE	0.21871086114442195			
chr7p22	0.21870368130339168			
LE_SKI_TARGETS_DN	0.21869363409236092			
GSE18203_CTRL_VS_INTRATUMORAL_CPG_INJ_MC38_TUMOR_DN	0.21868480666912746			
GO_NEGATIVE_REGULATION_OF_LIPOPROTEIN_LIPASE_ACTIVITY	0.21866848357713556			
KOINUMA_COLON_CANCER_MSI_DN	0.21866787516384414			
GO_AIM2_INFLAMMASOME_COMPLEX	0.2186669133070819			
GO_NEUTROPHIL_MEDIATED_KILLING_OF_GRAM_NEGATIVE_BACTERIUM	0.21865683504976804			
IPA_MAPK8IP1_UP	0.21865190144775165			
GSE21774_CD56_BRIGHT_VS_DIM_CD62L_POSITIVE_NK_CELL_DN	0.21864407410864348			
GO_ACTIVE_TRANSMEMBRANE_TRANSPORTER_ACTIVITY	0.21863812865148785			
GSE45365_WT_VS_IFNAR_KO_CD11B_DC_MCMV_INFECTION_DN	0.21862962210741052			
GO_ANKYRIN_BINDING	0.2186257174180496			
GO_VOLTAGE_GATED_ANION_CHANNEL_ACTIVITY	0.2186182249795658			
GO_FLIPPASE_ACTIVITY	0.2186039855156701			
PEREZ_TP53_TARGETS	0.2186031950976801			
GO_NEUROTRANSMITTER_GATED_ION_CHANNEL_CLUSTERING	0.21859422238894619			
GO_LIPOSACCHARIDE_METABOLIC_PROCESS	0.21857592937822115			
GO_PEPTIDYL_CYSTEINE_MODIFICATION	0.21856879016875896			
GO_POSITIVE_REGULATION_OF_CORTICOSTEROID_HORMONE_SECRETION	0.21856406931917519			
REACTOME_DEGRADATION_OF_CYSTEINE_AND_HOMOCYSTEINE	0.21854855369543336			
GO_POSITIVE_REGULATION_OF_NATURAL_KILLER_CELL_DIFFERENTIATION	0.21854031657052303			
IPA_HIST1H1C_DN	0.2185387714211844			
REACTOME_HDL_REMODELING	0.21853101946870146			
AIYAR_COBRA1_TARGETS_DN	0.2185160652619984			
CHIANG_LIVER_CANCER_SUBCLASS_INTERFERON_UP	0.2184971540843518			
GO_PIGMENT_METABOLIC_PROCESS	0.21847659655737312			
GO_PHOSPHOLIPASE_C_ACTIVATING_DOPAMINE_RECEPTOR_SIGNALING_PATHWAY	0.21847212345622824			
REACTOME_ARMS_MEDIATED_ACTIVATION	0.21846660902973			
GO_CYTOKINE_BINDING	0.2184610558126632			
GO_LONG_CHAIN_FATTY_ACID_COA_LIGASE_ACTIVITY	0.2184509083730682			
GSE21670_UNTREATED_VS_IL6_TREATED_STAT3_KO_CD4_TCELL_UP	0.218448252291039			
GO_SPHINGOLIPID_TRANSFER_ACTIVITY	0.21843730620431392			
GSE46606_DAY1_VS_DAY3_CD40L_IL2_IL5_STIMULATED_IRF4HIGH_BCELL_DN	0.21843510169148614			
REACTOME_TETRAHYDROBIOPTERIN_BH4_SYNTHESIS_RECYCLING_SALVAGE_AND_REGULATION	0.2184306680959622			
GSE16385_ROSIGLITAZONE_IFNG_TNF_VS_IL4_STIM_MACROPHAGE_DN	0.21841500518632018			
GO_RELAXATION_OF_SMOOTH_MUSCLE	0.21839967951052391			
GO_EPINEPHRINE_TRANSPORT	0.2183895864900713			
GSE11961_FOLLICULAR_BCELL_VS_PLASMA_CELL_DAY7_UP	0.21838850015107703			
chr14q24	0.21836492203779237			
MIR10396A_3P_MIR10396B_3P	0.21835939564437756			
VISALA_RESPONSE_TO_HEAT_SHOCK_AND_AGING_DN	0.21835136817865924			
GO_TOLL_LIKE_RECEPTOR_3_SIGNALING_PATHWAY	0.2183254885333387			
IPA_KCNIP3_DN	0.21830664831923124			
GSE17721_4H_VS_24H_POLYIC_BMDC_UP	0.21830522069175726			
GO_NEGATIVE_REGULATION_OF_DEFENSE_RESPONSE_TO_VIRUS	0.21829803594759523			
GSE43863_TFH_VS_LY6C_INT_CXCR5POS_MEMORY_CD4_TCELL_UP	0.21829714447367768			
MIR4422	0.21827317059464793			
KEGG_CYTOKINE_CYTOKINE_RECEPTOR_INTERACTION	0.21827091266926685			
HALLMARK_PEROXISOME	0.21825926156561243			
ROSS_LEUKEMIA_WITH_MLL_FUSIONS	0.21825682510081812			
GO_SELENIUM_BINDING	0.21825477701171914			
GO_NEGATIVE_REGULATION_OF_RESPONSE_TO_INTERFERON_GAMMA	0.21825390782275453			
GSE10147_IL3_VS_IL3_AND_CPG_STIM_PDC_DN	0.2182534998419328			
REACTOME_TRANSCRIPTIONAL_ACTIVITY_OF_SMAD2_SMAD3_SMAD4_HETEROTRIMER	0.2182529603765834			
GO_ENDOCYTIC_VESICLE_LUMEN	0.21823921670301089			
SEKI_INFLAMMATORY_RESPONSE_LPS_DN	0.2182383880912139			
GSE17721_0.5H_VS_12H_CPG_BMDC_UP	0.21823558511773355			
GO_POSITIVE_REGULATION_OF_RHO_PROTEIN_SIGNAL_TRANSDUCTION	0.2182347345726211			
RODRIGUES_DCC_TARGETS_UP	0.21820544535868036			
GO_GLOMERULAR_MESANGIAL_CELL_DEVELOPMENT	0.21818975788141085			
REACTOME_BINDING_AND_UPTAKE_OF_LIGANDS_BY_SCAVENGER_RECEPTORS	0.21818299985288908			
CHEOK_RESPONSE_TO_MERCAPTOPURINE_UP	0.21818116104220184			
GO_NUCLEOSIDE_MONOPHOSPHATE_CATABOLIC_PROCESS	0.21817485878795623			
GSE2585_CTEC_VS_THYMIC_DC_UP	0.21811876024728635			
GO_NEURON_PROJECTION_ARBORIZATION	0.21811741340443355			
STTTCRNTTT_IRF_Q6	0.2181088357277949			
GO_RACEMASE_AND_EPIMERASE_ACTIVITY_ACTING_ON_CARBOHYDRATES_AND_DERIVATIVES	0.21810552395362082			
GO_PROTEIN_REFOLDING	0.21809948992028536			
GO_RETINOL_BINDING	0.21809200908256318			
GSE15659_RESTING_TREG_VS_NONSUPPRESSIVE_TCELL_DN	0.21805243233459942			
YAMASHITA_LIVER_CANCER_WITH_EPCAM_DN	0.21805218543065813			
GO_ISOMERASE_ACTIVITY	0.21803712241956028			
GSE29164_DAY3_VS_DAY7_CD8_TCELL_AND_IL12_TREATED_MELANOMA_DN	0.21802612973746627			
GSE13485_CTRL_VS_DAY1_YF17D_VACCINE_PBMC_UP	0.21801369466239312			
GO_PROTEIN_PHOSPHATASE_TYPE_1_COMPLEX	0.21801205042370966			
IPA_GLI2_UP	0.2180023671984495			
GSE25147_UNSTIM_VS_HELIOBACTER_PYLORI_LPS_STIM_MKN45_CELL_UP	0.21798656674536673			
MIR6790_3P	0.2179816602829114			
IPA_ATF6B_UP	0.21797653443913811			
HOWLIN_CITED1_TARGETS_2_UP	0.21797444199429267			
REACTOME_RECYCLING_PATHWAY_OF_L1	0.2179700916151255			
OUYANG_PROSTATE_CANCER_MARKERS	0.21795489392364453			
GO_NEGATIVE_REGULATION_BY_HOST_OF_VIRAL_GENOME_REPLICATION	0.21792116815685453			
GO_TRANSMEMBRANE_RECEPTOR_PROTEIN_PHOSPHATASE_ACTIVITY	0.2179170828419158			
MIR8058	0.21789737014674407			
GO_WATER_TRANSPORT	0.21788842437180247			
GSE21546_WT_VS_SAP1A_KO_AND_ELK1_KO_DP_THYMOCYTES_UP	0.2178771870559242			
MIR6881_3P	0.21786211358931484			
GO_NEGATIVE_REGULATION_OF_SMOOTH_MUSCLE_CELL_PROLIFERATION	0.2178507208396789			
GO_XENOBIOTIC_CATABOLIC_PROCESS	0.21784972921074142			
GSE41176_WT_VS_TAK1_KO_ANTI_IGM_STIM_BCELL_1H_UP	0.21782639114641816			
REACTOME_INTERLEUKIN_27_SIGNALING	0.21782496473457422			
GO_CELLULAR_RESPONSE_TO_HEAT	0.2178197168362269			
REACTOME_RNA_POLYMERASE_I_TRANSCRIPTION_TERMINATION	0.2178107852663557			
GO_REGULATION_OF_PROTEIN_EXIT_FROM_ENDOPLASMIC_RETICULUM	0.217809898384564			
GGATTA_PITX2_Q2	0.21779049357834468			
GSE46606_IRF4HIGH_VS_WT_CD40L_IL2_IL5_DAY1_STIMULATED_BCELL_DN	0.2177894200483161			
GO_IMMATURE_T_CELL_PROLIFERATION	0.21778710321201178			
GO_MEMBRANE_PROTEIN_INTRACELLULAR_DOMAIN_PROTEOLYSIS	0.21776339467874442			
MIR6841_3P	0.21774314673253858			
REACTOME_PYRUVATE_METABOLISM_AND_CITRIC_ACID_TCA_CYCLE	0.21774261124285332			
GO_LOBAR_BRONCHUS_DEVELOPMENT	0.21773924289569402			
GO_PHOTORECEPTOR_CELL_DEVELOPMENT	0.21773911889016825			
GSE23321_CD8_STEM_CELL_MEMORY_VS_CENTRAL_MEMORY_CD8_TCELL_UP	0.21773891998118922			
GO_REGULATION_OF_FEMALE_GONAD_DEVELOPMENT	0.21772302051148198			
GO_MEIOTIC_ATTACHMENT_OF_TELOMERE_TO_NUCLEAR_ENVELOPE	0.21771980659396933			
GSE3982_NEUTROPHIL_VS_TH1_UP	0.21769783946554067			
MIR624_3P	0.21766266990453995			
WEI_MIR34A_TARGETS	0.21765526574479724			
LIN_NPAS4_TARGETS_DN	0.2176335314986791			
ZIM3_TARGET_GENES	0.2176306104034808			
GO_SOMITE_ROSTRAL_CAUDAL_AXIS_SPECIFICATION	0.21760419481714913			
GO_POLYUBIQUITIN_MODIFICATION_DEPENDENT_PROTEIN_BINDING	0.21759638690980798			
GO_EYE_PHOTORECEPTOR_CELL_DEVELOPMENT	0.2175678016841509			
GALLUZZI_PREVENT_MITOCHONDIAL_PERMEABILIZATION	0.217566892876295			
MARTINELLI_IMMATURE_NEUTROPHIL_UP	0.2175620581022819			
IPA_PSIP1_UP	0.21755618166265986			
GO_FIBROBLAST_GROWTH_FACTOR_RECEPTOR_BINDING	0.2175541870916615			
GO_GOLGI_ASSOCIATED_VESICLE_MEMBRANE	0.21755288445367968			
GO_WASH_COMPLEX	0.2175417168833485			
MIR140_3P	0.2175396744811611			
GO_EXTRACELLULAR_REGULATION_OF_SIGNAL_TRANSDUCTION	0.21753954637889475			
GO_REGULATION_OF_COMPLEMENT_DEPENDENT_CYTOTOXICITY	0.2175290490690519			
GSE37301_CD4_TCELL_VS_GRANULOCYTE_MONOCYTE_PROGENITOR_UP	0.2175217066868749			
GSE7852_LN_VS_THYMUS_TREG_DN	0.2174907468630633			
GO_RESPONSE_TO_HERBICIDE	0.21749001777456425			
GO_ATRIOVENTRICULAR_VALVE_DEVELOPMENT	0.2174818017212156			
MARKS_HDAC_TARGETS_DN	0.21747960249678233			
GO_CARBOHYDRATE_DERIVATIVE_TRANSMEMBRANE_TRANSPORTER_ACTIVITY	0.2174733535755925			
REACTOME_RAS_SIGNALING_DOWNSTREAM_OF_NF1_LOSS_OF_FUNCTION_VARIANTS	0.21746921023795301			
GSE3720_UNSTIM_VS_PMA_STIM_VD2_GAMMADELTA_TCELL_DN	0.2174545923393887			
GO_CELLULAR_RESPONSE_TO_NITROGEN_COMPOUND	0.2174434802704839			
GO_GALACTOSIDE_BINDING	0.21743594797671717			
LIU_COMMON_CANCER_GENES	0.21743388487955573			
AR_01	0.21742526499604461			
MIR9_3P	0.21741524811970145			
GO_NEGATIVE_REGULATION_OF_CD8_POSITIVE_ALPHA_BETA_T_CELL_ACTIVATION	0.21738964256958557			
GO_NEGATIVE_REGULATION_OF_SERINE_TYPE_PEPTIDASE_ACTIVITY	0.2173857384649159			
HAMAI_APOPTOSIS_VIA_TRAIL_UP	0.21737771175995452			
ZHENG_FOXP3_TARGETS_DN	0.2173522953560908			
GO_NEGATIVE_REGULATION_OF_CELLULAR_COMPONENT_ORGANIZATION	0.21735085699740592			
IPA_HOXD9_UP	0.21734492069551636			
REACTOME_TFAP2A_ACTS_AS_A_TRANSCRIPTIONAL_REPRESSOR_DURING_RETINOIC_ACID_INDUCED_CELL_DIFFERENTIATION	0.21734011661368616			
GSE17721_CTRL_VS_POLYIC_6H_BMDC_DN	0.2173345578209832			
GSE34156_UNTREATED_VS_6H_NOD2_LIGAND_TREATED_MONOCYTE_DN	0.21732721458259588			
STEIN_ESRRA_TARGETS_RESPONSIVE_TO_ESTROGEN_DN	0.21730184969661748			
GSE17721_LPS_VS_GARDIQUIMOD_8H_BMDC_DN	0.2172813557849173			
GO_CELL_DEATH_IN_RESPONSE_TO_HYDROGEN_PEROXIDE	0.21726361465037392			
MIR4520_2_3P	0.21724278665400937			
GSE5455_HEALTHY_VS_TUMOR_BEARING_MOUSE_SPLEEN_MONOCYTE_DN	0.2172377522458247			
GO_MESSENGER_RIBONUCLEOPROTEIN_COMPLEX	0.2172369880786092			
GSE20366_EX_VIVO_VS_HOMEOSTATIC_CONVERSION_NAIVE_CD4_TCELL_DN	0.21723454775509068			
GO_NEGATIVE_REGULATION_OF_PROTEIN_OLIGOMERIZATION	0.2172331273665823			
MIR3622B_5P	0.2172307826715793			
MIR4433A_5P	0.21719024763850694			
GO_THYROID_HORMONE_METABOLIC_PROCESS	0.21718986320629347			
GO_ADENYLATE_KINASE_ACTIVITY	0.2171720944798233			
MIR3935	0.21717069599060493			
TGTTTAC_MIR30A5P_MIR30C_MIR30D_MIR30B_MIR30E5P	0.21716425761067373			
MIR184	0.2171586774626705			
GSE17721_LPS_VS_CPG_1H_BMDC_DN	0.21711295392782545			
GSE17974_0.5H_VS_72H_IL4_AND_ANTI_IL12_ACT_CD4_TCELL_DN	0.21706716589599512			
GSE39110_UNTREATED_VS_IL2_TREATED_CD8_TCELL_DAY6_POST_IMMUNIZATION_DN	0.2170574560634122			
GARCIA_TARGETS_OF_FLI1_AND_DAX1_UP	0.21705676075397212			
GO_DIVALENT_INORGANIC_CATION_TRANSMEMBRANE_TRANSPORTER_ACTIVITY	0.21705126123484447			
GO_THIAMINE_PYROPHOSPHATE_BINDING	0.21704854892936026			
SCHWAB_TARGETS_OF_BMYB_POLYMORPHIC_VARIANTS_UP	0.21703814223150208			
VALK_AML_CLUSTER_12	0.21701207618494306			
GSE17721_PAM3CSK4_VS_CPG_2H_BMDC_UP	0.2170116820026789			
REACTOME_DEFECTIVE_C1GALT1C1_CAUSES_TN_POLYAGGLUTINATION_SYNDROME_TNPS	0.2169812493985979			
GSE22025_PROGESTERONE_VS_TGFB1_AND_PROGESTERONE_TREATED_CD4_TCELL_DN	0.21698111538931739			
GO_NEGATIVE_REGULATION_OF_CELLULAR_SENESCENCE	0.2169791126419996			
GO_PHOSPHAGEN_METABOLIC_PROCESS	0.21697768459282088			
KRAS.PROSTATE_UP.V1_DN	0.21696541763262353			
GO_POSITIVE_REGULATION_OF_RECEPTOR_BIOSYNTHETIC_PROCESS	0.21695864742834012			
GO_RACEMASE_AND_EPIMERASE_ACTIVITY	0.21695379582932844			
UROSEVIC_RESPONSE_TO_IMIQUIMOD	0.2169493601147021			
GO_NAD_BINDING	0.21694290335509023			
GO_POSITIVE_REGULATION_OF_MYELOID_CELL_APOPTOTIC_PROCESS	0.21693284154816345			
CACTGCC_MIR34A_MIR34C_MIR449	0.21691522139566807			
MIR4664_5P	0.21690340412776662			
GO_LIPOXYGENASE_PATHWAY	0.21688970752047976			
REACTOME_ABC_FAMILY_PROTEINS_MEDIATED_TRANSPORT	0.21688485228262974			
NAKAYAMA_SOFT_TISSUE_TUMORS_PCA1_UP	0.21688007104089735			
GO_CELLULAR_RESPONSE_TO_INTERFERON_ALPHA	0.2168752207640763			
GO_RESPONSE_TO_TEMPERATURE_STIMULUS	0.21686330932250505			
ZSCAN5DP_TARGET_GENES	0.2168510286850626			
GO_POSITIVE_REGULATION_OF_I_KAPPAB_PHOSPHORYLATION	0.21684400543742666			
GSE3982_DC_VS_NEUTROPHIL_LPS_STIM_UP	0.21677587055249756			
MIR5685	0.21676360672887648			
FUJIWARA_PARK2_IN_LIVER_CANCER_DN	0.21676231171967814			
GSE339_CD4POS_VS_CD4CD8DN_DC_IN_CULTURE_UP	0.21672794007997456			
REACTOME_DETOXIFICATION_OF_REACTIVE_OXYGEN_SPECIES	0.21672775988409773			
GSE14699_NAIVE_VS_DELETIONAL_TOLERANCE_CD8_TCELL_DN	0.21672193918796157			
IPA_WT1_DN	0.21670519680510703			
GSE16385_MONOCYTE_VS_12H_ROSIGLITAZONE_IFNG_TNF_TREATED_MACROPHAGE_UP	0.2166844588781039			
GO_S_ACYLTRANSFERASE_ACTIVITY	0.21668270051729158			
MIR122B_3P	0.21667615407770688			
GO_LONG_TERM_MEMORY	0.2166558555196228			
GO_NEGATIVE_REGULATION_OF_RESPONSE_TO_DRUG	0.21664858397675532			
GO_APOLIPOPROTEIN_A_I_BINDING	0.21664817718043333			
GSE13485_DAY7_VS_DAY21_YF17D_VACCINE_PBMC_DN	0.21662355335131345			
REACTOME_SIGNALLING_TO_P38_VIA_RIT_AND_RIN	0.21662099608490834			
IPA_TCF7L1_UP	0.21661081375073435			
GSE3039_B2_VS_B1_BCELL_UP	0.2165744996097242			
PASINI_SUZ12_TARGETS_UP	0.21656291671829056			
GSE42021_CD24LO_TREG_VS_CD24LO_TCONV_THYMUS_UP	0.21654832747235192			
MIR138_5P	0.21654809090710578			
IPA_GFI1_UP	0.21654165392687863			
GO_REGULATION_OF_MITOCHONDRIAL_OUTER_MEMBRANE_PERMEABILIZATION_INVOLVED_IN_APOPTOTIC_SIGNALING_PATHWAY	0.21653721067065232			
REACTOME_DISEASE	0.21651872348679232			
REACTOME_SYNTHESIS_OF_EPOXY_EET_AND_DIHYDROXYEICOSATRIENOIC_ACIDS_DHET	0.21651035225281115			
GO_REGULATION_OF_GLYCOGEN_CATABOLIC_PROCESS	0.21650792986584502			
REACTOME_NERVOUS_SYSTEM_DEVELOPMENT	0.21650737617086546			
GO_ESTABLISHMENT_OF_MITOCHONDRION_LOCALIZATION	0.21649680971281618			
GO_PEPTIDE_HORMONE_BINDING	0.21649218368055845			
GO_TROPHOBLAST_CELL_MIGRATION	0.21647261244917082			
MIR4538	0.21647241682627694			
GSE11961_MEMORY_BCELL_DAY7_VS_MEMORY_BCELL_DAY40_DN	0.21645776655191235			
GO_N_TERMINAL_PEPTIDYL_METHIONINE_ACETYLATION	0.21643535495303381			
GO_POSITIVE_REGULATION_OF_INTERLEUKIN_6_PRODUCTION	0.21643236635913243			
REACTOME_STIMULI_SENSING_CHANNELS	0.21638928586360182			
GSE17974_IL4_AND_ANTI_IL12_VS_UNTREATED_48H_ACT_CD4_TCELL_DN	0.21638849189570086			
GO_MULTINUCLEAR_OSTEOCLAST_DIFFERENTIATION	0.2163797664697116			
KUROKAWA_LIVER_CANCER_EARLY_RECURRENCE_DN	0.21634287351990825			
GSE3203_UNTREATED_VS_IFNB_TREATED_LN_BCELL_UP	0.21632739742833776			
GO_RETINAL_CONE_CELL_DIFFERENTIATION	0.2163227538974673			
IPA_HNRNPK_DN	0.21632133541419735			
GO_HIS_PURKINJE_SYSTEM_DEVELOPMENT	0.21631091160624571			
GO_NEGATIVE_REGULATION_OF_ORGANIC_ACID_TRANSPORT	0.2163079518050653			
GSE28726_NAIVE_CD4_TCELL_VS_NAIVE_NKTCELL_DN	0.2163008005286539			
IPA_RBPJ_UP	0.21627652349750312			
GO_POSITIVE_REGULATION_OF_MACROAUTOPHAGY	0.21627452673713876			
GO_PEROXISOME_ORGANIZATION	0.2162620463677123			
GO_NEGATIVE_REGULATION_OF_EXOCYTOSIS	0.21625305387930746			
GO_MELANIN_METABOLIC_PROCESS	0.21624939475022145			
GSE2585_THYMIC_MACROPHAGE_VS_MTEC_DN	0.21622448847006578			
MIR3617_3P	0.21621501701025572			
REACTOME_ABC_TRANSPORTER_DISORDERS	0.2162125531771612			
REACTOME_FGFR2B_LIGAND_BINDING_AND_ACTIVATION	0.2162027249179412			
IPA_POU3F1_UP	0.2161867238885223			
MIR4318	0.21618247009731503			
GSE3982_EOSINOPHIL_VS_NKCELL_UP	0.21618058882602817			
GO_ASYMMETRIC_STEM_CELL_DIVISION	0.21617993988762224			
KLF7_TARGET_GENES	0.21617268410964627			
GSE9006_HEALTHY_VS_TYPE_1_DIABETES_PBMC_1MONTH_POST_DX_UP	0.21616610550236742			
CEBPE_TARGET_GENES	0.21616153797543217			
GSE24634_TREG_VS_TCONV_POST_DAY5_IL4_CONVERSION_DN	0.2161484241321177			
chr20q11	0.21613977828122874			
GO_VITAMIN_TRANSPORT	0.21613352503330469			
GO_PROTEIN_ARGININE_DEIMINASE_ACTIVITY	0.21612993739037342			
GO_HISTONE_CITRULLINATION	0.21612993739037342			
MIR4445_3P	0.21612506754461877			
BROWNE_HCMV_INFECTION_18HR_UP	0.21611873160357842			
MIR513B_3P	0.21611546725344266			
GSE36392_EOSINOPHIL_VS_NEUTROPHIL_IL25_TREATED_LUNG_DN	0.21610425898140678			
GO_POSITIVE_REGULATION_OF_CHEMOTAXIS	0.21610084849084654			
GO_N_ACETYLLACTOSAMINIDE_BETA_1_3_N_ACETYLGLUCOSAMINYLTRANSFERASE_ACTIVITY	0.2160771617162257			
GO_FIBRILLAR_COLLAGEN_TRIMER	0.21607117280823476			
GO_PHENOL_CONTAINING_COMPOUND_BIOSYNTHETIC_PROCESS	0.21604099027910956			
GO_FOREBRAIN_DEVELOPMENT	0.21602012225309825			
NIKOLSKY_BREAST_CANCER_21Q22_AMPLICON	0.2160151673385725			
GO_PROTEIN_LINEAR_POLYUBIQUITINATION	0.2160122187792336			
REACTOME_SELECTIVE_AUTOPHAGY	0.21598957927051005			
ZNF37A_TARGET_GENES	0.21595358597534342			
GO_REGULATION_OF_RIBONUCLEASE_ACTIVITY	0.21594906474539463			
GO_CARDIOLIPIN_ACYL_CHAIN_REMODELING	0.2159408778173729			
GO_CLATHRIN_COAT	0.21593906521372366			
GO_REGULATION_OF_INTERLEUKIN_2_SECRETION	0.21592806023292652			
GSE360_DC_VS_MAC_L_DONOVANI_DN	0.21590485076507185			
chr7p21	0.21590168250659628			
GO_OLIGOSACCHARIDE_CATABOLIC_PROCESS	0.21589587609599978			
GO_VESTIBULOCOCHLEAR_NERVE_MORPHOGENESIS	0.21589517008189094			
FXR1_TARGET_GENES	0.2158866322452327			
GSE15324_NAIVE_VS_ACTIVATED_CD8_TCELL_DN	0.21588462905977954			
BEIER_GLIOMA_STEM_CELL_DN	0.2158584628050826			
GALI_TP53_TARGETS_APOPTOTIC_DN	0.21585492355857572			
BEIER_GLIOMA_STEM_CELL_UP	0.21585292913944298			
GO_REGULATION_OF_HUMORAL_IMMUNE_RESPONSE	0.21584696701205172			
REACTOME_MAPK_TARGETS_NUCLEAR_EVENTS_MEDIATED_BY_MAP_KINASES	0.21583982746991406			
GSE17974_1H_VS_72H_UNTREATED_IN_VITRO_CD4_TCELL_UP	0.21583797344698993			
GSE37532_TREG_VS_TCONV_PPARG_KO_CD4_TCELL_FROM_VISCERAL_ADIPOSE_TISSUE_UP	0.2158185235765133			
IPA_SOX9_UP	0.2158172874736322			
GO_RESPONSE_TO_XENOBIOTIC_STIMULUS	0.21580138839930643			
GO_REGULATION_OF_HYDROGEN_PEROXIDE_METABOLIC_PROCESS	0.21578879620284636			
GO_LOOP_OF_HENLE_DEVELOPMENT	0.21577614569004008			
GO_CELLULAR_RESPONSE_TO_ALCOHOL	0.21577488324460078			
GO_DNA_APURINIC_OR_APYRIMIDINIC_SITE_ENDONUCLEASE_ACTIVITY	0.21577264705116966			
IPA_ELK4_UP	0.2157699236701532			
GSE39556_UNTREATED_VS_3H_POLYIC_INJ_MOUSE_NK_CELL_DN	0.21576448866910541			
GO_SYNAPTIC_VESICLE_ENDOCYTOSIS	0.21574744390863296			
GSE27092_WT_VS_HDAC7_PHOSPHO_DEFICIENT_CD8_TCELL_DN	0.21573423134948302			
GSE43260_BTLA_POS_VS_NEG_INTRATUMORAL_CD8_TCELL_DN	0.21572580185137152			
STAT3_02	0.2157240873909208			
IPA_AHRR_UP	0.2157011654250323			
GSE36888_UNTREATED_VS_IL2_TREATED_TCELL_17H_UP	0.21568801801452753			
GO_ANTERIOR_POSTERIOR_AXIS_SPECIFICATION	0.2156763601270575			
ZBTB10_TARGET_GENES	0.21566966197995466			
GSE45365_HEALTHY_VS_MCMV_INFECTION_CD11B_DC_IFNAR_KO_DN	0.21566878286742502			
REACTOME_COPI_DEPENDENT_GOLGI_TO_ER_RETROGRADE_TRAFFIC	0.21566681037510435			
GSE17721_LPS_VS_CPG_12H_BMDC_UP	0.21566228557270345			
GO_DIRECT_OSSIFICATION	0.215662060286657			
GSE6875_TCONV_VS_FOXP3_KO_TREG_DN	0.21565004096592227			
IPA_POU2AF1_DN	0.21562083451478997			
KEGG_GLYCOSPHINGOLIPID_BIOSYNTHESIS_GANGLIO_SERIES	0.215604933899117			
GO_CIS_GOLGI_NETWORK_MEMBRANE	0.21558231385261484			
MIR140_5P	0.21557886752444314			
GSE34156_UNTREATED_VS_24H_NOD2_AND_TLR1_TLR2_LIGAND_TREATED_MONOCYTE_DN	0.2155632998646022			
HOXB7_TARGET_GENES	0.21556129117737705			
ATM_TARGET_GENES	0.2155462217095642			
BROWNE_INTERFERON_RESPONSIVE_GENES	0.2155281170371688			
POS_RESPONSE_TO_HISTAMINE_UP	0.2155045760280614			
REACTOME_METABOLISM_OF_STEROID_HORMONES	0.21549202336515916			
GO_PEPTIDE_CATABOLIC_PROCESS	0.21548961592079546			
YNTTTNNNANGCARM_UNKNOWN	0.21547805167022221			
REACTOME_INSULIN_PROCESSING	0.21546799313491408			
GO_NEGATIVE_REGULATION_OF_FIBROBLAST_PROLIFERATION	0.21546436571860325			
GSE17301_ACD3_ACD28_VS_ACD3_ACD28_AND_IFNA2_STIM_CD8_TCELL_DN	0.21544376614441613			
TTTGCAG_MIR518A2	0.2154423836884838			
IPA_POU1F1_DN	0.215438070254396			
PRC2_EED_UP.V1_UP	0.21539218277587302			
GO_MOTOR_ACTIVITY	0.21538594076113163			
GO_MEMBRANE_REPOLARIZATION_DURING_VENTRICULAR_CARDIAC_MUSCLE_CELL_ACTION_POTENTIAL	0.21535381966093795			
TATTATA_MIR374	0.21534572210687922			
GO_REGULATION_OF_MONOOXYGENASE_ACTIVITY	0.21533627354774013			
REACTOME_ABACAVIR_TRANSPORT_AND_METABOLISM	0.2152993050506207			
GSE9316_CD4_TCELL_BALBC_VS_TH17_ENRI_CD4_TCELL_SKG_PMA_IONO_STIM_FR4NEG_DN	0.21522926625883945			
GHANDHI_DIRECT_IRRADIATION_DN	0.21519515926889432			
MIR21_3P	0.2151942923104252			
GO_PEPTIDE_TRANSMEMBRANE_TRANSPORTER_ACTIVITY	0.21519067441746184			
REACTOME_SUMOYLATION_OF_INTRACELLULAR_RECEPTORS	0.21518210377186292			
IPA_MSX1_UP	0.21517017065257235			
GSE27786_LSK_VS_MONO_MAC_DN	0.21516092409072327			
IPA_THRA_DN	0.21515672762129961			
MIR4420	0.21515016815580557			
BIOCARTA_CHREBP_PATHWAY	0.21513893886707086			
GO_MITRAL_VALVE_DEVELOPMENT	0.21513698876103504			
GSE16385_MONOCYTE_VS_12H_ROSIGLITAZONE_IFNG_TNF_TREATED_MACROPHAGE_DN	0.21513283343735787			
IPA_CHD7_UP	0.21512866915751153			
BIOCARTA_EICOSANOID_PATHWAY	0.21512117997075422			
GO_GLYCEROLIPID_CATABOLIC_PROCESS	0.21511288624608402			
GO_COENZYME_METABOLIC_PROCESS	0.21510966813850457			
GO_REGULATION_OF_SUPEROXIDE_ANION_GENERATION	0.2150837846741635			
GO_ANTIBIOTIC_METABOLIC_PROCESS	0.21507351415830636			
MIR2115_5P	0.2150666666518152			
MIR5191	0.21505977934135448			
LEIN_MIDBRAIN_MARKERS	0.2150457531580867			
MYC_Q2	0.21504185884645727			
F10_TARGET_GENES	0.21504030042083377			
GO_PEPTIDASE_COMPLEX	0.21503011891043494			
GSE2706_UNSTIM_VS_8H_LPS_DC_DN	0.21502705297920244			
GSE5589_LPS_VS_LPS_AND_IL6_STIM_MACROPHAGE_45MIN_UP	0.21501254093909367			
DACH1_TARGET_GENES	0.21499107879351648			
GO_MODIFIED_AMINO_ACID_TRANSPORT	0.21497483955009303			
GSE17721_POLYIC_VS_GARDIQUIMOD_0.5H_BMDC_UP	0.2149703223489445			
GO_HOMEOSTATIC_PROCESS	0.21496669777339075			
MIR1277_5P	0.2149641949653475			
NFAT_Q6	0.21496046660275026			
GO_ASTRAL_MICROTUBULE_ORGANIZATION	0.21495550996434323			
GO_ACID_THIOL_LIGASE_ACTIVITY	0.21495537458890698			
GO_PROTEIN_TRANSMEMBRANE_TRANSPORT	0.21492672751736608			
WWTAAGGC_UNKNOWN	0.21490796233517423			
GO_CELLULAR_RESPONSE_TO_LEPTIN_STIMULUS	0.21489324075804989			
GO_MEDIUM_CHAIN_FATTY_ACID_COA_LIGASE_ACTIVITY	0.21489078470490033			
GO_RESPONSE_TO_SALT_STRESS	0.21485904752716523			
IPA_ELF5_DN	0.2148533104418343			
SMID_BREAST_CANCER_RELAPSE_IN_LUNG_DN	0.21485188721448584			
GO_REGULATION_OF_CHEMOKINE_MEDIATED_SIGNALING_PATHWAY	0.21484629066273514			
GRAHAM_CML_QUIESCENT_VS_NORMAL_QUIESCENT_DN	0.21484601574348033			
KORKOLA_CHORIOCARCINOMA	0.21483964459366725			
GSE18281_CORTICAL_THYMOCYTE_VS_WHOLE_CORTEX_THYMUS_UP	0.2148369234889195			
GO_MONONUCLEAR_CELL_DIFFERENTIATION	0.21482211064578238			
IPA_GSC_UP	0.21481286132791863			
GO_POSITIVE_REGULATION_OF_CELLULAR_EXTRAVASATION	0.2147946776313836			
GO_CELLULAR_RESPONSE_TO_HYPEROXIA	0.21479434733567915			
GO_PROTEIN_DEMANNOSYLATION	0.21479140997755525			
REACTOME_GASTRIN_CREB_SIGNALLING_PATHWAY_VIA_PKC_AND_MAPK	0.21478795286000973			
GO_NEGATIVE_REGULATION_OF_AUTOPHAGY	0.21478534792709295			
GO_COBALAMIN_TRANSPORT	0.21477355360766523			
GO_KINESIN_BINDING	0.21477026004254388			
GO_IRON_ION_TRANSMEMBRANE_TRANSPORTER_ACTIVITY	0.2147653205822686			
IPA_HMGB1_UP	0.21471637478468422			
GO_PLASMA_MEMBRANE_REPAIR	0.2147112297502402			
MIR5197_5P	0.2146991332043537			
GO_MICROTUBULE_CYTOSKELETON_ORGANIZATION_INVOLVED_IN_MITOSIS	0.21468862716135728			
MIR5682	0.21467312352838053			
CASTELLANO_HRAS_AND_NRAS_TARGETS_DN	0.21467014184563535			
GO_REGULATION_OF_SMOOTH_MUSCLE_CELL_CHEMOTAXIS	0.21466898518386338			
GO_TRANSFERASE_ACTIVITY_TRANSFERRING_AMINO_ACYL_GROUPS	0.21462470939602213			
MULLIGAN_NTF3_SIGNALING_VIA_INSR_AND_IGF1R_DN	0.21461113743316443			
MIR217_5P	0.21457606512623867			
REACTOME_CROSSLINKING_OF_COLLAGEN_FIBRILS	0.21454534207834852			
REACTOME_REGULATION_OF_TNFR1_SIGNALING	0.21453425332467296			
BIOCARTA_PYK2_PATHWAY	0.21452130609678827			
MIR6832_3P	0.21451873620827808			
GO_POSITIVE_REGULATION_OF_MYOTUBE_DIFFERENTIATION	0.2145009794350378			
GSE7348_UNSTIM_VS_LPS_STIM_MACROPHAGE_DN	0.21449797364584683			
KIM_RESPONSE_TO_TSA_AND_DECITABINE_DN	0.2144725234389574			
IL21_UP.V1_UP	0.21446294419828407			
IIZUKA_LIVER_CANCER_PROGRESSION_L0_L1_DN	0.21446268413821912			
GSE2706_2H_VS_8H_LPS_STIM_DC_DN	0.21444793761755024			
ATGTTTC_MIR494	0.214446775876603			
IPA_NR2F1_DN	0.2144397828126374			
ZNF394_TARGET_GENES	0.21443339509210615			
GSE6259_FLT3L_INDUCED_VS_WT_SPLENIC_DC_33D1_POS_DN	0.21442043517286155			
GSE25123_CTRL_VS_IL4_STIM_PPARG_KO_MACROPHAGE_DN	0.2143955433199398			
IPA_KDM5B_UP	0.2143828832020756			
MIR575	0.2143691020149932			
GO_THYROID_HORMONE_GENERATION	0.21436063643288802			
GO_AMINOPEPTIDASE_ACTIVITY	0.21435747063343788			
GO_PROTEASOME_ASSEMBLY	0.21435706903335308			
GSE11864_CSF1_VS_CSF1_IFNG_PAM3CYS_IN_MAC_DN	0.21435369492070883			
IPA_ERG_DN	0.21434501998009803			
GO_POSITIVE_REGULATION_OF_RYANODINE_SENSITIVE_CALCIUM_RELEASE_CHANNEL_ACTIVITY	0.21433008640787604			
GSE17721_LPS_VS_GARDIQUIMOD_6H_BMDC_UP	0.21432928801049053			
AUJLA_IL22_AND_IL17A_SIGNALING	0.2143163944075789			
GSE6092_IFNG_VS_IFNG_AND_B_BURGDORFERI_INF_ENDOTHELIAL_CELL_DN	0.21430847809401615			
SOUCEK_MYC_TARGETS	0.2143002139526044			
GSE40493_BCL6_KO_VS_WT_TREG_DN	0.21429481410025497			
MIR493_5P	0.21428496963372537			
GO_CARDIOBLAST_DIFFERENTIATION	0.21427959640499927			
MIR2116_3P	0.21426655165631017			
AGUIRRE_PANCREATIC_CANCER_COPY_NUMBER_DN	0.21426376204240077			
BIOCARTA_CLASSIC_PATHWAY	0.2142558066276765			
IPA_NFIL3_DN	0.21425528461877189			
FUKUSHIMA_TNFSF11_TARGETS	0.21424897598269801			
GSE360_T_GONDII_VS_B_MALAYI_HIGH_DOSE_DC_DN	0.21423635253138137			
GSE13493_DP_VS_CD8POS_THYMOCYTE_DN	0.21422025998425198			
IPA_MYOG_UP	0.21418890846712316			
GSE8835_CD4_VS_CD8_TCELL_CLL_PATIENT_UP	0.21417054167290314			
BLALOCK_ALZHEIMERS_DISEASE_DN	0.21416319029968636			
GO_NEGATIVE_REGULATION_OF_INTERLEUKIN_13_PRODUCTION	0.21416111893613507			
GO_REGULATION_OF_ODONTOGENESIS	0.2141590080812187			
GSE6092_UNSTIM_VS_IFNG_STIM_AND_B_BURGDORFERI_INF_ENDOTHELIAL_CELL_UP	0.21415504477866712			
REACTOME_ANTIVIRAL_MECHANISM_BY_IFN_STIMULATED_GENES	0.21414963456750474			
MINGUEZ_LIVER_CANCER_VASCULAR_INVASION_DN	0.21414662128826165			
GO_REGULATION_OF_RESPONSE_TO_INTERFERON_GAMMA	0.21414135032236672			
WEST_ADRENOCORTICAL_TUMOR_UP	0.21413309518916787			
GO_PEPTIDE_BINDING	0.21412683328739043			
GSE9988_ANTI_TREM1_VS_LPS_MONOCYTE_DN	0.21412386017248822			
MIR3686	0.2141226706678274			
GO_REGULATION_OF_SKELETAL_MUSCLE_TISSUE_DEVELOPMENT	0.21412013801934024			
REACTOME_REGULATION_OF_LOCALIZATION_OF_FOXO_TRANSCRIPTION_FACTORS	0.21411507901078614			
GCM_Q2	0.21410996573497895			
GO_REGULATION_OF_HEART_INDUCTION	0.21410018500656033			
BIOCARTA_COMP_PATHWAY	0.21409993796244534			
GO_INTERLEUKIN_18_MEDIATED_SIGNALING_PATHWAY	0.2140901420505404			
IPA_FUS_DN	0.21406542270333934			
GO_DENSE_BODY	0.2140557646861476			
BIOCARTA_CACAM_PATHWAY	0.21403457089964154			
GO_PROTEIN_LOCALIZATION_TO_CYTOSKELETON	0.21402369259078818			
GO_AMIDINE_LYASE_ACTIVITY	0.2140216604824397			
REACTOME_ACTIVATED_NOTCH1_TRANSMITS_SIGNAL_TO_THE_NUCLEUS	0.2140036808156752			
GO_PHOSPHATIDYLINOSITOL_PHOSPHATE_4_PHOSPHATASE_ACTIVITY	0.21399807500848814			
MIR9851_5P	0.21398663644590663			
GO_SUGAR_TRANSMEMBRANE_TRANSPORTER_ACTIVITY	0.21398324611288388			
IPA_GTF2B_UP	0.21397856958343858			
MIR1284	0.21395424220536022			
MIR6749_3P	0.21394524538577614			
NEBEN_AML_WITH_FLT3_OR_NRAS_UP	0.2139178049565765			
GSE32986_GMCSF_VS_GMCSF_AND_CURDLAN_LOWDOSE_STIM_DC_UP	0.2139156824527281			
GO_REGULATION_OF_STEROID_BIOSYNTHETIC_PROCESS	0.21391140866659333			
MIR1295B_3P	0.21390581212692575			
IPA_FOXO3_UP	0.2139052933341432			
GO_STRUCTURAL_CONSTITUENT_OF_SKIN_EPIDERMIS	0.21390488871188307			
IPA_EMX1_UP	0.21390170307181322			
CEBP_Q2	0.21388724333757225			
GO_PHOSPHATIDYLETHANOLAMINE_BINDING	0.21387227709160533			
TCATCTC_MIR143	0.21386752779321344			
MIR4312	0.21386584670241468			
GO_NADPH_REGENERATION	0.21385804917818102			
IPA_IL18_DN	0.21385580538086987			
GO_RIGHTING_REFLEX	0.21385451474257788			
GO_INOSITOL_LIPID_MEDIATED_SIGNALING	0.21383556162642484			
CHEN_HOXA5_TARGETS_9HR_UP	0.21383544640128407			
GO_NUCLEOTIDE_BINDING_OLIGOMERIZATION_DOMAIN_CONTAINING_2_SIGNALING_PATHWAY	0.21381809100497404			
GSE37532_VISCERAL_ADIPOSE_TISSUE_VS_LN_DERIVED_TCONV_CD4_TCELL_UP	0.21381004743930948			
WONG_MITOCHONDRIA_GENE_MODULE	0.21379489188864537			
GSE7831_UNSTIM_VS_INFLUENZA_STIM_PDC_1H_DN	0.21379364162969905			
GO_REGULATION_OF_PROSTAGLANDIN_SECRETION	0.2137836594492079			
AGCACTT_MIR93_MIR302A_MIR302B_MIR302C_MIR302D_MIR372_MIR373_MIR520E_MIR520A_MIR526B_MIR520B_MIR520C_MIR520D	0.21377095432708879			
GSE14699_DELETIONAL_TOLERANCE_VS_ACTIVATED_CD8_TCELL_DN	0.21376156701722324			
JIANG_AGING_CEREBRAL_CORTEX_UP	0.21372751975126636			
GSE2770_IL12_VS_IL4_TREATED_ACT_CD4_TCELL_2H_DN	0.21372745088923017			
GO_GALACTOSE_CATABOLIC_PROCESS_VIA_UDP_GALACTOSE	0.2137233682631872			
MIR450A_2_3P	0.21372140215129515			
GO_REGULATION_OF_INTERLEUKIN_10_SECRETION	0.21370834263546384			
MIR374A_5P	0.21370761777057717			
MIR1304_5P	0.21368911551678216			
MIR6857_3P	0.21368187924596654			
GO_CELLULAR_RESPONSE_TO_ALDEHYDE	0.21367996319327193			
IPA_SIN3A_DN	0.2136690553443115			
KAECH_DAY8_EFF_VS_DAY15_EFF_CD8_TCELL_UP	0.2136631670753529			
GO_NEGATIVE_REGULATION_OF_ANION_TRANSPORT	0.21366294487826493			
IPA_HOXC13_UP	0.21365063874498252			
GO_RESPONSE_TO_AMINO_ACID	0.21364163971627115			
IPA_NCL_UP	0.2136369406886777			
GO_STEROID_CATABOLIC_PROCESS	0.21362959225047523			
MIKKELSEN_PARTIALLY_REPROGRAMMED_TO_PLURIPOTENCY	0.21362708846733044			
GO_MIDDLE_EAR_MORPHOGENESIS	0.21362360471856795			
MIR6765_3P	0.2136198432349887			
GSE26669_CTRL_VS_COSTIM_BLOCK_MLR_CD4_TCELL_UP	0.21361478258166774			
GSE36826_WT_VS_IL1R_KO_SKIN_DN	0.21361173395156519			
MIR6854_5P	0.21361162277432225			
SANDERSON_PPARA_TARGETS	0.2136102194159721			
GO_CALCIUM_DEPENDENT_PHOSPHOLIPASE_A2_ACTIVITY	0.21360331665745982			
GSE12845_NAIVE_VS_PRE_GC_TONSIL_BCELL_UP	0.21358551386995533			
HAHTOLA_CTCL_CUTANEOUS	0.21358279113994172			
GO_REGULATION_OF_MESODERMAL_CELL_DIFFERENTIATION	0.21357872354437024			
GO_REGULATION_OF_MESODERM_FORMATION	0.21357872354437024			
MIR4309	0.21357205533860202			
GSE43955_TH0_VS_TGFB_IL6_TH17_ACT_CD4_TCELL_10H_UP	0.21356207499855082			
GO_VITAMIN_BIOSYNTHETIC_PROCESS	0.213558688401816			
GO_TRANSEPITHELIAL_CHLORIDE_TRANSPORT	0.2135145339671991			
GO_NEGATIVE_REGULATION_OF_OSTEOBLAST_DIFFERENTIATION	0.21350513765760942			
GSE21033_CTRL_VS_POLYIC_STIM_DC_1H_UP	0.21348000383031002			
GO_NEGATIVE_REGULATION_OF_MUSCLE_TISSUE_DEVELOPMENT	0.21347964593832694			
GSE24292_WT_VS_PPARG_KO_MACROPHAGE_DN	0.21347890203969963			
GO_PROTEIN_FOLDING_CHAPERONE	0.21346915717644335			
REACTOME_ORGANIC_CATION_ANION_ZWITTERION_TRANSPORT	0.21346799455743257			
SHI_SPARC_TARGETS_UP	0.21346591002724452			
GO_EXCITATORY_SYNAPSE_ASSEMBLY	0.21343666235011646			
GO_AXON_GUIDANCE_RECEPTOR_ACTIVITY	0.21341220620359083			
IPA_ZNF143_UP	0.21340623672427608			
GSE19198_1H_VS_24H_IL21_TREATED_TCELL_UP	0.21339149536125201			
IPA_RUVBL1_UP	0.21338158171624164			
chr5p15	0.21338006332167295			
GO_PERISTALSIS	0.21337382615478337			
GSE7852_TREG_VS_TCONV_THYMUS_DN	0.2133735829029124			
IPA_HDAC3_UP	0.21335708273675727			
GO_ORGANELLE_TRANSPORT_ALONG_MICROTUBULE	0.2133539153574869			
GO_POSITIVE_REGULATION_OF_GONADOTROPIN_SECRETION	0.2133521981344881			
PID_TRAIL_PATHWAY	0.2133496769297955			
GO_POSTSYNAPTIC_ENDOCYTIC_ZONE_MEMBRANE	0.21334585440749237			
REACTOME_FGFRL1_MODULATION_OF_FGFR1_SIGNALING	0.21333704601996098			
GO_FHF_COMPLEX	0.2133308028085315			
GO_ENDOPEPTIDASE_COMPLEX	0.21332721116951023			
GO_CELLULAR_RESPONSE_TO_CHOLESTEROL	0.21332521223992212			
GO_REGULATION_OF_SERINE_TYPE_PEPTIDASE_ACTIVITY	0.2133048141046759			
GSE3982_NKCELL_VS_TH2_UP	0.2133021068766687			
REACTOME_TNFR1_INDUCED_NFKAPPAB_SIGNALING_PATHWAY	0.21327487758036853			
MIR223_3P	0.21327247030518226			
GO_REGULATION_OF_SYNAPTIC_VESICLE_PRIMING	0.21325888303929022			
CASTELLANO_HRAS_TARGETS_DN	0.21325132675155076			
CAFFAREL_RESPONSE_TO_THC_UP	0.21324352298810234			
GO_REGULATION_OF_MICROTUBULE_BASED_PROCESS	0.21323735735712734			
BIOCARTA_RNA_PATHWAY	0.21322613309640387			
IPA_RUNX1_DN	0.2132215794152765			
GO_REGULATION_OF_WNT_SIGNALING_PATHWAY_INVOLVED_IN_HEART_DEVELOPMENT	0.2132188950536065			
PID_PTP1B_PATHWAY	0.2132135460471663			
MMEF2_Q6	0.21319941100943562			
GO_NEGATIVE_REGULATION_OF_LAMELLIPODIUM_ASSEMBLY	0.21318607721766486			
MIR6764_3P	0.21316915728729577			
GO_HINDBRAIN_RADIAL_GLIA_GUIDED_CELL_MIGRATION	0.21316230410150278			
GO_REGULATION_OF_VERY_LOW_DENSITY_LIPOPROTEIN_PARTICLE_CLEARANCE	0.2131615784698265			
GO_CARBOHYDRATE_CATION_SYMPORTER_ACTIVITY	0.21315847567989057			
GO_POSITIVE_REGULATION_OF_ARACHIDONIC_ACID_SECRETION	0.21315241072097457			
GSE9006_HEALTHY_VS_TYPE_1_DIABETES_PBMC_AT_DX_DN	0.21314606763972538			
TGCACTG_MIR148A_MIR152_MIR148B	0.21314503354419995			
GSE33292_DN3_THYMOCYTE_VS_TCELL_LYMPHOMA_FROM_TCF1_KO_DN	0.21314151112354307			
TURASHVILI_BREAST_LOBULAR_CARCINOMA_VS_LOBULAR_NORMAL_DN	0.2131391459818115			
GO_ORGANIC_ANION_TRANSMEMBRANE_TRANSPORTER_ACTIVITY	0.2131263908138733			
GO_MITOCHONDRIAL_MEMBRANE_ORGANIZATION	0.2131255293882695			
GO_PHOSPHATIDYLETHANOLAMINE_ACYL_CHAIN_REMODELING	0.2131253032679039			
IPA_HOXD8_UP	0.21311661743046295			
REACTOME_RUNX3_REGULATES_WNT_SIGNALING	0.2131154427578813			
REACTOME_NOD1_2_SIGNALING_PATHWAY	0.21309094932678285			
YAP1_DN	0.21308777224578837			
GO_TETRAPYRROLE_BIOSYNTHETIC_PROCESS	0.21308370756700054			
MIR6852_5P	0.21306323539567948			
ZNF776_TARGET_GENES	0.21304286576182915			
GO_GLYCOSPHINGOLIPID_METABOLIC_PROCESS	0.21303733390203722			
GO_CRANIOFACIAL_SUTURE_MORPHOGENESIS	0.21303663615782667			
GSE46242_TH1_VS_ANERGIC_TH1_CD4_TCELL_DN	0.21303503675374172			
GO_PALMITOYL_COA_HYDROLASE_ACTIVITY	0.21303229493266168			
MIR10398_3P	0.21302452929218446			
GO_REGULATION_OF_CELLULAR_EXTRAVASATION	0.21302375945762367			
IPA_NKX2-1_DN	0.21301817482071594			
MIR642B_5P	0.21301302781777834			
REACTOME_FORMATION_OF_SENESCENCE_ASSOCIATED_HETEROCHROMATIN_FOCI_SAHF	0.2130056218033396			
REACTOME_OTHER_INTERLEUKIN_SIGNALING	0.21299599707562356			
RAO_BOUND_BY_SALL4_ISOFORM_A	0.21297429739366805			
MIR5692B_MIR5692C	0.212964554291498			
BIOCARTA_PLCD_PATHWAY	0.21295520173138627			
MIR18B_3P	0.21295088043067079			
GSE37605_C57BL6_VS_NOD_FOXP3_IRES_GFP_TREG_UP	0.21294497998455347			
GO_PHOSPHATIDYLINOSITOL_3_4_5_TRISPHOSPHATE_BINDING	0.21294464034101623			
GO_CHRONIC_INFLAMMATORY_RESPONSE	0.2128798192920922			
GO_MDA_5_SIGNALING_PATHWAY	0.2128754221463957			
GSE37605_TREG_VS_TCONV_C57BL6_FOXP3_IRES_GFP_UP	0.2128748410580967			
GO_NON_MOTILE_CILIUM_ASSEMBLY	0.2128664284317388			
GO_REGULATION_OF_POLYAMINE_TRANSMEMBRANE_TRANSPORT	0.2128647371164098			
REACTOME_INTERACTION_WITH_CUMULUS_CELLS_AND_THE_ZONA_PELLUCIDA	0.21286089219205287			
GSE2770_UNTREATED_VS_TGFB_AND_IL12_TREATED_ACT_CD4_TCELL_2H_DN	0.2128569512993604			
GO_RETINAL_BINDING	0.2128519597536204			
GO_POSITIVE_REGULATION_OF_MUSCLE_TISSUE_DEVELOPMENT	0.2128427919249323			
ZNF660_TARGET_GENES	0.2128404236443351			
REACTOME_NR1H2_NR1H3_REGULATE_GENE_EXPRESSION_LINKED_TO_LIPOGENESIS	0.2128380433588482			
GO_REGULATION_OF_SOMITOGENESIS	0.21283326177121248			
GO_NOREPINEPHRINE_BINDING	0.2128150971296781			
GO_INNER_CELL_MASS_CELL_PROLIFERATION	0.21279829229710967			
MAGRANGEAS_MULTIPLE_MYELOMA_IGG_VS_IGA_DN	0.2127975156095277			
REACTOME_TLR3_MEDIATED_TICAM1_DEPENDENT_PROGRAMMED_CELL_DEATH	0.2127930087143802			
GO_POSITIVE_REGULATION_OF_TYPE_I_INTERFERON_MEDIATED_SIGNALING_PATHWAY	0.2127902002693043			
MIR16_1_3P	0.2127764438614747			
GO_INTRACILIARY_TRANSPORT_INVOLVED_IN_CILIUM_ASSEMBLY	0.21277214723914678			
GSE41867_NAIVE_VS_EFFECTOR_CD8_TCELL_UP	0.2127671782186823			
MIR34A_5P	0.21275668698122677			
GO_3_PHOSPHOADENOSINE_5_PHOSPHOSULFATE_METABOLIC_PROCESS	0.21275396373733246			
GSE37301_LYMPHOID_PRIMED_MPP_VS_RAG2_KO_NK_CELL_UP	0.2127432722822785			
GO_ACTIVATION_OF_TRANSMEMBRANE_RECEPTOR_PROTEIN_TYROSINE_KINASE_ACTIVITY	0.21273301912552786			
GO_CASPASE_BINDING	0.2127215993540716			
GSE17721_0.5H_VS_8H_LPS_BMDC_DN	0.21272117439393062			
GSE1791_CTRL_VS_NEUROMEDINU_IN_T_CELL_LINE_3H_UP	0.21271012324981806			
GSE19772_HCMV_INFL_VS_HCMV_INF_MONOCYTES_AND_PI3K_INHIBITION_UP	0.21269563400052588			
REACTOME_TRIF_MEDIATED_PROGRAMMED_CELL_DEATH	0.21267480693879953			
SOX6_TARGET_GENES	0.21266523889080607			
GO_REGULATION_OF_TELOMERASE_ACTIVITY	0.2126564598673571			
GO_KINASE_BINDING	0.21265595965721706			
GO_NEGATIVE_REGULATION_OF_DENDRITE_MORPHOGENESIS	0.21263257592284443			
MIR449A	0.21263044106919646			
GO_PHOSPHOLIPASE_D_ACTIVITY	0.21261302372967286			
MOOTHA_ROS	0.2125781196820225			
IPA_KDM6B_UP	0.2125695522434672			
GO_NEGATIVE_REGULATION_OF_RESPIRATORY_BURST	0.2125668236312134			
RAMJAUN_APOPTOSIS_BY_TGFB1_VIA_SMAD4_UP	0.21255077450932455			
GSE13411_NAIVE_VS_SWITCHED_MEMORY_BCELL_UP	0.21254052289181213			
IPA_ZNF217_DN	0.2125398785922232			
GO_POSITIVE_REGULATION_OF_ADHERENS_JUNCTION_ORGANIZATION	0.21253828987117804			
GO_RHO_GUANYL_NUCLEOTIDE_EXCHANGE_FACTOR_ACTIVITY	0.21253641417363892			
GSE13522_CTRL_VS_T_CRUZI_BRAZIL_STRAIN_INF_SKIN_DN	0.2125253112084827			
GO_GLOMERULAR_MESANGIUM_DEVELOPMENT	0.21249830249882998			
CGCTGCT_MIR503	0.2124948034862941			
GO_NEGATIVE_REGULATION_OF_CELL_CELL_ADHESION_MEDIATED_BY_CADHERIN	0.21248672554063666			
NFKAPPAB65_01	0.2124847570177306			
GO_NUCLEAR_LAMINA	0.21248424682308106			
GO_HISTONE_H3_S10_PHOSPHORYLATION	0.2124837465024204			
REACTOME_CROSS_PRESENTATION_OF_SOLUBLE_EXOGENOUS_ANTIGENS_ENDOSOMES	0.21247125654970211			
GO_MAINTENANCE_OF_LOCATION	0.21246046978139135			
GSE36476_YOUNG_VS_OLD_DONOR_MEMORY_CD4_TCELL_DN	0.21244231268313998			
GO_SEQUESTERING_OF_EXTRACELLULAR_LIGAND_FROM_RECEPTOR	0.21241022051699063			
GSE2770_TGFB_AND_IL4_ACT_VS_ACT_CD4_TCELL_2H_UP	0.2124097025733597			
GO_REGULATION_OF_GLUCOCORTICOID_RECEPTOR_SIGNALING_PATHWAY	0.21239774094721037			
GO_PROSTAGLANDIN_SECRETION	0.21239745131500684			
KIM_BIPOLAR_DISORDER_OLIGODENDROCYTE_DENSITY_CORR_UP	0.21238328032701143			
GO_G_PROTEIN_COUPLED_GLUTAMATE_RECEPTOR_BINDING	0.21236405399297192			
MILI_PSEUDOPODIA_CHEMOTAXIS_UP	0.212347330775755			
GSE9988_ANTI_TREM1_VS_LOW_LPS_MONOCYTE_DN	0.21234249954359408			
GO_ORGANELLE_INHERITANCE	0.21232478540655775			
GO_ACTIVE_ION_TRANSMEMBRANE_TRANSPORTER_ACTIVITY	0.21232405844693378			
GO_HEART_VALVE_FORMATION	0.21231479748755067			
GO_NEGATIVE_REGULATION_OF_REGULATORY_T_CELL_DIFFERENTIATION	0.21231106509276101			
MIR4325	0.21229806474239996			
IPA_VSX2_DN	0.21229231034665932			
GO_REGULATION_OF_RETROGRADE_PROTEIN_TRANSPORT_ER_TO_CYTOSOL	0.21228255753356923			
IPA_KLF6_DN	0.2122824464975586			
GSE20727_ROS_INH_VS_ROS_INH_AND_DNFB_ALLERGEN_TREATED_DC_DN	0.2122675403855923			
PID_ARF_3PATHWAY	0.21225469631980087			
GO_REGULATION_OF_TRANSPORTER_ACTIVITY	0.2122406175955389			
SUMO1_TARGET_GENES	0.21223472063425014			
GRADE_COLON_VS_RECTAL_CANCER_UP	0.21221910075360392			
GSE19923_WT_VS_HEB_KO_DP_THYMOCYTE_DN	0.21220269306403836			
GSE24142_EARLY_THYMIC_PROGENITOR_VS_DN2_THYMOCYTE_ADULT_UP	0.21219489258647678			
MIR4666A_3P	0.21218940340540068			
GUTIERREZ_WALDENSTROEMS_MACROGLOBULINEMIA_1_UP	0.21218837572962398			
GSE9960_HEALTHY_VS_GRAM_NEG_AND_POS_SEPSIS_PBMC_UP	0.2121829070446271			
chr1p21	0.2121801940545775			
IPA_SUZ12_DN	0.21212550014787337			
GO_EPITHELIAL_STRUCTURE_MAINTENANCE	0.2121190490648932			
MIR3678_5P	0.2121151087824443			
GSE19888_CTRL_VS_TCELL_MEMBRANES_ACT_MAST_CELL_PRETREAT_A3R_INH_UP	0.2121112204932884			
GO_HFE_TRANSFERRIN_RECEPTOR_COMPLEX	0.2120980859080361			
MIR4492	0.2120946135205383			
GO_MITOCHONDRIAL_ENVELOPE	0.21207309330177831			
MULLIGHAN_NPM1_MUTATED_SIGNATURE_1_DN	0.2120693487090957			
GO_TOXIN_TRANSMEMBRANE_TRANSPORTER_ACTIVITY	0.21205993403348672			
GSE17721_0.5H_VS_4H_POLYIC_BMDC_DN	0.21204515420954034			
IPA_RFXANK_UP	0.21203068711597084			
GO_REGULATION_OF_T_CELL_CYTOKINE_PRODUCTION	0.21202347663873625			
GO_REGULATION_OF_PH	0.21202099223688806			
GO_REGULATION_OF_I_KAPPAB_PHOSPHORYLATION	0.2120196167621288			
GO_NEGATIVE_REGULATION_OF_SCHWANN_CELL_PROLIFERATION	0.21198463452144847			
CCTNTMAGA_UNKNOWN	0.21197213123359354			
MIR887_3P	0.21196761183424645			
MIR3121_3P	0.21195667336425			
ZNF548_TARGET_GENES	0.21195141837484266			
GSE15324_NAIVE_VS_ACTIVATED_ELF4_KO_CD8_TCELL_DN	0.21192090306234396			
GO_ESTABLISHMENT_OF_MEIOTIC_SPINDLE_LOCALIZATION	0.21191458133316496			
GO_GASTRULATION_WITH_MOUTH_FORMING_SECOND	0.21188751425469635			
GO_C_X3_C_CHEMOKINE_BINDING	0.2118867633511526			
REACTOME_NEGATIVE_REGULATION_OF_THE_PI3K_AKT_NETWORK	0.21188408809860676			
GO_POSITIVE_REGULATION_OF_CARDIOCYTE_DIFFERENTIATION	0.21188056668761393			
REACTOME_DISEASES_ASSOCIATED_WITH_SURFACTANT_METABOLISM	0.21186829854332473			
GO_HINDBRAIN_MORPHOGENESIS	0.21182201622782088			
ROVERSI_GLIOMA_COPY_NUMBER_UP	0.21181405769952777			
GO_TRANSMEMBRANE_RECEPTOR_PROTEIN_TYROSINE_KINASE_ACTIVATOR_ACTIVITY	0.21177928459411605			
GSE29618_PRE_VS_DAY7_POST_LAIV_FLU_VACCINE_BCELL_UP	0.21177678201731803			
GO_RESPONSE_TO_ISCHEMIA	0.2117696619861498			
GO_GLYOXYLATE_METABOLIC_PROCESS	0.21173625065903465			
GSE17721_POLYIC_VS_CPG_4H_BMDC_DN	0.2116987642969982			
YAGUE_PRETUMOR_DRUG_RESISTANCE_DN	0.21168179656131464			
NIKOLSKY_BREAST_CANCER_8Q12_Q22_AMPLICON	0.2116713740365947			
BERGER_MBD2_TARGETS	0.2116645591336725			
TCCAGAT_MIR5165P	0.21166239274107376			
GO_MACROPHAGE_DIFFERENTIATION	0.21166202120753688			
GO_POSITIVE_REGULATION_OF_PLATELET_ACTIVATION	0.2116617182072599			
GSE43956_WT_VS_SGK1_KO_TH17_DIFFERENTIATED_CD4_TCELL_UP	0.21164848899022506			
GO_DENDRITIC_CELL_ANTIGEN_PROCESSING_AND_PRESENTATION	0.21164427087564566			
MIR6728_3P	0.2116393979998591			
GO_MITOCHONDRIAL_PROTEIN_CATABOLIC_PROCESS	0.21162681753005924			
GO_INSULIN_RECEPTOR_SIGNALING_PATHWAY	0.2116232142560345			
GO_LEFT_RIGHT_AXIS_SPECIFICATION	0.21161856956780006			
GO_FUCOSE_CATABOLIC_PROCESS	0.21160697938048795			
MIR652_5P	0.21160374967226445			
GSE6269_FLU_VS_STREP_PNEUMO_INF_PBMC_UP	0.2115812907910098			
HATADA_METHYLATED_IN_LUNG_CANCER_DN	0.21157471857011342			
IPA_HDAC8_DN	0.211571873548566			
BONCI_TARGETS_OF_MIR15A_AND_MIR16_1	0.21154439095943373			
chr15q22	0.2115221908122439			
GSE24210_IL35_TREATED_VS_RESTING_TREG_UP	0.2115191587528189			
GO_REGULATION_OF_GROWTH_HORMONE_RECEPTOR_SIGNALING_PATHWAY	0.21151812502489714			
GENTILE_UV_RESPONSE_CLUSTER_D8	0.2115101428166701			
GSE46606_IRF4_KO_VS_WT_CD40L_IL2_IL5_1DAY_STIMULATED_BCELL_UP	0.21150685517900722			
IPA_FLII_UP	0.2114995559830343			
GO_POSITIVE_REGULATION_OF_SPINDLE_ASSEMBLY	0.21149929444067755			
MYOGNF1_01	0.2114927187818277			
GSE17186_NAIVE_VS_CD21LOW_TRANSITIONAL_BCELL_CORD_BLOOD_DN	0.21149182802875804			
GO_METANEPHRIC_GLOMERULAR_MESANGIUM_DEVELOPMENT	0.21148764871597478			
IPA_ZNF528_UP	0.21146475452256397			
IPA_ZNF708_UP	0.21146475452256397			
IPA_ZNF91_UP	0.21146475452256397			
IPA_ZNF431_UP	0.21146475452256397			
IPA_ZNF254_UP	0.21146475452256397			
IPA_ZNF100_UP	0.21146475452256397			
GO_NEGATIVE_REGULATION_OF_RECEPTOR_SIGNALING_PATHWAY_VIA_JAK_STAT	0.21145857029178505			
GSE15139_GMCSF_TREATED_VS_UNTREATED_NEUTROPHILS_UP	0.2114426821692015			
GO_REGULATION_OF_NUCLEOTIDE_BIOSYNTHETIC_PROCESS	0.211430782668879			
KIM_LIVER_CANCER_POOR_SURVIVAL_DN	0.21140530609249197			
ZNF581_TARGET_GENES	0.21139602891947615			
IPA_YBX2_UP	0.2113880655516885			
MIR12133	0.21137748237627452			
GO_ORGANONITROGEN_COMPOUND_BIOSYNTHETIC_PROCESS	0.21135192070404998			
GO_PROTEIN_DEGLYCOSYLATION	0.2113457124658202			
GO_PROTEASOME_REGULATORY_PARTICLE_BASE_SUBCOMPLEX	0.21133458962876153			
REACTOME_SYNTHESIS_OF_SUBSTRATES_IN_N_GLYCAN_BIOSYTHESIS	0.21132961034232964			
GO_CALCITONIN_FAMILY_RECEPTOR_SIGNALING_PATHWAY	0.21132219595297916			
UDAYAKUMAR_MED1_TARGETS_UP	0.2113126687623837			
GO_INOSITOL_PHOSPHATE_CATABOLIC_PROCESS	0.21131230779160715			
GO_NEURONAL_SIGNAL_TRANSDUCTION	0.2113044963510548			
GO_SNAP_RECEPTOR_ACTIVITY	0.21129404605723237			
LIU_TARGETS_OF_VMYB_VS_CMYB_DN	0.2112934592335346			
IPA_GLIS1_UP	0.2112881667582009			
GO_INTRINSIC_APOPTOTIC_SIGNALING_PATHWAY_IN_RESPONSE_TO_HYPOXIA	0.2112870285607362			
IPA_RXRG_UP	0.21128086996961012			
GO_TYPE_II_PNEUMOCYTE_DIFFERENTIATION	0.2112785989664522			
GO_SULFATION	0.21127783329908528			
HOFMANN_CELL_LYMPHOMA_DN	0.21125077026207023			
C_MYC_Q16158_TARGET_GENES	0.21124658252170575			
MIR6514_3P	0.21124626702760532			
MIR4780	0.2111952382805427			
GSE2770_UNTREATED_VS_ACT_CD4_TCELL_6H_UP	0.21118751432442753			
SCIAN_INVERSED_TARGETS_OF_TP53_AND_TP73_UP	0.21117609083904704			
GSE23308_WT_VS_MINERALCORTICOID_REC_KO_MACROPHAGE_CORTICOSTERONE_TREATED_DN	0.21114324292535167			
PID_ERBB4_PATHWAY	0.21112761576992178			
GSE22025_UNTREATED_VS_TGFB1_AND_PROGESTERONE_TREATED_CD4_TCELL_DN	0.2111114402464596			
MIR3192_3P	0.21110979107971165			
MIR6824_3P	0.21109489775756293			
GO_POSITIVE_REGULATION_OF_NK_T_CELL_ACTIVATION	0.21108620240219095			
THUM_MIR21_TARGETS_HEART_DISEASE_UP	0.21105889295854635			
GO_CONVERGENT_EXTENSION	0.21104689607637886			
MIR4660	0.21103630644815408			
ZHANG_RESPONSE_TO_IKK_INHIBITOR_AND_TNF_DN	0.21102957315403728			
MIR4728_5P	0.2110133795751022			
GO_LOBAR_BRONCHUS_EPITHELIUM_DEVELOPMENT	0.2110112198852622			
GO_CORTICOSTEROID_RECEPTOR_SIGNALING_PATHWAY	0.2110010745520287			
GO_GLIAL_CELL_DERIVED_NEUROTROPHIC_FACTOR_RECEPTOR_SIGNALING_PATHWAY	0.21099350149820606			
GO_METANEPHRIC_TUBULE_MORPHOGENESIS	0.21098520484119546			
BYSTRYKH_HEMATOPOIESIS_STEM_CELL_SCP2_QTL_TRANS	0.21097535355551414			
YAO_TEMPORAL_RESPONSE_TO_PROGESTERONE_CLUSTER_8	0.2109654122632342			
GSE15930_NAIVE_VS_24H_IN_VITRO_STIM_IL12_CD8_TCELL_UP	0.21096055066490418			
CADWELL_ATG16L1_TARGETS_DN	0.21095683933078915			
GO_EPITHELIAL_CELL_PROLIFERATION_INVOLVED_IN_SALIVARY_GLAND_MORPHOGENESIS	0.21094268613447467			
GSE14769_20MIN_VS_360MIN_LPS_BMDM_UP	0.21093786300094863			
MIR9985	0.21090164664126138			
ZNF585B_TARGET_GENES	0.21090126817151242			
GSE22886_CD8_VS_CD4_NAIVE_TCELL_DN	0.21088867512520446			
GO_REGULATION_OF_TRIGLYCERIDE_BIOSYNTHETIC_PROCESS	0.21088040819505147			
GEORGES_CELL_CYCLE_MIR192_TARGETS	0.21087339348901385			
GSE2770_TGFB_AND_IL4_VS_IL4_TREATED_ACT_CD4_TCELL_6H_DN	0.21087161241731364			
GO_REGULATION_OF_NEURONAL_ACTION_POTENTIAL	0.21086798772171278			
GSE37416_CTRL_VS_6H_F_TULARENSIS_LVS_NEUTROPHIL_DN	0.2108665412530225			
MIR4432	0.2108622817606243			
MIR6079	0.21085586132809492			
GSE16385_MONOCYTE_VS_12H_IFNG_TNF_TREATED_MACROPHAGE_DN	0.21085140197242092			
GSE24574_BCL6_HIGH_TFH_VS_TCONV_CD4_TCELL_DN	0.2108248973719262			
GSE38696_LIGHT_ZONE_VS_DARK_ZONE_BCELL_DN	0.21079295010156532			
PLASARI_TGFB1_TARGETS_1HR_DN	0.21076813309659145			
GO_AMINO_SUGAR_BIOSYNTHETIC_PROCESS	0.2107511802113882			
GO_AXONEMAL_MICROTUBULE	0.21074028959712515			
GSE17721_0.5H_VS_12H_POLYIC_BMDC_UP	0.21071027649596938			
GO_DRUG_TRANSMEMBRANE_TRANSPORT	0.21066792136770152			
REACTOME_NCAM_SIGNALING_FOR_NEURITE_OUT_GROWTH	0.21065900962774542			
REACTOME_GDP_FUCOSE_BIOSYNTHESIS	0.21065677107343686			
GSE13547_WT_VS_ZFX_KO_BCELL_ANTI_IGM_STIM_12H_UP	0.2106441212667695			
GO_ACYL_COA_OXIDASE_ACTIVITY	0.2106363724561442			
IPA_FOXI1_UP	0.21062088929663647			
GO_PARALLEL_ACTIN_FILAMENT_BUNDLE_ASSEMBLY	0.21062011187159393			
IPA_NCOR2_DN	0.21061044464972412			
MIR6767_3P	0.21060780503390425			
SP1_Q2_01	0.21060709672140118			
REACTOME_REGULATION_OF_RAS_BY_GAPS	0.2105915277663413			
GO_RESPONSE_TO_CARBOHYDRATE	0.21059064869402397			
IPA_EHF_DN	0.21058170887481537			
CHASSOT_SKIN_WOUND	0.21057335735119848			
GSE10239_NAIVE_VS_KLRG1HIGH_EFF_CD8_TCELL_DN	0.2105672316953347			
GO_EXCITATORY_CHEMICAL_SYNAPTIC_TRANSMISSION	0.21054896869665984			
GO_VENTRICULAR_SYSTEM_DEVELOPMENT	0.21050399108172604			
GSE17721_POLYIC_VS_CPG_8H_BMDC_DN	0.2104970893401735			
GSE14308_TH2_VS_NATURAL_TREG_UP	0.21048612418731988			
GSE22886_NAIVE_CD8_TCELL_VS_NKCELL_DN	0.21048541748550753			
BIOCARTA_CK1_PATHWAY	0.21048174985036844			
GSE46606_UNSTIM_VS_CD40L_IL2_IL5_1DAY_STIMULATED_IRF4MID_SORTED_BCELL_DN	0.21045427868261563			
GO_RETROMER_COMPLEX	0.2104343894585989			
GSE40274_FOXP3_VS_FOXP3_AND_XBP1_TRANSDUCED_ACTIVATED_CD4_TCELL_UP	0.21043428263621217			
chr3q23	0.21039856190987566			
REACTOME_MRNA_EDITING_C_TO_U_CONVERSION	0.21039770406620026			
REACTOME_DEFECTS_IN_BIOTIN_BTN_METABOLISM	0.2103856861538854			
REACTOME_PHYSIOLOGICAL_FACTORS	0.21036084294176108			
GO_SNARE_COMPLEX_ASSEMBLY	0.2103545057369476			
MIR6807_3P	0.21032517333444298			
GO_MAMMARY_GLAND_FORMATION	0.21032044450625656			
GO_POSITIVE_REGULATION_OF_ADENYLATE_CYCLASE_ACTIVITY	0.21031958502437945			
MIR504_5P	0.21031287147994235			
GSE3982_EOSINOPHIL_VS_BASOPHIL_UP	0.21030954909167487			
IPA_NFKB1_DN	0.21030262909756622			
MIR4699_3P	0.21029129006920622			
GSE19772_CTRL_VS_HCMV_INF_MONOCYTES_AND_PI3K_INHIBITION_DN	0.21028478024889255			
MIR630	0.21028217591457254			
GUO_HEX_TARGETS_DN	0.21023590917389867			
GO_HIGH_DENSITY_LIPOPROTEIN_PARTICLE_CLEARANCE	0.21021971058771624			
GO_POSITIVE_REGULATION_OF_PROTEIN_MODIFICATION_BY_SMALL_PROTEIN_CONJUGATION_OR_REMOVAL	0.21019938687461667			
KEGG_PROPANOATE_METABOLISM	0.21019907194413257			
GO_REGULATION_OF_MYOBLAST_FUSION	0.21019869804904465			
CTGYNNCTYTAA_UNKNOWN	0.21018619184973195			
MIR1271_5P	0.2101732313735073			
STEGER_ADIPOGENESIS_UP	0.21015543057965458			
BOYAULT_LIVER_CANCER_SUBCLASS_G6_UP	0.21015372330937282			
GSE25123_CTRL_VS_IL4_STIM_MACROPHAGE_DN	0.21014359057563858			
REACTOME_PEROXISOMAL_PROTEIN_IMPORT	0.21014211604298852			
GO_DNA_DAMAGE_RESPONSE_SIGNAL_TRANSDUCTION_BY_P53_CLASS_MEDIATOR	0.2101394785553014			
REACTOME_RESPONSE_OF_EIF2AK1_HRI_TO_HEME_DEFICIENCY	0.21011271829134567			
JU_AGING_TERC_TARGETS_UP	0.2101108093920075			
MIR4529_5P	0.21010953206639166			
GSE15624_CTRL_VS_3H_HALOFUGINONE_TREATED_CD4_TCELL_UP	0.21010918830414402			
MIR454_5P	0.210108937085547			
GO_SULFUR_COMPOUND_TRANSMEMBRANE_TRANSPORTER_ACTIVITY	0.21010588335855632			
GO_POSITIVE_REGULATION_OF_CHEMOKINE_PRODUCTION	0.2100860226276305			
GO_FEVER_GENERATION	0.21007425549808753			
KIM_ALL_DISORDERS_OLIGODENDROCYTE_NUMBER_CORR_UP	0.21007343042850601			
IRF1_01	0.2100716196222201			
GO_HEMOGLOBIN_BIOSYNTHETIC_PROCESS	0.2100674927551994			
MIR577	0.21006004859967284			
GO_SEROTONIN_UPTAKE	0.21004902911081041			
CHANG_POU5F1_TARGETS_UP	0.2100425279746397			
GO_INTRAMOLECULAR_OXIDOREDUCTASE_ACTIVITY_INTERCONVERTING_ALDOSES_AND_KETOSES	0.21003709349383287			
GO_SMOOTHENED_SIGNALING_PATHWAY_INVOLVED_IN_VENTRAL_SPINAL_CORD_PATTERNING	0.21002917013854341			
IPA_ING1_DN	0.21002182566490685			
GSE32423_IL7_VS_IL7_IL4_NAIVE_CD8_TCELL_UP	0.2100143362098178			
NAKAMURA_CANCER_MICROENVIRONMENT_DN	0.20998829236476146			
GSE37301_HEMATOPOIETIC_STEM_CELL_VS_RAG2_KO_NK_CELL_DN	0.20998823173932388			
GO_NEGATIVE_REGULATION_OF_ATP_METABOLIC_PROCESS	0.20998414566795412			
REACTOME_O_GLYCOSYLATION_OF_TSR_DOMAIN_CONTAINING_PROTEINS	0.20995341064222184			
GSE21360_PRIMARY_VS_SECONDARY_MEMORY_CD8_TCELL_DN	0.20994974639148753			
IPA_CTBP2_DN	0.20992963082574456			
MIR1238_5P_MIR4758_5P	0.20992483163011802			
chr5q31	0.209919966017237			
GO_NEGATIVE_REGULATION_OF_CD4_POSITIVE_ALPHA_BETA_T_CELL_PROLIFERATION	0.20988257673396524			
MIR8063	0.20988241270532043			
DAVICIONI_RHABDOMYOSARCOMA_PAX_FOXO1_FUSION_UP	0.2098769594246633			
MIR4725_3P	0.2098717789250732			
GSE17721_CTRL_VS_POLYIC_0.5H_BMDC_DN	0.2098482817713341			
IPA_ZFHX3_DN	0.20984174885378834			
NFKAPPAB_01	0.20984141909280055			
IPA_TBX3_DN	0.20982802813583892			
GSE43863_NAIVE_VS_LY6C_LOW_CXCR5NEG_CD4_EFF_TCELL_D6_LCMV_UP	0.20980757225742594			
GSE18203_CTRL_VS_INTRATUMORAL_CPG_INJ_MC38_TUMOR_UP	0.209803390501868			
GSE360_CTRL_VS_T_GONDII_DC_UP	0.20980217951068714			
GO_ENDORIBONUCLEASE_ACTIVITY_PRODUCING_3_PHOSPHOMONOESTERS	0.20976033934993948			
GO_LATE_ENDOSOME_TO_VACUOLE_TRANSPORT_VIA_MULTIVESICULAR_BODY_SORTING_PATHWAY	0.20973850993430695			
SAKAI_CHRONIC_HEPATITIS_VS_LIVER_CANCER_DN	0.20973785476017226			
GO_CHONDROITIN_SULFATE_BIOSYNTHETIC_PROCESS	0.20973134110883715			
GO_SAM_COMPLEX	0.20972511884927367			
BILANGES_RAPAMYCIN_SENSITIVE_GENES	0.2097200014434607			
SANA_RESPONSE_TO_IFNG_UP	0.20971465809324302			
TESAR_ALK_TARGETS_EPISC_3D_UP	0.20971428012752427			
MIR4490	0.20970990067733178			
IPA_ATF4_UP	0.20969412801437126			
PID_HDAC_CLASSIII_PATHWAY	0.20966250395210445			
WEI_MYCN_TARGETS_WITH_E_BOX	0.20962806455462363			
GO_REGULATION_OF_PHOSPHATIDYLINOSITOL_BIOSYNTHETIC_PROCESS	0.2096276789394967			
CREL_01	0.20959519079696992			
REACTOME_PLATELET_AGGREGATION_PLUG_FORMATION	0.20959497574490327			
MIR7974	0.20958711163691013			
GSE15750_WT_VS_TRAF6KO_DAY6_EFF_CD8_TCELL_DN	0.20958042808989893			
REACTOME_MET_RECEPTOR_RECYCLING	0.20957982339084144			
E4F1_Q6	0.20954798870943206			
IPA_PPARD_UP	0.20952953421579384			
TGGTGCT_MIR29A_MIR29B_MIR29C	0.20952223919170634			
WONG_PROTEASOME_GENE_MODULE	0.20951342599430056			
GSE29618_PRE_VS_DAY7_POST_TIV_FLU_VACCINE_BCELL_DN	0.20949062718710534			
GSE28726_ACT_CD4_TCELL_VS_ACT_VA24NEG_NKTCELL_UP	0.20948323173379568			
GSE17721_LPS_VS_CPG_6H_BMDC_DN	0.20947480212326317			
GSE7509_UNSTIM_VS_TNFA_IL1B_IL6_PGE_STIM_DC_DN	0.20946900262774498			
MIR6820_5P	0.2094590244845441			
YAN_ESCAPE_FROM_ANOIKIS	0.20945005317537144			
GSE9946_IMMATURE_VS_MATURE_STIMULATORY_DC_UP	0.20943144599900532			
GO_TYPE_I_TRANSFORMING_GROWTH_FACTOR_BETA_RECEPTOR_BINDING	0.2094253054007085			
chr5q13	0.20942177537538798			
HEDENFALK_BREAST_CANCER_BRACX_DN	0.2093910607520766			
MEISSNER_ES_ICP_WITH_H3K4ME3	0.20938438300063072			
GO_GLYCEROPHOSPHOLIPID_METABOLIC_PROCESS	0.2093774460984941			
GO_MODULATION_OF_PROGRAMMED_CELL_DEATH_IN_OTHER_ORGANISM	0.2093754199200938			
GO_RNA_GUANINE_N7_METHYLATION	0.2093621490227124			
GO_OXIDOREDUCTASE_ACTIVITY_ACTING_ON_THE_CH_NH_GROUP_OF_DONORS	0.20935316165682197			
GSE8921_UNSTIM_0H_VS_TLR1_2_STIM_MONOCYTE_24H_DN	0.20934836240448335			
TAKEDA_TARGETS_OF_NUP98_HOXA9_FUSION_3D_DN	0.2093466798428094			
GO_CONVERGENT_EXTENSION_INVOLVED_IN_GASTRULATION	0.2093350493977449			
IPA_NF1_DN	0.20929134279121125			
GO_MONOSACCHARIDE_METABOLIC_PROCESS	0.20927983371752557			
MIR4676_5P	0.20927194716230516			
BIOCARTA_DREAM_PATHWAY	0.2092638834066546			
GO_NEGATIVE_REGULATION_OF_ACTIN_FILAMENT_BUNDLE_ASSEMBLY	0.2092557710926412			
GSE21063_CTRL_VS_ANTI_IGM_STIM_BCELL_3H_DN	0.2092511535185147			
MIR6829_5P	0.20924986046346275			
GSE2585_THYMIC_DC_VS_THYMIC_MACROPHAGE_DN	0.2092271547380562			
ZNF740_TARGET_GENES	0.2092032878961005			
GSE3920_UNTREATED_VS_IFNG_TREATED_FIBROBLAST_DN	0.20919717033086005			
GO_NEGATIVE_REGULATION_OF_LEUKOCYTE_DEGRANULATION	0.2091869923536132			
MATTIOLI_MGUS_VS_MULTIPLE_MYELOMA	0.20918608700543326			
GSE2128_C57BL6_VS_NOD_CD4CD8_DP_THYMOCYTE_DN	0.2091594553681695			
CHEOK_RESPONSE_TO_MERCAPTOPURINE_AND_LD_MTX_UP	0.20915901277485943			
REACTOME_MET_ACTIVATES_PI3K_AKT_SIGNALING	0.2091521393350975			
GSE26928_NAIVE_VS_CXCR5_POS_CD4_TCELL_DN	0.20915091259974442			
GSE13306_RA_VS_UNTREATED_TCONV_DN	0.20913774954983183			
GO_RESPONSE_TO_HEAT	0.20913303988674634			
GSE40666_UNTREATED_VS_IFNA_STIM_CD8_TCELL_90MIN_DN	0.209128572081787			
MIR214_3P	0.2091279401744338			
REACTOME_MAPK3_ERK1_ACTIVATION	0.2091212235501641			
GO_IRON_IMPORT_INTO_CELL	0.20908810091905033			
GO_POSITIVE_REGULATION_OF_VASCULOGENESIS	0.2090877010061552			
GO_TETRASPANIN_ENRICHED_MICRODOMAIN	0.209082921839608			
LAIHO_COLORECTAL_CANCER_SERRATED_DN	0.20908177782546147			
GSE17721_POLYIC_VS_GARDIQUIMOD_6H_BMDC_UP	0.20907780174710996			
MATZUK_CENTRAL_FOR_FEMALE_FERTILITY	0.20907561311259415			
GO_CELL_REDOX_HOMEOSTASIS	0.2090721036035733			
GO_SPERM_CAPACITATION	0.20906577386217862			
REACTOME_SYNTHESIS_OF_16_20_HYDROXYEICOSATETRAENOIC_ACIDS_HETE	0.20904739388212754			
MIR4289	0.2090465458985428			
GSE39820_TGFBETA3_IL6_VS_TGFBETA3_IL6_IL23A_TREATED_CD4_TCELL_DN	0.20904514168700594			
GO_GLUTAMINE_FAMILY_AMINO_ACID_METABOLIC_PROCESS	0.20902651012774143			
ZNF586_TARGET_GENES	0.2090073777911092			
chr16q23	0.20900617696384183			
IPA_ZNF85_UP	0.2090009010859975			
IPA_ZNF665_UP	0.2090009010859975			
GO_SUCCINYL_COA_METABOLIC_PROCESS	0.20899908876591144			
GO_AMINO_ACID_SODIUM_SYMPORTER_ACTIVITY	0.20899324015753737			
GO_RRNA_TRANSPORT	0.20899230533478816			
FONTAINE_THYROID_TUMOR_UNCERTAIN_MALIGNANCY_DN	0.2089910909645101			
GO_POLYOL_CATABOLIC_PROCESS	0.20897800548091977			
ACCAATC_MIR509	0.20896135799601623			
REACTOME_DEGRADATION_OF_DVL	0.20895514520122216			
IPA_PPARA_UP	0.2089483675549375			
GO_CELL_PROLIFERATION_INVOLVED_IN_KIDNEY_DEVELOPMENT	0.208946081386951			
MIR6797_3P	0.20894602812897198			
IPA_ESRRB_DN	0.20893515501253723			
REACTOME_ETHANOL_OXIDATION	0.20892274317414436			
HMCES_TARGET_GENES	0.2089041106433217			
GSE37605_C57BL6_VS_NOD_FOXP3_FUSION_GFP_TREG_UP	0.2088989337885125			
GO_CYTOPLASMIC_SIDE_OF_LYSOSOMAL_MEMBRANE	0.2088693706523869			
SCHAEFFER_PROSTATE_DEVELOPMENT_AND_CANCER_BOX1_DN	0.20885962399742986			
GO_REGULATION_OF_TRANSCRIPTION_FROM_RNA_POLYMERASE_II_PROMOTER_INVOLVED_IN_HEART_DEVELOPMENT	0.20885580324477096			
GO_REGULATION_OF_NEUROINFLAMMATORY_RESPONSE	0.20883238818091823			
ARNT2_TARGET_GENES	0.20881884399399597			
GO_EPINEPHRINE_BINDING	0.20881606406525158			
GO_FERRIC_IRON_BINDING	0.20880544799232564			
IPA_PAX3_DN	0.20879956683600598			
GO_ALPHA_AMINO_ACID_BIOSYNTHETIC_PROCESS	0.2087986186535864			
GSE6269_FLU_VS_E_COLI_INF_PBMC_DN	0.20879009425867304			
GO_PURKINJE_MYOCYTE_TO_VENTRICULAR_CARDIAC_MUSCLE_CELL_SIGNALING	0.208781309586104			
KYNG_ENVIRONMENTAL_STRESS_RESPONSE_NOT_BY_UV_IN_OLD	0.20876414230138443			
IPA_RAD21_DN	0.20873963837268972			
GSE25846_IL10_POS_VS_NEG_CD8_TCELL_DAY7_POST_CORONAVIRUS_BRAIN_UP	0.20872517323800058			
IPA_HDAC7_UP	0.2087210157247212			
GSE10325_MYELOID_VS_LUPUS_MYELOID_UP	0.20871009641851634			
GO_REGULATION_OF_NMDA_RECEPTOR_ACTIVITY	0.20870161419895705			
GO_EXPORT_ACROSS_PLASMA_MEMBRANE	0.2086926327696037			
GO_GROOMING_BEHAVIOR	0.208692562725599			
GSE9946_IMMATURE_VS_PROSTAGLANDINE2_TREATED_MATURE_DC_UP	0.20867769891802507			
GSE22886_NAIVE_CD4_TCELL_VS_NKCELL_DN	0.2086655889461352			
GO_RESPONSE_TO_FUNGICIDE	0.2086565892917153			
GSE17721_LPS_VS_GARDIQUIMOD_4H_BMDC_UP	0.20864852432926			
NRL_DN.V1_UP	0.2086403242249079			
GO_POSITIVE_REGULATION_OF_INTERLEUKIN_5_PRODUCTION	0.20863197217467974			
CAGTATT_MIR200B_MIR200C_MIR429	0.2086084565429669			
GO_EIF2ALPHA_PHOSPHORYLATION_IN_RESPONSE_TO_ENDOPLASMIC_RETICULUM_STRESS	0.208607346077157			
REACTOME_NR1H2_NR1H3_REGULATE_GENE_EXPRESSION_TO_CONTROL_BILE_ACID_HOMEOSTASIS	0.2086064099584266			
chr7p14	0.20859981682183268			
REACTOME_NEGATIVE_REGULATION_OF_NOTCH4_SIGNALING	0.20858841612360618			
IPA_STAT5A_UP	0.20856453591578536			
GO_FATTY_ACID_TRANSMEMBRANE_TRANSPORT	0.20855478320788343			
MIR34A_3P	0.20854939594807548			
REACTOME_CYP2E1_REACTIONS	0.2085207441878138			
PID_INSULIN_GLUCOSE_PATHWAY	0.2085104063049525			
GSE16450_CTRL_VS_IFNA_12H_STIM_MATURE_NEURON_CELL_LINE_UP	0.20850416305910544			
GO_AXO_DENDRITIC_TRANSPORT	0.2084970684228827			
GO_UBIQUITIN_BINDING	0.20848606897095598			
GO_NEGATIVE_REGULATION_OF_CYTOSOLIC_CALCIUM_ION_CONCENTRATION	0.208462795571995			
GSE22140_HEALTHY_VS_ARTHRITIC_MOUSE_CD4_TCELL_DN	0.20845596498788033			
MIR1237_5P_MIR4488	0.2084538484796231			
GO_STEROL_TRANSPORTER_ACTIVITY	0.208445773166153			
GO_OXIDOREDUCTASE_ACTIVITY_ACTING_ON_PAIRED_DONORS_WITH_INCORPORATION_OR_REDUCTION_OF_MOLECULAR_OXYGEN_NAD_P_H_AS_ONE_DONOR_AND_INCORPORATION_OF_ONE_ATOM_OF_OXYGEN	0.20844110367478594			
GO_ANDROGEN_CATABOLIC_PROCESS	0.208432352011075			
GSE16450_IMMATURE_VS_MATURE_NEURON_CELL_LINE_6H_IFNA_STIM_UP	0.20842651108673327			
GO_RESPONSE_TO_PLATELET_AGGREGATION_INHIBITOR	0.20842230650236032			
MIR3619_3P	0.20839513948132612			
MIR11181_5P	0.2083834961628114			
GREGORY_SYNTHETIC_LETHAL_WITH_IMATINIB	0.20838069431642978			
MIR636	0.20837816991765562			
GO_NUCLEOTIDE_BINDING_DOMAIN_LEUCINE_RICH_REPEAT_CONTAINING_RECEPTOR_SIGNALING_PATHWAY	0.2083755840229298			
BANDRES_RESPONSE_TO_CARMUSTIN_MGMT_48HR_DN	0.20835388181481942			
GSE3982_CTRL_VS_PMA_STIM_EOSINOPHIL_UP	0.20835081600648622			
IPA_SIX5_UP	0.20834577339776394			
TTGCACT_MIR130A_MIR301_MIR130B	0.2083380546627613			
MIR4639_5P	0.20832231443987537			
chr6q24	0.20828686277504713			
GO_CARDIOLIPIN_METABOLIC_PROCESS	0.20828151576232937			
chr12p11	0.20823681281998585			
MIR27A_3P_MIR27B_3P	0.2082254879743644			
GO_ALPHA_N_ACETYLGALACTOSAMINIDE_ALPHA_2_6_SIALYLTRANSFERASE_ACTIVITY	0.208223806135824			
GO_ADENYLATE_CYCLASE_INHIBITING_DOPAMINE_RECEPTOR_SIGNALING_PATHWAY	0.20820998896726423			
MIR6859_3P	0.2081987175622197			
MIR520F_3P	0.20817326764752453			
GO_NEGATIVE_REGULATION_OF_CARDIAC_MUSCLE_TISSUE_DEVELOPMENT	0.20817234240035015			
GO_REGULATION_OF_MYOTUBE_DIFFERENTIATION	0.20813781673903453			
GSE18791_CTRL_VS_NEWCASTLE_VIRUS_DC_10H_DN	0.20813436031373514			
REACTOME_ACYL_CHAIN_REMODELING_OF_DAG_AND_TAG	0.20812552142052304			
GO_ACYLGLYCEROL_ACYL_CHAIN_REMODELING	0.20812552142052304			
GSE13411_NAIVE_VS_IGM_MEMORY_BCELL_UP	0.20811650040241964			
ACEVEDO_NORMAL_TISSUE_ADJACENT_TO_LIVER_TUMOR_UP	0.20811649838458202			
IPA_FOXL2_DN	0.20809769223871527			
PAX4_02	0.20807052441120372			
MIR3615	0.2080376043348907			
GO_SKELETAL_MUSCLE_SATELLITE_CELL_PROLIFERATION	0.20803548367923416			
GO_POTASSIUM_CHANNEL_REGULATOR_ACTIVITY	0.20800084953531714			
GO_PROTEIN_PALMITOYLATION	0.2079977799824186			
GSE20715_WT_VS_TLR4_KO_LUNG_DN	0.20799588515624778			
MIR1183	0.20799551975686786			
REACTOME_DISEASES_OF_CARBOHYDRATE_METABOLISM	0.20798932331687559			
GO_HOST_CELL_CYTOPLASM	0.20797121268123142			
MIR127_3P	0.20796244933172972			
GSE17721_12H_VS_24H_LPS_BMDC_DN	0.20795068176585577			
GO_RESPONSE_TO_HYPEROXIA	0.20793025504404147			
GSE40274_CTRL_VS_FOXP3_AND_GATA1_TRANSDUCED_ACTIVATED_CD4_TCELL_DN	0.2079262480129542			
GO_SH3_DOMAIN_BINDING	0.20792232281600467			
KOINUMA_COLON_CANCER_MSI_UP	0.2079210343509629			
GSE8921_UNSTIM_VS_TLR1_2_STIM_MONOCYTE_6H_DN	0.2079133494152295			
GO_PEPTIDYL_TYROSINE_AUTOPHOSPHORYLATION	0.2078815186041038			
KAECH_DAY15_EFF_VS_MEMORY_CD8_TCELL_DN	0.20783767780563522			
MIR6753_3P	0.20783472302766032			
GSE3982_CTRL_VS_PMA_STIM_EOSINOPHIL_DN	0.2078191455639182			
FREAC4_01	0.20781896009468245			
GSE6674_CPG_VS_PL2_3_STIM_BCELL_DN	0.20781070870453514			
MARSHALL_VIRAL_INFECTION_RESPONSE_UP	0.20780003227694008			
GO_INOSITOL_1_3_4_5_TETRAKISPHOSPHATE_BINDING	0.2077987308452782			
GO_ADP_BIOSYNTHETIC_PROCESS	0.20776638078125761			
MARIADASON_RESPONSE_TO_BUTYRATE_CURCUMIN_SULINDAC_TSA_8	0.2077643909280591			
PICCALUGA_ANGIOIMMUNOBLASTIC_LYMPHOMA_DN	0.20771360844698436			
GSE29949_MICROGLIA_VS_DC_BRAIN_DN	0.20769121113117092			
GSE41176_UNSTIM_VS_ANTI_IGM_STIM_BCELL_6H_DN	0.20767713664662524			
GSE7460_CTRL_VS_FOXP3_OVEREXPR_TCONV_1_DN	0.20767173479848094			
COLDREN_GEFITINIB_RESISTANCE_UP	0.20766466849210743			
TING_SILENCED_BY_DICER	0.20766112462387346			
GO_CARBOHYDRATE_KINASE_ACTIVITY	0.20762877326722085			
MIR6752_3P	0.20762510098887096			
GSE26928_CENTR_MEMORY_VS_CXCR5_POS_CD4_TCELL_UP	0.207618639788305			
MIR186_5P	0.20761362278389636			
GO_CEREBELLAR_CORTEX_MORPHOGENESIS	0.2076127637425829			
KEGG_MELANOGENESIS	0.2076112635157654			
REACTOME_HEDGEHOG_LIGAND_BIOGENESIS	0.20759108705349585			
GSE41867_LCMV_ARMSTRONG_VS_CLONE13_DAY6_EFFECTOR_CD8_TCELL_UP	0.20758718126739864			
GO_CARDIAC_MUSCLE_CELL_PROLIFERATION	0.2075745403753188			
BOWIE_RESPONSE_TO_EXTRACELLULAR_MATRIX	0.20757365287383725			
GO_POSITIVE_REGULATION_OF_SKELETAL_MUSCLE_TISSUE_DEVELOPMENT	0.2075652748325273			
IPA_CDX1_UP	0.20756110353800594			
GSE360_DC_VS_MAC_B_MALAYI_HIGH_DOSE_UP	0.2075476327825606			
MIR410_5P	0.20753308982333166			
KAUFFMANN_MELANOMA_RELAPSE_DN	0.20752955148349228			
RBM17_TARGET_GENES	0.207493024694325			
MEF2_01	0.20749203009787268			
chr17q21	0.20746810454204384			
GSE40666_UNTREATED_VS_IFNA_STIM_STAT1_KO_CD8_TCELL_90MIN_UP	0.2074223556449768			
VETTER_TARGETS_OF_PRKCA_AND_ETS1_UP	0.2073808433472137			
GO_NEGATIVE_REGULATION_OF_ANION_TRANSMEMBRANE_TRANSPORT	0.20735706945617308			
ATAGGAA_MIR202	0.2073532327604146			
GO_STEROID_HORMONE_SECRETION	0.20734810008370183			
KEGG_CHRONIC_MYELOID_LEUKEMIA	0.20733893087603783			
GO_REGULATION_OF_MEIOTIC_NUCLEAR_DIVISION	0.2073127961008335			
GO_REGULATION_OF_ODONTOGENESIS_OF_DENTIN_CONTAINING_TOOTH	0.20730904806734693			
GO_3_HYDROXYACYL_COA_DEHYDRATASE_ACTIVITY	0.20728924573057053			
GO_POSITIVE_REGULATION_OF_ANION_TRANSMEMBRANE_TRANSPORT	0.20728415664495417			
ZNF26_TARGET_GENES	0.20727524129681674			
GO_POSITIVE_REGULATION_OF_NEUROINFLAMMATORY_RESPONSE	0.20725450307451132			
GSE2770_IL12_VS_IL4_TREATED_ACT_CD4_TCELL_48H_UP	0.2072484044140934			
GO_NEGATIVE_REGULATION_OF_PROTEIN_POLYUBIQUITINATION	0.2072474578254232			
MIR939_5P	0.20722628526254097			
GO_POSITIVE_REGULATION_OF_SODIUM_ION_TRANSPORT	0.207223898933385			
CAGGTCC_MIR492	0.20721178401805138			
REACTOME_SIGNALING_BY_RHO_GTPASES	0.2072069037201436			
BIOCARTA_TUBBY_PATHWAY	0.2072068236745891			
MIR6743_5P	0.2072060491408555			
REACTOME_SOS_MEDIATED_SIGNALLING	0.20720602405289645			
FARMER_BREAST_CANCER_CLUSTER_5	0.20719137528865517			
GO_SYMPORTER_ACTIVITY	0.20717415967991232			
IPA_HOXA10_UP	0.2071726563044151			
GO_TRANSPORT_ACROSS_BLOOD_BRAIN_BARRIER	0.20716473510643568			
GTCTTCC_MIR7	0.20716286362013175			
TAATAAT_MIR126	0.20715335760306272			
GO_METANEPHRIC_PART_OF_URETERIC_BUD_DEVELOPMENT	0.2071327716622906			
GO_DEFENSE_RESPONSE_TO_FUNGUS	0.20712367779329735			
MIR6834_5P	0.20711908981358687			
AR_03	0.20710792490904506			
GO_OXIDOREDUCTASE_ACTIVITY_ACTING_ON_PEROXIDE_AS_ACCEPTOR	0.20710753057147022			
GO_NEGATIVE_REGULATION_OF_INTERLEUKIN_1_SECRETION	0.20709289589659824			
AACATTC_MIR4093P	0.20709224656962882			
TAAYNRNNTCC_UNKNOWN	0.20708416979718197			
GO_ALDITOL_PHOSPHATE_METABOLIC_PROCESS	0.20707872912308553			
GO_TYPE_B_PANCREATIC_CELL_DEVELOPMENT	0.20707095647407867			
GO_INTEGRAL_COMPONENT_OF_CYTOPLASMIC_SIDE_OF_ENDOPLASMIC_RETICULUM_MEMBRANE	0.20706703340234298			
GSE12003_MIR223_KO_VS_WT_BM_PROGENITOR_8D_CULTURE_DN	0.20706620703970469			
GO_COLLECTING_DUCT_DEVELOPMENT	0.20705575488972255			
MIR1299	0.20704061321339823			
GO_CORECEPTOR_ACTIVITY	0.20703015088429358			
TAATTA_CHX10_01	0.20701894486267164			
GO_RENAL_SODIUM_ION_TRANSPORT	0.20700924691716335			
IPA_MED13_DN	0.20699945323512656			
REACTOME_CREATION_OF_C4_AND_C2_ACTIVATORS	0.20698022978490632			
REACTOME_DEACTIVATION_OF_THE_BETA_CATENIN_TRANSACTIVATING_COMPLEX	0.20697787908332022			
GO_THYMOCYTE_MIGRATION	0.20697483433215338			
PTTG1_TARGET_GENES	0.20695767810023766			
GO_PYRIMIDINE_CONTAINING_COMPOUND_SALVAGE	0.20694140564575322			
GSE27786_ERYTHROBLAST_VS_NEUTROPHIL_UP	0.20694073758491863			
GO_MRE11_COMPLEX	0.20694072641982894			
GO_PHOTORECEPTOR_CELL_DIFFERENTIATION	0.20692843663988025			
GO_MITOCHONDRIAL_OUTER_MEMBRANE_PERMEABILIZATION	0.20691999953538734			
GO_GPI_ANCHOR_METABOLIC_PROCESS	0.20691499714730707			
GSE23505_IL6_IL1_VS_IL6_IL1_IL23_TREATED_CD4_TCELL_UP	0.20691191136047213			
REACTOME_ACYL_CHAIN_REMODELLING_OF_PG	0.20691147625429815			
GO_CERAMIDE_1_PHOSPHATE_TRANSPORT	0.20686794865590988			
GO_POSITIVE_REGULATION_OF_EXECUTION_PHASE_OF_APOPTOSIS	0.2068656883059451			
GO_RESPONSE_TO_UV_C	0.20685030917569297			
MIR4637	0.20681657562784822			
GTAAGAT_MIR200A	0.20680333796007533			
GO_REGULATION_OF_GLOMERULUS_DEVELOPMENT	0.20678837461078395			
GSE26669_CTRL_VS_COSTIM_BLOCK_MLR_CD8_TCELL_UP	0.20678824266483867			
IPA_ONECUT1_DN	0.20678766237693552			
GSE21927_SPLENIC_C26GM_TUMOROUS_VS_BONE_MARROW_MONOCYTES_UP	0.20678724834581863			
REACTOME_PROTEIN_METHYLATION	0.2067799847299462			
GSE41176_UNSTIM_VS_ANTI_IGM_STIM_TAK1_KO_BCELL_6H_UP	0.20677088076016817			
GO_SPHINGOSINE_1_PHOSPHATE_RECEPTOR_SIGNALING_PATHWAY	0.20677056518114814			
MIR520A_5P	0.20676432599314584			
GSE20715_WT_VS_TLR4_KO_48H_OZONE_LUNG_UP	0.20676129675087682			
RAMPON_ENRICHED_LEARNING_ENVIRONMENT_EARLY_UP	0.20672855861748418			
REACTOME_LINOLEIC_ACID_LA_METABOLISM	0.2067165107506207			
GCACCTT_MIR18A_MIR18B	0.2067088625524065			
MIR6882_5P	0.20670469486292417			
MARZEC_IL2_SIGNALING_UP	0.2066913362756509			
MIR610	0.20667105056909016			
GO_OXIDOREDUCTASE_ACTIVITY_ACTING_ON_DIPHENOLS_AND_RELATED_SUBSTANCES_AS_DONORS	0.2066528707683813			
GSE17721_PAM3CSK4_VS_CPG_12H_BMDC_UP	0.2066498003911708			
GO_NEGATIVE_REGULATION_OF_MYOTUBE_DIFFERENTIATION	0.20663142963636946			
GO_INTERLEUKIN_10_SECRETION	0.2066266137012631			
GSE45365_WT_VS_IFNAR_KO_CD8A_DC_MCMV_INFECTION_UP	0.20662069575690903			
GO_EMBRYONIC_AXIS_SPECIFICATION	0.20661079654880454			
GO_SYNAPTIC_VESICLE_BUDDING_FROM_PRESYNAPTIC_ENDOCYTIC_ZONE_MEMBRANE	0.20659834818205366			
GO_POSITIVE_REGULATION_OF_T_HELPER_2_CELL_CYTOKINE_PRODUCTION	0.20659110268766306			
IPA_ARX_UP	0.20659004703961142			
REACTOME_INITIAL_TRIGGERING_OF_COMPLEMENT	0.20658317160747242			
MIR24_1_5P_MIR24_2_5P	0.20655145045549198			
KYNG_RESPONSE_TO_H2O2_VIA_ERCC6_DN	0.2065335547011735			
GO_CELLULAR_RESPONSE_TO_DRUG	0.20653246306751535			
GO_UV_PROTECTION	0.20653151588596705			
GSE20366_CD103_POS_VS_NEG_TREG_KLRG1NEG_DN	0.20651210665236516			
GO_POSITIVE_REGULATION_OF_POSTTRANSCRIPTIONAL_GENE_SILENCING	0.20650091386452524			
GO_REGULATION_OF_HEXOKINASE_ACTIVITY	0.20649130039526847			
PID_RAS_PATHWAY	0.20646915074259756			
ATF_01	0.20645608412830682			
GO_CYTOCHROME_COMPLEX_ASSEMBLY	0.20645213946743193			
GO_THALAMUS_DEVELOPMENT	0.20643763626906003			
CYTAGCAAY_UNKNOWN	0.20643715677038862			
GSE12845_IGD_POS_BLOOD_VS_DARKZONE_GC_TONSIL_BCELL_UP	0.20638813291020908			
GSE2405_HEAT_KILLED_VS_LIVE_A_PHAGOCYTOPHILUM_STIM_NEUTROPHIL_9H_DN	0.20638338932673936			
MIR194_5P	0.2063807621296098			
GO_POTASSIUM_ION_ANTIPORTER_ACTIVITY	0.20629787634411123			
IPA_BRCA2_DN	0.20629500231300468			
MIR891B	0.20629296810514028			
GO_CHOLESTEROL_STORAGE	0.20628216756829848			
GO_MEMBRANE_DOCKING	0.20627511269800053			
GO_NUCLEOTIDASE_ACTIVITY	0.2062673134319824			
MIR6844	0.20625174923132333			
TURJANSKI_MAPK8_AND_MAPK9_TARGETS	0.2062208273545237			
FREAC2_01	0.20620207173798394			
MIR429	0.20618813089820365			
GO_AMINO_ACID_IMPORT	0.2061801135076967			
MIR6806_5P	0.20616851377626602			
GO_REGULATION_OF_CENTROSOME_CYCLE	0.20616274119705164			
REACTOME_TANDEM_PORE_DOMAIN_POTASSIUM_CHANNELS	0.20616016118212507			
IPA_NCOA2_UP	0.20614654916729422			
REACTOME_OVARIAN_TUMOR_DOMAIN_PROTEASES	0.20613560032110645			
MIR6840_3P	0.20612740189706283			
GO_POSITIVE_REGULATION_OF_PROTEIN_DEUBIQUITINATION	0.20610652945522503			
GO_SCF_UBIQUITIN_LIGASE_COMPLEX	0.20610615699216622			
GSE14908_ATOPIC_VS_NONATOPIC_PATIENT_HDM_STIM_CD4_TCELL_UP	0.2060789029973513			
GO_AMIDE_BINDING	0.20607104629432554			
MIR3907	0.20606321027894045			
GO_SNRNA_TRANSCRIPTION_BY_RNA_POLYMERASE_III	0.2060461733875983			
GSE11924_TFH_VS_TH2_CD4_TCELL_DN	0.20604441348098831			
MIR200B_3P	0.2060384016485302			
GO_REGULATION_OF_THYROID_HORMONE_MEDIATED_SIGNALING_PATHWAY	0.2060308244840506			
GO_COENZYME_BIOSYNTHETIC_PROCESS	0.20602586192709438			
GO_NEGATIVE_REGULATION_OF_COLLATERAL_SPROUTING	0.20601329471870428			
MIR200C_3P	0.2059978303131037			
BENPORATH_ES_CORE_NINE	0.20599707543504436			
GO_FATTY_ACYL_COA_SYNTHASE_ACTIVITY	0.20598827462235036			
GO_QUATERNARY_AMMONIUM_GROUP_TRANSPORT	0.20598067133661782			
MIR4690_5P	0.20596672837268537			
IPA_HIF1AN_DN	0.2059621538781242			
GO_MICROTUBULE_BUNDLE	0.2059549032489544			
GO_NEGATIVE_REGULATION_OF_CELL_PROLIFERATION_INVOLVED_IN_KIDNEY_DEVELOPMENT	0.20593854244999013			
TURASHVILI_BREAST_DUCTAL_CARCINOMA_VS_DUCTAL_NORMAL_UP	0.20593496847259252			
REACTOME_SIGNALING_BY_NTRK2_TRKB	0.20592077418828375			
MIR513A_5P	0.2059189206085158			
GO_RAP_GUANYL_NUCLEOTIDE_EXCHANGE_FACTOR_ACTIVITY	0.20589435103704895			
MIR4704_5P	0.2058836005960592			
IPA_KAT2B_UP	0.2058735443793377			
GSE16385_UNTREATED_VS_12H_IL4_TREATED_MACROPHAGE_DN	0.205866672782472			
ZNF136_TARGET_GENES	0.20585498896927237			
MIR153_3P	0.20582227776207881			
GO_NEGATIVE_REGULATION_OF_SYSTEMIC_ARTERIAL_BLOOD_PRESSURE	0.205816980472559			
GO_L_ASPARTATE_TRANSMEMBRANE_TRANSPORTER_ACTIVITY	0.20580730422375632			
GO_O_ACYLTRANSFERASE_ACTIVITY	0.20580466109196302			
GO_VESICLE_TETHERING_COMPLEX	0.20580209558979679			
GO_MODIFICATION_OF_MORPHOLOGY_OR_PHYSIOLOGY_OF_OTHER_ORGANISM	0.20579283855540612			
REACTOME_SEALING_OF_THE_NUCLEAR_ENVELOPE_NE_BY_ESCRT_III	0.2057836982737896			
DICER1_TARGET_GENES	0.20577375996289238			
GO_REGULATION_OF_CARDIAC_MUSCLE_TISSUE_DEVELOPMENT	0.20575949854460765			
GSE7460_TREG_VS_TCONV_ACT_WITH_TGFB_UP	0.20575140253700647			
MIR4669	0.20574794493747164			
GO_GAMMA_AMINOBUTYRIC_ACID_SECRETION	0.20572747181390383			
GO_HYDROLASE_ACTIVITY_HYDROLYZING_O_GLYCOSYL_COMPOUNDS	0.20571768028035542			
TOMIDA_LUNG_CANCER_POOR_SURVIVAL	0.20563808405510506			
GO_SPINAL_CORD_MOTOR_NEURON_CELL_FATE_SPECIFICATION	0.20561913018030492			
GO_INTRACILIARY_RETROGRADE_TRANSPORT	0.20561427134622937			
MIR561_3P	0.2055999719823747			
GO_NEGATIVE_REGULATION_OF_RECEPTOR_SIGNALING_PATHWAY_VIA_STAT	0.2055773914426867			
GO_PYRIMIDINE_NUCLEOTIDE_BINDING	0.2055680411081816			
GO_DELTA_CATENIN_BINDING	0.20556263697396582			
KEGG_PYRUVATE_METABOLISM	0.2055511891801686			
GSE28726_ACT_CD4_TCELL_VS_ACT_NKTCELL_UP	0.2055201284442177			
MIR6719_3P	0.20550954054151133			
GO_POSITIVE_REGULATION_OF_COLLATERAL_SPROUTING	0.2054960147339663			
GO_NEGATIVE_REGULATION_OF_INTERLEUKIN_5_PRODUCTION	0.20549062148004943			
GABRIELY_MIR21_TARGETS	0.20548983229249368			
MIR6082	0.20548446586523314			
REACTOME_PHOSPHATE_BOND_HYDROLYSIS_BY_NTPDASE_PROTEINS	0.20547973352994392			
IPA_ZIC2_DN	0.20547416360983917			
CTGAGCC_MIR24	0.20546715158474413			
WAGSCHAL_EHMT2_TARGETS_UP	0.205464966400287			
GSE19888_ADENOSINE_A3R_INH_VS_INH_PRETREAT_AND_ACT_WITH_TCELL_MEMBRANES_MAST_CELL_DN	0.20546057114414087			
GSE22432_CONVENTIONAL_CDC_VS_PLASMACYTOID_PDC_DN	0.2054586365904922			
GSE40274_CTRL_VS_LEF1_TRANSDUCED_ACTIVATED_CD4_TCELL_DN	0.2054512188238276			
GO_ISOPRENOID_BIOSYNTHETIC_PROCESS	0.20543711465027992			
IPA_ETV6_UP	0.20542299789726107			
GO_REGULATION_OF_SPINDLE_ORGANIZATION	0.20541844234388365			
IPA_AIRE_UP	0.2054069726540676			
REACTOME_SUMO_IS_PROTEOLYTICALLY_PROCESSED	0.2053940599128709			
GO_PROSTATE_GLANDULAR_ACINUS_MORPHOGENESIS	0.20538393629016155			
GO_REGULATION_OF_CELLULAR_CARBOHYDRATE_CATABOLIC_PROCESS	0.2053809392769853			
GO_RIBONUCLEOPROTEIN_COMPLEX_DISASSEMBLY	0.2053744953608307			
REACTOME_UPTAKE_AND_FUNCTION_OF_ANTHRAX_TOXINS	0.2053593275118798			
AHRARNT_01	0.2053515083120415			
GSE22589_SIV_VS_HIV_AND_SIV_INFECTED_DC_UP	0.20535024463945026			
IPA_TFAP2C_DN	0.20534471342689337			
MIR6894_3P	0.2053400079740959			
GO_GLIAL_CELL_PROLIFERATION	0.20533863550615236			
GO_ADENYL_NUCLEOTIDE_EXCHANGE_FACTOR_ACTIVITY	0.20533320897216			
GSE15624_CTRL_VS_6H_HALOFUGINONE_TREATED_CD4_TCELL_DN	0.2053244773994737			
VEGF_A_UP.V1_DN	0.20532201908785525			
REACTOME_ION_CHANNEL_TRANSPORT	0.20530903167156467			
GSE17721_CTRL_VS_PAM3CSK4_8H_BMDC_UP	0.20528738043524017			
GO_REGULATION_OF_DEVELOPMENT_HETEROCHRONIC	0.20528119551345214			
AMBROSINI_FLAVOPIRIDOL_TREATMENT_TP53	0.20527699922815473			
HNF1_Q6	0.2052690747243303			
GSE22601_IMMATURE_CD4_SINGLE_POSITIVE_VS_CD4_SINGLE_POSITIVE_THYMOCYTE_DN	0.20523892571078842			
TUOMISTO_TUMOR_SUPPRESSION_BY_COL13A1_DN	0.20523801713821987			
GO_PROTEIN_TARGETING	0.20523128126863352			
GO_MITOPHAGY	0.20522015348366332			
GSE32255_WT_VS_JMJD2D_KNOCKDOWN_4H_LPS_STIM_DC_UP	0.20520996339955666			
GO_OUTER_DYNEIN_ARM	0.205190576598688			
ABDULRAHMAN_KIDNEY_CANCER_VHL_DN	0.2051661728882246			
AAAGGGA_MIR204_MIR211	0.20516517979104848			
GSE13762_CTRL_VS_125_VITAMIND_DAY12_DC_DN	0.20509397108547786			
GO_PROTEIN_STABILIZATION	0.20508378365575616			
EGR_Q6	0.2050740462397267			
KEGG_ALZHEIMERS_DISEASE	0.20506416317834822			
GO_COMPLEMENT_ACTIVATION_LECTIN_PATHWAY	0.2050604259783298			
GO_IRIS_MORPHOGENESIS	0.20505459177061475			
GO_NEGATIVE_REGULATION_OF_HELICASE_ACTIVITY	0.2050375284439485			
GSE11924_TFH_VS_TH1_CD4_TCELL_UP	0.20503723845252358			
GO_GLUCOCORTICOID_SECRETION	0.20502555224176253			
GO_INHIBITION_OF_NEUROEPITHELIAL_CELL_DIFFERENTIATION	0.2050240170771087			
GSE21063_CTRL_VS_ANTI_IGM_STIM_BCELL_NFATC1_KO_8H_UP	0.2050196856967746			
GO_MEIOTIC_CYTOKINESIS	0.20500871490632008			
GO_SPINDLE_POLE_CENTROSOME	0.20498753401078487			
MIKKELSEN_NPC_LCP_WITH_H3K4ME3	0.20498144582518632			
GSE41867_LCMV_ARMSTRONG_VS_CLONE13_DAY15_EFFECTOR_CD8_TCELL_DN	0.20497988365351927			
GO_NEGATIVE_REGULATION_OF_CARDIAC_MUSCLE_CELL_PROLIFERATION	0.2049715599914272			
REACTOME_FICOLINS_BIND_TO_REPETITIVE_CARBOHYDRATE_STRUCTURES_ON_THE_TARGET_CELL_SURFACE	0.20497019597214622			
PID_RHOA_REG_PATHWAY	0.20496851394929			
PALOMERO_GSI_SENSITIVITY_DN	0.20494017271119325			
BIOCARTA_RAB_PATHWAY	0.2049396424770056			
GO_LATERAL_MESODERM_DEVELOPMENT	0.20492646748412027			
MIR376C_3P	0.20491463408139443			
MIR4799_5P	0.20490732774457768			
GSE3039_CD4_TCELL_VS_B2_BCELL_UP	0.2049043594874892			
MIR6799_3P	0.20490095492328841			
GSE23502_WT_VS_HDC_KO_MYELOID_DERIVED_SUPPRESSOR_CELL_COLON_TUMOR_DN	0.20488995552947972			
GO_CYTOLYSIS	0.2048652998842624			
GO_POSITIVE_REGULATION_OF_HISTONE_DEACETYLATION	0.20486211243223415			
GO_PHOSPHOLIPASE_A2_ACTIVITY	0.2048304229028013			
GO_NEGATIVE_REGULATION_OF_INTERLEUKIN_1_MEDIATED_SIGNALING_PATHWAY	0.20479969612404908			
GO_REGULATION_OF_PROTEIN_CONTAINING_COMPLEX_ASSEMBLY	0.2047987931400783			
GSE37533_UNTREATED_VS_PIOGLIZATONE_TREATED_CD4_TCELL_FOXP3_TRASDUCED_CD4_TCELL_DN	0.2047941766712515			
GO_RESPONSE_TO_SALT	0.2047929412501253			
MIR4671_5P	0.20479266714675765			
MIR4797_5P	0.2047804171341326			
GO_NEGATIVE_REGULATION_OF_GLUCOSE_IMPORT	0.20477476008296625			
GO_RIBOSOMAL_LARGE_SUBUNIT_BINDING	0.20477259598591707			
SMAD4_Q6	0.20476626842657483			
KEGG_ABC_TRANSPORTERS	0.20476408221295406			
SIRNA_EIF4GI_DN	0.20476240804686438			
GO_NADP_BINDING	0.204758993191201			
MIR1203	0.20475761840956622			
GSE27896_HDAC6_KO_VS_WT_TREG_DN	0.20469434745440251			
GSE36476_CTRL_VS_TSST_ACT_72H_MEMORY_CD4_TCELL_YOUNG_UP	0.2046865837340235			
GO_PHOSPHATIDYLCHOLINE_ACYL_CHAIN_REMODELING	0.20466117176829565			
REACTOME_FATTY_ACYL_COA_BIOSYNTHESIS	0.2046424158855563			
GO_REGULATION_OF_SODIUM_DEPENDENT_PHOSPHATE_TRANSPORT	0.20462416209790404			
GO_NEPHRIC_DUCT_FORMATION	0.20461495823331036			
GSE21774_CD62L_POS_CD56_BRIGHT_VS_CD62L_NEG_CD56_DIM_NK_CELL_DN	0.2046131092666703			
GO_COLLAGEN_RECEPTOR_ACTIVITY	0.20457677826287113			
MULLIGHAN_NPM1_SIGNATURE_3_DN	0.20457383038047314			
GSE33424_CD161_HIGH_VS_INT_CD8_TCELL_DN	0.20456330202038603			
GSE17974_0H_VS_24H_IN_VITRO_ACT_CD4_TCELL_UP	0.2045421424752398			
GO_POSTSYNAPTIC_MEMBRANE_ORGANIZATION	0.20453044569783002			
GSE16385_UNTREATED_VS_12H_ROSIGLITAZONE_IFNG_TNF_TREATED_MACROPHAGE_DN	0.20452718298352834			
IPA_HES2_UP	0.20452549837201597			
WHITFIELD_CELL_CYCLE_G2_M	0.20452464003394139			
JAEGER_METASTASIS_UP	0.20448177760417222			
MIKKELSEN_NPC_ICP_WITH_H3K4ME3	0.2044785206419947			
IPA_ATF5_UP	0.20447584585116402			
GSE10094_LCMV_VS_LISTERIA_IND_EFF_CD4_TCELL_DN	0.20446640893686602			
MIR3620_3P	0.20445714002615015			
GSE46143_CTRL_VS_LMP2A_TRANSDUCED_CD10_POS_GC_BCELL_UP	0.2044490454095626			
TTGCCAA_MIR182	0.20444423327417724			
GLI3_TARGET_GENES	0.2044324033224778			
GSE360_CTRL_VS_T_GONDII_DC_DN	0.20440549715552117			
GSE40274_CTRL_VS_FOXP3_AND_IRF4_TRANSDUCED_ACTIVATED_CD4_TCELL_DN	0.20439343955757583			
GO_PALLIUM_DEVELOPMENT	0.20435538558006774			
GO_POSITIVE_REGULATION_OF_VIRAL_PROCESS	0.2043527945075456			
GO_NEGATIVE_REGULATION_OF_ALCOHOL_BIOSYNTHETIC_PROCESS	0.204349687685177			
GO_POSITIVE_REGULATION_OF_TRIGLYCERIDE_METABOLIC_PROCESS	0.20434761137218427			
VANTVEER_BREAST_CANCER_METASTASIS_DN	0.20434445935982837			
MIR4749_3P	0.2043396427636813			
PID_SMAD2_3PATHWAY	0.20432553308749024			
GO_REGULATION_OF_CILIUM_BEAT_FREQUENCY_INVOLVED_IN_CILIARY_MOTILITY	0.20430820453026702			
GO_REGULATION_OF_DEFENSE_RESPONSE_TO_BACTERIUM	0.2043002866617463			
GO_GLUTAMATE_CATABOLIC_PROCESS	0.20429726867925474			
IPA_NCOA3_UP	0.20427902828684444			
GO_NEGATIVE_REGULATION_OF_MEGAKARYOCYTE_DIFFERENTIATION	0.20427205477135194			
BIOCARTA_CD40_PATHWAY	0.20426084213851675			
GINESTIER_BREAST_CANCER_ZNF217_AMPLIFIED_UP	0.2042568250036229			
REACTOME_HSP90_CHAPERONE_CYCLE_FOR_STEROID_HORMONE_RECEPTORS_SHR	0.20425333622839567			
GTGACGY_E4F1_Q6	0.20424025858902875			
GO_SULFIDE_OXIDATION	0.20423994655498254			
GO_MICROTUBULE	0.20422481341306847			
CHEN_HOXA5_TARGETS_6HR_DN	0.2042194575894381			
IPA_TBX3_UP	0.20421447120265843			
GO_HIGH_DENSITY_LIPOPROTEIN_PARTICLE_REMODELING	0.20421092136098717			
GO_REGULATION_OF_SKELETAL_MUSCLE_CELL_DIFFERENTIATION	0.204204625985894			
MIR4650_5P	0.20418727047781468			
GO_GROWTH_HORMONE_SECRETION	0.20418496930820246			
GO_CHEMOKINE_C_C_MOTIF_LIGAND_2_SECRETION	0.20418402729158408			
MIR769_3P	0.20417706626106033			
GO_UREA_CYCLE	0.20415664250956833			
SHIN_B_CELL_LYMPHOMA_CLUSTER_7	0.2041500761542165			
GO_ORGANIC_ACID_CATABOLIC_PROCESS	0.20410332225703665			
REACTOME_ACTIVATION_OF_C3_AND_C5	0.2040960055260045			
BIOCARTA_LECTIN_PATHWAY	0.20406080302870055			
GSE17721_CTRL_VS_GARDIQUIMOD_1H_BMDC_DN	0.20399224875907493			
GO_SARCOPLASM	0.20398942028916509			
ATGTACA_MIR493	0.203974849086003			
GSE19198_CTRL_VS_IL21_TREATED_TCELL_24H_DN	0.20395586749807354			
GSE22432_UNTREATED_VS_TGFB1_TREATED_COMMON_DC_PROGENITOR_UP	0.20394306351135036			
MIR6780B_5P	0.20388832193087694			
GO_REGULATION_OF_METANEPHRIC_GLOMERULUS_DEVELOPMENT	0.2038855296310816			
RIZ_ERYTHROID_DIFFERENTIATION_HEMGN	0.20387410898504432			
GO_ORGANIC_HYDROXY_COMPOUND_BIOSYNTHETIC_PROCESS	0.20385125818398792			
GO_PROTEIN_LOCALIZATION_TO_CELL_SURFACE	0.20383752518398568			
MIR182_3P	0.20383305236798366			
MIR656_3P	0.20381198197327552			
GO_REGULATION_OF_GONADOTROPIN_SECRETION	0.2037880284724333			
IPA_HOXC4_DN	0.20378454154076361			
MIR1304_3P	0.20377979088639975			
THUM_MIR21_TARGETS_HEART_DISEASE_DN	0.2037712875537318			
MIR299_5P	0.20376614792581454			
GO_PROTEIN_AUTOPROCESSING	0.20376036470423783			
GO_POSITIVE_REGULATION_OF_RESPONSE_TO_DRUG	0.203734928700809			
REACTOME_MAPK1_ERK2_ACTIVATION	0.20373414624320244			
NFKB_C	0.20372148498749848			
GO_PROSTATE_GLANDULAR_ACINUS_DEVELOPMENT	0.20371793418487133			
GSE27859_DC_VS_CD11C_INT_F480_INT_DC_UP	0.20370383595581643			
GO_BIOTIN_BINDING	0.20370230529532313			
GO_RETINOIC_ACID_RESPONSIVE_ELEMENT_BINDING	0.20369636159008048			
REACTOME_MELANIN_BIOSYNTHESIS	0.20368351854812836			
GO_ER_TO_GOLGI_CERAMIDE_TRANSPORT	0.20367113022889421			
GO_INDUCTION_OF_POSITIVE_CHEMOTAXIS	0.20364598300311693			
GO_REGULATION_OF_ATRIAL_CARDIAC_MUSCLE_CELL_MEMBRANE_REPOLARIZATION	0.2036383340000742			
GO_CILIARY_NEUROTROPHIC_FACTOR_MEDIATED_SIGNALING_PATHWAY	0.20362474223593646			
AAGCACT_MIR520F	0.20361341965064045			
REACTOME_RUNX3_REGULATES_NOTCH_SIGNALING	0.20360214565305662			
WARTERS_IR_RESPONSE_5GY	0.2035985281712774			
MIR7847_3P	0.20359737944188833			
GO_AUDITORY_RECEPTOR_CELL_MORPHOGENESIS	0.20359384607614844			
REACTOME_VLDL_ASSEMBLY	0.2035763472688028			
BAHD1_TARGET_GENES	0.20357369188111754			
PID_RAC1_PATHWAY	0.20356879080285864			
GO_REGULATION_OF_TOLL_LIKE_RECEPTOR_3_SIGNALING_PATHWAY	0.20356809895346395			
REACTOME_ZINC_EFFLUX_AND_COMPARTMENTALIZATION_BY_THE_SLC30_FAMILY	0.2035577519604261			
GO_MANNOSE_METABOLIC_PROCESS	0.20354047253763963			
GSE21063_WT_VS_NFATC1_KO_3H_ANTI_IGM_STIM_BCELL_UP	0.2035403179449541			
GO_ACYLGLYCEROL_HOMEOSTASIS	0.20353612261085208			
GO_CORTICOSTERONE_SECRETION	0.2035247776689779			
MIR4498	0.20351939119551749			
IPA_MXD1_UP	0.20351744015409454			
GO_NEUROBLAST_PROLIFERATION	0.20351249235456018			
GO_POSITIVE_REGULATION_OF_VASCULAR_ENDOTHELIAL_GROWTH_FACTOR_RECEPTOR_SIGNALING_PATHWAY	0.20350449644584973			
GO_MAMMALIAN_OOGENESIS_STAGE	0.20349363813585888			
GSE2770_IL12_AND_TGFB_VS_IL4_TREATED_ACT_CD4_TCELL_2H_DN	0.20348599119377267			
REACTOME_NADE_MODULATES_DEATH_SIGNALLING	0.2034802461593399			
GSE18893_CTRL_VS_TNF_TREATED_TREG_2H_UP	0.2034758962223537			
TGCCAAR_NF1_Q6	0.2034596300768714			
MIR3926	0.20345515720914445			
MIR551A_MIR551B_3P	0.20345464213084882			
GO_LIVER_MORPHOGENESIS	0.2034525216301464			
GSE17721_LPS_VS_POLYIC_4H_BMDC_DN	0.20345059281791505			
MIR3155A_MIR3155B	0.20343755740521097			
GSE21927_SPLEEN_VS_TUMOR_MONOCYTE_C57BL6_UP	0.20343359175674594			
chr13q34	0.20341700492943204			
GO_POSITIVE_REGULATION_OF_GLOMERULUS_DEVELOPMENT	0.20340472054036382			
GO_PLASMA_MEMBRANE_FUSION	0.20340100396209157			
GSE12845_IGD_POS_BLOOD_VS_PRE_GC_TONSIL_BCELL_UP	0.20339622185323303			
GTCAACC_MIR3805P	0.20338167151534112			
GO_CORECEPTOR_ACTIVITY_INVOLVED_IN_WNT_SIGNALING_PATHWAY_PLANAR_CELL_POLARITY_PATHWAY	0.20336102941317402			
chr5q32	0.2033531065643435			
GO_HYDROGEN_SULFIDE_METABOLIC_PROCESS	0.20334880193404228			
MIR6842_5P	0.20334181486607728			
IPA_MLXIPL_UP	0.20333443234797258			
GSE39820_TGFBETA1_VS_TGFBETA3_IN_IL6_TREATED_CD4_TCELL_DN	0.20332818622860613			
GO_ESTABLISHMENT_OF_PLANAR_POLARITY_INVOLVED_IN_NEURAL_TUBE_CLOSURE	0.20331588542604737			
GO_ANTIBIOTIC_CATABOLIC_PROCESS	0.20328983909888065			
GO_AMMONIUM_TRANSMEMBRANE_TRANSPORT	0.20328472111714635			
IPA_AHRR_DN	0.2032815100960296			
GO_PHOSPHATIDYLGLYCEROL_BINDING	0.20328109543358563			
GSE27291_6H_VS_7D_STIM_GAMMADELTA_TCELL_UP	0.20327256551835737			
MIR4453	0.2032531680928465			
GO_RESPONSE_TO_DIETARY_EXCESS	0.20324845372453507			
TTGGGAG_MIR150	0.20323906495264601			
GO_POSITIVE_REGULATION_OF_CARDIAC_MUSCLE_ADAPTATION	0.2031839472607337			
MIR4281	0.20318189054445912			
GO_NEGATIVE_REGULATION_BY_HOST_OF_VIRAL_PROCESS	0.20316394648056496			
GO_ANTIFUNGAL_HUMORAL_RESPONSE	0.2031506361067791			
REACTOME_ERK_MAPK_TARGETS	0.20312353220894475			
PURBEY_TARGETS_OF_CTBP1_AND_SATB1_UP	0.2031215643505319			
GO_MATERNAL_PROCESS_INVOLVED_IN_PARTURITION	0.20311523313788404			
MIR597_5P	0.20311096913815543			
BIOCARTA_P38MAPK_PATHWAY	0.20309539235409393			
GSE40666_UNTREATED_VS_IFNA_STIM_CD8_TCELL_90MIN_UP	0.20305461433900548			
HERNANDEZ_ABERRANT_MITOSIS_BY_DOCETACEL_4NM_UP	0.20304659142409684			
GO_FRUCTOSE_2_6_BISPHOSPHATE_METABOLIC_PROCESS	0.2030454536867747			
GO_FRUCTOSE_2_6_BISPHOSPHATE_2_PHOSPHATASE_ACTIVITY	0.2030454536867747			
GO_NEUROTROPHIN_RECEPTOR_BINDING	0.20303147527700124			
GO_MICROTUBULE_NUCLEATION	0.2030301435645141			
chr5p13	0.2030214012812681			
MIR376B_5P_MIR376C_5P	0.2030128886789192			
GO_PURINE_NUCLEOBASE_TRANSMEMBRANE_TRANSPORTER_ACTIVITY	0.20301139649914085			
FIGUEROA_AML_METHYLATION_CLUSTER_1_DN	0.20300258955045974			
MIKHAYLOVA_OXIDATIVE_STRESS_RESPONSE_VIA_VHL_UP	0.2029878824725312			
MIR556_5P	0.2029745627098972			
MIR4262	0.20296746868156168			
MIR8054	0.202960225366146			
GO_RETINOIC_ACID_4_HYDROXYLASE_ACTIVITY	0.20295187807085527			
TAKAO_RESPONSE_TO_UVB_RADIATION_UP	0.20294086938590605			
GO_CELLULAR_RESPONSE_TO_NITROGEN_STARVATION	0.2029275899405463			
MUELLER_COMMON_TARGETS_OF_AML_FUSIONS_DN	0.20292398259041522			
WALLACE_PROSTATE_CANCER_UP	0.2029080121476765			
GSE13522_CTRL_VS_T_CRUZI_Y_STRAIN_INF_SKIN_IFNG_KO_UP	0.20290131888409038			
BOYAULT_LIVER_CANCER_SUBCLASS_G3_UP	0.20289981338311977			
chr10q25	0.2028986898407207			
GO_DOPAMINE_BINDING	0.20287826882901716			
REACTOME_ION_HOMEOSTASIS	0.20287815631585673			
GO_SEGMENTATION	0.20287428574898092			
REACTOME_HEDGEHOG_ON_STATE	0.2028627423637811			
IPA_TLX1_UP	0.20284722438906463			
LE_EGR2_TARGETS_UP	0.2028329593799062			
BIOCARTA_EFP_PATHWAY	0.2028207931239522			
GO_POSITIVE_REGULATION_OF_T_CELL_CYTOKINE_PRODUCTION	0.20281123942502643			
OUELLET_CULTURED_OVARIAN_CANCER_INVASIVE_VS_LMP_DN	0.2028091271679883			
GO_INSULIN_LIKE_GROWTH_FACTOR_RECEPTOR_BINDING	0.20279095029689978			
EBAUER_MYOGENIC_TARGETS_OF_PAX3_FOXO1_FUSION	0.20277091210057302			
RAMPON_ENRICHED_LEARNING_ENVIRONMENT_EARLY_DN	0.20276002271645907			
MIR4725_5P	0.20275581036906892			
MIR548AT_5P	0.20274785451747873			
GO_NITROGEN_CYCLE_METABOLIC_PROCESS	0.20274751411277			
GO_RESPIRATORY_ELECTRON_TRANSPORT_CHAIN	0.202746948617915			
GSE360_T_GONDII_VS_B_MALAYI_LOW_DOSE_DC_DN	0.20274651999016738			
HOEGERKORP_CD44_TARGETS_DIRECT_DN	0.20273570027481685			
GO_MYELIN_MAINTENANCE	0.20273465438284027			
MIR939_3P	0.2027242532456802			
MIR6801_5P	0.20272408277252596			
GO_REGULATION_OF_GASTRIC_ACID_SECRETION	0.2027184334373655			
REACTOME_TOLL_LIKE_RECEPTOR_TLR1_TLR2_CASCADE	0.20271679758249084			
IPA_NFATC3_UP	0.20271429940568625			
GO_POTASSIUM_ION_HOMEOSTASIS	0.20270414177631202			
CTTGTAT_MIR381	0.20269954854004502			
GSE14308_TH17_VS_NATURAL_TREG_UP	0.20269705963843074			
MIR32_3P	0.2026707432031218			
GO_TYROSINE_METABOLIC_PROCESS	0.2026631622287995			
GO_CERAMIDASE_ACTIVITY	0.20261913634142373			
GSE8921_UNSTIM_0H_VS_TLR1_2_STIM_MONOCYTE_12H_DN	0.20261682034215148			
GO_LONG_CHAIN_FATTY_ACID_BIOSYNTHETIC_PROCESS	0.202616265305554			
GO_DELAMINATION	0.20261089641847588			
WU_HBX_TARGETS_3_DN	0.2026076140292558			
GO_PURINE_CONTAINING_COMPOUND_TRANSMEMBRANE_TRANSPORT	0.2025942019263951			
IPA_RFX5_DN	0.2025721495446545			
GSE3400_UNTREATED_VS_IFNB_TREATED_MEF_UP	0.20256897086099104			
chr7q33	0.2025510067387549			
GO_ESTROGEN_16_ALPHA_HYDROXYLASE_ACTIVITY	0.20252385775860235			
HEIDENBLAD_AMPLICON_12P11_12_UP	0.20252309383480682			
MIR4509	0.20251679773624348			
GO_NEGATIVE_REGULATION_OF_PROTEIN_POLYMERIZATION	0.20247136174414118			
GO_ZINC_ION_TRANSMEMBRANE_TRANSPORT	0.20245175824352046			
GSE17974_0H_VS_2H_IN_VITRO_ACT_CD4_TCELL_UP	0.2024433659361311			
GO_POSITIVE_REGULATION_OF_TOLERANCE_INDUCTION	0.20243848350211793			
AAANWWTGC_UNKNOWN	0.2024310768895472			
GO_PROTEIN_TRANSPORT_ALONG_MICROTUBULE	0.20242522989562584			
HNF4_01	0.20241522456017752			
GO_CYTOPLASMIC_MICROTUBULE_ORGANIZATION	0.20241273679769486			
MIR4472	0.2023795901834538			
YAATNRNNNYNATT_UNKNOWN	0.2023775283621797			
MIR8074	0.2023413222552197			
MIR548AV_5P_MIR548K	0.20231860529578885			
REACTOME_DEFECTIVE_CSF2RB_CAUSES_PULMONARY_SURFACTANT_METABOLISM_DYSFUNCTION_5_SMDP5	0.2023133522392228			
MIR10393_3P	0.20228868398061864			
GO_CIS_TRANS_ISOMERASE_ACTIVITY	0.20228130010442602			
GSE42021_TCONV_PLN_VS_CD24INT_TCONV_THYMUS_UP	0.20226631732239764			
REACTOME_COPI_INDEPENDENT_GOLGI_TO_ER_RETROGRADE_TRAFFIC	0.202255894688001			
TURASHVILI_BREAST_LOBULAR_CARCINOMA_VS_DUCTAL_NORMAL_UP	0.20225400011271902			
MIR4698	0.20225258814598363			
GO_CD95_DEATH_INDUCING_SIGNALING_COMPLEX	0.20224992036766115			
GSE18281_SUBCAPSULAR_CORTICAL_REGION_VS_WHOLE_MEDULLA_THYMUS_UP	0.20224979471751725			
IPA_RBBP4_UP	0.20224316738308037			
HOFFMANN_SMALL_PRE_BII_TO_IMMATURE_B_LYMPHOCYTE_DN	0.20223576363613463			
GO_BETA_2_ADRENERGIC_RECEPTOR_BINDING	0.2022253093129515			
MIR4303	0.20221785531986747			
GSE27786_LIN_NEG_VS_ERYTHROBLAST_DN	0.20221676965447205			
GSE34156_UNTREATED_VS_6H_NOD2_AND_TLR1_TLR2_LIGAND_TREATED_MONOCYTE_UP	0.20221158106716297			
IPA_PBX2_UP	0.20218924814501243			
GO_OPTIC_NERVE_DEVELOPMENT	0.20218566479156427			
REACTOME_PTEN_REGULATION	0.20214313992253094			
GO_GASTRIC_MOTILITY	0.2021381277998556			
MIR302C_5P	0.20213558954220068			
GSE360_CTRL_VS_B_MALAYI_LOW_DOSE_MAC_DN	0.2021323000301114			
REACTOME_RUNX2_REGULATES_GENES_INVOLVED_IN_CELL_MIGRATION	0.20209007365118636			
GO_NATA_COMPLEX	0.20208578687046821			
chr2p12	0.2020794724691687			
GSE3982_EFF_MEMORY_CD4_TCELL_VS_TH1_DN	0.20206579098205915			
MIR4291	0.20205278793250675			
GO_ENERGY_DERIVATION_BY_OXIDATION_OF_ORGANIC_COMPOUNDS	0.2020398302078836			
chr2q36	0.20202910075415784			
GSE3720_VD1_VS_VD2_GAMMADELTA_TCELL_WITH_LPS_STIM_UP	0.20201719963526657			
GSE28737_FOLLICULAR_VS_MARGINAL_ZONE_BCELL_DN	0.20199973935544008			
GO_INTRACILIARY_TRANSPORT_PARTICLE_B	0.20198813738198426			
GO_POSITIVE_REGULATION_OF_TOLL_LIKE_RECEPTOR_3_SIGNALING_PATHWAY	0.2019866522372592			
TTTTGAG_MIR373	0.20197806488489758			
MCBRYAN_PUBERTAL_BREAST_3_4WK_DN	0.20197575063421852			
GO_TYROSINE_PHOSPHORYLATION_OF_STAT_PROTEIN	0.20196810145573996			
GSE21360_PRIMARY_VS_SECONDARY_MEMORY_CD8_TCELL_UP	0.20195359681922387			
GO_CELLULAR_RESPONSE_TO_HYDROPEROXIDE	0.20194664165083948			
MALONEY_RESPONSE_TO_17AAG_UP	0.2019457268229949			
REACTOME_FASL_CD95L_SIGNALING	0.20194446321622933			
LINDSTEDT_DENDRITIC_CELL_MATURATION_C	0.20194080780412252			
GO_LONG_TERM_SYNAPTIC_DEPRESSION	0.20192375590472358			
GO_CHLORIDE_CHANNEL_REGULATOR_ACTIVITY	0.20191973322721585			
GO_REGULATION_OF_UBIQUITIN_SPECIFIC_PROTEASE_ACTIVITY	0.2019186722931761			
GO_THIOESTER_METABOLIC_PROCESS	0.20189792307430784			
SMID_BREAST_CANCER_RELAPSE_IN_PLEURA_UP	0.20189783396099653			
GO_RESPONSE_TO_MERCURY_ION	0.20188968638618449			
MIR7977	0.20188877826793503			
GO_CYSTEINE_METABOLIC_PROCESS	0.2018879654353449			
DARWICHE_SKIN_TUMOR_PROMOTER_DN	0.20188753512539315			
GO_REGULATION_OF_PROTEIN_HETERODIMERIZATION_ACTIVITY	0.20186392857895			
GO_CUPROUS_ION_BINDING	0.20183379402019547			
REACTOME_CELLULAR_RESPONSES_TO_EXTERNAL_STIMULI	0.20182968012540725			
HOQUE_METHYLATED_IN_CANCER	0.2018214296124037			
MIR548H_3P_MIR548Z	0.20181203901113035			
GO_PROTEIN_KINASE_A_CATALYTIC_SUBUNIT_BINDING	0.20179458715591575			
GO_HORMONE_MEDIATED_APOPTOTIC_SIGNALING_PATHWAY	0.20179454889733606			
IPA_NRF1_DN	0.20178409759767316			
GO_NEGATIVE_REGULATION_OF_VASCULAR_SMOOTH_MUSCLE_CELL_PROLIFERATION	0.20176994563401296			
MIR548BB_3P	0.201767262907213			
MIR6760_5P	0.2017611717749727			
GO_TOR_SIGNALING	0.20175689518772222			
IPA_RFX1_UP	0.2017557820929132			
REACTOME_TRAF6_MEDIATED_INDUCTION_OF_TAK1_COMPLEX_WITHIN_TLR4_COMPLEX	0.2017529851746022			
GO_ENTRAINMENT_OF_CIRCADIAN_CLOCK	0.2017422429182831			
REACTOME_DEFECTIVE_GALNT3_CAUSES_FAMILIAL_HYPERPHOSPHATEMIC_TUMORAL_CALCINOSIS_HFTC	0.20173464841347327			
GSE3720_VD1_VS_VD2_GAMMADELTA_TCELL_WITH_PMA_STIM_UP	0.20171081839778096			
ELLWOOD_MYC_TARGETS_UP	0.2016852778404853			
GSE43955_TH0_VS_TGFB_IL6_TH17_ACT_CD4_TCELL_20H_DN	0.20167405112349268			
GO_RESPONSE_TO_MURAMYL_DIPEPTIDE	0.20166391477115134			
GSE3920_UNTREATED_VS_IFNA_TREATED_FIBROBLAST_UP	0.20165131204956743			
GSE37416_CTRL_VS_0H_F_TULARENSIS_LVS_NEUTROPHIL_DN	0.20165105908037947			
GSE6674_CPG_VS_CPG_AND_ANTI_IGM_STIM_BCELL_DN	0.20161847820654252			
GSE25123_WT_VS_PPARG_KO_MACROPHAGE_UP	0.2016126208861914			
ZNF774_TARGET_GENES	0.20158738094835046			
GO_PHOSPHATIDYLSERINE_ACYL_CHAIN_REMODELING	0.20158686958619124			
GSE26727_WT_VS_KLF2_KO_LPS_STIM_MACROPHAGE_UP	0.20158496985064414			
MIR1233_3P	0.2015728677212794			
ZNF331_TARGET_GENES	0.20156956619364003			
GO_TAU_PROTEIN_BINDING	0.20156640928234412			
GO_ACROSOME_REACTION	0.20156522889816808			
GO_PROFILIN_BINDING	0.20156186637821172			
ZHAN_MULTIPLE_MYELOMA_MS_DN	0.2015549362324483			
GO_RESPONSE_TO_ALUMINUM_ION	0.20155340823993434			
KEGG_LYSINE_DEGRADATION	0.20154579591306973			
REACTOME_NOTCH1_INTRACELLULAR_DOMAIN_REGULATES_TRANSCRIPTION	0.20154468923693403			
REACTOME_DIGESTION_OF_DIETARY_LIPID	0.2015393949193522			
GSE9037_CTRL_VS_LPS_4H_STIM_IRAK4_KO_BMDM_UP	0.20152422510640766			
IPA_MZF1_DN	0.20152354938560313			
KRAS.300_UP.V1_DN	0.2015214382444454			
REACTOME_SYNTHESIS_OF_PA	0.20151915895190745			
PID_IL23_PATHWAY	0.20151563767105418			
MIR374A_3P	0.2014869634611521			
IL15_UP.V1_DN	0.2014732843043128			
GO_ION_HOMEOSTASIS	0.20147307476809773			
GSE17721_0.5H_VS_4H_PAM3CSK4_BMDC_DN	0.20145736087790694			
BOWIE_RESPONSE_TO_TAMOXIFEN	0.20142417329071752			
MIR7843_3P	0.2014234695050417			
GO_COBALAMIN_METABOLIC_PROCESS	0.20142021503971738			
ZNF596_TARGET_GENES	0.20141635572370906			
GO_OLIGOPEPTIDE_TRANSPORT	0.20140725414000227			
MIR1256	0.20140510752159596			
GO_POSITIVE_REGULATION_OF_DNA_CATABOLIC_PROCESS	0.2013759853016135			
GO_KETONE_CATABOLIC_PROCESS	0.2013754384448471			
GO_CELL	0.2013670390785416			
CEBALLOS_TARGETS_OF_TP53_AND_MYC_UP	0.2013522310216292			
GO_CILIARY_MEMBRANE	0.20134728301476462			
GSE29949_DC_BRAIN_VS_MONOCYTE_BONE_MARROW_DN	0.20134316573526917			
GO_CELLULAR_GLUCOSE_HOMEOSTASIS	0.20133757765063298			
GO_COMPLEMENT_ACTIVATION_ALTERNATIVE_PATHWAY	0.20131025097109845			
MIR4733_5P	0.2013027966044293			
GTTAAAG_MIR302B	0.20129912459434265			
HOWLIN_CITED1_TARGETS_1_UP	0.2012919255959695			
IPA_FOSL2_DN	0.2012917794445207			
GO_KIDNEY_MESENCHYME_DEVELOPMENT	0.20126433017949452			
WINNEPENNINCKX_MELANOMA_METASTASIS_DN	0.2012385562012204			
TCF11MAFG_01	0.20123465644086017			
GO_ZINC_ION_TRANSPORT	0.20119938572379997			
IPA_HOXA1_UP	0.20119516783429484			
REACTOME_FGFR2_ALTERNATIVE_SPLICING	0.2011843295028957			
MARTIN_VIRAL_GPCR_SIGNALING_DN	0.20116128823568502			
ZHAN_MULTIPLE_MYELOMA_LB_DN	0.20115295483027418			
MIR326	0.20114604373306746			
MIR4423_5P	0.20112255022536488			
GO_VASCULAR_WOUND_HEALING	0.2011029649309212			
REACTOME_TOLL_LIKE_RECEPTOR_10_TLR10_CASCADE	0.201100854914634			
GO_SYMBIONT_CONTAINING_VACUOLE	0.20109128009761967			
VDR_Q3	0.20108926239317285			
GSE17721_CTRL_VS_CPG_12H_BMDC_UP	0.20108903938919087			
MIR548AC	0.2010816132219481			
MIR6750_3P	0.20106848718264936			
GO_2FE_2S_CLUSTER_ASSEMBLY	0.20106240932001085			
GSE23114_WT_VS_SLE2C1_MOUSE_SPLEEN_B1A_BCELL_UP	0.20104606739754863			
GO_PRIMARY_MIRNA_PROCESSING	0.20101613915392688			
MIR449C_3P	0.20101542498572805			
GSE26559_TCF1_KO_VS_WT_LIN_NEG_CELL_UP	0.20101284690663962			
MIR3684	0.20100842302035637			
MILICIC_FAMILIAL_ADENOMATOUS_POLYPOSIS_DN	0.2010049750401153			
IPA_NKX2-2_UP	0.20098785275020545			
GO_CHLORIDE_ION_BINDING	0.2009828233651241			
HBZ_TARGET_GENES	0.20096027225366858			
MIR520D_5P	0.20093939643117717			
MIR524_5P	0.20092218809912868			
COATES_MACROPHAGE_M1_VS_M2_UP	0.20092009752282064			
MIR4477B	0.20091782853682516			
MIR149_5P	0.200915711220657			
CHICAS_RB1_TARGETS_LOW_SERUM	0.20090907388578352			
MIR342_5P	0.2008935103745734			
IPA_CHD3_UP	0.20088695830780287			
GSE17974_0H_VS_48H_IN_VITRO_ACT_CD4_TCELL_UP	0.20087221902954966			
BCL6B_TARGET_GENES	0.20086304213081396			
GSE43955_TH0_VS_TGFB_IL6_TH17_ACT_CD4_TCELL_20H_UP	0.20084207429803097			
TERAO_AOX4_TARGETS_HG_UP	0.20083110700583423			
MIR4429	0.20082511583190946			
GO_NEGATIVE_REGULATION_OF_PROTEIN_EXIT_FROM_ENDOPLASMIC_RETICULUM	0.20079787273962835			
MIR548D_3P	0.20078793539466486			
HUMMERICH_MALIGNANT_SKIN_TUMOR_DN	0.2007828111292736			
GSE1460_CD4_THYMOCYTE_VS_NAIVE_CD4_TCELL_ADULT_BLOOD_UP	0.20077511031429637			
GO_ORGANOPHOSPHATE_BIOSYNTHETIC_PROCESS	0.2007742318080015			
GO_2_OXOGLUTARATE_METABOLIC_PROCESS	0.2007555735242092			
REACTOME_XENOBIOTICS	0.20075437587196976			
MTOR_UP.V1_UP	0.20075014211295275			
chr2q13	0.2007494401414724			
TAGCTTT_MIR9	0.20074021833245298			
GSE24492_LYVE_NEG_VS_POS_MACROPHAGE_DN	0.2007356247395492			
GO_PHOSPHORYLATED_CARBOHYDRATE_DEPHOSPHORYLATION	0.20073466651426344			
GO_POSITIVE_REGULATION_OF_MEMBRANE_PERMEABILITY	0.2007245093559528			
GO_OSTEOCLAST_DIFFERENTIATION	0.20069432987998545			
MIR6846_3P	0.20067496846632724			
GO_FOREBRAIN_RADIAL_GLIAL_CELL_DIFFERENTIATION	0.20066140036851068			
GO_SKELETAL_MUSCLE_ACETYLCHOLINE_GATED_CHANNEL_CLUSTERING	0.20065289630622357			
GO_POSITIVE_REGULATION_OF_OXIDOREDUCTASE_ACTIVITY	0.20063494175426935			
GSE46606_UNSTIM_VS_CD40L_IL2_IL5_3DAY_STIMULATED_IRF4HIGH_SORTED_BCELL_UP	0.20063320645508603			
GO_MICROFIBRIL	0.20062791901210109			
GO_REGULATION_OF_AMINO_ACID_TRANSMEMBRANE_TRANSPORT	0.2006148448443517			
MIR4724_3P	0.200597440768738			
GO_REGULATION_OF_MACROPHAGE_DIFFERENTIATION	0.2005716861498877			
GSE5142_HTERT_TRANSDUCED_VS_CTRL_CD8_TCELL_LATE_PASSAGE_CLONE_DN	0.2005573271877773			
GSE2197_IMMUNOSUPPRESSIVE_DNA_VS_UNTREATEDIN_DC_DN	0.2005443011865333			
GO_HAIR_FOLLICLE_PLACODE_FORMATION	0.200541419706103			
GO_PLATELET_DENSE_TUBULAR_NETWORK_MEMBRANE	0.2005165897251736			
LY_AGING_OLD_UP	0.20050323463581393			
GSE13887_RESTING_VS_ACT_CD4_TCELL_DN	0.20050311795408907			
PID_SHP2_PATHWAY	0.2004853927341679			
GO_NEURON_CELLULAR_HOMEOSTASIS	0.20048266484772997			
CHESLER_BRAIN_HIGHEST_EXPRESSION	0.2004772567856819			
GSE21670_TGFB_VS_TGFB_AND_IL6_TREATED_CD4_TCELL_UP	0.2004595454747247			
GO_REGULATION_OF_STRIATED_MUSCLE_CELL_DIFFERENTIATION	0.20045410296347266			
GO_INORGANIC_PHOSPHATE_TRANSMEMBRANE_TRANSPORTER_ACTIVITY	0.2004537587474516			
GO_POSITIVE_REGULATION_OF_MESODERM_FORMATION	0.2004505855288682			
GSE4142_NAIVE_BCELL_VS_PLASMA_CELL_DN	0.2004465251815015			
GSE34006_WT_VS_A2AR_KO_TREG_UP	0.20044425650290928			
GO_SUCCINATE_TRANSPORT	0.20043469174235187			
GO_SUCCINATE_TRANSMEMBRANE_TRANSPORTER_ACTIVITY	0.20043469174235187			
PID_P38_GAMMA_DELTA_PATHWAY	0.20043168296383082			
REACTOME_RAF_ACTIVATION	0.2004216858066419			
BREDEMEYER_RAG_SIGNALING_NOT_VIA_ATM_UP	0.20041168109178817			
GO_ENTRAINMENT_OF_CIRCADIAN_CLOCK_BY_PHOTOPERIOD	0.20040727850929238			
GO_PHENYLPROPANOID_METABOLIC_PROCESS	0.2004053994702634			
REACTOME_PHOSPHOLIPID_METABOLISM	0.2004001392926596			
GO_REGULATION_OF_TOR_SIGNALING	0.20038405265691497			
IPA_STAT1_DN	0.20038328139276348			
GSE20198_UNTREATED_VS_IL12_TREATED_ACT_CD4_TCELL_DN	0.2003757053483763			
GO_ENGULFMENT_OF_APOPTOTIC_CELL	0.2003598771759166			
MIR4330	0.20035185878825548			
REACTOME_PERK_REGULATES_GENE_EXPRESSION	0.20034957847582888			
MIR3663_5P	0.20034466914421523			
BIOCARTA_PPARG_PATHWAY	0.20031693680539686			
GO_NEGATIVE_REGULATION_OF_EPITHELIAL_TO_MESENCHYMAL_TRANSITION	0.20031151515185622			
RSRFC4_Q2	0.20031068227752344			
GO_BMP_RECEPTOR_BINDING	0.2002982446871069			
IPA_NFIB_UP	0.20028748010176523			
GO_ALPHA_AMINO_ACID_METABOLIC_PROCESS	0.2002789242855266			
IPA_PLAGL2_UP	0.20027563974174792			
KEGG_MATURITY_ONSET_DIABETES_OF_THE_YOUNG	0.20026342975930003			
GO_RESPONSE_TO_CORTISOL	0.20026088095612185			
IRF7_01	0.20025259003336326			
GSE360_T_GONDII_VS_B_MALAYI_HIGH_DOSE_DC_UP	0.20023443040863187			
MIR1343_3P	0.20022912792865982			
GO_PHOSPHATIDYLINOSITOL_TRANSFER_ACTIVITY	0.20022826766673615			
KIM_BIPOLAR_DISORDER_OLIGODENDROCYTE_DENSITY_CORR_DN	0.2002245129999769			
GO_PROTEIN_O_LINKED_GLYCOSYLATION_VIA_SERINE	0.20021008082406072			
GSE2706_LPS_VS_R848_AND_LPS_8H_STIM_DC_UP	0.2002039308102148			
MIR6802_5P	0.20019517832367906			
IPA_MYBL2_UP	0.2001860133822905			
GO_PROTEIN_LIPID_COMPLEX_SUBUNIT_ORGANIZATION	0.20016776584924245			
KEGG_BIOSYNTHESIS_OF_UNSATURATED_FATTY_ACIDS	0.20016424785969658			
GSE18804_SPLEEN_MACROPHAGE_VS_BRAIN_TUMORAL_MACROPHAGE_DN	0.20016271420920742			
GO_NEGATIVE_REGULATION_OF_P38MAPK_CASCADE	0.2001402107138222			
KRAS.300_UP.V1_UP	0.20013721871958573			
GO_STRESS_GRANULE_ASSEMBLY	0.200119584327627			
GO_NEGATIVE_REGULATION_OF_REACTIVE_OXYGEN_SPECIES_BIOSYNTHETIC_PROCESS	0.20010917615714			
SANSOM_APC_TARGETS	0.20010892103417335			
HELLER_SILENCED_BY_METHYLATION_DN	0.2000899643196221			
GO_PROTEIN_LOCALIZATION_TO_ORGANELLE	0.2000819884306883			
MIKKELSEN_NPC_ICP_WITH_H3K27ME3	0.20007913240392144			
GO_AUTOPHAGOSOME_MATURATION	0.20007128239760782			
GO_HISTONE_PHOSPHORYLATION	0.2000201651802216			
ZHOU_PANCREATIC_EXOCRINE_PROGENITOR	0.200014339786522			
MIR4280	0.20000738569979468			
IPA_TCF7L2_UP	0.19999854747454693			
GO_POST_EMBRYONIC_ANIMAL_MORPHOGENESIS	0.19997507214897522			
GO_DYNEIN_HEAVY_CHAIN_BINDING	0.19997438671364323			
YAMASHITA_LIVER_CANCER_WITH_EPCAM_UP	0.19996383948138882			
GO_GLUTAMATE_METABOLIC_PROCESS	0.19994252492077097			
GSE43863_TFH_VS_LY6C_INT_CXCR5POS_EFFECTOR_CD4_TCELL_UP	0.19993371707359772			
WANG_RECURRENT_LIVER_CANCER_DN	0.1999135109265366			
KORKOLA_CHORIOCARCINOMA_DN	0.19990673960669156			
GO_POSITIVE_REGULATION_OF_GASTRO_INTESTINAL_SYSTEM_SMOOTH_MUSCLE_CONTRACTION	0.19989822236776117			
MIR181A_3P	0.19988727121724031			
MIR4680_3P	0.1998856622624631			
GSE42021_TREG_PLN_VS_CD24LO_TREG_THYMUS_UP	0.19987964472095607			
GSE3920_IFNA_VS_IFNG_TREATED_FIBROBLAST_DN	0.19987879342234255			
MIR494_5P	0.19985121048918128			
GRAHAM_CML_QUIESCENT_VS_NORMAL_QUIESCENT_UP	0.19984522172224065			
GO_MUSCLE_FILAMENT_SLIDING	0.1998326109128155			
MOOTHA_GLYCOGEN_METABOLISM	0.1997959110230353			
GO_KINETOCHORE_MICROTUBULE	0.19979180817886324			
ACEVEDO_LIVER_CANCER_WITH_H3K9ME3_UP	0.1997864811294338			
GO_COBALAMIN_BINDING	0.19971213132505383			
MIR4511	0.19970797722925482			
GSE40274_CTRL_VS_FOXP3_AND_EOS_TRANSDUCED_ACTIVATED_CD4_TCELL_DN	0.1996744861652776			
LEE_INTRATHYMIC_T_PROGENITOR	0.19965262050845123			
GO_CELL_FATE_COMMITMENT	0.19963930219223072			
GSE23502_WT_VS_HDC_KO_MYELOID_DERIVED_SUPPRESSOR_CELL_COLON_TUMOR_UP	0.19963042940188694			
GO_BRAIN_DERIVED_NEUROTROPHIC_FACTOR_RECEPTOR_SIGNALING_PATHWAY	0.19962853141064063			
MIR4682	0.19962851635217616			
REACTOME_ENERGY_DEPENDENT_REGULATION_OF_MTOR_BY_LKB1_AMPK	0.19962673653130078			
WANG_TARGETS_OF_MLL_CBP_FUSION_UP	0.1996170516738587			
GSE23114_WT_VS_SLE2C1_MOUSE_PERITONEAL_CAVITY_B1A_BCELL_DN	0.1996132314730556			
GO_MITOCHONDRIAL_ELECTRON_TRANSPORT_UBIQUINOL_TO_CYTOCHROME_C	0.19960977766851526			
GYORFFY_MITOXANTRONE_RESISTANCE	0.19960414047829803			
GO_REGULATION_OF_CELL_ADHESION_MEDIATED_BY_INTEGRIN	0.19958183905333116			
GO_MALATE_DEHYDROGENASE_ACTIVITY	0.1995725579171394			
GO_NEGATIVE_REGULATION_OF_MEMBRANE_DEPOLARIZATION	0.1995518505632703			
MIR320A_3P_MIR320B_MIR320C_MIR320D	0.19954990817129095			
GO_NEGATIVE_REGULATION_OF_STEROL_TRANSPORT	0.19951705328198074			
IPA_IFI16_UP	0.1995138122879396			
CTACTAG_MIR325	0.1994909293916348			
GO_NEGATIVE_REGULATION_OF_PROTEIN_CONTAINING_COMPLEX_ASSEMBLY	0.19948568037047928			
TERAMOTO_OPN_TARGETS_CLUSTER_1	0.19948389624569382			
GO_SEQUESTERING_OF_ACTIN_MONOMERS	0.19948211977059815			
GO_SECONDARY_ACTIVE_TRANSMEMBRANE_TRANSPORTER_ACTIVITY	0.19947307654573412			
GSE13485_CTRL_VS_DAY21_YF17D_VACCINE_PBMC_UP	0.1994652599851437			
GSE20151_CTRL_VS_FUSOBACT_NUCLEATUM_NEUTROPHIL_DN	0.19945513338113546			
GO_POSITIVE_REGULATION_OF_AMYLOID_BETA_CLEARANCE	0.19944982999866226			
GO_ANTRAL_OVARIAN_FOLLICLE_GROWTH	0.19943915095747103			
GO_REGULATION_OF_ALKALINE_PHOSPHATASE_ACTIVITY	0.1994357364017584			
GO_MICROTUBULE_BASED_PROCESS	0.19943310222655555			
GSE17974_CTRL_VS_ACT_IL4_AND_ANTI_IL12_72H_CD4_TCELL_UP	0.19943272536053647			
ATCMNTCCGY_UNKNOWN	0.19942300650892347			
BAKKER_FOXO3_TARGETS_DN	0.1993982811013548			
BENPORATH_ES_CORE_NINE_CORRELATED	0.19937765016909414			
TGANNYRGCA_TCF11MAFG_01	0.19936098944800715			
GSE27786_CD8_TCELL_VS_MONO_MAC_DN	0.19935939566486052			
GSE17721_LPS_VS_GARDIQUIMOD_4H_BMDC_DN	0.19935204950195057			
LIU_LIVER_CANCER	0.1993499632768689			
CHAF1A_TARGET_GENES	0.19933843521281042			
GSE2706_2H_VS_8H_R848_STIM_DC_DN	0.19933721070754637			
REACTOME_INSULIN_RECEPTOR_RECYCLING	0.19931512829410436			
IPA_NFIA_UP	0.19930349830601365			
ADNP_TARGET_GENES	0.19929768386395164			
GO_ORGANOPHOSPHATE_METABOLIC_PROCESS	0.19929216341016573			
AAAYRNCTG_UNKNOWN	0.1992873020673495			
GO_INTRINSIC_COMPONENT_OF_PEROXISOMAL_MEMBRANE	0.1992578541763922			
GO_RESPONSE_TO_ALCOHOL	0.19924400580162394			
ZNF138_TARGET_GENES	0.19923816540029124			
CSR_LATE_UP.V1_UP	0.19922820593446813			
chr20p12	0.19921361136868304			
GO_FATTY_ACID_BINDING	0.19920722246753272			
TGTGTGA_MIR377	0.19919963813941108			
GO_NEGATIVE_REGULATION_OF_BINDING	0.19918704915226357			
GENTILE_RESPONSE_CLUSTER_D3	0.19916495895884542			
GSE20366_TREG_VS_NAIVE_CD4_TCELL_HOMEOSTATIC_CONVERSION_DN	0.19915592822043235			
GO_ORGANIC_ACID_TRANSMEMBRANE_TRANSPORTER_ACTIVITY	0.1991525607699027			
GO_HISTONE_ACETYLTRANSFERASE_BINDING	0.19914771544063495			
STAT5A_03	0.1991310917737682			
GSE11961_GERMINAL_CENTER_BCELL_DAY7_VS_MEMORY_BCELL_DAY40_DN	0.19909948728282562			
GO_NEGATIVE_REGULATION_OF_BLOOD_VESSEL_ENDOTHELIAL_CELL_PROLIFERATION_INVOLVED_IN_SPROUTING_ANGIOGENESIS	0.19908393455439458			
GO_POSITIVE_REGULATION_OF_DENDRITE_MORPHOGENESIS	0.19907060973398677			
MIR6838_5P	0.1990674054038041			
GO_POSITIVE_REGULATION_OF_MUSCLE_CELL_DIFFERENTIATION	0.19904688459951453			
MEISSNER_NPC_HCP_WITH_H3K27ME3	0.19904305594285737			
GO_OUTER_MEMBRANE	0.1990344374223249			
GO_GLYCOLIPID_BINDING	0.19902864630194436			
HUANG_DASATINIB_RESISTANCE_DN	0.1990168526070904			
MIR3677_3P	0.1990108553010711			
GSE15659_CD45RA_NEG_CD4_TCELL_VS_NONSUPPRESSIVE_TCELL_DN	0.1989836147295838			
MIR3674	0.19897093198754895			
HALLMARK_BILE_ACID_METABOLISM	0.19895860025319942			
GO_CELLULAR_SENESCENCE	0.1989446109551073			
GO_EPITHELIAL_TO_MESENCHYMAL_TRANSITION_INVOLVED_IN_ENDOCARDIAL_CUSHION_FORMATION	0.19894322030511957			
MIR6729_5P	0.19894037985735838			
MIR4256	0.19893650733260332			
AACGGTT_MIR451	0.19892068921216935			
REACTOME_REGULATED_PROTEOLYSIS_OF_P75NTR	0.19890794367338577			
REACTOME_SIGNALING_BY_LEPTIN	0.1989066474397834			
IPA_SMAD3_DN	0.19888132302756004			
PAX5_01	0.19885013679942973			
IPA_ATF2_UP	0.1988408982052306			
BUCKANOVICH_T_LYMPHOCYTE_HOMING_ON_TUMOR_UP	0.1988345981570174			
GO_ALPHA_GLUCOSIDASE_ACTIVITY	0.1988082492316423			
MIR6839_5P	0.1987946722342069			
GO_REGULATION_OF_ATP_BIOSYNTHETIC_PROCESS	0.19877020700376075			
GO_CORONARY_VASCULATURE_MORPHOGENESIS	0.19874180344186493			
IPA_TEAD2_UP	0.198729924418085			
REACTOME_NTRK2_ACTIVATES_RAC1	0.19872119764285331			
GSE29164_CD8_TCELL_VS_CD8_TCELL_AND_IL12_TREATED_MELANOMA_DAY3_DN	0.19872006574188483			
GO_NADH_PYROPHOSPHATASE_ACTIVITY	0.19871847197374268			
GO_REGULATION_OF_HETEROTYPIC_CELL_CELL_ADHESION	0.1987106434813178			
MIR3650	0.1986945406013492			
PHB2_TARGET_GENES	0.19868681689089404			
GO_PHOSPHOTRANSFERASE_ACTIVITY_NITROGENOUS_GROUP_AS_ACCEPTOR	0.19868203224344502			
MYLLYKANGAS_AMPLIFICATION_HOT_SPOT_27	0.19868107120404546			
GO_MYOSIN_V_BINDING	0.19866968431934004			
MIR5688	0.19866006440515016			
LET_7I_3P	0.19865550169853366			
GO_POSITIVE_REGULATION_OF_RECEPTOR_INTERNALIZATION	0.19864555643956178			
HOFMANN_MYELODYSPLASTIC_SYNDROM_HIGH_RISK_UP	0.19864153499537052			
XU_AKT1_TARGETS_48HR	0.19863657418122896			
GO_OTHER_ORGANISM_PART	0.19862982856767686			
GO_NEGATIVE_REGULATION_OF_ERAD_PATHWAY	0.19861692435366018			
REACTOME_DEFECTIVE_B4GALT1_CAUSES_B4GALT1_CDG_CDG_2D	0.19860918725709112			
GSE32034_UNTREATED_VS_ROSIGLIZATONE_TREATED_LY6C_HIGH_MONOCYTE_DN	0.1985633103482245			
IPA_FOXC2_UP	0.1985549894041528			
REACTOME_RECYCLING_OF_BILE_ACIDS_AND_SALTS	0.1985470585421614			
REACTOME_ACTIVATED_NTRK2_SIGNALS_THROUGH_PI3K	0.1985430638586857			
GO_REGULATION_OF_SYSTEMIC_ARTERIAL_BLOOD_PRESSURE_BY_NOREPINEPHRINE_EPINEPHRINE	0.1985236552753981			
GO_POSITIVE_REGULATION_OF_PHAGOCYTOSIS_ENGULFMENT	0.1985059567179171			
GO_POSITIVE_REGULATION_OF_MITOCHONDRIAL_ATP_SYNTHESIS_COUPLED_ELECTRON_TRANSPORT	0.198503698766639			
GO_REGULATION_OF_LYMPHOID_PROGENITOR_CELL_DIFFERENTIATION	0.19849916561953743			
GSE17721_LPS_VS_PAM3CSK4_2H_BMDC_DN	0.19849661392516155			
chr11q22	0.19849521188850486			
KHETCHOUMIAN_TRIM24_TARGETS_DN	0.19848445106832985			
REACTOME_HEDGEHOG_OFF_STATE	0.19847881115258176			
REACTOME_REACTIONS_SPECIFIC_TO_THE_COMPLEX_N_GLYCAN_SYNTHESIS_PATHWAY	0.19847676456020139			
GO_PROTEIN_IMPORT	0.19847581795047825			
ZNF202_TARGET_GENES	0.19847535502544775			
MIR6842_3P	0.1984726674596141			
MPHOSPH8_TARGET_GENES	0.19844797480545054			
GSE17721_CTRL_VS_CPG_4H_BMDC_UP	0.19844480548015217			
GSE13547_2H_VS_12_H_ANTI_IGM_STIM_BCELL_UP	0.19844319027670648			
HES4_TARGET_GENES	0.19842147036924843			
IPA_E4F1_UP	0.19841490069778664			
GSE3982_MAC_VS_NEUTROPHIL_LPS_STIM_UP	0.19840491968018573			
GSE18791_UNSTIM_VS_NEWCATSLE_VIRUS_DC_18H_UP	0.19840355843784488			
GO_REGULATION_OF_DOPAMINE_UPTAKE_INVOLVED_IN_SYNAPTIC_TRANSMISSION	0.19840082480002943			
chr12q14	0.19839828876258098			
FAELT_B_CLL_WITH_VH3_21_DN	0.19839365394508882			
GO_SODIUM_PHOSPHATE_SYMPORTER_ACTIVITY	0.19837983563658487			
GO_POSITIVE_REGULATION_OF_HISTONE_H3_K9_METHYLATION	0.19837680515704384			
GO_C4_DICARBOXYLATE_TRANSMEMBRANE_TRANSPORTER_ACTIVITY	0.19836544066362796			
IKEDA_MIR30_TARGETS_UP	0.19835813252719045			
MIR192_3P	0.19835541182366853			
GO_NEUROTRANSMITTER_TRANSMEMBRANE_TRANSPORTER_ACTIVITY	0.19834975288641346			
IPA_GLI3_DN	0.19832801746889897			
chr10q26	0.1983167153130767			
IPA_IRF2_DN	0.19831671217762242			
IPA_NFIX_UP	0.19830560743136746			
GO_PROTEIN_TYROSINE_KINASE_ACTIVITY	0.19828001923490943			
GO_3M_COMPLEX	0.19827498296012444			
GO_NEGATIVE_REGULATION_OF_PROTEIN_IMPORT_INTO_NUCLEUS	0.1982743125647222			
chr5q21	0.19826662184521665			
GO_REGULATION_OF_NON_MOTILE_CILIUM_ASSEMBLY	0.1982653546152898			
GTATTAT_MIR3693P	0.198265319835448			
GO_RESPONSE_TO_GROWTH_HORMONE	0.1982598811957017			
GO_LONG_CHAIN_FATTY_ACID_BINDING	0.19824273565591372			
PITX1_TARGET_GENES	0.1982253513697928			
NAKAMURA_CANCER_MICROENVIRONMENT_UP	0.19822240933092558			
GO_FOREBRAIN_NEURON_DEVELOPMENT	0.19821830579245134			
GO_EMBRYONIC_NEUROCRANIUM_MORPHOGENESIS	0.19821703966554144			
MELLMAN_TUT1_TARGETS_UP	0.19821634576166808			
MIR1909_3P	0.19820659876093255			
GO_PROTON_TRANSPORTING_V_TYPE_ATPASE_V1_DOMAIN	0.19820406234478724			
MIR92B_3P	0.198195451849451			
GO_FOLLICLE_STIMULATING_HORMONE_SECRETION	0.198182456195663			
GSE21360_SECONDARY_VS_QUATERNARY_MEMORY_CD8_TCELL_DN	0.1981786929321604			
GSE5455_HEALTHY_VS_TUMOR_BEARING_MOUSE_SPLEEN_MONOCYTE_UP	0.19815952494415134			
GO_INTRA_GOLGI_VESICLE_MEDIATED_TRANSPORT	0.19814678250867954			
GO_SMOOTHENED_SIGNALING_PATHWAY_INVOLVED_IN_DORSAL_VENTRAL_NEURAL_TUBE_PATTERNING	0.19813231371044254			
GSE17721_CPG_VS_GARDIQUIMOD_2H_BMDC_DN	0.19812842140095266			
GSE3982_DC_VS_NEUTROPHIL_LPS_STIM_DN	0.1981280053316773			
GROSS_HIF1A_TARGETS_UP	0.1981188289250529			
HOXD11_TARGET_GENES	0.19811778991627502			
HOELZEL_NF1_TARGETS_DN	0.19811631846249433			
IPA_DOT1L_UP	0.1981114248195574			
MIR12136	0.19810290124979651			
GO_RIG_I_SIGNALING_PATHWAY	0.19808398979437908			
MIR4506	0.1980797997652423			
GO_HULC_COMPLEX	0.19805776995410979			
GO_VASCULAR_SMOOTH_MUSCLE_CELL_DIFFERENTIATION	0.19805246043813554			
GSE32034_UNTREATED_VS_ROSIGLIZATONE_TREATED_LY6C_LOW_MONOCYTE_DN	0.19805208110664552			
BILD_E2F3_ONCOGENIC_SIGNATURE	0.1980272549390178			
GSE6566_STRONG_VS_WEAK_DC_STIMULATED_CD4_TCELL_UP	0.19802292772160873			
GO_POSITIVE_REGULATION_OF_TRIGLYCERIDE_BIOSYNTHETIC_PROCESS	0.19800334513202617			
IPA_BARX2_UP	0.19799389263764305			
PETRETTO_HEART_MASS_QTL_CIS_UP	0.19798782196091885			
GO_PHOSPHATIDYLCHOLINE_TRANSPORTER_ACTIVITY	0.19796026833192357			
MIR6126	0.19795904689308205			
GO_MANNOSE_BINDING	0.1979483473306656			
GO_N_ACETYLGLUCOSAMINE_6_O_SULFOTRANSFERASE_ACTIVITY	0.19793895507134884			
MIR4524B_5P	0.19793170956128156			
MIR4524A_5P	0.19793170956128156			
IPA_FOXA2_UP	0.19792311172067384			
GO_PYRIMIDINE_CONTAINING_COMPOUND_BIOSYNTHETIC_PROCESS	0.19792283978725222			
GO_ANTIBIOTIC_BIOSYNTHETIC_PROCESS	0.1979105479614002			
CASORELLI_ACUTE_PROMYELOCYTIC_LEUKEMIA_DN	0.19788655575444555			
GSE37301_COMMON_LYMPHOID_PROGENITOR_VS_GRAN_MONO_PROGENITOR_UP	0.1978654569141396			
ZBTB12_TARGET_GENES	0.19786402761504854			
HFH3_01	0.19785674487160038			
GO_NEURAL_PRECURSOR_CELL_PROLIFERATION	0.1978400499856949			
GSE13887_RESTING_VS_NO_TREATED_CD4_TCELL_DN	0.19782790712405363			
MIR659_3P	0.1978199320927324			
GO_NUCLEOSIDE_BISPHOSPHATE_METABOLIC_PROCESS	0.19779043479900388			
GO_CYCLIC_NUCLEOTIDE_GATED_ION_CHANNEL_ACTIVITY	0.1977693863667239			
GO_CELL_AGING	0.19775053639629597			
SIG_REGULATION_OF_THE_ACTIN_CYTOSKELETON_BY_RHO_GTPASES	0.19774413929933285			
KEGG_RENIN_ANGIOTENSIN_SYSTEM	0.19774320144594268			
GO_AMMONIUM_TRANSMEMBRANE_TRANSPORTER_ACTIVITY	0.19774031963093194			
GO_NEURAL_FOLD_FORMATION	0.19773694230584923			
KEGG_BASAL_CELL_CARCINOMA	0.19772538048866056			
GSE41978_ID2_KO_VS_BIM_KO_KLRG1_LOW_EFFECTOR_CD8_TCELL_DN	0.19771708001407853			
GSE7348_LPS_VS_TOLERIZED_AND_LPS_STIM_MACROPHAGE_UP	0.19770696804407747			
GO_LIPID_HYDROXYLATION	0.19767756808771594			
GO_RETINA_LAYER_FORMATION	0.19766677650094608			
GO_RIBOSOME_BINDING	0.19766353010044757			
TERAMOTO_OPN_TARGETS_CLUSTER_4	0.19763610354167616			
GO_RESPONSE_TO_STIMULUS_INVOLVED_IN_REGULATION_OF_MUSCLE_ADAPTATION	0.19763122167343167			
MIR662	0.1976257842647984			
GSE17721_PAM3CSK4_VS_CPG_4H_BMDC_UP	0.19761490681514163			
GSE23308_WT_VS_MINERALCORTICOID_REC_KO_MACROPHAGE_UP	0.19761160070221787			
MIR3916	0.1975911332182939			
GO_PHOSPHATIDYLETHANOLAMINE_METABOLIC_PROCESS	0.19756700915007547			
GO_CELLULAR_RESPONSE_TO_CAMP	0.19755359279021695			
GSE22501_PERIPHERAL_BLOOD_VS_CORD_BLOOD_TREG_DN	0.1975531302893054			
GO_POSITIVE_REGULATION_OF_DNA_DAMAGE_RESPONSE_SIGNAL_TRANSDUCTION_BY_P53_CLASS_MEDIATOR	0.19754373648090276			
GO_INTERLEUKIN_6_RECEPTOR_BINDING	0.19753989099815436			
GO_3_BETA_HYDROXY_DELTA5_STEROID_DEHYDROGENASE_ACTIVITY	0.19753088112707956			
GSE17974_CTRL_VS_ACT_IL4_AND_ANTI_IL12_6H_CD4_TCELL_DN	0.19752957572076232			
GO_POSITIVE_REGULATION_OF_CALCIUM_ION_TRANSPORT	0.19751901601862198			
GSE360_LOW_DOSE_B_MALAYI_VS_M_TUBERCULOSIS_MAC_DN	0.19749911126340142			
GO_DISTAL_CONVOLUTED_TUBULE_DEVELOPMENT	0.19749587125062396			
BARHL1_TARGET_GENES	0.1974935895994836			
GRADE_COLON_VS_RECTAL_CANCER_DN	0.1974745455988662			
IWANAGA_CARCINOGENESIS_BY_KRAS_PTEN_DN	0.1974718194347186			
GSE17721_12H_VS_24H_GARDIQUIMOD_BMDC_DN	0.1974701815938771			
GO_POSITIVE_REGULATION_OF_HORMONE_SECRETION	0.19746622591151755			
NICK_RESPONSE_TO_PROC_TREATMENT_DN	0.1974402355351846			
GO_LIGAND_GATED_SODIUM_CHANNEL_ACTIVITY	0.19743943875167339			
GO_D_AMINO_ACID_TRANSPORT	0.19743899101847573			
GO_NEGATIVE_REGULATION_OF_TYPE_B_PANCREATIC_CELL_APOPTOTIC_PROCESS	0.19743432954566237			
CHEBOTAEV_GR_TARGETS_UP	0.19742681739958043			
GSE43863_NAIVE_VS_MEMORY_TH1_CD4_TCELL_D150_LCMV_UP	0.19742635400443348			
GO_REGULATION_OF_CYTOLYSIS	0.19742123672571113			
MIR510_5P	0.1974106239398013			
GSE34179_THPOK_KO_VS_WT_VA14I_NKTCELL_DN	0.19739181276031223			
REACTOME_PHASE_1_INACTIVATION_OF_FAST_NA_CHANNELS	0.19738934978847883			
NEBEN_AML_WITH_FLT3_OR_NRAS_DN	0.19738485274940004			
GROSS_HYPOXIA_VIA_HIF1A_ONLY	0.19737585540518415			
GO_REGULATION_OF_HIGH_DENSITY_LIPOPROTEIN_PARTICLE_CLEARANCE	0.1973758028683666			
GO_POSITIVE_REGULATION_OF_PROTEIN_CONTAINING_COMPLEX_DISASSEMBLY	0.19736845127632982			
GO_NEGATIVE_REGULATION_OF_HUMORAL_IMMUNE_RESPONSE	0.1973631233392993			
TAKEDA_TARGETS_OF_NUP98_HOXA9_FUSION_16D_UP	0.19736104666363388			
MYLLYKANGAS_AMPLIFICATION_HOT_SPOT_6	0.19732873256337094			
GO_N_TERMINAL_PROTEIN_ACETYLTRANSFERASE_COMPLEX	0.19732529648722155			
chr20q12	0.19731936077965653			
GO_RESPONSE_TO_MUSCLE_STRETCH	0.19731701443214042			
GO_REGULATION_OF_ACROSOME_REACTION	0.19728219173593264			
GSE13306_RA_VS_UNTREATED_TREG_DN	0.19728209715766817			
GO_POSITIVE_REGULATION_OF_FIBROBLAST_APOPTOTIC_PROCESS	0.1972397626971882			
GSE32986_CURDLAN_LOWDOSE_VS_GMCSF_AND_CURDLAN_LOWDOSE_STIM_DC_DN	0.19723270427616257			
MIR559	0.19721557523075814			
GO_PIGMENT_GRANULE_ORGANIZATION	0.19721088117505156			
DACOSTA_ERCC3_ALLELE_XPCS_VS_TTD_DN	0.19721087860595005			
GO_PYRIMIDINE_NUCLEOSIDE_CATABOLIC_PROCESS	0.19719758844249			
REACTOME_NUCLEAR_RECEPTOR_TRANSCRIPTION_PATHWAY	0.19717148290713699			
GO_AMYLOID_BETA_CLEARANCE_BY_CELLULAR_CATABOLIC_PROCESS	0.1971654878527334			
MIR1236_3P	0.19715008229940595			
MIR7850_5P	0.1971428435224501			
RICKMAN_HEAD_AND_NECK_CANCER_A	0.19713973491248712			
GO_CYTOPLASMIC_REGION	0.19713607504513037			
GO_RESPONSE_TO_FRUCTOSE	0.19713381385181042			
chr2q35	0.197129975139667			
MIR7161_5P	0.19712909793335545			
GO_JUN_KINASE_KINASE_KINASE_ACTIVITY	0.19712558901890975			
GO_RESPONSE_TO_MUSCLE_INACTIVITY	0.19711145695324267			
GO_L_SERINE_BIOSYNTHETIC_PROCESS	0.19710909433524193			
KRAS.50_UP.V1_DN	0.19709783655462765			
MIR302A_3P_MIR302B_3P_MIR302C_3P_MIR302D_3P	0.1970937290847996			
GSE19888_NO_PRETREAT_VS_ADENOSINE_A3R_INHIBITOR_PRETREATED_MAST_CELL_TCELL_MEMBRANES_ACT_DN	0.19708877173802067			
GO_REGULATION_OF_MYD88_INDEPENDENT_TOLL_LIKE_RECEPTOR_SIGNALING_PATHWAY	0.19707416745487727			
IPA_SREBF2_DN	0.19706650627165323			
CAGCTTT_MIR320	0.19705974296658108			
GO_POSITIVE_REGULATION_OF_CELLULAR_RESPIRATION	0.19703680527422332			
BEGUM_TARGETS_OF_PAX3_FOXO1_FUSION_UP	0.1970346530910042			
GO_ATRIAL_CARDIAC_MUSCLE_CELL_MEMBRANE_REPOLARIZATION	0.19701925056988745			
GSE3039_CD4_TCELL_VS_ALPHABETA_CD8_TCELL_UP	0.1970130521587277			
GO_SODIUM_ION_HOMEOSTASIS	0.197010578167216			
GSE3982_MEMORY_CD4_TCELL_VS_TH2_UP	0.19699148284512022			
GO_POSITIVE_REGULATION_OF_PROTEIN_KINASE_A_SIGNALING	0.19698614848460205			
GGGCATT_MIR365	0.19696835580245192			
GO_REGULATION_OF_HISTONE_DEACETYLATION	0.19696613008690414			
GO_MITOGEN_ACTIVATED_PROTEIN_KINASE_P38_BINDING	0.19696546587572242			
MIR7158_5P	0.1969592435016717			
ZNF626_TARGET_GENES	0.19693454909473918			
PPARA_TARGET_GENES	0.19693082192789205			
MIR612	0.19691337409455534			
GO_REGULATION_OF_ICOSANOID_SECRETION	0.19689666473833756			
GO_TYPE_II_TRANSFORMING_GROWTH_FACTOR_BETA_RECEPTOR_BINDING	0.1968681216220366			
GO_INNER_ACROSOMAL_MEMBRANE	0.19686528652075383			
MIR6507_5P	0.19686115747888785			
GSE42724_NAIVE_VS_B1_BCELL_UP	0.19685649025609558			
GO_RESPONSE_TO_IMMOBILIZATION_STRESS	0.19683812601351505			
DAVICIONI_PAX_FOXO1_SIGNATURE_IN_ARMS_DN	0.19679537193150554			
CHNG_MULTIPLE_MYELOMA_HYPERPLOID_DN	0.1967918112893579			
GO_L_SERINE_CATABOLIC_PROCESS	0.19678639980534304			
GSE36009_WT_VS_NLRP10_KO_DC_UP	0.19678454884915736			
MIR31_3P	0.19677745432533642			
GSE21360_SECONDARY_VS_TERTIARY_MEMORY_CD8_TCELL_UP	0.19676840347036237			
IPA_TFE3_UP	0.19674529301783547			
MIR376A_5P	0.19673085437000237			
KEGG_FATTY_ACID_METABOLISM	0.19673046172077024			
IPA_EHMT2_UP	0.19672998271288022			
GO_CARDIOLIPIN_BINDING	0.19672877908557843			
GO_SPINDLE_ASSEMBLY_INVOLVED_IN_MEIOSIS	0.19672729140997208			
GSE30962_ACUTE_VS_CHRONIC_LCMV_SECONDARY_INF_CD8_TCELL_DN	0.1967193171490803			
GO_PRIMITIVE_HEMOPOIESIS	0.19670224429066827			
IPA_MBD2_UP	0.19669768364857376			
BIOCARTA_CYTOKINE_PATHWAY	0.1966948531396608			
GO_DICARBOXYLIC_ACID_TRANSMEMBRANE_TRANSPORTER_ACTIVITY	0.19668898312575295			
GTGACTT_MIR224	0.1966783122335221			
GO_INTRAMOLECULAR_TRANSFERASE_ACTIVITY_PHOSPHOTRANSFERASES	0.19667582990539922			
FLORIO_NEOCORTEX_BASAL_RADIAL_GLIA_UP	0.19667563376094715			
MIR6882_3P	0.1966731290013986			
REACTOME_TRANSPORT_OF_INORGANIC_CATIONS_ANIONS_AND_AMINO_ACIDS_OLIGOPEPTIDES	0.1966687949486138			
GO_SODIUM_ION_EXPORT_ACROSS_PLASMA_MEMBRANE	0.1966567418996153			
GO_PHOSPHOLIPID_METABOLIC_PROCESS	0.19665539553930497			
GO_MONOVALENT_INORGANIC_ANION_HOMEOSTASIS	0.19665224970651338			
IPA_ESRRG_DN	0.19665151920160084			
MIR548P	0.1966480087616342			
IPA_NR2C1_DN	0.19660386680200975			
GSE17812_WT_VS_THPOK_KO_MEMORY_CD8_TCELL_DN	0.19657579245550008			
MIR520A_3P	0.19656448490700149			
GALLUZZI_PERMEABILIZE_MITOCHONDRIA	0.19656071194678423			
CHAUHAN_RESPONSE_TO_METHOXYESTRADIOL_UP	0.1965474129319171			
GO_CARBOXYPEPTIDASE_ACTIVITY	0.1965359152146934			
GSE32986_UNSTIM_VS_CURDLAN_LOWDOSE_STIM_DC_UP	0.19651574284980014			
BIOCARTA_ALTERNATIVE_PATHWAY	0.1965086893428422			
GSE4984_UNTREATED_VS_VEHICLE_CTRL_TREATED_DC_DN	0.1964907696805406			
GSE26023_PHD3_KO_VS_WT_NEUTROPHIL_HYPOXIA_UP	0.19647475099134504			
GO_POSITIVE_REGULATION_OF_ION_TRANSPORT	0.19646405032734826			
GGTGTGT_MIR329	0.19644786398407285			
GO_POTASSIUM_CHLORIDE_SYMPORTER_ACTIVITY	0.1964463090258107			
IPA_FOXA1_UP	0.1964461419175857			
IPA_KMT2A_UP	0.19641441343109312			
STAT5B_01	0.19639634681886162			
MIR345_3P	0.19639552698255955			
GSE22611_MUTANT_NOD2_VS_CTRL_TRANSDUCED_HEK293T_CELL_UP	0.19638773460301956			
MIR664B_3P	0.19638743520858162			
ALK_DN.V1_UP	0.19638712124842997			
MIR3133	0.19637618465832718			
GO_RESPONSE_TO_CAMPTOTHECIN	0.19636604863490906			
MIR6864_3P	0.19636113867689325			
GO_REGULATION_OF_PROTEIN_POLYUBIQUITINATION	0.19635610742586926			
REPIN1_TARGET_GENES	0.19633002138272093			
REACTOME_REGULATION_OF_INSULIN_SECRETION	0.19630801877297263			
GO_POSITIVE_REGULATION_OF_EPITHELIAL_CELL_PROLIFERATION_INVOLVED_IN_WOUND_HEALING	0.19630576877022904			
GSE29615_CTRL_VS_DAY7_LAIV_FLU_VACCINE_PBMC_UP	0.19629985285536966			
GSE17974_CTRL_VS_ACT_IL4_AND_ANTI_IL12_12H_CD4_TCELL_UP	0.19629711288297852			
GSE19888_CTRL_VS_A3R_ACT_TREATED_MAST_CELL_PRETREATED_WITH_A3R_INH_UP	0.19625417350858784			
MIR3618	0.19623779781105846			
GO_POSITIVE_REGULATION_OF_TRANSMISSION_OF_NERVE_IMPULSE	0.19621106827937745			
IPA_ELF4_DN	0.1961924781035495			
GO_POSITIVE_REGULATION_OF_TRIGLYCERIDE_CATABOLIC_PROCESS	0.19618818523372797			
GO_CELL_TIP	0.1961864900330363			
MALONEY_RESPONSE_TO_17AAG_DN	0.19617050684712178			
NIKOLSKY_BREAST_CANCER_11Q12_Q14_AMPLICON	0.19615876022163617			
HOXA1_TARGET_GENES	0.19615450650253843			
GO_MYOSIN_HEAVY_CHAIN_BINDING	0.19614900025811968			
GO_RESPONSE_TO_FORSKOLIN	0.19614846155791654			
KRAS.LUNG_UP.V1_UP	0.1961376864206704			
GSE40274_EOS_VS_FOXP3_AND_EOS_TRANSDUCED_ACTIVATED_CD4_TCELL_DN	0.19612961633226772			
GO_REGULATION_OF_BRANCHING_INVOLVED_IN_SALIVARY_GLAND_MORPHOGENESIS	0.19611824940736183			
GO_POSTSYNAPTIC_SIGNAL_TRANSDUCTION	0.19611337910209886			
GSE16385_IL4_VS_ROSIGLITAZONE_STIM_MACROPHAGE_UP	0.19610773674944273			
GO_SECONDARY_METABOLITE_BIOSYNTHETIC_PROCESS	0.19610305520121105			
P300_01	0.19609036925980705			
RYTAAWNNNTGAY_UNKNOWN	0.19608409390166867			
GO_EARLY_ENDOSOME_TO_GOLGI_TRANSPORT	0.1960837157175611			
MIR373_3P	0.19608331120217679			
GSE12003_4D_VS_8D_CULTURE_BM_PROGENITOR_UP	0.19607157827060762			
GO_SULFUR_COMPOUND_CATABOLIC_PROCESS	0.19606665410540983			
CASTELLANO_NRAS_TARGETS_DN	0.19606657595154944			
MIR548J_3P	0.19606340498904565			
chr2p11	0.19606060154803454			
GO_CHLORIDE_CHANNEL_INHIBITOR_ACTIVITY	0.19604556112960433			
GO_POSITIVE_REGULATION_OF_TOOTH_MINERALIZATION	0.1960347855937909			
chr7p11	0.19603335924584497			
GSE22611_NOD2_TRANSD_VS_CTRL_TRANSD_HEK293_MDP_STIM_6H_UP	0.19602783676212454			
GO_EXOGENOUS_DRUG_CATABOLIC_PROCESS	0.19602003087204747			
chr1p36	0.19601420130702435			
GO_NEGATIVE_REGULATION_OF_PLASMA_MEMBRANE_BOUNDED_CELL_PROJECTION_ASSEMBLY	0.19600883448355352			
GSE37416_0H_VS_3H_F_TULARENSIS_LVS_NEUTROPHIL_DN	0.19598547830350754			
GO_MITOCHONDRION	0.19597554769559444			
GSE32423_CTRL_VS_IL7_IL4_MEMORY_CD8_TCELL_UP	0.19597547982354896			
BIOCARTA_NOTCH_PATHWAY	0.19596694138774576			
AACTTT_UNKNOWN	0.19595938114958644			
REACTOME_DOPAMINE_RECEPTORS	0.19595616703321858			
GO_IODIDE_TRANSPORT	0.19594175954163742			
GO_OLIGOPEPTIDE_TRANSMEMBRANE_TRANSPORTER_ACTIVITY	0.19593429315567412			
GO_ENVELOPE	0.19592362926140636			
AKL_HTLV1_INFECTION_DN	0.19592272351578086			
GO_OXYGEN_METABOLIC_PROCESS	0.19590156492908523			
WRN_TARGET_GENES	0.1958988985611552			
SNIP1_TARGET_GENES	0.19587898105499973			
IPA_MBD2_DN	0.1958742323567399			
IPA_ONECUT1_UP	0.19586854979260093			
REACTOME_SIGNALING_BY_BMP	0.19585693491063444			
MIR2276_3P	0.19585660549718123			
GO_POSITIVE_REGULATION_OF_DEVELOPMENTAL_GROWTH	0.19584376461261704			
REACTOME_PHOSPHATE_BOND_HYDROLYSIS_BY_NUDT_PROTEINS	0.19583832175070318			
IPA_DDB2_UP	0.19581047879223476			
GO_RESPIRATORY_CHAIN_COMPLEX_III	0.19580261506758936			
GO_REGULATION_OF_SYNAPTIC_VESICLE_TRANSPORT	0.19580011466592065			
GO_VOLUNTARY_SKELETAL_MUSCLE_CONTRACTION	0.19577965308691989			
MIR676_5P	0.19577014596696232			
GSE1112_OT1_VS_HY_CD8AB_THYMOCYTE_RTOC_CULTURE_UP	0.19576886397915524			
GSE40274_FOXP3_VS_FOXP3_AND_GATA1_TRANSDUCED_ACTIVATED_CD4_TCELL_DN	0.19576593089068203			
MIR203B_5P	0.19576442499300636			
FARMER_BREAST_CANCER_CLUSTER_4	0.19575730956235493			
MIR514A_5P	0.19573348639824864			
GSE14908_RESTING_VS_HDM_STIM_CD4_TCELL_ATOPIC_PATIENT_UP	0.19573036386212725			
MIR92A_3P	0.1957180078726633			
GO_POSITIVE_REGULATION_OF_TYROSINE_PHOSPHORYLATION_OF_STAT_PROTEIN	0.1957117681052789			
MIR3121_5P	0.19570495160322576			
MIR548AE_3P_MIR548AQ_3P	0.19569766969941368			
MIR604	0.19569725862761497			
GO_POSITIVE_REGULATION_OF_OXIDATIVE_STRESS_INDUCED_CELL_DEATH	0.19569486077173928			
IPA_CHD8_UP	0.19568500936381045			
GSE24142_EARLY_THYMIC_PROGENITOR_VS_DN2_THYMOCYTE_FETAL_DN	0.1956712293832565			
GO_MICROTUBULE_BASED_MOVEMENT	0.1956578406810234			
GSE30083_SP2_VS_SP3_THYMOCYTE_DN	0.19565717177902345			
GO_ACROSIN_BINDING	0.19565079426175566			
GO_POLY_N_ACETYLLACTOSAMINE_METABOLIC_PROCESS	0.1956371108023827			
LINDGREN_BLADDER_CANCER_CLUSTER_2B	0.19563680810629838			
OSWALD_HEMATOPOIETIC_STEM_CELL_IN_COLLAGEN_GEL_DN	0.19562923494305068			
MIR651_3P	0.19562532733933238			
GSE10463_CD40L_AND_VA347_VS_CD40L_IN_DC_UP	0.19561824022202653			
GO_MICROBODY_MEMBRANE	0.19561378870943275			
GO_POSITIVE_REGULATION_OF_BMP_SIGNALING_PATHWAY	0.19557654933893037			
MIR4519	0.19557345392890954			
BIOCARTA_MSP_PATHWAY	0.19556934730076198			
GO_ENDOSOMAL_VESICLE_FUSION	0.19555778531881401			
GO_CYSTEINE_TYPE_ENDOPEPTIDASE_ACTIVITY_INVOLVED_IN_APOPTOTIC_SIGNALING_PATHWAY	0.19552161432217066			
REACTOME_SHC_RELATED_EVENTS_TRIGGERED_BY_IGF1R	0.19550490999992615			
MOSERLE_IFNA_RESPONSE	0.1954989992016459			
IPA_LDB1_DN	0.19549151087425337			
IPA_NR2F1_UP	0.195488929581599			
GO_MPP7_DLG1_LIN7_COMPLEX	0.19548342739250238			
MIR3182	0.19547800857345554			
MIR505_3P	0.19546207298957363			
CHARAFE_BREAST_CANCER_LUMINAL_VS_BASAL_UP	0.19545389048347017			
BIOCARTA_CFTR_PATHWAY	0.19545170001978363			
MIR495_3P	0.1954427578715077			
MIR3126_5P	0.1954317893045764			
GO_NEGATIVE_REGULATION_OF_SMALL_MOLECULE_METABOLIC_PROCESS	0.19543136946760312			
YAMASHITA_SILENCED_BY_METHYLATION	0.19543119693931044			
GO_NEGATIVE_REGULATION_OF_ATPASE_ACTIVITY	0.19542471627724112			
TGGAAA_NFAT_Q4_01	0.19540070355793462			
GO_PHOSPHATASE_COMPLEX	0.19538545797590476			
MIR15B_5P	0.19537982184518166			
GO_POSITIVE_REGULATION_OF_RESPONSE_TO_OXIDATIVE_STRESS	0.19535989378839463			
RAMASWAMY_METASTASIS_DN	0.19533841613041014			
MIR4269	0.195334699143432			
GO_PHOSPHATIDYLGLYCEROL_ACYL_CHAIN_REMODELING	0.19532514550540256			
TURASHVILI_BREAST_DUCTAL_CARCINOMA_VS_LOBULAR_NORMAL_UP	0.1953101836898403			
GO_REGULATION_OF_VITAMIN_D_RECEPTOR_SIGNALING_PATHWAY	0.19526850027653536			
GO_PHOSPHOLIPID_BIOSYNTHETIC_PROCESS	0.19525484663474701			
NIKOLSKY_BREAST_CANCER_6P24_P22_AMPLICON	0.19523733655921235			
GO_PROTEIN_FOLDING_IN_ENDOPLASMIC_RETICULUM	0.19523028093344552			
WHITE_NEUROBLASTOMA_WITH_1P36.3_DELETION	0.19522164839267794			
GO_LUNG_SECRETORY_CELL_DIFFERENTIATION	0.19520555362954325			
GO_REGULATION_OF_GLUCOSE_METABOLIC_PROCESS	0.19520196773895418			
GO_CEREBELLAR_CORTEX_FORMATION	0.19519327647202128			
GO_MONOVALENT_INORGANIC_CATION_HOMEOSTASIS	0.19519201123347096			
REACTOME_RAB_REGULATION_OF_TRAFFICKING	0.19518903138475208			
KEGG_PEROXISOME	0.1951759519839021			
GO_POSITIVE_REGULATION_OF_INTERLEUKIN_6_BIOSYNTHETIC_PROCESS	0.19516789455052308			
IPA_SOX17_UP	0.19515439397316783			
IPA_NEUROD1_DN	0.19515439397316783			
GO_ASPARTATE_METABOLIC_PROCESS	0.19514958118433812			
GSE5589_WT_VS_IL10_KO_LPS_STIM_MACROPHAGE_180MIN_DN	0.19513766832359808			
MIR6512_3P	0.195098079972357			
MIR6796_5P	0.19509540438666464			
GO_LIMB_BUD_FORMATION	0.19508674183138627			
GO_CONVERGENT_EXTENSION_INVOLVED_IN_ORGANOGENESIS	0.19508633145643425			
GO_REGULATION_OF_CEREBELLAR_GRANULE_CELL_PRECURSOR_PROLIFERATION	0.1950843969106333			
ZNF454_TARGET_GENES	0.1950592086718105			
IPA_CHAF1B_UP	0.19505914942161748			
IPA_E2F8_UP	0.19505914942161748			
IPA_ASF1B_UP	0.19505914942161748			
IPA_PRDM5_DN	0.19505914942161748			
GO_RESPONSE_TO_DSRNA	0.1950433900646263			
GO_CHONDROITIN_SULFATE_PROTEOGLYCAN_BIOSYNTHETIC_PROCESS	0.19500621019769032			
GSE17721_LPS_VS_GARDIQUIMOD_1H_BMDC_DN	0.19500525642517144			
REACTOME_REGULATION_OF_PYRUVATE_DEHYDROGENASE_PDH_COMPLEX	0.1949997861286531			
GO_NEUTRAL_LIPID_CATABOLIC_PROCESS	0.19497432515757587			
chr4q32	0.19492503293741417			
GO_NEGATIVE_REGULATION_OF_TOR_SIGNALING	0.19490415075109124			
KAYO_AGING_MUSCLE_UP	0.1948928342514835			
GSE41867_NAIVE_VS_DAY6_LCMV_ARMSTRONG_EFFECTOR_CD8_TCELL_UP	0.19487525469718409			
MIR1287_5P	0.19487160383504873			
GSE2770_UNTREATED_VS_IL12_TREATED_ACT_CD4_TCELL_48H_DN	0.19487079084397507			
MIR520D_3P	0.1948604676667256			
HOXA4_Q2	0.19484899506997055			
GO_VASCULAR_ENDOTHELIAL_GROWTH_FACTOR_ACTIVATED_RECEPTOR_ACTIVITY	0.19482321708549466			
GO_VERY_LOW_DENSITY_LIPOPROTEIN_PARTICLE_ASSEMBLY	0.19482122930964504			
MIR4440	0.19482108600122636			
GAGACTG_MIR452	0.1948078054149119			
MIR483_5P	0.19478456066867242			
GSE5589_LPS_VS_LPS_AND_IL10_STIM_MACROPHAGE_45MIN_DN	0.19478324181980258			
GO_REGULATION_OF_POLYSACCHARIDE_METABOLIC_PROCESS	0.19477115957140018			
GO_PROTEIN_LIPID_COMPLEX_ASSEMBLY	0.19476853190268092			
GO_PML_BODY_ORGANIZATION	0.1947674537697388			
MIR590_5P	0.19475699969579666			
REACTOME_METAL_SEQUESTRATION_BY_ANTIMICROBIAL_PROTEINS	0.19475537209076754			
MIR26B_3P	0.19468121829620733			
MIR548AH_3P_MIR548AM_3P	0.1946731607959124			
GO_G_PROTEIN_BETA_SUBUNIT_BINDING	0.1946725649534413			
REACTOME_GLUCURONIDATION	0.19466391319342383			
GO_REGULATION_OF_ANTIMICROBIAL_HUMORAL_RESPONSE	0.1946487705629209			
MIR15A_5P	0.19464298442619082			
IPA_RARG_DN	0.1946322139369294			
GO_REGULATION_OF_AMYLOID_BETA_CLEARANCE	0.1946234908666604			
REACTOME_PLASMA_LIPOPROTEIN_ASSEMBLY	0.19462332042476094			
ZNF157_TARGET_GENES	0.19460691739680944			
IPA_RBL2_UP	0.19460040478680238			
GO_CELLULAR_RESPONSE_TO_VITAMIN	0.1945946871835968			
MIZUSHIMA_AUTOPHAGOSOME_FORMATION	0.19457640007063084			
GSE1740_MCSF_VS_MCSF_AND_IFNG_DAY2_DERIVED_MACROPHAGE_WITH_IFNA_STIM_UP	0.19456765269041398			
GO_INTERLEUKIN_13_SECRETION	0.19455964660465275			
GO_GLUTAMINE_FAMILY_AMINO_ACID_CATABOLIC_PROCESS	0.19455747136924378			
GO_REGULATION_OF_BONE_MINERALIZATION	0.19455307929291737			
GO_FOREBRAIN_NEURON_DIFFERENTIATION	0.19452870810913914			
GSE15330_HSC_VS_LYMPHOID_PRIMED_MULTIPOTENT_PROGENITOR_IKAROS_KO_DN	0.1945261612123721			
GO_PEROXISOMAL_TRANSPORT	0.19452201096197527			
GSE360_CTRL_VS_B_MALAYI_HIGH_DOSE_DC_DN	0.19451397749927618			
ZMYND11_TARGET_GENES	0.19449188360704206			
GO_HYDROGEN_PEROXIDE_METABOLIC_PROCESS	0.19448825462809916			
GO_SMAD_PROTEIN_COMPLEX_ASSEMBLY	0.19448559667350412			
GO_INTRACELLULAR_CAMP_ACTIVATED_CATION_CHANNEL_ACTIVITY	0.19448453434461987			
GSE24574_BCL6_LOW_TFH_VS_NAIVE_CD4_TCELL_DN	0.1944828195619211			
GO_NEGATIVE_REGULATION_OF_APOPTOTIC_PROCESS_INVOLVED_IN_DEVELOPMENT	0.19445616578025454			
GSE13485_CTRL_VS_DAY7_YF17D_VACCINE_PBMC_UP	0.19445588637774097			
FOXD3_01	0.19444674681967047			
GO_REGULATION_OF_LIPID_STORAGE	0.1944367008126586			
GO_NK_T_CELL_ACTIVATION	0.19443340779311047			
GAZDA_DIAMOND_BLACKFAN_ANEMIA_ERYTHROID_UP	0.19443106780276323			
PID_HEDGEHOG_GLI_PATHWAY	0.1944288313598151			
GO_RELAXATION_OF_CARDIAC_MUSCLE	0.19442457739435093			
GO_PHOSPHATIDYLINOSITOL_3_KINASE_REGULATORY_SUBUNIT_BINDING	0.19442112356792285			
GO_HINDGUT_DEVELOPMENT	0.19441374052093413			
MIR143_5P	0.19439983305344438			
GSE15930_NAIVE_VS_72H_IN_VITRO_STIM_IFNAB_CD8_TCELL_UP	0.1943967171576014			
MIR4726_3P	0.1943760060939265			
REACTOME_DISORDERS_OF_TRANSMEMBRANE_TRANSPORTERS	0.19436491725709582			
GO_PROTEIN_DESTABILIZATION	0.1943482490685625			
HOSHIDA_LIVER_CANCER_SUBCLASS_S1	0.19433459325299213			
GO_DOPAMINE_METABOLIC_PROCESS	0.19431973525539778			
GO_GTPASE_BINDING	0.19429479514950676			
GO_REGULATION_OF_SYNAPTIC_TRANSMISSION_DOPAMINERGIC	0.19428894096978083			
HOXA7_TARGET_GENES	0.19427811806653716			
IPA_RB1_UP	0.19426781015082156			
GSE7568_IL4_VS_IL4_AND_DEXAMETHASONE_TREATED_MACROPHAGE_DN	0.19426774993427542			
GO_DISRUPTION_BY_HOST_OF_SYMBIONT_CELLS	0.19423100823436512			
GSE16385_MONOCYTE_VS_12H_IL4_TREATED_MACROPHAGE_UP	0.1942112486617336			
IPA_KLF9_UP	0.19420976128348796			
RNGTGGGC_UNKNOWN	0.19417748161965168			
GO_REGULATION_OF_ESTABLISHMENT_OR_MAINTENANCE_OF_CELL_POLARITY	0.19417417968575956			
TAXCREB_02	0.19415820581242435			
MIR574_5P	0.19414929649503032			
GO_ION_TRANSPORT	0.1941375512980076			
MODY_HIPPOCAMPUS_POSTNATAL	0.19413626564345324			
ATGCTGG_MIR338	0.19412539791045227			
GO_THIOESTERASE_BINDING	0.1941239677198686			
GSE3982_NKCELL_VS_TH1_DN	0.1941188425273512			
THRAP3_TARGET_GENES	0.19410277476563942			
AAGGGAT_MIR188	0.19410058241941014			
GSE40274_EOS_VS_FOXP3_AND_EOS_TRANSDUCED_ACTIVATED_CD4_TCELL_UP	0.19409541463971872			
MIR892C_5P	0.19406946114627557			
MIR16_5P	0.1940577421442509			
KEGG_SULFUR_METABOLISM	0.19403493358393445			
GO_LIPID_OXIDATION	0.19403167238191307			
MIR6516_3P	0.19400848326965522			
MIR195_5P	0.19400594328175658			
MIR4789_5P	0.19400317214188229			
MIR4704_3P	0.19399159719654346			
MIR3196	0.1939867464429453			
SHEPARD_BMYB_MORPHOLINO_DN	0.19397981860917834			
BIOCARTA_MTA3_PATHWAY	0.19397595742100962			
GO_EXTRINSIC_COMPONENT_OF_ENDOPLASMIC_RETICULUM_MEMBRANE	0.1939542355618551			
IPA_CCNH_DN	0.19393570392649195			
GO_NUCLEAR_EXPORT_SIGNAL_RECEPTOR_ACTIVITY	0.1939258732141577			
GUCY1B1_TARGET_GENES	0.19391561298992688			
GO_INSEMINATION	0.19390866883750296			
GSE15930_NAIVE_VS_72H_IN_VITRO_STIM_IFNAB_CD8_TCELL_DN	0.19389414465986154			
LIU_IL13_MEMORY_MODEL_UP	0.1938879115568211			
GO_POSITIVE_REGULATION_OF_MIRNA_METABOLIC_PROCESS	0.19387082820587342			
chr12q22	0.19386366323473955			
GO_INTERLEUKIN_6_BIOSYNTHETIC_PROCESS	0.19385804259227107			
GO_MITOGEN_ACTIVATED_PROTEIN_KINASE_KINASE_BINDING	0.19385395332079383			
KRISHNAN_FURIN_TARGETS_DN	0.19384196392726466			
GO_COP9_SIGNALOSOME_ASSEMBLY	0.1938414097680299			
MIR548AR_5P	0.1938368629054399			
GO_POSITIVE_REGULATION_OF_INTRACELLULAR_ESTROGEN_RECEPTOR_SIGNALING_PATHWAY	0.19382001969212317			
GO_CALCIUM_ION_IMPORT_INTO_CYTOSOL	0.1938174036198136			
GO_REGULATION_OF_PROTEIN_LOCALIZATION_TO_NUCLEUS	0.1938153188070684			
GO_INTEGRIN_BIOSYNTHETIC_PROCESS	0.19380684364203582			
GO_STRUCTURAL_CONSTITUENT_OF_POSTSYNAPTIC_ACTIN_CYTOSKELETON	0.19379526709961556			
MIR148A_5P	0.19378329482688042			
GO_REGULATION_OF_T_CELL_TOLERANCE_INDUCTION	0.19376009491148843			
GO_PHOSPHOLIPASE_A2_ACTIVITY_CONSUMING_1_2_DIPALMITOYLPHOSPHATIDYLCHOLINE	0.19375233299782285			
GO_NEGATIVE_REGULATION_OF_DIGESTIVE_SYSTEM_PROCESS	0.19375037717225477			
EIF4E_UP	0.19374549735116153			
MIR579_3P	0.19373371532183825			
GSE23308_CTRL_VS_CORTICOSTERONE_TREATED_MACROPHAGE_MINERALCORTICOID_REC_KO_DN	0.19372906894096498			
FINETTI_BREAST_CANCERS_KINOME_BLUE	0.19371774757580137			
GO_NUCLEAR_OUTER_MEMBRANE	0.19371692907382448			
HOLLERN_MICROACINAR_BREAST_TUMOR_UP	0.19371494946668666			
MIR32_5P	0.19369481978073513			
GO_POSITIVE_REGULATION_OF_METALLOENDOPEPTIDASE_ACTIVITY	0.19369353991318358			
GO_PROTEIN_HETEROTETRAMERIZATION	0.1936864494892031			
GO_MODULATION_BY_SYMBIONT_OF_HOST_CELLULAR_PROCESS	0.1936857847342183			
CCCACAT_MIR2993P	0.19368514695783318			
MIR200A_3P	0.19366345696397202			
REACTOME_INTRINSIC_PATHWAY_FOR_APOPTOSIS	0.19365825940071757			
GO_CILIUM	0.19364809050946732			
GO_POSITIVE_REGULATION_OF_NAD_P_H_OXIDASE_ACTIVITY	0.19364389170383087			
GO_POSITIVE_REGULATION_OF_HYDROGEN_PEROXIDE_INDUCED_CELL_DEATH	0.19363492935073975			
GO_POSITIVE_REGULATION_OF_CATECHOLAMINE_METABOLIC_PROCESS	0.19360523450016914			
MIR127_5P	0.19360112532080556			
MIR141_3P	0.19359488160915947			
GO_POSITIVE_REGULATION_OF_TOLL_LIKE_RECEPTOR_2_SIGNALING_PATHWAY	0.19358737289433212			
GALIE_TUMOR_ANGIOGENESIS	0.19358254430561553			
IPA_MSX2_DN	0.19357256092964087			
KIM_GERMINAL_CENTER_T_HELPER_DN	0.19357231227618826			
MIR4633_3P_MIR6500_5P	0.1935631182100106			
ZNF436_TARGET_GENES	0.19355296247809287			
MIR4437	0.19349895600184502			
GO_AMINOACYL_TRNA_SYNTHETASE_MULTIENZYME_COMPLEX	0.19349390507950467			
IM_SREBF1A_TARGETS	0.1934885024053385			
CTAGGAA_MIR384	0.19347816918168853			
GO_NEGATIVE_REGULATION_OF_PROTEASOMAL_PROTEIN_CATABOLIC_PROCESS	0.19347052981589238			
MIR574_3P	0.1934610511019675			
MIR29A_3P	0.19345397919145596			
GO_GLYCOSYLCERAMIDE_CATABOLIC_PROCESS	0.19343476788132827			
GSE360_DC_VS_MAC_DN	0.1934238677566891			
MIR6514_5P	0.19341353186405816			
GO_RAGE_RECEPTOR_BINDING	0.19340894864575672			
GO_COGNITION	0.19339202930247604			
IPA_WHSC1_UP	0.19338800616472673			
GO_MICROTUBULE_MOTOR_ACTIVITY	0.19338733376378894			
GSE11884_WT_VS_FURIN_KO_NAIVE_CD4_TCELL_UP	0.19337770657428702			
MIR6741_3P	0.1933699806925402			
CTTTGCA_MIR527	0.1933600104543516			
GO_REGULATION_OF_MEMBRANE_DEPOLARIZATION_DURING_ACTION_POTENTIAL	0.19332768156008615			
GO_MYELOID_DENDRITIC_CELL_CYTOKINE_PRODUCTION	0.19331110333487247			
MIR329_3P	0.19329489152689652			
TESAR_ALK_TARGETS_HUMAN_ES_5D_UP	0.19328155648665019			
RTAAACA_FREAC2_01	0.19327602016714088			
MIR6759_5P	0.19325840428442043			
GSE25088_CTRL_VS_IL4_STIM_MACROPHAGE_DN	0.19324299903200523			
GO_PYRIMIDINE_NUCLEOBASE_BIOSYNTHETIC_PROCESS	0.19323534283206614			
PBXIP1_TARGET_GENES	0.19322138663500274			
AUTS2_TARGET_GENES	0.1932209686469148			
GO_NEGATIVE_REGULATION_OF_GENE_SILENCING_BY_MIRNA	0.19321236926362145			
IPA_XRCC5_DN	0.19321220507154171			
IPA_HIC1_UP	0.193208108822378			
GO_LYASE_ACTIVITY	0.19320569271797403			
GO_HEART_GROWTH	0.19320191258552658			
NIKOLSKY_BREAST_CANCER_5P15_AMPLICON	0.19319623653654025			
GO_REGULATION_OF_TRANSLATIONAL_TERMINATION	0.19318329909657841			
MIR3118	0.19316937392938646			
IPA_DBP_DN	0.1931638443895207			
GO_RESPONSE_TO_DEFENSES_OF_OTHER_ORGANISM	0.19315774717556378			
ZNF486_TARGET_GENES	0.19315306715520625			
GO_REFLEX	0.19315017233830767			
GO_POSITIVE_REGULATION_OF_CELL_SIZE	0.19314963550817255			
GSE17974_CTRL_VS_ACT_IL4_AND_ANTI_IL12_1H_CD4_TCELL_UP	0.19313937575373397			
HALLMARK_OXIDATIVE_PHOSPHORYLATION	0.19313690561255573			
GO_EMBRYONIC_BRAIN_DEVELOPMENT	0.1931343737150092			
GO_REGULATION_OF_LAMELLIPODIUM_ASSEMBLY	0.19313115780598553			
MIR548BB_5P	0.19311571742061606			
MIR6847_3P	0.19310591734548332			
GO_ALPHA_AMINO_ACID_CATABOLIC_PROCESS	0.1930819594144804			
BIOCARTA_CB1R_PATHWAY	0.19308008150447617			
GSE11864_UNTREATED_VS_CSF1_IN_MAC_DN	0.1930781095609415			
GSE36476_CTRL_VS_TSST_ACT_72H_MEMORY_CD4_TCELL_OLD_UP	0.19307538353568995			
GSE4142_PLASMA_CELL_VS_MEMORY_BCELL_DN	0.19306054129278283			
GSE3982_EFF_MEMORY_CD4_TCELL_VS_NKCELL_UP	0.1930543083686813			
MIR6503_5P	0.193047985556392			
GO_POSITIVE_REGULATION_OF_EPIDERMAL_GROWTH_FACTOR_ACTIVATED_RECEPTOR_ACTIVITY	0.19303850016177784			
GO_AUTOPHAGY_OF_NUCLEUS	0.1930332479628225			
MIR410_3P	0.19302288281817334			
GO_MYOBLAST_PROLIFERATION	0.19301042289492568			
JEON_SMAD6_TARGETS_DN	0.1929685227465432			
GSE17721_CPG_VS_GARDIQUIMOD_0.5H_BMDC_UP	0.19295373418489029			
CATTTCA_MIR203	0.19293978849762625			
REACTOME_BETA_DEFENSINS	0.19293727626811372			
REACTOME_BIOSYNTHESIS_OF_SPECIALIZED_PRORESOLVING_MEDIATORS_SPMS	0.19293315619564402			
CASTELLANO_HRAS_TARGETS_UP	0.19292552775737734			
REACTOME_SIGNALING_BY_NOTCH1_PEST_DOMAIN_MUTANTS_IN_CANCER	0.19292482259571497			
GSE12707_AT16L1_HYPOMORPH_VS_WT_THYMUS_DN	0.19291040074590354			
GO_DE_NOVO_PYRIMIDINE_NUCLEOBASE_BIOSYNTHETIC_PROCESS	0.1929067193520398			
GO_SULFURTRANSFERASE_ACTIVITY	0.19290158498241736			
GSE12392_WT_VS_IFNB_KO_CD8A_POS_SPLEEN_DC_DN	0.19289863125611575			
GSE14308_TH2_VS_TH17_UP	0.19288999525866848			
CP2_01	0.19288816487168703			
GO_INTEGRAL_COMPONENT_OF_PRESYNAPTIC_ACTIVE_ZONE_MEMBRANE	0.19288652856897662			
GO_ACTIVATION_OF_JNKK_ACTIVITY	0.1928853539098418			
IPA_HOXA3_UP	0.19287743582319572			
REACTOME_IKK_COMPLEX_RECRUITMENT_MEDIATED_BY_RIP1	0.1928767094034042			
IPA_MYRF_UP	0.19287036090447846			
GSE18893_TCONV_VS_TREG_2H_TNF_STIM_UP	0.19285933849409231			
MIR29B_3P_MIR29C_3P	0.1928587685514362			
GSE7460_CTRL_VS_TGFB_TREATED_ACT_TREG_DN	0.19285617648398212			
GSE14308_TH1_VS_INDUCED_TREG_DN	0.1928559155522218			
GO_SOMATIC_STEM_CELL_POPULATION_MAINTENANCE	0.19285549479631403			
GO_LEUKOTRIENE_METABOLIC_PROCESS	0.19284100006457727			
REACTOME_SIGNALING_BY_NOTCH1	0.19282564204669195			
GSE32986_GMCSF_AND_CURDLAN_LOWDOSE_VS_GMCSF_AND_CURDLAN_HIGHDOSE_STIM_DC_UP	0.1928177545473821			
GSE29614_DAY3_VS_DAY7_TIV_FLU_VACCINE_PBMC_UP	0.19281258873215418			
GO_NEGATIVE_REGULATION_OF_T_CELL_DIFFERENTIATION_IN_THYMUS	0.19281017681071896			
GSE17721_CTRL_VS_CPG_24H_BMDC_DN	0.19280850202928798			
GSE22103_UNSTIM_VS_GMCSF_AND_IFNG_STIM_NEUTROPHIL_UP	0.19280485020372065			
GO_POSITIVE_REGULATION_OF_CGMP_MEDIATED_SIGNALING	0.19279646109155052			
GO_POTASSIUM_ION_EXPORT_ACROSS_PLASMA_MEMBRANE	0.19277168052683302			
GO_PROTEIN_RETENTION_IN_GOLGI_APPARATUS	0.19275779962802808			
GO_SULFATE_TRANSMEMBRANE_TRANSPORTER_ACTIVITY	0.19274148377835323			
GO_MITOTIC_SPINDLE_ORGANIZATION	0.19272952368863827			
HP1SITEFACTOR_Q6	0.19272812283130877			
NADELLA_PRKAR1A_TARGETS_DN	0.19272553123153763			
GO_IMMATURE_T_CELL_PROLIFERATION_IN_THYMUS	0.19271817897307264			
PPARGC1A_TARGET_GENES	0.19270485308425847			
IPA_HNF4A_DN	0.19269791850353546			
GO_RAC_GUANYL_NUCLEOTIDE_EXCHANGE_FACTOR_ACTIVITY	0.19269008305352375			
REACTOME_PRE_NOTCH_PROCESSING_IN_GOLGI	0.19268615098805955			
GSE10239_MEMORY_VS_KLRG1HIGH_EFF_CD8_TCELL_DN	0.19266139700722051			
GO_REGULATION_OF_CELLULAR_CARBOHYDRATE_METABOLIC_PROCESS	0.19264640648292983			
MATZUK_EARLY_ANTRAL_FOLLICLE	0.19262743007740898			
REACTOME_PENTOSE_PHOSPHATE_PATHWAY	0.19262199386607654			
GO_PROTEIN_CARBOXYL_O_METHYLTRANSFERASE_ACTIVITY	0.19261351346151387			
GSE6681_DELETED_FOXP3_VS_WT_TREG_DN	0.19261269256250868			
MIR520B_3P_MIR520C_3P_MIR520E_3P	0.19260798636508075			
REACTOME_PROLONGED_ERK_ACTIVATION_EVENTS	0.19260605072526063			
REACTOME_INTERLEUKIN_18_SIGNALING	0.1926056961210037			
MIR4793_5P	0.1925969819655794			
IPA_NEUROG1_DN	0.1925948108698477			
GO_POSITIVE_REGULATION_OF_METANEPHRIC_GLOMERULUS_DEVELOPMENT	0.19259404630370822			
GO_MOTOR_NEURON_APOPTOTIC_PROCESS	0.1925931943059172			
ZNF2_TARGET_GENES	0.19258842235345688			
MIR520E_5P	0.19257121367391647			
GSE27786_NKCELL_VS_NEUTROPHIL_UP	0.1925454644487556			
PTF1BETA_Q6	0.19254155936737824			
GO_CATECHOLAMINE_UPTAKE_INVOLVED_IN_SYNAPTIC_TRANSMISSION	0.192520746846349			
NRL_DN.V1_DN	0.19250121044101987			
GSE15330_MEGAKARYOCYTE_ERYTHROID_VS_GRANULOCYTE_MONOCYTE_PROGENITOR_IKAROS_KO_UP	0.19249867364267975			
MIR182_5P	0.19249077949296717			
CTTTGA_LEF1_Q2	0.1924901203569478			
GSE5589_IL6_KO_VS_IL10_KO_LPS_STIM_MACROPHAGE_180MIN_UP	0.1924737302020787			
GSE27786_NKCELL_VS_MONO_MAC_DN	0.19247115356714442			
MIR548O_5P_MIR548W	0.1924661026157481			
MIR548AK_MIR548AM_5P_MIR548C_5P_MIR548H_5P_MIR548O_5P_MIR548AU_5P	0.1924661026157481			
MIR548AD_5P_MIR548AE_5P_MIR548AY_5P_MIR548B_5P_MIR548D_5P	0.1924540543700198			
GO_CRANIAL_SUTURE_MORPHOGENESIS	0.19242173026878365			
MARTIN_NFKB_TARGETS_DN	0.19241729810763447			
DEMAGALHAES_AGING_DN	0.19239600149393735			
GO_3_OXO_ARACHIDOYL_COA_SYNTHASE_ACTIVITY	0.1923845337338613			
GO_FATTY_ACID_ELONGATION_SATURATED_FATTY_ACID	0.1923845337338613			
GO_CALCIUM_ION_TRANSMEMBRANE_TRANSPORT_VIA_HIGH_VOLTAGE_GATED_CALCIUM_CHANNEL	0.19236957939131746			
MATZUK_EMBRYONIC_GERM_CELL	0.19236942029196133			
GO_REGULATION_OF_OVARIAN_FOLLICLE_DEVELOPMENT	0.192365720262888			
GO_PERICARDIUM_DEVELOPMENT	0.1923621230749526			
GO_GLOMERULAR_MESANGIAL_CELL_DIFFERENTIATION	0.19233773317628			
SMCHD1_TARGET_GENES	0.19233519862699436			
MIR10397_5P	0.19233267367900178			
GO_REGULATION_OF_HEMATOPOIETIC_PROGENITOR_CELL_DIFFERENTIATION	0.1922807045236037			
MIR4749_5P	0.19226417830567216			
GSE360_L_MAJOR_VS_B_MALAYI_HIGH_DOSE_DC_DN	0.19222804293349194			
GO_REGULATION_OF_GASTRIC_MOTILITY	0.19221938056328947			
BIOCARTA_ETC_PATHWAY	0.19218250481278581			
GO_GLYCOGEN_BIOSYNTHETIC_PROCESS	0.19218181014255034			
GO_VESTIBULOCOCHLEAR_NERVE_DEVELOPMENT	0.19217316315010513			
REACTOME_TOLL_LIKE_RECEPTOR_9_TLR9_CASCADE	0.19215547739607333			
GO_PRESYNAPTIC_ACTIVE_ZONE_MEMBRANE	0.1921507601463418			
REACTOME_CHONDROITIN_SULFATE_BIOSYNTHESIS	0.19214901913992388			
IPA_PITX3_DN	0.192144628831758			
GO_OUTER_DYNEIN_ARM_ASSEMBLY	0.19214103799702578			
LEE_LIVER_CANCER_MYC_TGFA_DN	0.1921387951867015			
JOHNSTONE_PARVB_TARGETS_3_DN	0.19212009083583123			
GSE14769_UNSTIM_VS_360MIN_LPS_BMDM_DN	0.1921032122751728			
MIR518C_5P	0.19208172675751553			
IPA_NCOA6_UP	0.19205950162345123			
GO_GLYCEROLIPID_BIOSYNTHETIC_PROCESS	0.1920068296378916			
GSE22611_UNSTIM_VS_6H_MDP_STIM_MUTANT_NOD2_TRANSDUCED_HEK293T_CELL_DN	0.19200454191737068			
MIR6854_3P	0.191995743117349			
KYNG_DNA_DAMAGE_BY_GAMMA_RADIATION	0.19198485945182772			
MIR5583_5P	0.1919835688568393			
WONG_ENDMETRIUM_CANCER_DN	0.19198090365676376			
GO_SYNAPTIC_TRANSMISSION_DOPAMINERGIC	0.19197712137660697			
chr8q21	0.19196260057964237			
GO_PIGMENT_BIOSYNTHETIC_PROCESS	0.19195951861424665			
GSE34156_NOD2_LIGAND_VS_NOD2_AND_TLR1_TLR2_LIGAND_24H_TREATED_MONOCYTE_UP	0.19191891505782677			
GO_TOXIC_SUBSTANCE_BINDING	0.19191136839501308			
GO_REGULATION_OF_FEVER_GENERATION	0.19190892822753122			
GO_PEPTIDE_ALPHA_N_ACETYLTRANSFERASE_ACTIVITY	0.19188480803042737			
GO_POSITIVE_REGULATION_OF_DEACETYLASE_ACTIVITY	0.19186382960905154			
GSE17721_0.5H_VS_4H_GARDIQUIMOD_BMDC_UP	0.19185784890531238			
KEGG_ALDOSTERONE_REGULATED_SODIUM_REABSORPTION	0.19185348070756383			
REACTOME_ATF6_ATF6_ALPHA_ACTIVATES_CHAPERONE_GENES	0.191844337390536			
MIR548AB	0.1918321909293846			
REACTOME_DEFENSINS	0.19183061173017726			
MIR548AQ_5P	0.19181648187646758			
GO_MAINTENANCE_OF_PROTEIN_LOCATION_IN_EXTRACELLULAR_REGION	0.1917714096582342			
chr4q13	0.1917674461520101			
GO_NEGATIVE_REGULATION_OF_PROTEIN_LOCALIZATION_TO_NUCLEUS	0.1917586800768079			
GO_REGULATION_OF_URINE_VOLUME	0.1917548282674389			
MIR423_5P	0.19174888611062788			
GO_POSITIVE_REGULATION_OF_BROWN_FAT_CELL_DIFFERENTIATION	0.19174501967619245			
BIOCARTA_ACETAMINOPHEN_PATHWAY	0.1916694255098559			
GO_ION_TRANSMEMBRANE_TRANSPORTER_ACTIVITY	0.19165982851652702			
GO_REGULATION_OF_ADENYLATE_CYCLASE_ACTIVATING_ADRENERGIC_RECEPTOR_SIGNALING_PATHWAY_INVOLVED_IN_HEART_PROCESS	0.19165940374544504			
GO_INSULIN_SECRETION	0.19165282131437902			
GO_INTRINSIC_APOPTOTIC_SIGNALING_PATHWAY_IN_RESPONSE_TO_HYDROGEN_PEROXIDE	0.1916456640678989			
MIKKELSEN_ES_ICP_WITH_H3K4ME3_AND_H3K27ME3	0.19163585259680946			
BIOCARTA_RARRXR_PATHWAY	0.19163468991036003			
GO_RENAL_WATER_TRANSPORT	0.19163457023458833			
REACTOME_RUNX2_REGULATES_CHONDROCYTE_MATURATION	0.19163073940978415			
GO_METAL_ION_HOMEOSTASIS	0.19162335164208052			
GO_LAMIN_BINDING	0.19161505141691526			
GO_CELLULAR_MONOVALENT_INORGANIC_CATION_HOMEOSTASIS	0.19160874071953876			
GO_POSITIVE_REGULATION_OF_NUCLEAR_DIVISION	0.19159274366249818			
JAERVINEN_AMPLIFIED_IN_LARYNGEAL_CANCER	0.19159226548085148			
GO_EMBRYONIC_RETINA_MORPHOGENESIS_IN_CAMERA_TYPE_EYE	0.19157014583089169			
IPA_ELF2_DN	0.19156995660298926			
GO_POLYAMINE_METABOLIC_PROCESS	0.19156971026181174			
GSE14308_TH1_VS_INDUCED_TREG_UP	0.19155356643433297			
GO_PROTEIN_POLYUBIQUITINATION	0.19155214609529994			
MIR4693_3P	0.19153533204302212			
GO_NEGATIVE_REGULATION_OF_OSTEOBLAST_PROLIFERATION	0.1915208445528671			
ZNF595_TARGET_GENES	0.1915179102425186			
GO_ANDROGEN_RECEPTOR_SIGNALING_PATHWAY	0.19151165489564023			
MIR3184_5P	0.19149862341347004			
GO_REGULATION_OF_STORE_OPERATED_CALCIUM_ENTRY	0.19148882090863553			
REACTOME_PEPTIDE_HORMONE_BIOSYNTHESIS	0.19147356204917415			
GO_MAP_KINASE_ACTIVITY	0.19145748061880136			
REACTOME_TIE2_SIGNALING	0.19145471722017418			
GO_SODIUM_POTASSIUM_EXCHANGING_ATPASE_COMPLEX	0.19143436896683594			
NIKOLSKY_BREAST_CANCER_7Q21_Q22_AMPLICON	0.19143031857717946			
IPA_HOXD11_UP	0.1914197802681612			
MCM5_TARGET_GENES	0.19141780462709804			
GSE16385_MONOCYTE_VS_12H_ROSIGLITAZONE_TREATED_MACROPHAGE_UP	0.19140277191545077			
chr8q12	0.19139775588429023			
GO_MUSCLE_CELL_CELLULAR_HOMEOSTASIS	0.19138543547043266			
NFKB_Q6_01	0.19138464392642807			
IPA_EOMES_DN	0.19137539004494117			
SCHAEFFER_PROSTATE_DEVELOPMENT_48HR_DN	0.19136581716825218			
GO_CELLULAR_PROTEIN_COMPLEX_DISASSEMBLY	0.1913593060546494			
KEGG_GLYCOSYLPHOSPHATIDYLINOSITOL_GPI_ANCHOR_BIOSYNTHESIS	0.1913587940640263			
GO_POSITIVE_REGULATION_OF_GUANYLATE_CYCLASE_ACTIVITY	0.19134559374246382			
GSE17721_CTRL_VS_GARDIQUIMOD_0.5H_BMDC_UP	0.19134191925610766			
MIR4327	0.191334816239032			
MIR548I	0.19132424079960514			
GO_VERY_LOW_DENSITY_LIPOPROTEIN_PARTICLE_REMODELING	0.191294120062092			
IPA_SMAD6_DN	0.19129012239296142			
GSE7460_WT_VS_FOXP3_HET_ACT_WITH_TGFB_TCONV_UP	0.1912658506534222			
GO_PHOSPHOLIPASE_A1_ACTIVITY	0.1912544301901584			
MIR4296	0.19125042368852588			
GO_NEUROTROPHIN_TRK_RECEPTOR_BINDING	0.19123881448751215			
GO_GLUTAMATE_BINDING	0.19122761882863992			
DAZARD_RESPONSE_TO_UV_NHEK_DN	0.1912266246746565			
THUM_SYSTOLIC_HEART_FAILURE_UP	0.19122624400072893			
GSE18893_CTRL_VS_TNF_TREATED_TREG_24H_UP	0.19121806684585302			
HOLLEMAN_ASPARAGINASE_RESISTANCE_ALL_DN	0.19119656723646522			
MIR6879_3P	0.1911940608032906			
GO_VITAMIN_CATABOLIC_PROCESS	0.19118847531325597			
GO_NEGATIVE_REGULATION_OF_CARDIAC_MUSCLE_TISSUE_GROWTH	0.19116184803639094			
SCHLINGEMANN_SKIN_CARCINOGENESIS_TPA_UP	0.19115239289287234			
MIR499A_5P	0.19114994964006932			
PETROVA_PROX1_TARGETS_UP	0.1911448389747507			
BOSCO_INTERFERON_INDUCED_ANTIVIRAL_MODULE	0.19114364432103007			
IIZUKA_LIVER_CANCER_PROGRESSION_G2_G3_DN	0.1911302364606445			
MIR6501_5P	0.19112426065440719			
GSE14415_INDUCED_VS_NATURAL_TREG_UP	0.1910904970879562			
GO_REGULATION_OF_HEAT_GENERATION	0.19108957791850786			
chr6p24	0.19108456227358936			
REACTOME_ACTIVATION_OF_AMPK_DOWNSTREAM_OF_NMDARS	0.19107113949039792			
GO_INTRACILIARY_TRANSPORT	0.19106843519605238			
GO_CALCIUM_CHANNEL_REGULATOR_ACTIVITY	0.1910669568862738			
MIR548Y	0.19106188903339746			
MIR372_3P	0.19103043672423256			
GSE3982_EOSINOPHIL_VS_MAST_CELL_DN	0.19099828018233436			
MIR1915_5P	0.19099698524980413			
IPA_JARID2_UP	0.19099216639971306			
IPA_ASF1A_UP	0.19099216639971306			
ARNT_02	0.1909903795344828			
KIM_ALL_DISORDERS_DURATION_CORR_DN	0.19098646006265502			
IPA_UBE2B_DN	0.19097839983365109			
GSE15330_WT_VS_IKAROS_KO_MEGAKARYOCYTE_ERYTHROID_PROGENITOR_UP	0.19097213927774373			
MIR134_5P	0.19096733827152002			
IPA_PITX1_UP	0.19095069056514716			
MIR532_5P	0.19094808657889775			
LET_7F_2_3P	0.19094601542595677			
GO_SECRETION_BY_TISSUE	0.19093953588692827			
GATA1_02	0.19092152260138145			
IPA_KDM6A_DN	0.19091869231437567			
GTAAACC_MIR2995P	0.19090956808006754			
IPA_BDP1_DN	0.1908983176746547			
IPA_TBP_DN	0.1908983176746547			
MIR633	0.19089486666469016			
GGGNNTTTCC_NFKB_Q6_01	0.1908947716389295			
GO_NEGATIVE_REGULATION_OF_SKELETAL_MUSCLE_CELL_DIFFERENTIATION	0.19086533922726773			
GSE25087_TREG_VS_TCONV_ADULT_DN	0.19084540601713298			
HUI_MAPK14_TARGETS_UP	0.1908366706377658			
MIR548AS_5P	0.19082200698267826			
GO_UDP_GALACTOSE_BETA_N_ACETYLGLUCOSAMINE_BETA_1_3_GALACTOSYLTRANSFERASE_ACTIVITY	0.19080651888857963			
IPA_SRY_UP	0.19080552829386466			
GSE6674_ANTI_IGM_VS_PL2_3_STIM_BCELL_UP	0.19079914173795368			
GO_AXON_HILLOCK	0.19078862710560057			
chr12p12	0.1907520311361455			
MIR2355_5P	0.1907356023966313			
GO_FEMALE_MATING_BEHAVIOR	0.19073097818132237			
GSE16522_ANTI_CD3CD28_STIM_VS_UNSTIM_NAIVE_CD8_TCELL_UP	0.19072837644076357			
REACTOME_P75NTR_NEGATIVELY_REGULATES_CELL_CYCLE_VIA_SC1	0.19072155584235873			
REACTOME_ATF6_ATF6_ALPHA_ACTIVATES_CHAPERONES	0.19072057366178224			
MIR616_3P	0.19071188136702757			
GO_POSITIVE_REGULATION_OF_PEPTIDE_HORMONE_SECRETION	0.19070184424604544			
GO_LIPOPOLYSACCHARIDE_IMMUNE_RECEPTOR_ACTIVITY	0.19069697194349816			
GSE17721_CTRL_VS_LPS_0.5H_BMDC_DN	0.1906837320650869			
SMID_BREAST_CANCER_ERBB2_DN	0.19068298807314907			
GO_POSITIVE_REGULATION_OF_TRANSCRIPTION_FROM_RNA_POLYMERASE_II_PROMOTER_IN_RESPONSE_TO_STRESS	0.1906779249080058			
GO_BUTYRATE_COA_LIGASE_ACTIVITY	0.19067729674205314			
GSE10239_NAIVE_VS_KLRG1INT_EFF_CD8_TCELL_DN	0.19066898809198102			
GO_PENTOSE_METABOLIC_PROCESS	0.19065663071012634			
REACTOME_INTEGRIN_SIGNALING	0.19064995153619013			
GO_VERY_LOW_DENSITY_LIPOPROTEIN_PARTICLE_CLEARANCE	0.19063749761567247			
PAX3_TARGET_GENES	0.19063409006184406			
GO_SODIUM_DICARBOXYLATE_SYMPORTER_ACTIVITY	0.19063190230829305			
PID_TOLL_ENDOGENOUS_PATHWAY	0.1906169614535438			
REACTOME_GRB2_SOS_PROVIDES_LINKAGE_TO_MAPK_SIGNALING_FOR_INTEGRINS	0.19061437040106913			
GO_METALLOCHAPERONE_ACTIVITY	0.19061167586486882			
chr11p15	0.1906083615519534			
MIR25_3P	0.19060794320990557			
GO_POSITIVE_REGULATION_OF_MEIOTIC_NUCLEAR_DIVISION	0.19059603569585185			
REACTOME_CLEC7A_INFLAMMASOME_PATHWAY	0.19058622986628979			
GO_MITOCHONDRIAL_FUSION	0.19058412672894579			
GSE4590_SMALL_VS_VPREB_POS_LARGE_PRE_BCELL_DN	0.19056739044347135			
VANDESLUIS_NORMAL_EMBRYOS_UP	0.19055998578290909			
CRX_DN.V1_UP	0.19054806498175014			
chr17p11	0.19053715321673048			
SMID_BREAST_CANCER_LUMINAL_A_UP	0.1905340366802465			
IPA_MITF_UP	0.19052351850081722			
IPA_IRF9_UP	0.1905023985263396			
LET_7D_3P	0.19049610642798123			
IPA_CREB1_DN	0.19049219419823832			
GO_SPERM_FIBROUS_SHEATH	0.19048956696119948			
ZNF300_TARGET_GENES	0.19047770124176652			
GO_MYD88_INDEPENDENT_TOLL_LIKE_RECEPTOR_SIGNALING_PATHWAY	0.1904681741683305			
MIR875_5P	0.19044106758976087			
GSE40273_XBP1_KO_VS_WT_TREG_UP	0.1904206153252363			
MIR548AS_3P	0.19040170652078514			
WANG_METASTASIS_OF_BREAST_CANCER	0.19039701121060362			
GO_MONOTERPENOID_METABOLIC_PROCESS	0.1903888096330037			
GO_INOSITOL_METABOLIC_PROCESS	0.19038707511864375			
GO_OTIC_VESICLE_DEVELOPMENT	0.190372834610006			
MIR548AP_5P_MIR548J_5P	0.19037186607375395			
MIR7151_3P	0.19036856730954235			
MIR7856_5P	0.1903635650774824			
GO_PROTEIN_PHOSPHATASE_2B_BINDING	0.19033692042950145			
GO_PROTEIN_TYROSINE_PHOSPHATASE_ACTIVITY	0.19033674236083717			
IPA_EHF_UP	0.19032820474916265			
REACTOME_DEGRADATION_OF_BETA_CATENIN_BY_THE_DESTRUCTION_COMPLEX	0.19032672535250164			
GO_REGULATION_OF_PROTEIN_KINASE_C_SIGNALING	0.19031606926204236			
MIR4659B_5P	0.19031253312879476			
RODWELL_AGING_KIDNEY_DN	0.19031032059729888			
GO_REGULATION_OF_MUSCLE_CELL_DIFFERENTIATION	0.19030742269341097			
CCAWWNAAGG_SRF_Q4	0.19028404057222323			
CREB3L2_TARGET_GENES	0.19026918569287848			
GO_NEGATIVE_REGULATION_OF_TROPHOBLAST_CELL_MIGRATION	0.19025725579051794			
WIERENGA_PML_INTERACTOME	0.1902546111653601			
YAO_TEMPORAL_RESPONSE_TO_PROGESTERONE_CLUSTER_14	0.1902443871705787			
MIR1_5P	0.19024198082787538			
GO_NEGATIVE_REGULATION_OF_PROTEIN_TARGETING_TO_MEMBRANE	0.19023897227669334			
CHANDRAN_METASTASIS_UP	0.19022506691287447			
GO_ACTIN_FILAMENT_NETWORK_FORMATION	0.19021419545117346			
GSE27786_CD4_VS_CD8_TCELL_UP	0.1902132789287405			
GSE17721_4_VS_24H_GARDIQUIMOD_BMDC_DN	0.19018130239721412			
GO_OVULATION_CYCLE_PROCESS	0.1901803574939797			
chr2p24	0.19017733480688023			
ZNF610_TARGET_GENES	0.19017331256181708			
MIKKELSEN_DEDIFFERENTIATED_STATE_DN	0.19015941234264316			
GO_REGULATION_OF_VASCULAR_SMOOTH_MUSCLE_CELL_PROLIFERATION	0.19015399502521074			
GO_SEQUENCE_SPECIFIC_MRNA_BINDING	0.19015139965314803			
ZNF513_TARGET_GENES	0.19012565793371003			
DARWICHE_PAPILLOMA_PROGRESSION_RISK	0.19012348442066415			
MIR7_5P	0.1901083501457403			
GSE12001_MIR223_KO_VS_WT_NEUTROPHIL_UP	0.19009753849700747			
LI_ADIPOGENESIS_BY_ACTIVATED_PPARG	0.1900890919270918			
DAZARD_UV_RESPONSE_CLUSTER_G1	0.1900777383727466			
BAKER_HEMATOPOESIS_STAT5_TARGETS	0.1900723220310201			
IPA_HDAC4_UP	0.1900658491254131			
HASEGAWA_TUMORIGENESIS_BY_RET_C634R	0.19006295277813504			
GO_SRP_DEPENDENT_COTRANSLATIONAL_PROTEIN_TARGETING_TO_MEMBRANE_TRANSLOCATION	0.1900547752548775			
REACTOME_ACTIVATED_TAK1_MEDIATES_P38_MAPK_ACTIVATION	0.19005031953147175			
MIR4678	0.19004731943532316			
chr13q32	0.19003024022452392			
HOLLEMAN_DAUNORUBICIN_ALL_DN	0.19002748860614194			
REACTOME_ANDROGEN_BIOSYNTHESIS	0.19001942290470247			
MIR767_5P	0.1900038838734174			
GO_FAT_SOLUBLE_VITAMIN_BIOSYNTHETIC_PROCESS	0.18999196411884967			
GSE32423_CTRL_VS_IL4_MEMORY_CD8_TCELL_UP	0.18998843339075824			
MIR6894_5P	0.18998746158557306			
MIR103A_3P_MIR107	0.18998421765237633			
GSE13411_NAIVE_VS_MEMORY_BCELL_UP	0.1899663159937927			
GO_NON_CANONICAL_WNT_SIGNALING_PATHWAY_VIA_MAPK_CASCADE	0.18995424706861733			
GSE5589_WT_VS_IL10_KO_LPS_AND_IL10_STIM_MACROPHAGE_45MIN_UP	0.18995127265788136			
REACTOME_BUTYROPHILIN_BTN_FAMILY_INTERACTIONS	0.1899486459222864			
RICKMAN_HEAD_AND_NECK_CANCER_D	0.1899395534210325			
MIR4527	0.18993921109883702			
MIR6505_5P	0.18993718273159724			
GO_REGULATION_OF_NITRIC_OXIDE_SYNTHASE_ACTIVITY	0.18988064923022152			
MIR6759_3P	0.18986906972901774			
IPA_POU5F1_UP	0.18985850299827356			
GO_PROTEIN_LOCALIZATION_TO_MEMBRANE_RAFT	0.1898584477419878			
NAKAMURA_LUNG_CANCER_DIFFERENTIATION_MARKERS	0.1898302739495245			
GO_LONG_CHAIN_FATTY_ACYL_COA_BINDING	0.1898267428191631			
RIZKI_TUMOR_INVASIVENESS_3D_UP	0.18979583518955132			
MIR1911_5P	0.18979394810360134			
IPA_HHEX_UP	0.18979175924967917			
chr5q15	0.18978085330811695			
GO_TRICARBOXYLIC_ACID_TRANSPORT	0.18977742213223045			
GO_TRICARBOXYLIC_ACID_TRANSMEMBRANE_TRANSPORTER_ACTIVITY	0.18977742213223045			
GSE14000_UNSTIM_VS_16H_LPS_DC_TRANSLATED_RNA_DN	0.1897443229312836			
GO_POSITIVE_REGULATION_OF_BLOOD_VESSEL_ENDOTHELIAL_CELL_PROLIFERATION_INVOLVED_IN_SPROUTING_ANGIOGENESIS	0.18972858217378918			
IPA_ZIC3_DN	0.1897203222151927			
BCAT.100_UP.V1_DN	0.1896815236259643			
GO_CARNITINE_METABOLIC_PROCESS	0.18967187388465218			
KEGG_PROSTATE_CANCER	0.18965738145300812			
GO_REGULATION_OF_HEPATOCYTE_PROLIFERATION	0.18963364718577147			
chr1p35	0.18963036561614383			
GO_NEGATIVE_REGULATION_OF_INTERLEUKIN_17_PRODUCTION	0.18962590569158097			
GSE22886_NAIVE_CD4_TCELL_VS_48H_ACT_TH2_UP	0.18961559819853838			
CSR_EARLY_UP.V1_DN	0.1896153705583978			
GO_REGULATION_OF_RESTING_MEMBRANE_POTENTIAL	0.18960601807553926			
GSE2770_UNTREATED_VS_IL12_TREATED_ACT_CD4_TCELL_6H_UP	0.18957929746367722			
chr2q24	0.18956736797860108			
TGATTTRY_GFI1_01	0.18956728113067503			
NEUROD2_TARGET_GENES	0.18955585267855213			
GO_POSITIVE_REGULATION_OF_CYCLASE_ACTIVITY	0.18954394722826257			
GO_RESPONSE_TO_PEPTIDOGLYCAN	0.1895395960274236			
IPA_CBX2_UP	0.1895212999848521			
GO_ENDOCARDIUM_MORPHOGENESIS	0.18951793559407548			
GO_IMPORT_ACROSS_PLASMA_MEMBRANE	0.18949707020675918			
MIR10400_3P_MIR4674	0.1894303615196838			
GO_PEPTIDYL_TYROSINE_DEPHOSPHORYLATION	0.18942098156544562			
GSE13306_TREG_RA_VS_TCONV_RA_UP	0.18941625135968798			
GO_ESTROUS_CYCLE	0.1893964161599598			
SABATES_COLORECTAL_ADENOMA_SIZE_DN	0.18938928260646418			
IPA_PPARGC1A_UP	0.1893763710818396			
GSE360_L_DONOVANI_VS_B_MALAYI_LOW_DOSE_MAC_DN	0.18936717009042928			
MIR3911	0.18934429902902766			
MIR7855_5P	0.18932670781515581			
MIR6885_5P	0.189316156398062			
OCT1_03	0.18931572791498752			
GO_NEGATIVE_REGULATION_OF_MACROPHAGE_CYTOKINE_PRODUCTION	0.18931120655422648			
GO_FATTY_ACID_CATABOLIC_PROCESS	0.18929746695690222			
MIR302E	0.18929173820893988			
MIR1298_3P	0.18928816981715413			
chr11q13	0.18928485484849847			
MIR5093	0.18925622077152685			
IPA_SUZ12_UP	0.18924352610176454			
MIR365A_5P	0.18924294131449643			
IPA_MEOX2_DN	0.18924104580013615			
MIR4667_3P	0.1892250330635216			
BIOCARTA_CARDIACEGF_PATHWAY	0.18922400984784318			
MIR6841_5P	0.18919409503666001			
GO_REGULATION_OF_GENERATION_OF_PRECURSOR_METABOLITES_AND_ENERGY	0.189192405116284			
GSE2770_UNTREATED_VS_TGFB_AND_IL12_TREATED_ACT_CD4_TCELL_2H_UP	0.18919219844741958			
GO_DOLICHOL_METABOLIC_PROCESS	0.18918432575993652			
GO_PYRIDINE_NUCLEOTIDE_METABOLIC_PROCESS	0.18914686537400902			
IPA_IGFBP1_DN	0.18913747498638053			
GSE23321_CENTRAL_MEMORY_VS_NAIVE_CD8_TCELL_DN	0.18908643375944775			
GO_MICROBODY	0.1890666361914614			
MIR3125	0.18906055325159782			
GO_WATER_TRANSMEMBRANE_TRANSPORTER_ACTIVITY	0.18902332120684937			
GO_NEGATIVE_REGULATION_OF_INSULIN_SECRETION_INVOLVED_IN_CELLULAR_RESPONSE_TO_GLUCOSE_STIMULUS	0.1890206110726986			
THEODOROU_MAMMARY_TUMORIGENESIS	0.18900349741419742			
GO_NEGATIVE_REGULATION_OF_TRANSMEMBRANE_TRANSPORT	0.18899205693786683			
LIN_MELANOMA_COPY_NUMBER_DN	0.1889509247605753			
MIR548A_5P	0.18892137032430112			
GSE41176_UNSTIM_VS_ANTI_IGM_STIM_TAK1_KO_BCELL_3H_DN	0.18889981547171827			
NUFIP1_TARGET_GENES	0.1888914284138534			
MIR584_3P	0.18886820029579668			
MIR1587	0.18886315579588284			
ZNF362_TARGET_GENES	0.18883406443992812			
GO_NUCLEOSIDE_DIPHOSPHATE_METABOLIC_PROCESS	0.18882592520773034			
LINDGREN_BLADDER_CANCER_WITH_LOH_IN_CHR9Q	0.18882578157386615			
MIR379_3P_MIR411_3P	0.18881677935867563			
GO_POSITIVE_REGULATION_OF_TRIGLYCERIDE_LIPASE_ACTIVITY	0.18880526566929717			
IPA_H2AFZ_DN	0.18877322820751422			
GO_REGULATION_OF_ENDOTHELIAL_TUBE_MORPHOGENESIS	0.188761935346847			
PDGF_ERK_DN.V1_DN	0.18875665224449326			
MATZUK_LUTEAL_GENES	0.18874199916838277			
MIR6715B_5P	0.1887274936427894			
chr16q22	0.18872692485656045			
GO_MICROTUBULE_PLUS_END	0.18871485919900638			
REACTOME_ACTIVATED_NTRK2_SIGNALS_THROUGH_FRS2_AND_FRS3	0.18871215522148205			
MIR345_5P	0.18871205194685622			
REACTOME_SENESCENCE_ASSOCIATED_SECRETORY_PHENOTYPE_SASP	0.18869695410266052			
REACTOME_INTERLEUKIN_17_SIGNALING	0.18868415286690948			
GO_RETINAL_ROD_CELL_DIFFERENTIATION	0.1886574095452417			
GO_ORGANIC_ACID_SODIUM_SYMPORTER_ACTIVITY	0.18860530238399795			
ER_Q6	0.18860427944382402			
GO_FIBRILLAR_CENTER	0.18859950314896543			
GSE39820_TGFBETA1_VS_TGFBETA3_IN_IL6_TREATED_CD4_TCELL_UP	0.1885941774511387			
GO_CHOLESTEROL_CATABOLIC_PROCESS	0.18854373861449422			
GSE3982_BASOPHIL_VS_EFF_MEMORY_CD4_TCELL_DN	0.18853772365786886			
GO_MITOTIC_SPINDLE_MIDZONE	0.18853656439447472			
GO_NEGATIVE_REGULATION_OF_NEURON_PROJECTION_REGENERATION	0.18853206030203706			
GO_TPR_DOMAIN_BINDING	0.18853205538273274			
REACTOME_PHASE_4_RESTING_MEMBRANE_POTENTIAL	0.188508046123429			
REACTOME_CHAPERONE_MEDIATED_AUTOPHAGY	0.18850614679078842			
GO_POSITIVE_REGULATION_OF_RELEASE_OF_SEQUESTERED_CALCIUM_ION_INTO_CYTOSOL	0.18850604306688615			
GO_POSITIVE_REGULATION_OF_TRANSLATIONAL_ELONGATION	0.1884999041713195			
MIR642A_3P_MIR642B_3P	0.18847262800844078			
chr3q22	0.18846528434773743			
GO_POSITIVE_REGULATION_OF_CARDIAC_MUSCLE_TISSUE_DEVELOPMENT	0.18846122469320445			
REACTOME_THE_CITRIC_ACID_TCA_CYCLE_AND_RESPIRATORY_ELECTRON_TRANSPORT	0.18843055819741977			
IPA_EGR3_DN	0.18839202810409886			
MIR487B_3P	0.18839134025818322			
GO_NUCLEOSIDE_BISPHOSPHATE_BIOSYNTHETIC_PROCESS	0.18837758730853832			
MIR3174	0.18835715183917967			
REACTOME_METABOLISM_OF_NUCLEOTIDES	0.18835644582781405			
GO_POSITIVE_REGULATION_OF_OXIDATIVE_STRESS_INDUCED_NEURON_DEATH	0.18835283676156242			
IPA_PRMT5_DN	0.18834657954764727			
GSE15330_HSC_VS_GRANULOCYTE_MONOCYTE_PROGENITOR_UP	0.18833142452919704			
GO_REGULATION_OF_HIGH_VOLTAGE_GATED_CALCIUM_CHANNEL_ACTIVITY	0.188286407547564			
MIR4528	0.18828381835551575			
GSE41867_DAY6_VS_DAY15_LCMV_CLONE13_EFFECTOR_CD8_TCELL_DN	0.18825114327694814			
MIR204_5P	0.18824508012234886			
MIR30E_5P	0.18823820034004057			
MIR3134	0.1882176812290692			
MIR7112_5P	0.1882011227031043			
ZIC2_01	0.18820043551926005			
GO_TRANSCRIPTION_EXPORT_COMPLEX_2	0.1882002889992801			
BRF2_TARGET_GENES	0.1881988297965861			
GO_REGULATION_OF_MESODERM_DEVELOPMENT	0.18819837358619168			
GO_REGULATION_OF_MEMBRANE_DEPOLARIZATION	0.18818001445575888			
GSE27786_LSK_VS_NKCELL_UP	0.18817331620245778			
GSE10147_IL3_AND_HIVP17_VS_IL3_AND_CPG_STIM_PDC_DN	0.18815157423896603			
GO_POSITIVE_REGULATION_OF_MEMBRANE_DEPOLARIZATION	0.1881409642699453			
REACTOME_SYNTHESIS_OF_5_EICOSATETRAENOIC_ACIDS	0.18812964975487234			
GO_CENTROSOME_DUPLICATION	0.1881259860423393			
GO_CENTRIOLAR_SATELLITE	0.18812502785379936			
GO_POSITIVE_REGULATION_OF_URINE_VOLUME	0.18811540559591364			
GO_REGULATION_OF_CYTOKINESIS	0.1881040381378335			
MIR3180_5P	0.18809646772112212			
MIR627_3P	0.18809293037929006			
GALE_APL_WITH_FLT3_MUTATED_DN	0.18809151087488787			
GSE24142_ADULT_VS_FETAL_DN3_THYMOCYTE_UP	0.18808839770303992			
GO_REGION_OF_CYTOSOL	0.18807429492198624			
IPA_PRDM16_UP	0.1880699592180001			
GO_OXIDOREDUCTASE_ACTIVITY_ACTING_ON_THE_CH_CH_GROUP_OF_DONORS_OXYGEN_AS_ACCEPTOR	0.1880471705828805			
GSE23505_IL6_IL1_IL23_VS_IL6_IL1_TGFB_TREATED_CD4_TCELL_DN	0.18803834563837876			
GO_SIGNAL_TRANSDUCTION_IN_RESPONSE_TO_DNA_DAMAGE	0.18803705585164293			
GO_NEGATIVE_REGULATION_OF_MEMBRANE_REPOLARIZATION_DURING_CARDIAC_MUSCLE_CELL_ACTION_POTENTIAL	0.18802149922650638			
GO_OXIDOREDUCTASE_ACTIVITY_ACTING_ON_THE_CH_NH_GROUP_OF_DONORS_NAD_OR_NADP_AS_ACCEPTOR	0.18798488733457688			
MIR5689	0.18796892141152122			
TCTATGA_MIR376A_MIR376B	0.18796103935568706			
PID_IFNG_PATHWAY	0.18795167625703232			
GO_REGULATION_OF_CELL_AGING	0.187946971530357			
REACTOME_FOXO_MEDIATED_TRANSCRIPTION	0.18794248351894216			
REACTOME_CONJUGATION_OF_BENZOATE_WITH_GLYCINE	0.18794022008498115			
GO_PHOSPHOLIPID_CATABOLIC_PROCESS	0.18792502241840217			
GO_RESPONSE_TO_INTERLEUKIN_6	0.18792023648602885			
GO_NEGATIVE_REGULATION_OF_ION_TRANSMEMBRANE_TRANSPORT	0.18791827574228423			
GO_TYPE_I_PNEUMOCYTE_DIFFERENTIATION	0.1878936076310639			
MIR221_5P	0.18788588034227066			
MIR3606_3P	0.18787412878006435			
MIR5700	0.18787164052459554			
NAKAMURA_LUNG_CANCER	0.187866386177229			
GSE17974_CTRL_VS_ACT_IL4_AND_ANTI_IL12_48H_CD4_TCELL_UP	0.18786148916624387			
REACTOME_CONSTITUTIVE_SIGNALING_BY_ABERRANT_PI3K_IN_CANCER	0.1878612673443456			
GO_REGULATION_OF_INOSITOL_1_4_5_TRISPHOSPHATE_SENSITIVE_CALCIUM_RELEASE_CHANNEL_ACTIVITY	0.1878566776146626			
KEGG_ALANINE_ASPARTATE_AND_GLUTAMATE_METABOLISM	0.18785193413031248			
chr18q11	0.1878142391773835			
GO_REGULATION_OF_CARBOHYDRATE_METABOLIC_PROCESS	0.1878069697865949			
IPA_NFE2_UP	0.1877950969806671			
GO_ARYL_SULFOTRANSFERASE_ACTIVITY	0.18778851415098258			
GO_RESPONSE_TO_LIPOTEICHOIC_ACID	0.18777934768103768			
MIR4328	0.1877607784476955			
PID_P38_MK2_PATHWAY	0.18775802160313504			
GO_REGULATION_OF_HISTONE_PHOSPHORYLATION	0.18774317613921057			
GO_TENDON_DEVELOPMENT	0.18773887858102636			
GO_REGULATION_OF_MESENCHYMAL_STEM_CELL_DIFFERENTIATION	0.18772843522242044			
PR_02	0.1877282180443939			
GO_RESPIRATORY_SYSTEM_PROCESS	0.18772675249485088			
GO_PROTEIN_GLYCOSYLATION_IN_GOLGI	0.1877257450742211			
GO_NEGATIVE_REGULATION_OF_MUSCLE_CELL_DIFFERENTIATION	0.18770838689859326			
GO_NEGATIVE_REGULATION_OF_CELL_AGING	0.18769737693474492			
GSE360_DC_VS_MAC_M_TUBERCULOSIS_DN	0.18769498859986752			
REACTOME_MAP3K8_TPL2_DEPENDENT_MAPK1_3_ACTIVATION	0.18769315914482934			
MIR6827_3P	0.1876841966926921			
REACTOME_CYTOSOLIC_SULFONATION_OF_SMALL_MOLECULES	0.18768317098346418			
REACTOME_ACTIVATION_OF_BAD_AND_TRANSLOCATION_TO_MITOCHONDRIA	0.18767833367506975			
GO_INOSITOL_TRISPHOSPHATE_KINASE_ACTIVITY	0.18765943170721713			
GO_NOTCH_BINDING	0.1876525934891906			
MIR211_5P	0.187650292572864			
HTF_01	0.18764819473190203			
GO_AGGRESOME_ASSEMBLY	0.18764644184832205			
MIR30D_5P	0.1876152350043853			
MIR9900	0.18761246688336108			
GO_NEGATIVE_REGULATION_OF_INTRACELLULAR_TRANSPORT	0.18760803206672855			
REACTOME_ACTIVATION_OF_NIMA_KINASES_NEK9_NEK6_NEK7	0.1876031571927497			
GO_PEPTIDYL_SERINE_MODIFICATION	0.1875854050809042			
GSE18893_CTRL_VS_TNF_TREATED_TCONV_24H_UP	0.1875807585667477			
GO_NEGATIVE_REGULATION_OF_PEPTIDE_HORMONE_SECRETION	0.18755803594564652			
GSE43863_NAIVE_VS_MEMORY_TFH_CD4_TCELL_D150_LCMV_DN	0.1875499474601716			
GO_CYTOPLASMIC_SEQUESTERING_OF_PROTEIN	0.1875478251427536			
GO_NEGATIVE_REGULATION_OF_CATABOLIC_PROCESS	0.18754703796626032			
IPA_PITX1_DN	0.18754549592949132			
IPA_SMARCE1_UP	0.18754549592949132			
IPA_ACTL6A_UP	0.18754549592949132			
GO_SPERM_AXONEME_ASSEMBLY	0.18753907179890156			
GSE2770_IL12_VS_IL4_TREATED_ACT_CD4_TCELL_2H_UP	0.18753471217290787			
GATAAGR_GATA_C	0.18750319012916214			
GO_VITAMIN_D_BINDING	0.1874944907595163			
chr12q21	0.18746329400350306			
MIR3617_5P	0.18742727560620534			
IPA_RARB_UP	0.1873845599881596			
GO_POSITIVE_REGULATION_OF_PROTEIN_KINASE_C_SIGNALING	0.18737806920359196			
NADLER_OBESITY_DN	0.18736097555823228			
GO_TUBULAR_ENDOSOME	0.18734967932391688			
PHESSE_TARGETS_OF_APC_AND_MBD2_DN	0.1873475937787632			
GRADE_COLON_AND_RECTAL_CANCER_DN	0.1873358941481678			
GO_REGULATION_OF_CARDIAC_MUSCLE_CONTRACTION_BY_CALCIUM_ION_SIGNALING	0.1873275026751935			
GO_BRUSH_BORDER_ASSEMBLY	0.18732251670287436			
GSE5503_PLN_DC_VS_SPLEEN_DC_ACTIVATED_ALLOGENIC_TCELL_UP	0.1873178473665252			
GO_TRANSCRIPTION_INITIATION_FROM_RNA_POLYMERASE_I_PROMOTER	0.18731750364586622			
MIR641	0.1873167327366086			
GO_POSITIVE_REGULATION_OF_NOTCH_SIGNALING_PATHWAY	0.18731595515930702			
GO_REGULATION_OF_SMOOTHENED_SIGNALING_PATHWAY_INVOLVED_IN_DORSAL_VENTRAL_NEURAL_TUBE_PATTERNING	0.18731244432666397			
GSE40274_CTRL_VS_IRF4_TRANSDUCED_ACTIVATED_CD4_TCELL_DN	0.18728223043656134			
TAYLOR_METHYLATED_IN_ACUTE_LYMPHOBLASTIC_LEUKEMIA	0.18726834172308274			
chr4q21	0.18725304288095795			
GO_CAMP_RESPONSE_ELEMENT_BINDING	0.18722883876867538			
GO_DYNACTIN_BINDING	0.18721988193963482			
MIR6834_3P	0.18720864650288663			
HJURP_TARGET_GENES	0.18716331958806853			
MIR30A_5P	0.18711865787546			
GO_POSITIVE_REGULATION_OF_RECEPTOR_CLUSTERING	0.18711626476199864			
STAT_01	0.1871128672692837			
LANG_MYB_FAMILY_TARGETS	0.18709378079266697			
GO_HYPOGLYCIN_A_GAMMA_GLUTAMYL_TRANSPEPTIDASE_ACTIVITY	0.18708777826178358			
GO_FERROUS_IRON_BINDING	0.1870834469505732			
GSE27786_ERYTHROBLAST_VS_MONO_MAC_UP	0.18708344054845835			
FOXJ2_TARGET_GENES	0.18706390018649763			
GSE3982_CENT_MEMORY_CD4_TCELL_VS_TH2_DN	0.18705671300913507			
CHIANG_LIVER_CANCER_SUBCLASS_POLYSOMY7_UP	0.18705601064203667			
KEGG_GALACTOSE_METABOLISM	0.18702546894597077			
GSE41176_WT_VS_TAK1_KO_ANTI_IGM_STIM_BCELL_3H_UP	0.1869950951484513			
MIR3127_5P	0.1869930285559538			
GSE2706_R848_VS_LPS_2H_STIM_DC_UP	0.18699135274250805			
CTTTAAR_UNKNOWN	0.18697041120511645			
REACTOME_DEPOLYMERISATION_OF_THE_NUCLEAR_LAMINA	0.1869631886557913			
GO_DEVELOPMENTAL_PIGMENTATION	0.18695973548332964			
GSE37534_GW1929_VS_ROSIGLITAZONE_TREATED_CD4_TCELL_PPARG1_FOXP3_TRANSDUCED_UP	0.18695847508382282			
GOLDRATH_HOMEOSTATIC_PROLIFERATION	0.18695508132241326			
GO_AMINO_ACID_CATION_SYMPORTER_ACTIVITY	0.18693864331301108			
GSE1432_CTRL_VS_IFNG_1H_MICROGLIA_UP	0.18693323943844276			
chr3p14	0.18693040084007098			
GO_NEGATIVE_REGULATION_OF_GASTRIC_ACID_SECRETION	0.1869299134716453			
GSE9601_NFKB_INHIBITOR_VS_PI3K_INHIBITOR_TREATED_HCMV_INF_MONOCYTE_UP	0.18692923750027682			
BIOCARTA_CDC42RAC_PATHWAY	0.18692473012294925			
GSE17721_0.5H_VS_12H_PAM3CSK4_BMDC_DN	0.18691703922076391			
GO_NEGATIVE_REGULATION_OF_INTRACELLULAR_PROTEIN_TRANSPORT	0.18691267525489466			
GO_REGULATION_OF_PRODUCTION_OF_SMALL_RNA_INVOLVED_IN_GENE_SILENCING_BY_RNA	0.1869054877706361			
GO_ENDOLYSOSOME_MEMBRANE	0.18689206514992235			
GO_POSITIVE_REGULATION_OF_TRANSCRIPTION_OF_NOTCH_RECEPTOR_TARGET	0.18686679410399737			
MYOGENIN_Q6	0.18685705244884274			
MIR581	0.18683881609942685			
IPA_HIST1H1A_DN	0.18681632806315254			
GO_REGULATION_OF_INTRINSIC_APOPTOTIC_SIGNALING_PATHWAY_IN_RESPONSE_TO_DNA_DAMAGE_BY_P53_CLASS_MEDIATOR	0.18679476594291275			
GO_BLASTODERM_SEGMENTATION	0.18679230930388846			
MIR1245B_5P	0.18678642079040786			
IPA_CDC73_UP	0.18678037821560614			
BIOCARTA_PPARA_PATHWAY	0.18677745267148246			
NKX62_Q2	0.18676764356588965			
GO_CARBOHYDRATE_PHOSPHATASE_ACTIVITY	0.1867647960640219			
GO_POSITIVE_REGULATION_OF_NEURON_APOPTOTIC_PROCESS	0.18675190543452377			
BIOCARTA_ERYTH_PATHWAY	0.18675171211508543			
SANSOM_APC_MYC_TARGETS	0.1867402963148424			
MIR362_3P	0.1867087750126228			
GO_NEUROTROPHIN_TRK_RECEPTOR_SIGNALING_PATHWAY	0.18670361246709838			
MIR12122	0.18669130573522183			
IPA_SKI_UP	0.18669097700296883			
REACTOME_TP53_REGULATES_TRANSCRIPTION_OF_GENES_INVOLVED_IN_CYTOCHROME_C_RELEASE	0.1866890431489899			
MIR135A_3P	0.18665424384601856			
REACTOME_BLOOD_GROUP_SYSTEMS_BIOSYNTHESIS	0.18665134102127806			
MYLLYKANGAS_AMPLIFICATION_HOT_SPOT_29	0.18664344354273626			
NIKOLSKY_BREAST_CANCER_14Q22_AMPLICON	0.18662765023717612			
GSE15930_STIM_VS_STIM_AND_TRICHOSTATINA_24H_CD8_T_CELL_UP	0.18662477983099704			
MIR6124	0.18662092324256313			
MIR3672	0.1866014377741596			
GO_BICARBONATE_TRANSMEMBRANE_TRANSPORTER_ACTIVITY	0.1865822498433991			
CTCAAGA_MIR526B	0.18657217158128253			
GSE29614_CTRL_VS_DAY3_TIV_FLU_VACCINE_PBMC_UP	0.18656160445901865			
GO_POSITIVE_REGULATION_OF_VASCULAR_WOUND_HEALING	0.18655408174138838			
GTGCAAT_MIR25_MIR32_MIR92_MIR363_MIR367	0.18655256349216767			
GUO_TARGETS_OF_IRS1_AND_IRS2	0.18655159840581867			
CHANG_IMMORTALIZED_BY_HPV31_UP	0.1865442803186232			
WIEMANN_TELOMERE_SHORTENING_AND_CHRONIC_LIVER_DAMAGE_DN	0.18654210188290316			
KIM_ALL_DISORDERS_CALB1_CORR_DN	0.18652382327571052			
MIR377_3P	0.18652325291694558			
GSE3982_MAST_CELL_VS_NEUTROPHIL_UP	0.18652067031762967			
GO_PROTEIN_CONTAINING_COMPLEX_REMODELING	0.18651888791656213			
GSE41176_WT_VS_TAK1_KO_UNSTIM_BCELL_UP	0.18650847561831682			
GO_POSITIVE_REGULATION_OF_PHOSPHOLIPASE_ACTIVITY	0.18650440088383183			
MIR1185_1_3P_MIR1185_2_3P	0.1864988717422519			
MIR619_5P	0.18648453116606328			
GO_PHOTORECEPTOR_CELL_OUTER_SEGMENT_ORGANIZATION	0.18645631923287187			
IPA_PAX1_UP	0.18644770631705052			
MIR204_3P	0.18644561791465336			
GO_PURINE_NUCLEOSIDE_DIPHOSPHATE_BIOSYNTHETIC_PROCESS	0.1864441222613487			
VARELA_ZMPSTE24_TARGETS_UP	0.18643758141894518			
GSE12963_UNINF_VS_ENV_AND_NEF_DEFICIENT_HIV1_INF_CD4_TCELL_UP	0.18643484802132762			
GO_MITOGEN_ACTIVATED_PROTEIN_KINASE_BINDING	0.18642918569609296			
REACTOME_G_ALPHA_I_SIGNALLING_EVENTS	0.18642056063671933			
GSE32423_MEMORY_VS_NAIVE_CD8_TCELL_IL7_UP	0.1864086531330947			
RUAN_RESPONSE_TO_TROGLITAZONE_DN	0.18639261395127554			
REACTOME_UREA_CYCLE	0.1863826138149685			
MIR3139	0.18637482215041523			
REACTOME_NUCLEOTIDE_SALVAGE	0.18636418898889048			
GO_GOLGI_LOCALIZATION	0.18635478772961694			
IPA_ZNF429_UP	0.18635025929905155			
MIR302B_5P	0.18633558286310917			
LET_7G_3P	0.18632975266055368			
LET_7A_2_3P	0.18632975266055368			
MIR4693_5P	0.18632742879673445			
GSE21670_TGFB_VS_TGFB_AND_IL6_TREATED_STAT3_KO_CD4_TCELL_UP	0.1863254877640025			
MODY_HIPPOCAMPUS_NEONATAL	0.18632422919502362			
PAL_PRMT5_TARGETS_UP	0.1863218479640574			
ZNF236_TARGET_GENES	0.18631765385227977			
chr4q12	0.186315859243586			
GO_NEURAL_CREST_FORMATION	0.18630655515376993			
MIR6803_5P	0.18630613706419358			
GO_TRIGLYCERIDE_RICH_LIPOPROTEIN_PARTICLE_REMODELING	0.18630579485979487			
RYCACNNRNNRNCAG_UNKNOWN	0.18629371691407035			
GSE21063_WT_VS_NFATC1_KO_BCELL_UP	0.18628195876952033			
GO_CHONDROBLAST_DIFFERENTIATION	0.18627245648344412			
GO_POSITIVE_REGULATION_OF_TRANSCRIPTION_REGULATORY_REGION_DNA_BINDING	0.1862571123220691			
GGTGAAG_MIR412	0.18625248611093415			
HOSHIDA_LIVER_CANCER_SUBCLASS_S2	0.18624246548905046			
GO_FMN_BINDING	0.18623483286284417			
PID_AURORA_A_PATHWAY	0.18620744849169096			
LE_NEURONAL_DIFFERENTIATION_UP	0.1862056693403953			
GO_REELIN_MEDIATED_SIGNALING_PATHWAY	0.18619694631530667			
AGCTCCT_MIR28	0.18619344980765262			
BROWNE_HCMV_INFECTION_6HR_UP	0.18618388749474687			
GO_RIBONUCLEASE_P_ACTIVITY	0.18617339207622974			
GO_CILIARY_BASE	0.18616692002417956			
GO_UNFOLDED_PROTEIN_BINDING	0.18614949454492108			
GO_MICROVESICLE	0.18614084388420493			
GO_POSITIVE_REGULATION_OF_MITOTIC_CELL_CYCLE	0.18613895342561154			
REACTOME_INTRACELLULAR_SIGNALING_BY_SECOND_MESSENGERS	0.18612421340573435			
LINDGREN_BLADDER_CANCER_CLUSTER_1_DN	0.18612287999075744			
BIOCARTA_HES_PATHWAY	0.18611429882215644			
REACTOME_MULTIFUNCTIONAL_ANION_EXCHANGERS	0.1861114639868321			
GO_SULFOTRANSFERASE_ACTIVITY	0.18604041847524064			
MIR224_5P	0.18599667292538452			
IPA_ZNF148_UP	0.18599134736011347			
MIR301B_5P	0.1859853627521937			
MIR301A_5P	0.1859853627521937			
MIR4640_5P	0.18597993322892484			
PIGF_UP.V1_UP	0.18595325214783232			
GSE45365_CD8A_DC_VS_CD11B_DC_IFNAR_KO_DN	0.18593659496013146			
GSE14413_UNSTIM_VS_IFNB_STIM_RAW264_CELLS_DN	0.1859363416517122			
MIR1288_5P	0.18592684691405156			
REACTOME_TCF_DEPENDENT_SIGNALING_IN_RESPONSE_TO_WNT	0.18592670400739472			
GO_HEXOSE_PHOSPHATE_TRANSPORT	0.18591277699815534			
YAUCH_HEDGEHOG_SIGNALING_PARACRINE_UP	0.18585056338106604			
MIR6832_5P	0.18584498602219568			
NAKAYAMA_SOFT_TISSUE_TUMORS_PCA2_UP	0.18583591722046866			
NOTCH_DN.V1_DN	0.18582620930985622			
GO_NEGATIVE_REGULATION_OF_ADENYLATE_CYCLASE_ACTIVATING_ADRENERGIC_RECEPTOR_SIGNALING_PATHWAY	0.185807991522605			
GSE6259_DEC205_POS_DC_VS_CD4_TCELL_UP	0.18579042160726494			
MIR374C_5P	0.1857876858693009			
GO_OSTEOCLAST_PROLIFERATION	0.18577505897448796			
IPA_SREBF1_DN	0.18576358237823215			
BRUNEAU_HEART_GREAT_VESSELS_AND_VALVULOGENESIS	0.18575232542754178			
MEF2_Q6_01	0.18574107480743746			
GO_COMPLEMENT_COMPONENT_C1Q_COMPLEX_BINDING	0.1857351066444178			
GO_MONOCARBOXYLIC_ACID_CATABOLIC_PROCESS	0.18570905292225082			
IPA_CLOCK_UP	0.185704998702704			
GO_ATRIAL_SEPTUM_MORPHOGENESIS	0.18569149741110444			
GO_ACETYLCHOLINE_METABOLIC_PROCESS	0.18568878950098358			
REACTOME_DERMATAN_SULFATE_BIOSYNTHESIS	0.18567556443954006			
MIR494_3P	0.18567544634370228			
GSE17721_CTRL_VS_GARDIQUIMOD_12H_BMDC_UP	0.18567106880404793			
GSE13306_RA_VS_UNTREATED_TCONV_UP	0.18566374757141538			
GO_NEUREXIN_FAMILY_PROTEIN_BINDING	0.18565542021444612			
IPA_CREB3_UP	0.18565443758170325			
MIR4648	0.1856304109409387			
MIR302D_5P	0.1856224518000047			
IPA_RXRB_UP	0.18560397140661597			
IPA_PAX8_DN	0.18560397140661597			
LIN_NPAS4_TARGETS_UP	0.1855929330704738			
GO_ATPASE_DEPENDENT_TRANSMEMBRANE_TRANSPORT_COMPLEX	0.18559004709491653			
MIR4317	0.18558803260962942			
MIR1236_5P	0.18558611980438042			
GO_AGGRESOME	0.18558392248849848			
GO_REGULATION_OF_POSTSYNAPTIC_CYTOSOLIC_CALCIUM_ION_CONCENTRATION	0.18557579738849134			
MIR5007_5P	0.18557057142543787			
GO_PHOSPHATIDIC_ACID_METABOLIC_PROCESS	0.18556972119130288			
MIR6529_5P	0.18555719415895738			
YTATTTTNR_MEF2_02	0.18554985930660095			
GO_REGULATION_OF_PEPTIDE_HORMONE_SECRETION	0.18553221776271223			
IPA_CEBPD_DN	0.18552062339542202			
GO_MEMBRANE_TO_MEMBRANE_DOCKING	0.18551604030466437			
REACTOME_SIGNALING_BY_FGFR	0.18549239681623458			
GO_NEGATIVE_REGULATION_OF_SMOOTHENED_SIGNALING_PATHWAY_INVOLVED_IN_DORSAL_VENTRAL_NEURAL_TUBE_PATTERNING	0.18548973762421897			
GSE369_SOCS3_KO_VS_IFNG_KO_LIVER_UP	0.18547924988757103			
MIR6504_3P	0.18547762626442135			
PBRM1_TARGET_GENES	0.1854772826798467			
MIR6780A_3P	0.18547168448142784			
MIR526B_5P	0.18544067592789704			
GO_UBIQUITIN_CONJUGATING_ENZYME_COMPLEX	0.18543004369067914			
GSE16451_CTRL_VS_WEST_EQUINE_ENC_VIRUS_IMMATURE_NEURON_CELL_LINE_DN	0.185424650834836			
REACTOME_G_ALPHA_12_13_SIGNALLING_EVENTS	0.1854235086681693			
MATZUK_SPERMATOGONIA	0.18541706760700621			
REACTOME_OAS_ANTIVIRAL_RESPONSE	0.18540296975570697			
GO_RENAL_WATER_HOMEOSTASIS	0.1853977602458931			
GSE32423_MEMORY_VS_NAIVE_CD8_TCELL_DN	0.1853781762413093			
GO_NEGATIVE_REGULATION_OF_MACROPHAGE_DIFFERENTIATION	0.18537327396086			
IPA_ELF2_UP	0.18537063621507607			
GO_VITAMIN_B6_METABOLIC_PROCESS	0.185363312865754			
REACTOME_ROLE_OF_ABL_IN_ROBO_SLIT_SIGNALING	0.1853499722296749			
GO_PROTEIN_DENEDDYLATION	0.18534649519270568			
MIR4489	0.18534058024184588			
GO_REGULATION_OF_CGMP_MEDIATED_SIGNALING	0.18533720424648542			
GO_NUCLEOSIDE_SALVAGE	0.18532662288992796			
REACTOME_REGULATION_OF_RUNX1_EXPRESSION_AND_ACTIVITY	0.1853227307043594			
GO_POSITIVE_REGULATION_OF_CELL_PROLIFERATION_INVOLVED_IN_KIDNEY_DEVELOPMENT	0.18528252953669505			
GO_FIBROBLAST_GROWTH_FACTOR_ACTIVATED_RECEPTOR_ACTIVITY	0.18527481619285927			
GO_NUCLEAR_MEMBRANE_ORGANIZATION	0.18526975802164833			
chr11q14	0.18526300883746552			
ZFHX3_TARGET_GENES	0.18523291530082495			
GO_METALLOEXOPEPTIDASE_ACTIVITY	0.1852290393320334			
GAUSSMANN_MLL_AF4_FUSION_TARGETS_G_DN	0.18522320384415894			
GO_ACID_PHOSPHATASE_ACTIVITY	0.1852183798773802			
MIR1343_5P	0.1852143758967704			
REACTOME_ALTERNATIVE_COMPLEMENT_ACTIVATION	0.18521274150514824			
MIR363_3P	0.18520963281678357			
GO_SODIUM_TRANSMEMBRANE_TRANSPORTER_ACTIVITY_PHOSPHORYLATIVE_MECHANISM	0.18518224929198004			
GAGCCTG_MIR484	0.18516900310809523			
GO_POLYAMINE_TRANSPORT	0.185144404013687			
GO_NEGATIVE_REGULATION_OF_HIGH_VOLTAGE_GATED_CALCIUM_CHANNEL_ACTIVITY	0.1851421734626363			
GO_REGULATION_OF_EXECUTION_PHASE_OF_APOPTOSIS	0.1851347131674613			
BRUINS_UVC_RESPONSE_EARLY_LATE	0.18512847857175974			
GO_NEGATIVE_REGULATION_OF_CALCIUM_ION_TRANSPORT	0.18512462201910443			
BIOCARTA_SPPA_PATHWAY	0.1851024486253425			
TGTTTGY_HNF3_Q6	0.18508766959485118			
GARGALOVIC_RESPONSE_TO_OXIDIZED_PHOSPHOLIPIDS_SALMON_DN	0.1850871203408635			
GO_NEGATIVE_REGULATION_OF_SKELETAL_MUSCLE_TISSUE_DEVELOPMENT	0.18508160322088302			
MIR4638_3P	0.1850706139853498			
GO_POSITIVE_REGULATION_OF_HEAT_GENERATION	0.18505647721902274			
PID_NOTCH_PATHWAY	0.18504533753486477			
GO_REGULATION_OF_MULTICELLULAR_ORGANISM_GROWTH	0.18502891040435218			
PID_PLK1_PATHWAY	0.18501895921037606			
MARTIN_INTERACT_WITH_HDAC	0.18501691319745725			
GO_MODIFICATION_DEPENDENT_MACROMOLECULE_CATABOLIC_PROCESS	0.1850052921952928			
GAJATE_RESPONSE_TO_TRABECTEDIN_DN	0.1849840597040312			
GO_NEGATIVE_REGULATION_OF_FATTY_ACID_METABOLIC_PROCESS	0.18497905477712828			
MIR4495	0.18496528829406167			
GO_C_ACYLTRANSFERASE_ACTIVITY	0.18494766752061292			
GO_REGULATION_OF_MEMBRANE_TUBULATION	0.18494489524855406			
GO_POSITIVE_REGULATION_OF_NITRIC_OXIDE_SYNTHASE_BIOSYNTHETIC_PROCESS	0.18493952749505913			
GO_CYCLIC_NUCLEOTIDE_METABOLIC_PROCESS	0.18493743126506787			
KEGG_NICOTINATE_AND_NICOTINAMIDE_METABOLISM	0.18492932093164166			
MIR504_3P	0.18491858838169095			
GO_NEGATIVE_REGULATION_OF_DENDRITIC_CELL_APOPTOTIC_PROCESS	0.1848777742828744			
GO_REGULATION_OF_CHEMOKINE_C_C_MOTIF_LIGAND_2_SECRETION	0.1848666645683934			
REACTOME_CREB3_FACTORS_ACTIVATE_GENES	0.18486325010070676			
GO_CELLULAR_DIVALENT_INORGANIC_ANION_HOMEOSTASIS	0.18486164824807927			
IPA_TBX5_DN	0.18483982074763572			
GSE17721_LPS_VS_PAM3CSK4_16H_BMDC_DN	0.18482254181970964			
GO_POSITIVE_REGULATION_OF_SMAD_PROTEIN_SIGNAL_TRANSDUCTION	0.18479891389288877			
GO_CELLULAR_RESPONSE_TO_LAMINAR_FLUID_SHEAR_STRESS	0.1847867078682782			
GO_ADP_BINDING	0.18478296133595895			
GO_REGULATION_OF_DNA_BINDING	0.1847556547899779			
GO_POSTSYNAPTIC_ACTIN_CYTOSKELETON	0.1847548082916347			
AAGTCCA_MIR422B_MIR422A	0.18475248446044984			
MIR4752	0.18474637174319228			
ZNF329_TARGET_GENES	0.1847383623920099			
GO_VESICLE_TETHERING	0.18470717415783264			
GO_REGULATION_OF_GLUCOSE_TRANSMEMBRANE_TRANSPORT	0.1846992363935482			
REACTOME_SCAVENGING_BY_CLASS_F_RECEPTORS	0.1846776897164503			
MIR9851_3P	0.1846702271140163			
GO_INTERMEDIATE_FILAMENT_BUNDLE_ASSEMBLY	0.18466705894880606			
MIR4271	0.18464871637397018			
chrXq12	0.1846456440164693			
GO_REGULATION_OF_MICROTUBULE_MOTOR_ACTIVITY	0.18458965318864906			
MIR1193	0.1845894977677566			
GO_POSITIVE_REGULATION_OF_UBIQUITIN_PROTEIN_TRANSFERASE_ACTIVITY	0.18455637202460917			
GO_EXTRACELLULAR_MEMBRANE_BOUNDED_ORGANELLE	0.18454279279008579			
DBP_Q6	0.18452029315730034			
GSE5542_UNTREATED_VS_IFNA_AND_IFNG_TREATED_EPITHELIAL_CELLS_24H_UP	0.18451489021265755			
GO_REGULATION_OF_PRESYNAPTIC_CYTOSOLIC_CALCIUM_ION_CONCENTRATION	0.18451032197728404			
GO_POSITIVE_REGULATION_OF_AUTOPHAGOSOME_MATURATION	0.1844905585359561			
FOXO3_01	0.18449002179449028			
GO_NEGATIVE_REGULATION_OF_DENDRITIC_SPINE_MORPHOGENESIS	0.18448897228833314			
MIR935	0.18447943713551185			
IPA_ETV5_UP	0.1844754326013399			
IPA_HOXD8_DN	0.18446892210540283			
IPA_HSF1_UP	0.18445919274115188			
GO_POSITIVE_REGULATION_OF_PROTEIN_TARGETING_TO_MITOCHONDRION	0.18444373541040912			
MIR367_3P	0.18443954253404726			
REACTOME_HDL_ASSEMBLY	0.1844213257577335			
GO_QUINONE_BINDING	0.1844157285665641			
KRAS.LUNG_UP.V1_DN	0.1843808884035613			
GO_APICAL_CORTEX	0.18436618082832984			
GO_POSITIVE_REGULATION_OF_HEXOKINASE_ACTIVITY	0.1843648469741916			
GO_SIGNAL_RECOGNITION_PARTICLE	0.18436439689515846			
GCTTGAA_MIR498	0.18435682809063775			
GSE6090_UNSTIM_VS_DC_SIGN_STIM_DC_UP	0.18434337268959122			
MIR324_5P	0.1843153051505916			
GO_PHAGOLYSOSOME_ASSEMBLY	0.1842978035921283			
REACTOME_DIGESTION	0.18429456030332894			
GO_EUCHROMATIN	0.18427633493295023			
GO_CELLULAR_RESPONSE_TO_VITAMIN_D	0.18426717567534517			
GO_REGULATION_OF_MICROVILLUS_LENGTH	0.1842600886389491			
GO_NEGATIVE_REGULATION_OF_STEM_CELL_POPULATION_MAINTENANCE	0.18425694373151458			
MIR1912_3P	0.18425148124973337			
IPA_KLF10_DN	0.184226042021305			
MIR4685_3P	0.18421664380050287			
GO_HYDROGEN_PEROXIDE_BIOSYNTHETIC_PROCESS	0.18420943317668093			
MIR3187_5P	0.18419732767154828			
REACTOME_TRANSPORT_OF_CONNEXONS_TO_THE_PLASMA_MEMBRANE	0.18418850446779084			
MIR758_5P	0.1841873836601128			
GO_PYRIMIDINE_NUCLEOTIDE_BIOSYNTHETIC_PROCESS	0.18417785610935727			
GO_POSTTRANSLATIONAL_PROTEIN_TARGETING_TO_ENDOPLASMIC_RETICULUM_MEMBRANE	0.1841703388566616			
GO_THIOESTER_BIOSYNTHETIC_PROCESS	0.18416144476343985			
GSE17721_CTRL_VS_LPS_6H_BMDC_UP	0.1841608302038607			
YAO_TEMPORAL_RESPONSE_TO_PROGESTERONE_CLUSTER_15	0.18415880430520082			
IPA_ZNF43_UP	0.18413554700814494			
ACEVEDO_LIVER_CANCER_WITH_H3K27ME3_UP	0.1841320852626361			
GO_PHOSPHATASE_ACTIVITY	0.18413083101714334			
MIR146A_3P	0.1841302991324353			
PID_AR_NONGENOMIC_PATHWAY	0.18412148277438314			
chr4q22	0.18409907289949884			
GO_POSITIVE_REGULATION_OF_ORGANIC_ACID_TRANSPORT	0.18409528183500012			
IPA_PPARA_DN	0.18406494551415978			
GO_SYNAPTIC_VESICLE_BUDDING	0.1840491928422175			
IPA_KAT5_DN	0.1840376698528538			
GO_TFIID_CLASS_TRANSCRIPTION_FACTOR_COMPLEX_BINDING	0.18402936667560865			
GSE18148_CBFB_KO_VS_WT_TREG_DN	0.1839630816820082			
CTNNB1_TARGET_GENES	0.1839626968351009			
TUBG1_TARGET_GENES	0.18393877310027668			
GO_HOST_CELL_PART	0.18392402385692003			
MIR543	0.1839210725468514			
MIR4452	0.18391071300921383			
BRUINS_UVC_RESPONSE_MIDDLE	0.18390794559837614			
MIR655_3P	0.1839007514255824			
GO_TRIPARTITE_REGIONAL_SUBDIVISION	0.18388779705929628			
GO_REGULATION_OF_ATPASE_ACTIVITY	0.18386132567260935			
GO_NEGATIVE_REGULATION_OF_CELLULAR_EXTRAVASATION	0.18385088397341062			
IPA_CDX2_DN	0.18384887325019186			
GO_AXONEMAL_DYNEIN_COMPLEX	0.1838343349652162			
VDR_Q6	0.1838274218313377			
GSE11961_FOLLICULAR_BCELL_VS_GERMINAL_CENTER_BCELL_DAY7_UP	0.18382577547746137			
HOXB6_TARGET_GENES	0.18382245829728616			
RASHI_RESPONSE_TO_IONIZING_RADIATION_3	0.18377407091604328			
GO_AMMONIUM_ION_BINDING	0.1837578526171686			
FIGUEROA_AML_METHYLATION_CLUSTER_7_DN	0.18372280437374663			
GO_REGULATION_OF_GOLGI_TO_PLASMA_MEMBRANE_PROTEIN_TRANSPORT	0.18372048811882724			
GO_REGULATION_OF_INSULIN_SECRETION	0.1837072602674458			
GO_NEGATIVE_REGULATION_OF_NON_CANONICAL_WNT_SIGNALING_PATHWAY	0.18370053102121972			
MIR545_5P	0.18369977567046336			
TANG_SENESCENCE_TP53_TARGETS_UP	0.18369969771306907			
GO_SKELETAL_MUSCLE_CELL_DIFFERENTIATION	0.1836987366831664			
MIR6860	0.18369756219962768			
GO_REGULATION_OF_PROTEIN_OLIGOMERIZATION	0.18366396131172483			
REACTOME_FGFR3_LIGAND_BINDING_AND_ACTIVATION	0.1836616447665977			
GSE3982_BASOPHIL_VS_TH1_DN	0.1836600066257945			
MIR3140_3P	0.18365708648835488			
GO_POSITIVE_REGULATION_OF_CREB_TRANSCRIPTION_FACTOR_ACTIVITY	0.18364205095685845			
MIR513A_3P_MIR513C_3P	0.18363605460267826			
GO_NEGATIVE_REGULATION_OF_EPIDERMAL_CELL_DIFFERENTIATION	0.1836171814954789			
MIR3974	0.18358826723682167			
MARIADASON_REGULATED_BY_HISTONE_ACETYLATION_DN	0.18357298034683853			
GSE21546_WT_VS_SAP1A_KO_DP_THYMOCYTES_DN	0.1835592940057107			
GSE36392_EOSINOPHIL_VS_MAC_IL25_TREATED_LUNG_DN	0.18355571830422976			
BIOCARTA_ALK_PATHWAY	0.18352232558505355			
GO_SOLUTE_CATION_ANTIPORTER_ACTIVITY	0.1834952232030799			
GSE4142_PLASMA_CELL_VS_MEMORY_BCELL_UP	0.18349347470790744			
MIR143_3P_MIR4770	0.18349119549876244			
NFKBIA_TARGET_GENES	0.18345570675717301			
GO_NAD_P_PLUS_PROTEIN_ARGININE_ADP_RIBOSYLTRANSFERASE_ACTIVITY	0.18343391363201686			
REACTOME_NOTCH_HLH_TRANSCRIPTION_PATHWAY	0.1834179062629529			
REACTOME_ACTIVATION_OF_BH3_ONLY_PROTEINS	0.1833979562024948			
GO_RESPONSE_TO_BACTERIAL_LIPOPROTEIN	0.18335343280562738			
KEGG_LINOLEIC_ACID_METABOLISM	0.18334975126581754			
IPA_NR0B2_UP	0.18333875722203952			
GO_RESPONSE_TO_DIACYL_BACTERIAL_LIPOPEPTIDE	0.18333598160219083			
REACTOME_BH3_ONLY_PROTEINS_ASSOCIATE_WITH_AND_INACTIVATE_ANTI_APOPTOTIC_BCL_2_MEMBERS	0.1833328692630422			
GO_LEFT_RIGHT_PATTERN_FORMATION	0.18332008796138452			
GO_CELLULAR_ION_HOMEOSTASIS	0.18330674617006873			
MIR4645_5P	0.18327626600621863			
TTTNNANAGCYR_UNKNOWN	0.18326573876596447			
GSE17721_POLYIC_VS_PAM3CSK4_8H_BMDC_DN	0.1832645905548124			
GO_LEUKOCYTE_MIGRATION_INVOLVED_IN_INFLAMMATORY_RESPONSE	0.1832582278619694			
MIR4742_3P	0.18324562425226626			
BIOCARTA_CDK5_PATHWAY	0.18324306526644912			
GO_POSITIVE_REGULATION_OF_INTERLEUKIN_5_SECRETION	0.1832390440758891			
GO_PERIPHERAL_NERVOUS_SYSTEM_AXON_REGENERATION	0.1832287885803372			
REACTOME_TP53_REGULATES_TRANSCRIPTION_OF_ADDITIONAL_CELL_CYCLE_GENES_WHOSE_EXACT_ROLE_IN_THE_P53_PATHWAY_REMAIN_UNCERTAIN	0.18322621376943063			
VERHAAK_GLIOBLASTOMA_NEURAL	0.1832107387521011			
GO_ADIPOSE_TISSUE_DEVELOPMENT	0.18319725239633836			
GO_PROTEIN_CONTAINING_COMPLEX_DISASSEMBLY	0.18317271494947257			
MIR365B_5P	0.18313364448999825			
GO_REGULATION_OF_PROTEIN_LIPIDATION	0.18312889717969105			
GSE21927_SPLEEN_VS_4T1_TUMOR_MONOCYTE_BALBC_DN	0.18309462552174413			
IPA_LEF1_DN	0.18308473593292549			
IPA_CRTC1_UP	0.18305117462810225			
GO_SMAD_PROTEIN_COMPLEX	0.18302862718186036			
GO_INTRACILIARY_TRANSPORT_PARTICLE_A	0.18302859987959672			
LY_AGING_OLD_DN	0.1829938274793768			
GSE40184_HEALTHY_VS_HCV_INFECTED_DONOR_PBMC_UP	0.18297137873854502			
MIR877_3P	0.18293972401510555			
MIR12130	0.18293954617141348			
TATAAA_TATA_01	0.18293828062289133			
GSE20198_UNTREATED_VS_IL12_IL18_TREATED_ACT_CD4_TCELL_DN	0.18291761348180657			
GO_DICARBOXYLIC_ACID_METABOLIC_PROCESS	0.1828844536619004			
MIR23C	0.18287327237577064			
GO_LACTATE_TRANSPORT	0.1828635537900022			
GO_STABILIZATION_OF_MEMBRANE_POTENTIAL	0.18284338216580276			
ATM_DN.V1_DN	0.18284062084067706			
GO_REGULATION_OF_NUCLEAR_DIVISION	0.1828262963890663			
MIR3689A_5P_MIR3689B_5P_MIR3689E_MIR3689F	0.182802779888357			
REACTOME_SIALIC_ACID_METABOLISM	0.18280053363946916			
GO_SOMITOGENESIS	0.1827888930264479			
GO_POSITIVE_REGULATION_OF_PODOSOME_ASSEMBLY	0.18275991226249474			
WU_ALZHEIMER_DISEASE_DN	0.1827565167208725			
LMO2COM_01	0.18275090962807905			
GO_DERMATAN_SULFATE_METABOLIC_PROCESS	0.18272789612679094			
REACTOME_PROTEIN_LOCALIZATION	0.18271575630622192			
REACTOME_TRAFFICKING_OF_MYRISTOYLATED_PROTEINS_TO_THE_CILIUM	0.18271516258958573			
GSE6092_UNSTIM_VS_IFNG_STIM_ENDOTHELIAL_CELL_UP	0.18270952964008635			
GSE34156_NOD2_LIGAND_VS_NOD2_AND_TLR1_TLR2_LIGAND_6H_TREATED_MONOCYTE_DN	0.18268646398494567			
REACTOME_ACTIVATION_OF_IRF3_IRF7_MEDIATED_BY_TBK1_IKK_EPSILON	0.182678607380855			
GO_EXTRINSIC_COMPONENT_OF_PRESYNAPTIC_MEMBRANE	0.18265596469504475			
HEDENFALK_BREAST_CANCER_BRACX_UP	0.18262553252567726			
GO_MESONEPHRIC_TUBULE_FORMATION	0.1826251045834653			
GO_ALCOHOL_DEHYDROGENASE_ACTIVITY_ZINC_DEPENDENT	0.18260875088454545			
GO_K63_LINKED_POLYUBIQUITIN_MODIFICATION_DEPENDENT_PROTEIN_BINDING	0.1826013848235078			
GO_RESPONSE_TO_IONIZING_RADIATION	0.18259050817173572			
GROSS_HYPOXIA_VIA_ELK3_ONLY_DN	0.18258184996364366			
GO_REGULATION_OF_GUANYLATE_CYCLASE_ACTIVITY	0.18257117036051246			
GO_NEGATIVE_REGULATION_OF_ALPHA_BETA_T_CELL_PROLIFERATION	0.1825632107850228			
MIR103A_1_5P	0.18256248844197726			
MIR548AL	0.18255843219555426			
REACTOME_SIGNALING_BY_FGFR3	0.1825556501623225			
chr8q11	0.18254902327412337			
GO_PROTEIN_LOCALIZATION_TO_CILIUM	0.1825244033274711			
SMID_BREAST_CANCER_RELAPSE_IN_LIVER_DN	0.18251409053489806			
GSE14308_TH17_VS_INDUCED_TREG_UP	0.18250648879613252			
GO_ORNITHINE_DECARBOXYLASE_REGULATOR_ACTIVITY	0.1825003098443487			
URS_ADIPOCYTE_DIFFERENTIATION_UP	0.18248959890637018			
NOUZOVA_TRETINOIN_AND_H4_ACETYLATION	0.18247827930112592			
IVANOVA_HEMATOPOIESIS_STEM_CELL_SHORT_TERM	0.18246994463863953			
GO_MUCUS_SECRETION	0.18245622223491728			
IPA_LEF1_UP	0.1824507124107039			
GO_POLYOL_METABOLIC_PROCESS	0.182440016500934			
GO_CARBOHYDRATE_TRANSMEMBRANE_TRANSPORT	0.18243884609862251			
GO_DENDRITE_ARBORIZATION	0.18243516467069512			
GO_TELOMERE_TETHERING_AT_NUCLEAR_PERIPHERY	0.18242337372390893			
GSE19825_NAIVE_VS_IL2RAHIGH_DAY3_EFF_CD8_TCELL_UP	0.18241025246574502			
GSE17721_POLYIC_VS_GARDIQUIMOD_24H_BMDC_DN	0.18239042918623757			
MIR6791_5P	0.18238533968615225			
IPA_MTA1_UP	0.1823647572100637			
IPA_RNF2_UP	0.18235944348418193			
NKX25_01	0.18233639924770392			
KEGG_MAPK_SIGNALING_PATHWAY	0.18233061250374746			
MEDINA_SMARCA4_TARGETS	0.18231724003540786			
GO_POSITIVE_REGULATION_OF_SYNAPTIC_VESICLE_RECYCLING	0.18231215416543925			
YNGTTNNNATT_UNKNOWN	0.1823093366768849			
GO_POSITIVE_REGULATION_OF_STRIATED_MUSCLE_CELL_DIFFERENTIATION	0.18230140949913418			
GO_CHORIONIC_TROPHOBLAST_CELL_PROLIFERATION	0.18227679572672928			
MIR29B_2_5P	0.1822736499185582			
IPA_STRAP_UP	0.18226915891505457			
ER_Q6_01	0.18226219351028436			
GSE37532_VISCERAL_ADIPOSE_TISSUE_VS_LN_DERIVED_PPARG_KO_TCONV_CD4_TCELL_DN	0.18225698593886508			
GO_PHOSPHATE_ION_TRANSMEMBRANE_TRANSPORTER_ACTIVITY	0.18225649152323886			
GSE28237_EARLY_VS_LATE_GC_BCELL_UP	0.1822384907576851			
GO_CATION_TRANSPORTING_ATPASE_COMPLEX	0.18222680475931663			
GO_PROTEIN_O_LINKED_FUCOSYLATION	0.18218834744161128			
GSE17721_0.5H_VS_24H_LPS_BMDC_UP	0.18218770662930714			
MIR4691_3P	0.1821799363420728			
GO_EXOPEPTIDASE_ACTIVITY	0.18216952473098402			
REACTOME_COBALAMIN_CBL_VITAMIN_B12_TRANSPORT_AND_METABOLISM	0.18216665064580717			
REACTOME_CHOLINE_CATABOLISM	0.18216458139671574			
CAIRO_HEPATOBLASTOMA_POOR_SURVIVAL	0.18214606975164138			
MIR4307	0.1821271587442567			
GO_MYRISTOYL_COA_HYDROLASE_ACTIVITY	0.18212621651931277			
MIR595	0.18209892633491495			
GSE14308_TH17_VS_NAIVE_CD4_TCELL_UP	0.18208583784796661			
MIR3689D	0.18204683368160135			
GO_POSITIVE_REGULATION_OF_GLUCOKINASE_ACTIVITY	0.1820379957299825			
GO_ORGANELLE_ASSEMBLY	0.1820295826122553			
GO_INTRINSIC_COMPONENT_OF_MITOCHONDRIAL_OUTER_MEMBRANE	0.18202562536985772			
MIR942_3P	0.18200567822187907			
IPA_GATA4_UP	0.18200136069314993			
GO_PHOSPHATE_ION_TRANSPORT	0.1819864064779623			
GSE5589_WT_VS_IL6_KO_LPS_AND_IL10_STIM_MACROPHAGE_180MIN_DN	0.1819803761886461			
GO_REGULATION_OF_GRANULOCYTE_CHEMOTAXIS	0.18196790359999176			
GSE22935_24H_VS_48H_MBOVIS_BCG_STIM_MYD88_KO_MACROPHAGE_UP	0.18194220897797606			
IIZUKA_LIVER_CANCER_PROGRESSION_G1_G2_DN	0.18193114024742274			
MIR3129_3P	0.18188156657732324			
GO_CELLULAR_AMINO_ACID_METABOLIC_PROCESS	0.18186606622821386			
BIOCARTA_P53_PATHWAY	0.1818516355484103			
GO_PYRIMIDINE_RIBONUCLEOSIDE_MONOPHOSPHATE_METABOLIC_PROCESS	0.18183168333805413			
GSE18281_SUBCAPSULAR_CORTICAL_REGION_VS_WHOLE_CORTEX_THYMUS_DN	0.18183161005125534			
GO_EXTRINSIC_COMPONENT_OF_CYTOPLASMIC_SIDE_OF_PLASMA_MEMBRANE	0.18182027698132722			
GSE29164_UNTREATED_VS_CD8_TCELL_AND_IL12_TREATED_MELANOMA_DAY3_DN	0.18181733764767374			
IPA_IRF2_UP	0.1818128449153086			
GSE37534_GW1929_VS_ROSIGLITAZONE_TREATED_CD4_TCELL_PPARG1_FOXP3_TRANSDUCED_DN	0.18180994484527876			
GSE37605_TREG_VS_TCONV_C57BL6_FOXP3_FUSION_GFP_UP	0.18180717688681988			
GO_CELL_RECOGNITION	0.1818025139516881			
GSE10856_CTRL_VS_TNFRSF6B_IN_MACROPHAGE_DN	0.1817849947090523			
GSE14308_TH1_VS_TH17_DN	0.18178135543806223			
MIR130B_5P	0.18176371195831054			
GSE36078_UNTREATED_VS_AD5_T425A_HEXON_INF_IL1R_KO_MOUSE_LUNG_DC_UP	0.1817545848248824			
REACTOME_GLUCONEOGENESIS	0.18174149347069543			
MIR4679	0.18174136103159894			
GO_CARNITINE_SHUTTLE	0.18172670028429874			
MIR7854_3P	0.18171786156324093			
GO_ALDEHYDE_CATABOLIC_PROCESS	0.18170687710757394			
MIR6782_3P	0.18168750403761963			
REACTOME_ATF4_ACTIVATES_GENES_IN_RESPONSE_TO_ENDOPLASMIC_RETICULUM_STRESS	0.1816619063780374			
DAVICIONI_RHABDOMYOSARCOMA_PAX_FOXO1_FUSION_DN	0.1816405215860995			
MIR6837_3P	0.18161377454757313			
GO_ACTIVIN_RECEPTOR_BINDING	0.18161032313366485			
MIR4670_3P	0.18159902028235836			
GO_CATSPER_COMPLEX	0.1815978888164305			
MIR890	0.18158950620244402			
ABBUD_LIF_SIGNALING_2_DN	0.1815586662946302			
GO_ANTIFUNGAL_INNATE_IMMUNE_RESPONSE	0.18155268296028546			
GO_FATTY_ACID_SYNTHASE_ACTIVITY	0.1815469621413433			
REACTOME_MODULATION_BY_MTB_OF_HOST_IMMUNE_SYSTEM	0.18151783343509545			
DYRK1A_TARGET_GENES	0.18148967137724725			
MIR4732_3P	0.1814656764973418			
GO_METANEPHRIC_DISTAL_TUBULE_DEVELOPMENT	0.18145671575784011			
GO_ARGININE_TRANSMEMBRANE_TRANSPORTER_ACTIVITY	0.1814565892176851			
GSE25087_FETAL_VS_ADULT_TCONV_DN	0.18145313661282095			
MIR552_5P	0.18144578152094712			
IPA_TWIST1_DN	0.18141354164855275			
GO_URATE_TRANSPORT	0.1813795112498046			
MIR4661_5P	0.18135042624259315			
REACTOME_REVERSIBLE_HYDRATION_OF_CARBON_DIOXIDE	0.18134960275014164			
IPA_HOXB13_UP	0.18134906806082757			
GO_IMPORTIN_ALPHA_FAMILY_PROTEIN_BINDING	0.18134824480799946			
GO_ATPASE_REGULATOR_ACTIVITY	0.18134371357891765			
MIR4750_3P	0.18133308227688452			
IPA_CDK9_DN	0.18132364878619325			
MIR6754_5P	0.18132325736669638			
GO_EFFLUX_TRANSMEMBRANE_TRANSPORTER_ACTIVITY	0.18130955752014433			
REACTOME_MITOCHONDRIAL_IRON_SULFUR_CLUSTER_BIOGENESIS	0.18129596539892254			
IPA_ZFPM2_UP	0.18129063639197504			
GO_SERINE_PHOSPHORYLATION_OF_STAT_PROTEIN	0.181282843300545			
GSE9946_IMMATURE_VS_PROSTAGLANDINE2_TREATED_MATURE_DC_DN	0.1812789060677217			
chr1p33	0.18127283983919207			
MIR2355_3P	0.18126189465410125			
ZHENG_FOXP3_TARGETS_IN_THYMUS_DN	0.1812613233153773			
GO_MAGNESIUM_ION_HOMEOSTASIS	0.18124730767720992			
REACTOME_THYROXINE_BIOSYNTHESIS	0.1812375632903837			
GO_NEGATIVE_REGULATION_OF_CELLULAR_CATABOLIC_PROCESS	0.18122571174085636			
IPA_KDM8_DN	0.1812236268543796			
GO_NEURONAL_ACTION_POTENTIAL_PROPAGATION	0.18116733930398382			
GO_SEPTUM_PRIMUM_DEVELOPMENT	0.18116344809239923			
GO_METANEPHRIC_MESENCHYME_DEVELOPMENT	0.1811615867589922			
GO_AMINO_SUGAR_METABOLIC_PROCESS	0.18114658210767107			
ELVIDGE_HYPOXIA_DN	0.18110247024856277			
GO_NEGATIVE_REGULATION_OF_CELLULAR_PROTEIN_CATABOLIC_PROCESS	0.1810966431996246			
GO_OPSONIZATION	0.18109156011915048			
CTGRYYYNATT_UNKNOWN	0.18108866890863393			
chr18p11	0.18108327644746727			
GO_CENTRAL_NERVOUS_SYSTEM_PROJECTION_NEURON_AXONOGENESIS	0.1810581730384587			
GO_INORGANIC_ION_IMPORT_ACROSS_PLASMA_MEMBRANE	0.18105713426240533			
LOPEZ_TRANSLATION_VIA_FN1_SIGNALING	0.18104794375062305			
IPA_ZEB2_UP	0.18104223820996032			
GRANDVAUX_IRF3_TARGETS_UP	0.18104107862673247			
GO_POSITIVE_REGULATION_OF_UBIQUITIN_PROTEIN_LIGASE_ACTIVITY	0.18104018006110298			
GO_REGULATION_OF_TRANSCRIPTION_REGULATORY_REGION_DNA_BINDING	0.18102156280533313			
GSE45739_NRAS_KO_VS_WT_ACD3_ACD28_STIM_CD4_TCELL_UP	0.18099735906418812			
GO_MESONEPHRIC_DUCT_DEVELOPMENT	0.18098359624902388			
GO_PROTEIN_TRANSPORT_INTO_MEMBRANE_RAFT	0.1809765082635928			
GO_THREONINE_METABOLIC_PROCESS	0.18097135142547666			
REACTOME_INTRAFLAGELLAR_TRANSPORT	0.18096997988331978			
GO_NUCLEAR_HORMONE_RECEPTOR_BINDING	0.18095413978173425			
MIR498_3P	0.1809455085579668			
GO_DRUG_CATABOLIC_PROCESS	0.18091744348196176			
GO_RESPONSE_TO_INSECTICIDE	0.18091395182439374			
GO_NEGATIVE_REGULATION_OF_NEURON_MIGRATION	0.18088029948658338			
GO_POSITIVE_REGULATION_OF_FIBROBLAST_GROWTH_FACTOR_PRODUCTION	0.18087669697102932			
GO_NUCLEOBASE_CONTAINING_SMALL_MOLECULE_INTERCONVERSION	0.1808688586359565			
GO_FATTY_ACYL_COA_METABOLIC_PROCESS	0.18085632070775096			
GO_RESPONSE_TO_PROSTAGLANDIN	0.18085462010947			
GO_MODULATION_OF_MICROTUBULE_CYTOSKELETON_INVOLVED_IN_CEREBRAL_CORTEX_RADIAL_GLIA_GUIDED_MIGRATION	0.18084840099279736			
BIOCARTA_EPONFKB_PATHWAY	0.18084563922919578			
MIR1178_5P	0.180823342622766			
GO_DUCTUS_ARTERIOSUS_CLOSURE	0.1808039825520689			
NIKOLSKY_BREAST_CANCER_19Q13.4_AMPLICON	0.18078033708006472			
GO_RENAL_CONTROL_OF_PERIPHERAL_VASCULAR_RESISTANCE_INVOLVED_IN_REGULATION_OF_SYSTEMIC_ARTERIAL_BLOOD_PRESSURE	0.18077451616021117			
GSE21927_SPLEEN_VS_C26GM_TUMOR_MONOCYTE_BALBC_UP	0.18076626911225266			
BOGNI_TREATMENT_RELATED_MYELOID_LEUKEMIA_DN	0.18075627731173743			
GO_3_UTR_MEDIATED_MRNA_DESTABILIZATION	0.18073376422140713			
MIR502_5P	0.18072568923858776			
GSE14350_TREG_VS_TEFF_DN	0.18071666807978587			
MIR6757_5P	0.18070172144318067			
GO_MULTICELLULAR_ORGANISM_GROWTH	0.18070116688635293			
GO_REGULATION_OF_SODIUM_PROTON_ANTIPORTER_ACTIVITY	0.18069223154856456			
GSE37301_LYMPHOID_PRIMED_MPP_VS_CD4_TCELL_UP	0.1806773727974533			
GO_LACTATE_METABOLIC_PROCESS	0.18065315540030144			
GO_NADPLUS_BINDING	0.18061970623331602			
REACTOME_VITAMIN_D_CALCIFEROL_METABOLISM	0.1805997650598918			
GO_POSITIVE_REGULATION_OF_APOPTOTIC_CELL_CLEARANCE	0.1805827851361936			
GO_CELLULAR_RESPONSE_TO_NUTRIENT	0.18056172871129128			
MIR5100	0.1805611409582321			
MIR338_5P	0.18053490608113956			
MIR4535	0.1805277140420047			
MIR1250_5P	0.1805131512082471			
GO_ACROSOME_ASSEMBLY	0.18050494914613663			
IPA_GRHL1_UP	0.18050168250407053			
MCBRYAN_PUBERTAL_BREAST_5_6WK_DN	0.18050073777722067			
MIR2116_5P	0.18047930932199108			
GO_HSP90_PROTEIN_BINDING	0.18047658391387342			
GO_GASTRIC_EMPTYING	0.18047023229490225			
MIR3606_5P	0.18046866187734423			
GO_POSITIVE_REGULATION_OF_CHEMOKINE_C_X_C_MOTIF_LIGAND_2_PRODUCTION	0.18040660269791353			
GO_OXIDOREDUCTION_COENZYME_METABOLIC_PROCESS	0.1803982416524114			
REACTOME_MET_ACTIVATES_PTPN11	0.18039081768728019			
REACTOME_TRANSCRIPTIONAL_REGULATION_OF_WHITE_ADIPOCYTE_DIFFERENTIATION	0.18033612424036968			
GSE2405_HEAT_KILLED_VS_LIVE_A_PHAGOCYTOPHILUM_STIM_NEUTROPHIL_24H_DN	0.18032252062426662			
SHETH_LIVER_CANCER_VS_TXNIP_LOSS_PAM4	0.18031652692368325			
MIR4274	0.18027980263365592			
MIR8060	0.18025756282157426			
GO_UTERINE_SMOOTH_MUSCLE_CONTRACTION	0.18023597914702041			
BRIDEAU_IMPRINTED_GENES	0.18018969742344834			
MIR3176	0.18018280075000928			
GSE9037_WT_VS_IRAK4_KO_LPS_4H_STIM_BMDM_DN	0.1801805619018798			
MIR23A_3P_MIR23B_3P	0.18017497000197596			
REACTOME_TERMINATION_OF_O_GLYCAN_BIOSYNTHESIS	0.18016750762073352			
GO_HORMONE_ACTIVITY	0.18015807587508487			
ETS2_TARGET_GENES	0.18015000524542735			
ZNF10_TARGET_GENES	0.18012418312515058			
MIR661	0.18012206611534842			
MIR6734_3P	0.18011751641931145			
GSE17721_PAM3CSK4_VS_CPG_0.5H_BMDC_UP	0.18011076752893765			
IPA_SIM2_DN	0.18010959699567722			
GSE3982_CENT_MEMORY_CD4_TCELL_VS_NKCELL_UP	0.1801019211055879			
MIR802	0.18010072624641724			
IPA_KDM8_UP	0.18008643863270388			
GO_CELLULAR_RESPONSE_TO_CARBOHYDRATE_STIMULUS	0.18008078082773243			
GSE17721_POLYIC_VS_GARDIQUIMOD_4H_BMDC_UP	0.18006366752971567			
FIGUEROA_AML_METHYLATION_CLUSTER_3_UP	0.18004754319913743			
REACTOME_AMINO_ACIDS_REGULATE_MTORC1	0.18003779958578098			
GO_D2_DOPAMINE_RECEPTOR_BINDING	0.18002434670245537			
GO_MRNA_TRANSCRIPTION	0.1800015564899525			
GO_SIGNAL_TRANSDUCTION_INVOLVED_IN_REGULATION_OF_GENE_EXPRESSION	0.17999885082329864			
YEGNASUBRAMANIAN_PROSTATE_CANCER	0.1799957653040237			
WILSON_PROTEASES_AT_TUMOR_BONE_INTERFACE_DN	0.17998435133597238			
IPA_FOXL2_UP	0.17997494839721073			
GO_ATPASE_COUPLED_INTRAMEMBRANE_LIPID_TRANSPORTER_ACTIVITY	0.17997197871791915			
GO_POSITIVE_REGULATION_OF_ADIPOSE_TISSUE_DEVELOPMENT	0.1799587488349497			
GSE10500_ARTHRITIC_SYNOVIAL_FLUID_VS_HEALTHY_MACROPHAGE_DN	0.1799515064301474			
GO_RESPONSE_TO_LEUKEMIA_INHIBITORY_FACTOR	0.1799308316687397			
GSE1925_CTRL_VS_IFNG_PRIMED_MACROPHAGE_3H_IFNG_STIM_DN	0.17992622622473756			
MIR296_3P	0.1799217838525535			
GO_DYNACTIN_COMPLEX	0.17991658622605555			
MTA1_TARGET_GENES	0.179876196515142			
MIR1295B_5P	0.17984189910787632			
GO_REGULATION_OF_RAC_PROTEIN_SIGNAL_TRANSDUCTION	0.17984146382208746			
MIR6506_5P	0.17983454983505365			
GSE32423_IL7_VS_IL7_IL4_MEMORY_CD8_TCELL_UP	0.17983290857772327			
MIR4287	0.1798034788931878			
MIR1468_3P	0.1797564853696149			
GO_PROTEIN_NEDDYLATION	0.1797133025707606			
GSE29618_LAIV_VS_TIV_FLU_VACCINE_DAY7_PDC_UP	0.17969117344780075			
GO_LIPID_EXPORT_FROM_CELL	0.1796668716402855			
MIR7975	0.17965115714941537			
GO_REGULATION_OF_ACTIVIN_RECEPTOR_SIGNALING_PATHWAY	0.17963727793567275			
MIR6511A_3P_MIR6511B_3P	0.1796261443742114			
GSE360_L_MAJOR_VS_M_TUBERCULOSIS_DC_UP	0.17962553990615585			
GO_FACIT_COLLAGEN_TRIMER	0.17959803177454906			
GTCGATC_MIR3695P	0.1795897103100159			
GO_POSITIVE_REGULATION_OF_CYTOKINESIS	0.1795871067122767			
MIR3678_3P	0.1795797756219625			
GO_REGULATION_OF_CARDIAC_MUSCLE_CELL_MEMBRANE_POTENTIAL	0.17955325535227434			
HU_GENOTOXIN_ACTION_DIRECT_VS_INDIRECT_24HR	0.17955016317027156			
GO_POSITIVE_REGULATION_OF_SIGNAL_TRANSDUCTION_BY_P53_CLASS_MEDIATOR	0.17952543528008386			
MIR7108_3P	0.17951585218357907			
GO_DIENCEPHALON_DEVELOPMENT	0.1794975461901791			
GO_FAT_SOLUBLE_VITAMIN_CATABOLIC_PROCESS	0.17946773954959983			
GO_CAMERA_TYPE_EYE_PHOTORECEPTOR_CELL_DIFFERENTIATION	0.17946697760499855			
GO_CUL2_RING_UBIQUITIN_LIGASE_COMPLEX	0.17946466204733943			
MIR3919	0.1794029437295033			
ZNF250_TARGET_GENES	0.17938956730252345			
chr4p11	0.17938618389945107			
GO_POSITIVE_REGULATION_OF_MYOBLAST_PROLIFERATION	0.1793788846861099			
GO_REGULATION_OF_POTASSIUM_ION_EXPORT_ACROSS_PLASMA_MEMBRANE	0.1793356226595183			
KEGG_PENTOSE_AND_GLUCURONATE_INTERCONVERSIONS	0.17932620221160048			
IPA_ATF3_UP	0.17931361385101044			
GO_TOOTH_ERUPTION	0.17928218976408133			
IPA_GATA1_DN	0.17924963391377188			
GO_PARAXIAL_MESODERM_FORMATION	0.17923947811508623			
IPA_PPARGC1A_DN	0.1792369515776637			
GO_NEGATIVE_REGULATION_OF_GLIAL_CELL_PROLIFERATION	0.17922326394191188			
GO_RESPONSE_TO_HEPATOCYTE_GROWTH_FACTOR	0.17920788475204766			
MIR5087	0.17920668139280593			
GO_POSITIVE_REGULATION_OF_ENDOPLASMIC_RETICULUM_STRESS_INDUCED_INTRINSIC_APOPTOTIC_SIGNALING_PATHWAY	0.17920559060581662			
GO_POSITIVE_REGULATION_OF_MEIOSIS_I	0.17920044372530228			
STAT5A_01	0.17917746241438637			
MIR6869_5P	0.17917277372398632			
GO_BRANCHED_CHAIN_AMINO_ACID_TRANSPORT	0.17915848910296553			
GO_RETROGRADE_TRANSPORT_ENDOSOME_TO_GOLGI	0.17913110682012676			
GEISS_RESPONSE_TO_DSRNA_DN	0.1791269405727348			
MIR3140_5P	0.17911451059796565			
GO_POSITIVE_REGULATION_OF_MEMBRANE_POTENTIAL	0.1791084427038455			
GO_GLUTAMATE_BIOSYNTHETIC_PROCESS	0.17908655212899866			
GSE45365_BCELL_VS_CD8_TCELL_UP	0.1790807447469781			
GO_REGULATION_OF_NK_T_CELL_ACTIVATION	0.17907826844078475			
GO_L_SERINE_METABOLIC_PROCESS	0.1790660600883816			
GO_NEGATIVE_REGULATION_OF_MUSCLE_CELL_APOPTOTIC_PROCESS	0.17904871657238758			
GO_SECONDARY_PALATE_DEVELOPMENT	0.1790369119111004			
MIR1539	0.17901828160170924			
KEGG_SELENOAMINO_ACID_METABOLISM	0.17901152466621587			
MIR6720_5P	0.1790101916747977			
ZHAN_MULTIPLE_MYELOMA_MF_DN	0.17899546764087435			
GO_VOLTAGE_GATED_CHLORIDE_CHANNEL_ACTIVITY	0.1789923664787797			
GO_GLUCOSAMINE_CONTAINING_COMPOUND_CATABOLIC_PROCESS	0.1789880809921673			
GO_VOLTAGE_GATED_POTASSIUM_CHANNEL_ACTIVITY_INVOLVED_IN_VENTRICULAR_CARDIAC_MUSCLE_CELL_ACTION_POTENTIAL_REPOLARIZATION	0.1789861915421305			
GO_POSTSYNAPTIC_ENDOCYTIC_ZONE	0.1789413446211887			
KIM_ALL_DISORDERS_OLIGODENDROCYTE_NUMBER_CORR_DN	0.17892872683086647			
REACTOME_JNK_C_JUN_KINASES_PHOSPHORYLATION_AND_ACTIVATION_MEDIATED_BY_ACTIVATED_HUMAN_TAK1	0.1789280051299947			
ZWANG_EGF_INTERVAL_UP	0.17891179080328926			
GO_CCR2_CHEMOKINE_RECEPTOR_BINDING	0.17890740740980807			
GO_POST_EMBRYONIC_CAMERA_TYPE_EYE_DEVELOPMENT	0.17890132268014972			
GSE21670_STAT3_KO_VS_WT_CD4_TCELL_TGFB_TREATED_DN	0.17889749842871627			
GO_PYRIDINE_CONTAINING_COMPOUND_METABOLIC_PROCESS	0.17889149610624677			
MIR155_3P	0.17888715067696453			
LOPES_METHYLATED_IN_COLON_CANCER_DN	0.17886484729656751			
GO_NEURAL_RETINA_DEVELOPMENT	0.17886192477065874			
GSE32986_CURDLAN_LOWDOSE_VS_GMCSF_AND_CURDLAN_LOWDOSE_STIM_DC_UP	0.17884543590545107			
GO_POSITIVE_REGULATION_OF_MITOCHONDRIAL_TRANSLATION	0.17879680623521607			
MIR448	0.17879344594860866			
MIR134_3P	0.17875064499913307			
MIR6796_3P	0.17872076089463385			
MIR4520_3P	0.17871534267921074			
MIR4645_3P	0.17871261086932572			
GO_REGULATION_OF_ORGAN_GROWTH	0.1787061360176427			
FIGUEROA_AML_METHYLATION_CLUSTER_6_UP	0.1786930736615071			
GSE21033_3H_VS_24H_POLYIC_STIM_DC_DN	0.17868203462770696			
chr15q21	0.1786753843639565			
MIR10395_3P	0.17866614596917418			
MIR4540	0.17864960680953512			
GSE23502_BM_VS_COLON_TUMOR_HDC_KO_MYELOID_DERIVED_SUPPRESSOR_CELL_UP	0.17864119014554994			
SENGUPTA_NASOPHARYNGEAL_CARCINOMA_UP	0.17863097441998693			
SU_LIVER	0.17860148299024667			
chr3q26	0.17859706345463025			
GO_POSITIVE_REGULATION_OF_VASCULAR_ASSOCIATED_SMOOTH_MUSCLE_CELL_APOPTOTIC_PROCESS	0.17857695055806957			
MIR24_3P	0.17856965528275873			
GO_MODULATION_BY_SYMBIONT_OF_HOST_AUTOPHAGY	0.17856115274180182			
GSE41867_NAIVE_VS_DAY15_LCMV_CONE13_EFFECTOR_CD8_TCELL_UP	0.1785518559078339			
IPA_HR_UP	0.1785392806773128			
REACTOME_HEME_BIOSYNTHESIS	0.17852362305499883			
REACTOME_SIGNALING_BY_WNT	0.17850691833804333			
GSE13173_UNTREATED_VS_IL12_TREATED_ACT_CD8_TCELL_UP	0.17850515574732048			
GO_POSITIVE_REGULATION_OF_MEIOTIC_CELL_CYCLE	0.17849211999534328			
GO_CILIUM_ORGANIZATION	0.1784894007348361			
GO_SALIVA_SECRETION	0.17846072123645026			
GO_ZINC_ION_IMPORT_ACROSS_PLASMA_MEMBRANE	0.17845938947599718			
GO_NUCLEAR_ENVELOPE	0.17845368478081974			
GO_NAADP_SENSITIVE_CALCIUM_RELEASE_CHANNEL_ACTIVITY	0.1784525535003459			
IPA_ZBTB7A_DN	0.17841449086967326			
DIAZ_CHRONIC_MEYLOGENOUS_LEUKEMIA_UP	0.17837928324397787			
GO_POSITIVE_REGULATION_OF_UTERINE_SMOOTH_MUSCLE_CONTRACTION	0.17836589568468217			
chr12q23	0.178352698558939			
GSE9006_1MONTH_VS_4MONTH_POST_TYPE_1_DIABETES_DX_PBMC_DN	0.17829896684750263			
GO_SYNAPTIC_VESICLE_UNCOATING	0.17828162000329004			
REACTOME_PI3K_AKT_SIGNALING_IN_CANCER	0.17826416341647597			
GO_POSITIVE_REGULATION_OF_MACROPHAGE_CYTOKINE_PRODUCTION	0.17825760119977774			
ASTIER_INTEGRIN_SIGNALING	0.17824895134139077			
REACTOME_PHENYLALANINE_AND_TYROSINE_METABOLISM	0.17823802276001532			
MIR4763_5P	0.17823272827216965			
GO_TRNA_5_LEADER_REMOVAL	0.1782325890479711			
GO_MULTICELLULAR_ORGANISMAL_IRON_ION_HOMEOSTASIS	0.17821736486570877			
GO_DISTAL_TUBULE_DEVELOPMENT	0.17821091913169726			
GO_RADIAL_GLIAL_CELL_DIFFERENTIATION	0.17818623891934127			
KEGG_TRYPTOPHAN_METABOLISM	0.17818067102078844			
GO_HEXOKINASE_ACTIVITY	0.17814763955351381			
GO_ATRIAL_SEPTUM_PRIMUM_MORPHOGENESIS	0.17814342490842153			
EVI1_04	0.17812920205351673			
IPA_HDAC10_DN	0.17812149775747202			
IPA_MLXIP_UP	0.17812149775747202			
CARDOSO_RESPONSE_TO_GAMMA_RADIATION_AND_3AB	0.1781068526322943			
BHATTACHARYA_EMBRYONIC_STEM_CELL	0.17809011513777814			
REACTOME_VITAMINS	0.17805830963024158			
MIR331_5P	0.17805700442635178			
GO_DIVALENT_INORGANIC_ANION_HOMEOSTASIS	0.17804153206195678			
GSE17721_CTRL_VS_PAM3CSK4_1H_BMDC_DN	0.17802351070545414			
ABE_VEGFA_TARGETS	0.17801931328701073			
MIR660_3P	0.17801898573480054			
GO_PHOSPHATIDYLCHOLINE_STEROL_O_ACYLTRANSFERASE_ACTIVATOR_ACTIVITY	0.17801553036251927			
CAFFAREL_RESPONSE_TO_THC_24HR_5_UP	0.17800558162934282			
REACTOME_OTHER_SEMAPHORIN_INTERACTIONS	0.1779849375918833			
REACTOME_FGFR2_LIGAND_BINDING_AND_ACTIVATION	0.17797302254238043			
GO_PYRIMIDINE_RIBONUCLEOTIDE_METABOLIC_PROCESS	0.17796837705082746			
GO_PHOSPHOPROTEIN_PHOSPHATASE_ACTIVITY	0.17795627891993973			
GO_SUBSTANTIA_NIGRA_DEVELOPMENT	0.1779500432162903			
GO_POSITIVE_REGULATION_OF_TRANSCRIPTION_FROM_RNA_POLYMERASE_II_PROMOTER_INVOLVED_IN_CELLULAR_RESPONSE_TO_CHEMICAL_STIMULUS	0.17793791991756333			
GO_HARD_PALATE_DEVELOPMENT	0.17792951842095567			
GSE21927_UNTREATED_VS_GMCSF_IL6_TREATED_BONE_MARROW_UP	0.17789916935264719			
SMID_BREAST_CANCER_RELAPSE_IN_LIVER_UP	0.17789421240462644			
WALLACE_JAK2_TARGETS_UP	0.17787906809984244			
GO_PIGMENT_CELL_DIFFERENTIATION	0.17787775075216508			
SILIGAN_BOUND_BY_EWS_FLT1_FUSION	0.1778419677252827			
GO_ALPHA_1_3_FUCOSYLTRANSFERASE_ACTIVITY	0.17782884949872693			
VEGF_A_UP.V1_UP	0.1778241595242169			
IPA_RXRB_DN	0.17780018668591727			
GSE19825_CD24LOW_VS_IL2RA_HIGH_DAY3_EFF_CD8_TCELL_DN	0.17779627720862612			
GO_NEGATIVE_REGULATION_OF_GLIOGENESIS	0.1777925713484599			
GO_PEPTIDYL_THREONINE_MODIFICATION	0.1777871067604954			
ALK_DN.V1_DN	0.17777763041038552			
ATM_DN.V1_UP	0.1777640048031485			
GSE46606_UNSTIM_VS_CD40L_IL2_IL5_1DAY_STIMULATED_IRF4_KO_BCELL_DN	0.17775242381820805			
GO_NODAL_SIGNALING_PATHWAY	0.17774388341648223			
ZNF528_TARGET_GENES	0.17774182338838868			
GSE15330_LYMPHOID_MULTIPOTENT_VS_PRO_BCELL_UP	0.17773970970746367			
KRAS.50_UP.V1_UP	0.1777320376287019			
MIR141_5P	0.17773006500446648			
GO_REGULATION_OF_SKELETAL_MUSCLE_ADAPTATION	0.17772892780920702			
IPA_MSX2_UP	0.1777084558961438			
GO_NEURON_INTRINSIC_APOPTOTIC_SIGNALING_PATHWAY_IN_RESPONSE_TO_OXIDATIVE_STRESS	0.1776643566952473			
GO_REGULATION_OF_FEAR_RESPONSE	0.1776614642903094			
GO_EXTRACELLULAR_MATRIX_STRUCTURAL_CONSTITUENT_CONFERRING_COMPRESSION_RESISTANCE	0.17766030428666593			
REACTOME_SIGNALING_BY_HEDGEHOG	0.17755991282800299			
GO_HEART_FIELD_SPECIFICATION	0.1775588930865105			
JAK2_DN.V1_UP	0.17751102087702308			
GO_INTRACILIARY_TRANSPORT_PARTICLE	0.17748229946477295			
GO_REGULATION_OF_CHOLESTEROL_ESTERIFICATION	0.1774806272428376			
GO_CGMP_MEDIATED_SIGNALING	0.17747721088729504			
IKEDA_MIR1_TARGETS_DN	0.1774731747442243			
GO_POSITIVE_REGULATION_OF_LYASE_ACTIVITY	0.17746978273111105			
GO_POSITIVE_REGULATION_OF_PROTEIN_LOCALIZATION_TO_SYNAPSE	0.17746446082887277			
SHARMA_PILOCYTIC_ASTROCYTOMA_LOCATION_UP	0.177457940619314			
MIR517A_3P_MIR517B_3P_MIR517C_3P	0.17745440522377115			
MIR589_3P	0.17744271986709842			
GSE5589_LPS_AND_IL10_VS_LPS_AND_IL6_STIM_IL10_KO_MACROPHAGE_45MIN_DN	0.1774225089846894			
STARK_PREFRONTAL_CORTEX_22Q11_DELETION_DN	0.1774205468885362			
MIR7153_3P	0.17741667021013544			
GO_MITOTIC_SPINDLE_ASSEMBLY	0.17740776389241705			
KEGG_TGF_BETA_SIGNALING_PATHWAY	0.17740190197877198			
chr2q23	0.17739510576046916			
GSE6875_TCONV_VS_TREG_DN	0.1773804982369231			
MIR1287_3P	0.17737036033908687			
GO_NATRIURETIC_PEPTIDE_RECEPTOR_ACTIVITY	0.17737024670275417			
GSE21678_WT_VS_FOXO1_FOXO3_KO_TREG_UP	0.17735328191770597			
REACTOME_SIGNALING_BY_FGFR2_IIIA_TM	0.17734256118518707			
NGFIC_01	0.17731418716424072			
GSE26488_WT_VS_VP16_TRANSGENIC_HDAC7_KO_DOUBLE_POSITIVE_THYMOCYTE_UP	0.1772969406643202			
GSE360_L_MAJOR_VS_T_GONDII_DC_DN	0.17729403085661916			
GO_NEGATIVE_REGULATION_OF_CELL_VOLUME	0.17728174759004317			
MIR4673	0.1772459558637077			
REACTOME_REGULATION_OF_TLR_BY_ENDOGENOUS_LIGAND	0.17724522178315316			
REACTOME_COENZYME_A_BIOSYNTHESIS	0.177191828498646			
GSE8921_UNSTIM_VS_TLR1_2_STIM_MONOCYTE_6H_UP	0.17717118199490683			
MIR6715A_3P	0.1771676443420999			
VALK_AML_CLUSTER_13	0.1771298660646531			
MIR1273H_3P	0.17711539413583438			
GSE16450_CTRL_VS_IFNA_6H_STIM_MATURE_NEURON_CELL_LINE_UP	0.17709813053436113			
MIR5089_3P	0.17708906006213176			
GO_NEGATIVE_REGULATION_OF_PROTEOLYSIS_INVOLVED_IN_CELLULAR_PROTEIN_CATABOLIC_PROCESS	0.17705994132274722			
MIR6516_5P	0.17705725932000335			
MIR4793_3P	0.17704554832029787			
GO_PLANAR_CELL_POLARITY_PATHWAY_INVOLVED_IN_AXIS_ELONGATION	0.17702031863202267			
GO_CHOLINE_TRANSPORT	0.17701816277566945			
GO_G_PROTEIN_COUPLED_RECEPTOR_SIGNALING_PATHWAY_COUPLED_TO_CYCLIC_NUCLEOTIDE_SECOND_MESSENGER	0.1770082101842986			
GSE3982_EOSINOPHIL_VS_TH2_DN	0.17700324736002068			
GO_NERVOUS_SYSTEM_PROCESS_INVOLVED_IN_REGULATION_OF_SYSTEMIC_ARTERIAL_BLOOD_PRESSURE	0.17699140164483051			
KDM1B_TARGET_GENES	0.17698782687541884			
GO_EXIT_FROM_MITOSIS	0.17694819560933667			
GSE19941_LPS_VS_LPS_AND_IL10_STIM_IL10_KO_MACROPHAGE_DN	0.17694676067678036			
MIR6718_5P	0.1769043712748256			
GSE43863_NAIVE_VS_MEMORY_LY6C_INT_CXCR5POS_CD4_TCELL_D150_LCMV_DN	0.17690159029081604			
GO_RESPONSE_TO_FOOD	0.1768988989970422			
GO_REGULATION_OF_PROTEIN_FOLDING	0.17689516300157943			
BROWNE_HCMV_INFECTION_16HR_UP	0.17683241961728172			
GSE3982_EFF_MEMORY_CD4_TCELL_VS_TH1_UP	0.17682108448744907			
GSE36826_WT_VS_IL1R_KO_SKIN_UP	0.17681386189240852			
GO_NEGATIVE_REGULATION_OF_DNA_BINDING	0.17679179271204046			
GO_ORGANIC_ACID_TRANSMEMBRANE_TRANSPORT	0.17677440906678082			
MIR651_5P	0.17673783811107388			
GO_LUTEOLYSIS	0.17673460959690246			
GO_REGULATION_OF_CENTRIOLE_REPLICATION	0.1767254322427074			
chr9p12	0.17672235055311758			
MIR203A_3P	0.17671743385148636			
MIR10396A_5P	0.1767162471639995			
GSE32423_CTRL_VS_IL7_MEMORY_CD8_TCELL_DN	0.1767125248285772			
GSE9960_GRAM_NEG_VS_GRAM_NEG_AND_POS_SEPSIS_PBMC_UP	0.176711378194728			
GO_REGULATION_OF_CARDIAC_MUSCLE_TISSUE_REGENERATION	0.17669479129363405			
MIR374C_3P	0.17667472446216123			
GO_DERMATAN_SULFATE_PROTEOGLYCAN_METABOLIC_PROCESS	0.17663802277596444			
GO_DYNEIN_LIGHT_INTERMEDIATE_CHAIN_BINDING	0.17663499291037238			
GO_POSITIVE_REGULATION_OF_ESTABLISHMENT_OF_PROTEIN_LOCALIZATION_TO_MITOCHONDRION	0.17663450237396516			
GSE11961_UNSTIM_VS_ANTI_IGM_AND_CD40_STIM_6H_FOLLICULAR_BCELL_UP	0.17663060921708507			
RGAANNTTC_HSF1_01	0.17662336178714585			
GO_NUCLEOSIDE_DIPHOSPHATE_KINASE_ACTIVITY	0.17661772453257552			
REACTOME_RHO_GTPASE_CYCLE	0.17655054378533966			
SA_PROGRAMMED_CELL_DEATH	0.17654307049482004			
GO_PROSTANOID_RECEPTOR_ACTIVITY	0.1765293868541006			
MIR1910_5P	0.1764964195628854			
GO_NAD_METABOLIC_PROCESS	0.17648104513399548			
MCM2_TARGET_GENES	0.1764611573676868			
GO_AXONAL_TRANSPORT_OF_MITOCHONDRION	0.1764485169156697			
GO_PHOSPHATASE_REGULATOR_ACTIVITY	0.1764468683010485			
GO_NEGATIVE_REGULATION_OF_INTERLEUKIN_8_BIOSYNTHETIC_PROCESS	0.17643086932342975			
IPA_RNF2_DN	0.17642226666402513			
GO_REGULATION_OF_POSTSYNAPTIC_MEMBRANE_ORGANIZATION	0.17641793644650783			
GO_REGULATION_OF_CELL_PROJECTION_SIZE	0.17641121553229058			
REACTOME_SIGNALING_BY_FGFR1	0.17638248958466907			
GO_RETINA_HOMEOSTASIS	0.17638242851076685			
GO_SPINDLE_MIDZONE	0.1763812595443996			
GO_REGULATION_OF_PEROXISOME_PROLIFERATOR_ACTIVATED_RECEPTOR_SIGNALING_PATHWAY	0.176374318214511			
GO_MICROTUBULE_CYTOSKELETON_ORGANIZATION	0.17637017086571163			
GO_OXIDATIVE_RNA_DEMETHYLATION	0.17635735920546794			
GO_OXIDATIVE_RNA_DEMETHYLASE_ACTIVITY	0.17635735920546794			
GSE17721_4_VS_24H_CPG_BMDC_DN	0.17634194684436577			
GSE26343_WT_VS_NFAT5_KO_MACROPHAGE_LPS_STIM_DN	0.17632916930757547			
GO_INTRINSIC_COMPONENT_OF_ORGANELLE_MEMBRANE	0.1763079151089615			
GO_BICARBONATE_TRANSPORT	0.17629428058036498			
AGGAAGC_MIR5163P	0.17629125356487457			
GSE13493_DP_VS_CD4INTCD8POS_THYMOCYTE_UP	0.17628573203161496			
MIR4741	0.17627412289516836			
TGAGATT_MIR216	0.17627387663669808			
GO_ODONTOBLAST_DIFFERENTIATION	0.17627353147064972			
REACTOME_SIGNALING_BY_PDGFRA_TRANSMEMBRANE_JUXTAMEMBRANE_AND_KINASE_DOMAIN_MUTANTS	0.1762660072547387			
GO_NEGATIVE_REGULATION_OF_CHOLESTEROL_EFFLUX	0.17623586753027384			
GO_POSITIVE_REGULATION_OF_SODIUM_ION_TRANSMEMBRANE_TRANSPORTER_ACTIVITY	0.17621366141487713			
GO_NUCLEAR_TRANSCRIBED_MRNA_CATABOLIC_PROCESS_DEADENYLATION_INDEPENDENT_DECAY	0.17619745062249317			
GO_POSITIVE_REGULATION_OF_LAMELLIPODIUM_ORGANIZATION	0.1761940773296339			
MIR5193	0.1761863170769483			
AACTGAC_MIR223	0.17613548788910896			
MIR623	0.17612816872226858			
GO_POST_EMBRYONIC_DEVELOPMENT	0.17612186343704364			
MIR6873_5P	0.17611607285368594			
GO_REGULATION_OF_CARDIAC_MUSCLE_CELL_DIFFERENTIATION	0.17610498277604753			
REACTOME_NR1H2_AND_NR1H3_MEDIATED_SIGNALING	0.1761019348077914			
GO_REGULATION_OF_PROTEIN_LOCALIZATION_TO_CELL_SURFACE	0.176093561134098			
GO_POSITIVE_REGULATION_OF_G1_S_TRANSITION_OF_MITOTIC_CELL_CYCLE	0.17607530645161584			
MIR5587_5P	0.17606821825674765			
IPA_SKI_DN	0.17605567139825842			
chr6q25	0.1760395632800672			
NFKB_Q6	0.17600164678891586			
RATTENBACHER_BOUND_BY_CELF1	0.1760009947271553			
GO_TRANSFERASE_ACTIVITY_TRANSFERRING_ALKYL_OR_ARYL_OTHER_THAN_METHYL_GROUPS	0.17599327298333642			
REACTOME_ADENYLATE_CYCLASE_INHIBITORY_PATHWAY	0.17597761614298538			
MIR591	0.17597349158229803			
TAGGTCA_MIR192_MIR215	0.17597247907508587			
COMP1_01	0.1759409942202488			
GO_CELLULAR_RESPONSE_TO_EPINEPHRINE_STIMULUS	0.17593616158686146			
chr5p12	0.17593539571374417			
GO_XENOBIOTIC_DETOXIFICATION_BY_TRANSMEMBRANE_EXPORT_ACROSS_THE_PLASMA_MEMBRANE	0.1759138627750723			
GO_TAT_PROTEIN_BINDING	0.17587739458240514			
MIR4659A_5P	0.17585937560937043			
GO_INCLUSION_BODY	0.17584530062913706			
GO_GLOMERULUS_MORPHOGENESIS	0.17583961661998715			
GO_RESPONSE_TO_AMINO_ACID_STARVATION	0.17583404510473238			
KORKOLA_SEMINOMA_UP	0.17583128787665495			
GSE36476_YOUNG_VS_OLD_DONOR_MEMORY_CD4_TCELL_40H_TSST_ACT_UP	0.1757973393985536			
GO_CHYLOMICRON_ASSEMBLY	0.17579010353427946			
GO_SOLUTE_ANION_ANTIPORTER_ACTIVITY	0.1757826782373613			
GO_WATER_SOLUBLE_VITAMIN_BIOSYNTHETIC_PROCESS	0.17576987972471658			
USF_01	0.17576243592375138			
GO_CDC42_PROTEIN_SIGNAL_TRANSDUCTION	0.17574464800023124			
IPA_MYBL1_DN	0.17572799919195348			
GO_NEGATIVE_REGULATION_OF_MONOOXYGENASE_ACTIVITY	0.17572509527292268			
GSE21670_TGFB_VS_IL6_TREATED_CD4_TCELL_DN	0.17570904863859632			
MIR660_5P	0.17568908782407783			
GSE2770_UNTREATED_VS_TGFB_AND_IL12_TREATED_ACT_CD4_TCELL_48H_UP	0.1756879227231041			
MIR6798_5P	0.17567814737267579			
GO_POSITIVE_REGULATION_OF_VASCULAR_SMOOTH_MUSCLE_CELL_PROLIFERATION	0.17567596196822594			
IPA_NKX2-1_UP	0.17565069821794496			
MIR654_3P	0.17565027867081415			
GO_REGULATION_OF_GLYCOGEN_METABOLIC_PROCESS	0.17562976141941578			
GO_CHYLOMICRON_REMODELING	0.17562264487933318			
GO_CELLULAR_RESPONSE_TO_MINERALOCORTICOID_STIMULUS	0.17557794598837512			
GSE3982_MEMORY_CD4_TCELL_VS_TH2_DN	0.17557134411912864			
GO_OXO_ACID_LYASE_ACTIVITY	0.17555524173642714			
MARKEY_RB1_ACUTE_LOF_UP	0.17554672905361973			
GATA1_03	0.1755373446480393			
TTCYNRGAA_STAT5B_01	0.175534306290197			
GO_RESPONSE_TO_ACIDIC_PH	0.1755292306729019			
chr4q26	0.17551639486748058			
GO_TRANSCRIPTION_INITIATION_FROM_RNA_POLYMERASE_II_PROMOTER	0.17549818972026102			
GO_ERYTHROCYTE_MATURATION	0.17549351147532333			
chr7q21	0.17549303540011607			
IIZUKA_LIVER_CANCER_PROGRESSION_L1_G1_DN	0.17547399553216966			
DAZARD_UV_RESPONSE_CLUSTER_G6	0.17546676684262769			
GO_HIGH_DENSITY_LIPOPROTEIN_PARTICLE_BINDING	0.17544983148780474			
IPA_ESRRG_UP	0.17537688696095793			
GO_NEGATIVE_REGULATION_OF_CALCIUM_ION_DEPENDENT_EXOCYTOSIS	0.1753728519966101			
MIR548U	0.17536962841996442			
GO_POINTED_END_ACTIN_FILAMENT_CAPPING	0.17536758507349592			
GO_DICARBOXYLIC_ACID_CATABOLIC_PROCESS	0.1753603463144303			
GO_TRANSFORMING_GROWTH_FACTOR_BETA_RECEPTOR_CYTOPLASMIC_MEDIATOR_ACTIVITY	0.17532855627911514			
TONKS_TARGETS_OF_RUNX1_RUNX1T1_FUSION_ERYTHROCYTE_DN	0.17532579599534087			
GSE17721_POLYIC_VS_CPG_4H_BMDC_UP	0.17530985914247382			
YAO_TEMPORAL_RESPONSE_TO_PROGESTERONE_CLUSTER_4	0.1753035732310489			
REACTOME_HCMV_LATE_EVENTS	0.17530229043855558			
GO_POSITIVE_REGULATION_OF_INTERLEUKIN_10_SECRETION	0.1752911892240348			
GSE5503_LIVER_DC_VS_MLN_DC_ACTIVATED_ALLOGENIC_TCELL_UP	0.1752908967753103			
CHICAS_RB1_TARGETS_GROWING	0.1752704930291336			
IPA_HOXA11_UP	0.1752669595143524			
chr2p22	0.1752598009239907			
GO_REGULATION_OF_PROTEIN_HOMODIMERIZATION_ACTIVITY	0.17525941490715138			
GO_VESICLE_TETHERING_TO_GOLGI	0.17525029103591241			
REACTOME_SIGNALING_BY_INSULIN_RECEPTOR	0.17523917442702902			
GO_INTESTINE_SMOOTH_MUSCLE_CONTRACTION	0.17523063624855625			
GO_CARBOHYDRATE_HOMEOSTASIS	0.17520496675874775			
GSE41867_NAIVE_VS_DAY8_LCMV_ARMSTRONG_EFFECTOR_CD8_TCELL_UP	0.17520282553615357			
GSE37533_PPARG1_FOXP3_VS_FOXP3_TRANSDUCED_CD4_TCELL_PIOGLITAZONE_TREATED_DN	0.17516177189850088			
MIR4530	0.17515609147952105			
KEGG_HUNTINGTONS_DISEASE	0.17514290013392012			
GO_PROSTAGLANDIN_E_RECEPTOR_ACTIVITY	0.17511894061823233			
KIM_ALL_DISORDERS_DURATION_CORR_UP	0.17510970254074598			
DING_LUNG_CANCER_EXPRESSION_BY_COPY_NUMBER	0.17507630432130797			
MIR487B_5P	0.17505568799738505			
MIR380_3P	0.17501792867513197			
IPA_PARP1_DN	0.17501745045697745			
REACTOME_JOSEPHIN_DOMAIN_DUBS	0.17501340847104488			
REACTOME_SYNTHESIS_OF_PIPS_AT_THE_EARLY_ENDOSOME_MEMBRANE	0.17499781112275134			
GO_CELLULAR_RESPONSE_TO_STEROL_DEPLETION	0.17498974873242493			
REACTOME_BIOSYNTHESIS_OF_MARESIN_LIKE_SPMS	0.17496882174649228			
MIR378J	0.17496844276219276			
MIR3921	0.1749516582434258			
GO_NEGATIVE_REGULATION_OF_TUMOR_NECROSIS_FACTOR_SECRETION	0.17493511224974295			
REACTOME_PASSIVE_TRANSPORT_BY_AQUAPORINS	0.17490909053537992			
GO_POSITIVE_REGULATION_OF_FATTY_ACID_OXIDATION	0.17490650650563005			
GO_INTERFERON_RECEPTOR_ACTIVITY	0.17489886961565926			
MIR302A_5P	0.1748724085254396			
GO_POSITIVE_REGULATION_OF_PROTEIN_LOCALIZATION_TO_NUCLEUS	0.1748659910774724			
GO_REGULATION_OF_MITOCHONDRIAL_ELECTRON_TRANSPORT_NADH_TO_UBIQUINONE	0.1748470808667201			
GSE29618_PRE_VS_DAY7_FLU_VACCINE_BCELL_DN	0.17484139904967982			
GO_POSITIVE_REGULATION_OF_PEROXISOME_PROLIFERATOR_ACTIVATED_RECEPTOR_SIGNALING_PATHWAY	0.1748218255035904			
KEGG_FRUCTOSE_AND_MANNOSE_METABOLISM	0.17480603415606646			
GO_CELLULAR_AMINO_ACID_BIOSYNTHETIC_PROCESS	0.174780122533543			
IPA_GZF1_UP	0.17474365219899898			
IPA_CTCFL_UP	0.1747337951359064			
MIR3177_5P	0.174730906685759			
GO_O_ACETYLTRANSFERASE_ACTIVITY	0.17470799063467626			
TAVAZOIE_METASTASIS	0.17469326347155653			
GO_POSITIVE_REGULATION_OF_JUN_KINASE_ACTIVITY	0.17468204801791282			
MIR10399_5P	0.17467178262051353			
MIR593_5P	0.1746490734251254			
chr1p32	0.17464687410287028			
IPA_SKIL_UP	0.17459111241370426			
GO_SLEEP	0.17456966505582133			
MIR592	0.17456611280819273			
MIR4477A	0.17456102662470016			
MIR6868_3P	0.17455846318113624			
REACTOME_DEFECTIVE_CHST3_CAUSES_SEDCJD	0.17453735646701649			
GO_REGULATION_OF_MDA_5_SIGNALING_PATHWAY	0.17453341129129238			
MIR568	0.1745259385234025			
MIR4717_5P	0.17451984814965504			
CONRAD_STEM_CELL	0.17451935261837548			
REACTOME_TRANSPORT_AND_SYNTHESIS_OF_PAPS	0.17447047000351656			
IPA_SP100_UP	0.17445722168398686			
GSE39820_TGFBETA1_VS_TGFBETA3_IN_IL6_IL23A_TREATED_CD4_TCELL_DN	0.17443548974042597			
GO_REGULATION_OF_HEMATOPOIETIC_STEM_CELL_PROLIFERATION	0.1744025827246298			
BIOCARTA_SLRP_PATHWAY	0.17438476331391803			
MIR6768_3P	0.1743830041853119			
GO_C3HC4_TYPE_RING_FINGER_DOMAIN_BINDING	0.17437213741390964			
MIR4804_3P	0.17434539558328818			
GSE21546_WT_VS_ELK1_KO_ANTI_CD3_STIM_DP_THYMOCYTES_UP	0.17434271618552596			
GO_REGULATION_OF_CAMP_DEPENDENT_PROTEIN_KINASE_ACTIVITY	0.17432798859914664			
GO_OXYGEN_BINDING	0.17432109769647827			
MIR376A_3P_MIR376B_3P	0.17430830370304107			
GO_DYNEIN_LIGHT_CHAIN_BINDING	0.1743059893194519			
MIR2682_3P	0.17429599016859873			
CDC5_01	0.17428951756088268			
GO_LYSOPHOSPHATIDIC_ACID_BINDING	0.17426801408718626			
chr6q22	0.17425803467228615			
GO_LOW_DENSITY_LIPOPROTEIN_PARTICLE_REMODELING	0.17425361683300664			
chr2p21	0.1742393652368438			
GSE21063_WT_VS_NFATC1_KO_16H_ANTI_IGM_STIM_BCELL_UP	0.1742360092765943			
GO_NUCLEOSIDE_MONOPHOSPHATE_PHOSPHORYLATION	0.1742248700892418			
PASTURAL_RIZ1_TARGETS_UP	0.17422313974031983			
MIR548AW	0.17419026208267316			
GO_REGULATION_OF_BROWN_FAT_CELL_DIFFERENTIATION	0.1741632907946445			
GO_KINOCILIUM	0.17415274683213647			
IPA_HNF1A_DN	0.17411827240225053			
GO_PITUITARY_GLAND_DEVELOPMENT	0.17411121537582117			
IPA_ELF4_UP	0.17410519884879333			
GO_NEGATIVE_REGULATION_OF_LIPOPROTEIN_PARTICLE_CLEARANCE	0.17410493679273586			
IPA_HOXB8_DN	0.17406097799505968			
MIR487A_5P	0.1740381718981671			
GGCAGTG_MIR3243P	0.1739983499010363			
GSE17721_LPS_VS_GARDIQUIMOD_0.5H_BMDC_DN	0.1739943434259326			
BIOCARTA_PARKIN_PATHWAY	0.1739822939794101			
LEE_LIVER_CANCER_SURVIVAL_UP	0.17397089932970217			
GO_NEGATIVE_REGULATION_OF_STRIATED_MUSCLE_CELL_DIFFERENTIATION	0.17396719226973456			
IPA_HDAC8_UP	0.17396252176396748			
GSE22919_RESTING_VS_IL2_IL12_IL15_STIM_NK_CELL_UP	0.17395267482456975			
HOXD1_TARGET_GENES	0.17390754169900438			
GO_CHAPERONE_MEDIATED_PROTEIN_COMPLEX_ASSEMBLY	0.17389270967928802			
GO_NEGATIVE_REGULATION_OF_TRANSLATION_IN_RESPONSE_TO_STRESS	0.17387308223190714			
GSE15750_DAY6_VS_DAY10_TRAF6KO_EFF_CD8_TCELL_DN	0.1738582729835001			
MIR103A_2_5P	0.17383542261659174			
GO_PENTOSE_CATABOLIC_PROCESS	0.1738317193644619			
GO_POSITIVE_REGULATION_OF_INHIBITORY_POSTSYNAPTIC_POTENTIAL	0.17382579123477168			
GSE45365_CD8A_DC_VS_CD11B_DC_DN	0.17379172561981798			
REACTOME_GLUTAMATE_AND_GLUTAMINE_METABOLISM	0.17378490684820783			
GSE37605_NOD_VS_C57BL6_IRES_GFP_TREG_DN	0.1737502272536313			
GSE13522_CTRL_VS_T_CRUZI_Y_STRAIN_INF_SKIN_IFNG_KO_DN	0.17373783494358902			
MIR3168	0.17369204684042397			
MIR875_3P	0.17362717962916382			
MILI_PSEUDOPODIA_HAPTOTAXIS_UP	0.17361477606205625			
MIR22_5P	0.1736115807718682			
GO_POLYOL_BIOSYNTHETIC_PROCESS	0.17357739692946456			
IPA_POU2F3_DN	0.1735567504886514			
IPA_POU2F3_UP	0.1735567504886514			
IPA_RFXANK_DN	0.17354945546237213			
ZNF488_TARGET_GENES	0.17353746461959607			
GSE45365_CTRL_VS_MCMV_INFECTION_NK_CELL_UP	0.17350829891613326			
MIR6740_3P	0.17350370679782542			
GSE28237_FOLLICULAR_VS_LATE_GC_BCELL_DN	0.17349357478708768			
GO_RESPONSE_TO_PARATHYROID_HORMONE	0.173483431097241			
MIR3117_5P	0.17346787476273529			
GO_REGULATION_OF_LOCOMOTION_INVOLVED_IN_LOCOMOTORY_BEHAVIOR	0.1734624370944465			
SETLUR_PROSTATE_CANCER_TMPRSS2_ERG_FUSION_UP	0.17345621421746676			
GO_REGULATION_OF_BLOOD_VOLUME_BY_RENIN_ANGIOTENSIN	0.17344886271820203			
MIR4774_5P	0.17342304096520564			
MULLIGAN_NTF3_SIGNALING_VIA_INSR_AND_IGF1R_UP	0.17342141054865803			
GO_SIGNAL_SEQUENCE_BINDING	0.17341939213987545			
GSE1925_3H_VS_24H_IFNG_STIM_MACROPHAGE_UP	0.17341503432563377			
MIR6846_5P	0.17341325933519955			
PEDRIOLI_MIR31_TARGETS_UP	0.17341011519855035			
GO_AXONEME_ASSEMBLY	0.17340535970485513			
GSE11864_UNTREATED_VS_CSF1_IFNG_PAM3CYS_IN_MAC_DN	0.17340504066239232			
GSE22342_CD11C_HIGH_VS_LOW_DECIDUAL_MACROPHAGES_UP	0.17340025885392266			
BARRIER_CANCER_RELAPSE_NORMAL_SAMPLE_DN	0.1733833341027693			
FOXO4_02	0.1733611076551129			
RAMASWAMY_METASTASIS_UP	0.1733588973658422			
IPA_HR_DN	0.1733401083552951			
GO_GLUTAMINE_FAMILY_AMINO_ACID_BIOSYNTHETIC_PROCESS	0.17334003998707825			
NUYTTEN_EZH2_TARGETS_DN	0.17331852968532982			
GO_RESPONSE_TO_EPINEPHRINE	0.17328133466773596			
MIR1976	0.17327914270092712			
GO_ALANINE_TRANSPORT	0.17327908503757494			
GSE40274_CTRL_VS_FOXP3_AND_XBP1_TRANSDUCED_ACTIVATED_CD4_TCELL_DN	0.17327404144493955			
GO_PROTEIN_SELF_ASSOCIATION	0.17326910559418765			
GO_PYRUVATE_METABOLIC_PROCESS	0.1732477937718908			
PODAR_RESPONSE_TO_ADAPHOSTIN_DN	0.17320958273120268			
HOXA10_TARGET_GENES	0.17320902733868038			
GO_UBIQUITIN_PROTEIN_TRANSFERASE_INHIBITOR_ACTIVITY	0.1731916305147831			
GO_POSITIVE_REGULATION_OF_CAMP_DEPENDENT_PROTEIN_KINASE_ACTIVITY	0.17318343314881768			
MIR1909_5P	0.1731263426695164			
REACTOME_CATION_COUPLED_CHLORIDE_COTRANSPORTERS	0.17311598700808856			
GO_NEGATIVE_REGULATION_OF_CAMP_DEPENDENT_PROTEIN_KINASE_ACTIVITY	0.1730618437293805			
GSE1460_CD4_THYMOCYTE_VS_NAIVE_CD4_TCELL_CORD_BLOOD_UP	0.17304014454150662			
GO_STRESS_INDUCED_PREMATURE_SENESCENCE	0.17303292501037534			
GSE29615_DAY3_VS_DAY7_LAIV_FLU_VACCINE_PBMC_DN	0.1729887181515056			
GO_TRANSFERASE_ACTIVITY_TRANSFERRING_SULFUR_CONTAINING_GROUPS	0.17294578049461937			
SUNG_METASTASIS_STROMA_DN	0.17293604846952418			
GO_PROTEIN_LOCALIZATION_TO_PHAGOPHORE_ASSEMBLY_SITE	0.1729181037397695			
GO_STEROID_HORMONE_MEDIATED_SIGNALING_PATHWAY	0.17289925336472314			
VALK_AML_WITH_11Q23_REARRANGED	0.172887711820858			
GO_NEGATIVE_REGULATION_OF_VASCULAR_ENDOTHELIAL_CELL_PROLIFERATION	0.1728748183217841			
VERHAAK_AML_WITH_NPM1_MUTATED_DN	0.17287109904580789			
GO_CAMP_RESPONSE_ELEMENT_BINDING_PROTEIN_BINDING	0.17287045232113654			
GO_ACTIVATION_OF_GTPASE_ACTIVITY	0.17286742086279805			
GO_CHAPERONE_COMPLEX	0.17286477035782463			
MAYBURD_RESPONSE_TO_L663536_DN	0.1728534395425615			
GO_POSITIVE_REGULATION_OF_MITOCHONDRIAL_OUTER_MEMBRANE_PERMEABILIZATION_INVOLVED_IN_APOPTOTIC_SIGNALING_PATHWAY	0.17284418228789392			
GSE3982_CENT_MEMORY_CD4_TCELL_VS_TH1_UP	0.17283295541118124			
MATZUK_MATERNAL_EFFECT	0.17282012324068025			
GO_CADMIUM_ION_BINDING	0.17280928185072936			
KEGG_PROXIMAL_TUBULE_BICARBONATE_RECLAMATION	0.17279650981121814			
MIR569	0.17279613803042648			
ZFP3_TARGET_GENES	0.17279213391980677			
GO_ISG15_PROTEIN_CONJUGATION	0.17277889752783218			
MIR2467_3P	0.1727683513984085			
GO_TUBULIN_COMPLEX_ASSEMBLY	0.17276482091416684			
MIR6773_3P	0.1727579669177708			
REACTOME_CASPASE_MEDIATED_CLEAVAGE_OF_CYTOSKELETAL_PROTEINS	0.17270160154065206			
GSE15930_NAIVE_VS_72H_IN_VITRO_STIM_IL12_CD8_TCELL_UP	0.1726978399623914			
GO_SPHINGOSINE_N_ACYLTRANSFERASE_ACTIVITY	0.17268092576376345			
GO_MULTI_ORGANISM_REPRODUCTIVE_PROCESS	0.1726667849847396			
MIR1251_3P	0.17264863703301223			
GO_VASCULOGENESIS_INVOLVED_IN_CORONARY_VASCULAR_MORPHOGENESIS	0.17262451105785714			
MIR3927_3P	0.17260766678499517			
SUZUKI_RESPONSE_TO_TSA_AND_DECITABINE_1B	0.1725862800945603			
MIR548M	0.17257098167671536			
GO_MOLECULAR_ADAPTOR_ACTIVITY	0.1725672197317993			
BRACHAT_RESPONSE_TO_CAMPTOTHECIN_UP	0.17251282653543146			
GO_BLEB	0.1725006478556583			
BIOCARTA_IFNG_PATHWAY	0.17244666259093036			
GO_POSITIVE_REGULATION_OF_FEAR_RESPONSE	0.17244572645342499			
GO_STEROL_DESATURASE_ACTIVITY	0.17241899297876173			
REACTOME_P75NTR_REGULATES_AXONOGENESIS	0.1724181830632463			
MIKKELSEN_MCV6_ICP_WITH_H3K4ME3_AND_H3K27ME3	0.17241180775861695			
GO_POSITIVE_REGULATION_OF_LIPOPROTEIN_METABOLIC_PROCESS	0.1723998960138686			
GO_POSITIVE_REGULATION_OF_CARDIAC_MUSCLE_CELL_PROLIFERATION	0.17239297551918317			
BIOCARTA_EDG1_PATHWAY	0.1723664982517921			
GO_SEX_DETERMINATION	0.17235389624200045			
chr11q24	0.17227307394176075			
BYSTRYKH_HEMATOPOIESIS_STEM_CELL_AND_BRAIN_QTL_TRANS	0.17227218551735654			
GSE14386_UNTREATED_VS_IFNA_TREATED_ACT_PBMC_MS_PATIENT_UP	0.17225509119051924			
IPA_CEBPA_DN	0.17220528847637798			
REACTOME_CHYLOMICRON_REMODELING	0.17220302979622423			
BIOCARTA_PDGF_PATHWAY	0.17219160983461618			
GO_CYSTEINE_TYPE_ENDOPEPTIDASE_ACTIVITY	0.17218493547789246			
MIR744_3P	0.17216923427539615			
BIOCARTA_SHH_PATHWAY	0.17216801834581053			
MIR4653_5P	0.1721642986204865			
REACTOME_MAP2K_AND_MAPK_ACTIVATION	0.17215638601508051			
GO_GLYCOLIPID_BIOSYNTHETIC_PROCESS	0.17210955149128626			
MIR548AZ_5P	0.17210197212216582			
ACEVEDO_LIVER_CANCER_WITH_H3K27ME3_DN	0.17204337910467876			
GO_REGULATION_OF_MITOCHONDRIAL_GENE_EXPRESSION	0.17201379256016777			
GO_REGULATION_OF_BIOMINERALIZATION	0.1719951447415773			
GSE7460_CTRL_VS_TGFB_TREATED_ACT_TCONV_UP	0.17194131149989972			
MIR520F_5P	0.17192315578555034			
GO_GPI_ANCHOR_BINDING	0.1719002597229036			
GO_SULFATE_BINDING	0.1718824416878577			
GO_CAMP_DEPENDENT_PROTEIN_KINASE_REGULATOR_ACTIVITY	0.17183037065534765			
GSE2585_THYMIC_DC_VS_MTEC_UP	0.1718186008713938			
GO_POSITIVE_REGULATION_OF_CHEMOKINE_C_C_MOTIF_LIGAND_2_SECRETION	0.17181584683440354			
IPA_LBX1_DN	0.17172654132475765			
GO_PRIMITIVE_STREAK_FORMATION	0.17171845427926413			
IPA_TFE3_DN	0.17170674746057418			
GSE40493_BCL6_KO_VS_WT_TREG_UP	0.1716908310091164			
IPA_PAX7_DN	0.17168770097946204			
WEST_ADRENOCORTICAL_CARCINOMA_VS_ADENOMA_UP	0.17168585773745668			
GO_SOMATIC_STEM_CELL_DIVISION	0.1716498810934742			
IPA_THRA_UP	0.17164618986061106			
GO_ATP_BIOSYNTHETIC_PROCESS	0.17162639496989			
GO_KINASE_ACTIVATOR_ACTIVITY	0.17161904626922836			
MIR4646_5P	0.1716162729431518			
LU_TUMOR_ENDOTHELIAL_MARKERS_UP	0.17160593274114663			
MIR6728_5P	0.17160396237601563			
MIR708_3P	0.17159714554646824			
GO_RESCUE_OF_STALLED_RIBOSOME	0.17158664549979102			
SMIRNOV_CIRCULATING_ENDOTHELIOCYTES_IN_CANCER_DN	0.17157132720431909			
GO_UBIQUITIN_LIKE_PROTEIN_BINDING	0.17156743222043666			
MIR1285_3P	0.17154359989844428			
CHEOK_RESPONSE_TO_MERCAPTOPURINE_AND_HD_MTX_UP	0.17154196205343367			
MIR615_5P	0.1715390653761393			
GO_REGULATION_OF_ORGANIC_ACID_TRANSPORT	0.17151212444391264			
TATA_01	0.1715028604384748			
GO_ORGANIC_CATION_TRANSPORT	0.17149347151478186			
GO_REGULATION_OF_EPITHELIAL_CELL_PROLIFERATION_INVOLVED_IN_LUNG_MORPHOGENESIS	0.1714880835187325			
MIR4774_3P	0.1714840467834566			
GO_CANNABINOID_SIGNALING_PATHWAY	0.1714759555865526			
GO_HYALURONIC_ACID_BINDING	0.1714717927982896			
IPA_HNF1B_UP	0.17141693216530693			
GO_RAS_GUANYL_NUCLEOTIDE_EXCHANGE_FACTOR_ACTIVITY	0.17139835964054564			
GSE27786_LSK_VS_LIN_NEG_CELL_DN	0.17136516717455766			
GSE10273_HIGH_IL7_VS_HIGH_IL7_AND_IRF4_IN_IRF4_8_NULL_PRE_BCELL_UP	0.17132480745380732			
KORKOLA_TERATOMA_UP	0.17130397731644303			
GO_REGULATION_OF_INNER_EAR_AUDITORY_RECEPTOR_CELL_DIFFERENTIATION	0.17127720920559264			
GO_MACROPHAGE_CYTOKINE_PRODUCTION	0.17127143606070053			
GO_TRANS_GOLGI_NETWORK_TRANSPORT_VESICLE_MEMBRANE	0.17126181805624563			
chr6q23	0.17125138741431278			
MIR5586_3P	0.17123267619953667			
GO_SOLUTE_CATION_SYMPORTER_ACTIVITY	0.17123155699054288			
GO_SOLUTE_SODIUM_SYMPORTER_ACTIVITY	0.17120849066343158			
GSE19941_UNSTIM_VS_LPS_AND_IL10_STIM_IL10_KO_MACROPHAGE_UP	0.17120799061366185			
GSE20151_CTRL_VS_FUSOBACT_NUCLEATUM_NEUTROPHIL_UP	0.1711964449565004			
MIR6751_5P	0.1711893450086875			
GO_PREFOLDIN_COMPLEX	0.1711782176960272			
TCF11_01	0.17117325659143953			
GO_PROTEIN_LOCALIZATION_TO_NUCLEUS	0.17116144593708377			
GSE17721_LPS_VS_POLYIC_0.5H_BMDC_DN	0.1711480001296716			
GO_OSSIFICATION_INVOLVED_IN_BONE_REMODELING	0.17113951744417147			
MIR30D_3P	0.17113895627560965			
GO_NEGATIVE_REGULATION_OF_GLYCOLYTIC_PROCESS	0.17113872745702544			
GO_TOOTH_MINERALIZATION	0.17110929662853422			
KEGG_HEDGEHOG_SIGNALING_PATHWAY	0.1711091698843283			
CTCTATG_MIR368	0.1711056892771918			
MIR1204	0.17107539370618755			
GO_UTERUS_MORPHOGENESIS	0.1710601567418009			
GO_OXIDOREDUCTASE_ACTIVITY_ACTING_ON_PAIRED_DONORS_WITH_OXIDATION_OF_A_PAIR_OF_DONORS_RESULTING_IN_THE_REDUCTION_OF_MOLECULAR_OXYGEN_TO_TWO_MOLECULES_OF_WATER	0.1710460613335087			
SUMI_HNF4A_TARGETS	0.17101109807782255			
GO_GTPASE_ACTIVATING_PROTEIN_BINDING	0.17100849523634112			
GO_NEGATIVE_REGULATION_OF_MEIOTIC_CELL_CYCLE	0.17096442783951685			
MIR452_5P	0.17093037261001218			
IPA_TFAM_DN	0.17092320082223655			
SAMOLS_TARGETS_OF_KHSV_MIRNAS_UP	0.17086951967105024			
GO_EMBRYONIC_DIGESTIVE_TRACT_DEVELOPMENT	0.1708651204116954			
GO_ENAMEL_MINERALIZATION	0.17086237947139835			
PID_S1P_META_PATHWAY	0.1708345339650986			
GO_ESTABLISHMENT_OF_PROTEIN_LOCALIZATION_TO_ORGANELLE	0.17082837093204067			
RBM15_TARGET_GENES	0.17082174025086858			
KEGG_WNT_SIGNALING_PATHWAY	0.17079076845112826			
GO_SHORT_CHAIN_FATTY_ACID_METABOLIC_PROCESS	0.1707873843976814			
GO_LUNG_GROWTH	0.17075123980403412			
GO_NEGATIVE_REGULATION_OF_RNA_POLYMERASE_II_REGULATORY_REGION_SEQUENCE_SPECIFIC_DNA_BINDING	0.17068972102398278			
MIR1250_3P	0.17065054410801833			
GO_CAMP_DEPENDENT_PROTEIN_KINASE_INHIBITOR_ACTIVITY	0.17059928454922138			
FIGUEROA_AML_METHYLATION_CLUSTER_4_UP	0.17058700152322562			
GO_CYTOSOLIC_PROTEASOME_COMPLEX	0.1705515686955016			
GO_NEGATIVE_REGULATION_OF_GLUCONEOGENESIS	0.17054729157077236			
IPA_ARID1B_UP	0.17053908422053893			
MIR767_3P	0.17053359923986772			
REACTOME_NEGATIVE_REGULATION_OF_FGFR4_SIGNALING	0.17052404989030429			
GO_OXALATE_TRANSPORT	0.17052113551471795			
IPA_POU2F1_DN	0.17050619336951944			
MIR548T_5P	0.1704844025450031			
GO_SPERMIDINE_METABOLIC_PROCESS	0.1704826853589774			
MIR4656	0.17046438600658803			
GO_CARBONATE_DEHYDRATASE_ACTIVITY	0.17041820622721868			
IPA_DOT1L_DN	0.17041574571449886			
LET_7C_3P	0.1703837137156098			
GO_MULTI_ORGANISM_LOCALIZATION	0.1703750726030926			
GO_AMINO_ACID_TRANSMEMBRANE_TRANSPORT	0.17031949488314743			
REACTOME_CELLULAR_RESPONSE_TO_HEAT_STRESS	0.17031717712019745			
MIR5190	0.1703034165688251			
GSE16385_UNTREATED_VS_12H_IFNG_TNF_TREATED_MACROPHAGE_UP	0.17029295059882973			
GABP_B	0.17029142361129213			
GO_PYRIMIDINE_NUCLEOSIDE_BIOSYNTHETIC_PROCESS	0.1702572594398948			
IPA_HAND2_DN	0.17023361515396973			
MIR4802_3P	0.1702318750730242			
MIR3616_5P	0.17019898597718636			
GSE13887_ACT_CD4_VS_NO_TREATED_CD4_TCELL_DN	0.17010912518122587			
GO_NEGATIVE_REGULATION_OF_NITRIC_OXIDE_SYNTHASE_ACTIVITY	0.17009448492452847			
GSE3982_CTRL_VS_IGE_STIM_MAST_CELL_UP	0.17001733105019276			
MIR5002_5P	0.1699782528546209			
PAX7_TARGET_GENES	0.16997755616768395			
MIR30E_3P	0.16996811462087977			
GSE20715_WT_VS_TLR4_KO_6H_OZONE_LUNG_DN	0.16993863935077289			
MIR12128	0.16993087014407723			
MIR3160_5P	0.16991560245335993			
MIR7110_5P	0.16989934434728324			
MIR205_3P	0.16989343788492847			
GO_PEPTIDYLTRANSFERASE_ACTIVITY	0.1698719755776916			
MIR5189_5P	0.16986746682080234			
MIR30A_3P	0.16986091231530545			
GO_I_KAPPAB_PHOSPHORYLATION	0.16982910083007344			
GO_ADENYLATE_CYCLASE_INHIBITING_ADRENERGIC_RECEPTOR_SIGNALING_PATHWAY	0.16982438494822907			
GO_CELL_CYCLE_ARREST	0.16980035710219657			
GO_POSITIVE_REGULATION_OF_CYTOSOLIC_CALCIUM_ION_CONCENTRATION_INVOLVED_IN_PHOSPHOLIPASE_C_ACTIVATING_G_PROTEIN_COUPLED_SIGNALING_PATHWAY	0.16975749647126262			
GO_REGULATION_OF_PHOSPHATE_TRANSPORT	0.16973360499822424			
MIR4465	0.16972921908852642			
GSE19888_ADENOSINE_A3R_INH_VS_TCELL_MEMBRANES_ACT_MAST_CELL_DN	0.1697085189274146			
GO_NEGATIVE_REGULATION_OF_MAST_CELL_DEGRANULATION	0.16969947290224757			
MIR3137	0.1696982226644267			
MIR599	0.16969776521048374			
GO_DNA_TEMPLATED_TRANSCRIPTION_INITIATION	0.1696917119113798			
WARTERS_RESPONSE_TO_IR_SKIN	0.16968697142667258			
REACTOME_ACTIVATION_OF_THE_TFAP2_AP_2_FAMILY_OF_TRANSCRIPTION_FACTORS	0.1696686666125686			
GO_REGULATION_OF_EXCRETION	0.16965342640321399			
SEF1_C	0.16961884879671218			
GO_REGULATION_OF_VOLTAGE_GATED_CALCIUM_CHANNEL_ACTIVITY	0.16955798029741598			
GSE7218_UNSTIM_VS_ANTIGEN_STIM_THROUGH_IGG_BCELL_UP	0.16954193447888838			
MIR6715B_3P	0.16951261999751407			
GO_GDP_DISSOCIATION_INHIBITOR_ACTIVITY	0.1694497239816086			
GO_REGULATION_OF_MEMBRANE_INVAGINATION	0.1694270939343899			
GO_OTOLITH_DEVELOPMENT	0.16940892031998508			
REACTOME_BETA_OXIDATION_OF_LAUROYL_COA_TO_DECANOYL_COA_COA	0.1693757361108706			
U2AF2_TARGET_GENES	0.16935121804091915			
GO_POSITIVE_REGULATION_OF_CALCIUM_ION_TRANSMEMBRANE_TRANSPORT	0.16926521625131916			
GO_CELLULAR_HOMEOSTASIS	0.16925702705029208			
GO_INTESTINAL_HEXOSE_ABSORPTION	0.16925138099943474			
MIR3679_5P	0.16921419709819677			
GO_CARDIAC_PACEMAKER_CELL_DIFFERENTIATION	0.16918827574459278			
GO_ESTROGEN_BIOSYNTHETIC_PROCESS	0.16917926585859996			
AFP1_Q6	0.16915612723764795			
GO_REGULATION_OF_SMAD_PROTEIN_COMPLEX_ASSEMBLY	0.16915508589664638			
MIR1279	0.16914975770228205			
REACTOME_METABOLISM_OF_INGESTED_SEMET_SEC_MESEC_INTO_H2SE	0.16911064319147878			
WEBER_METHYLATED_LCP_IN_FIBROBLAST_DN	0.16911027351884494			
GO_PROXIMAL_TUBULE_DEVELOPMENT	0.1690524002580769			
GO_CELLULAR_RESPONSE_TO_CALCIUM_ION	0.1690294865206141			
MIR4537	0.16902656241833766			
IPA_DMRT1_UP	0.16899605267264542			
GSE3720_UNSTIM_VS_PMA_STIM_VD1_GAMMADELTA_TCELL_DN	0.16886553717153371			
MIR26B_5P	0.16883436382100764			
GO_HOPS_COMPLEX	0.16882933737587708			
chr4q35	0.16879742595425046			
GO_CILIUM_MOVEMENT_INVOLVED_IN_CELL_MOTILITY	0.1687950764622963			
GO_MACROPHAGE_COLONY_STIMULATING_FACTOR_SIGNALING_PATHWAY	0.16877869171808188			
GO_REGULATION_OF_VASCULAR_SMOOTH_MUSCLE_CONTRACTION	0.1687730487300602			
GO_ATPASE_ACTIVATOR_ACTIVITY	0.16874997444465348			
MIR26A_5P	0.16855608038418743			
GSE2128_CTRL_VS_MIMETOPE_NEGATIVE_SELECTION_DP_THYMOCYTE_C57BL6_DN	0.1685336086483388			
FIGUEROA_AML_METHYLATION_CLUSTER_5_UP	0.16843625447186825			
GO_ARGININE_TRANSMEMBRANE_TRANSPORT	0.16841603795862065			
GO_L_ARGININE_TRANSMEMBRANE_TRANSPORT	0.16841603795862065			
MIR4711_5P	0.16838102280240766			
IPA_NR5A1_DN	0.168378482039449			
GO_UNIPLEX_COMPLEX	0.1683735259971401			
MYF6_TARGET_GENES	0.168366129310974			
MIR1257	0.16834648333912033			
MIR4515	0.16833314098058896			
GO_NODAL_BINDING	0.16832111540742273			
MCGOWAN_RSP6_TARGETS_UP	0.1683206775154998			
GO_MALATE_METABOLIC_PROCESS	0.16831803668322964			
LMTK3_TARGET_GENES	0.16831477306097162			
GO_SULFUR_AMINO_ACID_TRANSMEMBRANE_TRANSPORTER_ACTIVITY	0.16830865414369545			
IKEDA_MIR30_TARGETS_DN	0.16828157461686738			
GO_REGULATION_OF_NEUTROPHIL_MEDIATED_CYTOTOXICITY	0.16826792095475776			
GO_NUCLEOSIDE_PHOSPHATE_CATABOLIC_PROCESS	0.16824981576601972			
BIOCARTA_PGC1A_PATHWAY	0.16824644812267556			
MCAATNNNNNGCG_UNKNOWN	0.16820453947868141			
GSE27786_LSK_VS_NEUTROPHIL_UP	0.16819970149555577			
HAHTOLA_MYCOSIS_FUNGOIDES_SKIN_UP	0.16819886177440588			
GO_CELL_AGGREGATION	0.16813776678379055			
GSE43955_TH0_VS_TGFB_IL6_TH17_ACT_CD4_TCELL_42H_DN	0.16812847675835188			
MIR892C_3P	0.1681219384052985			
IPA_SMAD5_UP	0.1681163989106143			
GO_CELLULAR_ANION_HOMEOSTASIS	0.16809042872509647			
GSE40068_CXCR5POS_BCL6POS_TFH_VS_CXCR5NEG_BCL6NEG_CD4_TCELL_DN	0.1680771337933907			
GSE2770_IL12_VS_IL4_TREATED_ACT_CD4_TCELL_6H_DN	0.16806201321172037			
IPA_TEF_DN	0.1680483779928043			
IPA_HLF_DN	0.1680483779928043			
GO_ESTROGEN_RECEPTOR_BINDING	0.16804753335526718			
AP3_Q6	0.16804571543459754			
GO_T_HELPER_2_CELL_CYTOKINE_PRODUCTION	0.16803692065682996			
GO_PROTEIN_NITROSYLATION	0.16803583020145885			
GO_ADAPTIVE_THERMOGENESIS	0.16801259540713148			
GO_METALLOCARBOXYPEPTIDASE_ACTIVITY	0.1680111181569244			
MIR136_5P	0.16800360210963936			
CEBP_01	0.1679537003300322			
GSE17721_CTRL_VS_LPS_0.5H_BMDC_UP	0.1679017565373955			
GO_G_PROTEIN_BETA_GAMMA_SUBUNIT_COMPLEX_BINDING	0.16789156265881094			
GSE18893_CTRL_VS_TNF_TREATED_TCONV_2H_DN	0.16787025341229167			
REACTOME_INCRETIN_SYNTHESIS_SECRETION_AND_INACTIVATION	0.1678298366311391			
GO_APOPTOTIC_PROCESS_INVOLVED_IN_DEVELOPMENT	0.16782751350804906			
VICENT_METASTASIS_UP	0.16781019733267358			
PID_HEDGEHOG_2PATHWAY	0.16779470960208268			
MIR1297	0.16778943540195432			
GSE360_L_DONOVANI_VS_T_GONDII_MAC_DN	0.1677447716867462			
GO_PURINE_DEOXYRIBONUCLEOTIDE_BINDING	0.16771703519708703			
GO_MORPHOGENESIS_OF_AN_ENDOTHELIUM	0.16767310531845384			
MIR6165	0.16764592640393502			
MIR4756_3P	0.16758490700829376			
GO_RECOGNITION_OF_APOPTOTIC_CELL	0.16757185388160678			
GO_CELL_PROLIFERATION_INVOLVED_IN_METANEPHROS_DEVELOPMENT	0.1675709038003586			
GO_SERINE_FAMILY_AMINO_ACID_METABOLIC_PROCESS	0.16755218594631086			
GSE30153_LUPUS_VS_HEALTHY_DONOR_BCELL_DN	0.16753398123193902			
GO_GLYCOSPHINGOLIPID_BIOSYNTHETIC_PROCESS	0.16752678087015685			
GO_POSITIVE_REGULATION_OF_INSULIN_SECRETION	0.16751552907832223			
MIR3622A_5P	0.16751090879588115			
CCAR2_TARGET_GENES	0.16749477686397657			
GO_NUCLEOBASE_CONTAINING_SMALL_MOLECULE_METABOLIC_PROCESS	0.1674699082243703			
AGCYRWTTC_UNKNOWN	0.16745312499250237			
GO_CELLULAR_RESPONSE_TO_ATP	0.16744727662402034			
MIR432_5P	0.1673224612473602			
GO_NEGATIVE_REGULATION_OF_ION_TRANSPORT	0.16731596737066426			
MIR4676_3P	0.16728986165592835			
GO_PROLINE_METABOLIC_PROCESS	0.1672495790416204			
WEIGEL_OXIDATIVE_STRESS_BY_HNE_AND_H2O2	0.16724188900850254			
GSE21927_HEALTHY_VS_TUMOROUS_BALBC_MOUSE_MONOCYTE_DN	0.16722033772118175			
HOXA3_01	0.167182618631757			
REACTOME_METABOLISM_OF_STEROIDS	0.16717616225237583			
MIR21_5P	0.16712705572403552			
GO_COMPARTMENT_PATTERN_SPECIFICATION	0.16711558895575768			
IPA_PITX3_UP	0.16707973673258933			
IPA_HOXA13_UP	0.16707973673258933			
REACTOME_ACTIVATION_OF_ANTERIOR_HOX_GENES_IN_HINDBRAIN_DEVELOPMENT_DURING_EARLY_EMBRYOGENESIS	0.1670698945594078			
MIR659_5P	0.16702465235383104			
GO_POSITIVE_REGULATION_OF_STRIATED_MUSCLE_CONTRACTION	0.16702017284087453			
GO_POSITIVE_REGULATION_OF_ADENYLATE_CYCLASE_ACTIVATING_G_PROTEIN_COUPLED_RECEPTOR_SIGNALING_PATHWAY	0.16696005893527419			
GSE37605_FOXP3_FUSION_GFP_VS_IRES_GFP_TREG_NOD_DN	0.16691747299670365			
GO_HYPEROSMOTIC_SALINITY_RESPONSE	0.16685163913809886			
GO_RESPIRATORY_GASEOUS_EXCHANGE_BY_RESPIRATORY_SYSTEM	0.1668472315481142			
MIR744_5P	0.1668243114327597			
chr5q35	0.16681033276733148			
GO_MITOCHONDRIAL_TRICARBOXYLIC_ACID_CYCLE_ENZYME_COMPLEX	0.16679706567103628			
GSE27786_LIN_NEG_VS_NKTCELL_UP	0.16677268202841952			
IPA_GTF2F2_UP	0.16673726773537467			
MIR548AY_3P	0.16672867282094814			
GO_PEPTIDE_PROTON_SYMPORTER_ACTIVITY	0.16671133326687462			
GSE37532_WT_VS_PPARG_KO_LN_TREG_DN	0.1666970391381351			
GSE6092_B_BURGDOFERI_VS_B_BURGDORFERI_AND_IFNG_STIM_ENDOTHELIAL_CELL_UP	0.16668526390447003			
GO_ADENYLYLTRANSFERASE_ACTIVITY	0.16663632262557748			
BIOCARTA_BTG2_PATHWAY	0.16660168166648498			
KORKOLA_EMBRYONAL_CARCINOMA_UP	0.16657112778107747			
GO_RECEPTOR_CLUSTERING	0.1665404670466037			
BIOCARTA_LAIR_PATHWAY	0.1665297790415858			
GO_REGULATION_OF_SEQUESTERING_OF_TRIGLYCERIDE	0.16651216027423985			
GSE26023_PHD3_KO_VS_WT_NEUTROPHIL_HYPOXIA_DN	0.16650453875601315			
GO_CELLULAR_RESPONSE_TO_UV_C	0.16648504020102886			
GO_COENZYME_TRANSMEMBRANE_TRANSPORTER_ACTIVITY	0.16645602876466353			
GSE36476_YOUNG_VS_OLD_DONOR_MEMORY_CD4_TCELL_72H_TSST_ACT_UP	0.1664320147155127			
GO_CELLULAR_TRIGLYCERIDE_HOMEOSTASIS	0.16642481970412967			
GSE29615_CTRL_VS_DAY7_LAIV_FLU_VACCINE_PBMC_DN	0.16640384489948198			
GO_COP9_SIGNALOSOME	0.16639652540165706			
GO_PROTEIN_INSERTION_INTO_MITOCHONDRIAL_MEMBRANE_INVOLVED_IN_APOPTOTIC_SIGNALING_PATHWAY	0.16639226326400794			
WHITESIDE_CISPLATIN_RESISTANCE_DN	0.16639068363107418			
GSE5589_UNSTIM_VS_45MIN_LPS_AND_IL10_STIM_MACROPHAGE_DN	0.16636861800973404			
ZHOU_PANCREATIC_BETA_CELL	0.1663674508211394			
GSE19888_CTRL_VS_A3R_INHIBITOR_TREATED_MAST_CELL_DN	0.16633371355376636			
REACTOME_SYNTHESIS_SECRETION_AND_INACTIVATION_OF_GLUCOSE_DEPENDENT_INSULINOTROPIC_POLYPEPTIDE_GIP	0.16630729263403812			
GO_NEGATIVE_REGULATION_OF_CELLULAR_RESPONSE_TO_INSULIN_STIMULUS	0.16630509416511033			
GO_TRANSCRIPTION_FACTOR_TFIIH_HOLO_COMPLEX	0.16628937509675318			
IPA_MEIS2_DN	0.16628851994572041			
GO_CELLULAR_METABOLIC_COMPOUND_SALVAGE	0.16628407741393256			
HNF3B_01	0.16625805448411152			
GSE24574_BCL6_LOW_TFH_VS_TCONV_CD4_TCELL_UP	0.16623170777474397			
GO_NEGATIVE_REGULATION_OF_BLOOD_PRESSURE	0.1661975867602869			
GO_POSITIVE_REGULATION_OF_TRANSCRIPTION_FROM_RNA_POLYMERASE_II_PROMOTER_IN_RESPONSE_TO_ENDOPLASMIC_RETICULUM_STRESS	0.1660994049494713			
MIR6851_5P	0.16606742575158576			
REACTOME_TRYPTOPHAN_CATABOLISM	0.16605802852066873			
MIR6716_5P	0.16601514412038132			
GO_FOREBRAIN_DORSAL_VENTRAL_PATTERN_FORMATION	0.16597685568730774			
GO_ENONE_REDUCTASE_ACTIVITY	0.1659764943244195			
MIR3688_3P	0.1659532137283521			
VANTVEER_BREAST_CANCER_POOR_PROGNOSIS	0.1658888685965166			
GO_MITOCHONDRIAL_TRANSPORT	0.16582443737769698			
GO_MITOCHONDRIAL_FISSION	0.1658176962996358			
MIR539_5P	0.16580060386841194			
MIR670_3P	0.16578807095912207			
GSE40274_SATB1_VS_FOXP3_AND_SATB1_TRANSDUCED_ACTIVATED_CD4_TCELL_DN	0.16578576704087203			
MIR3936	0.16570032026786394			
GO_REGULATION_OF_CDC42_PROTEIN_SIGNAL_TRANSDUCTION	0.1656403179289005			
HOSHIDA_LIVER_CANCER_LATE_RECURRENCE_DN	0.16560101285697212			
GO_DEOXYRIBONUCLEOTIDE_BINDING	0.16558677794679805			
GO_POSITIVE_REGULATION_OF_THYMOCYTE_APOPTOTIC_PROCESS	0.16556102720743815			
GSE26488_HDAC7_KO_VS_VP16_TRANSGENIC_HDAC7_KO_DOUBLE_POSITIVE_THYMOCYTE_UP	0.16554482645435684			
CALVET_IRINOTECAN_SENSITIVE_VS_REVERTED_UP	0.16552555502719013			
EPPERT_LSC_R	0.16550205685629596			
GO_SUPRAMOLECULAR_COMPLEX	0.16545220291040172			
MIR635	0.16543757653961624			
MIR210_3P	0.16540440877847734			
GSE41867_DAY6_EFFECTOR_VS_DAY30_EXHAUSTED_CD8_TCELL_LCMV_CLONE13_DN	0.16540294159253316			
REACTOME_PHENYLALANINE_METABOLISM	0.16534302805549597			
MIR6867_3P	0.1653417723686561			
chr6p11	0.1652305582240999			
GO_GLYCOSYLCERAMIDE_METABOLIC_PROCESS	0.16518066387342922			
GSE7764_IL15_TREATED_VS_CTRL_NK_CELL_24H_DN	0.1651558600295568			
IPA_HIST1H1T_DN	0.1651518610620676			
MIR2110	0.16514016983933041			
RAMJAUN_APOPTOSIS_BY_TGFB1_VIA_MAPK1_UP	0.16512399937579664			
GSE8685_IL2_STARVED_VS_IL21_ACT_IL2_STARVED_CD4_TCELL_UP	0.1650658170738332			
GO_PORE_COMPLEX_ASSEMBLY	0.16506132282743324			
IPA_ZIC1_DN	0.1650427481989298			
GO_PROXIMAL_DISTAL_PATTERN_FORMATION_INVOLVED_IN_NEPHRON_DEVELOPMENT	0.1650244387661576			
GO_PENTOSE_PHOSPHATE_SHUNT_NON_OXIDATIVE_BRANCH	0.1649608196873875			
GSE22886_NAIVE_CD4_TCELL_VS_MEMORY_TCELL_UP	0.16491889192374093			
GSE19198_CTRL_VS_IL21_TREATED_TCELL_1H_UP	0.16488737981073376			
GO_PROTEIN_HORMONE_RECEPTOR_ACTIVITY	0.16488649050449414			
GO_L_PHENYLALANINE_METABOLIC_PROCESS	0.1648489001727794			
CCTGCTG_MIR214	0.16482878163046188			
IPA_PAX2_UP	0.16481452305019398			
DUAN_PRDM5_TARGETS	0.16481275980607185			
MIR3927_5P	0.16481088865586802			
GO_REGULATION_OF_MITOCHONDRIAL_FISSION	0.16480477257901302			
GO_PHOSPHATIDYLETHANOLAMINE_BIOSYNTHETIC_PROCESS	0.16479758569669598			
REACTOME_BETA_CATENIN_PHOSPHORYLATION_CASCADE	0.16476706796343496			
GO_MONOSACCHARIDE_CATABOLIC_PROCESS	0.16473979729426055			
KEGG_NOTCH_SIGNALING_PATHWAY	0.16470640550001311			
GO_SPECTRIN	0.16469865834144873			
chr8p22	0.16468703966948534			
GSE29164_UNTREATED_VS_CD8_TCELL_TREATED_MELANOMA_DAY7_DN	0.16467997751114224			
GSE25123_CTRL_VS_ROSIGLITAZONE_STIM_PPARG_KO_MACROPHAGE_DN	0.1646448692021444			
GO_REGULATION_OF_MAST_CELL_CHEMOTAXIS	0.16458051974706586			
GO_AMMONIA_LYASE_ACTIVITY	0.16456813300529796			
MIR122_5P	0.16454193066070472			
GO_POSITIVE_REGULATION_OF_PENILE_ERECTION	0.16454192156573447			
GSE4984_UNTREATED_VS_LPS_TREATED_DC_DN	0.16447287345958175			
IPA_FGF3_DN	0.16441721684016705			
IPA_H2AFY_DN	0.16438209704116358			
REACTOME_TP53_REGULATES_TRANSCRIPTION_OF_GENES_INVOLVED_IN_G2_CELL_CYCLE_ARREST	0.1643665418718454			
MIR3158_5P	0.16436173830199918			
GO_MITOGEN_ACTIVATED_PROTEIN_KINASE_KINASE_KINASE_BINDING	0.16434874435986813			
NIKOLSKY_BREAST_CANCER_10Q22_AMPLICON	0.16430904948710587			
MIR3059_5P	0.16430168697014075			
GSE19198_6H_VS_24H_IL21_TREATED_TCELL_DN	0.1642961590590997			
BYSTRYKH_HEMATOPOIESIS_STEM_CELL_IL3RA	0.16420907401534426			
WELCSH_BRCA1_TARGETS_DN	0.1641610361439379			
GO_FLAVONE_METABOLIC_PROCESS	0.16416006136625538			
IPA_CCNT1_DN	0.16416006136625538			
GSE17721_POLYIC_VS_CPG_16H_BMDC_DN	0.1641442867579388			
GO_HEPARAN_SULFATE_PROTEOGLYCAN_BIOSYNTHETIC_PROCESS_ENZYMATIC_MODIFICATION	0.16412610222632296			
GO_REGULATION_OF_PROTEIN_AUTOUBIQUITINATION	0.16410023029787282			
GSE15330_LYMPHOID_MULTIPOTENT_VS_GRANULOCYTE_MONOCYTE_PROGENITOR_DN	0.1640809182080277			
MIR4737	0.16400719449786785			
GO_REGULATION_OF_GOLGI_ORGANIZATION	0.1639951649865541			
GO_MUSCLE_HYPERTROPHY	0.16394483080035133			
MIR1255A_MIR1255B_5P	0.16394018496311227			
GSE45365_HEALTHY_VS_MCMV_INFECTION_CD8_TCELL_IFNAR_KO_UP	0.16388567687469913			
RAY_TARGETS_OF_P210_BCR_ABL_FUSION_UP	0.16387644048719807			
GO_PRIMARY_ACTIVE_TRANSMEMBRANE_TRANSPORTER_ACTIVITY	0.16387141685619194			
IPA_ZNF302_UP	0.16384779628344956			
IPA_LRPPRC_UP	0.16384779628344956			
GO_POSITIVE_REGULATION_OF_MITOCHONDRIAL_MEMBRANE_POTENTIAL	0.16383937330736423			
GSE411_100MIN_VS_400MIN_IL6_STIM_MACROPHAGE_DN	0.16380547285699867			
TERAMOTO_OPN_TARGETS_CLUSTER_8	0.1637999481075783			
IPA_PLAGL1_UP	0.16379502579705407			
GO_CORTICOSPINAL_TRACT_MORPHOGENESIS	0.16377906557079427			
GSE6092_CTRL_VS_BORRELIA_BIRGDOFERI_INF_ENDOTHELIAL_CELL_UP	0.16372938964755607			
MIR196A_1_3P	0.16371934871340094			
IPA_NR2F2_UP	0.1636855410326874			
IPA_NFAT5_UP	0.1636095972695151			
GO_OXYGEN_HOMEOSTASIS	0.16355127826156182			
GO_POSITIVE_REGULATION_OF_MITOCHONDRIAL_FISSION	0.16353138349412968			
SHI_SPARC_TARGETS_DN	0.16349000760223287			
IPA_TCF7_DN	0.1634885213265961			
chr9q33	0.16347328454512727			
GO_CUL5_RING_UBIQUITIN_LIGASE_COMPLEX	0.16341730366712248			
IPA_IRF6_UP	0.16341500884978033			
GO_NEGATIVE_REGULATION_OF_BIOMINERALIZATION	0.16336872557217236			
GO_GLUCAGON_SECRETION	0.16335584372172368			
MIR6779_3P	0.1633430855627022			
GO_GASTRIC_ACID_SECRETION	0.1633346454069953			
MIR1206	0.1633112653810863			
GO_REGULATION_OF_GROWTH_RATE	0.16325323491808572			
GSE7509_UNSTIM_VS_FCGRIIB_STIM_DC_UP	0.16321976142976344			
HOLLEMAN_DAUNORUBICIN_B_ALL_UP	0.16321225283945717			
GO_FATTY_ACYL_COA_BIOSYNTHETIC_PROCESS	0.1631958008515074			
GO_REGULATION_OF_HEART_GROWTH	0.1630771378722391			
LIU_BREAST_CANCER	0.1630675381946011			
ACAACTT_MIR382	0.1630616927507797			
REACTOME_SIGNALING_BY_FGFR4	0.1630546604443682			
TIAN_BHLHA15_TARGETS	0.16302214387230082			
BIOCARTA_IGF1R_PATHWAY	0.16301499099522135			
GO_POSITIVE_REGULATION_OF_LIPID_CATABOLIC_PROCESS	0.16301320210363865			
GO_PRE_MRNA_INTRONIC_BINDING	0.16300713157151894			
MIR4649_5P	0.16299029673779947			
MIR215_5P	0.1629347823272889			
GO_OUTER_EAR_MORPHOGENESIS	0.1629272051746714			
MIR6890_5P	0.1628869268275985			
GO_DETECTION_OF_MECHANICAL_STIMULUS_INVOLVED_IN_SENSORY_PERCEPTION_OF_SOUND	0.1628734411758277			
GO_NEGATIVE_REGULATION_OF_SMOOTHENED_SIGNALING_PATHWAY	0.16285801452039483			
REACTOME_SYNTHESIS_OF_PC	0.16284768626330254			
GO_CELLULAR_RESPONSE_TO_STEROL	0.1628473377674828			
MIR1245B_3P	0.16278871632595035			
GO_POSITIVE_REGULATION_OF_SYNAPTIC_TRANSMISSION_GABAERGIC	0.16273608336214662			
GO_EQUILIBRIOCEPTION	0.16271633933083135			
MIR8088	0.16271426812869527			
TFIIA_Q6	0.16271112897958723			
GO_PHOSPHATE_ION_BINDING	0.16270275511174345			
GO_DIET_INDUCED_THERMOGENESIS	0.1627006734266008			
MIR375_3P	0.16267799947292105			
GO_GAMMA_AMINOBUTYRIC_ACID_METABOLIC_PROCESS	0.16266527275331807			
GO_LATE_ENDOSOME_LUMEN	0.16265115570777128			
ABE_VEGFA_TARGETS_30MIN	0.1625885954734793			
MIR7109_5P	0.16250405325977846			
FXR_Q3	0.16250331533253795			
GO_POSITIVE_REGULATION_OF_BLOOD_VESSEL_REMODELING	0.16247333147085413			
GO_LIPOPOLYSACCHARIDE_RECEPTOR_COMPLEX	0.16246571568194723			
GO_ESTABLISHMENT_OF_PROTEIN_LOCALIZATION_TO_MEMBRANE	0.1624449618236157			
GSE21063_CTRL_VS_ANTI_IGM_STIM_BCELL_NFATC1_KO_3H_DN	0.1624190481847311			
GO_LUTEINIZING_HORMONE_SECRETION	0.1623210154170503			
GSE2770_TGFB_AND_IL4_VS_IL12_TREATED_ACT_CD4_TCELL_6H_DN	0.16232007511376362			
GO_ENDOTHELIAL_CELL_MATRIX_ADHESION	0.16225135879149186			
MIR4450	0.1622036910466711			
GO_NEGATIVE_REGULATION_OF_SOMATIC_STEM_CELL_POPULATION_MAINTENANCE	0.16219943386338512			
GO_PRESYNAPTIC_CYTOSOL	0.1621972925539002			
MIR597_3P	0.16218265732641862			
GO_INNERVATION	0.16216537401107067			
WELCH_GATA1_TARGETS	0.16206540574983455			
GO_GOLGI_DISASSEMBLY	0.161985917165861			
MIR4443	0.1618279667772658			
GO_NEGATIVE_REGULATION_OF_MEIOTIC_NUCLEAR_DIVISION	0.16182370821316341			
GO_SODIUM_ION_TRANSMEMBRANE_TRANSPORTER_ACTIVITY	0.1618198340563559			
GSE7460_FOXP3_MUT_VS_WT_ACT_TCONV_DN	0.16181033210758397			
BIOCARTA_ETS_PATHWAY	0.1617605992371952			
MIR4778_3P	0.16174999448582725			
IPA_GTF2I_UP	0.16171107486586683			
ARID3B_TARGET_GENES	0.16169059474927752			
GATA1_04	0.16168463393030236			
BIOCARTA_S1P_PATHWAY	0.16159561615526472			
GARGALOVIC_RESPONSE_TO_OXIDIZED_PHOSPHOLIPIDS_CYAN_UP	0.16153419312394907			
MIR5586_5P	0.16152618487988674			
GO_ESTRADIOL_17_BETA_DEHYDROGENASE_ACTIVITY	0.1614074847357558			
GO_POSITIVE_REGULATION_OF_GRANULOCYTE_MACROPHAGE_COLONY_STIMULATING_FACTOR_PRODUCTION	0.16139027866924616			
BIOCARTA_MAPK_PATHWAY	0.1612926864988927			
GO_NEGATIVE_REGULATION_OF_TRIGLYCERIDE_BIOSYNTHETIC_PROCESS	0.16123758672369803			
MIR450B_5P	0.16118211794796913			
IPA_SRF_DN	0.16115678387234583			
GO_IMIDAZOLE_CONTAINING_COMPOUND_CATABOLIC_PROCESS	0.16115160667078512			
REACTOME_HISTIDINE_CATABOLISM	0.16115160667078512			
MIR411_5P	0.16101233963713085			
IPA_CHAF1A_DN	0.1610091463553036			
ODONNELL_METASTASIS_UP	0.16096865805250227			
GO_STEREOCILIA_COUPLING_LINK	0.16096606251823692			
GO_DENDRITIC_CELL_APOPTOTIC_PROCESS	0.16093270154357803			
GSE1460_INTRATHYMIC_T_PROGENITOR_VS_DP_THYMOCYTE_UP	0.16091835285720946			
AR_Q2	0.16085674566433417			
BIOCARTA_AKAP13_PATHWAY	0.16083354513912068			
GO_POSITIVE_REGULATION_OF_SYNAPTIC_VESICLE_CLUSTERING	0.1608253506376942			
IPA_SOX4_DN	0.1606695009240347			
GO_TRANSFORMING_GROWTH_FACTOR_BETA3_PRODUCTION	0.16063645022825956			
KEGG_NITROGEN_METABOLISM	0.16062470839684043			
MIR6768_5P	0.16058593149253322			
GO_FATTY_ACYL_COA_BINDING	0.16058358999428524			
REACTOME_NEGATIVE_REGULATION_OF_FGFR3_SIGNALING	0.16054243899803888			
GO_INTERLEUKIN_2_SECRETION	0.16044987096218874			
GO_ADP_METABOLIC_PROCESS	0.1604481348038328			
GO_ATPASE_COUPLED_ION_TRANSMEMBRANE_TRANSPORTER_ACTIVITY	0.16041225041690393			
GO_MESENCHYMAL_EPITHELIAL_CELL_SIGNALING	0.16032255460551748			
GO_NEGATIVE_REGULATION_OF_NIK_NF_KAPPAB_SIGNALING	0.16031208319774395			
GO_NEGATIVE_REGULATION_OF_PHOSPHATIDYLINOSITOL_3_KINASE_SIGNALING	0.16030490084553312			
MIR6890_3P	0.16022601536941952			
REACTOME_REGULATION_OF_GENE_EXPRESSION_IN_BETA_CELLS	0.16021874124187718			
GO_INORGANIC_ANION_EXCHANGER_ACTIVITY	0.16019717810745826			
GUTIERREZ_WALDENSTROEMS_MACROGLOBULINEMIA_1_DN	0.16015595503582009			
FOX_Q2	0.16011977486178022			
PARENT_MTOR_SIGNALING_DN	0.1599683109208009			
GO_LEUKOTRIENE_D4_METABOLIC_PROCESS	0.15990898033208178			
GO_GLUTATHIONE_HYDROLASE_ACTIVITY	0.15990898033208178			
GSE22033_WT_VS_PPARG_KO_MEF_DN	0.15988037701565422			
GSE26928_EFF_MEMORY_VS_CXCR5_POS_CD4_TCELL_DN	0.1598682269519115			
GO_REGULATION_OF_FATTY_ACID_OXIDATION	0.1598651482558204			
GO_GLYCEROL_ETHER_METABOLIC_PROCESS	0.1597911208332826			
MIR219B_5P	0.15971845502390775			
GO_FERTILIZATION	0.1597139545996237			
MIR6747_3P	0.15970919104823605			
CEBPB_01	0.1597057631216221			
GO_REGULATION_OF_EATING_BEHAVIOR	0.15961618645668943			
GO_CARNITINE_O_ACYLTRANSFERASE_ACTIVITY	0.15961366387806525			
GO_T_CELL_ANTIGEN_PROCESSING_AND_PRESENTATION	0.15960465835077153			
GO_CELLULAR_RESPONSE_TO_PH	0.15958585802463796			
HEIDENBLAD_AMPLICON_8Q24_UP	0.15957081224471362			
MIR7106_5P	0.1595478751118709			
MIR671_5P	0.15947327318463098			
GO_REGULATION_OF_PEPTIDYL_CYSTEINE_S_NITROSYLATION	0.1594612519671094			
GO_PHOSPHOLIPASE_BINDING	0.15942105834832224			
WANG_PROSTATE_CANCER_ANDROGEN_INDEPENDENT	0.15941972400665194			
GSE17721_CTRL_VS_POLYIC_2H_BMDC_DN	0.15939101276224504			
GSE5589_WT_VS_IL6_KO_LPS_AND_IL10_STIM_MACROPHAGE_180MIN_UP	0.15933132483939375			
GO_AORTA_SMOOTH_MUSCLE_TISSUE_MORPHOGENESIS	0.15929994029018762			
GO_FRUCTOSE_TRANSMEMBRANE_TRANSPORT	0.159292756980317			
TURJANSKI_MAPK11_TARGETS	0.15926982705178258			
IPA_FOXP3_UP	0.1592104493249716			
GSE12003_MIR223_KO_VS_WT_BM_PROGENITOR_8D_CULTURE_UP	0.15911368683517904			
GO_NUCLEAR_ENVELOPE_ORGANIZATION	0.15910879908327724			
REACTOME_ESTROGEN_BIOSYNTHESIS	0.1590445516069073			
GO_LARGE_RIBOSOMAL_SUBUNIT_RRNA_BINDING	0.15903878870025867			
LUCAS_HNF4A_TARGETS_DN	0.15900154480929302			
PID_P38_MKK3_6PATHWAY	0.15897840412237435			
MIR155_5P	0.15897408135226043			
PIONTEK_PKD1_TARGETS_DN	0.15890792078509416			
FOXO4_01	0.158893677122473			
MIR1537_5P	0.15889301818299809			
GO_ISOPRENOID_CATABOLIC_PROCESS	0.15884710886503725			
GO_RIBOSE_PHOSPHATE_METABOLIC_PROCESS	0.15879767413602425			
GO_CARBOHYDRATE_CATABOLIC_PROCESS	0.15876214800584418			
GSE40685_NAIVE_CD4_TCELL_VS_TREG_DN	0.15869452196760583			
GO_NEGATIVE_REGULATION_OF_CELL_GROWTH_INVOLVED_IN_CARDIAC_MUSCLE_CELL_DEVELOPMENT	0.158651660889803			
GO_POSITIVE_REGULATION_OF_VASCULAR_SMOOTH_MUSCLE_CELL_DIFFERENTIATION	0.15861076576708444			
REACTOME_NEGATIVE_REGULATION_OF_FGFR1_SIGNALING	0.15858397038156818			
REACTOME_BIOSYNTHESIS_OF_EPA_DERIVED_SPMS	0.1585568651919782			
REACTOME_MTOR_SIGNALLING	0.15851109972798094			
GO_REGULATION_OF_CHOLESTEROL_METABOLIC_PROCESS	0.1584918210108508			
MIR4771	0.15846868803209355			
NEUROG3_TARGET_GENES	0.1584524456725312			
GSE11924_TFH_VS_TH1_CD4_TCELL_DN	0.15842657490975806			
MIR4711_3P	0.15837617296471732			
CEBPDELTA_Q6	0.15835127812204483			
MZF1_01	0.15826785892565226			
REACTOME_DSCAM_INTERACTIONS	0.15824423020720046			
FIGUEROA_AML_METHYLATION_CLUSTER_7_UP	0.15818079712664837			
GO_ENDOTHELIAL_CELL_ACTIVATION	0.15817309940965768			
GSE5503_LIVER_DC_VS_PLN_DC_ACTIVATED_ALLOGENIC_TCELL_DN	0.15816597976169924			
CCAATNNSNNNGCG_UNKNOWN	0.15816477738688972			
REACTOME_SIGNALING_BY_NTRK3_TRKC	0.1581638883956657			
MIR556_3P	0.1581446215038479			
GO_OXALATE_TRANSMEMBRANE_TRANSPORTER_ACTIVITY	0.1580863484928541			
GO_GLYCEROL_TRANSPORT	0.15804448315838215			
GO_GLYCEROL_TRANSMEMBRANE_TRANSPORTER_ACTIVITY	0.15804448315838215			
GO_POSITIVE_REGULATION_OF_NON_MOTILE_CILIUM_ASSEMBLY	0.15801178138294156			
GO_MITOCHONDRIAL_DEPOLARIZATION	0.15798377441765668			
GO_REGULATION_OF_CLATHRIN_DEPENDENT_ENDOCYTOSIS	0.15793981125295378			
GO_COPULATION	0.15788743502496677			
HNF6_Q6	0.15787821829036813			
MIR8081	0.15771023114754806			
REACTOME_NEGATIVE_REGULATION_OF_FGFR2_SIGNALING	0.15768083619842493			
GO_GENITALIA_MORPHOGENESIS	0.15748130054651976			
BIOCARTA_WNT_PATHWAY	0.15744115844768353			
GO_MESENCHYMAL_STEM_CELL_MAINTENANCE_INVOLVED_IN_NEPHRON_MORPHOGENESIS	0.15738362453759985			
GO_COPII_COATED_VESICLE_CARGO_LOADING	0.15737730486628793			
ZNF19_TARGET_GENES	0.15731757366812432			
GO_QUATERNARY_AMMONIUM_GROUP_TRANSMEMBRANE_TRANSPORTER_ACTIVITY	0.1573069523688928			
GO_REGULATION_OF_GLUCAN_BIOSYNTHETIC_PROCESS	0.15725476224768342			
MIR4694_5P	0.15724922700129615			
IPA_FOXA3_UP	0.15717664963904782			
MIR1272	0.15715543113936578			
GO_ALDEHYDE_LYASE_ACTIVITY	0.15697591823971369			
GSE2706_LPS_VS_R848_AND_LPS_2H_STIM_DC_DN	0.15695257975061994			
GO_GLYCEROL_BIOSYNTHETIC_PROCESS	0.1569502673717966			
chr1p22	0.15693070277493568			
MIR5583_3P	0.1568789517008561			
NKX6_1_TARGET_GENES	0.15676807391187755			
GO_SEQUESTERING_OF_ZINC_ION	0.15667492590277884			
MIR150_3P	0.1566523674495222			
GSE27786_LIN_NEG_VS_CD4_TCELL_UP	0.15664782664434715			
REACTOME_SODIUM_COUPLED_SULPHATE_DI_AND_TRI_CARBOXYLATE_TRANSPORTERS	0.15661102134602572			
GO_RESPONSE_TO_STEROL_DEPLETION	0.15619808831458376			
REACTOME_BICARBONATE_TRANSPORTERS	0.15614920522735426			
GO_STEROID_ESTERIFICATION	0.15614204051506433			
MIR23B_5P	0.15612433968688372			
PTEN_DN.V2_DN	0.15611267079123037			
GO_NEGATIVE_REGULATION_OF_RESPONSE_TO_EXTRACELLULAR_STIMULUS	0.1561082110646957			
GO_REGULATION_OF_HISTONE_H3_K14_ACETYLATION	0.15593222183590882			
GO_NEGATIVE_REGULATION_OF_MAST_CELL_ACTIVATION_INVOLVED_IN_IMMUNE_RESPONSE	0.1559163058208427			
AAAYWAACM_HFH4_01	0.1557089266958006			
IPA_TRIM28_UP	0.15567831823997502			
GSE37416_CTRL_VS_0H_F_TULARENSIS_LVS_NEUTROPHIL_UP	0.15567433953811716			
MIR873_3P	0.15566132818859835			
GO_POSITIVE_REGULATION_OF_COLLAGEN_METABOLIC_PROCESS	0.15563343447180683			
GO_NUCLEOSIDE_MONOPHOSPHATE_KINASE_ACTIVITY	0.1556036458914935			
GO_ORGANOPHOSPHATE_CATABOLIC_PROCESS	0.15557173232091362			
GSE42021_TREG_PLN_VS_TREG_PRECURSORS_THYMUS_UP	0.15555281322339357			
GO_ACETYL_COA_BIOSYNTHETIC_PROCESS_FROM_PYRUVATE	0.15546171058869507			
GSE27786_NKCELL_VS_ERYTHROBLAST_DN	0.1554357678065933			
IPA_ELF3_UP	0.1554069093297928			
BIOCARTA_LONGEVITY_PATHWAY	0.15535523713544078			
MIR3529_5P	0.15511819270866828			
MIR132_5P	0.15510654487800618			
CROONQUIST_IL6_DEPRIVATION_UP	0.15506164374940937			
MIR5590_5P	0.15497662673566678			
BROWNE_HCMV_INFECTION_4HR_DN	0.1549584782880842			
GO_NEGATIVE_REGULATION_OF_EXECUTION_PHASE_OF_APOPTOSIS	0.1549099873256573			
ZNF677_TARGET_GENES	0.15486219273368698			
GO_CALCIUM_IMPORT_INTO_THE_MITOCHONDRION	0.15477303057310196			
GO_ANGIOTENSIN_RECEPTOR_BINDING	0.15461610439786844			
GSE7460_CTRL_VS_TGFB_TREATED_ACT_FOXP3_HET_TCONV_UP	0.15436706490031166			
GSE2770_UNTREATED_VS_ACT_CD4_TCELL_2H_DN	0.15436665762227855			
GSE21546_UNSTIM_VS_ANTI_CD3_STIM_SAP1A_KO_DP_THYMOCYTES_DN	0.15433881194195526			
GO_PROTEIN_SERINE_THREONINE_KINASE_INHIBITOR_ACTIVITY	0.1542412263564853			
GO_CALCIUM_INDEPENDENT_PHOSPHOLIPASE_A2_ACTIVITY	0.15420039785302436			
IGARASHI_ATF4_TARGETS_UP	0.15416219572171183			
WAESCH_ANAPHASE_PROMOTING_COMPLEX	0.15405972354002528			
IPA_FOXO4_DN	0.15382352527964266			
MIR548AT_3P	0.15371420574916145			
GO_POLYOL_TRANSMEMBRANE_TRANSPORTER_ACTIVITY	0.15370310876235568			
GO_COFACTOR_TRANSPORT	0.1536379000225216			
GSE25123_ROSIGLITAZONE_VS_IL4_AND_ROSIGLITAZONE_STIM_PPARG_KO_MACROPHAGE_DAY10_UP	0.15358283953027996			
GO_REGULATION_OF_GLUTAMINE_FAMILY_AMINO_ACID_METABOLIC_PROCESS	0.15337538170775533			
GO_MITOCHONDRIAL_RESPIRATORY_CHAIN_COMPLEX_IV	0.1533721934158517			
GSE22589_HIV_VS_HIV_AND_SIV_INFECTED_DC_DN	0.15327911198125435			
GSE36888_STAT5_AB_KNOCKIN_VS_WT_TCELL_IL2_TREATED_6H_DN	0.15311139948380625			
HOLLERN_ADENOMYOEPITHELIAL_BREAST_TUMOR	0.1530819097375438			
GO_REGULATION_OF_CELL_CHEMOTAXIS_TO_FIBROBLAST_GROWTH_FACTOR	0.1530586740119557			
GO_POSITIVE_REGULATION_OF_MACROPHAGE_DIFFERENTIATION	0.15294921389168176			
LOPEZ_MESOTELIOMA_SURVIVAL_TIME_DN	0.15279942315237272			
MIR578	0.15257240003612366			
GO_URETERIC_BUD_FORMATION	0.1525566303848574			
GSE43863_DAY6_EFF_VS_DAY150_MEM_TFH_CD4_TCELL_DN	0.15240445708538733			
MIR4715_3P	0.15231710615253266			
GO_SELENOCYSTEINE_INSERTION_SEQUENCE_BINDING	0.1522673779857389			
IPA_NFIB_DN	0.15221654353205247			
IPA_NFIC_DN	0.15221654353205247			
CHANGOLKAR_H2AFY_TARGETS_DN	0.15214733458469729			
KUMAR_AUTOPHAGY_NETWORK	0.1520697662038386			
MIR634	0.1519629726240531			
GO_POSITIVE_REGULATION_OF_CHOLESTEROL_ESTERIFICATION	0.15191068638177024			
GO_TERPENOID_CATABOLIC_PROCESS	0.1517803721238896			
GO_POSITIVE_REGULATION_OF_SODIUM_ION_TRANSMEMBRANE_TRANSPORT	0.15160833271465818			
GSE21546_WT_VS_SAP1A_KO_AND_ELK1_KO_DP_THYMOCYTES_DN	0.15148488641390348			
GO_RESPONSE_TO_NITROSATIVE_STRESS	0.15139656093283282			
STAT4_01	0.15111715721199878			
HNF3_Q6	0.15078446053510966			
IPA_FOXP1_DN	0.15063738559240133			
GSE41176_UNSTIM_VS_ANTI_IGM_STIM_TAK1_KO_BCELL_1H_DN	0.1506264806733258			
GO_REGULATION_OF_PEPTIDYL_SERINE_PHOSPHORYLATION_OF_STAT_PROTEIN	0.15057836486203746			
GSE25088_CTRL_VS_IL4_AND_ROSIGLITAZONE_STIM_STAT6_KO_MACROPHAGE_UP	0.15054208375998512			
GO_POSITIVE_REGULATION_OF_VOLTAGE_GATED_CALCIUM_CHANNEL_ACTIVITY	0.15048973703843418			
CERVERA_SDHB_TARGETS_1_DN	0.15048353607458723			
IPA_JDP2_UP	0.15048158318463314			
IPA_IKZF4_DN	0.15048158318463314			
GO_MICROTUBULE_MINUS_END_BINDING	0.15046828343379226			
SCHMIDT_POR_TARGETS_IN_LIMB_BUD_DN	0.15037305102778606			
IPA_ZIC3_UP	0.15025149459915665			
GO_NEGATIVE_REGULATION_OF_OSTEOCLAST_DEVELOPMENT	0.15017898772137514			
REACTOME_PROTON_COUPLED_MONOCARBOXYLATE_TRANSPORT	0.15007291205933668			
GO_NEGATIVE_REGULATION_OF_INSULIN_LIKE_GROWTH_FACTOR_RECEPTOR_SIGNALING_PATHWAY	0.14998862594815437			
BIOCARTA_SAM68_PATHWAY	0.14984106191831562			
IPA_HEY2_UP	0.1497459249095309			
GSE23505_UNTREATED_VS_4DAY_IL6_IL1_TGFB_TREATED_CD4_TCELL_DN	0.14967777864739185			
PITX2_Q2	0.14961623180047068			
GO_POSITIVE_REGULATION_OF_TRANSCRIPTION_FROM_RNA_POLYMERASE_II_PROMOTER_IN_RESPONSE_TO_OXIDATIVE_STRESS	0.14960569934183016			
GSE6259_FLT3L_INDUCED_DEC205_POS_DC_VS_CD8_TCELL_UP	0.14955937166053931			
MIR133A_3P_MIR133B	0.14949367973169517			
GO_MEMBRANE_HYPERPOLARIZATION	0.1491561484461186			
ZNF410_TARGET_GENES	0.1491516984636323			
MIR329_5P	0.1491158565506632			
RB_DN.V1_UP	0.14909113056478135			
GO_REGULATION_OF_NATURAL_KILLER_CELL_DIFFERENTIATION	0.14902544766400536			
MIR302F	0.1489611530907885			
GO_REGULATION_OF_TRANSMISSION_OF_NERVE_IMPULSE	0.14887979864254627			
IPA_SFPQ_UP	0.14886497901389567			
GO_ONE_CARBON_COMPOUND_TRANSPORT	0.14880967929486463			
MIR6848_5P	0.148777919114785			
GO_MYELOID_LEUKOCYTE_CYTOKINE_PRODUCTION	0.14874820109923134			
REACTOME_SIGNALING_BY_FGFR3_FUSIONS_IN_CANCER	0.14871120716017186			
REACTOME_DEFECTIVE_CHST14_CAUSES_EDS_MUSCULOCONTRACTURAL_TYPE	0.14866724723554775			
FOXO1_01	0.1484293278846501			
KONDO_COLON_CANCER_HCP_WITH_H3K27ME3	0.14836091083172886			
GO_1_ALKYL_2_ACETYLGLYCEROPHOSPHOCHOLINE_ESTERASE_ACTIVITY	0.14820901587323562			
AP2GAMMA_01	0.1482037438847297			
GSE360_L_MAJOR_VS_M_TUBERCULOSIS_MAC_UP	0.14806504517166136			
MIR8062	0.14801432579533796			
GO_NEGATIVE_REGULATION_OF_BONE_MINERALIZATION	0.1479965212489398			
ZHU_SKIL_TARGETS_DN	0.14782164624490862			
PID_WNT_CANONICAL_PATHWAY	0.14763727756591868			
REACTOME_GLYCEROPHOSPHOLIPID_CATABOLISM	0.14746300837120885			
MIR4700_3P	0.14724350135771047			
GO_POSITIVE_REGULATION_OF_SMOOTH_MUSCLE_CELL_DIFFERENTIATION	0.14722788742130624			
GO_POSITIVE_REGULATION_OF_SYNAPTIC_VESICLE_ENDOCYTOSIS	0.1468743272012672			
GO_ACETYL_COA_BIOSYNTHETIC_PROCESS	0.1468204109780311			
IPA_CTBP2_UP	0.14670536755627211			
IPA_FUBP1_UP	0.14655680148219052			
CALVET_IRINOTECAN_SENSITIVE_VS_REVERTED_DN	0.1465389445323649			
GO_SMALL_MOLECULE_SENSOR_ACTIVITY	0.14635500580436256			
GO_REGULATION_OF_BONE_MINERALIZATION_INVOLVED_IN_BONE_MATURATION	0.14629594891535797			
GO_REGULATION_OF_SKELETAL_MUSCLE_ACETYLCHOLINE_GATED_CHANNEL_CLUSTERING	0.14626078924429545			
FREAC3_01	0.14586794156395863			
REACTOME_BIOTIN_TRANSPORT_AND_METABOLISM	0.1457168893202636			
GO_LOCOMOTORY_EXPLORATION_BEHAVIOR	0.14567570199702043			
GCTNWTTGK_UNKNOWN	0.1451669187501183			
GO_PROTEIN_C_LINKED_GLYCOSYLATION	0.14489938655344858			
KUMAMOTO_RESPONSE_TO_NUTLIN_3A_UP	0.14465471700430407			
GO_RESPONSE_TO_OXYGEN_GLUCOSE_DEPRIVATION	0.1446228072577406			
GO_PROTEIN_LOCALIZATION_TO_PARANODE_REGION_OF_AXON	0.1442422623652976			
MIR573	0.14404654310416837			
REACTOME_ELECTRIC_TRANSMISSION_ACROSS_GAP_JUNCTIONS	0.1436930851375697			
GO_MULTIVESICULAR_BODY_LUMEN	0.14362641621198136			
MIR382_3P	0.14263648907160004			
PLASARI_TGFB1_SIGNALING_VIA_NFIC_10HR_DN	0.14186857181263873			
REACTOME_SIGNALING_BY_FGFR2	0.1415064048423643			
REACTOME_FGFR1B_LIGAND_BINDING_AND_ACTIVATION	0.14144597063318123			
REACTOME_ACTIVATED_NTRK3_SIGNALS_THROUGH_RAS	0.14122460046856433			
GO_NEGATIVE_REGULATION_OF_PEPTIDYL_CYSTEINE_S_NITROSYLATION	0.14078436116975054			
REACTOME_DEFECTIVE_CHSY1_CAUSES_TPBS	0.13992002785800048			
IPA_CHAF1B_DN	0.13921613331569105			
GSE37416_12H_VS_24H_F_TULARENSIS_LVS_NEUTROPHIL_DN	0.13803047878263502			
GO_POSITIVE_REGULATION_OF_TOLL_LIKE_RECEPTOR_4_SIGNALING_PATHWAY	0.13679784040873721			
GO_UREA_TRANSMEMBRANE_TRANSPORTER_ACTIVITY	0.13653881452848524			
GO_CARDIAC_MYOFIBRIL	0.13430425084131156			
IPA_OTP_UP	0.11734564294058249			
MIR19A_5P	-0.13203258540636914			
MIR19B_1_5P_MIR19B_2_5P	-0.13398468395237917			
RUNNE_GENDER_EFFECT_UP	-0.13749598521731662			
GSE39110_UNTREATED_VS_IL2_TREATED_CD8_TCELL_DAY3_POST_IMMUNIZATION_UP	-0.13858603664358418			
IPA_EMX2_DN	-0.13946252526502073			
STAT5A_02	-0.13996108747823147			
GSE17721_CTRL_VS_POLYIC_12H_BMDC_UP	-0.14079814852158384			
GSE2128_CTRL_VS_MIMETOPE_NEGATIVE_SELECTION_DP_THYMOCYTE_NOD_DN	-0.14155297636853298			
LEE_CALORIE_RESTRICTION_MUSCLE_DN	-0.14250270386001906			
TATA_C	-0.14259720929683542			
IPA_ZIC1_UP	-0.14300496486077752			
MIR6765_5P	-0.14303620929354605			
MIR6730_5P	-0.14358359105981106			
GSE21670_IL6_VS_TGFB_AND_IL6_TREATED_CD4_TCELL_DN	-0.14433584916492034			
MIR6734_5P	-0.14445452630412015			
CGTSACG_PAX3_B	-0.14449151271095356			
MIR3680_3P	-0.1447431388758552			
GO_AROMATIC_AMINO_ACID_TRANSPORT	-0.14482996673812445			
ZNF407_TARGET_GENES	-0.1454686699616697			
ZNF667_TARGET_GENES	-0.1454747349491097			
WENG_POR_TARGETS_GLOBAL_UP	-0.146193994221991			
MIR3960_MIR8072	-0.14774920421601334			
GO_C_X_C_CHEMOKINE_RECEPTOR_ACTIVITY	-0.1480525117977687			
DANG_REGULATED_BY_MYC_UP	-0.14821620188884307			
SNAI1_TARGET_GENES	-0.14824237701034995			
GO_RRNA_CONTAINING_RIBONUCLEOPROTEIN_COMPLEX_EXPORT_FROM_NUCLEUS	-0.14832166512629258			
MIR5006_5P	-0.14862156720136238			
GO_POSITIVE_REGULATION_OF_REGULATED_SECRETORY_PATHWAY	-0.14910286097159156			
GO_POSITIVE_REGULATION_OF_CARDIAC_MUSCLE_CELL_DIFFERENTIATION	-0.14912493814020575			
GO_THORAX_AND_ANTERIOR_ABDOMEN_DETERMINATION	-0.1493980246621514			
GO_ADENYLATE_CYCLASE_INHIBITING_SEROTONIN_RECEPTOR_SIGNALING_PATHWAY	-0.14958177936793873			
NOUZOVA_METHYLATED_IN_APL	-0.14965968858772338			
GO_PHENOTYPIC_SWITCHING	-0.14966717512933653			
GO_REGULATION_OF_PHENOTYPIC_SWITCHING	-0.14966717512933653			
GO_IRON_SULFUR_CLUSTER_ASSEMBLY	-0.14968517987101723			
IPA_SOX6_UP	-0.149837205927258			
GO_TRICARBOXYLIC_ACID_CYCLE_ENZYME_COMPLEX	-0.15006542708656923			
MIR33A_5P_MIR33B_5P	-0.1501567050332383			
GSE23308_WT_VS_MINERALCORTICOID_REC_KO_MACROPHAGE_CORTICOSTERONE_TREATED_UP	-0.15036582703394857			
GSE22601_DOUBLE_NEGATIVE_VS_CD8_SINGLE_POSITIVE_THYMOCYTE_UP	-0.15041009258291102			
REACTOME_SHC_MEDIATED_CASCADE_FGFR4	-0.1504176322660043			
GAZDA_DIAMOND_BLACKFAN_ANEMIA_PROGENITOR_DN	-0.15052777245378643			
GSE360_T_GONDII_VS_B_MALAYI_LOW_DOSE_MAC_UP	-0.15054264474175463			
MIR6747_5P	-0.1507479480988333			
MIR6895_3P	-0.15078980465470473			
GO_PURINE_CONTAINING_COMPOUND_METABOLIC_PROCESS	-0.15091691613755073			
MIR4436A	-0.15091700105580186			
IPA_SMARCA4_DN	-0.15099328790440406			
GO_MESENCHYME_MIGRATION	-0.15101149189268268			
IPA_ESRRA_DN	-0.15136141763743943			
REACTOME_SUMOYLATION_OF_TRANSCRIPTION_FACTORS	-0.1514127396706115			
BIOCARTA_PITX2_PATHWAY	-0.15158647347253926			
GCCNNNWTAAR_UNKNOWN	-0.151659594190145			
chr3p12	-0.15175376088306206			
MYLLYKANGAS_AMPLIFICATION_HOT_SPOT_13	-0.15178638876394493			
ZAMORA_NOS2_TARGETS_UP	-0.15184871502130487			
chr1p12	-0.15184900060587778			
GO_REGULATION_OF_SYNAPTIC_TRANSMISSION_GLUTAMATERGIC	-0.1520485606471552			
LOPEZ_MESOTHELIOMA_SURVIVAL_UP	-0.15216141999980515			
GO_POSITIVE_REGULATION_OF_G_PROTEIN_COUPLED_RECEPTOR_SIGNALING_PATHWAY	-0.1521988406732716			
GO_KINASE_INHIBITOR_ACTIVITY	-0.1522510190573339			
GO_RAB_GUANYL_NUCLEOTIDE_EXCHANGE_FACTOR_ACTIVITY	-0.1524651751642978			
REACTOME_REPRESSION_OF_WNT_TARGET_GENES	-0.15251275038180695			
MIR4720_5P	-0.15258850986588118			
GO_MOTOR_BEHAVIOR	-0.15262553470413653			
GSE20366_TREG_VS_NAIVE_CD4_TCELL_DEC205_CONVERSION_DN	-0.15263916950603584			
ZNF213_TARGET_GENES	-0.15273408465642938			
GSE18791_CTRL_VS_NEWCASTLE_VIRUS_DC_2H_DN	-0.15283287602737758			
GO_UREA_TRANSPORT	-0.153216114747875			
MIR6884_3P	-0.15331842943098176			
GO_PTERIDINE_CONTAINING_COMPOUND_BIOSYNTHETIC_PROCESS	-0.1533377174440716			
VISALA_RESPONSE_TO_HEAT_SHOCK_AND_AGING_UP	-0.1534862477743045			
GO_RAC_PROTEIN_SIGNAL_TRANSDUCTION	-0.15356980835579329			
GO_ARACHIDONIC_ACID_BINDING	-0.15379339370756753			
IPA_NR5A1_UP	-0.15394129328598724			
IPA_NPAS3_UP	-0.1539772010808391			
GO_SPERM_MOTILITY	-0.15405438359929433			
MEISSNER_BRAIN_HCP_WITH_H3K4ME2	-0.1541472711480378			
WGTTNNNNNAAA_UNKNOWN	-0.15429268168670096			
BAKER_HEMATOPOIESIS_STAT3_TARGETS	-0.15432420031045405			
GO_FRUCTOSE_METABOLIC_PROCESS	-0.15438553053098567			
GO_REGULATION_OF_MITOCHONDRIAL_MEMBRANE_POTENTIAL	-0.1544765484247361			
GO_REGULATION_OF_ALCOHOL_BIOSYNTHETIC_PROCESS	-0.15459917758625574			
LEE_BMP2_TARGETS_DN	-0.15470230840546442			
MIR2053	-0.15472687386740475			
MIR4650_3P	-0.15474097004487275			
MIKI_COEXPRESSED_WITH_CYP19A1	-0.15474238696296935			
IPA_BHLHE22_UP	-0.15485274153448148			
MEISSNER_NPC_ICP_WITH_H3K4ME3	-0.15490022661887448			
GO_OLFACTORY_LOBE_DEVELOPMENT	-0.15498384406145188			
GSE15330_GRANULOCYTE_MONOCYTE_PROGENITOR_VS_PRO_BCELL_UP	-0.15507602968604184			
BUCKANOVICH_T_LYMPHOCYTE_HOMING_ON_TUMOR_DN	-0.1550914582012498			
MIR6853_5P	-0.15509305298788295			
IPA_POU5F1_DN	-0.15519064486697826			
GO_REGULATION_OF_AXON_DIAMETER	-0.1552385067790971			
GSE37301_HEMATOPOIETIC_STEM_CELL_VS_MULTIPOTENT_PROGENITOR_UP	-0.15524921409409587			
GO_CENTROSOME	-0.15529575597746645			
GO_POTASSIUM_ION_IMPORT_ACROSS_PLASMA_MEMBRANE	-0.15530079355269252			
IPA_HOXC4_UP	-0.155326079009026			
GO_SINGLE_FERTILIZATION	-0.15537598635804725			
NFY_01	-0.15541710290392194			
IPA_EGR2_UP	-0.15542300337627718			
IPA_RUNX1T1_DN	-0.15545444764077046			
GO_10_FORMYLTETRAHYDROFOLATE_METABOLIC_PROCESS	-0.155497954810849			
GSE2405_0H_VS_6H_A_PHAGOCYTOPHILUM_STIM_NEUTROPHIL_UP	-0.1555655126290617			
REACTOME_SIGNALING_BY_PDGFR_IN_DISEASE	-0.15557135157808147			
REACTOME_SIGNAL_AMPLIFICATION	-0.1556609898506961			
MIR885_5P	-0.1559207074771951			
IPA_OTX2_DN	-0.15593727737233787			
IPA_DDB2_DN	-0.1560174490592236			
GATA6_01	-0.15601910580574374			
REACTOME_ERYTHROCYTES_TAKE_UP_CARBON_DIOXIDE_AND_RELEASE_OXYGEN	-0.15604654005012156			
GO_ACTIN_MONOMER_BINDING	-0.1561031151405311			
MIR6777_3P	-0.1561363152540871			
REACTOME_DNA_DAMAGE_REVERSAL	-0.15616491097168844			
GO_NADP_METABOLIC_PROCESS	-0.15619125470343623			
GO_DETOXIFICATION_OF_NITROGEN_COMPOUND	-0.15620577440957828			
IPA_ABL1_UP	-0.15620667749153175			
MIR5588_5P	-0.15621722084450457			
GO_GLUCOSE_METABOLIC_PROCESS	-0.1562243280862752			
GO_ALCOHOL_BIOSYNTHETIC_PROCESS	-0.15631620703072882			
MIR934	-0.15639034161752918			
GO_POSITIVE_REGULATION_OF_HISTONE_H4_ACETYLATION	-0.15641271234482734			
chr9q34	-0.15651806924163328			
MIR4421	-0.15657357483647977			
GFI1_01	-0.15664080422410345			
GSE42724_MEMORY_VS_B1_BCELL_UP	-0.1566599611056151			
MIR555	-0.15667512322912455			
GO_ION_TRANSMEMBRANE_TRANSPORTER_ACTIVITY_PHOSPHORYLATIVE_MECHANISM	-0.1567125714691003			
GO_ACYL_CARNITINE_TRANSMEMBRANE_TRANSPORTER_ACTIVITY	-0.15673078140400842			
GO_ACYL_CARNITINE_TRANSPORT	-0.15673078140400842			
GO_REGULATION_OF_PHOSPHOLIPASE_C_ACTIVITY	-0.15673870598627931			
GO_MICROTUBULE_CYTOSKELETON	-0.156764999828327			
KEGG_STEROID_BIOSYNTHESIS	-0.15677294425156513			
GO_NEGATIVE_REGULATION_OF_ORGANELLE_ASSEMBLY	-0.15679700362801055			
REACTOME_SHC_MEDIATED_CASCADE_FGFR3	-0.15698896387168776			
GSE360_DC_VS_MAC_L_MAJOR_UP	-0.1569982564418962			
MIR6503_3P	-0.1570830421286834			
REACTOME_CARGO_TRAFFICKING_TO_THE_PERICILIARY_MEMBRANE	-0.15712608284682375			
MIR4799_3P	-0.15721449848261346			
MIR4795_3P	-0.15735568509366943			
GO_AMINO_ACID_TRANSPORT	-0.15753884133244989			
PID_S1P_S1P4_PATHWAY	-0.1576572803703179			
PIEPOLI_LGI1_TARGETS_UP	-0.15781381464813823			
MIR7152_3P	-0.15783807112238912			
GO_HETEROCHROMATIN_ORGANIZATION	-0.1578574982971725			
MIR580_3P	-0.15795053135553871			
GAANYNYGACNY_UNKNOWN	-0.15812243636068132			
ICHIBA_GRAFT_VERSUS_HOST_DISEASE_D7_DN	-0.15818158758447742			
MIR1282	-0.15820679103106455			
GO_POSITIVE_REGULATION_OF_LIPID_STORAGE	-0.15822869368702805			
GO_OLFACTORY_BEHAVIOR	-0.15831819937607874			
GO_GLUCOSE_CATABOLIC_PROCESS	-0.1584026151046454			
IPA_BHLHE40_UP	-0.158411625637852			
EHLERS_ANEUPLOIDY_UP	-0.15841605105682074			
TCF4_Q5	-0.1584715629655693			
MIR4723_3P	-0.15847184530219632			
WANG_RESPONSE_TO_FORSKOLIN_DN	-0.1584903666125868			
GO_MONOSACCHARIDE_BIOSYNTHETIC_PROCESS	-0.1586201459747076			
GO_REGULATION_OF_OSTEOCLAST_DEVELOPMENT	-0.15865662148958598			
IPA_PCGF2_UP	-0.15870050033894184			
MIR4761_3P	-0.15870991559860043			
MIR217_3P	-0.158828524161593			
GO_SUCCINATE_METABOLIC_PROCESS	-0.15889634933429816			
GO_REGULATION_OF_INTRACELLULAR_ESTROGEN_RECEPTOR_SIGNALING_PATHWAY	-0.15890533914886024			
MIR96_3P	-0.15895608728940017			
ZIRN_TRETINOIN_RESPONSE_WT1_DN	-0.15899963972048653			
chr3q29	-0.15900863430297685			
GO_MICROTUBULE_ORGANIZING_CENTER	-0.15907283510888698			
MIR588	-0.15910553137714842			
GO_ALKALOID_METABOLIC_PROCESS	-0.1591110587750535			
GO_REGULATION_OF_NEUROTROPHIN_TRK_RECEPTOR_SIGNALING_PATHWAY	-0.15913898958800998			
MIR3116	-0.15914778980942368			
PYEON_CANCER_HEAD_AND_NECK_VS_CERVICAL_DN	-0.1592658937035752			
GO_NEGATIVE_REGULATION_OF_MEMBRANE_PERMEABILITY	-0.15933937972009626			
GSE34156_TLR1_TLR2_LIGAND_VS_NOD2_AND_TLR1_TLR2_LIGAND_6H_TREATED_MONOCYTE_UP	-0.15934665653785493			
MIR12135	-0.15938748702001385			
GSE13887_RESTING_VS_ACT_CD4_TCELL_UP	-0.15947415303727752			
KEGG_GNRH_SIGNALING_PATHWAY	-0.15948055898353888			
GO_PERICARDIUM_MORPHOGENESIS	-0.15950898903866403			
GSE16386_IL4_VS_IL4_AND_ROSIGLITAZONE_STIM_MACROPHAGE_6H_UP	-0.1595100615321375			
MIR126_5P	-0.15955287715346986			
MIR5187_3P	-0.15955862958474326			
TONKS_TARGETS_OF_RUNX1_RUNX1T1_FUSION_SUSTAINED_IN_GRANULOCYTE_DN	-0.15964538978636633			
GO_CATION_CHLORIDE_SYMPORTER_ACTIVITY	-0.15967869663064707			
GO_POSITIVE_REGULATION_OF_TRANSPORTER_ACTIVITY	-0.1597180972627518			
MIR4662A_5P	-0.1597356229522449			
HORTON_SREBF_TARGETS	-0.15974533752702894			
MIR4658	-0.15986920550999573			
GO_TRANS_SYNAPTIC_SIGNALING_BY_LIPID	-0.15990877197821898			
GSE5589_WT_VS_IL10_KO_LPS_AND_IL10_STIM_MACROPHAGE_180MIN_UP	-0.15993809987202287			
GO_RESPONSE_TO_STEROL	-0.16001388542038344			
GO_CALCIUM_ION_TRANSMEMBRANE_TRANSPORTER_ACTIVITY	-0.16009760121546943			
IPA_HOXA6_DN	-0.16017166865908214			
IPA_ZIC2_UP	-0.16019928516930967			
GO_GLUCOSIDASE_ACTIVITY	-0.16027222757132684			
MIR3187_3P	-0.16030590787874224			
MIR3183	-0.16032624990836003			
IPA_ZNF552_DN	-0.1603932076879292			
MIR101_5P	-0.16042293228621793			
chr9q22	-0.16042818639925005			
MIR5699_5P	-0.16046758964642285			
GO_REGULATION_OF_MUCUS_SECRETION	-0.16052434470493168			
GO_SODIUM_BICARBONATE_SYMPORTER_ACTIVITY	-0.16054546788873233			
REACTOME_LRR_FLII_INTERACTING_PROTEIN_1_LRRFIP1_ACTIVATES_TYPE_I_IFN_PRODUCTION	-0.16056807423695724			
GO_N_ACETYLGLUCOSAMINE_METABOLIC_PROCESS	-0.16056890833561538			
ZSCAN23_TARGET_GENES	-0.1605869753943242			
BANDRES_RESPONSE_TO_CARMUSTIN_MGMT_24HR_UP	-0.16065074296962964			
GO_POSITIVE_REGULATION_OF_CALCIUM_ION_TRANSMEMBRANE_TRANSPORTER_ACTIVITY	-0.16068038317243472			
GO_TRANSLATIONAL_READTHROUGH	-0.16070577247630202			
IPA_ZSCAN10_UP	-0.1607188238707263			
GO_PORIN_ACTIVITY	-0.16074614333398116			
GO_PEPTIDOGLYCAN_MURALYTIC_ACTIVITY	-0.16080436920925556			
GO_POLYOL_TRANSPORT	-0.16083078256495384			
GO_ANDROGEN_BIOSYNTHETIC_PROCESS	-0.16092662937407654			
GO_NUCLEOBASE_CONTAINING_SMALL_MOLECULE_BIOSYNTHETIC_PROCESS	-0.16104395162797797			
GO_BONE_MINERALIZATION_INVOLVED_IN_BONE_MATURATION	-0.16113717282477327			
GO_COA_TRANSFERASE_ACTIVITY	-0.16116605196145148			
chr7q32	-0.16118221654652176			
GO_VASCULAR_ENDOTHELIAL_GROWTH_FACTOR_BINDING	-0.1612195576567927			
REACTOME_FGFR2C_LIGAND_BINDING_AND_ACTIVATION	-0.16123726886700776			
REACTOME_ORGANIC_ANION_TRANSPORT	-0.16123986957795933			
GO_POSITIVE_REGULATION_OF_LIGASE_ACTIVITY	-0.1612430072162882			
GO_PROTEIN_INSERTION_INTO_MITOCHONDRIAL_OUTER_MEMBRANE	-0.16124433424871548			
GO_GLYCOLYTIC_PROCESS_THROUGH_FRUCTOSE_6_PHOSPHATE	-0.1612807577034068			
MIR637	-0.1613034543099051			
GO_MULTI_ORGANISM_MEMBRANE_FUSION	-0.16136555236069258			
REACTOME_SIGNALING_BY_GPCR	-0.16146267945852172			
GO_AUTOPHAGY_OF_PEROXISOME	-0.16146538332498026			
GSE17721_POLYIC_VS_GARDIQUIMOD_2H_BMDC_UP	-0.1615130697912496			
MIR496	-0.16152858668054312			
GSE41176_WT_VS_TAK1_KO_ANTI_IGM_STIM_BCELL_24H_DN	-0.16159285232062692			
GSE5589_IL6_KO_VS_IL10_KO_LPS_AND_IL6_STIM_MACROPHAGE_45MIN_UP	-0.16163367453309965			
MIR642A_5P	-0.16168926871639044			
GO_N_ACETYLNEURAMINATE_CATABOLIC_PROCESS	-0.16169219342112306			
GO_TRANSLATION_TERMINATION_FACTOR_ACTIVITY	-0.16171591030130728			
GO_LONG_CHAIN_FATTY_ACID_TRANSPORTER_ACTIVITY	-0.16172076682020917			
IPA_FOXF2_UP	-0.16172081466072005			
TAANNYSGCG_UNKNOWN	-0.16174438614299258			
MIR6864_5P	-0.1617533573067631			
REACTOME_SHC_MEDIATED_CASCADE_FGFR1	-0.16183861188057905			
ZNF169_TARGET_GENES	-0.16184899984670395			
GO_RRNA_GUANINE_METHYLTRANSFERASE_ACTIVITY	-0.16185323213611438			
GO_BLASTOCYST_GROWTH	-0.16187350347508542			
REACTOME_FGFR1C_LIGAND_BINDING_AND_ACTIVATION	-0.16191633331818958			
REACTOME_CA2_ACTIVATED_K_CHANNELS	-0.16198312391744787			
IPA_HES1_UP	-0.16200004654900432			
GO_9PLUS2_MOTILE_CILIUM	-0.16201918822910355			
GO_ZYGOTIC_DETERMINATION_OF_ANTERIOR_POSTERIOR_AXIS_EMBRYO	-0.16202594399880457			
REACTOME_RORA_ACTIVATES_GENE_EXPRESSION	-0.16204133790879965			
GO_RIBONUCLEOSIDE_TRIPHOSPHATE_BIOSYNTHETIC_PROCESS	-0.16206787625969324			
BILANGES_RAPAMYCIN_SENSITIVE_VIA_TSC1_AND_TSC2	-0.16207512686886572			
MIR6892_3P	-0.16211116388929384			
REACTOME_FRUCTOSE_CATABOLISM	-0.16214701659184153			
GSE15659_NAIVE_CD4_TCELL_VS_RESTING_TREG_DN	-0.1621762632557534			
YTAAYNGCT_UNKNOWN	-0.16219879637944298			
GO_OXOGLUTARATE_DEHYDROGENASE_COMPLEX	-0.16224111672231567			
MIR412_5P	-0.16231500795729906			
GSE27786_LIN_NEG_VS_BCELL_UP	-0.1623739550706442			
GSE3982_BASOPHIL_VS_NKCELL_DN	-0.16239136259488934			
MCCABE_HOXC6_TARGETS_UP	-0.16242955658770383			
GO_VESICLE_UNCOATING	-0.16250932892128236			
IPA_SIX1_DN	-0.16252151199005754			
GO_RIBOSE_PHOSPHATE_BIOSYNTHETIC_PROCESS	-0.16253709541549127			
MIR4701_5P	-0.16256266063497485			
BIOCARTA_GPCR_PATHWAY	-0.16258398412109604			
GSE1791_CTRL_VS_NEUROMEDINU_IN_T_CELL_LINE_12H_UP	-0.1626219016548895			
GO_REGULATION_OF_PROTEIN_DEACETYLATION	-0.16264020927718387			
GO_DIHYDROLIPOYL_DEHYDROGENASE_COMPLEX	-0.16264803207513379			
GO_GLYCOSYL_COMPOUND_BIOSYNTHETIC_PROCESS	-0.1626628227009651			
GO_INTRAMOLECULAR_OXIDOREDUCTASE_ACTIVITY_TRANSPOSING_C_C_BONDS	-0.1626944511921732			
GSE360_T_GONDII_VS_M_TUBERCULOSIS_MAC_UP	-0.16269592146864756			
IPA_EHMT2_DN	-0.16280010635216793			
POU6F1_01	-0.1628279375149597			
chr9q12	-0.1628333215370896			
GSE14000_4H_VS_16H_LPS_DC_TRANSLATED_RNA_DN	-0.16292407973633935			
GO_POSITIVE_REGULATION_OF_SENSORY_PERCEPTION_OF_PAIN	-0.1629311893398919			
IPA_HLTF_UP	-0.1629461173465323			
TET1_Splice_Variant_VP_DE456_TARGET_GENES	-0.16298948646056022			
GO_NEGATIVE_REGULATION_OF_T_HELPER_17_TYPE_IMMUNE_RESPONSE	-0.1629950775936066			
GR_Q6	-0.16300071115325362			
ZNF8_TARGET_GENES	-0.16302706259953126			
MIR7973	-0.16309902652367414			
THILLAINADESAN_ZNF217_TARGETS_DN	-0.16313237394660796			
GO_O_PALMITOYLTRANSFERASE_ACTIVITY	-0.16313829207632813			
GSE22432_MULTIPOTENT_VS_COMMON_DC_PROGENITOR_UNTREATED_UP	-0.16319888884022515			
MIR192_5P	-0.16323523325133052			
GO_SKELETAL_MUSCLE_ADAPTATION	-0.1632537142798949			
PIGF_UP.V1_DN	-0.16327442834945977			
GO_OVULATION_FROM_OVARIAN_FOLLICLE	-0.16328222581690993			
GO_ORGANOPHOSPHATE_ESTER_TRANSMEMBRANE_TRANSPORTER_ACTIVITY	-0.16334262281937598			
GO_PURINE_CONTAINING_COMPOUND_BIOSYNTHETIC_PROCESS	-0.16335419876426502			
NAKAMURA_BRONCHIAL_AND_BRONCHIOLAR_EPITHELIA	-0.16336787846202006			
GSE369_SOCS3_KO_VS_WT_LIVER_UP	-0.16338347854013505			
GO_REGULATION_OF_ADIPOSE_TISSUE_DEVELOPMENT	-0.1634065475306713			
GSE5589_IL6_KO_VS_IL10_KO_LPS_STIM_MACROPHAGE_45MIN_UP	-0.1634266333461258			
GO_COENZYME_TRANSPORT	-0.16349691256034266			
GARGALOVIC_RESPONSE_TO_OXIDIZED_PHOSPHOLIPIDS_LIGHTYELLOW_UP	-0.1634970410320967			
FRASOR_TAMOXIFEN_RESPONSE_DN	-0.16349916256394112			
MIR3616_3P	-0.1635180939306549			
GO_RIBOSOMAL_LARGE_SUBUNIT_EXPORT_FROM_NUCLEUS	-0.1635303525815371			
GO_ROUNDABOUT_SIGNALING_PATHWAY	-0.16353798405517406			
GSE21670_UNTREATED_VS_TGFB_TREATED_CD4_TCELL_UP	-0.16357958230960556			
MIR615_3P	-0.16364785376316532			
REACTOME_AKT_PHOSPHORYLATES_TARGETS_IN_THE_CYTOSOL	-0.16371054282444802			
MIR3912_5P	-0.1637123525509497			
GSE4984_GALECTIN1_VS_VEHICLE_CTRL_TREATED_DC_DN	-0.16372227025366554			
MIR4493	-0.16376936373183298			
IIZUKA_LIVER_CANCER_PROGRESSION_G1_G2_UP	-0.16377849788892426			
GO_CALCITONIN_FAMILY_RECEPTOR_COMPLEX	-0.16379257266490255			
GO_LIMBIC_SYSTEM_DEVELOPMENT	-0.1638067049256749			
GO_PHEROMONE_RECEPTOR_ACTIVITY	-0.16381549905041903			
MIR23A_5P	-0.1638449487780458			
GO_PROTEIN_FOLDING	-0.16386840477428896			
PAX2_01	-0.16404847684200843			
GO_BONE_CELL_DEVELOPMENT	-0.16407727062489355			
GO_NEUROTRANSMITTER_REUPTAKE	-0.1641148582843792			
MIR6845_5P	-0.16412397682462668			
XU_RESPONSE_TO_TRETINOIN_AND_NSC682994_DN	-0.16416644741848962			
REACTOME_PROTEIN_FOLDING	-0.16423904817806528			
GO_VOLTAGE_GATED_CALCIUM_CHANNEL_ACTIVITY_INVOLVED_IN_REGULATION_OF_PRESYNAPTIC_CYTOSOLIC_CALCIUM_LEVELS	-0.16430383190351525			
GO_HOST_CELLULAR_COMPONENT	-0.16435355443423244			
GO_MANNOSYL_OLIGOSACCHARIDE_1_2_ALPHA_MANNOSIDASE_ACTIVITY	-0.16435767607138263			
MIR4684_3P	-0.16436128918536702			
REACTOME_WAX_AND_PLASMALOGEN_BIOSYNTHESIS	-0.16436988538036035			
ACATATC_MIR190	-0.16442448335000984			
MIR9718	-0.1644525131928283			
GO_PROTON_TRANSPORTING_TWO_SECTOR_ATPASE_COMPLEX_CATALYTIC_DOMAIN	-0.16449498145493233			
GO_POSITIVE_REGULATION_OF_COLD_INDUCED_THERMOGENESIS	-0.16449507602380317			
GO_POSITIVE_REGULATION_OF_HETEROTYPIC_CELL_CELL_ADHESION	-0.1645175594014702			
REACTOME_MASTL_FACILITATES_MITOTIC_PROGRESSION	-0.16454199108971965			
GO_CALCITONIN_FAMILY_RECEPTOR_ACTIVITY	-0.16456153365975365			
KEGG_TAURINE_AND_HYPOTAURINE_METABOLISM	-0.16456983127034092			
GO_CYTOPLASM_ORGANIZATION	-0.16463021428302174			
GSE17974_CTRL_VS_ACT_IL4_AND_ANTI_IL12_0.5H_CD4_TCELL_UP	-0.16463674369451506			
BAKKER_FOXO3_TARGETS_UP	-0.16476843926267642			
MIR6875_3P	-0.16482889194338438			
MIR643	-0.1648535832264813			
GO_CYCLIC_NUCLEOTIDE_DEPENDENT_PROTEIN_KINASE_ACTIVITY	-0.16487440364252454			
GSE22601_IMMATURE_CD4_SINGLE_POSITIVE_VS_DOUBLE_POSITIVE_THYMOCYTE_UP	-0.16487777660305092			
GSE41867_DAY6_VS_DAY15_LCMV_CLONE13_EFFECTOR_CD8_TCELL_UP	-0.16488403353306041			
GO_CITRULLINE_BIOSYNTHETIC_PROCESS	-0.1649033859641558			
CDX2_Q5	-0.16490847291327296			
GO_REGULATION_OF_DENDRITIC_SPINE_MAINTENANCE	-0.1649387550439394			
chr4q28	-0.16494400973145523			
GO_B_CELL_CHEMOTAXIS	-0.164953848825188			
GARGALOVIC_RESPONSE_TO_OXIDIZED_PHOSPHOLIPIDS_BLUE_DN	-0.16500932225749373			
GSE19772_CTRL_VS_HCMV_INF_MONOCYTES_AND_PI3K_INHIBITION_UP	-0.16501237533688967			
GO_LYSOZYME_ACTIVITY	-0.1650416988056128			
BENPORATH_MYC_TARGETS_WITH_EBOX	-0.1650509853607397			
MIR7155_5P	-0.16506706147956657			
GSE38304_MYC_NEG_VS_POS_GC_BCELL_UP	-0.16517592862974215			
REACTOME_SYNTHESIS_OF_GLYCOSYLPHOSPHATIDYLINOSITOL_GPI	-0.16518262782548512			
GO_POSITIVE_REGULATION_OF_TRANSCRIPTION_BY_RNA_POLYMERASE_III	-0.1651983266773426			
EGR1_01	-0.16520000820985525			
MIR4764_3P	-0.16520582404999434			
GO_NEURONAL_STEM_CELL_POPULATION_MAINTENANCE	-0.1652181116784449			
MIR154_5P	-0.16527653586124585			
MIR2467_5P	-0.16529731667181613			
GO_MUSCLE_CELL_APOPTOTIC_PROCESS	-0.16537624384676827			
GO_DNA_DEALKYLATION_INVOLVED_IN_DNA_REPAIR	-0.16537797282848446			
GO_GANGLIOSIDE_METABOLIC_PROCESS	-0.16540802989037665			
BIOCARTA_MAL_PATHWAY	-0.1654410535315699			
MIR5705	-0.16546143318513662			
MIR6878_3P	-0.16548068814023048			
IPA_MYCBP_UP	-0.16548648446282038			
AP4_Q5	-0.16548730552795338			
GO_POSITIVE_REGULATION_OF_RENAL_SODIUM_EXCRETION	-0.1655488720848903			
GO_RNA_POLYMERASE_II_TRANSCRIPTION_REPRESSOR_COMPLEX	-0.16561094292556208			
GO_EMBRYONIC_DIGESTIVE_TRACT_MORPHOGENESIS	-0.16564872723535767			
REACTOME_ADP_SIGNALLING_THROUGH_P2Y_PURINOCEPTOR_1	-0.16572365304533734			
HEIDENBLAD_AMPLIFIED_IN_SOFT_TISSUE_CANCER	-0.16573142568600438			
GO_G_PROTEIN_ALPHA_SUBUNIT_BINDING	-0.16573513051118807			
GO_EMBRYONIC_PROCESS_INVOLVED_IN_FEMALE_PREGNANCY	-0.16577046587042862			
BIOCARTA_ERAD_PATHWAY	-0.16579741860156874			
CHO_NR4A1_TARGETS	-0.16581846186283017			
IPA_SREBF2_UP	-0.16583911949681035			
GSE3920_UNTREATED_VS_IFNG_TREATED_ENDOTHELIAL_CELL_DN	-0.16595875577103977			
GAZDA_DIAMOND_BLACKFAN_ANEMIA_MYELOID_DN	-0.1659839244269965			
GO_POSITIVE_REGULATION_OF_MAPKKK_CASCADE_BY_FIBROBLAST_GROWTH_FACTOR_RECEPTOR_SIGNALING_PATHWAY	-0.16599829756808263			
GO_MEIOTIC_SPINDLE_ORGANIZATION	-0.1660098700509779			
GO_MAINTENANCE_OF_CELL_NUMBER	-0.16606536809358027			
STAT3_01	-0.16606633840409232			
GO_DETECTION_OF_MECHANICAL_STIMULUS	-0.16606913052221026			
KYNG_RESPONSE_TO_H2O2_VIA_ERCC6	-0.16608872343673664			
GO_METAL_ION_TRANSPORT	-0.16616636517433367			
MATTIOLI_MULTIPLE_MYELOMA_SUBGROUPS	-0.16619750830853552			
SCGGAAGY_ELK1_02	-0.1662197523925062			
GOERING_BLOOD_HDL_CHOLESTEROL_QTL_TRANS	-0.16622114551895545			
GO_STEROID_HORMONE_RECEPTOR_BINDING	-0.16624711622937527			
GO_NUCLEOCYTOPLASMIC_CARRIER_ACTIVITY	-0.16625222189532016			
GO_ENDORIBONUCLEASE_ACTIVITY	-0.16626734880343333			
GO_POSITIVE_REGULATION_OF_ION_TRANSMEMBRANE_TRANSPORT	-0.1662732104828344			
GSE24210_RESTING_TREG_VS_TCONV_DN	-0.16628023281050086			
GO_PROTEIN_KINASE_A_SIGNALING	-0.1663247461193094			
TACGGGT_MIR99A_MIR100_MIR99B	-0.16633260947156883			
POS_RESPONSE_TO_HISTAMINE_DN	-0.16636110204126486			
GO_FOREBRAIN_GENERATION_OF_NEURONS	-0.16636198749885248			
ATF2_UP.V1_UP	-0.16638254888284243			
MIR514A_3P_MIR514B_3P	-0.16643723139655997			
GSE13229_IMM_VS_MATURE_NKCELL_DN	-0.16644674901919201			
GO_POSITIVE_REGULATION_OF_SYNAPTIC_TRANSMISSION_GLUTAMATERGIC	-0.16645034215584018			
GO_CELLULAR_GLUCURONIDATION	-0.16645220045502762			
IPA_MEF2D_UP	-0.1664533432652743			
REACTOME_INTERCONVERSION_OF_NUCLEOTIDE_DI_AND_TRIPHOSPHATES	-0.16645531899087612			
IPA_OTX1_UP	-0.16648925114195284			
GO_ADP_RIBOSE_DIPHOSPHATASE_ACTIVITY	-0.16658293645425976			
GO_RESPONSE_TO_COBALT_ION	-0.1665876461154204			
TERAMOTO_OPN_TARGETS_CLUSTER_6	-0.16659082391158167			
ZNF416_TARGET_GENES	-0.16661097590268367			
GO_POSITIVE_REGULATION_OF_VASCULAR_PERMEABILITY	-0.16661180817772217			
ALKBH3_TARGET_GENES	-0.1666285953365601			
MIR4666B	-0.16664319389839422			
GSE17721_POLYIC_VS_GARDIQUIMOD_24H_BMDC_UP	-0.16670202587833777			
HUNSBERGER_EXERCISE_REGULATED_GENES	-0.1667687577352192			
MIR889_5P	-0.16677918663625113			
GSE28783_ANTI_MIR33_VS_CTRL_ATHEROSCLEROSIS_MACROPHAGE_DN	-0.16682519360710024			
GO_NEGATIVE_REGULATION_OF_MONOCYTE_CHEMOTACTIC_PROTEIN_1_PRODUCTION	-0.16685891356791346			
SHIN_B_CELL_LYMPHOMA_CLUSTER_6	-0.16686265213206147			
GO_XENOBIOTIC_GLUCURONIDATION	-0.1668747869521607			
GSE41978_ID2_KO_VS_ID2_KO_AND_BIM_KO_KLRG1_LOW_EFFECTOR_CD8_TCELL_DN	-0.16689842515173844			
MIR409_3P	-0.16691344890098317			
GO_MAP_KINASE_KINASE_ACTIVITY	-0.16697186263334385			
GO_RESPONSE_TO_ETHANOL	-0.1669829795827429			
MIR124_5P	-0.16700815149458623			
MIR3925_5P	-0.16702347941272286			
TGTYNNNNNRGCARM_UNKNOWN	-0.16704273111277163			
GSE13547_CTRL_VS_ANTI_IGM_STIM_ZFX_KO_BCELL_12H_UP	-0.16704275175755337			
MIR4633_5P	-0.16707475754931178			
MIR1269A_MIR1269B	-0.16709155142342022			
GO_NEGATIVE_REGULATION_OF_OXIDOREDUCTASE_ACTIVITY	-0.1670990325629597			
GGGNRMNNYCAT_UNKNOWN	-0.16711409463747062			
GO_ADP_TRANSPORT	-0.16713339647026243			
GO_ADP_TRANSMEMBRANE_TRANSPORTER_ACTIVITY	-0.16713339647026243			
GO_TRANSMEMBRANE_TRANSPORT	-0.16718127077876874			
GO_GOLGI_TO_ENDOSOME_TRANSPORT	-0.16718725160274983			
MIR1843	-0.1672183045597387			
GO_NEGATIVE_REGULATION_OF_MEMBRANE_POTENTIAL	-0.16723578031614866			
IPA_MYOCD_UP	-0.16724487146460026			
GO_NEGATIVE_REGULATION_OF_VITAMIN_D_BIOSYNTHETIC_PROCESS	-0.1672492518570001			
GO_HEMOGLOBIN_COMPLEX	-0.16733208366472144			
MIR412_3P	-0.16733737560716738			
GO_CARDIAC_MUSCLE_CELL_MYOBLAST_DIFFERENTIATION	-0.16734692154177674			
GO_ACETYL_COA_METABOLIC_PROCESS	-0.16746786616790021			
MIR6836_3P	-0.16751891397868848			
GO_NEGATIVE_REGULATION_OF_FATTY_ACID_OXIDATION	-0.16753412547426472			
MIR5579_3P	-0.16756341541532327			
BRF1_TARGET_GENES	-0.1675660891011899			
BERTUCCI_INVASIVE_CARCINOMA_DUCTAL_VS_LOBULAR_DN	-0.1675711655277756			
GSE4142_NAIVE_VS_MEMORY_BCELL_DN	-0.16757924445744665			
chr21q22	-0.16762092942757006			
GO_HMG_BOX_DOMAIN_BINDING	-0.16764124699758165			
BROWNE_HCMV_INFECTION_8HR_UP	-0.16767461074494136			
FONTAINE_PAPILLARY_THYROID_CARCINOMA_DN	-0.16768853858870966			
MIR5695	-0.1677042654287957			
YOSHIMURA_MAPK8_TARGETS_UP	-0.16771828820386414			
IPA_PBX1_DN	-0.16772761555682272			
GO_MECHANOSENSITIVE_ION_CHANNEL_ACTIVITY	-0.16774814544593214			
MIR484	-0.16776055370618015			
chr8q13	-0.16777606802871983			
GO_HEPARAN_SULFATE_SULFOTRANSFERASE_ACTIVITY	-0.16778527985859557			
GO_REPLICATIVE_SENESCENCE	-0.16778782871332454			
chr8q23	-0.16779131216441726			
GO_OMEGA_PEPTIDASE_ACTIVITY	-0.16782239972444998			
REACTOME_REGULATION_OF_PTEN_GENE_TRANSCRIPTION	-0.16790570520227568			
GSE1925_CTRL_VS_24H_IFNG_STIM_MACROPHAGE_DN	-0.16802529849121683			
IPA_ESRRA_UP	-0.16803889439273376			
GO_ICOSANOID_BINDING	-0.16806026707987537			
GO_HOMOSERINE_METABOLIC_PROCESS	-0.16806625342807888			
REACTOME_ROLE_OF_SECOND_MESSENGERS_IN_NETRIN_1_SIGNALING	-0.16807077441757665			
GO_NEGATIVE_REGULATION_OF_LEUKOCYTE_ADHESION_TO_VASCULAR_ENDOTHELIAL_CELL	-0.1681260482705387			
MIR4275	-0.16812757218689564			
MIR6752_5P	-0.1681672156155828			
ZIC1_01	-0.16816721769847276			
GO_MYOTUBE_CELL_DEVELOPMENT	-0.168192862047294			
GO_FIBROBLAST_GROWTH_FACTOR_PRODUCTION	-0.16832693622487338			
GO_REGULATION_OF_T_HELPER_2_CELL_CYTOKINE_PRODUCTION	-0.16835790476182377			
GO_ODORANT_BINDING	-0.16838454176885553			
HLF_01	-0.16841823330797484			
GO_ION_TRANSMEMBRANE_TRANSPORT	-0.16841847968092033			
GO_SYNAPTIC_VESICLE_TRANSPORT	-0.16842115841756375			
GO_ACID_AMINO_ACID_LIGASE_ACTIVITY	-0.16848846737911352			
GO_NEGATIVE_REGULATION_OF_HEART_CONTRACTION	-0.16849801988740162			
REACTOME_HUR_ELAVL1_BINDS_AND_STABILIZES_MRNA	-0.16851277711342502			
GO_ANION_CATION_SYMPORTER_ACTIVITY	-0.16854866695361095			
GO_RISC_LOADING_COMPLEX	-0.16855802319965088			
ZSCAN31_TARGET_GENES	-0.16857945933376228			
MEISSNER_NPC_ICP_WITH_H3_UNMETHYLATED	-0.16859068816764283			
GO_NEGATIVE_REGULATION_OF_LIPID_KINASE_ACTIVITY	-0.1686018129750377			
GO_NEGATIVE_REGULATION_OF_CALCIUM_ION_TRANSPORT_INTO_CYTOSOL	-0.1686117045317128			
GO_REGULATION_OF_DELAYED_RECTIFIER_POTASSIUM_CHANNEL_ACTIVITY	-0.16861325580565778			
RPS14_DN.V1_DN	-0.16861445756046003			
GO_CORNEA_DEVELOPMENT_IN_CAMERA_TYPE_EYE	-0.1686225901447351			
GO_CELLULAR_RESPONSE_TO_MURAMYL_DIPEPTIDE	-0.16863845039844574			
GO_POSITIVE_REGULATION_OF_MONOCYTE_CHEMOTACTIC_PROTEIN_1_PRODUCTION	-0.16863867583574824			
GO_FOREBRAIN_VENTRICULAR_ZONE_PROGENITOR_CELL_DIVISION	-0.1686778688711175			
GO_CALCIUM_CATION_ANTIPORTER_ACTIVITY	-0.16869096462296748			
GO_URINARY_TRACT_SMOOTH_MUSCLE_CONTRACTION	-0.16869335364451432			
GSE360_CTRL_VS_M_TUBERCULOSIS_MAC_DN	-0.1687063656697564			
GO_CELLULAR_RESPONSE_TO_FRUCTOSE_STIMULUS	-0.16871134027870333			
GO_MUSCLE_CELL_FATE_COMMITMENT	-0.16871312606973243			
GO_REGULATION_OF_CHOLESTEROL_BIOSYNTHETIC_PROCESS	-0.16876228478334798			
IPA_ATF6_DN	-0.16877331039033605			
chr5q34	-0.16877806564797146			
GO_TYPE_I_INTERFERON_RECEPTOR_BINDING	-0.1687910030406523			
SNAPC2_TARGET_GENES	-0.16882060282696246			
KEGG_MELANOMA	-0.1688679191887565			
ZBTB49_TARGET_GENES	-0.168905311951259			
MIR379_5P	-0.1689053511586225			
GO_CELLULAR_COMPONENT_DISASSEMBLY_INVOLVED_IN_EXECUTION_PHASE_OF_APOPTOSIS	-0.1689191924136401			
REACTOME_SYNTHESIS_OF_PE	-0.16895165431674572			
MIR193A_5P	-0.16896766147262024			
GO_TRANSFERRIN_RECEPTOR_BINDING	-0.1689789596700306			
GO_FEMALE_GAMETE_GENERATION	-0.16898945769499524			
GSE16385_ROSIGLITAZONE_IL4_VS_ROSIGLITAZONE_ALONE_STIM_MACROPHAGE_DN	-0.169011036593661			
GSE17721_CTRL_VS_CPG_2H_BMDC_UP	-0.16903617147293593			
GO_REGULATION_OF_MIRNA_METABOLIC_PROCESS	-0.16907369578033737			
MIR6792_3P	-0.1691801047056809			
MIR4773	-0.16921875133742284			
GO_POSITIVE_REGULATION_OF_HEART_RATE	-0.16924151474079885			
IPA_RFX1_DN	-0.16924235674620744			
GO_INTRACELLULAR_LIGAND_GATED_ION_CHANNEL_ACTIVITY	-0.16927352044460295			
MIR6769B_3P	-0.16928051644688868			
GSE2706_R848_VS_R848_AND_LPS_2H_STIM_DC_UP	-0.1693059298790258			
GO_REGULATION_OF_KILLING_OF_CELLS_OF_OTHER_ORGANISM	-0.16931592618736432			
MIR6876_3P	-0.16932488031652299			
GO_MITOCHONDRIAL_RESPIRATORY_CHAIN_COMPLEX_III_ASSEMBLY	-0.1693288485632865			
GO_NEGATIVE_REGULATION_OF_VITAMIN_METABOLIC_PROCESS	-0.16935940024030244			
GO_NEGATIVE_REGULATION_OF_DNA_BIOSYNTHETIC_PROCESS	-0.16936555082969204			
GSE14413_UNSTIM_VS_IFNB_STIM_NIH3T3_CELLS_DN	-0.1693889148924707			
chr3q27	-0.16939411831118809			
GO_MANGANESE_ION_TRANSPORT	-0.16940704955967187			
YAO_TEMPORAL_RESPONSE_TO_PROGESTERONE_CLUSTER_11	-0.16940902822836196			
GSE19888_CTRL_VS_A3R_ACTIVATION_MAST_CELL_UP	-0.1694216911552063			
GO_CALCIUM_ACTIVATED_POTASSIUM_CHANNEL_ACTIVITY	-0.1694549645108219			
REACTOME_THROMBIN_SIGNALLING_THROUGH_PROTEINASE_ACTIVATED_RECEPTORS_PARS	-0.16945498508939724			
GO_NUCLEOSIDE_PHOSPHATE_BIOSYNTHETIC_PROCESS	-0.16956057142750916			
MIR4638_5P	-0.1695699485255529			
IPA_NFKBIB_DN	-0.1695706576515749			
REACTOME_IRAK1_RECRUITS_IKK_COMPLEX	-0.16957407074557607			
IPA_SREBF1_UP	-0.16957570932299468			
FOXR2_TARGET_GENES	-0.16957880165750291			
GSE41867_DAY15_EFFECTOR_VS_DAY30_EXHAUSTED_CD8_TCELL_LCMV_CLONE13_DN	-0.16960163808538115			
GO_GLUCOSAMINE_CONTAINING_COMPOUND_METABOLIC_PROCESS	-0.16960435429397464			
GO_EUKARYOTIC_TRANSLATION_INITIATION_FACTOR_2B_COMPLEX	-0.1696185546079096			
BIOCARTA_EIF2_PATHWAY	-0.16964501776073063			
GO_HEME_TRANSPORT	-0.16965975287166724			
MIR3658	-0.16966830968926916			
GO_POSITIVE_REGULATION_OF_SEQUESTERING_OF_CALCIUM_ION	-0.16967982315252722			
GO_TRNA_CYTOSINE_METHYLTRANSFERASE_ACTIVITY	-0.16970448437952465			
REACTOME_AMINE_LIGAND_BINDING_RECEPTORS	-0.16970477312348278			
chr13q22	-0.16970843518738857			
GO_2_ACYLGLYCEROL_O_ACYLTRANSFERASE_ACTIVITY	-0.1697149442026489			
WTGAAAT_UNKNOWN	-0.16972782238229975			
MIR629_3P	-0.16973898353692654			
MIR500A_3P	-0.1697451842660183			
GSE3920_IFNA_VS_IFNG_TREATED_ENDOTHELIAL_CELL_UP	-0.16978530390419805			
MIR1237_3P	-0.16978888236872988			
GSE19888_CTRL_VS_T_CELL_MEMBRANES_ACT_MAST_CELL_UP	-0.16979454739376024			
GSE16385_UNTREATED_VS_12H_ROSIGLITAZONE_IFNG_TNF_TREATED_MACROPHAGE_UP	-0.16980881812516338			
BIOCARTA_CARM_ER_PATHWAY	-0.16982261374244118			
CGCAAAA_MIR450	-0.16983962540368167			
GO_REGULATION_OF_MAST_CELL_CYTOKINE_PRODUCTION	-0.16993175779030958			
HILLION_HMGA1_TARGETS	-0.16993625054194705			
GO_NADH_METABOLIC_PROCESS	-0.1699435469723872			
GO_FATTY_ACID_DERIVATIVE_BINDING	-0.16994612174176227			
GO_NUCLEAR_IMPORT_SIGNAL_RECEPTOR_ACTIVITY	-0.1699617952681129			
GO_PROTEIN_TARGETING_TO_MEMBRANE	-0.16996417222834995			
GO_G1_DNA_DAMAGE_CHECKPOINT	-0.16996543025600055			
COLLER_MYC_TARGETS_DN	-0.16998492957083225			
REACTOME_ABACAVIR_METABOLISM	-0.1699906843294223			
KORKOLA_YOLK_SAC_TUMOR_UP	-0.16999263218342847			
GSE3982_EFF_MEMORY_VS_CENT_MEMORY_CD4_TCELL_DN	-0.17000513297530223			
PER1_TARGET_GENES	-0.17002296524045016			
YATTNATC_UNKNOWN	-0.17006664339488994			
GO_SPHINGOLIPID_BINDING	-0.1700802976163074			
MIR4798_3P	-0.17008701383007466			
BARX1_TARGET_GENES	-0.17012181964438058			
IPA_ALX4_DN	-0.17024402478938838			
REACTOME_REGULATION_OF_HSF1_MEDIATED_HEAT_SHOCK_RESPONSE	-0.17025117499738718			
GO_NEUROTROPHIN_SIGNALING_PATHWAY	-0.17025943840907648			
MSX2_TARGET_GENES	-0.17026055212517469			
GSE18791_CTRL_VS_NEWCASTLE_VIRUS_DC_1H_DN	-0.17026455684634423			
GTGTCAA_MIR514	-0.17026498730667475			
GO_POSITIVE_REGULATION_OF_ACTIN_FILAMENT_DEPOLYMERIZATION	-0.17026543444347153			
GO_MAGNESIUM_ION_BINDING	-0.17029011163520252			
GO_G_PROTEIN_COUPLED_RECEPTOR_SIGNALING_PATHWAY	-0.17031244306277962			
GO_CELL_FATE_SPECIFICATION_INVOLVED_IN_PATTERN_SPECIFICATION	-0.17031456528182387			
ZFP36L1_TARGET_GENES	-0.17032208445996547			
MIR5008_5P	-0.17033089491899603			
OZEN_MIR125B1_TARGETS	-0.17035539632308935			
LEF1_Q2	-0.17035720511633412			
GO_AMINO_ACID_BINDING	-0.17037293430984166			
MIR3938	-0.1703957985263469			
GO_REGULATION_OF_POSTSYNAPTIC_DENSITY_ORGANIZATION	-0.17039895273322617			
GSE28237_FOLLICULAR_VS_EARLY_GC_BCELL_DN	-0.17041017920634477			
GSE9006_TYPE_1_DIABETES_AT_DX_VS_1MONTH_POST_DX_PBMC_DN	-0.17041947291663323			
GSE15659_NONSUPPRESSIVE_TCELL_VS_ACTIVATED_TREG_UP	-0.17046154969168317			
GO_PYRUVATE_FAMILY_AMINO_ACID_METABOLIC_PROCESS	-0.17047405126605153			
BENPORATH_CYCLING_GENES	-0.17048687713706265			
NRF2_01	-0.17054953624648025			
GO_COENZYME_A_BIOSYNTHETIC_PROCESS	-0.1705993554375626			
BIOCARTA_PKC_PATHWAY	-0.17060221112086918			
GO_AROMATIC_AMINO_ACID_FAMILY_CATABOLIC_PROCESS	-0.1706127777410897			
MIR152_5P	-0.17062444135871277			
GO_FRUCTOSE_6_PHOSPHATE_BINDING	-0.1706373752108884			
GO_TOR_COMPLEX	-0.17064481399250872			
GO_NUCLEOTIDE_PHOSPHORYLATION	-0.17064778300420785			
GO_MULTICELLULAR_ORGANISM_REPRODUCTION	-0.1707020002963172			
GSE9960_GRAM_NEG_VS_GRAM_POS_SEPSIS_PBMC_DN	-0.17070647841827857			
GO_REGULATION_OF_HISTONE_H3_K27_METHYLATION	-0.17073430738964762			
GO_PRERIBOSOME_LARGE_SUBUNIT_PRECURSOR	-0.17073862403640053			
GO_DOLICHYL_DIPHOSPHATE_BIOSYNTHETIC_PROCESS	-0.17075681890536995			
GO_TRNA_SPLICING_LIGASE_COMPLEX	-0.17079821210594415			
MIR1267	-0.17079973018956268			
BIOCARTA_RANMS_PATHWAY	-0.17081985003121034			
GSE2770_UNTREATED_VS_TGFB_AND_IL4_TREATED_ACT_CD4_TCELL_4H_DN	-0.17082401438208875			
GO_BETA_CATENIN_DESTRUCTION_COMPLEX	-0.17083423180820848			
chr11q11	-0.17085123436798086			
IPA_KLF1_UP	-0.1708534521215378			
GO_CYCLIN_DEPENDENT_PROTEIN_KINASE_HOLOENZYME_COMPLEX	-0.17087304205941642			
GO_ALPHA_TUBULIN_BINDING	-0.1708906479762982			
MIR5000_3P	-0.17091646495935223			
GSE36476_YOUNG_VS_OLD_DONOR_MEMORY_CD4_TCELL_16H_TSST_ACT_UP	-0.17091649237679382			
MIR4742_5P	-0.17097712742713408			
GO_CEREBRAL_CORTEX_REGIONALIZATION	-0.17099459469592512			
IPA_PRDM8_DN	-0.1710640326535005			
KAT2A_TARGET_GENES	-0.17106655639627627			
GSE5463_CTRL_VS_DEXAMETHASONE_TREATED_THYMOCYTE_DN	-0.17109398991464406			
REACTOME_FGFR1_LIGAND_BINDING_AND_ACTIVATION	-0.17111158505037866			
IPA_E2F7_UP	-0.17112109834485376			
GO_SPINDLE_ORGANIZATION	-0.171155663393275			
IPA_PLAGL1_DN	-0.17118172024728404			
WAKABAYASHI_ADIPOGENESIS_PPARG_BOUND_36HR	-0.1711977900836835			
GSE21670_TGFB_VS_IL6_TREATED_CD4_TCELL_UP	-0.1712005562270713			
MIR4802_5P	-0.17120344981323155			
GSE14308_TH17_VS_INDUCED_TREG_DN	-0.17120866983313995			
BIOCARTA_HBX_PATHWAY	-0.1712149323609488			
GSE46606_DAY1_VS_DAY3_CD40L_IL2_IL5_STIMULATED_IRF4_KO_BCELL_UP	-0.1712206187639229			
IPA_MYF5_UP	-0.17125924522747327			
GO_REGULATION_OF_GROOMING_BEHAVIOR	-0.17127171451684775			
GSE46606_DAY1_VS_DAY3_CD40L_IL2_IL5_STIMULATED_IRF4_KO_BCELL_DN	-0.1713054832662005			
GO_CELLULAR_RESPONSE_TO_L_GLUTAMATE	-0.1713113617749154			
REACTOME_VXPX_CARGO_TARGETING_TO_CILIUM	-0.1713163299869703			
MIR6511A_5P	-0.1713178567333056			
GSE360_CTRL_VS_B_MALAYI_HIGH_DOSE_DC_UP	-0.1714156042868201			
GSE17721_CTRL_VS_CPG_6H_BMDC_UP	-0.1714270301275412			
REACTOME_SIGNALING_BY_ROBO_RECEPTORS	-0.17143501894499427			
REACTOME_AGGREPHAGY	-0.17147856665133596			
GO_RNA_POLYMERASE_II_SPECIFIC_DNA_BINDING_TRANSCRIPTION_FACTOR_BINDING	-0.1714799998532341			
MIR1268A_MIR1268B	-0.1715240727387119			
GO_REGULATION_OF_TRANSMEMBRANE_TRANSPORT	-0.17152595956345845			
GO_CATION_CATION_ANTIPORTER_ACTIVITY	-0.17153491162422776			
GGCACTT_MIR519E	-0.17153851938769937			
GO_STRUCTURAL_CONSTITUENT_OF_EYE_LENS	-0.17156859581127187			
MIR1245A	-0.17159588424418598			
GSE6674_ANTI_IGM_VS_ANTI_IGM_AND_CPG_STIM_BCELL_DN	-0.171598830956142			
GO_PANCREATIC_JUICE_SECRETION	-0.17160040556783765			
GO_PARATHYROID_GLAND_DEVELOPMENT	-0.17161481184264998			
MINGUEZ_LIVER_CANCER_VASCULAR_INVASION_UP	-0.17161486210365529			
GO_MONOVALENT_INORGANIC_CATION_TRANSPORT	-0.17161953071088984			
ROYLANCE_BREAST_CANCER_16Q_COPY_NUMBER_UP	-0.1716454973104669			
GO_CELL_MOTILITY_INVOLVED_IN_CEREBRAL_CORTEX_RADIAL_GLIA_GUIDED_MIGRATION	-0.17174433935890016			
GO_REGULATION_OF_ATP_METABOLIC_PROCESS	-0.17174663471088478			
MIR4272	-0.17174789795654358			
GSE7568_IL4_TGFB_DEXAMETHASONE_VS_IL4_TGFB_TREATED_MACROPHAGE_UP	-0.1717578038701656			
GSE27786_LIN_NEG_VS_CD8_TCELL_UP	-0.17185702177261744			
GO_TORC2_COMPLEX	-0.1718576189740548			
IPA_ZNF512B_DN	-0.17187673712157642			
LXR_DR4_Q3	-0.17190094635490036			
IPA_ARNT2_UP	-0.1719060695676634			
ZNF830_TARGET_GENES	-0.17193677345161038			
GO_ASYMMETRIC_GLUTAMATERGIC_EXCITATORY_SYNAPSE	-0.17194357472380414			
GSE41867_DAY8_EFFECTOR_VS_DAY30_MEMORY_CD8_TCELL_LCMV_ARMSTRONG_UP	-0.17195498125628433			
GO_REGULATION_OF_CATION_TRANSMEMBRANE_TRANSPORT	-0.1719611706876343			
REACTOME_SEROTONIN_RECEPTORS	-0.17200620378402978			
GSE22611_NOD2_VS_CTRL_TRANSDUCED_HEK293T_CELL_UP	-0.17203782353121808			
GO_PURINE_CONTAINING_COMPOUND_CATABOLIC_PROCESS	-0.17211173863639406			
REACTOME_ERYTHROCYTES_TAKE_UP_OXYGEN_AND_RELEASE_CARBON_DIOXIDE	-0.1722127956300569			
GO_NEGATIVE_REGULATION_OF_NEUROTRANSMITTER_UPTAKE	-0.17223344760793205			
GO_ADRENERGIC_RECEPTOR_SIGNALING_PATHWAY	-0.17225487943889667			
MIR6824_5P	-0.17227374706854062			
GO_DEOXYRIBONUCLEOSIDE_DIPHOSPHATE_METABOLIC_PROCESS	-0.1722787303897712			
CAVIN1_TARGET_GENES	-0.17231028901060194			
MIR3928_3P	-0.17231339675734286			
GO_NEUTROPHIL_MEDIATED_KILLING_OF_SYMBIONT_CELL	-0.17233682905399023			
GO_HISTIDINE_METABOLIC_PROCESS	-0.17233764407117214			
GO_CELLULAR_RESPONSE_TO_PARATHYROID_HORMONE_STIMULUS	-0.17234101173829164			
GSE41867_NAIVE_VS_DAY8_LCMV_EFFECTOR_CD8_TCELL_UP	-0.17234334796343445			
SCHMIDT_POR_TARGETS_IN_LIMB_BUD_UP	-0.17240187316930247			
MIR1470	-0.17240305529649358			
MIR6888_5P	-0.17240724517557587			
GO_SIGNAL_RECOGNITION_PARTICLE_ENDOPLASMIC_RETICULUM_TARGETING	-0.1724203027664112			
GO_ESTABLISHMENT_OR_MAINTENANCE_OF_TRANSMEMBRANE_ELECTROCHEMICAL_GRADIENT	-0.17243370650623366			
GSE21063_3H_VS_16H_ANTI_IGM_STIM_BCELL_UP	-0.1724532080548259			
MIR2681_3P	-0.17248019329515502			
chr6p23	-0.17249799209390004			
GO_TITIN_BINDING	-0.17251035886977234			
GO_SEGMENT_SPECIFICATION	-0.17252689630335813			
GO_PUTRESCINE_BIOSYNTHETIC_PROCESS	-0.17261186253218036			
GO_L_GLUTAMINE_TRANSMEMBRANE_TRANSPORTER_ACTIVITY	-0.1726224991571364			
GO_REGULATION_OF_EXIT_FROM_MITOSIS	-0.17264730416435217			
GO_PAM_COMPLEX_TIM23_ASSOCIATED_IMPORT_MOTOR	-0.1726545677611679			
GO_NUCLEOTIDE_TRANSMEMBRANE_TRANSPORT	-0.1726733650367521			
REACTOME_REGULATION_OF_PLK1_ACTIVITY_AT_G2_M_TRANSITION	-0.1727655634152225			
GO_RESPONSE_TO_FOLIC_ACID	-0.17277944533755668			
MIR193B_5P	-0.17283324417759247			
GO_SPERM_EGG_RECOGNITION	-0.17284289337442366			
COLLER_MYC_TARGETS_UP	-0.17285402105576272			
BRUNEAU_SEPTATION_ATRIAL	-0.17288736672206775			
MIR4434	-0.17293195660921362			
IPA_STAT5B_UP	-0.1729324052601154			
GO_CHEMOSENSORY_BEHAVIOR	-0.17294981649652752			
REACTOME_HCMV_INFECTION	-0.17295309830810296			
GO_PYRIMIDINE_DEOXYRIBONUCLEOSIDE_METABOLIC_PROCESS	-0.1729778425372539			
GO_MITOCHONDRIAL_ALPHA_KETOGLUTARATE_DEHYDROGENASE_COMPLEX	-0.172991006882221			
REACTOME_REELIN_SIGNALLING_PATHWAY	-0.17299829354499796			
IPA_NOTCH2_UP	-0.1729989759003004			
MIR1910_3P	-0.17301862907841584			
GO_GLYCEROL_3_PHOSPHATE_METABOLIC_PROCESS	-0.17302588501992675			
GO_TRANSCRIPTION_BY_RNA_POLYMERASE_I	-0.17303008041967147			
chr22q12	-0.1730315143105786			
MIR4513	-0.17305794932001875			
GO_REGULATION_OF_DNA_CATABOLIC_PROCESS	-0.17311327254388403			
REACTOME_DOWNSTREAM_SIGNALING_OF_ACTIVATED_FGFR1	-0.17312431958770164			
GO_LOCOMOTION_INVOLVED_IN_LOCOMOTORY_BEHAVIOR	-0.17313808479000395			
GO_NEGATIVE_REGULATION_OF_CARDIAC_MUSCLE_CONTRACTION	-0.17315683807970908			
GSE22886_NAIVE_CD4_TCELL_VS_12H_ACT_TH1_DN	-0.17316093723040435			
MIR549A_3P	-0.17316220166491028			
GSE37534_UNTREATED_VS_ROSIGLITAZONE_TREATED_CD4_TCELL_PPARG1_AND_FOXP3_TRASDUCED_UP	-0.17320221387962523			
GO_NUCLEAR_MEMBRANE	-0.17320936405196105			
GO_MELANOCORTIN_RECEPTOR_ACTIVITY	-0.17323752637287787			
MIR628_5P	-0.17325088597158572			
GO_PROTEIN_COFACTOR_LINKAGE	-0.1732769819643016			
REACTOME_DIGESTION_AND_ABSORPTION	-0.1732774134277846			
GO_POSITIVE_REGULATION_OF_HISTONE_H3_K27_METHYLATION	-0.17328946488107036			
SCHAEFFER_PROSTATE_DEVELOPMENT_AND_CANCER_BOX2_UP	-0.17329255084459133			
MIR675_3P	-0.17329817615993223			
TERAMOTO_OPN_TARGETS_CLUSTER_3	-0.17330254697565095			
GO_ALDITOL_BIOSYNTHETIC_PROCESS	-0.17337345814649271			
GO_REGULATION_OF_RESPIRATORY_GASEOUS_EXCHANGE_BY_NERVOUS_SYSTEM_PROCESS	-0.17337705625095803			
REACTOME_REGULATION_OF_GENE_EXPRESSION_IN_LATE_STAGE_BRANCHING_MORPHOGENESIS_PANCREATIC_BUD_PRECURSOR_CELLS	-0.17339653397613025			
MIR1301_3P_MIR5047	-0.17340560365386012			
CCATCCA_MIR432	-0.17341315887358283			
chr1p31	-0.17341386585764532			
MARTORIATI_MDM4_TARGETS_FETAL_LIVER_DN	-0.17342891858223625			
IPA_MYBL1_UP	-0.17346068670181336			
GSE24726_WT_VS_E2_2_KO_PDC_DAY6_POST_DELETION_DN	-0.17349595296081122			
GO_FLOOR_PLATE_DEVELOPMENT	-0.17351284125543884			
GO_REGULATION_OF_ADENYLATE_CYCLASE_ACTIVITY	-0.1735269072608186			
MARSON_FOXP3_TARGETS_STIMULATED_DN	-0.17352783106816716			
GO_REGULATION_OF_CELL_COMMUNICATION_BY_ELECTRICAL_COUPLING_INVOLVED_IN_CARDIAC_CONDUCTION	-0.17354732933163175			
CCGNMNNTNACG_UNKNOWN	-0.17356831208082452			
MIR4301	-0.17357093969671059			
KEGG_INOSITOL_PHOSPHATE_METABOLISM	-0.17359481948771335			
GSE40274_CTRL_VS_FOXP3_AND_PBX1_TRANSDUCED_ACTIVATED_CD4_TCELL_DN	-0.17360766161936142			
GO_NERVOUS_SYSTEM_PROCESS	-0.17361929575839127			
GO_N_ACETYLGALACTOSAMINE_4_O_SULFOTRANSFERASE_ACTIVITY	-0.17362212737882418			
GO_INORGANIC_ION_TRANSMEMBRANE_TRANSPORT	-0.17363343789872546			
GO_CHONDROITIN_SULFOTRANSFERASE_ACTIVITY	-0.1736469485340747			
GSE5542_IFNG_VS_IFNA_AND_IFNG_TREATED_EPITHELIAL_CELLS_6H_UP	-0.17365027290359933			
GO_NEGATIVE_REGULATION_OF_LIPID_CATABOLIC_PROCESS	-0.17367607956210904			
IPA_TBX5_UP	-0.17371092770398786			
GO_CRD_MEDIATED_MRNA_STABILITY_COMPLEX	-0.1737429709151465			
CETS1P54_01	-0.17377528363026726			
GO_DORSAL_AORTA_DEVELOPMENT	-0.17379050040689337			
GO_ICOSATETRAENOIC_ACID_BINDING	-0.17391243971354167			
chr11p14	-0.17394134130011427			
GO_G_PROTEIN_COUPLED_NEUROTRANSMITTER_RECEPTOR_ACTIVITY	-0.17395933076491282			
MIR6815_3P	-0.17398848685263618			
MIR7844_5P	-0.17400917989258752			
IPA_TCF7L2_DN	-0.17401993193800533			
GO_TUBULIN_DEACETYLATION	-0.17402905550060127			
KEGG_VASOPRESSIN_REGULATED_WATER_REABSORPTION	-0.1740518973066771			
GO_GOLGI_TRANSPORT_COMPLEX	-0.17405995892832588			
GO_AMINOACYLASE_ACTIVITY	-0.1740654353460766			
GO_NEGATIVE_REGULATION_OF_INTRACELLULAR_STEROID_HORMONE_RECEPTOR_SIGNALING_PATHWAY	-0.17406907207100678			
IPA_KDM6A_UP	-0.17407873144167074			
REACTOME_DEFECTS_IN_VITAMIN_AND_COFACTOR_METABOLISM	-0.17408439881446125			
ZNF708_TARGET_GENES	-0.17409110346260465			
GO_ANTIPORTER_ACTIVITY	-0.1740946546039284			
KRAS.KIDNEY_UP.V1_DN	-0.17410200575504406			
GO_REGULATION_OF_MITOTIC_CELL_CYCLE	-0.1741301732539938			
CRX_Q4	-0.17414357522503435			
GO_VASCULAR_ENDOTHELIAL_CELL_PROLIFERATION	-0.1741520635513049			
GO_REGULATION_OF_LUTEINIZING_HORMONE_SECRETION	-0.17415277689760492			
GO_NEGATIVE_REGULATION_OF_RESPONSE_TO_DNA_DAMAGE_STIMULUS	-0.1741765363489147			
MIR145_3P	-0.174190229267989			
VALK_AML_CLUSTER_1	-0.17419325119895138			
KEGG_ENDOMETRIAL_CANCER	-0.1742043315024275			
GO_NEGATIVE_REGULATION_OF_CELL_SIZE	-0.1742056318319116			
MIR652_3P	-0.17421714210398181			
LE_NEURONAL_DIFFERENTIATION_DN	-0.17426944630774482			
REACTOME_OREXIN_AND_NEUROPEPTIDES_FF_AND_QRFP_BIND_TO_THEIR_RESPECTIVE_RECEPTORS	-0.17427414726667104			
GO_APOPTOTIC_CHROMOSOME_CONDENSATION	-0.17429176060585075			
GO_ESTABLISHMENT_OF_PROTEIN_LOCALIZATION_TO_MITOCHONDRIAL_MEMBRANE	-0.17429228984473744			
OSF2_Q6	-0.17429930684365338			
GSE40274_FOXP3_VS_FOXP3_AND_SATB1_TRANSDUCED_ACTIVATED_CD4_TCELL_UP	-0.17430668570127278			
GO_CHAPERONE_MEDIATED_PROTEIN_TRANSPORT	-0.17434202431585247			
GO_SODIUM_DEPENDENT_PHOSPHATE_TRANSPORT	-0.17436227950339353			
PDGF_ERK_DN.V1_UP	-0.17436968780222145			
GO_RESPONSE_TO_INACTIVITY	-0.17437124323715936			
MIR4803	-0.17438869524061373			
DAVICIONI_TARGETS_OF_PAX_FOXO1_FUSIONS_DN	-0.17441074693039035			
GO_RESPIRATORY_CHAIN_COMPLEX_IV	-0.1744296242198717			
GSE360_DC_VS_MAC_T_GONDII_UP	-0.17444928729244835			
IPA_FIGLA_UP	-0.17445772480754143			
MIR490_5P	-0.17445784660973832			
ROYLANCE_BREAST_CANCER_16Q_COPY_NUMBER_DN	-0.17447646900578528			
GSE32986_UNSTIM_VS_CURDLAN_HIGHDOSE_STIM_DC_UP	-0.17448551863106884			
IPA_RUNX3_UP	-0.17448812864471053			
SETD7_TARGET_GENES	-0.17450367179761705			
EFC_Q6	-0.17452593025733493			
GO_LIGASE_ACTIVITY_FORMING_CARBON_CARBON_BONDS	-0.1745358279033747			
STAT_Q6	-0.17453795732097013			
CREBL2_TARGET_GENES	-0.174639389158317			
MIR6790_5P	-0.1746761771591835			
GO_CHEMOKINE_C_C_MOTIF_LIGAND_5_PRODUCTION	-0.1746767364701938			
IPA_NFYC_UP	-0.17470751822946012			
IPA_NFIC_UP	-0.17470751822946012			
KEGG_PARKINSONS_DISEASE	-0.17472165737125753			
AAACCAC_MIR140	-0.17476338087358687			
GO_POSITIVE_REGULATION_OF_HEART_GROWTH	-0.17477299881908107			
GO_COA_HYDROLASE_ACTIVITY	-0.17478052125762666			
MIR4700_5P	-0.17479746186570574			
GO_PROTEIN_IMPORT_INTO_MITOCHONDRIAL_MATRIX	-0.17480034200667413			
GO_SOMITE_DEVELOPMENT	-0.17481303884922786			
MOOTHA_GLUCONEOGENESIS	-0.17486692587067085			
GO_REGULATION_OF_BONE_DEVELOPMENT	-0.17492649444700428			
GO_DENDRITIC_SPINE_NECK	-0.17493465972022512			
GO_REGULATION_OF_TUBULIN_DEACETYLATION	-0.17496454221672106			
REACTOME_SYNTHESIS_OF_LEUKOTRIENES_LT_AND_EOXINS_EX	-0.17497699984347523			
GO_INSULIN_METABOLIC_PROCESS	-0.17502845967758818			
GO_REGULATION_OF_VACUOLAR_TRANSPORT	-0.17502900715885147			
FOXJ2_02	-0.17504021791122387			
REACTOME_RSK_ACTIVATION	-0.17506267865388936			
MIR4691_5P	-0.17507223641628802			
IPA_PARP1_UP	-0.17508757685760523			
MIR8079	-0.17509237202060685			
GO_POSITIVE_REGULATION_OF_ANION_TRANSPORT	-0.17512860742751377			
GO_POSITIVE_REGULATION_OF_ANOIKIS	-0.17516872975430925			
chr8p21	-0.17517551238020196			
IPA_HAND2_UP	-0.17517687210255223			
GO_MICROTUBULE_MINUS_END	-0.17518638376514634			
GO_GDP_METABOLIC_PROCESS	-0.17520358932879004			
OKAWA_NEUROBLASTOMA_1P36_31_DELETION	-0.17521057106897325			
GO_G_PROTEIN_COUPLED_GLUTAMATE_RECEPTOR_SIGNALING_PATHWAY	-0.17521674022703967			
HSF1_01	-0.175266101273479			
chrXq27	-0.17528101109875127			
IPA_CREM_DN	-0.1752838837632229			
GO_HEPARAN_SULFATE_GLUCOSAMINE_3_SULFOTRANSFERASE_1_ACTIVITY	-0.17528616091152757			
chr2q37	-0.17528719981866017			
CREIGHTON_ENDOCRINE_THERAPY_RESISTANCE_2	-0.17528852881946486			
GO_NEGATIVE_REGULATION_OF_DNA_BINDING_TRANSCRIPTION_FACTOR_ACTIVITY	-0.17529387422944515			
GO_NUCLEAR_ENVELOPE_LUMEN	-0.17529517338223588			
GO_NUCLEOTIDE_DIPHOSPHATASE_ACTIVITY	-0.17532586772884742			
SCHLESINGER_H3K27ME3_IN_NORMAL_AND_METHYLATED_IN_CANCER	-0.17532680349972773			
GO_FRUCTOSE_CATABOLIC_PROCESS_TO_HYDROXYACETONE_PHOSPHATE_AND_GLYCERALDEHYDE_3_PHOSPHATE	-0.1753332680426449			
GO_POSITIVE_REGULATION_OF_SARCOMERE_ORGANIZATION	-0.17534632467037375			
MIR10522_5P	-0.17534765477203393			
GO_CYCLIC_NUCLEOTIDE_MEDIATED_SIGNALING	-0.1753820148343242			
chr2p13	-0.17538229187250717			
GSE7460_CTRL_VS_TGFB_TREATED_ACT_TREG_UP	-0.17538234345342882			
REACTOME_ASPARTATE_AND_ASPARAGINE_METABOLISM	-0.1753833610160267			
GO_GUANYLATE_KINASE_ACTIVITY	-0.17539679474200684			
GSE360_HIGH_VS_LOW_DOSE_B_MALAYI_MAC_UP	-0.17539823759716064			
chr5q22	-0.17540885590133695			
GO_MANGANESE_ION_TRANSMEMBRANE_TRANSPORTER_ACTIVITY	-0.17541109064518717			
GO_MANGANESE_ION_TRANSMEMBRANE_TRANSPORT	-0.17541109064518717			
MIR640	-0.17542165869673024			
GO_NEGATIVE_REGULATION_OF_DNA_CATABOLIC_PROCESS	-0.17542433746412178			
MIR2115_3P	-0.1754521512616664			
BIOCARTA_NO1_PATHWAY	-0.1754966787179172			
chr14q11	-0.17552811023091547			
RSRFC4_01	-0.17553947872790393			
GO_GLUCOSE_SODIUM_SYMPORTER_ACTIVITY	-0.17554417653223064			
GO_HAPTOGLOBIN_HEMOGLOBIN_COMPLEX	-0.17554566449734796			
GO_RIBOSOME_DISASSEMBLY	-0.17557011554317786			
GO_AXONEMAL_DYNEIN_COMPLEX_ASSEMBLY	-0.17557756944458905			
GO_PHOTOPERIODISM	-0.1755910962594681			
REACTOME_SIGNALING_BY_FGFR4_IN_DISEASE	-0.1756206700853466			
GSE29615_CTRL_VS_LAIV_FLU_VACCINE_PBMC_DN	-0.17563680384396727			
GSE3982_NEUTROPHIL_VS_BASOPHIL_DN	-0.1756771915532341			
PPARA_02	-0.17567816125306615			
GO_POSITIVE_REGULATION_OF_FERTILIZATION	-0.17570457815330529			
GO_POSITIVE_REGULATION_OF_ATPASE_ACTIVITY	-0.17572559962718584			
GSE4142_GC_BCELL_VS_MEMORY_BCELL_DN	-0.17573348831306898			
GO_PREASSEMBLY_OF_GPI_ANCHOR_IN_ER_MEMBRANE	-0.17577013908511685			
REACTOME_HDL_CLEARANCE	-0.175772848604423			
GSE27241_WT_VS_RORGT_KO_TH17_POLARIZED_CD4_TCELL_DN	-0.17577579935971552			
GO_OTIC_VESICLE_FORMATION	-0.1757944057535245			
SA_TRKA_RECEPTOR	-0.1758008322508874			
GO_REGULATION_OF_LIGASE_ACTIVITY	-0.17581298570671844			
REACTOME_DOWNSTREAM_SIGNALING_OF_ACTIVATED_FGFR3	-0.1758221595764469			
GO_REGULATION_OF_ESTABLISHMENT_OF_PROTEIN_LOCALIZATION_TO_MITOCHONDRION	-0.17582407600444683			
GO_ANKYRIN_REPEAT_BINDING	-0.17583151054951943			
GO_MUSCULAR_SEPTUM_MORPHOGENESIS	-0.17587994075483204			
GO_POSITIVE_REGULATION_OF_CALCIUM_ION_TRANSPORT_INTO_CYTOSOL	-0.1758822239085865			
GO_HEAT_SHOCK_PROTEIN_BINDING	-0.17590219969279786			
GO_CALCIUM_RELEASE_CHANNEL_ACTIVITY	-0.17590420393901648			
SCHAEFFER_PROSTATE_DEVELOPMENT_AND_CANCER_BOX4_UP	-0.17592799736169792			
GO_MITOCHONDRIAL_CALCIUM_ION_HOMEOSTASIS	-0.17594290495381917			
IPA_MAX_UP	-0.17595340185153882			
GO_PROTEIN_DESUMOYLATION	-0.1759601386630984			
GO_N6_METHYLADENOSINE_CONTAINING_RNA_BINDING	-0.1760034447059752			
GO_PHASIC_SMOOTH_MUSCLE_CONTRACTION	-0.17600783051118468			
GO_TRACE_AMINE_RECEPTOR_ACTIVITY	-0.1760219009203254			
GSE10239_NAIVE_VS_DAY4.5_EFF_CD8_TCELL_DN	-0.17605471108071205			
GO_FLOPPASE_ACTIVITY	-0.17606584877014994			
MIR892A	-0.17607566381099715			
GO_MIDBODY	-0.17608232097978924			
GO_INTRINSIC_COMPONENT_OF_PRESYNAPTIC_ACTIVE_ZONE_MEMBRANE	-0.17610237625812034			
GO_IMPORT_INTO_NUCLEUS	-0.17610693003984149			
GO_PROTON_TRANSPORTING_ATP_SYNTHASE_COMPLEX_ASSEMBLY	-0.17611841979962836			
MIR5699_3P	-0.1761196832967544			
REACTOME_FBXW7_MUTANTS_AND_NOTCH1_IN_CANCER	-0.1761208002047639			
BIOCARTA_MELANOCYTE_PATHWAY	-0.1761879463361916			
IPA_ILF3_UP	-0.17619849961685352			
GO_PROTEIN_SERINE_THREONINE_PHOSPHATASE_ACTIVITY	-0.17622743273217337			
GO_NEGATIVE_REGULATION_OF_GLUTAMATE_SECRETION	-0.17627805640021524			
GO_CELLULAR_MACROMOLECULE_CATABOLIC_PROCESS	-0.17628184240046			
GO_AP_3_ADAPTOR_COMPLEX	-0.176302325402459			
IPA_YWHAE_DN	-0.17630429976613318			
GSE6674_ANTI_IGM_VS_PL2_3_STIM_BCELL_DN	-0.1763064102416259			
GO_NUCLEAR_CYCLIN_DEPENDENT_PROTEIN_KINASE_HOLOENZYME_COMPLEX	-0.17631417658173318			
SIMBULAN_PARP1_TARGETS_DN	-0.17632239286473617			
KMCATNNWGGA_UNKNOWN	-0.17633389339536482			
GO_NEGATIVE_REGULATION_OF_DEFENSE_RESPONSE_TO_BACTERIUM	-0.17633846311743398			
MEIS1_01	-0.1763582828236645			
BIOCARTA_MPR_PATHWAY	-0.17635837660857132			
MIR8055	-0.17636059904232212			
MIR888_3P	-0.17636706884268435			
GO_MICROTUBULE_ANCHORING_AT_MICROTUBULE_ORGANIZING_CENTER	-0.1763848145980951			
GO_INTRAMOLECULAR_TRANSFERASE_ACTIVITY	-0.1763857800288309			
MIR4524B_3P	-0.17638977438734196			
MIR431_5P	-0.17639203431465278			
MIR3115	-0.17640896710350698			
GCGCCTT_MIR525_MIR524	-0.17642126072761774			
ZNF491_TARGET_GENES	-0.17645642756048024			
GO_SULFATE_TRANSPORT	-0.1764747758282593			
GSE19401_PAM2CSK4_VS_RETINOIC_ACID_STIM_FOLLICULAR_DC_UP	-0.17648896085953014			
IPA_SALL4_UP	-0.17648912406697773			
MIR632	-0.17653984197982447			
MIR519E_5P	-0.17655772523628455			
GSE8384_CTRL_VS_B_ABORTUS_4H_MAC_CELL_LINE_UP	-0.1765996990887494			
GO_RESPONSE_TO_VITAMIN_A	-0.17662821330475			
MIR3649	-0.17667005617512896			
GO_POSITIVE_REGULATION_OF_PROTEIN_SUMOYLATION	-0.1767028698104879			
GO_CELL_DIVISION	-0.17670825255820174			
MIR450B_3P	-0.176709207133357			
ZNF512_TARGET_GENES	-0.1767633136521278			
chr9p21	-0.17677500256233547			
GSE14413_UNSTIM_VS_IFNB_STIM_RAW264_CELLS_UP	-0.17679371950276007			
GO_POSITIVE_REGULATION_OF_MYOBLAST_DIFFERENTIATION	-0.17680225306013064			
GO_DETECTION_OF_STIMULUS_INVOLVED_IN_SENSORY_PERCEPTION	-0.1768156464151903			
CHOP_01	-0.17681996979527517			
GO_MACROPHAGE_INFLAMMATORY_PROTEIN_1_ALPHA_PRODUCTION	-0.17684980817345808			
GOBERT_CORE_OLIGODENDROCYTE_DIFFERENTIATION	-0.17685668103134308			
GO_NEGATIVE_REGULATION_OF_TRANSCRIPTION_REGULATORY_REGION_DNA_BINDING	-0.17685968364133067			
RUAN_RESPONSE_TO_TNF_TROGLITAZONE_DN	-0.17686790284497592			
MIR1281	-0.17690900228371317			
DAZARD_UV_RESPONSE_CLUSTER_G5	-0.17691961677601786			
GO_TANGENTIAL_MIGRATION_FROM_THE_SUBVENTRICULAR_ZONE_TO_THE_OLFACTORY_BULB	-0.17693674624953795			
GO_SECRETORY_GRANULE_ORGANIZATION	-0.1769487215195379			
GO_DOUBLE_STRAND_BREAK_REPAIR_VIA_CLASSICAL_NONHOMOLOGOUS_END_JOINING	-0.17696540463615465			
LEE_NAIVE_T_LYMPHOCYTE	-0.17697428258788062			
WATANABE_COLON_CANCER_MSI_VS_MSS_DN	-0.1769937288162515			
GSE28737_WT_VS_BCL6_HET_FOLLICULAR_BCELL_UP	-0.17700477363777065			
chr12p13	-0.1770086870387984			
GO_REGULATION_OF_CELLULAR_RESPIRATION	-0.1770377481920505			
GO_DEFENSE_RESPONSE_TO_GRAM_NEGATIVE_BACTERIUM	-0.17703951684339486			
GO_TRNA_SPECIFIC_RIBONUCLEASE_ACTIVITY	-0.177041252337444			
chr2q34	-0.17705952116334056			
GO_SYNAPTIC_VESICLE_PRIMING	-0.17709401712474143			
SHIPP_DLBCL_CURED_VS_FATAL_UP	-0.17709538300428232			
MIR587	-0.17709998483105854			
MIR6886_5P	-0.17710027002247208			
SUZUKI_CTCFL_TARGETS_UP	-0.17710343723014418			
GO_GUANYL_NUCLEOTIDE_EXCHANGE_FACTOR_COMPLEX	-0.17712601344290252			
REACTOME_SYNTHESIS_OF_DOLICHYL_PHOSPHATE	-0.17712724086675768			
GSE45739_NRAS_KO_VS_WT_UNSTIM_CD4_TCELL_UP	-0.177138946710712			
GO_MICROTUBULE_BUNDLE_FORMATION	-0.17714202817064298			
GO_POSITIVE_REGULATION_OF_PHOSPHATIDYLINOSITOL_BIOSYNTHETIC_PROCESS	-0.17715208369063193			
ADA2_TARGET_GENES	-0.17716256197176267			
GO_PHOSPHODIESTERASE_I_ACTIVITY	-0.17716763371846217			
GSE45837_WT_VS_GFI1_KO_PDC_UP	-0.1771752967718468			
GO_CELL_PROLIFERATION_IN_HINDBRAIN	-0.17717727420801055			
GSE41867_NAIVE_VS_DAY15_LCMV_CONE13_EFFECTOR_CD8_TCELL_DN	-0.1771804765284623			
MIR2681_5P	-0.17718518547688936			
MIR6853_3P	-0.17718952398742374			
GO_REGULATION_OF_LIPID_CATABOLIC_PROCESS	-0.17721341125278156			
GO_NUCLEOSIDE_TRIPHOSPHATE_BIOSYNTHETIC_PROCESS	-0.1772161058601026			
IPA_SNAI1_UP	-0.17723934429601956			
GO_REGULATION_OF_STEM_CELL_POPULATION_MAINTENANCE	-0.177240130564354			
WEST_ADRENOCORTICAL_TUMOR_MARKERS_DN	-0.17724300681594365			
MIR8073	-0.17726441431650108			
GO_NEUTROPHIL_MEDIATED_CYTOTOXICITY	-0.17729217588447715			
GO_LUTEINIZATION	-0.1772922500778662			
GO_POSITIVE_REGULATION_OF_PROGRAMMED_NECROTIC_CELL_DEATH	-0.17729288169101184			
GO_CAMP_BIOSYNTHETIC_PROCESS	-0.17731167409810727			
GO_ADENYLATE_CYCLASE_ACTIVITY	-0.17731167409810727			
MIR10527_5P	-0.17734065612764002			
MIR1252_3P	-0.17735805903671809			
USF_Q6	-0.1773740597539007			
GO_5_DEOXYRIBOSE_5_PHOSPHATE_LYASE_ACTIVITY	-0.17737700373710885			
GO_RIBONUCLEOSIDE_TRIPHOSPHATE_METABOLIC_PROCESS	-0.17740294506361529			
MIR5571_5P	-0.17741385876291713			
GO_HAPTOGLOBIN_BINDING	-0.1774207897156487			
GO_BETA_N_ACETYLHEXOSAMINIDASE_ACTIVITY	-0.17743774900680215			
GO_MEIOTIC_CELL_CYCLE_PHASE_TRANSITION	-0.17743786308170564			
GO_NEGATIVE_REGULATION_OF_CHEMOKINE_MEDIATED_SIGNALING_PATHWAY	-0.17744159819788427			
GSE5099_UNSTIM_VS_MCSF_TREATED_MONOCYTE_DAY7_DN	-0.17746482222316387			
REACTOME_ORGANIC_ANION_TRANSPORTERS	-0.17746620054637866			
REACTOME_RNA_POLYMERASE_III_TRANSCRIPTION	-0.17747361577903611			
GSE12707_AT16L1_HYPOMORPH_VS_WT_THYMUS_UP	-0.17747456228425795			
GO_SENSORY_PERCEPTION_OF_CHEMICAL_STIMULUS	-0.17751147718748642			
LINDGREN_BLADDER_CANCER_CLUSTER_3_UP	-0.17752639515386245			
ZNF669_TARGET_GENES	-0.17753666551094693			
GO_ADENYLATE_CYCLASE_ACTIVATING_G_PROTEIN_COUPLED_RECEPTOR_SIGNALING_PATHWAY	-0.17756074962612986			
CRGAARNNNNCGA_UNKNOWN	-0.17756646389164019			
GO_SUMO_LIGASE_COMPLEX	-0.17757388993878231			
SCHUHMACHER_MYC_TARGETS_UP	-0.17758284811727218			
GO_HORMONE_RECEPTOR_BINDING	-0.17764562134846418			
IPA_KAT7_DN	-0.17765251884808017			
IPA_KDM4C_UP	-0.17765251884808017			
GO_NEGATIVE_REGULATION_OF_MITOCHONDRIAL_MEMBRANE_PERMEABILITY	-0.1776652448695575			
GSE15659_RESTING_VS_ACTIVATED_TREG_UP	-0.17766724527334715			
STAT1_01	-0.1776790581909991			
PBX1_02	-0.17769284361218637			
MIR892B	-0.17769808908468424			
GO_PURINE_DEOXYRIBONUCLEOTIDE_METABOLIC_PROCESS	-0.17770650071865046			
GSE43863_TFH_VS_LY6C_INT_CXCR5POS_MEMORY_CD4_TCELL_DN	-0.177709187236843			
GO_PHOSPHOFRUCTOKINASE_ACTIVITY	-0.17776630316089378			
GSE3982_EOSINOPHIL_VS_NKCELL_DN	-0.17777499354810805			
MIR4436B_5P	-0.17779182639479008			
YTTCCNNNGGAMR_UNKNOWN	-0.17779271717932915			
GO_TROPONIN_I_BINDING	-0.17780217233794737			
GSE27786_NEUTROPHIL_VS_MONO_MAC_DN	-0.1778391265252686			
GO_MITOTIC_METAPHASE_PLATE_CONGRESSION	-0.17787987158430818			
MIR331_3P	-0.17788953529914364			
MIR5197_3P	-0.17790926021594483			
CC2D1A_TARGET_GENES	-0.17791947381318965			
GSE22432_MULTIPOTENT_VS_COMMON_DC_PROGENITOR_UP	-0.17792433702487664			
GO_ATP_METABOLIC_PROCESS	-0.17793443564067415			
MIR4683	-0.17796246672895003			
DELASERNA_TARGETS_OF_MYOD_AND_SMARCA4	-0.17796357210363126			
GO_CELLULAR_RESPONSE_TO_LEUCINE_STARVATION	-0.17796483136685678			
MIR10A_3P	-0.177988458123441			
WANG_RESPONSE_TO_FORSKOLIN_UP	-0.17801924095445057			
GO_TRICUSPID_VALVE_DEVELOPMENT	-0.17803188141319773			
GO_NEURON_DEATH_IN_RESPONSE_TO_OXIDATIVE_STRESS	-0.17807797595189967			
GO_MYELOID_PROGENITOR_CELL_DIFFERENTIATION	-0.17808177485491722			
MIR516A_5P	-0.1781012075709967			
IPA_HDAC3_DN	-0.17810148362445105			
GO_POSITIVE_REGULATION_OF_EPITHELIAL_CELL_PROLIFERATION_INVOLVED_IN_LUNG_MORPHOGENESIS	-0.1781015397836916			
GO_HYDROGEN_PEROXIDE_CATABOLIC_PROCESS	-0.1781039353029292			
GSE8685_IL2_STARVED_VS_IL15_ACT_IL2_STARVED_CD4_TCELL_DN	-0.17810459520783756			
GO_NEGATIVE_REGULATION_OF_INTERLEUKIN_6_SECRETION	-0.1781494080964932			
GO_PURINE_NUCLEOTIDE_TRANSMEMBRANE_TRANSPORTER_ACTIVITY	-0.17816725870213337			
ZHAN_MULTIPLE_MYELOMA_LB_UP	-0.17819819933292			
GO_RNA_POLYMERASE_III_REGULATORY_REGION_DNA_BINDING	-0.17822388207160134			
GO_PURINE_NUCLEOSIDE_TRIPHOSPHATE_METABOLIC_PROCESS	-0.17823214676184906			
GSE6259_BCELL_VS_CD4_TCELL_DN	-0.1782392347597306			
IPA_NHLH1_UP	-0.17829684942635451			
GO_TRICUSPID_VALVE_MORPHOGENESIS	-0.17830229596825814			
BIOCARTA_LIS1_PATHWAY	-0.17830798448074148			
MCCABE_HOXC6_TARGETS_CANCER_UP	-0.1783356948411214			
GO_UV_DAMAGE_EXCISION_REPAIR	-0.17834269343808748			
GO_RNA_IMPORT_INTO_MITOCHONDRION	-0.17836227800864382			
GO_NEGATIVE_REGULATION_OF_PROTEIN_LOCALIZATION_TO_MICROTUBULE	-0.17838440079140816			
MIR593_3P	-0.17838788372630374			
MYCMAX_03	-0.17842019224752445			
chrXq28	-0.1784515514135316			
GO_POSITIVE_REGULATION_OF_MEIOTIC_CELL_CYCLE_PHASE_TRANSITION	-0.1784601992617687			
IPA_NR0B1_DN	-0.17846288113054332			
IPA_NR0B1_UP	-0.17846288113054332			
GSE19888_CTRL_VS_A3R_ACTIVATION_MAST_CELL_DN	-0.17847231550280782			
IPA_DNMT1_DN	-0.1785048691822136			
GO_POSITIVE_REGULATION_OF_CELL_CYCLE_G1_S_PHASE_TRANSITION	-0.17852506026636814			
ZNF350_TARGET_GENES	-0.17853471798375078			
MIR202_3P	-0.17856512618595172			
chr19q12	-0.17857227647312815			
CATTGTYY_SOX9_B1	-0.17857726295384			
MIR601	-0.1785893403263586			
GO_PROTEIN_INSERTION_INTO_ER_MEMBRANE	-0.17858971955403335			
HFH8_01	-0.17860756088983756			
REACTOME_BBSOME_MEDIATED_CARGO_TARGETING_TO_CILIUM	-0.17861685536787375			
ZHENG_IL22_SIGNALING_DN	-0.1786411849311677			
chr2q31	-0.17865475648973222			
MIR6505_3P	-0.1786614142170654			
GSE36095_WT_VS_HDAC9_KO_TREG_DN	-0.17866596384389694			
ZSCAN5B_TARGET_GENES	-0.17871186537386427			
GSE14908_RESTING_VS_HDM_STIM_CD4_TCELL_NONATOPIC_PATIENT_UP	-0.17872430438037742			
OISHI_CHOLANGIOMA_STEM_CELL_LIKE_UP	-0.17878683118168562			
MIR515_5P	-0.17879146571935275			
GO_OXYGEN_CARRIER_ACTIVITY	-0.17883161429335162			
MIR942_5P	-0.1788378803737285			
IPA_MYCN_UP	-0.1788609288424522			
GO_DENDRITIC_SPINE_HEAD	-0.17887141634879697			
MIR12120	-0.17887321903397477			
REACTOME_FRUCTOSE_METABOLISM	-0.17889892191841547			
GSE3982_EOSINOPHIL_VS_EFF_MEMORY_CD4_TCELL_DN	-0.17892695594152955			
GO_SENSORY_PERCEPTION	-0.17893109848330985			
SHARMA_PILOCYTIC_ASTROCYTOMA_LOCATION_DN	-0.1789320132975693			
GO_AROMATIC_AMINO_ACID_FAMILY_METABOLIC_PROCESS	-0.17893992094870234			
FAC1_01	-0.1789485902189803			
GTAGGCA_MIR189	-0.17895158905924569			
REACTOME_POST_CHAPERONIN_TUBULIN_FOLDING_PATHWAY	-0.17895458423307248			
GSE15930_NAIVE_VS_48H_IN_VITRO_STIM_CD8_TCELL_DN	-0.17897876829413			
GSE32533_WT_VS_MIR17_OVEREXPRESS_ACT_CD4_TCELL_UP	-0.17900729493797884			
IPA_E2F3_UP	-0.1790136680461209			
GO_NEGATIVE_REGULATION_OF_MAST_CELL_ACTIVATION	-0.17901398771981097			
REACTOME_E2F_ENABLED_INHIBITION_OF_PRE_REPLICATION_COMPLEX_FORMATION	-0.17902931192702673			
MIR6738_5P	-0.17903941839735507			
MIR6783_3P	-0.1790426140536927			
WINNEPENNINCKX_MELANOMA_METASTASIS_UP	-0.17905748059692878			
STARK_HYPPOCAMPUS_22Q11_DELETION_DN	-0.17906286111875308			
MIR541_3P	-0.1791078507313573			
MIR4777_5P	-0.17911373932367544			
LOPEZ_MBD_TARGETS_IMPRINTED_AND_X_LINKED	-0.17911569619459228			
REACTOME_N_GLYCAN_TRIMMING_AND_ELONGATION_IN_THE_CIS_GOLGI	-0.17913743333230656			
RUVBL2_TARGET_GENES	-0.17914117748957425			
GO_ASTROCYTE_END_FOOT	-0.17916596734588794			
GO_ROUNDABOUT_BINDING	-0.1791992513569291			
GO_MANNOSIDASE_ACTIVITY	-0.17920043000807828			
GO_AEROBIC_ELECTRON_TRANSPORT_CHAIN	-0.17926616143154278			
IPA_FOXP3_DN	-0.17926994415939265			
MIR6755_5P	-0.17927267335191382			
MIR6892_5P	-0.17927937676130784			
GSE19401_UNSTIM_VS_PAM2CSK4_STIM_FOLLICULAR_DC_UP	-0.17932105023882466			
GO_RNA_POLYMERASE_II_TRANSCRIPTION_FACTOR_BINDING	-0.17934350623199374			
GO_NEGATIVE_REGULATION_OF_BONE_DEVELOPMENT	-0.17934529389187145			
GO_GLYCOSPHINGOLIPID_BINDING	-0.17935112844491408			
GO_CYCLIN_DEPENDENT_PROTEIN_SERINE_THREONINE_KINASE_ACTIVATOR_ACTIVITY	-0.17936834150353187			
FIGUEROA_AML_METHYLATION_CLUSTER_4_DN	-0.1794170659402962			
CHEN_ETV5_TARGETS_SERTOLI	-0.17943455624541205			
GO_POSITIVE_REGULATION_OF_MITOTIC_NUCLEAR_DIVISION	-0.179441037342165			
GO_ALANINE_TRANSMEMBRANE_TRANSPORTER_ACTIVITY	-0.17948587096087798			
GO_L_ALANINE_TRANSPORT	-0.17948587096087798			
GO_AMINO_ACID_BETAINE_BIOSYNTHETIC_PROCESS	-0.17951807327063			
PAX3_B	-0.17953459879644346			
GO_RESPONSE_TO_METHOTREXATE	-0.17954003883782169			
GO_RESPONSE_TO_GONADOTROPIN_RELEASING_HORMONE	-0.17955675415376032			
IPA_NR6A1_DN	-0.17955813373632673			
chr9q32	-0.17957236744717683			
GO_ADENOHYPOPHYSIS_DEVELOPMENT	-0.17957691292465927			
GO_DETERMINATION_OF_DIGESTIVE_TRACT_LEFT_RIGHT_ASYMMETRY	-0.17957917700889411			
MIR6789_5P	-0.17958703317673644			
GO_MUSCLE_MYOSIN_COMPLEX	-0.1796362579805313			
LFA1_Q6	-0.1796446671225433			
GO_PHOSPHOLIPASE_C_ACTIVATING_G_PROTEIN_COUPLED_RECEPTOR_SIGNALING_PATHWAY	-0.17964625864361583			
MIR4425	-0.17966217715236826			
GO_DEFINITIVE_HEMOPOIESIS	-0.17966701252454306			
GO_MOTILE_CILIUM_ASSEMBLY	-0.17968743183108327			
chr15q14	-0.17969350897812844			
MIR4311	-0.17969392357189212			
GO_PROTOPORPHYRINOGEN_IX_BIOSYNTHETIC_PROCESS	-0.17969644108177085			
CAGCAGG_MIR370	-0.17970302347142708			
MIR626	-0.1797462439229112			
FOXE1_TARGET_GENES	-0.17975446888858962			
chr13q31	-0.179805609774578			
NIKOLSKY_BREAST_CANCER_16P13_AMPLICON	-0.17980678964611838			
GSE22611_MUTANT_NOD2_VS_CTRL_TRANSDUCED_HEK293T_CELL_DN	-0.17981021601205205			
BIOCARTA_AHSP_PATHWAY	-0.17981214377344487			
GO_PYRUVATE_DEHYDROGENASE_COMPLEX	-0.17982630704931643			
GO_LIGAND_GATED_CALCIUM_CHANNEL_ACTIVITY	-0.17984276252163178			
BIOCARTA_FOSB_PATHWAY	-0.17985691751929375			
PYEON_CANCER_HEAD_AND_NECK_VS_CERVICAL_UP	-0.17986293969955058			
GO_UBIQUITIN_LIKE_PROTEIN_CONJUGATING_ENZYME_BINDING	-0.17987003242269375			
chr4p12	-0.17987624867896512			
MIR12131	-0.17988324627862723			
APPIERTO_RESPONSE_TO_FENRETINIDE_DN	-0.17988340167867634			
MIR4433B_5P	-0.17991087774075526			
CAGCTG_AP4_Q5	-0.17991298718436577			
REACTOME_OLFACTORY_SIGNALING_PATHWAY	-0.17993613856380924			
MIR6776_3P	-0.17995151181505348			
LASTOWSKA_NEUROBLASTOMA_COPY_NUMBER_UP	-0.17995868392244674			
GSE14000_TRANSLATED_RNA_VS_MRNA_DC_UP	-0.18000130365487077			
DLX4_TARGET_GENES	-0.18000364050552603			
GO_FORMATION_OF_ANATOMICAL_BOUNDARY	-0.18000705768471628			
GO_REGULATION_OF_GLYCOGEN_STARCH_SYNTHASE_ACTIVITY	-0.18000789411036583			
WEBER_METHYLATED_LCP_IN_SPERM_DN	-0.1800083064730818			
GO_PEBOW_COMPLEX	-0.18001209716035238			
SU_SALIVARY_GLAND	-0.18002394871233157			
GO_MANNOSYL_OLIGOSACCHARIDE_MANNOSIDASE_ACTIVITY	-0.18002429307501852			
GO_INTRACELLULAR_STEROID_HORMONE_RECEPTOR_SIGNALING_PATHWAY	-0.18002581299446377			
IPA_NEUROG2_DN	-0.18004294330297782			
GO_DNA_STRAND_RENATURATION	-0.18004549515184404			
GSE31082_DN_VS_CD8_SP_THYMOCYTE_UP	-0.18004820168845212			
REACTOME_REGULATION_OF_TP53_ACTIVITY_THROUGH_ASSOCIATION_WITH_CO_FACTORS	-0.18005077506261538			
MIR3620_5P	-0.18006166035415583			
MIR6515_5P	-0.18007394794958498			
GO_N_ACYLPHOSPHATIDYLETHANOLAMINE_METABOLIC_PROCESS	-0.18009764166166625			
GO_LOCALIZATION_WITHIN_MEMBRANE	-0.1801130878576538			
GO_REGULATION_OF_ACTIN_NUCLEATION	-0.180130068656627			
GSE45739_NRAS_KO_VS_WT_ACD3_ACD28_STIM_CD4_TCELL_DN	-0.18016857713868614			
GSE2128_C57BL6_VS_NOD_THYMOCYTE_DN	-0.18017793810665408			
GO_WNT_SIGNALING_PATHWAY_CALCIUM_MODULATING_PATHWAY	-0.18018506663300135			
STAEGE_EWING_FAMILY_TUMOR	-0.18022134202446602			
GO_MESENCHYME_MORPHOGENESIS	-0.18022804170511506			
REACTOME_ALPHA_DEFENSINS	-0.18022877508589932			
GO_RENAL_SODIUM_EXCRETION	-0.1802341188708589			
GO_NF_KAPPAB_INDUCING_KINASE_ACTIVITY	-0.18024742882607397			
GO_ADENYLATE_CYCLASE_BINDING	-0.1802592770750758			
GO_SKELETAL_MUSCLE_SATELLITE_CELL_MAINTENANCE_INVOLVED_IN_SKELETAL_MUSCLE_REGENERATION	-0.1802759962068083			
IPA_CDK9_UP	-0.18030095948634467			
GSE17721_CPG_VS_GARDIQUIMOD_1H_BMDC_UP	-0.18031003302711002			
TOX4_TARGET_GENES	-0.18035470874111226			
IPA_SMAD6_UP	-0.18035556132565717			
MIR1208	-0.1803580895587398			
GO_POSITIVE_REGULATION_OF_GLIAL_CELL_MIGRATION	-0.18036227935672863			
chr7q34	-0.18038898493669112			
MIR497_3P	-0.18039431793451827			
GO_DIPHOSPHOINOSITOL_POLYPHOSPHATE_DIPHOSPHATASE_ACTIVITY	-0.1804057301553287			
GO_PARANODAL_JUNCTION_ASSEMBLY	-0.18042131076555717			
YANG_BREAST_CANCER_ESR1_DN	-0.18042149477888716			
MIR522_3P	-0.18042763231579942			
MIR4666A_5P	-0.1804473770210658			
GO_PROTEIN_INSERTION_INTO_MITOCHONDRIAL_MEMBRANE	-0.18045489028114267			
GSE25123_CTRL_VS_ROSIGLITAZONE_STIM_MACROPHAGE_DN	-0.18046488954744913			
REACTOME_FORMATION_OF_TC_NER_PRE_INCISION_COMPLEX	-0.18047095520748732			
WEST_ADRENOCORTICAL_TUMOR_MARKERS_UP	-0.1804773539146099			
GSE13306_TREG_RA_VS_TCONV_RA_DN	-0.18048310809486356			
ZNF777_TARGET_GENES	-0.18048345947369282			
GO_NUCLEAR_RECEPTOR_BINDING	-0.18048973485225028			
GO_REGULATION_OF_ATTACHMENT_OF_SPINDLE_MICROTUBULES_TO_KINETOCHORE	-0.18050821644478435			
NKX22_01	-0.18051906897925135			
PETRETTO_LEFT_VENTRICLE_MASS_QTL_CIS_UP	-0.1805254093268693			
GO_GERM_CELL_NUCLEUS	-0.18054847304016763			
GO_POSITIVE_REGULATION_OF_GLYCOGEN_STARCH_SYNTHASE_ACTIVITY	-0.18057602978016632			
GSE5589_WT_VS_IL10_KO_LPS_AND_IL6_STIM_MACROPHAGE_45MIN_DN	-0.18061482908951806			
PID_IL27_PATHWAY	-0.18061558093413696			
IPA_RCOR1_DN	-0.18062837118759553			
GO_PROTEIN_TAG	-0.18063252401235136			
GO_PURINE_DEOXYRIBONUCLEOSIDE_TRIPHOSPHATE_METABOLIC_PROCESS	-0.18064870443471745			
MIR944	-0.18065162052713268			
GSE35543_IN_VIVO_NTREG_VS_CONVERTED_EX_ITREG_UP	-0.18066787748918545			
MIR4273	-0.1806777418964982			
IPA_ZBTB16_DN	-0.18069989040085235			
GSE17721_PAM3CSK4_VS_CPG_1H_BMDC_UP	-0.18071683851818934			
HSF2_01	-0.1807309559276627			
GO_RRNA_PSEUDOURIDINE_SYNTHESIS	-0.18075086174786506			
REACTOME_TRANSPORT_OF_FATTY_ACIDS	-0.18075188924435498			
IPA_GFI1B_UP	-0.18078134166334406			
GO_PHOSPHORIC_ESTER_HYDROLASE_ACTIVITY	-0.180785495746112			
WANG_METASTASIS_OF_BREAST_CANCER_ESR1_UP	-0.18078804333335052			
GSE7460_CD8_TCELL_VS_TREG_ACT_DN	-0.18082124224873794			
MIR433_3P	-0.1808242346084237			
MIR6770_5P	-0.1808266252692436			
REACTOME_BETA_OXIDATION_OF_BUTANOYL_COA_TO_ACETYL_COA	-0.18082725530310523			
chr10p12	-0.1808363746805177			
GO_STEROL_BIOSYNTHETIC_PROCESS	-0.18085895101268137			
GO_PHOSPHOLIPID_EFFLUX	-0.18087821108272686			
MIR3664_3P	-0.18088371369481374			
GSE14000_TRANSLATED_RNA_VS_MRNA_16H_LPS_DC_DN	-0.18089206970927735			
OSADA_ASCL1_TARGETS_UP	-0.18089283789587807			
GO_OXIDOREDUCTASE_ACTIVITY_ACTING_ON_A_HEME_GROUP_OF_DONORS	-0.18089482426648143			
MIR489_3P	-0.18089516671207165			
MIR1264	-0.1809095805051666			
GSE11973_MIR223_KOVS_WT_BONE_MARROW_NEUTROPHIL_DN	-0.18092583973346396			
MIR9902	-0.1809511451864637			
MIR602	-0.1809592810395265			
GO_EXOCYTIC_PROCESS	-0.18100575685746711			
MIR6838_3P	-0.18100820287832228			
GSE15930_STIM_VS_STIM_AND_TRICHOSTATINA_24H_CD8_T_CELL_DN	-0.1810090496767351			
GO_CARBOXY_LYASE_ACTIVITY	-0.18103102478032396			
REACTOME_TRIGLYCERIDE_BIOSYNTHESIS	-0.18104574169908252			
GO_DIADENOSINE_POLYPHOSPHATE_METABOLIC_PROCESS	-0.18107160258015967			
chr10p13	-0.1810801090380948			
GO_PTERIDINE_CONTAINING_COMPOUND_METABOLIC_PROCESS	-0.18108127289090648			
YAATNANRNNNCAG_UNKNOWN	-0.18108655430666457			
chr15q13	-0.1811167716132031			
GR_01	-0.18112080705034714			
IPA_ZFPM1_UP	-0.18112807029412975			
GSE30153_LUPUS_VS_HEALTHY_DONOR_BCELL_UP	-0.18114959178087514			
GSE41978_WT_VS_ID2_KO_AND_BIM_KO_KLRG1_LOW_EFFECTOR_CD8_TCELL_UP	-0.18117573260027092			
GO_GLYCERALDEHYDE_3_PHOSPHATE_METABOLIC_PROCESS	-0.18117925427055578			
GSE1448_ANTI_VALPHA2_VS_VBETA5_DP_THYMOCYTE_UP	-0.18120933246644103			
PID_HIF1A_PATHWAY	-0.18123182212946773			
IPA_SOX1_UP	-0.1812434669409707			
GO_CELLULAR_BIOGENIC_AMINE_METABOLIC_PROCESS	-0.181257466225408			
IPA_JUND_DN	-0.1812647406564285			
SALL4_TARGET_GENES	-0.18127464020918757			
GO_POSITIVE_REGULATION_OF_CATECHOLAMINE_SECRETION	-0.1812781220051729			
MURAKAMI_UV_RESPONSE_1HR_DN	-0.18128260583213127			
GO_HEPATIC_STELLATE_CELL_ACTIVATION	-0.18130077590512184			
MIR629_5P	-0.18131550489084156			
GO_MEDIUM_CHAIN_FATTY_ACID_METABOLIC_PROCESS	-0.18135672640565967			
GO_ATRIOVENTRICULAR_VALVE_FORMATION	-0.18139076552937894			
EVI1_06	-0.18139328787961817			
RAY_TUMORIGENESIS_BY_ERBB2_CDC25A_UP	-0.18141293460741123			
MIR5002_3P	-0.1814152264452903			
GO_REGULATION_OF_PROTEIN_K63_LINKED_UBIQUITINATION	-0.18142251312549798			
GO_SEROTONIN_METABOLIC_PROCESS	-0.18142649657089546			
POMEROY_MEDULLOBLASTOMA_PROGNOSIS_UP	-0.1814365655398937			
GSE15930_STIM_VS_STIM_AND_IL12_24H_CD8_T_CELL_UP	-0.18145214338613053			
MIR5584_3P	-0.18145317258780458			
MIR372_5P	-0.18145584026476735			
REACTOME_PHOSPHORYLATION_OF_EMI1	-0.18146368773596352			
MIR563	-0.18147080035301252			
MIR5706	-0.18148174587109603			
CDC5L_TARGET_GENES	-0.1814833463622095			
HUMMERICH_BENIGN_SKIN_TUMOR_DN	-0.18149964655933862			
ZNF22_TARGET_GENES	-0.18150337397804922			
MIR6736_3P	-0.181506819946259			
GO_DETERMINATION_OF_LIVER_LEFT_RIGHT_ASYMMETRY	-0.1815217555275736			
GO_TERMINAL_BUTTON_ORGANIZATION	-0.18153508499011942			
MIR653_3P	-0.18153718077275643			
MIR210_5P	-0.18153752622824335			
GO_SCARNA_LOCALIZATION_TO_CAJAL_BODY	-0.18156606072196219			
GO_NEDD8_TRANSFERASE_ACTIVITY	-0.1815669820833589			
AP2_Q3	-0.18159256891928188			
GSE16385_IFNG_TNF_VS_IL4_STIM_MACROPHAGE_DN	-0.18159628493807614			
MAYBURD_RESPONSE_TO_L663536_UP	-0.18160107708702167			
GO_REGULATION_OF_CELL_COMMUNICATION_BY_ELECTRICAL_COUPLING	-0.18160265305985474			
GO_ALPHA_AMYLASE_ACTIVITY_RELEASING_MALTOHEXAOSE	-0.18162554530108838			
LEE_CALORIE_RESTRICTION_NEOCORTEX_UP	-0.18164381350187928			
GO_GONADAL_MESODERM_DEVELOPMENT	-0.18164912598641594			
GO_POSITIVE_REGULATION_OF_ACTIN_CYTOSKELETON_REORGANIZATION	-0.18166442220776682			
HDAC3_TARGET_GENES	-0.1816647621314225			
DANG_MYC_TARGETS_UP	-0.1816785168886907			
ZFP28_TARGET_GENES	-0.1816882160729475			
RB_P130_DN.V1_UP	-0.1816892454568459			
REACTOME_GPCR_LIGAND_BINDING	-0.18169109406801368			
GSE17721_POLYIC_VS_PAM3CSK4_24H_BMDC_DN	-0.1817013086455908			
IPA_E2F5_DN	-0.18171830053126134			
GO_POSITIVE_REGULATION_OF_STEM_CELL_POPULATION_MAINTENANCE	-0.18172062547800027			
chr2q33	-0.1817271520795781			
SREBP1_01	-0.18172846689325897			
GO_REGULATION_OF_VENTRICULAR_CARDIAC_MUSCLE_CELL_MEMBRANE_DEPOLARIZATION	-0.18176123817300088			
MIR1322	-0.1817911200226365			
GO_SPERM_MIDPIECE	-0.1818220951084004			
REACTOME_REGULATION_OF_PTEN_MRNA_TRANSLATION	-0.18186339274360416			
GO_REGULATION_OF_DOPAMINE_SECRETION	-0.1818987343642935			
MIR4721	-0.1819054767158479			
MIR663B	-0.18192659487891386			
PARK_HSC_VS_MULTIPOTENT_PROGENITORS_DN	-0.1819357499504646			
CAMPS_COLON_CANCER_COPY_NUMBER_UP	-0.18194389051825194			
MIR10523_5P	-0.18194603244790292			
SRC_UP.V1_DN	-0.18195472872523524			
GO_REGULATION_OF_INTRACELLULAR_STEROID_HORMONE_RECEPTOR_SIGNALING_PATHWAY	-0.18195969961887268			
MIR4283	-0.1819653533905482			
REACTOME_UBIQUINOL_BIOSYNTHESIS	-0.18197483141319318			
MIR9898	-0.18197957659806832			
GO_MEMBRANE_DEPOLARIZATION	-0.1819912143889335			
CAFFAREL_RESPONSE_TO_THC_24HR_5_DN	-0.18199647567339658			
GSE4142_PLASMA_CELL_VS_GC_BCELL_DN	-0.18203458883290746			
GSE32164_RESTING_DIFFERENTIATED_VS_ALTERNATIVELY_ACT_M2_MACROPHAGE_UP	-0.18204395480380745			
chr11q23	-0.18206014649733487			
GSE21670_UNTREATED_VS_TGFB_IL6_TREATED_STAT3_KO_CD4_TCELL_UP	-0.1821035945175545			
MIR4782_5P	-0.18210541373548209			
GO_REGULATION_OF_APPETITE	-0.18211620955892774			
GSE40274_CTRL_VS_SATB1_TRANSDUCED_ACTIVATED_CD4_TCELL_DN	-0.18212077279229544			
GSE1566_WT_VS_EZH2_KO_LN_TCELL_DN	-0.18214762296224035			
GO_PHOSPHATIDYLGLYCEROL_METABOLIC_PROCESS	-0.18218053622549063			
GSE360_L_DONOVANI_VS_T_GONDII_DC_DN	-0.18218088320617784			
GO_BETA_CATENIN_TCF_COMPLEX	-0.18218542541466368			
MIR219A_2_3P	-0.18220704251041567			
REACTOME_PHOSPHOLIPASE_C_MEDIATED_CASCADE_FGFR4	-0.18221383699696514			
GO_ATRIAL_CARDIAC_MUSCLE_TISSUE_DEVELOPMENT	-0.1822231247149461			
GO_SEROTONIN_RECEPTOR_ACTIVITY	-0.1822378269489677			
SCIAN_CELL_CYCLE_TARGETS_OF_TP53_AND_TP73_DN	-0.182252272105136			
MARKEY_RB1_CHRONIC_LOF_UP	-0.18225403168432497			
GSE39820_TGFBETA1_VS_TGFBETA3_IN_IL6_IL23A_TREATED_CD4_TCELL_UP	-0.1822726076556884			
LIU_CMYB_TARGETS_DN	-0.1822897806670572			
SREBP1_Q6	-0.18230111812246544			
GO_JUNCTIONAL_MEMBRANE_COMPLEX	-0.18230477526226807			
REACTOME_CLASS_A_1_RHODOPSIN_LIKE_RECEPTORS	-0.1823064796488297			
GO_MIDBRAIN_HINDBRAIN_BOUNDARY_DEVELOPMENT	-0.18231165930049237			
MIR4758_3P	-0.18234408739458843			
PHF21A_TARGET_GENES	-0.18234983089887263			
MYB_Q3	-0.18236584679553816			
GO_REGULATION_OF_NUCLEOTIDE_METABOLIC_PROCESS	-0.1823680617371079			
GO_NEGATIVE_REGULATION_OF_CALCIUM_ION_IMPORT	-0.18237779642930868			
GSE17721_POLYIC_VS_GARDIQUIMOD_6H_BMDC_DN	-0.18239005291702753			
GO_TRIGLYCERIDE_LIPASE_ACTIVITY	-0.1824035385553134			
GO_MHC_CLASS_I_PROTEIN_COMPLEX_BINDING	-0.18244016218637144			
MIR6762_5P	-0.18245394600560594			
KEGG_MTOR_SIGNALING_PATHWAY	-0.1824697060725374			
GO_POSITIVE_REGULATION_OF_THE_FORCE_OF_HEART_CONTRACTION	-0.18248030020415407			
IPA_EGR2_DN	-0.182480620753166			
GO_G_QUADRUPLEX_DNA_BINDING	-0.1824843940954716			
GSE29618_PRE_VS_DAY7_POST_LAIV_FLU_VACCINE_PDC_DN	-0.18250018005431934			
GO_NEGATIVE_REGULATION_OF_DELAYED_RECTIFIER_POTASSIUM_CHANNEL_ACTIVITY	-0.18250107856775769			
GO_RRNA_BASE_METHYLATION	-0.1825027119202343			
MOOTHA_GLYCOLYSIS	-0.18253026111395715			
GO_POSITIVE_REGULATION_OF_SYSTEMIC_ARTERIAL_BLOOD_PRESSURE	-0.18253302243014383			
GSE32986_GMCSF_VS_GMCSF_AND_CURDLAN_LOWDOSE_STIM_DC_DN	-0.1825381987499402			
GO_POSITIVE_REGULATION_OF_MULTICELLULAR_ORGANISM_GROWTH	-0.1825627558726507			
GO_HISTONE_METHYLTRANSFERASE_ACTIVITY_H3_K9_SPECIFIC	-0.18258096851313171			
GO_REGULATION_OF_APOPTOTIC_CELL_CLEARANCE	-0.1825853750768515			
TAAWWATAG_RSRFC4_Q2	-0.18259387890046086			
IPA_E2F1_UP	-0.18263050619657278			
CHEMELLO_SOLEUS_VS_EDL_MYOFIBERS_DN	-0.18264341354686298			
chr10q11	-0.1826661533404736			
GSE8685_IL2_ACT_IL2_STARVED_VS_IL21_ACT_IL2_STARVED_CD4_TCELL_DN	-0.18268458835569407			
GO_VALINE_METABOLIC_PROCESS	-0.18268518483177001			
GSE37301_COMMON_LYMPHOID_PROGENITOR_VS_GRAN_MONO_PROGENITOR_DN	-0.18270282314646902			
GSE24726_WT_VS_E2_2_KO_PDC_UP	-0.18271965440374194			
GO_CYTOPLASMIC_SEQUESTERING_OF_TRANSCRIPTION_FACTOR	-0.18273931202781835			
chr3q11	-0.18275321158672309			
REACTOME_REGULATION_OF_GLYCOLYSIS_BY_FRUCTOSE_2_6_BISPHOSPHATE_METABOLISM	-0.1827628576452357			
GO_SERINE_FAMILY_AMINO_ACID_CATABOLIC_PROCESS	-0.18277327304919674			
REACTOME_CILIUM_ASSEMBLY	-0.18280913982743804			
MIR3185	-0.18282042575652604			
GO_NUCLEUS_LOCALIZATION	-0.1828229314541771			
MIR219A_5P	-0.1828317739730473			
REACTOME_G_ALPHA_Q_SIGNALLING_EVENTS	-0.18284471084106046			
VERNOCHET_ADIPOGENESIS	-0.1828564850168972			
MIR4804_5P	-0.18286728096344318			
GO_TRANSFERASE_ACTIVITY_TRANSFERRING_NITROGENOUS_GROUPS	-0.1828725433486648			
GO_REGULATION_OF_PROTEIN_DEPHOSPHORYLATION	-0.18290363866673456			
IPA_FOXM1_UP	-0.18290596071651724			
PTEN_DN.V1_UP	-0.1829102650910096			
IPA_KDM1A_UP	-0.18291566137248433			
GO_TRANSLATIONAL_ELONGATION	-0.18291947983514462			
GO_NEUROBLAST_DIVISION	-0.18292205402349496			
IPA_SP4_DN	-0.18296687141210813			
GO_NEGATIVE_REGULATION_OF_GLUCOSE_TRANSMEMBRANE_TRANSPORT	-0.18297191565224077			
MIR3191_5P	-0.18299177253626728			
REACTOME_SYNTHESIS_OF_PYROPHOSPHATES_IN_THE_CYTOSOL	-0.18300158270437414			
IPA_CIITA_DN	-0.1830235163714467			
MIR5681A	-0.18303665669918026			
MIR3162_3P	-0.18304313069805236			
GO_MICROGLIAL_CELL_MIGRATION	-0.18305399385861723			
MIR6813_3P	-0.18305603409226512			
MIR3120_5P	-0.18307218591052649			
REACTOME_NEDDYLATION	-0.1830816500625184			
KEGG_BETA_ALANINE_METABOLISM	-0.1830850409751474			
GO_NUCLEOSIDE_BISPHOSPHATE_CATABOLIC_PROCESS	-0.1830947000002714			
DODD_NASOPHARYNGEAL_CARCINOMA_DN	-0.1831077851655377			
MIR31_5P	-0.18312607636249306			
LI_CYTIDINE_ANALOG_PATHWAY	-0.18313329237981735			
REACTOME_CITRIC_ACID_CYCLE_TCA_CYCLE	-0.18314191418867312			
GSE5542_IFNG_VS_IFNA_TREATED_EPITHELIAL_CELLS_6H_UP	-0.1831489862223127			
GSE9037_CTRL_VS_LPS_4H_STIM_BMDM_UP	-0.1831511585599069			
BIOCARTA_VOBESITY_PATHWAY	-0.18315273497832008			
GO_CELL_CYCLE_G2_M_PHASE_TRANSITION	-0.18315300531553508			
GO_CORE_MEDIATOR_COMPLEX	-0.1832027372737682			
GO_RIBONUCLEOSIDE_MONOPHOSPHATE_METABOLIC_PROCESS	-0.18323062553284206			
GO_S_ADENOSYLMETHIONINE_CYCLE	-0.1832335035524652			
MIR645	-0.18323376362866725			
MIR6722_3P	-0.1832405272139088			
GO_NUCLEOTIDE_EXCISION_REPAIR_COMPLEX	-0.18324647250272286			
YOKOE_CANCER_TESTIS_ANTIGENS	-0.1832584567311459			
REACTOME_SYNTHESIS_OF_KETONE_BODIES	-0.18326871875940218			
GSE3691_CONVENTIONAL_VS_PLASMACYTOID_DC_SPLEEN_DN	-0.1832689301343138			
GO_OPTIC_NERVE_MORPHOGENESIS	-0.18327176614618415			
BIOCARTA_G1_PATHWAY	-0.18327810603745695			
TAGAACC_MIR182	-0.18327974805671035			
GO_POSITIVE_REGULATION_OF_RIBOSOME_BIOGENESIS	-0.18330115428058563			
GO_TIM23_MITOCHONDRIAL_IMPORT_INNER_MEMBRANE_TRANSLOCASE_COMPLEX	-0.18331083861539238			
MIR1263	-0.18333243669304097			
GSE9988_LPS_VS_LOW_LPS_MONOCYTE_UP	-0.18333381616598038			
MIR4790_3P	-0.18333492367530613			
REACTOME_MRNA_CAPPING	-0.1833433817879261			
GO_REGULATION_OF_PANCREATIC_JUICE_SECRETION	-0.1833458011543853			
GSE17721_PAM3CSK4_VS_CPG_6H_BMDC_UP	-0.18336498496950332			
SUZUKI_RESPONSE_TO_TSA	-0.18337337598855125			
MATZUK_SPERMATID_DIFFERENTIATION	-0.18337546545873604			
REACTOME_LIGAND_RECEPTOR_INTERACTIONS	-0.18338778288321553			
GO_MEMBRANE_ATTACK_COMPLEX	-0.18341596980993632			
CCCNNGGGAR_OLF1_01	-0.18342242608957918			
MIR4745_5P	-0.18344369813020692			
AP2_Q6	-0.1834449436050309			
GO_RESPONSE_TO_PROSTAGLANDIN_E	-0.1834560241404646			
GO_FEAR_RESPONSE	-0.1834666626765942			
GO_DSRNA_TRANSPORT	-0.18347590784342657			
REACTOME_PHOSPHOLIPASE_C_MEDIATED_CASCADE_FGFR2	-0.18347637586158566			
GO_CATION_TRANSMEMBRANE_TRANSPORT	-0.18348149451321244			
MIR4534	-0.1834901649302825			
GO_SENSORY_PERCEPTION_OF_SMELL	-0.18349293834771627			
MIR654_5P	-0.18349878462693195			
GSE17301_IFNA2_VS_IFNA5_STIM_ACD3_ACD28_ACT_CD8_TCELL_DN	-0.18352074463497578			
IPA_FOXG1_UP	-0.1835446897830392			
GO_CELLULAR_RESPONSE_TO_OXIDISED_LOW_DENSITY_LIPOPROTEIN_PARTICLE_STIMULUS	-0.1835539207260083			
GO_TRNA_5_END_PROCESSING	-0.18356101539052563			
GO_BENZENE_CONTAINING_COMPOUND_METABOLIC_PROCESS	-0.18356163240455572			
GSE2405_0H_VS_6H_A_PHAGOCYTOPHILUM_STIM_NEUTROPHIL_DN	-0.18356995172220156			
GSE3982_BASOPHIL_VS_TH2_DN	-0.18358786640690594			
RAMPON_ENRICHED_LEARNING_ENVIRONMENT_LATE_UP	-0.18360336268947466			
GO_REGULATION_OF_TRANSLATIONAL_ELONGATION	-0.1836042942008004			
GSE17721_LPS_VS_POLYIC_1H_BMDC_DN	-0.1836225814918356			
MIR8085	-0.18362737579658744			
GO_POSITIVE_REGULATION_OF_CELL_CYCLE	-0.18364254140217867			
GO_N_FORMYL_PEPTIDE_RECEPTOR_ACTIVITY	-0.1836687468846559			
GSE17721_LPS_VS_CPG_1H_BMDC_UP	-0.18367463003705367			
GSE6259_BCELL_VS_CD4_TCELL_UP	-0.18367621289259117			
BIOCARTA_EIF4_PATHWAY	-0.18369141970052374			
MIR3912_3P	-0.18369626871273925			
GO_PHOTORECEPTOR_CELL_MAINTENANCE	-0.18370335964787204			
MONTERO_THYROID_CANCER_POOR_SURVIVAL_UP	-0.18371277686719903			
GO_MITOTIC_CELL_CYCLE	-0.1837384596565431			
GO_SOMITE_SPECIFICATION	-0.18375439284768103			
IPA_RREB1_UP	-0.1837754485203032			
GSE36476_CTRL_VS_TSST_ACT_40H_MEMORY_CD4_TCELL_OLD_DN	-0.18377872790817232			
MIR6088	-0.18378791535315106			
GO_SPECTRIN_ASSOCIATED_CYTOSKELETON	-0.18379169094311165			
MIR4781_3P	-0.18379430285028134			
GO_HYDROXYMETHYL_FORMYL_AND_RELATED_TRANSFERASE_ACTIVITY	-0.1837979123508876			
GSE31082_DN_VS_DP_THYMOCYTE_UP	-0.18380683226190242			
GO_5_3_DNA_HELICASE_ACTIVITY	-0.1838178290553758			
MIR3976	-0.18382732720060166			
GO_MITOCHONDRIAL_RNA_CATABOLIC_PROCESS	-0.18387010587078653			
GO_POSITIVE_REGULATION_OF_DNA_REPLICATION	-0.18388391215056857			
GO_RHYTHMIC_PROCESS	-0.18392281609415048			
GO_PEPTIDYL_ARGININE_MODIFICATION	-0.18393766124240274			
GO_BRANCHING_MORPHOGENESIS_OF_A_NERVE	-0.18395134535158444			
RODRIGUES_NTN1_TARGETS_UP	-0.18397415872637354			
GO_POLYSOME_BINDING	-0.18400162643365695			
GSE37301_COMMON_LYMPHOID_PROGENITOR_VS_RAG2_KO_NK_CELL_DN	-0.1840077423774604			
GO_SPANNING_COMPONENT_OF_MEMBRANE	-0.1840255636970263			
GO_GLYCOSYLPHOSPHATIDYLINOSITOL_N_ACETYLGLUCOSAMINYLTRANSFERASE_GPI_GNT_COMPLEX	-0.1840436661296599			
GSE13485_DAY1_VS_DAY21_YF17D_VACCINE_PBMC_UP	-0.1840475261821452			
GO_OLFACTORY_RECEPTOR_ACTIVITY	-0.18404805010068565			
MIR377_5P	-0.18406127158389068			
GO_REGULATION_OF_HEPATIC_STELLATE_CELL_ACTIVATION	-0.18408666209320412			
GSE15930_NAIVE_VS_48H_IN_VITRO_STIM_IL12_CD8_TCELL_DN	-0.1840947639342607			
GO_RIBONUCLEOTIDE_CATABOLIC_PROCESS	-0.1841241749283357			
GO_RIBOSOMAL_SMALL_SUBUNIT_EXPORT_FROM_NUCLEUS	-0.18412981103616244			
GO_TRANSPORTER_ACTIVITY	-0.1841692711957411			
GSE14415_INDUCED_TREG_VS_FAILED_INDUCED_TREG_UP	-0.18421378406860184			
IPA_RUNX1T1_UP	-0.18423385119083377			
MIR3929	-0.18423763055712217			
chr2p23	-0.18426185541157405			
TTAYRTAA_E4BP4_01	-0.18427283027113792			
GSE3982_NEUTROPHIL_VS_TH2_DN	-0.1842949973816969			
chrYp11	-0.18430022841738378			
MIR7106_3P	-0.18430027637842658			
GGCNRNWCTTYS_UNKNOWN	-0.18430371998132145			
MIR5684	-0.1843095620093495			
CMYB_01	-0.18432084200921128			
LEE_CALORIE_RESTRICTION_MUSCLE_UP	-0.18434740024299007			
IPA_REST_UP	-0.1843525920239718			
SCHLOSSER_SERUM_RESPONSE_DN	-0.18441731832097347			
MIR330_3P	-0.1844219418269437			
GSE360_T_GONDII_VS_B_MALAYI_LOW_DOSE_DC_UP	-0.1844381497354136			
GO_ATP_BINDING_CASSETTE_ABC_TRANSPORTER_COMPLEX	-0.18445263768974945			
GSE46606_UNSTIM_VS_CD40L_IL2_IL5_3DAY_STIMULATED_IRF4HIGH_SORTED_BCELL_DN	-0.18447146067966333			
GO_ACETYL_COA_HYDROLASE_ACTIVITY	-0.18447859055650753			
GSE411_UNSTIM_VS_400MIN_IL6_STIM_MACROPHAGE_UP	-0.18448459418332694			
GO_CYCLIN_DEPENDENT_PROTEIN_SERINE_THREONINE_KINASE_REGULATOR_ACTIVITY	-0.18449382295916053			
GSE17721_12H_VS_24H_PAM3CSK4_BMDC_DN	-0.1845247318143251			
GO_RNA_CAP_BINDING_COMPLEX	-0.18452902836246418			
KEGG_VASCULAR_SMOOTH_MUSCLE_CONTRACTION	-0.1845454757476767			
H1_6_TARGET_GENES	-0.18456647673688525			
KEGG_PENTOSE_PHOSPHATE_PATHWAY	-0.184570990556597			
GO_INTEGRIN_ACTIVATION	-0.18457436693531332			
GO_REGULATION_OF_MEIOSIS_I	-0.1845752540531091			
GO_SUGAR_MEDIATED_SIGNALING_PATHWAY	-0.18458543702360855			
TEF_Q6	-0.1845925952963609			
GO_CGMP_BIOSYNTHETIC_PROCESS	-0.18460296842824667			
MIR6729_3P	-0.18460858568067476			
PID_FOXM1_PATHWAY	-0.18460873210486753			
GO_REGULATION_OF_ER_TO_GOLGI_VESICLE_MEDIATED_TRANSPORT	-0.18461829826503706			
REACTOME_NOTCH3_INTRACELLULAR_DOMAIN_REGULATES_TRANSCRIPTION	-0.18462421726684516			
GO_VOLTAGE_GATED_POTASSIUM_CHANNEL_ACTIVITY_INVOLVED_IN_CARDIAC_MUSCLE_CELL_ACTION_POTENTIAL_REPOLARIZATION	-0.18463153811950606			
IPA_TBX2_DN	-0.18463302670398815			
MIR6855_3P	-0.18464439429625915			
GO_INTERMEDIATE_DENSITY_LIPOPROTEIN_PARTICLE	-0.18465583588289913			
GO_CILIUM_MOVEMENT	-0.18466627541705133			
MIR5585_3P	-0.18466771765582096			
GO_RNA_POLYMERASE_II_ACTIVATING_TRANSCRIPTION_FACTOR_BINDING	-0.1846922943469661			
MIR7156_3P	-0.18469308522711467			
SRY_02	-0.18470835113997022			
MIR4646_3P	-0.18471003399513014			
DORMOY_ELAVL1_TARGETS	-0.18472246188199323			
GO_RESPONSE_TO_GLUCAGON	-0.18472435768319612			
TANAKA_METHYLATED_IN_ESOPHAGEAL_CARCINOMA	-0.18472988499761273			
ONGUSAHA_BRCA1_TARGETS_DN	-0.18474606461030388			
GSE18791_UNSTIM_VS_NEWCATSLE_VIRUS_DC_1H_DN	-0.184752978283286			
ZNF41_TARGET_GENES	-0.18477183812643078			
GO_OXIDOREDUCTASE_ACTIVITY_ACTING_ON_THE_ALDEHYDE_OR_OXO_GROUP_OF_DONORS_DISULFIDE_AS_ACCEPTOR	-0.18479817227691228			
KEGG_REGULATION_OF_AUTOPHAGY	-0.18480140350385763			
JIANG_AGING_HYPOTHALAMUS_UP	-0.1848114045365827			
BURTON_ADIPOGENESIS_PEAK_AT_24HR	-0.18481544159897464			
MIR12115	-0.18482703150736984			
PIEPOLI_LGI1_TARGETS_DN	-0.18487415792328288			
MIR6778_5P	-0.18488237543004796			
GO_METHYLGLYOXAL_METABOLIC_PROCESS	-0.18490135153566525			
GSE17721_POLYIC_VS_PAM3CSK4_0.5H_BMDC_UP	-0.18491565620170372			
MIR488_3P	-0.18494261449106755			
POU3F2_02	-0.18495648998003736			
IPA_SMARCA2_UP	-0.18495952427958132			
BIOCARTA_GCR_PATHWAY	-0.1849854058001169			
GSE1460_CORD_VS_ADULT_BLOOD_NAIVE_CD4_TCELL_UP	-0.18499409432751646			
GO_NEGATIVE_REGULATION_OF_NUCLEOTIDE_METABOLIC_PROCESS	-0.18500122653855844			
MIR6733_3P	-0.18500488314679137			
IPA_ZNF423_DN	-0.1850396573921373			
MCCLUNG_COCAIN_REWARD_4WK	-0.18504824534819572			
KORKOLA_CORRELATED_WITH_POU5F1	-0.1850845159964241			
GO_PRONUCLEUS	-0.18508801575190906			
GO_REGULATION_OF_BRANCHING_MORPHOGENESIS_OF_A_NERVE	-0.18510028272492354			
GO_REGULATION_OF_T_CELL_DIFFERENTIATION_IN_THYMUS	-0.18510221393130008			
GO_ATP_SYNTHESIS_COUPLED_ELECTRON_TRANSPORT	-0.18511044118326164			
POMEROY_MEDULLOBLASTOMA_DESMOPLASIC_VS_CLASSIC_DN	-0.1851178196334357			
MIR335_3P	-0.1851186218533175			
PRC2_SUZ12_UP.V1_UP	-0.1851344597257759			
GSE17974_CTRL_VS_ACT_IL4_AND_ANTI_IL12_72H_CD4_TCELL_DN	-0.1851506876076902			
GO_POSITIVE_REGULATION_OF_CELL_CYCLE_G2_M_PHASE_TRANSITION	-0.18516314603356296			
MIR130A_5P	-0.18516323917782102			
HU_GENOTOXIC_DAMAGE_4HR	-0.1851643417335551			
GO_PHOSPHATIDYLINOSITOL_3_KINASE_COMPLEX_CLASS_III	-0.18518864226441656			
GSE13485_DAY3_VS_DAY21_YF17D_VACCINE_PBMC_DN	-0.18519455414113042			
MIR4423_3P	-0.18520103424664405			
ATAAGCT_MIR21	-0.18525315398499442			
GSE21063_WT_VS_NFATC1_KO_BCELL_DN	-0.1852633952380099			
GO_NUCLEOTIDE_EXCISION_REPAIR_DNA_DAMAGE_RECOGNITION	-0.18527261170327888			
PID_AMB2_NEUTROPHILS_PATHWAY	-0.18527774641044303			
MEF2_04	-0.18529806544548694			
KYNG_ENVIRONMENTAL_STRESS_RESPONSE_NOT_BY_4NQO_IN_OLD	-0.18531026945169346			
GO_G_PROTEIN_COUPLED_RECEPTOR_INTERNALIZATION	-0.18537058923836008			
GO_PCAF_COMPLEX	-0.1853954104788382			
GO_AUDITORY_RECEPTOR_CELL_FATE_COMMITMENT	-0.18539627200801703			
IPA_HDAC1_DN	-0.1854080874999917			
MOLENAAR_TARGETS_OF_CCND1_AND_CDK4_UP	-0.1854140284339798			
MIR1293	-0.1854168034025988			
STAT5A_04	-0.1854416488467043			
ROVERSI_GLIOMA_COPY_NUMBER_DN	-0.18544733274228742			
GARGALOVIC_RESPONSE_TO_OXIDIZED_PHOSPHOLIPIDS_PINK_DN	-0.18544902990762613			
IPA_MECP2_DN	-0.18545083490542344			
HU_ANGIOGENESIS_DN	-0.18547649353056653			
RRAGTTGT_UNKNOWN	-0.1854859518204028			
HOLLEMAN_VINCRISTINE_RESISTANCE_ALL_UP	-0.1854872641371332			
GO_DNA_BINDING_TRANSCRIPTION_FACTOR_BINDING	-0.18549616574764877			
MIR3059_3P	-0.18550156682320149			
GO_DEDIFFERENTIATION	-0.18550656465308063			
ZNF175_TARGET_GENES	-0.18551572717743012			
MIR4795_5P	-0.1855348828930678			
BROWNE_HCMV_INFECTION_12HR_UP	-0.18554655785514457			
GO_CELLULAR_RESPONSE_TO_GLUCAGON_STIMULUS	-0.18555390382565126			
GO_CELLULAR_RESPONSE_TO_CAFFEINE	-0.18555798640110888			
GSE46468_LUNG_INNATE_LYMPHOID_CELL_VS_SPLEEN_CD4_TCELL_DN	-0.18556537671916756			
GO_REGULATION_OF_RESPIRATORY_SYSTEM_PROCESS	-0.18556541469150237			
GO_NEGATIVE_REGULATION_OF_ANDROGEN_RECEPTOR_SIGNALING_PATHWAY	-0.18559453631137113			
chr13q33	-0.18560295555254147			
IPA_RBBP4_DN	-0.18561255335989021			
IPA_ID2_UP	-0.18563990903193778			
GO_INTERCELLULAR_BRIDGE	-0.18565016128210085			
chr4q23	-0.1857073025973133			
REACTOME_REGULATION_OF_BETA_CELL_DEVELOPMENT	-0.1857089698204699			
GO_NEGATIVE_REGULATION_OF_TRANSCRIPTION_INITIATION_FROM_RNA_POLYMERASE_II_PROMOTER	-0.18574053438018295			
GO_RECEPTOR_GUANYLYL_CYCLASE_SIGNALING_PATHWAY	-0.18575041915831703			
GO_MACROMOLECULE_TRANSMEMBRANE_TRANSPORTER_ACTIVITY	-0.18575304844890736			
GO_REGULATION_OF_INTESTINAL_CHOLESTEROL_ABSORPTION	-0.1857662372541099			
REACTOME_CYCLIN_D_ASSOCIATED_EVENTS_IN_G1	-0.18577507106985694			
chr9p24	-0.18577667483356283			
IPA_PAX2_DN	-0.18577792941132718			
SMID_BREAST_CANCER_LUMINAL_A_DN	-0.18579135570785335			
chr6q12	-0.18579157014039474			
MIR1244	-0.18579409148806805			
GO_HIGH_DENSITY_LIPOPROTEIN_PARTICLE_ASSEMBLY	-0.18579547622058878			
GO_MMXD_COMPLEX	-0.18580439332986212			
GSE1112_OT1_CD8AB_VS_HY_CD8AA_THYMOCYTE_RTOC_CULTURE_UP	-0.18581982799158703			
MIR6731_5P	-0.1858286528992725			
REACTOME_NR1H3_NR1H2_REGULATE_GENE_EXPRESSION_LINKED_TO_CHOLESTEROL_TRANSPORT_AND_EFFLUX	-0.18583508199882312			
GO_PROTEIN_KINASE_C_ACTIVATING_G_PROTEIN_COUPLED_RECEPTOR_SIGNALING_PATHWAY	-0.1858540486872606			
GO_CELLULAR_RESPONSE_TO_PURINE_CONTAINING_COMPOUND	-0.18585739846021082			
chr3p13	-0.18586255103549487			
GSE24574_BCL6_LOW_TFH_VS_TCONV_CD4_TCELL_DN	-0.18586683786707228			
GO_REGULATION_OF_TRAIL_ACTIVATED_APOPTOTIC_SIGNALING_PATHWAY	-0.18587187788066667			
GO_AMP_BIOSYNTHETIC_PROCESS	-0.18589402945700312			
VALK_AML_WITH_T_8_21_TRANSLOCATION	-0.185896987260282			
LIANG_HEMATOPOIESIS_STEM_CELL_NUMBER_LARGE_VS_TINY_DN	-0.1858980760413587			
GSE22935_UNSTIM_VS_12H_MBOVIS_BCG_STIM_MACROPHAGE_DN	-0.18589926261047332			
GO_PROTEIN_PEPTIDYL_PROLYL_ISOMERIZATION	-0.18592130546879962			
MOOTHA_HUMAN_MITODB_6_2002	-0.18592408616281103			
GO_MITOTIC_NUCLEAR_DIVISION	-0.18593426523093304			
MIR3157_5P	-0.1859477122592175			
GSE27859_CD11C_INT_F480_HI_MACROPHAGE_VS_CD11C_ING_F480_INT_DC_UP	-0.18595030851927907			
GO_NEGATIVE_REGULATION_OF_FEEDING_BEHAVIOR	-0.1859697041124384			
GO_GLUTATHIONE_CATABOLIC_PROCESS	-0.18597529011964586			
GO_NUCLEAR_MIGRATION_ALONG_MICROTUBULE	-0.18600631852511273			
GO_AMINO_ACID_HOMEOSTASIS	-0.18602261011311788			
MIR5696	-0.18603682070619804			
GO_CRD_MEDIATED_MRNA_STABILIZATION	-0.1860659062479582			
NOUSHMEHR_GBM_GERMLINE_MUTATED	-0.18607196697863593			
GSE41867_NAIVE_VS_EFFECTOR_CD8_TCELL_DN	-0.18608365167469498			
RREB1_01	-0.1860907381331586			
GO_MONOCYTE_CHEMOTACTIC_PROTEIN_1_PRODUCTION	-0.18610078150777884			
MIR6499_3P	-0.18611692100277927			
AGGGCCA_MIR328	-0.18612470862943353			
GSE37605_C57BL6_VS_NOD_FOXP3_IRES_GFP_TCONV_UP	-0.18612757376796202			
MIR3925_3P	-0.1861329438041821			
GO_REGULATION_OF_PHOSPHOLIPID_METABOLIC_PROCESS	-0.1861555264396271			
ZFP82_TARGET_GENES	-0.18615922976680677			
MIR6809_5P	-0.18616410650195953			
SP3_Q3	-0.1861796001842406			
GENTILE_UV_RESPONSE_CLUSTER_D9	-0.18620934092791513			
GO_NEGATIVE_REGULATION_OF_MITOTIC_CELL_CYCLE	-0.18623326080198374			
GO_GUANYLATE_CYCLASE_ACTIVITY	-0.18624662375550946			
IPA_LHX6_DN	-0.18625914912772085			
GO_ELASTIC_FIBER_ASSEMBLY	-0.18626360416504464			
ROSS_ACUTE_MYELOID_LEUKEMIA_CBF	-0.18629533764567774			
YGACNNYACAR_UNKNOWN	-0.18631382380019865			
GO_TRANSLATION_FACTOR_ACTIVITY_RNA_BINDING	-0.1863209095286578			
GO_RNA_CAP_BINDING	-0.18632577742889792			
GO_DEOXYRIBONUCLEASE_I_ACTIVITY	-0.18634258612443966			
MIR12129	-0.18636498573501484			
GO_NEGATIVE_REGULATION_OF_MYELOID_LEUKOCYTE_MEDIATED_IMMUNITY	-0.1863654463924442			
GSE22935_24H_VS_48H_MBOVIS_BCG_STIM_MACROPHAGE_DN	-0.18637985295318832			
GSE21546_WT_VS_ELK1_KO_DP_THYMOCYTES_DN	-0.18639359795149205			
SCHLOSSER_MYC_TARGETS_AND_SERUM_RESPONSE_DN	-0.18639619552517916			
IPA_RXRG_DN	-0.18642406109292042			
MIR552_3P	-0.18643090071034027			
GO_REGULATION_OF_PROTEIN_TARGETING_TO_MITOCHONDRION	-0.18643998685158578			
IPA_GTF2IRD1_DN	-0.1864586502373426			
ZNF23_TARGET_GENES	-0.18646787190480635			
GO_HISTONE_DEACETYLASE_ACTIVITY_H3_K14_SPECIFIC	-0.18652975205314956			
GO_POSITIVE_REGULATION_OF_MYELOID_LEUKOCYTE_CYTOKINE_PRODUCTION_INVOLVED_IN_IMMUNE_RESPONSE	-0.1865329836586391			
MIR33A_3P	-0.18654709686694212			
GSE22432_MULTIPOTENT_PROGENITOR_VS_PDC_DN	-0.18655406887555726			
GO_DNA_CATABOLIC_PROCESS_EXONUCLEOLYTIC	-0.18655731982858267			
GO_ALPHA_2A_ADRENERGIC_RECEPTOR_BINDING	-0.18656839102137415			
MIR5088_5P	-0.18658468929811148			
IPA_NR1H3_UP	-0.18659377141263836			
GO_PEPTIDYL_SERINE_AUTOPHOSPHORYLATION	-0.1866035973407413			
EVI1_05	-0.1866216756994721			
GO_HEMOGLOBIN_ALPHA_BINDING	-0.18663628045131894			
GO_G_PROTEIN_COUPLED_RECEPTOR_ACTIVITY	-0.18664155057474616			
MIR5683	-0.1866621865267605			
GO_FORMATE_METABOLIC_PROCESS	-0.18668041106915326			
GO_TRIGLYCERIDE_CATABOLIC_PROCESS	-0.1867020893595272			
ZNF618_TARGET_GENES	-0.18670834307856435			
REACTOME_CELLULAR_SENESCENCE	-0.18671832770405844			
BLUM_RESPONSE_TO_SALIRASIB_DN	-0.18672118354052075			
GO_TAURINE_METABOLIC_PROCESS	-0.18672842520016228			
MIR5001_5P	-0.1867461773661758			
GO_CONVERGENT_EXTENSION_INVOLVED_IN_AXIS_ELONGATION	-0.18676348977072627			
GO_PHOSPHOLIPASE_C_ACTIVITY	-0.18676386368233516			
GO_DATP_METABOLIC_PROCESS	-0.1867732797765597			
GO_NEGATIVE_REGULATION_OF_NERVOUS_SYSTEM_PROCESS	-0.18678628985184673			
GO_GLUTAMINE_TRANSPORT	-0.18679493705923145			
IPA_USF1_UP	-0.18681151817187014			
GO_CENTROMERIC_DNA_BINDING	-0.18681939283694998			
GSE11924_TFH_VS_TH17_CD4_TCELL_DN	-0.18682548493790208			
GSE19941_UNSTIM_VS_LPS_AND_IL10_STIM_IL10_KO_NFKBP50_KO_MACROPHAGE_UP	-0.18685088196760857			
GO_REGULATION_OF_LYASE_ACTIVITY	-0.18685901058593704			
GSE25087_TREG_VS_TCONV_FETUS_DN	-0.18686117619208142			
GO_NFAT_PROTEIN_BINDING	-0.18688151910526943			
WU_SILENCED_BY_METHYLATION_IN_BLADDER_CANCER	-0.1868935787496426			
KUMAR_PATHOGEN_LOAD_BY_MACROPHAGES	-0.1868980298015039			
GO_SPERM_PLASMA_MEMBRANE	-0.1868982311963261			
GO_CELLULAR_RESPONSE_TO_ETHER	-0.18692797298555575			
GO_REGULATION_OF_CELL_CYCLE	-0.1869347252544035			
chr1q32	-0.18697152100446907			
GO_RESPIRATORY_BURST_INVOLVED_IN_INFLAMMATORY_RESPONSE	-0.18697427704147457			
GO_PURINE_NUCLEOSIDE_BIOSYNTHETIC_PROCESS	-0.18697809370679525			
GO_PHOSPHATIDYLINOSITOL_4_5_BISPHOSPHATE_PHOSPHATASE_ACTIVITY	-0.18702798928821898			
WEBER_METHYLATED_ICP_IN_SPERM_DN	-0.18702997654435227			
DELASERNA_MYOD_TARGETS_UP	-0.1870303187666461			
MIR7_1_3P	-0.18703341034851023			
BIOCARTA_RAC1_PATHWAY	-0.1870457390455396			
MIR4777_3P	-0.18705347295803945			
GO_NEGATIVE_REGULATION_OF_POTASSIUM_ION_TRANSPORT	-0.18707432622882528			
GO_REGULATION_OF_MONOCYTE_DIFFERENTIATION	-0.18707688592255567			
RUVBL1_TARGET_GENES	-0.18708441407097268			
chr15q15	-0.18710500171727			
REACTOME_G_ALPHA_S_SIGNALLING_EVENTS	-0.1871308303976477			
GSE2770_IL4_ACT_VS_ACT_CD4_TCELL_48H_DN	-0.18713225604885683			
MIR6739_3P	-0.18715070162996586			
GO_THO_COMPLEX	-0.18715219863934496			
GSE15659_CD45RA_NEG_CD4_TCELL_VS_RESTING_TREG_UP	-0.18716903340138114			
GSE22935_UNSTIM_VS_48H_MBOVIS_BCG_STIM_MYD88_KO_MACROPHAGE_UP	-0.18717457540397908			
REACTOME_TP53_REGULATES_TRANSCRIPTION_OF_CELL_CYCLE_GENES	-0.18717640595013238			
BENPORATH_ES_1	-0.1871917454583373			
GSE12505_WT_VS_E2_2_HET_PDC_UP	-0.18719215262463723			
GO_NEDD8_SPECIFIC_PROTEASE_ACTIVITY	-0.1871949546397558			
GO_PEPTIDE_CROSS_LINKING_VIA_CHONDROITIN_4_SULFATE_GLYCOSAMINOGLYCAN	-0.18720647805686685			
GSE29615_DAY3_VS_DAY7_LAIV_FLU_VACCINE_PBMC_UP	-0.18721933931702286			
BCAT_GDS748_DN	-0.18722144250045977			
GO_PROTEIN_INSERTION_INTO_MEMBRANE	-0.18724917343248706			
CART1_01	-0.1872568885578167			
MIR100_5P_MIR99A_5P_MIR99B_5P	-0.1872582228306796			
GSE27786_ERYTHROBLAST_VS_NEUTROPHIL_DN	-0.18726041231492077			
REACTOME_PKA_MEDIATED_PHOSPHORYLATION_OF_KEY_METABOLIC_FACTORS	-0.18728120899957945			
BOYAULT_LIVER_CANCER_SUBCLASS_G123_DN	-0.1872904792486938			
GO_STAGA_COMPLEX	-0.1872945739981439			
REACTOME_SIGNALING_BY_TYPE_1_INSULIN_LIKE_GROWTH_FACTOR_1_RECEPTOR_IGF1R	-0.1872975623869198			
MIR6866_3P	-0.1872976361513919			
GO_RNA_5_END_PROCESSING	-0.18731921344209185			
REACTOME_FRS_MEDIATED_FGFR4_SIGNALING	-0.1873295448200939			
GO_SPECTRIN_BINDING	-0.18733857537604046			
AAGWWRNYGGC_UNKNOWN	-0.1873899166174618			
GO_BHLH_TRANSCRIPTION_FACTOR_BINDING	-0.18739483835529006			
TIMOFEEVA_GROWTH_STRESS_VIA_STAT1_DN	-0.18743086885934607			
GO_CAMP_BINDING	-0.18743796491328354			
MIR3194_3P	-0.18746354646765856			
GO_CILIARY_BASAL_BODY	-0.18746453244696232			
GO_DORSAL_SPINAL_CORD_DEVELOPMENT	-0.18748223336063416			
MIR4480	-0.18752928849095074			
GO_LEUCINE_CATABOLIC_PROCESS	-0.18752970388721826			
MIR7_2_3P	-0.18755563554357202			
GO_CYSTEINE_TYPE_PEPTIDASE_ACTIVITY	-0.18755816824006752			
MIR6730_3P	-0.1875681257487725			
GSE41867_NAIVE_VS_DAY15_LCMV_ARMSTRONG_EFFECTOR_CD8_TCELL_UP	-0.1875682381058596			
MIR6125	-0.18757453159661572			
GSE22601_DOUBLE_NEGATIVE_VS_IMMATURE_CD4_SP_THYMOCYTE_UP	-0.1875774295420939			
NIKOLSKY_BREAST_CANCER_1Q21_AMPLICON	-0.18757883943415607			
GO_METAL_CLUSTER_BINDING	-0.18758547183609273			
GSE26928_EFF_MEM_VS_CENTR_MEM_CD4_TCELL_DN	-0.18759136937030071			
GSE13547_2H_VS_12_H_ANTI_IGM_STIM_ZFX_KO_BCELL_DN	-0.18759829387812038			
GO_TRANSLATIONAL_TERMINATION	-0.18759966252052415			
MIR8080	-0.18760684100892203			
SETLUR_PROSTATE_CANCER_TMPRSS2_ERG_FUSION_DN	-0.18761109159568606			
GO_GLYCOSYL_COMPOUND_METABOLIC_PROCESS	-0.18761306293035326			
GSE19941_UNSTIM_VS_LPS_STIM_IL10_KO_NFKBP50_KO_MACROPHAGE_DN	-0.18764676933127325			
chr14q12	-0.18766696349022494			
GSE360_L_MAJOR_VS_B_MALAYI_LOW_DOSE_DC_DN	-0.1876779811548931			
ZNF816_TARGET_GENES	-0.18767880625156252			
GO_POSITIVE_REGULATION_OF_AMINE_TRANSPORT	-0.18767968679005506			
MIR12132	-0.18767995063527815			
KOBAYASHI_EGFR_SIGNALING_6HR_UP	-0.18770671966700445			
GO_INTRONIC_TRANSCRIPTION_REGULATORY_REGION_DNA_BINDING	-0.18772473818182053			
GO_RIBOSOMAL_PROTEIN_S6_KINASE_ACTIVITY	-0.18773092013384757			
GO_NEGATIVE_REGULATION_OF_NATURAL_KILLER_CELL_ACTIVATION	-0.1877406521381894			
MIR4484	-0.18774512827047482			
GO_BLASTOCYST_DEVELOPMENT	-0.18775290368395742			
GSE36888_STAT5_AB_KNOCKIN_VS_WT_TCELL_IL2_TREATED_2H_UP	-0.18775314364631998			
MIR4764_5P	-0.187789364842642			
ZNF711_TARGET_GENES	-0.18779023795119085			
GO_INTERLEUKIN_6_MEDIATED_SIGNALING_PATHWAY	-0.1877930293340233			
GO_GUANOSINE_CONTAINING_COMPOUND_METABOLIC_PROCESS	-0.1878231339963736			
GO_POSITIVE_REGULATION_OF_RELEASE_OF_CYTOCHROME_C_FROM_MITOCHONDRIA	-0.187826784358453			
MIR12123	-0.18783700450907515			
BIOCARTA_GLEEVEC_PATHWAY	-0.1878673006174168			
REACTOME_METALLOPROTEASE_DUBS	-0.1878750945921488			
GSE26495_NAIVE_VS_PD1HIGH_CD8_TCELL_UP	-0.187879735292511			
GO_POSITIVE_REGULATION_OF_CHROMOSOME_SEPARATION	-0.18789605134110463			
GO_REGULATION_OF_RESPONSE_TO_REACTIVE_OXYGEN_SPECIES	-0.18790990941404764			
GO_ENUCLEATE_ERYTHROCYTE_DIFFERENTIATION	-0.18791591220316956			
KUMAMOTO_RESPONSE_TO_NUTLIN_3A_DN	-0.1879166744136433			
MIR1228_3P	-0.18791997149659873			
RORA_TARGET_GENES	-0.18792369760881175			
IPA_FOXG1_DN	-0.1879635479511453			
GO_GLUCOSE_IMPORT	-0.1879723533702891			
GO_SNARE_COMPLEX	-0.18797613467538915			
MIR188_5P	-0.18798453311469596			
ACACTCC_MIR122A	-0.18799954859740564			
MIR498_5P	-0.18801173582354902			
GO_BETA_GLUCOSIDASE_ACTIVITY	-0.1880208343236484			
GO_REGULATION_OF_DNA_BIOSYNTHETIC_PROCESS	-0.18802211071754243			
MIR328_5P	-0.1880319653751525			
GO_REGULATION_OF_ION_TRANSMEMBRANE_TRANSPORT	-0.1880433299770566			
FOXF1_TARGET_GENES	-0.18805450611809232			
MIKKELSEN_ES_LCP_WITH_H3K4ME3	-0.18805525190600156			
GSE3982_DC_VS_MAC_UP	-0.18806837386734965			
IPA_ISL1_UP	-0.18809213595321317			
MOOTHA_MITOCHONDRIA	-0.18810419889963748			
GO_HORMONE_MEDIATED_SIGNALING_PATHWAY	-0.18810678130268163			
GO_REGULATION_OF_AEROBIC_RESPIRATION	-0.18810759885565345			
HMGA1_TARGET_GENES	-0.18810835587849684			
GSE25123_ROSIGLITAZONE_VS_IL4_AND_ROSIGLITAZONE_STIM_MACROPHAGE_DAY10_UP	-0.18812344958066857			
ICHIBA_GRAFT_VERSUS_HOST_DISEASE_35D_DN	-0.1881408892283571			
REACTOME_SYNTHESIS_SECRETION_AND_INACTIVATION_OF_GLUCAGON_LIKE_PEPTIDE_1_GLP_1	-0.188142959091211			
GSE2585_CD80_HIGH_VS_LOW_AIRE_KO_MTEC_DN	-0.18815217012808252			
GO_POSITIVE_REGULATION_OF_DOPAMINE_RECEPTOR_SIGNALING_PATHWAY	-0.1881638982771871			
PETROVA_ENDOTHELIUM_LYMPHATIC_VS_BLOOD_UP	-0.1881741924024653			
REACTOME_DOWNSTREAM_SIGNALING_OF_ACTIVATED_FGFR4	-0.18818786613518929			
GO_CENTRIOLAR_SUBDISTAL_APPENDAGE	-0.1881939909946735			
GO_PROTEIN_POLYUFMYLATION	-0.1881972528959031			
GO_NEGATIVE_REGULATION_OF_TRANSCRIPTION_BY_RNA_POLYMERASE_I	-0.18821200891280873			
OHM_EMBRYONIC_CARCINOMA_DN	-0.1882322961583495			
GO_NEGATIVE_REGULATION_OF_LYMPHOCYTE_MIGRATION	-0.18824746395865863			
AR_02	-0.1882669756880339			
GO_REGULATION_OF_TRIGLYCERIDE_CATABOLIC_PROCESS	-0.18827602734065846			
MIR518A_5P_MIR527	-0.18828138664319116			
chr10q24	-0.18828602326617103			
GO_RESPONSE_TO_DISACCHARIDE	-0.18829051908494532			
GO_SPINDLE_MICROTUBULE	-0.1882946433172469			
GSE29618_LAIV_VS_TIV_FLU_VACCINE_DAY7_MONOCYTE_UP	-0.18830147646406592			
GO_CELLULAR_RESPONSE_TO_PEPTIDOGLYCAN	-0.1883365215661569			
GO_VOLTAGE_GATED_SODIUM_CHANNEL_ACTIVITY_INVOLVED_IN_CARDIAC_MUSCLE_CELL_ACTION_POTENTIAL	-0.18834403828036214			
GSE24574_NAIVE_VS_TCONV_CD4_TCELL_DN	-0.18835330224833988			
GO_NEGATIVE_REGULATION_OF_ACTIN_NUCLEATION	-0.1883637825380404			
GO_NF_KAPPAB_BINDING	-0.18836860942490874			
TTANWNANTGGM_UNKNOWN	-0.18837922268246202			
HEN1_02	-0.18839338041370865			
MIR6831_5P	-0.1884026012565415			
ZNF320_TARGET_GENES	-0.18842397544437248			
REACTOME_FORMATION_OF_THE_EARLY_ELONGATION_COMPLEX	-0.18842457502191287			
GO_MEMBRANE_INVAGINATION	-0.18842664123194983			
GSE3982_EOSINOPHIL_VS_CENT_MEMORY_CD4_TCELL_DN	-0.18843663146996245			
KIM_PTEN_TARGETS_DN	-0.1884430118682445			
MIR3614_3P	-0.18846200386913475			
IPA_HOXA9_DN	-0.18847174450109586			
GO_G_PROTEIN_COUPLED_RECEPTOR_SIGNALING_PATHWAY_INVOLVED_IN_HEART_PROCESS	-0.18849181706068588			
GO_TELETHONIN_BINDING	-0.1884962761609149			
RIZ_ERYTHROID_DIFFERENTIATION_HBZ	-0.18850691164245384			
MIR421	-0.1885186844984005			
GSE23505_IL6_IL1_VS_IL6_IL1_TGFB_TREATED_CD4_TCELL_DN	-0.18852802736498603			
GO_MITOCHONDRIAL_OUTER_MEMBRANE_TRANSLOCASE_COMPLEX	-0.18852936093562334			
GO_RNA_7_METHYLGUANOSINE_CAP_BINDING	-0.188530235080011			
GO_REGULATION_OF_MEIOTIC_CELL_CYCLE	-0.18853905853549274			
GO_UBIQUITIN_PROTEIN_TRANSFERASE_ACTIVATOR_ACTIVITY	-0.18854282296383373			
REACTOME_MINERALOCORTICOID_BIOSYNTHESIS	-0.18855356114419733			
MIR10393_5P	-0.1885560868865827			
MIR198	-0.1885951908114215			
chrXq24	-0.18859844852349736			
GO_PURINE_NUCLEOTIDE_TRANSPORT	-0.18860540372850634			
MIR106A_3P	-0.1886059985772284			
BANDRES_RESPONSE_TO_CARMUSTIN_MGMT_48HR_UP	-0.18860770016261302			
GO_NEGATIVE_REGULATION_OF_CYCLIN_DEPENDENT_PROTEIN_KINASE_ACTIVITY	-0.18861723310700024			
MIR367_5P	-0.18862374572777316			
GSE11864_CSF1_VS_CSF1_IFNG_PAM3CYS_IN_MAC_UP	-0.18862429745090434			
GSE17721_CTRL_VS_CPG_8H_BMDC_UP	-0.18862973036601274			
GO_GALACTOLIPID_METABOLIC_PROCESS	-0.18867206947136303			
REACTOME_SIGNALING_BY_MODERATE_KINASE_ACTIVITY_BRAF_MUTANTS	-0.18871445572107887			
JAZAG_TGFB1_SIGNALING_UP	-0.1887169095221008			
GO_POSITIVE_REGULATION_OF_OSTEOCLAST_DIFFERENTIATION	-0.1887216383473773			
FLECHNER_PBL_KIDNEY_TRANSPLANT_REJECTED_VS_OK_DN	-0.18873690437257098			
GO_CILIARY_PLASM	-0.18875201636910102			
GO_MITOCHONDRION_LOCALIZATION	-0.18877144561539796			
REACTOME_TRANSCRIPTIONAL_REGULATION_BY_TP53	-0.18878064781947723			
GSE22886_UNSTIM_VS_STIM_MEMORY_TCELL_DN	-0.1887854093452571			
GO_REGULATION_OF_RYANODINE_SENSITIVE_CALCIUM_RELEASE_CHANNEL_ACTIVITY	-0.18878992117267046			
GO_CENTRIOLE_ASSEMBLY	-0.1887951228672605			
MIR6780A_5P	-0.18880701618181092			
GO_GALACTOSE_BINDING	-0.18880885262914754			
GO_REGULATION_OF_ATRIAL_CARDIAC_MUSCLE_CELL_MEMBRANE_DEPOLARIZATION	-0.18881292557706805			
GSE2770_TGFB_AND_IL4_VS_TGFB_AND_IL12_TREATED_ACT_CD4_TCELL_48H_UP	-0.18882227046455716			
MIR30B_3P	-0.18884038859054472			
GO_CDC73_PAF1_COMPLEX	-0.18884314260568308			
REACTOME_CASPASE_ACTIVATION_VIA_DEPENDENCE_RECEPTORS_IN_THE_ABSENCE_OF_LIGAND	-0.18890858648073588			
MIR3117_3P	-0.1889164570725886			
GSE16385_UNTREATED_VS_12H_ROSIGLITAZONE_IL4_TREATED_MACROPHAGE_DN	-0.18892504012193387			
GO_LACTATE_DEHYDROGENASE_ACTIVITY	-0.1889474918890583			
GSE1432_1H_VS_6H_IFNG_MICROGLIA_UP	-0.1889603925755083			
GO_BONE_MATURATION	-0.18897726803962883			
MIR580_5P	-0.1889809618410862			
VISALA_AGING_LYMPHOCYTE_UP	-0.18898510426701956			
GTATGAT_MIR154_MIR487	-0.1890420891904815			
MIR6875_5P	-0.18905625177385038			
KEGG_OLFACTORY_TRANSDUCTION	-0.18908438316363113			
GO_INTRINSIC_COMPONENT_OF_MITOCHONDRIAL_MEMBRANE	-0.1890845237373435			
GO_PHOSPHORUS_OXYGEN_LYASE_ACTIVITY	-0.18910230686065835			
GSE22886_UNSTIM_VS_IL15_STIM_NKCELL_DN	-0.18910814864631534			
GO_RNA_POLYMERASE_II_GENERAL_TRANSCRIPTION_INITIATION_FACTOR_BINDING	-0.18912348084436872			
SHEDDEN_LUNG_CANCER_POOR_SURVIVAL_A6	-0.18913054372325444			
GO_GLYCOLYTIC_FERMENTATION	-0.18914255468196536			
KEGG_VALINE_LEUCINE_AND_ISOLEUCINE_DEGRADATION	-0.18914689399596502			
GSE21380_NON_TFH_VS_TFH_CD4_TCELL_UP	-0.18915891647510044			
IPA_STAT4_DN	-0.1891670213180252			
RBL1_TARGET_GENES	-0.18916945436132238			
GSE19888_ADENOSINE_A3R_ACT_VS_A3R_ACT_WITH_A3R_INH_PRETREATMENT_IN_MAST_CELL_UP	-0.18917317657365693			
MIR4662A_3P	-0.18918456850360638			
GO_GLUTAMATE_GATED_CALCIUM_ION_CHANNEL_ACTIVITY	-0.18918762629158675			
GO_NOREPINEPHRINE_UPTAKE	-0.1892069118249618			
GO_VASCULAR_ASSOCIATED_SMOOTH_MUSCLE_CELL_APOPTOTIC_PROCESS	-0.1892079324736347			
GO_NEGATIVE_REGULATION_OF_GTPASE_ACTIVITY	-0.1892181792657363			
GO_METHIONINE_METABOLIC_PROCESS	-0.18922630250507996			
GSE37533_PPARG2_FOXP3_VS_FOXP3_TRANSDUCED_CD4_TCELL_UP	-0.1892319925335146			
MIR3671	-0.18928340758676565			
GO_REGULATION_OF_CHAPERONE_MEDIATED_PROTEIN_FOLDING	-0.18929682081656146			
GSE14413_UNSTIM_VS_IFNB_STIM_L929_CELLS_DN	-0.18937056328458501			
GO_RIBONUCLEASE_P_COMPLEX	-0.18939048606497394			
KEGG_CITRATE_CYCLE_TCA_CYCLE	-0.18940156316508736			
GO_TRANSCRIPTION_ELONGATION_FROM_RNA_POLYMERASE_I_PROMOTER	-0.189405665272889			
REACTOME_PKA_ACTIVATION_IN_GLUCAGON_SIGNALLING	-0.18941549992129184			
GO_NEGATIVE_REGULATION_OF_LOW_DENSITY_LIPOPROTEIN_PARTICLE_CLEARANCE	-0.18941955891302217			
GO_OLIGOSACCHARIDE_LIPID_INTERMEDIATE_BIOSYNTHETIC_PROCESS	-0.1894222025303731			
MIR7159_5P	-0.18942507867564906			
GO_NONHOMOLOGOUS_END_JOINING_COMPLEX	-0.18943487638044354			
GO_KILLING_OF_CELLS_OF_OTHER_ORGANISM	-0.18945462069350716			
MIR3691_3P	-0.18949282256215158			
HESSON_TUMOR_SUPPRESSOR_CLUSTER_3P21_3	-0.18949537452302492			
GSE28237_FOLLICULAR_VS_LATE_GC_BCELL_UP	-0.18951930705193593			
MIR6074	-0.18952757442807205			
IPA_FOXF2_DN	-0.18954105845984273			
GO_METHIONINE_BIOSYNTHETIC_PROCESS	-0.1895527391479045			
GO_PROTEIN_HETEROTRIMERIZATION	-0.18956247142902158			
GSE46606_UNSTIM_VS_CD40L_IL2_IL5_3DAY_STIMULATED_IRF4_KO_BCELL_UP	-0.1895752631807435			
MIKKELSEN_IPS_WITH_HCP_H3K27ME3	-0.18959420965154947			
REACTOME_SELENOAMINO_ACID_METABOLISM	-0.18961270249342344			
MIR3942_3P	-0.18962493361039232			
MIR3689A_3P_MIR3689B_3P_MIR3689C	-0.18962781044382768			
GO_ETHER_LIPID_METABOLIC_PROCESS	-0.1896424149832884			
S8_01	-0.18964806800091913			
GSE3039_CD4_TCELL_VS_NKT_CELL_DN	-0.18964873557897283			
GO_MALE_MATING_BEHAVIOR	-0.18964992817986998			
GO_MITOCHONDRIAL_LARGE_RIBOSOMAL_SUBUNIT	-0.18965130472099834			
GO_CELLULAR_AMIDE_METABOLIC_PROCESS	-0.1896582699745026			
GO_GLIAL_CELL_FATE_SPECIFICATION	-0.18970052250314592			
GO_REGULATION_OF_SYNAPTIC_VESICLE_ENDOCYTOSIS	-0.18977125662065833			
GSE22886_NAIVE_CD4_TCELL_VS_12H_ACT_TH2_UP	-0.18978034550553638			
KEGG_CARDIAC_MUSCLE_CONTRACTION	-0.18978239474694364			
GSE26290_WT_VS_PDK1_KO_ANTI_CD3_AND_IL2_STIM_CD8_TCELL_DN	-0.18978542129638096			
REACTOME_INSULIN_RECEPTOR_SIGNALLING_CASCADE	-0.18979188332609737			
GO_PROTEIN_TARGETING_TO_MITOCHONDRION	-0.1898204333690485			
GO_MAINTENANCE_OF_APICAL_BASAL_CELL_POLARITY	-0.18983136664668035			
GO_NUCLEOLUS_ORGANIZATION	-0.18983620433338882			
GSE2770_UNTREATED_VS_ACT_CD4_TCELL_48H_UP	-0.18984541993683937			
GO_COPPER_CHAPERONE_ACTIVITY	-0.18984652596777876			
GSE16386_IL4_VS_IL4_AND_ROSIGLITAZONE_STIM_MACROPHAGE_6H_DN	-0.18984679057561524			
GSE37532_TREG_VS_TCONV_CD4_TCELL_FROM_LN_UP	-0.1898579105939363			
GO_HISTONE_H4_DEACETYLATION	-0.18986014837548734			
GO_URATE_METABOLIC_PROCESS	-0.18987006400233744			
MSX1_01	-0.18988619229775539			
GSE46606_DAY1_VS_DAY3_CD40L_IL2_IL5_STIMULATED_IRF4MID_BCELL_UP	-0.18990217540140322			
GO_SULFUR_AMINO_ACID_METABOLIC_PROCESS	-0.18992314172661373			
MIR497_5P	-0.1899366814433162			
GO_REGULATION_OF_ARACHIDONIC_ACID_SECRETION	-0.18993737905329575			
GNCF_01	-0.18994654497649147			
GO_CILIARY_BASAL_BODY_PLASMA_MEMBRANE_DOCKING	-0.18995691120102212			
GSE40666_WT_VS_STAT1_KO_CD8_TCELL_WITH_IFNA_STIM_90MIN_DN	-0.18996511289264864			
MIR5703	-0.18996966956558103			
GGCGGCA_MIR371	-0.18997766588795778			
REACTOME_CHREBP_ACTIVATES_METABOLIC_GENE_EXPRESSION	-0.18997799562162046			
GSE17721_CTRL_VS_POLYIC_24H_BMDC_UP	-0.1899847482118866			
MIR548AJ_3P_MIR548X_3P	-0.18998624099977707			
MIR371B_3P	-0.18998833804884468			
GO_NUCLEAR_RECEPTOR_TRANSCRIPTION_COACTIVATOR_ACTIVITY	-0.18999731261279565			
REACTOME_METABOLISM_OF_AMINO_ACIDS_AND_DERIVATIVES	-0.1899976461472486			
REACTOME_ION_TRANSPORT_BY_P_TYPE_ATPASES	-0.19000963480325667			
GO_FOLIC_ACID_TRANSPORT	-0.1900183051320526			
MIR4441	-0.1900269616726371			
MIR6839_3P	-0.19003892728081112			
GO_HEMOGLOBIN_BINDING	-0.19004592459676148			
MIR548AD_3P	-0.19004828922018			
GO_REGULATION_OF_METAL_ION_TRANSPORT	-0.19006329169837333			
GO_GUANYLATE_CYCLASE_REGULATOR_ACTIVITY	-0.1900664293087463			
ZNF30_TARGET_GENES	-0.19010451757837518			
GO_AMYLASE_ACTIVITY	-0.19011059961932805			
GO_HEMATOPOIETIC_STEM_CELL_DIFFERENTIATION	-0.19011801818564655			
GO_VASCULAR_SMOOTH_MUSCLE_CONTRACTION	-0.19013395398349403			
TAF9B_TARGET_GENES	-0.19014117416373122			
MIR200C_5P	-0.1901432541028862			
MIR30B_5P_MIR30C_5P	-0.1901447312854953			
IPA_MMP3_DN	-0.19016293122923308			
GO_POSITIVE_REGULATION_OF_ACROSOME_REACTION	-0.19017095875521328			
GO_MITOCHONDRIAL_MATRIX	-0.19017391725035912			
GO_MRNA_TRANSCRIPTION_BY_RNA_POLYMERASE_II	-0.19019201431299898			
GO_NEGATIVE_REGULATION_OF_AMINO_ACID_TRANSPORT	-0.19019775977738843			
RHODES_CANCER_META_SIGNATURE	-0.1902181440581379			
EPPERT_PROGENITOR	-0.1902471587087918			
REACTOME_NEGATIVE_FEEDBACK_REGULATION_OF_MAPK_PATHWAY	-0.1902519239817998			
ARNT_01	-0.19026113428806726			
GO_MALE_SEX_DETERMINATION	-0.1902623488314784			
GO_POSITIVE_REGULATION_OF_TORC1_SIGNALING	-0.19026246810544786			
GO_POSITIVE_REGULATION_OF_CENTROSOME_DUPLICATION	-0.19028792413769008			
GSE14769_40MIN_VS_360MIN_LPS_BMDM_UP	-0.19029184628125148			
REACTOME_OPSINS	-0.19029366565417566			
GO_PEPTIDYL_AMINO_ACID_MODIFICATION	-0.19030457611639084			
KEGG_PANTOTHENATE_AND_COA_BIOSYNTHESIS	-0.19031046228840104			
MIR4672	-0.19031185299762332			
GO_NUCLEOBASE_CONTAINING_COMPOUND_KINASE_ACTIVITY	-0.19031918866082193			
GO_ATP_TRANSPORT	-0.19032452556083054			
chr3p22	-0.19033580404843742			
PAX4_01	-0.19036224448413747			
CCTGAGT_MIR510	-0.19036595661883007			
GO_INTERLEUKIN_2_RECEPTOR_BINDING	-0.19037859988132913			
ZHANG_BREAST_CANCER_PROGENITORS_UP	-0.19038844177816752			
BIOCARTA_MTOR_PATHWAY	-0.19040544537152668			
MTHFD1_TARGET_GENES	-0.19042502122574376			
MIR3200_3P	-0.1904272261627117			
GSE19374_UNINF_VS_LISTERIA_INFECTED_MACROPHAGE_UP	-0.19043398953799798			
MOOTHA_FFA_OXYDATION	-0.19044013729888482			
GSE25123_IL4_VS_IL4_AND_ROSIGLITAZONE_STIM_MACROPHAGE_DAY10_DN	-0.19045523309142176			
IPA_BARHL2_UP	-0.19045635253305482			
PID_AR_TF_PATHWAY	-0.1904570739253122			
SANSOM_APC_TARGETS_REQUIRE_MYC	-0.19047635940302385			
ZNF112_TARGET_GENES	-0.19048914057561922			
GSE15750_WT_VS_TRAF6KO_DAY6_EFF_CD8_TCELL_UP	-0.19051292651502072			
chr6q27	-0.19053010894094627			
GSE29618_PRE_VS_DAY7_POST_TIV_FLU_VACCINE_MDC_UP	-0.19054682537241271			
GO_PANTOTHENATE_METABOLIC_PROCESS	-0.1905471409189695			
MIR95_5P	-0.19054790799592686			
GSE4142_GC_BCELL_VS_MEMORY_BCELL_UP	-0.1905592054575909			
GO_REGULATION_OF_CATION_CHANNEL_ACTIVITY	-0.19060928534170932			
MIR4263	-0.19061356612231334			
GSE24210_IL35_TREATED_VS_UNTREATED_TCONV_CD4_TCELL_UP	-0.19063998325556494			
chr21q21	-0.19064799419121364			
GSE17580_TREG_VS_TEFF_S_MANSONI_INF_DN	-0.19064916288485087			
FIRESTEIN_CTNNB1_PATHWAY_AND_PROLIFERATION	-0.19066063308906403			
MAHADEVAN_IMATINIB_RESISTANCE_DN	-0.19070326695314643			
MIR4302	-0.19071168528880908			
GGTAACC_MIR4095P	-0.19071370710448315			
GO_SENSORY_PERCEPTION_OF_BITTER_TASTE	-0.190718300205148			
MIR5004_5P	-0.19072368199786435			
GO_REGULATION_OF_SNARE_COMPLEX_ASSEMBLY	-0.1907365827826252			
IPA_DLX3_UP	-0.19077682360670334			
GO_NASCENT_POLYPEPTIDE_ASSOCIATED_COMPLEX	-0.19078311778394078			
FOXJ2_01	-0.19079961800256945			
GO_NUCLEOTIDE_SALVAGE	-0.19080653320288213			
MIR762	-0.19080897607582525			
RAFFEL_VEGFA_TARGETS_UP	-0.19083541581659183			
REACTOME_PREGNENOLONE_BIOSYNTHESIS	-0.19084380439669602			
GO_CREATINE_METABOLIC_PROCESS	-0.1908449603509869			
BIOCARTA_FMLP_PATHWAY	-0.19085547439345266			
GSE17721_CTRL_VS_CPG_0.5H_BMDC_DN	-0.19086823044368828			
MIR4267	-0.19090224964928523			
GO_ADRENERGIC_RECEPTOR_BINDING	-0.1909084996256432			
GSE11961_FOLLICULAR_BCELL_VS_MEMORY_BCELL_DAY7_DN	-0.1909268200062314			
MIR6809_3P	-0.19093013787460267			
GO_LEUCINE_BINDING	-0.1909470447113816			
GO_MITOCHONDRIAL_INTERMEMBRANE_SPACE_PROTEIN_TRANSPORTER_COMPLEX	-0.19096886431979357			
GO_REGULATION_OF_ION_TRANSPORT	-0.19100297449986584			
MIKKELSEN_PLURIPOTENT_STATE_DN	-0.19101761918363863			
GO_NEUROFILAMENT_CYTOSKELETON_ORGANIZATION	-0.19102016783793996			
IPA_SULT2A1_DN	-0.19102700652689195			
GO_BLOOD_VESSEL_MATURATION	-0.19103496109747117			
GO_HEME_TRANSPORTER_ACTIVITY	-0.19105343314675763			
GO_DETERMINATION_OF_LEFT_RIGHT_ASYMMETRY_IN_LATERAL_MESODERM	-0.1910673608756904			
GO_L_TYPE_VOLTAGE_GATED_CALCIUM_CHANNEL_COMPLEX	-0.19106765601944845			
GO_NAD_DEPENDENT_PROTEIN_DEACETYLASE_ACTIVITY	-0.19108894791366113			
MIR4714_5P	-0.19109862886562226			
GO_CAP_INDEPENDENT_TRANSLATIONAL_INITIATION	-0.1911091187556184			
EVI1_03	-0.19111450380841147			
GO_NEGATIVE_REGULATION_OF_SYNAPTIC_TRANSMISSION_GLUTAMATERGIC	-0.19113595036343362			
GO_POSTSYNAPTIC_ENDOSOME	-0.19114466555603415			
KEGG_NEUROTROPHIN_SIGNALING_PATHWAY	-0.19115651786972623			
GO_MOLECULAR_TRANSDUCER_ACTIVITY	-0.19118155753105384			
MIR4433A_3P	-0.19119292950698302			
GSE31082_DP_VS_CD4_SP_THYMOCYTE_UP	-0.19119894889464434			
GO_OUTER_MITOCHONDRIAL_MEMBRANE_ORGANIZATION	-0.19121874246611095			
GO_DEPHOSPHORYLATION_OF_RNA_POLYMERASE_II_C_TERMINAL_DOMAIN	-0.19122114611459257			
MIR2117	-0.19123564079430166			
GO_NEGATIVE_REGULATION_OF_CILIUM_ASSEMBLY	-0.19125876535139202			
chrYq11	-0.19126061189596472			
GSE360_HIGH_DOSE_B_MALAYI_VS_M_TUBERCULOSIS_DC_UP	-0.19134626960914322			
GSE13229_IMM_VS_INTMATURE_NKCELL_UP	-0.19139225162012977			
GO_PLASMA_MEMBRANE_BOUNDED_CELL_PROJECTION_CYTOPLASM	-0.19139890260600312			
MIR4261	-0.1914024626660468			
GO_REGULATION_OF_BILE_ACID_METABOLIC_PROCESS	-0.1914146152393943			
GO_3_KETO_STEROL_REDUCTASE_ACTIVITY	-0.19141780934042923			
REACTOME_TRP_CHANNELS	-0.19141945376732616			
WILCOX_RESPONSE_TO_PROGESTERONE_UP	-0.1914332086988902			
GO_RNA_PHOSPHODIESTER_BOND_HYDROLYSIS_ENDONUCLEOLYTIC	-0.19143445956481336			
GO_ENDOCARDIAL_CUSHION_FORMATION	-0.19143841203683967			
REACTOME_MITOCHONDRIAL_FATTY_ACID_BETA_OXIDATION	-0.19144375888303825			
IPA_SMARCC1_DN	-0.19145181529333466			
GO_OLIGODENDROCYTE_PROGENITOR_PROLIFERATION	-0.19146062606456113			
GSE15930_STIM_VS_STIM_AND_IFNAB_24H_CD8_T_CELL_UP	-0.19148906279873557			
GO_NEGATIVE_REGULATION_OF_PROTEIN_FOLDING	-0.19151583021635268			
GSE33292_WT_VS_TCF1_KO_DN3_THYMOCYTE_DN	-0.1915159728869182			
GO_SODIUM_PROTON_ANTIPORTER_ACTIVITY	-0.19153418841382583			
chr15q25	-0.19156005207925603			
SMN2_TARGET_GENES	-0.19156770348860383			
SMN1_TARGET_GENES	-0.19156770348860383			
REACTOME_FGFR3B_LIGAND_BINDING_AND_ACTIVATION	-0.1916081748318592			
MIR125A_3P	-0.19161728114222346			
IPA_MYC_UP	-0.19162043910324206			
REACTOME_MITOCHONDRIAL_FATTY_ACID_BETA_OXIDATION_OF_UNSATURATED_FATTY_ACIDS	-0.19162456985948248			
TURASHVILI_BREAST_CARCINOMA_DUCTAL_VS_LOBULAR_UP	-0.1916388373485311			
REACTOME_RECYCLING_OF_EIF2_GDP	-0.19164357280378108			
GO_SHORT_CHAIN_FATTY_ACID_CATABOLIC_PROCESS	-0.1916878431242226			
GO_THYROID_HORMONE_RECEPTOR_BINDING	-0.19169517929097962			
IPA_HOXA7_DN	-0.19170552374611324			
REICHERT_MITOSIS_LIN9_TARGETS	-0.1917095587542699			
ZBED5_TARGET_GENES	-0.19171987410130328			
GO_SOLUTE_PROTON_ANTIPORTER_ACTIVITY	-0.19174012296454798			
JAZAG_TGFB1_SIGNALING_DN	-0.1917504666012533			
GO_IMIDAZOLE_CONTAINING_COMPOUND_METABOLIC_PROCESS	-0.19176869805664695			
GO_GLUTAMINE_METABOLIC_PROCESS	-0.19181262563142096			
REACTOME_ACTIVATION_OF_PUMA_AND_TRANSLOCATION_TO_MITOCHONDRIA	-0.19182255111877655			
CHENG_IMPRINTED_BY_ESTRADIOL	-0.19183110188716276			
GSE37532_VISCERAL_ADIPOSE_TISSUE_VS_LN_DERIVED_PPARG_KO_TREG_CD4_TCELL_DN	-0.19184320410780684			
GSE19888_ADENOSINE_A3R_ACT_VS_TCELL_MEMBRANES_ACT_IN_MAST_CELL_UP	-0.19184944737774115			
REACTOME_BETA_OXIDATION_OF_DECANOYL_COA_TO_OCTANOYL_COA_COA	-0.19189656601695868			
MIR4521	-0.19190000012012237			
GO_PURINE_NUCLEOBASE_METABOLIC_PROCESS	-0.19191374239525374			
GO_NEGATIVE_REGULATION_OF_ENDOTHELIAL_CELL_CHEMOTAXIS	-0.19192580341519663			
GO_ARTERIAL_ENDOTHELIAL_CELL_DIFFERENTIATION	-0.19198337690154327			
TESAR_JAK_TARGETS_MOUSE_ES_D3_DN	-0.1919861277397397			
REACTOME_RESPIRATORY_ELECTRON_TRANSPORT	-0.19199350807317941			
REACTOME_CHOLESTEROL_BIOSYNTHESIS	-0.19199405004978548			
GO_REGULATION_OF_MITOPHAGY	-0.1919958228137953			
GO_VERY_LONG_CHAIN_FATTY_ACID_COA_LIGASE_ACTIVITY	-0.19201424903991213			
REACTOME_MTORC1_MEDIATED_SIGNALLING	-0.19203588420006204			
GO_COMMITMENT_OF_NEURONAL_CELL_TO_SPECIFIC_NEURON_TYPE_IN_FOREBRAIN	-0.19204587434758846			
ACCATTT_MIR522	-0.1920476702202394			
MIR7976	-0.192066755957067			
GO_NEGATIVE_REGULATION_OF_DNA_TEMPLATED_TRANSCRIPTION_ELONGATION	-0.19207336519819598			
GSE15324_NAIVE_VS_ACTIVATED_ELF4_KO_CD8_TCELL_UP	-0.19209272117546877			
GO_CARDIAC_ATRIUM_DEVELOPMENT	-0.19210573405971232			
GO_ESTABLISHMENT_OF_VIRAL_LATENCY	-0.1921088089315385			
GO_DIPEPTIDYL_PEPTIDASE_ACTIVITY	-0.1921118174942362			
MIR7156_5P	-0.19211960139599388			
IPA_TSHZ3_DN	-0.19212393606389397			
IPA_RFX4_UP	-0.19215541300610145			
IPA_E2F1_DN	-0.19216049327030782			
GO_TRNA_GUANINE_METHYLTRANSFERASE_ACTIVITY	-0.1921618991160949			
GO_PHOSPHORYLASE_KINASE_ACTIVITY	-0.19220961890707283			
GO_PHOSPHORYLASE_KINASE_COMPLEX	-0.19220961890707283			
GSE17721_PAM3CSK4_VS_GADIQUIMOD_8H_BMDC_UP	-0.19225277979606548			
GO_AT_DNA_BINDING	-0.192260499382173			
GO_SEROTONIN_RECEPTOR_SIGNALING_PATHWAY	-0.1922612604222729			
REACTOME_ACTIVATION_OF_GENE_EXPRESSION_BY_SREBF_SREBP	-0.1922704794523866			
MIR4451	-0.19227154595408033			
GO_REGULATION_OF_NODAL_SIGNALING_PATHWAY	-0.19227814777957028			
GO_REGULATION_OF_CARBOHYDRATE_CATABOLIC_PROCESS	-0.19228249899302102			
GO_DETECTION_OF_CHEMICAL_STIMULUS_INVOLVED_IN_SENSORY_PERCEPTION_OF_TASTE	-0.1922895288176177			
YAO_TEMPORAL_RESPONSE_TO_PROGESTERONE_CLUSTER_2	-0.19231228573155024			
MIR4782_3P	-0.1923209668088321			
GLINSKY_CANCER_DEATH_UP	-0.19233362946038435			
MIR6766_3P	-0.19233668756467812			
GO_LYS63_SPECIFIC_DEUBIQUITINASE_ACTIVITY	-0.19236289757005287			
GO_MEIOTIC_CELL_CYCLE_CHECKPOINT	-0.1923809013800993			
MIR361_5P	-0.192393654817183			
GO_POSTSYNAPTIC_CYTOSKELETON_ORGANIZATION	-0.1924006262818914			
GSE14413_UNSTIM_VS_IFNB_STIM_NIH3T3_CELLS_UP	-0.19240606523610743			
GO_FATTY_ACID_DERIVATIVE_CATABOLIC_PROCESS	-0.192414449938857			
GO_POSITIVE_REGULATION_OF_DOPAMINE_SECRETION	-0.19241463746435228			
NKX3A_01	-0.19241931416547445			
CTIP_DN.V1_DN	-0.192435268106816			
IPA_LITAF_UP	-0.19243965506867375			
CACGTG_MYC_Q2	-0.1924452269619732			
GO_IGG_BINDING	-0.19245960732431547			
ZNF184_TARGET_GENES	-0.19249860153646794			
GO_NEGATIVE_REGULATION_OF_MRNA_3_END_PROCESSING	-0.19249932510809012			
GO_NEGATIVE_REGULATION_OF_SYNAPTIC_TRANSMISSION_GABAERGIC	-0.1925152586945362			
GO_ENDONUCLEOLYTIC_CLEAVAGE_IN_ITS1_TO_SEPARATE_SSU_RRNA_FROM_5_8S_RRNA_AND_LSU_RRNA_FROM_TRICISTRONIC_RRNA_TRANSCRIPT_SSU_RRNA_5_8S_RRNA_LSU_RRNA	-0.1925426991537273			
REACTOME_REGULATION_OF_CHOLESTEROL_BIOSYNTHESIS_BY_SREBP_SREBF	-0.19254773763596453			
REACTOME_LOSS_OF_MECP2_BINDING_ABILITY_TO_THE_NCOR_SMRT_COMPLEX	-0.1925574572837853			
GO_AUTOCRINE_SIGNALING	-0.1925605811868219			
DOT1L_TARGET_GENES	-0.1925817037967348			
GO_VOLUNTARY_MUSCULOSKELETAL_MOVEMENT	-0.19261837864136988			
RFX1_02	-0.19263496158150878			
GO_NEURON_FATE_DETERMINATION	-0.19263564612083756			
GO_AMINE_BINDING	-0.19265210656866807			
MIR12114	-0.1926540295029362			
GO_REGULATION_OF_AMINO_ACID_TRANSPORT	-0.19265951818737342			
GSE3982_EOSINOPHIL_VS_NEUTROPHIL_UP	-0.19269398746517274			
GO_UDP_XYLOSYLTRANSFERASE_ACTIVITY	-0.19269743977617756			
GSE17721_LPS_VS_POLYIC_6H_BMDC_UP	-0.1927184757035496			
MOOTHA_VOXPHOS	-0.19272435684584066			
PID_RANBP2_PATHWAY	-0.1927365119481749			
chr14q31	-0.19275037142875726			
GSE17721_PAM3CSK4_VS_GADIQUIMOD_12H_BMDC_UP	-0.1928018305486418			
GO_REVERSIBLE_DIFFERENTIATION	-0.19280988694413018			
REACTOME_BETA_CATENIN_INDEPENDENT_WNT_SIGNALING	-0.19281400268049922			
GO_OXALOACETATE_METABOLIC_PROCESS	-0.19284439411918233			
GSE2770_UNTREATED_VS_TGFB_AND_IL12_TREATED_ACT_CD4_TCELL_6H_DN	-0.19286753760487782			
MIR4446_5P	-0.19286821063458			
MIR455_3P	-0.19287142420887315			
GO_TRICARBOXYLIC_ACID_CYCLE	-0.19288598554854813			
AHRARNT_02	-0.19288780534135969			
GO_FEMALE_MEIOSIS_I	-0.1928937930702185			
GO_METAPHASE_PLATE_CONGRESSION	-0.19289400440647492			
GO_RIBONUCLEOPROTEIN_COMPLEX_BINDING	-0.19291481430852267			
GO_LIPOPROTEIN_LOCALIZATION	-0.19293048405491825			
REACTOME_SLC_TRANSPORTER_DISORDERS	-0.19293237303270053			
GO_FOREBRAIN_NEURON_FATE_COMMITMENT	-0.19294393953254815			
GO_N_ACETYLNEURAMINATE_METABOLIC_PROCESS	-0.19295946968421052			
GSE15330_HSC_VS_PRO_BCELL_DN	-0.19298723254632696			
GSE17721_CTRL_VS_POLYIC_0.5H_BMDC_UP	-0.1929905347596413			
MIR3913_3P	-0.19300152784567817			
HO_LIVER_CANCER_VASCULAR_INVASION	-0.19305323419354084			
GSE17721_POLYIC_VS_PAM3CSK4_12H_BMDC_DN	-0.19306029881448974			
MIR606	-0.1930625147638837			
GSE2585_THYMIC_DC_VS_MTEC_DN	-0.1930638379646707			
MIR3973	-0.1930673366451052			
GO_NEGATIVE_REGULATION_OF_CYTOPLASMIC_TRANSLATION	-0.19307080130183607			
GO_INNATE_IMMUNE_RESPONSE_IN_MUCOSA	-0.19307649912825203			
GO_PROTEIN_LOCALIZATION_TO_MITOCHONDRION	-0.19309423601984138			
REACTOME_PROSTANOID_LIGAND_RECEPTORS	-0.19313838486969007			
GO_REGULATION_OF_BEHAVIOR	-0.19315797698709802			
ILK_TARGET_GENES	-0.19316373265094963			
GO_POSITIVE_REGULATION_OF_MONOOXYGENASE_ACTIVITY	-0.19316792536456243			
GO_G_PROTEIN_COUPLED_AMINE_RECEPTOR_ACTIVITY	-0.19317345738290592			
MIR1291	-0.19318794137181847			
MIR3199	-0.19318945321892916			
GSE1460_INTRATHYMIC_T_PROGENITOR_VS_NAIVE_CD4_TCELL_CORD_BLOOD_UP	-0.19319001197871186			
GO_NEUROPEPTIDE_RECEPTOR_ACTIVITY	-0.19322032627626906			
GO_NUCLEAR_PORE_COMPLEX_ASSEMBLY	-0.19325220030698242			
IPA_TFAM_UP	-0.19330958489502734			
IPA_CDK2_DN	-0.19331081018685795			
GSE15659_RESTING_VS_ACTIVATED_TREG_DN	-0.1933629299557393			
MIR3977	-0.19337078514318615			
GO_CELL_BODY_FIBER	-0.1933717658655105			
GO_PROTEIN_LOCALIZATION_TO_ENDOPLASMIC_RETICULUM	-0.1934016346400504			
PAX3_01	-0.19342545558508975			
CTCTGGA_MIR520A_MIR525	-0.1934602605872718			
REACTOME_MITOCHONDRIAL_BIOGENESIS	-0.19351930619776772			
IPA_THRB_UP	-0.1935527715802412			
IPA_TRIM22_DN	-0.19355284436234285			
GO_INOSITOL_PHOSPHATE_PHOSPHATASE_ACTIVITY	-0.19356100015916758			
chr12q13	-0.19356304315366074			
GSE5542_UNTREATED_VS_IFNA_TREATED_EPITHELIAL_CELLS_6H_DN	-0.1935708404107965			
chr5q14	-0.1935780929350043			
GSE360_DC_VS_MAC_B_MALAYI_LOW_DOSE_DN	-0.19359739405404297			
GO_RNA_CAPPING	-0.19362003050250237			
GSE43863_TH1_VS_LY6C_INT_CXCR5POS_EFFECTOR_CD4_TCELL_UP	-0.1936208111500256			
GO_POSITIVE_REGULATION_OF_TRANSCRIPTION_INITIATION_FROM_RNA_POLYMERASE_II_PROMOTER	-0.19362900154871632			
IPA_CEBPD_UP	-0.19368472099581086			
GO_POLY_G_BINDING	-0.19368738041650344			
MIR5579_5P	-0.1936933725233644			
SIG_CD40PATHWAYMAP	-0.19369444660161633			
GO_NEGATIVE_REGULATION_OF_CALCIUM_ION_TRANSMEMBRANE_TRANSPORT	-0.19369664979495438			
GO_EOSINOPHIL_DIFFERENTIATION	-0.1937119805171034			
REACTOME_SULFUR_AMINO_ACID_METABOLISM	-0.19376211494431683			
REACTOME_CARBOXYTERMINAL_POST_TRANSLATIONAL_MODIFICATIONS_OF_TUBULIN	-0.19376247113515221			
LIN_TUMOR_ESCAPE_FROM_IMMUNE_ATTACK	-0.19376265560098763			
MIR1184	-0.1938006852119244			
MYLLYKANGAS_AMPLIFICATION_HOT_SPOT_5	-0.1938113248437808			
REACTOME_NEF_MEDIATED_CD4_DOWN_REGULATION	-0.19383347301336631			
MEF2_03	-0.1938410516360178			
GO_B_1_B_CELL_DIFFERENTIATION	-0.19386267953766062			
GO_RETROGRADE_TRANS_SYNAPTIC_SIGNALING	-0.19386543444840565			
REACTOME_AMINO_ACID_CONJUGATION	-0.1938667136795138			
GO_INNER_MITOCHONDRIAL_MEMBRANE_PROTEIN_COMPLEX	-0.1939071544322291			
GSE9960_HEALTHY_VS_GRAM_POS_SEPSIS_PBMC_UP	-0.193923819672882			
GSE20366_EX_VIVO_VS_HOMEOSTATIC_CONVERSION_TREG_UP	-0.19393270750779298			
GSE17721_POLYIC_VS_GARDIQUIMOD_0.5H_BMDC_DN	-0.19395585194070178			
IWANAGA_CARCINOGENESIS_BY_KRAS_DN	-0.19397826481201164			
IPF1_Q4	-0.1939871363613583			
GAVIN_FOXP3_TARGETS_CLUSTER_P2	-0.19399314002050327			
ATAACCT_MIR154	-0.1940061498829357			
GO_TRANSCRIPTION_FACTOR_BINDING	-0.19400887873126701			
ZHAN_MULTIPLE_MYELOMA_HP_UP	-0.19401195402370108			
BIOCARTA_LYM_PATHWAY	-0.19401269207729746			
GO_POSITIVE_REGULATION_OF_RESPONSE_TO_DNA_DAMAGE_STIMULUS	-0.19401622489957865			
GO_CHROMOSOME_PASSENGER_COMPLEX	-0.19401722588228834			
HEB_Q6	-0.1940380247558235			
IPA_ASF1A_DN	-0.1940421574834264			
GO_ISOCITRATE_METABOLIC_PROCESS	-0.1940444971204602			
GO_POSITIVE_REGULATION_OF_TRANSLATION	-0.19405997043775108			
GO_NEGATIVE_REGULATION_OF_CARBOHYDRATE_METABOLIC_PROCESS	-0.19405998162365307			
GSE2770_IL12_AND_TGFB_ACT_VS_ACT_CD4_TCELL_48H_DN	-0.19409438466014456			
MIR500A_5P	-0.19412769065100263			
HOLLEMAN_DAUNORUBICIN_B_ALL_DN	-0.19413835024862824			
GO_UBIQUINONE_METABOLIC_PROCESS	-0.19414760171552903			
GO_NEGATIVE_REGULATION_OF_INTERLEUKIN_2_PRODUCTION	-0.19416025299974118			
GSE6674_CPG_VS_PL2_3_STIM_BCELL_UP	-0.19416469929487423			
MIR548F_5P	-0.19417790566443205			
MIR30C_1_3P	-0.19417919244099613			
GO_CELLULAR_HYPEROSMOTIC_SALINITY_RESPONSE	-0.19418532599662283			
CCAWYNNGAAR_UNKNOWN	-0.1942096204096363			
GO_AMINO_ACID_SALVAGE	-0.19421160384848052			
BAKER_HEMATOPOESIS_STAT1_TARGETS	-0.19422447494826717			
chr5p14	-0.19423663919316134			
GO_GLYCINE_BINDING	-0.19423856705399936			
GO_UBIQUITIN_PROTEIN_TRANSFERASE_REGULATOR_ACTIVITY	-0.19424526638495293			
GO_NEGATIVE_REGULATION_OF_SISTER_CHROMATID_COHESION	-0.1942510775381338			
GSE37301_HEMATOPOIETIC_STEM_CELL_VS_PRO_BCELL_DN	-0.19425307391711455			
MIR6878_5P	-0.1942540678730355			
SPZ1_01	-0.19427110218207755			
GO_ANDROGEN_RECEPTOR_BINDING	-0.19427423094510038			
HORIUCHI_WTAP_TARGETS_DN	-0.1942753123716835			
GO_SERINE_FAMILY_AMINO_ACID_BIOSYNTHETIC_PROCESS	-0.19432049429524273			
GSE26488_CTRL_VS_PEPTIDE_INJECTION_OT2_THYMOCYTE_UP	-0.19434547992207044			
REACTOME_ACTIVATION_OF_TRKA_RECEPTORS	-0.19437368973906632			
MIR4292	-0.194382987960218			
BIOCARTA_REELIN_PATHWAY	-0.19439734231585723			
GSE3982_CENT_MEMORY_CD4_TCELL_VS_TH1_DN	-0.1944098173278635			
GO_PROTEIN_GLUTAMIC_ACID_LIGASE_ACTIVITY	-0.1944374464640601			
GO_AMINO_ACID_TRANSMEMBRANE_TRANSPORTER_ACTIVITY	-0.19444102827551446			
IPA_TP53BP1_UP	-0.19445006614367313			
REACTOME_RHO_GTPASES_ACTIVATE_FORMINS	-0.19445516822853665			
GO_TOXIN_BIOSYNTHETIC_PROCESS	-0.19446117627766263			
GO_MITOCHONDRIAL_RESPIRATORY_CHAIN_COMPLEX_ASSEMBLY	-0.19450042998034192			
GARGALOVIC_RESPONSE_TO_OXIDIZED_PHOSPHOLIPIDS_LIGHTGREEN_DN	-0.1945117366604359			
GO_NUCLEOSIDE_TRIPHOSPHATE_METABOLIC_PROCESS	-0.19453490206977458			
EWSR1_TARGET_GENES	-0.1945509657983848			
MIR2114_5P	-0.1945555044475757			
REACTOME_BETA_OXIDATION_OF_OCTANOYL_COA_TO_HEXANOYL_COA	-0.1945593451048114			
DONATO_CELL_CYCLE_TRETINOIN	-0.19456424419778523			
GSE17721_0.5H_VS_24H_GARDIQUIMOD_BMDC_UP	-0.19457344561887105			
GO_PIRNA_BIOSYNTHETIC_PROCESS	-0.19457421726997443			
GO_GALACTOLIPID_BIOSYNTHETIC_PROCESS	-0.19460046959906482			
MYLLYKANGAS_AMPLIFICATION_HOT_SPOT_9	-0.19462808105588997			
GO_GATOR1_COMPLEX	-0.19463243241806422			
IPA_TERF1_DN	-0.19463432500020475			
GSE27291_0H_VS_6H_STIM_GAMMADELTA_TCELL_DN	-0.1946634866090103			
GSE18791_CTRL_VS_NEWCASTLE_VIRUS_DC_14H_DN	-0.19466693801249937			
GSE17974_0H_VS_6H_IN_VITRO_ACT_CD4_TCELL_DN	-0.19466839925393825			
GO_ESTROGEN_RECEPTOR_ACTIVITY	-0.19467287563218394			
GO_INDUCTION_OF_BACTERIAL_AGGLUTINATION	-0.19467371683144333			
MIR1306_5P	-0.19469791691251562			
GLI4_TARGET_GENES	-0.19470757175401665			
IPA_NOBOX_UP	-0.19477694799021383			
IPA_HOXA5_DN	-0.19478726097735774			
IPA_MEIS1_DN	-0.19478726097735774			
MIR541_5P	-0.19479313536549014			
GO_BLOC_1_COMPLEX	-0.19480261646762775			
GOBERT_OLIGODENDROCYTE_DIFFERENTIATION_UP	-0.19480377776165708			
IPA_SIRT1_DN	-0.19480727584109592			
chr11p11	-0.1948244329094887			
GSE360_L_DONOVANI_VS_L_MAJOR_MAC_UP	-0.19482506957261808			
GSE20198_IL12_VS_IFNA_TREATED_ACT_CD4_TCELL_UP	-0.19483539653044518			
GSE24972_WT_VS_IRF8_KO_MARGINAL_ZONE_SPLEEN_BCELL_DN	-0.1948362510227505			
MISSIAGLIA_REGULATED_BY_METHYLATION_DN	-0.1948446201825795			
GO_REGULATION_OF_VERY_LOW_DENSITY_LIPOPROTEIN_PARTICLE_REMODELING	-0.19485473882927215			
MIR4735_5P	-0.1948597526195701			
MIR1298_5P	-0.1948606862798508			
GO_INTRACELLULAR_MRNA_LOCALIZATION	-0.1948842299527401			
MIR4642	-0.19489275746549184			
GO_CARDIAC_LEFT_VENTRICLE_MORPHOGENESIS	-0.19490684867989858			
REACTOME_RELAXIN_RECEPTORS	-0.19490808883922678			
MIR6513_3P	-0.19491355114502462			
GO_ANTIMICROBIAL_PEPTIDE_PRODUCTION	-0.1949408232419343			
GO_HISTAMINE_RECEPTOR_ACTIVITY	-0.1949658603799423			
HOXA9_DN.V1_DN	-0.1949692448449437			
MIR6754_3P	-0.1949775235120446			
GO_REGULATION_OF_UBIQUITIN_PROTEIN_LIGASE_ACTIVITY	-0.19498028332242043			
REACTOME_INTESTINAL_ABSORPTION	-0.1949835541928655			
TAATGTG_MIR323	-0.19499096122197795			
MIR548AG	-0.19499168280153092			
GSE24210_CTRL_VS_IL35_TREATED_TCONV_CD4_TCELL_DN	-0.195002759942615			
MIR6133	-0.195018250590408			
IPA_MYF6_UP	-0.19502388331488638			
MIR105_3P	-0.19502540759744597			
TGACATY_UNKNOWN	-0.19505590649855195			
MIR5680	-0.1950850663596125			
ALX4_01	-0.19513319223199196			
BOYAULT_LIVER_CANCER_SUBCLASS_G123_UP	-0.19513611383435783			
GSE360_HIGH_VS_LOW_DOSE_B_MALAYI_MAC_DN	-0.19514104071565685			
GO_PHOSPHATIDYLGLYCEROL_BIOSYNTHETIC_PROCESS	-0.19515202725130043			
SHETH_LIVER_CANCER_VS_TXNIP_LOSS_PAM6	-0.19516530794470818			
REACTOME_LOSS_OF_FUNCTION_OF_MECP2_IN_RETT_SYNDROME	-0.19516978908300972			
ZNF239_TARGET_GENES	-0.19519790712980145			
FEVR_CTNNB1_TARGETS_DN	-0.19520494104324163			
GO_CANONICAL_WNT_SIGNALING_PATHWAY_INVOLVED_IN_OSTEOBLAST_DIFFERENTIATION	-0.19523864040669525			
GO_ORGAN_OR_TISSUE_SPECIFIC_IMMUNE_RESPONSE	-0.19524614581183897			
GO_NEGATIVE_REGULATION_OF_ACUTE_INFLAMMATORY_RESPONSE_TO_ANTIGENIC_STIMULUS	-0.19524764430501634			
GO_REGULATION_OF_PROTEIN_KINASE_A_SIGNALING	-0.1952610534187741			
GO_ORGANELLAR_RIBOSOME	-0.19528385903957282			
GSE12198_LOW_IL2_STIM_NK_CELL_VS_HIGH_IL2_STIM_NK_CELL_DN	-0.1952915480533318			
chr4p15	-0.19531862839566047			
MIR607	-0.19531915228020094			
GO_DRUG_TRANSPORT	-0.1953199623782229			
chr3p25	-0.19533744782319454			
GO_PROTEIN_HOMOTRIMERIZATION	-0.19542298914541711			
GSE27241_WT_CTRL_VS_DIGOXIN_TREATED_RORGT_KO_CD4_TCELL_IN_TH17_POLARIZING_CONDITIONS_DN	-0.19542607865008904			
GSE17721_LPS_VS_GARDIQUIMOD_0.5H_BMDC_UP	-0.19542772957195184			
chr7q11	-0.1954380275682617			
IPA_NR2E3_DN	-0.19544950438420328			
GO_DOPAMINE_NEUROTRANSMITTER_RECEPTOR_ACTIVITY_COUPLED_VIA_GI_GO	-0.1954575116998789			
GO_POSITIVE_REGULATION_OF_PROTEIN_DEACETYLATION	-0.195462809473274			
REACTOME_MITOTIC_G2_G2_M_PHASES	-0.19547625072349917			
IPA_TFAP2B_UP	-0.1954849256228806			
BROWNE_HCMV_INFECTION_24HR_UP	-0.19549806815113366			
MIR3668	-0.19552507408324066			
GSE17580_TREG_VS_TEFF_UP	-0.1955456099656064			
MIR12113	-0.19557341672557196			
MIR20B_3P	-0.19560496375290926			
IPA_ZBTB16_UP	-0.1956054196800112			
MIR548L	-0.19563549277378947			
GO_REGULATION_OF_TOLL_LIKE_RECEPTOR_2_SIGNALING_PATHWAY	-0.19565626080005258			
DARWICHE_PAPILLOMA_RISK_HIGH_DN	-0.1956639054591908			
GO_NEGATIVE_REGULATION_OF_TISSUE_REMODELING	-0.19568410860771243			
IPA_SIX4_UP	-0.19569589519692238			
GO_MYELOID_CELL_DEVELOPMENT	-0.19570453094756668			
GO_ORGANIC_CATION_TRANSMEMBRANE_TRANSPORTER_ACTIVITY	-0.1957293511251401			
GO_POSITIVE_REGULATION_OF_TELOMERE_MAINTENANCE_VIA_TELOMERE_LENGTHENING	-0.19573200679900554			
HIF1_Q3	-0.19573387544594567			
MIR181C_3P	-0.19574506364818248			
ZNF16_TARGET_GENES	-0.19574882566226318			
MIR224_3P	-0.1957613362507228			
GO_DETECTION_OF_MOLECULE_OF_BACTERIAL_ORIGIN	-0.19577750313486553			
MIR6762_3P	-0.19578339810452702			
HSF4_TARGET_GENES	-0.19579533446022687			
GSE41867_LCMV_ARMSTRONG_VS_CLONE13_DAY6_EFFECTOR_CD8_TCELL_DN	-0.19580226628640268			
GO_PEPTIDYL_HISTIDINE_MODIFICATION	-0.1958198802610032			
REACTOME_GLUCOCORTICOID_BIOSYNTHESIS	-0.1958229607582891			
GO_REGULATION_OF_VITAMIN_D_BIOSYNTHETIC_PROCESS	-0.19582506135526295			
GO_POSITIVE_REGULATION_OF_T_HELPER_17_TYPE_IMMUNE_RESPONSE	-0.19584325158011542			
GO_CATION_TRANSPORT	-0.19586355973761763			
GO_INTERFERON_GAMMA_BIOSYNTHETIC_PROCESS	-0.19587556507255088			
COIL_TARGET_GENES	-0.195906666366393			
MIR6771_3P	-0.19592478959778187			
REACTOME_GLI_PROTEINS_BIND_PROMOTERS_OF_HH_RESPONSIVE_GENES_TO_PROMOTE_TRANSCRIPTION	-0.19592490364308213			
GO_POSITIVE_REGULATION_OF_BLOOD_PRESSURE_BY_EPINEPHRINE_NOREPINEPHRINE	-0.1959389235172332			
GO_REGULATION_OF_CHROMOSOME_CONDENSATION	-0.1959474282158182			
GO_PURINE_NUCLEOBASE_TRANSPORT	-0.195948554946099			
ZNF558_TARGET_GENES	-0.19596122628059187			
KEGG_OXIDATIVE_PHOSPHORYLATION	-0.1959923248917723			
SRPK1_TARGET_GENES	-0.19599556776488403			
GO_REGULATION_OF_DIGESTIVE_SYSTEM_PROCESS	-0.19601747255466775			
IPA_MLX_UP	-0.19602361756106407			
GO_POSITIVE_REGULATION_OF_CENTROSOME_CYCLE	-0.1960307151363229			
GSE30083_SP1_VS_SP2_THYMOCYTE_DN	-0.19603223809533973			
GO_MITOCHONDRIAL_TRANSLATION	-0.1960421234009849			
GO_TRNA_CYTOSINE_5_METHYLTRANSFERASE_ACTIVITY	-0.19604928577075104			
GSE14308_TH2_VS_NATURAL_TREG_DN	-0.19605999437211605			
GO_CATECHOLAMINE_BIOSYNTHETIC_PROCESS	-0.19609014941330954			
GO_DETECTION_OF_MECHANICAL_STIMULUS_INVOLVED_IN_SENSORY_PERCEPTION	-0.1960929362987512			
MIR144_5P	-0.19609817880189917			
REACTOME_AURKA_ACTIVATION_BY_TPX2	-0.19611077906782062			
GO_CYCLIC_NUCLEOTIDE_BINDING	-0.19614436234561552			
ZNF582_TARGET_GENES	-0.19614491874529782			
GO_RNA_POLYMERASE_III_ACTIVITY	-0.19615016620899722			
GSE24574_BCL6_HIGH_VS_LOW_TFH_CD4_TCELL_DN	-0.19615777414602256			
GO_PRIMARY_AMINO_COMPOUND_METABOLIC_PROCESS	-0.19616038617766982			
GO_RRNA_BINDING	-0.1961755044183515			
GO_PI_BODY	-0.1962069132459895			
GO_BRAIN_MORPHOGENESIS	-0.19621956086944958			
GO_METANEPHRIC_LOOP_OF_HENLE_DEVELOPMENT	-0.19625877117899188			
GO_NEGATIVE_REGULATION_OF_CELL_CYCLE_G2_M_PHASE_TRANSITION	-0.1962594919545963			
GO_BUBBLE_DNA_BINDING	-0.19626932536551156			
KEGG_GLIOMA	-0.19630070085121673			
PID_CDC42_REG_PATHWAY	-0.19630215458602168			
GO_ACETYL_COA_C_ACYLTRANSFERASE_ACTIVITY	-0.19630261085421			
GO_TRANSCRIPTION_FACTOR_TFIIA_COMPLEX	-0.19630430099317048			
MIR6782_5P	-0.19630524752432563			
IPA_SCXA_UP	-0.19630810646527702			
GALE_APL_WITH_FLT3_MUTATED_UP	-0.19631063075956143			
MIR8053	-0.19631559879509344			
MIR4299	-0.19633090705223438			
GO_POSITIVE_REGULATION_OF_FLAGELLATED_SPERM_MOTILITY	-0.19633920089249407			
GO_NEGATIVE_REGULATION_OF_PROTEASOMAL_UBIQUITIN_DEPENDENT_PROTEIN_CATABOLIC_PROCESS	-0.19633923890166471			
GO_CYCLOSPORIN_A_BINDING	-0.19635218892024361			
MIR655_5P	-0.1963537542736218			
MIR4464	-0.1963577565015237			
GO_MITOCHONDRIAL_CRISTA	-0.1963600017050796			
MIR7849_3P	-0.19636116431397924			
CREB_Q3	-0.1963635391131232			
GO_CYCLIN_DEPENDENT_PROTEIN_SERINE_THREONINE_KINASE_INHIBITOR_ACTIVITY	-0.19636869164792312			
GO_OUTER_MITOCHONDRIAL_MEMBRANE_PROTEIN_COMPLEX	-0.1963920061745813			
GO_ACYLGLYCEROL_TRANSPORT	-0.1964298765143367			
GSE26351_WNT_VS_BMP_PATHWAY_STIM_HEMATOPOIETIC_PROGENITORS_UP	-0.1964349534666643			
ACCGAGC_MIR423	-0.19643733210354022			
GO_DOUBLE_STRANDED_METHYLATED_DNA_BINDING	-0.19644211723705268			
GO_POSTSYNAPSE_ASSEMBLY	-0.19645579195304305			
GO_TRANSPORT_VESICLE_MEMBRANE	-0.1964602517208633			
MIR195_3P	-0.19646138460298657			
REACTOME_G1_S_DNA_DAMAGE_CHECKPOINTS	-0.19649184315211518			
MIR758_3P	-0.1965174829036177			
chr1p34	-0.1965216550091778			
GO_POSITIVE_REGULATION_OF_TRANSMEMBRANE_TRANSPORT	-0.19652434607778013			
SOX5_01	-0.1965308770324486			
MIKKELSEN_IPS_ICP_WITH_H3K27ME3	-0.19653230317238926			
GO_NUCLEAR_PORE_CENTRAL_TRANSPORT_CHANNEL	-0.1965331469845662			
GO_TRANSFERASE_ACTIVITY_TRANSFERRING_PENTOSYL_GROUPS	-0.1965615747928942			
GO_POSITIVE_REGULATION_OF_T_CELL_DIFFERENTIATION_IN_THYMUS	-0.1965618736758306			
GO_CHOLINERGIC_SYNAPSE	-0.19656282361993985			
IPA_SOHLH1_UP	-0.19656896474482702			
GO_POSITIVE_REGULATION_OF_INTRACELLULAR_STEROID_HORMONE_RECEPTOR_SIGNALING_PATHWAY	-0.1965759129522719			
REACTOME_ADENYLATE_CYCLASE_ACTIVATING_PATHWAY	-0.19660218998292783			
GO_POSTSYNAPTIC_MEMBRANE_ASSEMBLY	-0.19661843745972718			
REACTOME_E3_UBIQUITIN_LIGASES_UBIQUITINATE_TARGET_PROTEINS	-0.19663456515444808			
GSE37301_LYMPHOID_PRIMED_MPP_VS_RAG2_KO_NK_CELL_DN	-0.19663469874867567			
GSE4535_BM_DERIVED_DC_VS_FOLLICULAR_DC_DN	-0.19665668579630516			
MIR664B_5P	-0.19666104471811677			
LASTOWSKA_NEUROBLASTOMA_COPY_NUMBER_DN	-0.19666263884114754			
MIR139_5P	-0.19666773874513782			
GO_DEAD_H_BOX_RNA_HELICASE_BINDING	-0.19667205725743503			
GO_ISOPEPTIDASE_ACTIVITY	-0.19668131975382383			
GO_SMALL_RIBOSOMAL_SUBUNIT_RRNA_BINDING	-0.1966819810634609			
AUNG_GASTRIC_CANCER	-0.1966867485482487			
GSE9946_MATURE_STIMULATORY_VS_PROSTAGLANDINE2_TREATED_MATURE_DC_UP	-0.1966894852622289			
GO_DIVALENT_INORGANIC_CATION_HOMEOSTASIS	-0.1966906452268323			
GSE10147_IL3_VS_IL3_AND_HIVP17_STIM_PDC_DN	-0.19670218675136603			
IPA_ZFP42_DN	-0.1967198299768157			
MIR4740_5P	-0.1967264192154212			
IPA_KLF13_UP	-0.19672770300906253			
GO_REGULATION_OF_GAMMA_AMINOBUTYRIC_ACID_SECRETION	-0.19680191972972252			
REACTOME_MITOCHONDRIAL_PROTEIN_IMPORT	-0.19680341103325186			
GO_PROTON_TRANSPORTING_V_TYPE_ATPASE_COMPLEX_ASSEMBLY	-0.19682596597619423			
GO_VARICOSITY	-0.1968450559049141			
MZF1_02	-0.1968459020513812			
PETRETTO_LEFT_VENTRICLE_MASS_QTL_CIS_DN	-0.19685129033822096			
BIOCARTA_NGF_PATHWAY	-0.19685792859589896			
GO_ANTEROGRADE_AXONAL_TRANSPORT	-0.19686846769278957			
MIR16_2_3P	-0.19687391515570463			
MIR550A_3P	-0.19690291340076405			
REACTOME_ANCHORING_OF_THE_BASAL_BODY_TO_THE_PLASMA_MEMBRANE	-0.19690328819386432			
GSE9601_UNTREATED_VS_NFKB_INHIBITOR_TREATED_HCMV_INF_MONOCYTE_DN	-0.19690383550522314			
GO_MITOCHONDRIAL_GENE_EXPRESSION	-0.1969140961984882			
KUNINGER_IGF1_VS_PDGFB_TARGETS_UP	-0.19691618217602			
REACTOME_MITOCHONDRIAL_TRANSLATION	-0.19691822812806603			
MIR3165	-0.19692248733793533			
GO_PYROPHOSPHATE_HYDROLYSIS_DRIVEN_PROTON_TRANSMEMBRANE_TRANSPORTER_ACTIVITY	-0.1969228773156632			
GSE31622_WT_VS_KLF3_KO_BCELL_UP	-0.19693416683799675			
CCAWNWWNNNGGC_UNKNOWN	-0.19693572435940812			
DING_LUNG_CANCER_MUTATED_SIGNIFICANTLY	-0.1969599206790845			
GO_NEGATIVE_REGULATION_OF_COFACTOR_METABOLIC_PROCESS	-0.19696917279227966			
GO_REGULATION_OF_VIRAL_TRANSCRIPTION	-0.19697689565919954			
MIR1292_5P	-0.1969860443295043			
GO_MATURATION_OF_LSU_RRNA_FROM_TRICISTRONIC_RRNA_TRANSCRIPT_SSU_RRNA_5_8S_RRNA_LSU_RRNA	-0.19698692022761924			
GO_NMDA_SELECTIVE_GLUTAMATE_RECEPTOR_COMPLEX	-0.19698903457830552			
REACTOME_RUNX1_REGULATES_TRANSCRIPTION_OF_GENES_INVOLVED_IN_DIFFERENTIATION_OF_HSCS	-0.19699632240864853			
chr10q21	-0.19700074441238494			
GSE25088_CTRL_VS_ROSIGLITAZONE_STIM_STAT6_KO_MACROPHAGE_UP	-0.19701695879267572			
ZNF493_TARGET_GENES	-0.19705505424049713			
E4BP4_01	-0.19705571839480968			
MIR8065	-0.19707778661253478			
GO_MULTIMERIC_RIBONUCLEASE_P_COMPLEX	-0.19708861313687956			
GO_ETHANOLAMINE_CONTAINING_COMPOUND_METABOLIC_PROCESS	-0.19709243746962862			
GO_MITOCHONDRIAL_TRANSLATIONAL_TERMINATION	-0.19709824023037928			
MIR10A_5P_MIR10B_5P	-0.19711226562229145			
GSE28726_NAIVE_VS_ACTIVATED_NKTCELL_UP	-0.19711641121326276			
MIR4709_3P	-0.19712661319043667			
GO_MEMBRANE_DEPOLARIZATION_DURING_AV_NODE_CELL_ACTION_POTENTIAL	-0.19712905578010628			
GO_DIVALENT_INORGANIC_CATION_TRANSPORT	-0.1971500074458125			
PAX4_03	-0.19715526710001835			
GO_HYDROLASE_ACTIVITY_ACTING_ON_GLYCOSYL_BONDS	-0.1971861324748459			
GTF2E2_TARGET_GENES	-0.19720228978619428			
GSE12392_CD8A_POS_VS_NEG_SPLEEN_DC_DN	-0.1972137313361972			
GO_P_P_BOND_HYDROLYSIS_DRIVEN_PROTEIN_TRANSMEMBRANE_TRANSPORTER_ACTIVITY	-0.19721703562940723			
REACTOME_INITIATION_OF_NUCLEAR_ENVELOPE_NE_REFORMATION	-0.19723174907826907			
IPA_MAF_UP	-0.19724116089096405			
GO_DEPHOSPHORYLATION	-0.19725999550295412			
MCRS1_TARGET_GENES	-0.19726220945978346			
REACTOME_RNA_POLYMERASE_I_PROMOTER_ESCAPE	-0.1972663759040843			
MIR151A_5P_MIR151B	-0.1972733347177609			
AREB6_04	-0.19728671027314215			
AGTTCTC_MIR146A_MIR146B	-0.19729068566851476			
MIR5681B	-0.19729558931707236			
REACTOME_PROCESSING_OF_SMDT1	-0.19730565010069928			
GSE6674_UNSTIM_VS_ANTI_IGM_STIM_BCELL_DN	-0.19730810146920877			
KRASNOSELSKAYA_ILF3_TARGETS_DN	-0.1973127619907367			
GO_REGULATION_OF_CILIUM_BEAT_FREQUENCY	-0.1973137209175994			
REACTOME_RAS_ACTIVATION_UPON_CA2_INFLUX_THROUGH_NMDA_RECEPTOR	-0.19736441330322807			
GO_TOLL_LIKE_RECEPTOR_BINDING	-0.1973874743173407			
REACTOME_INTEGRATION_OF_ENERGY_METABOLISM	-0.19740049481382504			
GO_L_PROLINE_BIOSYNTHETIC_PROCESS	-0.1974019378676289			
GSE37532_VISCERAL_ADIPOSE_TISSUE_VS_LN_DERIVED_PPARG_KO_TREG_CD4_TCELL_UP	-0.197427033344926			
GO_SINGLE_STRANDED_DNA_ENDODEOXYRIBONUCLEASE_ACTIVITY	-0.19744971351922447			
REACTOME_ONCOGENE_INDUCED_SENESCENCE	-0.19745207278208254			
REACTOME_PROTEIN_UBIQUITINATION	-0.19746864019610103			
GO_PHOTOTRANSDUCTION_VISIBLE_LIGHT	-0.19747515987916087			
REACTOME_REGULATION_OF_IFNG_SIGNALING	-0.1974763709957087			
GO_REGULATION_OF_BINDING_OF_SPERM_TO_ZONA_PELLUCIDA	-0.1974808947312388			
MIR6808_3P	-0.19748380384460754			
GO_NEUROTRANSMITTER_RECEPTOR_TRANSPORT_POSTSYNAPTIC_ENDOSOME_TO_LYSOSOME	-0.19748437757736242			
GSE6674_UNSTIM_VS_PL2_3_STIM_BCELL_UP	-0.19749262153958833			
GO_TELOMERASE_RNA_LOCALIZATION	-0.19751753883924694			
GSE12198_CTRL_VS_HIGH_IL2_STIM_NK_CELL_UP	-0.1975300594238978			
MIR6781_3P	-0.1975327945781578			
REACTOME_FGFR2_MUTANT_RECEPTOR_ACTIVATION	-0.1975727797653326			
MIR940	-0.1975756414834941			
GSE41176_UNSTIM_VS_ANTI_IGM_STIM_TAK1_KO_BCELL_3H_UP	-0.19758004814469426			
REACTOME_HIV_TRANSCRIPTION_ELONGATION	-0.1975818354333497			
GO_NUCLEOSIDE_TRANSPORT	-0.1975901902031148			
GO_GUANOSINE_CONTAINING_COMPOUND_BIOSYNTHETIC_PROCESS	-0.1975931475115313			
GO_CHIASMA_ASSEMBLY	-0.1976051868531379			
NADLER_HYPERGLYCEMIA_AT_OBESITY	-0.1976295330923005			
GO_ICOSANOID_RECEPTOR_ACTIVITY	-0.19763600680158772			
MIR5196_3P	-0.19764060195370184			
GO_SMN_SM_PROTEIN_COMPLEX	-0.19765241181096377			
REACTOME_G_ALPHA_Z_SIGNALLING_EVENTS	-0.1976604681908029			
GO_NEGATIVE_REGULATION_OF_REPRODUCTIVE_PROCESS	-0.1976636267511294			
chrXp22	-0.19769337067056197			
chr22q13	-0.19772067250901967			
DISTECHE_ESCAPED_FROM_X_INACTIVATION	-0.19772131461254794			
GSE13522_WT_VS_IFNG_KO_SKING_T_CRUZI_Y_STRAIN_INF_UP	-0.19774315759901398			
MIR4726_5P	-0.1977478906046786			
GO_CELLULAR_AMINO_ACID_CATABOLIC_PROCESS	-0.19777978717850306			
GO_REGULATION_OF_NODAL_SIGNALING_PATHWAY_INVOLVED_IN_DETERMINATION_OF_LEFT_RIGHT_ASYMMETRY	-0.19778836071257686			
GO_AEROBIC_RESPIRATION	-0.19779144133535104			
ZHAN_VARIABLE_EARLY_DIFFERENTIATION_GENES_DN	-0.19779486639823082			
ETS2_B	-0.1977956416593847			
BROWNE_HCMV_INFECTION_20HR_UP	-0.19779566756074124			
IPA_PROX1_UP	-0.19780180321702456			
GSE13738_RESTING_VS_TCR_ACTIVATED_CD4_TCELL_UP	-0.19780998125816454			
MIR450A_1_3P	-0.19781140774715936			
GO_MITOCHONDRIAL_PROTEIN_COMPLEX	-0.19786978900468222			
GO_PRO_B_CELL_DIFFERENTIATION	-0.1978739378175093			
GO_ORGANELLE_ENVELOPE_LUMEN	-0.1978828745436743			
GSE16451_IMMATURE_VS_MATURE_NEURON_CELL_LINE_WEST_EQUINE_ENC_VIRUS_DN	-0.1978863085313071			
BIOCARTA_FAS_PATHWAY	-0.19788986025145067			
MIR493_3P	-0.19789307344783869			
GO_CRANIAL_NERVE_FORMATION	-0.1979030101431839			
SEMBA_FHIT_TARGETS_DN	-0.1979102495858973			
GO_ORNITHINE_TRANSPORT	-0.19792089346078645			
GO_RESPONSE_TO_ACTIVITY	-0.19792632805407415			
GO_PROTON_TRANSPORTING_TWO_SECTOR_ATPASE_COMPLEX	-0.19793063811209544			
TCTGATA_MIR361	-0.19796329626424353			
IPA_HIF3A_UP	-0.19797787155373964			
MIR4529_3P	-0.1979964948373719			
GO_CYSTEINE_TYPE_EXOPEPTIDASE_ACTIVITY	-0.1980174404294598			
MIR1305	-0.19802882152307924			
CERIBELLI_PROMOTERS_INACTIVE_AND_BOUND_BY_NFY	-0.19804236701547634			
EPC1_TARGET_GENES	-0.19804531346037638			
GSE19825_NAIVE_VS_DAY3_EFF_CD8_TCELL_DN	-0.19805913203852452			
GO_POSITIVE_REGULATION_OF_TELOMERE_CAPPING	-0.19808967974276684			
GO_REGULATION_OF_VITAMIN_METABOLIC_PROCESS	-0.19810550799294097			
GO_HOMOCYSTEINE_METABOLIC_PROCESS	-0.19811390494896478			
chr6q21	-0.19812395286630355			
REACTOME_RESPIRATORY_ELECTRON_TRANSPORT_ATP_SYNTHESIS_BY_CHEMIOSMOTIC_COUPLING_AND_HEAT_PRODUCTION_BY_UNCOUPLING_PROTEINS	-0.1981267542668791			
MIR505_5P	-0.19813758657608438			
GO_OXIDATIVE_PHOSPHORYLATION	-0.1981749379742782			
GO_SYNAPTIC_TRANSMISSION_GLUTAMATERGIC	-0.19818030792712527			
GSE16385_MONOCYTE_VS_MACROPHAGE_DN	-0.19818094557164237			
REACTOME_FREE_FATTY_ACID_RECEPTORS	-0.19818964743871115			
GSE16385_MONOCYTE_VS_MACROPHAGE_UP	-0.19819567462616527			
MCCLUNG_COCAINE_REWARD_5D	-0.19821981450298748			
GO_REGULATION_OF_ENAMEL_MINERALIZATION	-0.19821996862623806			
GO_NUCLEOSIDE_KINASE_ACTIVITY	-0.1982227082843121			
GSE20198_UNTREATED_VS_IL12_IL18_TREATED_ACT_CD4_TCELL_UP	-0.19822341497603654			
GO_MESENDODERM_DEVELOPMENT	-0.19823266990202248			
HOXB8_TARGET_GENES	-0.19824144654088224			
GO_LIGASE_ACTIVITY_FORMING_CARBON_NITROGEN_BONDS	-0.19825706085650568			
GO_NEGATIVE_REGULATION_OF_INTRACELLULAR_ESTROGEN_RECEPTOR_SIGNALING_PATHWAY	-0.19827948845463134			
GO_POLYSOME	-0.1982894106997775			
ISHIKAWA_STING_SIGNALING	-0.19830288545498595			
GO_CYSTEINE_TYPE_ENDOPEPTIDASE_INHIBITOR_ACTIVITY_INVOLVED_IN_APOPTOTIC_PROCESS	-0.19830546405784594			
GO_POSITIVE_REGULATION_OF_NUCLEASE_ACTIVITY	-0.19830726381800892			
MIR6779_5P	-0.19833591679597984			
TGCTTTG_MIR330	-0.19835664908091125			
BIOCARTA_CCR3_PATHWAY	-0.1983589608763883			
GLI1_UP.V1_UP	-0.19838355581391587			
GO_POSITIVE_REGULATION_OF_INTERLEUKIN_23_PRODUCTION	-0.19838452077837596			
MEISSNER_BRAIN_ICP_WITH_H3K4ME3	-0.1983994566844441			
MIR4470	-0.19840065487222042			
GO_STEROL_ESTERASE_ACTIVITY	-0.19840404635456602			
GO_ACTIN_NUCLEATION	-0.19840779145747922			
GO_EXTRINSIC_COMPONENT_OF_SYNAPTIC_MEMBRANE	-0.19841557937494225			
GO_POSITIVE_REGULATION_OF_INTERLEUKIN_13_SECRETION	-0.19842829771276918			
GSE13306_TREG_VS_TCONV_SPLEEN_DN	-0.19843648907273476			
MIR208A_5P	-0.1984440445698462			
GSE34515_CD16_NEG_VS_POS_MONOCYTE_DN	-0.19844512806692852			
GSE17721_CTRL_VS_POLYIC_4H_BMDC_UP	-0.19844535943933142			
GO_U3_SNORNA_BINDING	-0.1984516862569426			
GO_DEOXYRIBOSE_PHOSPHATE_BIOSYNTHETIC_PROCESS	-0.19845987422714828			
GO_TRANSCRIPTION_COREPRESSOR_BINDING	-0.19847078412660002			
MIR6086	-0.19847769367369697			
MIR501_5P	-0.1984951492379777			
GSE37534_UNTREATED_VS_GW1929_TREATED_CD4_TCELL_PPARG1_AND_FOXP3_TRASDUCED_DN	-0.198508545737778			
BYSTROEM_CORRELATED_WITH_IL5_UP	-0.19853633153696773			
GO_MAST_CELL_MIGRATION	-0.19853644185284106			
chr3p26	-0.1985386353004782			
AML1_01	-0.19856763756417908			
AML1_Q6	-0.19856763756417908			
GO_NUCLEOTIDE_BINDING_OLIGOMERIZATION_DOMAIN_CONTAINING_1_SIGNALING_PATHWAY	-0.19858903492921495			
MIR1243	-0.1985979426525562			
GSE22025_UNTREATED_VS_TGFB1_TREATED_CD4_TCELL_DN	-0.1985983396429325			
ZID_01	-0.1986004855160896			
GSE23114_PERITONEAL_CAVITY_B1A_BCELL_VS_SPLEEN_BCELL_UP	-0.1986079676752603			
GO_BORC_COMPLEX	-0.19860811778596132			
MIR3124_3P	-0.19861531781901348			
GSE27241_WT_VS_RORGT_KO_TH17_POLARIZED_CD4_TCELL_UP	-0.1986205953591383			
MIR6502_3P	-0.19862103992267502			
MIR6509_5P	-0.1986215778236212			
MIR551B_5P	-0.19863903649667158			
GO_REGULATION_OF_CELL_GROWTH_INVOLVED_IN_CARDIAC_MUSCLE_CELL_DEVELOPMENT	-0.19864347924287926			
LET_7E_3P	-0.19866273466573006			
IPA_MIER1_DN	-0.19866878033148797			
GSE37416_12H_VS_48H_F_TULARENSIS_LVS_NEUTROPHIL_DN	-0.19868063904309158			
GSE19888_CTRL_VS_A3R_ACT_TREATED_MAST_CELL_PRETREATED_WITH_A3R_INH_DN	-0.19869386998029095			
GO_7S_RNA_BINDING	-0.19870580160887677			
GO_AMINO_SUGAR_CATABOLIC_PROCESS	-0.1987139873382057			
REACTOME_DEFECTIVE_CHST6_CAUSES_MCDC1	-0.19872271881641929			
chr3p11	-0.19873244910307772			
chr16q12	-0.19875974339757405			
GO_PROTON_TRANSMEMBRANE_TRANSPORTER_ACTIVITY	-0.19876115772623373			
GO_RESPIRASOME	-0.1987753675041479			
GSE33292_DN3_THYMOCYTE_VS_TCF1_KO_TCELL_LYMPHOMA_DN	-0.1987878273498253			
GO_BINDING_OF_SPERM_TO_ZONA_PELLUCIDA	-0.1987884549115006			
GO_RETROGRADE_TRANSPORT_ENDOSOME_TO_PLASMA_MEMBRANE	-0.1987929320771014			
GO_ATP_TRANSMEMBRANE_TRANSPORTER_ACTIVITY	-0.19882660591913634			
GO_SECONDARY_HEART_FIELD_SPECIFICATION	-0.19884245688509267			
GO_SPHINGOSINE_1_PHOSPHATE_RECEPTOR_ACTIVITY	-0.1988467113411025			
GO_RSC_TYPE_COMPLEX	-0.19885604470628873			
GO_NEGATIVE_REGULATION_OF_T_CELL_CYTOKINE_PRODUCTION	-0.19886094152460118			
GSE32423_IL7_VS_IL4_MEMORY_CD8_TCELL_UP	-0.19887462746214718			
MIR6855_5P	-0.1989285799248308			
REACTOME_ASSEMBLY_AND_CELL_SURFACE_PRESENTATION_OF_NMDA_RECEPTORS	-0.1989492557359717			
MIR93_3P	-0.19895690564282917			
JAZAG_TGFB1_SIGNALING_VIA_SMAD4_DN	-0.1989642527998476			
MIR3138	-0.1989657641065719			
GO_PROTEIN_CHROMOPHORE_LINKAGE	-0.19896740355906184			
GSE21927_SPLEEN_VS_C26GM_TUMOR_MONOCYTE_BALBC_DN	-0.19897066240608294			
GO_NADH_DEHYDROGENASE_COMPLEX	-0.19900169294967565			
GO_REGULATION_OF_MITOCHONDRIAL_RNA_CATABOLIC_PROCESS	-0.19900649097819811			
GO_ESTABLISHMENT_OF_PROTEIN_LOCALIZATION_TO_CHROMATIN	-0.19903914984554855			
GO_RNA_POLYMERASE_II_INTRONIC_TRANSCRIPTION_REGULATORY_REGION_SEQUENCE_SPECIFIC_DNA_BINDING	-0.19904741260584102			
GO_DOPAMINERGIC_SYNAPSE	-0.19905382774170854			
GO_NONASSOCIATIVE_LEARNING	-0.19905837982760977			
GSE11961_MEMORY_BCELL_DAY7_VS_GERMINAL_CENTER_BCELL_DAY40_UP	-0.19908406595501996			
GO_NUCLEOLUS	-0.19909939106682234			
GSE21927_SPLEEN_C57BL6_VS_EL4_TUMOR_BALBC_MONOCYTES_DN	-0.19910755053508084			
MIR7113_3P	-0.19915468581443124			
GO_TELOMERASE_HOLOENZYME_COMPLEX_ASSEMBLY	-0.1991592921113661			
MIR183_3P	-0.19915938935157806			
GO_CELLULAR_RESPONSE_TO_REACTIVE_NITROGEN_SPECIES	-0.19916990047893374			
MIR323A_5P	-0.19918348655705512			
MIR6736_5P	-0.1992036148974053			
ZC3H11A_TARGET_GENES	-0.19920403042508267			
GO_THYMUS_DEVELOPMENT	-0.19922870340527393			
PID_SMAD2_3NUCLEAR_PATHWAY	-0.19922946439650396			
chr5q33	-0.19924239085076698			
IPA_RBPJL_UP	-0.19926404987842225			
GO_RNA_2_O_METHYLTRANSFERASE_ACTIVITY	-0.19928312735217554			
GO_EXTERNAL_ENCAPSULATING_STRUCTURE	-0.1992851085019517			
REACTOME_ACTIVATED_NTRK3_SIGNALS_THROUGH_PI3K	-0.19929838962012222			
IPA_TRRAP_UP	-0.19929880278323475			
GSE12507_PDC_CELL_LINE_VS_IMMATUE_T_CELL_LINE_UP	-0.1993001994084183			
GO_PHYTOSTEROID_METABOLIC_PROCESS	-0.19930096215125367			
GO_GRANULOCYTE_MACROPHAGE_COLONY_STIMULATING_FACTOR_PRODUCTION	-0.1993021262465452			
GO_PHOSPHATIDYLINOSITOL_N_ACETYLGLUCOSAMINYLTRANSFERASE_ACTIVITY	-0.19934210588146395			
GO_CYTOCHROME_COMPLEX	-0.1993507695029407			
BIOCARTA_RANBP2_PATHWAY	-0.19935582036957233			
PEART_HDAC_PROLIFERATION_CLUSTER_UP	-0.19935760404763644			
IPA_MESP2_UP	-0.19937337680544287			
GSE17721_CTRL_VS_PAM3CSK4_1H_BMDC_UP	-0.1994144801581007			
CHEMNITZ_RESPONSE_TO_PROSTAGLANDIN_E2_UP	-0.19942007273904738			
REACTOME_INTERLEUKIN_20_FAMILY_SIGNALING	-0.19944342608516127			
CHANDRAN_METASTASIS_TOP50_UP	-0.19947054027180802			
REACTOME_CREB1_PHOSPHORYLATION_THROUGH_NMDA_RECEPTOR_MEDIATED_ACTIVATION_OF_RAS_SIGNALING	-0.19947463150537978			
GO_REGULATION_OF_ELECTRON_TRANSFER_ACTIVITY	-0.19947611640419213			
OVOL3_TARGET_GENES	-0.19947839851458168			
GSE4590_PRE_BCELL_VS_LARGE_PRE_BCELL_DN	-0.1995005495203771			
GSE46606_UNSTIM_VS_CD40L_IL2_IL5_DAY3_STIMULATED_BCELL_UP	-0.19951924011954186			
GO_NEUTRAL_AMINO_ACID_TRANSMEMBRANE_TRANSPORTER_ACTIVITY	-0.1995253013429766			
GO_POLE_PLASM	-0.1995559362556555			
BIOCARTA_MITR_PATHWAY	-0.19955653819118013			
GSE17721_CTRL_VS_PAM3CSK4_4H_BMDC_UP	-0.19956480443280722			
GSE20366_CD103_KLRG1_DP_VS_DN_TREG_UP	-0.19956577419842042			
FARMER_BREAST_CANCER_CLUSTER_2	-0.1995779490095542			
BIOCARTA_RAN_PATHWAY	-0.19959371313541274			
GO_ENDONUCLEASE_ACTIVITY_ACTIVE_WITH_EITHER_RIBO_OR_DEOXYRIBONUCLEIC_ACIDS_AND_PRODUCING_3_PHOSPHOMONOESTERS	-0.199606023700656			
ZERBINI_RESPONSE_TO_SULINDAC_DN	-0.19961013712027992			
GO_PYRIMIDINE_NUCLEOTIDE_METABOLIC_PROCESS	-0.19961057674873486			
GO_CARBON_CATABOLITE_REGULATION_OF_TRANSCRIPTION	-0.1996198819992159			
GO_OPSONIN_BINDING	-0.1996300288112139			
GSE3982_EFF_MEMORY_CD4_TCELL_VS_TH2_DN	-0.19964847057992258			
GSE45365_NK_CELL_VS_CD8_TCELL_DN	-0.1996528237765757			
GSE17974_CTRL_VS_ACT_IL4_AND_ANTI_IL12_24H_CD4_TCELL_UP	-0.19965978434114823			
GO_TRNA_AMINOACYLATION_FOR_MITOCHONDRIAL_PROTEIN_TRANSLATION	-0.19969053100948503			
GACAATC_MIR219	-0.1996913374602069			
GSE41176_WT_VS_TAK1_KO_ANTI_IGM_STIM_BCELL_1H_DN	-0.19970658085494952			
GO_NEGATIVE_REGULATION_OF_CIRCADIAN_SLEEP_WAKE_CYCLE_SLEEP	-0.19972189257987194			
GO_POSTSYNAPTIC_CYTOSKELETON	-0.19973165787425898			
EBAUER_TARGETS_OF_PAX3_FOXO1_FUSION_DN	-0.1997425234158163			
GSE45365_WT_VS_IFNAR_KO_BCELL_MCMV_INFECTION_UP	-0.19976092805289403			
GSE37534_UNTREATED_VS_PIOGLITAZONE_TREATED_CD4_TCELL_PPARG1_AND_FOXP3_TRASDUCED_UP	-0.19976767265521986			
GO_VERY_LONG_CHAIN_FATTY_ACID_CATABOLIC_PROCESS	-0.19982032737776653			
GO_OPIOID_RECEPTOR_BINDING	-0.1998217412752177			
MIR208B_5P	-0.1998229900026275			
chr16q24	-0.1998263821676116			
GO_ORGANELLE_INNER_MEMBRANE	-0.1998272747028658			
GO_PEPTIDE_METABOLIC_PROCESS	-0.19982863141948506			
GO_VCP_NPL4_UFD1_AAA_ATPASE_COMPLEX	-0.19983463039352034			
MIR323B_3P	-0.19983995002341481			
MIR8086	-0.19984424470535403			
GSE14769_UNSTIM_VS_240MIN_LPS_BMDM_UP	-0.19985745219866172			
GSE24671_BAKIMULC_VS_SENDAI_VIRUS_INFECTED_MOUSE_SPLENOCYTES_DN	-0.19987382991044716			
GO_POSITIVE_REGULATION_OF_TYPE_2_IMMUNE_RESPONSE	-0.1998973437800034			
GO_COENZYME_A_METABOLIC_PROCESS	-0.19990268082494958			
GO_SPANNING_COMPONENT_OF_PLASMA_MEMBRANE	-0.19991727091750744			
GO_R2TP_COMPLEX	-0.19992599423632793			
P53_DN.V2_DN	-0.19992974149616735			
REACTOME_INTRA_GOLGI_TRAFFIC	-0.19994331806823254			
GO_REGULATION_OF_PROTEIN_ACETYLATION	-0.19994929550362228			
MIR548O_3P	-0.19999147800967565			
GO_HSP70_PROTEIN_BINDING	-0.2000041385508469			
GO_EGO_COMPLEX	-0.20000531767163082			
YU_MYC_TARGETS_UP	-0.20000969974358715			
REACTOME_WNT_MEDIATED_ACTIVATION_OF_DVL	-0.20001710197192243			
GO_COMPLEMENT_RECEPTOR_MEDIATED_SIGNALING_PATHWAY	-0.20002619736599586			
GO_T_CELL_TOLERANCE_INDUCTION	-0.20003409900069025			
MIR548E_5P	-0.20004549087781812			
MIR323B_5P	-0.20004761830553142			
KEGG_RIBOFLAVIN_METABOLISM	-0.20004777210583882			
MIR3612	-0.20005051994093204			
GO_NEGATIVE_REGULATION_OF_G_PROTEIN_COUPLED_RECEPTOR_SIGNALING_PATHWAY	-0.20005960277159812			
GO_PHOSPHATIDYLSERINE_1_ACYLHYDROLASE_ACTIVITY	-0.20006151746352951			
GSE8621_LPS_PRIMED_UNSTIM_VS_LPS_PRIMED_AND_LPS_STIM_MACROPHAGE_DN	-0.20007320474587087			
GSE1112_OT1_VS_HY_CD8AB_THYMOCYTE_RTOC_CULTURE_DN	-0.200086506153466			
GO_DEACETYLASE_ACTIVITY	-0.20009396074958052			
GTTNYYNNGGTNA_UNKNOWN	-0.20009933164198618			
MIR3675_5P	-0.20013846973429625			
GSE33374_CD8_ALPHAALPHA_VS_ALPHABETA_CD161_HIGH_TCELL_UP	-0.20014205734200982			
MIR339_3P	-0.20016595180107308			
MIR4695_3P	-0.20016832380402913			
GO_REGULATION_OF_CALCIUM_ION_TRANSMEMBRANE_TRANSPORTER_ACTIVITY	-0.20017747464547622			
GO_CELLULAR_RESPONSE_TO_ESTRADIOL_STIMULUS	-0.2001863709727806			
GO_REGULATION_OF_PROTEIN_SUMOYLATION	-0.20018927615548845			
DARWICHE_PAPILLOMA_RISK_LOW_DN	-0.20019230577874095			
TCTGGAC_MIR198	-0.20020871555981373			
DROSHA_TARGET_GENES	-0.20022024308108438			
GO_TETRAHYDROFOLATE_INTERCONVERSION	-0.20024931995075912			
GO_ENDONUCLEOLYTIC_CLEAVAGE_INVOLVED_IN_RRNA_PROCESSING	-0.20025136158855703			
DR3_Q4	-0.200252295888299			
GO_G_PROTEIN_COUPLED_ADENOSINE_RECEPTOR_ACTIVITY	-0.20027202648440082			
WDHD1_TARGET_GENES	-0.20028658819555825			
GO_PHYSIOLOGICAL_CARDIAC_MUSCLE_HYPERTROPHY	-0.2003174955462143			
OCT1_04	-0.20032650478480848			
GO_METAL_ION_TRANSMEMBRANE_TRANSPORTER_ACTIVITY	-0.20033384476214336			
GO_L_ORNITHINE_TRANSMEMBRANE_TRANSPORTER_ACTIVITY	-0.20034143090095463			
GO_RESPONSE_TO_LEUCINE	-0.2003424539947857			
GO_RESPONSE_TO_PHEROMONE	-0.20036499853153047			
IPA_SIM1_DN	-0.20037829066648294			
GO_REGULATION_OF_RESPONSE_TO_EXTRACELLULAR_STIMULUS	-0.20044884446515587			
GO_PROTOPORPHYRINOGEN_IX_METABOLIC_PROCESS	-0.20045694311349146			
IPA_HEYL_DN	-0.2004744857811395			
MIR4517	-0.20048005135575503			
MYOCD_TARGET_GENES	-0.20049774292589945			
WEBER_METHYLATED_ICP_IN_FIBROBLAST	-0.20050294476622116			
GO_WALKING_BEHAVIOR	-0.2005543837019407			
GO_AMINE_BIOSYNTHETIC_PROCESS	-0.20055964704020074			
GO_EUKARYOTIC_TRANSLATION_INITIATION_FACTOR_4F_COMPLEX	-0.20056428766738932			
GO_REGULATION_OF_NATURAL_KILLER_CELL_CHEMOTAXIS	-0.2005698158059637			
REACTOME_SODIUM_CALCIUM_EXCHANGERS	-0.2005705685774478			
MIR8052	-0.2005866756112111			
THILLAINADESAN_ZNF217_TARGETS_UP	-0.20058732980884622			
GO_REGULATION_OF_GROWTH_HORMONE_SECRETION	-0.20058927355906608			
GO_HISTONE_H2A_UBIQUITINATION	-0.20059510220484023			
GO_INTRACELLULAR_CGMP_ACTIVATED_CATION_CHANNEL_ACTIVITY	-0.20060576075290368			
MAX_01	-0.20060853070724732			
chr17p13	-0.2006171723520038			
GO_BETA_CATENIN_DESTRUCTION_COMPLEX_ASSEMBLY	-0.2006344616478279			
MIKKELSEN_IPS_LCP_WITH_H3K4ME3_AND_H3K27ME3	-0.20065101125714646			
MIR2278	-0.20065351452653993			
GO_REGULATION_OF_BILE_ACID_BIOSYNTHETIC_PROCESS	-0.20068130229507591			
GO_NUCLEOID	-0.20068279257646754			
MEIS1BHOXA9_01	-0.20071061610786212			
GO_M7G_5_PPPN_DIPHOSPHATASE_ACTIVITY	-0.2007147701961903			
GO_BEHAVIORAL_RESPONSE_TO_ETHANOL	-0.20071498595798243			
GO_PROTEIN_DEPHOSPHORYLATION	-0.20074548025193645			
REACTOME_NOTCH2_INTRACELLULAR_DOMAIN_REGULATES_TRANSCRIPTION	-0.20074890290780403			
CHESLER_BRAIN_D6MIT150_QTL_TRANS	-0.20076901795639343			
GO_NEGATIVE_REGULATION_OF_UBIQUITIN_PROTEIN_TRANSFERASE_ACTIVITY	-0.20078773737733563			
LU_TUMOR_ENDOTHELIAL_MARKERS_DN	-0.20078844479800934			
GSE360_CTRL_VS_L_MAJOR_MAC_UP	-0.20080011635666484			
WANG_RESPONSE_TO_ANDROGEN_UP	-0.20080949143083995			
REACTOME_CYCLIN_A_B1_B2_ASSOCIATED_EVENTS_DURING_G2_M_TRANSITION	-0.2008104033796803			
GO_NADH_DEHYDROGENASE_ACTIVITY	-0.20081323147545277			
GO_PRESYNAPTIC_DENSE_CORE_VESICLE_EXOCYTOSIS	-0.2008352051615308			
GO_ENDORIBONUCLEASE_COMPLEX	-0.20085270636963237			
GSE21670_STAT3_KO_VS_WT_CD4_TCELL_TGFB_TREATED_UP	-0.20085461662878534			
MIR8075	-0.200858328061396			
MIR7108_5P	-0.20086187479764406			
GO_REGULATION_OF_SMOOTH_MUSCLE_CELL_DIFFERENTIATION	-0.20086713333956788			
GO_VITAMIN_D_BIOSYNTHETIC_PROCESS	-0.20086867206637538			
IPA_NCOR1_UP	-0.20087293061654501			
BIOCARTA_RAS_PATHWAY	-0.2008817014157292			
GO_NEGATIVE_REGULATION_OF_TUMOR_NECROSIS_FACTOR_MEDIATED_SIGNALING_PATHWAY	-0.2009061076422121			
GSE6674_UNSTIM_VS_CPG_STIM_BCELL_UP	-0.20092742525107316			
REACTOME_PROPIONYL_COA_CATABOLISM	-0.20093413523149317			
IPA_RAX_UP	-0.2009493810407283			
GO_REGULATION_OF_TRANSCRIPTION_FROM_RNA_POLYMERASE_II_PROMOTER_INVOLVED_IN_MYOCARDIAL_PRECURSOR_CELL_DIFFERENTIATION	-0.20096916690913552			
GO_CARBON_CARBON_LYASE_ACTIVITY	-0.20097653384947253			
GO_ADENYLATE_CYCLASE_INHIBITING_G_PROTEIN_COUPLED_RECEPTOR_SIGNALING_PATHWAY	-0.20098262701827233			
MIR668_3P	-0.20099343654105287			
MIR4468	-0.20100970198985305			
IPA_FOXC1_UP	-0.2010114590653451			
MIR511_5P	-0.20101261572866017			
MIR137_3P	-0.20101694070172305			
MIR30C_2_3P	-0.20102477820219883			
GO_NUCLEOBASE_METABOLIC_PROCESS	-0.201063353461192			
GO_ADENOSINE_METABOLIC_PROCESS	-0.2010656845125266			
GO_PURINE_RIBONUCLEOSIDE_SALVAGE	-0.2010658826427642			
GSE13547_WT_VS_ZFX_KO_BCELL_ANTI_IGM_STIM_2H_UP	-0.20106653334989597			
GO_BLASTOCYST_FORMATION	-0.20107703578235855			
MOLENAAR_TARGETS_OF_CCND1_AND_CDK4_DN	-0.20109908659402703			
TASOR_TARGET_GENES	-0.2010997792844348			
HDAC8_TARGET_GENES	-0.20110783588390935			
GO_UBIQUITIN_DEPENDENT_ENDOCYTOSIS	-0.20112305571380912			
BOYAULT_LIVER_CANCER_SUBCLASS_G3_DN	-0.20112928913255543			
GSE25088_CTRL_VS_IL4_STIM_STAT6_KO_MACROPHAGE_UP	-0.2011791705551758			
IPA_PRRX1_DN	-0.20118627213171722			
PPARG_01	-0.20118933547960033			
chr4q27	-0.20119553945667795			
BIOCARTA_41BB_PATHWAY	-0.2012010155416414			
GSE13493_CD4INTCD8POS_VS_CD8POS_THYMOCYTE_UP	-0.20120134273467963			
IPA_FOXO1_UP	-0.20121168745925588			
GO_REGULATION_OF_TRANSCRIPTION_INITIATION_FROM_RNA_POLYMERASE_II_PROMOTER	-0.20125210766984344			
MIR10B_3P	-0.2012665931127479			
MOOTHA_TCA	-0.20127191214043272			
NAGY_PCAF_COMPONENTS_HUMAN	-0.20129256437666615			
RAHMAN_TP53_TARGETS_PHOSPHORYLATED	-0.20131459582050437			
GO_CALCIUM_ION_IMPORT	-0.2013270438511719			
GSE19772_CTRL_VS_HCMV_INF_MONOCYTES_DN	-0.20132911106898357			
GO_NEGATIVE_REGULATION_OF_MACROPHAGE_ACTIVATION	-0.20136324485313173			
GSE29618_PRE_VS_DAY7_FLU_VACCINE_MDC_UP	-0.20136708060932632			
BIOCARTA_FLUMAZENIL_PATHWAY	-0.2013702403821955			
GO_NEGATIVE_REGULATION_OF_TRIGLYCERIDE_METABOLIC_PROCESS	-0.2013942155910589			
GO_MAST_CELL_CYTOKINE_PRODUCTION	-0.2013975394747002			
GO_NEGATIVE_REGULATION_OF_CELL_CHEMOTAXIS_TO_FIBROBLAST_GROWTH_FACTOR	-0.2014032880457096			
CEBP_Q3	-0.20141666290727786			
GSE5099_MONOCYTE_VS_ALTERNATIVE_M2_MACROPHAGE_DN	-0.20141738079660815			
REACTOME_METABOLISM_OF_AMINE_DERIVED_HORMONES	-0.201430377166558			
GSE21927_BALBC_VS_C57BL6_MONOCYTE_TUMOR_DN	-0.20143366821740347			
GO_MAINTENANCE_OF_CENTROSOME_LOCATION	-0.20144619474902228			
GO_NEGATIVE_REGULATION_OF_RYANODINE_SENSITIVE_CALCIUM_RELEASE_CHANNEL_ACTIVITY	-0.20144795889452707			
GSE25123_ROSIGLITAZONE_VS_IL4_AND_ROSIGLITAZONE_STIM_MACROPHAGE_DAY10_DN	-0.20144811983830696			
KIM_GLIS2_TARGETS_DN	-0.2014796802342957			
GO_CGMP_CATABOLIC_PROCESS	-0.2015330147853123			
GO_ADULT_FEEDING_BEHAVIOR	-0.20153913585471822			
GSE32423_MEMORY_VS_NAIVE_CD8_TCELL_IL7_DN	-0.20155258984724053			
chr17q25	-0.20155742099025717			
STAT1_03	-0.20156377640919862			
GO_PARANODAL_JUNCTION	-0.20158089840570972			
GO_BENZODIAZEPINE_RECEPTOR_ACTIVITY	-0.20158197509203724			
MIR3190_3P	-0.20161036043801184			
E2F_Q2	-0.2016439826186727			
GSE17301_CTRL_VS_48H_ACD3_ACD28_IFNA5_STIM_CD8_TCELL_UP	-0.20164471662605032			
E2F1_Q3_01	-0.20166023965960284			
IPA_ETV5_DN	-0.20172867122754318			
MIR548AJ_5P_MIR548G_5P_MIR548X_5P	-0.20173471011678207			
MIR6089	-0.20175661780408602			
GO_REGULATION_OF_DNA_DEMETHYLATION	-0.20175695116645415			
GO_MHC_CLASS_II_PROTEIN_BINDING	-0.20183869989813033			
GO_ENTERIC_NERVOUS_SYSTEM_DEVELOPMENT	-0.20184817698333277			
MIR3914	-0.20185117441799286			
GO_INWARD_RECTIFIER_POTASSIUM_CHANNEL_ACTIVITY	-0.20187869506533296			
MIR425_5P	-0.20188073816942342			
GSE46606_IRF4_KO_VS_WT_UNSTIM_BCELL_UP	-0.20188822539371146			
GSE339_CD4POS_VS_CD8POS_DC_IN_CULTURE_UP	-0.2018934659387784			
GSE23925_LIGHT_ZONE_VS_DARK_ZONE_BCELL_DN	-0.20190002072279795			
PID_TELOMERASE_PATHWAY	-0.201905364287439			
GO_N_GLYCAN_PROCESSING	-0.20191265096067504			
GO_REGULATION_OF_PEPTIDYL_LYSINE_ACETYLATION	-0.20191372476643107			
MIR766_5P	-0.2019413936270041			
MIR424_5P	-0.20194731777032113			
SAKAI_TUMOR_INFILTRATING_MONOCYTES_DN	-0.2019526428163159			
GO_REGULATION_OF_EXCITATORY_SYNAPSE_ASSEMBLY	-0.20195403467476797			
ZNF260_TARGET_GENES	-0.2019592734008262			
GO_FRUCTOSE_1_6_BISPHOSPHATE_METABOLIC_PROCESS	-0.20196058852344792			
MIR7848_3P	-0.20196791619190546			
GO_MITOCHONDRIAL_TRANSMEMBRANE_TRANSPORT	-0.20200524344712423			
GSE11924_TFH_VS_TH17_CD4_TCELL_UP	-0.20201760765675902			
GO_REGULATION_OF_EOSINOPHIL_MIGRATION	-0.20206288237616538			
GSE22103_LPS_VS_GMCSF_AND_IFNG_STIM_NEUTROPHIL_UP	-0.20207385623551674			
GO_RESPONSE_TO_CORTICOTROPIN_RELEASING_HORMONE	-0.20208483165028546			
GO_NEUROPEPTIDE_RECEPTOR_BINDING	-0.2021094703359917			
GO_ELONGIN_COMPLEX	-0.20212315233221592			
chr1q21	-0.20212910278389262			
GO_DNA_TOPOISOMERASE_BINDING	-0.20213747975239718			
GO_CELLULAR_DETOXIFICATION_OF_ALDEHYDE	-0.20217580067453592			
GO_SENSORY_PERCEPTION_OF_TOUCH	-0.20217830377222698			
GO_CEREBELLAR_PURKINJE_CELL_LAYER_DEVELOPMENT	-0.2021831733530258			
GO_APOPTOTIC_DNA_FRAGMENTATION	-0.20218755715717035			
GO_ANCHORED_COMPONENT_OF_PRESYNAPTIC_MEMBRANE	-0.20220418586649347			
GO_POSITIVE_REGULATION_OF_GROWTH_HORMONE_SECRETION	-0.20221316980939094			
GO_INTRACELLULAR_PROTEIN_TRANSMEMBRANE_TRANSPORT	-0.2022206227264606			
RAMJAUN_APOPTOSIS_BY_TGFB1_VIA_MAPK1_DN	-0.20228627448160913			
MYAATNNNNNNNGGC_UNKNOWN	-0.2022980130600529			
MIR3173_5P	-0.2023203502294543			
GSE2770_IL12_VS_TGFB_AND_IL12_TREATED_ACT_CD4_TCELL_6H_UP	-0.20232162822759722			
GO_INSULIN_RECEPTOR_SUBSTRATE_BINDING	-0.2023393479639738			
MIR6129	-0.2023400522706986			
CHX10_01	-0.20234420804133127			
GO_GLYCINE_METABOLIC_PROCESS	-0.2023473180251617			
GO_NUCLEOBASE_BIOSYNTHETIC_PROCESS	-0.20235587935826507			
GO_CILIUM_OR_FLAGELLUM_DEPENDENT_CELL_MOTILITY	-0.20236300980161465			
GSE22935_24H_VS_48H_MBOVIS_BCG_STIM_MACROPHAGE_UP	-0.2023632692813727			
BIOCARTA_MET_PATHWAY	-0.20236614786242674			
SNACANNNYSYAGA_UNKNOWN	-0.20238891148320348			
GO_PEPTIDOGLYCAN_IMMUNE_RECEPTOR_ACTIVITY	-0.20239551575173428			
GO_REGULATION_OF_PIGMENT_CELL_DIFFERENTIATION	-0.2024168816552191			
ZNF445_TARGET_GENES	-0.20242522323094844			
GO_RIBOSOMAL_SMALL_SUBUNIT_ASSEMBLY	-0.20246411507017945			
KORKOLA_EMBRYONIC_CARCINOMA_VS_SEMINOMA_DN	-0.2024980933007284			
GO_NUCLEOSIDE_TRIPHOSPHATE_DIPHOSPHATASE_ACTIVITY	-0.20250163336043872			
GO_REGULATION_OF_CELL_CYCLE_G2_M_PHASE_TRANSITION	-0.2025056643611114			
REACTOME_LONG_TERM_POTENTIATION	-0.20250621414942174			
KEGG_VEGF_SIGNALING_PATHWAY	-0.2025268999823706			
ASTON_MAJOR_DEPRESSIVE_DISORDER_UP	-0.20253255833728703			
GO_TRANSCRIPTION_COREPRESSOR_ACTIVITY	-0.20256790461507668			
GO_G_PROTEIN_COUPLED_RECEPTOR_DIMERIC_COMPLEX	-0.20256857866496633			
IPA_HLF_UP	-0.20260359341933848			
GO_ANNEALING_HELICASE_ACTIVITY	-0.2026061158503069			
GO_SKELETAL_MYOFIBRIL_ASSEMBLY	-0.20270816478323198			
GO_OXIDOREDUCTASE_ACTIVITY_ACTING_ON_CH_OR_CH2_GROUPS	-0.2027296349881675			
GSE22935_UNSTIM_VS_48H_MBOVIS_BCG_STIM_MACROPHAGE_UP	-0.20273144044964617			
GO_RNA_SECONDARY_STRUCTURE_UNWINDING	-0.2027405331639854			
IPA_EBF1_DN	-0.20274239975039107			
GSE34217_MIR17_92_OVEREXPRESS_VS_WT_ACT_CD8_TCELL_UP	-0.20274751232329635			
GSE41867_NAIVE_VS_DAY15_LCMV_EFFECTOR_CD8_TCELL_UP	-0.20274771496700209			
MIR8068	-0.20275758882558279			
IPA_NEUROD6_UP	-0.20278710323718452			
GSE39916_B_CELL_SPLEEN_VS_PLASMA_CELL_BONE_MARROW_UP	-0.20281497132100723			
GO_NUCLEOBASE_CONTAINING_COMPOUND_TRANSMEMBRANE_TRANSPORTER_ACTIVITY	-0.20281549907995983			
FLORIO_NEOCORTEX_BASAL_RADIAL_GLIA_DN	-0.20282228226100738			
GO_K48_LINKED_POLYUBIQUITIN_MODIFICATION_DEPENDENT_PROTEIN_BINDING	-0.20283201249429259			
GO_MITOCHONDRIAL_SMALL_RIBOSOMAL_SUBUNIT	-0.20286086955049296			
GO_PRERIBOSOME	-0.20287302404048332			
GO_HISTONE_H2A_K63_LINKED_UBIQUITINATION	-0.2028993523386122			
GO_SCLEROTOME_DEVELOPMENT	-0.20290960496106333			
RORA2_01	-0.20291660527951672			
GO_REGULATION_OF_T_CIRCLE_FORMATION	-0.20292173179022996			
MIR4270	-0.20292746322415864			
GO_PROTON_TRANSPORTING_ATP_SYNTHASE_ACTIVITY_ROTATIONAL_MECHANISM	-0.20296103184988135			
GO_MICROTUBULE_ANCHORING	-0.20296318260383667			
MIR2861	-0.20296644415816043			
GO_REGULATION_OF_OSTEOCLAST_DIFFERENTIATION	-0.20299134130832208			
GO_NADPH_BINDING	-0.20299428006582101			
GSE43955_TGFB_IL6_VS_TGFB_IL6_IL23_TH17_ACT_CD4_TCELL_60H_DN	-0.20299874841597065			
GO_SKELETAL_MUSCLE_CONTRACTION	-0.20301145390907316			
WHITFIELD_CELL_CYCLE_S	-0.20302116807488244			
GO_CILIARY_TRANSITION_ZONE	-0.20302292706755573			
GO_REGULATION_OF_CILIUM_MOVEMENT	-0.2030295287164852			
MIR7704	-0.20303394923041232			
GO_REGULATION_OF_PROTEIN_LOCALIZATION_TO_CENTROSOME	-0.20304247695769928			
GO_RNA_POLYMERASE_III_TYPE_1_PROMOTER_DNA_BINDING	-0.20304340927935272			
REACTOME_BINDING_OF_TCF_LEF_CTNNB1_TO_TARGET_GENE_PROMOTERS	-0.20305353078121383			
REACTOME_CONSTITUTIVE_SIGNALING_BY_AKT1_E17K_IN_CANCER	-0.20305978424873233			
REACTOME_DOWNSTREAM_SIGNALING_OF_ACTIVATED_FGFR2	-0.2030861416248391			
IPA_POU4F1_UP	-0.20310801756634148			
GO_NEGATIVE_REGULATION_OF_CALCIUM_MEDIATED_SIGNALING	-0.20312697671523983			
GSE2770_UNTREATED_VS_TGFB_AND_IL12_TREATED_ACT_CD4_TCELL_48H_DN	-0.20314389824927587			
GO_ALDITOL_CATABOLIC_PROCESS	-0.2031640150549859			
GSE18804_SPLEEN_MACROPHAGE_VS_COLON_TUMORAL_MACROPHAGE_DN	-0.20318891167299505			
MIR6787_3P	-0.20318916139060803			
MIR4487	-0.2031950149921431			
IPA_SIM1_UP	-0.2031999378503195			
GSE19888_CTRL_VS_A3R_INHIBITOR_TREATED_MAST_CELL_UP	-0.2032223347005062			
GO_NEGATIVE_REGULATION_OF_FAT_CELL_PROLIFERATION	-0.20323951642359483			
SF1_Q6	-0.20324014823401873			
MIR5010_3P	-0.20325977956835717			
GO_PYRIMIDINE_CONTAINING_COMPOUND_TRANSMEMBRANE_TRANSPORT	-0.20327764725890662			
PR_Q2	-0.2032867847581687			
GSE21927_EL4_VS_MCA203_TUMOR_MONOCYTES_UP	-0.2032970194715832			
GO_CELLULAR_RESPIRATION	-0.20331903858849223			
GO_REGULATION_OF_TOLL_LIKE_RECEPTOR_4_SIGNALING_PATHWAY	-0.20334159314172404			
IPA_MYBBP1A_UP	-0.2033461171630007			
MYLLYKANGAS_AMPLIFICATION_HOT_SPOT_25	-0.20334630145032082			
REACTOME_COMPLEX_I_BIOGENESIS	-0.20335308920882794			
MIR4755_3P	-0.20339175244502042			
GSE22886_IL2_VS_IL15_STIM_NKCELL_DN	-0.20339610648830012			
REACTOME_GLYOXYLATE_METABOLISM_AND_GLYCINE_DEGRADATION	-0.20339730953887544			
GO_MITOCHONDRIAL_ELECTRON_TRANSPORT_NADH_TO_UBIQUINONE	-0.20339892725135938			
SA_B_CELL_RECEPTOR_COMPLEXES	-0.20340515856434513			
MIR501_3P_MIR502_3P	-0.2034099813412689			
MIR4732_5P	-0.2034103726303194			
GO_AROMATIC_AMINO_ACID_TRANSMEMBRANE_TRANSPORTER_ACTIVITY	-0.20341869405328755			
GSE15330_WT_VS_IKAROS_KO_MEGAKARYOCYTE_ERYTHROID_PROGENITOR_DN	-0.2034245179109407			
GO_HEMATOPOIETIC_STEM_CELL_PROLIFERATION	-0.20343458313023705			
MIR582_3P	-0.20344270137787027			
REACTOME_UB_SPECIFIC_PROCESSING_PROTEASES	-0.20345483339836448			
MIR1252_5P	-0.2034583728352664			
MIR5187_5P	-0.20346050843698205			
IPA_IRX4_DN	-0.20346490303025289			
chr6p25	-0.20347751200283656			
MIR12127	-0.20348415089620925			
GO_RESPONSE_TO_CAFFEINE	-0.20349864587874436			
GSE28783_ANTI_MIR33_VS_UNTREATED_ATHEROSCLEROSIS_MACROPHAGE_UP	-0.20350623486310324			
GO_CENTROSOME_SEPARATION	-0.2035070858563894			
SRY_01	-0.20350771010293373			
IPA_SMYD3_UP	-0.20350842506372205			
GO_TRANSCRIPTION_FACTOR_TFIIH_CORE_COMPLEX	-0.2035124304226337			
NABA_PROTEOGLYCANS	-0.20353815460906438			
BILANGES_SERUM_SENSITIVE_GENES	-0.203551975474372			
KYNG_ENVIRONMENTAL_STRESS_RESPONSE_NOT_BY_UV_IN_WS	-0.203561228546484			
HALLMARK_WNT_BETA_CATENIN_SIGNALING	-0.20357738824953725			
MIR216A_5P	-0.20360449076581036			
GSE42021_TCONV_PLN_VS_CD24LO_TCONV_THYMUS_UP	-0.20361861704072276			
BIDUS_METASTASIS_UP	-0.20362093967648306			
MIR9899	-0.20363401697473613			
GSE14000_TRANSLATED_RNA_VS_MRNA_4H_LPS_DC_DN	-0.2036485116076576			
GO_TRYPTOPHAN_CATABOLIC_PROCESS_TO_KYNURENINE	-0.20366615990009615			
GO_PROTON_CHANNEL_ACTIVITY	-0.20367402749600774			
NR4A2_TARGET_GENES	-0.20373648254807084			
TRIP13_TARGET_GENES	-0.2037447329573315			
MIR6837_5P	-0.20375589725305			
ZNF524_TARGET_GENES	-0.20377178920822278			
GO_SOMATOTROPIN_SECRETING_CELL_DIFFERENTIATION	-0.2037792046483355			
REACTOME_RUNX3_REGULATES_CDKN1A_TRANSCRIPTION	-0.20378620028200445			
GSE15659_NONSUPPRESSIVE_TCELL_VS_ACTIVATED_TREG_DN	-0.20378760705157598			
BIOCARTA_EIF_PATHWAY	-0.2037916796027344			
PBX1_01	-0.2038235463941644			
WCTCNATGGY_UNKNOWN	-0.20383216223538506			
REACTOME_ACTIVATION_OF_SMO	-0.2038815959089175			
GO_HEPOXILIN_METABOLIC_PROCESS	-0.20388322786028146			
REACTOME_NUCLEAR_ENVELOPE_NE_REASSEMBLY	-0.20391324304201577			
MIR338_3P	-0.20392225121568905			
PID_HES_HEY_PATHWAY	-0.20393141721033697			
BIOCARTA_TEL_PATHWAY	-0.20394385136049675			
GO_LIPID_MODIFICATION	-0.20394713447800403			
GO_CALCIUM_AND_CALMODULIN_DEPENDENT_PROTEIN_KINASE_COMPLEX	-0.20395321750063114			
SHEPARD_BMYB_TARGETS	-0.20395905892755437			
REACTOME_COOPERATION_OF_PREFOLDIN_AND_TRIC_CCT_IN_ACTIN_AND_TUBULIN_FOLDING	-0.2039615909659759			
GO_RIBOSOMAL_SMALL_SUBUNIT_BIOGENESIS	-0.20396484569342108			
chr14q21	-0.20396671523994828			
YWATTWNNRGCT_UNKNOWN	-0.2039673615240837			
GO_NEGATIVE_REGULATION_OF_ADENYLATE_CYCLASE_ACTIVATING_G_PROTEIN_COUPLED_RECEPTOR_SIGNALING_PATHWAY	-0.2039791121264778			
BRUNEAU_SEPTATION_VENTRICULAR	-0.20398057049502208			
GO_CYTOSKELETAL_ANCHORING_AT_NUCLEAR_MEMBRANE	-0.2039976702488564			
MIR3074_5P	-0.2040032249308878			
GSE28726_NAIVE_CD4_TCELL_VS_NAIVE_VA24NEG_NKTCELL_UP	-0.2040047012305529			
GO_REGULATION_OF_MITOTIC_CENTROSOME_SEPARATION	-0.204019129413861			
MIR5194	-0.2040426907720275			
MIR7111_3P	-0.20404337987346255			
GO_CGMP_METABOLIC_PROCESS	-0.20404505609976123			
IPA_MNT_DN	-0.20407409587618514			
chr20p13	-0.2040847475491401			
GO_REGULATION_OF_PROTEIN_LOCALIZATION_TO_CHROMOSOME_TELOMERIC_REGION	-0.2041114386798178			
GO_POSITIVE_REGULATION_OF_DNA_BIOSYNTHETIC_PROCESS	-0.20411940014392072			
IPA_NEUROD2_UP	-0.2041253154198431			
MIR12126	-0.20412560599768437			
MIR7154_5P	-0.20413024453699388			
GO_RESPONSE_TO_NICOTINE	-0.20413882106254758			
BIOCARTA_MEF2D_PATHWAY	-0.20413978030533922			
GSE17721_CTRL_VS_LPS_1H_BMDC_UP	-0.20414508020635438			
SARTIPY_NORMAL_AT_INSULIN_RESISTANCE_DN	-0.2041509945075628			
GO_PROTEIN_UFMYLATION	-0.20416842489771247			
GO_AZOLE_TRANSMEMBRANE_TRANSPORT	-0.20418248077515727			
FUJIWARA_PARK2_HEPATOCYTE_PROLIFERATION_DN	-0.20419901409570615			
GO_JUNCTIONAL_SARCOPLASMIC_RETICULUM_MEMBRANE	-0.2042033444124547			
MIR7154_3P	-0.20428590062645785			
GO_AZOLE_TRANSMEMBRANE_TRANSPORTER_ACTIVITY	-0.2043145209618965			
IPA_NKX3-2_UP	-0.2043183091647512			
VANDESLUIS_NORMAL_EMBRYOS_DN	-0.2043333444434165			
GO_SYNAPTIC_VESICLE_LOCALIZATION	-0.2043414565402538			
GO_NITRIC_OXIDE_SYNTHASE_BINDING	-0.20434163917138323			
GSE7852_LN_VS_THYMUS_TCONV_DN	-0.2043458316533521			
BOYAULT_LIVER_CANCER_SUBCLASS_G23_UP	-0.20436775245735278			
REACTOME_LECTIN_PATHWAY_OF_COMPLEMENT_ACTIVATION	-0.20437203299973525			
GSE360_DC_VS_MAC_L_MAJOR_DN	-0.2043916731233119			
RB_P107_DN.V1_UP	-0.20439851191977726			
REACTOME_LEISHMANIA_INFECTION	-0.20441584703628551			
DORSAM_HOXA9_TARGETS_UP	-0.20443234059141083			
REACTOME_FRS_MEDIATED_FGFR1_SIGNALING	-0.20443726683139687			
TAXCREB_01	-0.20445717917626224			
GSE360_L_MAJOR_VS_B_MALAYI_HIGH_DOSE_MAC_DN	-0.2044682451145575			
GGCKCATGS_UNKNOWN	-0.20447149820472094			
GO_NUCLEOSOME_POSITIONING	-0.2044817044623704			
GSE17721_LPS_VS_PAM3CSK4_4H_BMDC_DN	-0.20449029703277868			
GSE22589_HEALTHY_VS_HIV_AND_SIV_INFECTED_DC_UP	-0.2044929467447469			
MIR6822_5P	-0.20450935721041297			
GO_INSULIN_RECEPTOR_COMPLEX	-0.20450944665909374			
IPA_NR1H2_UP	-0.20451829547644276			
TTTGTAG_MIR520D	-0.20452078765909287			
GSE17721_LPS_VS_POLYIC_0.5H_BMDC_UP	-0.204539167729967			
GO_ANCHORED_COMPONENT_OF_SYNAPTIC_VESICLE_MEMBRANE	-0.20454898586775536			
GO_PROTEIN_K11_LINKED_DEUBIQUITINATION	-0.20457976263886643			
chr8p12	-0.20458484914406633			
GO_AMINE_TRANSPORT	-0.20458587409186496			
MIR548AA_MIR548AP_3P_MIR548T_3P	-0.20461014791339233			
GSE28737_FOLLICULAR_VS_MARGINAL_ZONE_BCELL_UP	-0.20461489185646703			
GO_MRNA_CLEAVAGE	-0.20462915326497647			
REACTOME_SYNTHESIS_OF_ACTIVE_UBIQUITIN_ROLES_OF_E1_AND_E2_ENZYMES	-0.20463373183222464			
TACAATC_MIR508	-0.20463734259079286			
GO_POSITIVE_REGULATION_OF_NEUROTRANSMITTER_SECRETION	-0.2046691721274551			
GSE36476_CTRL_VS_TSST_ACT_72H_MEMORY_CD4_TCELL_OLD_DN	-0.20470058890057552			
MIR3682_5P	-0.20471692612942			
BIOCARTA_CTBP1_PATHWAY	-0.204721442700465			
STK33_DN	-0.20475329027095449			
GO_NEGATIVE_REGULATION_OF_INTERLEUKIN_4_PRODUCTION	-0.20475917873617513			
GSE25088_CTRL_VS_IL4_STIM_MACROPHAGE_UP	-0.20477839090433306			
GSE40274_GATA1_VS_FOXP3_AND_GATA1_TRANSDUCED_ACTIVATED_CD4_TCELL_DN	-0.20477945284166013			
GO_RESPONSE_TO_GRANULOCYTE_MACROPHAGE_COLONY_STIMULATING_FACTOR	-0.20478220155178614			
GSE1740_MCSF_VS_MCSF_AND_IFNG_DAY2_DERIVED_MACROPHAGE_WITH_IFNA_STIM_DN	-0.20478847433893813			
GSE12484_HEALTHY_VS_PERIDONTITIS_NEUTROPHILS_DN	-0.20480086388586588			
MATZUK_SPERMATOZOA	-0.20480121256037712			
MIR4753_3P	-0.2048083493749707			
GSE3982_EFF_MEMORY_VS_CENT_MEMORY_CD4_TCELL_UP	-0.2048105270211252			
GSE15330_LYMPHOID_MULTIPOTENT_VS_GRANULOCYTE_MONOCYTE_PROGENITOR_UP	-0.20483525096640606			
GO_REGULATION_OF_SEROTONIN_SECRETION	-0.20485507475458925			
KEGG_BUTANOATE_METABOLISM	-0.20485804514985623			
KEGG_AMYOTROPHIC_LATERAL_SCLEROSIS_ALS	-0.2048718222661919			
GO_REGULATION_OF_SYNAPTIC_VESICLE_RECYCLING	-0.20488584604575352			
GO_LEUKOTRIENE_BIOSYNTHETIC_PROCESS	-0.20489165162662296			
GO_MOLECULAR_CARRIER_ACTIVITY	-0.20490202471057653			
GO_PURINE_NUCLEOSIDE_MONOPHOSPHATE_METABOLIC_PROCESS	-0.2049180373164811			
SP1_Q6	-0.20492480682876502			
GO_VITAMIN_TRANSMEMBRANE_TRANSPORT	-0.2049395056633854			
GSE22589_SIV_VS_HIV_AND_SIV_INFECTED_DC_DN	-0.2049430114662053			
MIR3130_3P	-0.20494704865348554			
GO_REGULATION_OF_RIBOSOME_BIOGENESIS	-0.20494866100740855			
GO_FATZ_BINDING	-0.2049603157055175			
GO_NUCLEOLAR_RIBONUCLEASE_P_COMPLEX	-0.204973979694383			
GO_L_ALPHA_AMINO_ACID_TRANSMEMBRANE_TRANSPORT	-0.20497506239192256			
GO_OXIDOREDUCTASE_COMPLEX	-0.20497530902733266			
IPA_FOXP2_DN	-0.2049804505965578			
BIOCARTA_DC_PATHWAY	-0.20499339735458466			
GSE9960_GRAM_NEG_VS_GRAM_NEG_AND_POS_SEPSIS_PBMC_DN	-0.20500014932473007			
GO_MITOTIC_G2_DNA_DAMAGE_CHECKPOINT	-0.20505267054135776			
MIR147B_5P	-0.20507501508876616			
GO_DNA_RECOMBINASE_MEDIATOR_COMPLEX	-0.20507562117658876			
REACTOME_RRNA_MODIFICATION_IN_THE_NUCLEUS_AND_CYTOSOL	-0.20509368001162237			
MIKKELSEN_ES_HCP_WITH_H3K27ME3	-0.20511171661051075			
GO_RESPIRATORY_CHAIN_COMPLEX	-0.20511397747306992			
GO_REGULATION_OF_MRNA_CATABOLIC_PROCESS	-0.205115524014582			
KEGG_CYSTEINE_AND_METHIONINE_METABOLISM	-0.2051397840493024			
GO_EKC_KEOPS_COMPLEX	-0.20515263685174248			
GSE41867_DAY6_VS_DAY8_LCMV_ARMSTRONG_EFFECTOR_CD8_TCELL_DN	-0.20515964495073177			
IPA_SOX8_DN	-0.20516579791629624			
TTCYRGAA_UNKNOWN	-0.2051694882549649			
BIOCARTA_TPO_PATHWAY	-0.20517352539545533			
GSE40274_HELIOS_VS_FOXP3_AND_HELIOS_TRANSDUCED_ACTIVATED_CD4_TCELL_DN	-0.2051819361097051			
GO_EYE_PIGMENTATION	-0.20518208590812			
PAF1_TARGET_GENES	-0.20518566886802908			
GO_NEGATIVE_REGULATION_OF_HEART_RATE	-0.20519491303392598			
GARGALOVIC_RESPONSE_TO_OXIDIZED_PHOSPHOLIPIDS_GREEN_DN	-0.20520438039729294			
GAUSSMANN_MLL_AF4_FUSION_TARGETS_C_DN	-0.20520457512338752			
GO_POSITIVE_REGULATION_OF_TELOMERASE_RNA_LOCALIZATION_TO_CAJAL_BODY	-0.20520749196366903			
GO_NEGATIVE_REGULATION_OF_SMOOTH_MUSCLE_CELL_APOPTOTIC_PROCESS	-0.2052234102354537			
GO_REGULATION_OF_CELLULAR_AMINO_ACID_METABOLIC_PROCESS	-0.20523289311387138			
GO_POSITIVE_REGULATION_OF_T_CELL_APOPTOTIC_PROCESS	-0.2052618639752944			
chr11q21	-0.2052710884623045			
GO_INOSITOL_1_4_5_TRISPHOSPHATE_BINDING	-0.20528413097000744			
GO_CELLULAR_RESPONSE_TO_SALT	-0.20529049153632775			
IPA_RFX3_UP	-0.2053218998909376			
GO_ISOCITRATE_DEHYDROGENASE_ACTIVITY	-0.20532239011148615			
MIR4478	-0.20534383839308282			
GO_POSITIVE_REGULATION_OF_RNA_POLYMERASE_II_TRANSCRIPTIONAL_PREINITIATION_COMPLEX_ASSEMBLY	-0.20537762308358454			
GSE36476_CTRL_VS_TSST_ACT_72H_MEMORY_CD4_TCELL_YOUNG_DN	-0.2053822991925275			
BIOCARTA_INSULIN_PATHWAY	-0.2053844187542532			
MIR6130	-0.20538740562964247			
GSE7460_CTRL_VS_FOXP3_OVEREXPR_TCONV_DN	-0.20541311924404104			
REACTOME_GLUCOSE_METABOLISM	-0.20541394194010185			
GSE26351_UNSTIM_VS_BMP_PATHWAY_STIM_HEMATOPOIETIC_PROGENITORS_UP	-0.20543808606168076			
BIOCARTA_ECM_PATHWAY	-0.20544479357049591			
GSE33162_UNTREATED_VS_4H_LPS_STIM_HDAC3_KO_MACROPHAGE_DN	-0.20545214375747073			
GSE44649_NAIVE_VS_ACTIVATED_CD8_TCELL_DN	-0.20547987831624903			
GO_OUTWARD_RECTIFIER_POTASSIUM_CHANNEL_ACTIVITY	-0.20548512230742172			
STAT1_02	-0.20549387769559604			
GO_S_ADENOSYLMETHIONINE_METABOLIC_PROCESS	-0.20550915219985505			
REACTOME_SYNTHESIS_SECRETION_AND_DEACYLATION_OF_GHRELIN	-0.20551632777940523			
GO_CUL3_RING_UBIQUITIN_LIGASE_COMPLEX	-0.20551841122408473			
GO_REGULATION_OF_SYNAPTIC_VESICLE_CLUSTERING	-0.20554791257636618			
GO_NEUTRAL_AMINO_ACID_TRANSPORT	-0.20555343566286563			
MIR4668_5P	-0.20556715560238292			
IPA_KAT2B_DN	-0.2055918585661643			
GO_PEPTIDYL_SERINE_DEPHOSPHORYLATION	-0.2056062309438973			
GSE17721_0.5H_VS_8H_LPS_BMDC_UP	-0.20561017691569464			
KRAS.KIDNEY_UP.V1_UP	-0.2056103435139326			
MIR12118	-0.20566028516708781			
GO_UBIQUITIN_UBIQUITIN_LIGASE_ACTIVITY	-0.20567158174428396			
GO_TELOMERASE_ACTIVITY	-0.20568866377868922			
GO_RNA_DIRECTED_DNA_POLYMERASE_ACTIVITY	-0.20568866377868922			
GO_NEGATIVE_REGULATION_OF_PROTEIN_TARGETING_TO_MITOCHONDRION	-0.20572581262173503			
GO_CELLULAR_RESPONSE_TO_UV_B	-0.20573176374362342			
LY_AGING_MIDDLE_DN	-0.20574356906999672			
GSE11961_MARGINAL_ZONE_BCELL_VS_GERMINAL_CENTER_BCELL_DAY40_UP	-0.2057514395657028			
REACTOME_LYSOSPHINGOLIPID_AND_LPA_RECEPTORS	-0.20577638927741132			
GSE27786_NKCELL_VS_ERYTHROBLAST_UP	-0.20577645351184914			
IPA_H2AFZ_UP	-0.2057881204133965			
GO_FATTY_ACID_BETA_OXIDATION_USING_ACYL_COA_DEHYDROGENASE	-0.20580430964521942			
SETBP1_TARGET_GENES	-0.205807239376499			
GSE29618_PRE_VS_DAY7_FLU_VACCINE_MDC_DN	-0.20582652120215603			
IPA_GATA2_DN	-0.20583069091829864			
GSE26343_WT_VS_NFAT5_KO_MACROPHAGE_LPS_STIM_UP	-0.20585340527697			
GO_CALMODULIN_BINDING	-0.2058607141100688			
IPA_NONO_UP	-0.2058726982706712			
IPA_TRIM28_DN	-0.2058726982706712			
GO_AMPA_GLUTAMATE_RECEPTOR_COMPLEX	-0.2058829162430506			
GO_PROTEIN_K27_LINKED_UBIQUITINATION	-0.20589356719789445			
GO_CARBON_SULFUR_LYASE_ACTIVITY	-0.20590775406005019			
GO_POSITIVE_REGULATION_OF_STEROID_HORMONE_SECRETION	-0.20590965316154664			
ZNF502_TARGET_GENES	-0.20591203247035725			
GSE3982_CTRL_VS_IGE_STIM_MAST_CELL_DN	-0.20591890660252044			
BIOCARTA_IRES_PATHWAY	-0.2059348552935247			
chr15q24	-0.20595762484892774			
GO_CENTRIOLE_CENTRIOLE_COHESION	-0.20597555462719416			
DIERICK_SEROTONIN_FUNCTION_GENES	-0.20598771689704223			
GO_NEGATIVE_REGULATION_OF_LEUKOCYTE_MIGRATION	-0.20603270889937303			
REACTOME_BUTYRATE_RESPONSE_FACTOR_1_BRF1_BINDS_AND_DESTABILIZES_MRNA	-0.20607907158537958			
GSE8515_CTRL_VS_IL1_4H_STIM_MAC_UP	-0.20609129981055807			
chr9p11	-0.20609671561033718			
GSE2405_HEAT_KILLED_VS_LIVE_A_PHAGOCYTOPHILUM_STIM_NEUTROPHIL_24H_UP	-0.2060986348481471			
GSE26495_NAIVE_VS_PD1LOW_CD8_TCELL_UP	-0.20610887010939452			
GSE41867_NAIVE_VS_DAY30_LCMV_ARMSTRONG_MEMORY_CD8_TCELL_DN	-0.20611563973899563			
MIR1286	-0.20613705462436585			
MIR3918	-0.2061699220455813			
GO_CELLULAR_RESPONSE_TO_MAGNESIUM_ION	-0.206182486736326			
GSE9037_WT_VS_IRAK4_KO_LPS_1H_STIM_BMDM_DN	-0.20619687317856888			
GO_CELLULAR_RESPONSE_TO_NICOTINE	-0.20620821269555745			
MIR554	-0.20621141034397222			
POU3F2_01	-0.20622678299299466			
MIR625_5P	-0.20623674193234343			
GSE3720_VD1_VS_VD2_GAMMADELTA_TCELL_UP	-0.20627604610428849			
LOPEZ_MESOTHELIOMA_SURVIVAL_WORST_VS_BEST_DN	-0.20627734026793051			
GO_XYLULOSE_5_PHOSPHATE_METABOLIC_PROCESS	-0.20628519297853495			
MIR548AI_MIR570_5P	-0.20628991698946603			
P53_DN.V2_UP	-0.20630206579512586			
BIOCARTA_EPO_PATHWAY	-0.2063051124581654			
GSE40274_CTRL_VS_FOXP3_AND_IRF4_TRANSDUCED_ACTIVATED_CD4_TCELL_UP	-0.2063158269886871			
GO_GPI_LINKED_EPHRIN_RECEPTOR_ACTIVITY	-0.20634907600979113			
GO_ANTEROGRADE_AXONAL_PROTEIN_TRANSPORT	-0.20636838877145547			
MIR4789_3P	-0.20638355169509892			
RIZ_ERYTHROID_DIFFERENTIATION_APOBEC2	-0.20639284239899802			
GO_COMMON_MYELOID_PROGENITOR_CELL_PROLIFERATION	-0.2063937768681385			
GO_SYNAPTONEMAL_COMPLEX_ORGANIZATION	-0.20639733969329885			
LASTOWSKA_COAMPLIFIED_WITH_MYCN	-0.20640088343680682			
MIR6851_3P	-0.20640803651499087			
MIR548Q	-0.20640893363522425			
REACTOME_RHO_GTPASE_EFFECTORS	-0.20641287387533439			
GO_DNA_DAMAGE_RESPONSE_SIGNAL_TRANSDUCTION_RESULTING_IN_TRANSCRIPTION	-0.20641306993518677			
GSE25088_IL4_VS_IL4_AND_ROSIGLITAZONE_STIM_MACROPHAGE_DAY10_UP	-0.20641593796060329			
REACTOME_TRANSLATION	-0.20641986142471272			
GO_SPINDLE	-0.20644740535138545			
GO_PROTEIN_POLYGLUTAMYLATION	-0.20646888114850007			
GO_REGULATION_OF_JUN_KINASE_ACTIVITY	-0.20647792614226512			
CAFFAREL_RESPONSE_TO_THC_8HR_3_DN	-0.20649053722693572			
GSE15659_CD45RA_NEG_CD4_TCELL_VS_NONSUPPRESSIVE_TCELL_UP	-0.20652319560612517			
MIR4446_3P	-0.20653429945315932			
GO_POSITIVE_REGULATION_OF_MEMORY_T_CELL_DIFFERENTIATION	-0.2065353811084555			
IPA_MEF2C_UP	-0.2065511062435329			
GO_POSITIVE_REGULATION_OF_CHEMOKINE_SECRETION	-0.20657420872808507			
chr1q42	-0.20658199573014577			
GO_NEGATIVE_REGULATION_OF_INTERLEUKIN_10_PRODUCTION	-0.20661477351940535			
GO_POSITIVE_REGULATION_OF_MAST_CELL_ACTIVATION_INVOLVED_IN_IMMUNE_RESPONSE	-0.20662527724096388			
MIR4474_3P	-0.20662684495222472			
THRA_TARGET_GENES	-0.2066327901841861			
GO_SODIUM_CHANNEL_COMPLEX	-0.20664725251702393			
GO_CIRCADIAN_RHYTHM	-0.20665803830145352			
GSE360_DC_VS_MAC_B_MALAYI_LOW_DOSE_UP	-0.20666084874207147			
MIR4744	-0.20669202650640642			
GO_POSITIVE_REGULATION_OF_VASCULAR_ENDOTHELIAL_CELL_PROLIFERATION	-0.20669401500516832			
MIR455_5P	-0.20669696443793625			
GO_POSITIVE_REGULATION_OF_EXTRACELLULAR_MATRIX_DISASSEMBLY	-0.20671040700750276			
MIR10401_5P	-0.20671440927325987			
GSE29949_CD8_POS_DC_SPLEEN_VS_MONOCYTE_BONE_MARROW_DN	-0.2067144633189419			
MIR135B_5P	-0.20672549043678254			
GO_REGULATION_OF_NEUTROPHIL_MIGRATION	-0.20673106977431624			
GO_ADAPTATION_OF_SIGNALING_PATHWAY	-0.20673918727593357			
GO_POLYADENYLATION_DEPENDENT_SNORNA_3_END_PROCESSING	-0.20674154596268088			
NIKOLSKY_BREAST_CANCER_20P13_AMPLICON	-0.20674289923095246			
IPA_ZFP42_UP	-0.20675218017342561			
GSE15330_WT_VS_IKAROS_KO_HSC_UP	-0.20675711821543233			
GO_NEURAL_PLATE_MORPHOGENESIS	-0.20680819899048306			
GSE41867_DAY8_VS_DAY15_LCMV_CLONE13_EFFECTOR_CD8_TCELL_UP	-0.20681830888815098			
GO_NEUROPEPTIDE_Y_RECEPTOR_ACTIVITY	-0.20682366477034766			
GO_ACTIVATION_OF_PROTEIN_KINASE_A_ACTIVITY	-0.20684468914254894			
REACTOME_SMAC_XIAP_REGULATED_APOPTOTIC_RESPONSE	-0.20685194284517472			
MIR1273H_5P	-0.20685516267042278			
GO_OTIC_VESICLE_MORPHOGENESIS	-0.206858172802455			
GO_BETA_TUBULIN_BINDING	-0.2068597290290091			
MIR7162_5P	-0.206859797888098			
SATB1_TARGET_GENES	-0.20686280461279002			
RP58_01	-0.20687567435486687			
HMX1_01	-0.20688187797783197			
GSE369_PRE_VS_POST_IL6_INJECTION_SOCS3_KO_LIVER_DN	-0.2068993866698268			
GSE22432_MULTIPOTENT_PROGENITOR_VS_CDC_DN	-0.2069008889128665			
REACTOME_THROMBOXANE_SIGNALLING_THROUGH_TP_RECEPTOR	-0.2069055260072594			
MIR219A_1_3P	-0.20691811724896106			
GO_DNA_REPAIR_COMPLEX_ASSEMBLY	-0.20691857309179149			
GO_REGULATION_OF_NEUTROPHIL_DEGRANULATION	-0.20692147323034057			
SU_KIDNEY	-0.2069521354237527			
MIR548BA	-0.20696931308823438			
ATACCTC_MIR202	-0.20698156860662661			
REACTOME_BIOSYNTHESIS_OF_MARESINS	-0.20698727651433774			
GO_POSITIVE_REGULATION_OF_INTERLEUKIN_6_SECRETION	-0.20699597990288712			
ACOSTA_PROLIFERATION_INDEPENDENT_MYC_TARGETS_UP	-0.20699892307807774			
GO_CILIARY_TRANSITION_FIBER	-0.20700353826983223			
USF_C	-0.2070448108133512			
MIR1249_5P	-0.2070485388210541			
GO_CIA_COMPLEX	-0.20706423014648415			
MIR3130_5P	-0.20707240269028057			
GO_CARBOXY_TERMINAL_DOMAIN_PROTEIN_KINASE_COMPLEX	-0.2070741296947956			
BIOCARTA_IL22BP_PATHWAY	-0.20707444573524234			
GO_REGULATION_OF_T_HELPER_17_TYPE_IMMUNE_RESPONSE	-0.20708004910530464			
BIOCARTA_CALCINEURIN_PATHWAY	-0.20708819218120153			
PID_RHODOPSIN_PATHWAY	-0.20709073345832177			
GSE14769_20MIN_VS_360MIN_LPS_BMDM_DN	-0.2070946640296618			
BIOCARTA_PLCE_PATHWAY	-0.20710535233260846			
MIR608	-0.20712408738486807			
KRIGE_RESPONSE_TO_TOSEDOSTAT_24HR_DN	-0.20712480581899892			
LIANG_HEMATOPOIESIS_STEM_CELL_NUMBER_LARGE_VS_TINY_UP	-0.20713542690732595			
MIR6780B_3P	-0.20713811755758782			
MIR3159	-0.20714357157457244			
GO_HIPPOCAMPUS_DEVELOPMENT	-0.2071533541814518			
GSE13485_DAY1_VS_DAY21_YF17D_VACCINE_PBMC_DN	-0.20716165037390843			
GO_ANTERIOR_HEAD_DEVELOPMENT	-0.20716217353888391			
GO_POSITIVE_REGULATION_OF_CHOLESTEROL_STORAGE	-0.2071709686447685			
GSE14769_UNSTIM_VS_120MIN_LPS_BMDM_UP	-0.20717371376968963			
MIR6733_5P	-0.20717408589788924			
MIR135A_5P	-0.20718811827657443			
GOLDRATH_NAIVE_VS_MEMORY_CD8_TCELL_UP	-0.2071881964598262			
GO_FAT_PAD_DEVELOPMENT	-0.20719372715065001			
BROWNE_HCMV_INFECTION_48HR_UP	-0.20721229312810802			
BYSTRYKH_HEMATOPOIESIS_STEM_CELL_FLI1	-0.2072211479382952			
GO_ARGININE_BINDING	-0.2072338227860423			
GO_DEOXYRIBONUCLEOSIDE_TRIPHOSPHATE_BIOSYNTHETIC_PROCESS	-0.2072364187474173			
BIOCARTA_ATM_PATHWAY	-0.20725811272114789			
IPA_ARX_DN	-0.207262487749689			
GO_POSITIVE_REGULATION_OF_TELOMERASE_ACTIVITY	-0.2072866954450144			
REACTOME_MITOCHONDRIAL_FATTY_ACID_BETA_OXIDATION_OF_SATURATED_FATTY_ACIDS	-0.2072896812171456			
REACTOME_TACHYKININ_RECEPTORS_BIND_TACHYKININS	-0.20729282880350833			
GO_PROTEIN_PHOSPHATASE_2A_BINDING	-0.20730904517948992			
MIR4510	-0.2073122865742374			
GO_PROTEIN_KINASE_B_BINDING	-0.20731537954718887			
GO_SPINAL_CORD_MOTOR_NEURON_DIFFERENTIATION	-0.20732570973643388			
GO_MEMBRANE_DEPOLARIZATION_DURING_CARDIAC_MUSCLE_CELL_ACTION_POTENTIAL	-0.20733983462008557			
GSE7768_OVA_ALONE_VS_OVA_WITH_MPL_IMMUNIZED_MOUSE_WHOLE_SPLEEN_6H_UP	-0.20734683388989036			
GO_ACTIVATING_TRANSCRIPTION_FACTOR_BINDING	-0.20735505465963552			
GO_PYROPTOSIS	-0.20737560010299477			
GO_NEGATIVE_REGULATION_OF_ERYTHROCYTE_DIFFERENTIATION	-0.20737626710970425			
GSE21670_UNTREATED_VS_IL6_TREATED_STAT3_KO_CD4_TCELL_DN	-0.20739077665610145			
GO_LEUCINE_ZIPPER_DOMAIN_BINDING	-0.20739936170683146			
FAELT_B_CLL_WITH_VH_REARRANGEMENTS_UP	-0.20741902850931873			
GCAAGAC_MIR431	-0.2074513002762176			
GO_REGULATION_OF_ADENYLATE_CYCLASE_ACTIVATING_G_PROTEIN_COUPLED_RECEPTOR_SIGNALING_PATHWAY	-0.20747135979262873			
REACTOME_SIGNALING_BY_MEMBRANE_TETHERED_FUSIONS_OF_PDGFRA_OR_PDGFRB	-0.20749285244610524			
GO_PORE_COMPLEX	-0.20749493989039383			
IPA_TCF20_UP	-0.20753599295013828			
GO_INTERLEUKIN_5_PRODUCTION	-0.20754008381675756			
GO_MICROTUBULE_ANCHORING_AT_CENTROSOME	-0.207541305661695			
GO_COMPLEMENT_RECEPTOR_ACTIVITY	-0.20754298443468894			
GO_RNA_ADENYLYLTRANSFERASE_ACTIVITY	-0.20754391809065442			
GSE15659_TREG_VS_TCONV_UP	-0.2075496121735673			
ESC_J1_UP_LATE.V1_DN	-0.20755087736430897			
IPA_HSF4_UP	-0.20755169697803277			
GO_POSITIVE_REGULATION_OF_TRANSCRIPTION_FROM_RNA_POLYMERASE_II_PROMOTER_INVOLVED_IN_HEART_DEVELOPMENT	-0.2075588386927661			
GO_PROTEIN_K29_LINKED_DEUBIQUITINATION	-0.20756475492736312			
GO_3_PHOSPHOADENOSINE_5_PHOSPHOSULFATE_BINDING	-0.20756761956466074			
GO_REGULATION_OF_NEUROTRANSMITTER_SECRETION	-0.20765751753238487			
REACTOME_APC_C_CDC20_MEDIATED_DEGRADATION_OF_CYCLIN_B	-0.20766051853519193			
GO_POSITIVE_REGULATION_OF_PROTEIN_POLYUBIQUITINATION	-0.20766730180946788			
MIR1283	-0.207669380293615			
chr19q13	-0.20768007087021298			
MIR6794_3P	-0.20768125973039284			
GSE17721_PAM3CSK4_VS_GADIQUIMOD_1H_BMDC_DN	-0.20769803306805348			
GO_BLOC_COMPLEX	-0.20769861360126618			
MIR516A_3P_MIR516B_3P	-0.20771011626654404			
GO_REGULATION_OF_RNA_POLYMERASE_II_TRANSCRIPTIONAL_PREINITIATION_COMPLEX_ASSEMBLY	-0.20771530139216865			
KRAS.600_UP.V1_DN	-0.20772317951590732			
GO_EMBRYONIC_BODY_MORPHOGENESIS	-0.2077258442250819			
GO_TRANSCRIPTIONAL_PREINITIATION_COMPLEX	-0.2077416621690844			
GO_CELLULAR_RESPONSE_TO_LITHIUM_ION	-0.20774315880910568			
VANLOO_SP3_TARGETS_UP	-0.2077497946416537			
GO_PROTEIN_LOCALIZATION_TO_PRESYNAPSE	-0.2077608799789586			
chr21p11	-0.2077631849379198			
GO_COMPLEMENT_BINDING	-0.20777060895946123			
GO_REGULATION_OF_CELLULAR_RESPONSE_TO_MACROPHAGE_COLONY_STIMULATING_FACTOR_STIMULUS	-0.20777705469260851			
GO_CHROMAFFIN_GRANULE	-0.2077884641601486			
GO_PHOSPHATIDYLINOSITOL_3_KINASE_SIGNALING	-0.20779148121558838			
AAGCAAT_MIR137	-0.20783562868920216			
GO_POSITIVE_REGULATION_OF_MESODERM_DEVELOPMENT	-0.20784528732363147			
GO_PROTEIN_LOCALIZATION_TO_AXON	-0.2078511982722665			
GO_NARROW_PORE_CHANNEL_ACTIVITY	-0.20786984140942166			
GSE21670_UNTREATED_VS_TGFB_IL6_TREATED_CD4_TCELL_DN	-0.20787650309565153			
GO_NEGATIVE_REGULATION_OF_CELL_CYCLE_ARREST	-0.20789531416010676			
GSE37336_LY6C_POS_VS_NEG_NAIVE_CD4_TCELL_DN	-0.20790756262865262			
RRCCGTTA_UNKNOWN	-0.20791208182747917			
GO_PHOSPHOLIPID_DEPHOSPHORYLATION	-0.20791363472569052			
REACTOME_RUNX1_REGULATES_GENES_INVOLVED_IN_MEGAKARYOCYTE_DIFFERENTIATION_AND_PLATELET_FUNCTION	-0.20791940629757866			
GO_POSITIVE_REGULATION_OF_NEUROTRANSMITTER_TRANSPORT	-0.20792291797549894			
MIR3156_5P	-0.20793439729051671			
GO_DETECTION_OF_STIMULUS	-0.20795655599873036			
GO_PROPRIOCEPTION	-0.20796358994914282			
chr6p22	-0.20796481973734335			
GO_ACTIVATION_OF_PHOSPHOLIPASE_C_ACTIVITY	-0.20796943304920626			
PID_NFAT_3PATHWAY	-0.20797372051849203			
GO_INTERLEUKIN_6_SECRETION	-0.20797455334516457			
REACTOME_ROBO_RECEPTORS_BIND_AKAP5	-0.2079823976527598			
GO_POSITIVE_REGULATION_OF_NUCLEAR_CELL_CYCLE_DNA_REPLICATION	-0.20800529385970595			
GSE21670_TGFB_VS_TGFB_AND_IL6_TREATED_STAT3_KO_CD4_TCELL_DN	-0.2080300080047274			
GO_MITOCHONDRIAL_TRANSCRIPTION	-0.2080388958120208			
GO_MITOCHONDRIAL_CALCIUM_ION_TRANSMEMBRANE_TRANSPORT	-0.20805253641696578			
MIR6760_3P	-0.20807008141098793			
GSE20198_IL12_IL18_VS_IFNA_TREATED_ACT_CD4_TCELL_DN	-0.2081044979630038			
HOWLIN_PUBERTAL_MAMMARY_GLAND	-0.20812230924722394			
GO_REGULATION_OF_PHOSPHOPROTEIN_PHOSPHATASE_ACTIVITY	-0.20812855202613456			
GO_DNA_PROTECTION	-0.20812966069621405			
GSE17974_CTRL_VS_ACT_IL4_AND_ANTI_IL12_12H_CD4_TCELL_DN	-0.20814055473789494			
GSE30971_WBP7_HET_VS_KO_MACROPHAGE_4H_LPS_STIM_DN	-0.20817146954274166			
GO_HYDROLASE_ACTIVITY_HYDROLYZING_N_GLYCOSYL_COMPOUNDS	-0.2081884844266147			
GO_XY_BODY	-0.2081914471249818			
GO_INTRINSIC_COMPONENT_OF_MITOCHONDRIAL_INNER_MEMBRANE	-0.20821505042831231			
GSE18281_MEDULLARY_THYMOCYTE_VS_WHOLE_MEDULLA_THYMUS_DN	-0.20824931205841674			
GO_REGULATION_OF_CALCIUM_ION_TRANSPORT	-0.20826823921162954			
REACTOME_FRS_MEDIATED_FGFR3_SIGNALING	-0.20829667669108923			
HOSHIDA_LIVER_CANCER_SURVIVAL_DN	-0.20832080628318986			
MIR513C_5P	-0.2083340165204405			
GO_MHC_CLASS_I_RECEPTOR_ACTIVITY	-0.20833600924495735			
IPA_CTBP1_UP	-0.20834821449538182			
MIR3132	-0.20834878450112232			
MIR6835_3P	-0.2083683702349118			
GO_POSITIVE_REGULATION_OF_TOR_SIGNALING	-0.208384598776475			
GSE22886_NAIVE_CD4_TCELL_VS_48H_ACT_TH1_UP	-0.20838875874290191			
GSE37605_C57BL6_VS_NOD_FOXP3_FUSION_GFP_TCONV_UP	-0.20839408477484161			
SCHLOSSER_MYC_TARGETS_AND_SERUM_RESPONSE_UP	-0.2084069221593017			
GO_POSITIVE_REGULATION_OF_LIPID_KINASE_ACTIVITY	-0.20841398817240828			
MIR7107_3P	-0.20844029792305235			
MIR4512	-0.20845373245072496			
MIR1323	-0.2084606357675788			
GO_POSITIVE_REGULATION_OF_T_HELPER_17_CELL_DIFFERENTIATION	-0.2084756827590578			
GO_DIACYLGLYCEROL_METABOLIC_PROCESS	-0.2085080969261767			
GO_NEGATIVE_REGULATION_OF_REGULATED_SECRETORY_PATHWAY	-0.20851699434697424			
GSE11961_FOLLICULAR_BCELL_VS_MARGINAL_ZONE_BCELL_UP	-0.20852503257129668			
GO_BRISC_COMPLEX	-0.20852553369144355			
MIR650	-0.2085290252428706			
GO_REGULATION_OF_NK_T_CELL_DIFFERENTIATION	-0.20854149919179818			
MIR4659A_3P_MIR4659B_3P	-0.20854910581909594			
IPA_RBL2_DN	-0.20856790814065437			
YCATTAA_UNKNOWN	-0.20859182702708032			
IPA_FOXO1_DN	-0.20859625596936848			
ZHAN_MULTIPLE_MYELOMA_CD1_VS_CD2_UP	-0.20861392215234445			
MIR3613_5P	-0.2086211280644205			
GO_MATURATION_OF_SSU_RRNA_FROM_TRICISTRONIC_RRNA_TRANSCRIPT_SSU_RRNA_5_8S_RRNA_LSU_RRNA	-0.20866121925895678			
GSE42021_TREG_PLN_VS_CD24HI_TREG_THYMUS_DN	-0.20866204981553998			
GO_FOLIC_ACID_METABOLIC_PROCESS	-0.2086633879532014			
BHATI_G2M_ARREST_BY_2METHOXYESTRADIOL_DN	-0.20866347075299074			
GO_GEMINI_OF_COILED_BODIES	-0.20866773086748605			
GO_REGULATION_OF_SEQUESTERING_OF_ZINC_ION	-0.20867420147335808			
IPA_TAL1_DN	-0.20868111641790463			
MIR3202	-0.2087073751822032			
GO_PRE_B_CELL_DIFFERENTIATION	-0.2087129591788462			
GO_REGULATION_OF_INTEGRIN_ACTIVATION	-0.2087133781906795			
ZNF577_TARGET_GENES	-0.20873065652479428			
GO_POSITIVE_REGULATION_OF_RIG_I_SIGNALING_PATHWAY	-0.2087321041819035			
HOFFMAN_CLOCK_TARGETS_DN	-0.20874178607822105			
KEGG_LONG_TERM_DEPRESSION	-0.20874467775981786			
GO_MDM2_MDM4_FAMILY_PROTEIN_BINDING	-0.20877238584863586			
GO_NUCLEOSIDE_TRANSMEMBRANE_TRANSPORTER_ACTIVITY	-0.2087814278329896			
chr17q24	-0.20880349186051755			
YUAN_ZNF143_PARTNERS	-0.208813352374389			
GO_POSITIVE_REGULATION_OF_CORTICOTROPIN_SECRETION	-0.2088172029128446			
ELF2_TARGET_GENES	-0.20883598760442984			
GO_AXON_CYTOPLASM	-0.20885804793215565			
GO_GLIAL_CELL_DERIVED_NEUROTROPHIC_FACTOR_RECEPTOR_ACTIVITY	-0.2088598063490539			
MIR6756_5P	-0.20886755299361248			
IPA_CDK2_UP	-0.2088703444474403			
GO_ARF_GUANYL_NUCLEOTIDE_EXCHANGE_FACTOR_ACTIVITY	-0.20887974444784396			
GO_PROTEIN_MODIFICATION_BY_SMALL_PROTEIN_CONJUGATION	-0.20888683346404752			
GO_NADH_DEHYDROGENASE_COMPLEX_ASSEMBLY	-0.20889145831978473			
GO_POSITIVE_REGULATION_OF_NLRP3_INFLAMMASOME_COMPLEX_ASSEMBLY	-0.20890400183973284			
BIOCARTA_IFNA_PATHWAY	-0.2089207536724193			
REACTOME_REGULATION_OF_SIGNALING_BY_NODAL	-0.20892120741419046			
GSE17974_0.5H_VS_72H_UNTREATED_IN_VITRO_CD4_TCELL_UP	-0.2089411599236413			
MIR759	-0.20895331401641454			
MIR7157_5P	-0.20895562272550997			
GO_NEGATIVE_REGULATION_OF_MYOBLAST_PROLIFERATION	-0.20895797260792143			
GSE37301_PRO_BCELL_VS_RAG2_KO_NK_CELL_DN	-0.20897827903850447			
GO_RESPONSE_TO_NERVE_GROWTH_FACTOR	-0.2090018989351636			
GO_MACROPINOCYTOSIS	-0.20900328481010394			
IPA_PAX6_UP	-0.20902026900535525			
MIR3128	-0.20905157956071285			
GO_LARGE_RIBOSOMAL_SUBUNIT	-0.2090814872460967			
GO_REGULATION_OF_ORGANELLE_TRANSPORT_ALONG_MICROTUBULE	-0.20909062806580028			
IPA_NFKBIB_UP	-0.20910177921237122			
GO_RESPONSE_TO_L_GLUTAMATE	-0.2091082040779344			
GO_POSITIVE_REGULATION_OF_MEGAKARYOCYTE_DIFFERENTIATION	-0.20910931011589032			
GO_PROTEIN_INSERTION_INTO_MITOCHONDRIAL_INNER_MEMBRANE	-0.20911012818979235			
GSE11386_NAIVE_VS_MEMORY_BCELL_UP	-0.2091240523998013			
GSE2405_HEAT_KILLED_LYSATE_VS_LIVE_A_PHAGOCYTOPHILUM_STIM_NEUTROPHIL_9H_UP	-0.2091314224591963			
IPA_NKX3-1_DN	-0.2091447311013556			
GO_NEGATIVE_REGULATION_OF_EPITHELIAL_CELL_PROLIFERATION_INVOLVED_IN_PROSTATE_GLAND_DEVELOPMENT	-0.209145032556024			
GO_EXTRINSIC_COMPONENT_OF_MITOCHONDRIAL_INNER_MEMBRANE	-0.20914764361529842			
GO_PROTEIN_K6_LINKED_UBIQUITINATION	-0.20917973331484296			
MIR4718	-0.2092050926307529			
MIKKELSEN_ES_LCP_WITH_H3K4ME3_AND_H3K27ME3	-0.20922598279916568			
GO_REGULATION_OF_POSTSYNAPTIC_SPECIALIZATION_ASSEMBLY	-0.20922622340277547			
GO_CARDIAC_MYOFIBRIL_ASSEMBLY	-0.20924159386957183			
MIR4766_5P	-0.20929137795589045			
GO_N_N_DIMETHYLANILINE_MONOOXYGENASE_ACTIVITY	-0.20929554262097427			
GSE37533_UNTREATED_VS_PIOGLIZATONE_TREATED_CD4_TCELL_PPARG2_AND_FOXP3_TRASDUCED_DN	-0.20929627152875183			
REACTOME_ACTIVATION_OF_CASPASES_THROUGH_APOPTOSOME_MEDIATED_CLEAVAGE	-0.2093052519728747			
MIR381_5P	-0.20930906700904875			
PLASARI_TGFB1_SIGNALING_VIA_NFIC_1HR_UP	-0.20931224235885654			
IPA_SOX4_UP	-0.20936195420861434			
GO_POSITIVE_REGULATION_OF_PROTEIN_DEPOLYMERIZATION	-0.20936786867608434			
GSE18791_CTRL_VS_NEWCASTLE_VIRUS_DC_1H_UP	-0.20938491609957602			
MIR6731_3P	-0.2093984156300081			
REACTOME_CLASS_I_PEROXISOMAL_MEMBRANE_PROTEIN_IMPORT	-0.20942677776816804			
GO_PROGRAMMED_CELL_DEATH_INVOLVED_IN_CELL_DEVELOPMENT	-0.20943497053403323			
GO_TORC1_COMPLEX	-0.20944287005542725			
KRCTCNNNNMANAGC_UNKNOWN	-0.20944622654144168			
chr6q26	-0.2094556748079997			
GO_GALANIN_RECEPTOR_ACTIVITY	-0.2094574920777398			
TURJANSKI_MAPK1_AND_MAPK2_TARGETS	-0.2094817420864871			
IPA_CEBPE_UP	-0.20949042344537203			
chr3p23	-0.20950198354838617			
ZNF589_TARGET_GENES	-0.20950432855375856			
GO_INNER_CELL_MASS_CELL_DIFFERENTIATION	-0.20951073851255705			
GO_U4_SNRNA_BINDING	-0.20952502157763264			
CIZ_01	-0.20953825885416008			
IPA_YY1_UP	-0.20954342275539284			
GO_POSITIVE_REGULATION_OF_MAINTENANCE_OF_SISTER_CHROMATID_COHESION	-0.20955101487278247			
REACTOME_METHIONINE_SALVAGE_PATHWAY	-0.20955970445575647			
GO_NEGATIVE_REGULATION_OF_INTERLEUKIN_1_BETA_SECRETION	-0.2095664480375546			
PID_MAPK_TRK_PATHWAY	-0.2095680218652418			
GO_PHOSPHOTRANSFERASE_ACTIVITY_PHOSPHATE_GROUP_AS_ACCEPTOR	-0.2095769772857671			
IRF9_TARGET_GENES	-0.20958872617148408			
REACTOME_NEGATIVE_REGULATION_OF_TCF_DEPENDENT_SIGNALING_BY_DVL_INTERACTING_PROTEINS	-0.20959294688488883			
REACTOME_FORMATION_OF_TUBULIN_FOLDING_INTERMEDIATES_BY_CCT_TRIC	-0.20959408500496085			
MANN_RESPONSE_TO_AMIFOSTINE_DN	-0.20959739124006996			
GO_CALCIUM_POTASSIUM_SODIUM_ANTIPORTER_ACTIVITY	-0.20962046815717386			
GO_FOLIC_ACID_BINDING	-0.20964580824327836			
MIR664A_3P	-0.20966179405871577			
IPA_TFAP2B_DN	-0.2096721537081038			
IPA_IRX2_DN	-0.2096721537081038			
GO_NEGATIVE_REGULATION_OF_ADENYLATE_CYCLASE_ACTIVITY	-0.20967863720993368			
GO_INOSITOL_TRISPHOSPHATE_METABOLIC_PROCESS	-0.20970629895723147			
GO_NEGATIVE_REGULATION_OF_CELL_CYCLE_G1_S_PHASE_TRANSITION	-0.2097116150338339			
GSE360_CTRL_VS_M_TUBERCULOSIS_MAC_UP	-0.20971270014136276			
REACTOME_RUNX3_REGULATES_P14_ARF	-0.20971684391204662			
MIR3677_5P	-0.20972006895262604			
GO_POLAR_MICROTUBULE	-0.20975149658907477			
GO_RESPONSE_TO_CATECHOLAMINE	-0.20976935472216912			
IPA_HOXA13_DN	-0.20978510358610108			
GO_SPINDLE_ASSEMBLY	-0.20983828681531252			
GO_GUANYLYLTRANSFERASE_ACTIVITY	-0.20986365186988104			
GO_THIOLESTER_HYDROLASE_ACTIVITY	-0.20986557868161018			
BANP_TARGET_GENES	-0.20987585417082713			
MIR649	-0.20989438991668155			
MIR4485_5P	-0.20989492847720365			
WHITEHURST_PACLITAXEL_SENSITIVITY	-0.20991249095944484			
REACTOME_PHASE_2_PLATEAU_PHASE	-0.20991792626853545			
GO_NEGATIVE_REGULATION_OF_CELLULAR_RESPIRATION	-0.20997107018073416			
PARK_HSC_VS_MULTIPOTENT_PROGENITORS_UP	-0.20998361349592268			
MIR570_3P	-0.20998855034565161			
MIR17_3P	-0.2099925154195611			
GO_1_PHOSPHATIDYLINOSITOL_4_PHOSPHATE_3_KINASE_ACTIVITY	-0.20999480535373866			
GO_INTRINSIC_COMPONENT_OF_THE_CYTOPLASMIC_SIDE_OF_THE_PLASMA_MEMBRANE	-0.21000765634802285			
MIR4293	-0.21004471283335727			
LI_DCP2_BOUND_MRNA	-0.21004962183205592			
GO_PROTEIN_K11_LINKED_UBIQUITINATION	-0.21005366136725517			
GSE13887_HEALTHY_VS_LUPUS_RESTING_CD4_TCELL_DN	-0.21006228197864593			
chr14q32	-0.21007825704514957			
GO_MACROMOLECULE_DEACYLATION	-0.21008104341036068			
GO_RESPONSE_TO_CHEMOKINE	-0.21009854021323776			
GO_INTEGRAL_COMPONENT_OF_SYNAPTIC_VESICLE_MEMBRANE	-0.21010627974279117			
GSE42021_CD24LO_TREG_VS_CD24LO_TCONV_THYMUS_DN	-0.21010868121043566			
GSE1740_UNSTIM_VS_IFNA_STIMULATED_MCSF_DERIVED_MACROPHAGE_UP	-0.2101143237691696			
GAZDA_DIAMOND_BLACKFAN_ANEMIA_PROGENITOR_UP	-0.21011772973263146			
GO_PROTEIN_TRANSMEMBRANE_IMPORT_INTO_INTRACELLULAR_ORGANELLE	-0.21012899574582536			
USF_02	-0.21014034325780742			
MIR6870_3P	-0.2101407739076932			
GO_POSITIVE_REGULATION_OF_PHOSPHOLIPID_METABOLIC_PROCESS	-0.21015413711721065			
GO_POSITIVE_REGULATION_OF_CELL_CYCLE_PROCESS	-0.21017055862282452			
GO_REGULATION_OF_INTERLEUKIN_12_SECRETION	-0.2101743483414549			
GO_INNER_MITOCHONDRIAL_MEMBRANE_ORGANIZATION	-0.21017917073235767			
GO_SOMATIC_MOTOR_NEURON_DIFFERENTIATION	-0.21019728093702092			
GO_BLOOD_COAGULATION_INTRINSIC_PATHWAY	-0.2102017368405827			
GO_HISTONE_METHYLTRANSFERASE_BINDING	-0.2102097856435879			
MIR1914_3P	-0.2102234682771325			
MIR7153_5P	-0.21022692077771532			
GO_MITOTIC_SPINDLE	-0.2102445976772283			
GO_POSITIVE_REGULATION_OF_ATPASE_COUPLED_CALCIUM_TRANSMEMBRANE_TRANSPORTER_ACTIVITY	-0.21024503669683936			
GO_ARYL_HYDROCARBON_RECEPTOR_BINDING	-0.21025512697562695			
chr2p15	-0.21026118791431225			
GSE5542_IFNA_VS_IFNA_AND_IFNG_TREATED_EPITHELIAL_CELLS_24H_DN	-0.21026317496653132			
RAAGNYNNCTTY_UNKNOWN	-0.21029062028307577			
GO_NEURONAL_DENSE_CORE_VESICLE	-0.21029952170858113			
IPA_FOSL1_DN	-0.2103015664763048			
REACTOME_ACTIVATION_OF_NMDA_RECEPTORS_AND_POSTSYNAPTIC_EVENTS	-0.2103080003595935			
GO_POSITIVE_REGULATION_OF_FATTY_ACID_BETA_OXIDATION	-0.21031877455169093			
GSE1925_3H_VS_24H_IFNG_STIM_MACROPHAGE_DN	-0.2103216799325649			
REACTOME_SCAVENGING_OF_HEME_FROM_PLASMA	-0.2103538544099498			
GO_LIGAND_GATED_ANION_CHANNEL_ACTIVITY	-0.21035687378477413			
GO_PROTEIN_K48_LINKED_UBIQUITINATION	-0.21039946367895385			
GO_REGULATION_OF_ESTABLISHMENT_OF_PROTEIN_LOCALIZATION_TO_CHROMOSOME	-0.210419048395009			
GO_PHOSPHOSERINE_RESIDUE_BINDING	-0.21042420039785972			
IPA_TFAP2C_UP	-0.21043147753757965			
GO_EXOCYTIC_INSERTION_OF_NEUROTRANSMITTER_RECEPTOR_TO_POSTSYNAPTIC_MEMBRANE	-0.21043233245570378			
GO_REGULATION_OF_UBIQUITIN_PROTEIN_TRANSFERASE_ACTIVITY	-0.21043772714017356			
ACAWYAAAG_UNKNOWN	-0.2104479122805319			
IPA_SIX3_DN	-0.21045404117758382			
GO_RESPONSE_TO_MACROPHAGE_COLONY_STIMULATING_FACTOR	-0.21048385450315174			
GO_NLS_BEARING_PROTEIN_IMPORT_INTO_NUCLEUS	-0.21049098436942443			
GO_NEGATIVE_REGULATION_OF_SYNAPTIC_PLASTICITY	-0.21050717485737994			
ABDELMOHSEN_ELAVL4_TARGETS	-0.21051388021448234			
GO_REGULATION_OF_SENSORY_PERCEPTION	-0.2105226108857839			
REACTOME_KINESINS	-0.21053861375848143			
GSE7400_CTRL_VS_CSF3_IN_VIVO_TREATED_PBMC_UP	-0.21054540098431226			
REACTOME_SIRT1_NEGATIVELY_REGULATES_RRNA_EXPRESSION	-0.21054697648189896			
GSE21670_IL6_VS_TGFB_AND_IL6_TREATED_STAT3_KO_CD4_TCELL_UP	-0.2105506655292874			
MIR4694_3P	-0.21060678072772995			
GO_CAMP_DEPENDENT_PROTEIN_KINASE_ACTIVITY	-0.21062116306271528			
GO_ORNITHINE_METABOLIC_PROCESS	-0.21063421664813362			
GO_CELLULAR_RESPONSE_TO_VIRUS	-0.21064215395639935			
REACTOME_BRANCHED_CHAIN_AMINO_ACID_CATABOLISM	-0.21064854322188856			
chrXp21	-0.21064871294112958			
GO_NEGATIVE_REGULATION_OF_BILE_ACID_METABOLIC_PROCESS	-0.21065164125787172			
GO_SULFUR_AMINO_ACID_CATABOLIC_PROCESS	-0.21066491922046623			
PID_CD40_PATHWAY	-0.21066631593506968			
GO_PROTEIN_LOCALIZATION_TO_CYTOPLASMIC_STRESS_GRANULE	-0.21066931364644076			
GSE13493_DP_VS_CD4INTCD8POS_THYMOCYTE_DN	-0.21071510075305036			
MIR3065_3P	-0.21072542041432077			
GSE25088_WT_VS_STAT6_KO_MACROPHAGE_DN	-0.2107634664332797			
GO_MULTI_CILIATED_EPITHELIAL_CELL_DIFFERENTIATION	-0.21078037758013982			
MIR647	-0.2107972007603388			
MIR6805_5P	-0.21079743878538426			
REACTOME_DECTIN_2_FAMILY	-0.2108057805816655			
MIR6744_3P	-0.2108058271591489			
REACTOME_ORGANELLE_BIOGENESIS_AND_MAINTENANCE	-0.2108083982880718			
MIR6513_5P	-0.21081735394475484			
GO_REGULATION_OF_PROTEIN_COMPLEX_STABILITY	-0.21082574000978613			
GO_PHOSPHOPROTEIN_BINDING	-0.21084257487559066			
REACTOME_IONOTROPIC_ACTIVITY_OF_KAINATE_RECEPTORS	-0.21084298731973372			
GO_PLASMA_MEMBRANE_SIGNALING_RECEPTOR_COMPLEX	-0.21087023892232645			
GO_RNA_STEM_LOOP_BINDING	-0.21088109150943848			
GSE17322_CD103_POS_VS_CD11B_HIGH_LUNG_DC_DN	-0.2108862027198874			
GO_N_TERMINAL_PROTEIN_LIPIDATION	-0.21090151757924355			
GO_NEURAL_PLATE_DEVELOPMENT	-0.21090174651905416			
IPA_OTX2_UP	-0.2109300755428094			
GO_GLOBAL_GENOME_NUCLEOTIDE_EXCISION_REPAIR	-0.21094042395204554			
MIR761	-0.21094975204220612			
chr4p14	-0.2109586722033491			
PURBEY_TARGETS_OF_CTBP1_AND_SATB1_DN	-0.21096015480070998			
GO_POSITIVE_REGULATION_OF_CATION_CHANNEL_ACTIVITY	-0.2109612339714528			
REACTOME_APC_C_CDH1_MEDIATED_DEGRADATION_OF_CDC20_AND_OTHER_APC_C_CDH1_TARGETED_PROTEINS_IN_LATE_MITOSIS_EARLY_G1	-0.21097196757872771			
GO_NEURONAL_ACTION_POTENTIAL	-0.21098597534104602			
DACOSTA_LOW_DOSE_UV_RESPONSE_VIA_ERCC3_XPCS_UP	-0.21099110240670407			
GSE29618_LAIV_VS_TIV_FLU_VACCINE_DAY7_MDC_UP	-0.21099146059492524			
MIR4729	-0.21099876782639254			
MIR29A_5P	-0.21101630155468776			
GSE17974_CTRL_VS_ACT_IL4_AND_ANTI_IL12_48H_CD4_TCELL_DN	-0.21101710345607227			
GO_NEGATIVE_REGULATION_OF_PROTEIN_K63_LINKED_UBIQUITINATION	-0.21101962893330847			
GO_REGULATION_OF_MEGAKARYOCYTE_DIFFERENTIATION	-0.21102961435845666			
GO_PLATELET_DERIVED_GROWTH_FACTOR_RECEPTOR_ALPHA_SIGNALING_PATHWAY	-0.21106326831283123			
GSE2706_UNSTIM_VS_8H_LPS_DC_UP	-0.21107385483703595			
BOYLAN_MULTIPLE_MYELOMA_C_CLUSTER_UP	-0.21108406968434823			
MIR6797_5P	-0.21109420885815905			
GO_MAP_KINASE_SCAFFOLD_ACTIVITY	-0.2110999693419633			
CAIRO_HEPATOBLASTOMA_CLASSES_UP	-0.21111047701440894			
GO_PROTEIN_KINASE_COMPLEX	-0.21112602443080758			
GO_LIM_DOMAIN_BINDING	-0.2111543365510037			
GO_TRANSFERASE_ACTIVITY_TRANSFERRING_ACYL_GROUPS	-0.21115793565366134			
GO_GUANYL_NUCLEOTIDE_EXCHANGE_FACTOR_ACTIVITY	-0.21117462814526433			
GO_FATTY_ACID_TRANSMEMBRANE_TRANSPORTER_ACTIVITY	-0.21118499182321376			
GO_NUCLEOSIDE_MONOPHOSPHATE_METABOLIC_PROCESS	-0.21118930639778352			
MIR708_5P	-0.21123744213750423			
GO_CALCIUM_ION_IMPORT_INTO_SARCOPLASMIC_RETICULUM	-0.21124161111335124			
MIR4435	-0.21124244129456438			
MIR888_5P	-0.2112588186707615			
REACTOME_REGULATION_OF_EXPRESSION_OF_SLITS_AND_ROBOS	-0.21127293377789336			
IPA_HDAC2_DN	-0.21128241392492952			
GO_REGULATION_OF_NATURAL_KILLER_CELL_DIFFERENTIATION_INVOLVED_IN_IMMUNE_RESPONSE	-0.21128416584675666			
GO_CYCLIC_NUCLEOTIDE_BIOSYNTHETIC_PROCESS	-0.21128449460811335			
GSE11367_CTRL_VS_IL17_TREATED_SMOOTH_MUSCLE_CELL_UP	-0.21128511211982137			
GO_GAMMA_AMINOBUTYRIC_ACID_SIGNALING_PATHWAY	-0.2113026396896375			
MIR28_5P	-0.2113147524178047			
MIR3619_5P	-0.21131844556052579			
GO_MON1_CCZ1_COMPLEX	-0.2113229067963713			
GSE43863_NAIVE_VS_TH1_EFF_CD4_TCELL_D6_LCMV_DN	-0.21132577316994872			
IPA_LMX1A_UP	-0.21133357676770784			
GO_HEMATOPOIETIC_STEM_CELL_HOMEOSTASIS	-0.2113411618437024			
MIR3153	-0.2113432065115882			
IPA_NCOR1_DN	-0.21137460483244505			
MIR5001_3P	-0.2113835386874712			
MIR433_5P	-0.21141222767722984			
GO_PROTEIN_LOCALIZATION_TO_JUXTAPARANODE_REGION_OF_AXON	-0.21141454189543232			
REACTOME_TBC_RABGAPS	-0.21142904825535483			
GSE12001_MIR223_KO_VS_WT_NEUTROPHIL_DN	-0.21143421963526535			
GO_ANIMAL_ORGAN_MATURATION	-0.21144747098955416			
ATACTGT_MIR144	-0.21144930283442576			
MIR548AN	-0.21144943140686412			
GO_SEH1_ASSOCIATED_COMPLEX	-0.21146608637656078			
GO_SPINDLE_ELONGATION	-0.21147830123534314			
REACTOME_MUSCARINIC_ACETYLCHOLINE_RECEPTORS	-0.21148891482842982			
GO_AMIDE_BIOSYNTHETIC_PROCESS	-0.21148982608752276			
RELA_DN.V1_DN	-0.21149841065274516			
GO_PROTEIN_LOCALIZATION_TO_NUCLEAR_ENVELOPE	-0.21150992807641414			
GARGALOVIC_RESPONSE_TO_OXIDIZED_PHOSPHOLIPIDS_BLACK_DN	-0.21152161883327175			
GSE24026_PD1_LIGATION_VS_CTRL_IN_ACT_TCELL_LINE_DN	-0.21156816842154522			
MIR4636	-0.2115820160551375			
MIR4418	-0.2116027881462011			
GO_REGULATION_OF_SYNAPTIC_VESICLE_EXOCYTOSIS	-0.21161324262221914			
IWANAGA_E2F1_TARGETS_INDUCED_BY_SERUM	-0.211616294323847			
GO_POSITIVE_REGULATION_OF_MACROPHAGE_FUSION	-0.21162731963395828			
MIR621	-0.2116383872506913			
IPA_NOTCH2_DN	-0.21164294619354143			
GO_TRICARBOXYLIC_ACID_METABOLIC_PROCESS	-0.21165859189391747			
SA_G2_AND_M_PHASES	-0.21169409023677846			
GO_SELENIUM_COMPOUND_METABOLIC_PROCESS	-0.2117038796250525			
GO_RESPONSE_TO_AUDITORY_STIMULUS	-0.211716264860864			
IPA_SMARCE1_DN	-0.21172347603887562			
GSE38681_WT_VS_LYL1_KO_LYMPHOID_PRIMED_MULTIPOTENT_PROGENITOR_UP	-0.21173410562325315			
GO_AV_NODE_CELL_TO_BUNDLE_OF_HIS_CELL_COMMUNICATION	-0.21173419407857091			
IPA_ZBTB33_UP	-0.21174041144444178			
GSE22601_DOUBLE_POSITIVE_VS_CD4_SINGLE_POSITIVE_THYMOCYTE_UP	-0.21174130131717872			
GO_ARMADILLO_REPEAT_DOMAIN_BINDING	-0.21175816605783923			
BIOCARTA_ERBB4_PATHWAY	-0.21176470817872006			
GO_RIBOSOMAL_LARGE_SUBUNIT_BIOGENESIS	-0.21178746288065473			
REACTOME_FORMATION_OF_XYLULOSE_5_PHOSPHATE	-0.21180346738349093			
GARGALOVIC_RESPONSE_TO_OXIDIZED_PHOSPHOLIPIDS_RED_DN	-0.21182710572962024			
GSE19888_ADENOSINE_A3R_ACT_VS_A3R_ACT_WITH_A3R_INH_PRETREATMENT_IN_MAST_CELL_DN	-0.21184586497089564			
GSE18791_CTRL_VS_NEWCASTLE_VIRUS_DC_18H_DN	-0.2118484290986076			
IPA_NR1H2_DN	-0.21187095818476423			
EVI1_02	-0.2118761305857763			
GO_REGULATION_OF_RESPONSE_TO_DNA_DAMAGE_STIMULUS	-0.2118845490488972			
GO_ACTIVATION_OF_JUN_KINASE_ACTIVITY	-0.21188547333321234			
LI_WILMS_TUMOR_VS_FETAL_KIDNEY_2_UP	-0.2118991581418722			
GO_HISTONE_DEACETYLATION	-0.21191998009848817			
GO_POSITIVE_REGULATION_OF_GRANULOCYTE_CHEMOTAXIS	-0.2119351980868355			
GO_HETEROTRIMERIC_G_PROTEIN_COMPLEX	-0.21194295313192144			
GSE360_CTRL_VS_L_MAJOR_DC_UP	-0.211950852515408			
GSE10325_BCELL_VS_LUPUS_BCELL_UP	-0.21197805057162444			
GSE14415_NATURAL_TREG_VS_FOXP3_KO_NATURAL_TREG_UP	-0.2119863300130001			
GO_HISTONE_H3_K14_ACETYLATION	-0.21199860639647358			
GSE9006_HEALTHY_VS_TYPE_2_DIABETES_PBMC_AT_DX_DN	-0.21201101572817393			
REACTOME_REGULATION_OF_KIT_SIGNALING	-0.21203073820651175			
MIR874_3P	-0.21203405656077742			
GO_MEIOTIC_SPINDLE	-0.2120340738541071			
MIR3913_5P	-0.2120423132382832			
LEF1_Q6	-0.21204765823188856			
GO_REGULATION_OF_NEUROTRANSMITTER_TRANSPORT	-0.2120553726563863			
GO_C_TERMINAL_PROTEIN_AMINO_ACID_MODIFICATION	-0.21205596770518073			
GO_LRR_DOMAIN_BINDING	-0.2120971943606245			
MIR6788_5P	-0.21210367497341956			
FU_INTERACT_WITH_ALKBH8	-0.2121113845911314			
IPA_HDAC5_UP	-0.21213651486371346			
WHITFIELD_CELL_CYCLE_G2	-0.21214259459883764			
GO_LATERAL_VENTRICLE_DEVELOPMENT	-0.21214774164549857			
AGGGCAG_MIR18A	-0.21217488872055548			
MIR3177_3P	-0.21218934049273208			
IPA_TRIM22_UP	-0.21220773928407818			
GSE2770_TGFB_AND_IL4_VS_IL4_TREATED_ACT_CD4_TCELL_2H_UP	-0.21221209100138483			
MIR4743_3P	-0.21222877311930158			
GSE7348_LPS_VS_TOLERIZED_AND_LPS_STIM_MACROPHAGE_DN	-0.21224745263874095			
GO_POSITIVE_REGULATION_OF_CELL_PROLIFERATION_INVOLVED_IN_HEART_MORPHOGENESIS	-0.21227389539331482			
GSE15750_DAY6_VS_DAY10_TRAF6KO_EFF_CD8_TCELL_UP	-0.21228114601991604			
REACTOME_CHEMOKINE_RECEPTORS_BIND_CHEMOKINES	-0.21229272255343254			
GO_RNA_POLYMERASE_I_COMPLEX	-0.21229692481004928			
GO_RNA_POLYMERASE_I_ACTIVITY	-0.21229692481004928			
ACTGAAA_MIR30A3P_MIR30E3P	-0.21231684477571583			
GO_RIBOSOME_BIOGENESIS	-0.212317991395345			
REACTOME_LIPID_PARTICLE_ORGANIZATION	-0.21232055765535732			
IPA_POU2F2_DN	-0.21233861417669092			
PID_REG_GR_PATHWAY	-0.2123520852647517			
GSE22611_NOD2_VS_MUTANT_NOD2_TRANSDUCED_HEK293T_CELL_DN	-0.2123710696609771			
MIR4499	-0.21237395859253128			
STK33_NOMO_DN	-0.21238096720223634			
REACTOME_GABA_SYNTHESIS_RELEASE_REUPTAKE_AND_DEGRADATION	-0.21238576694513975			
REACTOME_INFECTION_WITH_MYCOBACTERIUM_TUBERCULOSIS	-0.21239465510142125			
CAIRO_PML_TARGETS_BOUND_BY_MYC_UP	-0.21240551112209807			
GO_DNA_BINDING_BENDING	-0.21242842595937414			
GO_POSITIVE_REGULATION_OF_ORGAN_GROWTH	-0.2124597982141678			
LY_AGING_PREMATURE_DN	-0.21246703084227964			
ABRAHAM_ALPC_VS_MULTIPLE_MYELOMA_DN	-0.2124858956656007			
GSE13762_CTRL_VS_125_VITAMIND_DAY5_DC_UP	-0.2124935008421579			
GO_POSITIVE_REGULATION_OF_NUCLEOBASE_CONTAINING_COMPOUND_TRANSPORT	-0.21255041225237653			
MIR4639_3P	-0.2125523590149931			
GO_REGULATION_OF_SKELETAL_MUSCLE_TISSUE_GROWTH	-0.21256548655058471			
GO_POSITIVE_REGULATION_OF_MUSCLE_CELL_APOPTOTIC_PROCESS	-0.21257466413163897			
GO_NEGATIVE_REGULATION_OF_AMINE_TRANSPORT	-0.21259215554654484			
GO_FATTY_ACID_BETA_OXIDATION	-0.21260260258913302			
BIOCARTA_SKP2E2F_PATHWAY	-0.21260547740170396			
MIR361_3P	-0.2126285891793938			
MIR545_3P	-0.2126411779087274			
GO_NUCLEOTIDE_EXCISION_REPAIR_DNA_DUPLEX_UNWINDING	-0.2126557936658129			
BENPORATH_PROLIFERATION	-0.21267367572466372			
GO_POSITIVE_REGULATION_OF_CARDIAC_VASCULAR_SMOOTH_MUSCLE_CELL_DIFFERENTIATION	-0.21267380736063937			
IPA_NFATC4_UP	-0.21268445506166947			
MIR215_3P	-0.21269085836766335			
GSE22432_CONVENTIONAL_CDC_VS_PLASMACYTOID_PDC_UP	-0.21270796121379923			
GKCGCNNNNNNNTGAYG_UNKNOWN	-0.21271624816052137			
GO_CELLULAR_RESPONSE_TO_SODIUM_ARSENITE	-0.2127193595817343			
GSE17721_LPS_VS_PAM3CSK4_6H_BMDC_UP	-0.21275479944626266			
BLALOCK_ALZHEIMERS_DISEASE_INCIPIENT_DN	-0.212760653902826			
GSE19198_1H_VS_6H_IL21_TREATED_TCELL_UP	-0.21276287429268415			
GSE36009_WT_VS_NLRP10_KO_DC_LPS_STIM_DN	-0.21278248839811265			
GO_NEGATIVE_REGULATION_OF_RUFFLE_ASSEMBLY	-0.21281911846903886			
REACTOME_LTC4_CYSLTR_MEDIATED_IL4_PRODUCTION	-0.21282768990813078			
GO_CALCIUM_SENSITIVE_GUANYLATE_CYCLASE_ACTIVATOR_ACTIVITY	-0.21282774684872593			
PRDM12_TARGET_GENES	-0.21283741157805694			
GO_POSTSYNAPTIC_SPECIALIZATION_ORGANIZATION	-0.21284045403633878			
MIR27A_5P	-0.21284661251393158			
MYOD_Q6_01	-0.21284760092824473			
GO_NUCLEOSIDE_TRIPHOSPHATE_CATABOLIC_PROCESS	-0.2128486190721458			
GO_NEURAL_PLATE_REGIONALIZATION	-0.21285064199149462			
MIR4445_5P	-0.21287399084028097			
HUTTMANN_B_CLL_POOR_SURVIVAL_DN	-0.21293112648409912			
GO_DENDRITIC_CELL_CYTOKINE_PRODUCTION	-0.21293254489357832			
GO_POSTSYNAPTIC_DENSITY_PROTEIN_95_CLUSTERING	-0.21293550210762072			
MIR571	-0.21293750010496024			
GO_STEM_CELL_DIVISION	-0.21294421147793782			
GCGCTTT_MIR518B_MIR518C_MIR518D	-0.212945792564749			
REACTOME_NA_CL_DEPENDENT_NEUROTRANSMITTER_TRANSPORTERS	-0.2129535985629458			
MIR4503	-0.21296227894800793			
MIR1246	-0.21299132471346488			
GO_POSITIVE_REGULATION_OF_POTASSIUM_ION_TRANSMEMBRANE_TRANSPORTER_ACTIVITY	-0.21301547331178805			
GSE17721_CTRL_VS_PAM3CSK4_12H_BMDC_UP	-0.21304334534530162			
GO_SPERM_PRINCIPAL_PIECE	-0.21304341611061006			
OHASHI_AURKA_TARGETS	-0.21304875761806694			
GO_PROTEIN_DEUBIQUITINATION_INVOLVED_IN_UBIQUITIN_DEPENDENT_PROTEIN_CATABOLIC_PROCESS	-0.21305250605073187			
GO_RETROGRADE_TRANS_SYNAPTIC_SIGNALING_BY_LIPID	-0.21307663271422825			
GSE37301_LYMPHOID_PRIMED_MPP_VS_GRAN_MONO_PROGENITOR_DN	-0.21310011239757018			
GO_IONOTROPIC_GLUTAMATE_RECEPTOR_SIGNALING_PATHWAY	-0.21312081213682954			
MIR10226	-0.2131320858399083			
GGCAGAC_MIR346	-0.21314861735587143			
GO_PROTEIN_K63_LINKED_DEUBIQUITINATION	-0.2131514175095112			
STAMBOLSKY_BOUND_BY_MUTATED_TP53	-0.21315344721975685			
MIR4748	-0.2131677794135119			
GO_PROTEIN_K29_LINKED_UBIQUITINATION	-0.21317008113429028			
GO_CYCLASE_REGULATOR_ACTIVITY	-0.21319087396182596			
GO_PROTEIN_XYLOSYLTRANSFERASE_ACTIVITY	-0.2131913035458203			
GO_PARANODE_REGION_OF_AXON	-0.21319993666185266			
SCHLOSSER_MYC_TARGETS_REPRESSED_BY_SERUM	-0.21321634531497421			
MIR876_5P	-0.21322456104502538			
chr3p24	-0.2132254412219468			
REACTOME_RAP1_SIGNALLING	-0.2132804505648577			
MIR378B	-0.21328527489909158			
GO_SEROTONIN_GATED_CATION_SELECTIVE_CHANNEL_ACTIVITY	-0.21328722465643254			
TANG_SENESCENCE_TP53_TARGETS_DN	-0.21330260404379414			
GO_KINASE_REGULATOR_ACTIVITY	-0.21332985922767495			
GO_SPINDLE_POLE	-0.21335784876638011			
LET_7A_5P_LET_7C_5P_LET_7E_5P	-0.21336655119781558			
GO_HYDROLASE_ACTIVITY_ACTING_ON_CARBON_NITROGEN_BUT_NOT_PEPTIDE_BONDS_IN_CYCLIC_AMIDES	-0.2133727666648712			
REACTOME_PROCESSING_AND_ACTIVATION_OF_SUMO	-0.21338125030151547			
GO_DOPAMINE_TRANSPORT	-0.21340050678636388			
IPA_MED28_DN	-0.21340089551570235			
GO_CELLULAR_RESPONSE_TO_TEMPERATURE_STIMULUS	-0.2134218051419005			
GO_CLATHRIN_COAT_ASSEMBLY	-0.21342561415532826			
GO_L_METHIONINE_SALVAGE_FROM_METHYLTHIOADENOSINE	-0.21345728777822198			
GO_SKELETAL_MUSCLE_THIN_FILAMENT_ASSEMBLY	-0.2134582171472901			
GSE7460_CTRL_VS_FOXP3_OVEREXPR_TCONV_1_UP	-0.21348575529234726			
GO_KINESIN_COMPLEX	-0.2135114366921295			
GO_NEGATIVE_REGULATION_OF_NEUROTRANSMITTER_TRANSPORT	-0.21356184370894102			
GSE20198_UNTREATED_VS_IFNA_TREATED_ACT_CD4_TCELL_UP	-0.21356620444508506			
GO_POSITIVE_REGULATION_OF_MAST_CELL_ACTIVATION	-0.21359472850204722			
GO_OBSERVATIONAL_LEARNING	-0.21360287100386902			
MIR3192_5P	-0.21361941445009466			
GO_DEOXYRIBONUCLEOTIDE_BIOSYNTHETIC_PROCESS	-0.21364058898753402			
GO_AP_2_ADAPTOR_COMPLEX_BINDING	-0.21365136834397655			
PID_AURORA_B_PATHWAY	-0.2136651041893634			
MIR657	-0.21366750590263828			
MIR3149	-0.21366895019161505			
chr1q43	-0.21368174889682337			
GO_POSITIVE_REGULATION_OF_NEUROTROPHIN_TRK_RECEPTOR_SIGNALING_PATHWAY	-0.2136885453782705			
IPA_SALL3_UP	-0.21372120892137753			
GO_SYNAPTIC_TRANSMISSION_GLYCINERGIC	-0.2137280726937343			
GO_URONIC_ACID_METABOLIC_PROCESS	-0.21374634898528247			
LI_WILMS_TUMOR_ANAPLASTIC_DN	-0.21376806876191112			
GSE11961_MARGINAL_ZONE_BCELL_VS_MEMORY_BCELL_DAY7_UP	-0.21377767283489277			
GSE41867_DAY8_VS_DAY15_LCMV_ARMSTRONG_EFFECTOR_CD8_TCELL_DN	-0.2138011376297363			
GO_PRIMARY_AMINO_COMPOUND_BIOSYNTHETIC_PROCESS	-0.21381479708799558			
GO_ACYL_COA_DEHYDROGENASE_ACTIVITY	-0.21381538530471422			
PARK_HSC_AND_MULTIPOTENT_PROGENITORS	-0.21383048553139708			
GO_RESPONSE_TO_CGMP	-0.21383194444751652			
GO_REGULATION_OF_POSTSYNAPTIC_NEUROTRANSMITTER_RECEPTOR_ACTIVITY	-0.21384488862767506			
GO_MYELOID_CELL_HOMEOSTASIS	-0.21386104221488758			
DING_LUNG_CANCER_BY_MUTATION_RATE	-0.2138619653933033			
BYSTRYKH_HEMATOPOIESIS_STEM_CELL_AND_BRAIN_QTL_CIS	-0.21387631391928674			
GO_INTRACILIARY_TRANSPORT_PARTICLE_B_BINDING	-0.21387832136924417			
GO_NOREPINEPHRINE_TRANSPORT	-0.2138923747710294			
GO_PURINE_CONTAINING_COMPOUND_SALVAGE	-0.21389361844009297			
GO_RNA_POLYMERASE_II_CTD_HEPTAPEPTIDE_REPEAT_KINASE_ACTIVITY	-0.2139307612613229			
MIR7162_3P	-0.21395738357165292			
GO_POSITIVE_REGULATION_OF_MELANOCYTE_DIFFERENTIATION	-0.2139659481177335			
IPA_CUX1_UP	-0.21397185087342777			
GO_MITOCHONDRIAL_TRNA_METHYLATION	-0.21398737420107072			
GSE17721_PAM3CSK4_VS_CPG_6H_BMDC_DN	-0.21402853939331304			
SHIPP_DLBCL_VS_FOLLICULAR_LYMPHOMA_UP	-0.21403782285352835			
GO_GTP_METABOLIC_PROCESS	-0.21404101934192793			
GO_NEGATIVE_REGULATION_OF_MICROTUBULE_POLYMERIZATION	-0.2140436411241443			
MIR2277_3P	-0.21405683457007993			
MIR510_3P	-0.21405748564475444			
GSE17721_LPS_VS_POLYIC_2H_BMDC_DN	-0.21405995766437833			
OCT1_05	-0.21408263175516062			
IPA_JUP_DN	-0.2140945424798078			
GO_DNA_LIGATION_INVOLVED_IN_DNA_REPAIR	-0.21412824853059106			
GO_NEGATIVE_REGULATION_OF_BEHAVIOR	-0.21413486076145483			
MIR3651	-0.21414351437473983			
AP2_Q6_01	-0.21415298847457864			
GO_REGULATION_OF_SYSTEMIC_ARTERIAL_BLOOD_PRESSURE_BY_VASOPRESSIN	-0.21415782859131482			
MIR584_5P	-0.21416718444769023			
GO_POSITIVE_REGULATION_OF_CYCLIC_NUCLEOTIDE_PHOSPHODIESTERASE_ACTIVITY	-0.21417206064953614			
GO_PHAGOLYSOSOME	-0.21417327280858417			
GO_NEGATIVE_REGULATION_OF_IMMATURE_T_CELL_PROLIFERATION	-0.21418843466332105			
GO_INHIBITORY_EXTRACELLULAR_LIGAND_GATED_ION_CHANNEL_ACTIVITY	-0.2141954287306111			
REACTOME_METABOLISM_OF_FOLATE_AND_PTERINES	-0.2142064340508034			
GSE21927_HEALTHY_VS_TUMOROUS_BALBC_MOUSE_MONOCYTE_UP	-0.21421643089828946			
GO_STEROID_HORMONE_BINDING	-0.214252449708305			
REACTOME_MECP2_REGULATES_TRANSCRIPTION_FACTORS	-0.2142614504874072			
GSE17721_LPS_VS_POLYIC_16H_BMDC_UP	-0.21427229248872046			
ZNF354A_TARGET_GENES	-0.2142784278810957			
MIR146A_5P	-0.21428670767053123			
GO_SCF_COMPLEX_ASSEMBLY	-0.21428754687152154			
CAGCACT_MIR5123P	-0.21429277281881318			
GO_SYNAPTIC_VESICLE_EXOCYTOSIS	-0.2143043309288199			
GO_VOLTAGE_GATED_CALCIUM_CHANNEL_ACTIVITY_INVOLVED_IN_CARDIAC_MUSCLE_CELL_ACTION_POTENTIAL	-0.21432127230008344			
LET_7B_5P	-0.21433405664009972			
GO_EARP_COMPLEX	-0.2143342712430103			
AGTCTAG_MIR151	-0.21434389880331225			
GO_PROTEIN_KINASE_C_ACTIVITY	-0.21436304911629178			
GO_RADIAL_SPOKE	-0.21436822133174563			
GSE3982_EOSINOPHIL_VS_TH1_DN	-0.2143739710094454			
MIR3150A_3P	-0.2143789252457428			
GO_HISTONE_DEACETYLASE_BINDING	-0.21439280377293715			
MIR665	-0.21439883865381026			
GSE17974_1.5H_VS_72H_IL4_AND_ANTI_IL12_ACT_CD4_TCELL_DN	-0.21441083026600816			
MIR4494	-0.21446035631370694			
KRAS.LUNG.BREAST_UP.V1_DN	-0.21447703188796222			
REACTOME_RNA_POLYMERASE_III_TRANSCRIPTION_INITIATION_FROM_TYPE_3_PROMOTER	-0.21449939905941456			
GO_AXON_INITIAL_SEGMENT	-0.21451949944135246			
TITF1_Q3	-0.21453715257637582			
GO_NECROPTOTIC_SIGNALING_PATHWAY	-0.21454679498637919			
GSE18791_CTRL_VS_NEWCASTLE_VIRUS_DC_16H_DN	-0.2145512988236803			
MIR4482_5P	-0.2145617966972257			
IPA_HIST1H1T_UP	-0.21458253908691982			
GCTCTTG_MIR335	-0.21459429321725418			
GO_NEGATIVE_REGULATION_OF_LYASE_ACTIVITY	-0.2146011512907901			
MIR3170	-0.21463274902255375			
GO_CD40_RECEPTOR_COMPLEX	-0.21464052321693933			
chr3p21	-0.21464276550390965			
GO_TESTOSTERONE_DEHYDROGENASE_NAD_P_ACTIVITY	-0.21464415060042769			
MIR6816_5P	-0.21467014068703327			
GSE17974_CTRL_VS_ACT_IL4_AND_ANTI_IL12_24H_CD4_TCELL_DN	-0.21467384546039908			
ZFP37_TARGET_GENES	-0.2147170995922247			
GO_NUCLEAR_PORE_ORGANIZATION	-0.21472289747330112			
GSE17721_PAM3CSK4_VS_CPG_0.5H_BMDC_DN	-0.21472353970576408			
REACTOME_FRS_MEDIATED_FGFR2_SIGNALING	-0.21472941930549339			
KIM_MYC_AMPLIFICATION_TARGETS_UP	-0.21473381143284803			
GO_NUCLEOTIDE_EXCISION_REPAIR_PREINCISION_COMPLEX_ASSEMBLY	-0.21473732003519294			
GSE26351_UNSTIM_VS_BMP_PATHWAY_STIM_HEMATOPOIETIC_PROGENITORS_DN	-0.2147466111832551			
MIR4536_5P	-0.21475122698924634			
GO_FIBROBLAST_ACTIVATION	-0.21475289487644791			
GSE15624_CTRL_VS_3H_HALOFUGINONE_TREATED_CD4_TCELL_DN	-0.21477944963065684			
GO_RESPONSE_TO_SODIUM_ARSENITE	-0.21479195272679283			
GO_NEURAL_NUCLEUS_DEVELOPMENT	-0.21480643723160547			
GO_POSITIVE_REGULATION_OF_SYNAPTIC_VESICLE_EXOCYTOSIS	-0.21481323070801253			
GO_SMN_COMPLEX	-0.2148158787161271			
GO_SODIUM_CHANNEL_ACTIVITY	-0.21482779163279422			
GO_RESPONSE_TO_GLYCOPROTEIN	-0.21483052680071824			
GO_PYRIMIDINE_NUCLEOSIDE_MONOPHOSPHATE_METABOLIC_PROCESS	-0.21485278316666104			
MIR6808_5P	-0.21485876102484655			
GO_CXCR3_CHEMOKINE_RECEPTOR_BINDING	-0.21491402846340568			
MIR8077	-0.21491472705986578			
chr6q13	-0.21493992133609255			
GO_MAINTENANCE_OF_ORGANELLE_LOCATION	-0.21494515203727982			
JAZAERI_BREAST_CANCER_BRCA1_VS_BRCA2_DN	-0.21494592718791133			
GO_PYRUVATE_DEHYDROGENASE_ACTIVITY	-0.21495010344609716			
MUELLER_PLURINET	-0.21496700706906172			
CTR9_TARGET_GENES	-0.21497550944255053			
GSE18893_TCONV_VS_TREG_2H_CULTURE_UP	-0.21498429666801863			
chr9p22	-0.21498683122370038			
BIOCARTA_AMAN_PATHWAY	-0.2150245008480886			
GO_POSITIVE_REGULATION_OF_AMPA_RECEPTOR_ACTIVITY	-0.2150373032985511			
GO_RESPONSE_TO_GLYCOSIDE	-0.21509277637914703			
SHEDDEN_LUNG_CANCER_GOOD_SURVIVAL_A5	-0.21509499825676925			
GO_RESPONSE_TO_ACETYLCHOLINE	-0.21509742175798457			
WONG_EMBRYONIC_STEM_CELL_CORE	-0.2151461617448448			
REACTOME_ANTIGEN_PROCESSING_UBIQUITINATION_PROTEASOME_DEGRADATION	-0.21514651405276397			
PID_ALK2_PATHWAY	-0.21514662923399583			
GO_RESPONSE_TO_HISTAMINE	-0.21514934927250878			
HMGIY_Q6	-0.21517105399459294			
GO_PROTEIN_QUALITY_CONTROL_FOR_MISFOLDED_OR_INCOMPLETELY_SYNTHESIZED_PROTEINS	-0.21517454498508534			
MCGOWAN_RSP6_TARGETS_DN	-0.21520200123716682			
CCAGGTT_MIR490	-0.21524709528525807			
GSE13306_RA_VS_UNTREATED_TREG_UP	-0.2152497049304997			
GO_TRANSMISSION_OF_NERVE_IMPULSE	-0.21526714109938663			
GSE20727_CTRL_VS_ROS_INH_AND_DNFB_ALLERGEN_TREATED_DC_UP	-0.2152920851648543			
GO_ANAPHASE_PROMOTING_COMPLEX_DEPENDENT_CATABOLIC_PROCESS	-0.2152929700660707			
MIR711	-0.2152953857020972			
MUELLER_COMMON_TARGETS_OF_AML_FUSIONS_UP	-0.21530422060259904			
GSE23568_CTRL_VS_ID3_TRANSDUCED_CD8_TCELL_DN	-0.21533314321293695			
IPA_HINFP_UP	-0.21533473072543513			
GO_PYRAMIDAL_NEURON_DIFFERENTIATION	-0.21538288899264238			
GSE17721_LPS_VS_CPG_0.5H_BMDC_UP	-0.21538622831748694			
GO_POSITIVE_REGULATION_OF_GLUCOCORTICOID_SECRETION	-0.21539187227995224			
GO_REGULATION_OF_CORTISOL_SECRETION	-0.21539187227995224			
GSE45365_CD8A_DC_VS_CD11B_DC_IFNAR_KO_MCMV_INFECTION_UP	-0.21539904607523666			
GSE36078_UNTREATED_VS_AD5_T425A_HEXON_INF_MOUSE_LUNG_DC_DN	-0.21541231216368148			
MIR6830_5P	-0.21542358599568381			
IPA_DLX5_UP	-0.21543751072173073			
GO_TRANSLATION_ACTIVATOR_ACTIVITY	-0.2154597090723903			
GO_POSITIVE_REGULATION_OF_CELL_GROWTH_INVOLVED_IN_CARDIAC_MUSCLE_CELL_DEVELOPMENT	-0.21548369345308938			
GO_MICROTUBULE_ORGANIZING_CENTER_ORGANIZATION	-0.2155031341644964			
MIR3661	-0.215508243214634			
MIR514B_5P	-0.2155131385770634			
REACTOME_ADP_SIGNALLING_THROUGH_P2Y_PURINOCEPTOR_12	-0.2155568184923445			
GO_REGULATION_OF_ANDROGEN_RECEPTOR_SIGNALING_PATHWAY	-0.21556149754208098			
GSE17721_LPS_VS_PAM3CSK4_0.5H_BMDC_UP	-0.21558819609187088			
REACTOME_DEFECTIVE_ST3GAL3_CAUSES_MCT12_AND_EIEE15	-0.21560141500439953			
GSE32901_TH17_EMRICHED_VS_TH17_NEG_CD4_TCELL_UP	-0.2156300044097924			
MIR98_5P	-0.21563258162505425			
GSE9037_CTRL_VS_LPS_1H_STIM_IRAK4_KO_BMDM_UP	-0.21563477585694552			
GSE37563_WT_VS_CTLA4_KO_CD4_TCELL_D4_POST_IMMUNIZATION_UP	-0.21563624405066134			
GO_NEGATIVE_REGULATION_OF_NUCLEAR_DIVISION	-0.2156394854262051			
MIR1179	-0.2156728781563763			
GO_REGULATION_OF_REMOVAL_OF_SUPEROXIDE_RADICALS	-0.21573737403511004			
GGCACAT_MIR455	-0.21574369838145396			
LET_7F_5P	-0.2157486459813483			
RHEIN_ALL_GLUCOCORTICOID_THERAPY_DN	-0.21574922725299145			
PID_ALPHA_SYNUCLEIN_PATHWAY	-0.21575238782135242			
CHEN_NEUROBLASTOMA_COPY_NUMBER_GAINS	-0.21575531658452135			
MIR4482_3P	-0.21578498950163133			
BIOCARTA_PELP1_PATHWAY	-0.21578583659864106			
GO_NUCLEAR_PORE_OUTER_RING	-0.21579036193606266			
GSE17721_CTRL_VS_GARDIQUIMOD_2H_BMDC_UP	-0.21579830296950214			
LET_7G_5P	-0.21582675020211345			
GO_VESTIBULOCOCHLEAR_NERVE_FORMATION	-0.21582824113164137			
REACTOME_IRS_MEDIATED_SIGNALLING	-0.2158321824752289			
GO_DOPAMINE_RECEPTOR_SIGNALING_PATHWAY	-0.21584254435671543			
SHEPARD_CRUSH_AND_BURN_MUTANT_DN	-0.21586686763317406			
GO_TRNA_TRANSCRIPTION	-0.21587047510776267			
GO_REGULATION_OF_NAD_P_H_OXIDASE_ACTIVITY	-0.21588015598853547			
KRIGE_RESPONSE_TO_TOSEDOSTAT_6HR_DN	-0.21588036920202192			
IPA_CREB3L1_DN	-0.2158978728927396			
REACTOME_PURINE_SALVAGE	-0.21592266576190491			
GO_BOX_H_ACA_TELOMERASE_RNP_COMPLEX	-0.2159336005839912			
GO_BOX_H_ACA_SNORNA_BINDING	-0.2159336005839912			
GO_BOX_H_ACA_SNORNP_COMPLEX	-0.2159336005839912			
GO_BOX_H_ACA_RNP_COMPLEX	-0.2159336005839912			
MIR4701_3P	-0.21593855247845398			
GSE17721_PAM3CSK4_VS_GADIQUIMOD_4H_BMDC_UP	-0.21597814066241575			
MIR4716_5P	-0.21600126821068935			
MIR138_1_3P	-0.21600413713204547			
MIR378E	-0.21602539140287627			
MIR5693	-0.21603055511087735			
GSE28726_NAIVE_VS_ACTIVATED_CD4_TCELL_DN	-0.21606377634250315			
GSE14769_UNSTIM_VS_60MIN_LPS_BMDM_UP	-0.21607186659885974			
IPA_CHD5_DN	-0.21614587857867834			
GSE22443_NAIVE_VS_ACT_AND_IL12_TREATED_CD8_TCELL_DN	-0.2161766336200922			
GO_POSITIVE_REGULATION_OF_CAMP_MEDIATED_SIGNALING	-0.21619064538318986			
GO_NEGATIVE_REGULATION_OF_T_CELL_MIGRATION	-0.21619097056673497			
chr15q12	-0.21619303508882018			
GSE23925_LIGHT_ZONE_VS_NAIVE_BCELL_DN	-0.21621065728589306			
MIR1231	-0.2162383001649139			
MIR8076	-0.21624222794305364			
GO_REGULATION_OF_CARDIAC_MUSCLE_CONTRACTION_BY_REGULATION_OF_THE_RELEASE_OF_SEQUESTERED_CALCIUM_ION	-0.21625104540704343			
GSE19401_PAM2CSK4_VS_RETINOIC_ACID_AND_PAM2CSK4_STIM_FOLLICULAR_DC_UP	-0.2162951791176329			
GSE36078_WT_VS_IL1R_KO_LUNG_DC_AFTER_AD5_T425A_HEXON_INF_DN	-0.21631491263892352			
GO_MICROTUBULE_SEVERING_ATPASE_ACTIVITY	-0.21632475032048307			
GO_CYCLIN_DEPENDENT_PROTEIN_KINASE_ACTIVITY	-0.21634086226268626			
REACTOME_ESTROGEN_DEPENDENT_GENE_EXPRESSION	-0.21634975749317062			
REACTOME_MITOCHONDRIAL_TRNA_AMINOACYLATION	-0.21635993854268942			
GO_HISTONE_ARGININE_METHYLATION	-0.21636345032401544			
GSE36078_UNTREATED_VS_AD5_INF_IL1R_KO_MOUSE_LUNG_DC_UP	-0.21636710210292073			
GO_AP_1_ADAPTOR_COMPLEX	-0.21637799987664516			
LET_7I_5P	-0.21638700084380696			
MIR10524_5P	-0.21639356113277325			
GO_REGULATION_OF_RESPIRATORY_GASEOUS_EXCHANGE	-0.21641266257685562			
GSE6259_33D1_POS_DC_VS_CD8_TCELL_DN	-0.21642029785254177			
GSE27786_NKCELL_VS_NEUTROPHIL_DN	-0.2164320516723147			
IPA_CREB5_DN	-0.21644460641989416			
IPA_LMO3_DN	-0.21644460641989416			
GO_PEPTIDYL_METHIONINE_MODIFICATION	-0.21644527186814577			
IPA_GATA3_UP	-0.21645969766341416			
CAFFAREL_RESPONSE_TO_THC_24HR_3_UP	-0.21649463784378084			
GSE16450_IMMATURE_VS_MATURE_NEURON_CELL_LINE_12H_IFNA_STIM_DN	-0.21652545338238186			
MIR5585_5P	-0.21654276287879953			
GO_POSITIVE_REGULATION_OF_HIGH_VOLTAGE_GATED_CALCIUM_CHANNEL_ACTIVITY	-0.21654552476010128			
GO_HYDROLASE_ACTIVITY_ACTING_ON_ESTER_BONDS	-0.21654914088528915			
GO_VOCALIZATION_BEHAVIOR	-0.21655071874489484			
chr9p13	-0.21655908529694343			
REACTOME_KETONE_BODY_METABOLISM	-0.21657402849380614			
MIR9500	-0.2166203334333926			
GO_RRNA_TRANSCRIPTION	-0.21662377897599372			
GO_REGULATION_OF_TRANSCRIPTION_BY_RNA_POLYMERASE_III	-0.21662419629209057			
MIR6738_3P	-0.21662566536427832			
GO_RAGULATOR_COMPLEX	-0.21662744509606147			
GSE24634_NAIVE_CD4_TCELL_VS_DAY7_IL4_CONV_TREG_UP	-0.21665537949129487			
GO_POSTSYNAPTIC_SPECIALIZATION_ASSEMBLY	-0.21666482628546171			
GARGALOVIC_RESPONSE_TO_OXIDIZED_PHOSPHOLIPIDS_PURPLE_DN	-0.2166723525323249			
CROMER_METASTASIS_UP	-0.21667875769698222			
GO_REGULATION_OF_DOPAMINE_RECEPTOR_SIGNALING_PATHWAY	-0.21668134495262037			
GO_SYNAPTIC_VESICLE_MEMBRANE	-0.21671242140343427			
MIR4539	-0.21671633472701127			
BIOCARTA_MYOSIN_PATHWAY	-0.21672859866086677			
GO_CYCLOHYDROLASE_ACTIVITY	-0.21674831795775254			
GSE16450_CTRL_VS_IFNA_12H_STIM_MATURE_NEURON_CELL_LINE_DN	-0.21675837741159307			
IPA_CREBBP_DN	-0.21679673524322002			
GO_CELL_MIGRATION_INVOLVED_IN_GASTRULATION	-0.21679721156212106			
GO_CELL_DIFFERENTIATION_IN_SPINAL_CORD	-0.21681110214950183			
MIKKELSEN_IPS_LCP_WITH_H3K4ME3	-0.21681896534199047			
WEBER_METHYLATED_ICP_IN_SPERM_UP	-0.21687294949169794			
GSE360_L_DONOVANI_VS_L_MAJOR_DC_UP	-0.21687875112222993			
MIR4687_3P	-0.2168862019033129			
MIR153_5P	-0.21689593971146626			
GO_TRANSCRIPTION_ELONGATION_FROM_RNA_POLYMERASE_II_PROMOTER	-0.21689693793613105			
REACTOME_DARPP_32_EVENTS	-0.21690131395892728			
GO_FOLATE_IMPORT_ACROSS_PLASMA_MEMBRANE	-0.2169017017391488			
GO_PHAGOCYTOSIS_RECOGNITION	-0.2169066185112306			
BIOCARTA_HSP27_PATHWAY	-0.21691980125784016			
BIOCARTA_IGF1MTOR_PATHWAY	-0.21692966613000725			
IPA_NR0B2_DN	-0.2169485404652585			
MIR4769_3P	-0.2169595800673955			
GO_PYRIMIDINE_CONTAINING_COMPOUND_METABOLIC_PROCESS	-0.21697208694435105			
GSE4984_GALECTIN1_VS_LPS_STIM_DC_DN	-0.21698479245317426			
GO_TRANSCRIPTION_COREGULATOR_ACTIVITY	-0.21700725765492615			
REACTOME_ABORTIVE_ELONGATION_OF_HIV_1_TRANSCRIPT_IN_THE_ABSENCE_OF_TAT	-0.21707225979790568			
GO_GRANZYME_MEDIATED_APOPTOTIC_SIGNALING_PATHWAY	-0.2170804687911807			
WU_APOPTOSIS_BY_CDKN1A_VIA_TP53	-0.2170821443208352			
BILANGES_SERUM_SENSITIVE_VIA_TSC2	-0.21709963091304957			
GO_ENDOCARDIAL_CUSHION_MORPHOGENESIS	-0.21713410938998617			
GSE3982_CTRL_VS_LPS_1H_NEUTROPHIL_DN	-0.2171390634704513			
GO_MEMBRANE_DEPOLARIZATION_DURING_SA_NODE_CELL_ACTION_POTENTIAL	-0.21715703283045257			
GO_PROTEIN_SERINE_THREONINE_PHOSPHATASE_INHIBITOR_ACTIVITY	-0.2171667642149918			
KEGG_GLYCINE_SERINE_AND_THREONINE_METABOLISM	-0.21720728107067913			
GO_REGULATION_OF_MAINTENANCE_OF_SISTER_CHROMATID_COHESION	-0.217212934238371			
IPA_MYF5_DN	-0.21721619338364542			
KEGG_PYRIMIDINE_METABOLISM	-0.21721721443676956			
GSE34205_RSV_VS_FLU_INF_INFANT_PBMC_UP	-0.2172257394198255			
MIR3662	-0.21723500830353296			
GO_PHOTORECEPTOR_DISC_MEMBRANE	-0.21723782603137767			
MIR342_3P	-0.21724639840285767			
GO_CHEMOKINE_SECRETION	-0.21725944671751052			
ACEVEDO_METHYLATED_IN_LIVER_CANCER_DN	-0.2172938994675523			
GO_SYNTAXIN_BINDING	-0.21729798536489536			
POMEROY_MEDULLOBLASTOMA_PROGNOSIS_DN	-0.21730945750434932			
IPA_E2F2_DN	-0.2173244226744802			
ZF5_B	-0.21732711520738263			
MIR4314	-0.21734672390439558			
GO_POTASSIUM_ION_TRANSPORT	-0.21734921218868247			
IPA_POU4F1_DN	-0.21737742856264838			
CAAGGAT_MIR362	-0.2173967242166808			
chr16p13	-0.21739700344028534			
REACTOME_THE_FATTY_ACID_CYCLING_MODEL	-0.2174176150091071			
GSE29617_CTRL_VS_DAY3_TIV_FLU_VACCINE_PBMC_2008_DN	-0.21743710851708678			
GO_SNORNA_BINDING	-0.21744779135437273			
GO_CIRCADIAN_SLEEP_WAKE_CYCLE_REM_SLEEP	-0.21745180985442408			
ZHAN_MULTIPLE_MYELOMA_HP_DN	-0.21747367127308503			
GO_MITOCHONDRIAL_RNA_3_END_PROCESSING	-0.21749870728575985			
GO_METENCEPHALON_DEVELOPMENT	-0.21750151671532614			
GSE3203_WT_VS_IFNAR1_KO_INFLUENZA_INFECTED_LN_BCELL_UP	-0.21750564250989163			
GSE17721_PAM3CSK4_VS_GADIQUIMOD_6H_BMDC_DN	-0.2175162318087879			
GSE18893_TCONV_VS_TREG_24H_TNF_STIM_UP	-0.21752980632312383			
MIR1262	-0.21756054826127688			
GO_PHOTORECEPTOR_CONNECTING_CILIUM	-0.2176015073115144			
GO_REGULATION_OF_GLIAL_CELL_PROLIFERATION	-0.21760693743343457			
GO_MACROPHAGE_COLONY_STIMULATING_FACTOR_PRODUCTION	-0.21760897571763024			
REACTOME_DISPLACEMENT_OF_DNA_GLYCOSYLASE_BY_APEX1	-0.2176120251501225			
GO_ESTABLISHMENT_OF_PROTEIN_LOCALIZATION_TO_ENDOPLASMIC_RETICULUM	-0.21762093229029186			
GO_REGULATION_OF_SUPEROXIDE_DISMUTASE_ACTIVITY	-0.21762665088404998			
GO_REGULATION_OF_CYCLASE_ACTIVITY	-0.21763348395542098			
GO_POSITIVE_REGULATION_OF_CELL_CELL_ADHESION_MEDIATED_BY_INTEGRIN	-0.21763437693383814			
NIKOLSKY_BREAST_CANCER_8P12_P11_AMPLICON	-0.21764846293600623			
GO_PLATELET_DENSE_TUBULAR_NETWORK	-0.217650871701628			
GO_NEGATIVE_REGULATION_OF_CATECHOLAMINE_SECRETION	-0.2176909244648056			
GO_RETINAL_ROD_CELL_DEVELOPMENT	-0.21770724707442538			
IPA_SPI1_DN	-0.21771439881780721			
MIR380_5P	-0.2177625082863378			
GO_PRC1_COMPLEX	-0.21778151761540854			
GO_REGULATION_OF_SYNAPTIC_VESICLE_CYCLE	-0.21778194235236184			
GO_SIGNAL_PEPTIDASE_COMPLEX	-0.21778433018581841			
GO_POSITIVE_REGULATION_OF_PHAGOCYTOSIS	-0.21780604411923912			
GO_POSITIVE_REGULATION_OF_CHROMATIN_ORGANIZATION	-0.21780712252765555			
GO_MITOCHONDRIAL_PROTON_TRANSPORTING_ATP_SYNTHASE_COMPLEX_CATALYTIC_CORE_F_1	-0.2178152601154414			
WEBER_METHYLATED_HCP_IN_FIBROBLAST_UP	-0.21782063540564192			
MIR4635	-0.21783263051152546			
GSE32901_TH1_VS_TH17_NEG_CD4_TCELL_UP	-0.21785832267402808			
GSE11864_CSF1_VS_CSF1_PAM3CYS_IN_MAC_UP	-0.2178763993832027			
GO_PROTEIN_LIPOYLATION	-0.21788250455787705			
REACTOME_ABC_TRANSPORTERS_IN_LIPID_HOMEOSTASIS	-0.21788807231860702			
chr8p11	-0.21792836292860773			
GO_CIRCADIAN_SLEEP_WAKE_CYCLE_SLEEP	-0.21793802252120573			
MIR6072	-0.2179399367616743			
GSE43955_TGFB_IL6_VS_TGFB_IL6_IL23_TH17_ACT_CD4_TCELL_52H_UP	-0.217988369293995			
GO_MEMBRANE_PROTEIN_COMPLEX	-0.21801782748724927			
ALONSO_METASTASIS_EMT_DN	-0.21804904670334493			
BERNARD_PPAPDC1B_TARGETS_UP	-0.21805300903436994			
GO_REGULATION_OF_CATECHOLAMINE_METABOLIC_PROCESS	-0.21807407534486598			
MIR7112_3P	-0.2180842826554495			
GSE17721_CPG_VS_GARDIQUIMOD_1H_BMDC_DN	-0.21808475346848977			
GO_ONE_CARBON_METABOLIC_PROCESS	-0.21809226878741808			
GGAANCGGAANY_UNKNOWN	-0.21810598301210607			
GSE10239_KLRG1INT_VS_KLRG1HIGH_EFF_CD8_TCELL_DN	-0.21812041413136318			
GO_REGULATION_OF_RESPONSE_TO_FOOD	-0.21812915922900886			
GSE1448_CTRL_VS_ANTI_VBETA5_DP_THYMOCYTE_UP	-0.21814058717936557			
GSE13547_WT_VS_ZFX_KO_BCELL_UP	-0.2181484386629046			
GO_NURF_COMPLEX	-0.21817323845125536			
GO_PROTEIN_DEACETYLASE_ACTIVITY	-0.2182030964099305			
GO_FUCOSE_BINDING	-0.21822664689362994			
GO_HISTONE_ARGININE_N_METHYLTRANSFERASE_ACTIVITY	-0.21824064658902906			
MIR125B_2_3P	-0.21825604257073553			
GSE10239_KLRG1INT_VS_KLRG1HIGH_EFF_CD8_TCELL_UP	-0.2182724029520828			
REACTOME_FACTORS_INVOLVED_IN_MEGAKARYOCYTE_DEVELOPMENT_AND_PLATELET_PRODUCTION	-0.21835572663450378			
MIR539_3P	-0.21837659116092645			
MIR4252	-0.21838587681276359			
MIR5009_3P	-0.21838975020184256			
GO_NEGATIVE_REGULATION_OF_SYNAPTIC_TRANSMISSION	-0.2183970298990266			
IPA_PROX1_DN	-0.218428224312375			
MIR548AU_3P	-0.21843403902118946			
MIR325	-0.21845194317283187			
MIR4713_3P	-0.21845397367366992			
GSE21927_SPLENIC_VS_TUMOR_MONOCYTES_FROM_C26GM_TUMOROUS_MICE_BALBC_DN	-0.21845600259476292			
GO_RNA_POLYMERASE_II_GENERAL_TRANSCRIPTION_INITIATION_FACTOR_ACTIVITY	-0.218474075653093			
GSE14415_ACT_VS_CTRL_NATURAL_TREG_UP	-0.21847601823489937			
GSE32255_WT_VS_JMJD2D_KNOCKDOWN_4H_LPS_STIM_DC_DN	-0.21847929320073398			
MIR485_3P	-0.21849384245977			
GO_PROTON_TRANSPORTING_TWO_SECTOR_ATPASE_COMPLEX_ASSEMBLY	-0.21849399113533707			
GO_MITOCHONDRIAL_RIBOSOME_ASSEMBLY	-0.2185097456335691			
GSE27786_BCELL_VS_CD8_TCELL_UP	-0.21852502212753971			
BIOCARTA_CREM_PATHWAY	-0.21853116471643746			
GO_NEGATIVE_REGULATION_OF_CELL_CYCLE	-0.21855235080128282			
REACTOME_RIP_MEDIATED_NFKB_ACTIVATION_VIA_ZBP1	-0.2185524665129289			
AGGCACT_MIR5153P	-0.21856067499612622			
GO_REGULATION_OF_RECEPTOR_SIGNALING_PATHWAY_VIA_STAT	-0.21857528832613654			
IPA_TBX19_DN	-0.21859580218819097			
IPA_TBX19_UP	-0.21859580218819097			
GO_DENSE_CORE_GRANULE_EXOCYTOSIS	-0.21860981620774272			
GO_NEGATIVE_REGULATION_OF_ESTABLISHMENT_OF_PROTEIN_LOCALIZATION_TO_MITOCHONDRION	-0.21861681098137403			
GSE2770_IL12_AND_TGFB_VS_IL4_TREATED_ACT_CD4_TCELL_6H_UP	-0.21864173428024117			
GO_SERINE_THREONINE_PROTEIN_KINASE_COMPLEX	-0.21864306678128367			
MIR197_5P	-0.2186461872818646			
GSE15330_HSC_VS_LYMPHOID_PRIMED_MULTIPOTENT_PROGENITOR_IKAROS_KO_UP	-0.21866401831022414			
GO_SA_NODE_CELL_TO_ATRIAL_CARDIAC_MUSCLE_CELL_COMMUNICATION	-0.21866484772592742			
WANG_LSD1_TARGETS_DN	-0.21866796029887536			
GO_NEGATIVE_REGULATION_OF_LYMPHOCYTE_DIFFERENTIATION	-0.21868575970835238			
MIR6739_5P	-0.2186898955151542			
GO_POSITIVE_REGULATION_OF_GLUCONEOGENESIS	-0.21871207034792717			
MIR6856_5P	-0.2187196792976269			
SA_G1_AND_S_PHASES	-0.21872007761963644			
MIR6774_3P	-0.21872187073201846			
GSE43955_10H_VS_60H_ACT_CD4_TCELL_WITH_TGFB_IL6_UP	-0.21872356408256347			
NIKOLSKY_BREAST_CANCER_22Q13_AMPLICON	-0.21872612090986757			
GO_POSITIVE_REGULATION_OF_LAMELLIPODIUM_ASSEMBLY	-0.21873877703839828			
GSE46606_UNSTIM_VS_CD40L_IL2_IL5_DAY1_STIMULATED_BCELL_UP	-0.21873894262185198			
GO_RESPIRATORY_CHAIN_COMPLEX_IV_ASSEMBLY	-0.21874321874389657			
GSE17974_0H_VS_12H_IN_VITRO_ACT_CD4_TCELL_DN	-0.21875309650786276			
MIR2909	-0.21875760750632953			
IPA_GATA3_DN	-0.21877429600766451			
GO_REGULATION_OF_CELLULAR_AMINE_METABOLIC_PROCESS	-0.2187832744075745			
GO_CALMODULIN_DEPENDENT_PROTEIN_PHOSPHATASE_ACTIVITY	-0.21878836696473913			
GO_L_ARGININE_TRANSPORT	-0.2188037455635052			
MIR340_3P	-0.21881699896960433			
GO_PEPTIDOGLYCAN_METABOLIC_PROCESS	-0.21884282894651227			
MIR1271_3P	-0.21885700741668054			
GSE36476_CTRL_VS_TSST_ACT_40H_MEMORY_CD4_TCELL_YOUNG_DN	-0.21886389949662274			
REACTOME_FORMATION_OF_RNA_POL_II_ELONGATION_COMPLEX	-0.21886875751573612			
GO_SNRNA_MODIFICATION	-0.21887442107821994			
GSE42021_CD24INT_TREG_VS_CD24INT_TCONV_THYMUS_DN	-0.21890211677448793			
chr1p13	-0.21890809754825138			
GO_AMINOACYL_TRNA_EDITING_ACTIVITY	-0.2189117530338316			
GO_AMINOACYL_TRNA_METABOLISM_INVOLVED_IN_TRANSLATIONAL_FIDELITY	-0.2189117530338316			
REACTOME_TRANSCRIPTIONAL_REGULATION_BY_VENTX	-0.21891569459091606			
GSE18281_CORTEX_VS_MEDULLA_THYMUS_UP	-0.21891957471600684			
GO_BOX_C_D_SNORNP_ASSEMBLY	-0.21892947152211523			
IPA_PTTG1_DN	-0.21892959320473124			
IPA_EPAS1_DN	-0.21893838604837296			
GO_ACTIVATION_OF_MAPKKK_ACTIVITY	-0.2189497143393029			
GO_MICROTUBULE_NUCLEATION_BY_INTERPHASE_MICROTUBULE_ORGANIZING_CENTER	-0.2189686176731221			
BIOCARTA_IGF1_PATHWAY	-0.2190070905145154			
KRAS.600.LUNG.BREAST_UP.V1_DN	-0.21903249582702572			
ROSTY_CERVICAL_CANCER_PROLIFERATION_CLUSTER	-0.2190668258559869			
GO_KYNURENINE_METABOLIC_PROCESS	-0.219070577408651			
GACTGTT_MIR212_MIR132	-0.2190831111190477			
TAL1ALPHAE47_01	-0.2190836526413821			
GO_TRAPP_COMPLEX	-0.21910262716585246			
MIR5572	-0.21911074146124715			
IPA_HDAC6_DN	-0.21913448519218706			
MIR499A_3P	-0.21917348594054778			
MIR670_5P	-0.21917700922390376			
GO_RNA_POLYMERASE_II_CORE_PROMOTER_SEQUENCE_SPECIFIC_DNA_BINDING	-0.21921528167613358			
TONKS_TARGETS_OF_RUNX1_RUNX1T1_FUSION_SUSTAINED_IN_MONOCYTE_DN	-0.21922648017619226			
GSE46606_UNSTIM_VS_CD40L_IL2_IL5_DAY1_STIMULATED_BCELL_DN	-0.21925198706428062			
MMS_MOUSE_LYMPH_HIGH_4HRS_UP	-0.21930130246953855			
EBNA1BP2_TARGET_GENES	-0.21930617576481193			
REACTOME_G2_PHASE	-0.21936221589420501			
GSE41867_DAY15_EFFECTOR_VS_DAY30_MEMORY_CD8_TCELL_LCMV_ARMSTRONG_DN	-0.2193652387170262			
REACTOME_CYTOSOLIC_TRNA_AMINOACYLATION	-0.21936861651526904			
JNK_DN.V1_UP	-0.21938395001316657			
REACTOME_DEFECTS_IN_COBALAMIN_B12_METABOLISM	-0.21938701097828373			
GO_POSITIVE_REGULATION_OF_INTERLEUKIN_1_PRODUCTION	-0.2193963753738498			
GO_POSITIVE_REGULATION_OF_ESTABLISHMENT_OF_PROTEIN_LOCALIZATION_TO_TELOMERE	-0.21941519466562345			
IPA_SP8_UP	-0.21942715671709867			
GSE8835_CD4_VS_CD8_TCELL_UP	-0.21943269740873533			
GSE25088_WT_VS_STAT6_KO_MACROPHAGE_ROSIGLITAZONE_STIM_DN	-0.21945945153386814			
REACTOME_CREATINE_METABOLISM	-0.21950448464747266			
GSE43863_TH1_VS_LY6C_LOW_CXCR5NEG_EFFECTOR_CD4_TCELL_UP	-0.21951259778663434			
GO_NEGATIVE_REGULATION_OF_CYTOKINE_BIOSYNTHETIC_PROCESS	-0.219519373079995			
GO_REGULATION_OF_PLATELET_DERIVED_GROWTH_FACTOR_RECEPTOR_ALPHA_SIGNALING_PATHWAY	-0.2195390849037476			
MIR449B_3P	-0.2195401912013162			
GSE17974_0H_VS_72H_IN_VITRO_ACT_CD4_TCELL_DN	-0.21955611952195137			
HATADA_METHYLATED_IN_LUNG_CANCER_UP	-0.21955791051065274			
MIR194_3P	-0.21956351076499409			
MIR5582_3P	-0.21956976076677406			
GO_RESPONSE_TO_METHYLMERCURY	-0.219571059296092			
GO_DOUBLE_STRAND_BREAK_REPAIR_VIA_SYNTHESIS_DEPENDENT_STRAND_ANNEALING	-0.21959554035078846			
REACTOME_AMINO_ACID_TRANSPORT_ACROSS_THE_PLASMA_MEMBRANE	-0.21960064984730834			
GO_NEGATIVE_REGULATION_OF_TOLL_LIKE_RECEPTOR_4_SIGNALING_PATHWAY	-0.21961903861475637			
MIR2052	-0.21963110063630278			
GO_MACROPHAGE_APOPTOTIC_PROCESS	-0.21963198212468213			
GO_PRESYNAPTIC_MEMBRANE_ORGANIZATION	-0.21964686442392928			
GO_PERICILIARY_MEMBRANE_COMPARTMENT	-0.21966334177360405			
GO_HISTONE_H4_K20_TRIMETHYLATION	-0.21967125615933156			
GO_OLFACTORY_BULB_INTERNEURON_DEVELOPMENT	-0.21969823320932969			
GSE29618_PRE_VS_DAY7_POST_TIV_FLU_VACCINE_MONOCYTE_UP	-0.2197101238920684			
GO_U2_SNRNA_BINDING	-0.2197140534456451			
GSE8921_UNSTIM_0H_VS_TLR1_2_STIM_MONOCYTE_12H_UP	-0.21972715790582517			
GO_GANGLIOSIDE_BIOSYNTHETIC_PROCESS	-0.2197290611205156			
GO_RETINAL_BIPOLAR_NEURON_DIFFERENTIATION	-0.21974737534951175			
GO_GLYCINE_N_ACYLTRANSFERASE_ACTIVITY	-0.21976415447954725			
GO_INTERLEUKIN_23_MEDIATED_SIGNALING_PATHWAY	-0.2197737832378378			
GO_SPINAL_CORD_ASSOCIATION_NEURON_DIFFERENTIATION	-0.21977631676171674			
GO_TYPE_5_METABOTROPIC_GLUTAMATE_RECEPTOR_BINDING	-0.21977908865505788			
GO_POTASSIUM_ION_LEAK_CHANNEL_ACTIVITY	-0.21978107764404364			
GO_PROTEIN_ANTIGEN_BINDING	-0.21978453209973614			
GO_RESPONSE_TO_DOPAMINE	-0.2197910678068332			
REACTOME_NITRIC_OXIDE_STIMULATES_GUANYLATE_CYCLASE	-0.21980269090591917			
GO_SECRETORY_GRANULE_LOCALIZATION	-0.2198076944569134			
GSE24634_NAIVE_CD4_TCELL_VS_DAY5_IL4_CONV_TREG_DN	-0.21983134784747915			
MIR4310	-0.21986024099268361			
GO_RIBOSOME	-0.2198653150459775			
GO_GLYCEROL_ETHER_BIOSYNTHETIC_PROCESS	-0.21987029192406823			
DARWICHE_SQUAMOUS_CELL_CARCINOMA_DN	-0.2198736893092826			
REACTOME_SYNTHESIS_OF_WYBUTOSINE_AT_G37_OF_TRNA_PHE	-0.2198775682220931			
GO_REGULATION_OF_PROTON_TRANSPORT	-0.21987859211551788			
MIR4277	-0.21988040617025037			
GO_NEGATIVE_REGULATION_OF_CENTROSOME_CYCLE	-0.21988958445288273			
GO_NEGATIVE_REGULATION_OF_NEUROTRANSMITTER_SECRETION	-0.21989070258307647			
GO_MITOCHONDRIAL_FRAGMENTATION_INVOLVED_IN_APOPTOTIC_PROCESS	-0.21990024733376154			
KEGG_UBIQUITIN_MEDIATED_PROTEOLYSIS	-0.21991161911647142			
GO_SEROTONIN_TRANSPORT	-0.21993062240007563			
GO_SEMICIRCULAR_CANAL_DEVELOPMENT	-0.2199369176877283			
GO_POSTTRANSCRIPTIONAL_REGULATION_OF_GENE_EXPRESSION	-0.2199437931267808			
GSE43955_10H_VS_60H_ACT_CD4_TCELL_UP	-0.21994708288275178			
IPA_NFYB_UP	-0.21995542445708005			
IPA_CDK7_UP	-0.2199576262852388			
GO_NEURON_FATE_COMMITMENT	-0.21995819568984867			
GO_NEUROPEPTIDE_SIGNALING_PATHWAY	-0.21996165040150895			
GSE17721_CTRL_VS_POLYIC_6H_BMDC_UP	-0.2199677572032317			
GO_5_3_EXODEOXYRIBONUCLEASE_ACTIVITY	-0.21999313928021044			
ODONNELL_METASTASIS_DN	-0.2200000295981666			
MIR4668_3P	-0.22001214751540984			
GO_CELLULAR_LIPID_BIOSYNTHETIC_PROCESS	-0.22002357118494967			
REACTOME_APC_C_MEDIATED_DEGRADATION_OF_CELL_CYCLE_PROTEINS	-0.22003689660258727			
MIR499B_5P	-0.22005267481826613			
GO_NEGATIVE_REGULATION_OF_CAMP_MEDIATED_SIGNALING	-0.220063026017044			
REACTOME_TRISTETRAPROLIN_TTP_ZFP36_BINDS_AND_DESTABILIZES_MRNA	-0.2200668924446281			
MIR548N	-0.2200842201753829			
BIOCARTA_SALMONELLA_PATHWAY	-0.22009148093564965			
GSE17721_12H_VS_24H_POLYIC_BMDC_DN	-0.2201004835502887			
NAGY_STAGA_COMPONENTS_HUMAN	-0.22010584660571825			
GRAHAM_CML_DIVIDING_VS_NORMAL_QUIESCENT_UP	-0.22012376082184745			
GSE6092_IFNG_VS_IFNG_AND_B_BURGDORFERI_INF_ENDOTHELIAL_CELL_UP	-0.2201390873454194			
GO_REGULATION_OF_CHRONIC_INFLAMMATORY_RESPONSE	-0.22015277974725614			
GO_MELANOCYTE_DIFFERENTIATION	-0.2201550162970546			
GO_PROTON_TRANSMEMBRANE_TRANSPORT	-0.2201661272678502			
GSE9650_NAIVE_VS_EFF_CD8_TCELL_UP	-0.22017742479227337			
GSE10240_CTRL_VS_IL22_STIM_PRIMARY_BRONCHIAL_EPITHELIAL_CELLS_DN	-0.22018417260142473			
REACTOME_THE_NLRP3_INFLAMMASOME	-0.22018723013962943			
MIR330_5P	-0.22021194231674432			
IPA_ZFPM1_DN	-0.2202278314689498			
MIR146B_5P	-0.2202321266071963			
GO_MITOCHONDRIAL_RNA_PROCESSING	-0.220271543678267			
GO_STAT_FAMILY_PROTEIN_BINDING	-0.22029195739798757			
GO_MULTI_ORGANISM_MEMBRANE_ORGANIZATION	-0.22030607618348622			
MIR3189_3P	-0.22031870381502058			
AAAGACA_MIR511	-0.22032893195968634			
MIR6891_5P	-0.22033692313185071			
MIR5739	-0.2203566180404408			
GO_KAINATE_SELECTIVE_GLUTAMATE_RECEPTOR_COMPLEX	-0.22035758991719254			
GO_KAINATE_SELECTIVE_GLUTAMATE_RECEPTOR_ACTIVITY	-0.22035758991719254			
MIR18A_3P	-0.220388918035909			
GSE3720_VD1_VS_VD2_GAMMADELTA_TCELL_DN	-0.22040521097591445			
GO_AGGRESSIVE_BEHAVIOR	-0.22041813289774279			
MIR7160_3P	-0.2204437334768743			
IPA_VAV1_UP	-0.22047172854129823			
MIR6788_3P	-0.2204777206206911			
IPA_FOXJ1_UP	-0.2204987162091935			
REACTOME_SIGNALING_BY_CYTOSOLIC_FGFR1_FUSION_MUTANTS	-0.22050232053529795			
TET1_TARGET_GENES	-0.22051033606453416			
REACTOME_CARDIAC_CONDUCTION	-0.22051817244724925			
GO_ACTIVATION_OF_ADENYLATE_CYCLASE_ACTIVITY	-0.22053390903088302			
GO_BETA_CATENIN_TCF_COMPLEX_ASSEMBLY	-0.22058584051355068			
GO_NEGATIVE_REGULATION_OF_GONAD_DEVELOPMENT	-0.220589869221092			
YBX3_TARGET_GENES	-0.22059406506125265			
MIR4500	-0.22059493923942833			
GO_PHOSPHATASE_INHIBITOR_ACTIVITY	-0.22059916581125713			
MIR6746_5P	-0.2206133657678724			
BIOCARTA_TRKA_PATHWAY	-0.22062462381537565			
GSE33424_CD161_HIGH_VS_NEG_CD8_TCELL_DN	-0.2206293197298526			
GSE42724_B1_BCELL_VS_PLASMABLAST_UP	-0.22063154366563453			
GO_PEROXIREDOXIN_ACTIVITY	-0.2206574800944271			
MIR3680_5P	-0.22066167644807627			
GO_RNA_SPLICING_VIA_ENDONUCLEOLYTIC_CLEAVAGE_AND_LIGATION	-0.22066451104362902			
GO_FOLATE_TRANSMEMBRANE_TRANSPORT	-0.22067275507835457			
GO_CHITIN_BINDING	-0.22067791219895455			
GO_GLYCINERGIC_SYNAPSE	-0.22069005894170268			
REACTOME_CA2_PATHWAY	-0.22069267217273816			
GO_RRNA_METABOLIC_PROCESS	-0.22070424079469256			
GSE24574_BCL6_HIGH_TFH_VS_TFH_CD4_TCELL_DN	-0.22070778498956084			
MIR8064	-0.22072745516432155			
MIR190B_3P	-0.22074013719973581			
GO_REGULATION_OF_AMPA_RECEPTOR_ACTIVITY	-0.2207532752831938			
GO_SYNAPTIC_SIGNALING	-0.22077569742656794			
GO_MITOCHONDRIAL_RESPIRATORY_CHAIN_COMPLEX_IV_ASSEMBLY	-0.22079317341196167			
GO_MITOCHONDRIAL_RNA_MODIFICATION	-0.22081260757137203			
GSE46606_IRF4HIGH_VS_WT_CD40L_IL2_IL5_DAY1_STIMULATED_BCELL_UP	-0.22082293068330539			
GO_TRNA_ADENINE_METHYLTRANSFERASE_ACTIVITY	-0.2208349209492069			
GSE40274_XBP1_VS_FOXP3_AND_XBP1_TRANSDUCED_ACTIVATED_CD4_TCELL_DN	-0.22085941181443985			
MIR596	-0.22086132589386676			
GO_SPHINGOMYELIN_PHOSPHODIESTERASE_ACTIVITY	-0.22088950102280533			
GO_SMALL_NUCLEOLAR_RIBONUCLEOPROTEIN_COMPLEX_ASSEMBLY	-0.22089491775303308			
chr2p25	-0.22091259654327647			
GO_PYRIMIDINE_NUCLEOSIDE_METABOLIC_PROCESS	-0.22093726694703011			
OCT1_07	-0.22095129819295717			
MIR4746_5P	-0.22095812927579667			
GO_PHOTORECEPTOR_INNER_SEGMENT	-0.22096218013836402			
GO_NEURAL_PLATE_ANTERIOR_POSTERIOR_REGIONALIZATION	-0.2209649059707635			
HALLMARK_KRAS_SIGNALING_DN	-0.22098752711951525			
MIR12125	-0.22099373821327717			
MIR1915_3P	-0.22099917433996918			
GO_VITAMIN_D3_METABOLIC_PROCESS	-0.22100313234995056			
GO_DETECTION_OF_STIMULUS_INVOLVED_IN_SENSORY_PERCEPTION_OF_PAIN	-0.22100816779993096			
MIR8089	-0.22102352099429273			
CAFFAREL_RESPONSE_TO_THC_8HR_5_DN	-0.22106286622205784			
REACTOME_ADORA2B_MEDIATED_ANTI_INFLAMMATORY_CYTOKINES_PRODUCTION	-0.22109075424688168			
MIR4757_5P	-0.2210988404625655			
GO_KETONE_BODY_METABOLIC_PROCESS	-0.22110774406635186			
IPA_DEAF1_UP	-0.22113212247185463			
MIR499B_3P	-0.22114615944776145			
GO_ANTEROGRADE_DENDRITIC_TRANSPORT	-0.22115062922871537			
GSE3982_NKCELL_VS_TH2_DN	-0.22116329052129596			
GO_POSITIVE_REGULATION_OF_AMINO_ACID_TRANSPORT	-0.2211681422526694			
GO_BEHAVIORAL_RESPONSE_TO_NICOTINE	-0.22118343244815702			
GO_POSITIVE_REGULATION_OF_DENDRITIC_SPINE_MORPHOGENESIS	-0.22119599206372215			
GO_REGULATION_OF_TRANSCRIPTION_BY_GLUCOSE	-0.22121680268298818			
GO_TRANSFERASE_ACTIVITY_TRANSFERRING_ACYL_GROUPS_ACYL_GROUPS_CONVERTED_INTO_ALKYL_ON_TRANSFER	-0.22123469891124528			
GO_ESTABLISHMENT_OF_PROTEIN_LOCALIZATION_TO_CHROMOSOME	-0.22127999293298628			
GO_POSITIVE_REGULATION_OF_VIRAL_GENOME_REPLICATION	-0.22128546034398228			
MIR511_3P	-0.22130395707160622			
GO_METAL_ION_PROTON_ANTIPORTER_ACTIVITY	-0.2213216988687062			
GO_GABA_RECEPTOR_ACTIVITY	-0.22132201784921188			
MIR583	-0.22132349143235616			
GO_PROXIMAL_DENDRITE	-0.22132812162814447			
GO_ATP_SYNTHESIS_COUPLED_PROTON_TRANSPORT	-0.22132981760842826			
GO_GOLGI_CIS_CISTERNA	-0.221336790184073			
BRACHAT_RESPONSE_TO_CISPLATIN	-0.22133915135890345			
GSE20198_UNTREATED_VS_IFNA_TREATED_ACT_CD4_TCELL_DN	-0.22134284065645313			
GSE13411_NAIVE_VS_SWITCHED_MEMORY_BCELL_DN	-0.22134538354280797			
GO_NEGATIVE_REGULATION_OF_MICROTUBULE_POLYMERIZATION_OR_DEPOLYMERIZATION	-0.22137663659882917			
GSE14415_TCONV_VS_FOXP3_KO_INDUCED_TREG_DN	-0.22138378998517963			
MIR6748_5P	-0.22139812193880173			
GO_DNA_DAMAGE_RESPONSE_DETECTION_OF_DNA_DAMAGE	-0.22140259772354087			
chr2q11	-0.22140265695005443			
GO_L_KYNURENINE_METABOLIC_PROCESS	-0.22140960825844636			
MIR6817_5P	-0.2214169690040315			
MIR10394_5P	-0.22141871062992208			
GO_CEREBRAL_CORTEX_NEURON_DIFFERENTIATION	-0.22143801872197602			
FRASOR_RESPONSE_TO_SERM_OR_FULVESTRANT_UP	-0.2214985853977797			
REACTOME_VITAMIN_B1_THIAMIN_METABOLISM	-0.22150973860419226			
ATTACAT_MIR3803P	-0.2215291712205832			
GO_CATECHOLAMINE_SECRETION	-0.22153938675819676			
GO_MICOS_COMPLEX	-0.2215406128519171			
MIR6845_3P	-0.221542966685034			
GSE14415_INDUCED_TREG_VS_TCONV_DN	-0.2215574674679958			
GO_PEPTIDE_HORMONE_RECEPTOR_BINDING	-0.22157616895516904			
GSE19941_IL10_KO_VS_IL10_KO_AND_NFKBP50_KO_LPS_AND_IL10_STIM_MACROPHAGE_DN	-0.2216094015464555			
WU_APOPTOSIS_BY_CDKN1A_NOT_VIA_TP53	-0.2216136679030278			
GO_EOSINOPHIL_ACTIVATION	-0.22161988419374634			
GSE43955_1H_VS_10H_ACT_CD4_TCELL_WITH_TGFB_IL6_UP	-0.22163119056734937			
GO_POSITIVE_REGULATION_OF_CELL_CYCLE_PHASE_TRANSITION	-0.22163767561180794			
KEGG_ALPHA_LINOLENIC_ACID_METABOLISM	-0.22164561252493895			
IKEDA_MIR133_TARGETS_DN	-0.2216558282915508			
GO_IMMUNE_RESPONSE_INHIBITING_SIGNAL_TRANSDUCTION	-0.22165973638401773			
GO_PROMOTER_SPECIFIC_CHROMATIN_BINDING	-0.22166093018487945			
GO_CARBON_NITROGEN_LIGASE_ACTIVITY_WITH_GLUTAMINE_AS_AMIDO_N_DONOR	-0.22167686110068388			
MIR562	-0.2216841250831369			
GO_CYSTEINE_TYPE_ENDOPEPTIDASE_ACTIVITY_INVOLVED_IN_APOPTOTIC_PROCESS	-0.22168604507591516			
AC118549_1_TARGET_GENES	-0.2216870132216587			
GO_MIRNA_LOADING_ONTO_RISC_INVOLVED_IN_GENE_SILENCING_BY_MIRNA	-0.2217152650260882			
MIR4474_5P	-0.22172773799347328			
CATGTAA_MIR496	-0.22174673221998384			
FLORIO_HUMAN_NEOCORTEX	-0.22177126551522897			
GSE3982_NEUTROPHIL_VS_NKCELL_DN	-0.2218045162455202			
IPA_CRX_DN	-0.22183460829630924			
GO_REGULATION_OF_DENDRITIC_CELL_CHEMOTAXIS	-0.2218358931404839			
GO_IRES_DEPENDENT_VIRAL_TRANSLATIONAL_INITIATION	-0.22187492537397108			
MIR346	-0.2218866238459481			
MIR6798_3P	-0.2218995130205159			
GO_EMBRYONIC_CLEAVAGE	-0.22190419323283758			
GO_GRANULAR_COMPONENT	-0.22191611646763448			
GO_NEUROTRANSMITTER_SECRETION	-0.22191657444936488			
GO_NEGATIVE_REGULATION_OF_STRIATED_MUSCLE_CONTRACTION	-0.2219394771316963			
GO_LEUCINE_METABOLIC_PROCESS	-0.22194040637122434			
MIR6758_5P	-0.22194357030050912			
GO_NEGATIVE_REGULATION_OF_TRANSMISSION_OF_NERVE_IMPULSE	-0.22194525988739813			
GO_OXIDOREDUCTASE_ACTIVITY_ACTING_ON_PAIRED_DONORS_WITH_INCORPORATION_OR_REDUCTION_OF_MOLECULAR_OXYGEN_REDUCED_ASCORBATE_AS_ONE_DONOR_AND_INCORPORATION_OF_ONE_ATOM_OF_OXYGEN	-0.22195137567592874			
IPA_NR1H3_DN	-0.22197315712966295			
GO_SULFUR_AMINO_ACID_BIOSYNTHETIC_PROCESS	-0.22199256893344002			
HALLMARK_PANCREAS_BETA_CELLS	-0.2219941499747656			
GSE17721_CTRL_VS_GARDIQUIMOD_6H_BMDC_UP	-0.2219989552177858			
REACTOME_SIGNALING_BY_FGFR2_IN_DISEASE	-0.22200402471779382			
GO_G_QUADRUPLEX_DNA_UNWINDING	-0.22201089371575408			
MIR519A_2_5P_MIR520B_5P	-0.2220318122013406			
NME2_TARGET_GENES	-0.22203951623925017			
GO_NEUROENDOCRINE_CELL_DIFFERENTIATION	-0.22206762775345049			
GO_REGULATION_OF_CILIUM_ASSEMBLY	-0.22207308896735664			
ZNF395_TARGET_GENES	-0.2220856429437856			
GSE18893_TCONV_VS_TREG_2H_TNF_STIM_DN	-0.22209088528944415			
MIR6810_5P	-0.22213829176962738			
PID_NFKAPPAB_ATYPICAL_PATHWAY	-0.22215352317356843			
GO_REPRESSING_TRANSCRIPTION_FACTOR_BINDING	-0.22215530897836278			
REACTOME_REGULATION_OF_GENE_EXPRESSION_IN_ENDOCRINE_COMMITTED_NEUROG3_PROGENITOR_CELLS	-0.22217518995463628			
GO_CEREBELLAR_MOSSY_FIBER	-0.2221803522511034			
REACTOME_INTEGRATION_OF_PROVIRUS	-0.22219082010048297			
GSE23321_CD8_STEM_CELL_MEMORY_VS_NAIVE_CD8_TCELL_UP	-0.22220900784421607			
GSE41867_NAIVE_VS_DAY8_LCMV_ARMSTRONG_EFFECTOR_CD8_TCELL_DN	-0.22222470640673705			
KAECH_NAIVE_VS_DAY15_EFF_CD8_TCELL_UP	-0.222230576872241			
REACTOME_RECRUITMENT_OF_MITOTIC_CENTROSOME_PROTEINS_AND_COMPLEXES	-0.22223299375540845			
MIKKELSEN_MEF_HCP_WITH_H3K27ME3	-0.22223306429110481			
HOEGERKORP_CD44_TARGETS_TEMPORAL_DN	-0.2222380762994996			
HOFMANN_MYELODYSPLASTIC_SYNDROM_HIGH_RISK_DN	-0.22225602489643842			
GO_REGULATION_OF_T_CELL_CHEMOTAXIS	-0.22225887548398435			
PID_THROMBIN_PAR1_PATHWAY	-0.2222602611040217			
REACTOME_MHC_CLASS_II_ANTIGEN_PRESENTATION	-0.22226459500717474			
GO_NEGATIVE_REGULATION_OF_JUN_KINASE_ACTIVITY	-0.22229519823909635			
GO_CIRCADIAN_SLEEP_WAKE_CYCLE	-0.22230199168728634			
GO_NEGATIVE_REGULATION_OF_GLYCOGEN_METABOLIC_PROCESS	-0.2223237222062715			
GO_MEIOTIC_DNA_DOUBLE_STRAND_BREAK_FORMATION	-0.22232489881958117			
BIOCARTA_PDZS_PATHWAY	-0.22233899519342365			
GSE9037_WT_VS_IRAK4_KO_BMDM_DN	-0.2223532687456977			
BIOCARTA_TERT_PATHWAY	-0.2223615136162643			
GO_FOUR_WAY_JUNCTION_HELICASE_ACTIVITY	-0.22237976763783493			
GO_SPINAL_CORD_PATTERNING	-0.22239575276312828			
chr18q12	-0.2224072796591878			
GO_RIBOSOME_ASSEMBLY	-0.22241016589164966			
NR1D1_TARGET_GENES	-0.22246245055414277			
GO_NEGATIVE_REGULATION_OF_T_HELPER_1_TYPE_IMMUNE_RESPONSE	-0.22246836021943278			
chr3q13	-0.22247425391450634			
GO_NEGATIVE_REGULATION_OF_CELL_CYCLE_PHASE_TRANSITION	-0.22248950494073474			
CAGNYGKNAAA_UNKNOWN	-0.2224905906012957			
MIR6763_5P	-0.22250014518831976			
REACTOME_TRNA_PROCESSING_IN_THE_MITOCHONDRION	-0.22253780422591035			
GSE5099_UNSTIM_VS_MCSF_TREATED_MONOCYTE_DAY3_UP	-0.2225430039555302			
WEBER_METHYLATED_LCP_IN_FIBROBLAST_UP	-0.2225584680887494			
NIKOLSKY_BREAST_CANCER_12Q24_AMPLICON	-0.22255881192411298			
GO_NADPH_HEMOPROTEIN_REDUCTASE_ACTIVITY	-0.2225610706507631			
GO_ER_MEMBRANE_INSERTION_COMPLEX	-0.2225982922544487			
MIR4699_5P	-0.222605966274711			
GSE5589_LPS_VS_LPS_AND_IL6_STIM_IL10_KO_MACROPHAGE_45MIN_UP	-0.2226082262314755			
GO_LATE_ENDOSOME_TO_LYSOSOME_TRANSPORT	-0.22261976006581344			
HALLMARK_PI3K_AKT_MTOR_SIGNALING	-0.222622127635721			
REACTOME_TRANSPORT_OF_NUCLEOSIDES_AND_FREE_PURINE_AND_PYRIMIDINE_BASES_ACROSS_THE_PLASMA_MEMBRANE	-0.22262298431418032			
MIR1226_5P	-0.22264208083707965			
MIR567	-0.2226527705595787			
GSE26343_WT_VS_NFAT5_KO_MACROPHAGE_UP	-0.22266331198926406			
MIR5580_3P	-0.2227253655748768			
IPA_NKX3-1_UP	-0.2227395465265451			
MIR3169	-0.22273994246587442			
IPA_SKP2_UP	-0.2227404273889816			
PID_HNF3B_PATHWAY	-0.2227460005672071			
BIOCARTA_EPHA4_PATHWAY	-0.2227514760678323			
CROONQUIST_NRAS_SIGNALING_DN	-0.22275271342540937			
GO_RESPONSE_TO_STAUROSPORINE	-0.22275620263351528			
GO_SPINAL_CORD_DEVELOPMENT	-0.22276251192810995			
IPA_NKX6-1_DN	-0.22278148854101076			
GO_GMP_METABOLIC_PROCESS	-0.22280635652339376			
GSE2770_IL12_VS_TGFB_AND_IL12_TREATED_ACT_CD4_TCELL_2H_UP	-0.22281269964217087			
GSE5589_WT_VS_IL10_KO_LPS_STIM_MACROPHAGE_45MIN_UP	-0.2228149439073446			
XU_HGF_TARGETS_INDUCED_BY_AKT1_48HR_DN	-0.22282693053062252			
GO_DOPAMINE_RECEPTOR_BINDING	-0.22284832426137355			
chr11q25	-0.22284969871515659			
RUTELLA_RESPONSE_TO_HGF_VS_CSF2RB_AND_IL4_DN	-0.22285155710178992			
GO_URIDYLYLTRANSFERASE_ACTIVITY	-0.22285356203980022			
CACCAGC_MIR138	-0.22289093632430765			
REACTOME_TRAFFICKING_OF_GLUR2_CONTAINING_AMPA_RECEPTORS	-0.22295149607090256			
MIR1296_5P	-0.22295602560115496			
GO_RNA_DEPENDENT_DNA_BIOSYNTHETIC_PROCESS	-0.22296782247949457			
MIR922	-0.22297149675734565			
GSE37301_LYMPHOID_PRIMED_MPP_VS_GRAN_MONO_PROGENITOR_UP	-0.2229748202280926			
GSE7460_FOXP3_MUT_VS_HET_ACT_TCONV_DN	-0.2229979417853568			
REACTOME_HIV_ELONGATION_ARREST_AND_RECOVERY	-0.2230117293907303			
GO_SPLEEN_DEVELOPMENT	-0.22302260794619685			
GO_POSITIVE_REGULATION_OF_DIGESTIVE_SYSTEM_PROCESS	-0.22304099521608414			
GO_PERIPHERAL_NERVOUS_SYSTEM_NEURON_DIFFERENTIATION	-0.223059151757239			
IPA_OXSR1_UP	-0.2231098388139555			
IPA_WNK1_UP	-0.2231098388139555			
GSE39110_DAY3_VS_DAY6_POST_IMMUNIZATION_CD8_TCELL_WITH_IL2_TREATMENT_UP	-0.2231467893519721			
MIR4438	-0.2231711759070811			
REACTOME_FORMATION_OF_ATP_BY_CHEMIOSMOTIC_COUPLING	-0.22318153199646235			
TCTGATC_MIR383	-0.22318267308342718			
REACTOME_DEUBIQUITINATION	-0.2231854423244009			
TOMLINS_METASTASIS_UP	-0.2231948569636292			
GSE15330_MEGAKARYOCYTE_ERYTHROID_PROGENITOR_VS_PRO_BCELL_DN	-0.22322913481909604			
GO_G_PROTEIN_COUPLED_ACETYLCHOLINE_RECEPTOR_SIGNALING_PATHWAY	-0.22323039048278837			
BIOCARTA_INFLAM_PATHWAY	-0.2232345148623017			
MIR320A_5P	-0.22325913159860455			
MIR4781_5P	-0.2232677928197178			
GO_NEGATIVE_REGULATION_OF_RIG_I_SIGNALING_PATHWAY	-0.22327151826628083			
ZNF532_TARGET_GENES	-0.2232904499184019			
GENTLES_LEUKEMIC_STEM_CELL_DN	-0.22329948340357872			
ALPHACP1_01	-0.22331000346994095			
GO_POSITIVE_REGULATION_OF_TRANSLATIONAL_INITIATION	-0.22331054166909106			
GO_MUSCLE_HYPERPLASIA	-0.22332143212022618			
MIR4667_5P	-0.22332261877016923			
BIOCARTA_AKAPCENTROSOME_PATHWAY	-0.22332414664072167			
GO_POSITIVE_REGULATION_OF_CHROMOSOME_SEGREGATION	-0.22334174277283755			
CDC73_TARGET_GENES	-0.22334224414321602			
GO_UBIQUITIN_LIKE_MODIFIER_ACTIVATING_ENZYME_ACTIVITY	-0.22335032533706597			
MARKS_ACETYLATED_NON_HISTONE_PROTEINS	-0.22336467882303174			
GSE10500_ARTHRITIC_SYNOVIAL_FLUID_VS_HEALTHY_MACROPHAGE_UP	-0.22337423091367678			
GO_GABA_RECEPTOR_COMPLEX	-0.22337539424263508			
GO_INTRACELLULAR_DISTRIBUTION_OF_MITOCHONDRIA	-0.22339878690558812			
GSE27786_LIN_NEG_VS_NKCELL_UP	-0.22340190888142927			
GSE7460_TREG_VS_TCONV_ACT_DN	-0.22340272165165662			
IPA_SOX5_UP	-0.22346832958988963			
GO_NUCLEOTIDE_TRANSPORT	-0.22346963123579147			
MIR299_3P	-0.2234720015513648			
GO_NEGATIVE_REGULATION_OF_TOLL_LIKE_RECEPTOR_2_SIGNALING_PATHWAY	-0.2234748317655099			
IPA_HOXA10_DN	-0.22351819922858115			
GO_NUCLEOSIDE_TRIPHOSPHATASE_REGULATOR_ACTIVITY	-0.22352563984971402			
GRAHAM_CML_QUIESCENT_VS_CML_DIVIDING_DN	-0.22354293201666592			
GACAGGG_MIR339	-0.22355743514740617			
GSE1448_ANTI_VALPHA2_VS_VBETA5_DP_THYMOCYTE_DN	-0.22355996964517916			
HAND1E47_01	-0.223563757399202			
MIR5787	-0.22356524257745683			
GO_POLYSOMAL_RIBOSOME	-0.22358710922435535			
GO_POSITIVE_REGULATION_OF_MITOCHONDRIAL_DEPOLARIZATION	-0.22359062670090815			
GO_DEOXYRIBONUCLEOSIDE_METABOLIC_PROCESS	-0.22359585780931807			
SP1_Q4_01	-0.22360449878647537			
MIR769_5P	-0.22361633739702888			
GO_REGULATION_OF_NUCLEASE_ACTIVITY	-0.22362768635215455			
GSE13887_RESTING_VS_NO_TREATED_CD4_TCELL_UP	-0.22365251828033733			
GSE24574_BCL6_HIGH_TFH_VS_NAIVE_CD4_TCELL_UP	-0.2236572838272943			
GO_MAINTENANCE_OF_CELL_POLARITY	-0.2236751772303529			
GO_NUCLEOBASE_TRANSMEMBRANE_TRANSPORTER_ACTIVITY	-0.22367970832824988			
HSF_Q6	-0.22372179488978666			
GO_UBIQUITINATION_LIKE_MODIFICATION_DEPENDENT_PROTEIN_BINDING	-0.2237432202451625			
GO_NEGATIVE_REGULATION_OF_PROTEIN_SUMOYLATION	-0.22375152619221628			
GO_CYTOPLASMIC_TRANSLATION	-0.22376846465831596			
GSE32423_CTRL_VS_IL4_MEMORY_CD8_TCELL_DN	-0.22376885964281226			
GO_HEMATOPOIETIC_STEM_CELL_MIGRATION	-0.22378106457918698			
MIR3152_5P	-0.22380870272185963			
MIR4505	-0.2238233391010029			
GSE21360_PRIMARY_VS_QUATERNARY_MEMORY_CD8_TCELL_DN	-0.22383488762516754			
MIR4439	-0.22386497998458837			
MIR524_3P_MIR525_3P	-0.22387180530482914			
GSE4590_LARGE_PRE_BCELL_VS_VPREB_POS_LARGE_PRE_BCELL_DN	-0.2238815036090104			
FIRESTEIN_CTNNB1_PATHWAY	-0.22388421710509424			
GO_RESPONSE_TO_WATER_DEPRIVATION	-0.22390388634815506			
IPA_ELK1_DN	-0.22392308428708663			
GSE7831_CPG_VS_INFLUENZA_STIM_PDC_4H_DN	-0.22392422907317577			
MIR4643	-0.22396183094752092			
GSE42021_CD24INT_VS_CD24LOW_TREG_THYMUS_UP	-0.22398634878691243			
GSE3982_NEUTROPHIL_VS_TH1_DN	-0.2239913222075266			
MIR328_3P	-0.22401090043424232			
GO_RESPONSE_TO_UV	-0.22402607061437327			
GSE3982_BASOPHIL_VS_TH1_UP	-0.22402747178639565			
GO_CELLULAR_RESPONSE_TO_HISTAMINE	-0.22402983320435377			
GO_SIALYLTRANSFERASE_ACTIVITY	-0.2240315117501375			
GO_SIALYLATION	-0.2240315117501375			
GSE39110_DAY3_VS_DAY6_POST_IMMUNIZATION_CD8_TCELL_DN	-0.2240331023073036			
PID_THROMBIN_PAR4_PATHWAY	-0.22404005269175964			
GSE32901_TH1_VS_TH17_NEG_CD4_TCELL_DN	-0.2240614171525094			
IRF_Q6	-0.22406445988565432			
GO_90S_PRERIBOSOME	-0.22407292867024356			
REACTOME_SMALL_INTERFERING_RNA_SIRNA_BIOGENESIS	-0.2240939488552415			
GSE13547_2H_VS_12_H_ANTI_IGM_STIM_BCELL_DN	-0.22413314376430493			
GO_RESPONSE_TO_SORBITOL	-0.22415055406092782			
GO_ESTABLISHMENT_OF_PROTEIN_LOCALIZATION_TO_TELOMERE	-0.22415278461299937			
GO_OLFACTORY_BULB_INTERNEURON_DIFFERENTIATION	-0.2241651213924648			
PID_LPA4_PATHWAY	-0.22418520743608128			
REACTOME_PECAM1_INTERACTIONS	-0.22419046992808445			
MIR4258	-0.22419310494149114			
GO_DNA_DEMETHYLASE_ACTIVITY	-0.22419526161372844			
GSE13522_WT_VS_IFNG_KO_SKIN_DN	-0.22421888509904056			
IPA_ISL1_DN	-0.22422157309091828			
GO_REGULATION_OF_CELLULAR_RESPONSE_TO_INSULIN_STIMULUS	-0.22426613985903548			
GATA1_01	-0.22426767245925588			
GOLDRATH_EFF_VS_MEMORY_CD8_TCELL_UP	-0.22427379930194646			
GSE18281_SUBCAPSULAR_CORTICAL_REGION_VS_WHOLE_MEDULLA_THYMUS_DN	-0.22427494289010433			
MIR6872_3P	-0.22429376624490266			
MIKKELSEN_PLURIPOTENT_STATE_UP	-0.2243044559381952			
GO_REGULATION_OF_VESICLE_FUSION	-0.22430589377679971			
REACTOME_VITAMIN_B5_PANTOTHENATE_METABOLISM	-0.2243170593045676			
GO_POSITIVE_REGULATION_OF_TELOMERE_MAINTENANCE	-0.22434447234042948			
GO_UBIQUITIN_LIGASE_INHIBITOR_ACTIVITY	-0.22434779145865422			
KANG_GLIS3_TARGETS	-0.22435595025646887			
REACTOME_DEGRADATION_OF_AXIN	-0.2243730402136097			
MIR4522	-0.22439231730142434			
GO_REGULATION_OF_MICROGLIAL_CELL_ACTIVATION	-0.22441568887067415			
IPA_KDM4B_UP	-0.22447105399565198			
GO_G_PROTEIN_BETA_GAMMA_SUBUNIT_COMPLEX	-0.22448729373150844			
GSE1925_CTRL_VS_3H_IFNG_STIM_IFNG_PRIMED_MACROPHAGE_UP	-0.22448872388058716			
MIR6748_3P	-0.2245196585103422			
GSE17721_0.5H_VS_8H_GARDIQUIMOD_BMDC_UP	-0.22451969844803607			
KEGG_TERPENOID_BACKBONE_BIOSYNTHESIS	-0.2245263345345679			
GSE17721_CTRL_VS_LPS_4H_BMDC_UP	-0.22452905847104307			
MIR6826_5P	-0.22453566636660816			
GO_U12_TYPE_SPLICEOSOMAL_COMPLEX	-0.22456498169685918			
IPA_SP4_UP	-0.2245650354675278			
FERRANDO_TAL1_NEIGHBORS	-0.22458433566465438			
GSE2770_IL12_AND_TGFB_VS_IL4_TREATED_ACT_CD4_TCELL_6H_DN	-0.22459623900999034			
chr13q12	-0.2246040604964465			
GO_HYDROLASE_ACTIVITY_ACTING_ON_ACID_ANHYDRIDES	-0.22464981343393528			
GO_SYNAPTIC_VESICLE_CYTOSKELETAL_TRANSPORT	-0.22467755974899964			
REACTOME_PLATELET_SENSITIZATION_BY_LDL	-0.22468901111538855			
MIR8084	-0.2246924204596268			
MIR3119	-0.2246966100722979			
GO_RIBOSOMAL_SUBUNIT	-0.22470515115848247			
REACTOME_G_PROTEIN_MEDIATED_EVENTS	-0.22470652404499694			
GO_CYTOLYTIC_GRANULE	-0.22470803916335588			
GO_CELL_BODY	-0.2247115805476883			
GO_PIP_BODY	-0.2247201122114324			
GSE5542_IFNG_VS_IFNA_TREATED_EPITHELIAL_CELLS_24H_UP	-0.22472403396662347			
GO_PURINE_NUCLEOSIDE_METABOLIC_PROCESS	-0.22474088904148326			
GO_GABA_GATED_CHLORIDE_ION_CHANNEL_ACTIVITY	-0.22474268991060692			
GSE37301_HEMATOPOIETIC_STEM_CELL_VS_LYMPHOID_PRIMED_MPP_UP	-0.22476870114466377			
GO_HISTONE_H2B_UBIQUITINATION	-0.2247697318147239			
GO_H3_HISTONE_ACETYLTRANSFERASE_ACTIVITY	-0.22477939048813772			
IPA_NKX6-1_UP	-0.22478632599324475			
GO_CAMP_CATABOLIC_PROCESS	-0.22479407713331004			
NRF1_Q6	-0.22481302168743927			
GO_COTRANSLATIONAL_PROTEIN_TARGETING_TO_MEMBRANE	-0.22483396274779588			
GO_PROTEIN_MODIFICATION_BY_SMALL_PROTEIN_REMOVAL	-0.22484961352963417			
KINNEY_DNMT1_METHYLATION_TARGETS	-0.22487883941153697			
GTTATAT_MIR410	-0.22489343225797426			
MIR877_5P	-0.22492598398494296			
chr10p14	-0.22493064131838736			
GO_REGULATION_OF_CAMP_MEDIATED_SIGNALING	-0.22493435507246232			
GO_LSM1_7_PAT1_COMPLEX	-0.22494332387287508			
GO_REGULATION_OF_AUTOPHAGOSOME_MATURATION	-0.22496088082869872			
REACTOME_MITOTIC_METAPHASE_AND_ANAPHASE	-0.2249754631410869			
GO_NEGATIVE_REGULATION_OF_MATRIX_METALLOPEPTIDASE_SECRETION	-0.22501124752876253			
GO_VOLTAGE_GATED_ION_CHANNEL_ACTIVITY	-0.2250131710631836			
IPA_RPA2_DN	-0.22504545727796793			
GO_POSITIVE_REGULATION_OF_CYTOLYSIS	-0.22505201280841403			
GO_REGULATION_OF_TRANS_SYNAPTIC_SIGNALING	-0.2250526647046902			
GSE1448_CTRL_VS_ANTI_VALPHA2_DP_THYMOCYTE_UP	-0.22505395591990998			
GO_RIBONUCLEASE_MRP_COMPLEX	-0.22505486121330107			
GO_CORTICOTROPIN_SECRETION	-0.2250600480793622			
GO_GABA_ERGIC_SYNAPSE	-0.22507110853346296			
GO_NEGATIVE_REGULATION_OF_OSTEOCLAST_DIFFERENTIATION	-0.2250892148364769			
GSE22601_DOUBLE_NEGATIVE_VS_CD8_SINGLE_POSITIVE_THYMOCYTE_DN	-0.22510518090738948			
GO_VENTRAL_SPINAL_CORD_DEVELOPMENT	-0.22512393208900294			
GO_ANNULATE_LAMELLAE	-0.2251289282409601			
GO_POSITIVE_REGULATION_OF_MYELOID_LEUKOCYTE_MEDIATED_IMMUNITY	-0.22513997726169763			
GSE16450_CTRL_VS_IFNA_6H_STIM_IMMATURE_NEURON_CELL_LINE_UP	-0.22514535775496786			
GO_FOREBRAIN_NEUROBLAST_DIVISION	-0.22516189027842842			
KAECH_NAIVE_VS_DAY8_EFF_CD8_TCELL_UP	-0.22517782865129005			
GO_CATECHOLAMINE_METABOLIC_PROCESS	-0.22518663340898074			
ZSCAN4_TARGET_GENES	-0.22518667414325516			
GO_NEGATIVE_REGULATION_OF_FIBROBLAST_MIGRATION	-0.22519757944207217			
GO_CELLULAR_RESPONSE_TO_NITRIC_OXIDE	-0.225207895114872			
GO_REGULATION_OF_NEUTROPHIL_CHEMOTAXIS	-0.22522775154306637			
GO_MAIN_AXON	-0.22523481029519202			
MIR4681	-0.22529071606202059			
GO_REGULATION_OF_ACTIN_CYTOSKELETON_REORGANIZATION	-0.22531963137193514			
GSE40274_CTRL_VS_HELIOS_TRANSDUCED_ACTIVATED_CD4_TCELL_DN	-0.22532434098780052			
GO_REGULATION_OF_OSTEOCLAST_PROLIFERATION	-0.22534531379821626			
GO_NEGATIVE_REGULATION_OF_TELOMERE_MAINTENANCE_VIA_TELOMERASE	-0.22535937191873			
GO_CELLULAR_RESPONSE_TO_INTERFERON_BETA	-0.22536071992755785			
GO_ACROSOMAL_VESICLE_EXOCYTOSIS	-0.22536370067512537			
GO_NEGATIVE_REGULATION_OF_UBIQUITIN_DEPENDENT_PROTEIN_CATABOLIC_PROCESS	-0.22537166341561457			
IPA_PBX1_UP	-0.22537638606939348			
REACTOME_SIGNAL_REGULATORY_PROTEIN_FAMILY_INTERACTIONS	-0.22538030056106698			
GO_SINGLE_STRANDED_DNA_3_5_EXODEOXYRIBONUCLEASE_ACTIVITY	-0.2253878568999326			
GSE37319_WT_VS_RC3H1_KO_CD44LOW_CD8_TCELL_UP	-0.22539135972657248			
MIR3683	-0.2253976364366384			
GSE22432_CDC_VS_COMMON_DC_PROGENITOR_DN	-0.22541625810037808			
GSE25677_MPL_VS_MPL_AND_R848_STIM_BCELL_DN	-0.22541857760260045			
GO_RESPONSE_TO_LITHIUM_ION	-0.22542108780936432			
JONES_TCOF1_TARGETS	-0.22546122232882349			
GO_AXO_DENDRITIC_PROTEIN_TRANSPORT	-0.22550065032351924			
GSE17721_POLYIC_VS_GARDIQUIMOD_1H_BMDC_UP	-0.22550123817903528			
GO_SIGNAL_TRANSDUCTION_BY_P53_CLASS_MEDIATOR	-0.22554234886471197			
GSE14350_TREG_VS_TEFF_IN_IL2RB_KO_DN	-0.2255506348558249			
MIR625_3P	-0.2255572422045028			
BIOCARTA_TOLL_PATHWAY	-0.225563450629267			
ZHENG_FOXP3_TARGETS_IN_T_LYMPHOCYTE_UP	-0.22559514586706206			
HALLMARK_DNA_REPAIR	-0.22560008046166846			
GO_VENTRAL_SPINAL_CORD_INTERNEURON_DIFFERENTIATION	-0.22560830813495536			
CCCAGAG_MIR326	-0.22561436800346635			
GSE14000_TRANSLATED_RNA_VS_MRNA_DC_DN	-0.22561824002343625			
MIR6817_3P	-0.22562010891813905			
ERCC8_TARGET_GENES	-0.22563135803081724			
GO_MAMMARY_GLAND_BRANCHING_INVOLVED_IN_PREGNANCY	-0.2256358581172196			
MIR34B_3P	-0.22565515879689982			
GO_PRESYNAPTIC_CYTOSKELETON	-0.22566020621624486			
IPA_TCF7_UP	-0.22567332258313538			
GO_POTASSIUM_CHANNEL_COMPLEX	-0.22568687258357756			
ZHOU_CELL_CYCLE_GENES_IN_IR_RESPONSE_24HR	-0.22569310204019533			
GSE46025_WT_VS_FOXO1_KO_KLRG1_LOW_CD8_EFFECTOR_TCELL_DN	-0.22569504709696625			
GAVIN_IL2_RESPONSIVE_FOXP3_TARGETS_DN	-0.22569794382144093			
GO_CEREBRAL_CORTEX_GABAERGIC_INTERNEURON_DEVELOPMENT	-0.22574770272292763			
KEGG_COLORECTAL_CANCER	-0.22575461910728528			
GO_POSITIVE_REGULATION_OF_TRANSCRIPTION_BY_RNA_POLYMERASE_II	-0.2257889943825146			
REACTOME_CRISTAE_FORMATION	-0.2257913510247225			
GSE32128_INOS_DEPENDENT_VS_INOS_INDEPENDENT_ACTIVATED_TCELL_DN	-0.22581458157863002			
GCAAAAA_MIR129	-0.22584337521600517			
GO_REGULATION_OF_FEEDING_BEHAVIOR	-0.22584470546269747			
GSE41978_WT_VS_ID2_KO_AND_BIM_KO_KLRG1_LOW_EFFECTOR_CD8_TCELL_DN	-0.22587100921741393			
GO_REGULATION_OF_TELOMERE_CAPPING	-0.22587759805962165			
GO_DNA_N_GLYCOSYLASE_ACTIVITY	-0.22588003805943419			
GO_POST_CHAPERONIN_TUBULIN_FOLDING_PATHWAY	-0.2258922116035298			
GO_PEPTIDE_BIOSYNTHETIC_PROCESS	-0.22589578321929316			
MIR362_5P	-0.22591193433444695			
GSE557_CIITA_KO_VS_I_AB_KO_DC_DN	-0.22594129031705165			
MIR3173_3P	-0.22594841516865583			
AP4_Q6	-0.22595184867590515			
MIR500B_5P	-0.22596728143736183			
GO_CHROMOSOME_MOVEMENT_TOWARDS_SPINDLE_POLE	-0.22597074109758272			
OHASHI_AURKB_TARGETS	-0.2259875737557974			
IPA_NR2C1_UP	-0.22602832400922038			
GO_PROTEIN_N_TERMINUS_BINDING	-0.22603064634772327			
GO_REGULATION_OF_CYTOPLASMIC_TRANSLATION	-0.22605874963518965			
REACTOME_RESPONSE_OF_EIF2AK4_GCN2_TO_AMINO_ACID_DEFICIENCY	-0.22607606929096608			
GO_DETERMINATION_OF_PANCREATIC_LEFT_RIGHT_ASYMMETRY	-0.2260797163578561			
GO_REGULATION_OF_CELLULAR_AMIDE_METABOLIC_PROCESS	-0.2260921965557824			
MIR6502_5P	-0.22611230281163103			
IL2_UP.V1_DN	-0.22612719118546235			
GO_BASE_EXCISION_REPAIR_AP_SITE_FORMATION	-0.22619689953593758			
GO_PHOSPHATIDYLINOSITOL_3_KINASE_REGULATOR_ACTIVITY	-0.22621025747835233			
GO_CYCLASE_ACTIVITY	-0.2262267238336449			
MEISSNER_BRAIN_HCP_WITH_H3_UNMETHYLATED	-0.22624457907148193			
GO_REGULATION_OF_HISTONE_H4_K16_ACETYLATION	-0.22624475124817078			
GO_RESPONSE_TO_GAMMA_RADIATION	-0.22626989823645993			
MIR1296_3P	-0.22627037487794943			
GO_ARGININE_TRANSPORT	-0.2262759723471678			
REACTOME_ADRENALINE_NORADRENALINE_INHIBITS_INSULIN_SECRETION	-0.22629152792895427			
GO_MYOSIN_FILAMENT	-0.22629416921373102			
GO_NEGATIVE_REGULATION_OF_DNA_DAMAGE_CHECKPOINT	-0.22630222968243371			
GSE17721_CTRL_VS_POLYIC_8H_BMDC_UP	-0.2263136723163648			
MIR1251_5P	-0.22631502513416138			
GO_CEREBELLAR_PURKINJE_CELL_LAYER_MORPHOGENESIS	-0.2263487741350285			
GSE6269_E_COLI_VS_STREP_PNEUMO_INF_PBMC_UP	-0.22635759998308397			
MIR3146	-0.22636505891692446			
GO_ASSOCIATIVE_LEARNING	-0.22637940284960142			
GO_DICARBOXYLIC_ACID_BIOSYNTHETIC_PROCESS	-0.22638480526477098			
NKX61_01	-0.22639940935097858			
REACTOME_HCMV_EARLY_EVENTS	-0.22640059804998644			
HOLLEMAN_ASPARAGINASE_RESISTANCE_B_ALL_UP	-0.22642423544262644			
GO_NEGATIVE_REGULATION_OF_TRANSCRIPTION_BY_RNA_POLYMERASE_II	-0.2264256379265581			
GO_FEMALE_MEIOTIC_NUCLEAR_DIVISION	-0.22643950281555364			
GO_SENSORY_PERCEPTION_OF_SOUR_TASTE	-0.22648123140120058			
CYCLIN_D1_UP.V1_DN	-0.22648163730252743			
MYLLYKANGAS_AMPLIFICATION_HOT_SPOT_30	-0.22650319752392944			
GO_ADENOSINE_RECEPTOR_BINDING	-0.22651140178097007			
chr13q13	-0.2265303420832038			
CTCNANGTGNY_UNKNOWN	-0.2265493258243601			
GSE42088_2H_VS_24H_LEISHMANIA_INF_DC_DN	-0.22656513365778747			
GO_CENTRAL_NERVOUS_SYSTEM_NEURON_DIFFERENTIATION	-0.22658266131916535			
ATGTCAC_MIR489	-0.22661025703065857			
IPA_CDX1_DN	-0.22662837902747868			
GSE13484_3H_UNSTIM_VS_YF17D_VACCINE_STIM_PBMC_UP	-0.2266462640690139			
GO_SYNTAXIN_1_BINDING	-0.22664996223721356			
MIR1303	-0.22668655157008358			
GO_NON_MOTILE_CILIUM	-0.2267004861207576			
IPA_NFYA_DN	-0.22670324138470205			
IPA_NFAT5_DN	-0.22670324138470205			
GO_INTRINSIC_COMPONENT_OF_SYNAPTIC_VESICLE_MEMBRANE	-0.2267118568938559			
MIR424_3P	-0.22673601675835273			
MIR4448	-0.22674227102737182			
GSE36392_EOSINOPHIL_VS_NEUTROPHIL_IL25_TREATED_LUNG_UP	-0.22675982832185218			
CCAGGGG_MIR331	-0.22676048698974427			
MIR4536_3P	-0.22677662503454937			
GSE1740_UNSTIM_VS_IFNA_STIMULATED_MCSF_IFNG_DERIVED_MACROPHAGE_DN	-0.22677962284748351			
GO_VACUOLAR_PROTON_TRANSPORTING_V_TYPE_ATPASE_COMPLEX_ASSEMBLY	-0.22679149649050906			
GSE360_T_GONDII_VS_M_TUBERCULOSIS_DC_UP	-0.2267927173888398			
GSE3337_4H_VS_16H_IFNG_IN_CD8POS_DC_DN	-0.22683724828642068			
GSE15750_DAY6_VS_DAY10_EFF_CD8_TCELL_UP	-0.22684871200174364			
GSE43955_TGFB_IL6_VS_TGFB_IL6_IL23_TH17_ACT_CD4_TCELL_60H_UP	-0.22690368644978998			
MIR3924	-0.22690537799466864			
GO_GAMMA_TUBULIN_BINDING	-0.22693492007716462			
GO_CHROMATIN_MEDIATED_MAINTENANCE_OF_TRANSCRIPTION	-0.22695112644770646			
LIU_TOPBP1_TARGETS	-0.22695214899495178			
GO_POSITIVE_REGULATION_OF_HUMORAL_IMMUNE_RESPONSE	-0.22696475281068865			
KONDO_COLON_CANCER_HCP_WITH_H3K27ME1	-0.22696648051402465			
MIR3922_5P	-0.2269749360622253			
AP2REP_01	-0.2269814848204075			
GSE37416_0H_VS_6H_F_TULARENSIS_LVS_NEUTROPHIL_DN	-0.22700073034856377			
REACTOME_REGULATION_OF_COMMISSURAL_AXON_PATHFINDING_BY_SLIT_AND_ROBO	-0.22701368487768658			
MORI_SMALL_PRE_BII_LYMPHOCYTE_DN	-0.22702141543123733			
GO_CALMODULIN_DEPENDENT_KINASE_SIGNALING_PATHWAY	-0.22703378780734135			
GSE22611_NOD2_TRANSD_VS_CTRL_TRANSD_HEK293_MDP_STIM_2H_DN	-0.22703431160712634			
GSE11961_MARGINAL_ZONE_BCELL_VS_GERMINAL_CENTER_BCELL_DAY7_DN	-0.22704197443640792			
REACTOME_PIWI_INTERACTING_RNA_PIRNA_BIOGENESIS	-0.22704261033665582			
SCHAEFFER_SOX9_TARGETS_IN_PROSTATE_DEVELOPMENT_DN	-0.22705697083423504			
GO_INNER_DYNEIN_ARM_ASSEMBLY	-0.22705844321694876			
chr4p13	-0.22706970452502714			
GO_RDNA_HETEROCHROMATIN	-0.22707841286704963			
GO_OXYSTEROL_BINDING	-0.2271193977510301			
BRACHAT_RESPONSE_TO_METHOTREXATE_UP	-0.227119629682969			
MIR548G_3P	-0.2271678524962703			
GO_REGULATION_OF_CELLULAR_PH_REDUCTION	-0.2271700877233703			
GO_NEUROTRANSMITTER_RECEPTOR_COMPLEX	-0.2272297040021697			
GO_REGULATION_OF_SKELETAL_MUSCLE_CONTRACTION_BY_CALCIUM_ION_SIGNALING	-0.22726543849575367			
REACTOME_GABA_RECEPTOR_ACTIVATION	-0.22727548308742804			
GSE23114_PERITONEAL_CAVITY_B1A_BCELL_VS_SPLEEN_BCELL_IN_SLE2C1_MOUSE_DN	-0.2272914717475814			
MYLLYKANGAS_AMPLIFICATION_HOT_SPOT_24	-0.22732225099498857			
GO_REGULATION_OF_MICROTUBULE_DEPOLYMERIZATION	-0.22735552785766516			
GSE7568_CTRL_VS_24H_TGFB_TREATED_MACROPHAGES_WITH_IL4_AND_DEXAMETHASONE_UP	-0.22736301430397413			
GSE2405_0H_VS_12H_A_PHAGOCYTOPHILUM_STIM_NEUTROPHIL_DN	-0.22736719756436985			
GSE29164_CD8_TCELL_VS_CD8_TCELL_AND_IL12_TREATED_MELANOMA_DAY7_UP	-0.22736890274039162			
GO_MITOCHONDRIAL_RNA_METABOLIC_PROCESS	-0.22737169679093006			
GO_ENDOSOME_TO_PLASMA_MEMBRANE_PROTEIN_TRANSPORT	-0.22737534192627754			
GO_MITOTIC_SPINDLE_MIDZONE_ASSEMBLY	-0.2273858785479444			
REACTOME_ACTIVATION_OF_THE_PHOTOTRANSDUCTION_CASCADE	-0.22739735584998394			
GO_DNA_TEMPLATED_TRANSCRIPTION_TERMINATION	-0.2274035843538857			
GO_POSITIVE_REGULATION_OF_LONG_TERM_SYNAPTIC_DEPRESSION	-0.22742634322115474			
MIR6861_3P	-0.22743342807628364			
REACTOME_GABA_B_RECEPTOR_ACTIVATION	-0.22743770671671226			
GO_WD40_REPEAT_DOMAIN_BINDING	-0.22746864223757035			
GO_NEGATIVE_REGULATION_OF_AMYLOID_BETA_CLEARANCE	-0.22750410908271387			
TORCHIA_TARGETS_OF_EWSR1_FLI1_FUSION_DN	-0.22750498918844927			
GSE23308_CTRL_VS_CORTICOSTERONE_TREATED_MACROPHAGE_MINERALCORTICOID_REC_KO_UP	-0.2275068964687481			
GO_MITOCHONDRIAL_TRNA_PROCESSING	-0.22751743746711595			
GO_LIGASE_ACTIVITY_FORMING_CARBON_SULFUR_BONDS	-0.22752555752216444			
IPA_HDAC4_DN	-0.22752593553221234			
DIDO1_TARGET_GENES	-0.2275413371988499			
MIR3915	-0.2275573787120281			
GO_MONOVALENT_INORGANIC_CATION_TRANSMEMBRANE_TRANSPORTER_ACTIVITY	-0.22757722664467173			
GSE20366_EX_VIVO_VS_DEC205_CONVERSION_NAIVE_CD4_TCELL_UP	-0.2276054934958785			
GO_POSITIVE_REGULATION_OF_NEUTROPHIL_MIGRATION	-0.22767064885639887			
GO_AXOLEMMA	-0.2276825714144735			
GO_DETECTION_OF_OTHER_ORGANISM	-0.22768641137499437			
GO_REGULATION_OF_LONG_TERM_SYNAPTIC_DEPRESSION	-0.2276902504753845			
AHR_01	-0.2276945920867637			
GO_REGULATION_OF_MATRIX_METALLOPEPTIDASE_SECRETION	-0.2276981404417544			
GSE3982_DC_VS_MAC_LPS_STIM_UP	-0.22774415444699578			
GSE8515_CTRL_VS_IL6_4H_STIM_MAC_UP	-0.22779084608765654			
IPA_NSD1_UP	-0.2278007965970871			
MIR5589_3P	-0.2278348930965349			
BILBAN_B_CLL_LPL_DN	-0.22784936825080568			
IPA_MLXIP_DN	-0.2278524142069498			
GSE46606_DAY1_VS_DAY3_CD40L_IL2_IL5_STIMULATED_BCELL_UP	-0.22785617267667954			
IPA_IRX4_UP	-0.22787297624587088			
MIR3646	-0.22787967194175018			
GO_NEURAL_PLATE_PATTERN_SPECIFICATION	-0.22789518240120255			
GSE35435_RESTING_VS_IL4_TREATED_MACROPHAGE_DN	-0.22793154227273027			
GO_REGULATION_OF_ACTIVATION_OF_JANUS_KINASE_ACTIVITY	-0.22795758651810538			
GSE11057_NAIVE_VS_CENT_MEMORY_CD4_TCELL_UP	-0.22796221253130483			
GO_LYMPHOCYTE_CHEMOTAXIS	-0.22798805569710184			
REACTOME_RRNA_MODIFICATION_IN_THE_MITOCHONDRION	-0.22800963388819764			
GSE27786_BCELL_VS_MONO_MAC_UP	-0.2280158340534573			
GO_POSTSYNAPTIC_MODULATION_OF_CHEMICAL_SYNAPTIC_TRANSMISSION	-0.22802105735229466			
GO_3_5_CYCLIC_GMP_PHOSPHODIESTERASE_ACTIVITY	-0.22802421232466635			
GO_POSITIVE_REGULATION_OF_INTEGRIN_ACTIVATION	-0.22802517053721802			
MIR4753_5P	-0.22803194359488324			
GO_INTERLEUKIN_12_SECRETION	-0.22806290091387504			
MIR6874_5P	-0.22806893184841076			
GO_POSITIVE_REGULATION_OF_CELL_CYCLE_ARREST	-0.22809497438666557			
MIR3065_5P	-0.22813406519090462			
REACTOME_PHASE_3_RAPID_REPOLARISATION	-0.2281579107438895			
GSE20727_H2O2_VS_ROS_INHIBITOR_TREATED_DC_UP	-0.22816012299343116			
KAECH_DAY8_EFF_VS_MEMORY_CD8_TCELL_DN	-0.22816040958214895			
GO_REGULATION_OF_CELLULAR_RESPONSE_TO_HEAT	-0.22817836060237345			
GO_CELLULAR_RESPONSE_TO_MORPHINE	-0.22818805173845885			
GSE40274_CTRL_VS_EOS_TRANSDUCED_ACTIVATED_CD4_TCELL_UP	-0.22818872457489076			
GO_POSITIVE_REGULATION_OF_CHEMOKINE_C_C_MOTIF_LIGAND_5_PRODUCTION	-0.2281960613274005			
MIR1247_5P	-0.22820313816193166			
GSE12963_UNINF_VS_ENV_AND_NEF_AND_VPR_DEFICIENT_HIV1_INF_CD4_TCELL_UP	-0.22822460462496985			
GO_CHROMATOID_BODY	-0.22823000502354546			
MIR564	-0.22823276241378965			
GO_POSITIVE_REGULATION_OF_ERYTHROCYTE_DIFFERENTIATION	-0.22823913906847448			
IPA_DLX2_DN	-0.22827825288936063			
GCGSCMNTTT_UNKNOWN	-0.22828869469758958			
GSE21927_SPLEEN_MONOCYTE_VS_GMCSF_GCSF_BONE_MARROW_UP	-0.22829691536835092			
WEBER_METHYLATED_LCP_IN_SPERM_UP	-0.2283035641955715			
BIOCARTA_NFAT_PATHWAY	-0.2283083262534975			
GSE22432_PDC_VS_TGFB1_TREATEDCOMMON_DC_PROGENITOR_UP	-0.22831113646843734			
GO_RETROGRADE_AXONAL_TRANSPORT	-0.22831286667508338			
KEGG_GLYOXYLATE_AND_DICARBOXYLATE_METABOLISM	-0.2283180076446388			
BASSO_B_LYMPHOCYTE_NETWORK	-0.22832455883833397			
YATGNWAAT_OCT_C	-0.22833245287989326			
KORKOLA_SEMINOMA_DN	-0.2283495725641655			
GO_POSITIVE_REGULATION_OF_MYELOID_CELL_DIFFERENTIATION	-0.22834976216635125			
MIR6783_5P	-0.2283568852452847			
IPA_E2F4_DN	-0.22836167580434347			
GO_POSITIVE_REGULATION_OF_NATURAL_KILLER_CELL_CHEMOTAXIS	-0.22843145416724375			
GO_PROTEIN_K63_LINKED_UBIQUITINATION	-0.22843544576715497			
GO_NEURON_PROJECTION_CYTOPLASM	-0.22843907096401586			
GO_HISTONE_H4_R3_METHYLATION	-0.22844304783312122			
GO_TERMINAL_BOUTON	-0.22844893594986102			
MIR5189_3P	-0.22845512938700352			
REACTOME_GLUCAGON_LIKE_PEPTIDE_1_GLP1_REGULATES_INSULIN_SECRETION	-0.2285239629108615			
MIR6814_3P_MIR6872_5P	-0.2285413963831448			
HFH1_01	-0.22854759720440587			
IPA_SMARCC2_UP	-0.2285538238985008			
IPA_FANCD2_UP	-0.2285538238985008			
IPA_TAF10_UP	-0.2285538238985008			
IPA_TAF12_UP	-0.2285538238985008			
MIR550A_3_5P_MIR550A_5P	-0.2285577811607731			
MIR11401	-0.22856389949390044			
MIR466	-0.22858103837568333			
GSE45365_NK_CELL_VS_BCELL_MCMV_INFECTION_DN	-0.22858349158779287			
GO_REGULATION_OF_MICROTUBULE_BASED_MOVEMENT	-0.2286184209153808			
GO_P53_BINDING	-0.22862237061726076			
GSE12366_GC_VS_MEMORY_BCELL_DN	-0.22863873495388778			
GO_ATRIOVENTRICULAR_CANAL_DEVELOPMENT	-0.22863935742966837			
REACTOME_FOXO_MEDIATED_TRANSCRIPTION_OF_CELL_DEATH_GENES	-0.2286438627562671			
MIR5003_3P	-0.2286648459129022			
MIR4458	-0.22866969223388492			
GO_TBP_CLASS_PROTEIN_BINDING	-0.22869281171384145			
TCTAGAG_MIR517	-0.22870023248058977			
GAZDA_DIAMOND_BLACKFAN_ANEMIA_ERYTHROID_DN	-0.22871770351891696			
chr4p16	-0.22871783915751653			
GO_PRE_MIRNA_BINDING	-0.22872328866639777			
REACTOME_RNA_POLYMERASE_III_CHAIN_ELONGATION	-0.2287378047181898			
GO_FIBROBLAST_APOPTOTIC_PROCESS	-0.22875059405115544			
GSE17974_0.5H_VS_72H_IL4_AND_ANTI_IL12_ACT_CD4_TCELL_UP	-0.22876651138225482			
MOTAMED_RESPONSE_TO_ANDROGEN_DN	-0.22877032593084604			
MIR135B_3P	-0.22877348498448216			
GSE25123_CTRL_VS_ROSIGLITAZONE_STIM_MACROPHAGE_UP	-0.2288027327820613			
GO_CALCIUM_DEPENDENT_PROTEIN_KINASE_ACTIVITY	-0.2288137799857215			
GO_CATION_TRANSMEMBRANE_TRANSPORTER_ACTIVITY	-0.2288168539011219			
GSE13547_CTRL_VS_ANTI_IGM_STIM_ZFX_KO_BCELL_2H_DN	-0.228834562167928			
CAFFAREL_RESPONSE_TO_THC_DN	-0.22884053374742286			
MIR218_2_3P	-0.22884454124879008			
MIR4321	-0.22887043177498984			
GSE32423_MEMORY_VS_NAIVE_CD8_TCELL_IL7_IL4_DN	-0.2288741028397483			
MIR8485	-0.22887436775921774			
YKACATTT_UNKNOWN	-0.22888426071544204			
LUI_THYROID_CANCER_CLUSTER_4	-0.2288870073248987			
GSE2770_IL4_ACT_VS_ACT_CD4_TCELL_2H_UP	-0.22895972623700656			
GO_CARBOHYDRATE_MEDIATED_SIGNALING	-0.22898045075610451			
MIR6741_5P	-0.22899352626326372			
IPA_BCL3_UP	-0.22900675456139766			
GO_SMALL_SUBUNIT_PROCESSOME	-0.22900903396786923			
ATGCACG_MIR517B	-0.22902224439210256			
GO_BASIC_AMINO_ACID_TRANSMEMBRANE_TRANSPORT	-0.22905307484426915			
GO_VOLTAGE_GATED_SODIUM_CHANNEL_ACTIVITY	-0.22905443708362389			
MIR148B_5P	-0.22906998238434312			
NAKAJIMA_EOSINOPHIL	-0.2290843152607221			
GO_POSITIVE_REGULATION_OF_SMALL_GTPASE_MEDIATED_SIGNAL_TRANSDUCTION	-0.2291188327386716			
KORKOLA_EMBRYONAL_CARCINOMA	-0.2291260983292328			
GSE46606_DAY1_VS_DAY3_CD40L_IL2_IL5_STIMULATED_BCELL_DN	-0.22917287226849514			
GO_SUPEROXIDE_ANION_GENERATION	-0.22917483053832327			
MIR12124	-0.22917984782058684			
MADAN_DPPA4_TARGETS	-0.22921285833233968			
SNRNP70_TARGET_GENES	-0.22923253872587498			
GO_NEGATIVE_REGULATION_OF_MICROGLIAL_CELL_ACTIVATION	-0.22924906743309154			
GO_D1_DOPAMINE_RECEPTOR_BINDING	-0.22925996765239165			
REACTOME_INFLAMMASOMES	-0.22926171025128128			
GO_PROTEIN_LOCALIZATION_TO_NUCLEOPLASM	-0.22927132408826592			
GSE37532_TREG_VS_TCONV_CD4_TCELL_FROM_VISCERAL_ADIPOSE_TISSUE_DN	-0.22929026959290993			
REACTOME_DEADENYLATION_OF_MRNA	-0.22929398491446043			
GO_CRISTAE_FORMATION	-0.22930774281520666			
GO_QUINOLINATE_METABOLIC_PROCESS	-0.22931445091440986			
MIR4786_3P	-0.2293211407484215			
GSE20198_IL12_VS_IFNA_TREATED_ACT_CD4_TCELL_DN	-0.2293249312230519			
WORSCHECH_TUMOR_EVASION_AND_TOLEROGENICITY_DN	-0.22934315472995825			
PETRETTO_BLOOD_PRESSURE_DN	-0.22934447962290713			
GO_INTRINSIC_COMPONENT_OF_PRESYNAPTIC_MEMBRANE	-0.22936471074826786			
IPA_TLE1_UP	-0.2293726843721446			
GSE13762_CTRL_VS_125_VITAMIND_DAY12_DC_UP	-0.2294115089035086			
GO_EXOCRINE_PANCREAS_DEVELOPMENT	-0.22941462981440905			
MIR4715_5P	-0.22943039986462047			
GO_VESICLE_FUSION_TO_PLASMA_MEMBRANE	-0.2294345135318348			
GO_PYRIMIDINE_NUCLEOBASE_METABOLIC_PROCESS	-0.22943796893240292			
GSE31082_CD4_VS_CD8_SP_THYMOCYTE_UP	-0.22943816789365035			
GO_ATTACHMENT_OF_SPINDLE_MICROTUBULES_TO_KINETOCHORE	-0.22944156094945872			
REACTOME_SIGNALING_BY_FGFR_IN_DISEASE	-0.2294447930822949			
MIR4728_3P	-0.22949280187866225			
GO_CELL_CELL_ADHESION_MEDIATED_BY_INTEGRIN	-0.2295095536213992			
GO_MEMBRANE_DISRUPTION_IN_OTHER_ORGANISM	-0.22951580970744423			
MIR586	-0.22952886628454397			
GSE40443_INDUCED_VS_TOTAL_TREG_UP	-0.22953867613028675			
REACTOME_ASSEMBLY_OF_THE_ORC_COMPLEX_AT_THE_ORIGIN_OF_REPLICATION	-0.2295540358420336			
TOYOTA_TARGETS_OF_MIR34B_AND_MIR34C	-0.22955921094215467			
GO_SIGNAL_TRANSDUCTION_INVOLVED_IN_CELLULAR_RESPONSE_TO_AMMONIUM_ION	-0.22956222693727518			
MIR548AR_3P	-0.22956321527448284			
GO_PROTEIN_HOMOOLIGOMERIZATION	-0.22956952863858032			
GO_NUCLEOBASE_BINDING	-0.22959220554819598			
GO_GAS_TRANSPORT	-0.22960151572507226			
GO_POSITIVE_REGULATION_OF_KILLING_OF_CELLS_OF_OTHER_ORGANISM	-0.2296341920141334			
GO_PROTEIN_LOCALIZATION_TO_NON_MOTILE_CILIUM	-0.22963582312906247			
GSE45739_NRAS_KO_VS_WT_UNSTIM_CD4_TCELL_DN	-0.22965101901434146			
REACTOME_NEUROTRANSMITTER_RECEPTORS_AND_POSTSYNAPTIC_SIGNAL_TRANSMISSION	-0.22966274344782558			
ATGTAGC_MIR221_MIR222	-0.22967995173945144			
LET_7D_5P	-0.2296865612761735			
GO_BMP_RECEPTOR_ACTIVITY	-0.22969492587188128			
GSE17721_CTRL_VS_POLYIC_2H_BMDC_UP	-0.22969915840583183			
GO_PROTEIN_IMPORT_INTO_PEROXISOME_MEMBRANE	-0.22971581592395263			
MIR3692_3P	-0.22971897742051872			
REACTOME_DNA_DAMAGE_RECOGNITION_IN_GG_NER	-0.22972026967512024			
GO_INTERLEUKIN_17_SECRETION	-0.22972477263824523			
GO_MIRNA_MEDIATED_INHIBITION_OF_TRANSLATION	-0.22975194988772085			
IPA_PHOX2B_UP	-0.22982805985835095			
MIR28_3P	-0.22989489261937632			
GO_POSITIVE_REGULATION_OF_GLYCOGEN_METABOLIC_PROCESS	-0.22989672212486845			
GSE22033_UNTREATED_VS_MRL24_TREATED_MEF_UP	-0.22990729876035917			
CREB3_TARGET_GENES	-0.2299087147462397			
GO_TUMOR_NECROSIS_FACTOR_SECRETION	-0.22992766821835972			
GO_PEPTIDYL_ARGININE_N_METHYLATION	-0.22994079845583207			
GO_PROTEIN_ARGININE_N_METHYLTRANSFERASE_ACTIVITY	-0.22994079845583207			
MIR6874_3P	-0.2299574596936918			
GSE10239_NAIVE_VS_MEMORY_CD8_TCELL_DN	-0.2299654664565552			
GO_PASSIVE_TRANSMEMBRANE_TRANSPORTER_ACTIVITY	-0.22998257913050724			
BYSTRYKH_SCP2_QTL	-0.2299833137724417			
GSE16385_MONOCYTE_VS_12H_ROSIGLITAZONE_TREATED_MACROPHAGE_DN	-0.22998548739781882			
SCHLINGEMANN_SKIN_CARCINOGENESIS_TPA_DN	-0.23000355569216607			
IPA_BNC1_UP	-0.2300062204634034			
MIR3143	-0.23001893899290685			
GO_NUCLEOBASE_TRANSPORT	-0.23003647607661215			
GO_OXIDIZED_BASE_LESION_DNA_N_GLYCOSYLASE_ACTIVITY	-0.23004458517609894			
GO_REGULATION_OF_ERYTHROCYTE_DIFFERENTIATION	-0.23007550674059493			
HAEGERSTRAND_RESPONSE_TO_IMATINIB	-0.230092867411972			
GO_INTRINSIC_COMPONENT_OF_SYNAPTIC_MEMBRANE	-0.23009323664457593			
GSE22432_MULTIPOTENT_VS_COMMON_DC_PROGENITOR_UNTREATED_DN	-0.23009939703765464			
MIR3120_3P	-0.2301099814860947			
GSE16385_IFNG_TNF_VS_IL4_STIM_MACROPHAGE_ROSIGLITAZONE_TREATED_UP	-0.2301107298331597			
IPA_ATF6_UP	-0.23012195426505064			
GSE18893_CTRL_VS_TNF_TREATED_TREG_24H_DN	-0.23013732009508164			
GO_TRANSPOSITION_RNA_MEDIATED	-0.2301395792828895			
GSE3720_LPS_VS_PMA_STIM_VD2_GAMMADELTA_TCELL_UP	-0.2301648227844822			
REACTOME_TRAF6_MEDIATED_IRF7_ACTIVATION	-0.23017619417052163			
GO_RESPONSE_TO_RADIATION	-0.23018634241352842			
GO_9PLUS0_NON_MOTILE_CILIUM	-0.23018686571243369			
KEGG_INSULIN_SIGNALING_PATHWAY	-0.23021783482388555			
MIR5186	-0.23021996744938775			
HALLMARK_MYC_TARGETS_V2	-0.2302386367049975			
GO_TRANSCRIPTION_FACTOR_TFTC_COMPLEX	-0.2302596242739005			
GO_SYNAPTIC_VESICLE_RECYCLING_VIA_ENDOSOME	-0.23030708340859674			
MIR770_5P	-0.23031359842514887			
BOYAULT_LIVER_CANCER_SUBCLASS_G5_DN	-0.23032811470968795			
GSE1432_CTRL_VS_IFNG_1H_MICROGLIA_DN	-0.2303348164458653			
GO_MULTI_ORGANISM_CELLULAR_PROCESS	-0.23034043138094445			
MIR3147	-0.23036341739341715			
GO_POSITIVE_REGULATION_OF_CELL_MATURATION	-0.23036949619195615			
GO_NEGATIVE_REGULATION_OF_FEMALE_GONAD_DEVELOPMENT	-0.2303822207224343			
GSE43863_TH1_VS_LY6C_INT_CXCR5POS_MEMORY_CD4_TCELL_UP	-0.23040396749787267			
MIR3135B	-0.23040593531987535			
IPA_MITF_DN	-0.23041064907044337			
GO_GROWTH_INVOLVED_IN_HEART_MORPHOGENESIS	-0.23042502646629048			
GO_POSITIVE_REGULATION_OF_STRIATED_MUSCLE_CELL_APOPTOTIC_PROCESS	-0.23043741148546049			
MIR2392	-0.23044429418324713			
GSE40274_FOXP3_VS_FOXP3_AND_LEF1_TRANSDUCED_ACTIVATED_CD4_TCELL_DN	-0.23044871964673885			
GO_GARP_COMPLEX	-0.23046678186151617			
KIM_MYCN_AMPLIFICATION_TARGETS_UP	-0.23049382926872936			
GO_TRNA_CATABOLIC_PROCESS	-0.2304973740733969			
GO_MALE_GERM_CELL_NUCLEUS	-0.23050841484335197			
GO_GLYCOSYL_COMPOUND_CATABOLIC_PROCESS	-0.23051358751387482			
RYTGCNWTGGNR_UNKNOWN	-0.23052206204559667			
GO_INTERLEUKIN_4_SECRETION	-0.2305370561143092			
REACTOME_HIV_TRANSCRIPTION_INITIATION	-0.23059204173402917			
GO_POSITIVE_REGULATION_OF_OXIDATIVE_STRESS_INDUCED_INTRINSIC_APOPTOTIC_SIGNALING_PATHWAY	-0.23060157504436365			
GSE13522_CTRL_VS_T_CRUZI_BRAZIL_STRAIN_INF_SKIN_UP	-0.23061377667710697			
MIR5581_3P	-0.23065777158631112			
GO_AXONOGENESIS_INVOLVED_IN_INNERVATION	-0.2306735752915559			
CTACCTC_LET7A_LET7B_LET7C_LET7D_LET7E_LET7F_MIR98_LET7G_LET7I	-0.23067518121599623			
GSE44649_NAIVE_VS_ACTIVATED_CD8_TCELL_UP	-0.2307159583329954			
GSE18791_UNSTIM_VS_NEWCATSLE_VIRUS_DC_6H_UP	-0.230728906733627			
GSE28737_WT_VS_BCL6_KO_MARGINAL_ZONE_BCELL_DN	-0.23074015048813798			
REACTOME_CGMP_EFFECTS	-0.23074657374029098			
GO_PROTEIN_KINASE_A_REGULATORY_SUBUNIT_BINDING	-0.23074920612946345			
GO_DENDRITIC_SPINE_MEMBRANE	-0.2307517725065868			
GSE18791_CTRL_VS_NEWCASTLE_VIRUS_DC_6H_UP	-0.2307703000425964			
MIR5195_5P	-0.23078682961925856			
GO_OXIDATIVE_DNA_DEMETHYLATION	-0.23078693370918976			
GO_CENTRIOLE	-0.2307963260467253			
GO_RESPONSE_TO_INTERLEUKIN_17	-0.23083384932338127			
GO_IGE_BINDING	-0.23087289658411536			
DCA_UP.V1_UP	-0.23090698772920876			
chr15q11	-0.23095658830247298			
GO_DENDRITE_CYTOPLASM	-0.23096651436622467			
GO_TRNA_BINDING	-0.23097891197014384			
GO_REGULATION_OF_NUCLEAR_TRANSCRIBED_MRNA_CATABOLIC_PROCESS_DEADENYLATION_DEPENDENT_DECAY	-0.23098026173464403			
GO_PYRIMIDINE_DEOXYRIBONUCLEOTIDE_BIOSYNTHETIC_PROCESS	-0.23098371309816385			
GO_POTASSIUM_ION_TRANSMEMBRANE_TRANSPORTER_ACTIVITY	-0.2309937143359161			
IPA_FEV_UP	-0.231007017474264			
MIR4739	-0.23102544250516402			
GO_PYRIMIDINE_NUCLEOSIDE_TRIPHOSPHATE_BIOSYNTHETIC_PROCESS	-0.2310430291202971			
MIR5588_3P	-0.23104481369324953			
MIR3692_5P	-0.23105074025227065			
GO_POSITIVE_REGULATION_OF_SEQUESTERING_OF_TRIGLYCERIDE	-0.23106384548870806			
REACTOME_CALCINEURIN_ACTIVATES_NFAT	-0.2310722948681473			
GO_POSITIVE_REGULATION_OF_CELL_FATE_COMMITMENT	-0.2311397076419838			
GO_REGULATION_OF_CALCIDIOL_1_MONOOXYGENASE_ACTIVITY	-0.23116901128300696			
GO_TRNA_THIO_MODIFICATION	-0.23117116896424023			
MIR1261	-0.23118309862910752			
GO_DNA_METHYLTRANSFERASE_ACTIVITY	-0.23118336352093957			
GSE21063_CTRL_VS_ANTI_IGM_STIM_BCELL_16H_UP	-0.2311874502565046			
GO_NEUROTRANSMITTER_TRANSPORT	-0.23120553328806404			
BIOCARTA_IL17_PATHWAY	-0.23121623322726734			
GO_IMMATURE_B_CELL_DIFFERENTIATION	-0.2312458370766313			
GSE13547_CTRL_VS_ANTI_IGM_STIM_BCELL_2H_DN	-0.23124735205903563			
MIR4719	-0.23125921202354677			
CHEN_LIVER_METABOLISM_QTL_CIS	-0.2312605002507613			
GSE42021_CD24HI_VS_CD24LOW_TREG_THYMUS_UP	-0.23126360155300554			
MIR4709_5P	-0.2312805642883788			
GSE25088_WT_VS_STAT6_KO_MACROPHAGE_UP	-0.23129692539875898			
GO_EXTRINSIC_COMPONENT_OF_POSTSYNAPTIC_DENSITY_MEMBRANE	-0.2313102732927392			
IPA_POU1F1_UP	-0.2313212567152021			
ROSS_AML_WITH_AML1_ETO_FUSION	-0.23132503150753345			
GO_MATURATION_OF_LSU_RRNA	-0.23133109803291296			
BIOCARTA_AKAP95_PATHWAY	-0.23134783839939932			
GSE8921_UNSTIM_0H_VS_TLR1_2_STIM_MONOCYTE_6H_DN	-0.23136510714144015			
GSE17721_0.5H_VS_12H_PAM3CSK4_BMDC_UP	-0.23138434946284805			
GO_REGULATION_OF_TOOTH_MINERALIZATION	-0.23138602264399738			
GSE4142_PLASMA_CELL_VS_GC_BCELL_UP	-0.23138842555707065			
GO_PYRIMIDINE_RIBONUCLEOSIDE_TRIPHOSPHATE_METABOLIC_PROCESS	-0.23138920317435716			
IPA_TBX21_DN	-0.2314335084179929			
GO_PHOSPHATIDYLINOSITOL_PHOSPHATE_5_PHOSPHATASE_ACTIVITY	-0.23144116263159165			
MYB_Q6	-0.23144512896216832			
REACTOME_TRAF3_DEPENDENT_IRF_ACTIVATION_PATHWAY	-0.23147294547345124			
CAHOY_NEURONAL	-0.2314890920543328			
REACTOME_FORMATION_OF_INCISION_COMPLEX_IN_GG_NER	-0.23151814990137287			
GSE5589_IL6_KO_VS_IL10_KO_LPS_AND_IL10_STIM_MACROPHAGE_180MIN_UP	-0.23153613680658133			
GO_RNA_HELICASE_ACTIVITY	-0.23154244827254192			
GSE13485_CTRL_VS_DAY21_YF17D_VACCINE_PBMC_DN	-0.23155910661903908			
GSE1460_CORD_VS_ADULT_BLOOD_NAIVE_CD4_TCELL_DN	-0.23158762564855542			
GO_MEMBRANE_DEPOLARIZATION_DURING_ACTION_POTENTIAL	-0.23160568311697072			
GO_CELLULAR_RESPONSE_TO_NITROSATIVE_STRESS	-0.2316164732870464			
REACTOME_APOPTOTIC_FACTOR_MEDIATED_RESPONSE	-0.23163866110903644			
GSE17721_PAM3CSK4_VS_GADIQUIMOD_12H_BMDC_DN	-0.2316525194575623			
GO_POSTSYNAPTIC_MEMBRANE	-0.2316712266070159			
GSE16266_CTRL_VS_HEATSHOCK_AND_LPS_STIM_MEF_DN	-0.23168209770170134			
MYOD_01	-0.23168244138079394			
GSE27786_BCELL_VS_CD8_TCELL_DN	-0.23170381222864536			
MIR4685_5P	-0.231757085443932			
ODONNELL_TFRC_TARGETS_DN	-0.23178291752562824			
GO_INSULIN_BINDING	-0.23178342694033835			
GO_BASIC_AMINO_ACID_TRANSMEMBRANE_TRANSPORTER_ACTIVITY	-0.23180119430013912			
GO_FRUCTOSE_BINDING	-0.23181644307176677			
REACTOME_M_PHASE	-0.23182911601660056			
GO_NEUROMUSCULAR_PROCESS	-0.23186747596095558			
GSE3720_LPS_VS_PMA_STIM_VD1_GAMMADELTA_TCELL_UP	-0.23189063503171092			
GO_NEUROTRANSMITTER_BINDING	-0.23189689969479604			
REACTOME_RELEASE_OF_APOPTOTIC_FACTORS_FROM_THE_MITOCHONDRIA	-0.23189996419919484			
REACTOME_SYNTHESIS_OF_PIPS_AT_THE_ER_MEMBRANE	-0.23192131331961613			
MIR4724_5P	-0.23200217507084098			
GO_DEOXYRIBONUCLEOSIDE_MONOPHOSPHATE_BIOSYNTHETIC_PROCESS	-0.23201999423463435			
GO_DENDRITIC_CELL_DIFFERENTIATION	-0.23202270849962686			
GO_REGULATION_OF_SOMATIC_STEM_CELL_POPULATION_MAINTENANCE	-0.23203372753534376			
GSE3982_DC_VS_NEUTROPHIL_DN	-0.23203948205887603			
GSE22886_NAIVE_VS_IGG_IGA_MEMORY_BCELL_UP	-0.23206367982529402			
IPA_ID1_UP	-0.2320655982577907			
GO_NEGATIVE_REGULATION_OF_NUCLEOTIDE_BIOSYNTHETIC_PROCESS	-0.232089388217724			
GO_REGULATION_OF_CYCLIC_NUCLEOTIDE_PHOSPHODIESTERASE_ACTIVITY	-0.23209092047397378			
GSE27434_WT_VS_DNMT1_KO_TREG_UP	-0.23210861710115366			
MIR4712_5P	-0.2321115336151004			
FLECHNER_PBL_KIDNEY_TRANSPLANT_OK_VS_DONOR_DN	-0.23215011899265217			
GO_NEGATIVE_REGULATION_OF_FERTILIZATION	-0.23215365273654007			
IPA_PA2G4_DN	-0.23216300538358103			
REACTOME_NEUROTRANSMITTER_RELEASE_CYCLE	-0.23218577689340508			
MIR8082	-0.23219094970323265			
GO_TRANSLATION_INITIATION_FACTOR_ACTIVITY	-0.2323083252382215			
MIR509_5P	-0.23230982459255184			
REACTOME_TRNA_AMINOACYLATION	-0.2323148104295973			
GO_SINGLE_STRANDED_VIRAL_RNA_REPLICATION_VIA_DOUBLE_STRANDED_DNA_INTERMEDIATE	-0.232332057840305			
GO_POSITIVE_REGULATION_OF_CALCIUM_ION_DEPENDENT_EXOCYTOSIS	-0.23234581298550241			
GO_NEGATIVE_REGULATION_OF_SMOOTH_MUSCLE_CELL_DIFFERENTIATION	-0.23242606044746575			
MIR378F	-0.23246691641316505			
BIOCARTA_BOTULIN_PATHWAY	-0.23247265780751825			
GO_RECEPTOR_DIFFUSION_TRAPPING	-0.23247811259650858			
GSE45365_WT_VS_IFNAR_KO_BCELL_DN	-0.23249631524541867			
GO_NEGATIVE_REGULATION_OF_ANTIGEN_PROCESSING_AND_PRESENTATION	-0.2325166169935181			
GO_GABAERGIC_NEURON_DIFFERENTIATION	-0.23251854201902242			
GO_REGULATION_OF_PENILE_ERECTION	-0.23252246820215589			
MIR6885_3P	-0.23253437455638207			
GO_NEGATIVE_REGULATION_OF_MYELOID_CELL_APOPTOTIC_PROCESS	-0.23255477514438755			
GO_REGULATION_OF_CALCIUM_ION_DEPENDENT_EXOCYTOSIS	-0.2325699311649006			
REACTOME_MICRORNA_MIRNA_BIOGENESIS	-0.2325820858678761			
GSE43955_1H_VS_60H_ACT_CD4_TCELL_WITH_TGFB_IL6_UP	-0.23258584956067663			
BIOCARTA_CELLCYCLE_PATHWAY	-0.2325911098956856			
GO_NEGATIVE_REGULATION_OF_VOLTAGE_GATED_CALCIUM_CHANNEL_ACTIVITY	-0.23262340945092222			
GO_NEGATIVE_REGULATION_OF_TUMOR_NECROSIS_FACTOR_SUPERFAMILY_CYTOKINE_PRODUCTION	-0.23263218604387012			
GSE13946_CTRL_VS_DSS_COLITIS_GD_TCELL_FROM_COLON_DN	-0.23265622932578744			
MIR4447	-0.23266310499661078			
MIR3122	-0.23267002498926598			
GO_RNA_DESTABILIZATION	-0.23267419641111495			
IPA_PAX4_UP	-0.2326810607714231			
MIR187_5P	-0.23268213941551252			
GO_PROTEIN_AUTOUBIQUITINATION	-0.2326915520406876			
YRTCANNRCGC_UNKNOWN	-0.23270542220095952			
ACAGGGT_MIR10A_MIR10B	-0.23272220340651623			
GO_NUCLEUS_ORGANIZATION	-0.23274366045565986			
ALONSO_METASTASIS_DN	-0.23278514371850173			
GO_MITOCHONDRIAL_ACETYL_COA_BIOSYNTHETIC_PROCESS_FROM_PYRUVATE	-0.23279031770140904			
chr11q12	-0.2327961902417614			
GAGCTGG_MIR337	-0.23280573125542034			
GSE5589_WT_VS_IL6_KO_LPS_AND_IL10_STIM_MACROPHAGE_45MIN_UP	-0.23283234603226408			
GO_RESPONSE_TO_FUNGUS	-0.23283949319544833			
GSE27786_NKTCELL_VS_MONO_MAC_UP	-0.23284755786865388			
IPA_SP100_DN	-0.23285517412680293			
IPA_BNC1_DN	-0.23285517412680293			
IPA_PSMC6_UP	-0.23285517412680293			
KRAS.BREAST_UP.V1_DN	-0.23289852670137567			
GO_MICTURITION	-0.23294060589180443			
GO_MATURATION_OF_SSU_RRNA	-0.2329482388830194			
GO_MITOCHONDRIAL_DNA_REPLICATION	-0.23296918126596675			
GO_MICROTUBULE_SEVERING	-0.23301021709226236			
BURTON_ADIPOGENESIS_3	-0.23301441814073037			
GSE7568_IL4_VS_IL4_AND_TGFB_TREATED_MACROPHAGE_24H_DN	-0.23302178719840325			
KONDO_PROSTATE_CANCER_HCP_WITH_H3K27ME3	-0.23302796417665048			
GSE9960_HEALTHY_VS_GRAM_NEG_AND_POS_SEPSIS_PBMC_DN	-0.2330414384510187			
GSE17721_0.5H_VS_24H_POLYIC_BMDC_UP	-0.23305944763034037			
MIR4483	-0.2330744454998379			
IPA_TBX2_UP	-0.2331051395624714			
REACTOME_PI_3K_CASCADE_FGFR4	-0.2331071092062333			
GO_NEGATIVE_REGULATION_OF_DEPHOSPHORYLATION	-0.23312856069277588			
MIR3679_3P	-0.23314573750782489			
CREBP1_01	-0.23314814883341173			
IPA_IRF8_UP	-0.2331501139370407			
GO_RRNA_ADENINE_METHYLTRANSFERASE_ACTIVITY	-0.23316853559105663			
PRC2_EED_UP.V1_DN	-0.23317637910895236			
GO_DOUBLE_STRANDED_TELOMERIC_DNA_BINDING	-0.2331832215191278			
GO_PHOSPHATIDYLINOSITOL_3_4_BISPHOSPHATE_BINDING	-0.23319171333604888			
GSE26343_UNSTIM_VS_LPS_STIM_MACROPHAGE_DN	-0.23319311184196104			
MIR6750_5P	-0.23320498509160886			
SMTTTTGT_UNKNOWN	-0.23320707101251653			
BIDUS_METASTASIS_DN	-0.23323508524998218			
GO_VOLTAGE_GATED_CATION_CHANNEL_ACTIVITY	-0.23324901893210406			
MIR548AV_3P	-0.23325166385770466			
BIOCARTA_FBW7_PATHWAY	-0.23327389716579852			
GO_POSITIVE_REGULATION_OF_ACUTE_INFLAMMATORY_RESPONSE	-0.23327424497057525			
GSE37533_UNTREATED_VS_PIOGLIZATONE_TREATED_CD4_TCELL_PPARG2_AND_FOXP3_TRASDUCED_UP	-0.23329170259379345			
GO_ADENYLATE_CYCLASE_ACTIVATING_ADRENERGIC_RECEPTOR_SIGNALING_PATHWAY_INVOLVED_IN_HEART_PROCESS	-0.23329704553907923			
GO_NEUTROPHIL_MIGRATION	-0.2333142247040874			
GO_BILE_ACID_SODIUM_SYMPORTER_ACTIVITY	-0.23332043020083576			
GSE9006_TYPE_1_DIABETES_AT_DX_VS_4MONTH_POST_DX_PBMC_DN	-0.2333314381149628			
REACTOME_G2_M_CHECKPOINTS	-0.2333452443934811			
PCGF6_TARGET_GENES	-0.23334824560201414			
GO_REGULATION_OF_TELOMERE_MAINTENANCE_VIA_TELOMERE_LENGTHENING	-0.23335429421998677			
SREBP_Q3	-0.2333774518942348			
IPA_SALL3_DN	-0.23338316464581696			
GSE40274_FOXP3_VS_FOXP3_AND_EOS_TRANSDUCED_ACTIVATED_CD4_TCELL_DN	-0.23339173416919057			
MIR5004_3P	-0.23340766618848657			
TCCAGAG_MIR518C	-0.2334080572611021			
NCX_01	-0.2334232182505347			
GO_SPHINGOLIPID_MEDIATED_SIGNALING_PATHWAY	-0.23342745280477706			
VILLANUEVA_LIVER_CANCER_KRT19_UP	-0.23343753864061073			
GO_CEREBRAL_CORTEX_GABAERGIC_INTERNEURON_DIFFERENTIATION	-0.23344953271704563			
GO_NEGATIVE_REGULATION_OF_MYELOID_LEUKOCYTE_DIFFERENTIATION	-0.23345735635969173			
REACTOME_PTK6_REGULATES_PROTEINS_INVOLVED_IN_RNA_PROCESSING	-0.23350585880003136			
GO_FARNESYL_DIPHOSPHATE_METABOLIC_PROCESS	-0.23350664801898335			
GO_ATPASE_INHIBITOR_ACTIVITY	-0.23351416524523633			
GO_PROTEIN_DE_ADP_RIBOSYLATION	-0.23353435826160887			
GO_CALCIUM_ION_REGULATED_EXOCYTOSIS	-0.23356411846714933			
ACTGCCT_MIR34B	-0.23358060344348766			
GSE32901_TH1_VS_TH17_ENRICHED_CD4_TCELL_DN	-0.23358385158591818			
GO_CELLULAR_MAGNESIUM_ION_HOMEOSTASIS	-0.2335936296566082			
GO_MATURATION_OF_5_8S_RRNA	-0.23359598275913993			
GSE22886_UNSTIM_VS_IL2_STIM_NKCELL_DN	-0.2336254303082276			
REACTOME_MITOCHONDRIAL_CALCIUM_ION_TRANSPORT	-0.2336407122962986			
GO_CHECKPOINT_CLAMP_COMPLEX	-0.2336436579914351			
GO_CCR4_NOT_COMPLEX	-0.23368477273519797			
MIR6766_5P	-0.23368528912299355			
GSE27786_BCELL_VS_CD4_TCELL_DN	-0.23369483715796113			
MIR151A_3P	-0.23370755301793641			
GO_SNORNA_METABOLIC_PROCESS	-0.2337110774379523			
ARHGAP35_TARGET_GENES	-0.2337182051273312			
GO_MRNA_PSEUDOURIDINE_SYNTHESIS	-0.23375414997305208			
GO_HYPOXIA_INDUCIBLE_FACTOR_1ALPHA_SIGNALING_PATHWAY	-0.23376492767920845			
SREBP1_02	-0.23377587042082593			
GO_REGULATION_OF_FATTY_ACID_BETA_OXIDATION	-0.23377666658911592			
MIR509_3_5P	-0.23381383700821712			
REACTOME_FOXO_MEDIATED_TRANSCRIPTION_OF_OXIDATIVE_STRESS_METABOLIC_AND_NEURONAL_GENES	-0.23382497511053754			
OCT1_01	-0.23383040252697576			
GSE19401_PAM2CSK4_VS_RETINOIC_ACID_AND_PAM2CSK4_STIM_FOLLICULAR_DC_DN	-0.23387422853819506			
PTEN_DN.V1_DN	-0.23394328849243334			
MIR3136_5P	-0.23394700990316433			
GO_CELL_DIFFERENTIATION_IN_HINDBRAIN	-0.23395038984189204			
GO_EATING_BEHAVIOR	-0.23396366112454847			
REACTOME_2_LTR_CIRCLE_FORMATION	-0.23397500866065504			
GO_LIGASE_ACTIVITY	-0.23397511072705213			
MIR6764_5P	-0.23398627043183168			
GO_HISTAMINE_TRANSPORT	-0.23399770757924102			
chr8p23	-0.2339982547093463			
GO_INHIBITORY_SYNAPSE	-0.23403493548693863			
REACTOME_MRNA_EDITING	-0.2340694678277301			
VECCHI_GASTRIC_CANCER_EARLY_DN	-0.2340824524011336			
MIR6825_5P	-0.23408889793380036			
GSE17721_PAM3CSK4_VS_GADIQUIMOD_6H_BMDC_UP	-0.23409521719734053			
MIR3928_5P	-0.23411521784133832			
GSE14415_INDUCED_VS_NATURAL_TREG_DN	-0.2341363639075821			
GO_BUNDLE_OF_HIS_CELL_TO_PURKINJE_MYOCYTE_SIGNALING	-0.23413822767253006			
GO_POSITIVE_REGULATION_OF_DEVELOPMENTAL_PIGMENTATION	-0.23415106432834593			
MIR146B_3P	-0.23415384641203713			
MIR6083	-0.23417754752940068			
GSE21063_CTRL_VS_ANTI_IGM_STIM_BCELL_NFATC1_KO_8H_DN	-0.2342263205434141			
GO_NEGATIVE_REGULATION_OF_FIBROBLAST_APOPTOTIC_PROCESS	-0.2342442595404866			
GO_MONOCYTE_EXTRAVASATION	-0.23424555177590817			
GSE24634_NAIVE_CD4_TCELL_VS_DAY7_IL4_CONV_TREG_DN	-0.23426253215288256			
GSE28737_WT_VS_BCL6_HET_MARGINAL_ZONE_BCELL_UP	-0.2342633516815043			
GO_DEPYRIMIDINATION	-0.23428550760037573			
GSE28737_BCL6_HET_VS_BCL6_KO_MARGINAL_ZONE_BCELL_UP	-0.2342972085868529			
GO_REGULATION_OF_GLUTAMATE_SECRETION	-0.23430141288474995			
XU_HGF_TARGETS_REPRESSED_BY_AKT1_DN	-0.23433638298120832			
GSE18281_CORTICAL_VS_MEDULLARY_THYMOCYTE_DN	-0.23434895319908697			
chr22q11	-0.2343671295698677			
GO_ATRIAL_SEPTUM_DEVELOPMENT	-0.23436740446240875			
MIR518E_5P_MIR519A_5P_MIR519B_5P_MIR519C_5P_MIR522_5P_MIR523_5P	-0.2343789959337856			
IPA_NFATC3_DN	-0.23438495651586835			
MIR6740_5P	-0.23440707817907308			
LU_AGING_BRAIN_DN	-0.2344218037329333			
GO_POSTSYNAPSE	-0.23442532804671817			
GSE8515_CTRL_VS_IL6_4H_STIM_MAC_DN	-0.23443452574954787			
GSE16385_ROSIGLITAZONE_VS_UNTREATED_IFNG_TNF_STIM_MACROPHAGE_DN	-0.2344415861181499			
GSE5589_LPS_VS_LPS_AND_IL10_STIM_MACROPHAGE_180MIN_UP	-0.23444357157672222			
REACTOME_PHOSPHORYLATION_OF_THE_APC_C	-0.23447911453248346			
GO_NEURON_NEURON_SYNAPTIC_TRANSMISSION	-0.23452467203199298			
GSE21380_NON_TFH_VS_GERMINAL_CENTER_TFH_CD4_TCELL_DN	-0.23454373884561497			
SOTIRIOU_BREAST_CANCER_GRADE_1_VS_3_UP	-0.23456140156651178			
AAGCCAT_MIR135A_MIR135B	-0.23461224764515864			
CAGCCTC_MIR4855P	-0.2346321333196287			
GO_PURINE_NUCLEOSIDE_TRIPHOSPHATE_CATABOLIC_PROCESS	-0.23464323736252968			
GSE40277_EOS_AND_LEF1_TRANSDUCED_VS_CTRL_CD4_TCELL_DN	-0.23467659194144472			
GO_REGULATION_OF_TRANSLATIONAL_FIDELITY	-0.23468058620972043			
MIR11400	-0.23468276715980876			
IPA_SMARCA4_UP	-0.23468715638889437			
PID_NFKAPPAB_CANONICAL_PATHWAY	-0.2347020179132046			
DUTERTRE_ESTRADIOL_RESPONSE_24HR_UP	-0.23471472496701418			
NKX25_02	-0.23471932292557987			
GO_POSITIVE_REGULATION_OF_RESPONSE_TO_EXTRACELLULAR_STIMULUS	-0.23473679629896718			
GO_REGULATION_OF_PROTEIN_LOCALIZATION_TO_CILIUM	-0.23474921656516862			
GO_STRUCTURAL_CONSTITUENT_OF_RIBOSOME	-0.23475434374989865			
GSE20727_CTRL_VS_ROS_INHIBITOR_TREATED_DC_UP	-0.23475502255406555			
IPA_IRF1_DN	-0.23476515313354765			
chr13q21	-0.23477124590713314			
REACTOME_G_PROTEIN_ACTIVATION	-0.23477270601169706			
GSE7460_FOXP3_MUT_VS_WT_ACT_WITH_TGFB_TCONV_DN	-0.2348257556629918			
GO_CELL_CYCLE	-0.23486047918288414			
STN1_TARGET_GENES	-0.23489272856814095			
chr13q14	-0.234933077033121			
GO_REDUCTION_OF_FOOD_INTAKE_IN_RESPONSE_TO_DIETARY_EXCESS	-0.2349437484576181			
GO_SAGA_COMPLEX	-0.2349723576843329			
MIR1224_5P	-0.2349742692135181			
GO_CELL_PROLIFERATION_IN_FOREBRAIN	-0.23498027266633			
GO_EPITHELIAL_CILIUM_MOVEMENT_INVOLVED_IN_DETERMINATION_OF_LEFT_RIGHT_ASYMMETRY	-0.23499648135566875			
REACTOME_G2_M_DNA_DAMAGE_CHECKPOINT	-0.2349980391441118			
GO_COMPLEMENT_COMPONENT_C3B_BINDING	-0.2350145352647118			
MIR600	-0.2350367134307924			
GO_REGULATION_OF_METAPHASE_PLATE_CONGRESSION	-0.2350985745188686			
SA_REG_CASCADE_OF_CYCLIN_EXPR	-0.23512252691976573			
GSE16385_MONOCYTE_VS_12H_ROSIGLITAZONE_IL4_TREATED_MACROPHAGE_UP	-0.23512716473053719			
GO_NUCLEOBASE_CONTAINING_SMALL_MOLECULE_CATABOLIC_PROCESS	-0.235127191564343			
REACTOME_SUMOYLATION_OF_TRANSCRIPTION_COFACTORS	-0.23513975122411185			
MIKKELSEN_ES_HCP_WITH_H3_UNMETHYLATED	-0.23514515368139924			
GSE15139_GMCSF_TREATED_VS_UNTREATED_NEUTROPHILS_DN	-0.23514635286404556			
GSE46606_IRF4MID_VS_WT_CD40L_IL2_IL5_DAY1_STIMULATED_BCELL_DN	-0.2351705643690229			
GO_ANAPHASE_PROMOTING_COMPLEX	-0.23518005596896494			
GO_HISTONE_DEMETHYLASE_ACTIVITY_H3_K4_SPECIFIC	-0.2351875026620876			
GO_MICROTUBULE_BINDING	-0.23526201904681857			
MIR135A_2_3P	-0.2352776080815657			
MIR548AO_3P	-0.23527786934275943			
GO_RNA_POLYMERASE_III_COMPLEX	-0.23530471008531262			
GO_AMINO_ACID_ACTIVATION	-0.23531169422778406			
GSE15324_ELF4_KO_VS_WT_ACTIVATED_CD8_TCELL_DN	-0.2353183073366414			
SILIGAN_TARGETS_OF_EWS_FLI1_FUSION_DN	-0.23532410947138374			
GO_CELLULAR_RESPONSE_TO_INSULIN_LIKE_GROWTH_FACTOR_STIMULUS	-0.23533993577398582			
CTGCAGY_UNKNOWN	-0.23536271274755652			
GSE29164_CD8_TCELL_VS_CD8_TCELL_AND_IL12_TREATED_MELANOMA_DAY7_DN	-0.23537340839756046			
MIR3529_3P	-0.23541424425496976			
MIR1301_5P	-0.23544901482047886			
GSE5542_UNTREATED_VS_IFNG_TREATED_EPITHELIAL_CELLS_24H_DN	-0.2354568978217734			
GSE15624_CTRL_VS_6H_HALOFUGINONE_TREATED_CD4_TCELL_UP	-0.2354750899209954			
GO_OXYGEN_TRANSPORT	-0.23549257222464887			
GSE2706_UNSTIM_VS_8H_LPS_AND_R848_DC_UP	-0.23549680651445448			
GO_REGULATION_OF_DEFENSE_RESPONSE_TO_VIRUS_BY_HOST	-0.23550101743371216			
GO_REGULATION_OF_CELL_CYCLE_ARREST	-0.23551209311919094			
GO_REGULATION_OF_RETINA_DEVELOPMENT_IN_CAMERA_TYPE_EYE	-0.23551552900895695			
ZNF146_TARGET_GENES	-0.23552162949688255			
GO_PEPTIDYL_DIPHTHAMIDE_BIOSYNTHETIC_PROCESS_FROM_PEPTIDYL_HISTIDINE	-0.23553000445935904			
REACTOME_VASOPRESSIN_REGULATES_RENAL_WATER_HOMEOSTASIS_VIA_AQUAPORINS	-0.23555440940209701			
GSE16450_CTRL_VS_IFNA_12H_STIM_IMMATURE_NEURON_CELL_LINE_UP	-0.2355639446797195			
MIR6509_3P	-0.23558093712162761			
GO_NEUROMUSCULAR_PROCESS_CONTROLLING_POSTURE	-0.23559245940513285			
GO_ADULT_BEHAVIOR	-0.23560532438311335			
GO_REGULATION_OF_PRESYNAPTIC_MEMBRANE_POTENTIAL	-0.23561084228807821			
MIR3167	-0.23561612227429735			
MIR6761_5P	-0.23561876962081157			
GO_SYNAPTIC_VESICLE_CLUSTERING	-0.2356401820820735			
MIR7152_5P	-0.23564327692731027			
SASAKI_ADULT_T_CELL_LEUKEMIA	-0.23565014953557142			
GO_EXTRINSIC_COMPONENT_OF_POSTSYNAPTIC_SPECIALIZATION_MEMBRANE	-0.23565935288404014			
TONKS_TARGETS_OF_RUNX1_RUNX1T1_FUSION_GRANULOCYTE_DN	-0.23567108174740395			
GO_DEOXYRIBONUCLEOSIDE_MONOPHOSPHATE_METABOLIC_PROCESS	-0.23569449706575105			
GSE13485_DAY3_VS_DAY7_YF17D_VACCINE_PBMC_UP	-0.23570341699622335			
GO_TRANSLOCATION_OF_MOLECULES_INTO_HOST	-0.23573209344804036			
GO_NEGATIVE_REGULATION_OF_CENTRIOLE_REPLICATION	-0.235734676402204			
GO_PROTON_TRANSPORTING_ATP_SYNTHASE_COMPLEX	-0.235758714999742			
GSE22611_NOD2_TRANSDUCED_VS_CTRL_HEK293T_STIMULATED_WITH_MDP_2H_DN	-0.23576528904533217			
GSE22033_UNTREATED_VS_ROSIGLITAZONE_TREATED_MEF_UP	-0.23577834533068415			
MIR518D_5P_MIR518F_5P_MIR520C_5P_MIR526A_5P	-0.23579054670674907			
GO_U4_SNRNA_3_END_PROCESSING	-0.23580322632415684			
GSE23505_UNTREATED_VS_4DAY_IL6_IL1_TREATED_CD4_TCELL_UP	-0.23588421575435348			
GO_REGULATION_OF_HISTONE_H2B_UBIQUITINATION	-0.23589370553207203			
MIR8087	-0.23589750997102266			
GO_NEGATIVE_REGULATION_OF_TELOMERE_CAPPING	-0.23592106127541518			
GO_POSITIVE_REGULATION_OF_CHROMATIN_BINDING	-0.23592655397525744			
GSE37301_HEMATOPOIETIC_STEM_CELL_VS_COMMON_LYMPHOID_PROGENITOR_DN	-0.2359279038651554			
MIR4696	-0.23595788480820865			
GSE7568_IL4_VS_IL4_AND_TGFB_TREATED_MACROPHAGE_24H_UP	-0.2359632528145175			
BIOCARTA_SARS_PATHWAY	-0.23596598829579002			
GO_REGULATION_OF_CELL_CYCLE_PROCESS	-0.23598604006360135			
GO_G_PROTEIN_COUPLED_ACETYLCHOLINE_RECEPTOR_ACTIVITY	-0.23604531305350276			
GSE17974_CTRL_VS_ACT_IL4_AND_ANTI_IL12_4H_CD4_TCELL_UP	-0.2360502081828304			
MIR4481	-0.2360591187065039			
GSE29617_CTRL_VS_TIV_FLU_VACCINE_PBMC_2008_DN	-0.23605930662036587			
HOXC11_TARGET_GENES	-0.23606152760730653			
GSE42021_CD24INT_TREG_VS_CD24INT_TCONV_THYMUS_UP	-0.2360664401172658			
GSE17721_CTRL_VS_LPS_8H_BMDC_UP	-0.23608349276965357			
IPA_POU3F2_UP	-0.23608546249663007			
GO_KINETOCHORE_BINDING	-0.2360925140146713			
IPA_E2F4_UP	-0.23609636490675945			
GO_VOLTAGE_GATED_SODIUM_CHANNEL_COMPLEX	-0.23611504459720617			
GO_POSITIVE_REGULATION_OF_ARP2_3_COMPLEX_MEDIATED_ACTIN_NUCLEATION	-0.23613558977554014			
GO_ANTIBACTERIAL_HUMORAL_RESPONSE	-0.23613572767799432			
GO_PROTEIN_TETRAMERIZATION	-0.23614676738296367			
MIR513B_5P	-0.2361499743091806			
GSE15659_CD45RA_NEG_CD4_TCELL_VS_RESTING_TREG_DN	-0.23615866052275133			
GO_DEFENSE_RESPONSE_TO_BACTERIUM	-0.23615978084297584			
GO_SUMO_LIGASE_ACTIVITY	-0.23618741664414267			
GO_S_METHYLTRANSFERASE_ACTIVITY	-0.2362067598902104			
GO_PEROXISOME_PROLIFERATOR_ACTIVATED_RECEPTOR_BINDING	-0.23620926948662055			
GO_CYTOPLASMIC_SEQUESTERING_OF_NF_KAPPAB	-0.23625684641706468			
GSE8685_IL15_ACT_IL2_STARVED_VS_IL21_ACT_IL2_STARVED_CD4_TCELL_UP	-0.23626993305369012			
MIR181A_2_3P	-0.23627471449481896			
GO_DEOXYRIBONUCLEOSIDE_TRIPHOSPHATE_METABOLIC_PROCESS	-0.2362773449215074			
GO_CATALYTIC_ACTIVITY_ACTING_ON_A_RRNA	-0.23629959305819687			
LEIN_NEURON_MARKERS	-0.23630957191534474			
GO_THIAMINE_CONTAINING_COMPOUND_METABOLIC_PROCESS	-0.23634408734422557			
AACWWCAANK_UNKNOWN	-0.2363597703129625			
GO_CALCIUM_ION_TRANSMEMBRANE_TRANSPORT	-0.23636700762000457			
MIR133A_5P	-0.23637056991781336			
REACTOME_CONVERSION_FROM_APC_C_CDC20_TO_APC_C_CDH1_IN_LATE_ANAPHASE	-0.23637518872069818			
MOREAUX_B_LYMPHOCYTE_MATURATION_BY_TACI_DN	-0.2363764918924169			
GSE43863_NAIVE_VS_TFH_CD4_EFF_TCELL_D6_LCMV_DN	-0.23639842101404696			
GO_PYRIMIDINE_DEOXYRIBONUCLEOSIDE_MONOPHOSPHATE_BIOSYNTHETIC_PROCESS	-0.23640061696460718			
GO_REGULATION_OF_SALIVA_SECRETION	-0.2364084437752378			
GO_POSITIVE_REGULATION_OF_SYNAPTIC_TRANSMISSION_DOPAMINERGIC	-0.23645959004578687			
GSE40666_STAT1_KO_VS_STAT4_KO_CD8_TCELL_UP	-0.2364605196398261			
GO_VESICLE_MEDIATED_TRANSPORT_IN_SYNAPSE	-0.23647156101221287			
GO_SPERM_EJACULATION	-0.23647594560321936			
REACTOME_FOLDING_OF_ACTIN_BY_CCT_TRIC	-0.23647941607173736			
GSE27786_LSK_VS_MONO_MAC_UP	-0.2365047337162614			
GO_ATP_DEPENDENT_PEPTIDASE_ACTIVITY	-0.23655468014217346			
TAL1BETAITF2_01	-0.23658289798165888			
IPA_MNAT1_UP	-0.23660458504223542			
GO_NEGATIVE_REGULATION_OF_TRANSLATIONAL_ELONGATION	-0.23665713537389338			
NUMATA_CSF3_SIGNALING_VIA_STAT3	-0.23666279040805388			
CTCAGGG_MIR125B_MIR125A	-0.23668309542295085			
GSE5142_CTRL_VS_HTERT_TRANSDUCED_CD8_TCELL_EARLY_PASSAGE_CLONE_DN	-0.2366836701150236			
REACTOME_MECP2_REGULATES_TRANSCRIPTION_OF_NEURONAL_LIGANDS	-0.2367034090032276			
GO_NEGATIVE_REGULATION_OF_ACTION_POTENTIAL	-0.23670728612534167			
GSE17186_CD21LOW_VS_CD21HIGH_TRANSITIONAL_BCELL_UP	-0.2367262791597082			
YTCCCRNNAGGY_UNKNOWN	-0.2367533027684369			
GSE14000_UNSTIM_VS_16H_LPS_DC_UP	-0.2367559594715126			
GO_PEPTIDYL_ARGININE_OMEGA_N_METHYLATION	-0.23676137359867405			
GO_OLFACTORY_RECEPTOR_BINDING	-0.2367812425641111			
GO_BIOACTIVE_LIPID_RECEPTOR_ACTIVITY	-0.23683175781104837			
MIR6811_3P	-0.23684638890156426			
BILANGES_SERUM_RESPONSE_TRANSLATION	-0.23685582807888222			
GO_VASOPRESSIN_RECEPTOR_ACTIVITY	-0.23687281449975395			
GO_PEPTIDYL_ARGININE_METHYLATION	-0.23690967914980085			
GO_SYNAPTIC_VESICLE_ENDOSOMAL_PROCESSING	-0.23691395447026523			
GO_ADENYLATE_CYCLASE_INHIBITING_G_PROTEIN_COUPLED_ACETYLCHOLINE_RECEPTOR_SIGNALING_PATHWAY	-0.2369419841951071			
GO_LEUKOCYTE_AGGREGATION	-0.23694291885042068			
DPPA3_TARGET_GENES	-0.23695753275511072			
MIR6867_5P	-0.23699027222826327			
GSE19941_LPS_VS_LPS_AND_IL10_STIM_IL10_KO_MACROPHAGE_UP	-0.23700573874574452			
GO_CELLULAR_RESPONSE_TO_UV	-0.23703734733393395			
GSE39110_DAY3_VS_DAY6_POST_IMMUNIZATION_CD8_TCELL_UP	-0.23705843565065035			
GO_TRANSCRIPTION_INITIATION_FROM_RNA_POLYMERASE_III_PROMOTER	-0.23707820422807477			
GO_REGULATION_OF_CIRCADIAN_SLEEP_WAKE_CYCLE	-0.2370978645237489			
GO_ATP_DEPENDENT_MICROTUBULE_MOTOR_ACTIVITY_PLUS_END_DIRECTED	-0.2371046611993834			
GSE23114_WT_VS_SLE2C1_MOUSE_SPLEEN_B1A_BCELL_DN	-0.2371188960119846			
MIR11181_3P	-0.23713570638808829			
MIR4677_3P	-0.23714333529790874			
IPA_NF1_UP	-0.23714625454992846			
CACTGTG_MIR128A_MIR128B	-0.23716017348101873			
GO_MULTICELLULAR_ORGANISMAL_MOVEMENT	-0.23716306896548428			
GSE45739_UNSTIM_VS_ACD3_ACD28_STIM_NRAS_KO_CD4_TCELL_UP	-0.23718209987833583			
MIR1911_3P	-0.2372129269151918			
GO_DNA_METHYLATION_ON_CYTOSINE	-0.23721407834611424			
REICHERT_G1S_REGULATORS_AS_PI3K_TARGETS	-0.2372186639315118			
GO_REGULATION_OF_DOUBLE_STRAND_BREAK_REPAIR_VIA_NONHOMOLOGOUS_END_JOINING	-0.2372206231060143			
REACTOME_SEPARATION_OF_SISTER_CHROMATIDS	-0.2372264684648754			
GO_INTRINSIC_COMPONENT_OF_POSTSYNAPTIC_MEMBRANE	-0.23724148423537422			
FOXM1_01	-0.23725353885155123			
GO_DEFENSE_RESPONSE_TO_GRAM_POSITIVE_BACTERIUM	-0.23726310653796506			
GO_NEGATIVE_REGULATION_OF_UBIQUITIN_PROTEIN_LIGASE_ACTIVITY	-0.237265130346175			
REACTOME_POSTMITOTIC_NUCLEAR_PORE_COMPLEX_NPC_REFORMATION	-0.23726539723494253			
GO_ATG1_ULK1_KINASE_COMPLEX	-0.23728649638736596			
GSE13522_WT_VS_IFNG_KO_SKIN_UP	-0.23729757187132616			
GO_HOST_CELL_NUCLEAR_PART	-0.23730622228889556			
REACTOME_P2Y_RECEPTORS	-0.23736053170374855			
REACTOME_ACETYLCHOLINE_NEUROTRANSMITTER_RELEASE_CYCLE	-0.23736277873669			
MIR3144_3P	-0.2373669194010729			
GSE2585_THYMIC_DC_VS_THYMIC_MACROPHAGE_UP	-0.23737808037704172			
REACTOME_NEUROTOXICITY_OF_CLOSTRIDIUM_TOXINS	-0.23738479121367514			
GSE14415_INDUCED_TREG_VS_FOXP3_KO_INDUCED_TREG_IL2_CULTURE_DN	-0.23741984204128316			
MIR129_5P	-0.23744261464553426			
PID_EPHA_FWDPATHWAY	-0.23748690921012455			
IPA_FLII_DN	-0.23752240616142892			
GO_VITAMIN_D_RECEPTOR_BINDING	-0.23752384779064178			
TGCAAAC_MIR452	-0.23752621274991637			
REACTOME_GROWTH_HORMONE_RECEPTOR_SIGNALING	-0.2375544596192876			
KEGG_ONE_CARBON_POOL_BY_FOLATE	-0.2375985257115332			
IPA_IRF4_UP	-0.23760029686276196			
GSE1925_CTRL_VS_IFNG_PRIMED_MACROPHAGE_24H_IFNG_STIM_UP	-0.23760198363254148			
REACTOME_THE_ROLE_OF_GTSE1_IN_G2_M_PROGRESSION_AFTER_G2_CHECKPOINT	-0.23760496693798308			
MIR3123	-0.2376217305300793			
MIR7110_3P	-0.23762251019790254			
GSE21927_SPLENIC_C26GM_TUMOROUS_VS_BONE_MARROW_MONOCYTES_DN	-0.23763479967334483			
GSE14415_INDUCED_TREG_VS_TCONV_UP	-0.2376432578234858			
GO_NEGATIVE_REGULATION_OF_DNA_TEMPLATED_TRANSCRIPTION_INITIATION	-0.2376541781742139			
IPA_E2F6_UP	-0.23767881152854217			
GSE17721_LPS_VS_PAM3CSK4_6H_BMDC_DN	-0.23767996433211536			
REACTOME_G2_M_DNA_REPLICATION_CHECKPOINT	-0.23769517240552207			
chr1p11	-0.23772193100833844			
GO_REGULATION_OF_MRNA_3_END_PROCESSING	-0.2377331613540829			
GO_CEREBELLAR_PURKINJE_CELL_LAYER_FORMATION	-0.23774347713048669			
GSE5542_UNTREATED_VS_IFNA_AND_IFNG_TREATED_EPITHELIAL_CELLS_24H_DN	-0.23775630177552476			
GO_NOREPINEPHRINE_BIOSYNTHETIC_PROCESS	-0.23775681348268723			
GO_TRANSLESION_SYNTHESIS	-0.23779393860748757			
BOHN_PRIMARY_IMMUNODEFICIENCY_SYNDROM_UP	-0.23780715872499733			
GSE41867_NAIVE_VS_DAY8_LCMV_CLONE13_EFFECTOR_CD8_TCELL_UP	-0.23782824658840523			
GO_REGULATION_OF_DEVELOPMENTAL_PIGMENTATION	-0.23783090880568689			
GSE10239_MEMORY_VS_KLRG1INT_EFF_CD8_TCELL_UP	-0.23783408681910123			
REACTOME_RRNA_PROCESSING	-0.23783672326996125			
GO_PROLINE_TRANSPORT	-0.2378407058649876			
FLOTHO_PEDIATRIC_ALL_THERAPY_RESPONSE_DN	-0.23784613391679035			
MIR337_3P	-0.237848060363778			
GO_PROTEIN_DEGLUTAMYLATION	-0.23785115756040434			
GO_VIRAL_LATENCY	-0.2378516974456918			
GO_ERYTHROCYTE_HOMEOSTASIS	-0.237856778918922			
MIR4652_3P	-0.23789216504107955			
IPA_E2F2_UP	-0.23793450277857603			
GO_NEGATIVE_REGULATION_OF_ORGANELLE_ORGANIZATION	-0.23795111826488516			
GSE2706_2H_VS_8H_LPS_STIM_DC_UP	-0.23795132413512093			
GSE36476_YOUNG_VS_OLD_DONOR_MEMORY_CD4_TCELL_16H_TSST_ACT_DN	-0.23795241973301634			
FIGUEROA_AML_METHYLATION_CLUSTER_5_DN	-0.23795464742755643			
GO_BLOOD_VESSEL_ENDOTHELIAL_CELL_DIFFERENTIATION	-0.23798328570560873			
GO_REGULATION_OF_THE_FORCE_OF_HEART_CONTRACTION_BY_CHEMICAL_SIGNAL	-0.237983899882522			
CHUNG_BLISTER_CYTOTOXICITY_UP	-0.23798469649478712			
GO_TRANSCRIPTION_FACTOR_COMPLEX	-0.23799795998978054			
GO_REGULATION_OF_MEMBRANE_POTENTIAL	-0.23802560587422997			
MIR6127	-0.23803874548238385			
MIR20A_3P	-0.23804520577585364			
IPA_FOXP1_UP	-0.23805126278283267			
GSE43955_1H_VS_42H_ACT_CD4_TCELL_UP	-0.23805383544247025			
GO_HISTONE_H3_K4_DEMETHYLATION	-0.23808262242501319			
NERF_Q2	-0.2380895806825528			
GO_DEATH_DOMAIN_BINDING	-0.23810817944252108			
GSE15930_STIM_VS_STIM_AND_IFNAB_72H_CD8_T_CELL_UP	-0.23811042718026287			
YGCANTGCR_UNKNOWN	-0.2381120199522102			
MIR6861_5P	-0.2381249274017239			
GSE13522_CTRL_VS_T_CRUZI_G_STRAIN_INF_SKIN_DN	-0.23814110871259866			
GO_POLYSACCHARIDE_BINDING	-0.23815757692046732			
MIR214_5P	-0.2381599013335243			
ZHANG_RESPONSE_TO_CANTHARIDIN_UP	-0.23819060412022705			
CDP_02	-0.23819924149095809			
NPAT_TARGET_GENES	-0.23821020072240198			
GO_GRANULOCYTE_COLONY_STIMULATING_FACTOR_PRODUCTION	-0.23822588673467954			
GO_HISTONE_KINASE_ACTIVITY	-0.23823702508819436			
MIR3682_3P	-0.2382395501918552			
GO_INFLAMMASOME_COMPLEX	-0.23829777508583616			
ATGTTAA_MIR302C	-0.23829831825952522			
GO_OPIOID_RECEPTOR_ACTIVITY	-0.2382995699025692			
IPA_MEF2C_DN	-0.23833670460027448			
REACTOME_CONDENSATION_OF_PROPHASE_CHROMOSOMES	-0.2383412999313218			
REACTOME_GLYCOLYSIS	-0.23835348550041377			
IPA_PSAP_UP	-0.23837044347010247			
IPA_HOXC6_UP	-0.2383754874150708			
GO_RECEPTOR_SIGNALING_PATHWAY_VIA_STAT	-0.2384114578435072			
MIR4663	-0.23841665580562846			
GO_INTRACELLULAR_ESTROGEN_RECEPTOR_SIGNALING_PATHWAY	-0.23842728676742458			
GO_CCR1_CHEMOKINE_RECEPTOR_BINDING	-0.23843389710082646			
GO_FORMATION_OF_TRANSLATION_PREINITIATION_COMPLEX	-0.23845311051524354			
GO_PREPULSE_INHIBITION	-0.23845618066612426			
GO_ANATOMICAL_STRUCTURE_REGRESSION	-0.23848489956222854			
GO_DENDRITE_MEMBRANE	-0.23848597391392337			
GO_POSITIVE_REGULATION_OF_BEHAVIOR	-0.23849207718613788			
GO_PRERIBOSOME_SMALL_SUBUNIT_PRECURSOR	-0.23851043042518769			
GO_RAC_GTPASE_BINDING	-0.23851511324774144			
GO_CCR5_CHEMOKINE_RECEPTOR_BINDING	-0.2385315702887549			
GO_T_CELL_CHEMOTAXIS	-0.23853205213714862			
GO_REGULATION_OF_TOLERANCE_INDUCTION	-0.2385488044955342			
chr16q11	-0.2385658283756561			
MIR492	-0.2385723282946548			
MIR10525_3P	-0.238572676187146			
REACTOME_NEURONAL_SYSTEM	-0.23857871929662589			
STEINER_ERYTHROCYTE_MEMBRANE_GENES	-0.2385972267900471			
chr2p14	-0.23860732708142526			
GO_FANCONI_ANAEMIA_NUCLEAR_COMPLEX	-0.23862329247793265			
GO_POSITIVE_REGULATION_OF_TUMOR_NECROSIS_FACTOR_BIOSYNTHETIC_PROCESS	-0.23862501714146742			
REACTOME_SUMO_IS_CONJUGATED_TO_E1_UBA2_SAE1	-0.23863137798461292			
GO_MRNA_CLEAVAGE_AND_POLYADENYLATION_SPECIFICITY_FACTOR_COMPLEX	-0.23868097371923555			
REACTOME_SEROTONIN_NEUROTRANSMITTER_RELEASE_CYCLE	-0.2386928260571638			
REACTOME_NEGATIVE_EPIGENETIC_REGULATION_OF_RRNA_EXPRESSION	-0.23871911458198775			
RYTGCNNRGNAAC_MIF1_01	-0.23872791458390974			
SMIRNOV_RESPONSE_TO_IR_2HR_DN	-0.23873447101513307			
GO_SPHINGOMYELIN_CATABOLIC_PROCESS	-0.23876468642254628			
GSE34006_A2AR_KO_VS_A2AR_AGONIST_TREATED_TREG_DN	-0.23877011259592196			
GO_CYTOPLASMIC_SIDE_OF_ENDOPLASMIC_RETICULUM_MEMBRANE	-0.2388148045113805			
GO_CATALYTIC_ACTIVITY_ACTING_ON_A_TRNA	-0.2388397408695802			
GO_CONDENSED_CHROMOSOME_INNER_KINETOCHORE	-0.238873355900211			
GO_BH_DOMAIN_BINDING	-0.2388855892744923			
GSE20715_0H_VS_6H_OZONE_LUNG_UP	-0.23891992434934115			
HAHTOLA_CTCL_PATHOGENESIS	-0.23893811252466537			
GO_NEGATIVE_REGULATION_OF_PROTEIN_ACETYLATION	-0.23894660369530313			
GO_SEX_CHROMATIN	-0.23895132643801695			
GO_SIGNAL_TRANSDUCTION_INVOLVED_IN_CELL_CYCLE_CHECKPOINT	-0.238965884045435			
HAHTOLA_SEZARY_SYNDROM_DN	-0.23896844221115712			
GO_POSITIVE_REGULATION_OF_CELL_ADHESION_MEDIATED_BY_INTEGRIN	-0.23896850223635313			
chr21p12	-0.23898549681087128			
FUJII_YBX1_TARGETS_DN	-0.23900627153950035			
CENPT_TARGET_GENES	-0.23900842624293273			
GO_EQUATORIAL_MICROTUBULE_ORGANIZING_CENTER	-0.2390090371303282			
IPA_WHSC1L1_UP	-0.23901776589100882			
IPA_JMJD6_UP	-0.23901776589100882			
GO_CELLULAR_RESPONSE_TO_LEUCINE	-0.2390420316107903			
MIR5003_5P	-0.2390966974137388			
chr21q11	-0.23913405107984761			
MIR6769A_5P	-0.23913859948395158			
MIR4762_3P	-0.23915137739652656			
GSE24972_MARGINAL_ZONE_BCELL_VS_FOLLICULAR_BCELL_DN	-0.23915926638038637			
MIR5571_3P	-0.23917984843711518			
GO_RIBOSOMAL_SMALL_SUBUNIT_BINDING	-0.2391807214290695			
PID_MYC_ACTIV_PATHWAY	-0.23920347256045998			
GSE13522_CTRL_VS_T_CRUZI_Y_STRAIN_INF_SKIN_BALBC_MOUSE_DN	-0.2392220163399581			
GO_PROTEIN_MODIFICATION_BY_SMALL_PROTEIN_CONJUGATION_OR_REMOVAL	-0.23923993880748154			
GSE26030_TH1_VS_TH17_RESTIMULATED_DAY15_POST_POLARIZATION_DN	-0.2392531792724522			
BIOCARTA_CXCR4_PATHWAY	-0.23925545037479812			
GO_TRNA_THREONYLCARBAMOYLADENOSINE_METABOLIC_PROCESS	-0.2392612044072196			
GO_CALCIUM_TRANSMEMBRANE_TRANSPORTER_ACTIVITY_PHOSPHORYLATIVE_MECHANISM	-0.23926738731346742			
chr6q11	-0.239294039481645			
GO_NEGATIVE_REGULATION_OF_CYTOKINE_PRODUCTION_INVOLVED_IN_INFLAMMATORY_RESPONSE	-0.23930588940838687			
GO_CALCIUM_ION_REGULATED_EXOCYTOSIS_OF_NEUROTRANSMITTER	-0.23931814482673555			
GO_NATURAL_KILLER_CELL_DIFFERENTIATION	-0.2393306704796938			
MIR4533	-0.23933608396989836			
GSE6259_33D1_POS_DC_VS_CD8_TCELL_UP	-0.2393378938417006			
KANG_DOXORUBICIN_RESISTANCE_UP	-0.2393956908040273			
IPA_PTF1A_UP	-0.23940104792364017			
IPA_FOXE3_UP	-0.23940608483800516			
GO_POSITIVE_REGULATION_OF_MICROGLIAL_CELL_ACTIVATION	-0.2394766341432741			
REACTOME_VASOPRESSIN_LIKE_RECEPTORS	-0.23948181085010176			
GO_TROPHECTODERMAL_CELL_DIFFERENTIATION	-0.23949941982467032			
REACTOME_REGULATION_OF_FOXO_TRANSCRIPTIONAL_ACTIVITY_BY_ACETYLATION	-0.23952365780570534			
chr12q12	-0.23957675421358937			
GSE1460_INTRATHYMIC_T_PROGENITOR_VS_NAIVE_CD4_TCELL_ADULT_BLOOD_UP	-0.23962280315360382			
IRITANI_MAD1_TARGETS_UP	-0.23962289507334558			
GO_REGULATION_OF_CELL_CYCLE_G1_S_PHASE_TRANSITION	-0.23962320625443667			
REACTOME_RECRUITMENT_OF_NUMA_TO_MITOTIC_CENTROSOMES	-0.23962862405544894			
GO_NEGATIVE_REGULATION_OF_RELAXATION_OF_MUSCLE	-0.23963223053678176			
GSE36009_UNSTIM_VS_LPS_STIM_NLRP10_KO_DC_DN	-0.23963619486944873			
NADERI_BREAST_CANCER_PROGNOSIS_UP	-0.23964211938801214			
MIR548AZ_3P	-0.23964480103748076			
GSE22611_UNSTIM_VS_2H_MDP_STIM_MUTANT_NOD2_TRANSDUCED_HEK293T_CELL_UP	-0.23967053204902602			
CHESLER_BRAIN_D6MIT150_QTL_CIS	-0.23967311124017351			
GO_PROTON_TRANSPORTING_ATP_SYNTHASE_COMPLEX_COUPLING_FACTOR_F_O	-0.2396760859144025			
GO_RNA_POLYMERASE_III_TYPE_3_PROMOTER_DNA_BINDING	-0.2397023522254897			
GSE8685_IL2_STARVED_VS_IL15_ACT_IL2_STARVED_CD4_TCELL_UP	-0.23971887221154423			
GO_POLYNUCLEOTIDE_ADENYLYLTRANSFERASE_ACTIVITY	-0.23973086825908915			
GO_MRNA_CLEAVAGE_FACTOR_COMPLEX	-0.23973452075148607			
GSE11864_CSF1_VS_CSF1_IFNG_IN_MAC_DN	-0.23973462692902925			
GO_SMALL_NUCLEOLAR_RIBONUCLEOPROTEIN_COMPLEX	-0.23974287272562053			
GO_REGULATION_OF_MOTOR_NEURON_APOPTOTIC_PROCESS	-0.23976176823100862			
GO_NUCLEOTIDE_TRANSMEMBRANE_TRANSPORTER_ACTIVITY	-0.2397643485807164			
GO_POSITIVE_REGULATION_OF_ACTIVATION_OF_JANUS_KINASE_ACTIVITY	-0.2397834608023625			
GO_SYNAPSE	-0.23979775837267528			
GSE17721_POLYIC_VS_PAM3CSK4_6H_BMDC_DN	-0.23980212648301313			
GO_POSITIVE_REGULATION_OF_SMOOTH_MUSCLE_CELL_APOPTOTIC_PROCESS	-0.23981794679474605			
GSE22601_DOUBLE_NEGATIVE_VS_IMMATURE_CD4_SP_THYMOCYTE_DN	-0.23983046637345917			
GO_CALCINEURIN_COMPLEX	-0.23985385267004214			
GO_POSITIVE_REGULATION_OF_CIRCADIAN_RHYTHM	-0.23985536676928448			
TESAR_ALK_AND_JAK_TARGETS_MOUSE_ES_D4_DN	-0.2398619871204992			
GO_FOLIC_ACID_CONTAINING_COMPOUND_BIOSYNTHETIC_PROCESS	-0.2398645928486916			
GO_PATTERN_RECOGNITION_RECEPTOR_ACTIVITY	-0.2398782207204819			
MIR548V	-0.23990493464177037			
MIR6132	-0.23992320813071252			
ZHAN_MULTIPLE_MYELOMA_PR_UP	-0.24002246387476564			
GO_PROTEIN_GERANYLGERANYLATION	-0.2400308760838391			
REACTOME_STABILIZATION_OF_P53	-0.2400349678484067			
GO_PSEUDOURIDINE_SYNTHESIS	-0.2400413408680357			
GO_HISTONE_H3_K4_DEMETHYLATION_TRIMETHYL_H3_K4_SPECIFIC	-0.24005157754748793			
GO_POSITIVE_REGULATION_OF_INTERLEUKIN_1_SECRETION	-0.24008947141807968			
GO_TETRAHYDROFOLATE_METABOLIC_PROCESS	-0.2400949176152477			
NIKOLSKY_BREAST_CANCER_16Q24_AMPLICON	-0.2400984153800356			
REACTOME_REGULATION_OF_PTEN_LOCALIZATION	-0.24014642134200082			
GSE3691_IFN_PRODUCING_KILLER_DC_VS_PLASMACYTOID_DC_SPLEEN_DN	-0.24014752262694666			
GO_GLYCINE_TRANSPORT	-0.24014830286855018			
IPA_SOX11_UP	-0.24016436881203537			
MIR122_3P	-0.2401668928931364			
MIR129_1_3P_MIR129_2_3P	-0.24019131136360702			
GO_POSITIVE_REGULATION_OF_VOLTAGE_GATED_POTASSIUM_CHANNEL_ACTIVITY	-0.24019617313996391			
BIOCARTA_STRESS_PATHWAY	-0.24022516035445332			
GO_NUCLEAR_TRANSPORT	-0.2402290166335794			
REACTOME_INOSITOL_PHOSPHATE_METABOLISM	-0.24025359234735194			
REACTOME_NEGATIVE_REGULATION_OF_NMDA_RECEPTOR_MEDIATED_NEURONAL_TRANSMISSION	-0.2402594918056995			
NR5A1_TARGET_GENES	-0.24026581561522065			
OCT_C	-0.2402680147537299			
BIOCARTA_BIOPEPTIDES_PATHWAY	-0.24029485744699272			
GO_POSITIVE_REGULATION_OF_LIPOPOLYSACCHARIDE_MEDIATED_SIGNALING_PATHWAY	-0.24030660127171366			
GO_GATOR2_COMPLEX	-0.24033340911750523			
GO_ENDORIBONUCLEASE_ACTIVITY_PRODUCING_5_PHOSPHOMONOESTERS	-0.24034095433778882			
GO_REGULATION_OF_SIGNAL_TRANSDUCTION_BY_P53_CLASS_MEDIATOR	-0.24034123733599952			
GSE14415_ACT_VS_CTRL_NATURAL_TREG_DN	-0.24034570229433716			
IPA_IRF8_DN	-0.24036526071274247			
IPA_GATA2_UP	-0.24037394254927913			
ATGGYGGA_UNKNOWN	-0.2403797182199248			
GO_PHOTORECEPTOR_OUTER_SEGMENT	-0.24038073695202322			
CERIBELLI_GENES_INACTIVE_AND_BOUND_BY_NFY	-0.24039333935650964			
GSE7568_IL4_VS_IL4_AND_DEXAMETHASONE_TREATED_MACROPHAGE_UP	-0.24040871545936546			
chrXq26	-0.24040877349246478			
REACTOME_B_WICH_COMPLEX_POSITIVELY_REGULATES_RRNA_EXPRESSION	-0.24040927136337947			
GSE24634_TREG_VS_TCONV_POST_DAY5_IL4_CONVERSION_UP	-0.24041476033924494			
DANG_BOUND_BY_MYC	-0.2404329778064262			
KAMMINGA_SENESCENCE	-0.24045916869252437			
GO_POSITIVE_REGULATION_OF_RESPONSE_TO_REACTIVE_OXYGEN_SPECIES	-0.24046210243269234			
ONO_FOXP3_TARGETS_UP	-0.2404653904911473			
GO_DETECTION_OF_TEMPERATURE_STIMULUS_INVOLVED_IN_SENSORY_PERCEPTION	-0.24049308851515167			
IPA_ZNF711_UP	-0.2404956958771324			
OCT1_06	-0.24050417684767975			
GSE12845_IGD_POS_BLOOD_VS_PRE_GC_TONSIL_BCELL_DN	-0.24054323694452076			
GO_NUCLEAR_UBIQUITIN_LIGASE_COMPLEX	-0.24054438425941302			
GO_PROTECTION_FROM_NON_HOMOLOGOUS_END_JOINING_AT_TELOMERE	-0.24054949116435995			
REACTOME_TRANSCRIPTION_OF_THE_HIV_GENOME	-0.2405518467943972			
GO_DETECTION_OF_MECHANICAL_STIMULUS_INVOLVED_IN_SENSORY_PERCEPTION_OF_PAIN	-0.24055776462549144			
GO_POSITIVE_REGULATION_OF_DENDRITIC_CELL_CYTOKINE_PRODUCTION	-0.24057454445262275			
MIR631	-0.2405771911347466			
GO_PROTEIN_LOCALIZATION_TO_MICROTUBULE_ORGANIZING_CENTER	-0.2405809788328609			
GO_REGULATION_OF_LYMPHOCYTE_CHEMOTAXIS	-0.24060723581541885			
GO_VOLTAGE_GATED_CALCIUM_CHANNEL_COMPLEX	-0.24061034902990933			
DMRT1_TARGET_GENES	-0.24065516105718132			
GO_REPLICATION_FORK_PROCESSING	-0.24065516509896798			
GSE2770_IL12_VS_IL4_TREATED_ACT_CD4_TCELL_6H_UP	-0.24069513807798243			
GO_TRANSPORTER_COMPLEX	-0.24069829309885105			
MIR520G_5P	-0.2407029868151737			
GAVIN_FOXP3_TARGETS_CLUSTER_P6	-0.24073470290984259			
ELVIDGE_HYPOXIA_BY_DMOG_DN	-0.24073604777544505			
YAUCH_HEDGEHOG_SIGNALING_PARACRINE_DN	-0.24083079802508964			
REACTOME_NOREPINEPHRINE_NEUROTRANSMITTER_RELEASE_CYCLE	-0.2408411283602891			
GO_CHANGES_TO_DNA_METHYLATION_INVOLVED_IN_EMBRYO_DEVELOPMENT	-0.2409188839349522			
MEF2_02	-0.2409429499523146			
REACTOME_TRANSLESION_SYNTHESIS_BY_Y_FAMILY_DNA_POLYMERASES_BYPASSES_LESIONS_ON_DNA_TEMPLATE	-0.24098477499103657			
KIM_MYCL1_AMPLIFICATION_TARGETS_UP	-0.2410152779209319			
IPA_CHD4_UP	-0.24107010648081997			
GO_POSITIVE_REGULATION_OF_TUMOR_NECROSIS_FACTOR_SECRETION	-0.2410717313881829			
GO_BRANCHED_CHAIN_AMINO_ACID_METABOLIC_PROCESS	-0.2410877231553483			
SKP2_TARGET_GENES	-0.24109225944976892			
MIR4305	-0.24109772557179118			
ACTACCT_MIR196A_MIR196B	-0.24110635571379402			
IPA_NEUROG1_UP	-0.24118796797000985			
MIR3934_3P	-0.24119796524066026			
MIKKELSEN_MEF_LCP_WITH_H3K27ME3	-0.24125141254888607			
GO_POSITIVE_REGULATION_OF_CYTOPLASMIC_MRNA_PROCESSING_BODY_ASSEMBLY	-0.24125399773000702			
RICKMAN_TUMOR_DIFFERENTIATED_WELL_VS_MODERATELY_UP	-0.24126716425177808			
BIOCARTA_RACC_PATHWAY	-0.24128053956896714			
MIR369_3P	-0.24129930312763562			
GO_NEGATIVE_REGULATION_BY_HOST_OF_VIRAL_TRANSCRIPTION	-0.24135534511876547			
MIR3180_MIR3180_3P	-0.24135791222486203			
REACTOME_TP53_REGULATES_TRANSCRIPTION_OF_CASPASE_ACTIVATORS_AND_CASPASES	-0.24136021252415052			
GO_MEDIATOR_COMPLEX_BINDING	-0.2413636483916417			
GTGTTGA_MIR505	-0.24137102702075655			
ETF_Q6	-0.2413886426098571			
GO_SECOND_MESSENGER_MEDIATED_SIGNALING	-0.24139352522235488			
HU_GENOTOXIC_DAMAGE_24HR	-0.24140458578320248			
GSE11961_MEMORY_BCELL_DAY7_VS_GERMINAL_CENTER_BCELL_DAY40_DN	-0.24140933666407108			
GO_PROTEIN_AUTOPHOSPHORYLATION	-0.2414196651241711			
GO_MITOCHONDRIAL_PROTON_TRANSPORTING_ATP_SYNTHASE_COMPLEX_COUPLING_FACTOR_F_O	-0.2414627368392128			
GO_HISTONE_DEPHOSPHORYLATION	-0.24146971828149513			
MIR92A_2_5P	-0.2414913147202668			
GSE5589_UNSTIM_VS_45MIN_LPS_STIM_MACROPHAGE_DN	-0.24150495469387567			
GSE37532_VISCERAL_ADIPOSE_TISSUE_VS_LN_DERIVED_TREG_CD4_TCELL_DN	-0.24150828956529907			
NIKOLSKY_BREAST_CANCER_12Q13_Q21_AMPLICON	-0.24151364008767742			
IPA_XRCC6_UP	-0.24152568099571123			
GO_SIGNAL_RELEASE	-0.24153434277045657			
MIR4801	-0.24154049671799005			
REACTOME_DEGRADATION_OF_GLI1_BY_THE_PROTEASOME	-0.2415756072829191			
REACTOME_TRANSLESION_SYNTHESIS_BY_POLH	-0.24157666817850437			
GO_ADENYLATE_CYCLASE_ACTIVATOR_ACTIVITY	-0.24161058963142334			
TGCTGAY_UNKNOWN	-0.24161863801869052			
NFY_Q6_01	-0.24164737443614603			
GO_ACUTE_INFLAMMATORY_RESPONSE_TO_ANTIGENIC_STIMULUS	-0.2416607133224921			
GO_PEROXISOMAL_MEMBRANE_TRANSPORT	-0.24167586135954275			
IPA_SMARCB1_DN	-0.2416812490524241			
MIR766_3P	-0.2416874346610784			
IPA_MLXIPL_DN	-0.24169822744194272			
REACTOME_RRNA_PROCESSING_IN_THE_MITOCHONDRION	-0.24170754361872138			
GO_POSITIVE_REGULATION_OF_MYELOID_LEUKOCYTE_DIFFERENTIATION	-0.24173075831989277			
GO_REGULATION_OF_TYPE_I_INTERFERON_MEDIATED_SIGNALING_PATHWAY	-0.24174535956150778			
CASP8AP2_TARGET_GENES	-0.2417563807955414			
MIR3135A	-0.24176981116237525			
GSE2770_UNTREATED_VS_TGFB_AND_IL12_TREATED_ACT_CD4_TCELL_6H_UP	-0.24178060671570337			
GSE6269_HEALTHY_VS_STAPH_AUREUS_INF_PBMC_UP	-0.24178823618759726			
GO_IONOTROPIC_GLUTAMATE_RECEPTOR_BINDING	-0.24178964580667578			
GO_INOSITOL_HEXAKISPHOSPHATE_KINASE_ACTIVITY	-0.24179119874128158			
GO_NEGATIVE_REGULATION_OF_T_CELL_APOPTOTIC_PROCESS	-0.2418177553994005			
GO_REGULATION_OF_INOSITOL_TRISPHOSPHATE_BIOSYNTHETIC_PROCESS	-0.2418252066730933			
MIR9983_3P	-0.24182803468323352			
REACTOME_AQUAPORIN_MEDIATED_TRANSPORT	-0.24182967726112511			
CROSBY_E2F4_TARGETS	-0.24184984970021361			
GO_LIGASE_ACTIVITY_FORMING_PHOSPHORIC_ESTER_BONDS	-0.24186036470751132			
MIR943	-0.24186390703185426			
GSE27291_0H_VS_7D_STIM_GAMMADELTA_TCELL_UP	-0.24189311625811524			
MIR4288	-0.24191666447078786			
GCTGAGT_MIR5125P	-0.2419469582858937			
MIR548A_3P	-0.24196765257336292			
GSE42021_CD24HI_TREG_VS_CD24HI_TCONV_THYMUS_UP	-0.24196814474650563			
ZNF501_TARGET_GENES	-0.24197638233193947			
MIR3136_3P	-0.2419876069779942			
GSE17721_CTRL_VS_CPG_24H_BMDC_UP	-0.24201519974090557			
GO_INHIBITORY_POSTSYNAPTIC_POTENTIAL	-0.24202957473875625			
BIOCARTA_PML_PATHWAY	-0.24203360211770952			
GSE17974_0H_VS_0.5H_IN_VITRO_ACT_CD4_TCELL_DN	-0.24203989249419477			
TSUTSUMI_FBXW8_TARGETS	-0.24210701502269585			
GO_DNA_BIOSYNTHETIC_PROCESS	-0.24211566934656037			
MIR4717_3P	-0.24213639319283584			
GSE37532_WT_VS_PPARG_KO_LN_TREG_UP	-0.24213975107948663			
GSE25846_IL10_POS_VS_NEG_CD8_TCELL_DAY7_POST_CORONAVIRUS_BRAIN_DN	-0.24215289899684658			
ACTGTAG_MIR139	-0.24215799239784763			
REACTOME_TRANSMISSION_ACROSS_CHEMICAL_SYNAPSES	-0.24216997740594745			
GO_CELLULAR_RESPONSE_TO_RADIATION	-0.24218632094216486			
GO_CENTROMERIC_SISTER_CHROMATID_COHESION	-0.24219166834332387			
IPA_NFATC2_DN	-0.2421950480151682			
GSE13173_UNTREATED_VS_IL12_TREATED_ACT_CD8_TCELL_DN	-0.24222987258724007			
MIR6831_3P	-0.24223729262224655			
GO_NEGATIVE_REGULATION_OF_CYTOKINESIS	-0.2422534484226625			
MIR7161_3P	-0.24225616841355763			
GO_DETECTION_OF_TEMPERATURE_STIMULUS	-0.24226880080547572			
chrXq13	-0.2422963043588911			
GSE43863_NAIVE_VS_LY6C_INT_CXCR5POS_CD4_EFF_TCELL_D6_LCMV_DN	-0.2423116265806112			
GO_POSITIVE_REGULATION_OF_PHOSPHATIDYLINOSITOL_3_KINASE_SIGNALING	-0.24231595819828028			
GSE22886_NAIVE_CD4_TCELL_VS_NKCELL_UP	-0.24231801615588078			
GO_SUMO_SPECIFIC_PROTEASE_ACTIVITY	-0.24232058235527748			
GO_CELLULAR_RESPONSE_TO_POTASSIUM_ION	-0.24235712557639344			
GSE11818_WT_VS_DICER_KO_TREG_DN	-0.24235922875235386			
THAP1_TARGET_GENES	-0.2423716710115646			
GO_NETRIN_RECEPTOR_ACTIVITY	-0.24240662193184806			
GO_MATURATION_OF_5_8S_RRNA_FROM_TRICISTRONIC_RRNA_TRANSCRIPT_SSU_RRNA_5_8S_RRNA_LSU_RRNA	-0.24240754900293693			
GO_POSITIVE_REGULATION_OF_LEUKOCYTE_ADHESION_TO_VASCULAR_ENDOTHELIAL_CELL	-0.24243078469076662			
GSE14908_ATOPIC_VS_NONATOPIC_PATIENT_HDM_STIM_CD4_TCELL_DN	-0.24249158313847116			
IPA_FIGLA_DN	-0.24249564627867612			
BIOCARTA_CREB_PATHWAY	-0.242500622414894			
GO_NEGATIVE_REGULATION_OF_B_CELL_MEDIATED_IMMUNITY	-0.24250228683869485			
IPA_ZNF711_DN	-0.24253001770519045			
IPA_SETD7_DN	-0.24253001770519045			
GO_MUCOSAL_ASSOCIATED_LYMPHOID_TISSUE_DEVELOPMENT	-0.2425767681004126			
KEGG_RIG_I_LIKE_RECEPTOR_SIGNALING_PATHWAY	-0.24260274508177354			
GO_INOSITOL_POLYPHOSPHATE_5_PHOSPHATASE_ACTIVITY	-0.24261214491987135			
ZHANG_RESPONSE_TO_CANTHARIDIN_DN	-0.2426171207594891			
GO_MECHANOSENSORY_BEHAVIOR	-0.24264054719854236			
GO_PHOTORECEPTOR_ACTIVITY	-0.24265098690392284			
MIR1321	-0.24268147291345465			
GSE6674_UNSTIM_VS_ANTI_IGM_AND_CPG_STIM_BCELL_UP	-0.24271588303049682			
GO_SMALL_RIBOSOMAL_SUBUNIT	-0.24271664674501925			
MIR3941	-0.24272631362960967			
PID_ERA_GENOMIC_PATHWAY	-0.2427274742587153			
GO_L_SERINE_TRANSMEMBRANE_TRANSPORTER_ACTIVITY	-0.24274280982635557			
GO_L_SERINE_TRANSPORT	-0.24274280982635557			
MIR6893_3P	-0.242749519014318			
ACTGCAG_MIR173P	-0.24274954375044164			
MIR548BC	-0.2427586054324674			
HOFMANN_CELL_LYMPHOMA_UP	-0.24276683252309925			
GO_L_AMINO_ACID_TRANSPORT	-0.24277979315942377			
GO_SOFT_PALATE_DEVELOPMENT	-0.2427835580324962			
GO_EXORIBONUCLEASE_ACTIVITY	-0.24278614562965128			
MIR4776_3P	-0.24279953539578744			
IPA_SKP2_DN	-0.24281677870588356			
GO_CLEAVAGE_INVOLVED_IN_RRNA_PROCESSING	-0.2428344710360003			
MIR3972	-0.24284128694868043			
IPA_NEUROD1_UP	-0.24287272890933856			
GSE46242_CTRL_VS_EGR2_DELETED_TH1_CD4_TCELL_UP	-0.24288497573642837			
GO_PROTEIN_PRENYLTRANSFERASE_ACTIVITY	-0.2428935450052776			
GO_SOMATIC_DIVERSIFICATION_OF_T_CELL_RECEPTOR_GENES	-0.24289571252432193			
GO_POSITIVE_REGULATION_OF_RESPONSE_TO_INTERFERON_GAMMA	-0.2429762833834397			
IPA_MEIS1_UP	-0.2429828799090603			
GO_ESTABLISHMENT_OF_PROTEIN_LOCALIZATION_TO_POSTSYNAPTIC_MEMBRANE	-0.24298855242972897			
GO_POSITIVE_REGULATION_OF_SPHINGOLIPID_BIOSYNTHETIC_PROCESS	-0.24305698237129575			
IPA_ADAR_UP	-0.2430659223754797			
DAVIES_MULTIPLE_MYELOMA_VS_MGUS_UP	-0.2430695617678199			
GO_CONDENSED_CHROMOSOME_OUTER_KINETOCHORE	-0.243071471326404			
REACTOME_INTERACTION_BETWEEN_L1_AND_ANKYRINS	-0.24311204567889677			
CDPCR3HD_01	-0.24312217919804677			
GSE3400_UNTREATED_VS_IFNB_TREATED_MEF_DN	-0.243128084013325			
REACTOME_TRNA_MODIFICATION_IN_THE_NUCLEUS_AND_CYTOSOL	-0.24317387697921727			
MIR4455	-0.24319089710981887			
INAMURA_LUNG_CANCER_SCC_SUBTYPES_UP	-0.24320855108990616			
GO_NEGATIVE_REGULATION_OF_FATTY_ACID_BETA_OXIDATION	-0.24323307996226198			
MIR4687_5P	-0.24324226964780343			
MIR26A_2_3P	-0.2432456363367181			
GSE40274_CTRL_VS_FOXP3_AND_XBP1_TRANSDUCED_ACTIVATED_CD4_TCELL_UP	-0.24325570240806144			
ZHOU_PANCREATIC_ENDOCRINE_PROGENITOR	-0.2433072256946337			
GO_ENDONUCLEASE_COMPLEX	-0.2433636398266897			
GTF3A_TARGET_GENES	-0.24337501200078787			
GSE26156_DOUBLE_POSITIVE_VS_CD4_SINGLE_POSITIVE_THYMOCYTE_DN	-0.24337949244205126			
GRASEMANN_RETINOBLASTOMA_WITH_6P_AMPLIFICATION	-0.2433959135817906			
GSE17721_LPS_VS_PAM3CSK4_1H_BMDC_UP	-0.24339965125934374			
GO_U6_SNRNA_BINDING	-0.24341479186824524			
CONCANNON_APOPTOSIS_BY_EPOXOMICIN_DN	-0.2434168525392396			
GSE27786_NEUTROPHIL_VS_MONO_MAC_UP	-0.2434258940857655			
GO_PHOSPHATIDYLSERINE_EXPOSURE_ON_APOPTOTIC_CELL_SURFACE	-0.2434430885155981			
GSE17974_2.5H_VS_72H_IL4_AND_ANTI_IL12_ACT_CD4_TCELL_UP	-0.24344514153082883			
GSE7852_THYMUS_VS_FAT_TCONV_UP	-0.24346473189645804			
GSE13547_WT_VS_ZFX_KO_BCELL_ANTI_IGM_STIM_12H_DN	-0.24347905272987239			
chr16p11	-0.2434953887204014			
REACTOME_SYNTHESIS_OF_PIPS_AT_THE_PLASMA_MEMBRANE	-0.24351583196060336			
AR_Q6	-0.24352411351676723			
GO_REGULATION_OF_TRANSCRIPTION_ELONGATION_FROM_RNA_POLYMERASE_II_PROMOTER	-0.2435293972026047			
HDGF_TARGET_GENES	-0.2435457987787643			
MIR378H	-0.2435628576098624			
IPA_BRIP1_DN	-0.24357910273400282			
GO_NEGATIVE_REGULATION_OF_ENDOPLASMIC_RETICULUM_CALCIUM_ION_CONCENTRATION	-0.2436089192664389			
GO_FOLIC_ACID_CONTAINING_COMPOUND_METABOLIC_PROCESS	-0.24361754918587034			
MIR4680_5P	-0.24362863736838503			
IPA_HDAC7_DN	-0.24362908383336393			
GCAAGGA_MIR502	-0.24363531865721105			
REACTOME_MITOTIC_PROPHASE	-0.24363537455943318			
KINSEY_TARGETS_OF_EWSR1_FLII_FUSION_UP	-0.24366080038064059			
GO_RNA_POLYMERASE_II_TRANSCRIPTION_FACTOR_COMPLEX	-0.24366858787215603			
MIR6775_3P	-0.24370505621299782			
GSE27786_LIN_NEG_VS_NKCELL_DN	-0.24372504244633403			
GSE360_CTRL_VS_B_MALAYI_LOW_DOSE_DC_DN	-0.24374652616890757			
GO_CYCLIC_NUCLEOTIDE_CATABOLIC_PROCESS	-0.24377819133980477			
MOREAUX_MULTIPLE_MYELOMA_BY_TACI_DN	-0.24378828166736255			
MIKKELSEN_ES_LCP_WITH_H3K27ME3	-0.2438562636730633			
MIR422A	-0.24388348431290638			
GO_SPLICEOSOMAL_SNRNP_ASSEMBLY	-0.2439096078791077			
MIR6836_5P	-0.24391499337432015			
GO_PRE_MRNA_3_SPLICE_SITE_BINDING	-0.2439612883136343			
GO_INTERLEUKIN_13_PRODUCTION	-0.24396696291859246			
GO_STARTLE_RESPONSE	-0.24399566187770716			
YIH_RESPONSE_TO_ARSENITE_C3	-0.24401433456121044			
GO_EUKARYOTIC_TRANSLATION_INITIATION_FACTOR_2_COMPLEX	-0.24405178488140072			
GSE27786_LSK_VS_NKTCELL_DN	-0.24406179093950098			
ACGCACA_MIR210	-0.24409124429325382			
REACTOME_PREVENTION_OF_PHAGOSOMAL_LYSOSOMAL_FUSION	-0.24410122697056721			
GO_LIPOPOLYSACCHARIDE_BINDING	-0.24412038975361505			
GO_IKAPPAB_KINASE_COMPLEX	-0.24412073819548114			
GSE36078_WT_VS_IL1R_KO_LUNG_DC_UP	-0.24413136162025453			
REACTOME_DIGESTION_OF_DIETARY_CARBOHYDRATE	-0.24416561852629037			
IPA_CDK1_DN	-0.24417438511358142			
GO_PROTEIN_SERINE_THREONINE_TYROSINE_KINASE_ACTIVITY	-0.24418715993943185			
MIR4697_3P	-0.2441958452324513			
GO_REGULATION_OF_RELAXATION_OF_CARDIAC_MUSCLE	-0.244225091046657			
FISCHER_G1_S_CELL_CYCLE	-0.24423457309185165			
GO_POSITIVE_REGULATION_OF_HISTONE_H3_K9_ACETYLATION	-0.24425383642317963			
GO_BOX_C_D_SNORNP_COMPLEX	-0.24426233511603138			
MIR4279	-0.24426503466875998			
GO_MALE_MEIOSIS_I	-0.24429158517266905			
KORKOLA_EMBRYONAL_CARCINOMA_DN	-0.24429233125662425			
MIR548F_3P	-0.24429518260567684			
GO_GABA_RECEPTOR_BINDING	-0.24430987498717602			
GO_NUCLEAR_EXOSOME_RNASE_COMPLEX	-0.24431552899358097			
MIR6806_3P	-0.2443218731156197			
HALLMARK_G2M_CHECKPOINT	-0.24433112198609458			
GSE19401_PAM2CSK4_VS_RETINOIC_ACID_STIM_FOLLICULAR_DC_DN	-0.2443561995623111			
GO_NEGATIVE_REGULATION_OF_INFLAMMATORY_RESPONSE_TO_ANTIGENIC_STIMULUS	-0.2443690550563724			
REACTOME_CYTOSOLIC_IRON_SULFUR_CLUSTER_ASSEMBLY	-0.24438184913968436			
GO_PHOSPHATIDYLINOSITOL_BIOSYNTHETIC_PROCESS	-0.24438963374315542			
GO_PEPTIDYL_LYSINE_MONOMETHYLATION	-0.24439565177679906			
GO_TAU_PROTEIN_KINASE_ACTIVITY	-0.24439912600364525			
GO_CELLULAR_RESPONSE_TO_X_RAY	-0.24439936439533877			
VALK_AML_CLUSTER_16	-0.2444015074699135			
REACTOME_OXIDATIVE_STRESS_INDUCED_SENESCENCE	-0.24440420994705422			
DER_IFN_BETA_RESPONSE_DN	-0.24440548994222466			
NAKAYAMA_SOFT_TISSUE_TUMORS_PCA1_DN	-0.24440597447799808			
GO_U4_SNRNP	-0.2444424092324733			
MIR7158_3P	-0.2444741264222621			
REACTOME_SYNTHESIS_OF_PIPS_AT_THE_GOLGI_MEMBRANE	-0.24448540105629055			
AAAGGAT_MIR501	-0.24448838141309806			
GO_RIBONUCLEASE_ACTIVITY	-0.24448990068892176			
MIR1182	-0.24453243719346482			
GSE15930_NAIVE_VS_24H_IN_VITRO_STIM_CD8_TCELL_DN	-0.24454627353792			
REACTOME_KSRP_KHSRP_BINDS_AND_DESTABILIZES_MRNA	-0.24455959471822988			
GO_NUCLEAR_TRANSCRIBED_MRNA_CATABOLIC_PROCESS_EXONUCLEOLYTIC_3_5	-0.24457292422817142			
GO_SENSORY_PERCEPTION_OF_TEMPERATURE_STIMULUS	-0.24458415728612423			
MIR1227_5P	-0.24459440490173504			
IPA_LHX2_DN	-0.2446057688472427			
GSE32423_IL7_VS_IL4_MEMORY_CD8_TCELL_DN	-0.244605845767585			
MIR4747_5P	-0.2446096457539066			
GO_PSEUDOURIDINE_SYNTHASE_ACTIVITY	-0.24461042407081723			
GO_SMALL_RNA_LOADING_ONTO_RISC	-0.24461083164677414			
GO_NEGATIVE_REGULATION_OF_IMMUNOGLOBULIN_PRODUCTION	-0.24461387097885784			
GO_EUKARYOTIC_INITIATION_FACTOR_4E_BINDING	-0.24463803163657105			
GSE46606_IRF4MID_VS_WT_CD40L_IL2_IL5_DAY3_STIMULATED_BCELL_DN	-0.24465588666914928			
GSE36392_TYPE_2_MYELOID_VS_EOSINOPHIL_IL25_TREATED_LUNG_DN	-0.24469744789244616			
MIR1302	-0.24470221434340936			
GO_HISTONE_H3_K27_TRIMETHYLATION	-0.24473967798434856			
MIR548E_3P	-0.24475262184595317			
GO_PURINE_DEOXYRIBONUCLEOTIDE_CATABOLIC_PROCESS	-0.2447731691976557			
GSE23568_ID3_KO_VS_WT_CD8_TCELL_UP	-0.24479097076681552			
GSE17721_0.5H_VS_4H_PAM3CSK4_BMDC_UP	-0.24479715784146067			
GO_KETONE_BODY_BIOSYNTHETIC_PROCESS	-0.24479973872622812			
GO_REGULATION_OF_CELL_CYCLE_PHASE_TRANSITION	-0.2448058637427717			
GO_CUL4B_RING_E3_UBIQUITIN_LIGASE_COMPLEX	-0.244819814805904			
GO_PROTEIN_IMPORT_INTO_PEROXISOME_MATRIX	-0.24486287320182684			
GSE34156_UNTREATED_VS_24H_NOD2_LIGAND_TREATED_MONOCYTE_UP	-0.2449018541759585			
GO_VIRAL_GENE_EXPRESSION	-0.24492303292238615			
GO_TUMOR_NECROSIS_FACTOR_RECEPTOR_SUPERFAMILY_BINDING	-0.24493351906495292			
MIR219B_3P	-0.2449362668245901			
REACTOME_SYNTHESIS_OF_IP3_AND_IP4_IN_THE_CYTOSOL	-0.24494878187426744			
GO_REGULATION_OF_CYTOPLASMIC_TRANSLATIONAL_INITIATION	-0.24496760375143845			
BIOCARTA_TNFR1_PATHWAY	-0.24497162796255045			
AGCGCAG_MIR191	-0.24498813808075742			
GO_OOGENESIS	-0.24499525126905766			
GO_NEGATIVE_REGULATION_OF_CELLULAR_AMIDE_METABOLIC_PROCESS	-0.24499721415065662			
GSE32901_NAIVE_VS_TH1_CD4_TCELL_UP	-0.24500460725268688			
GSE17721_CPG_VS_GARDIQUIMOD_4H_BMDC_UP	-0.24501501380483545			
GSE22229_RENAL_TRANSPLANT_IMMUNOSUPP_THERAPY_VS_HEALTHY_PBMC_UP	-0.24502509077357434			
IPA_NEUROG3_UP	-0.24503449999976884			
TESAR_ALK_TARGETS_HUMAN_ES_5D_DN	-0.24504256630826984			
GSE41867_DAY8_VS_DAY15_LCMV_ARMSTRONG_EFFECTOR_CD8_TCELL_UP	-0.2450778027788588			
GO_MONOAMINE_TRANSMEMBRANE_TRANSPORTER_ACTIVITY	-0.24508327655449477			
MIR4790_5P	-0.24508714847057478			
GO_CLASS_I_DNA_APURINIC_OR_APYRIMIDINIC_SITE_ENDONUCLEASE_ACTIVITY	-0.2450952401015525			
REACTOME_GLUCAGON_SIGNALING_IN_METABOLIC_REGULATION	-0.24512760484607535			
E2A_Q2	-0.24516308301499667			
GSE3982_BASOPHIL_VS_CENT_MEMORY_CD4_TCELL_DN	-0.2451725678421696			
REACTOME_MITOTIC_G1_PHASE_AND_G1_S_TRANSITION	-0.24518261490535			
MIR6823_5P	-0.24520781104041034			
YAGI_AML_WITH_11Q23_REARRANGED	-0.24525065399072846			
GO_LIGASE_ACTIVITY_FORMING_CARBON_OXYGEN_BONDS	-0.24525459277386735			
GO_LEARNED_VOCALIZATION_BEHAVIOR_OR_VOCAL_LEARNING	-0.24527524410605073			
LHX3_01	-0.2452803296305481			
GSE37416_CTRL_VS_6H_F_TULARENSIS_LVS_NEUTROPHIL_UP	-0.24529755970224149			
GSE18791_CTRL_VS_NEWCASTLE_VIRUS_DC_14H_UP	-0.24530599313850487			
GO_ORGANIC_CYCLIC_COMPOUND_CATABOLIC_PROCESS	-0.24531268543053752			
GO_BRCA1_A_COMPLEX	-0.24531778276702665			
GO_POSITIVE_REGULATION_OF_DEFENSE_RESPONSE_TO_VIRUS_BY_HOST	-0.2453249945492532			
IPA_TARBP2_UP	-0.2453562447861105			
GO_NLRP3_INFLAMMASOME_COMPLEX_ASSEMBLY	-0.24538266337873194			
REACTOME_ASSEMBLY_OF_THE_PRE_REPLICATIVE_COMPLEX	-0.24539809825418588			
GO_ARF_PROTEIN_SIGNAL_TRANSDUCTION	-0.24541342839825434			
GO_CAMP_DEPENDENT_PROTEIN_KINASE_COMPLEX	-0.24543740329778807			
GSE45837_WT_VS_GFI1_KO_PDC_DN	-0.245455430110118			
REACTOME_RNA_POLYMERASE_II_TRANSCRIBES_SNRNA_GENES	-0.24545859230058492			
GO_PTW_PP1_PHOSPHATASE_COMPLEX	-0.2454599415169689			
YGCGYRCGC_UNKNOWN	-0.24548284957759828			
GO_ISWI_TYPE_COMPLEX	-0.24550961974273477			
ATGCAGT_MIR217	-0.24551661927326965			
SABATES_COLORECTAL_ADENOMA_DN	-0.24553043708445368			
GO_CLATHRIN_SCULPTED_GAMMA_AMINOBUTYRIC_ACID_TRANSPORT_VESICLE_MEMBRANE	-0.24553751678160726			
GO_CYTOKINE_SECRETION_INVOLVED_IN_IMMUNE_RESPONSE	-0.24557640863421815			
RPA2_TARGET_GENES	-0.24559666352727139			
GSE10856_CTRL_VS_TNFRSF6B_IN_MACROPHAGE_UP	-0.24560632164989746			
LEIN_LOCALIZED_TO_PROXIMAL_DENDRITES	-0.2456078397152624			
GO_HISTONE_H2A_MONOUBIQUITINATION	-0.24561446206103113			
CAGGGTC_MIR504	-0.24562744488334412			
GO_C_TERMINAL_PROTEIN_DEGLUTAMYLATION	-0.24562782522323098			
GO_REGULATION_OF_OOGENESIS	-0.2456510660570889			
IPA_PTTG1_UP	-0.24566187002143586			
DAIRKEE_CANCER_PRONE_RESPONSE_BPA	-0.24566203700962666			
GO_ORGANELLE_FISSION	-0.24570179400334022			
GO_POSITIVE_REGULATION_OF_PROTEIN_LOCALIZATION_TO_CILIUM	-0.2457087222954894			
GO_INTERLEUKIN_12_RECEPTOR_BINDING	-0.24572306510166164			
HOFFMANN_IMMATURE_TO_MATURE_B_LYMPHOCYTE_DN	-0.24580121549723113			
GO_CALYX_OF_HELD	-0.24587395652865712			
REACTOME_NETRIN_MEDIATED_REPULSION_SIGNALS	-0.24588708164730383			
GTCAGGA_MIR378	-0.24589493717739358			
GO_REGULATION_OF_HELICASE_ACTIVITY	-0.2458992922230232			
GSE46606_IRF4HIGH_VS_IRF4MID_CD40L_IL2_IL5_DAY3_STIMULATED_BCELL_UP	-0.24590952755533577			
chr5q12	-0.24592055028478815			
GSE32986_CURDLAN_LOWDOSE_VS_CURDLAN_HIGHDOSE_STIM_DC_UP	-0.24594965917444342			
RFX7_TARGET_GENES	-0.2459644449072787			
GO_AMMONIUM_TRANSPORT	-0.24600253701173302			
GO_MICROTUBULE_POLYMERIZATION_OR_DEPOLYMERIZATION	-0.24601325666180762			
GO_SENSORY_PERCEPTION_OF_PAIN	-0.24604225885427966			
GO_POSITIVE_REGULATION_OF_LEUKOCYTE_APOPTOTIC_PROCESS	-0.24604319359035762			
GO_DOUBLE_STRANDED_RNA_BINDING	-0.24604883976813355			
GSE18791_CTRL_VS_NEWCASTLE_VIRUS_DC_8H_UP	-0.24606317765422556			
GO_UTP_METABOLIC_PROCESS	-0.24607720160004085			
GSE15930_NAIVE_VS_72H_IN_VITRO_STIM_TRICHOSTATINA_CD8_TCELL_UP	-0.2460807240977659			
MIR3126_3P	-0.24608221885528933			
GO_DELAYED_RECTIFIER_POTASSIUM_CHANNEL_ACTIVITY	-0.24609162052210082			
GO_NEGATIVE_REGULATION_OF_CELL_MATURATION	-0.24618831385841858			
REACTOME_SUPPRESSION_OF_APOPTOSIS	-0.2461954889627497			
LEE_TARGETS_OF_PTCH1_AND_SUFU_UP	-0.24624402468588918			
GSE21670_IL6_VS_TGFB_AND_IL6_TREATED_STAT3_KO_CD4_TCELL_DN	-0.24624956967776274			
GSE10239_MEMORY_VS_KLRG1INT_EFF_CD8_TCELL_DN	-0.2462568028165162			
GSE5542_IFNG_VS_IFNA_AND_IFNG_TREATED_EPITHELIAL_CELLS_24H_UP	-0.2462602316434574			
GO_CGMP_BINDING	-0.24626905287342543			
GO_RNA_PHOSPHODIESTER_BOND_HYDROLYSIS_EXONUCLEOLYTIC	-0.24627054988602004			
GSE40274_CTRL_VS_FOXP3_AND_LEF1_TRANSDUCED_ACTIVATED_CD4_TCELL_DN	-0.24627940990290131			
GSE11057_NAIVE_VS_EFF_MEMORY_CD4_TCELL_UP	-0.2463042926085685			
CHOI_ATL_CHRONIC_VS_ACUTE_DN	-0.24631358768146708			
GO_PROTON_TRANSPORTING_ATP_SYNTHASE_COMPLEX_CATALYTIC_CORE_F_1	-0.24634077121672196			
GO_NEGATIVE_REGULATION_OF_NEUROINFLAMMATORY_RESPONSE	-0.246361910661694			
MIR4518	-0.2463653696253976			
GO_IMMUNE_RESPONSE_INHIBITING_CELL_SURFACE_RECEPTOR_SIGNALING_PATHWAY	-0.2463818706562415			
MIR491_5P	-0.24638267215833867			
MIR6080	-0.24640241845002991			
GO_RELEASE_OF_SEQUESTERED_CALCIUM_ION_INTO_CYTOSOL_BY_ENDOPLASMIC_RETICULUM	-0.2464183113227029			
GO_SODIUM_CHLORIDE_SYMPORTER_ACTIVITY	-0.24642046904680026			
GO_REGULATION_OF_DEPHOSPHORYLATION	-0.24645886559882943			
GO_POSITIVE_REGULATION_OF_MACROPHAGE_ACTIVATION	-0.24646572695881183			
GO_MICROTUBULE_DEPOLYMERIZATION	-0.24647433726153262			
DING_LUNG_CANCER_MUTATED_FREQUENTLY	-0.2465041993386535			
MIR6769B_5P	-0.24650699706541554			
REACTOME_INWARDLY_RECTIFYING_K_CHANNELS	-0.24651245667978508			
GO_ERGOSTEROL_METABOLIC_PROCESS	-0.246521092827277			
GSE17974_IL4_AND_ANTI_IL12_VS_UNTREATED_0.5H_ACT_CD4_TCELL_UP	-0.24656088943375726			
KEGG_VALINE_LEUCINE_AND_ISOLEUCINE_BIOSYNTHESIS	-0.2465613411263497			
GSE24634_NAIVE_CD4_TCELL_VS_DAY3_IL4_CONV_TREG_DN	-0.2465779534827574			
JAATINEN_HEMATOPOIETIC_STEM_CELL_DN	-0.2466785213533785			
IPA_LRRFIP1_UP	-0.2467174477145777			
GO_NEUROTRANSMITTER_LOADING_INTO_SYNAPTIC_VESICLE	-0.2467245539399679			
GSE29164_DAY3_VS_DAY7_CD8_TCELL_AND_IL12_TREATED_MELANOMA_UP	-0.2467328483128914			
MIR4999_3P	-0.24674082842338035			
REACTOME_TERMINATION_OF_TRANSLESION_DNA_SYNTHESIS	-0.2467419076523427			
REACTOME_TRANSCRIPTIONAL_REGULATION_BY_RUNX1	-0.24676206638079262			
GO_PYRIMIDINE_DEOXYRIBONUCLEOSIDE_TRIPHOSPHATE_METABOLIC_PROCESS	-0.24676709661596918			
MIR6791_3P	-0.2467671813840874			
NIKOLSKY_BREAST_CANCER_17Q21_Q25_AMPLICON	-0.24676719569229588			
GO_NEGATIVE_REGULATION_OF_CYCLIC_NUCLEOTIDE_PHOSPHODIESTERASE_ACTIVITY	-0.24676843223864348			
FLECHNER_PBL_KIDNEY_TRANSPLANT_OK_VS_DONOR_UP	-0.24679827755239953			
BILANGES_SERUM_AND_RAPAMYCIN_SENSITIVE_GENES	-0.24685275083868843			
REACTOME_DNA_DAMAGE_BYPASS	-0.24686094933668434			
GO_C_ACETYLTRANSFERASE_ACTIVITY	-0.24691077008538284			
GO_CYTOSOLIC_SMALL_RIBOSOMAL_SUBUNIT	-0.24692762919249206			
GO_SENSORY_PERCEPTION_OF_TASTE	-0.2469537884405884			
GO_CELLULAR_ALCOHOL_METABOLIC_PROCESS	-0.2469545458504613			
FOXQ1_TARGET_GENES	-0.2469730893599394			
E47_02	-0.24698366823066664			
GO_REGULATION_OF_PHOSPHOLIPASE_C_ACTIVATING_G_PROTEIN_COUPLED_RECEPTOR_SIGNALING_PATHWAY	-0.24701011244029059			
HAHTOLA_SEZARY_SYNDROM_UP	-0.24703120190169459			
NUNODA_RESPONSE_TO_DASATINIB_IMATINIB_DN	-0.24709071637909125			
CTIP_DN.V1_UP	-0.2471479959966596			
GO_L_AMINO_ACID_TRANSMEMBRANE_TRANSPORTER_ACTIVITY	-0.24722298011554397			
GSE2770_UNTREATED_VS_IL4_TREATED_ACT_CD4_TCELL_2H_DN	-0.24726996747333518			
GSE25087_FETAL_VS_ADULT_TREG_DN	-0.24730448623195964			
GO_SERINE_TRANSPORT	-0.2473211387241158			
MIR920	-0.24734011126919314			
GO_PROTEIN_PHOSPHATASE_1_BINDING	-0.24735115188257206			
GO_SYNAPTIC_VESICLE_MATURATION	-0.2473751126837175			
MACAEVA_PBMC_RESPONSE_TO_IR	-0.24739855732220598			
GRE_C	-0.24740837016831785			
GO_NEGATIVE_REGULATION_OF_NUCLEASE_ACTIVITY	-0.24741243509670008			
GSE5589_WT_VS_IL6_KO_LPS_AND_IL6_STIM_MACROPHAGE_45MIN_UP	-0.24744032664280977			
PR_01	-0.2474528799665078			
GSE23925_DARK_ZONE_VS_NAIVE_BCELL_DN	-0.24745427480806875			
GO_PROLINE_TRANSMEMBRANE_TRANSPORT	-0.24745852878857658			
GO_L_PROLINE_TRANSMEMBRANE_TRANSPORTER_ACTIVITY	-0.24745852878857658			
GO_HISTONE_H4_K12_ACETYLATION	-0.24748765688294594			
GSE34156_NOD2_LIGAND_VS_TLR1_TLR2_LIGAND_24H_TREATED_MONOCYTE_UP	-0.24751032182167998			
GSE27786_CD4_VS_CD8_TCELL_DN	-0.24751212016465687			
GO_RRNA_METHYLATION	-0.24752159549200367			
GO_OXIDATIVE_DEMETHYLATION	-0.24752204507312817			
GSE41176_UNSTIM_VS_ANTI_IGM_STIM_BCELL_1H_DN	-0.24753143340638362			
GO_NEGATIVE_REGULATION_OF_CELL_CYCLE_PROCESS	-0.24755721241344314			
ZNF34_TARGET_GENES	-0.2475600861970546			
GSE17721_POLYIC_VS_GARDIQUIMOD_16H_BMDC_DN	-0.2476086491151594			
GSE23925_LIGHT_ZONE_VS_NAIVE_BCELL_UP	-0.2476088608811326			
BIOCARTA_GABA_PATHWAY	-0.24762254703837194			
MIR4756_5P	-0.24762428746745913			
BARRIER_CANCER_RELAPSE_NORMAL_SAMPLE_UP	-0.2476445982232913			
GSE6674_UNSTIM_VS_ANTI_IGM_AND_CPG_STIM_BCELL_DN	-0.24765012730802624			
ELVIDGE_HIF1A_TARGETS_UP	-0.24765853036897703			
MIKKELSEN_MEF_HCP_WITH_H3_UNMETHYLATED	-0.24767156298844165			
GSE12845_NAIVE_VS_DARKZONE_GC_TONSIL_BCELL_DN	-0.24771983024874095			
GO_SECONDARY_LYSOSOME	-0.2477454657163677			
GSE11057_CD4_EFF_MEM_VS_PBMC_UP	-0.24775030579082316			
BIOCARTA_GRANULOCYTES_PATHWAY	-0.2477515416536311			
GSE37301_PRO_BCELL_VS_CD4_TCELL_DN	-0.24775602076878644			
ARP1_01	-0.24777283752405732			
GO_DETECTION_OF_EXTERNAL_BIOTIC_STIMULUS	-0.24778903593962862			
GO_PROTEIN_K48_LINKED_DEUBIQUITINATION	-0.24785621759932633			
GSE13229_MATURE_VS_INTMATURE_NKCELL_UP	-0.24785918521748299			
GO_LIPOXIN_METABOLIC_PROCESS	-0.24789742161399927			
GO_REGULATION_OF_MACROPHAGE_APOPTOTIC_PROCESS	-0.24792557104729612			
GSE33162_UNTREATED_VS_4H_LPS_STIM_HDAC3_HET_MACROPHAGE_DN	-0.24802078973023783			
GO_SIGNAL_TRANSDUCTION_INVOLVED_IN_G2_DNA_DAMAGE_CHECKPOINT	-0.24802736697429661			
GO_GENERAL_TRANSCRIPTION_INITIATION_FACTOR_BINDING	-0.24803367868604678			
MIR4999_5P	-0.24804021749462976			
GSE17721_0.5H_VS_4H_POLYIC_BMDC_UP	-0.24806073963368536			
REACTOME_SRP_DEPENDENT_COTRANSLATIONAL_PROTEIN_TARGETING_TO_MEMBRANE	-0.24807439227795422			
GSE46606_IRF4HIGH_VS_IRF4MID_CD40L_IL2_IL5_DAY1_STIMULATED_BCELL_DN	-0.24812356511114603			
GO_SHORT_TERM_MEMORY	-0.24814529961656417			
GO_HISTONE_MRNA_CATABOLIC_PROCESS	-0.2481664144966634			
GSE2128_C57BL6_VS_NOD_THYMOCYTE_UP	-0.24820251444075256			
GO_POSITIVE_REGULATION_OF_CELLULAR_BIOSYNTHETIC_PROCESS	-0.24820743641008533			
GO_SPERM_ANNULUS	-0.24830251868662565			
GO_RRNA_MODIFICATION	-0.24830767720489655			
GSE37534_PIOGLITAZONE_VS_ROSIGLITAZONE_TREATED_CD4_TCELL_PPARG1_FOXP3_TRANSDUCED_UP	-0.24830798801888448			
GO_CITRATE_METABOLIC_PROCESS	-0.24833330384314076			
REACTOME_NUCLEAR_ENVELOPE_BREAKDOWN	-0.24838748601597002			
GSE22886_NEUTROPHIL_VS_DC_UP	-0.24842379349621868			
chr11p12	-0.24843254299444542			
PUJANA_BREAST_CANCER_WITH_BRCA1_MUTATED_DN	-0.2484339348894674			
MYCMAX_01	-0.24845454701060601			
GSE21546_WT_VS_SAP1A_KO_ANTI_CD3_STIM_DP_THYMOCYTES_DN	-0.24847098225906777			
BREDEMEYER_RAG_SIGNALING_NOT_VIA_ATM_DN	-0.24848915294871238			
GSE7348_UNSTIM_VS_TOLERIZED_AND_LPS_STIM_MACROPHAGE_UP	-0.24849635525593644			
GSE8921_UNSTIM_0H_VS_TLR1_2_STIM_MONOCYTE_6H_UP	-0.24850596113146414			
GO_PEPTIDE_ANTIGEN_ASSEMBLY_WITH_MHC_PROTEIN_COMPLEX	-0.24852818543429703			
IPA_IRF1_UP	-0.24853439306152073			
GSE9988_LOW_LPS_VS_ANTI_TREM1_AND_LPS_MONOCYTE_UP	-0.24857061501087666			
YTAATTAA_LHX3_01	-0.24859929883629397			
REACTOME_SIGNALING_BY_SCF_KIT	-0.24863424353622854			
IPA_ALYREF_UP	-0.24865178121716808			
GO_OOCYTE_MATURATION	-0.24867902134489575			
PAX8_01	-0.24868952962984675			
GO_RNA_POLYMERASE_III_PREINITIATION_COMPLEX_ASSEMBLY	-0.2487152425860098			
MIR370_3P	-0.24871654205468133			
GO_PRODUCTION_OF_SIRNA_INVOLVED_IN_RNA_INTERFERENCE	-0.2487537747137777			
GO_NAD_P_H_OXIDASE_ACTIVITY	-0.24877372669363712			
MIR561_5P	-0.2487818521147054			
GSE13547_CTRL_VS_ANTI_IGM_STIM_BCELL_12H_UP	-0.24879220228297552			
GO_REGULATION_OF_POSTTRANSCRIPTIONAL_GENE_SILENCING	-0.24881464538640827			
REACTOME_CREB1_PHOSPHORYLATION_THROUGH_THE_ACTIVATION_OF_ADENYLATE_CYCLASE	-0.24884304117813114			
MIR6873_3P	-0.24884511910219917			
GO_RIBOSOMAL_LARGE_SUBUNIT_ASSEMBLY	-0.24885874935237381			
chr17q11	-0.24886572591350312			
GO_POSITIVE_REGULATION_OF_MUSCLE_HYPERTROPHY	-0.2488745696149651			
BARX2_TARGET_GENES	-0.24887808689099336			
GSE43955_1H_VS_20H_ACT_CD4_TCELL_WITH_TGFB_IL6_UP	-0.24890334528040722			
GO_NUCLEAR_INCLUSION_BODY	-0.24893650465911885			
GO_SUPEROXIDE_GENERATING_NADPH_OXIDASE_ACTIVITY	-0.2489756308434123			
GSE2706_2H_VS_8H_R848_AND_LPS_STIM_DC_UP	-0.2489794867272313			
GO_REGULATION_OF_CYSTEINE_TYPE_ENDOPEPTIDASE_ACTIVITY_INVOLVED_IN_EXECUTION_PHASE_OF_APOPTOSIS	-0.24899361592236674			
GO_TOLL_SIGNALING_PATHWAY	-0.24904573963998164			
GSE360_L_MAJOR_VS_T_GONDII_MAC_DN	-0.2490466999698422			
GO_PYRIMIDINE_NUCLEOSIDE_TRIPHOSPHATE_METABOLIC_PROCESS	-0.24907000138808794			
GO_POSITIVE_REGULATION_OF_MRNA_3_END_PROCESSING	-0.2490873624760968			
chr4q31	-0.24911080649002715			
GO_TELOMERE_MAINTENANCE_VIA_RECOMBINATION	-0.24912908375876372			
GO_TELOMERE_MAINTENANCE_IN_RESPONSE_TO_DNA_DAMAGE	-0.249155220111728			
MIR1278	-0.24916221201584407			
GO_CORTICOTROPIN_RELEASING_HORMONE_RECEPTOR_BINDING	-0.24917621202408538			
GO_TRANS_GOLGI_NETWORK_MEMBRANE	-0.24917896875255277			
GO_RNA_DEPENDENT_ATPASE_ACTIVITY	-0.24917970235930795			
GO_PROTEIN_LOCALIZATION_TO_CHROMOSOME_CENTROMERIC_REGION	-0.24918132211696697			
chr7q22	-0.24920420617582115			
IPA_FEZF2_UP	-0.24923711578835966			
ATGCTGC_MIR103_MIR107	-0.2492513211703204			
MIR4424	-0.24927793269857498			
GO_AMACRINE_CELL_DIFFERENTIATION	-0.24930261163161468			
GO_POSITIVE_REGULATION_OF_PROTEIN_LOCALIZATION_TO_NUCLEOLUS	-0.24932839105520263			
GSE5960_TH1_VS_ANERGIC_TH1_UP	-0.24933536579952545			
GSE14000_4H_VS_16H_LPS_DC_DN	-0.24934544277481335			
MIR8056	-0.249352151503843			
MCCLUNG_DELTA_FOSB_TARGETS_8WK	-0.2493769869826894			
GO_REGULATION_OF_LIPID_KINASE_ACTIVITY	-0.24938117144074198			
REACTOME_SYNTHESIS_OF_DIPHTHAMIDE_EEF2	-0.24938246162656053			
GSE7764_IL15_TREATED_VS_CTRL_NK_CELL_24H_UP	-0.24939217934827887			
GO_TERTIARY_GRANULE_MEMBRANE	-0.24943523883022756			
GO_PROTEIN_HOMOTETRAMERIZATION	-0.24943934358634207			
GO_INNATE_IMMUNE_RESPONSE_ACTIVATING_CELL_SURFACE_RECEPTOR_SIGNALING_PATHWAY	-0.2494406727119975			
MIR6819_5P	-0.2494474106553324			
GO_PRENYLATION	-0.24946889249615883			
IPA_HIST1H1D_DN	-0.2494777902269273			
IPA_HIST1H1E_DN	-0.2494777902269273			
GO_TELOMERASE_RNA_BINDING	-0.2494947958202716			
WEBER_METHYLATED_HCP_IN_SPERM_DN	-0.24949610031326216			
REACTOME_UNBLOCKING_OF_NMDA_RECEPTORS_GLUTAMATE_BINDING_AND_ACTIVATION	-0.2495110875064975			
GSE8835_HEALTHY_VS_CLL_CD4_TCELL_DN	-0.24954209602287164			
GO_PURINE_DEOXYRIBONUCLEOSIDE_TRIPHOSPHATE_CATABOLIC_PROCESS	-0.24955404946781842			
SQSTM1_TARGET_GENES	-0.24958965116505794			
GSE46606_UNSTIM_VS_CD40L_IL2_IL5_DAY3_STIMULATED_BCELL_DN	-0.24959460253413054			
IPA_HIST1H4E_UP	-0.24960047084440526			
IPA_HIST1H4I_UP	-0.24960047084440526			
IPA_HIST4H4_UP	-0.24960047084440526			
IPA_HIST2H4B_UP	-0.24960047084440526			
IPA_HIST1H4J_UP	-0.24960047084440526			
IPA_HIST2H4A_UP	-0.24960047084440526			
IPA_HIST1H4C_UP	-0.24960047084440526			
IPA_HIST1H4A_UP	-0.24960047084440526			
IPA_HIST1H4F_UP	-0.24960047084440526			
IPA_HIST1H4D_UP	-0.24960047084440526			
IPA_HIST1H4H_UP	-0.24960047084440526			
IPA_HIST1H4L_UP	-0.24960047084440526			
REACTOME_IRF3_MEDIATED_ACTIVATION_OF_TYPE_1_IFN	-0.24960533418966768			
MIR4722_5P	-0.24961746511571117			
MIR4531	-0.24962589384271183			
IPA_CRX_UP	-0.24964605064619633			
MIR4727_5P	-0.24964678221736228			
GO_NUCLEAR_TRANSCRIPTION_FACTOR_COMPLEX	-0.24967706974397097			
chr1q44	-0.24967763120325262			
GO_NUCLEOTIDE_EXCISION_REPAIR_DNA_INCISION_3_TO_LESION	-0.24969780594281973			
GO_TRNA_METHYLTRANSFERASE_ACTIVITY	-0.24970206376174184			
HEY2_TARGET_GENES	-0.24973927142948077			
REACTOME_TP53_REGULATES_TRANSCRIPTION_OF_GENES_INVOLVED_IN_G1_CELL_CYCLE_ARREST	-0.2497421326832399			
IPA_LMO2_UP	-0.24975955507143507			
REACTOME_SWITCHING_OF_ORIGINS_TO_A_POST_REPLICATIVE_STATE	-0.2497637388968192			
GO_VIRAL_RNA_GENOME_REPLICATION	-0.2497691701032094			
GO_POSITIVE_REGULATION_OF_EXCITATORY_POSTSYNAPTIC_POTENTIAL	-0.24979113129534208			
GO_REGULATION_OF_SYNAPSE_MATURATION	-0.24980026328090552			
IPA_HIST1H1A_UP	-0.2498028262609159			
GSE29949_CD8_POS_DC_SPLEEN_VS_DC_BRAIN_UP	-0.24981036957236818			
GSE10240_CTRL_VS_IL17_AND_IL22_STIM_PRIMARY_BRONCHIAL_EPITHELIAL_CELLS_DN	-0.24984095743512996			
PID_GMCSF_PATHWAY	-0.24984883803459587			
SKIL_TARGET_GENES	-0.24987847752516357			
SETD1A_TARGET_GENES	-0.24993609841797298			
GO_MAST_CELL_DIFFERENTIATION	-0.24997101120174153			
chr17q12	-0.24998779517724942			
GSE15735_CTRL_VS_HDAC_INHIBITOR_TREATED_CD4_TCELL_12H_UP	-0.2499900858701493			
GO_GTPASE_REGULATOR_ACTIVITY	-0.25005003863726216			
ZHAN_MULTIPLE_MYELOMA_CD1_UP	-0.2500933052747579			
GO_FORMATION_OF_EXTRACHROMOSOMAL_CIRCULAR_DNA	-0.2501974227826422			
STARK_HYPPOCAMPUS_22Q11_DELETION_UP	-0.25022091372555966			
GO_PWP2P_CONTAINING_SUBCOMPLEX_OF_90S_PRERIBOSOME	-0.25025897687769494			
GO_REGULATION_OF_PHOSPHATIDYLINOSITOL_3_KINASE_SIGNALING	-0.2502816838518895			
GO_CELLULAR_EXTRAVASATION	-0.25028366637078575			
MIR6717_5P	-0.25028376640211114			
GO_NEGATIVE_REGULATION_OF_POSTTRANSCRIPTIONAL_GENE_SILENCING	-0.25029434339230094			
TCGA_GLIOBLASTOMA_COPY_NUMBER_DN	-0.2503175129531774			
MIR544B	-0.25034429892386934			
MIR3160_3P	-0.2503606713124212			
MIR5007_3P	-0.2504079608395737			
chr1q22	-0.25042129922422396			
GO_C_X_C_CHEMOKINE_BINDING	-0.25043323425373953			
GO_NEGATIVE_REGULATION_OF_URINE_VOLUME	-0.25046095357951			
GSE41176_WT_VS_TAK1_KO_UNSTIM_BCELL_DN	-0.25048855913975704			
chrXp11	-0.2505058233376461			
REACTOME_SUPPRESSION_OF_PHAGOSOMAL_MATURATION	-0.25052555175322866			
GSE22589_HEALTHY_VS_HIV_INFECTED_DC_UP	-0.25055164558697707			
GO_POSITIVE_REGULATION_OF_GLUCOSE_TRANSMEMBRANE_TRANSPORT	-0.25056576072995074			
IPA_YY1_DN	-0.2505713943196643			
GO_RIBOSE_PHOSPHATE_DIPHOSPHOKINASE_COMPLEX	-0.25057163922024867			
GO_RIBOSE_PHOSPHATE_DIPHOSPHOKINASE_ACTIVITY	-0.25057163922024867			
chr7p13	-0.2505928839452563			
GO_FAT_CELL_PROLIFERATION	-0.2505969331445065			
E2F3_UP.V1_UP	-0.2506226220428039			
GO_SKELETAL_MUSCLE_TISSUE_GROWTH	-0.2506246522771189			
MIR7155_3P	-0.2506288654228762			
GSE33513_TCF7_KO_VS_HET_EARLY_THYMIC_PROGENITOR_DN	-0.250632079909652			
GO_REGULATION_OF_TRANSCRIPTION_BY_RNA_POLYMERASE_I	-0.250637429745541			
SRPK2_TARGET_GENES	-0.2506465065669311			
GO_ANION_SODIUM_SYMPORTER_ACTIVITY	-0.2506512157336884			
GO_NEGATIVE_REGULATION_OF_HISTONE_ACETYLATION	-0.25067042455079663			
REACTOME_TRANSCRIPTIONAL_ACTIVATION_OF_MITOCHONDRIAL_BIOGENESIS	-0.25075423236487315			
GSE18791_UNSTIM_VS_NEWCATSLE_VIRUS_DC_10H_UP	-0.2507959564386442			
LU_TUMOR_VASCULATURE_DN	-0.250850108285078			
GO_PROTEIN_CONTAINING_COMPLEX_ASSEMBLY	-0.2508523604246124			
GO_EUKARYOTIC_48S_PREINITIATION_COMPLEX	-0.2508572804022049			
GO_POSITIVE_REGULATION_OF_INTERFERON_GAMMA_BIOSYNTHETIC_PROCESS	-0.25086028578351205			
GSE18791_CTRL_VS_NEWCASTLE_VIRUS_DC_18H_UP	-0.2508717813793876			
GSE34006_UNTREATED_VS_A2AR_AGONIST_TREATED_TREG_UP	-0.25090683093102184			
GO_CONDENSED_NUCLEAR_CHROMOSOME_KINETOCHORE	-0.25091716670615777			
GSE2585_THYMIC_MACROPHAGE_VS_MTEC_UP	-0.2509405102786632			
MIR3166	-0.25095374686646754			
CHUANG_OXIDATIVE_STRESS_RESPONSE_DN	-0.25096079042621516			
REACTOME_RUNX1_REGULATES_TRANSCRIPTION_OF_GENES_INVOLVED_IN_WNT_SIGNALING	-0.2509734598912995			
REACTOME_ORC1_REMOVAL_FROM_CHROMATIN	-0.2509830717426144			
GSE9650_EFFECTOR_VS_MEMORY_CD8_TCELL_DN	-0.25099337756451623			
GSE30962_PRIMARY_VS_SECONDARY_CHRONIC_LCMV_INF_CD8_TCELL_UP	-0.2510052201817853			
chr4q34	-0.25100636079282124			
RIZ_ERYTHROID_DIFFERENTIATION	-0.2510290750212704			
GO_NEGATIVE_REGULATION_OF_PROTEIN_DEPHOSPHORYLATION	-0.25105187545513946			
MIR6737_3P	-0.25106095164576503			
GSE17974_IL4_AND_ANTI_IL12_VS_UNTREATED_1H_ACT_CD4_TCELL_UP	-0.25113881329650173			
GO_PROTEIN_GERANYLGERANYLTRANSFERASE_ACTIVITY	-0.25114772578820294			
GSE4142_NAIVE_VS_GC_BCELL_DN	-0.25115637847179645			
GO_MACROPHAGE_ACTIVATION	-0.2511599830065835			
GO_NEGATIVE_REGULATION_OF_T_CELL_DIFFERENTIATION	-0.25116301486134945			
REACTOME_PROLACTIN_RECEPTOR_SIGNALING	-0.2512607065639891			
BIOCARTA_IL5_PATHWAY	-0.25126097927363517			
chr18q22	-0.2512700437973418			
GO_PHOTORECEPTOR_OUTER_SEGMENT_MEMBRANE	-0.2512739962576974			
MIR7852_3P	-0.2512758239881139			
GSE36476_YOUNG_VS_OLD_DONOR_MEMORY_CD4_TCELL_72H_TSST_ACT_DN	-0.2512997861235837			
GO_MICROTUBULE_ORGANIZING_CENTER_ATTACHMENT_SITE	-0.2513006154450949			
chr7q36	-0.2513033543398411			
GO_SEXUAL_REPRODUCTION	-0.2513259240754714			
MIR4486	-0.25135232875628494			
GO_TRNA_3_END_PROCESSING	-0.25136644011833126			
IPA_DNMT1_UP	-0.2513830086204849			
GO_CYTOSKELETON_OF_PRESYNAPTIC_ACTIVE_ZONE	-0.2514691903117647			
GSE21927_SPLEEN_VS_4T1_TUMOR_MONOCYTE_BALBC_UP	-0.25150194900805284			
MIR335_5P	-0.2515226779716554			
REACTOME_RNA_POLYMERASE_III_TRANSCRIPTION_INITIATION_FROM_TYPE_1_PROMOTER	-0.25155782313666164			
LIANG_SILENCED_BY_METHYLATION_DN	-0.2515748063318294			
REACTOME_NGF_INDEPENDANT_TRKA_ACTIVATION	-0.2515968475340455			
GSE37416_0H_VS_6H_F_TULARENSIS_LVS_NEUTROPHIL_UP	-0.25161634571295655			
MIR6829_3P	-0.2516655586850218			
GO_KINETOCHORE_ASSEMBLY	-0.2516664270665274			
GO_REGULATION_OF_MACROPHAGE_ACTIVATION	-0.25173487912287507			
chr16p12	-0.2517394403084572			
GSE360_DC_VS_MAC_UP	-0.2517399814499979			
GSE19825_CD24LOW_VS_IL2RA_HIGH_DAY3_EFF_CD8_TCELL_UP	-0.2517546933741904			
GO_INTRINSIC_COMPONENT_OF_POSTSYNAPTIC_SPECIALIZATION_MEMBRANE	-0.25175633136457876			
GO_NEGATIVE_REGULATION_OF_DNA_REPAIR	-0.25175988412905104			
MIR4689	-0.25176572750540843			
GSE15659_NAIVE_CD4_TCELL_VS_ACTIVATED_TREG_UP	-0.2517865830962149			
GO_MITOTIC_SPINDLE_POLE	-0.25181032115242163			
GSE46242_TH1_VS_ANERGIC_TH1_CD4_TCELL_UP	-0.25182893416957136			
REACTOME_CONDENSATION_OF_PROMETAPHASE_CHROMOSOMES	-0.25184259888848226			
GO_MRNA_5_SPLICE_SITE_RECOGNITION	-0.2518530201231969			
GO_REGULATION_OF_ISOMERASE_ACTIVITY	-0.2518621873105786			
MIR1229_3P	-0.2518861934130964			
CHEOK_RESPONSE_TO_HD_MTX_DN	-0.2518920650277647			
GO_ERYTHROCYTE_DEVELOPMENT	-0.25189942239642005			
GO_REGULATION_OF_CALCIUM_ION_TRANSMEMBRANE_TRANSPORT	-0.251931697426958			
ODONNELL_TARGETS_OF_MYC_AND_TFRC_DN	-0.2519465168608201			
GO_NEURON_PROJECTION_MEMBRANE	-0.2519468045994396			
REACTOME_CREB_PHOSPHORYLATION	-0.25198427905944953			
MIR582_5P	-0.25198629238923925			
GSE2770_TGFB_AND_IL4_VS_TGFB_AND_IL12_TREATED_ACT_CD4_TCELL_6H_DN	-0.25202541893706726			
GSE22589_HIV_VS_HIV_AND_SIV_INFECTED_DC_UP	-0.25205715410045704			
GSE3691_IFN_PRODUCING_KILLER_DC_VS_PLASMACYTOID_DC_SPLEEN_UP	-0.2520647341997856			
GO_CD4_RECEPTOR_BINDING	-0.2520815160813267			
GO_POSITIVE_REGULATION_OF_CHROMOSOME_ORGANIZATION	-0.2521437709314293			
GSE13411_NAIVE_VS_MEMORY_BCELL_DN	-0.25219388187177527			
GSE40666_WT_VS_STAT1_KO_CD8_TCELL_UP	-0.2522078739458995			
REACTOME_NUCLEOTIDE_LIKE_PURINERGIC_RECEPTORS	-0.2522140148832374			
GO_GROWTH_CONE_MEMBRANE	-0.2522404066807199			
GSE1112_OT1_CD8AB_VS_HY_CD8AA_THYMOCYTE_RTOC_CULTURE_DN	-0.25226907245986313			
BROWNE_HCMV_INFECTION_1HR_DN	-0.25227899305218543			
GO_NLRP3_INFLAMMASOME_COMPLEX	-0.2522801356706171			
GSE29949_CD8_NEG_DC_SPLEEN_VS_DC_BRAIN_DN	-0.25231841964305823			
LEE_AGING_NEOCORTEX_DN	-0.2523226622451134			
GO_PRE_SNORNP_COMPLEX	-0.252324480632391			
GOLDRATH_EFF_VS_MEMORY_CD8_TCELL_DN	-0.2523504327879747			
GO_POSITIVE_REGULATION_OF_DNA_LIGATION	-0.25237584380762473			
GO_EUKARYOTIC_TRANSLATION_INITIATION_FACTOR_3_COMPLEX	-0.25237990105395286			
GO_KINASE_ACTIVITY	-0.25239427859257096			
REACTOME_ACTIVATION_OF_KAINATE_RECEPTORS_UPON_GLUTAMATE_BINDING	-0.25245410181179284			
chr12q24	-0.25247157636258416			
GO_MESODERMAL_CELL_MIGRATION	-0.2524783645093298			
GSE21546_ELK1_KO_VS_SAP1A_KO_AND_ELK1_KO_ANTI_CD3_STIM_DP_THYMOCYTES_UP	-0.2524964683853208			
IPA_BACH1_UP	-0.2525013582957319			
GSE15659_NAIVE_CD4_TCELL_VS_NONSUPPRESSIVE_TCELL_UP	-0.252526435055773			
GO_MONOAMINE_TRANSPORT	-0.2525373868882893			
REACTOME_MECP2_REGULATES_NEURONAL_RECEPTORS_AND_CHANNELS	-0.2525804310550169			
GO_CATION_CHANNEL_COMPLEX	-0.252585530723962			
MIR216B_3P	-0.2525938536157964			
IRITANI_MAD1_TARGETS_DN	-0.2526146225358371			
GO_CLATHRIN_LIGHT_CHAIN_BINDING	-0.25263949755708			
REACTOME_RNA_POLYMERASE_I_TRANSCRIPTION	-0.25266074090179674			
GO_REGULATION_OF_POSTSYNAPTIC_MEMBRANE_POTENTIAL	-0.25266977643570826			
MIR4779	-0.2527152614837425			
GSE11864_UNTREATED_VS_CSF1_IFNG_PAM3CYS_IN_MAC_UP	-0.2527160930813961			
FINETTI_BREAST_CANCER_KINOME_RED	-0.2527367259808796			
IPA_MNT_UP	-0.25275917501570616			
IPA_ZBTB14_DN	-0.25275917501570616			
PRC1_BMI_UP.V1_UP	-0.25277710981511187			
GSE19941_UNSTIM_VS_LPS_STIM_IL10_KO_MACROPHAGE_DN	-0.25280565954563533			
MIR6776_5P	-0.252831761640877			
GO_POSITIVE_REGULATION_OF_ANTIGEN_PROCESSING_AND_PRESENTATION	-0.2528987724039635			
FIGUEROA_AML_METHYLATION_CLUSTER_6_DN	-0.25290419763051664			
MIR5089_5P	-0.25291300369814934			
REACTOME_PI_3K_CASCADE_FGFR2	-0.25302919012801356			
REACTOME_PI_3K_CASCADE_FGFR3	-0.2530318520037016			
MIR371A_5P	-0.25306023475445427			
GO_INOSITOL_1_3_4_5_TETRAKISPHOSPHATE_5_PHOSPHATASE_ACTIVITY	-0.25306399763306725			
GSE22601_IMMATURE_CD4_SINGLE_POSITIVE_VS_CD4_SINGLE_POSITIVE_THYMOCYTE_UP	-0.25307323107805807			
GSE40274_CTRL_VS_XBP1_TRANSDUCED_ACTIVATED_CD4_TCELL_DN	-0.25308570743335107			
MAF_Q6	-0.2531165928927952			
CTCTAGA_MIR526C_MIR518F_MIR526A	-0.25318568953011056			
MIR5591_3P	-0.25318659892505496			
MIR378A_3P_MIR378C_MIR378D_MIR378I	-0.253205640669963			
GO_TUBULIN_BINDING	-0.2532086142345645			
GSE45739_UNSTIM_VS_ACD3_ACD28_STIM_NRAS_KO_CD4_TCELL_DN	-0.25320872505535685			
LI_WILMS_TUMOR_ANAPLASTIC_UP	-0.25322243355223817			
REACTOME_C_TYPE_LECTIN_RECEPTORS_CLRS	-0.2532515807215042			
IPA_ETV6_DN	-0.2532719332818635			
GSE13411_NAIVE_VS_IGM_MEMORY_BCELL_DN	-0.2532805533816354			
MOREIRA_RESPONSE_TO_TSA_UP	-0.25329750019593816			
GO_NEGATIVE_REGULATION_OF_CELL_DIVISION	-0.2533016700185783			
NUTT_GBM_VS_AO_GLIOMA_DN	-0.25341274477148723			
WEST_ADRENOCORTICAL_CARCINOMA_VS_ADENOMA_DN	-0.2534148353324136			
GO_HISTONE_H2A_ACETYLATION	-0.2534192589098748			
GSE21927_BALBC_VS_C57BL6_MONOCYTE_SPLEEN_UP	-0.25342657392538565			
CATRRAGC_UNKNOWN	-0.2534809837447152			
GO_LYMPHOID_PROGENITOR_CELL_DIFFERENTIATION	-0.2535124331131936			
GO_POSITIVE_REGULATION_OF_DNA_DEPENDENT_DNA_REPLICATION	-0.2535139028134381			
REACTOME_TP53_REGULATES_TRANSCRIPTION_OF_DNA_REPAIR_GENES	-0.253561686499702			
GO_LEUKOTRIENE_SIGNALING_PATHWAY	-0.2535670256919092			
GSE5542_UNTREATED_VS_IFNG_TREATED_EPITHELIAL_CELLS_6H_DN	-0.2535921166753163			
GSE30971_2H_VS_4H_LPS_STIM_MACROPHAGE_WBP7_KO_DN	-0.2536164412777861			
GSE21546_UNSTIM_VS_ANTI_CD3_STIM_DP_THYMOCYTES_DN	-0.2536269310443182			
GSE25088_WT_VS_STAT6_KO_MACROPHAGE_IL4_STIM_DN	-0.253640015147843			
chrXq21	-0.25365719679299026			
GO_NEUROMUSCULAR_SYNAPTIC_TRANSMISSION	-0.2536607394445961			
GSE9650_GP33_VS_GP276_LCMV_SPECIFIC_EXHAUSTED_CD8_TCELL_DN	-0.25366100426376			
REACTOME_RESOLUTION_OF_SISTER_CHROMATID_COHESION	-0.25367237894288047			
GO_ERROR_FREE_TRANSLESION_SYNTHESIS	-0.25367278300303336			
GSE16450_IMMATURE_VS_MATURE_NEURON_CELL_LINE_DN	-0.25367758481989505			
REACTOME_MITOCHONDRIAL_UNCOUPLING	-0.25370266759820814			
GO_NUCLEAR_RETENTION_OF_PRE_MRNA_AT_THE_SITE_OF_TRANSCRIPTION	-0.25371351988726304			
BIOCARTA_MITOCHONDRIA_PATHWAY	-0.2537564957759395			
MIR619_3P	-0.25376572386704865			
GO_NEGATIVE_REGULATION_OF_BONE_REMODELING	-0.2537722649617078			
MIR4731_3P	-0.2537914473435126			
GSE40666_NAIVE_VS_EFFECTOR_CD8_TCELL_WITH_IFNA_STIM_90MIN_DN	-0.25380621780760276			
MIR5691_MIR6805_3P	-0.25382785591365203			
MIR12121	-0.2538542838614154			
GO_TRANSLATION_REGULATOR_ACTIVITY	-0.2538563958817672			
GSE3691_IFN_PRODUCING_KILLER_DC_VS_CONVENTIONAL_DC_SPLEEN_DN	-0.25385965455081694			
GO_CALCIUM_DEPENDENT_PROTEIN_SERINE_THREONINE_PHOSPHATASE_ACTIVITY	-0.25387039908937603			
IPA_MXI1_DN	-0.2539424784505269			
MIR7157_3P	-0.25397269297766545			
GO_POSITIVE_REGULATION_OF_ACTIVIN_RECEPTOR_SIGNALING_PATHWAY	-0.25399190637812846			
REACTOME_SPERM_MOTILITY_AND_TAXES	-0.2540656296695077			
RIZKI_TUMOR_INVASIVENESS_2D_UP	-0.2540728374879497			
GO_PYRIMIDINE_CONTAINING_COMPOUND_CATABOLIC_PROCESS	-0.25410101854414585			
IPA_HOXC9_UP	-0.25410142325828095			
REACTOME_EUKARYOTIC_TRANSLATION_ELONGATION	-0.25411115598040085			
HEIDENBLAD_AMPLIFIED_IN_BONE_CANCER	-0.254113829852821			
GO_NEURON_TO_NEURON_SYNAPSE	-0.2541345877452765			
GSE40274_CTRL_VS_FOXP3_TRANSDUCED_ACTIVATED_CD4_TCELL_UP	-0.2541520909459786			
GSE17721_CTRL_VS_PAM3CSK4_2H_BMDC_UP	-0.2541549958271584			
GO_C2H2_ZINC_FINGER_DOMAIN_BINDING	-0.25417035410258654			
GSE15930_NAIVE_VS_24H_IN_VITRO_STIM_IL12_CD8_TCELL_DN	-0.25421969443299974			
GO_RESPONSE_TO_VIRUS	-0.2542507652287411			
GO_SNORNA_3_END_PROCESSING	-0.2542750021089324			
GSE17721_POLYIC_VS_CPG_0.5H_BMDC_UP	-0.2542797732174168			
REACTOME_G_BETA_GAMMA_SIGNALLING_THROUGH_CDC42	-0.2542910105845896			
ZNF101_TARGET_GENES	-0.25430816725124844			
BIOCARTA_VEGF_PATHWAY	-0.25430900227910197			
GO_PERIKARYON	-0.254336956220296			
GO_MUTLALPHA_COMPLEX	-0.25433710395824705			
IPA_IRF7_UP	-0.25437355238844245			
GSE9037_CTRL_VS_LPS_4H_STIM_BMDM_DN	-0.25439136007930324			
MIR4677_5P	-0.2544108772709284			
GO_IMMUNOLOGICAL_MEMORY_PROCESS	-0.2544219434825317			
KAECH_DAY8_EFF_VS_DAY15_EFF_CD8_TCELL_DN	-0.2544282640086072			
MIR1288_3P	-0.25443787105805804			
GSE13484_UNSTIM_VS_12H_YF17D_VACCINE_STIM_PBMC_UP	-0.2544399051223729			
REACTOME_ERYTHROPOIETIN_ACTIVATES_RAS	-0.25445930488773005			
GSE39820_TGFBETA1_IL6_VS_TGFBETA1_IL6_IL23A_TREATED_CD4_TCELL_DN	-0.2545249381150111			
MIR1202	-0.25452836494767306			
GGGATGC_MIR3245P	-0.25453480042232685			
STONER_ESOPHAGEAL_CARCINOGENESIS_DN	-0.25453610024007384			
GSE46606_IRF4MID_VS_WT_CD40L_IL2_IL5_DAY1_STIMULATED_BCELL_UP	-0.2545478412860486			
GSE3920_IFNA_VS_IFNG_TREATED_FIBROBLAST_UP	-0.2546064317688017			
MIR3611	-0.2546456636870428			
EGR2_01	-0.25464816962260156			
GTTTGTT_MIR495	-0.2546522542482729			
GO_INTERLEUKIN_7_MEDIATED_SIGNALING_PATHWAY	-0.2546553986472949			
GO_HUMORAL_IMMUNE_RESPONSE_MEDIATED_BY_CIRCULATING_IMMUNOGLOBULIN	-0.25466247123767366			
JAIN_NFKB_SIGNALING	-0.25467561282184686			
GSE32034_UNTREATED_VS_ROSIGLIZATONE_TREATED_LY6C_LOW_MONOCYTE_UP	-0.2547296373386122			
IPA_PRDM5_UP	-0.25474875201405156			
REACTOME_APC_CDC20_MEDIATED_DEGRADATION_OF_NEK2A	-0.2548184570071654			
GO_SPERMATID_NUCLEUS_DIFFERENTIATION	-0.25485111035670477			
GO_PROTEIN_LOCALIZATION_TO_CILIARY_MEMBRANE	-0.2548674542391878			
GO_CHROMATIN_DNA_BINDING	-0.25487920808662895			
GO_HOST_INTRACELLULAR_ORGANELLE	-0.2549161381956837			
GSE19888_ADENOSINE_A3R_INH_PRETREAT_AND_ACT_BY_A3R_VS_A3R_INH_AND_TCELL_MEMBRANES_ACT_MAST_CELL_DN	-0.2549219767378281			
GSE15930_NAIVE_VS_72H_IN_VITRO_STIM_TRICHOSTATINA_CD8_TCELL_DN	-0.25492685087819317			
BIOCARTA_DICER_PATHWAY	-0.25493438853938083			
OCT_Q6	-0.2549346783638254			
GSE17721_LPS_VS_POLYIC_24H_BMDC_DN	-0.25493609271235573			
chr2p16	-0.2549676600142558			
GSE40685_NAIVE_CD4_TCELL_VS_TREG_UP	-0.2549953823907139			
GO_PYRIDINE_CONTAINING_COMPOUND_CATABOLIC_PROCESS	-0.25499827646750756			
REACTOME_GLUCAGON_TYPE_LIGAND_RECEPTORS	-0.2550012568299547			
GO_PRP19_COMPLEX	-0.25502948707776546			
GO_REGULATION_OF_COLLAGEN_FIBRIL_ORGANIZATION	-0.2551010684507774			
GO_RESPONSE_TO_COCAINE	-0.2551058947039842			
REACTOME_SEROTONIN_AND_MELATONIN_BIOSYNTHESIS	-0.255145649184426			
REACTOME_AKT_PHOSPHORYLATES_TARGETS_IN_THE_NUCLEUS	-0.2552172642148116			
VALK_AML_CLUSTER_6	-0.25521850492538734			
GO_SUPEROXIDE_METABOLIC_PROCESS	-0.2552391498859095			
IPA_CCNT1_UP	-0.2552393477250823			
GSE8685_IL2_STARVED_VS_IL21_ACT_IL2_STARVED_CD4_TCELL_DN	-0.25526140457251356			
GO_NEGATIVE_REGULATION_OF_CYTOKINE_SECRETION_INVOLVED_IN_IMMUNE_RESPONSE	-0.2552783329678333			
GO_NEUROPEPTIDE_BINDING	-0.2552809562383745			
GO_ANCHORED_COMPONENT_OF_POSTSYNAPTIC_MEMBRANE	-0.2553061371624544			
GO_REGULATION_OF_CARDIAC_VASCULAR_SMOOTH_MUSCLE_CELL_DIFFERENTIATION	-0.25530888254759054			
REACTOME_ZBP1_DAI_MEDIATED_INDUCTION_OF_TYPE_I_IFNS	-0.2554031533320562			
GO_CELLULAR_RESPONSE_TO_BRAIN_DERIVED_NEUROTROPHIC_FACTOR_STIMULUS	-0.25544371546159406			
MIR185_3P	-0.25545877046633997			
REACTOME_ERYTHROPOIETIN_ACTIVATES_STAT5	-0.2554905943580601			
MANALO_HYPOXIA_DN	-0.2554906979146452			
GO_INTERLEUKIN_6_PRODUCTION	-0.25550305894139436			
GO_NUCLEAR_INNER_MEMBRANE	-0.2555076981372329			
IPA_ASCL1_UP	-0.2555403530162614			
GO_UBIQUITIN_LIGASE_COMPLEX	-0.25554079163183147			
GO_BASIC_AMINO_ACID_TRANSPORT	-0.25555841287476927			
GO_NK_T_CELL_DIFFERENTIATION	-0.25556401285143504			
GSE10325_CD4_TCELL_VS_BCELL_UP	-0.2556471544518479			
GSE1791_CTRL_VS_NEUROMEDINU_IN_T_CELL_LINE_12H_DN	-0.25565065192593245			
GSE1460_DP_THYMOCYTE_VS_NAIVE_CD4_TCELL_CORD_BLOOD_UP	-0.2556569922341894			
GO_POSITIVE_REGULATION_OF_CYTOKINE_SECRETION	-0.25569023566902865			
ACAWNRNSRCGG_UNKNOWN	-0.2556940080539038			
GO_VOLTAGE_GATED_POTASSIUM_CHANNEL_ACTIVITY	-0.25570385401233936			
MIR1205	-0.2557583917231996			
BURTON_ADIPOGENESIS_12	-0.25576255197728404			
REACTOME_APOBEC3G_MEDIATED_RESISTANCE_TO_HIV_1_INFECTION	-0.2557772525406339			
ATRX_TARGET_GENES	-0.25578109477144706			
GO_SUMO_POLYMER_BINDING	-0.2557950005999183			
REACTOME_TRANSCRIPTIONAL_REGULATION_BY_MECP2	-0.2557956017220299			
REACTOME_S_PHASE	-0.25583857926559916			
FRASOR_RESPONSE_TO_SERM_OR_FULVESTRANT_DN	-0.2558509941225483			
GO_NEGATIVE_REGULATION_OF_MYELOID_CELL_DIFFERENTIATION	-0.25589262322922945			
GO_G2_DNA_DAMAGE_CHECKPOINT	-0.25591143178082376			
MIR6737_5P	-0.2559139361708083			
GO_FORMATION_OF_CYTOPLASMIC_TRANSLATION_INITIATION_COMPLEX	-0.25591653311772145			
GSE21033_1H_VS_12H_POLYIC_STIM_DC_UP	-0.2559404141856521			
MIR6833_3P	-0.25596290690933404			
REACTOME_DOPAMINE_NEUROTRANSMITTER_RELEASE_CYCLE	-0.2559746000203132			
GO_PHOTOTRANSDUCTION	-0.25599108085008193			
GO_MEGAKARYOCYTE_DIFFERENTIATION	-0.256005184290104			
GO_REGULATION_OF_MITOTIC_RECOMBINATION	-0.2560085632995407			
REACTOME_MYOGENESIS	-0.25602979182677205			
ZNF560_TARGET_GENES	-0.2560308639049788			
GO_IMMUNOLOGICAL_MEMORY_FORMATION_PROCESS	-0.2560577619027459			
SVIL_TARGET_GENES	-0.2560588714099695			
MIR3064_3P	-0.25606101550877125			
GSE21927_SPLENIC_C26GM_TUMOROUS_VS_4T1_TUMOR_MONOCYTES_DN	-0.2560932276869848			
GSE411_UNSTIM_VS_400MIN_IL6_STIM_SOCS3_KO_MACROPHAGE_DN	-0.2561101890208909			
GO_DNA_REPLICATION_PREINITIATION_COMPLEX	-0.2561340268727013			
GSE21670_STAT3_KO_VS_WT_CD4_TCELL_TGFB_IL6_TREATED_UP	-0.2561622367176635			
GSE42724_B1_BCELL_VS_PLASMABLAST_DN	-0.25622329697613705			
MIR4731_5P	-0.2562344709761796			
GSE40274_CTRL_VS_FOXP3_AND_SATB1_TRANSDUCED_ACTIVATED_CD4_TCELL_UP	-0.25623783838526			
GSE2405_S_AUREUS_VS_UNTREATED_NEUTROPHIL_UP	-0.2562453957041478			
GO_MACROPHAGE_ACTIVATION_INVOLVED_IN_IMMUNE_RESPONSE	-0.2562742104019246			
BIOCARTA_AGPCR_PATHWAY	-0.25628049836057426			
GO_HEMATOPOIETIC_PROGENITOR_CELL_DIFFERENTIATION	-0.25628550642150427			
GO_TELOMERE_MAINTENANCE_VIA_TELOMERE_LENGTHENING	-0.2563158520776539			
GO_CYTOKINE_RECEPTOR_ACTIVITY	-0.25632100116283385			
CEBPGAMMA_Q6	-0.25633189359028086			
GSE45365_HEALTHY_VS_MCMV_INFECTION_CD8A_DC_UP	-0.2563493023679084			
GO_NEURON_DEATH_IN_RESPONSE_TO_HYDROGEN_PEROXIDE	-0.2563668099575394			
IPA_WDR82_UP	-0.25645941180425025			
GSE40274_CTRL_VS_XBP1_TRANSDUCED_ACTIVATED_CD4_TCELL_UP	-0.2564599092403771			
GO_DEFENSE_RESPONSE_TO_VIRUS	-0.2564741695555198			
REACTOME_MRNA_DECAY_BY_3_TO_5_EXORIBONUCLEASE	-0.25648710965319516			
MIR6876_5P	-0.25648979853383186			
GO_ANTIGEN_PROCESSING_AND_PRESENTATION_OF_PEPTIDE_OR_POLYSACCHARIDE_ANTIGEN_VIA_MHC_CLASS_II	-0.25650442999867584			
MIR4720_3P	-0.2565106932548959			
MEINHOLD_OVARIAN_CANCER_LOW_GRADE_DN	-0.25654013930205577			
AGCATTA_MIR155	-0.2565487997133635			
GSE18791_CTRL_VS_NEWCASTLE_VIRUS_DC_10H_UP	-0.25655931834335605			
GO_LYMPH_NODE_DEVELOPMENT	-0.25657007594453685			
OCT1_Q6	-0.2566128547923199			
E2F1_Q4	-0.25663310784757626			
GTTRYCATRR_UNKNOWN	-0.25663639246849457			
MORI_SMALL_PRE_BII_LYMPHOCYTE_UP	-0.25666438305707023			
GO_POLYPHOSPHATE_CATABOLIC_PROCESS	-0.2567626711771664			
GO_EXOPOLYPHOSPHATASE_ACTIVITY	-0.2567626711771664			
GO_PHOSPHATIDYLINOSITOL_BISPHOSPHATE_PHOSPHATASE_ACTIVITY	-0.2567719600310539			
GSE36891_UNSTIM_VS_PAM_TLR2_STIM_PERITONEAL_MACROPHAGE_DN	-0.2567762068710426			
GSE42724_NAIVE_VS_B1_BCELL_DN	-0.2568217496494118			
GO_INTERFERON_ALPHA_SECRETION	-0.2568272949134595			
GO_TASTE_RECEPTOR_ACTIVITY	-0.256899614060742			
GO_CALCIUM_CHANNEL_COMPLEX	-0.2569218483350252			
GO_RESPONSE_TO_INTERLEUKIN_7	-0.2569369990009938			
MIR4286	-0.25696939056229734			
HOFFMANN_LARGE_TO_SMALL_PRE_BII_LYMPHOCYTE_UP	-0.2569887873282753			
IPA_MEOX2_UP	-0.25700747708283717			
GO_POSTREPLICATION_REPAIR	-0.25702736862751363			
REACTOME_ANTI_INFLAMMATORY_RESPONSE_FAVOURING_LEISHMANIA_PARASITE_INFECTION	-0.2570350851549135			
YAO_TEMPORAL_RESPONSE_TO_PROGESTERONE_CLUSTER_3	-0.2570514275348821			
REACTOME_INHIBITION_OF_THE_PROTEOLYTIC_ACTIVITY_OF_APC_C_REQUIRED_FOR_THE_ONSET_OF_ANAPHASE_BY_MITOTIC_SPINDLE_CHECKPOINT_COMPONENTS	-0.25710502448645767			
AFFAR_YY1_TARGETS_DN	-0.25713295766344696			
GO_EGG_ACTIVATION	-0.2571474428480151			
IPA_RBL1_DN	-0.2571476814691077			
KUROZUMI_RESPONSE_TO_ONCOCYTIC_VIRUS	-0.2571677551995374			
GO_REGULATION_OF_G_PROTEIN_COUPLED_RECEPTOR_SIGNALING_PATHWAY	-0.25717763217443934			
GO_REGULATION_OF_ATPASE_COUPLED_CALCIUM_TRANSMEMBRANE_TRANSPORTER_ACTIVITY	-0.2572235131655745			
GO_DEOXYRIBONUCLEOSIDE_TRIPHOSPHATE_CATABOLIC_PROCESS	-0.25729786783692915			
GO_NEGATIVE_REGULATION_OF_MACROPHAGE_MIGRATION	-0.2573055886909306			
GO_RDNA_BINDING	-0.25734077844172604			
GO_CONDENSED_NUCLEAR_CHROMOSOME_CENTROMERIC_REGION	-0.25735084676441394			
GO_HUMORAL_IMMUNE_RESPONSE	-0.25735421756730564			
KEGG_PHOSPHATIDYLINOSITOL_SIGNALING_SYSTEM	-0.2573780558465716			
GO_ENDONUCLEOLYTIC_CLEAVAGE_IN_5_ETS_OF_TRICISTRONIC_RRNA_TRANSCRIPT_SSU_RRNA_5_8S_RRNA_LSU_RRNA	-0.2573817125293954			
GSE22886_NAIVE_VS_MEMORY_TCELL_DN	-0.2574293568319289			
GSE25677_MPL_VS_MPL_AND_R848_STIM_BCELL_UP	-0.25744480928089764			
GATGKMRGCG_UNKNOWN	-0.2574669265071537			
AGTCTTA_MIR499	-0.2574849200315569			
IPA_ING1_UP	-0.2574963081334402			
GO_THREONINE_TYPE_PEPTIDASE_ACTIVITY	-0.2575197075370868			
GSE44732_UNSTIM_VS_IL27_STIM_IMATURE_DC_UP	-0.25753599578934716			
MIR5008_3P	-0.25754580265322286			
GO_PYRUVATE_TRANSMEMBRANE_TRANSPORTER_ACTIVITY	-0.25754647735490493			
GO_PYRUVATE_TRANSMEMBRANE_TRANSPORT	-0.25754647735490493			
GSE20715_0H_VS_24H_OZONE_TLR4_KO_LUNG_UP	-0.25756201051201705			
GSE17974_0H_VS_4H_IN_VITRO_ACT_CD4_TCELL_DN	-0.25762121814578975			
GO_ADENYLATE_CYCLASE_INHIBITING_G_PROTEIN_COUPLED_GLUTAMATE_RECEPTOR_SIGNALING_PATHWAY	-0.2576224005691212			
GSE24574_NAIVE_VS_TCONV_CD4_TCELL_UP	-0.2576371493159382			
GO_INDOLE_CONTAINING_COMPOUND_BIOSYNTHETIC_PROCESS	-0.25770249384271665			
GSE17974_0H_VS_24H_IN_VITRO_ACT_CD4_TCELL_DN	-0.25771193017222005			
REACTOME_PROSTACYCLIN_SIGNALLING_THROUGH_PROSTACYCLIN_RECEPTOR	-0.257711939644397			
REACTOME_DNA_DAMAGE_TELOMERE_STRESS_INDUCED_SENESCENCE	-0.25772509096819246			
GAL_LEUKEMIC_STEM_CELL_DN	-0.2577433929477502			
GO_SARCOPLASMIC_RETICULUM_CALCIUM_ION_TRANSPORT	-0.25777024480383			
GO_HOLLIDAY_JUNCTION_RESOLVASE_COMPLEX	-0.25778085369104514			
GSE24142_DN2_VS_DN3_THYMOCYTE_ADULT_DN	-0.25778562822533113			
GO_MAINTENANCE_OF_SISTER_CHROMATID_COHESION	-0.25779509476107937			
GO_REGULATION_OF_PROTEIN_LOCALIZATION_TO_NUCLEOLUS	-0.2578089963273517			
GO_POSITIVE_REGULATION_OF_SYNAPSE_MATURATION	-0.2578564605029352			
GO_TRANSCRIPTION_FACTOR_TFIIIB_COMPLEX	-0.25786592650356854			
GO_REGULATION_OF_PHOSPHATIDYLINOSITOL_DEPHOSPHORYLATION	-0.2578794738901368			
GO_U2AF	-0.2579217887270277			
GO_PROTEIN_LOCALIZATION_TO_KINETOCHORE	-0.2579342851004011			
REACTOME_PKA_MEDIATED_PHOSPHORYLATION_OF_CREB	-0.2579422121179544			
REACTOME_EICOSANOID_LIGAND_BINDING_RECEPTORS	-0.25799973588840897			
GO_DENDRITIC_TRANSPORT	-0.2580181597765785			
FUNG_IL2_SIGNALING_1	-0.25802718212129283			
MIR3151_5P	-0.25803506541419635			
MIR212_5P	-0.2580743931615004			
GO_POSITIVE_REGULATION_OF_PROTEIN_LOCALIZATION_TO_CENTROSOME	-0.25809383977744993			
GO_CELL_MIGRATION_INVOLVED_IN_VASCULOGENESIS	-0.25809885191326715			
RHODES_UNDIFFERENTIATED_CANCER	-0.25810479527179064			
MIR12119	-0.2581094581015746			
GSE17974_0H_VS_48H_IN_VITRO_ACT_CD4_TCELL_DN	-0.2581346577778887			
GO_POSITIVE_REGULATION_OF_VIRAL_TRANSCRIPTION	-0.25817781767382986			
GSE22342_CD11C_HIGH_VS_LOW_DECIDUAL_MACROPHAGES_DN	-0.258183891616295			
GSE27786_CD8_TCELL_VS_NKCELL_UP	-0.2581968469117527			
GSE34156_UNTREATED_VS_6H_NOD2_AND_TLR1_TLR2_LIGAND_TREATED_MONOCYTE_DN	-0.2582026300719288			
GO_TETRAHYDROFOLATE_BIOSYNTHETIC_PROCESS	-0.2582768392438934			
BROWNE_HCMV_INFECTION_14HR_UP	-0.25829994310333804			
YU_BAP1_TARGETS	-0.25830328422983945			
GO_NUCLEAR_LOCALIZATION_SEQUENCE_BINDING	-0.2583467986368335			
MIR1285_5P	-0.2583722271134575			
GSE2770_IL4_ACT_VS_ACT_CD4_TCELL_2H_DN	-0.2583808212301252			
ZNF781_TARGET_GENES	-0.2584195940163512			
GO_SARCOPLASMIC_RETICULUM_MEMBRANE	-0.258423504959009			
REACTOME_PI5P_REGULATES_TP53_ACETYLATION	-0.2584367781986443			
GSE360_T_GONDII_VS_B_MALAYI_HIGH_DOSE_MAC_DN	-0.25847004344437213			
GO_BONE_MARROW_DEVELOPMENT	-0.2584805830209893			
GSE17721_LPS_VS_GARDIQUIMOD_16H_BMDC_UP	-0.25848672313433213			
MIR221_3P	-0.2584952044130895			
GSE30971_2H_VS_4H_LPS_STIM_MACROPHAGE_WBP7_HET_UP	-0.25851207801081166			
GSE2770_TGFB_AND_IL4_VS_IL4_TREATED_ACT_CD4_TCELL_48H_DN	-0.2585264314695555			
WYAAANNRNNNGCG_UNKNOWN	-0.2585324020886151			
GSE13229_IMM_VS_MATURE_NKCELL_UP	-0.25859201162295137			
GO_PHOSPHORYLATION_OF_RNA_POLYMERASE_II_C_TERMINAL_DOMAIN	-0.2586105841030111			
FUNG_IL2_TARGETS_WITH_STAT5_BINDING_SITES	-0.25861183544048855			
IPA_CEBPE_DN	-0.2586134584925446			
MIR3193	-0.2586261059696505			
GO_INDOLE_CONTAINING_COMPOUND_CATABOLIC_PROCESS	-0.2586520590348487			
GO_ENDODEOXYRIBONUCLEASE_COMPLEX	-0.2586608091561149			
MIR4278	-0.25866688481149497			
GO_REGULATION_OF_LEUKOCYTE_ADHESION_TO_VASCULAR_ENDOTHELIAL_CELL	-0.25869223430716254			
LEE_RECENT_THYMIC_EMIGRANT	-0.25872914719796253			
GO_DNA_HELICASE_COMPLEX	-0.25873501664213405			
GSE18281_CORTEX_VS_MEDULLA_THYMUS_DN	-0.25874386899604396			
GO_ELONGATOR_HOLOENZYME_COMPLEX	-0.2587455048317861			
BIOCARTA_RNAPOL3_PATHWAY	-0.2587868542142165			
EGR3_01	-0.2587884432650389			
MIR222_3P	-0.25879928153926907			
GSE22140_HEALTHY_VS_ARTHRITIC_MOUSE_CD4_TCELL_UP	-0.25881088789287826			
GO_GATED_CHANNEL_ACTIVITY	-0.2588127654378133			
GO_REGULATION_OF_REGULATED_SECRETORY_PATHWAY	-0.2588299651837265			
MIR4684_5P	-0.2588341575926428			
PID_FAS_PATHWAY	-0.2588353267389351			
GO_RNA_CATABOLIC_PROCESS	-0.258887616371674			
GSE23505_IL6_IL1_VS_IL6_IL1_TGFB_TREATED_CD4_TCELL_UP	-0.25889541533081123			
DER_IFN_GAMMA_RESPONSE_DN	-0.2588975116091912			
MIR656_5P	-0.25890473762355926			
GSE3994_WT_VS_PAC1_KO_ACTIVATED_MAST_CELL_DN	-0.25892245397156444			
MIR3922_3P	-0.2589268488957619			
GO_SOMATOSTATIN_RECEPTOR_SIGNALING_PATHWAY	-0.2589540390290571			
GO_SOMATOSTATIN_RECEPTOR_ACTIVITY	-0.2589540390290571			
GO_CHROMOSOME_LOCALIZATION	-0.2589770019332552			
MYLLYKANGAS_AMPLIFICATION_HOT_SPOT_23	-0.2589802073780155			
GSE45365_NK_CELL_VS_BCELL_DN	-0.25898527203425986			
GO_DNA_DAMAGE_INDUCED_PROTEIN_PHOSPHORYLATION	-0.25900126324338096			
GO_TRANSCRIPTION_FACTOR_TFIIIC_COMPLEX	-0.2590039702473823			
GO_5S_CLASS_RRNA_TRANSCRIPTION_BY_RNA_POLYMERASE_III	-0.2590039702473823			
GO_CELLULAR_PROCESS_INVOLVED_IN_REPRODUCTION_IN_MULTICELLULAR_ORGANISM	-0.2590189808675739			
GO_PROTEASOME_CORE_COMPLEX_ALPHA_SUBUNIT_COMPLEX	-0.2590284841614534			
HOFFMANN_IMMATURE_TO_MATURE_B_LYMPHOCYTE_UP	-0.2591050702951844			
REACTOME_INFECTIOUS_DISEASE	-0.2591103925195234			
IPA_CBFB_DN	-0.2591150145995861			
GO_BITTER_TASTE_RECEPTOR_ACTIVITY	-0.25914537155235706			
GO_POSITIVE_REGULATION_OF_PHOSPHOLIPID_TRANSPORT	-0.25914685008626176			
IPA_ETS1_UP	-0.2591943592888233			
GO_E_BOX_BINDING	-0.2592004190753656			
ELVIDGE_HIF1A_AND_HIF2A_TARGETS_UP	-0.2592082638052356			
ONO_AML1_TARGETS_UP	-0.2592217523522198			
GSE37605_TREG_VS_TCONV_C57BL6_FOXP3_IRES_GFP_DN	-0.25924187922902997			
IPA_CDC5L_UP	-0.2592446501362001			
GO_NEGATIVE_REGULATION_OF_NATURAL_KILLER_CELL_MEDIATED_IMMUNITY	-0.2592530794110634			
GO_SCAR_COMPLEX	-0.25927992873028405			
GO_REGULATION_OF_CHROMATIN_BINDING	-0.25930141306748294			
GO_SPLICEOSOMAL_TRI_SNRNP_COMPLEX_ASSEMBLY	-0.259321801299507			
GO_CHROMATIN_SILENCING_COMPLEX	-0.25932433580000985			
CHIARETTI_T_ALL_REFRACTORY_TO_THERAPY	-0.2594105834334664			
MIR6871_5P	-0.25943793641735274			
GSE21360_NAIVE_VS_TERTIARY_MEMORY_CD8_TCELL_DN	-0.2594597520652823			
REACTOME_PI_3K_CASCADE_FGFR1	-0.25950019978038225			
GO_PROTEIN_KINASE_ACTIVITY	-0.2595251696207673			
GO_C_TERMINAL_PROTEIN_LIPIDATION	-0.2595288403884807			
GSE14308_NAIVE_CD4_TCELL_VS_NATURAL_TREG_UP	-0.2595390085592934			
MIR4759	-0.259542913915139			
GSE17301_CTRL_VS_48H_IFNA2_STIM_CD8_TCELL_DN	-0.25954428504203003			
GSE17721_PAM3CSK4_VS_GADIQUIMOD_0.5H_BMDC_DN	-0.2595626678135657			
GSE16450_IMMATURE_VS_MATURE_NEURON_CELL_LINE_6H_IFNA_STIM_DN	-0.25958256777236366			
GSE19923_E2A_KO_VS_E2A_AND_HEB_KO_DP_THYMOCYTE_UP	-0.2595876770385858			
MIR4251	-0.25959452035091174			
GO_CELL_CYCLE_PROCESS	-0.25959475772929			
GSE14308_TH2_VS_TH17_DN	-0.25961093382090367			
YY1_02	-0.25963750332006647			
ZNF768_TARGET_GENES	-0.2596530920307159			
BRUINS_UVC_RESPONSE_VIA_TP53_GROUP_D	-0.2596635041769809			
MIR3171	-0.25967469599302356			
GSE1925_CTRL_VS_3H_IFNG_STIM_MACROPHAGE_UP	-0.2596877715845826			
CAGTCAC_MIR134	-0.25969296025696575			
MIR1266_5P	-0.2597144098005777			
GO_MITOCHONDRIAL_PROTEIN_PROCESSING	-0.25973413885874397			
GO_NEURON_CELL_CELL_ADHESION	-0.2597778286452214			
GSE45365_WT_VS_IFNAR_KO_CD11B_DC_MCMV_INFECTION_UP	-0.2598372806361854			
FIGUEROA_AML_METHYLATION_CLUSTER_2_UP	-0.2599032217417498			
GO_CYTOPLASMIC_TRANSLATIONAL_INITIATION	-0.2599368843627629			
BIOCARTA_CARM1_PATHWAY	-0.2599583656449815			
GO_NUCLEAR_EXPORT	-0.2599634228257042			
REACTOME_CELL_CYCLE_CHECKPOINTS	-0.25997152413479213			
MIR4692	-0.2599730169992398			
GO_SUPEROXIDE_GENERATING_NADPH_OXIDASE_ACTIVATOR_ACTIVITY	-0.2599993342612194			
MIR1468_5P	-0.26000324718130235			
GSE39022_LN_VS_SPLEEN_DC_DN	-0.2600250126789287			
GSE27786_LSK_VS_ERYTHROBLAST_DN	-0.26004737134474			
REACTOME_COOPERATION_OF_PDCL_PHLP1_AND_TRIC_CCT_IN_G_PROTEIN_BETA_FOLDING	-0.26009686941977			
IPA_LDB1_UP	-0.26009802476576305			
MNX1_TARGET_GENES	-0.2601015497302492			
GO_TRNA_PSEUDOURIDINE_SYNTHESIS	-0.2601173122604547			
MIR1207_3P	-0.26015057028445465			
GSE25088_CTRL_VS_ROSIGLITAZONE_STIM_MACROPHAGE_DN	-0.2601627567841731			
GO_MAST_CELL_GRANULE	-0.26016766565306654			
GSE11961_PLASMA_CELL_DAY7_VS_MEMORY_BCELL_DAY40_DN	-0.26018047126208754			
GO_GAMMA_TUBULIN_LARGE_COMPLEX	-0.2602101426507569			
GO_DNA_REPLICATION_SYNTHESIS_OF_RNA_PRIMER	-0.2602266620915613			
GSE14308_TH2_VS_INDUCED_TREG_DN	-0.26024374981373083			
REACTOME_TOLL_LIKE_RECEPTOR_4_TLR4_CASCADE	-0.2602472518498796			
GSE43863_TH1_VS_LY6C_INT_CXCR5POS_EFFECTOR_CD4_TCELL_DN	-0.2602620850845579			
REACTOME_SENSING_OF_DNA_DOUBLE_STRAND_BREAKS	-0.26029506905659733			
GO_PROTEIN_PROCESSING_INVOLVED_IN_PROTEIN_TARGETING_TO_MITOCHONDRION	-0.2603315208257703			
GSE360_CTRL_VS_B_MALAYI_HIGH_DOSE_MAC_DN	-0.26033455121207727			
GO_UBIQUITIN_LIKE_PROTEIN_LIGASE_ACTIVITY	-0.2604229649628023			
GSE411_WT_VS_SOCS3_KO_MACROPHAGE_IL6_STIM_400MIN_DN	-0.2604303673993337			
IPA_TLX3_UP	-0.2604420507742542			
GO_RNA_POLYMERASE_III_GENERAL_TRANSCRIPTION_INITIATION_FACTOR_ACTIVITY	-0.2604838173162768			
IPA_XRCC6_DN	-0.2605068929730626			
REACTOME_RHO_GTPASES_ACTIVATE_NADPH_OXIDASES	-0.26051709934372635			
CHNG_MULTIPLE_MYELOMA_HYPERPLOID_UP	-0.26057600535417186			
GSE20500_CTRL_VS_RARA_ANTAGONIST_TREATED_CD4_TCELL_DN	-0.2605865277411708			
PID_HDAC_CLASSII_PATHWAY	-0.26061962293741137			
GO_SEROTONIN_SECRETION	-0.2606255433826966			
GO_DETECTION_OF_LIGHT_STIMULUS_INVOLVED_IN_SENSORY_PERCEPTION	-0.26064076019309385			
ZNF623_TARGET_GENES	-0.26066893917633854			
GO_DIPHOSPHOTRANSFERASE_ACTIVITY	-0.2607190935902345			
GO_POSITIVE_REGULATION_OF_LYMPHOCYTE_APOPTOTIC_PROCESS	-0.2607386848285343			
GO_NEGATIVE_REGULATION_OF_SINGLE_STRANDED_VIRAL_RNA_REPLICATION_VIA_DOUBLE_STRANDED_DNA_INTERMEDIATE	-0.26082435082225497			
GSE19198_1H_VS_24H_IL21_TREATED_TCELL_DN	-0.26083819438031275			
IIZUKA_LIVER_CANCER_EARLY_RECURRENCE	-0.260839831980681			
GSE3203_HEALTHY_VS_INFLUENZA_INFECTED_LN_BCELL_UP	-0.26086152396535595			
BIOCARTA_IL12_PATHWAY	-0.26087940924031305			
GSE7348_UNSTIM_VS_LPS_STIM_MACROPHAGE_UP	-0.2608794956050188			
IPA_GTF2I_DN	-0.26089660395443237			
GO_RNA_POLYMERASE_II_PREINITIATION_COMPLEX_ASSEMBLY	-0.26094217960045296			
IPA_UHRF1_UP	-0.26094394520181735			
CHOW_RASSF1_TARGETS_UP	-0.260961521468634			
GSE37532_VISCERAL_ADIPOSE_TISSUE_VS_LN_DERIVED_PPARG_KO_TCONV_CD4_TCELL_UP	-0.26097314878885497			
PRKDC_TARGET_GENES	-0.26098579250775583			
GO_POSITIVE_REGULATION_OF_DNA_REPAIR	-0.2610705399153483			
GO_DNA_CATABOLIC_PROCESS_ENDONUCLEOLYTIC	-0.26108233980477097			
KLF14_TARGET_GENES	-0.2611255528588628			
GO_CELL_CYCLE_PHASE_TRANSITION	-0.2611355222411229			
RIZ_ERYTHROID_DIFFERENTIATION_CCNE1	-0.2611371509589022			
GSE30962_ACUTE_VS_CHRONIC_LCMV_PRIMARY_INF_CD8_TCELL_DN	-0.2611553603205824			
KEGG_CALCIUM_SIGNALING_PATHWAY	-0.26117284164716914			
GSE21670_UNTREATED_VS_IL6_TREATED_CD4_TCELL_UP	-0.26117452025128335			
OSMAN_BLADDER_CANCER_UP	-0.26117791011513924			
GSE36392_TYPE_2_MYELOID_VS_NEUTROPHIL_IL25_TREATED_LUNG_DN	-0.26119317339000164			
GO_PHOSPHATIDYLINOSITOL_3_5_BISPHOSPHATE_PHOSPHATASE_ACTIVITY	-0.26120462466558053			
KAECH_NAIVE_VS_MEMORY_CD8_TCELL_UP	-0.26121284311278375			
GO_ACETYLCHOLINE_BINDING	-0.26121904352531977			
GO_NEURON_PROJECTION_TERMINUS	-0.26125098365966654			
GO_CHAPERONIN_CONTAINING_T_COMPLEX	-0.2612591271168757			
PID_P38_ALPHA_BETA_PATHWAY	-0.26130371146901926			
GSE5503_MLN_DC_VS_SPLEEN_DC_ACTIVATED_ALLOGENIC_TCELL_UP	-0.261360214890848			
GSE43863_NAIVE_VS_LY6C_INT_CXCR5POS_CD4_EFF_TCELL_D6_LCMV_UP	-0.26138304319000055			
REACTOME_POLO_LIKE_KINASE_MEDIATED_EVENTS	-0.2613984354429719			
GSE17721_0.5H_VS_24H_CPG_BMDC_UP	-0.2613990941164665			
JAK2_DN.V1_DN	-0.2614252509903895			
GO_REGULATION_OF_DNA_DEPENDENT_DNA_REPLICATION_INITIATION	-0.26142979937306066			
GO_NEUROTRANSMITTER_RECEPTOR_ACTIVITY_INVOLVED_IN_REGULATION_OF_POSTSYNAPTIC_MEMBRANE_POTENTIAL	-0.2614387141596662			
GSE23321_CD8_STEM_CELL_MEMORY_VS_EFFECTOR_MEMORY_CD8_TCELL_UP	-0.2614470365098004			
GO_ATPASE_ACTIVITY	-0.2614563230995614			
GO_RIBONUCLEOSIDE_METABOLIC_PROCESS	-0.2614856384863001			
GSE2770_UNTREATED_VS_TGFB_AND_IL4_TREATED_ACT_CD4_TCELL_48H_UP	-0.26149484453454586			
MIR4514	-0.2615282625018791			
PLASARI_NFIC_TARGETS_BASAL_DN	-0.26157040775056756			
MYB_Q5_01	-0.2616155430719519			
IPA_ATF1_UP	-0.26163716494516065			
GO_REGULATION_OF_PHAGOCYTOSIS	-0.26165375644522654			
chr12q15	-0.26167577158307875			
GO_PYRIMIDINE_DIMER_REPAIR	-0.26169812199554343			
GO_CYTOSOLIC_RIBOSOME	-0.26170597839723364			
IPA_MYB_UP	-0.2617172305449983			
MIR765	-0.2617518948950679			
GO_POSITIVE_REGULATION_OF_DEOXYRIBONUCLEASE_ACTIVITY	-0.26183218461904006			
GO_REGULATION_OF_ENDODEOXYRIBONUCLEASE_ACTIVITY	-0.2618421507147341			
CALVET_IRINOTECAN_SENSITIVE_VS_RESISTANT_UP	-0.26186000708155843			
REACTOME_INTERLEUKIN_23_SIGNALING	-0.2618608568193795			
GO_SINGLE_STRANDED_DNA_EXODEOXYRIBONUCLEASE_ACTIVITY	-0.261868589143885			
ATCATGA_MIR433	-0.2619189293428468			
GO_RNA_SURVEILLANCE	-0.26194260837698385			
GSE38696_LIGHT_ZONE_VS_DARK_ZONE_BCELL_UP	-0.2619577695115608			
DAIRKEE_CANCER_PRONE_RESPONSE_E2	-0.26196631367407447			
GSE4984_UNTREATED_VS_LPS_TREATED_DC_UP	-0.2619683391257431			
GO_CULLIN_RING_UBIQUITIN_LIGASE_COMPLEX	-0.261977681541748			
GO_REGULATION_OF_CHROMATIN_ASSEMBLY_OR_DISASSEMBLY	-0.2619894682392346			
REACTOME_MITOTIC_SPINDLE_CHECKPOINT	-0.2619944514244848			
GO_RESPONSE_TO_INTERLEUKIN_15	-0.262003610020511			
GO_ADENYLATE_CYCLASE_ACTIVATING_DOPAMINE_RECEPTOR_SIGNALING_PATHWAY	-0.26200950792652744			
ZHAN_MULTIPLE_MYELOMA_CD1_AND_CD2_DN	-0.2620689620978899			
GO_CELLULAR_RESPONSE_TO_ELECTRICAL_STIMULUS	-0.2620702989233965			
GO_CALCIUM_ION_EXPORT	-0.26208509781412176			
GO_REGULATION_OF_IRON_ION_TRANSPORT	-0.26212206868695304			
GO_1_PHOSPHATIDYLINOSITOL_3_KINASE_REGULATOR_ACTIVITY	-0.2621228001991413			
GSE27859_CD11C_INT_F480_HI_MACROPHAGE_VS_CD11C_ING_F480_INT_DC_DN	-0.26226078014137233			
GO_KICSTOR_COMPLEX	-0.2623256565920533			
RHEIN_ALL_GLUCOCORTICOID_THERAPY_UP	-0.2623490707646113			
ZNF302_TARGET_GENES	-0.26236414688874893			
WU_ALZHEIMER_DISEASE_UP	-0.2623711354098677			
GSE2770_IL12_ACT_VS_ACT_CD4_TCELL_6H_UP	-0.26237760561821816			
MIR378A_5P	-0.262398665593034			
KEGG_PROTEASOME	-0.2624001980366973			
REACTOME_EFFECTS_OF_PIP2_HYDROLYSIS	-0.2624079857649911			
REACTOME_LEUKOTRIENE_RECEPTORS	-0.2624131095306216			
MYC_UP.V1_UP	-0.2624482503723708			
IPA_TBX22_UP	-0.26245495299892546			
IPA_RFX3_DN	-0.26245495299892546			
GO_RNA_PHOSPHODIESTER_BOND_HYDROLYSIS	-0.2624558879567616			
IPA_ING4_UP	-0.26245961637910026			
GSE3982_CENT_MEMORY_CD4_TCELL_VS_NKCELL_DN	-0.26246019472355536			
GO_REGULATION_OF_DNA_DAMAGE_CHECKPOINT	-0.26247442344153604			
GO_INOSITOL_TRISPHOSPHATE_PHOSPHATASE_ACTIVITY	-0.26248056284958515			
LI_WILMS_TUMOR_VS_FETAL_KIDNEY_1_DN	-0.26255468245249663			
GO_POLY_PYRIMIDINE_TRACT_BINDING	-0.2625570696123265			
GO_TRANSLATION_PREINITIATION_COMPLEX	-0.26258188525888115			
E2F1_UP.V1_UP	-0.2625827561691517			
MIR1238_3P	-0.26259113254062755			
GSE36476_CTRL_VS_TSST_ACT_40H_MEMORY_CD4_TCELL_OLD_UP	-0.2626099398886055			
REACTOME_RESPONSE_OF_MTB_TO_PHAGOCYTOSIS	-0.2626350666064311			
GSE11961_MARGINAL_ZONE_BCELL_VS_PLASMA_CELL_DAY7_DN	-0.2626357975042485			
GO_REGULATION_OF_MYELOID_LEUKOCYTE_DIFFERENTIATION	-0.2626735787958178			
GO_REGULATION_OF_GLUCONEOGENESIS_BY_REGULATION_OF_TRANSCRIPTION_FROM_RNA_POLYMERASE_II_PROMOTER	-0.2626754965324226			
GO_POSITIVE_REGULATION_OF_NITRIC_OXIDE_SYNTHASE_ACTIVITY	-0.2627331108673163			
GSE3982_MEMORY_CD4_TCELL_VS_TH1_UP	-0.2627339695140242			
NMYC_01	-0.26274885741491677			
GO_EXTRINSIC_COMPONENT_OF_POSTSYNAPTIC_MEMBRANE	-0.2627810630378146			
TERAMOTO_OPN_TARGETS_CLUSTER_5	-0.2628269345015084			
GO_MYOSIN_FILAMENT_ORGANIZATION	-0.262840434295582			
GO_NEGATIVE_REGULATION_OF_MACROPHAGE_CHEMOTAXIS	-0.26286393975376604			
GO_REGULATION_OF_SHORT_TERM_NEURONAL_SYNAPTIC_PLASTICITY	-0.26287422768357366			
MOREIRA_RESPONSE_TO_TSA_DN	-0.26291130033221244			
GO_U2_TYPE_CATALYTIC_STEP_2_SPLICEOSOME	-0.2629202547904432			
MIR363_5P	-0.262947123833169			
MIR4524A_3P	-0.26297195241189564			
chr18q23	-0.26297503127987476			
MIR4768_5P	-0.26301504258311736			
GSE4590_PRE_BCELL_VS_VPREB_POS_LARGE_PRE_BCELL_DN	-0.2630162357398899			
GSE1460_DP_THYMOCYTE_VS_NAIVE_CD4_TCELL_ADULT_BLOOD_UP	-0.2630397505729484			
GSE37416_0H_VS_24H_F_TULARENSIS_LVS_NEUTROPHIL_UP	-0.2630473271282686			
MIR5196_5P	-0.2630561964268888			
GSE40666_UNTREATED_VS_IFNA_STIM_STAT4_KO_EFFECTOR_CD8_TCELL_90MIN_DN	-0.2630567047197272			
GSE8515_IL1_VS_IL6_4H_STIM_MAC_DN	-0.2630713966467959			
GSE14000_TRANSLATED_RNA_VS_MRNA_4H_LPS_DC_UP	-0.26309896029527385			
GO_EXECUTION_PHASE_OF_APOPTOSIS	-0.2631009299960675			
IPA_TFDP2_UP	-0.263156460150688			
GO_GTPASE_INHIBITOR_ACTIVITY	-0.26317692109874363			
MIR6799_5P	-0.2631878354061275			
IPA_SIRT2_UP	-0.26321865821284074			
TURJANSKI_MAPK14_TARGETS	-0.2632246787371702			
FIRESTEIN_PROLIFERATION	-0.26324081475034694			
GO_SNORNA_LOCALIZATION	-0.2632454766766178			
GSE339_CD4POS_VS_CD8POS_DC_UP	-0.2632477051025473			
MULLIGHAN_NPM1_MUTATED_SIGNATURE_2_DN	-0.2632792450318039			
GSE21927_SPLEEN_VS_TUMOR_MONOCYTE_C57BL6_DN	-0.2633029127164469			
GO_RESPONSE_TO_INTERLEUKIN_12	-0.263306556437225			
GO_PRESYNAPSE	-0.2633255045121459			
GTGCAAA_MIR507	-0.26334893372903595			
REACTOME_DNA_DOUBLE_STRAND_BREAK_RESPONSE	-0.26335606245160337			
MIKKELSEN_MEF_ICP_WITH_H3K27ME3	-0.2633600011455931			
REACTOME_PRESYNAPTIC_FUNCTION_OF_KAINATE_RECEPTORS	-0.26343484922064964			
GSE15324_NAIVE_VS_ACTIVATED_CD8_TCELL_UP	-0.26343697088484336			
GO_CYCLIN_CDK_POSITIVE_TRANSCRIPTION_ELONGATION_FACTOR_COMPLEX	-0.2634764615637575			
GO_GROWTH_HORMONE_RECEPTOR_SIGNALING_PATHWAY_VIA_JAK_STAT	-0.26349968849579886			
GARGALOVIC_RESPONSE_TO_OXIDIZED_PHOSPHOLIPIDS_MAGENTA_DN	-0.2635008357415259			
GO_NUCLEOSOMAL_DNA_BINDING	-0.2635063555281618			
GO_TRANSLATION_REGULATOR_ACTIVITY_NUCLEIC_ACID_BINDING	-0.2635156587886536			
GO_H3_HISTONE_ACETYLTRANSFERASE_COMPLEX	-0.2635294949955471			
SHETH_LIVER_CANCER_VS_TXNIP_LOSS_PAM5	-0.26354469565023647			
KEGG_OOCYTE_MEIOSIS	-0.2636391045676494			
GO_PRESYNAPTIC_ACTIVE_ZONE	-0.26372942566542434			
GO_GAMETE_GENERATION	-0.26375620417051393			
GENTLES_LEUKEMIC_STEM_CELL_UP	-0.2637794290332687			
REACTOME_CELL_CYCLE_MITOTIC	-0.2637811175178469			
GO_TRNA_METHYLATION	-0.2638092131362097			
GSE10325_CD4_TCELL_VS_LUPUS_CD4_TCELL_UP	-0.2638755048929221			
REACTOME_NEUREXINS_AND_NEUROLIGINS	-0.2638825701844657			
GO_RRNA_3_END_PROCESSING	-0.26388534128807123			
GO_NUCLEAR_PORE	-0.26388932936862886			
GO_GTP_BIOSYNTHETIC_PROCESS	-0.2639119612038528			
MIR4462	-0.2639131115864796			
MIR483_3P	-0.2639136866867659			
GO_METHYLOSOME	-0.2639226173397522			
MIR4502	-0.263927177973347			
GO_CALCIUM_ION_EXPORT_ACROSS_PLASMA_MEMBRANE	-0.26392740614388766			
MIR622	-0.2639645173335225			
GSE19941_UNSTIM_VS_LPS_AND_IL10_STIM_IL10_KO_NFKBP50_KO_MACROPHAGE_DN	-0.2639656156096466			
GO_DISTAL_AXON	-0.2639820667598009			
GSE36826_NORMAL_VS_STAPH_AUREUS_INF_IL1R_KO_SKIN_DN	-0.2639851151560989			
GSE6875_WT_VS_FOXP3_KO_TREG_UP	-0.263998697173091			
LBP1_Q6	-0.2640122360027155			
VANHARANTA_UTERINE_FIBROID_WITH_7Q_DELETION_UP	-0.26411366118513224			
GO_NATURAL_KILLER_CELL_CHEMOTAXIS	-0.26413621188684155			
MYLLYKANGAS_AMPLIFICATION_HOT_SPOT_16	-0.2641616971377003			
REACTOME_OPIOID_SIGNALLING	-0.2641987897372749			
GO_POLY_A_BINDING	-0.26426067345342774			
GO_NEGATIVE_REGULATION_OF_PEPTIDYL_LYSINE_ACETYLATION	-0.2642637655328663			
MIR5591_5P	-0.2642700354158431			
IPA_GSX2_DN	-0.26429136304578243			
GO_POSITIVE_REGULATION_OF_OSTEOCLAST_DEVELOPMENT	-0.2643609265911051			
GSE15930_NAIVE_VS_24H_IN_VITRO_STIM_INFAB_CD8_TCELL_DN	-0.26437408796917566			
IPA_JMJD6_DN	-0.26440079133059124			
chr18q21	-0.26442015014598846			
GO_NEGATIVE_REGULATION_OF_MITOPHAGY	-0.2644270780539548			
GSE1740_MCSF_VS_MCSF_AND_IFNG_DAY2_DERIVED_MACROPHAGE_UP	-0.26446521500287534			
PUJANA_BREAST_CANCER_LIT_INT_NETWORK	-0.2644735689645083			
GO_U6_SNRNP	-0.264517661037299			
GO_TRANSCRIPTION_COUPLED_NUCLEOTIDE_EXCISION_REPAIR	-0.26453078035174593			
GO_HISTONE_METHYLTRANSFERASE_ACTIVITY_H4_K20_SPECIFIC	-0.2645470757879915			
GO_RRNA_CATABOLIC_PROCESS	-0.264547341380982			
GO_DEOXYRIBONUCLEOTIDE_METABOLIC_PROCESS	-0.2645570177812864			
GO_PENILE_ERECTION	-0.26456120271566275			
GO_CORE_PROMOTER_BINDING	-0.2645613636381565			
TGACAGNY_MEIS1_01	-0.26456800981274176			
GO_5S_RRNA_BINDING	-0.2645858596072337			
GO_NEGATIVE_REGULATION_OF_CD4_POSITIVE_ALPHA_BETA_T_CELL_DIFFERENTIATION	-0.26459568903821257			
GO_REGULATION_OF_SARCOMERE_ORGANIZATION	-0.26459815294860334			
NIKOLSKY_BREAST_CANCER_17Q11_Q21_AMPLICON	-0.2646400210916152			
GO_POSTSYNAPTIC_SPECIALIZATION_MEMBRANE	-0.26465062681899465			
GSE36527_CD62L_HIGH_VS_CD62L_LOW_TREG_CD69_NEG_KLRG1_NEG_UP	-0.2646762365047328			
MIER1_TARGET_GENES	-0.2646949382107337			
LOPES_METHYLATED_IN_COLON_CANCER_UP	-0.2647086311146942			
GO_REGULATION_OF_NUCLEOBASE_CONTAINING_COMPOUND_TRANSPORT	-0.26473020901038263			
GSE45365_NK_CELL_VS_CD11B_DC_MCMV_INFECTION_UP	-0.26476447667154585			
IPA_HEYL_UP	-0.26479263299246797			
GO_OPIOID_RECEPTOR_SIGNALING_PATHWAY	-0.2648212067895424			
GSE3691_CONVENTIONAL_VS_PLASMACYTOID_DC_SPLEEN_UP	-0.2648370589434055			
IPA_FOXO3_DN	-0.2648539020797008			
GSE42724_NAIVE_BCELL_VS_PLASMABLAST_DN	-0.2648878292080335			
GSE2124_CTRL_VS_LYMPHOTOXIN_BETA_TREATED_MLN_UP	-0.2649352442749174			
GO_RESPONSE_TO_UV_B	-0.2649885891268107			
GSE9006_HEALTHY_VS_TYPE_1_DIABETES_PBMC_4MONTH_POST_DX_DN	-0.26499524477187075			
REACTOME_PRESYNAPTIC_DEPOLARIZATION_AND_CALCIUM_CHANNEL_OPENING	-0.26502368779464064			
GO_PROTEIN_LOCALIZATION_TO_NUCLEOLUS	-0.26508579193641735			
GSE22601_IMMATURE_CD4_SINGLE_POSITIVE_VS_DOUBLE_POSITIVE_THYMOCYTE_DN	-0.26511895573288297			
GSE10147_IL3_VS_IL3_AND_CPG_STIM_PDC_UP	-0.2651275649664294			
REACTOME_SUMO_IS_TRANSFERRED_FROM_E1_TO_E2_UBE2I_UBC9	-0.2651356964868174			
GO_POSITIVE_REGULATION_OF_DENDRITIC_CELL_ANTIGEN_PROCESSING_AND_PRESENTATION	-0.2651487792726202			
GO_STRIATED_MUSCLE_MYOSIN_THICK_FILAMENT_ASSEMBLY	-0.2651497567279004			
GO_PROTEIN_CONTAINING_COMPLEX_LOCALIZATION	-0.2651532588615385			
BIOCARTA_MHC_PATHWAY	-0.2651860609676032			
GSE12505_WT_VS_E2_2_HET_PDC_DN	-0.26520720342475224			
JNK_DN.V1_DN	-0.26530228377356685			
GO_REGULATION_OF_GLUCONEOGENESIS	-0.26530695146438077			
ZHAN_V2_LATE_DIFFERENTIATION_GENES	-0.2653525442659282			
GSE5099_CLASSICAL_M1_VS_ALTERNATIVE_M2_MACROPHAGE_DN	-0.2653580997069661			
GSE11961_FOLLICULAR_BCELL_VS_GERMINAL_CENTER_BCELL_DAY40_UP	-0.26538662977897925			
GO_NUCLEAR_TRANSCRIBED_MRNA_CATABOLIC_PROCESS_NONSENSE_MEDIATED_DECAY	-0.2653871592112249			
GO_REGULATION_OF_HISTONE_H3_K9_ACETYLATION	-0.26541352682481656			
GO_INTERFERON_BETA_BIOSYNTHETIC_PROCESS	-0.26545289194552435			
BROWN_MYELOID_CELL_DEVELOPMENT_DN	-0.26545397090373074			
GO_1_PHOSPHATIDYLINOSITOL_4_PHOSPHATE_5_KINASE_ACTIVITY	-0.26545921467573214			
GO_LYMPHOCYTE_AGGREGATION	-0.2654741819745509			
GSE24634_IL4_VS_CTRL_TREATED_NAIVE_CD4_TCELL_DAY3_DN	-0.26549049071139774			
REACTOME_REGULATION_OF_IFNA_SIGNALING	-0.2654958412479557			
IPA_SP7_DN	-0.2655292461210806			
IPA_CREB3L3_UP	-0.2655655929693201			
GO_NEGATIVE_REGULATION_OF_HUMORAL_IMMUNE_RESPONSE_MEDIATED_BY_CIRCULATING_IMMUNOGLOBULIN	-0.26556577234131884			
MIR887_5P	-0.26558996867299794			
HU_GENOTOXIN_ACTION_DIRECT_VS_INDIRECT_4HR	-0.2656416979725409			
GO_PH_ELEVATION	-0.2656569516001807			
PID_IL3_PATHWAY	-0.2656572434920335			
MIR4652_5P	-0.26567307106101906			
GSE40666_WT_VS_STAT4_KO_CD8_TCELL_DN	-0.265709633679917			
GO_POLY_PURINE_TRACT_BINDING	-0.26573124584354013			
GO_POSITIVE_REGULATION_OF_CILIUM_ASSEMBLY	-0.26574220387100944			
GO_NUCLEOSIDE_CATABOLIC_PROCESS	-0.26574373789475725			
IPA_GCM1_UP	-0.26577293423391973			
KEGG_AMINOACYL_TRNA_BIOSYNTHESIS	-0.26578011884478425			
GSE37416_CTRL_VS_48H_F_TULARENSIS_LVS_NEUTROPHIL_UP	-0.26579505714826424			
GSE21546_ELK1_KO_VS_SAP1A_KO_AND_ELK1_KO_DP_THYMOCYTES_DN	-0.2658076450867367			
REACTOME_MRNA_DECAY_BY_5_TO_3_EXORIBONUCLEASE	-0.2658134772485008			
GO_INOSITOL_PHOSPHATE_METABOLIC_PROCESS	-0.2658422785239129			
MIR1233_5P	-0.2658583034222617			
NIKOLSKY_BREAST_CANCER_19Q13.1_AMPLICON	-0.26587221394789046			
GO_NEGATIVE_REGULATION_OF_HISTONE_H3_K27_METHYLATION	-0.26590621714155277			
GSE24210_IL35_TREATED_VS_UNTREATED_TCONV_CD4_TCELL_DN	-0.26591143686557317			
GO_PIRNA_METABOLIC_PROCESS	-0.26592088367134703			
GO_SNRNA_TRANSCRIPTION	-0.26593272094724035			
REACTOME_FGFR1_MUTANT_RECEPTOR_ACTIVATION	-0.2659440155502778			
GSE36476_CTRL_VS_TSST_ACT_16H_MEMORY_CD4_TCELL_OLD_UP	-0.26597118187941443			
GSE20152_SPHK1_KO_VS_WT_HTNFA_OVERXPRESS_ANKLE_DN	-0.2660094900554371			
GSE27786_BCELL_VS_CD4_TCELL_UP	-0.26602258667661277			
GO_PROTEASOMAL_UBIQUITIN_INDEPENDENT_PROTEIN_CATABOLIC_PROCESS	-0.2660254290660549			
GSE20500_CTRL_VS_RETINOIC_ACID_TREATED_CD4_TCELL_UP	-0.2660364394002952			
GO_EXODEOXYRIBONUCLEASE_ACTIVITY	-0.2660430214715474			
GSE40068_CXCR5POS_BCL6POS_TFH_VS_CXCR5NEG_BCL6NEG_CD4_TCELL_UP	-0.2660498497297842			
GO_PHOSPHATIDYLINOSITOL_4_5_BISPHOSPHATE_5_PHOSPHATASE_ACTIVITY	-0.2660825632855319			
BIOCARTA_P27_PATHWAY	-0.2660840051184009			
GO_PHAGOCYTOSIS	-0.2661177822108136			
GO_NEGATIVE_REGULATION_OF_PHAGOCYTOSIS	-0.26614231346197625			
GSE6259_FLT3L_INDUCED_DEC205_POS_DC_VS_CD4_TCELL_UP	-0.26616064588199434			
WIZ_TARGET_GENES	-0.2661892763317534			
GO_CD4_POSITIVE_CD25_POSITIVE_ALPHA_BETA_REGULATORY_T_CELL_DIFFERENTIATION	-0.2661950273073908			
GSE11961_PLASMA_CELL_DAY7_VS_GERMINAL_CENTER_BCELL_DAY40_UP	-0.2661973183317424			
GO_G_PROTEIN_COUPLED_PURINERGIC_NUCLEOTIDE_RECEPTOR_SIGNALING_PATHWAY	-0.26621184165508743			
GO_G_PROTEIN_COUPLED_NUCLEOTIDE_RECEPTOR_ACTIVITY	-0.26621184165508743			
GO_CHEMICAL_SYNAPTIC_TRANSMISSION_POSTSYNAPTIC	-0.2662220540265027			
BROWNE_HCMV_INFECTION_10HR_UP	-0.2662401456745998			
GO_PRESYNAPTIC_MEMBRANE	-0.2662450906016207			
GO_ADENOSINE_RECEPTOR_SIGNALING_PATHWAY	-0.2662458966065414			
TMTCGCGANR_UNKNOWN	-0.26634127526717183			
GO_VIRAL_TRANSLATIONAL_TERMINATION_REINITIATION	-0.2663686480051165			
WHITFIELD_CELL_CYCLE_LITERATURE	-0.2664524815037792			
GO_REGULATION_OF_PHOSPHATASE_ACTIVITY	-0.26646663848599283			
KEGG_LONG_TERM_POTENTIATION	-0.26647138801450815			
GO_PYRIMIDINE_DEOXYRIBONUCLEOSIDE_MONOPHOSPHATE_METABOLIC_PROCESS	-0.2664800638785683			
GO_REGULATION_OF_CARBOHYDRATE_BIOSYNTHETIC_PROCESS	-0.26649051911781546			
GO_DIPEPTIDASE_ACTIVITY	-0.26653364219406483			
GSE14415_ACT_TCONV_VS_ACT_NATURAL_TREG_UP	-0.2665345349952051			
GO_SINGLE_STRANDED_RNA_BINDING	-0.26662038250027886			
GO_ATPASE_ACTIVITY_COUPLED	-0.26669573180452943			
GO_POSITIVE_REGULATION_OF_T_CELL_MIGRATION	-0.2667086109792998			
IPA_SUV39H2_UP	-0.2667435086065483			
GO_ERROR_PRONE_TRANSLESION_SYNTHESIS	-0.2667524131117452			
GO_SYNAPTIC_TRANSMISSION_GABAERGIC	-0.26676078344549686			
GSE11961_MEMORY_BCELL_DAY7_VS_PLASMA_CELL_DAY7_UP	-0.26676133643157324			
MIR6793_5P	-0.2668024015816573			
MIR212_3P	-0.266826660297969			
GO_NEGATIVE_REGULATION_OF_BIOSYNTHETIC_PROCESS	-0.2668314245215247			
GSE27786_LIN_NEG_VS_MONO_MAC_UP	-0.2668323076192044			
TESAR_ALK_TARGETS_HUMAN_ES_4D_DN	-0.26687957489270003			
REACTOME_REGULATION_OF_MECP2_EXPRESSION_AND_ACTIVITY	-0.2668863895854416			
REACTOME_RUNX1_REGULATES_ESTROGEN_RECEPTOR_MEDIATED_TRANSCRIPTION	-0.26689785269179667			
GSE15750_DAY6_VS_DAY10_EFF_CD8_TCELL_DN	-0.2669101174130178			
GO_HAUS_COMPLEX	-0.2669112335397324			
MIR6866_5P	-0.2669447172150308			
MIR4665_5P	-0.266945634283951			
GO_INTERKINETIC_NUCLEAR_MIGRATION	-0.26699858834232015			
GSE15330_LYMPHOID_MULTIPOTENT_VS_MEGAKARYOCYTE_ERYTHROID_PROGENITOR_DN	-0.26700113840950324			
MIR26A_1_3P	-0.2670269984089153			
NCOA4_TARGET_GENES	-0.2670578002631552			
GSE22443_IL2_VS_IL12_TREATED_ACT_CD8_TCELL_UP	-0.2670788731568119			
GSE15330_LYMPHOID_MULTIPOTENT_VS_GRANULOCYTE_MONOCYTE_PROGENITOR_IKAROS_KO_UP	-0.2671043285176236			
GSE18791_CTRL_VS_NEWCASTLE_VIRUS_DC_12H_UP	-0.26711338916124283			
GO_NEUROPEPTIDE_HORMONE_ACTIVITY	-0.26715513758282067			
GSE22601_CD4_SINGLE_POSITIVE_VS_CD8_SINGLE_POSITIVE_THYMOCYTE_UP	-0.2671569533440339			
GO_REGULATION_OF_STEM_CELL_DIVISION	-0.2671582240970834			
GSE8921_UNSTIM_0H_VS_TLR1_2_STIM_MONOCYTE_3H_UP	-0.26717432981172806			
AGCGCTT_MIR518F_MIR518E_MIR518A	-0.2671969197234999			
GO_PEROXISOME_TARGETING_SEQUENCE_BINDING	-0.26722931880499784			
TGIF_01	-0.26725097111641327			
GO_POSITIVE_REGULATION_OF_INTERLEUKIN_17_PRODUCTION	-0.26729215645479343			
BIOCARTA_EOSINOPHILS_PATHWAY	-0.26731984797101715			
GSE22611_NOD2_VS_CTRL_TRANSDUCED_HEK293T_CELL_DN	-0.26732117256953924			
GSE3982_EFF_MEMORY_CD4_TCELL_VS_NKCELL_DN	-0.267351219028081			
TUOMISTO_TUMOR_SUPPRESSION_BY_COL13A1_UP	-0.2673664253322027			
GO_GLYCINE_TRANSMEMBRANE_TRANSPORTER_ACTIVITY	-0.2673945691391348			
IPA_IKZF3_DN	-0.2673961748989727			
IPA_IKZF4_UP	-0.2673961748989727			
BIOCARTA_VIP_PATHWAY	-0.26743146247627275			
IPA_ACTR3_UP	-0.26747258639860627			
GO_CELLULAR_PROTEIN_CONTAINING_COMPLEX_ASSEMBLY	-0.2674907749909628			
JAZAG_TGFB1_SIGNALING_VIA_SMAD4_UP	-0.2675199787883071			
GSE18281_PERIMEDULLARY_CORTICAL_REGION_VS_WHOLE_CORTEX_THYMUS_DN	-0.26752993878204934			
GO_MHC_PROTEIN_COMPLEX_ASSEMBLY	-0.2675451379560952			
GSE25088_ROSIGLITAZONE_VS_IL4_AND_ROSIGLITAZONE_STIM_MACROPHAGE_DAY10_DN	-0.2675484476591992			
MCBRYAN_TERMINAL_END_BUD_DN	-0.26755801639931764			
PID_MYC_PATHWAY	-0.26755873087073406			
MIR6856_3P	-0.267573238890509			
GO_RIBONUCLEOSIDE_MONOPHOSPHATE_BIOSYNTHETIC_PROCESS	-0.2676102265416645			
GSE15930_NAIVE_VS_48H_IN_VITRO_STIM_IFNAB_CD8_TCELL_DN	-0.2676371895975826			
GO_MRNA_CLEAVAGE_INVOLVED_IN_MRNA_PROCESSING	-0.2676628122150565			
GSE24634_NAIVE_CD4_TCELL_VS_DAY3_IL4_CONV_TREG_UP	-0.2676798708443691			
GO_RNA_POLYADENYLATION	-0.26769577547883394			
OUILLETTE_CLL_13Q14_DELETION_UP	-0.26776602896383483			
GSE41978_KLRG1_HIGH_VS_LOW_EFFECTOR_CD8_TCELL_DN	-0.2678136226368987			
REACTOME_RHO_GTPASES_ACTIVATE_WASPS_AND_WAVES	-0.267838078484535			
MIR4641	-0.2678393232214393			
ASGHARZADEH_NEUROBLASTOMA_POOR_SURVIVAL_DN	-0.2678616633512007			
KEGG_CYTOSOLIC_DNA_SENSING_PATHWAY	-0.26786302377505145			
GO_REGULATION_OF_SKELETAL_MUSCLE_FIBER_DEVELOPMENT	-0.2678990312230801			
REACTOME_NS1_MEDIATED_EFFECTS_ON_HOST_PATHWAYS	-0.26790978944788013			
MIR506_5P	-0.2679309407603092			
SMAD_Q6	-0.2679346094880315			
IPA_LMO1_DN	-0.2679429577819932			
GSE11924_TFH_VS_TH2_CD4_TCELL_UP	-0.26795613543988467			
LEE_METASTASIS_AND_RNA_PROCESSING_UP	-0.26800208737389924			
GSE45365_HEALTHY_VS_MCMV_INFECTION_CD11B_DC_IFNAR_KO_UP	-0.26807090398579647			
GO_N_TERMINAL_PROTEIN_AMINO_ACID_ACETYLATION	-0.26807686986223556			
MIR3197	-0.2680898716555955			
AP4_Q6_01	-0.2681038833245078			
GSE21546_WT_VS_ELK1_KO_ANTI_CD3_STIM_DP_THYMOCYTES_DN	-0.26811751144111323			
GSE42088_UNINF_VS_LEISHMANIA_INF_DC_2H_DN	-0.26812128720454154			
GO_DOUBLE_STRAND_BREAK_REPAIR_VIA_SINGLE_STRAND_ANNEALING	-0.268127863108761			
GO_DEOXYRIBOSE_PHOSPHATE_CATABOLIC_PROCESS	-0.2681749465662			
SYATTGTG_UNKNOWN	-0.26822628190509723			
GO_ANTERIOR_POSTERIOR_AXON_GUIDANCE	-0.2682382893059181			
GO_NEGATIVE_REGULATION_OF_GRANULOCYTE_DIFFERENTIATION	-0.2682534037948915			
GO_REGULATION_OF_DNA_TOPOISOMERASE_ATP_HYDROLYZING_ACTIVITY	-0.26825456861953206			
GSE29164_DAY3_VS_DAY7_CD8_TCELL_TREATED_MELANOMA_DN	-0.2682670688017219			
IPA_HMGB1_DN	-0.26832376676964914			
GSE24574_BCL6_LOW_TFH_VS_NAIVE_CD4_TCELL_UP	-0.26833481285329996			
GO_REGULATION_OF_NEUTROPHIL_ACTIVATION	-0.2683427405611622			
MIR4297	-0.268353224213308			
MIR6071	-0.2683670480660439			
GSE1925_CTRL_VS_24H_IFNG_STIM_MACROPHAGE_UP	-0.26837073828509483			
MIR8078	-0.26843443843408815			
GO_ATTACHMENT_OF_MITOTIC_SPINDLE_MICROTUBULES_TO_KINETOCHORE	-0.268496464834201			
MIR320E	-0.2685185952390469			
TAL1BETAE47_01	-0.26853249481391656			
GSE3982_NEUTROPHIL_VS_CENT_MEMORY_CD4_TCELL_DN	-0.26854052336830325			
GO_POSITIVE_REGULATION_OF_CYTOKINE_BIOSYNTHETIC_PROCESS	-0.2685477772505374			
GSE24634_TEFF_VS_TCONV_DAY5_IN_CULTURE_DN	-0.2685652881848158			
REACTOME_MITOTIC_PROMETAPHASE	-0.2685769450106061			
IPA_STAT5A_DN	-0.26858214441440176			
GSE13738_TCR_VS_BYSTANDER_ACTIVATED_CD4_TCELL_UP	-0.26859366579340715			
OCT1_Q5_01	-0.2686002828908531			
REACTOME_FCERI_MEDIATED_NF_KB_ACTIVATION	-0.2686172674162443			
MIR6753_5P	-0.26863149111705603			
GO_5_3_EXONUCLEASE_ACTIVITY	-0.26864202428451994			
GO_MITOTIC_DNA_INTEGRITY_CHECKPOINT	-0.2686429331586332			
GO_CYTOPLASMIC_SIDE_OF_ROUGH_ENDOPLASMIC_RETICULUM_MEMBRANE	-0.26864946662823497			
GSE24142_EARLY_THYMIC_PROGENITOR_VS_DN2_THYMOCYTE_ADULT_DN	-0.26869353887935477			
BIOCARTA_AKT_PATHWAY	-0.2687195406569817			
PID_HDAC_CLASSI_PATHWAY	-0.2687525132207927			
GO_RNA_BINDING	-0.268781549240502			
IPA_ZBTB17_DN	-0.2688102223767775			
IPA_ZBTB17_UP	-0.2688102223767775			
GO_INOSITOL_PHOSPHATE_BIOSYNTHETIC_PROCESS	-0.2688435011165677			
GO_CLATHRIN_COATED_ENDOCYTIC_VESICLE	-0.2688566902997058			
GO_ISOPENTENYL_DIPHOSPHATE_BIOSYNTHETIC_PROCESS	-0.26888096030385794			
GATTGGY_NFY_Q6_01	-0.26889125456677887			
PAX8_TARGET_GENES	-0.2688919756711527			
VERNELL_RETINOBLASTOMA_PATHWAY_UP	-0.2689092469261157			
GO_LIPASE_ACTIVATOR_ACTIVITY	-0.2689914590131363			
IPA_RAD21_UP	-0.26901319105831656			
MIR4254	-0.26902178863002885			
REACTOME_IRAK4_DEFICIENCY_TLR2_4	-0.26902957474210776			
GO_PURINE_NUCLEOTIDE_SALVAGE	-0.2690312262322963			
GO_CARNITINE_BIOSYNTHETIC_PROCESS	-0.26903300354070253			
NAKAMURA_ALVEOLAR_EPITHELIUM	-0.26903518150286815			
GSE20198_IL12_VS_IL12_IL18_TREATED_ACT_CD4_TCELL_UP	-0.2690426682593667			
GO_REGULATION_OF_IRON_ION_TRANSMEMBRANE_TRANSPORT	-0.26904458470995496			
GO_MITOTIC_NUCLEAR_ENVELOPE_DISASSEMBLY	-0.269086717391442			
REACTOME_HORMONE_LIGAND_BINDING_RECEPTORS	-0.26910692210944825			
MIR6735_5P	-0.2691266027302834			
MIR3194_5P	-0.2691690215297473			
ZNF426_TARGET_GENES	-0.2691717328732507			
SHIN_B_CELL_LYMPHOMA_CLUSTER_5	-0.2692172459228289			
STAT6_02	-0.2692216170959433			
GO_POSITIVE_REGULATION_OF_LYMPHOCYTE_CHEMOTAXIS	-0.26926432836607955			
GO_TRANSCRIPTION_BY_RNA_POLYMERASE_III	-0.2692712143399855			
REACTOME_INFLUENZA_INFECTION	-0.2692832018301636			
MIR12117	-0.26930130972279526			
GSE15735_CTRL_VS_HDAC_INHIBITOR_TREATED_CD4_TCELL_12H_DN	-0.26930573263137597			
BIOCARTA_TOB1_PATHWAY	-0.26932674971689885			
GO_REGULATION_OF_OOCYTE_MATURATION	-0.269330212041961			
AATGGAG_MIR136	-0.26936899225699434			
GO_REGULATION_OF_INTERLEUKIN_17_SECRETION	-0.26937215035671574			
REACTOME_HIGHLY_SODIUM_PERMEABLE_POSTSYNAPTIC_ACETYLCHOLINE_NICOTINIC_RECEPTORS	-0.2693995806462921			
REACTOME_MITOTIC_TELOPHASE_CYTOKINESIS	-0.26941868090936505			
GO_MAINTENANCE_OF_DNA_REPEAT_ELEMENTS	-0.2694215513369577			
MIR532_3P	-0.2694931758214471			
GO_RNA_POLYMERASE_II_HOLOENZYME	-0.2695060675947535			
REACTOME_GLOBAL_GENOME_NUCLEOTIDE_EXCISION_REPAIR_GG_NER	-0.2695100235246039			
GSE557_WT_VS_I_AB_KO_DC_UP	-0.26951439180090614			
GO_SYMMETRIC_SYNAPSE	-0.26955061931277535			
GSE32164_ALTERNATIVELY_ACT_M2_VS_CMYC_INHIBITED_MACROPHAGE_DN	-0.2695539803785775			
RCGCANGCGY_NRF1_Q6	-0.269558002513423			
MIR937_5P	-0.269558773674796			
SA_FAS_SIGNALING	-0.2695597984313485			
GSE41867_DAY6_VS_DAY8_LCMV_CLONE13_EFFECTOR_CD8_TCELL_DN	-0.269574666259488			
GSE411_UNSTIM_VS_400MIN_IL6_STIM_MACROPHAGE_DN	-0.2696026619949564			
GGAMTNNNNNTCCY_UNKNOWN	-0.2696545949890473			
GSE40666_NAIVE_VS_EFFECTOR_CD8_TCELL_UP	-0.26965699602326737			
GO_MULTI_ORGANISM_BEHAVIOR	-0.2697011085238113			
GSE28130_ACTIVATED_VS_INDUCEED_TREG_UP	-0.26977200075482			
GO_CELLULAR_NITROGEN_COMPOUND_CATABOLIC_PROCESS	-0.2697763591299196			
GSE19888_ADENOSINE_A3R_INH_PRETREAT_AND_ACT_BY_A3R_VS_TCELL_MEMBRANES_ACT_MAST_CELL_UP	-0.2698402150582638			
GO_PROTON_EXPORTING_ATPASE_ACTIVITY_PHOSPHORYLATIVE_MECHANISM	-0.269852297677293			
GSE37301_COMMON_LYMPHOID_PROGENITOR_VS_PRO_BCELL_DN	-0.2698528171842537			
IPA_SMARCD3_UP	-0.2698550778163421			
GSE3565_DUSP1_VS_WT_SPLENOCYTES_POST_LPS_INJECTION_UP	-0.26987668463330095			
GSE7218_IGM_VS_IGG_SIGNAL_THGOUGH_ANTIGEN_BCELL_DN	-0.26990546752838657			
GO_SPERMATOPROTEASOME_COMPLEX	-0.2699239942900999			
GO_RESPONSE_TO_NITRIC_OXIDE	-0.2699400825521189			
MIR6795_3P	-0.2699669010574971			
GO_NEGATIVE_REGULATION_OF_DEFENSE_RESPONSE	-0.2700208493941262			
NRSF_01	-0.2700851190465489			
GO_5_PHOSPHORIBOSE_1_DIPHOSPHATE_METABOLIC_PROCESS	-0.27009626986374885			
BIOCARTA_NPC_PATHWAY	-0.2701318751023587			
GSE29615_CTRL_VS_DAY3_LAIV_IFLU_VACCINE_PBMC_DN	-0.27016045402356925			
GSE42724_NAIVE_VS_MEMORY_BCELL_UP	-0.2701604593669246			
PARK_TRETINOIN_RESPONSE	-0.27017470843788177			
GO_HOST_CELL_NUCLEUS	-0.2701855034795836			
GO_REGULATION_OF_CALCIUM_ION_TRANSPORT_INTO_CYTOSOL	-0.27024528107143403			
GO_POSITIVE_REGULATION_OF_PROTEIN_OLIGOMERIZATION	-0.27024972187546836			
MIR34B_5P	-0.27029570142019277			
GSE11961_MEMORY_BCELL_DAY7_VS_GERMINAL_CENTER_BCELL_DAY7_DN	-0.2703222781575807			
REACTOME_MRNA_SPLICING_MINOR_PATHWAY	-0.27033462437250844			
GO_ALPHA_N_ACETYLNEURAMINATE_ALPHA_2_8_SIALYLTRANSFERASE_ACTIVITY	-0.27036734996474815			
GSE27859_MACROPHAGE_VS_CD11C_INT_F480_HI_MACROPHAGE_DN	-0.27037725774544014			
GSE19825_NAIVE_VS_IL2RAHIGH_DAY3_EFF_CD8_TCELL_DN	-0.27041650904386527			
GSE14350_IL2RB_KO_VS_WT_TEFF_DN	-0.2704262417846694			
TAKADA_GASTRIC_CANCER_COPY_NUMBER_DN	-0.27049716341088254			
GSE27786_CD8_TCELL_VS_ERYTHROBLAST_UP	-0.27051818790347226			
GO_REGULATION_OF_SYNAPTIC_TRANSMISSION_CHOLINERGIC	-0.2705221511252822			
GSE22196_HEALTHY_VS_OBESE_MOUSE_SKIN_GAMMADELTA_TCELL_UP	-0.2705332857647761			
GO_MRNA_MODIFICATION	-0.2705400640304125			
GO_DNA_TEMPLATED_TRANSCRIPTION_ELONGATION	-0.270560917177148			
MIR449C_5P	-0.27056778702067735			
GO_RNA_POLYMERASE_II_ACTIVITY	-0.2706400618941191			
GO_RHODOPSIN_MEDIATED_SIGNALING_PATHWAY	-0.2706583778510349			
GSE16522_MEMORY_VS_NAIVE_ANTI_CD3CD28_STIM_CD8_TCELL_DN	-0.2706778689082509			
GSE21927_UNTREATED_VS_GMCSF_GCSF_TREATED_BONE_MARROW_UP	-0.2707415825018816			
GO_NEGATIVE_REGULATION_OF_RNA_BIOSYNTHETIC_PROCESS	-0.2708149861621375			
MIR6732_5P	-0.27081553309984574			
GO_CHROMOCENTER	-0.2708179019735205			
AHR_Q5	-0.2708194690209846			
GO_NUCLEOSIDE_MONOPHOSPHATE_BIOSYNTHETIC_PROCESS	-0.27084477891196757			
SUPT20H_TARGET_GENES	-0.27084818435697594			
GSE21927_SPLEEN_C57BL6_VS_4T1_TUMOR_BALBC_MONOCYTES_UP	-0.2708531981352036			
REACTOME_REGULATION_OF_TP53_ACTIVITY_THROUGH_PHOSPHORYLATION	-0.270875424696492			
GO_PYRIMIDINE_DEOXYRIBONUCLEOTIDE_METABOLIC_PROCESS	-0.2708806831552533			
GSE27670_BLIMP1_VS_LMP1_TRANSDUCED_GC_BCELL_UP	-0.2709645511345511			
REACTOME_CLEC7A_DECTIN_1_SIGNALING	-0.2709979507516328			
GO_NEGATIVE_REGULATION_OF_INTERLEUKIN_12_PRODUCTION	-0.271005809177252			
GSE2770_IL12_AND_TGFB_VS_IL4_TREATED_ACT_CD4_TCELL_48H_UP	-0.27108812194471443			
MATZUK_SPERMATOCYTE	-0.2710889704164592			
GSE35543_IN_VITRO_ITREG_VS_CONVERTED_EX_ITREG_UP	-0.2711071480943344			
MIR548AO_5P_MIR548AX	-0.2711570595830474			
GO_O_METHYLTRANSFERASE_ACTIVITY	-0.27119921016601467			
TCCGTCC_MIR184	-0.27124181558352556			
GO_NUCLEAR_PORE_NUCLEAR_BASKET	-0.2712433562466371			
GSE20198_IL12_VS_IL12_IL18_TREATED_ACT_CD4_TCELL_DN	-0.2712855517924861			
REACTOME_DNA_REPLICATION_PRE_INITIATION	-0.27129775197102995			
GO_REGULATION_OF_NON_MEMBRANE_SPANNING_PROTEIN_TYROSINE_KINASE_ACTIVITY	-0.2713088344144183			
GSE27786_CD8_TCELL_VS_NEUTROPHIL_UP	-0.2713173880496484			
GO_PROTEIN_LOCALIZATION_TO_CHROMOSOME_TELOMERIC_REGION	-0.2713549387619807			
MIR6807_5P	-0.2713553962857588			
GSE5679_PPARG_LIGAND_ROSIGLITAZONE_VS_ROSIGLITAZONE_AND_RARA_AGONIST_AM580_TREATED_DC_DN	-0.2713568463321004			
TFAM_TARGET_GENES	-0.2713673123289282			
GSE2706_LPS_VS_R848_AND_LPS_2H_STIM_DC_UP	-0.2713730570858133			
GO_ACTIVATION_INDUCED_CELL_DEATH_OF_T_CELLS	-0.27137384131332515			
GSE40274_LEF1_VS_FOXP3_AND_LEF1_TRANSDUCED_ACTIVATED_CD4_TCELL_DN	-0.2713901321357441			
MIR10398_5P	-0.27140959868541586			
KEGG_TOLL_LIKE_RECEPTOR_SIGNALING_PATHWAY	-0.2714203104848837			
REACTOME_DEX_H_BOX_HELICASES_ACTIVATE_TYPE_I_IFN_AND_INFLAMMATORY_CYTOKINES_PRODUCTION	-0.2714913536806143			
MEIS1AHOXA9_01	-0.27149868874741967			
GO_INTERLEUKIN_8_BIOSYNTHETIC_PROCESS	-0.2715181175741816			
MYLLYKANGAS_AMPLIFICATION_HOT_SPOT_2	-0.2715246951187798			
GO_ANCHORED_COMPONENT_OF_SYNAPTIC_MEMBRANE	-0.2715290492833298			
IPA_HIST1H2BE_UP	-0.271552088619305			
IPA_HIST1H2BG_UP	-0.271552088619305			
IPA_HIST1H2BI_UP	-0.271552088619305			
IPA_HIST2H3C_UP	-0.271552088619305			
IPA_HIST1H2BC_UP	-0.271552088619305			
GO_REGULATION_OF_LEUKOCYTE_TETHERING_OR_ROLLING	-0.27157257484643454			
MIR6891_3P	-0.2715732109938093			
IPA_KLF15_UP	-0.27159409678430324			
GO_CYTOPLASMIC_UBIQUITIN_LIGASE_COMPLEX	-0.2716569028050249			
IPA_NFATC1_UP	-0.2716711372870283			
GO_NEGATIVE_REGULATION_OF_TYPE_I_INTERFERON_MEDIATED_SIGNALING_PATHWAY	-0.2717011446612687			
GO_CYTOSOLIC_LARGE_RIBOSOMAL_SUBUNIT	-0.2717304967690003			
GO_CYTOPLASMIC_SIDE_OF_MEMBRANE	-0.2717422536787658			
GO_MYELOID_CELL_DIFFERENTIATION	-0.2717875542268255			
PAX4_04	-0.2717929856409695			
REACTOME_INTERLEUKIN_15_SIGNALING	-0.27180028952006174			
MIR4760_3P	-0.2718088552762928			
MCCABE_BOUND_BY_HOXC6	-0.2718623322639713			
GGGGCCC_MIR296	-0.2719069913423312			
MIKKELSEN_MCV6_LCP_WITH_H3K27ME3	-0.2719349349789013			
GSE2826_XID_VS_BTK_KO_BCELL_UP	-0.271968548732116			
GO_POSTSYNAPTIC_NEUROTRANSMITTER_RECEPTOR_ACTIVITY	-0.27200223089530967			
AGGTGCA_MIR500	-0.27201585666167954			
GO_DETECTION_OF_ABIOTIC_STIMULUS	-0.27203584171363604			
GO_REGULATION_OF_RELAXATION_OF_MUSCLE	-0.2720711587806124			
IPA_RELB_UP	-0.2721612427369474			
GSE6674_ANTI_IGM_VS_CPG_STIM_BCELL_DN	-0.27221653267470647			
MIR6757_3P	-0.2722267371958427			
GO_NADPLUS_ADP_RIBOSYLTRANSFERASE_ACTIVITY	-0.2723192101186087			
GO_NUCLEAR_TRANSCRIBED_MRNA_CATABOLIC_PROCESS_EXONUCLEOLYTIC	-0.2723446539875075			
GO_NOREPINEPHRINE_SECRETION	-0.2723840454410729			
GO_REGULATION_OF_DNA_DUPLEX_UNWINDING	-0.27242850509466066			
GO_POLYADENYLATION_DEPENDENT_RNA_CATABOLIC_PROCESS	-0.2724302271687723			
IPA_SOX5_DN	-0.2724332428625197			
MIR6778_3P	-0.2724535873945071			
MIR3154	-0.27245370568409794			
MIR6726_5P	-0.27248050701214627			
GSE17186_MEMORY_VS_NAIVE_BCELL_UP	-0.2724872533389095			
chr4q25	-0.2725499658465396			
IWANAGA_E2F1_TARGETS_NOT_INDUCED_BY_SERUM	-0.2725575858844309			
GSE411_WT_VS_SOCS3_KO_MACROPHAGE_UP	-0.2725675883537284			
REACTOME_ACTIVATION_OF_THE_MRNA_UPON_BINDING_OF_THE_CAP_BINDING_COMPLEX_AND_EIFS_AND_SUBSEQUENT_BINDING_TO_43S	-0.2725689819078049			
GO_METAPHASE_ANAPHASE_TRANSITION_OF_CELL_CYCLE	-0.272591377484934			
IPA_IFI16_DN	-0.2725918699528001			
GO_POSITIVE_REGULATION_OF_HISTONE_UBIQUITINATION	-0.2726878569643452			
GO_NEGATIVE_REGULATION_OF_CYTOKINE_PRODUCTION_INVOLVED_IN_IMMUNE_RESPONSE	-0.2726935571718487			
REACTOME_DEPOSITION_OF_NEW_CENPA_CONTAINING_NUCLEOSOMES_AT_THE_CENTROMERE	-0.27270682482692443			
KEGG_TYPE_II_DIABETES_MELLITUS	-0.27274508890025223			
GO_POSITIVE_REGULATION_BY_HOST_OF_VIRAL_TRANSCRIPTION	-0.27275485763367996			
MIR10399_3P	-0.27283939381811545			
PRC1_BMI_UP.V1_DN	-0.2728566817355702			
GSE26669_CD4_VS_CD8_TCELL_IN_MLR_DN	-0.27291026471083546			
GO_REGULATION_OF_VASCULAR_SMOOTH_MUSCLE_CELL_DIFFERENTIATION	-0.27296011873686044			
ZHONG_RESPONSE_TO_AZACITIDINE_AND_TSA_DN	-0.27296285712153495			
GSE1925_3H_VS_24H_IFNG_STIM_IFNG_PRIMED_MACROPHAGE_DN	-0.2729780604577885			
GSE17721_CTRL_VS_LPS_12H_BMDC_UP	-0.2730161600039457			
GO_DNA_BINDING_TRANSCRIPTION_ACTIVATOR_ACTIVITY	-0.27301699087254194			
GSE9650_NAIVE_VS_EXHAUSTED_CD8_TCELL_UP	-0.27303413374982616			
PAX6_01	-0.27309843361268626			
GO_REGULATION_OF_PROTEIN_TYROSINE_PHOSPHATASE_ACTIVITY	-0.27311638356098356			
GSE5679_RARA_AGONIST_AM580_VS_AM580_AND_ROSIGLITAZONE_TREATED_DC_DN	-0.27315500600806675			
GO_GAMMA_TUBULIN_COMPLEX	-0.2731587543317421			
GSE24634_TEFF_VS_TCONV_DAY10_IN_CULTURE_UP	-0.2732036857160677			
GO_SPONTANEOUS_NEUROTRANSMITTER_SECRETION	-0.27321611568990545			
GO_REGULATION_OF_CONNECTIVE_TISSUE_REPLACEMENT	-0.2732183907084551			
GO_RESPONSE_TO_AMINE	-0.2732226894465335			
GO_TRANSCRIPTION_FACTOR_TFIID_COMPLEX	-0.2732469485756625			
GSE36527_CD69_NEG_VS_POS_TREG_CD62L_LOS_KLRG1_NEG_DN	-0.2733022527740994			
MIR3614_5P	-0.2733040491394039			
NIKOLSKY_OVERCONNECTED_IN_BREAST_CANCER	-0.27337882526427665			
GSE15659_CD45RA_NEG_CD4_TCELL_VS_ACTIVATED_TREG_DN	-0.2733897514369841			
GSE3982_MAST_CELL_VS_DC_UP	-0.27341315934986526			
IPA_BACH2_UP	-0.27346817939330964			
KEGG_ACUTE_MYELOID_LEUKEMIA	-0.2734682688294166			
GSE40666_STAT1_KO_VS_STAT4_KO_CD8_TCELL_WITH_IFNA_STIM_90MIN_UP	-0.27349615954087203			
IPA_HES7_UP	-0.273531327891452			
GO_SYNAPSE_MATURATION	-0.2735425475169251			
GSE24634_IL4_VS_CTRL_TREATED_NAIVE_CD4_TCELL_DAY7_UP	-0.2735699708670818			
GO_RESPONSE_TO_ETHER	-0.27357316523306446			
REACTOME_CA_DEPENDENT_EVENTS	-0.2736738206409912			
GO_NEGATIVE_REGULATION_OF_LEUKOCYTE_CELL_CELL_ADHESION	-0.27369042872431154			
GSE9960_HEALTHY_VS_SEPSIS_PBMC_DN	-0.27371441242610095			
MIR486_3P	-0.2737482312838237			
VANASSE_BCL2_TARGETS_DN	-0.2737578551012259			
GO_MITOTIC_CELL_CYCLE_CHECKPOINT	-0.2737695418117492			
chr6q16	-0.2737815570529372			
BIOCARTA_MCM_PATHWAY	-0.2737922659028976			
GO_NUCLEOTIDYLTRANSFERASE_ACTIVITY	-0.2738069392780094			
GO_PRENYLTRANSFERASE_ACTIVITY	-0.2738354626084371			
IPA_HOXB8_UP	-0.2738494687516195			
GO_GENERAL_TRANSCRIPTION_INITIATION_FACTOR_ACTIVITY	-0.27384958516937397			
GO_RS_DOMAIN_BINDING	-0.2738747997996775			
GO_HISTONE_H2A_K119_MONOUBIQUITINATION	-0.27389088391280003			
ZNF784_TARGET_GENES	-0.27396049348012635			
GO_POSITIVE_REGULATION_OF_MITOTIC_SISTER_CHROMATID_SEPARATION	-0.27396741940790503			
MIR4300	-0.27397780591826754			
GSE13493_CD4INTCD8POS_VS_CD8POS_THYMOCYTE_DN	-0.27401530346442454			
IRF2_01	-0.27402523870577433			
GSE22886_NAIVE_CD4_TCELL_VS_12H_ACT_TH1_UP	-0.27403295180617165			
GSE9509_LPS_VS_LPS_AND_IL10_STIM_IL10_KO_MACROPHAGE_20MIN_DN	-0.2740619144713501			
GSE40277_EOS_AND_LEF1_TRANSDUCED_VS_GATA1_AND_SATB1_TRANSDUCED_CD4_TCELL_DN	-0.2740627157294224			
GSE7548_DAY7_VS_DAY28_PCC_IMMUNIZATION_CD4_TCELL_DN	-0.27421540373034553			
GSE13547_2H_VS_12_H_ANTI_IGM_STIM_ZFX_KO_BCELL_UP	-0.27421694662503626			
MIR6863	-0.27425495143900847			
GO_CYTOPLASMIC_TRANSLATIONAL_ELONGATION	-0.2742783053649052			
TGCGCANK_UNKNOWN	-0.27428628078886935			
GCGNNANTTCC_UNKNOWN	-0.27428719822285497			
GO_RIBONUCLEOPROTEIN_COMPLEX_BIOGENESIS	-0.27431047246150847			
GO_POSITIVE_REGULATION_OF_REGULATORY_T_CELL_DIFFERENTIATION	-0.2743242098540031			
GSE35825_UNTREATED_VS_IFNG_STIM_MACROPHAGE_DN	-0.27433254489070963			
GO_CLATHRIN_COATED_ENDOCYTIC_VESICLE_MEMBRANE	-0.2743334187167037			
AGTCAGC_MIR345	-0.27434455559108495			
GO_LYS48_SPECIFIC_DEUBIQUITINASE_ACTIVITY	-0.27436033221837736			
IPA_IKZF1_UP	-0.2743813566280991			
GO_POSTSYNAPTIC_DENSITY_MEMBRANE	-0.2743883859569785			
MIR507	-0.2744505468051151			
MIR4260	-0.2744884338244855			
GO_REGULATION_OF_GLIAL_CELL_MIGRATION	-0.27449087158198165			
RYTTCCTG_ETS2_B	-0.2744978892555894			
GO_NEGATIVE_REGULATION_OF_MHC_CLASS_II_BIOSYNTHETIC_PROCESS	-0.2744994461837766			
GO_DE_NOVO_NAD_BIOSYNTHETIC_PROCESS_FROM_TRYPTOPHAN	-0.27457979455067066			
GO_EUKARYOTIC_TRANSLATION_INITIATION_FACTOR_3_COMPLEX_EIF3M	-0.2746273166255844			
GO_POSITIVE_REGULATION_OF_NATURAL_KILLER_CELL_MEDIATED_CYTOTOXICITY	-0.27465347486901887			
IPA_CTCF_UP	-0.27469414611808024			
IPA_ZFHX3_UP	-0.2747449683105076			
GO_CELLULAR_RESPONSE_TO_AMMONIUM_ION	-0.2747637813792928			
GO_NEUROTRANSMITTER_RECEPTOR_ACTIVITY	-0.27478205250153515			
GSE17974_2H_VS_72H_UNTREATED_IN_VITRO_CD4_TCELL_DN	-0.27478365582767317			
GO_DETECTION_OF_CALCIUM_ION	-0.2748490865555975			
BIOCARTA_ION_PATHWAY	-0.27490931487924125			
IPA_ATF4_DN	-0.27493539094199254			
GO_ORGANISM_EMERGENCE_FROM_PROTECTIVE_STRUCTURE	-0.2749434816771203			
RASHI_RESPONSE_TO_IONIZING_RADIATION_4	-0.2749733393373283			
REACTOME_SIGNALING_BY_FGFR1_IN_DISEASE	-0.2749849076086791			
GO_CYTOKINE_METABOLIC_PROCESS	-0.2750163730245917			
GO_NUCLEAR_NCRNA_SURVEILLANCE	-0.2750344234470458			
GO_ACETYLCHOLINE_GATED_CATION_SELECTIVE_CHANNEL_ACTIVITY	-0.27503609355606			
IPA_SPIC_DN	-0.27503640823037867			
GO_PROTEIN_AUTO_ADP_RIBOSYLATION	-0.27508241204778366			
REACTOME_GENE_AND_PROTEIN_EXPRESSION_BY_JAK_STAT_SIGNALING_AFTER_INTERLEUKIN_12_STIMULATION	-0.275111742817769			
GSE24634_TEFF_VS_TCONV_DAY3_IN_CULTURE_UP	-0.2751167223810617			
MIR3978	-0.2751193934428256			
PARK_TRETINOIN_RESPONSE_AND_RARA_PLZF_FUSION	-0.2751481469684916			
GO_IMMUNOGLOBULIN_RECEPTOR_ACTIVITY	-0.27515826876402405			
GO_Y_FORM_DNA_BINDING	-0.27519034094826883			
GO_INTERFERON_GAMMA_SECRETION	-0.27519182197299163			
GSE18791_CTRL_VS_NEWCASTLE_VIRUS_DC_16H_UP	-0.27520296329402383			
GSE32986_GMCSF_VS_GMCSF_AND_CURDLAN_HIGHDOSE_STIM_DC_DN	-0.275240665756914			
GSE369_IFNG_KO_VS_WT_LIVER_DN	-0.2752667837966935			
GSE27859_MACROPHAGE_VS_CD11C_INT_F480_INT_DC_DN	-0.27529339226971467			
GO_EARLY_PHAGOSOME	-0.2753169281285561			
GO_PURINE_NUCLEOBASE_BIOSYNTHETIC_PROCESS	-0.2753480266889012			
GO_DNA_GEOMETRIC_CHANGE	-0.27536337450953624			
REACTOME_TRANSLESION_SYNTHESIS_BY_POLK	-0.27541285969823376			
GO_POSITIVE_REGULATION_OF_DEPHOSPHORYLATION	-0.27544887870582435			
GSE33292_DN3_THYMOCYTE_VS_TCELL_LYMPHOMA_FROM_TCF1_KO_UP	-0.2754818437278528			
MIR550B_2_5P	-0.27548785250866226			
REACTOME_REGULATION_OF_TP53_ACTIVITY_THROUGH_METHYLATION	-0.27552863142725			
GO_RNA_POLYMERASE_III_TRANSCRIPTION_FACTOR_COMPLEX	-0.2755736207463283			
GO_REGULATION_OF_LEUKOCYTE_DEGRANULATION	-0.27557628786444505			
GO_NERVE_GROWTH_FACTOR_SIGNALING_PATHWAY	-0.275647193609928			
GO_REGULATION_OF_DEOXYRIBONUCLEASE_ACTIVITY	-0.27566093452936624			
IPA_PML_UP	-0.27569374826729687			
GSE27786_NKCELL_VS_MONO_MAC_UP	-0.27571654308240107			
GTGGTGA_MIR197	-0.27576706552759817			
GO_ZINC_ION_BINDING	-0.2757698969193589			
GO_NADPH_OXIDASE_COMPLEX	-0.2757799334586838			
SCHLOSSER_MYC_AND_SERUM_RESPONSE_SYNERGY	-0.27579203110344946			
GO_CELLULAR_RESPONSE_TO_ESTROGEN_STIMULUS	-0.2757926663055642			
GO_REGULATION_OF_ISOTYPE_SWITCHING_TO_IGE_ISOTYPES	-0.2757967116569791			
GO_4_IRON_4_SULFUR_CLUSTER_BINDING	-0.2759290825305882			
GO_POTASSIUM_CHANNEL_ACTIVITY	-0.2760087852977768			
MIR203B_3P	-0.27601024731991697			
NIKOLSKY_MUTATED_AND_AMPLIFIED_IN_BREAST_CANCER	-0.27602612507070934			
GO_RAN_GTPASE_BINDING	-0.27603804103675417			
GO_POSITIVE_REGULATION_OF_GLUTAMATE_SECRETION	-0.2760564819287353			
GSE22601_DOUBLE_POSITIVE_VS_CD8_SINGLE_POSITIVE_THYMOCYTE_DN	-0.27605793922989963			
ZSCAN18_TARGET_GENES	-0.27607193379921			
GO_POSTSYNAPTIC_RECYCLING_ENDOSOME	-0.27608471979325294			
GO_NEGATIVE_REGULATION_OF_PRODUCTION_OF_MIRNAS_INVOLVED_IN_GENE_SILENCING_BY_MIRNA	-0.2761693325880068			
GO_SIN3_TYPE_COMPLEX	-0.27618415403269797			
GO_REGULATION_OF_SYNAPTIC_TRANSMISSION_GABAERGIC	-0.2761874471054076			
GO_REPLICATION_FORK_PROTECTION_COMPLEX	-0.27620305173566573			
SAKAI_CHRONIC_HEPATITIS_VS_LIVER_CANCER_UP	-0.27620493269759616			
CHAF1B_TARGET_GENES	-0.27623157612268123			
REACTOME_TRANSCRIPTION_COUPLED_NUCLEOTIDE_EXCISION_REPAIR_TC_NER	-0.2762383830565461			
GAUSSMANN_MLL_AF4_FUSION_TARGETS_B_UP	-0.27624718381090957			
REACTOME_FORMATION_OF_THE_BETA_CATENIN_TCF_TRANSACTIVATING_COMPLEX	-0.27627104220779064			
GO_STRUCTURAL_CONSTITUENT_OF_TOOTH_ENAMEL	-0.2763295497870329			
GSE40274_FOXP3_VS_FOXP3_AND_GATA1_TRANSDUCED_ACTIVATED_CD4_TCELL_UP	-0.2763768723700972			
KEGG_NON_SMALL_CELL_LUNG_CANCER	-0.2763777059626621			
MIR208A_3P	-0.27639009934185604			
GO_G_PROTEIN_COUPLED_GLUTAMATE_RECEPTOR_ACTIVITY	-0.2763938372021505			
KEGG_JAK_STAT_SIGNALING_PATHWAY	-0.27639722275133743			
GO_REGULATION_OF_MYELOID_CELL_DIFFERENTIATION	-0.2763981050853932			
MIR12116	-0.2764585106159554			
GSE10240_CTRL_VS_IL22_STIM_PRIMARY_BRONCHIAL_EPITHELIAL_CELLS_UP	-0.27646156184027193			
REACTOME_SUMOYLATION	-0.27646194130830337			
IPA_HOXC6_DN	-0.27652029305849446			
OCT1_02	-0.27653285477374434			
LEE_DOUBLE_POLAR_THYMOCYTE	-0.2765846192347061			
GO_DNA_INTEGRITY_CHECKPOINT	-0.2765863803325791			
WCAANNNYCAG_UNKNOWN	-0.27658769258532107			
GO_REGULATION_OF_DNA_LIGATION	-0.2765950809459445			
GSE41176_WT_VS_TAK1_KO_ANTI_IGM_STIM_BCELL_6H_DN	-0.27660710690786156			
MIR6812_5P	-0.27661325555495825			
REACTOME_CREB1_PHOSPHORYLATION_THROUGH_THE_ACTIVATION_OF_CAMKII_CAMKK_CAMKIV_CASCASDE	-0.2766151426600848			
GO_SUMO_TRANSFERASE_ACTIVITY	-0.2766432400282847			
BIOCARTA_BCELLSURVIVAL_PATHWAY	-0.2767069375029436			
MIR1180_3P	-0.2767500366104498			
GO_ACETATE_ESTER_TRANSPORT	-0.27676194610399235			
GSE15930_STIM_VS_STIM_AND_IL12_72H_CD8_T_CELL_UP	-0.2768172129672723			
GO_PEPTIDYL_GLUTAMIC_ACID_MODIFICATION	-0.27683710215593843			
ATOH1_TARGET_GENES	-0.2768703921276788			
GSE27786_LIN_NEG_VS_NKTCELL_DN	-0.27691175573327403			
MIR603	-0.27691958106497944			
GO_PHOSPHATIDYLINOSITOL_3_4_BISPHOSPHATE_5_KINASE_ACTIVITY	-0.27692758976785725			
HASLINGER_B_CLL_WITH_MUTATED_VH_GENES	-0.27693720208477673			
MIR3622A_3P_MIR3622B_3P	-0.2769429239473057			
chr4q24	-0.27699111917484676			
GO_NEGATIVE_REGULATION_OF_INNATE_IMMUNE_RESPONSE	-0.2770414489860254			
MIR3654	-0.2771069144029814			
GO_TRANSLATIONAL_INITIATION	-0.2771260264279241			
GSE4984_LPS_VS_VEHICLE_CTRL_TREATED_DC_DN	-0.2771343047567463			
GO_RIBONUCLEOTIDE_BINDING	-0.27714529826304807			
BIOCARTA_CCR5_PATHWAY	-0.2771730564461505			
SU_TESTIS	-0.27722727801458685			
LI_CYTIDINE_ANALOGS_CYCTOTOXICITY	-0.27722906945019316			
MIR553	-0.2772543982785926			
GO_MUTSALPHA_COMPLEX_BINDING	-0.277258324709589			
MITSIADES_RESPONSE_TO_APLIDIN_DN	-0.27731625675066346			
GO_NEGATIVE_REGULATION_OF_THYMOCYTE_APOPTOTIC_PROCESS	-0.27733228743378163			
GSE9509_10MIN_VS_30MIN_LPS_AND_IL10_STIM_IL10_KO_MACROPHAGE_UP	-0.27735915762262353			
GSE360_LOW_DOSE_B_MALAYI_VS_M_TUBERCULOSIS_DC_UP	-0.27737575075243365			
IPA_BCL11A_DN	-0.2773990832322126			
REACTOME_NUCLEOBASE_BIOSYNTHESIS	-0.27744128833540294			
GSE32901_NAIVE_VS_TH17_ENRICHED_CD4_TCELL_DN	-0.27748156610326363			
IPA_CCNH_UP	-0.2774884643814243			
GSE29618_PRE_VS_DAY7_POST_LAIV_FLU_VACCINE_MONOCYTE_DN	-0.2775147212515267			
GO_HISTONE_MRNA_METABOLIC_PROCESS	-0.2775528260084622			
IPA_RUNX3_DN	-0.2775980977362005			
GO_ANATOMICAL_STRUCTURE_HOMEOSTASIS	-0.2776501083863154			
JDP2_TARGET_GENES	-0.27766044239800297			
GO_NEGATIVE_REGULATION_OF_HISTONE_H3_K9_TRIMETHYLATION	-0.2776735770295216			
chr1q25	-0.27771475629756237			
GSE15330_WT_VS_IKAROS_KO_LYMPHOID_MULTIPOTENT_PROGENITOR_UP	-0.2777781397792889			
GSE27859_DC_VS_CD11C_INT_F480_INT_DC_DN	-0.27780439442622323			
GO_POSITIVE_REGULATION_OF_RNA_METABOLIC_PROCESS	-0.27784232696564215			
GSE41867_NAIVE_VS_DAY6_LCMV_ARMSTRONG_EFFECTOR_CD8_TCELL_DN	-0.27785890790709344			
GO_MRNA_3_SPLICE_SITE_RECOGNITION	-0.2778662505551511			
GO_PHOSPHATIDYLINOSITOL_3_KINASE_BINDING	-0.2778768037436161			
MIR22_3P	-0.2779294166051694			
MIR1253	-0.27801702334388734			
GO_MEIOTIC_TELOMERE_CLUSTERING	-0.27802997588040707			
GO_CATALYTIC_ACTIVITY_ACTING_ON_RNA	-0.2780324343684449			
GO_REGULATION_OF_DENDRITIC_CELL_DIFFERENTIATION	-0.2780626818597637			
COREBINDINGFACTOR_Q6	-0.27806790326108366			
GO_KINETOCHORE_ORGANIZATION	-0.2781140279034241			
LOPEZ_MESOTHELIOMA_SURVIVAL_OVERALL_UP	-0.2781571693372085			
GSE10240_IL17_VS_IL17_AND_IL22_STIM_PRIMARY_BRONCHIAL_EPITHELIAL_CELLS_UP	-0.27817365979560515			
GSE22601_DOUBLE_NEGATIVE_VS_CD4_SINGLE_POSITIVE_THYMOCYTE_UP	-0.27818724770962666			
RICKMAN_TUMOR_DIFFERENTIATED_WELL_VS_POORLY_UP	-0.2781958489256122			
MIR125A_5P	-0.278198530780301			
GSE46606_IRF4_KO_VS_WT_CD40L_IL2_IL5_3DAY_STIMULATED_BCELL_DN	-0.2781991020949002			
GO_TRANSCRIPTION_COACTIVATOR_ACTIVITY	-0.2782030578663047			
BROWNE_HCMV_INFECTION_30MIN_DN	-0.2782050982755576			
GO_RESPONSE_TO_INTERLEUKIN_9	-0.278222738318373			
STARK_BRAIN_22Q11_DELETION	-0.2782390709503806			
REACTOME_TELOMERE_EXTENSION_BY_TELOMERASE	-0.2782423924218273			
GSE29164_CD8_TCELL_VS_CD8_TCELL_AND_IL12_TREATED_MELANOMA_DAY3_UP	-0.2782522572507398			
NIKOLSKY_BREAST_CANCER_19P13_AMPLICON	-0.27826952473821664			
PARK_TRETINOIN_RESPONSE_AND_PML_RARA_FUSION	-0.2782795144502819			
MIR4266	-0.27833829808835736			
XU_HGF_SIGNALING_NOT_VIA_AKT1_48HR_DN	-0.27837935127098173			
REACTOME_TRNA_MODIFICATION_IN_THE_MITOCHONDRION	-0.2783832930062994			
GO_NEGATIVE_REGULATION_OF_I_KAPPAB_KINASE_NF_KAPPAB_SIGNALING	-0.2783912810186043			
REACTOME_PURINE_RIBONUCLEOSIDE_MONOPHOSPHATE_BIOSYNTHESIS	-0.27840916104785435			
GSE45881_CXCR6HI_VS_CXCR1LO_COLONIC_LAMINA_PROPRIA_UP	-0.27843670588227865			
GO_NEGATIVE_REGULATION_OF_PROSTAGLANDIN_BIOSYNTHETIC_PROCESS	-0.27849623676683133			
GSE17721_CPG_VS_GARDIQUIMOD_8H_BMDC_UP	-0.27851030554564893			
GO_POSITIVE_REGULATION_OF_PROTEIN_DEPHOSPHORYLATION	-0.2785120556179023			
chr19p13	-0.27852645030662526			
REACTOME_CAMK_IV_MEDIATED_PHOSPHORYLATION_OF_CREB	-0.278527678835609			
GSE21063_CTRL_VS_ANTI_IGM_STIM_BCELL_3H_UP	-0.27856028286450424			
IPA_MYB_DN	-0.27856678014276165			
GO_NEGATIVE_REGULATION_OF_HISTONE_DEACETYLATION	-0.27861440711468166			
GO_RNA_POLYMERASE_BINDING	-0.27866418446902763			
chr2q22	-0.27866594736439976			
GO_NUCLEAR_PERIPHERY	-0.2787084307731533			
IPA_CUX1_DN	-0.2787103566674122			
REACTOME_HIGHLY_CALCIUM_PERMEABLE_POSTSYNAPTIC_NICOTINIC_ACETYLCHOLINE_RECEPTORS	-0.27876862742922565			
GO_NCRNA_TRANSCRIPTION	-0.27877141861055427			
GSE17974_0.5H_VS_72H_UNTREATED_IN_VITRO_CD4_TCELL_DN	-0.2787857356066354			
MIR1827	-0.2788005427091588			
MYLLYKANGAS_AMPLIFICATION_HOT_SPOT_18	-0.2788175595753085			
GO_DENTATE_GYRUS_DEVELOPMENT	-0.2788179998490859			
GO_MEMBRANE_DISASSEMBLY	-0.27883324991390823			
GSE2770_UNTREATED_VS_IL12_TREATED_ACT_CD4_TCELL_2H_UP	-0.27883499117169575			
GO_REGULATION_OF_T_HELPER_CELL_DIFFERENTIATION	-0.2788732704997449			
REACTOME_EXPORT_OF_VIRAL_RIBONUCLEOPROTEINS_FROM_NUCLEUS	-0.27888549668450124			
GSE41176_UNSTIM_VS_ANTI_IGM_STIM_TAK1_KO_BCELL_6H_DN	-0.27890332680692703			
GO_GROWTH_HORMONE_RECEPTOR_BINDING	-0.27891354266523494			
GSE28726_NAIVE_VS_ACTIVATED_CD4_TCELL_UP	-0.2789434525542366			
GSE33162_HDAC3_KO_VS_HDAC3_KO_4H_LPS_STIM_MACROPHAGE_UP	-0.2789436723559802			
GO_BARR_BODY	-0.27896145194541055			
GO_SEMICIRCULAR_CANAL_MORPHOGENESIS	-0.2789927176806282			
GSE16385_IFNG_TNF_VS_ROSIGLITAZONE_STIM_MACROPHAGE_UP	-0.27899287654953475			
REACTOME_COMPETING_ENDOGENOUS_RNAS_CERNAS_REGULATE_PTEN_TRANSLATION	-0.27899638779201946			
GO_ENDODEOXYRIBONUCLEASE_ACTIVITY_PRODUCING_3_PHOSPHOMONOESTERS	-0.27900809816204225			
IPA_ATF2_DN	-0.27908290723101137			
GSE21927_SPLEEN_VS_TUMOR_MONOCYTE_BALBC_DN	-0.2790842179742232			
REACTOME_THE_PHOTOTRANSDUCTION_CASCADE	-0.2791165846466622			
GO_MICROTUBULE_NUCLEATION_BY_MICROTUBULE_ORGANIZING_CENTER	-0.2791600122897274			
GO_NEGATIVE_REGULATION_OF_VASCULAR_ASSOCIATED_SMOOTH_MUSCLE_CELL_APOPTOTIC_PROCESS	-0.27918482378856824			
GO_ACTIVATION_OF_JANUS_KINASE_ACTIVITY	-0.2792217722604164			
GSE17721_CTRL_VS_LPS_2H_BMDC_UP	-0.2792224223849605			
GSE32255_UNSTIM_VS_4H_LPS_STIM_DC_UP	-0.27922517409475883			
GSE40274_CTRL_VS_GATA1_TRANSDUCED_ACTIVATED_CD4_TCELL_UP	-0.27926614934277993			
GO_DNA_POLYMERASE_BINDING	-0.2793535888485395			
GO_BENZODIAZEPINE_RECEPTOR_BINDING	-0.2793686661282116			
GSE21063_3H_VS_16H_ANTI_IGM_STIM_NFATC1_KOBCELL_DN	-0.2793820881583381			
GO_REGULATION_OF_TELOMERE_MAINTENANCE	-0.27940670582772015			
IPA_CBFB_UP	-0.27943731579636494			
GSE11961_MARGINAL_ZONE_BCELL_VS_MEMORY_BCELL_DAY40_DN	-0.27943955395419284			
SA_PTEN_PATHWAY	-0.2794460955864836			
GSE3039_CD4_TCELL_VS_ALPHAALPHA_CD8_TCELL_DN	-0.27945499343179936			
GO_VIRAL_TRANSLATION	-0.2794551888738191			
GO_ENDONUCLEASE_ACTIVITY_ACTIVE_WITH_EITHER_RIBO_OR_DEOXYRIBONUCLEIC_ACIDS_AND_PRODUCING_5_PHOSPHOMONOESTERS	-0.27947782099960866			
GSE29618_PRE_VS_DAY7_POST_TIV_FLU_VACCINE_PDC_DN	-0.27948565005438797			
GO_COMMITMENT_COMPLEX	-0.27950390161227223			
SHIPP_DLBCL_CURED_VS_FATAL_DN	-0.2795299991112621			
MIR132_3P	-0.27955770266202673			
GO_MEIOTIC_SISTER_CHROMATID_COHESION_CENTROMERIC	-0.2795848382534157			
GO_REGULATION_OF_HISTONE_H4_ACETYLATION	-0.2795893116659979			
GO_REGULATION_OF_SKELETAL_MUSCLE_CONTRACTION	-0.2796054366750991			
GO_NUCLEOTIDE_EXCISION_REPAIR_DNA_INCISION	-0.27962833249192			
GSE13547_CTRL_VS_ANTI_IGM_STIM_BCELL_12H_DN	-0.27963375994373024			
GO_POSITIVE_REGULATION_OF_INTERFERON_BETA_PRODUCTION	-0.2796727263650766			
HOFMANN_MYELODYSPLASTIC_SYNDROM_LOW_RISK_UP	-0.2796727870826972			
ZNF697_TARGET_GENES	-0.27968385176652033			
MUNSHI_MULTIPLE_MYELOMA_DN	-0.27969374234458216			
GSE41867_NAIVE_VS_DAY30_LCMV_ARMSTRONG_MEMORY_CD8_TCELL_UP	-0.2796990643310008			
GO_NCRNA_PROCESSING	-0.2797101853683324			
GO_HYPERSENSITIVITY	-0.27982900211662887			
GSE40685_TREG_VS_FOXP3_KO_TREG_PRECURSOR_DN	-0.2798913943475216			
GSE16385_UNTREATED_VS_12H_ROSIGLITAZONE_IL4_TREATED_MACROPHAGE_UP	-0.2798932862199521			
GSE39556_CD8A_DC_VS_NK_CELL_MOUSE_3H_POST_POLYIC_INJ_UP	-0.2798979003121028			
GSE22589_HEALTHY_VS_SIV_INFECTED_DC_UP	-0.2799523835147098			
GSE2706_R848_VS_LPS_8H_STIM_DC_UP	-0.27996494850324677			
REACTOME_INTERLEUKIN_21_SIGNALING	-0.27999915245518			
GSE43955_1H_VS_42H_ACT_CD4_TCELL_WITH_TGFB_IL6_UP	-0.28001181445537376			
GO_REGULATION_OF_SISTER_CHROMATID_COHESION	-0.2800429497597878			
REACTOME_ACTIVATION_OF_RAS_IN_B_CELLS	-0.2800958824069355			
GO_LYSINE_N_ACETYLTRANSFERASE_ACTIVITY_ACTING_ON_ACETYL_PHOSPHATE_AS_DONOR	-0.28020060578162			
GO_CYTOKINE_PRODUCTION	-0.28022499159755404			
GO_CORE_PROMOTER_SEQUENCE_SPECIFIC_DNA_BINDING	-0.2802668106444882			
IPA_DEAF1_DN	-0.28030626961684413			
ISHIDA_E2F_TARGETS	-0.28035789929609967			
IPA_NR2C2_UP	-0.2804040293756699			
GO_FLEMMING_BODY	-0.28042094836977355			
GSE14308_NAIVE_CD4_TCELL_VS_INDUCED_TREG_UP	-0.28044060547599703			
FIGUEROA_AML_METHYLATION_CLUSTER_2_DN	-0.2804820158671596			
GO_CROSSOVER_JUNCTION_ENDODEOXYRIBONUCLEASE_ACTIVITY	-0.2804899977610124			
GSE15330_LYMPHOID_MULTIPOTENT_VS_MEGAKARYOCYTE_ERYTHROID_PROGENITOR_UP	-0.28054550043673127			
GO_POSITIVE_REGULATION_OF_PHOSPHATASE_ACTIVITY	-0.28055179610678044			
GSE8921_3H_VS_24H_TLR1_2_STIM_MONOCYTE_UP	-0.2805615630874817			
MIR125B_5P	-0.28059300514148344			
GSE25123_WT_VS_PPARG_KO_MACROPHAGE_DN	-0.2806119407206924			
GO_POSITIVE_REGULATION_OF_INTERLEUKIN_12_PRODUCTION	-0.2806531779773699			
BIOCARTA_CDMAC_PATHWAY	-0.2806871413269553			
IPA_XBP1_DN	-0.2807519499218069			
PID_IL8_CXCR1_PATHWAY	-0.28076736413597564			
MIR1199_5P	-0.28078627335779094			
GSE43863_NAIVE_VS_MEMORY_TH1_CD4_TCELL_D150_LCMV_DN	-0.2808182001524997			
GSE5099_UNSTIM_VS_MCSF_TREATED_MONOCYTE_DAY7_UP	-0.2808214591215587			
REACTOME_SNRNP_ASSEMBLY	-0.28082802420150293			
MIR324_3P	-0.2808547818327811			
GSE21033_1H_VS_24H_POLYIC_STIM_DC_UP	-0.2808892394770495			
MIR218_5P	-0.28090171885671983			
GO_POSITIVE_REGULATION_OF_CELLULAR_CARBOHYDRATE_METABOLIC_PROCESS	-0.28091999200845974			
GSE26912_TUMORICIDAL_VS_CTRL_MACROPHAGE_DN	-0.28092328121163657			
BIOCARTA_CASPASE_PATHWAY	-0.2809307246097107			
GSE29164_UNTREATED_VS_CD8_TCELL_AND_IL12_TREATED_MELANOMA_DAY7_UP	-0.2809536162906824			
GO_MHC_CLASS_II_PROTEIN_COMPLEX	-0.28096578319932713			
GO_POSITIVE_REGULATION_OF_TRANSCRIPTION_BY_RNA_POLYMERASE_I	-0.2810287766561636			
GSE22140_HEALTHY_VS_ARTHRITIC_GERMFREE_MOUSE_CD4_TCELL_UP	-0.2810447429152275			
GSE39820_CTRL_VS_TGFBETA3_IL6_CD4_TCELL_UP	-0.2810672394719445			
REACTOME_INTERLEUKIN_12_FAMILY_SIGNALING	-0.2810688859292747			
GO_PROTEASOME_CORE_COMPLEX	-0.281091988384145			
GSE17974_0H_VS_1H_IN_VITRO_ACT_CD4_TCELL_DN	-0.2811386680615333			
GO_CYTIDINE_TO_URIDINE_EDITING	-0.2811559601964075			
REACTOME_HIV_LIFE_CYCLE	-0.2811939295708934			
GO_DNA_UNWINDING_INVOLVED_IN_DNA_REPLICATION	-0.28120411869762935			
GSE45365_WT_VS_IFNAR_KO_CD8A_DC_UP	-0.2812348985014312			
CHEOK_RESPONSE_TO_MERCAPTOPURINE_AND_HD_MTX_DN	-0.281268282763411			
GAVIN_PDE3B_TARGETS	-0.28132104785520895			
MIR4444	-0.281326177715384			
FERRANDO_LYL1_NEIGHBORS	-0.2814261890155164			
ASH1L_TARGET_GENES	-0.2814515285340006			
GSE10239_NAIVE_VS_DAY4.5_EFF_CD8_TCELL_UP	-0.2814759290973484			
GO_SUMO_BINDING	-0.28151290677043983			
GO_U5_SNRNP	-0.2815251211428332			
SHAFFER_IRF4_MULTIPLE_MYELOMA_PROGRAM	-0.28159221986619504			
REACTOME_E2F_MEDIATED_REGULATION_OF_DNA_REPLICATION	-0.28159870315106156			
GO_REGULATION_OF_ACUTE_INFLAMMATORY_RESPONSE_TO_ANTIGENIC_STIMULUS	-0.2816862183313963			
IPA_NFE2_DN	-0.28170035605198607			
MIR4257	-0.28176934377203816			
GO_REGULATION_OF_CHROMOSOME_SEPARATION	-0.28177775492151214			
GSE21927_SPLEEN_MONOCYTE_VS_GMCSF_GCSF_BONE_MARROW_DN	-0.28179486100414375			
GO_DNA_ENDOREDUPLICATION	-0.2818006578967716			
GO_REGULATION_OF_BARBED_END_ACTIN_FILAMENT_CAPPING	-0.2818125836326078			
MIKKELSEN_IPS_HCP_WITH_H3_UNMETHYLATED	-0.2818331016276094			
GSE23114_PERITONEAL_CAVITY_B1A_BCELL_VS_SPLEEN_BCELL_IN_SLE2C1_MOUSE_UP	-0.28183507847701716			
REACTOME_EUKARYOTIC_TRANSLATION_INITIATION	-0.28186973506191754			
GOERING_BLOOD_HDL_CHOLESTEROL_QTL_CIS	-0.28198700729295345			
GAURNIER_PSMD4_TARGETS	-0.28198875959198955			
GO_REGULATION_OF_T_HELPER_17_CELL_LINEAGE_COMMITMENT	-0.28200052283184995			
GO_GERMINAL_CENTER_FORMATION	-0.28206265348963183			
GSE17721_0.5H_VS_12H_LPS_BMDC_UP	-0.2821236250982192			
PID_CXCR3_PATHWAY	-0.28214407968947763			
WANG_IMMORTALIZED_BY_HOXA9_AND_MEIS1_DN	-0.2821846610170911			
GO_PROTEIN_SERINE_THREONINE_KINASE_ACTIVITY	-0.2822331964633436			
GO_REGULATION_OF_HISTONE_UBIQUITINATION	-0.2822630159660645			
GO_REGULATION_OF_T_CELL_MIGRATION	-0.2822662496142236			
GO_RNAI_EFFECTOR_COMPLEX	-0.2823279878697988			
SRC_UP.V1_UP	-0.28234141340003377			
GO_CHROMAFFIN_GRANULE_MEMBRANE	-0.28239958861862835			
IPA_PITX2_DN	-0.2824098835247942			
MIR6744_5P	-0.2824417314983881			
GO_FOREBRAIN_MORPHOGENESIS	-0.28249854551462356			
CHAMP1_TARGET_GENES	-0.28253529854242543			
GO_NEGATIVE_REGULATION_OF_LEUKOCYTE_PROLIFERATION	-0.28263546588013816			
GSE6259_FLT3L_INDUCED_33D1_POS_DC_VS_BCELL_UP	-0.28265037128111475			
GO_UBIQUITIN_LIKE_PROTEIN_TRANSFERASE_ACTIVITY	-0.28266498677946944			
IPA_IRF9_DN	-0.28268365850466015			
GSE17721_LPS_VS_CPG_24H_BMDC_DN	-0.28273240097173863			
KEGG_HEMATOPOIETIC_CELL_LINEAGE	-0.2827328519258216			
GO_CYTIDINE_DEAMINASE_ACTIVITY	-0.28273308661337987			
GSE20366_EX_VIVO_VS_HOMEOSTATIC_CONVERSION_TREG_DN	-0.2827567243338901			
GSE34006_UNTREATED_VS_A2AR_AGONIST_TREATED_TREG_DN	-0.2827687583612726			
GO_MITOCHONDRION_DISTRIBUTION	-0.2827739091250897			
GO_POSITIVE_REGULATION_OF_NEURON_MATURATION	-0.2827867656709662			
DIRMEIER_LMP1_RESPONSE_LATE_UP	-0.2828260230644433			
GO_POSITIVE_REGULATION_OF_INTERLEUKIN_12_BIOSYNTHETIC_PROCESS	-0.2828793828363035			
KLEIN_PRIMARY_EFFUSION_LYMPHOMA_UP	-0.2828944822197208			
GO_PROTEIN_ADP_RIBOSYLATION	-0.2829855768109585			
GSE39556_CD8A_DC_VS_NK_CELL_MOUSE_3H_POST_POLYIC_INJ_DN	-0.28307375911985305			
MIR6069	-0.2831052091038376			
KERLEY_RESPONSE_TO_CISPLATIN_DN	-0.2831284483409526			
GSE20366_EX_VIVO_VS_DEC205_CONVERSION_DN	-0.28314611317676336			
CROONQUIST_NRAS_VS_STROMAL_STIMULATION_UP	-0.2831571153244326			
GSE2770_TGFB_AND_IL4_VS_IL12_TREATED_ACT_CD4_TCELL_48H_UP	-0.2831825105716181			
GO_SMOOTH_MUSCLE_CELL_APOPTOTIC_PROCESS	-0.2832003193429908			
GSE21774_CD62L_POS_CD56_DIM_VS_CD62L_NEG_CD56_DIM_NK_CELL_UP	-0.2832014526301941			
MIR6511B_5P	-0.28323586230490744			
GSE7509_DC_VS_MONOCYTE_WITH_FCGRIIB_STIM_UP	-0.28327615990383315			
GSE43863_TH1_VS_TFH_EFFECTOR_CD4_TCELL_DN	-0.283293436592276			
GSE4984_GALECTIN1_VS_LPS_STIM_DC_UP	-0.2832977287233811			
GO_NEUROLIGIN_FAMILY_PROTEIN_BINDING	-0.2833073980329284			
GO_REGULATION_OF_TOLL_LIKE_RECEPTOR_9_SIGNALING_PATHWAY	-0.28335309741367176			
BIOCARTA_SUMO_PATHWAY	-0.2833883943599589			
GSE31082_DP_VS_CD8_SP_THYMOCYTE_UP	-0.2834112700357708			
GO_SIDE_OF_MEMBRANE	-0.28342171548322753			
IPA_FUS_UP	-0.2834625358452998			
GO_REGULATION_OF_LYSOSOMAL_LUMEN_PH	-0.28349123815269467			
GO_NEGATIVE_REGULATION_OF_HEMOPOIESIS	-0.28359978993895363			
GSE1448_CTRL_VS_ANTI_VBETA5_DP_THYMOCYTE_DN	-0.28362798047458065			
GO_POSITIVE_REGULATION_OF_ACTIVATED_T_CELL_PROLIFERATION	-0.28366136261660774			
GO_POSITIVE_REGULATION_OF_MRNA_CATABOLIC_PROCESS	-0.28366177174537294			
GSE19923_WT_VS_E2A_KO_DP_THYMOCYTE_DN	-0.28368263588949333			
MIR6879_5P	-0.28368391530257814			
MIR7978	-0.28369721395257036			
PID_CONE_PATHWAY	-0.2837071585398196			
GSE15330_HSC_VS_GRANULOCYTE_MONOCYTE_PROGENITOR_IKAROS_KO_DN	-0.28372901475891854			
GO_NEGATIVE_REGULATION_OF_TRIGLYCERIDE_CATABOLIC_PROCESS	-0.2837504302421814			
ZNF419_TARGET_GENES	-0.28378313891752543			
LIU_NASOPHARYNGEAL_CARCINOMA	-0.28382153504729796			
GSE2770_UNTREATED_VS_IL4_TREATED_ACT_CD4_TCELL_48H_DN	-0.28382833673476454			
MIR4640_3P	-0.2838423260827874			
GSE15330_HSC_VS_MEGAKARYOCYTE_ERYTHROID_PROGENITOR_DN	-0.28384582892503357			
HALLMARK_MYC_TARGETS_V1	-0.28385828810966524			
GO_RESPONSE_TO_CELL_CYCLE_CHECKPOINT_SIGNALING	-0.28387899510245684			
HESS_TARGETS_OF_HOXA9_AND_MEIS1_UP	-0.2839053553539865			
GO_CHROMOSOME_CONDENSATION	-0.28391237607092235			
GSE25123_CTRL_VS_IL4_STIM_MACROPHAGE_UP	-0.2839189719141513			
KEGG_NEUROACTIVE_LIGAND_RECEPTOR_INTERACTION	-0.2839356861907711			
GO_NON_MEMBRANE_SPANNING_PROTEIN_TYROSINE_PHOSPHATASE_ACTIVITY	-0.2839403459161872			
GSE29949_MICROGLIA_BRAIN_VS_MONOCYTE_BONE_MARROW_DN	-0.28399908307032223			
GO_POSITIVE_REGULATION_OF_FEEDING_BEHAVIOR	-0.2840083506798346			
GSE22886_NAIVE_CD4_TCELL_VS_MEMORY_TCELL_DN	-0.28407155751583846			
chr2q21	-0.284107855880001			
GSE15330_GRANULOCYTE_MONOCYTE_PROGENITOR_VS_PRO_BCELL_DN	-0.28415863567326993			
GSE37532_TREG_VS_TCONV_PPARG_KO_CD4_TCELL_FROM_LN_DN	-0.284235777158708			
GO_REGULATION_OF_CYTOSOLIC_CALCIUM_ION_CONCENTRATION	-0.28428808044921605			
GSE19941_IL10_KO_VS_IL10_KO_AND_NFKBP50_KO_LPS_STIM_MACROPHAGE_DN	-0.28430488525961994			
GSE2935_UV_INACTIVATED_VS_LIVE_SENDAI_VIRUS_INF_MACROPHAGE_UP	-0.2843082002815206			
IPA_ZNF354C_DN	-0.28431988149801696			
GO_REGULATION_OF_TRANSLATIONAL_INITIATION	-0.2843371686962441			
BOGNI_TREATMENT_RELATED_MYELOID_LEUKEMIA_UP	-0.28435876622814765			
GO_NEGATIVE_REGULATION_OF_RNA_SPLICING	-0.28436636765343504			
GSE29618_PRE_VS_DAY7_FLU_VACCINE_MONOCYTE_DN	-0.2843901755131889			
GSE34515_CD16_NEG_MONOCYTE_VS_DC_DN	-0.28439462907350915			
GSE17301_CTRL_VS_48H_IFNA2_STIM_CD8_TCELL_UP	-0.2844088904892647			
MIR3175	-0.2844430737157982			
IPA_NCOR2_UP	-0.28444775746034995			
GSE5589_UNSTIM_VS_45MIN_LPS_AND_IL10_STIM_MACROPHAGE_UP	-0.2845294479710701			
GO_TRANSCRIPTIONAL_REPRESSOR_COMPLEX	-0.2845350637981978			
GO_CUL4A_RING_E3_UBIQUITIN_LIGASE_COMPLEX	-0.28458522470153935			
BIOCARTA_NOS1_PATHWAY	-0.28463211289103085			
GSE22103_UNSTIM_VS_GMCSF_AND_IFNG_STIM_NEUTROPHIL_DN	-0.2847043466536644			
KIM_GASTRIC_CANCER_CHEMOSENSITIVITY	-0.2847248537056393			
GO_1_PHOSPHATIDYLINOSITOL_4_KINASE_ACTIVITY	-0.2847503360030892			
GO_ENDOPLASMIC_RETICULUM_CHAPERONE_COMPLEX	-0.2847519327306005			
GO_REGULATION_OF_INTERFERON_GAMMA_SECRETION	-0.2847718356139111			
GSE30962_ACUTE_VS_CHRONIC_LCMV_SECONDARY_INF_CD8_TCELL_UP	-0.28477649555402856			
BENPORATH_MYC_MAX_TARGETS	-0.28480334234736937			
GO_NCRNA_METABOLIC_PROCESS	-0.2848084595606822			
PID_ERB_GENOMIC_PATHWAY	-0.2848291489253493			
SNF5_DN.V1_UP	-0.28488334190107756			
KEGG_PURINE_METABOLISM	-0.28489440325780396			
GO_RNA_METHYLTRANSFERASE_ACTIVITY	-0.2849271885214209			
MIR4436B_3P	-0.28492825745774025			
GO_POSITIVE_REGULATION_OF_ATTACHMENT_OF_SPINDLE_MICROTUBULES_TO_KINETOCHORE	-0.28494406934034205			
KEGG_BASAL_TRANSCRIPTION_FACTORS	-0.2850348833401423			
PID_ATR_PATHWAY	-0.2851983752318987			
IPA_MECP2_UP	-0.2852484808709608			
MIR6811_5P	-0.28527202744462454			
GO_DE_NOVO_IMP_BIOSYNTHETIC_PROCESS	-0.2852778533386141			
GO_POSITIVE_REGULATION_OF_SKELETAL_MUSCLE_FIBER_DEVELOPMENT	-0.28528277039765715			
GO_H4_H2A_HISTONE_ACETYLTRANSFERASE_COMPLEX	-0.2852914596227115			
REACTOME_ACTIVATED_PKN1_STIMULATES_TRANSCRIPTION_OF_AR_ANDROGEN_RECEPTOR_REGULATED_GENES_KLK2_AND_KLK3	-0.2853422579247257			
GSE43955_10H_VS_30H_ACT_CD4_TCELL_WITH_TGFB_IL6_UP	-0.285343649291914			
GO_NEGATIVE_REGULATION_OF_CELL_CYCLE_CHECKPOINT	-0.28535600735718974			
GO_DETECTION_OF_VISIBLE_LIGHT	-0.28536593594340626			
REACTOME_METABOLISM_OF_RNA	-0.28541693617601777			
GO_JUXTAPARANODE_REGION_OF_AXON	-0.2854529777071928			
GSE31082_DN_VS_CD4_SP_THYMOCYTE_UP	-0.28546860547749003			
GO_NEGATIVE_REGULATION_OF_NLRP3_INFLAMMASOME_COMPLEX_ASSEMBLY	-0.2854745109020633			
GO_POSITIVE_REGULATION_OF_TRANSCRIPTION_FROM_RNA_POLYMERASE_II_PROMOTER_IN_RESPONSE_TO_HEAT_STRESS	-0.2854922663267878			
GO_NEGATIVE_REGULATION_OF_CELL_KILLING	-0.28550847901229587			
GO_PROTEIN_TRIMERIZATION	-0.28551145670808964			
REACTOME_REGULATION_OF_INNATE_IMMUNE_RESPONSES_TO_CYTOSOLIC_DNA	-0.2855342104146634			
GO_REGULATION_OF_MYELOID_LEUKOCYTE_MEDIATED_IMMUNITY	-0.28557067772632677			
GATA4_Q3	-0.2856256385827864			
GSE12003_4D_VS_8D_CULTURE_BM_PROGENITOR_DN	-0.2856317629595972			
GSE37301_COMMON_LYMPHOID_PROGENITOR_VS_CD4_TCELL_DN	-0.2856671045419446			
GSE21670_STAT3_KO_VS_WT_CD4_TCELL_DN	-0.28576376323253044			
GO_POSITIVE_REGULATION_OF_GLUCOSE_METABOLIC_PROCESS	-0.28580920753699063			
REACTOME_REGULATION_OF_TP53_EXPRESSION_AND_DEGRADATION	-0.28583768873644244			
REACTOME_FCERI_MEDIATED_MAPK_ACTIVATION	-0.28585888255143815			
GO_SWR1_COMPLEX	-0.2859156339563569			
GSE16755_CTRL_VS_IFNA_TREATED_MAC_UP	-0.285979928682067			
GO_NEGATIVE_REGULATION_OF_TORC1_SIGNALING	-0.28600429154965595			
chr1q31	-0.2860213536645049			
RORIE_TARGETS_OF_EWSR1_FLI1_FUSION_DN	-0.28613959714124704			
MIR6826_3P	-0.28614894604509566			
RICKMAN_HEAD_AND_NECK_CANCER_B	-0.28615960723861367			
MIR486_5P	-0.2861777250704242			
GSE17974_0H_VS_1H_IN_VITRO_ACT_CD4_TCELL_UP	-0.28628973289487847			
BIOCARTA_CPSF_PATHWAY	-0.28629918204406846			
GO_REGULATION_OF_CENTROMERE_COMPLEX_ASSEMBLY	-0.2863099230346674			
GSE32164_RESTING_DIFFERENTIATED_VS_ALTERNATIVELY_ACT_M2_MACROPHAGE_DN	-0.286310679285416			
GO_TELOMERASE_HOLOENZYME_COMPLEX	-0.2863896624703997			
GSE5099_DAY3_VS_DAY7_MCSF_TREATED_MACROPHAGE_UP	-0.286431136400166			
IPA_WNK1_DN	-0.28643570673176694			
GO_X_CHROMOSOME	-0.2864733414435626			
GSE17974_1H_VS_72H_UNTREATED_IN_VITRO_CD4_TCELL_DN	-0.2865146238815636			
GO_PEPTIDOGLYCAN_BINDING	-0.28651544205589746			
GO_STORE_OPERATED_CALCIUM_ENTRY	-0.28652898235573204			
IPA_SATB1_UP	-0.2865571252728895			
GO_TRANSFERASE_ACTIVITY_TRANSFERRING_PHOSPHORUS_CONTAINING_GROUPS	-0.2865677472629605			
GSE12845_IGD_NEG_BLOOD_VS_NAIVE_TONSIL_BCELL_UP	-0.2866619556335124			
RGAGGAARY_PU1_Q6	-0.28666901058403077			
REACTOME_NUCLEAR_PORE_COMPLEX_NPC_DISASSEMBLY	-0.2866796637438933			
GSE3337_CTRL_VS_4H_IFNG_IN_CD8POS_DC_UP	-0.2866983092793546			
GO_ARP2_3_COMPLEX_MEDIATED_ACTIN_NUCLEATION	-0.28670147636985416			
GSE5542_IFNA_VS_IFNA_AND_IFNG_TREATED_EPITHELIAL_CELLS_24H_UP	-0.2867177855926538			
MIR6751_3P	-0.2867364313276519			
VILIMAS_NOTCH1_TARGETS_DN	-0.2867471396606767			
GO_LOCOMOTOR_RHYTHM	-0.2867493049712701			
GSE24634_TEFF_VS_TCONV_DAY5_IN_CULTURE_UP	-0.28676040346102705			
GO_ACETYLCHOLINE_GATED_CHANNEL_COMPLEX	-0.28680032419684703			
MIR208B_3P	-0.2868045082267944			
GSE19888_ADENOSINE_A3R_INH_VS_ACT_IN_MAST_CELL_DN	-0.28681785826397965			
REACTOME_REGULATION_OF_GLUCOKINASE_BY_GLUCOKINASE_REGULATORY_PROTEIN	-0.2868324496366168			
GO_DNA_CATABOLIC_PROCESS	-0.2868339008032825			
GO_REGULATION_OF_NATURAL_KILLER_CELL_MEDIATED_IMMUNITY	-0.2868364567737262			
REACTOME_SLBP_DEPENDENT_PROCESSING_OF_REPLICATION_DEPENDENT_HISTONE_PRE_MRNAS	-0.2868387064645552			
GO_DNA_SYNTHESIS_INVOLVED_IN_DNA_REPAIR	-0.28688518883939934			
GO_G1_TO_G0_TRANSITION	-0.2868938396531298			
GO_ARRESTIN_FAMILY_PROTEIN_BINDING	-0.28690063470088145			
GSE22886_UNSTIM_VS_IL2_STIM_NKCELL_UP	-0.28690080510551236			
YY1_01	-0.28691696188800425			
REACTOME_FANCONI_ANEMIA_PATHWAY	-0.28693844255720746			
MARSON_FOXP3_TARGETS_UP	-0.2869595804387335			
KEGG_RIBOSOME	-0.2869914335674847			
GSE1460_NAIVE_CD4_TCELL_CORD_BLOOD_VS_THYMIC_STROMAL_CELL_UP	-0.2870516264251773			
GO_N_TERMINAL_PROTEIN_AMINO_ACID_MODIFICATION	-0.2870535275765895			
MIR4654	-0.28706415388424644			
GSE45365_HEALTHY_VS_MCMV_INFECTION_CD8A_DC_IFNAR_KO_UP	-0.28718093353562085			
REACTOME_TELOMERE_C_STRAND_SYNTHESIS_INITIATION	-0.2871879969283262			
GO_REGULATION_OF_DNA_REPAIR	-0.2872422768524912			
IPA_MTA2_DN	-0.2872736195003181			
IPA_ARNTL_DN	-0.2872736195003181			
ICHIBA_GRAFT_VERSUS_HOST_DISEASE_D7_UP	-0.28729103980208714			
MIR297	-0.28730978261208756			
HOLLEMAN_VINCRISTINE_RESISTANCE_B_ALL_UP	-0.28733536186222014			
GSE2770_UNTREATED_VS_TGFB_AND_IL4_TREATED_ACT_CD4_TCELL_48H_DN	-0.2873514210251491			
SPIELMAN_LYMPHOBLAST_EUROPEAN_VS_ASIAN_2FC_DN	-0.28736028891716014			
GO_INHIBITORY_SYNAPSE_ASSEMBLY	-0.28736917880186025			
BIOCARTA_RHODOPSIN_PATHWAY	-0.2874061019200743			
MYCMAX_02	-0.28742337461127565			
REACTOME_APEX1_INDEPENDENT_RESOLUTION_OF_AP_SITES_VIA_THE_SINGLE_NUCLEOTIDE_REPLACEMENT_PATHWAY	-0.2874769528700378			
chr6p21	-0.28748143236768814			
GO_CYTOPLASMIC_EXOSOME_RNASE_COMPLEX	-0.2874866949716947			
ZNF555_TARGET_GENES	-0.2874984345679055			
GO_HISTONE_H3_K9_DEMETHYLATION	-0.287504047143363			
GO_TELOMERIC_D_LOOP_DISASSEMBLY	-0.28752849425034205			
MIR2682_5P	-0.28758620486687236			
SOX11_TARGET_GENES	-0.2876080468729661			
RLF_TARGET_GENES	-0.2876098735766903			
GO_PML_BODY	-0.287614922086337			
GSE24814_STAT5_KO_VS_WT_PRE_BCELL_DN	-0.2876313801003794			
GO_CENTRAL_ELEMENT	-0.28764969250346517			
BIOCARTA_STAT3_PATHWAY	-0.28771593876471957			
HOLLEMAN_VINCRISTINE_RESISTANCE_ALL_DN	-0.28773775976795346			
REACTOME_POTASSIUM_CHANNELS	-0.2877818828692599			
GSE22886_CD8_TCELL_VS_BCELL_NAIVE_UP	-0.28780437492062033			
GSE26669_CD4_VS_CD8_TCELL_IN_MLR_COSTIM_BLOCK_UP	-0.2878088172819486			
GO_INOSITOL_TETRAKISPHOSPHATE_PHOSPHATASE_ACTIVITY	-0.28782386933216353			
GO_DNA_INTEGRATION	-0.2878619865094035			
GSE24574_BCL6_HIGH_VS_LOW_TFH_CD4_TCELL_UP	-0.2879041973335161			
GO_REPLICATION_BORN_DOUBLE_STRAND_BREAK_REPAIR_VIA_SISTER_CHROMATID_EXCHANGE	-0.28792066910760544			
GSE42088_UNINF_VS_LEISHMANIA_INF_DC_4H_DN	-0.28793612095463195			
ATCTTGC_MIR31	-0.28799049515174635			
BIOCARTA_TCAPOPTOSIS_PATHWAY	-0.28809751756759117			
GSE10239_NAIVE_VS_KLRG1HIGH_EFF_CD8_TCELL_UP	-0.288102046331192			
GSE18893_TCONV_VS_TREG_24H_TNF_STIM_DN	-0.2881126226105598			
GO_POSITIVE_REGULATION_OF_PHOSPHOPROTEIN_PHOSPHATASE_ACTIVITY	-0.2881804576913175			
SPIELMAN_LYMPHOBLAST_EUROPEAN_VS_ASIAN_DN	-0.28819262993287803			
GO_POSITIVE_REGULATION_OF_DNA_TEMPLATED_TRANSCRIPTION_ELONGATION	-0.2882270828316026			
GO_STORE_OPERATED_CALCIUM_CHANNEL_ACTIVITY	-0.2882644107002177			
GO_PHOSPHORIC_DIESTER_HYDROLASE_ACTIVITY	-0.2882883473690955			
FERRANDO_T_ALL_WITH_MLL_ENL_FUSION_UP	-0.2883135064594689			
GO_INTERLEUKIN_17_PRODUCTION	-0.2884000229915692			
REACTOME_CELL_CYCLE	-0.2884199810076836			
GO_NEGATIVE_REGULATION_OF_PROTEIN_KINASE_ACTIVITY_BY_REGULATION_OF_PROTEIN_PHOSPHORYLATION	-0.28846519354269284			
GSE27859_DC_VS_CD11C_INT_F480_HI_MACROPHAGE_UP	-0.28851568563767527			
GSE40666_UNTREATED_VS_IFNA_STIM_EFFECTOR_CD8_TCELL_90MIN_DN	-0.2885169856743065			
REACTOME_DEADENYLATION_DEPENDENT_MRNA_DECAY	-0.288534423506124			
GSE16266_LPS_VS_HEATSHOCK_AND_LPS_STIM_MEF_DN	-0.2885430213027448			
GO_MHC_CLASS_II_RECEPTOR_ACTIVITY	-0.2885875617594023			
GO_POSITIVE_REGULATION_OF_CENTRIOLE_REPLICATION	-0.2886506823632221			
MIR516B_5P	-0.2886941032020835			
IPA_H2AFX_UP	-0.28872026522065497			
GO_PICLN_SM_PROTEIN_COMPLEX	-0.2887218081351886			
REACTOME_DNA_REPLICATION	-0.2887323930532633			
GO_PEPTIDE_RECEPTOR_ACTIVITY	-0.2887375520017972			
GO_CELL_CELL_RECOGNITION	-0.28880894520388956			
KUMAR_TARGETS_OF_MLL_AF9_FUSION	-0.288810516452983			
GSE28737_FOLLICULAR_VS_MARGINAL_ZONE_BCELL_BCL6_HET_UP	-0.28881505519904505			
GSE36476_CTRL_VS_TSST_ACT_16H_MEMORY_CD4_TCELL_YOUNG_UP	-0.28886230448658123			
GO_NEGATIVE_REGULATION_OF_RNA_CATABOLIC_PROCESS	-0.2888896810320274			
GSE42088_2H_VS_24H_LEISHMANIA_INF_DC_UP	-0.28891296752649415			
REACTOME_SYNTHESIS_OF_PIPS_AT_THE_LATE_ENDOSOME_MEMBRANE	-0.28892182355125345			
IPA_KDM6B_DN	-0.2889501711754167			
BENPORATH_ES_2	-0.28900654726838904			
GO_NEGATIVE_REGULATION_OF_NEUTROPHIL_ACTIVATION	-0.28901210597908883			
JIANG_CORE_DUPLICON_GENES	-0.28901997512181105			
GO_DNA_REPLICATION_FACTOR_A_COMPLEX	-0.28904168095390365			
REACTOME_TRNA_PROCESSING_IN_THE_NUCLEUS	-0.28913039649648575			
REACTOME_RMTS_METHYLATE_HISTONE_ARGININES	-0.28913110357704125			
GO_EXORIBONUCLEASE_COMPLEX	-0.2891511666656817			
WORSCHECH_TUMOR_REJECTION_UP	-0.28919054021012286			
GSE14415_NATURAL_TREG_VS_TCONV_DN	-0.2891944177549699			
GSE18791_UNSTIM_VS_NEWCATSLE_VIRUS_DC_2H_DN	-0.28919984232594437			
GO_RNA_POLYMERASE_II_CORE_COMPLEX	-0.2892037319861343			
GO_INTERLEUKIN_2_BIOSYNTHETIC_PROCESS	-0.28921156844438356			
GO_REGULATION_OF_CYTOKINE_PRODUCTION_INVOLVED_IN_IMMUNE_RESPONSE	-0.2892482154508141			
GSE24142_EARLY_THYMIC_PROGENITOR_VS_DN3_THYMOCYTE_ADULT_DN	-0.28925341215700906			
GO_SIN3_COMPLEX	-0.2893457657536914			
MIR4457	-0.28935074913140607			
GSE22886_CTRL_VS_LPS_24H_DC_UP	-0.28935968858351746			
ZHOU_CELL_CYCLE_GENES_IN_IR_RESPONSE_6HR	-0.28937597177542257			
REACTOME_CLASS_C_3_METABOTROPIC_GLUTAMATE_PHEROMONE_RECEPTORS	-0.28940266397985615			
chr1q23	-0.2894085442788851			
GO_REGULATION_OF_MYELOID_DENDRITIC_CELL_ACTIVATION	-0.28941075449239856			
REACTOME_RNA_POLYMERASE_II_TRANSCRIPTION	-0.28941579754108054			
MIR3945	-0.28943547393155805			
REACTOME_FCGR_ACTIVATION	-0.2895079887855385			
GO_INTERFERON_GAMMA_MEDIATED_SIGNALING_PATHWAY	-0.2895303492867471			
MIR6795_5P	-0.289545211753544			
GO_INTERLEUKIN_12_BIOSYNTHETIC_PROCESS	-0.2895550460075685			
GO_HETEROCHROMATIN_ASSEMBLY	-0.28959072682341325			
IPA_GATA5_UP	-0.28963429086449605			
GAVIN_FOXP3_TARGETS_CLUSTER_T7	-0.2896670302182181			
ICHIBA_GRAFT_VERSUS_HOST_DISEASE_35D_UP	-0.2896825799949			
GSE18281_CORTICAL_THYMOCYTE_VS_WHOLE_CORTEX_THYMUS_DN	-0.2897582752671825			
GO_NEGATIVE_REGULATION_OF_DENDRITIC_CELL_DIFFERENTIATION	-0.28976966431915			
GO_REGULATION_OF_SYNAPTIC_VESICLE_FUSION_TO_PRESYNAPTIC_ACTIVE_ZONE_MEMBRANE	-0.28980336939192775			
GSE10239_MEMORY_VS_KLRG1HIGH_EFF_CD8_TCELL_UP	-0.2898317671982171			
GSE22611_UNSTIM_VS_2H_MDP_STIM_MUTANT_NOD2_TRANSDUCED_HEK293T_CELL_DN	-0.2898542824313677			
REACTOME_DISEASES_OF_IMMUNE_SYSTEM	-0.2898589457824991			
GRAHAM_NORMAL_QUIESCENT_VS_NORMAL_DIVIDING_DN	-0.2899002179199436			
MIR6804_5P	-0.2899096244459789			
REACTOME_INTERACTIONS_OF_REV_WITH_HOST_CELLULAR_PROTEINS	-0.28993746774889784			
GSE21670_STAT3_KO_VS_WT_CD4_TCELL_UP	-0.2899936524002301			
BIOCARTA_TH1TH2_PATHWAY	-0.29008583548985273			
BIOCARTA_TERC_PATHWAY	-0.2901034040194478			
GO_PEPTIDE_ANTIGEN_BINDING	-0.2901118361369168			
GSE25123_CTRL_VS_IL4_AND_ROSIGLITAZONE_STIM_MACROPHAGE_DN	-0.2902366140174936			
GO_LIPOPOLYSACCHARIDE_MEDIATED_SIGNALING_PATHWAY	-0.2902481019232558			
GSE17974_CTRL_VS_ACT_IL4_AND_ANTI_IL12_2H_CD4_TCELL_UP	-0.2902749936118825			
REACTOME_DUAL_INCISION_IN_TC_NER	-0.290287497278063			
GSE14000_UNSTIM_VS_4H_LPS_DC_TRANSLATED_RNA_UP	-0.2903011217941011			
MCM3_TARGET_GENES	-0.29032153077293243			
GO_TOLL_LIKE_RECEPTOR_SIGNALING_PATHWAY	-0.29038353686398527			
GSE17974_0H_VS_0.5H_IN_VITRO_ACT_CD4_TCELL_UP	-0.2903883999151139			
MIR1324	-0.29039454085254673			
GO_HIGH_VOLTAGE_GATED_CALCIUM_CHANNEL_ACTIVITY	-0.2904719761463838			
BIOCARTA_BARRESTIN_PATHWAY	-0.290476018989968			
GO_TRYPTOPHAN_METABOLIC_PROCESS	-0.29047916844309024			
GSE19888_CTRL_VS_TCELL_MEMBRANES_ACT_MAST_CELL_PRETREAT_A3R_INH_DN	-0.29050043302014106			
GO_DIAPEDESIS	-0.29053684610926106			
MIR6745	-0.290537821727362			
GO_PROTEIN_ADP_RIBOSYLASE_ACTIVITY	-0.29054433419709175			
VERHAAK_GLIOBLASTOMA_PRONEURAL	-0.29055249854350546			
COLLIS_PRKDC_REGULATORS	-0.2905869037149174			
STARK_PREFRONTAL_CORTEX_22Q11_DELETION_UP	-0.2907328921987857			
GSE17974_CTRL_VS_ACT_IL4_AND_ANTI_IL12_4H_CD4_TCELL_DN	-0.290743269325342			
GO_POSITIVE_REGULATION_OF_CIRCADIAN_SLEEP_WAKE_CYCLE_SLEEP	-0.29074754705943584			
REACTOME_RUNX3_REGULATES_IMMUNE_RESPONSE_AND_CELL_MIGRATION	-0.2907525549070715			
GO_REGULATION_OF_ANTIGEN_PROCESSING_AND_PRESENTATION	-0.2907541844580299			
GO_TUMOR_NECROSIS_FACTOR_BIOSYNTHETIC_PROCESS	-0.2907632021970458			
WUNDER_INFLAMMATORY_RESPONSE_AND_CHOLESTEROL_DN	-0.29077292588047415			
GSE10273_LOW_IL7_VS_HIGH_IL7_AND_IRF4_IN_IRF4_8_NULL_PRE_BCELL_UP	-0.29078093454084936			
REACTOME_CDC6_ASSOCIATION_WITH_THE_ORC_ORIGIN_COMPLEX	-0.2908117714307377			
IPA_HNRNPK_UP	-0.2908297787648716			
GSE24972_WT_VS_IRF8_KO_SPLEEN_FOLLICULAR_BCELL_UP	-0.2908420521802232			
GO_HYDROLASE_ACTIVITY_ACTING_ON_CARBON_NITROGEN_BUT_NOT_PEPTIDE_BONDS_IN_LINEAR_AMIDES	-0.2908560994383344			
GO_CARDIAC_CHAMBER_FORMATION	-0.29086668609760374			
GSE14350_TREG_VS_TEFF_IN_IL2RB_KO_UP	-0.29089591548843774			
GSE5679_CTRL_VS_PPARG_LIGAND_ROSIGLITAZONE_TREATED_DC_UP	-0.2909255436143224			
GO_MULTICELLULAR_ORGANISM_AGING	-0.2909444612789605			
GO_PHOSPHATIDYLINOSITOL_3_5_BISPHOSPHATE_3_PHOSPHATASE_ACTIVITY	-0.29096746541331825			
GO_TRNA_METABOLIC_PROCESS	-0.29101537224363266			
GO_NUCLEOTIDE_EXCISION_REPAIR	-0.29103620019697357			
GO_TORC1_SIGNALING	-0.29109829907026175			
GO_7SK_SNRNA_BINDING	-0.2911597798457618			
GO_REGULATION_OF_COHESIN_LOADING	-0.29117731488731213			
AACYNNNNTTCCS_UNKNOWN	-0.2911837165142617			
GO_RESPONSE_TO_POTASSIUM_ION	-0.29123539618668814			
IPA_KAT5_UP	-0.29131187580814927			
GSE7596_AKT_TRANSD_VS_CTRL_CD4_TCONV_WITH_TGFB_UP	-0.29135068934265873			
GO_NORADRENERGIC_NEURON_DIFFERENTIATION	-0.2913976829357039			
GSE8921_UNSTIM_VS_TLR1_2_STIM_MONOCYTE_3H_UP	-0.2914532745592514			
GO_TELOMERE_LOCALIZATION	-0.2914640890470943			
IPA_NRL_DN	-0.29146973512419044			
GSE5503_LIVER_DC_VS_SPLEEN_DC_ACTIVATED_ALLOGENIC_TCELL_DN	-0.2914793245503555			
GO_NUCLEOSIDE_METABOLIC_PROCESS	-0.2914948350874278			
GO_DNA_REPLICATION_INDEPENDENT_NUCLEOSOME_ORGANIZATION	-0.29154186351699585			
GSE7568_CTRL_VS_3H_TGFB_TREATED_MACROPHAGES_WITH_IL4_AND_DEXAMETHASONE_DN	-0.29154357041767043			
MIR490_3P	-0.2915438936719071			
GSE7509_FCGRIIB_VS_TNFA_IL1B_IL6_PGE_STIM_DC_DN	-0.291579921906899			
GO_REGULATION_OF_CALCIUM_MEDIATED_SIGNALING	-0.2916235732392474			
GSE21927_UNTREATED_VS_GMCSF_IL6_TREATED_BONE_MARROW_DN	-0.2916748266564423			
GO_RESPONSE_TO_ANTIMETABOLITE	-0.29173448849060996			
GO_CATALYTIC_COMPLEX	-0.2917426353965129			
GO_PATTERN_RECOGNITION_RECEPTOR_SIGNALING_PATHWAY	-0.2917991137394938			
PID_RAC1_REG_PATHWAY	-0.29182208865580594			
GO_ACETYLCHOLINE_RECEPTOR_ACTIVITY	-0.2918318677754814			
GO_POSITIVE_REGULATION_OF_LYMPHOCYTE_MIGRATION	-0.2919133734546824			
GO_ATP_GATED_ION_CHANNEL_ACTIVITY	-0.2920065883572128			
GSE16266_CTRL_VS_LPS_STIM_MEF_DN	-0.29205793093791893			
GSE23505_UNTREATED_VS_4DAY_IL6_IL1_TGFB_TREATED_CD4_TCELL_UP	-0.29206409797841815			
GSE19401_RETINOIC_ACID_VS_RETINOIC_ACID_AND_PAM2CSK4_STIM_FOLLICULAR_DC_DN	-0.29207841023991993			
GO_MLL1_2_COMPLEX	-0.2920864553320371			
GO_RHYTHMIC_BEHAVIOR	-0.2920905242650227			
GO_REGULATION_OF_ANTIGEN_PROCESSING_AND_PRESENTATION_OF_PEPTIDE_ANTIGEN	-0.2921496209936046			
GO_PEPTIDYL_LYSINE_DEACETYLATION	-0.29216828449663895			
CYCLIN_D1_KE_.V1_DN	-0.2921691361793724			
MIR4428	-0.29221242409284054			
REACTOME_RUNX3_REGULATES_BCL2L11_BIM_TRANSCRIPTION	-0.2922263946759265			
REACTOME_APOPTOSIS_INDUCED_DNA_FRAGMENTATION	-0.2922486379986486			
GO_REGULATION_OF_TOLL_LIKE_RECEPTOR_SIGNALING_PATHWAY	-0.2922853164446363			
IVANOVA_HEMATOPOIESIS_EARLY_PROGENITOR	-0.29232085727348617			
GO_POSITIVE_REGULATION_OF_NUCLEOBASE_CONTAINING_COMPOUND_METABOLIC_PROCESS	-0.29233524012339157			
GO_3_5_EXODEOXYRIBONUCLEASE_ACTIVITY	-0.2923535366554705			
REACTOME_NUCLEOTIDE_EXCISION_REPAIR	-0.29237346286843097			
GO_NUCLEAR_TRANSCRIBED_MRNA_CATABOLIC_PROCESS	-0.2923865547487682			
GSE21063_WT_VS_NFATC1_KO_8H_ANTI_IGM_STIM_BCELL_DN	-0.29241062371124327			
GO_T_CELL_APOPTOTIC_PROCESS	-0.2924627016245731			
MIR4324	-0.29247598400751446			
GO_POSITIVE_REGULATION_OF_MITOTIC_SISTER_CHROMATID_SEGREGATION	-0.2924848611355804			
GO_TELOMERE_CAPPING	-0.2924986282758184			
GO_PROTEIN_SUMOYLATION	-0.2925031102040489			
GO_RESPONSE_TO_LIGHT_INTENSITY	-0.2925174018394135			
GSE13229_MATURE_VS_INTMATURE_NKCELL_DN	-0.2925181986992235			
REACTOME_INTERLEUKIN_12_SIGNALING	-0.2925568805685927			
GSE37301_HEMATOPOIETIC_STEM_CELL_VS_GRAN_MONO_PROGENITOR_UP	-0.2926003889054875			
GO_RIBONUCLEOPROTEIN_COMPLEX	-0.29265777044822167			
GO_REGULATION_OF_DNA_REPLICATION	-0.2926914566062636			
GSE25088_CTRL_VS_ROSIGLITAZONE_STIM_MACROPHAGE_UP	-0.29270939157579795			
GSE17721_0.5H_VS_4H_CPG_BMDC_UP	-0.2927396883275593			
GSE23925_DARK_ZONE_VS_NAIVE_BCELL_UP	-0.2927727331556183			
GSE20500_CTRL_VS_RARA_ANTAGONIST_TREATED_CD4_TCELL_UP	-0.292792054463493			
GO_DNA_LIGATION	-0.29279869634540456			
GSE26669_CTRL_VS_COSTIM_BLOCK_MLR_CD8_TCELL_DN	-0.2928212421580449			
RACCACAR_AML_Q6	-0.29282897403563346			
chr19p12	-0.29287082937619996			
GO_PHOSPHATIDYLINOSITOL_3_KINASE_COMPLEX	-0.2929070601448854			
GSE1432_CTRL_VS_IFNG_6H_MICROGLIA_UP	-0.2929082755851379			
GO_ADA2_GCN5_ADA3_TRANSCRIPTION_ACTIVATOR_COMPLEX	-0.29295581747109833			
MIR4298	-0.2930941024982648			
BIOCARTA_BBCELL_PATHWAY	-0.29309720303198544			
GSE22140_GERMFREE_VS_SPF_ARTHRITIC_MOUSE_CD4_TCELL_DN	-0.29312586784072175			
GO_REGULATION_OF_MULTI_ORGANISM_PROCESS	-0.2931421290816151			
GSE14350_IL2RB_KO_VS_WT_TEFF_UP	-0.2931573680379123			
KAT5_TARGET_GENES	-0.29319180704404535			
GO_PONS_DEVELOPMENT	-0.29325104531541923			
MIR382_5P	-0.29326326567184796			
IPA_IRF4_DN	-0.2933189013400713			
GSE7831_CPG_VS_INFLUENZA_STIM_PDC_1H_UP	-0.2933199990134859			
GSE24671_CTRL_VS_SENDAI_VIRUS_INFECTED_MOUSE_SPLENOCYTES_UP	-0.29336332691945			
WEBER_METHYLATED_HCP_IN_SPERM_UP	-0.2933921545228323			
MIR4713_5P	-0.29340243225371565			
GO_SNRNA_METABOLIC_PROCESS	-0.2934193164575357			
GO_CATALYTIC_STEP_1_SPLICEOSOME	-0.29350354094086595			
GSE21360_NAIVE_VS_TERTIARY_MEMORY_CD8_TCELL_UP	-0.2935427567583379			
GSE24634_TREG_VS_TCONV_POST_DAY3_IL4_CONVERSION_UP	-0.2935441562669727			
BIOCARTA_PLK3_PATHWAY	-0.29357016730599017			
GO_CATION_CHANNEL_ACTIVITY	-0.29358027955751836			
GO_BRAINSTEM_DEVELOPMENT	-0.2936405204623268			
REACTOME_DNA_REPLICATION_INITIATION	-0.2936615233028358			
GSE4984_GALECTIN1_VS_VEHICLE_CTRL_TREATED_DC_UP	-0.29367242419893985			
GO_POSITIVE_REGULATION_OF_CELL_CYCLE_CHECKPOINT	-0.2937412300870073			
IPA_TFCP2_UP	-0.29374937853453525			
IPA_PEG3_UP	-0.293768519589945			
GSE32423_IL7_VS_IL7_IL4_NAIVE_CD8_TCELL_DN	-0.2938622679604513			
GO_STRAND_INVASION	-0.29388232187102187			
REACTOME_DAG_AND_IP3_SIGNALING	-0.2939322866819928			
TCOF1_TARGET_GENES	-0.29396726850623456			
REACTOME_NONSENSE_MEDIATED_DECAY_NMD	-0.2940415503027932			
GSE46606_UNSTIM_VS_CD40L_IL2_IL5_1DAY_STIMULATED_IRF4_KO_BCELL_UP	-0.2942247289090013			
GO_NEGATIVE_REGULATION_OF_MRNA_PROCESSING	-0.29425023700637815			
GO_SNRNA_3_END_PROCESSING	-0.29426931587086924			
WEBER_METHYLATED_HCP_IN_FIBROBLAST_DN	-0.29428111623355974			
GSE339_EX_VIVO_VS_IN_CULTURE_CD4POS_DC_UP	-0.294283662723124			
GSE20715_0H_VS_48H_OZONE_TLR4_KO_LUNG_UP	-0.294299895068565			
GO_POSITIVE_REGULATION_OF_INTERLEUKIN_8_BIOSYNTHETIC_PROCESS	-0.2943554627649074			
GSE15659_NAIVE_CD4_TCELL_VS_RESTING_TREG_UP	-0.2943670627065772			
GSE19401_PLN_VS_PEYERS_PATCH_FOLLICULAR_DC_UP	-0.2943715457762959			
SA_CASPASE_CASCADE	-0.29437750957611775			
ZNF766_TARGET_GENES	-0.2944335570613813			
ZNF404_TARGET_GENES	-0.294450247808911			
GO_DEADENYLATION_DEPENDENT_DECAPPING_OF_NUCLEAR_TRANSCRIBED_MRNA	-0.2944785302333097			
GO_LUMENAL_SIDE_OF_MEMBRANE	-0.2945050190157382			
GSE5142_HTERT_TRANSDUCED_VS_CTRL_CD8_TCELL_LATE_PASSAGE_CLONE_UP	-0.2945407580658971			
MIR6755_3P	-0.2945504434980831			
GO_DNA_SECONDARY_STRUCTURE_BINDING	-0.29456418164079795			
REACTOME_INTERLEUKIN_9_SIGNALING	-0.2946175826134125			
GO_CLATHRIN_SCULPTED_VESICLE	-0.2946925088590712			
GO_MAGNESIUM_DEPENDENT_PROTEIN_SERINE_THREONINE_PHOSPHATASE_ACTIVITY	-0.2947372657308398			
GSE27786_LSK_VS_NEUTROPHIL_DN	-0.2947834309502221			
GO_OXIDIZED_DNA_BINDING	-0.29479590939791217			
DCA_UP.V1_DN	-0.2948026287010504			
GO_REGULATION_OF_CHROMOSOME_SEGREGATION	-0.294839686325345			
GO_REGULATION_OF_DNA_DIRECTED_DNA_POLYMERASE_ACTIVITY	-0.29484709286197464			
WATANABE_ULCERATIVE_COLITIS_WITH_CANCER_DN	-0.2948966870401719			
GSE9988_ANTI_TREM1_VS_ANTI_TREM1_AND_LPS_MONOCYTE_UP	-0.2949266671532302			
GSE6092_UNSTIM_VS_IFNG_STIM_ENDOTHELIAL_CELL_DN	-0.29503235156323593			
GO_NEGATIVE_REGULATION_OF_TOLL_LIKE_RECEPTOR_SIGNALING_PATHWAY	-0.29505931416905734			
KEGG_ASTHMA	-0.2950716382436473			
GO_SAGA_TYPE_COMPLEX	-0.29507333259422636			
MIKKELSEN_MEF_ICP_WITH_H3K4ME3_AND_H3K27ME3	-0.2950865263987955			
GO_MARGINAL_ZONE_B_CELL_DIFFERENTIATION	-0.29509685344310066			
GO_POSITIVE_REGULATION_OF_INTERLEUKIN_13_PRODUCTION	-0.2951124337826449			
CGTCTTA_MIR208	-0.29524687538565236			
GSE17974_IL4_AND_ANTI_IL12_VS_UNTREATED_2H_ACT_CD4_TCELL_UP	-0.2952583898539129			
GO_POSITIVE_REGULATION_OF_GENE_EXPRESSION_EPIGENETIC	-0.29527035842998983			
GO_ACTIVATED_T_CELL_PROLIFERATION	-0.2953107558850998			
PID_RB_1PATHWAY	-0.2953266111268404			
GO_POSITIVE_REGULATION_OF_MHC_CLASS_I_BIOSYNTHETIC_PROCESS	-0.2953284260555366			
GO_POSITIVE_REGULATION_OF_DNA_METABOLIC_PROCESS	-0.2953878567556787			
GSE22886_TCELL_VS_BCELL_NAIVE_UP	-0.29547021692404385			
RNTCANNRNNYNATTW_UNKNOWN	-0.2954736764745512			
MIR4738_3P	-0.29549307473645675			
GO_PHOSPHATIDYLINOSITOL_METABOLIC_PROCESS	-0.2955121587019491			
OLF1_01	-0.29560820262577886			
GSE27241_WT_CTRL_VS_DIGOXIN_TREATED_RORGT_KO_CD4_TCELL_IN_TH17_POLARIZING_CONDITIONS_UP	-0.2956129069438611			
GO_ALPHA_DNA_POLYMERASE_PRIMASE_COMPLEX	-0.29572370133729			
GO_CELL_CYCLE_CHECKPOINT	-0.29572505226105605			
GSE10240_CTRL_VS_IL17_STIM_PRIMARY_BRONCHIAL_EPITHELIAL_CELLS_DN	-0.29572795217634235			
MIKKELSEN_NPC_WITH_LCP_H3K27ME3	-0.29575558761631826			
IPA_RB1_DN	-0.295784527605165			
MIKKELSEN_IPS_LCP_WITH_H3K27ME3	-0.2957884606494533			
REACTOME_REGULATION_OF_SIGNALING_BY_CBL	-0.2958723795012416			
GO_POSITIVE_REGULATION_OF_DOUBLE_STRAND_BREAK_REPAIR_VIA_NONHOMOLOGOUS_END_JOINING	-0.2959064673116774			
ISRE_01	-0.2959143768917754			
REACTOME_STAT5_ACTIVATION	-0.29594908731778685			
GO_DIACYLGLYCEROL_KINASE_ACTIVITY	-0.29595084438979646			
AML_Q6	-0.2959765267730091			
GSE3720_VD1_VS_VD2_GAMMADELTA_TCELL_WITH_LPS_STIM_DN	-0.29603635824281194			
GO_VCB_COMPLEX	-0.2960635712701833			
GO_CHROMATIN_REMODELING_AT_CENTROMERE	-0.29606744191360623			
MIR4264	-0.2960923954149542			
GO_HISTONE_H3_K27_DEMETHYLATION	-0.29609280858152504			
GO_HISTONE_DEMETHYLASE_ACTIVITY_H3_K27_SPECIFIC	-0.29609280858152504			
GO_DNA_BINDING_TRANSCRIPTION_REPRESSOR_ACTIVITY	-0.29609911866572236			
GO_TRNA_PROCESSING	-0.2961059111203051			
GO_REGULATION_OF_SPINDLE_CHECKPOINT	-0.2961362654510672			
MIR4430	-0.29619750205731254			
CEBPZ_TARGET_GENES	-0.29620463892887205			
GSE41087_WT_VS_FOXP3_MUT_ANTI_CD3_CD28_STIM_CD4_TCELL_UP	-0.2962113481900019			
GSE15659_NAIVE_VS_PTPRC_NEG_CD4_TCELL_UP	-0.2962775674714594			
GSE7768_OVA_WITH_LPS_VS_OVA_WITH_MPL_IMMUNIZED_MOUSE_WHOLE_SPLEEN_6H_UP	-0.2963157847016901			
GSE17301_CTRL_VS_48H_ACD3_ACD28_IFNA5_STIM_CD8_TCELL_DN	-0.2963240102868234			
GSE22886_CD4_TCELL_VS_BCELL_NAIVE_UP	-0.29632444643596395			
GSE15330_WT_VS_IKAROS_KO_LYMPHOID_MULTIPOTENT_PROGENITOR_DN	-0.29632602491358767			
GO_KINETOCHORE	-0.2963859738431024			
GO_LUMENAL_SIDE_OF_ENDOPLASMIC_RETICULUM_MEMBRANE	-0.2963912746728457			
IPA_IRF7_DN	-0.2964345971004052			
GSE13547_CTRL_VS_ANTI_IGM_STIM_BCELL_2H_UP	-0.29644196992218924			
GSE4590_SMALL_VS_VPREB_POS_LARGE_PRE_BCELL_UP	-0.29644350568619054			
GO_NCRNA_3_END_PROCESSING	-0.2964480719816679			
MORI_MATURE_B_LYMPHOCYTE_DN	-0.29645745131974915			
GO_POSITIVE_REGULATION_OF_CD4_POSITIVE_ALPHA_BETA_T_CELL_ACTIVATION	-0.296523691406641			
REACTOME_PI_METABOLISM	-0.2965809205218418			
GO_POSITIVE_REGULATION_OF_SISTER_CHROMATID_COHESION	-0.29658116593457295			
GO_FOUR_WAY_JUNCTION_DNA_BINDING	-0.2966264944402629			
MIR185_5P	-0.2966452019317064			
REACTOME_VIRAL_MESSENGER_RNA_SYNTHESIS	-0.2966461700374699			
GSE360_CTRL_VS_M_TUBERCULOSIS_DC_UP	-0.2966914088855628			
IPA_SIN3B_DN	-0.2967341901062133			
GSE25085_FETAL_LIVER_VS_ADULT_BM_SP4_THYMIC_IMPLANT_UP	-0.29674026390531133			
GO_REGULATION_OF_ARP2_3_COMPLEX_MEDIATED_ACTIN_NUCLEATION	-0.2967622762855279			
GO_CHEMOKINE_BINDING	-0.2967772238878558			
GSE27786_CD8_TCELL_VS_NKTCELL_UP	-0.29681132014218714			
WHITFIELD_CELL_CYCLE_G1_S	-0.29684028711389393			
GSE6259_FLT3L_INDUCED_33D1_POS_DC_VS_BCELL_DN	-0.29689632035438246			
BILBAN_B_CLL_LPL_UP	-0.2969284990639629			
REACTOME_INTERLEUKIN_7_SIGNALING	-0.296935008755246			
GO_HISTONE_H3_DEACETYLATION	-0.2969930963416534			
GSE15735_CTRL_VS_HDAC_INHIBITOR_TREATED_CD4_TCELL_2H_DN	-0.2969961187991705			
GO_REGULATION_OF_RESPIRATORY_BURST	-0.2969977697195557			
REACTOME_ROLE_OF_PHOSPHOLIPIDS_IN_PHAGOCYTOSIS	-0.29699817438259657			
BALLIF_DEVELOPMENTAL_DISABILITY_P16_P12_DELETION	-0.2970057595420233			
GO_ENDODEOXYRIBONUCLEASE_ACTIVITY_PRODUCING_5_PHOSPHOMONOESTERS	-0.29701277387746766			
ACAACCT_MIR453	-0.297051475753821			
GSE10239_MEMORY_VS_DAY4.5_EFF_CD8_TCELL_DN	-0.2970982385780765			
FINAK_BREAST_CANCER_SDPP_SIGNATURE	-0.29710757277525524			
GO_DIACYLGLYCEROL_BINDING	-0.29712426573760176			
GSE14308_INDUCED_VS_NATURAL_TREG_DN	-0.297151263852283			
GSE28408_LY6G_POS_VS_NEG_DC_DN	-0.29719156342291936			
GSE41867_NAIVE_VS_DAY15_LCMV_EFFECTOR_CD8_TCELL_DN	-0.29723452378648985			
PID_HIV_NEF_PATHWAY	-0.2973007500482671			
GO_SNRNP_BINDING	-0.2973084823730105			
MARZEC_IL2_SIGNALING_DN	-0.29733556718495086			
ACTWSNACTNY_UNKNOWN	-0.297354263875249			
REACTOME_NUCLEAR_IMPORT_OF_REV_PROTEIN	-0.2973736182746371			
GO_NEGATIVE_REGULATION_OF_LEUKOCYTE_DIFFERENTIATION	-0.29737719452280587			
REACTOME_SUMOYLATION_OF_DNA_METHYLATION_PROTEINS	-0.2973878800511528			
CACGTTT_MIR302A	-0.2974203048609677			
MIR6887_5P	-0.29748739017323417			
GO_MHC_PROTEIN_COMPLEX	-0.2974898613330693			
REACTOME_FCGAMMA_RECEPTOR_FCGR_DEPENDENT_PHAGOCYTOSIS	-0.2975098383583923			
IRF5_TARGET_GENES	-0.2975370615393844			
IPA_GTF2H1_DN	-0.2975476067008192			
ADCYAP1_TARGET_GENES	-0.29757144991045853			
GO_TACHYKININ_RECEPTOR_SIGNALING_PATHWAY	-0.2976451692853274			
GO_CTF18_RFC_LIKE_COMPLEX	-0.2976637085236288			
PID_TCR_RAS_PATHWAY	-0.29768881856987456			
GO_NEGATIVE_REGULATION_OF_MRNA_SPLICING_VIA_SPLICEOSOME	-0.29768922960359806			
MORI_IMMATURE_B_LYMPHOCYTE_DN	-0.29771350137058106			
GO_NEGATIVE_REGULATION_OF_EXCITATORY_POSTSYNAPTIC_POTENTIAL	-0.2977227711423571			
GO_PHOSPHATIDYLINOSITOL_PHOSPHORYLATION	-0.2977305492707381			
GSE11864_CSF1_PAM3CYS_VS_CSF1_IFNG_PAM3CYS_IN_MAC_DN	-0.2977375053133169			
GSE39820_CTRL_VS_TGFBETA3_IL6_IL23A_CD4_TCELL_UP	-0.29775369365003707			
GSE411_UNSTIM_VS_400MIN_IL6_STIM_SOCS3_KO_MACROPHAGE_UP	-0.2977554255296488			
GO_DRUG_BINDING	-0.29776810490492855			
GO_REGULATION_OF_NEURON_MATURATION	-0.297875719715057			
GARY_CD5_TARGETS_DN	-0.29788037378859283			
GSE21063_WT_VS_NFATC1_KO_8H_ANTI_IGM_STIM_BCELL_UP	-0.29788320613096225			
MATHEW_FANCONI_ANEMIA_GENES	-0.297888929993397			
GSE27786_CD4_TCELL_VS_MONO_MAC_UP	-0.29791696510614385			
GO_POST_MRNA_RELEASE_SPLICEOSOMAL_COMPLEX	-0.297929447733046			
GO_POSITIVE_REGULATION_OF_TRANSCRIPTION_ELONGATION_FROM_RNA_POLYMERASE_II_PROMOTER	-0.2979695479361066			
NAGY_TFTC_COMPONENTS_HUMAN	-0.29804008000844956			
GSE10422_WT_VS_BAFF_TRANSGENIC_LN_BCELL_UP	-0.29805806291705433			
GO_REGULATION_OF_NUCLEAR_TRANSCRIBED_MRNA_POLY_A_TAIL_SHORTENING	-0.29806077724499874			
ETS1_B	-0.2980901019056241			
GREENBAUM_E2A_TARGETS_DN	-0.29809411678459735			
REACTOME_TRANSCRIPTIONAL_REGULATION_BY_SMALL_RNAS	-0.2982588967904003			
GO_MITOTIC_DNA_REPLICATION	-0.29828197585900357			
GSE360_L_MAJOR_VS_B_MALAYI_LOW_DOSE_MAC_DN	-0.2982945241905664			
ZNF584_TARGET_GENES	-0.2984283713839358			
GO_POSITIVE_REGULATION_OF_INTERFERON_ALPHA_PRODUCTION	-0.2984543254442094			
GO_TRANSCRIPTION_DEPENDENT_TETHERING_OF_RNA_POLYMERASE_II_GENE_DNA_AT_NUCLEAR_PERIPHERY	-0.2984812837887606			
SHANK_TAL1_TARGETS_DN	-0.29849508432943933			
GO_REGULATION_OF_CELL_MATURATION	-0.29850222162849244			
GO_POSITIVE_REGULATION_OF_PROTEIN_LOCALIZATION_TO_CELL_SURFACE	-0.29851351771602247			
GSE2405_0H_VS_9H_A_PHAGOCYTOPHILUM_STIM_NEUTROPHIL_DN	-0.2985215481770769			
GO_MRNA_METHYLTRANSFERASE_ACTIVITY	-0.2985282075999919			
BERTUCCI_MEDULLARY_VS_DUCTAL_BREAST_CANCER_UP	-0.298529080492497			
GO_ESTABLISHMENT_OF_LYMPHOCYTE_POLARITY	-0.2985344140831464			
GSE11973_MIR223_KOVS_WT_BONE_MARROW_NEUTROPHIL_UP	-0.29859211315767703			
GO_NEGATIVE_REGULATION_OF_NF_KAPPAB_TRANSCRIPTION_FACTOR_ACTIVITY	-0.29861070549235785			
MIR451A	-0.29861891373627575			
GSE17974_1.5H_VS_72H_IL4_AND_ANTI_IL12_ACT_CD4_TCELL_UP	-0.2986414386497203			
STEGMEIER_PREMITOTIC_CELL_CYCLE_REGULATORS	-0.2986943141498173			
KEGG_CELL_CYCLE	-0.2986973491475079			
GO_AU_RICH_ELEMENT_BINDING	-0.29869840662756164			
GSE26928_NAIVE_VS_CENT_MEMORY_CD4_TCELL_UP	-0.29870617455008935			
GO_RESPONSE_TO_AMPHETAMINE	-0.29872972857271207			
REACTOME_NONHOMOLOGOUS_END_JOINING_NHEJ	-0.298759091456184			
GO_LEUKOCYTE_ADHESION_TO_VASCULAR_ENDOTHELIAL_CELL	-0.2988024812485059			
GSE8685_IL15_ACT_IL2_STARVED_VS_IL21_ACT_IL2_STARVED_CD4_TCELL_DN	-0.2988148476298927			
GSE13522_CTRL_VS_T_CRUZI_Y_STRAIN_INF_SKIN_IFNAR_KO_UP	-0.29884835646964075			
IPA_HES1_DN	-0.2988840492848041			
GO_POSITIVE_REGULATION_OF_B_CELL_RECEPTOR_SIGNALING_PATHWAY	-0.29891753983525843			
GO_NEGATIVE_REGULATION_OF_B_CELL_APOPTOTIC_PROCESS	-0.29897987239943796			
GSE7460_CD8_TCELL_VS_CD4_TCELL_ACT_UP	-0.298981148638135			
GSE15930_STIM_VS_STIM_AND_IFNAB_48H_CD8_T_CELL_UP	-0.29898589691145977			
SCHUHMACHER_MYC_TARGETS_DN	-0.29903398553965194			
SHIN_B_CELL_LYMPHOMA_CLUSTER_2	-0.299043455251129			
GO_OXIDOREDUCTASE_ACTIVITY_ACTING_ON_NAD_P_H_OXYGEN_AS_ACCEPTOR	-0.2991126290419828			
GSE2770_TGFB_AND_IL4_VS_IL12_TREATED_ACT_CD4_TCELL_48H_DN	-0.2991215400506871			
GO_PRE_MRNA_BINDING	-0.2991278963088859			
IPA_KLF3_UP	-0.29914590401475544			
MIR1276	-0.29917090610742253			
GSE27241_CTRL_VS_DIGOXIN_TREATED_CD4_TCELL_IN_TH17_POLARIZING_CONDITIONS_UP	-0.2992175150385562			
MIR5092	-0.2993034189501831			
PID_EPO_PATHWAY	-0.29933771919034313			
IPA_LITAF_DN	-0.29935474374749443			
GAVIN_IL2_RESPONSIVE_FOXP3_TARGETS_UP	-0.2994033501791604			
GO_TELOMERE_ORGANIZATION	-0.299442021064341			
IPA_NEUROD4_UP	-0.29946929938251243			
GO_TRANSCRIPTIONALLY_ACTIVE_CHROMATIN	-0.299504697073535			
GO_CYTOKINE_PRODUCTION_INVOLVED_IN_INFLAMMATORY_RESPONSE	-0.29952589699247667			
SYED_ESTRADIOL_RESPONSE	-0.29959987268497745			
REACTOME_G1_S_SPECIFIC_TRANSCRIPTION	-0.29960385862894584			
GSE5589_LPS_AND_IL10_VS_LPS_AND_IL6_STIM_IL6_KO_MACROPHAGE_45MIN_UP	-0.29960784792672024			
GSE25088_ROSIGLITAZONE_VS_IL4_AND_ROSIGLITAZONE_STIM_STAT6_KO_MACROPHAGE_DAY10_UP	-0.29965212838369687			
BIOCARTA_BARR_MAPK_PATHWAY	-0.2996551906650881			
IPA_STAT6_DN	-0.29968074252137267			
GSE11924_TH1_VS_TH2_CD4_TCELL_UP	-0.29969523225134215			
GSE339_CD8POS_VS_CD4CD8DN_DC_IN_CULTURE_DN	-0.2997502559994893			
YY1_Q6	-0.29983872551723606			
GSE3982_BCELL_VS_TH2_UP	-0.299849604764207			
BOHN_PRIMARY_IMMUNODEFICIENCY_SYNDROM_DN	-0.2998536212020337			
GSE26669_CD4_VS_CD8_TCELL_IN_MLR_COSTIM_BLOCK_DN	-0.299866339549478			
GO_IMMUNOGLOBULIN_SECRETION	-0.29989745252027605			
GSE17721_POLYIC_VS_CPG_2H_BMDC_UP	-0.2999540156440476			
XU_GH1_EXOGENOUS_TARGETS_DN	-0.2999605062068979			
GO_PURINE_NUCLEOSIDE_MONOPHOSPHATE_BIOSYNTHETIC_PROCESS	-0.29997728384476746			
GSE1460_INTRATHYMIC_T_PROGENITOR_VS_CD4_THYMOCYTE_UP	-0.29998276690826836			
GSE23695_CD57_POS_VS_NEG_NK_CELL_UP	-0.30000472347489865			
DIAZ_CHRONIC_MEYLOGENOUS_LEUKEMIA_DN	-0.30002546718016065			
GCCATNTTG_YY1_Q6	-0.30003053504111055			
GO_REGULATION_OF_INOSITOL_PHOSPHATE_BIOSYNTHETIC_PROCESS	-0.30003749188536016			
GSE360_L_DONOVANI_VS_B_MALAYI_HIGH_DOSE_DC_DN	-0.3000527078944462			
GSE5589_UNSTIM_VS_45MIN_LPS_AND_IL6_STIM_MACROPHAGE_UP	-0.3001153365287442			
GO_PROTEIN_KINASE_A_BINDING	-0.30021228076822454			
GSE2770_TGFB_AND_IL4_VS_IL12_TREATED_ACT_CD4_TCELL_2H_UP	-0.3002133655591001			
GSE10273_HIGH_VS_LOW_IL7_TREATED_IRF4_8_NULL_PRE_BCELL_DN	-0.30021503947554984			
GO_DETECTION_OF_LIGHT_STIMULUS	-0.30021514052444725			
MIR491_3P	-0.3002929092189818			
DAIRKEE_CANCER_PRONE_RESPONSE_BPA_E2	-0.3003073320619589			
GO_REGULATION_OF_CYTOPLASMIC_MRNA_PROCESSING_BODY_ASSEMBLY	-0.3003083848556862			
ACTAYRNNNCCCR_UNKNOWN	-0.3003108245858046			
GSE29164_UNTREATED_VS_CD8_TCELL_TREATED_MELANOMA_DAY7_UP	-0.30034463545500883			
IPA_TCF12_DN	-0.3003580618822825			
GO_LIPID_KINASE_ACTIVITY	-0.3003626795292163			
GSE7852_THYMUS_VS_FAT_TREG_UP	-0.3003833315967888			
GSE5589_WT_VS_IL6_KO_LPS_STIM_MACROPHAGE_180MIN_DN	-0.3004035559797179			
GSE17721_LPS_VS_POLYIC_8H_BMDC_DN	-0.3004463068789417			
GSE40068_BCL6_POS_VS_NEG_CXCR5_POS_TFH_DN	-0.30047835646474585			
GO_POSITIVE_REGULATION_OF_CYTOKINE_PRODUCTION_INVOLVED_IN_INFLAMMATORY_RESPONSE	-0.300482558026375			
GO_HISTONE_H3_K9_ACETYLATION	-0.3005387074452098			
GO_TELOMERIC_LOOP_DISASSEMBLY	-0.3005727243424199			
KEGG_SYSTEMIC_LUPUS_ERYTHEMATOSUS	-0.3005821193043086			
GO_POSITIVE_REGULATION_OF_CELL_PROLIFERATION_IN_BONE_MARROW	-0.3006243408446519			
GO_3_UTR_MEDIATED_MRNA_STABILIZATION	-0.300684507969723			
REACTOME_HIV_INFECTION	-0.30082282440304486			
GO_MITOTIC_SISTER_CHROMATID_SEGREGATION	-0.30089343282308445			
REACTOME_RNA_POLYMERASE_I_TRANSCRIPTION_INITIATION	-0.30094925231926256			
ZWANG_TRANSIENTLY_UP_BY_2ND_EGF_PULSE_ONLY	-0.30096483825526726			
KEGG_RNA_DEGRADATION	-0.30099581452442636			
MIR4644	-0.3010552072125721			
REACTOME_TRNA_PROCESSING	-0.3010698832875526			
GCNP_SHH_UP_EARLY.V1_UP	-0.3010820296791405			
HAHTOLA_MYCOSIS_FUNGOIDES_CD4_DN	-0.3010855181610144			
MIR211_3P	-0.301287691139486			
GO_MEIOSIS_II_CELL_CYCLE_PROCESS	-0.30130231837531174			
GSE8685_IL2_ACT_IL2_STARVED_VS_IL15_ACT_IL2_STARVED_CD4_TCELL_UP	-0.3013502799922635			
HOLLEMAN_DAUNORUBICIN_ALL_UP	-0.3013681380385118			
GSE2770_IL12_VS_TGFB_AND_IL12_TREATED_ACT_CD4_TCELL_6H_DN	-0.30139070693296294			
GO_POLY_A_PLUS_MRNA_EXPORT_FROM_NUCLEUS	-0.3013985549575144			
REACTOME_ACETYLCHOLINE_BINDING_AND_DOWNSTREAM_EVENTS	-0.30144117157219724			
GSE27786_CD4_TCELL_VS_NKCELL_UP	-0.3014516689154359			
GSE11386_NAIVE_VS_MEMORY_BCELL_DN	-0.30146938745247187			
GSE22886_UNSTIM_VS_STIM_MEMORY_TCELL_UP	-0.3016079968576281			
GO_B_CELL_PROLIFERATION_INVOLVED_IN_IMMUNE_RESPONSE	-0.3016367081491854			
GO_NEGATIVE_REGULATION_OF_IMMUNE_RESPONSE	-0.3016423800409311			
GSE36527_CD62L_HIGH_CD69_NEG_VS_CD62L_LOW_CD69_POS_TREG_KLRG1_NEG_DN	-0.3016695603415361			
PID_FANCONI_PATHWAY	-0.3016899386703395			
GSE17721_PAM3CSK4_VS_GADIQUIMOD_2H_BMDC_DN	-0.30176271081268			
GO_CENTRAL_NERVOUS_SYSTEM_MATURATION	-0.3017873232429972			
GSE29614_CTRL_VS_DAY7_TIV_FLU_VACCINE_PBMC_DN	-0.30179260263525826			
BIOCARTA_BARD1_PATHWAY	-0.30179345020113635			
GO_POSITIVE_REGULATION_OF_ISOTYPE_SWITCHING_TO_IGA_ISOTYPES	-0.30181727088515764			
GSE43863_DAY6_EFF_VS_DAY150_MEM_TH1_CD4_TCELL_DN	-0.3018182448804538			
GSE32423_IL7_VS_IL7_IL4_MEMORY_CD8_TCELL_DN	-0.3018236552092183			
GO_PHOSPHATIDYLINOSITOL_PHOSPHATE_KINASE_ACTIVITY	-0.30189927351971074			
GSE2770_TGFB_AND_IL4_VS_IL4_TREATED_ACT_CD4_TCELL_6H_UP	-0.3019237638015988			
FUNG_IL2_TARGETS_WITH_STAT5_BINDING_SITES_T1	-0.3019255042753796			
BIOCARTA_GATA3_PATHWAY	-0.301952533325985			
GO_NEGATIVE_REGULATION_OF_TRANSLATIONAL_INITIATION	-0.3019707184515525			
IPA_TP53BP2_DN	-0.30203782701513493			
GSE35825_UNTREATED_VS_IFNA_STIM_MACROPHAGE_UP	-0.3020474232527954			
GO_POSITIVE_REGULATION_OF_HYPERSENSITIVITY	-0.30209325492048966			
GSE14415_TCONV_VS_FOXP3_KO_INDUCED_TREG_UP	-0.3021121609279316			
GO_MHC_CLASS_II_PROTEIN_COMPLEX_BINDING	-0.30217272232219644			
GO_CARDIAC_VENTRICLE_FORMATION	-0.30217465474406663			
KEGG_TASTE_TRANSDUCTION	-0.3021856736325668			
GSE23505_UNTREATED_VS_4DAY_IL6_IL1_IL23_TREATED_CD4_TCELL_UP	-0.3022433664242836			
CHIARETTI_ACUTE_LYMPHOBLASTIC_LEUKEMIA_ZAP70	-0.30225783430210673			
BIOCARTA_BARRESTIN_SRC_PATHWAY	-0.3022683231013077			
GO_NCRNA_EXPORT_FROM_NUCLEUS	-0.3022983635965243			
GO_REGULATION_OF_MAST_CELL_ACTIVATION	-0.3023120987973148			
ASXL2_TARGET_GENES	-0.30235977419084364			
GUTIERREZ_CHRONIC_LYMPHOCYTIC_LEUKEMIA_DN	-0.302374308959929			
GSE3982_MAST_CELL_VS_TH2_DN	-0.3023802175673199			
ODONNELL_TARGETS_OF_MYC_AND_TFRC_UP	-0.30242378334704473			
GO_U7_SNRNP	-0.30251325496698606			
GO_REGULATION_OF_DNA_TEMPLATED_TRANSCRIPTION_ELONGATION	-0.30252233466162626			
GSE7509_UNSTIM_VS_IFNA_STIM_IMMATURE_DC_DN	-0.3025321715403973			
GO_HISTONE_H4_K20_METHYLATION	-0.3025331662324706			
MIR598_5P	-0.30254615210259755			
DEURIG_T_CELL_PROLYMPHOCYTIC_LEUKEMIA_DN	-0.30266854443513186			
GO_CLATHRIN_SCULPTED_MONOAMINE_TRANSPORT_VESICLE	-0.3026699911099376			
GSE27291_0H_VS_6H_STIM_GAMMADELTA_TCELL_UP	-0.30268038864453234			
GO_CONDENSED_CHROMOSOME_CENTROMERIC_REGION	-0.30286022641397264			
GSE22886_UNSTIM_VS_IL15_STIM_NKCELL_UP	-0.30294881940562446			
GO_DNA_BINDING_TRANSCRIPTION_FACTOR_ACTIVITY_RNA_POLYMERASE_II_SPECIFIC	-0.30295973156000994			
GO_CAJAL_BODY	-0.3029889401188131			
PID_P53_REGULATION_PATHWAY	-0.30299068481484953			
GSE23398_WT_VS_IL2_KO_CD4_TCELL_SCURFY_MOUSE_DN	-0.30300493476111606			
GO_POSITIVE_REGULATION_OF_BONE_DEVELOPMENT	-0.30300535004486046			
GO_DNA_REPLICATION_FACTOR_C_COMPLEX	-0.30301431715330995			
GSE5542_UNTREATED_VS_IFNA_AND_IFNG_TREATED_EPITHELIAL_CELLS_6H_UP	-0.30306767911857113			
GO_HISTONE_DEMETHYLASE_ACTIVITY_H3_K9_SPECIFIC	-0.3030806312542897			
GO_REGULATION_OF_INTESTINAL_ABSORPTION	-0.30309364691249185			
GO_REGULATION_OF_SISTER_CHROMATID_SEGREGATION	-0.3031341267629977			
GSE14308_TH1_VS_NATURAL_TREG_DN	-0.30315015701078496			
GSE13522_WT_VS_IFNG_KO_SKING_T_CRUZI_Y_STRAIN_INF_DN	-0.30315865346136645			
GSE2197_CPG_DNA_VS_UNTREATED_IN_DC_DN	-0.3031678739471464			
AGGAGTG_MIR483	-0.30316841371835845			
GO_DYNEIN_COMPLEX_BINDING	-0.3031808039888664			
GO_RNA_INTERFERENCE	-0.3032273791019947			
GO_SH2_DOMAIN_BINDING	-0.3032300553495692			
GSE11961_FOLLICULAR_BCELL_VS_PLASMA_CELL_DAY7_DN	-0.30323855205747047			
MIR1229_5P	-0.30335621014246666			
GSE18791_CTRL_VS_NEWCASTLE_VIRUS_DC_2H_UP	-0.3033631186499402			
GO_NEGATIVE_REGULATION_OF_PRODUCTION_OF_MOLECULAR_MEDIATOR_OF_IMMUNE_RESPONSE	-0.30340689792046655			
GSE26030_TH1_VS_TH17_DAY5_POST_POLARIZATION_DN	-0.30342311783779036			
GSE339_EX_VIVO_VS_IN_CULTURE_CD4CD8DN_DC_UP	-0.30342420221440813			
GO_FEMALE_MEIOSIS_CHROMOSOME_SEGREGATION	-0.3034286208703882			
PID_CMYB_PATHWAY	-0.3035042139392145			
IPA_HOPX_UP	-0.30352629141716514			
IPA_RPA2_UP	-0.3035988696796052			
GO_IMP_BIOSYNTHETIC_PROCESS	-0.3036029658676955			
GO_ANAPHASE_PROMOTING_COMPLEX_BINDING	-0.3036223465180456			
REACTOME_PHASE_0_RAPID_DEPOLARISATION	-0.30364835582026284			
GSE20152_HTNFA_OVERXPRESS_ANKLE_VS_CTRL_SPHK1_KO_ANKLE_DN	-0.3036748309590223			
GO_NEGATIVE_REGULATION_OF_LEUKOCYTE_MEDIATED_CYTOTOXICITY	-0.30370291311037606			
GO_CYCLIC_NUCLEOTIDE_PHOSPHODIESTERASE_ACTIVITY	-0.30371644764258937			
CROONQUIST_IL6_DEPRIVATION_DN	-0.3037837164116026			
chrXq25	-0.3037949989112174			
GSE24726_WT_VS_E2_2_KO_PDC_DAY6_POST_DELETION_UP	-0.30386241190054597			
MIR628_3P	-0.30387296440146766			
GO_CELL_PROLIFERATION_IN_BONE_MARROW	-0.3039389510119005			
REACTOME_HIGHLY_CALCIUM_PERMEABLE_NICOTINIC_ACETYLCHOLINE_RECEPTORS	-0.304015022232411			
BIOCARTA_BAD_PATHWAY	-0.30405960791138364			
PARK_HSC_MARKERS	-0.30408099470499317			
MIR138_2_3P	-0.3041031749851665			
GSE17974_CTRL_VS_ACT_IL4_AND_ANTI_IL12_0.5H_CD4_TCELL_DN	-0.30410843244414804			
IPA_ATOH1_UP	-0.30411319689539523			
GSE17721_LPS_VS_GARDIQUIMOD_24H_BMDC_UP	-0.3041361197251998			
GO_MRNA_3_END_PROCESSING_BY_STEM_LOOP_BINDING_AND_CLEAVAGE	-0.3041716187642717			
GO_REGULATION_OF_T_CELL_MEDIATED_CYTOTOXICITY	-0.3042252195006928			
GO_NEGATIVE_REGULATION_OF_NUCLEOBASE_CONTAINING_COMPOUND_METABOLIC_PROCESS	-0.304229214513506			
ZHAN_MULTIPLE_MYELOMA_CD1_VS_CD2_DN	-0.3042323088718116			
IPA_POU2F2_UP	-0.30423543169189354			
KAUFFMANN_MELANOMA_RELAPSE_UP	-0.30426590101086953			
GO_SPLICEOSOMAL_TRI_SNRNP_COMPLEX	-0.3043917569466689			
GO_NEGATIVE_REGULATION_OF_LIPOPOLYSACCHARIDE_MEDIATED_SIGNALING_PATHWAY	-0.3044315094822727			
MIR7851_3P	-0.30448455221526555			
GO_NUCLEAR_MATRIX	-0.30450856999461023			
MIR4632_5P	-0.3045179380923754			
BONOME_OVARIAN_CANCER_POOR_SURVIVAL_DN	-0.30454761418339005			
REACTOME_VOLTAGE_GATED_POTASSIUM_CHANNELS	-0.30464895970015143			
CROONQUIST_NRAS_SIGNALING_UP	-0.3046552489312834			
BIOCARTA_SM_PATHWAY	-0.3046755333780114			
GSE11864_UNTREATED_VS_CSF1_IFNG_IN_MAC_UP	-0.3047044854267739			
MIR7843_5P	-0.30470899749895497			
GO_TRNA_MODIFICATION	-0.30473327254401805			
GO_RNA_LOCALIZATION	-0.30474688245599435			
KEGG_HOMOLOGOUS_RECOMBINATION	-0.30475716691117566			
GO_DEFENSE_RESPONSE_TO_OTHER_ORGANISM	-0.3047875018835314			
GSE40441_NRP1_POS_INDUCED_TREG_VS_NRP1_NEG_NATURAL_TREG_DN	-0.304793762785312			
GO_POLYPHOSPHATE_METABOLIC_PROCESS	-0.30487733515379584			
BANDRES_RESPONSE_TO_CARMUSTIN_WITHOUT_MGMT_48HR_UP	-0.30488348425027473			
GO_RESPONSE_TO_ATP	-0.3049213686751891			
GSE31082_DN_VS_CD4_SP_THYMOCYTE_DN	-0.304995645675395			
GSE38697_LIGHT_ZONE_VS_DARK_ZONE_BCELL_UP	-0.30501081160005156			
GSE22432_MULTIPOTENT_PROGENITOR_VS_PDC_UP	-0.3050404609811863			
GO_MRNA_EDITING_COMPLEX	-0.3050816711273742			
GO_NEGATIVE_REGULATION_OF_CELL_ACTIVATION	-0.30512197268405516			
REACTOME_CD209_DC_SIGN_SIGNALING	-0.3051845887675285			
GO_POSITIVE_REGULATION_OF_T_CELL_RECEPTOR_SIGNALING_PATHWAY	-0.3052065377734569			
GO_POSITIVE_REGULATION_OF_INTERFERON_GAMMA_SECRETION	-0.30522961692570727			
GARCIA_TARGETS_OF_FLI1_AND_DAX1_DN	-0.3052308339044988			
GO_GENETIC_IMPRINTING	-0.3052644289796338			
IPA_BCL6_DN	-0.30526507202131			
MIR4319	-0.30530342820339207			
BIOCARTA_THELPER_PATHWAY	-0.3053203477059009			
BIOCARTA_ARF_PATHWAY	-0.3053402253219426			
GSE17721_POLYIC_VS_GARDIQUIMOD_12H_BMDC_UP	-0.3053613713578857			
GO_NEGATIVE_REGULATION_OF_INTERFERON_ALPHA_PRODUCTION	-0.3053800453225552			
GO_ANTIGEN_PROCESSING_AND_PRESENTATION_OF_PEPTIDE_ANTIGEN	-0.30542488448412125			
GO_RESPONSE_TO_AMMONIUM_ION	-0.30544595329460467			
GSE40274_CTRL_VS_SATB1_TRANSDUCED_ACTIVATED_CD4_TCELL_UP	-0.3054863342081446			
GO_NEGATIVE_REGULATION_OF_SMOOTH_MUSCLE_CELL_CHEMOTAXIS	-0.3055153810843746			
MIR1197	-0.30557836320690157			
ELK1_01	-0.30558337848400474			
GO_NSL_COMPLEX	-0.3055920689277717			
IPA_EP400_UP	-0.30560927181948705			
GO_NEGATIVE_REGULATION_OF_CIRCADIAN_RHYTHM	-0.30574618080494026			
GTACAGG_MIR486	-0.3057721478776381			
GSE41176_UNSTIM_VS_ANTI_IGM_STIM_TAK1_KO_BCELL_24H_UP	-0.3057768592192123			
IPA_DAXX_UP	-0.3058536723042437			
IPA_GABPA_DN	-0.3058847020700807			
GO_EXONUCLEASE_ACTIVITY_ACTIVE_WITH_EITHER_RIBO_OR_DEOXYRIBONUCLEIC_ACIDS_AND_PRODUCING_5_PHOSPHOMONOESTERS	-0.30593466791952306			
GSE13306_TREG_VS_TCONV_DN	-0.30596476836914904			
GO_NEGATIVE_REGULATION_OF_INTERLEUKIN_6_BIOSYNTHETIC_PROCESS	-0.30597695193164365			
GSE31622_WT_VS_KLF3_KO_BCELL_DN	-0.30598026661789096			
BIOCARTA_TCYTOTOXIC_PATHWAY	-0.30599215283601355			
GO_NUCLEOSOME_BINDING	-0.3059922574422631			
TEL2_Q6	-0.3059949922597702			
GO_MEIOTIC_CELL_CYCLE_PROCESS	-0.30599929449775976			
GO_POSITIVE_REGULATION_OF_METHYLATION_DEPENDENT_CHROMATIN_SILENCING	-0.30603548982286227			
REACTOME_RUNX1_AND_FOXP3_CONTROL_THE_DEVELOPMENT_OF_REGULATORY_T_LYMPHOCYTES_TREGS	-0.30605335167276987			
PID_CD8_TCR_DOWNSTREAM_PATHWAY	-0.3060761506106709			
GSE37301_LYMPHOID_PRIMED_MPP_VS_CD4_TCELL_DN	-0.306211647244533			
KEGG_RNA_POLYMERASE	-0.3062235011675569			
MIR4476	-0.3062405498354701			
GSE17721_LPS_VS_GARDIQUIMOD_2H_BMDC_DN	-0.30626194535440393			
GSE2770_TGFB_AND_IL4_ACT_VS_ACT_CD4_TCELL_6H_UP	-0.30628230523029804			
MIR4768_3P	-0.30629477956224			
MIR616_5P	-0.30629618643189405			
chr17q23	-0.3063190286141119			
GSE16450_IMMATURE_VS_MATURE_NEURON_CELL_LINE_12H_IFNA_STIM_UP	-0.3063215107051761			
GO_MEMBRANE_RAFT_LOCALIZATION	-0.30632907822380656			
GO_SMALL_PROTEIN_ACTIVATING_ENZYME_BINDING	-0.30633103626914804			
MIR4786_5P	-0.30634030606013585			
GO_SPLICEOSOMAL_CONFORMATIONAL_CHANGES_TO_GENERATE_CATALYTIC_CONFORMATION	-0.3064071098676664			
GO_DNA_CYTOSINE_DEAMINATION	-0.30641567626717797			
GO_INTRA_S_DNA_DAMAGE_CHECKPOINT	-0.3064392848641997			
GO_MHC_CLASS_I_BIOSYNTHETIC_PROCESS	-0.30647461303206575			
PID_IL8_CXCR2_PATHWAY	-0.3064840116610657			
MIR1260A_MIR1260B	-0.30649372494299226			
GO_SHELTERIN_COMPLEX	-0.30654457100145993			
MGGAAGTG_GABP_B	-0.30655597093932685			
HSD17B8_TARGET_GENES	-0.3065602901886582			
GO_UBIQUITIN_LIKE_PROTEIN_CONJUGATING_ENZYME_ACTIVITY	-0.30657515749371345			
GO_MITOTIC_G2_M_TRANSITION_CHECKPOINT	-0.3066079692443043			
chr1q24	-0.3066175639074087			
GO_PRECATALYTIC_SPLICEOSOME	-0.3066592234136092			
GSE36392_TYPE_2_MYELOID_VS_MAC_IL25_TREATED_LUNG_DN	-0.3066975927144634			
GSE35543_IN_VIVO_NTREG_VS_IN_VITRO_ITREG_DN	-0.3067612773407387			
GSE12839_CTRL_VS_IL12_TREATED_PBMC_DN	-0.3068675470209882			
GO_MYOSIN_LIGHT_CHAIN_BINDING	-0.30697385781849257			
GO_PYRIMIDINE_NUCLEOTIDE_CATABOLIC_PROCESS	-0.30699147552168937			
REACTOME_ERYTHROPOIETIN_ACTIVATES_PHOSPHOLIPASE_C_GAMMA_PLCG	-0.3070171819706839			
GO_FLAP_ENDONUCLEASE_ACTIVITY	-0.30701945732096664			
GO_UBIQUITIN_LIKE_PROTEIN_SPECIFIC_PROTEASE_ACTIVITY	-0.3070333431732446			
KEGG_NUCLEOTIDE_EXCISION_REPAIR	-0.3070521996335163			
GO_PHOSPHATIDYLINOSITOL_PHOSPHATE_PHOSPHATASE_ACTIVITY	-0.3070611168579164			
GSE2770_IL12_AND_TGFB_VS_IL4_TREATED_ACT_CD4_TCELL_48H_DN	-0.3071131407203756			
GSE15735_CTRL_VS_HDAC_INHIBITOR_TREATED_CD4_TCELL_2H_UP	-0.30713271256061536			
GSE13493_DP_VS_CD8POS_THYMOCYTE_UP	-0.3071627978401235			
GO_PRODUCTION_OF_SMALL_RNA_INVOLVED_IN_GENE_SILENCING_BY_RNA	-0.307180172765614			
BASSO_HAIRY_CELL_LEUKEMIA_DN	-0.307192303855868			
GSE11057_PBMC_VS_MEM_CD4_TCELL_DN	-0.3072105338396587			
GO_REGULATION_OF_HISTONE_MODIFICATION	-0.3072432986574053			
WHITEFORD_PEDIATRIC_CANCER_MARKERS	-0.3072502949427296			
GO_U1_SNRNP_BINDING	-0.30725051675071596			
GSE27786_NKTCELL_VS_NEUTROPHIL_UP	-0.30730503972987455			
GO_MEDIATOR_COMPLEX	-0.3073351020266785			
REACTOME_CD28_CO_STIMULATION	-0.3074191452370619			
ZHAN_MULTIPLE_MYELOMA_CD2_UP	-0.3074258009402504			
GO_IMP_METABOLIC_PROCESS	-0.30742774283686486			
GSE27786_LIN_NEG_VS_NEUTROPHIL_UP	-0.307443280605288			
GSE21033_3H_VS_12H_POLYIC_STIM_DC_UP	-0.30745498721484255			
GSE37416_0H_VS_3H_F_TULARENSIS_LVS_NEUTROPHIL_UP	-0.30746908563214803			
LIANG_HEMATOPOIESIS_STEM_CELL_NUMBER_SMALL_VS_HUGE_DN	-0.30747462877459925			
GSE13547_WT_VS_ZFX_KO_BCELL_ANTI_IGM_STIM_2H_DN	-0.30751310602459053			
REACTOME_TRANSCRIPTIONAL_REGULATION_OF_GRANULOPOIESIS	-0.3075474054012843			
MIR139_3P	-0.30755056579722145			
TCCCRNNRTGC_UNKNOWN	-0.3075784793800771			
COLLIS_PRKDC_SUBSTRATES	-0.30764247633238573			
GO_IMMUNE_EFFECTOR_PROCESS	-0.3076457251614585			
GO_PRESYNAPTIC_MODULATION_OF_CHEMICAL_SYNAPTIC_TRANSMISSION	-0.3076653191235022			
GSE37532_TREG_VS_TCONV_PPARG_KO_CD4_TCELL_FROM_LN_UP	-0.3077367213482252			
GO_RNA_POLYMERASE_COMPLEX	-0.3077379129163128			
MIR1913	-0.30775976375372444			
GO_LEUKOCYTE_TETHERING_OR_ROLLING	-0.30781669706743037			
REACTOME_PROCESSING_OF_INTRONLESS_PRE_MRNAS	-0.30782742311947897			
REACTOME_INHIBITION_OF_REPLICATION_INITIATION_OF_DAMAGED_DNA_BY_RB1_E2F1	-0.3078912445204513			
IPA_USF2_UP	-0.30789746810709956			
MIR5589_5P	-0.30790979768398263			
GO_INNATE_IMMUNE_RESPONSE	-0.3079437304353962			
GO_DNA_REPLICATION_DEPENDENT_NUCLEOSOME_ORGANIZATION	-0.3079529681745287			
GSE28726_ACT_CD4_TCELL_VS_ACT_VA24NEG_NKTCELL_DN	-0.30797570280026915			
WANG_RESPONSE_TO_GSK3_INHIBITOR_SB216763_DN	-0.3079810870770739			
IPA_KCNIP2_DN	-0.30802495390188			
GSE18281_MEDULLARY_THYMOCYTE_VS_WHOLE_MEDULLA_THYMUS_UP	-0.3080498369510693			
MIR519D_5P	-0.30805656559840494			
GO_TRANSLATION_INITIATION_FACTOR_BINDING	-0.3080614456744704			
GO_REGULATION_OF_ANTIGEN_PROCESSING_AND_PRESENTATION_OF_PEPTIDE_OR_POLYSACCHARIDE_ANTIGEN_VIA_MHC_CLASS_II	-0.3080788071630751			
GSE15271_CXCR4_POS_VS_NEG_GC_BCELL_DN	-0.30808040116380836			
BIOCARTA_HDAC_PATHWAY	-0.30811609243552185			
GO_HISTAMINE_PRODUCTION_INVOLVED_IN_INFLAMMATORY_RESPONSE	-0.3081253914663177			
GSE5679_CTRL_VS_RARA_AGONIST_AM580_TREATED_DC_UP	-0.3081508027996529			
GO_RNA_POLYMERASE_II_C_TERMINAL_DOMAIN_BINDING	-0.30817327667240113			
GO_T_HELPER_17_TYPE_IMMUNE_RESPONSE	-0.30824765055755554			
GO_IMMUNOGLOBULIN_BINDING	-0.3082576058223354			
PID_KIT_PATHWAY	-0.3082771792375021			
GO_3_5_EXONUCLEASE_ACTIVITY	-0.3083159731369414			
GO_SYNAPSIS	-0.30837356949499806			
YBX1_TARGET_GENES	-0.3084484436074875			
REACTOME_CTLA4_INHIBITORY_SIGNALING	-0.3085582344738609			
GO_REPLICATION_FORK_PROTECTION	-0.3086032723613873			
GSE13484_UNSTIM_VS_3H_YF17D_VACCINE_STIM_PBMC_UP	-0.30861540742001115			
GSE14769_UNSTIM_VS_80MIN_LPS_BMDM_UP	-0.3086609499772557			
FISCHER_DREAM_TARGETS	-0.30871062053207643			
GO_PEPTIDYL_LYSINE_TRIMETHYLATION	-0.30871613487841076			
REACTOME_REMOVAL_OF_THE_FLAP_INTERMEDIATE_FROM_THE_C_STRAND	-0.3087423428245079			
MIR4426	-0.3087713298752722			
MIR3652	-0.30878439011202624			
GO_MEMBRANE_RAFT_DISTRIBUTION	-0.3087916507291514			
MIR6858_5P	-0.3088227848532897			
GSE22443_IL2_VS_IL12_TREATED_ACT_CD8_TCELL_DN	-0.30885742589477566			
IPA_KLF3_DN	-0.30886189194749486			
MIR371B_5P	-0.308867045953027			
GO_SNRNA_PROCESSING	-0.3088897304509066			
GO_POSITIVE_REGULATION_OF_MUSCLE_ADAPTATION	-0.3088899070031418			
MIR7845_5P	-0.3088978727558073			
GO_PHOSPHATIDYLINOSITOL_BISPHOSPHATE_KINASE_ACTIVITY	-0.3089215421639457			
GSE5099_CLASSICAL_M1_VS_ALTERNATIVE_M2_MACROPHAGE_UP	-0.3089392230658585			
GSE13484_UNSTIM_VS_YF17D_VACCINE_STIM_PBMC_UP	-0.30901010229289194			
GSE4984_LPS_VS_VEHICLE_CTRL_TREATED_DC_UP	-0.30901223373335496			
GSE12198_LOW_IL2_STIM_NK_CELL_VS_HIGH_IL2_STIM_NK_CELL_UP	-0.3090304814532102			
GSE29164_DAY3_VS_DAY7_CD8_TCELL_TREATED_MELANOMA_UP	-0.30904401623976036			
GSE29617_CTRL_VS_DAY3_TIV_FLU_VACCINE_PBMC_2008_UP	-0.30905419262737976			
GO_PURINERGIC_NUCLEOTIDE_RECEPTOR_SIGNALING_PATHWAY	-0.30912902943599324			
GSE45365_NK_CELL_VS_CD11B_DC_UP	-0.30916763432119565			
KEGG_FC_GAMMA_R_MEDIATED_PHAGOCYTOSIS	-0.30921034988208773			
TFDP2_TARGET_GENES	-0.30925529730798673			
REACTOME_ACTIVATION_OF_NOXA_AND_TRANSLOCATION_TO_MITOCHONDRIA	-0.3092749991975986			
GSE37532_TREG_VS_TCONV_PPARG_KO_CD4_TCELL_FROM_VISCERAL_ADIPOSE_TISSUE_DN	-0.3092948359825686			
GINESTIER_BREAST_CANCER_20Q13_AMPLIFICATION_DN	-0.30931792682175846			
IPA_DMTF1_UP	-0.3093405341614864			
GSE369_SOCS3_KO_VS_WT_LIVER_DN	-0.30939794630507855			
MA_MYELOID_DIFFERENTIATION_UP	-0.3094156170847147			
GO_CELLULAR_RESPONSE_TO_DNA_DAMAGE_STIMULUS	-0.3094316565005077			
GSE10239_NAIVE_VS_KLRG1INT_EFF_CD8_TCELL_UP	-0.3094494658427188			
GO_SPINDLE_MIDZONE_ASSEMBLY	-0.3094864802867116			
GSE10211_UV_INACT_SENDAI_VS_LIVE_SENDAI_VIRUS_TRACHEAL_EPITHELIAL_CELLS_UP	-0.3094910767600621			
GO_DEOXYCYTIDINE_DEAMINASE_ACTIVITY	-0.3095053163676854			
GO_TUMOR_NECROSIS_FACTOR_RECEPTOR_BINDING	-0.3095091026589421			
TERAO_AOX4_TARGETS_SKIN_DN	-0.309523345876464			
GO_REGULATION_OF_MAST_CELL_ACTIVATION_INVOLVED_IN_IMMUNE_RESPONSE	-0.3095239295882471			
GO_GLUTAMATE_RECEPTOR_ACTIVITY	-0.30955914194916373			
REACTOME_G_BETA_GAMMA_SIGNALLING_THROUGH_PI3KGAMMA	-0.3095612211645204			
GO_MALE_GAMETE_GENERATION	-0.3095641133239156			
GO_RESPONSE_TO_INTERLEUKIN_3	-0.30962994864258625			
REACTOME_ELEVATION_OF_CYTOSOLIC_CA2_LEVELS	-0.30963492900554124			
GO_CALCIUM_ION_TRANSMEMBRANE_IMPORT_INTO_CYTOSOL	-0.30964803218484865			
GSE2770_IL12_AND_TGFB_ACT_VS_ACT_CD4_TCELL_6H_UP	-0.30967623518458265			
REACTOME_G0_AND_EARLY_G1	-0.3096846267790656			
GO_TOLERANCE_INDUCTION	-0.30969472547038135			
GO_REGULATION_OF_FC_RECEPTOR_MEDIATED_STIMULATORY_SIGNALING_PATHWAY	-0.3097554373988971			
BIOCARTA_PAR1_PATHWAY	-0.30978405881181015			
GO_MITOTIC_RECOMBINATION	-0.309794465338551			
IPA_NFIL3_UP	-0.3098145059876759			
GO_CELLULAR_RESPONSE_TO_ALKALOID	-0.3098450696189181			
GSE360_CTRL_VS_T_GONDII_MAC_UP	-0.3098473402997262			
GO_INO80_TYPE_COMPLEX	-0.3099066204759885			
REACTOME_HDR_THROUGH_MMEJ_ALT_NHEJ	-0.3099240253749561			
GSE36527_CD62L_HIGH_CD69_NEG_VS_CD62L_LOW_CD69_POS_TREG_KLRG1_NEG_UP	-0.30995449288158744			
GO_PARENTAL_BEHAVIOR	-0.3099727242041426			
GSE3982_MAC_VS_NEUTROPHIL_LPS_STIM_DN	-0.3099944337122543			
REACTOME_HDACS_DEACETYLATE_HISTONES	-0.310019228507195			
GRAHAM_CML_DIVIDING_VS_NORMAL_DIVIDING_DN	-0.31002750042245053			
REACTOME_TRANSCRIPTION_OF_E2F_TARGETS_UNDER_NEGATIVE_CONTROL_BY_DREAM_COMPLEX	-0.3100494376329426			
GSE41867_DAY8_EFFECTOR_VS_DAY30_EXHAUSTED_CD8_TCELL_LCMV_CLONE13_DN	-0.31009197277351497			
MIR128_1_5P	-0.3100942143575285			
IPA_PAX8_UP	-0.31014481729746224			
GO_MITOTIC_SISTER_CHROMATID_COHESION	-0.3101848158667015			
GO_POSITIVE_REGULATION_OF_SPINDLE_CHECKPOINT	-0.31019957283954636			
GO_REGULATION_OF_GENE_SILENCING	-0.31026168660003356			
GSE2405_HEAT_KILLED_VS_LIVE_A_PHAGOCYTOPHILUM_STIM_NEUTROPHIL_9H_UP	-0.3102828925344002			
GO_HOMEOSTASIS_OF_NUMBER_OF_CELLS_WITHIN_A_TISSUE	-0.31033075114420244			
GSE15659_RESTING_TREG_VS_NONSUPPRESSIVE_TCELL_UP	-0.3104640221312439			
GSE28726_NAIVE_CD4_TCELL_VS_NAIVE_VA24NEG_NKTCELL_DN	-0.3104727573671413			
GO_NEGATIVE_REGULATION_OF_TELOMERE_MAINTENANCE_VIA_TELOMERE_LENGTHENING	-0.31052994373356635			
BIOCARTA_SRCRPTP_PATHWAY	-0.3105487377090316			
GO_POLYSACCHARIDE_DIGESTION	-0.3106093587819564			
GSE37416_CTRL_VS_3H_F_TULARENSIS_LVS_NEUTROPHIL_UP	-0.3106173864446416			
GSE36476_CTRL_VS_TSST_ACT_40H_MEMORY_CD4_TCELL_YOUNG_UP	-0.3106440462655557			
GO_ACTIN_POLYMERIZATION_DEPENDENT_CELL_MOTILITY	-0.31069279254075394			
BIOCARTA_ASBCELL_PATHWAY	-0.3108513655978692			
GO_ALPHA_BETA_T_CELL_PROLIFERATION	-0.3109655738362678			
GO_CELL_BODY_MEMBRANE	-0.310967382008445			
GSE7509_UNSTIM_VS_FCGRIIB_STIM_MONOCYTE_DN	-0.3110321870692129			
GSE21678_WT_VS_FOXO1_FOXO3_KO_TREG_DN	-0.31103638567275443			
GO_POSITIVE_REGULATION_OF_CYTOKINE_PRODUCTION	-0.3110728176629419			
GO_INTERLEUKIN_2_PRODUCTION	-0.3111068085376686			
GO_REGULATION_OF_MRNA_POLYADENYLATION	-0.31113505390803453			
SPIRA_SMOKERS_LUNG_CANCER_DN	-0.3111961310654412			
IPA_YBX1_DN	-0.3112189344563698			
IPA_SUB1_DN	-0.3112189344563698			
IPA_IRF5_DN	-0.3112189344563698			
GSE27786_CD4_TCELL_VS_ERYTHTROBLAST_UP	-0.3112655029056635			
GSE6259_FLT3L_INDUCED_DEC205_POS_DC_VS_BCELL_DN	-0.3112886497950292			
GSE2826_WT_VS_XID_BCELL_UP	-0.31136105937020997			
GSE15330_HSC_VS_MEGAKARYOCYTE_ERYTHROID_PROGENITOR_UP	-0.3114119351751903			
MIR7160_5P	-0.3114380955420289			
GO_RECEPTOR_SIGNALING_COMPLEX_ADAPTOR_ACTIVITY	-0.311461464634451			
NOTCH3_TARGET_GENES	-0.3114681962826695			
GO_RESPONSE_TO_HYDROXYUREA	-0.3114917649211879			
GO_NEGATIVE_REGULATION_OF_CHROMATIN_BINDING	-0.3115185063137067			
GO_MYD88_DEPENDENT_TOLL_LIKE_RECEPTOR_SIGNALING_PATHWAY	-0.31153133544438777			
GO_PHOSPHATIDYLINOSITOL_TRISPHOSPHATE_PHOSPHATASE_ACTIVITY	-0.31164760955024523			
GO_REGULATION_OF_CELL_CYCLE_CHECKPOINT	-0.31166744713290895			
GO_NUCLEOBASE_CONTAINING_COMPOUND_TRANSPORT	-0.31166873658858446			
MODY_HIPPOCAMPUS_PRENATAL	-0.3117123391025345			
BIOCARTA_DNAFRAGMENT_PATHWAY	-0.31178171913874475			
GO_NEGATIVE_REGULATION_OF_CHROMOSOME_SEGREGATION	-0.3117928280122401			
GO_DAMAGED_DNA_BINDING	-0.3117964194675708			
GO_LIPID_PHOSPHORYLATION	-0.31183820516861604			
GO_PROTEIN_DEMETHYLATION	-0.3119401048119276			
MIR373_5P	-0.31195711293197204			
GSE8621_UNSTIM_VS_LPS_PRIMED_UNSTIM_MACROPHAGE_DN	-0.31201640363357824			
MIR4329	-0.31203269055082494			
MIR5011_3P	-0.3120451936619139			
GSE6875_TCONV_VS_FOXP3_KO_TREG_UP	-0.3120794949441575			
GSE7764_IL15_NK_CELL_24H_VS_SPLENOCYTE_DN	-0.312113608513839			
GO_NEGATIVE_REGULATION_OF_INTERFERON_BETA_PRODUCTION	-0.312135974868647			
GO_POSITIVE_REGULATION_OF_FC_RECEPTOR_MEDIATED_STIMULATORY_SIGNALING_PATHWAY	-0.31215667275872655			
KEGG_TYPE_I_DIABETES_MELLITUS	-0.3122018579938127			
REACTOME_TNFS_BIND_THEIR_PHYSIOLOGICAL_RECEPTORS	-0.3122571371205723			
GSE3982_MAST_CELL_VS_NEUTROPHIL_DN	-0.31231333920063425			
GO_RNA_METHYLATION	-0.31232133588551825			
GO_REGULATION_OF_RELEASE_OF_SEQUESTERED_CALCIUM_ION_INTO_CYTOSOL	-0.3123241759814354			
GO_ADULT_HEART_DEVELOPMENT	-0.3123460368703456			
KEGG_VIRAL_MYOCARDITIS	-0.312347523555275			
MARTENS_TRETINOIN_RESPONSE_DN	-0.3123629144582844			
GO_POSITIVE_REGULATION_OF_MULTI_ORGANISM_PROCESS	-0.3123954878111466			
EGUCHI_CELL_CYCLE_RB1_TARGETS	-0.31245222367991343			
GSE19923_WT_VS_HEB_AND_E2A_KO_DP_THYMOCYTE_UP	-0.31245700927817094			
MIR3179	-0.3125334274382863			
GO_CONDENSIN_COMPLEX	-0.3125680733559194			
GSE21380_NON_TFH_VS_TFH_CD4_TCELL_DN	-0.3125732022495971			
GSE11057_CD4_CENT_MEM_VS_PBMC_UP	-0.31260075334044796			
GO_CELL_CYCLE_G1_S_PHASE_TRANSITION	-0.312626295358351			
GSE32164_RESTING_DIFFERENTIATED_VS_CMYC_INHIBITED_MACROPHAGE_DN	-0.31267416946004817			
GO_PHOSPHATIDYLINOSITOL_3_PHOSPHATE_BIOSYNTHETIC_PROCESS	-0.31270280176652687			
PEA3_Q6	-0.3127459026875761			
GSE19888_ADENOSINE_A3R_ACT_VS_TCELL_MEMBRANES_ACT_IN_MAST_CELL_DN	-0.31275552013951546			
GO_SEBACEOUS_GLAND_DEVELOPMENT	-0.3128277089830888			
GO_DNA_DEPENDENT_DNA_REPLICATION_MAINTENANCE_OF_FIDELITY	-0.31286884820726446			
GO_CELL_DIFFERENTIATION_INVOLVED_IN_PHENOTYPIC_SWITCHING	-0.31287518028312206			
GO_MITOTIC_DNA_REPLICATION_CHECKPOINT	-0.312905948019688			
GO_ADENYL_NUCLEOTIDE_BINDING	-0.3129454794278532			
GO_NATURAL_KILLER_CELL_DEGRANULATION	-0.31295195711774415			
GO_PROTEIN_MONOUBIQUITINATION	-0.31297007422189144			
GO_ENDONUCLEASE_ACTIVITY	-0.31297905600262294			
GO_MALE_MEIOTIC_NUCLEAR_DIVISION	-0.312992688777914			
GO_METHYL_CPG_BINDING	-0.3130331425839029			
GSE25123_ROSIGLITAZONE_VS_IL4_AND_ROSIGLITAZONE_STIM_PPARG_KO_MACROPHAGE_DAY10_DN	-0.3130764705593199			
SPIELMAN_LYMPHOBLAST_EUROPEAN_VS_ASIAN_UP	-0.3131023556402377			
GSE23568_ID3_TRANSDUCED_VS_ID3_KO_CD8_TCELL_DN	-0.3131055316604753			
GO_3_5_CYCLIC_AMP_PHOSPHODIESTERASE_ACTIVITY	-0.3131573165499227			
IPA_CIITA_UP	-0.3132311983761111			
GO_INTERFERON_BETA_PRODUCTION	-0.31323600534689433			
GSE24102_GRANULOCYSTIC_MDSC_VS_NEUTROPHIL_UP	-0.31323748908455185			
MIR6507_3P	-0.31326920694171023			
GO_DNA_CLAMP_LOADER_ACTIVITY	-0.3132948738689269			
GSE9946_LISTERIA_INF_MATURE_VS_PROSTAGLANDINE2_TREATED_MATURE_DC_UP	-0.3132959066920707			
GSE46606_IRF4HIGH_VS_WT_CD40L_IL2_IL5_DAY3_STIMULATED_BCELL_DN	-0.313312649318433			
GO_INTERLEUKIN_2_BINDING	-0.3133283726399186			
GO_REGULATION_OF_MITOTIC_CYTOKINESIS	-0.3133283787173142			
GO_DNA_METHYLATION_INVOLVED_IN_GAMETE_GENERATION	-0.3133759208539265			
MIR557	-0.3134382650324957			
WONG_ENDOMETRIAL_CANCER_LATE	-0.3134759438791006			
GSE17721_POLYIC_VS_PAM3CSK4_1H_BMDC_UP	-0.3134870049643313			
GSE28737_WT_VS_BCL6_HET_FOLLICULAR_BCELL_DN	-0.3135509097473837			
SRSF9_TARGET_GENES	-0.3135781411970901			
LI_INDUCED_T_TO_NATURAL_KILLER_DN	-0.31369486840505334			
GSE30962_ACUTE_VS_CHRONIC_LCMV_PRIMARY_INF_CD8_TCELL_UP	-0.31378432909100334			
GSE29614_CTRL_VS_TIV_FLU_VACCINE_PBMC_2007_DN	-0.3137975003367555			
MYLLYKANGAS_AMPLIFICATION_HOT_SPOT_17	-0.31380032150840614			
GSE28737_WT_VS_BCL6_KO_FOLLICULAR_BCELL_UP	-0.3138308217540382			
GO_PHOSPHOTYROSINE_RESIDUE_BINDING	-0.3138310368858346			
GO_ALPHA_BETA_T_CELL_RECEPTOR_COMPLEX	-0.31386487767899196			
GSE39382_IL3_VS_IL3_IL33_TREATED_MAST_CELL_UP	-0.3139914237186016			
GSE28726_ACT_CD4_TCELL_VS_ACT_NKTCELL_DN	-0.31405849592581125			
GO_BASAL_TRANSCRIPTION_MACHINERY_BINDING	-0.31407761317990845			
GO_HISTONE_MONOUBIQUITINATION	-0.31408354543088823			
IPA_RORA_UP	-0.314099620176167			
GSE22527_ANTI_CD3_INVIVO_VS_UNTREATED_MOUSE_TREG_DN	-0.3141293882964445			
MARTORIATI_MDM4_TARGETS_NEUROEPITHELIUM_DN	-0.31419749071001124			
MIR150_5P	-0.31420856034963185			
IPA_HDAC5_DN	-0.31429161923821103			
GO_TRANSMITTER_GATED_CHANNEL_ACTIVITY	-0.31431296200315884			
GO_CIRCADIAN_SLEEP_WAKE_CYCLE_NON_REM_SLEEP	-0.31447322468623307			
GO_DEMETHYLASE_ACTIVITY	-0.3144774534475948			
GSE27786_BCELL_VS_ERYTHROBLAST_UP	-0.31451111298247636			
GO_NEGATIVE_REGULATION_OF_MONOCYTE_DIFFERENTIATION	-0.31454560965059464			
ZNF197_TARGET_GENES	-0.3145549682350353			
GO_ISOTYPE_SWITCHING_TO_IGA_ISOTYPES	-0.31458535922106295			
GO_NEGATIVE_REGULATION_OF_METAPHASE_ANAPHASE_TRANSITION_OF_CELL_CYCLE	-0.31458844736885394			
GO_POLY_A_SPECIFIC_RIBONUCLEASE_ACTIVITY	-0.3146469559571917			
GSE34156_NOD2_LIGAND_VS_NOD2_AND_TLR1_TLR2_LIGAND_24H_TREATED_MONOCYTE_DN	-0.3146740204549181			
GSE25677_MPL_VS_R848_STIM_BCELL_UP	-0.3147050817970552			
REACTOME_RECOGNITION_OF_DNA_DAMAGE_BY_PCNA_CONTAINING_REPLICATION_COMPLEX	-0.31478182332668453			
GSE13738_RESTING_VS_BYSTANDER_ACTIVATED_CD4_TCELL_DN	-0.3147827304438422			
SHIPP_DLBCL_VS_FOLLICULAR_LYMPHOMA_DN	-0.3147975170491955			
GSE40274_CTRL_VS_FOXP3_AND_PBX1_TRANSDUCED_ACTIVATED_CD4_TCELL_UP	-0.3148154057278646			
GSE22886_IGM_MEMORY_BCELL_VS_BLOOD_PLASMA_CELL_UP	-0.3148284929686888			
GSE557_WT_VS_I_AB_KO_DC_DN	-0.31486380323703483			
GSE17721_CTRL_VS_PAM3CSK4_0.5H_BMDC_UP	-0.3148749721892693			
GSE37532_WT_VS_PPARG_KO_VISCERAL_ADIPOSE_TISSUE_TREG_UP	-0.31499498598743864			
PID_IL5_PATHWAY	-0.3150401865474087			
MYLLYKANGAS_AMPLIFICATION_HOT_SPOT_1	-0.315049444743272			
GO_INTERLEUKIN_4_MEDIATED_SIGNALING_PATHWAY	-0.31505057288668115			
GO_INTERLEUKIN_21_MEDIATED_SIGNALING_PATHWAY	-0.31509210070571014			
GO_LYSOSOME_LOCALIZATION	-0.3150947693412047			
REACTOME_PARASITE_INFECTION	-0.31512881777467067			
GO_PROTEIN_SERINE_THREONINE_KINASE_ACTIVATOR_ACTIVITY	-0.31513439551905015			
GO_GERM_CELL_DEVELOPMENT	-0.3152194293381106			
GO_POSITIVE_REGULATION_OF_CHROMATIN_SILENCING	-0.3153041718781329			
GSE44649_NAIVE_VS_ACTIVATED_CD8_TCELL_MIR155_KO_DN	-0.3154680868005838			
GO_MITOCHONDRIAL_DNA_REPAIR	-0.31561729937482247			
GSE27291_6H_VS_7D_STIM_GAMMADELTA_TCELL_DN	-0.31561873310232025			
GSE6090_UNSTIM_VS_DC_SIGN_STIM_DC_DN	-0.3156188534523075			
KEGG_BASE_EXCISION_REPAIR	-0.3156406556396842			
GSE32986_UNSTIM_VS_GMCSF_AND_CURDLAN_HIGHDOSE_STIM_DC_DN	-0.3156461861799543			
PID_BARD1_PATHWAY	-0.31567804378962544			
GSE2770_TGFB_AND_IL4_VS_IL12_TREATED_ACT_CD4_TCELL_6H_UP	-0.3157387739104706			
BIOCARTA_G2_PATHWAY	-0.3158090854140859			
GO_PROTEIN_DNA_COMPLEX_DISASSEMBLY	-0.31584525629044186			
GO_CENTROMERE_COMPLEX_ASSEMBLY	-0.31587014969544336			
GO_NEGATIVE_REGULATION_OF_RESPONSE_TO_BIOTIC_STIMULUS	-0.31590463041867894			
GO_MRNA_METHYLATION	-0.3159532675244012			
IPA_PLAG1_DN	-0.3160165921021953			
GO_LIGAND_GATED_ION_CHANNEL_ACTIVITY	-0.3160483345523082			
GSE17186_NAIVE_VS_CD21HIGH_TRANSITIONAL_BCELL_CORD_BLOOD_UP	-0.3160701453518108			
GSE32901_NAIVE_VS_TH17_NEG_CD4_TCELL_DN	-0.31613944885449513			
GSE9509_LPS_VS_LPS_AND_IL10_STIM_IL10_KO_MACROPHAGE_10MIN_DN	-0.31614327696947897			
GO_ACTIVATION_OF_INNATE_IMMUNE_RESPONSE	-0.3161482230246084			
GO_NUCLEOTIDE_EXCISION_REPAIR_DNA_GAP_FILLING	-0.3161619113720443			
REN_ALVEOLAR_RHABDOMYOSARCOMA_UP	-0.31627119185859504			
PID_TXA2PATHWAY	-0.3162721289386264			
GO_POSITIVE_REGULATION_OF_RESPIRATORY_BURST	-0.31631714853734944			
WANG_RESPONSE_TO_GSK3_INHIBITOR_SB216763_UP	-0.3163370166548382			
GSE22886_DC_VS_MONOCYTE_DN	-0.31647533318079923			
GSE10240_CTRL_VS_IL17_AND_IL22_STIM_PRIMARY_BRONCHIAL_EPITHELIAL_CELLS_UP	-0.31653714957609186			
GO_OOCYTE_DIFFERENTIATION	-0.31656772550773643			
GO_PARASPECKLES	-0.31660338082675277			
GSE369_PRE_VS_POST_IL6_INJECTION_IFNG_WT_LIVER_DN	-0.3166600026968018			
GO_LIGAND_GATED_CATION_CHANNEL_ACTIVITY	-0.3166985506140731			
GSE21033_CTRL_VS_POLYIC_STIM_DC_24H_UP	-0.31670734767264536			
GO_NATURAL_KILLER_CELL_ACTIVATION_INVOLVED_IN_IMMUNE_RESPONSE	-0.3167158163365222			
BIOCARTA_IL3_PATHWAY	-0.3167495487526673			
GO_MRNA_TRANSPORT	-0.31675375184422444			
GO_REGULATION_OF_RESPONSE_TO_BIOTIC_STIMULUS	-0.3167588922436425			
GO_MITOCHONDRIAL_DNA_METABOLIC_PROCESS	-0.3167847158982108			
GSE11961_MARGINAL_ZONE_BCELL_VS_PLASMA_CELL_DAY7_UP	-0.31681216543908697			
GSE25088_IL4_VS_IL4_AND_ROSIGLITAZONE_STIM_STAT6_KO_MACROPHAGE_DAY10_UP	-0.3168238314296564			
GO_INTERLEUKIN_10_PRODUCTION	-0.3168698610680067			
REACTOME_CYTOSOLIC_SENSORS_OF_PATHOGEN_ASSOCIATED_DNA	-0.3169567106819045			
GSE11057_NAIVE_CD4_VS_PBMC_CD4_TCELL_UP	-0.3169909303360371			
GO_PROTEIN_DNA_COMPLEX	-0.31700484066042384			
HUMMEL_BURKITTS_LYMPHOMA_UP	-0.3170335394277689			
REACTOME_INTERACTIONS_OF_VPR_WITH_HOST_CELLULAR_PROTEINS	-0.31705347945760226			
KCCGNSWTTT_UNKNOWN	-0.31710078877808384			
GO_POSITIVE_REGULATION_OF_ACUTE_INFLAMMATORY_RESPONSE_TO_ANTIGENIC_STIMULUS	-0.31725425192870693			
GSE25123_IL4_VS_IL4_AND_ROSIGLITAZONE_STIM_PPARG_KO_MACROPHAGE_DAY10_UP	-0.31727795997038905			
GO_POSITIVE_REGULATION_OF_TYPE_I_INTERFERON_PRODUCTION	-0.31737108334249486			
MIR3156_3P	-0.31742353860573164			
GSE21033_1H_VS_12H_POLYIC_STIM_DC_DN	-0.3174368611932452			
GO_EPSILON_DNA_POLYMERASE_COMPLEX	-0.3175466683213885			
KONG_E2F3_TARGETS	-0.31755374247563095			
GSE41867_NAIVE_VS_DAY15_LCMV_ARMSTRONG_EFFECTOR_CD8_TCELL_DN	-0.31756269367177403			
KEGG_SPLICEOSOME	-0.31768624335907664			
chrXq11	-0.3177251814156814			
GSE15271_CXCR4_POS_VS_NEG_GC_BCELL_UP	-0.31774280338316746			
GO_REGULATION_OF_RNA_INTERFERENCE	-0.31776064735090104			
PID_DNA_PK_PATHWAY	-0.3178187218323161			
GSE27786_CD4_TCELL_VS_NEUTROPHIL_UP	-0.3178260245927752			
GSE9650_NAIVE_VS_MEMORY_CD8_TCELL_UP	-0.3178276812052294			
XU_CREBBP_TARGETS_DN	-0.31783531690053635			
GSE3039_NKT_CELL_VS_B1_BCELL_UP	-0.3178429684907217			
GO_MIRNA_BINDING	-0.3178542459779742			
GO_TUMOR_NECROSIS_FACTOR_SUPERFAMILY_CYTOKINE_PRODUCTION	-0.3178558319052578			
GSE17301_ACD3_ACD28_VS_ACD3_ACD28_AND_IFNA5_STIM_CD8_TCELL_DN	-0.3179234048694088			
GSE8868_SPLEEN_VS_INTESTINE_CD11B_POS_CD11C_NEG_DC_UP	-0.31793157843020775			
GSE16697_CD4_TCELL_VS_TFH_CD4_TCELL_UP	-0.3180318948200238			
GSE18893_TCONV_VS_TREG_24H_CULTURE_DN	-0.31813317588797313			
CROONQUIST_STROMAL_STIMULATION_DN	-0.31816304529162265			
KEGG_LEISHMANIA_INFECTION	-0.3181995961776951			
GSE27241_CTRL_VS_DIGOXIN_TREATED_RORGT_KO_CD4_TCELL_IN_TH17_POLARIZING_CONDITIONS_DN	-0.31820774058915313			
IPA_MYOD1_UP	-0.3182235457160705			
REACTOME_GENE_SILENCING_BY_RNA	-0.31824880750115475			
GO_LIPOPEPTIDE_BINDING	-0.3182617391887503			
GSE24142_EARLY_THYMIC_PROGENITOR_VS_DN3_THYMOCYTE_DN	-0.31827184303559636			
GO_HISTONE_PRE_MRNA_3_END_PROCESSING_COMPLEX	-0.3182817217340974			
GO_OUTER_DENSE_FIBER	-0.3183276869613535			
GSE19941_UNSTIM_VS_LPS_AND_IL10_STIM_IL10_KO_MACROPHAGE_DN	-0.31835078484008705			
GSE21063_3H_VS_16H_ANTI_IGM_STIM_BCELL_DN	-0.3183830542156361			
IPA_MYBL2_DN	-0.31840717581502775			
MORI_PRE_BI_LYMPHOCYTE_UP	-0.3184314209877633			
GO_PROTEIN_PHOSPHORYLATED_AMINO_ACID_BINDING	-0.31843390483858325			
SIG_CHEMOTAXIS	-0.3185185003592397			
GO_SPERMATOGENESIS_EXCHANGE_OF_CHROMOSOMAL_PROTEINS	-0.3185320412822525			
GO_SISTER_CHROMATID_SEGREGATION	-0.3185424559615578			
GO_CHROMATIN_DISASSEMBLY	-0.3185781071203211			
GSE45365_NK_CELL_VS_CD11B_DC_MCMV_INFECTION_DN	-0.31865999252155497			
REACTOME_PROCESSIVE_SYNTHESIS_ON_THE_C_STRAND_OF_THE_TELOMERE	-0.31866011772619546			
MIR4469	-0.3186852390265431			
GO_NUCLEAR_STRESS_GRANULE	-0.31869834842053696			
TONKS_TARGETS_OF_RUNX1_RUNX1T1_FUSION_HSC_DN	-0.3187529553683676			
GO_PHAGOCYTIC_CUP	-0.31875981987221236			
REACTOME_PROCESSING_OF_DNA_DOUBLE_STRAND_BREAK_ENDS	-0.3187656600299857			
GO_S_ADENOSYL_L_METHIONINE_BINDING	-0.3187728828195728			
GSE1432_6H_VS_24H_IFNG_MICROGLIA_DN	-0.31877875410879725			
GSE14000_TRANSLATED_RNA_VS_MRNA_16H_LPS_DC_UP	-0.3187962408081182			
GSE21670_UNTREATED_VS_TGFB_IL6_TREATED_CD4_TCELL_UP	-0.3188129435198209			
GO_REGULATION_OF_HUMORAL_IMMUNE_RESPONSE_MEDIATED_BY_CIRCULATING_IMMUNOGLOBULIN	-0.3190008845230408			
GO_TRANSCRIPTION_ELONGATION_FACTOR_COMPLEX	-0.31902584325663563			
ALCALAY_AML_BY_NPM1_LOCALIZATION_DN	-0.3190347660214797			
GSE19923_E2A_KO_VS_HEB_AND_E2A_KO_DP_THYMOCYTE_DN	-0.3191438237383405			
GO_POSITIVE_REGULATION_OF_CYTOPLASMIC_TRANSLATION	-0.3192850908067613			
REACTOME_RECOGNITION_AND_ASSOCIATION_OF_DNA_GLYCOSYLASE_WITH_SITE_CONTAINING_AN_AFFECTED_PURINE	-0.319288035410324			
GSE22601_DOUBLE_POSITIVE_VS_CD4_SINGLE_POSITIVE_THYMOCYTE_DN	-0.31929899695955716			
IPA_ERCC6_UP	-0.31941052413887344			
GO_POSITIVE_REGULATION_OF_RESPONSE_TO_BIOTIC_STIMULUS	-0.31941166306293206			
REACTOME_SUMOYLATION_OF_DNA_REPLICATION_PROTEINS	-0.31944398904277216			
GSE40274_CTRL_VS_FOXP3_AND_HELIOS_TRANSDUCED_ACTIVATED_CD4_TCELL_UP	-0.3194727200634623			
FERRANDO_HOX11_NEIGHBORS	-0.319482407697391			
MORI_LARGE_PRE_BII_LYMPHOCYTE_UP	-0.3195121599114916			
GO_NEGATIVE_REGULATION_OF_T_CELL_MEDIATED_IMMUNITY	-0.319529227911259			
MIR3670	-0.31953957781836784			
GO_RNA_DECAPPING	-0.3195477971161118			
GSE16385_ROSIGLITAZONE_IL4_VS_IFNG_TNF_STIM_MACROPHAGE_UP	-0.3195498263255295			
GSE39820_CTRL_VS_TGFBETA1_IL6_CD4_TCELL_UP	-0.3195815067700195			
GSE12845_PRE_GC_VS_DARKZONE_GC_TONSIL_BCELL_DN	-0.3195832401676506			
GSE14308_TH2_VS_TH1_DN	-0.3195975261694466			
GO_TRNA_WOBBLE_BASE_MODIFICATION	-0.3197850928152423			
REACTOME_CHROMOSOME_MAINTENANCE	-0.31984513054823005			
KRAS.AMP.LUNG_UP.V1_DN	-0.3198868960878712			
GSE21063_CTRL_VS_ANTI_IGM_STIM_BCELL_NFATC1_KO_16H_DN	-0.31993772455784303			
IPA_FLI1_UP	-0.31996981384872175			
MIR4695_5P	-0.31999227735045727			
GO_PROTEIN_ACYLATION	-0.31999651285966924			
SCHLOSSER_SERUM_RESPONSE_AUGMENTED_BY_MYC	-0.32000736335662755			
GO_ANTIGEN_PROCESSING_AND_PRESENTATION	-0.32005102029588517			
GSE4748_LPS_VS_LPS_AND_CYANOBACTERIUM_LPSLIKE_STIM_DC_3H_DN	-0.3202187293627816			
GO_REGULATION_OF_GERMINAL_CENTER_FORMATION	-0.32024353432659386			
GSE3982_DC_VS_TH1_DN	-0.3202444108301343			
GSE45365_NK_CELL_VS_CD8A_DC_DN	-0.3202631978330482			
GO_IONOTROPIC_GLUTAMATE_RECEPTOR_ACTIVITY	-0.3202745352983774			
IPA_ZBTB33_DN	-0.3203090526187436			
GO_REGULATION_OF_PROTEIN_LOCALIZATION_TO_CHROMATIN	-0.3203341939093765			
GO_CELL_KILLING	-0.320336272420236			
GSE26488_WT_VS_VP16_TRANSGENIC_HDAC7_KO_DOUBLE_POSITIVE_THYMOCYTE_DN	-0.320486006453764			
HOLLEMAN_PREDNISOLONE_RESISTANCE_ALL_UP	-0.32049296721326703			
ZNF785_TARGET_GENES	-0.3204983016338336			
GSE21927_UNTREATED_VS_GMCSF_GCSF_TREATED_BONE_MARROW_DN	-0.32052518563640764			
GSE32533_MIR17_KO_VS_MIR17_OVEREXPRESS_ACT_CD4_TCELL_DN	-0.3205779260122784			
GO_CHROMATIN_ASSEMBLY	-0.32061640806358427			
GSE33425_CD161_INT_VS_NEG_CD8_TCELL_DN	-0.320625962053043			
GO_INTEGRATOR_COMPLEX	-0.3206707931180839			
GSE14026_TH1_VS_TH17_UP	-0.32075608544889306			
GO_CALMODULIN_DEPENDENT_PROTEIN_KINASE_ACTIVITY	-0.32081879448783773			
GSE29617_CTRL_VS_DAY7_TIV_FLU_VACCINE_PBMC_2008_DN	-0.32086313386931326			
BIOCARTA_BLYMPHOCYTE_PATHWAY	-0.32092602985878477			
GSE36009_UNSTIM_VS_LPS_STIM_DC_DN	-0.3209393318069912			
GO_ELL_EAF_COMPLEX	-0.32095267916115905			
REACTOME_PKMTS_METHYLATE_HISTONE_LYSINES	-0.3209746315506654			
GSE22443_NAIVE_VS_ACT_AND_IL12_TREATED_CD8_TCELL_UP	-0.3209967631782684			
REACTOME_POLYMERASE_SWITCHING	-0.3210186387897506			
REACTOME_ACTIVATION_OF_ATR_IN_RESPONSE_TO_REPLICATION_STRESS	-0.3210385321624842			
GSE41176_UNSTIM_VS_ANTI_IGM_STIM_BCELL_3H_DN	-0.3210706046187952			
GSE12392_WT_VS_IFNAR_KO_CD8A_NEG_SPLEEN_DC_UP	-0.32110980630832914			
GO_PHOSPHATIDYLINOSITOL_MONOPHOSPHATE_PHOSPHATASE_ACTIVITY	-0.3211272856090828			
PID_IL12_STAT4_PATHWAY	-0.32115407721206635			
GSE3982_MAST_CELL_VS_CENT_MEMORY_CD4_TCELL_DN	-0.32119075752263715			
MIR4769_5P	-0.3211962268465511			
GO_REGULATION_OF_RIBONUCLEOPROTEIN_COMPLEX_LOCALIZATION	-0.3212678742383099			
NIKOLSKY_BREAST_CANCER_1Q32_AMPLICON	-0.32132700933783415			
RAY_TARGETS_OF_P210_BCR_ABL_FUSION_DN	-0.32134419657432906			
GSE20366_TREG_VS_TCONV_DN	-0.3214150070680378			
GO_REGULATORY_T_CELL_DIFFERENTIATION	-0.32143504452093374			
MARIADASON_RESPONSE_TO_BUTYRATE_SULINDAC_4	-0.32148916653017223			
GO_CELL_ACTIVATION	-0.321540095054362			
GO_REGULATION_OF_CIRCADIAN_RHYTHM	-0.3215432493355819			
GSE37416_0H_VS_48H_F_TULARENSIS_LVS_NEUTROPHIL_UP	-0.3215660522150803			
KEGG_GRAFT_VERSUS_HOST_DISEASE	-0.32159869389083273			
GSE21033_CTRL_VS_POLYIC_STIM_DC_3H_UP	-0.3216126384412255			
GO_HELICASE_ACTIVITY	-0.3216219396272542			
BIOCARTA_VDR_PATHWAY	-0.3216409490869235			
GSE41867_DAY6_VS_DAY15_LCMV_ARMSTRONG_EFFECTOR_CD8_TCELL_DN	-0.32165173153003646			
GSE6566_STRONG_VS_WEAK_DC_STIMULATED_CD4_TCELL_DN	-0.3216769138686949			
MIR1290	-0.3216877690621881			
GO_CYCLIN_BINDING	-0.32170329414791393			
BIOCARTA_RB_PATHWAY	-0.32172344579291684			
MIR4516	-0.3217675337225569			
GSE14308_TH17_VS_NATURAL_TREG_DN	-0.3217948486693017			
GO_REGULATION_OF_WOUND_HEALING_SPREADING_OF_EPIDERMAL_CELLS	-0.3218999267102752			
GO_MANCHETTE	-0.32195276401318884			
GO_MEIOTIC_SISTER_CHROMATID_SEGREGATION	-0.3219623871157486			
RACTNNRTTTNC_UNKNOWN	-0.32197065825868676			
GSE12845_NAIVE_VS_PRE_GC_TONSIL_BCELL_DN	-0.32205063420571445			
GO_NEGATIVE_REGULATION_OF_ADAPTIVE_IMMUNE_RESPONSE	-0.32213570180233936			
IPA_SATB2_UP	-0.3222000409379565			
GSE32901_TH17_EMRICHED_VS_TH17_NEG_CD4_TCELL_DN	-0.32220418541878243			
GO_TRANSCRIPTION_REGULATOR_ACTIVITY	-0.3222055265581501			
GO_INTERFERON_GAMMA_PRODUCTION	-0.32223933402364874			
GSE2770_IL12_VS_IL4_TREATED_ACT_CD4_TCELL_48H_DN	-0.3222430917981385			
GSE18791_CTRL_VS_NEWCASTLE_VIRUS_DC_4H_UP	-0.32226110138593517			
MIR3162_5P	-0.32227755894511			
KEGG_NON_HOMOLOGOUS_END_JOINING	-0.32233083503823684			
GO_DENDRITIC_CELL_MIGRATION	-0.32236468626563664			
REACTOME_REDUCTION_OF_CYTOSOLIC_CA_LEVELS	-0.32245991427753495			
GSE369_PRE_VS_POST_IL6_INJECTION_IFNG_KO_LIVER_UP	-0.32251485824414333			
HALLMARK_SPERMATOGENESIS	-0.3225349471676673			
GO_NON_RECOMBINATIONAL_REPAIR	-0.32256690011421996			
GO_PERICHROMATIN_FIBRILS	-0.32257445949023456			
GO_MHC_CLASS_IB_PROTEIN_BINDING	-0.3225755904224859			
REACTOME_GAP_FILLING_DNA_REPAIR_SYNTHESIS_AND_LIGATION_IN_GG_NER	-0.3225925174033132			
GO_PROTEIN_SIDE_CHAIN_DEGLUTAMYLATION	-0.3226729542104686			
GSE360_CTRL_VS_L_DONOVANI_DC_UP	-0.32272474858037203			
ESC_V6.5_UP_EARLY.V1_UP	-0.3227254829187711			
GO_POSITIVE_REGULATION_OF_INTERLEUKIN_2_BIOSYNTHETIC_PROCESS	-0.322794260518407			
KUROZUMI_RESPONSE_TO_ONCOCYTIC_VIRUS_AND_CYCLIC_RGD	-0.322810753871773			
GO_MIRNA_CATABOLIC_PROCESS	-0.32284339227803693			
MIR3145_5P	-0.3229077551299855			
GO_ADP_RIBOSYLATION_FACTOR_BINDING	-0.3229287284846618			
GO_REGULATION_OF_DOUBLE_STRAND_BREAK_REPAIR	-0.3229906637586469			
GO_MISMATCH_REPAIR	-0.3230295936847756			
REACTOME_REGULATION_OF_TP53_ACTIVITY	-0.3230480252527121			
BIOCARTA_TALL1_PATHWAY	-0.3230963320602542			
MARSON_FOXP3_TARGETS_STIMULATED_UP	-0.3231656555617716			
GO_NEUTROPHIL_DIFFERENTIATION	-0.32318453978068634			
GO_DNA_DEAMINATION	-0.3232166517998021			
GSE30971_2H_VS_4H_LPS_STIM_MACROPHAGE_WBP7_KO_UP	-0.323257320388717			
GSE14026_TH1_VS_TH17_DN	-0.3233663413121381			
GO_TRNA_WOBBLE_URIDINE_MODIFICATION	-0.3233790478289338			
BIOCARTA_CDC25_PATHWAY	-0.323443518422855			
GSE37301_MULTIPOTENT_PROGENITOR_VS_PRO_BCELL_UP	-0.3234642245086777			
GO_MYELOID_DENDRITIC_CELL_ACTIVATION	-0.3234950638294905			
GO_POSITIVE_REGULATION_OF_CD4_POSITIVE_ALPHA_BETA_T_CELL_DIFFERENTIATION	-0.32349563175642304			
GSE1460_INTRATHYMIC_T_PROGENITOR_VS_CD4_THYMOCYTE_DN	-0.3236251222860415			
GO_NEGATIVE_REGULATION_OF_TELOMERE_MAINTENANCE	-0.32363989489052136			
GO_GENE_SILENCING_BY_RNA	-0.32380934409799084			
BIOCARTA_ATRBRCA_PATHWAY	-0.323840987516097			
GO_CIS_REGULATORY_REGION_BINDING	-0.3238491311350655			
GSE22886_CD4_TCELL_VS_BCELL_NAIVE_DN	-0.32387065228978273			
GO_NATURAL_KILLER_CELL_MEDIATED_IMMUNITY	-0.3239222310346167			
GO_POSITIVE_REGULATION_OF_ADAPTIVE_IMMUNE_RESPONSE	-0.32392321861253354			
GO_ZONA_PELLUCIDA_RECEPTOR_COMPLEX	-0.3240456794798132			
SU_PANCREAS	-0.3240617524884747			
GSE40274_CTRL_VS_FOXP3_AND_EOS_TRANSDUCED_ACTIVATED_CD4_TCELL_UP	-0.3241091450807308			
REACTOME_SUMOYLATION_OF_SUMOYLATION_PROTEINS	-0.3241824500583932			
GO_T_CELL_PROLIFERATION_INVOLVED_IN_IMMUNE_RESPONSE	-0.32418986001527966			
GO_BH3_DOMAIN_BINDING	-0.3242184181494617			
MIR1273C	-0.3242868110479351			
GO_T_CELL_MEDIATED_IMMUNITY	-0.3243136702381451			
GO_NUCLEAR_TRANSCRIPTIONAL_REPRESSOR_COMPLEX	-0.3243174814137912			
REACTOME_DISEASES_OF_BASE_EXCISION_REPAIR	-0.32440312524915765			
REACTOME_HDR_THROUGH_SINGLE_STRAND_ANNEALING_SSA	-0.32441550992217927			
GSE3565_CTRL_VS_LPS_INJECTED_SPLENOCYTES_DN	-0.3244463280831644			
GO_NEGATIVE_REGULATION_OF_INTERLEUKIN_2_BIOSYNTHETIC_PROCESS	-0.32446658261719435			
GSE41867_MEMORY_VS_EXHAUSTED_CD8_TCELL_DAY30_LCMV_UP	-0.3245758264749428			
ZHOU_INFLAMMATORY_RESPONSE_LIVE_DN	-0.32458803335257586			
GO_NEGATIVE_REGULATION_OF_DNA_METABOLIC_PROCESS	-0.32462137515725814			
GSE27786_LSK_VS_CD4_TCELL_DN	-0.3246518116816374			
GSE28237_EARLY_VS_LATE_GC_BCELL_DN	-0.32471013590267545			
GO_LATERAL_ELEMENT	-0.3247772611394165			
PAX5_02	-0.3248100322487267			
GO_HISTONE_H3_K27_METHYLATION	-0.3248129901762769			
GSE20754_WT_VS_TCF1_KO_MEMORY_CD8_TCELL_DN	-0.3248326769389834			
GSE35435_RESTING_VS_IL4_TREATED_MACROPHAGE_UP	-0.3248402565653027			
GSE6259_FLT3L_INDUCED_33D1_POS_DC_VS_CD4_TCELL_DN	-0.3248665997713289			
GSE20484_MCSG_VS_CXCL4_MONOCYTE_DERIVED_MACROPHAGE_DN	-0.3249300708819382			
GSE12003_MIR223_KO_VS_WT_BM_PROGENITOR_4D_CULTURE_UP	-0.3249469110723313			
GSE10239_MEMORY_VS_DAY4.5_EFF_CD8_TCELL_UP	-0.32495753568990104			
GO_NEGATIVE_REGULATION_OF_HISTONE_H4_ACETYLATION	-0.3250358194580574			
GSE3720_UNSTIM_VS_PMA_STIM_VD1_GAMMADELTA_TCELL_UP	-0.3250948965939137			
GO_TOLL_LIKE_RECEPTOR_9_SIGNALING_PATHWAY	-0.32511531229835733			
GSE15330_LYMPHOID_MULTIPOTENT_VS_MEGAKARYOCYTE_ERYTHROID_PROGENITOR_IKAROS_KO_UP	-0.3251560820055104			
GO_CELLULAR_DEFENSE_RESPONSE	-0.32520927293542334			
GO_BASE_EXCISION_REPAIR	-0.3252437958482034			
GSE5455_EX_VIVO_VS_POST_24H_INCUBATION_MONOCYTES_FROM_TUMOR_BEARING_MOUSE_DN	-0.3252679150348559			
BIOCARTA_CHEMICAL_PATHWAY	-0.32529982447007155			
GO_MCM_COMPLEX	-0.3253134820564319			
GSE22886_TCELL_VS_BCELL_NAIVE_DN	-0.3253463055468358			
GO_U1_SNRNA_BINDING	-0.32543071327047607			
GO_SPERM_CHROMATIN_CONDENSATION	-0.3254358150361428			
GO_MHC_CLASS_IB_RECEPTOR_ACTIVITY	-0.32549315401156687			
GO_ESTABLISHMENT_OF_RNA_LOCALIZATION	-0.32553250917762605			
GSE15767_MED_VS_SCS_MAC_LN_DN	-0.3255523955809512			
XU_GH1_EXOGENOUS_TARGETS_UP	-0.32556269285218337			
KEGG_PROGESTERONE_MEDIATED_OOCYTE_MATURATION	-0.3256609932549018			
GO_REGULATION_OF_CD8_POSITIVE_ALPHA_BETA_T_CELL_ACTIVATION	-0.3257097131024222			
GSE17186_BLOOD_VS_CORD_BLOOD_CD21HIGH_TRANSITIONAL_BCELL_DN	-0.3257442280656328			
GSE12392_WT_VS_IFNB_KO_CD8A_NEG_SPLEEN_DC_DN	-0.3258610215386168			
GSE22886_NAIVE_CD8_TCELL_VS_NKCELL_UP	-0.32587540569618345			
MIR4306	-0.32592980528478			
GO_INTERLEUKIN_12_PRODUCTION	-0.32606310293360835			
GSE7852_LN_VS_FAT_TREG_UP	-0.32608989030499314			
GSE46606_DAY1_VS_DAY3_CD40L_IL2_IL5_STIMULATED_IRF4MID_BCELL_DN	-0.3260918616486647			
GO_RNA_3_END_PROCESSING	-0.3260939933879992			
GO_INTERSTRAND_CROSS_LINK_REPAIR	-0.32610919526753684			
GO_NUCLEIC_ACID_PHOSPHODIESTER_BOND_HYDROLYSIS	-0.3261367043090434			
GO_MEIOTIC_CHROMOSOME_CONDENSATION	-0.32614395938939456			
MIR383_3P	-0.32614734386492017			
GO_POSITIVE_REGULATION_OF_HEMOPOIESIS	-0.32619524674024625			
GARGALOVIC_RESPONSE_TO_OXIDIZED_PHOSPHOLIPIDS_TURQUOISE_DN	-0.32625120553304976			
GO_POSITIVE_REGULATION_OF_CALCIUM_MEDIATED_SIGNALING	-0.326331156960568			
NEMETH_INFLAMMATORY_RESPONSE_LPS_DN	-0.3263529946314187			
REACTOME_ROLE_OF_LAT2_NTAL_LAB_ON_CALCIUM_MOBILIZATION	-0.32636720960699406			
IPA_RORA_DN	-0.3263925874663221			
IPA_TRRAP_DN	-0.3263925874663221			
IPA_ZBTB43_DN	-0.3263925874663221			
IPA_FOXN3_DN	-0.3263925874663221			
HOLLEMAN_ASPARAGINASE_RESISTANCE_ALL_UP	-0.32639548159541576			
chr6q15	-0.3264770744845625			
GSE6269_STAPH_AUREUS_VS_STREP_PNEUMO_INF_PBMC_DN	-0.32649599717772193			
MIR1200	-0.32653135283412155			
CHOI_ATL_STAGE_PREDICTOR	-0.32657881369344305			
GSE41176_UNSTIM_VS_ANTI_IGM_STIM_TAK1_KO_BCELL_1H_UP	-0.3266880055174771			
GSE3982_MAST_CELL_VS_MAC_UP	-0.32669181916724926			
GSE40274_FOXP3_VS_FOXP3_AND_HELIOS_TRANSDUCED_ACTIVATED_CD4_TCELL_DN	-0.3267180735647363			
GSE7460_CD8_TCELL_VS_TREG_ACT_UP	-0.3267906144549681			
GSE12845_IGD_NEG_BLOOD_VS_NAIVE_TONSIL_BCELL_DN	-0.32684431436634537			
REACTOME_HDMS_DEMETHYLATE_HISTONES	-0.3268729943400269			
GSE21379_TFH_VS_NON_TFH_CD4_TCELL_UP	-0.3269131898198489			
GO_INTERLEUKIN_18_PRODUCTION	-0.3269156973908934			
GO_NUCLEAR_TRANSCRIBED_MRNA_POLY_A_TAIL_SHORTENING	-0.3269490070026136			
GSE39820_CTRL_VS_TGFBETA1_IL6_IL23A_CD4_TCELL_UP	-0.32696237933979544			
PID_CXCR4_PATHWAY	-0.3269718836649377			
GO_PURINE_NUCLEOSIDE_CATABOLIC_PROCESS	-0.3269909264843956			
GSE25890_CTRL_VS_IL33_IL7_TREATED_NUOCYTES_DN	-0.32703752341139697			
GO_CHROMOSOME_SEPARATION	-0.32709658053989077			
REACTOME_DOWNSTREAM_SIGNALING_EVENTS_OF_B_CELL_RECEPTOR_BCR	-0.32714760863256226			
SONG_TARGETS_OF_IE86_CMV_PROTEIN	-0.32718684744072846			
BIOCARTA_SET_PATHWAY	-0.3272138845542539			
GO_STRUCTURAL_CONSTITUENT_OF_NUCLEAR_PORE	-0.3272475384257426			
GSE1460_INTRATHYMIC_T_PROGENITOR_VS_DP_THYMOCYTE_DN	-0.32728981897431164			
GO_NUCLEOTIDE_RECEPTOR_ACTIVITY	-0.3273610843659161			
GSE3039_ALPHAALPHA_CD8_TCELL_VS_B1_BCELL_DN	-0.3273901179438141			
GO_DNA_POLYMERASE_COMPLEX	-0.32745434934305073			
BIOCARTA_D4GDI_PATHWAY	-0.32753154509333704			
GO_HISTONE_H3_K36_TRIMETHYLATION	-0.3275316238734902			
GSE26030_UNSTIM_VS_RESTIM_TH1_DAY15_POST_POLARIZATION_DN	-0.32753854316162884			
GO_RESPONSE_TO_ALKALOID	-0.3275736320613671			
GO_RESPONSE_TO_PROTOZOAN	-0.3275977531380455			
GO_MEIOTIC_CELL_CYCLE	-0.32760544812053016			
GO_NEGATIVE_REGULATION_OF_HISTONE_H3_K4_METHYLATION	-0.3276187213313834			
GO_POSITIVE_REGULATION_OF_B_CELL_DIFFERENTIATION	-0.3276659570642614			
GO_CYTOSOLIC_CALCIUM_ION_TRANSPORT	-0.32771546043304645			
GO_CYTOPLASMIC_MRNA_PROCESSING_BODY_ASSEMBLY	-0.3277446314909093			
YAGI_AML_WITH_T_9_11_TRANSLOCATION	-0.3277754930574917			
GO_REGULATION_OF_CELL_CELL_ADHESION_MEDIATED_BY_INTEGRIN	-0.3277780630008983			
GO_NEGATIVE_REGULATION_OF_TYPE_I_INTERFERON_PRODUCTION	-0.3278353934086842			
GO_ORIGIN_RECOGNITION_COMPLEX	-0.3278452897536823			
GO_NEGATIVE_REGULATION_OF_GENE_SILENCING	-0.3278497704611724			
REACTOME_ERYTHROPOIETIN_ACTIVATES_PHOSPHOINOSITIDE_3_KINASE_PI3K	-0.32789818470289794			
GSE32986_UNSTIM_VS_GMCSF_STIM_DC_UP	-0.32791290023766256			
GO_NEGATIVE_REGULATION_OF_DNA_DEPENDENT_DNA_REPLICATION	-0.32792216310638467			
MIR7151_5P	-0.32793333434317806			
GCNP_SHH_UP_LATE.V1_UP	-0.3279621754417877			
GO_CHROMATIN_BINDING	-0.32803675686867445			
MIR4796_5P	-0.3281026997244381			
GSE35825_IFNA_VS_IFNG_STIM_MACROPHAGE_DN	-0.32814025648329526			
GO_CHROMOSOME_SEGREGATION	-0.32814088482963605			
GO_RESPIRATORY_BURST_INVOLVED_IN_DEFENSE_RESPONSE	-0.32816357199612917			
MIR6077	-0.3281712057958235			
GO_IMMUNOGLOBULIN_V_D_J_RECOMBINATION	-0.3281978893203104			
ZNF211_TARGET_GENES	-0.3281990094037742			
GO_DEUTEROSOME	-0.3282034248510262			
GO_RESPONSE_TO_BRONCHODILATOR	-0.3282808635850561			
BIOCARTA_GH_PATHWAY	-0.3282961705533813			
GO_TELOMERE_CAP_COMPLEX	-0.3283323617846604			
REACTOME_FCGR3A_MEDIATED_IL10_SYNTHESIS	-0.32840321841554726			
PID_IL4_2PATHWAY	-0.3284043303101134			
GSE12845_IGD_NEG_BLOOD_VS_PRE_GC_TONSIL_BCELL_DN	-0.32842017498854836			
GO_EXONUCLEASE_ACTIVITY	-0.3284416399102079			
REACTOME_PROCESSIVE_SYNTHESIS_ON_THE_LAGGING_STRAND	-0.3284418433291108			
GO_REGULATION_OF_CD4_POSITIVE_ALPHA_BETA_T_CELL_ACTIVATION	-0.3284472696200695			
KRAS.AMP.LUNG_UP.V1_UP	-0.32849920922372244			
GO_RNA_POLYMERASE_ACTIVITY	-0.32851369090419663			
IPA_VAV1_DN	-0.3285673232774854			
SOX15_TARGET_GENES	-0.3286124306383787			
GO_T_HELPER_1_CELL_DIFFERENTIATION	-0.3286137953328279			
GSE16522_ANTI_CD3CD28_STIM_VS_UNSTIM_MEMORY_CD8_TCELL_DN	-0.3286585756557634			
GSE41867_LCMV_ARMSTRONG_VS_CLONE13_DAY15_EFFECTOR_CD8_TCELL_UP	-0.32867283885357607			
GO_TYPE_I_INTERFERON_BIOSYNTHETIC_PROCESS	-0.328774798549008			
GSE5542_UNTREATED_VS_IFNA_TREATED_EPITHELIAL_CELLS_24H_DN	-0.32879183959261526			
GO_DNA_REPLICATION_ORIGIN_BINDING	-0.3288050467579515			
GSE14308_TH17_VS_NAIVE_CD4_TCELL_DN	-0.32883704888454346			
GO_POSITIVE_REGULATION_OF_HISTONE_METHYLATION	-0.3288387372602957			
IPA_OLIG2_UP	-0.3288680800275991			
IPA_LMO1_UP	-0.3288680800275991			
GO_REGULATION_OF_B_CELL_DIFFERENTIATION	-0.32887057592593066			
GSE2405_0H_VS_9H_A_PHAGOCYTOPHILUM_STIM_NEUTROPHIL_UP	-0.3289287844452134			
GSE30962_PRIMARY_VS_SECONDARY_ACUTE_LCMV_INF_CD8_TCELL_UP	-0.32895748060663976			
GO_INTERFERON_ALPHA_PRODUCTION	-0.32896234271358327			
WORSCHECH_TUMOR_EVASION_AND_TOLEROGENICITY_UP	-0.3289777961441785			
SANSOM_APC_TARGETS_DN	-0.32902044533128544			
GO_NUCLEASE_ACTIVITY	-0.3290391592932161			
GSE3982_EOSINOPHIL_VS_MAC_UP	-0.3290469374715669			
CAGNWMCNNNGAC_UNKNOWN	-0.3290614891225613			
IPA_ID2_DN	-0.32911154733342785			
MATTIOLI_MGUS_VS_PCL	-0.3291254205201546			
GO_SPERMATID_DIFFERENTIATION	-0.32914978272677353			
GO_POSITIVE_REGULATION_OF_TUMOR_NECROSIS_FACTOR_SUPERFAMILY_CYTOKINE_PRODUCTION	-0.32918796979894765			
GSE14000_UNSTIM_VS_16H_LPS_DC_TRANSLATED_RNA_UP	-0.32919462809464645			
GSE17186_BLOOD_VS_CORD_BLOOD_NAIVE_BCELL_DN	-0.32921721831107315			
BRCA1_DN.V1_DN	-0.32922358974107907			
REACTOME_ROS_AND_RNS_PRODUCTION_IN_PHAGOCYTES	-0.32924626235981713			
GO_MEIOTIC_CHROMOSOME_SEPARATION	-0.3292468707218856			
GSE37301_PRO_BCELL_VS_CD4_TCELL_UP	-0.3293170861170428			
GO_NEGATIVE_REGULATION_OF_CHROMATIN_SILENCING	-0.3293617990564135			
GO_SYNAPTONEMAL_STRUCTURE	-0.32936864798129795			
RUTELLA_RESPONSE_TO_HGF_DN	-0.32937855302108243			
GO_MRNA_3_UTR_BINDING	-0.3293806917609906			
ZHAN_MULTIPLE_MYELOMA_SUBGROUPS	-0.32950165323537806			
GO_ESTABLISHMENT_OF_SISTER_CHROMATID_COHESION	-0.32955916298369287			
GSE411_UNSTIM_VS_100MIN_IL6_STIM_MACROPHAGE_DN	-0.32959129834978035			
GSE12845_IGD_POS_BLOOD_VS_DARKZONE_GC_TONSIL_BCELL_DN	-0.3295931312954979			
GSE41867_DAY8_EFFECTOR_VS_DAY30_MEMORY_CD8_TCELL_LCMV_ARMSTRONG_DN	-0.3296298460715724			
GO_DNA_REPLICATION_INITIATION	-0.32963191840829736			
GO_CATALYTIC_STEP_2_SPLICEOSOME	-0.3296489196130192			
GO_TRANSPOSITION	-0.32968145751847006			
GO_SEX_CHROMOSOME	-0.3296932154803032			
KEGG_ALLOGRAFT_REJECTION	-0.329778988017737			
GO_REGULATION_OF_LYMPHOCYTE_MIGRATION	-0.32985593099804933			
PTPRA_TARGET_GENES	-0.32986455903201367			
GSE25890_CTRL_VS_IL33_IL7_TREATED_NUOCYTES_UP	-0.32988787886539783			
GO_ANTIGEN_PROCESSING_AND_PRESENTATION_ENDOGENOUS_LIPID_ANTIGEN_VIA_MHC_CLASS_IB	-0.32988953796543435			
GO_LIPID_ANTIGEN_BINDING	-0.32988953796543435			
GSE36888_UNTREATED_VS_IL2_TREATED_TCELL_2H_UP	-0.32990627304876946			
GO_CYTOPLASMIC_STRESS_GRANULE	-0.3299251802210807			
GO_IMMUNOLOGICAL_SYNAPSE_FORMATION	-0.32994775988622504			
GSE3982_MAST_CELL_VS_NKCELL_DN	-0.3299668779045784			
GO_IMMUNE_RECEPTOR_ACTIVITY	-0.33002616726159006			
GSE32164_RESTING_DIFFERENTIATED_VS_CMYC_INHIBITED_MACROPHAGE_UP	-0.3300891138581757			
GSE9988_LPS_VS_VEHICLE_TREATED_MONOCYTE_DN	-0.3300895228688041			
GO_RNA_MODIFICATION	-0.3300955372315448			
REACTOME_HOMOLOGOUS_DNA_PAIRING_AND_STRAND_EXCHANGE	-0.3302952284378324			
GO_NEGATIVE_REGULATION_OF_LYMPHOCYTE_ACTIVATION	-0.3303157107316892			
REACTOME_MEIOTIC_SYNAPSIS	-0.3303363701393905			
GO_POSITIVE_REGULATION_OF_TRANSCRIPTION_OF_NUCLEOLAR_LARGE_RRNA_BY_RNA_POLYMERASE_I	-0.33036860948087804			
KAUFFMANN_DNA_REPLICATION_GENES	-0.33038298651487774			
GSE8678_IL7R_LOW_VS_HIGH_EFF_CD8_TCELL_DN	-0.33038869147613215			
GO_TOLL_LIKE_RECEPTOR_7_SIGNALING_PATHWAY	-0.3303928217633325			
GSE34156_NOD2_LIGAND_VS_NOD2_AND_TLR1_TLR2_LIGAND_6H_TREATED_MONOCYTE_UP	-0.33048479179364243			
GSE16385_MONOCYTE_VS_12H_IL4_TREATED_MACROPHAGE_DN	-0.33048788204284985			
GO_REGULATION_OF_DNA_METHYLATION	-0.3304884464756858			
GSE37532_WT_VS_PPARG_KO_LN_TCONV_UP	-0.33051097245103717			
GSE14415_INDUCED_TREG_VS_FAILED_INDUCED_TREG_DN	-0.33053562606454623			
REACTOME_PROCESSING_OF_CAPPED_INTRONLESS_PRE_MRNA	-0.3305365086555283			
GSE20198_IL12_IL18_VS_IFNA_TREATED_ACT_CD4_TCELL_UP	-0.3305391621526938			
GSE15930_STIM_VS_STIM_AND_IL12_48H_CD8_T_CELL_UP	-0.3305454520655412			
GSE29618_PRE_VS_DAY7_FLU_VACCINE_PDC_DN	-0.33060864590549527			
GO_ENDOCYTIC_PATCH	-0.3306167908998173			
GO_POSITIVE_REGULATION_OF_INTERLEUKIN_10_PRODUCTION	-0.3306405226489776			
GO_INFLAMMATORY_RESPONSE_TO_ANTIGENIC_STIMULUS	-0.33072201968593185			
GO_HISTONE_H3_K9_DIMETHYLATION	-0.33074353163321707			
GSE15733_BM_VS_SPLEEN_MEMORY_CD4_TCELL_DN	-0.3307439768645583			
GO_MHC_PROTEIN_COMPLEX_BINDING	-0.33075823257516274			
GSE5589_LPS_AND_IL10_VS_LPS_AND_IL6_STIM_MACROPHAGE_45MIN_DN	-0.33076531384963764			
GSE3720_UNSTIM_VS_LPS_STIM_VD2_GAMMADELTA_TCELL_UP	-0.33076531931215625			
GSE22432_PDC_VS_TGFB1_TREATEDCOMMON_DC_PROGENITOR_DN	-0.3308082260190481			
RORA1_01	-0.33091444047351687			
GSE7852_TREG_VS_TCONV_DN	-0.33093892618103943			
GSE45382_UNTREATED_VS_TGFB_TREATED_MACROPHAGES_UP	-0.33095619465007037			
GSE2826_WT_VS_BTK_KO_BCELL_UP	-0.33097687967400297			
GSE12963_ENV_NEF_VS_ENV_NEF_AND_VPR_DEFICIENT_HIV1_INF_CD4_TCELL_UP	-0.33097813691089434			
GSE3720_LPS_VS_PMA_STIM_VD1_GAMMADELTA_TCELL_DN	-0.33099278113347996			
GO_NCRNA_CATABOLIC_PROCESS	-0.33102124086764984			
GSE27786_LSK_VS_ERYTHROBLAST_UP	-0.3310674549823916			
IPA_NFKB2_UP	-0.33107916190790954			
GSE25088_CTRL_VS_ROSIGLITAZONE_STIM_STAT6_KO_MACROPHAGE_DN	-0.33110083507815674			
GSE25123_WT_VS_PPARG_KO_MACROPHAGE_IL4_AND_ROSIGLITAZONE_STIM_DN	-0.3311423893568658			
GO_POSITIVE_REGULATION_OF_LEUKOCYTE_MEDIATED_CYTOTOXICITY	-0.33114541980467865			
GSE4984_UNTREATED_VS_VEHICLE_CTRL_TREATED_DC_UP	-0.3311562651181996			
NUNODA_RESPONSE_TO_DASATINIB_IMATINIB_UP	-0.33119743299220794			
GO_LYMPHOCYTE_MIGRATION	-0.33122208127918534			
GSE360_L_DONOVANI_VS_B_MALAYI_HIGH_DOSE_MAC_DN	-0.33123567227279144			
REACTOME_TRANSCRIPTION_OF_E2F_TARGETS_UNDER_NEGATIVE_CONTROL_BY_P107_RBL1_AND_P130_RBL2_IN_COMPLEX_WITH_HDAC1	-0.33125234433410955			
GO_POSITIVE_REGULATION_OF_DOUBLE_STRAND_BREAK_REPAIR	-0.33132986031163497			
GO_ACTIVATION_OF_STORE_OPERATED_CALCIUM_CHANNEL_ACTIVITY	-0.3314155451347733			
GO_REGULATION_OF_GENE_EXPRESSION_BY_GENETIC_IMPRINTING	-0.331451769483988			
GSE6259_DEC205_POS_DC_VS_CD4_TCELL_DN	-0.3314701877553298			
REACTOME_TRANSPORT_OF_THE_SLBP_DEPENDANT_MATURE_MRNA	-0.33148814965845047			
REACTOME_IMMUNOREGULATORY_INTERACTIONS_BETWEEN_A_LYMPHOID_AND_A_NON_LYMPHOID_CELL	-0.33150433086321773			
KIM_GERMINAL_CENTER_T_HELPER_UP	-0.3315990341937339			
MIR2276_5P	-0.33160322800658304			
GSE22601_DOUBLE_NEGATIVE_VS_DOUBLE_POSITIVE_THYMOCYTE_DN	-0.3316229515144661			
MIR508_5P	-0.33167351178741805			
GO_REGULATION_OF_FC_GAMMA_RECEPTOR_SIGNALING_PATHWAY_INVOLVED_IN_PHAGOCYTOSIS	-0.3316841664692008			
GO_NUCLEAR_CHROMOSOME_SEGREGATION	-0.33169971150885375			
GO_NEGATIVE_REGULATION_OF_VASCULAR_SMOOTH_MUSCLE_CELL_DIFFERENTIATION	-0.33172468150267465			
MARSON_BOUND_BY_E2F4_UNSTIMULATED	-0.33172633971784143			
PALOMERO_GSI_SENSITIVITY_UP	-0.33177939169846044			
GO_MEIOTIC_COHESIN_COMPLEX	-0.33180169898173917			
GSE27786_LIN_NEG_VS_ERYTHROBLAST_UP	-0.3318247347043902			
BOYLAN_MULTIPLE_MYELOMA_C_UP	-0.3318263808820249			
REACTOME_G_PROTEIN_BETA_GAMMA_SIGNALLING	-0.3318330100023234			
GSE7548_NAIVE_VS_DAY7_PCC_IMMUNIZATION_CD4_TCELL_UP	-0.33184195460869004			
GO_U2_SNRNP	-0.3318946789821328			
REACTOME_SUMOYLATION_OF_CHROMATIN_ORGANIZATION_PROTEINS	-0.3319114264670498			
GO_RIBONUCLEOPROTEIN_GRANULE	-0.33192804518260527			
MCLACHLAN_DENTAL_CARIES_UP	-0.3319522984195831			
GO_PHOSPHATIDYLINOSITOL_DEPHOSPHORYLATION	-0.3319779102840508			
GO_HISTONE_H3_K4_TRIMETHYLATION	-0.3319830862181355			
MARTENS_BOUND_BY_PML_RARA_FUSION	-0.33198456206851035			
GO_MRNA_BINDING	-0.3320618300020574			
GSE17580_UNINFECTED_VS_S_MANSONI_INF_TEFF_UP	-0.33212423248023204			
GSE25085_FETAL_LIVER_VS_FETAL_BM_SP4_THYMIC_IMPLANT_UP	-0.3321810180601356			
SIG_IL4RECEPTOR_IN_B_LYPHOCYTES	-0.3321884505389313			
REACTOME_PLATELET_CALCIUM_HOMEOSTASIS	-0.33219193393889507			
GSE2405_S_AUREUS_VS_UNTREATED_NEUTROPHIL_DN	-0.33220920446211794			
GO_INTERFERON_BETA_SECRETION	-0.3323307388446388			
GO_EXON_EXON_JUNCTION_COMPLEX	-0.332337327919642			
REACTOME_DUAL_INCISION_IN_GG_NER	-0.33236034612572835			
GSE43863_DAY6_EFF_VS_DAY150_MEM_TH1_CD4_TCELL_UP	-0.3323840873832235			
REACTOME_ACTIVATION_OF_THE_PRE_REPLICATIVE_COMPLEX	-0.3324841150950503			
DIRMEIER_LMP1_RESPONSE_EARLY	-0.3324870196507045			
GO_DNA_REPLICATION_CHECKPOINT	-0.3325197695237949			
PEART_HDAC_PROLIFERATION_CLUSTER_DN	-0.3326055252580965			
IPA_CHAF1A_UP	-0.33268233653221635			
GSE39820_CTRL_VS_IL1B_IL6_CD4_TCELL_UP	-0.33269272193297555			
IPA_SPIB_UP	-0.33279491838344955			
GSE43863_TH1_VS_LY6C_LOW_CXCR5NEG_EFFECTOR_CD4_TCELL_DN	-0.3328199489776234			
HASLINGER_B_CLL_WITH_CHROMOSOME_12_TRISOMY	-0.33283679365843427			
GSE10273_HIGH_IL7_VS_HIGH_IL7_AND_IRF4_IN_IRF4_8_NULL_PRE_BCELL_DN	-0.33284510436182785			
REACTOME_DAP12_INTERACTIONS	-0.33284755212327527			
REN_BOUND_BY_E2F	-0.3329054668340396			
GSE2770_TGFB_AND_IL4_ACT_VS_ACT_CD4_TCELL_48H_DN	-0.3329281187080104			
REACTOME_POLYMERASE_SWITCHING_ON_THE_C_STRAND_OF_THE_TELOMERE	-0.33303337067050237			
MIR190A_5P	-0.33307042051487507			
REACTOME_UNWINDING_OF_DNA	-0.33308700833057464			
GSE8621_UNSTIM_VS_LPS_STIM_MACROPHAGE_DN	-0.3331050333664131			
GO_CELLULAR_RESPONSE_TO_ETHANOL	-0.3331607591402742			
GO_REGULATION_OF_T_CELL_RECEPTOR_SIGNALING_PATHWAY	-0.333209144746383			
GSE3982_MAC_VS_NKCELL_DN	-0.3332188852116704			
GO_T_CELL_MIGRATION	-0.33324055981191114			
GO_POSITIVE_REGULATION_OF_FC_GAMMA_RECEPTOR_SIGNALING_PATHWAY_INVOLVED_IN_PHAGOCYTOSIS	-0.333259758847469			
GSE28783_CTRL_ANTI_MIR_VS_UNTREATED_ATHEROSCLEROSIS_MACROPHAGE_UP	-0.33331414051034003			
OCT1_B	-0.3333244442541301			
GSE27786_CD4_TCELL_VS_NKTCELL_DN	-0.3333470993166062			
GO_NEGATIVE_REGULATION_OF_LYMPHOCYTE_APOPTOTIC_PROCESS	-0.33349047170780277			
GSE21670_TGFB_VS_TGFB_AND_IL6_TREATED_CD4_TCELL_DN	-0.33349548762556813			
GSE17721_POLYIC_VS_CPG_1H_BMDC_UP	-0.33360234445565645			
GO_NMDA_GLUTAMATE_RECEPTOR_ACTIVITY	-0.33369467487219484			
chr17q22	-0.3337458837881127			
GSE12366_GC_VS_NAIVE_BCELL_UP	-0.33377140434108815			
GO_REGULATION_OF_CELL_CELL_ADHESION	-0.33379848390987504			
REACTOME_TELOMERE_MAINTENANCE	-0.3338036250667107			
GO_NEGATIVE_REGULATION_OF_MRNA_METABOLIC_PROCESS	-0.3338121981933155			
GO_SIGNALING_ADAPTOR_ACTIVITY	-0.3338134126574376			
BASSO_CD40_SIGNALING_UP	-0.333848246326884			
REACTOME_HDR_THROUGH_HOMOLOGOUS_RECOMBINATION_HRR	-0.33389898014426			
GO_RNA_DNA_HYBRID_RIBONUCLEASE_ACTIVITY	-0.33397122201463497			
MIR190B_5P	-0.333976883073646			
REACTOME_TELOMERE_C_STRAND_LAGGING_STRAND_SYNTHESIS	-0.3339972455582574			
GSE21033_CTRL_VS_POLYIC_STIM_DC_3H_DN	-0.3340050615710178			
GO_V_D_J_RECOMBINATION	-0.3341892652921273			
CHUNG_BLISTER_CYTOTOXICITY_DN	-0.3341975395396208			
FAELT_B_CLL_WITH_VH3_21_UP	-0.33423680208840467			
GO_HISTONE_EXCHANGE	-0.33425801609415584			
GO_RNA_STABILIZATION	-0.33431934182255474			
GSE17812_WT_VS_THPOK_KO_MEMORY_CD8_TCELL_UP	-0.3343365919780029			
GO_NUCLEAR_NUCLEOSOME	-0.33437670220295607			
IPA_TAF4B_UP	-0.33440210379281726			
GO_HISTONE_DEACETYLASE_COMPLEX	-0.33442343556300225			
BURTON_ADIPOGENESIS_PEAK_AT_16HR	-0.33447261672610284			
GO_PRODUCTION_OF_MOLECULAR_MEDIATOR_INVOLVED_IN_INFLAMMATORY_RESPONSE	-0.3345128351032174			
MIR8069	-0.33452254891878774			
GO_NEGATIVE_REGULATION_OF_LYMPHOCYTE_MEDIATED_IMMUNITY	-0.3345335395444777			
GO_SEQUENCE_SPECIFIC_SINGLE_STRANDED_DNA_BINDING	-0.33455058802906484			
GO_SUPERCOILED_DNA_BINDING	-0.3345914228198184			
REACTOME_EXTENSION_OF_TELOMERES	-0.3346150423630165			
MULLIGHAN_MLL_SIGNATURE_2_UP	-0.3346235995157661			
GSE5589_UNSTIM_VS_180MIN_LPS_STIM_MACROPHAGE_DN	-0.33469748030934343			
GO_NUCLEOLAR_LARGE_RRNA_TRANSCRIPTION_BY_RNA_POLYMERASE_I	-0.334704033653094			
GRAHAM_CML_QUIESCENT_VS_NORMAL_DIVIDING_DN	-0.3347193978351395			
REACTOME_HATS_ACETYLATE_HISTONES	-0.33475776014852626			
MIR4765	-0.33477027588423003			
REACTOME_HOST_INTERACTIONS_OF_HIV_FACTORS	-0.3347928375306293			
GO_FC_RECEPTOR_MEDIATED_STIMULATORY_SIGNALING_PATHWAY	-0.3347941416045803			
GSE3982_DC_VS_TH2_DN	-0.3348261219718901			
GO_PHOSPHATIDYLINOSITOL_3_KINASE_COMPLEX_CLASS_I	-0.3348287583868026			
IPA_E2F6_DN	-0.33483831000275915			
GO_REGULATORY_REGION_NUCLEIC_ACID_BINDING	-0.334882711986361			
GO_NEGATIVE_REGULATION_OF_DNA_REPLICATION	-0.33506325421465144			
GO_G_PROTEIN_COUPLED_RECEPTOR_KINASE_ACTIVITY	-0.3350936208712554			
GSE14415_INDUCED_TREG_VS_FOXP3_KO_INDUCED_TREG_UP	-0.3351810734520228			
SCHLOSSER_SERUM_RESPONSE_UP	-0.33522456909055875			
GO_RESPONSE_TO_LIGHT_STIMULUS	-0.3352358230652883			
REACTOME_MEIOTIC_RECOMBINATION	-0.3352682898658523			
GSE8621_LPS_STIM_VS_LPS_PRIMED_AND_LPS_STIM_MACROPHAGE_DN	-0.3353222506837917			
GSE21927_C26GM_VS_4T1_TUMOR_MONOCYTE_BALBC_DN	-0.33543384222668643			
GSE29164_UNTREATED_VS_CD8_TCELL_TREATED_MELANOMA_DAY3_DN	-0.3355159585438288			
GO_PROTEIN_POLY_ADP_RIBOSYLATION	-0.33558300241078853			
GO_POSITIVE_REGULATION_OF_MHC_CLASS_II_BIOSYNTHETIC_PROCESS	-0.3355897145217878			
GSE15930_STIM_VS_STIM_AND_TRICHOSTATINA_72H_CD8_T_CELL_UP	-0.3356037684721705			
GO_DE_NOVO_CENTRIOLE_ASSEMBLY	-0.3356890233096043			
GSE16450_CTRL_VS_IFNA_6H_STIM_MATURE_NEURON_CELL_LINE_DN	-0.33574062801137167			
REACTOME_GPVI_MEDIATED_ACTIVATION_CASCADE	-0.3357443088349857			
BRCA1_DN.V1_UP	-0.335878350826523			
GSE23505_IL6_IL1_IL23_VS_IL6_IL1_TGFB_TREATED_CD4_TCELL_UP	-0.3359141796916861			
GSE29614_DAY3_VS_DAY7_TIV_FLU_VACCINE_PBMC_DN	-0.3359173744725679			
GSE26928_CENTR_MEMORY_VS_CXCR5_POS_CD4_TCELL_DN	-0.33593055657506893			
SHIN_B_CELL_LYMPHOMA_CLUSTER_9	-0.335964539131064			
GO_DEOXYRIBONUCLEASE_ACTIVITY	-0.3359695033559182			
GSE21670_IL6_VS_TGFB_AND_IL6_TREATED_CD4_TCELL_UP	-0.335981555733673			
IPA_SRCAP_UP	-0.3360557901237572			
REACTOME_SUMOYLATION_OF_RNA_BINDING_PROTEINS	-0.33606750697327686			
MARIADASON_RESPONSE_TO_BUTYRATE_SULINDAC_6	-0.3361333571151264			
GSE26928_NAIVE_VS_CXCR5_POS_CD4_TCELL_UP	-0.3362161628304659			
GSE11961_FOLLICULAR_BCELL_VS_GERMINAL_CENTER_BCELL_DAY40_DN	-0.3362982323779808			
GO_EXTRACELLULAR_LIGAND_GATED_ION_CHANNEL_ACTIVITY	-0.3363857414570734			
GO_COHESIN_COMPLEX	-0.3364719237267693			
GSE3982_NEUTROPHIL_VS_BCELL_DN	-0.336475245320266			
GSE27786_BCELL_VS_NKTCELL_UP	-0.3364803737031942			
GSE29614_CTRL_VS_DAY3_TIV_FLU_VACCINE_PBMC_DN	-0.3364893652591903			
GO_CHROMATIN	-0.33650431643867595			
GSE5099_DAY3_VS_DAY7_MCSF_TREATED_MACROPHAGE_DN	-0.3365479458795628			
GO_REGULATION_OF_CELL_KILLING	-0.3365672463088135			
GSE36888_UNTREATED_VS_IL2_TREATED_STAT5_AB_KNOCKIN_TCELL_2H_DN	-0.33657323915873905			
FERRANDO_T_ALL_WITH_MLL_ENL_FUSION_DN	-0.33657397332474615			
GSE11961_MARGINAL_ZONE_BCELL_VS_GERMINAL_CENTER_BCELL_DAY7_UP	-0.3365861869778289			
GSE29618_MONOCYTE_VS_MDC_DAY7_FLU_VACCINE_DN	-0.3365861997655445			
GOLDRATH_NAIVE_VS_EFF_CD8_TCELL_UP	-0.3367045856231239			
REACTOME_POSITIVE_EPIGENETIC_REGULATION_OF_RRNA_EXPRESSION	-0.33671464670162926			
GO_PURINERGIC_RECEPTOR_ACTIVITY	-0.3367299262229323			
GSE1925_CTRL_VS_IFNG_PRIMED_MACROPHAGE_3H_IFNG_STIM_UP	-0.33685185673096485			
GSE7218_UNSTIM_VS_ANTIGEN_STIM_THROUGH_IGG_BCELL_DN	-0.33694219102072887			
IRF1_Q6	-0.3369628011650423			
SHIN_B_CELL_LYMPHOMA_CLUSTER_3	-0.33698584966371953			
GO_ENDODEOXYRIBONUCLEASE_ACTIVITY	-0.33712402255164703			
GO_DNA_STRAND_ELONGATION_INVOLVED_IN_DNA_REPLICATION	-0.3371325105681684			
GO_MYOFIBROBLAST_DIFFERENTIATION	-0.33716241388432105			
GO_REGULATION_OF_MYOFIBROBLAST_DIFFERENTIATION	-0.33716241388432105			
REACTOME_SUMOYLATION_OF_UBIQUITINYLATION_PROTEINS	-0.33722436345273676			
DUNNE_TARGETS_OF_AML1_MTG8_FUSION_UP	-0.33726475255450694			
GO_MHC_CLASS_II_BIOSYNTHETIC_PROCESS	-0.33730072367659786			
REACTOME_DNA_REPAIR	-0.33731167189767464			
GO_TRANSFERASE_COMPLEX_TRANSFERRING_PHOSPHORUS_CONTAINING_GROUPS	-0.33735116260357145			
REACTOME_DAP12_SIGNALING	-0.33740779754585803			
HALLMARK_E2F_TARGETS	-0.3374246026573886			
GSE9006_TYPE_1_VS_TYPE_2_DIABETES_PBMC_AT_DX_UP	-0.33751751858634726			
GSE42088_UNINF_VS_LEISHMANIA_INF_DC_24H_UP	-0.33755429202269055			
GSE3982_DC_VS_BASOPHIL_DN	-0.337583383010889			
GSE9006_HEALTHY_VS_TYPE_2_DIABETES_PBMC_AT_DX_UP	-0.3375974440858421			
WU_HBX_TARGETS_3_UP	-0.3375996832962327			
REACTOME_PRC2_METHYLATES_HISTONES_AND_DNA	-0.33762392030114297			
GSE39820_CTRL_VS_IL1B_IL6_IL23A_CD4_TCELL_UP	-0.3376675542091443			
GO_CUL4_RING_E3_UBIQUITIN_LIGASE_COMPLEX	-0.3376728698175521			
REACTOME_PD_1_SIGNALING	-0.33768854103460666			
SLEBOS_HEAD_AND_NECK_CANCER_WITH_HPV_UP	-0.33770433248373394			
GO_NEGATIVE_REGULATION_OF_B_CELL_ACTIVATION	-0.337710374025614			
GO_MISMATCH_REPAIR_COMPLEX_BINDING	-0.3377180253713026			
GO_REGULATION_OF_PEPTIDYL_SERINE_DEPHOSPHORYLATION	-0.33779497041939704			
GO_MSL_COMPLEX	-0.33784208579321723			
GO_NEGATIVE_REGULATION_OF_T_CELL_MEDIATED_CYTOTOXICITY	-0.3379800722953984			
MIR7515	-0.33799265504426096			
GO_SISTER_CHROMATID_COHESION	-0.33802390377271063			
GSE6259_DEC205_POS_DC_VS_CD8_TCELL_UP	-0.3381565127853964			
SHAFFER_IRF4_TARGETS_IN_ACTIVATED_DENDRITIC_CELL	-0.33836463408139983			
GO_PERICENTRIOLAR_MATERIAL	-0.33840397973730074			
GSE6674_ANTI_IGM_VS_CPG_STIM_BCELL_UP	-0.3384544887156723			
GO_3_5_DNA_HELICASE_ACTIVITY	-0.3384917038009793			
GO_SINGLE_STRANDED_DNA_HELICASE_ACTIVITY	-0.33853565299755256			
KRAS.PROSTATE_UP.V1_UP	-0.33869077667842046			
GSE11864_CSF1_IFNG_VS_CSF1_PAM3CYS_IN_MAC_UP	-0.3387062624142984			
GSE9509_10MIN_VS_30MIN_LPS_STIM_IL10_KO_MACROPHAGE_DN	-0.3387481957745897			
IPA_NFIX_DN	-0.33875575301623406			
GO_TELOMERE_MAINTENANCE_VIA_SEMI_CONSERVATIVE_REPLICATION	-0.3387595287057693			
GSE29164_DAY3_VS_DAY7_UNTREATED_MELANOMA_UP	-0.3388633189339973			
KAMMINGA_EZH2_TARGETS	-0.33888777521722935			
GSE17301_CTRL_VS_48H_ACD3_ACD28_STIM_CD8_TCELL_UP	-0.3389242050973876			
KUUSELO_PANCREATIC_CANCER_19Q13_AMPLIFICATION	-0.3389541349731021			
GO_NON_MEMBRANE_SPANNING_PROTEIN_TYROSINE_KINASE_ACTIVITY	-0.33903743150889076			
GSE28737_WT_VS_BCL6_KO_FOLLICULAR_BCELL_DN	-0.33908072329342454			
GSE21927_SPLEEN_C57BL6_VS_EL4_TUMOR_BALBC_MONOCYTES_UP	-0.33910441208083847			
GO_MAST_CELL_MEDIATED_IMMUNITY	-0.3391571802645296			
GO_DNA_TRANSLOCASE_ACTIVITY	-0.33916279505687374			
GO_MRNA_3_END_PROCESSING	-0.33916558487466336			
GO_LEUKOCYTE_APOPTOTIC_PROCESS	-0.33931420434612397			
GO_SEQUENCE_SPECIFIC_DOUBLE_STRANDED_DNA_BINDING	-0.33952451792239896			
GO_REGULATION_OF_CD40_SIGNALING_PATHWAY	-0.33953321017708565			
GSE2770_IL12_ACT_VS_ACT_CD4_TCELL_48H_DN	-0.33961003159384884			
GSE13306_TREG_VS_TCONV_LAMINA_PROPRIA_DN	-0.3396215810490251			
GSE11961_UNSTIM_VS_ANTI_IGM_AND_CD40_STIM_6H_FOLLICULAR_BCELL_DN	-0.33969860944094343			
GO_PHOSPHATIDYLINOSITOL_3_KINASE_ACTIVITY	-0.33972193493585046			
GO_1_PHOSPHATIDYLINOSITOL_3_KINASE_ACTIVITY	-0.33974521532854174			
GO_IMMUNOGLOBULIN_COMPLEX_CIRCULATING	-0.33976289392936126			
GO_NEGATIVE_REGULATION_OF_B_CELL_RECEPTOR_SIGNALING_PATHWAY	-0.339785263700696			
GSE34205_HEALTHY_VS_FLU_INF_INFANT_PBMC_UP	-0.3397933242308635			
GO_MONOUBIQUITINATED_PROTEIN_DEUBIQUITINATION	-0.33981161050168207			
GSE29618_MONOCYTE_VS_MDC_DN	-0.33990444024485306			
GO_NEGATIVE_REGULATION_OF_IMMUNE_SYSTEM_PROCESS	-0.33997079343042896			
GO_REGULATION_OF_T_CELL_MEDIATED_IMMUNITY	-0.33997770273213634			
GO_SITE_OF_DNA_DAMAGE	-0.3400011060294489			
GO_U2_TYPE_SPLICEOSOMAL_COMPLEX	-0.3400013351685957			
GSE22601_DOUBLE_POSITIVE_VS_CD8_SINGLE_POSITIVE_THYMOCYTE_UP	-0.34002476861336256			
GSE11884_WT_VS_FURIN_KO_NAIVE_CD4_TCELL_DN	-0.3400683247135844			
GO_DNA_POLYMERASE_ACTIVITY	-0.3400753259047174			
GSE12845_IGD_POS_BLOOD_VS_NAIVE_TONSIL_BCELL_UP	-0.34008637458823004			
REACTOME_PCNA_DEPENDENT_LONG_PATCH_BASE_EXCISION_REPAIR	-0.34013092564846703			
MIR3605_5P	-0.34014667862360665			
GSE37416_CTRL_VS_12H_F_TULARENSIS_LVS_NEUTROPHIL_UP	-0.34017037456310784			
GO_MLL3_4_COMPLEX	-0.3401729515419815			
GO_RESPIRATORY_BURST	-0.3402817279292111			
GO_DNA_STRAND_ELONGATION	-0.3402950200608858			
GO_HISTONE_THREONINE_PHOSPHORYLATION	-0.340326444166909			
GO_HISTONE_THREONINE_KINASE_ACTIVITY	-0.340326444166909			
BIOCARTA_NKT_PATHWAY	-0.34038758082656406			
GO_REPLISOME	-0.3404151289487308			
GSE22886_IGG_IGA_MEMORY_BCELL_VS_BLOOD_PLASMA_CELL_UP	-0.34045125955595223			
GO_MRNA_METABOLIC_PROCESS	-0.34045457526050005			
GO_INTERLEUKIN_10_BIOSYNTHETIC_PROCESS	-0.3404983751682236			
GO_DNA_REPLICATION	-0.3405231370647663			
GO_NUCLEAR_BODY_ORGANIZATION	-0.3405406657070125			
REACTOME_BASE_EXCISION_REPAIR_AP_SITE_FORMATION	-0.34054346453403694			
GO_MEIOSIS_I_CELL_CYCLE_PROCESS	-0.34054534979920614			
GSE27786_LSK_VS_CD8_TCELL_DN	-0.34062977249433124			
GO_REGULATION_OF_CHROMATIN_ORGANIZATION	-0.3407480995128172			
KEGG_ANTIGEN_PROCESSING_AND_PRESENTATION	-0.34077842021674204			
MIR128_2_5P	-0.34082502537555665			
GSE339_EX_VIVO_VS_IN_CULTURE_CD8POS_DC_UP	-0.34085719238716194			
GO_INTRASPECIES_INTERACTION_BETWEEN_ORGANISMS	-0.3408575405024044			
GSE22886_CD8_TCELL_VS_BCELL_NAIVE_DN	-0.34091195678076136			
GSE33425_CD161_HIGH_VS_INT_CD8_TCELL_UP	-0.34091932340044273			
REACTOME_DNA_DOUBLE_STRAND_BREAK_REPAIR	-0.3409701822772035			
GSE22886_DAY0_VS_DAY7_MONOCYTE_IN_CULTURE_UP	-0.3410030403610579			
REACTOME_REPRODUCTION	-0.3410045741487627			
GO_HISTONE_UBIQUITINATION	-0.3410048819782732			
GSE25146_UNSTIM_VS_HELIOBACTER_PYLORI_LPS_STIM_AGS_CELL_DN	-0.34107052384657605			
KEGG_AUTOIMMUNE_THYROID_DISEASE	-0.34108459659304674			
GO_HISTONE_DEMETHYLASE_ACTIVITY	-0.34109123450167805			
GO_HOMOLOGOUS_CHROMOSOME_SEGREGATION	-0.34113954862989515			
GO_REGULATION_OF_DNA_METABOLIC_PROCESS	-0.3411880316342414			
GO_S_ADENOSYLMETHIONINE_DEPENDENT_METHYLTRANSFERASE_ACTIVITY	-0.3412852436147576			
GO_PRE_REPLICATIVE_COMPLEX_ASSEMBLY_INVOLVED_IN_CELL_CYCLE_DNA_REPLICATION	-0.3412907358655878			
GSE17721_CTRL_VS_CPG_1H_BMDC_UP	-0.34138142772395924			
GO_DNA_DOUBLE_STRAND_BREAK_PROCESSING	-0.34143082965598276			
GO_DNA_BINDING_TRANSCRIPTION_FACTOR_ACTIVITY	-0.3414568357912534			
GSE3982_BCELL_VS_TH1_UP	-0.34151201836783374			
GO_NEGATIVE_REGULATION_OF_LEUKOCYTE_APOPTOTIC_PROCESS	-0.34152396293721027			
MIR6775_5P	-0.34156569095876954			
REACTOME_HOMOLOGY_DIRECTED_REPAIR	-0.341574362268622			
GO_TRANSFERASE_ACTIVITY_TRANSFERRING_ONE_CARBON_GROUPS	-0.3416146187565827			
LEE_EARLY_T_LYMPHOCYTE_UP	-0.3416316308454275			
GSE5542_IFNA_VS_IFNA_AND_IFNG_TREATED_EPITHELIAL_CELLS_6H_UP	-0.34165023110553894			
GSE33292_DN3_THYMOCYTE_VS_TCF1_KO_TCELL_LYMPHOMA_UP	-0.341697627793076			
GSE17721_PAM3CSK4_VS_GADIQUIMOD_4H_BMDC_DN	-0.3417047196090074			
IPA_USF2_DN	-0.34170680001077464			
GO_POSITIVE_REGULATION_OF_RNA_SPLICING	-0.34174036178949285			
GO_INDOLE_CONTAINING_COMPOUND_METABOLIC_PROCESS	-0.3417909811782086			
IPA_GATA1_UP	-0.34198008775875166			
GSE3982_MAST_CELL_VS_BASOPHIL_DN	-0.3420099160744659			
GO_SET1C_COMPASS_COMPLEX	-0.3420515845986336			
GSE32986_UNSTIM_VS_GMCSF_AND_CURDLAN_LOWDOSE_STIM_DC_DN	-0.3420566881539368			
GSE11057_EFF_MEM_VS_CENT_MEM_CD4_TCELL_DN	-0.3420597673150278			
IPA_SPI1_UP	-0.34219069588296885			
GSE21546_WT_VS_SAP1A_KO_AND_ELK1_KO_ANTI_CD3_STIM_DP_THYMOCYTES_DN	-0.34220729904883046			
GO_TELOMERIC_DNA_BINDING	-0.3422492915127612			
GO_REGULATION_OF_LIPOPOLYSACCHARIDE_MEDIATED_SIGNALING_PATHWAY	-0.3423154301954299			
IPA_PRDM1_UP	-0.34240173781983463			
GO_DNA_REPAIR_COMPLEX	-0.34240324400673977			
ZHAN_LATE_DIFFERENTIATION_GENES_DN	-0.3424082453112959			
GSE44649_WT_VS_MIR155_KO_ACTIVATED_CD8_TCELL_DN	-0.34255790804117614			
RICKMAN_TUMOR_DIFFERENTIATED_MODERATELY_VS_POORLY_DN	-0.3425902208518426			
GSE37301_MULTIPOTENT_PROGENITOR_VS_LYMPHOID_PRIMED_MPP_UP	-0.34259156169680843			
GSE3982_MAC_VS_NEUTROPHIL_DN	-0.3426364016755128			
GSE9601_UNTREATED_VS_PI3K_INHIBITOR_TREATED_HCMV_INF_MONOCYTE_UP	-0.3427224654742399			
GSE5503_LIVER_DC_VS_MLN_DC_ACTIVATED_ALLOGENIC_TCELL_DN	-0.34281160899347457			
GSE21033_3H_VS_24H_POLYIC_STIM_DC_UP	-0.34281204570980034			
GSE22886_NAIVE_TCELL_VS_NEUTROPHIL_UP	-0.3428467346077394			
GSE7568_IL4_TGFB_DEXAMETHASONE_VS_IL4_TGFB_TREATED_MACROPHAGE_DN	-0.34285645643697604			
KEGG_CHEMOKINE_SIGNALING_PATHWAY	-0.3428649622864648			
REACTOME_DNA_METHYLATION	-0.34296429506256676			
GSE6674_CPG_VS_CPG_AND_ANTI_IGM_STIM_BCELL_UP	-0.3430288240139738			
GO_HISTONE_H3_K36_DEMETHYLATION	-0.34304514040105233			
GO_HISTONE_DEMETHYLASE_ACTIVITY_H3_K36_SPECIFIC	-0.34304514040105233			
GSE22886_IGA_VS_IGM_MEMORY_BCELL_DN	-0.34305192450078503			
GSE14699_NAIVE_VS_ACT_CD8_TCELL_DN	-0.3430794934825088			
GO_DOUBLE_STRAND_BREAK_REPAIR_VIA_BREAK_INDUCED_REPLICATION	-0.34308906388491656			
PHESSE_TARGETS_OF_APC_AND_MBD2_UP	-0.3431196798287681			
GSE36888_STAT5_AB_KNOCKIN_VS_WT_TCELL_IL2_TREATED_17H_UP	-0.3431384932339547			
GO_REGULATION_OF_LEUKOCYTE_MEDIATED_CYTOTOXICITY	-0.34321090383891734			
GSE17301_ACD3_ACD28_VS_ACD3_ACD28_AND_IFNA5_STIM_CD8_TCELL_UP	-0.3432316276815173			
GO_COHESIN_LOADING	-0.34325347242299353			
REACTOME_CD22_MEDIATED_BCR_REGULATION	-0.34325731548074834			
GO_RESPONSE_TO_ANESTHETIC	-0.34326484891840253			
PID_FCER1_PATHWAY	-0.3432997438572952			
BIOCARTA_FCER1_PATHWAY	-0.3433266952199327			
GO_DNA_CONFORMATION_CHANGE	-0.3433444619899299			
GO_MEGAKARYOCYTE_DEVELOPMENT	-0.34336546301504994			
MIR3691_5P	-0.3433905439139817			
SHEN_SMARCA2_TARGETS_DN	-0.34339096593062185			
GO_LYMPHOCYTE_COSTIMULATION	-0.34345785297312575			
GSE22886_NAIVE_TCELL_VS_NKCELL_UP	-0.3434797951702423			
GSE411_WT_VS_SOCS3_KO_MACROPHAGE_IL6_STIM_100MIN_DN	-0.34356614161922355			
GO_ADENOSINE_TO_INOSINE_EDITING	-0.3435678848078112			
HELLER_HDAC_TARGETS_SILENCED_BY_METHYLATION_DN	-0.3436196973252587			
GSE37533_PPARG1_FOXP3_VS_PPARG2_FOXP3_TRANSDUCED_CD4_TCELL_UP	-0.34363788510257365			
PRC2_SUZ12_UP.V1_DN	-0.34364057403228626			
GO_RIBONUCLEOSIDE_CATABOLIC_PROCESS	-0.34365228563302597			
GSE14308_TH2_VS_NAIVE_CD4_TCELL_DN	-0.34366288263759776			
GSE11961_GERMINAL_CENTER_BCELL_DAY7_VS_GERMINAL_CENTER_BCELL_DAY40_DN	-0.34370722602002196			
GO_INTRINSIC_COMPONENT_OF_NUCLEAR_INNER_MEMBRANE	-0.3437217090710744			
GO_AP_4_ADAPTOR_COMPLEX	-0.343745067956853			
BOSCO_TH1_CYTOTOXIC_MODULE	-0.34376206491999145			
GSE46606_DAY1_VS_DAY3_CD40L_IL2_IL5_STIMULATED_IRF4HIGH_BCELL_UP	-0.343850805205797			
BAUS_TFF2_TARGETS_UP	-0.3439455978598627			
BIOCARTA_IL4_PATHWAY	-0.3439556801656099			
MAEKAWA_ATF2_TARGETS	-0.34400323347445516			
GO_H4_HISTONE_ACETYLTRANSFERASE_ACTIVITY	-0.34402979027165975			
GO_CHROMOSOME_CENTROMERIC_REGION	-0.34406296282391974			
GO_DEMETHYLATION	-0.3440694127522459			
FUNG_IL2_SIGNALING_2	-0.34408519342443006			
GSE7509_UNSTIM_VS_FCGRIIB_STIM_DC_DN	-0.34411091630137064			
GSE14699_NAIVE_VS_DELETIONAL_TOLERANCE_CD8_TCELL_UP	-0.34411934848564213			
GO_P_BODY	-0.3442527470610453			
GO_G_PROTEIN_COUPLED_PURINERGIC_RECEPTOR_SIGNALING_PATHWAY	-0.3443806871021398			
GSE21379_WT_VS_SAP_KO_TFH_CD4_TCELL_DN	-0.34439607588717985			
GO_POSITIVE_REGULATION_OF_INTERLEUKIN_2_PRODUCTION	-0.3444832738564858			
REACTOME_LAGGING_STRAND_SYNTHESIS	-0.3444937801182693			
IPA_TBX21_UP	-0.34456480624626623			
GSE39556_CD8A_DC_VS_NK_CELL_DN	-0.34457241184934867			
MYLLYKANGAS_AMPLIFICATION_HOT_SPOT_15	-0.34457962731962594			
GSE3565_DUSP1_VS_WT_SPLENOCYTES_DN	-0.3445846295178472			
REACTOME_TOXICITY_OF_BOTULINUM_TOXIN_TYPE_D_BONT_D	-0.3445900927727956			
GSE22611_NOD2_TRANSDUCED_VS_CTRL_HEK293T_STIMULATED_WITH_MDP_2H_UP	-0.34464273655146654			
BIOCARTA_IL2_PATHWAY	-0.34466317480583525			
GSE3039_NKT_CELL_VS_B2_BCELL_UP	-0.3447526833009745			
GSE22886_NAIVE_CD4_TCELL_VS_NEUTROPHIL_UP	-0.34476099621705064			
REACTOME_ESTABLISHMENT_OF_SISTER_CHROMATID_COHESION	-0.3447844239979673			
GSE3920_UNTREATED_VS_IFNA_TREATED_ENDOTHELIAL_CELL_DN	-0.34479956088552577			
TARTE_PLASMA_CELL_VS_PLASMABLAST_DN	-0.344801273775048			
GSE27786_NKCELL_VS_NKTCELL_DN	-0.3448454775609701			
MORI_EMU_MYC_LYMPHOMA_BY_ONSET_TIME_UP	-0.34490740907443584			
GO_TERMINATION_OF_RNA_POLYMERASE_II_TRANSCRIPTION	-0.34493404261994765			
GO_MITOCHONDRIAL_GENOME_MAINTENANCE	-0.3449618471546462			
GSE8921_UNSTIM_VS_TLR1_2_STIM_MONOCYTE_24H_UP	-0.3449721028136257			
GSE29618_PDC_VS_MDC_DAY7_FLU_VACCINE_UP	-0.3451139701470326			
GO_PROTEIN_LOCALIZATION_TO_CHROMOSOME	-0.345122028881689			
GO_REGULATION_OF_PROTEIN_ADP_RIBOSYLATION	-0.34512749292301864			
GO_NEGATIVE_REGULATION_OF_INTERLEUKIN_6_PRODUCTION	-0.3452122000264588			
GO_NEGATIVE_REGULATION_OF_B_CELL_PROLIFERATION	-0.3452212586646357			
GO_RESOLUTION_OF_MEIOTIC_RECOMBINATION_INTERMEDIATES	-0.3452402034077316			
GO_RNA_POLYMERASE_CORE_ENZYME_BINDING	-0.34524661181895017			
GSE17186_NAIVE_VS_CD21HIGH_TRANSITIONAL_BCELL_CORD_BLOOD_DN	-0.3454269310500998			
GO_REGULATION_OF_TRANSPOSITION	-0.3454509202196058			
GSE26030_TH1_VS_TH17_RESTIMULATED_DAY15_POST_POLARIZATION_UP	-0.34551322321258604			
PASTURAL_RIZ1_TARGETS_DN	-0.345606310376229			
GO_NUCLEAR_BODY	-0.34561821919378033			
BIOCARTA_ACH_PATHWAY	-0.3456984430994388			
ZNF622_TARGET_GENES	-0.34583768152057653			
MIR3189_5P	-0.34590599786388165			
GSE3982_MAC_VS_TH1_DN	-0.3459145991827471			
GSE16266_LPS_VS_HEATSHOCK_AND_LPS_STIM_MEF_UP	-0.3459324632076295			
GSE11864_CSF1_IFNG_VS_CSF1_IFNG_PAM3CYS_IN_MAC_UP	-0.346007736174779			
GO_CONDENSED_CHROMOSOME	-0.34608319899890494			
GO_REGULATION_OF_TRANSCRIPTION_INVOLVED_IN_G1_S_TRANSITION_OF_MITOTIC_CELL_CYCLE	-0.3460947598738816			
FARMER_BREAST_CANCER_CLUSTER_1	-0.34616273663591757			
MYLLYKANGAS_AMPLIFICATION_HOT_SPOT_8	-0.3461959530201709			
IPA_TCEB1_UP	-0.34622479794455463			
GSE7768_OVA_ALONE_VS_OVA_WITH_LPS_IMMUNIZED_MOUSE_WHOLE_SPLEEN_6H_UP	-0.34624285529462795			
GO_TYPE_I_INTERFERON_SECRETION	-0.3462449365473481			
GO_REGULATION_OF_HEMOPOIESIS	-0.3462622161338736			
LU_IL4_SIGNALING	-0.3464107208429856			
GSE43863_NAIVE_VS_MEMORY_TFH_CD4_TCELL_D150_LCMV_UP	-0.3464351961126306			
GO_RNA_PROCESSING	-0.34643673525110513			
GO_POSITIVE_REGULATION_OF_MRNA_METABOLIC_PROCESS	-0.34661571113212264			
GO_H4_HISTONE_ACETYLTRANSFERASE_COMPLEX	-0.346639608820832			
GO_DNA_DIRECTED_DNA_POLYMERASE_ACTIVITY	-0.3466517440230453			
GSE22886_NAIVE_VS_MEMORY_TCELL_UP	-0.34666005632637586			
GSE45365_HEALTHY_VS_MCMV_INFECTION_CD8_TCELL_IFNAR_KO_DN	-0.34702017823815			
GSE37605_C57BL6_VS_NOD_FOXP3_IRES_GFP_TCONV_DN	-0.347027066805916			
GSE32255_WT_UNSTIM_VS_JMJD2D_KNOCKDOWN_4H_LPS_STIM_DC_UP	-0.34703679499545187			
MATZUK_MEIOTIC_AND_DNA_REPAIR	-0.34706529263464353			
GSE6269_E_COLI_VS_STAPH_AUREUS_INF_PBMC_UP	-0.3471372574666697			
PID_TCR_JNK_PATHWAY	-0.3471585453941375			
GO_HISTONE_H4_K5_ACETYLATION	-0.3471642374871579			
GSE20152_SPHK1_KO_VS_HTNFA_OVEREXPRESS_ANKLE_DN	-0.34717071175342235			
GO_DNA_TOPOISOMERASE_ACTIVITY	-0.34724553480800063			
GSE27786_CD4_TCELL_VS_NKTCELL_UP	-0.34725928076971674			
GSE37301_MULTIPOTENT_PROGENITOR_VS_COMMON_LYMPHOID_PROGENITOR_UP	-0.3472833292550096			
GSE20727_H2O2_VS_ROS_INHIBITOR_TREATED_DC_DN	-0.3473869563758013			
E2F_01	-0.34740614867792174			
GSE32533_WT_VS_MIR17_KO_ACT_CD4_TCELL_DN	-0.3475208516069979			
IPA_KLF5_DN	-0.347599389989735			
REACTOME_PLATELET_HOMEOSTASIS	-0.34764168581773625			
GO_MEIOTIC_CHROMOSOME_SEGREGATION	-0.34766124375632973			
GO_TRANSCRIPTION_PREINITIATION_COMPLEX_ASSEMBLY	-0.3478089947721587			
GO_REGULATION_OF_INTERLEUKIN_6_MEDIATED_SIGNALING_PATHWAY	-0.34790563035487754			
GSE6674_PL2_3_VS_ANTI_IGM_AND_CPG_STIM_BCELL_UP	-0.34798629105565415			
MARSHALL_VIRAL_INFECTION_RESPONSE_DN	-0.34805126358560695			
EHRLICH_ICF_SYNDROM_DN	-0.3480704509941045			
GSE7218_UNSTIM_VS_ANTIGEN_STIM_THROUGH_IGM_BCELL_DN	-0.3481174877950242			
GO_REGULATION_OF_INFLAMMATORY_RESPONSE_TO_ANTIGENIC_STIMULUS	-0.34823119325389523			
GSE9006_HEALTHY_VS_TYPE_1_DIABETES_PBMC_1MONTH_POST_DX_DN	-0.34832661741131254			
GO_TRANSCRIPTION_EXPORT_COMPLEX	-0.34833743449916177			
REACTOME_MRNA_SPLICING	-0.34838902280103545			
GSE3982_BCELL_VS_BASOPHIL_UP	-0.3484272347691746			
GO_INTERFERON_ALPHA_BIOSYNTHETIC_PROCESS	-0.34845027227398556			
GSE13547_CTRL_VS_ANTI_IGM_STIM_ZFX_KO_BCELL_12H_DN	-0.34845634892055427			
REACTOME_DNA_STRAND_ELONGATION	-0.34858365481248355			
GSE3565_CTRL_VS_LPS_INJECTED_DUSP1_KO_SPLENOCYTES_DN	-0.34861097041769745			
GO_NEGATIVE_REGULATION_OF_LEUKOCYTE_MEDIATED_IMMUNITY	-0.3486392130415696			
GSE14350_TREG_VS_TEFF_UP	-0.3487918933418854			
FERREIRA_EWINGS_SARCOMA_UNSTABLE_VS_STABLE_UP	-0.3488277253188866			
GUTIERREZ_WALDENSTROEMS_MACROGLOBULINEMIA_2	-0.3488400841706037			
GSE37416_CTRL_VS_24H_F_TULARENSIS_LVS_NEUTROPHIL_UP	-0.34887436017986617			
GO_DNA_PACKAGING	-0.34888072460751873			
GO_MISMATCH_REPAIR_COMPLEX	-0.3488961117629482			
GO_ACTIN_CORTICAL_PATCH_LOCALIZATION	-0.34902192614115524			
GSE16385_IFNG_TNF_VS_UNSTIM_MACROPHAGE_ROSIGLITAZONE_TREATED_DN	-0.34904717398292506			
GO_MRNA_CIS_SPLICING_VIA_SPLICEOSOME	-0.34914942140854144			
GO_POSITIVE_REGULATION_OF_GRANULOCYTE_DIFFERENTIATION	-0.34915783435365544			
GSE33374_CD8_ALPHAALPHA_VS_ALPHABETA_CD161_HIGH_TCELL_DN	-0.3492377431742691			
GSE24972_WT_VS_IRF8_KO_SPLEEN_FOLLICULAR_BCELL_DN	-0.3492600659333122			
MIR6772_5P	-0.349314696337831			
CHIARETTI_T_ALL_RELAPSE_PROGNOSIS	-0.3494010758633157			
GSE27786_CD8_TCELL_VS_MONO_MAC_UP	-0.34941530108817154			
GO_LYSINE_ACETYLATED_HISTONE_BINDING	-0.3494397346553126			
GSE21546_UNSTIM_VS_ANTI_CD3_STIM_SAP1A_KO_AND_ELK1_KO_DP_THYMOCYTES_DN	-0.3494590110973607			
GO_POSITIVE_REGULATION_OF_MRNA_PROCESSING	-0.3495611440654525			
HOFFMANN_SMALL_PRE_BII_TO_IMMATURE_B_LYMPHOCYTE_UP	-0.3495630046427613			
GO_N_METHYLTRANSFERASE_ACTIVITY	-0.3495704855708204			
GO_SINGLE_STRANDED_DNA_BINDING	-0.3497684177832874			
GO_SPLICEOSOMAL_COMPLEX	-0.349858254585686			
GO_MUTLALPHA_COMPLEX_BINDING	-0.3498629843593392			
GO_CONDENSED_NUCLEAR_CHROMOSOME	-0.34994089251635924			
GSE23568_CTRL_TRANSDUCED_VS_WT_CD8_TCELL_DN	-0.35000292758544643			
BIOCARTA_PRC2_PATHWAY	-0.3500344584652072			
REACTOME_RESOLUTION_OF_D_LOOP_STRUCTURES_THROUGH_SYNTHESIS_DEPENDENT_STRAND_ANNEALING_SDSA	-0.35005867485178205			
GO_METHYLTRANSFERASE_COMPLEX	-0.35008899277985606			
GSE19401_NAIVE_VS_IMMUNIZED_MOUSE_PLN_FOLLICULAR_DC_DN	-0.3501481441526379			
GO_U1_SNRNP	-0.35015452411780407			
BIOCARTA_BCR_PATHWAY	-0.3501665271117762			
GO_FC_EPSILON_RECEPTOR_SIGNALING_PATHWAY	-0.35019373468068293			
GSE3920_IFNB_VS_IFNG_TREATED_ENDOTHELIAL_CELL_DN	-0.3501983636325764			
GO_C_C_CHEMOKINE_BINDING	-0.3502040744041598			
GSE3982_MAC_VS_BASOPHIL_DN	-0.3503003723489178			
ZHAN_MULTIPLE_MYELOMA_CD1_AND_CD2_UP	-0.3504070157688318			
GSE21670_TGFB_VS_IL6_TREATED_STAT3_KO_CD4_TCELL_DN	-0.3504518295471363			
GO_REGULATION_OF_GRANULOCYTE_DIFFERENTIATION	-0.3504547545671159			
MIR6888_3P	-0.3504746495989339			
GO_TRANSFERASE_COMPLEX	-0.3504977962311276			
GSE14308_TH1_VS_NAIVE_CD4_TCELL_DN	-0.35052305572355635			
GSE31082_DN_VS_DP_THYMOCYTE_DN	-0.3505815297756891			
GSE16450_CTRL_VS_IFNA_6H_STIM_IMMATURE_NEURON_CELL_LINE_DN	-0.35061128895824967			
GSE2405_0H_VS_12H_A_PHAGOCYTOPHILUM_STIM_NEUTROPHIL_UP	-0.3506525106534296			
GSE3720_UNSTIM_VS_PMA_STIM_VD2_GAMMADELTA_TCELL_UP	-0.3506881630398385			
GO_NUCLEAR_REPLICATION_FORK	-0.3506972203933596			
BIOCARTA_CTL_PATHWAY	-0.35070358127111634			
GO_HISTONE_METHYLTRANSFERASE_ACTIVITY_H3_K36_SPECIFIC	-0.3507160260361769			
GO_BASE_EXCISION_REPAIR_GAP_FILLING	-0.3507350127846209			
GSE37532_WT_VS_PPARG_KO_VISCERAL_ADIPOSE_TISSUE_TCONV_UP	-0.3508219391488033			
BIOCARTA_NO2IL12_PATHWAY	-0.35087200095088833			
REACTOME_RESOLUTION_OF_ABASIC_SITES_AP_SITES	-0.3509177034180793			
PID_IL2_STAT5_PATHWAY	-0.3509235435035597			
GINESTIER_BREAST_CANCER_ZNF217_AMPLIFIED_DN	-0.35101628655578404			
GO_BASE_CONVERSION_OR_SUBSTITUTION_EDITING	-0.35102578226953673			
BOSCO_ALLERGEN_INDUCED_TH2_ASSOCIATED_MODULE	-0.3510351128823142			
GSE27786_LIN_NEG_VS_BCELL_DN	-0.351120242058842			
GO_G_RICH_STRAND_TELOMERIC_DNA_BINDING	-0.35114380667897865			
KEGG_MISMATCH_REPAIR	-0.35115275718149663			
GO_DNA_HELICASE_ACTIVITY	-0.3511582035437625			
GSE27896_HDAC6_KO_VS_WT_TREG_UP	-0.3511664980646372			
GO_PROTEIN_ACETYLATION	-0.3511717445860883			
GO_REGULATION_OF_DEFENSE_RESPONSE_TO_VIRUS_BY_VIRUS	-0.35119669426338784			
GSE24634_NAIVE_CD4_TCELL_VS_DAY5_IL4_CONV_TREG_UP	-0.3513084905383367			
PID_IL2_1PATHWAY	-0.35138989331801224			
CIITA_TARGET_GENES	-0.3514122213950955			
GSE33425_CD8_ALPHAALPHA_VS_ALPHABETA_CD161_HIGH_TCELL_DN	-0.351432311598329			
BIOCARTA_ERK5_PATHWAY	-0.3514615699873035			
GO_NADPLUS_KINASE_ACTIVITY	-0.3514663479329013			
GSE9988_ANTI_TREM1_AND_LPS_VS_VEHICLE_TREATED_MONOCYTES_DN	-0.35146753734275543			
GO_REGULATION_OF_MRNA_METABOLIC_PROCESS	-0.351474590305613			
GSE20727_CTRL_VS_H2O2_TREATED_DC_DN	-0.3514895649866345			
GO_CALCIUM_MEDIATED_SIGNALING	-0.35154349557382397			
GO_POSITIVE_REGULATION_OF_ALPHA_BETA_T_CELL_PROLIFERATION	-0.35161088503416443			
KEGG_INTESTINAL_IMMUNE_NETWORK_FOR_IGA_PRODUCTION	-0.3516199353910943			
REACTOME_GENERATION_OF_SECOND_MESSENGER_MOLECULES	-0.3516258408602498			
GSE22313_HEALTHY_VS_SLE_MOUSE_CD4_TCELL_DN	-0.3516261868249587			
GO_IMMUNOGLOBULIN_RECEPTOR_BINDING	-0.35163444532781196			
GO_T_CELL_RECEPTOR_BINDING	-0.35169552181636066			
MIR188_3P	-0.35169781576443254			
KAECH_DAY15_EFF_VS_MEMORY_CD8_TCELL_UP	-0.3517165456901047			
GSE37605_C57BL6_VS_NOD_FOXP3_IRES_GFP_TREG_DN	-0.3517364439803261			
GSE3982_EOSINOPHIL_VS_DC_UP	-0.3518464124997241			
GO_B_CELL_APOPTOTIC_PROCESS	-0.3518470490180875			
GSE2706_UNSTIM_VS_2H_R848_DC_UP	-0.3519611757306692			
GSE6259_33D1_POS_DC_VS_CD4_TCELL_UP	-0.3521135556903905			
REACTOME_PROCESSING_OF_CAPPED_INTRON_CONTAINING_PRE_MRNA	-0.35214553833443524			
GO_LEUKOCYTE_MEDIATED_CYTOTOXICITY	-0.35218866465896803			
GO_ANTIGEN_PROCESSING_AND_PRESENTATION_OF_LIPID_ANTIGEN_VIA_MHC_CLASS_IB	-0.35223135904444264			
QI_PLASMACYTOMA_UP	-0.35225678293483526			
GO_RNA_EXPORT_FROM_NUCLEUS	-0.3523389143972381			
GO_INDOLALKYLAMINE_METABOLIC_PROCESS	-0.3523754772319961			
GSE3337_CTRL_VS_16H_IFNG_IN_CD8POS_DC_DN	-0.35239346429591195			
GSE7852_TREG_VS_TCONV_FAT_DN	-0.35244744412500484			
GO_REGULATION_OF_IMMUNE_EFFECTOR_PROCESS	-0.3524928406234451			
GO_G_QUADRUPLEX_RNA_BINDING	-0.35251501952524467			
GO_CCR4_NOT_CORE_COMPLEX	-0.35260655195158497			
GO_SNRNA_BINDING	-0.35262577781229437			
GO_GRANULOCYTE_DIFFERENTIATION	-0.35263905104006654			
GO_POSITIVE_REGULATION_OF_HISTONE_H3_K4_METHYLATION	-0.3526587693199253			
KASLER_HDAC7_TARGETS_2_UP	-0.35282488558539954			
GO_HETEROCHROMATIN	-0.352870043193048			
REACTOME_POLB_DEPENDENT_LONG_PATCH_BASE_EXCISION_REPAIR	-0.3529940501705106			
GO_HISTONE_H3_K9_METHYLATION	-0.3530341894965564			
GO_G_PROTEIN_COUPLED_CHEMOATTRACTANT_RECEPTOR_ACTIVITY	-0.35306123368009507			
GO_NURD_COMPLEX	-0.35306782559283534			
REACTOME_CD28_DEPENDENT_VAV1_PATHWAY	-0.3530913628165013			
IPA_TCF12_UP	-0.35310692839639285			
GSE3039_CD4_TCELL_VS_NKT_CELL_UP	-0.3531155131426957			
GSE6259_BCELL_VS_CD8_TCELL_DN	-0.35324940168794433			
RAMALHO_STEMNESS_DN	-0.35329232405390526			
MIR4649_3P	-0.3533009327860572			
GSE21360_SECONDARY_VS_TERTIARY_MEMORY_CD8_TCELL_DN	-0.3533494657148586			
HDAC4_TARGET_GENES	-0.3534011657198947			
GO_DOUBLE_STRANDED_DNA_BINDING	-0.35342673736144015			
GSE3982_EOSINOPHIL_VS_MAST_CELL_UP	-0.3534789054400346			
TONKS_TARGETS_OF_RUNX1_RUNX1T1_FUSION_MONOCYTE_DN	-0.35357597500499827			
ELF1_Q6	-0.3539464938448615			
KREPPEL_CD99_TARGETS_DN	-0.35401090017073306			
MIR6865_3P	-0.35405334882201317			
GO_POSITIVE_REGULATION_OF_INFLAMMATORY_RESPONSE_TO_ANTIGENIC_STIMULUS	-0.35410758113290375			
REACTOME_SIGNALING_BY_ERYTHROPOIETIN	-0.354151874719037			
GSE6259_33D1_POS_DC_VS_BCELL_DN	-0.35424441084198083			
GO_REGULATION_OF_DNA_DEPENDENT_DNA_REPLICATION	-0.3542536130752604			
GSE22886_DAY0_VS_DAY1_MONOCYTE_IN_CULTURE_UP	-0.35426114914494805			
GSE21033_CTRL_VS_POLYIC_STIM_DC_6H_DN	-0.35434394373521916			
GSE33425_CD8_ALPHAALPHA_VS_ALPHABETA_CD161_HIGH_TCELL_UP	-0.35434425732656044			
GSE21927_C26GM_VS_4T1_TUMOR_MONOCYTE_BALBC_UP	-0.3543585213694193			
GSE41867_NAIVE_VS_DAY8_LCMV_EFFECTOR_CD8_TCELL_DN	-0.35442621804667324			
GO_NUCLEAR_CHROMOSOME	-0.3544339560957259			
IPA_SMARCC1_UP	-0.3544845909455621			
GO_POSITIVE_REGULATION_OF_MRNA_SPLICING_VIA_SPLICEOSOME	-0.35454269530043103			
GSE22886_NAIVE_CD8_TCELL_VS_MEMORY_TCELL_UP	-0.35478523628973146			
GO_TYPE_I_INTERFERON_PRODUCTION	-0.35479162615036086			
GSE27786_LIN_NEG_VS_CD8_TCELL_DN	-0.35480078161328715			
GO_N_ACYLTRANSFERASE_ACTIVITY	-0.3549097896674642			
GO_DNA_REPAIR	-0.3549776275810808			
GRABARCZYK_BCL11B_TARGETS_DN	-0.3550370896130303			
GO_REGULATION_OF_STORE_OPERATED_CALCIUM_CHANNEL_ACTIVITY	-0.35503873826126			
GO_SM_LIKE_PROTEIN_FAMILY_COMPLEX	-0.35504448420940404			
GSE46468_LUNG_INNATE_LYMPHOID_CELL_VS_SPLEEN_CD4_TCELL_UP	-0.3550775691174599			
GO_POSITIVE_REGULATION_OF_LEUKOCYTE_MEDIATED_IMMUNITY	-0.3553395892121721			
REACTOME_FC_EPSILON_RECEPTOR_FCERI_SIGNALING	-0.3553756831440799			
IPA_SATB1_DN	-0.35547180713376814			
GO_PCG_PROTEIN_COMPLEX	-0.355546072259808			
VILIMAS_NOTCH1_TARGETS_UP	-0.35558748681494473			
MIR6816_3P	-0.3556687073256139			
GSE27786_BCELL_VS_NKCELL_UP	-0.3557018408422122			
GO_POSITIVE_REGULATION_OF_PRODUCTION_OF_MOLECULAR_MEDIATOR_OF_IMMUNE_RESPONSE	-0.3557524241226129			
GSE45365_WT_VS_IFNAR_KO_CD11B_DC_UP	-0.3558525088336695			
GSE10325_CD4_TCELL_VS_BCELL_DN	-0.355858302623208			
GO_POSITIVE_REGULATION_OF_ANTIGEN_RECEPTOR_MEDIATED_SIGNALING_PATHWAY	-0.35586955923330377			
MIR4320	-0.3559127847246684			
GSE14415_FOXP3_KO_NATURAL_TREG_VS_TCONV_DN	-0.3559153687467231			
MEF2C_TARGET_GENES	-0.35591633229271663			
GSE5589_UNSTIM_VS_180MIN_LPS_AND_IL10_STIM_MACROPHAGE_DN	-0.3559261148230737			
GSE29618_PRE_VS_DAY7_POST_LAIV_FLU_VACCINE_MDC_DN	-0.3559739784746573			
GSE7831_UNSTIM_VS_CPG_STIM_PDC_1H_UP	-0.3560556192141326			
REACTOME_REGULATION_OF_TP53_ACTIVITY_THROUGH_ACETYLATION	-0.35606866077496946			
SHIN_B_CELL_LYMPHOMA_CLUSTER_8	-0.35609024950455737			
MULLIGHAN_MLL_SIGNATURE_1_UP	-0.3561312387599373			
GO_DNA_DEALKYLATION	-0.3561467381515366			
MIR3150B_3P	-0.3562121360992434			
GSE3982_MAST_CELL_VS_TH1_DN	-0.3562601038698552			
GO_NATURAL_KILLER_CELL_ACTIVATION	-0.35630691949910287			
GO_REGULATION_OF_CHROMOSOME_ORGANIZATION	-0.35630906649813365			
GSE20715_0H_VS_24H_OZONE_LUNG_UP	-0.3564161257906784			
GO_REGULATION_OF_B_CELL_RECEPTOR_SIGNALING_PATHWAY	-0.35661007266844374			
GO_REGULATION_OF_GAMMA_DELTA_T_CELL_ACTIVATION	-0.3567340493910362			
HOFMANN_MYELODYSPLASTIC_SYNDROM_RISK_DN	-0.3567496547958838			
GSE32901_NAIVE_VS_TH1_CD4_TCELL_DN	-0.35678362631638966			
BIOCARTA_PLC_PATHWAY	-0.35678369252517805			
REACTOME_TRAF6_MEDIATED_IRF7_ACTIVATION_IN_TLR7_8_OR_9_SIGNALING	-0.35682719474776786			
GO_MHC_PROTEIN_BINDING	-0.3568631755859408			
MIR3144_5P	-0.35695278894105714			
GSE13738_RESTING_VS_BYSTANDER_ACTIVATED_CD4_TCELL_UP	-0.35702401682777996			
GO_PRE_MIRNA_PROCESSING	-0.35705183411061847			
GO_THYMIC_T_CELL_SELECTION	-0.3570802956565626			
MEISSNER_ES_ICP_WITH_H3K4ME3_AND_H3K27ME3	-0.3571080091682206			
REACTOME_CD28_DEPENDENT_PI3K_AKT_SIGNALING	-0.3571082184957301			
GSE22886_NAIVE_BCELL_VS_BLOOD_PLASMA_CELL_UP	-0.3571338229901707			
SMIRNOV_RESPONSE_TO_IR_6HR_DN	-0.3571552877302307			
POOLA_INVASIVE_BREAST_CANCER_UP	-0.35717336669871314			
GO_REPLICATION_FORK	-0.35720258761203244			
GO_PROTEIN_METHYLTRANSFERASE_ACTIVITY	-0.3572131411614783			
GSE13306_LAMINA_PROPRIA_VS_SPLEEN_TREG_UP	-0.3572426241650334			
GSE36888_STAT5_AB_KNOCKIN_VS_WT_TCELL_IL2_TREATED_6H_UP	-0.3572540686058244			
GSE45881_CXCR6HI_VS_CXCR1LO_COLONIC_LAMINA_PROPRIA_DN	-0.3573534519358331			
REACTOME_INTERLEUKIN_2_FAMILY_SIGNALING	-0.357382292072753			
GSE24634_TREG_VS_TCONV_POST_DAY10_IL4_CONVERSION_UP	-0.3574558613036688			
GO_B_CELL_LINEAGE_COMMITMENT	-0.3575215551116812			
GO_REGULATION_OF_TRANSCRIPTION_OF_NUCLEOLAR_LARGE_RRNA_BY_RNA_POLYMERASE_I	-0.3575298686971133			
MIR4784	-0.35761138329171893			
MARSON_FOXP3_CORE_DIRECT_TARGETS	-0.357632387955321			
GO_T_HELPER_17_CELL_LINEAGE_COMMITMENT	-0.35764429462787223			
GO_POSITIVE_REGULATION_OF_LEUKOCYTE_DIFFERENTIATION	-0.3577287203640221			
GO_EXCITATORY_EXTRACELLULAR_LIGAND_GATED_ION_CHANNEL_ACTIVITY	-0.3577450311848708			
GSE33424_CD161_HIGH_VS_NEG_CD8_TCELL_UP	-0.35786269520249947			
JISON_SICKLE_CELL_DISEASE_DN	-0.35790012019830214			
REACTOME_FCERI_MEDIATED_CA_2_MOBILIZATION	-0.3579068866909191			
GO_MAST_CELL_ACTIVATION	-0.3579522445461494			
BIOCARTA_CTLA4_PATHWAY	-0.35795292109673993			
GSE32901_NAIVE_VS_TH17_NEG_CD4_TCELL_UP	-0.35798808415128325			
GSE13229_IMM_VS_INTMATURE_NKCELL_DN	-0.3580689460203006			
REACTOME_TRANSPORT_OF_MATURE_MRNAS_DERIVED_FROM_INTRONLESS_TRANSCRIPTS	-0.3580983727890091			
GO_RESPONSE_TO_PHORBOL_13_ACETATE_12_MYRISTATE	-0.3581783450796683			
GSE3720_UNSTIM_VS_LPS_STIM_VD1_GAMMADELTA_TCELL_UP	-0.35820011149346376			
GSE20715_0H_VS_6H_OZONE_TLR4_KO_LUNG_UP	-0.35820778479405246			
GSE3982_DC_VS_CENT_MEMORY_CD4_TCELL_DN	-0.35824438684295157			
GSE4590_SMALL_VS_LARGE_PRE_BCELL_UP	-0.3582854364079366			
KEGG_FC_EPSILON_RI_SIGNALING_PATHWAY	-0.3582910747588608			
GSE31082_DN_VS_CD8_SP_THYMOCYTE_DN	-0.3582978090203748			
REACTOME_SUMOYLATION_OF_DNA_DAMAGE_RESPONSE_AND_REPAIR_PROTEINS	-0.35834938976561564			
MORI_PLASMA_CELL_DN	-0.3583805196447861			
CHEN_ETV5_TARGETS_TESTIS	-0.3583869960311387			
GSE45365_HEALTHY_VS_MCMV_INFECTION_CD11B_DC_UP	-0.3585672584126852			
REACTOME_BASE_EXCISION_REPAIR	-0.3586548127865922			
BIOCARTA_PCAF_PATHWAY	-0.35875472268970166			
GSE29618_BCELL_VS_PDC_UP	-0.35876414980916105			
GO_RESPONSE_TO_MORPHINE	-0.3588882571090091			
GO_PHOSPHATIDYLINOSITOL_KINASE_ACTIVITY	-0.3589053474881584			
GSE9878_CTRL_VS_EBF_TRANSDUCED_PAX5_KO_PRO_BCELL_DN	-0.3590277974923649			
GSE13547_CTRL_VS_ANTI_IGM_STIM_ZFX_KO_BCELL_2H_UP	-0.3590729327913835			
KONDO_PROSTATE_CANCER_WITH_H3K27ME3	-0.3591121828059152			
GSE23502_WT_VS_HDC_KO_MYELOID_DERIVED_SUPPRESSOR_CELL_BM_UP	-0.3591667758523536			
KALMA_E2F1_TARGETS	-0.3591758328256656			
MIR3158_3P	-0.35918346358643727			
GO_REGULATION_OF_LEUKOCYTE_APOPTOTIC_PROCESS	-0.35919495828783354			
REACTOME_RESOLUTION_OF_AP_SITES_VIA_THE_MULTIPLE_NUCLEOTIDE_PATCH_REPLACEMENT_PATHWAY	-0.3592017843595348			
MIR6090	-0.3592945578329659			
BIOCARTA_HCMV_PATHWAY	-0.35937634779279987			
GSE37301_HEMATOPOIETIC_STEM_CELL_VS_RAG2_KO_NK_CELL_UP	-0.35942427869663923			
SIG_PIP3_SIGNALING_IN_B_LYMPHOCYTES	-0.3595363037330749			
GO_DNA_DEPENDENT_DNA_REPLICATION	-0.3595432475662594			
GSE9988_LOW_LPS_VS_VEHICLE_TREATED_MONOCYTE_DN	-0.3596595679507637			
GSE12366_NAIVE_VS_MEMORY_BCELL_UP	-0.3597856663377565			
GO_SMALL_NUCLEAR_RIBONUCLEOPROTEIN_COMPLEX	-0.35981836050770966			
GSE3920_UNTREATED_VS_IFNB_TREATED_ENDOTHELIAL_CELL_UP	-0.3598385107250333			
GSE5503_MLN_DC_VS_SPLEEN_DC_ACTIVATED_ALLOGENIC_TCELL_DN	-0.3598887405483983			
TERF2_TARGET_GENES	-0.3599009757354123			
GSE13411_NAIVE_BCELL_VS_PLASMA_CELL_UP	-0.3600410516683116			
GSE6269_HEALTHY_VS_FLU_INF_PBMC_UP	-0.36023274013350737			
GO_NEGATIVE_REGULATION_OF_ANTIGEN_RECEPTOR_MEDIATED_SIGNALING_PATHWAY	-0.3603658119293127			
MIR653_5P	-0.36039716234310976			
GO_RESPONSE_TO_INTERLEUKIN_4	-0.36041468804967436			
PID_IL12_2PATHWAY	-0.3605155050253932			
HOLLEMAN_PREDNISOLONE_RESISTANCE_B_ALL_UP	-0.36052965796952224			
GSE10240_IL22_VS_IL22_AND_IL17_STIM_PRIMARY_BRONCHIAL_EPITHELIAL_CELLS_DN	-0.3605590238961921			
GO_CHROMOSOME	-0.3605758522529877			
GO_PURINERGIC_RECEPTOR_SIGNALING_PATHWAY	-0.3606134396726924			
GO_GAMMA_DELTA_T_CELL_ACTIVATION	-0.3606393206315705			
ZHENG_FOXP3_TARGETS_IN_THYMUS_UP	-0.3606747464078005			
GSE17721_POLYIC_VS_PAM3CSK4_2H_BMDC_UP	-0.3607054657902306			
GSE25123_CTRL_VS_IL4_AND_ROSIGLITAZONE_STIM_MACROPHAGE_UP	-0.36070591396784474			
GSE411_UNSTIM_VS_100MIN_IL6_STIM_SOCS3_KO_MACROPHAGE_UP	-0.36071669195300193			
GO_POSITIVE_REGULATION_OF_HUMORAL_IMMUNE_RESPONSE_MEDIATED_BY_CIRCULATING_IMMUNOGLOBULIN	-0.3608669464763758			
PID_PI3KCI_PATHWAY	-0.36089939331740767			
GRESHOCK_CANCER_COPY_NUMBER_UP	-0.3609174489913412			
GSE12366_PLASMA_CELL_VS_NAIVE_BCELL_DN	-0.36092480819518796			
GO_SEQUENCE_SPECIFIC_DNA_BINDING	-0.36093767185969466			
GSE12845_IGD_POS_BLOOD_VS_NAIVE_TONSIL_BCELL_DN	-0.3609641978174768			
GSE34392_ST2_KO_VS_WT_DAY8_LCMV_EFFECTOR_CD8_TCELL_UP	-0.3609823456294607			
REACTOME_DISEASES_OF_MISMATCH_REPAIR_MMR	-0.36104022727039325			
HOLLMANN_APOPTOSIS_VIA_CD40_UP	-0.36104260489669865			
GSE27786_BCELL_VS_NEUTROPHIL_UP	-0.3611380435388328			
HELLER_HDAC_TARGETS_DN	-0.3611397872468443			
BYSTROEM_CORRELATED_WITH_IL5_DN	-0.36120072522581287			
GSE11864_UNTREATED_VS_CSF1_PAM3CYS_IN_MAC_UP	-0.3612451403245129			
GSE12845_IGD_POS_VS_NEG_BLOOD_BCELL_UP	-0.3612486915589497			
GSE21033_1H_VS_24H_POLYIC_STIM_DC_DN	-0.3612491207622567			
WIKMAN_ASBESTOS_LUNG_CANCER_DN	-0.36125217116103175			
HOEBEKE_LYMPHOID_STEM_CELL_UP	-0.3612871384243116			
GO_NUCLEAR_HETEROCHROMATIN	-0.36129954517576623			
TARTE_PLASMA_CELL_VS_B_LYMPHOCYTE_DN	-0.3613893555307768			
BOYLAN_MULTIPLE_MYELOMA_C_D_UP	-0.36141290428786216			
KEGG_DNA_REPLICATION	-0.3614194157744825			
WIELAND_UP_BY_HBV_INFECTION	-0.36145334048919553			
GSE2770_IL12_AND_TGFB_ACT_VS_ACT_CD4_TCELL_2H_DN	-0.3615365061769073			
GO_DNA_DEMETHYLATION	-0.3615756915740825			
GSE17301_ACD3_ACD28_VS_ACD3_ACD28_AND_IFNA2_STIM_CD8_TCELL_UP	-0.36157942406623195			
GSE19198_CTRL_VS_IL21_TREATED_TCELL_6H_UP	-0.3616110199970614			
GO_FC_RECEPTOR_SIGNALING_PATHWAY	-0.36166596361654846			
GO_HISTONE_METHYLTRANSFERASE_ACTIVITY	-0.36169598400631786			
GSE19941_UNSTIM_VS_LPS_STIM_IL10_KO_NFKBP50_KO_MACROPHAGE_UP	-0.3617248137704525			
GSE43863_LY6C_INT_CXCR5POS_VS_LY6C_LOW_CXCR5NEG_EFFECTOR_CD4_TCELL_UP	-0.3617558683271319			
HOFFMANN_PRE_BI_TO_LARGE_PRE_BII_LYMPHOCYTE_UP	-0.36178221752184886			
GO_T_CELL_ACTIVATION_VIA_T_CELL_RECEPTOR_CONTACT_WITH_ANTIGEN_BOUND_TO_MHC_MOLECULE_ON_ANTIGEN_PRESENTING_CELL	-0.36179142931926156			
MIR6500_3P	-0.36181781234359695			
NFY_Q6	-0.3618683441712973			
GO_SINGLE_STRAND_BREAK_REPAIR	-0.36192278408017414			
GSE11924_TH2_VS_TH17_CD4_TCELL_DN	-0.3619865284132673			
GSE22282_HYPOXIA_VS_NORMOXIA_MYELOID_DC_DN	-0.36202776069577197			
GO_TRNA_SPECIFIC_ADENOSINE_DEAMINASE_ACTIVITY	-0.3622555368037057			
GSE37301_CD4_TCELL_VS_GRANULOCYTE_MONOCYTE_PROGENITOR_DN	-0.3623065107150773			
GSE25085_FETAL_LIVER_VS_ADULT_BM_SP4_THYMIC_IMPLANT_DN	-0.36232053962808186			
GO_PROTEIN_ACETYLTRANSFERASE_COMPLEX	-0.3623241227744763			
GO_NUCLEAR_TRANSCRIBED_MRNA_CATABOLIC_PROCESS_DEADENYLATION_DEPENDENT_DECAY	-0.3623453954439937			
GO_POSITIVE_REGULATION_OF_CELL_KILLING	-0.3623466209132319			
GSE9988_ANTI_TREM1_VS_VEHICLE_TREATED_MONOCYTES_DN	-0.3623687713097452			
GSE40274_CTRL_VS_HELIOS_TRANSDUCED_ACTIVATED_CD4_TCELL_UP	-0.3624275167737066			
GSE40666_UNTREATED_VS_IFNA_STIM_STAT1_KO_CD8_TCELL_90MIN_DN	-0.36252414709407177			
GSE1460_DP_VS_CD4_THYMOCYTE_UP	-0.3625758062160272			
GSE2770_UNTREATED_VS_IL4_TREATED_ACT_CD4_TCELL_6H_DN	-0.36285144920595547			
GSE7219_UNSTIM_VS_LPS_AND_ANTI_CD40_STIM_DC_UP	-0.3628833149695299			
GO_CHROMATIN_ASSEMBLY_OR_DISASSEMBLY	-0.3629088147367555			
GSE40273_GATA1_KO_VS_WT_TREG_DN	-0.36296967830324045			
GSE46606_UNSTIM_VS_CD40L_IL2_IL5_3DAY_STIMULATED_IRF4MID_SORTED_BCELL_UP	-0.3629762550150574			
PU1_Q6	-0.36302300378525304			
GO_REGULATION_OF_ADAPTIVE_IMMUNE_RESPONSE	-0.3630492133650685			
VANTVEER_BREAST_CANCER_BRCA1_UP	-0.3630572871437473			
GO_NEGATIVE_REGULATION_OF_MYOSIN_LIGHT_CHAIN_PHOSPHATASE_ACTIVITY	-0.3631902392951196			
GO_ACETYLTRANSFERASE_ACTIVITY	-0.36319726350646736			
GSE29618_MONOCYTE_VS_PDC_DAY7_FLU_VACCINE_DN	-0.36322643192150295			
GSE6259_33D1_POS_VS_DEC205_POS_SPLENIC_DC_UP	-0.36323705824161234			
GO_IMMUNE_SYSTEM_DEVELOPMENT	-0.3632597965195381			
SENGUPTA_EBNA1_ANTICORRELATED	-0.36327085591286656			
GSE22601_CD4_SINGLE_POSITIVE_VS_CD8_SINGLE_POSITIVE_THYMOCYTE_DN	-0.3633584134546331			
GSE34156_NOD2_LIGAND_VS_TLR1_TLR2_LIGAND_24H_TREATED_MONOCYTE_DN	-0.3633605393357897			
IPA_STAT2_DN	-0.3634079107196212			
BIOCARTA_STATHMIN_PATHWAY	-0.3634082179102009			
GO_NUCLEOSOMAL_HISTONE_BINDING	-0.3635299102248271			
REACTOME_TRANSPORT_OF_MATURE_TRANSCRIPT_TO_CYTOPLASM	-0.3635406357496114			
KEGG_T_CELL_RECEPTOR_SIGNALING_PATHWAY	-0.36354541192994205			
GO_SH3_SH2_ADAPTOR_ACTIVITY	-0.36362622148939777			
GSE3039_ALPHABETA_CD8_TCELL_VS_B1_BCELL_UP	-0.3636475763878844			
REACTOME_RESOLUTION_OF_D_LOOP_STRUCTURES	-0.36369037335225			
GSE22886_IGM_MEMORY_BCELL_VS_BM_PLASMA_CELL_UP	-0.3637035108642825			
OSMAN_BLADDER_CANCER_DN	-0.3637503303407735			
GSE17301_CTRL_VS_48H_ACD3_ACD28_IFNA2_STIM_CD8_TCELL_DN	-0.36376001813827746			
REACTOME_COSTIMULATION_BY_THE_CD28_FAMILY	-0.36384110215452004			
GSE2405_S_AUREUS_VS_A_PHAGOCYTOPHILUM_NEUTROPHIL_DN	-0.3638467404190971			
GO_ADENOSINE_DEAMINASE_ACTIVITY	-0.3638687308530907			
GO_DNA_INSERTION_OR_DELETION_BINDING	-0.3638692675771085			
ALCALA_APOPTOSIS	-0.3639024256827011			
PID_IL2_PI3K_PATHWAY	-0.36391681738231846			
GSE12392_WT_VS_IFNAR_KO_CD8A_NEG_SPLEEN_DC_DN	-0.36393886798614355			
GO_POSITIVE_THYMIC_T_CELL_SELECTION	-0.3639963805403693			
PID_BCR_5PATHWAY	-0.36402652391148776			
GO_DOUBLE_STRANDED_RNA_ADENOSINE_DEAMINASE_ACTIVITY	-0.3640301440722075			
GSE2770_TGFB_AND_IL4_VS_TGFB_AND_IL12_TREATED_ACT_CD4_TCELL_48H_DN	-0.3641079777565663			
GO_NUCLEAR_SPECK	-0.3641582267988227			
GSE20715_0H_VS_48H_OZONE_LUNG_UP	-0.36429109047611274			
GO_TRANSLATION_REPRESSOR_ACTIVITY_MRNA_REGULATORY_ELEMENT_BINDING	-0.3644098353605381			
GO_REGULATION_OF_GAMMA_DELTA_T_CELL_DIFFERENTIATION	-0.36448212305116223			
REACTOME_STING_MEDIATED_INDUCTION_OF_HOST_IMMUNE_RESPONSES	-0.36449410134146215			
GSE2405_0H_VS_24H_A_PHAGOCYTOPHILUM_STIM_NEUTROPHIL_UP	-0.36450868500756356			
GSE5679_PPARG_LIGAND_ROSIGLITAZONE_VS_RARA_AGONIST_AM580_TREATED_DC_DN	-0.36463074087503616			
SHEDDEN_LUNG_CANCER_GOOD_SURVIVAL_A12	-0.36463760997689587			
GSE40273_EOS_KO_VS_WT_TREG_DN	-0.3646455230947931			
WAKASUGI_HAVE_ZNF143_BINDING_SITES	-0.36466144400943695			
GSE31082_CD4_VS_CD8_SP_THYMOCYTE_DN	-0.36467015680007925			
REACTOME_IRF3_MEDIATED_INDUCTION_OF_TYPE_I_IFN	-0.3647229194988574			
GSE17186_NAIVE_VS_CD21LOW_TRANSITIONAL_BCELL_CORD_BLOOD_UP	-0.3647310052737268			
PRC2_EZH2_UP.V1_DN	-0.36474120714203384			
GO_DOUBLE_STRAND_BREAK_REPAIR	-0.364743953150054			
ZHENG_BOUND_BY_FOXP3	-0.3647517739425076			
MIR4647_MIR4662B	-0.3648416253119023			
ZHAN_V1_LATE_DIFFERENTIATION_GENES_DN	-0.36486576750038163			
REACTOME_MEIOSIS	-0.3649332681894718			
GSE40274_CTRL_VS_EOS_TRANSDUCED_ACTIVATED_CD4_TCELL_DN	-0.36496002534098615			
GO_DEAMINASE_ACTIVITY	-0.3649832437476606			
GSE3982_MAST_CELL_VS_EFF_MEMORY_CD4_TCELL_DN	-0.3651472606237686			
GO_REGULATION_OF_MYOSIN_LIGHT_CHAIN_PHOSPHATASE_ACTIVITY	-0.36518061838172416			
GSE21033_CTRL_VS_POLYIC_STIM_DC_12H_UP	-0.3653388272946824			
ZHAN_MULTIPLE_MYELOMA_PR_DN	-0.3653664060255454			
MARSON_FOXP3_TARGETS_DN	-0.3655400933176813			
GO_NEGATIVE_REGULATION_OF_DOUBLE_STRAND_BREAK_REPAIR_VIA_HOMOLOGOUS_RECOMBINATION	-0.36563195186056424			
FLECHNER_BIOPSY_KIDNEY_TRANSPLANT_REJECTED_VS_OK_UP	-0.36578685362572316			
GSE12845_IGD_NEG_BLOOD_VS_DARKZONE_GC_TONSIL_BCELL_DN	-0.3658694343142218			
GSE12003_4D_VS_8D_CULTURE_MIR223_KO_BM_PROGENITOR_DN	-0.3658722565483396			
PID_E2F_PATHWAY	-0.3658751996795069			
KEGG_B_CELL_RECEPTOR_SIGNALING_PATHWAY	-0.36596174559974354			
GO_REGULATION_OF_DENDRITE_EXTENSION	-0.36603219191306113			
GSE15215_CD2_POS_VS_NEG_PDC_DN	-0.36610080823094615			
GSE9988_LPS_VS_CTRL_TREATED_MONOCYTE_DN	-0.366119630370064			
CHAUHAN_RESPONSE_TO_METHOXYESTRADIOL_DN	-0.36613219190760304			
GSE3982_MAC_VS_TH2_DN	-0.3661665202984076			
GSE15330_HSC_VS_PRO_BCELL_UP	-0.36625491836857377			
ZHENG_FOXP3_TARGETS_IN_T_LYMPHOCYTE_DN	-0.36629061689757036			
GO_RESPONSE_TO_INTERLEUKIN_2	-0.3663251872274888			
MORI_MATURE_B_LYMPHOCYTE_UP	-0.36638462013295425			
GO_HOMEOSTASIS_OF_NUMBER_OF_CELLS	-0.36647426073981104			
GSE23321_CD8_STEM_CELL_MEMORY_VS_CENTRAL_MEMORY_CD8_TCELL_DN	-0.3665095510698673			
GSE40655_FOXO1_KO_VS_WT_NTREG_UP	-0.36661307726097814			
GO_REGULATION_OF_IMMUNE_SYSTEM_PROCESS	-0.3666176853869366			
MIR764	-0.36666680360390447			
GSE5589_WT_VS_IL10_KO_LPS_STIM_MACROPHAGE_180MIN_UP	-0.36673548257656474			
GSE32986_UNSTIM_VS_CURDLAN_HIGHDOSE_STIM_DC_DN	-0.3667705582518663			
BORCZUK_MALIGNANT_MESOTHELIOMA_DN	-0.3667817960166972			
GO_ESC_E_Z_COMPLEX	-0.3667854222352296			
GO_DNA_TOPOLOGICAL_CHANGE	-0.3668097581015195			
GO_PEPTIDYL_LYSINE_MODIFICATION	-0.3668759343909763			
GO_CELL_TRAILING_EDGE	-0.36688522675391494			
GSE22886_IGG_IGA_MEMORY_BCELL_VS_BM_PLASMA_CELL_UP	-0.36702080184996594			
GO_NUCLEAR_CHROMOSOME_TELOMERIC_REGION	-0.36704058764586983			
GSE3039_ALPHAALPHA_CD8_TCELL_VS_B2_BCELL_UP	-0.3672196740512994			
GSE17186_NAIVE_VS_CD21LOW_TRANSITIONAL_BCELL_DN	-0.3672859104348392			
GO_N_ACETYLTRANSFERASE_ACTIVITY	-0.36733267090309835			
GSE10094_LCMV_VS_LISTERIA_IND_EFF_CD4_TCELL_UP	-0.3673515852472331			
MIR6823_3P	-0.3673586985542581			
GSE43863_NAIVE_VS_MEMORY_LY6C_INT_CXCR5POS_CD4_TCELL_D150_LCMV_UP	-0.3674118146778259			
KASLER_HDAC7_TARGETS_1_UP	-0.3674351850526915			
GSE41867_NAIVE_VS_DAY6_LCMV_EFFECTOR_CD8_TCELL_DN	-0.3676035241520353			
GSE13411_IGM_MEMORY_BCELL_VS_PLASMA_CELL_UP	-0.36772988403976187			
KLEIN_PRIMARY_EFFUSION_LYMPHOMA_DN	-0.36773193941930776			
SHIN_B_CELL_LYMPHOMA_CLUSTER_1	-0.36774154165769757			
GSE3982_BCELL_VS_EFF_MEMORY_CD4_TCELL_UP	-0.3677568650723966			
GSE20727_CTRL_VS_H2O2_TREATED_DC_UP	-0.3677760172574281			
GO_HISTONE_METHYLTRANSFERASE_ACTIVITY_H3_K4_SPECIFIC	-0.3677944394823419			
GO_RIBONUCLEOPROTEIN_COMPLEX_SUBUNIT_ORGANIZATION	-0.36783162649222273			
GSE360_L_DONOVANI_VS_B_MALAYI_LOW_DOSE_DC_DN	-0.36784149648839864			
GSE9988_ANTI_TREM1_AND_LPS_VS_CTRL_TREATED_MONOCYTES_DN	-0.3678497229452298			
GSE41867_NAIVE_VS_DAY8_LCMV_CLONE13_EFFECTOR_CD8_TCELL_DN	-0.36789353726647134			
ZNF510_TARGET_GENES	-0.36789863572938025			
GO_POSITIVE_REGULATION_OF_GAMMA_DELTA_T_CELL_ACTIVATION	-0.3679093542093601			
GO_HOMOLOGOUS_RECOMBINATION	-0.3679180362833544			
PUJANA_BREAST_CANCER_WITH_BRCA1_MUTATED_UP	-0.36798057363227227			
GSE5503_PLN_DC_VS_SPLEEN_DC_ACTIVATED_ALLOGENIC_TCELL_DN	-0.368092341160065			
GSE23114_WT_VS_SLE2C1_MOUSE_PERITONEAL_CAVITY_B1A_BCELL_UP	-0.3681340140609082			
GO_INTERLEUKIN_4_PRODUCTION	-0.3681732152744745			
GO_CHROMOSOMAL_REGION	-0.36817845214414574			
GSE23505_UNTREATED_VS_4DAY_IL6_IL1_IL23_TREATED_CD4_TCELL_DN	-0.3682211006320028			
BIOCARTA_IL7_PATHWAY	-0.3684498805763626			
REACTOME_INTERLEUKIN_3_INTERLEUKIN_5_AND_GM_CSF_SIGNALING	-0.36845761809579886			
NFMUE1_Q6	-0.3684805572846703			
TGCACGA_MIR517A_MIR517C	-0.36855827002459957			
GSE3982_CTRL_VS_LPS_4H_MAC_UP	-0.36856241932755035			
BIOCARTA_TCRA_PATHWAY	-0.3686457791045623			
GO_REGULATION_OF_INTERLEUKIN_4_PRODUCTION	-0.3686637743052947			
MIR512_5P	-0.3686891142767017			
WILENSKY_RESPONSE_TO_DARAPLADIB	-0.36870134256104325			
GSE5589_LPS_VS_LPS_AND_IL10_STIM_IL10_KO_MACROPHAGE_45MIN_DN	-0.3687749404739351			
GO_REGULATION_OF_CHROMATIN_SILENCING	-0.3687934593410488			
GO_MRNA_EXPORT_FROM_NUCLEUS	-0.3688213363523959			
GO_REGULATION_OF_LEUKOCYTE_MEDIATED_IMMUNITY	-0.36894807561313286			
WALLACE_PROSTATE_CANCER_RACE_UP	-0.36904148817820226			
GSE26495_PD1HIGH_VS_PD1LOW_CD8_TCELL_UP	-0.3691196712463983			
GSE29618_PDC_VS_MDC_UP	-0.36914829148949485			
GSE11864_UNTREATED_VS_CSF1_IN_MAC_UP	-0.3691683797500301			
E2F_Q3	-0.3692383615617401			
SIGMAR1_TARGET_GENES	-0.3692990141786395			
GO_POSITIVE_REGULATION_OF_INTERFERON_GAMMA_PRODUCTION	-0.3693042673148708			
BIOCARTA_CSK_PATHWAY	-0.36937893013852047			
GO_POSITIVE_REGULATION_OF_IMMUNE_EFFECTOR_PROCESS	-0.36944540116145586			
GO_TRANSLATION_REPRESSOR_ACTIVITY	-0.3694624492535673			
GO_HYDROLASE_ACTIVITY_ACTING_ON_CARBON_NITROGEN_BUT_NOT_PEPTIDE_BONDS	-0.3695727027777484			
BIOCARTA_HSWI_SNF_PATHWAY	-0.36960630437405223			
E2F_Q4_01	-0.36969722132610905			
GSE29618_BCELL_VS_PDC_DAY7_FLU_VACCINE_UP	-0.36973546677080077			
GO_CHROMOSOME_ORGANIZATION_INVOLVED_IN_MEIOTIC_CELL_CYCLE	-0.369767933473635			
GSE24634_TREG_VS_TCONV_POST_DAY7_IL4_CONVERSION_UP	-0.369769017129402			
GSE16522_ANTI_CD3CD28_STIM_VS_UNSTIM_NAIVE_CD8_TCELL_DN	-0.3697719419416906			
GO_ANTIGEN_BINDING	-0.3698029235085568			
E2F_Q3_01	-0.36987009055783493			
GSE10325_LUPUS_CD4_TCELL_VS_LUPUS_BCELL_DN	-0.3698855858377677			
GO_POSITIVE_REGULATION_OF_INTERLEUKIN_4_PRODUCTION	-0.36989734173866456			
GO_REGULATION_OF_CD4_POSITIVE_ALPHA_BETA_T_CELL_DIFFERENTIATION	-0.3699668444662181			
GO_HISTONE_H3_K9_MODIFICATION	-0.36996792384115734			
BIOCARTA_IL2RB_PATHWAY	-0.3701391508605605			
MIR4800_5P	-0.3701477960913582			
GO_REGULATION_OF_HISTONE_H3_K9_METHYLATION	-0.37016786107772737			
GO_POSITIVE_REGULATION_OF_LYMPHOCYTE_MEDIATED_IMMUNITY	-0.37024274737378904			
PUJANA_CHEK2_PCC_NETWORK	-0.3702805665802968			
GO_REGULATION_OF_INTERLEUKIN_18_PRODUCTION	-0.3702998116209971			
REACTOME_INTERLEUKIN_2_SIGNALING	-0.3703225379208068			
GO_REGULATION_OF_LEUKOCYTE_DIFFERENTIATION	-0.37042642162955514			
GO_DNA_METABOLIC_PROCESS	-0.37050630313768135			
GSE25088_WT_VS_STAT6_KO_MACROPHAGE_IL4_STIM_UP	-0.3705350091353545			
GSE40225_WT_VS_RIP_B7X_DIABETIC_MOUSE_PANCREATIC_CD8_TCELL_UP	-0.3705766876011178			
GSE14415_FOXP3_KO_NATURAL_TREG_VS_TCONV_UP	-0.370606964154268			
KAUFFMANN_DNA_REPAIR_GENES	-0.3706454689300882			
GO_CATALYTIC_ACTIVITY_ACTING_ON_DNA	-0.37074417142552296			
HADDAD_B_LYMPHOCYTE_PROGENITOR	-0.3707907198089149			
GSE20366_EX_VIVO_VS_HOMEOSTATIC_CONVERSION_NAIVE_CD4_TCELL_UP	-0.3708209673439325			
E2F_Q6_01	-0.3708566200562147			
GSE17186_MEMORY_VS_CD21LOW_TRANSITIONAL_BCELL_DN	-0.37093011812000143			
GO_HISTONE_H3_ACETYLATION	-0.37107762860495674			
ABRAMSON_INTERACT_WITH_AIRE	-0.3711013237372862			
GSE24634_TEFF_VS_TCONV_DAY7_IN_CULTURE_UP	-0.37111289938476083			
GO_PEPTIDYL_LYSINE_ACETYLATION	-0.3711586972386176			
GO_REGULATION_OF_B_CELL_MEDIATED_IMMUNITY	-0.3712054723774296			
REACTOME_RUNX1_INTERACTS_WITH_CO_FACTORS_WHOSE_PRECISE_EFFECT_ON_RUNX1_TARGETS_IS_NOT_KNOWN	-0.3712357851965926			
XU_RESPONSE_TO_TRETINOIN_UP	-0.37142116674363895			
GO_POSITIVE_REGULATION_OF_STORE_OPERATED_CALCIUM_CHANNEL_ACTIVITY	-0.3715248605874718			
GSE17186_BLOOD_VS_CORD_BLOOD_CD21LOW_TRANSITIONAL_BCELL_UP	-0.3715382566023658			
GSE33425_CD161_HIGH_VS_NEG_CD8_TCELL_UP	-0.37159754628744796			
GO_HISTONE_ACETYLTRANSFERASE_ACTIVITY_H4_K5_SPECIFIC	-0.371839542687829			
MORI_IMMATURE_B_LYMPHOCYTE_UP	-0.37184002183729575			
GARY_CD5_TARGETS_UP	-0.3718633488046813			
IPA_PRDM1_DN	-0.37195277771493174			
GSE6269_HEALTHY_VS_E_COLI_INF_PBMC_UP	-0.3720562306277405			
FINETTI_BREAST_CANCER_KINOME_GREEN	-0.37211293816820995			
IPA_HOXA9_UP	-0.3721216711427756			
HADDAD_T_LYMPHOCYTE_AND_NK_PROGENITOR_DN	-0.3721321408251355			
GSE10325_CD4_TCELL_VS_MYELOID_UP	-0.37215801678525956			
GO_POSITIVE_REGULATION_OF_CD8_POSITIVE_ALPHA_BETA_T_CELL_ACTIVATION	-0.3722299723933275			
REACTOME_EPIGENETIC_REGULATION_OF_GENE_EXPRESSION	-0.372344005332775			
GSE23568_CTRL_VS_ID3_TRANSDUCED_CD8_TCELL_UP	-0.3724130261430924			
GSE1460_NAIVE_CD4_TCELL_ADULT_BLOOD_VS_THYMIC_STROMAL_CELL_UP	-0.3724253354255199			
GO_T_CELL_PROLIFERATION	-0.3725100038789159			
BIOCARTA_TCR_PATHWAY	-0.37253496357983495			
GSE6269_HEALTHY_VS_STAPH_PNEUMO_INF_PBMC_UP	-0.37259578690170947			
GSE40274_FOXP3_VS_FOXP3_AND_SATB1_TRANSDUCED_ACTIVATED_CD4_TCELL_DN	-0.37261231145105883			
GSE6674_ANTI_IGM_VS_ANTI_IGM_AND_CPG_STIM_BCELL_UP	-0.3726812793493073			
GSE46606_IRF4HIGH_VS_IRF4MID_CD40L_IL2_IL5_DAY1_STIMULATED_BCELL_UP	-0.37272997806461444			
GO_CHROMATIN_SILENCING_AT_RDNA	-0.3727457548119529			
GO_CHROMATIN_SILENCING_AT_TELOMERE	-0.3727535646885492			
GSE14000_UNSTIM_VS_4H_LPS_DC_UP	-0.37281356119898			
GSE32901_NAIVE_VS_TH17_ENRICHED_CD4_TCELL_UP	-0.37284309432162543			
GSE22432_CDC_VS_COMMON_DC_PROGENITOR_UP	-0.3728457753964992			
TERF1_TARGET_GENES	-0.37297131778214604			
GO_POSITIVE_REGULATION_OF_ALPHA_BETA_T_CELL_DIFFERENTIATION	-0.3730139203227423			
GSE2770_UNTREATED_VS_TGFB_AND_IL4_TREATED_ACT_CD4_TCELL_2H_DN	-0.3731151328098449			
GSE22886_NAIVE_CD8_TCELL_VS_NEUTROPHIL_UP	-0.3733911968568811			
REACTOME_COHESIN_LOADING_ONTO_CHROMATIN	-0.3734169656395874			
GSE34156_UNTREATED_VS_24H_TLR1_TLR2_LIGAND_TREATED_MONOCYTE_DN	-0.37341827907247455			
GUTIERREZ_CHRONIC_LYMPHOCYTIC_LEUKEMIA_UP	-0.3734434096048799			
GSE7764_NKCELL_VS_SPLENOCYTE_DN	-0.37356474647113747			
GO_IMMUNOGLOBULIN_COMPLEX	-0.37366501068745295			
GSE5503_MLN_DC_VS_PLN_DC_ACTIVATED_ALLOGENIC_TCELL_DN	-0.37368443502786997			
GO_REGULATION_OF_HISTONE_H3_K36_METHYLATION	-0.37390272760563475			
GSE21546_SAP1A_KO_VS_SAP1A_KO_AND_ELK1_KO_DP_THYMOCYTES_DN	-0.3739509298944158			
GO_LEUKOCYTE_HOMEOSTASIS	-0.3739914859025905			
IPA_TFDP1_UP	-0.37401337647195443			
GSE37301_MULTIPOTENT_PROGENITOR_VS_CD4_TCELL_UP	-0.37405553639639544			
GO_PEPTIDYL_LYSINE_DIMETHYLATION	-0.3740953103211959			
BANDRES_RESPONSE_TO_CARMUSTIN_WITHOUT_MGMT_24HR_UP	-0.3743504270630802			
GO_CELL_CYCLE_DNA_REPLICATION	-0.37442282178274683			
PID_ATM_PATHWAY	-0.3744448946917959			
REACTOME_MISMATCH_REPAIR	-0.3745129210665749			
GO_IMMUNOGLOBULIN_PRODUCTION_INVOLVED_IN_IMMUNOGLOBULIN_MEDIATED_IMMUNE_RESPONSE	-0.37452703531636644			
GO_ISOTYPE_SWITCHING_TO_IGG_ISOTYPES	-0.3745352142187159			
GSE24210_RESTING_TREG_VS_TCONV_UP	-0.3747602478421084			
GO_SITE_OF_DOUBLE_STRAND_BREAK	-0.3749563632611237			
GO_NUCLEOSOME_ORGANIZATION	-0.3749984190480047			
GSE5542_UNTREATED_VS_IFNG_TREATED_EPITHELIAL_CELLS_6H_UP	-0.3750316821055403			
GSE7831_1H_VS_4H_INFLUENZA_STIM_PDC_DN	-0.37503611351526844			
E2F1_Q3	-0.3750482927029996			
GSE24671_CTRL_VS_BAKIMULC_INFECTED_MOUSE_SPLENOCYTES_UP	-0.3751605780773596			
GO_REGULATION_OF_B_CELL_APOPTOTIC_PROCESS	-0.37528063757059016			
GO_MAINTENANCE_OF_DNA_METHYLATION	-0.37528290051132945			
IPA_FLI1_DN	-0.3754152557903315			
GO_REGULATION_OF_PRODUCTION_OF_MOLECULAR_MEDIATOR_OF_IMMUNE_RESPONSE	-0.3754178650486464			
GSE27786_LSK_VS_BCELL_DN	-0.3754646542815961			
MIR4730	-0.37551065008949946			
E2F5_TARGET_GENES	-0.37552279932810645			
GO_CHROMOSOME_TELOMERIC_REGION	-0.37562195583976626			
GSE7219_WT_VS_NIK_NFKB2_KO_DC_DN	-0.37562689699879837			
REACTOME_TCR_SIGNALING	-0.37582553643883326			
GSE15330_WT_VS_IKAROS_KO_GRANULOCYTE_MONOCYTE_PROGENITOR_UP	-0.37582835785030483			
GSE3920_UNTREATED_VS_IFNB_TREATED_ENDOTHELIAL_CELL_DN	-0.3759362070149035			
GSE27291_0H_VS_7D_STIM_GAMMADELTA_TCELL_DN	-0.37598993134654907			
BIOCARTA_CTCF_PATHWAY	-0.3761060248472306			
GSE12366_GC_VS_MEMORY_BCELL_UP	-0.376243293106142			
GO_LYMPHOCYTE_APOPTOTIC_PROCESS	-0.37633559436739417			
GSE7852_LN_VS_FAT_TCONV_UP	-0.3763742721594839			
GSE23568_ID3_KO_VS_WT_CD8_TCELL_DN	-0.37640915596664176			
GO_POSITIVE_REGULATION_OF_IMMUNE_SYSTEM_PROCESS	-0.3764177296278761			
GO_POSITIVE_REGULATION_OF_LYMPHOCYTE_DIFFERENTIATION	-0.3765152529933037			
REACTOME_INTERLEUKIN_RECEPTOR_SHC_SIGNALING	-0.3768881642007152			
GO_DNA_METHYLATION	-0.3768917943626819			
BACOLOD_RESISTANCE_TO_ALKYLATING_AGENTS_DN	-0.3770983036217612			
GSE16450_IMMATURE_VS_MATURE_NEURON_CELL_LINE_UP	-0.37710043441314245			
REACTOME_DISEASES_OF_DNA_REPAIR	-0.3772919255980293			
GO_MITOTIC_CHROMOSOME_CONDENSATION	-0.37738647634912853			
GO_REGULATION_OF_LYMPHOCYTE_APOPTOTIC_PROCESS	-0.3773986939691008			
YU_MYC_TARGETS_DN	-0.37742429725608045			
GSE3982_BCELL_VS_CENT_MEMORY_CD4_TCELL_UP	-0.37742863757331346			
WINTER_HYPOXIA_DN	-0.37743168693877954			
REACTOME_THE_ROLE_OF_NEF_IN_HIV_1_REPLICATION_AND_DISEASE_PATHOGENESIS	-0.37745884381708106			
GO_B_CELL_RECEPTOR_SIGNALING_PATHWAY	-0.3775785853737968			
REACTOME_RNA_POLYMERASE_II_TRANSCRIPTION_TERMINATION	-0.3775934322114405			
GO_POSITIVE_REGULATION_OF_CELL_CELL_ADHESION	-0.3776490585045906			
GO_DNA_DEPENDENT_ATPASE_ACTIVITY	-0.3778092413418702			
PUJANA_BRCA_CENTERED_NETWORK	-0.3779792418763398			
GO_GAMMA_DELTA_T_CELL_DIFFERENTIATION	-0.3780871694713021			
GSE3982_NEUTROPHIL_VS_EFF_MEMORY_CD4_TCELL_DN	-0.37817638721687			
MORI_LARGE_PRE_BII_LYMPHOCYTE_DN	-0.37830311927716215			
ZHAN_EARLY_DIFFERENTIATION_GENES_DN	-0.37831323767477476			
GSE26669_CTRL_VS_COSTIM_BLOCK_MLR_CD4_TCELL_DN	-0.3783773598394808			
GSE23502_BM_VS_COLON_TUMOR_MYELOID_DERIVED_SUPPRESSOR_CELL_DN	-0.37862720677109885			
GO_MIRNA_METABOLIC_PROCESS	-0.37867996894308803			
GSE40274_FOXP3_VS_FOXP3_AND_PBX1_TRANSDUCED_ACTIVATED_CD4_TCELL_UP	-0.3787769123536688			
GSE7831_1H_VS_4H_CPG_STIM_PDC_DN	-0.3787948881752766			
GO_B_CELL_MEDIATED_IMMUNITY	-0.3788754630428098			
NFY_C	-0.3788973531859056			
PASQUALUCCI_LYMPHOMA_BY_GC_STAGE_DN	-0.37898418802331346			
GO_POSITIVE_REGULATION_OF_B_CELL_MEDIATED_IMMUNITY	-0.3791072142244973			
E2F4DP1_01	-0.3793555806063326			
GO_T_CELL_RECEPTOR_COMPLEX	-0.3794424209669071			
GO_LEUKOCYTE_CELL_CELL_ADHESION	-0.37948514254150256			
GSE4748_CTRL_VS_CYANOBACTERIUM_LPSLIKE_STIM_DC_3H_UP	-0.37954764641135497			
ETS_Q4	-0.3795644422231265			
GO_GENE_SILENCING	-0.3796094034542384			
GO_RECOMBINATIONAL_REPAIR	-0.37964808887769996			
GSE2405_HEAT_KILLED_LYSATE_VS_LIVE_A_PHAGOCYTOPHILUM_STIM_NEUTROPHIL_9H_DN	-0.37965933477782626			
E2F1_Q6_01	-0.37967162439304614			
GSE24142_EARLY_THYMIC_PROGENITOR_VS_DN2_THYMOCYTE_DN	-0.37972000462501115			
GO_REGULATION_OF_GENE_EXPRESSION_EPIGENETIC	-0.37975171637349386			
GSE28237_FOLLICULAR_VS_EARLY_GC_BCELL_UP	-0.37983071827070336			
GSE22886_NAIVE_BCELL_VS_MONOCYTE_UP	-0.3799165122136785			
GSE3039_ALPHAALPHA_VS_ALPHABETA_CD8_TCELL_DN	-0.37992597869186434			
GO_POSITIVE_REGULATION_OF_T_CELL_PROLIFERATION	-0.37995086525308835			
GSE3982_EOSINOPHIL_VS_BCELL_DN	-0.3802024565908922			
GO_HISTONE_DEUBIQUITINATION	-0.3802292670866397			
GSE34205_HEALTHY_VS_RSV_INF_INFANT_PBMC_UP	-0.380277248792847			
E2F1DP1RB_01	-0.3803445851139962			
GO_T_CELL_DIFFERENTIATION_IN_THYMUS	-0.3803682498268812			
IPA_BCL6_UP	-0.3803829319593436			
GSE25677_MPL_VS_R848_STIM_BCELL_DN	-0.3805566489861514			
SIG_BCR_SIGNALING_PATHWAY	-0.3805585624195047			
GO_T_CELL_HOMEOSTASIS	-0.38065535310474385			
MARSON_BOUND_BY_FOXP3_STIMULATED	-0.38069218236228086			
GO_CD4_POSITIVE_ALPHA_BETA_T_CELL_ACTIVATION	-0.3807651600668114			
GO_HISTONE_METHYLTRANSFERASE_COMPLEX	-0.38078351536370364			
PUJANA_ATM_PCC_NETWORK	-0.38082872078906477			
GSE22886_NAIVE_CD8_TCELL_VS_DC_UP	-0.3808852127810061			
KLEIN_TARGETS_OF_BCR_ABL1_FUSION	-0.3809123341858495			
GO_SOMATIC_RECOMBINATION_OF_IMMUNOGLOBULIN_GENE_SEGMENTS	-0.3809196540092083			
MIR576_3P	-0.3809932618606245			
GSE411_WT_VS_SOCS3_KO_MACROPHAGE_DN	-0.38105607478149456			
GSE32901_TH1_VS_TH17_ENRICHED_CD4_TCELL_UP	-0.3810691002200873			
GO_CD8_POSITIVE_ALPHA_BETA_T_CELL_DIFFERENTIATION	-0.3811489896269411			
E2F_Q6	-0.38116082712086513			
REACTOME_NEF_AND_SIGNAL_TRANSDUCTION	-0.38118214581182125			
GSE21379_WT_VS_SAP_KO_CD4_TCELL_DN	-0.3812933402568845			
GSE22886_NAIVE_BCELL_VS_BM_PLASMA_CELL_UP	-0.3813085418718451			
BASSO_CD40_SIGNALING_DN	-0.38136405041588106			
E2F_Q4	-0.38139075770825404			
REACTOME_CHROMATIN_MODIFYING_ENZYMES	-0.3814784817124317			
GO_REGULATION_OF_METHYLATION_DEPENDENT_CHROMATIN_SILENCING	-0.3816434363615999			
GO_ATP_DEPENDENT_CHROMATIN_REMODELING	-0.38169511247419996			
E2F_03	-0.38170679902335547			
WRNIP1_TARGET_GENES	-0.3817965540932907			
GSE22935_UNSTIM_VS_12H_MBOVIS_BCG_STIM_MYD88_KO_MACROPHAGE_DN	-0.3818057685250503			
PID_TCR_PATHWAY	-0.38181283861744364			
E2F1_Q4_01	-0.3818327530944533			
PUJANA_BRCA1_PCC_NETWORK	-0.38193768500167835			
GSE369_IFNG_KO_VS_WT_LIVER_UP	-0.38196257177579035			
GO_PROTEIN_DNA_COMPLEX_SUBUNIT_ORGANIZATION	-0.3819791616176711			
GSE40274_FOXP3_VS_FOXP3_AND_XBP1_TRANSDUCED_ACTIVATED_CD4_TCELL_DN	-0.3820515164421809			
GSE3982_MEMORY_CD4_TCELL_VS_BCELL_DN	-0.3820622671716349			
PID_CD8_TCR_PATHWAY	-0.3820683920603032			
HALLMARK_ALLOGRAFT_REJECTION	-0.3821418343065373			
GO_HISTONE_LYSINE_N_METHYLTRANSFERASE_ACTIVITY	-0.38214668238274235			
GSE2770_IL12_ACT_VS_ACT_CD4_TCELL_6H_DN	-0.3822041097283365			
GSE13411_SWITCHED_MEMORY_BCELL_VS_PLASMA_CELL_UP	-0.382204824250601			
GO_REGULATION_OF_LYMPHOCYTE_MEDIATED_IMMUNITY	-0.3822311719943089			
MIR5192	-0.3823506938547324			
GSE22601_IMMATURE_CD4_SINGLE_POSITIVE_VS_CD8_SINGLE_POSITIVE_THYMOCYTE_UP	-0.3823618756808636			
GO_DETERMINATION_OF_ADULT_LIFESPAN	-0.38239335627133175			
MIR4497	-0.3824917847951193			
REACTOME_EARLY_PHASE_OF_HIV_LIFE_CYCLE	-0.38257534537920757			
GO_B_CELL_HOMEOSTASIS	-0.3825933775704457			
GO_RNA_POLYMERASE_I_PREINITIATION_COMPLEX_ASSEMBLY	-0.38259745856577543			
GSE29618_MONOCYTE_VS_PDC_DN	-0.38264708294887856			
GSE9988_ANTI_TREM1_VS_CTRL_TREATED_MONOCYTES_DN	-0.38264941592512913			
GSE2770_UNTREATED_VS_IL12_TREATED_ACT_CD4_TCELL_48H_UP	-0.38280398145788436			
GSE41867_DAY6_EFFECTOR_VS_DAY30_MEMORY_CD8_TCELL_LCMV_ARMSTRONG_DN	-0.3829424471308137			
GO_HYDROLASE_ACTIVITY_ACTING_ON_CARBON_NITROGEN_BUT_NOT_PEPTIDE_BONDS_IN_CYCLIC_AMIDINES	-0.38298352677752334			
GO_CELLULAR_RESPONSE_TO_LIGHT_STIMULUS	-0.3830592290010394			
GO_REGULATION_OF_HISTONE_H3_K4_METHYLATION	-0.38306937106096706			
REACTOME_ADAPTIVE_IMMUNE_SYSTEM	-0.38309013042194595			
GO_T_CELL_DIFFERENTIATION_INVOLVED_IN_IMMUNE_RESPONSE	-0.3831381140730383			
THEILGAARD_NEUTROPHIL_AT_SKIN_WOUND_DN	-0.3831839067801864			
GSE37533_PPARG1_FOXP3_VS_PPARG2_FOXP3_TRANSDUCED_CD4_TCELL_DN	-0.3833583017815674			
GSE22886_NAIVE_BCELL_VS_NEUTROPHIL_UP	-0.38347099018368025			
GSE9988_LOW_LPS_VS_CTRL_TREATED_MONOCYTE_DN	-0.3835608926509274			
GO_RNA_SPLICING_VIA_TRANSESTERIFICATION_REACTIONS	-0.3835910872307834			
MTOR_UP.N4.V1_DN	-0.3835982676517844			
GSE17186_MEMORY_VS_CD21HIGH_TRANSITIONAL_BCELL_DN	-0.3837886740435444			
E2F1_Q6	-0.38386259609750895			
GO_PROTEIN_LOCALIZATION_TO_CHROMATIN	-0.3839231097868227			
GO_TRANSMEMBRANE_RECEPTOR_PROTEIN_TYROSINE_KINASE_ADAPTOR_ACTIVITY	-0.3840080345046571			
GSE26488_CTRL_VS_PEPTIDE_INJECTION_OT2_THYMOCYTE_DN	-0.38406807162438344			
GSE36392_MAC_VS_NEUTROPHIL_IL25_TREATED_LUNG_UP	-0.384093609520799			
GO_REGULATION_OF_NUCLEAR_CELL_CYCLE_DNA_REPLICATION	-0.38414566818856516			
GSE3982_DC_VS_NKCELL_DN	-0.3843279335559193			
MIR186_3P	-0.38438510996719993			
LEE_DIFFERENTIATING_T_LYMPHOCYTE	-0.38446363010584433			
GSE9239_CTRL_VS_TNF_INHIBITOR_TREATED_DC_DN	-0.3845323944011461			
GO_REGULATION_OF_CD8_POSITIVE_ALPHA_BETA_T_CELL_DIFFERENTIATION	-0.3846379945714994			
GO_SOMATIC_DIVERSIFICATION_OF_IMMUNE_RECEPTORS_VIA_GERMLINE_RECOMBINATION_WITHIN_A_SINGLE_LOCUS	-0.3846503310588292			
GSE13411_PLASMA_CELL_VS_MEMORY_BCELL_DN	-0.3846753001622134			
GSE12366_PLASMA_CELL_VS_MEMORY_BCELL_DN	-0.38468444719649475			
GSE4984_UNTREATED_VS_GALECTIN1_TREATED_DC_DN	-0.38469574886581764			
GO_REGULATION_OF_IMMUNE_RESPONSE	-0.38518279600285404			
GSE1460_CD4_THYMOCYTE_VS_THYMIC_STROMAL_CELL_UP	-0.3852030179548803			
TNCATNTCCYR_UNKNOWN	-0.38528978428738125			
REACTOME_ERCC6_CSB_AND_EHMT2_G9A_POSITIVELY_REGULATE_RRNA_EXPRESSION	-0.38529727385363105			
GO_SWI_SNF_COMPLEX	-0.38530269425406477			
GO_METHYLATION	-0.3853458530266848			
GO_LYMPHOCYTE_HOMEOSTASIS	-0.3855309498911895			
GO_CHROMO_SHADOW_DOMAIN_BINDING	-0.3856295039158368			
GO_NEGATIVE_T_CELL_SELECTION	-0.3856419192370737			
GSE19923_HEB_KO_VS_HEB_AND_E2A_KO_DP_THYMOCYTE_UP	-0.385775464459415			
ONO_FOXP3_TARGETS_DN	-0.3858370963455758			
ONO_AML1_TARGETS_DN	-0.38590144375236374			
GSE3982_MAC_VS_CENT_MEMORY_CD4_TCELL_DN	-0.3859547805398651			
GO_T_CELL_ACTIVATION_INVOLVED_IN_IMMUNE_RESPONSE	-0.38622322189202557			
GO_MODIFICATION_DEPENDENT_PROTEIN_BINDING	-0.3863436349047897			
GO_REGULATION_OF_CELL_ACTIVATION	-0.3864412592968243			
SMID_BREAST_CANCER_NORMAL_LIKE_UP	-0.3865047726591493			
GSE22886_NAIVE_BCELL_VS_DC_UP	-0.38661457688435047			
IPA_E2F7_DN	-0.3866721555483285			
IPA_PAX5_UP	-0.38682297143038763			
GO_MATURE_B_CELL_DIFFERENTIATION_INVOLVED_IN_IMMUNE_RESPONSE	-0.38697032437140316			
GO_LEUKOCYTE_DIFFERENTIATION	-0.3872784457459239			
GSE17580_UNINFECTED_VS_S_MANSONI_INF_TREG_UP	-0.38759774985060685			
GSE16385_ROSIGLITAZONE_IL4_VS_IL4_ALONE_STIM_MACROPHAGE_12H_UP	-0.3876874912101635			
GSE3982_DC_VS_EFF_MEMORY_CD4_TCELL_DN	-0.3876882383510934			
GO_IMMUNOLOGICAL_SYNAPSE	-0.3877046094131632			
GO_LYSINE_N_METHYLTRANSFERASE_ACTIVITY	-0.387725549161163			
GO_CHROMOSOME_ORGANIZATION	-0.3877536322232201			
GO_POSITIVE_REGULATION_OF_ISOTYPE_SWITCHING	-0.38777056988696806			
GO_RNA_POLYMERASE_I_REGULATORY_REGION_DNA_BINDING	-0.38785370760655724			
RAG1_TARGET_GENES	-0.3879029911869237			
GSE23321_CD8_STEM_CELL_MEMORY_VS_NAIVE_CD8_TCELL_DN	-0.3879115290540166			
GSE21670_UNTREATED_VS_TGFB_TREATED_STAT3_KO_CD4_TCELL_DN	-0.3879939657744624			
GSE41867_DAY6_EFFECTOR_VS_DAY30_MEMORY_CD8_TCELL_LCMV_ARMSTRONG_UP	-0.38802515671253635			
GSE32164_ALTERNATIVELY_ACT_M2_VS_CMYC_INHIBITED_MACROPHAGE_UP	-0.3880461719525745			
GO_NEGATIVE_REGULATION_OF_CHROMOSOME_ORGANIZATION	-0.3881862194820518			
GO_ATPASE_COMPLEX	-0.38829743561206964			
GSE22229_RENAL_TRANSPLANT_VS_HEALTHY_PBMC_UP	-0.38846848804594636			
GSE25677_R848_VS_MPL_AND_R848_STIM_BCELL_DN	-0.3886967014939548			
GO_RNA_SPLICING	-0.3887866208063925			
YANG_BCL3_TARGETS_DN	-0.38880647561543363			
GSE9509_LPS_VS_LPS_AND_IL10_STIM_IL10_KO_MACROPHAGE_30MIN_DN	-0.38896723676763095			
GSE24671_CTRL_VS_SENDAI_VIRUS_INFECTED_MOUSE_SPLENOCYTES_DN	-0.38905577874037844			
GSE3982_MAC_VS_BCELL_DN	-0.3892114303808181			
E2F4DP2_01	-0.3892344860717979			
E2F1DP1_01	-0.3892344860717979			
E2F1DP2_01	-0.3892344860717979			
GO_SOMATIC_DIVERSIFICATION_OF_IMMUNE_RECEPTORS	-0.389297089922619			
GO_POSITIVE_REGULATION_OF_ALPHA_BETA_T_CELL_ACTIVATION	-0.3894115247536211			
ZHOU_INFLAMMATORY_RESPONSE_FIMA_DN	-0.38947774528380735			
GO_ADAPTIVE_IMMUNE_RESPONSE_BASED_ON_SOMATIC_RECOMBINATION_OF_IMMUNE_RECEPTORS_BUILT_FROM_IMMUNOGLOBULIN_SUPERFAMILY_DOMAINS	-0.3894896694012515			
IPA_MTA3_UP	-0.3896787871076552			
KTGGYRSGAA_UNKNOWN	-0.3897063849021339			
GO_POSITIVE_REGULATION_OF_CELL_ACTIVATION	-0.38971316177575654			
GSE29617_DAY3_VS_DAY7_TIV_FLU_VACCINE_PBMC_2008_DN	-0.3897557671474056			
GSE1460_INTRATHYMIC_T_PROGENITOR_VS_THYMIC_STROMAL_CELL_UP	-0.3897920929720027			
GO_HISTONE_H4_K16_ACETYLATION	-0.38981654664325827			
GSE32533_MIR17_KO_VS_MIR17_OVEREXPRESS_ACT_CD4_TCELL_UP	-0.39010623354829954			
GO_MHC_CLASS_I_PROTEIN_BINDING	-0.39014081475093326			
GSE7219_UNSTIM_VS_LPS_AND_ANTI_CD40_STIM_NIK_NFKB2_KO_DC_UP	-0.390151297081188			
E2F_02	-0.3901635104826049			
GO_DENDRITE_EXTENSION	-0.3901835160424153			
GSE27786_LIN_NEG_VS_CD4_TCELL_DN	-0.3901852408972132			
GSE3982_BCELL_VS_NKCELL_UP	-0.3902058181752596			
RASHI_RESPONSE_TO_IONIZING_RADIATION_6	-0.3903391320012801			
GSE43863_TH1_VS_TFH_MEMORY_CD4_TCELL_DN	-0.39049624760699747			
GO_REGULATION_OF_LEUKOCYTE_PROLIFERATION	-0.39071839473059394			
GO_REGULATION_OF_ISOTYPE_SWITCHING	-0.39075840025113034			
GSE3982_MAST_CELL_VS_BCELL_DN	-0.39084859045814924			
GSE43863_DAY6_EFF_VS_DAY150_MEM_LY6C_INT_CXCR5POS_CD4_TCELL_DN	-0.39088647674379734			
GO_LYMPHOCYTE_MEDIATED_IMMUNITY	-0.3910152097709282			
GSE21670_UNTREATED_VS_IL6_TREATED_CD4_TCELL_DN	-0.3910825765354936			
PYEON_HPV_POSITIVE_TUMORS_UP	-0.39109726870444006			
GO_POSITIVE_REGULATION_OF_HELICASE_ACTIVITY	-0.39127626529114173			
GSE12366_GC_BCELL_VS_PLASMA_CELL_UP	-0.39135137791149127			
GO_HISTONE_H3_K4_METHYLATION	-0.3914150706120996			
GSE39556_UNTREATED_VS_3H_POLYIC_INJ_MOUSE_NK_CELL_UP	-0.391633094452151			
GSE37532_TREG_VS_TCONV_CD4_TCELL_FROM_LN_DN	-0.39167258003979943			
HAHTOLA_MYCOSIS_FUNGOIDES_DN	-0.3918605261136089			
MORI_PRE_BI_LYMPHOCYTE_DN	-0.3919339575388563			
GO_B_CELL_DIFFERENTIATION	-0.3919362119852611			
GO_REGULATION_OF_ALPHA_BETA_T_CELL_DIFFERENTIATION	-0.39197555018601477			
GSE22432_UNTREATED_VS_TGFB1_TREATED_COMMON_DC_PROGENITOR_DN	-0.39207894107438124			
GSE10325_BCELL_VS_MYELOID_UP	-0.39221526847453225			
GO_PEPTIDE_N_ACETYLTRANSFERASE_ACTIVITY	-0.39225883602327993			
REACTOME_ANTIGEN_ACTIVATES_B_CELL_RECEPTOR_BCR_LEADING_TO_GENERATION_OF_SECOND_MESSENGERS	-0.39258745683680474			
GO_POSITIVE_REGULATION_OF_LEUKOCYTE_CELL_CELL_ADHESION	-0.39276801114586674			
GO_POSITIVE_REGULATION_OF_LEUKOCYTE_PROLIFERATION	-0.39289923612355787			
GSE29618_BCELL_VS_MONOCYTE_DAY7_FLU_VACCINE_UP	-0.39310129829630186			
GO_NBAF_COMPLEX	-0.3931195723082668			
GSE2706_UNSTIM_VS_2H_LPS_DC_UP	-0.3932847006890152			
GO_DNA_PACKAGING_COMPLEX	-0.39350868971180414			
SU_THYMUS	-0.39384026987107074			
KEGG_NATURAL_KILLER_CELL_MEDIATED_CYTOTOXICITY	-0.393975527268887			
GSE3039_NKT_CELL_VS_ALPHAALPHA_CD8_TCELL_DN	-0.39405554559025807			
GSE26928_NAIVE_VS_EFF_MEMORY_CD4_TCELL_UP	-0.3941649319156647			
GSE29618_BCELL_VS_MDC_UP	-0.3941726205975338			
GO_HISTONE_BINDING	-0.394235460374417			
REACTOME_TRANSCRIPTIONAL_REGULATION_BY_E2F6	-0.39459507670421784			
GO_PRODUCTION_OF_MOLECULAR_MEDIATOR_OF_IMMUNE_RESPONSE	-0.3946949092203599			
GO_REGULATION_OF_LYMPHOCYTE_DIFFERENTIATION	-0.39473625790621336			
GO_CD4_POSITIVE_ALPHA_BETA_T_CELL_DIFFERENTIATION	-0.39490793287653086			
ARID5B_TARGET_GENES	-0.3950736874561212			
GSE24634_IL4_VS_CTRL_TREATED_NAIVE_CD4_TCELL_DAY10_UP	-0.395184798935429			
GO_MACROMOLECULE_METHYLATION	-0.39528274972107086			
GSE7459_UNTREATED_VS_IL6_TREATED_ACT_CD4_TCELL_UP	-0.39548878643526875			
GSE22886_NAIVE_CD4_TCELL_VS_MONOCYTE_UP	-0.39570263012294815			
MIR2114_3P	-0.39573212016203124			
GSE25146_UNSTIM_VS_HELIOBACTER_PYLORI_LPS_STIM_AGS_CELL_UP	-0.3958394939430751			
GO_REGULATION_OF_RNA_SPLICING	-0.3960151436901988			
GSE29618_BCELL_VS_MONOCYTE_UP	-0.3960876009908278			
GSE3982_DC_VS_BCELL_DN	-0.396137889340772			
GO_POSITIVE_REGULATION_OF_IMMUNE_RESPONSE	-0.3962210927464914			
GO_B_CELL_ACTIVATION_INVOLVED_IN_IMMUNE_RESPONSE	-0.39623157945208554			
GO_PROTEIN_METHYLATION	-0.3966756067912556			
GSE10325_LUPUS_CD4_TCELL_VS_LUPUS_MYELOID_UP	-0.39675320698350586			
GO_MRNA_PROCESSING	-0.3969071998353135			
GO_G0_TO_G1_TRANSITION	-0.39694441094778915			
GO_CD8_POSITIVE_ALPHA_BETA_T_CELL_ACTIVATION	-0.3969634191746541			
GO_POSITIVE_T_CELL_SELECTION	-0.397381458743757			
GO_DNA_MODIFICATION	-0.39744245229992614			
GO_PRESPLICEOSOME	-0.3974671457504732			
ZWANG_DOWN_BY_2ND_EGF_PULSE	-0.3974675401535693			
GO_HISTONE_H3_K36_METHYLATION	-0.39752829229382575			
GSE411_100MIN_VS_400MIN_IL6_STIM_SOCS3_KO_MACROPHAGE_DN	-0.39757407189994576			
MIKKELSEN_ES_ICP_WITH_H3K27ME3	-0.397583628034357			
SGCGSSAAA_E2F1DP2_01	-0.3976828180780256			
GO_NEGATIVE_REGULATION_OF_HISTONE_H3_K9_METHYLATION	-0.3980332715282602			
GSE2770_IL4_ACT_VS_ACT_CD4_TCELL_6H_UP	-0.39808712626954906			
GO_NEGATIVE_REGULATION_OF_HISTONE_MODIFICATION	-0.39810963078893846			
GSE22886_NAIVE_TCELL_VS_DC_UP	-0.39812473806709087			
GSE3039_ALPHABETA_CD8_TCELL_VS_B2_BCELL_UP	-0.3982221481502905			
GSE4748_CYANOBACTERIUM_LPSLIKE_VS_LPS_AND_CYANOBACTERIUM_LPSLIKE_STIM_DC_3H_UP	-0.39838582638491454			
GO_DNA_RECOMBINATION	-0.3984043493311962			
GO_NUCLEAR_PERICENTRIC_HETEROCHROMATIN	-0.39846510530970247			
GO_POSITIVE_REGULATION_OF_B_CELL_ACTIVATION	-0.3986638726333801			
GO_POSITIVE_REGULATION_OF_B_CELL_PROLIFERATION	-0.398680385064806			
KEGG_PRIMARY_IMMUNODEFICIENCY	-0.39876378830104053			
GSE10239_NAIVE_VS_MEMORY_CD8_TCELL_UP	-0.39886645540206345			
GSE24210_CTRL_VS_IL35_TREATED_TCONV_CD4_TCELL_UP	-0.39888268759348183			
GSE369_SOCS3_KO_VS_WT_LIVER_POST_IL6_INJECTION_DN	-0.39942567551926755			
GSE22886_NAIVE_TCELL_VS_MONOCYTE_UP	-0.39946095417610156			
GSE2405_0H_VS_1.5H_A_PHAGOCYTOPHILUM_STIM_NEUTROPHIL_DN	-0.39953214399884457			
GO_MISMATCHED_DNA_BINDING	-0.39955692609606835			
GSE22886_NAIVE_CD4_TCELL_VS_DC_UP	-0.3995621738268309			
GSE29618_BCELL_VS_MDC_DAY7_FLU_VACCINE_UP	-0.3995661323411436			
GSE22886_NAIVE_CD8_TCELL_VS_MONOCYTE_UP	-0.3997894833232795			
GO_PERICENTRIC_HETEROCHROMATIN	-0.39985733182543715			
GAZIN_EPIGENETIC_SILENCING_BY_KRAS	-0.40004719785112236			
MARSON_BOUND_BY_FOXP3_UNSTIMULATED	-0.4002061372318048			
GO_POSITIVE_REGULATION_OF_DNA_RECOMBINATION	-0.40025656623539885			
GSE10325_LUPUS_BCELL_VS_LUPUS_MYELOID_UP	-0.4002873964188146			
GO_DNA_METHYLATION_OR_DEMETHYLATION	-0.400305379391794			
GO_LEUKOCYTE_PROLIFERATION	-0.4003104644133374			
GO_REGULATION_OF_ALPHA_BETA_T_CELL_ACTIVATION	-0.40038849465594256			
IPA_ID3_DN	-0.40059937013335184			
GO_REGULATION_OF_B_CELL_PROLIFERATION	-0.4006510280036399			
GSE17186_CD21LOW_VS_CD21HIGH_TRANSITIONAL_BCELL_CORD_BLOOD_DN	-0.4008640637601506			
GO_REGULATORY_RNA_BINDING	-0.4014194399137047			
GO_DOSAGE_COMPENSATION	-0.40142030667613654			
GO_REGULATION_OF_T_CELL_ACTIVATION	-0.40158372980276963			
GO_B_CELL_PROLIFERATION	-0.4017047252905062			
GSE3982_MAC_VS_EFF_MEMORY_CD4_TCELL_DN	-0.401836875234826			
GO_SOMATIC_DIVERSIFICATION_OF_IMMUNE_RECEPTORS_VIA_SOMATIC_MUTATION	-0.4019083255475501			
IPA_HOXA7_UP	-0.4020044521617985			
GO_NPBAF_COMPLEX	-0.402081808127124			
IPA_EBF1_UP	-0.4020897286667568			
GO_POSITIVE_REGULATION_OF_ISOTYPE_SWITCHING_TO_IGG_ISOTYPES	-0.4025146574134437			
GO_T_CELL_RECEPTOR_SIGNALING_PATHWAY	-0.40256443044249374			
GO_SIRNA_BINDING	-0.4028380211887098			
ZNF597_TARGET_GENES	-0.40336626245904356			
GO_REGULATION_OF_B_CELL_ACTIVATION	-0.4035930385045396			
GO_REGULATION_OF_ANTIGEN_RECEPTOR_MEDIATED_SIGNALING_PATHWAY	-0.4037346736869756			
PUJANA_BRCA2_PCC_NETWORK	-0.4037838217743512			
GSE21670_UNTREATED_VS_TGFB_IL6_TREATED_STAT3_KO_CD4_TCELL_DN	-0.40378971365956645			
GO_REGULATION_OF_DNA_RECOMBINATION	-0.4038234604448121			
GO_ALTERNATIVE_MRNA_SPLICING_VIA_SPLICEOSOME	-0.403971983714216			
GO_HISTONE_METHYLATION	-0.40410629803560494			
GSE39556_UNTREATED_VS_3H_POLYIC_INJ_MOUSE_CD8A_DC_UP	-0.4042405109627661			
GO_REGULATION_OF_T_CELL_DIFFERENTIATION	-0.40458496526204074			
GO_MATURE_B_CELL_DIFFERENTIATION	-0.4046042809344444			
GO_T_CELL_SELECTION	-0.40461804330835477			
GO_ACTIVATION_OF_IMMUNE_RESPONSE	-0.404841104098509			
GO_CHROMATIN_REMODELING	-0.404880178682549			
GO_METHYLATED_HISTONE_BINDING	-0.40502935639241716			
PUJANA_XPRSS_INT_NETWORK	-0.4051795961843412			
REACTOME_SIGNALING_BY_THE_B_CELL_RECEPTOR_BCR	-0.4057359020025635			
GO_REGULATION_OF_DOUBLE_STRAND_BREAK_REPAIR_VIA_HOMOLOGOUS_RECOMBINATION	-0.405825819344238			
MIKKELSEN_MCV6_ICP_WITH_H3K27ME3	-0.4058832259579186			
GO_METHYLATION_DEPENDENT_CHROMATIN_SILENCING	-0.40589933911542486			
DIRMEIER_LMP1_RESPONSE_LATE_DN	-0.40598689670878846			
GSE6269_FLU_VS_STAPH_AUREUS_INF_PBMC_UP	-0.4063672010562582			
GSE20727_CTRL_VS_ROS_INHIBITOR_TREATED_DC_DN	-0.40637852916176703			
REACTOME_RUNX1_REGULATES_TRANSCRIPTION_OF_GENES_INVOLVED_IN_BCR_SIGNALING	-0.4066024159316809			
GO_REGULATION_OF_MRNA_SPLICING_VIA_SPLICEOSOME	-0.4066523318435732			
GSE8685_IL2_STARVED_VS_IL2_ACT_IL2_STARVED_CD4_TCELL_UP	-0.40678180545856385			
GO_PEPTIDYL_LYSINE_METHYLATION	-0.40741436154753985			
GO_B_CELL_ACTIVATION	-0.40748237332332493			
GO_IMMUNE_RESPONSE_REGULATING_SIGNALING_PATHWAY	-0.40818785415631675			
GO_ALPHA_BETA_T_CELL_DIFFERENTIATION	-0.40849177630928407			
GO_REGULATION_OF_LYMPHOCYTE_ACTIVATION	-0.4090064211264326			
GOLUB_ALL_VS_AML_UP	-0.4091459954087362			
GO_HISTONE_METHYLTRANSFERASE_ACTIVITY_H3_K27_SPECIFIC	-0.4091734767006872			
GSE8621_UNSTIM_VS_LPS_PRIMED_AND_LPS_STIM_MACROPHAGE_DN	-0.4095089049301869			
GSE22919_RESTING_VS_IL2_IL12_IL15_STIM_NK_CELL_DN	-0.40960970933064134			
GO_T_CELL_DIFFERENTIATION	-0.4096153270155967			
GO_LYMPHOCYTE_DIFFERENTIATION	-0.4101346547523322			
GO_REGULATION_OF_MRNA_PROCESSING	-0.4108067226572756			
GO_T_CELL_ACTIVATION	-0.4111534017855135			
GO_POSITIVE_REGULATION_OF_DOUBLE_STRAND_BREAK_REPAIR_VIA_HOMOLOGOUS_RECOMBINATION	-0.4113402435179769			
GO_MRNA_SPLICE_SITE_SELECTION	-0.41136053423777535			
GO_IMMUNE_RESPONSE_REGULATING_CELL_SURFACE_RECEPTOR_SIGNALING_PATHWAY	-0.4114245598819904			
GO_CHROMATIN_ORGANIZATION	-0.4120961827951011			
GSE10147_IL3_VS_IL3_AND_HIVP17_STIM_PDC_UP	-0.4123958584157924			
GO_NEGATIVE_REGULATION_OF_CHROMATIN_ORGANIZATION	-0.4126070354273659			
GO_NEGATIVE_REGULATION_OF_DNA_RECOMBINATION	-0.41268980174840103			
GO_IMMUNOGLOBULIN_PRODUCTION	-0.41303051561947285			
GO_T_CELL_LINEAGE_COMMITMENT	-0.4130956719667328			
GO_CD4_POSITIVE_ALPHA_BETA_T_CELL_LINEAGE_COMMITMENT	-0.41444244714970147			
GO_REGULATION_OF_HISTONE_METHYLATION	-0.4156587241013999			
GO_NEGATIVE_REGULATION_OF_VESICLE_FUSION	-0.41591698809159877			
GSE2706_UNSTIM_VS_2H_LPS_AND_R848_DC_UP	-0.41636046714785235			
GSE1460_DP_THYMOCYTE_VS_THYMIC_STROMAL_CELL_UP	-0.4163671487579694			
GO_ALPHA_BETA_T_CELL_ACTIVATION	-0.41687356006011805			
GO_ANTIGEN_RECEPTOR_MEDIATED_SIGNALING_PATHWAY	-0.4172773280990626			
GO_LYMPHOCYTE_ACTIVATION	-0.4181526919071383			
GO_REGULATION_OF_IMMUNOGLOBULIN_PRODUCTION	-0.41837630446460666			
GO_NEGATIVE_REGULATION_OF_GENE_EXPRESSION_EPIGENETIC	-0.4193917150228774			
GO_COVALENT_CHROMATIN_MODIFICATION	-0.4199471072331472			
GO_POSITIVE_REGULATION_OF_IMMUNOGLOBULIN_PRODUCTION	-0.4204829760238159			
GO_LYMPHOCYTE_ACTIVATION_INVOLVED_IN_IMMUNE_RESPONSE	-0.4207744953586564			
GO_CHROMATIN_ORGANIZATION_INVOLVED_IN_REGULATION_OF_TRANSCRIPTION	-0.4208251029465571			
GSE27241_WT_VS_RORGT_KO_TH17_POLARIZED_CD4_TCELL_TREATED_WITH_DIGOXIN_UP	-0.4215129534159479			
GO_HISTONE_H4_ACETYLATION	-0.42302413227129326			
GO_SPLICEOSOMAL_COMPLEX_ASSEMBLY	-0.4231387456429813			
GO_ADAPTIVE_IMMUNE_RESPONSE	-0.42752231143885877			
GO_NEGATIVE_REGULATION_OF_HISTONE_METHYLATION	-0.42907549600135336			
GO_CD4_POSITIVE_OR_CD8_POSITIVE_ALPHA_BETA_T_CELL_LINEAGE_COMMITMENT	-0.42913437066494947			
MAML1_TARGET_GENES	-0.42997210708287087			
GSE27241_CTRL_VS_DIGOXIN_TREATED_RORGT_KO_CD4_TCELL_IN_TH17_POLARIZING_CONDITIONS_UP	-0.44612613377302324			
chr13q11				
chr9q13				
F2RL1_TARGET_GENES				
LAMTOR5_TARGET_GENES				
SOD1_TARGET_GENES				
GO_REGULATION_OF_CIRCULATING_FIBRINOGEN_LEVELS				
GO_FLAVONOID_GLUCURONIDATION				
GO_NEGATIVE_REGULATION_OF_INTERLEUKIN_6_MEDIATED_SIGNALING_PATHWAY				
GO_NEGATIVE_REGULATION_OF_ARTERY_MORPHOGENESIS				
GO_NEGATIVE_REGULATION_OF_INTERLEUKIN_1_BIOSYNTHETIC_PROCESS				
GO_NEGATIVE_REGULATION_OF_INTERLEUKIN_1_BETA_BIOSYNTHETIC_PROCESS				
GO_RNA_BINDING_INVOLVED_IN_POSTTRANSCRIPTIONAL_GENE_SILENCING				
IPA_ACTL6A_DN				
IPA_ADAR_DN				
IPA_AIRE_DN				
IPA_ALX4_UP				
IPA_ALYREF_DN				
IPA_ARID1B_DN				
IPA_ARID4B_DN				
IPA_ARNT2_DN				
IPA_ATF1_DN				
IPA_ATF7_DN				
IPA_ATOH1_DN				
IPA_BACH2_DN				
IPA_BARHL2_DN				
IPA_BARX2_DN				
IPA_BATF_DN				
IPA_BCL11A_UP				
IPA_BDP1_UP				
IPA_BHLHE22_DN				
IPA_BHLHE40_DN				
IPA_BHLHE41_UP				
IPA_BNIP3_DN				
IPA_ZFP36L1_DN				
IPA_BRIP1_UP				
IPA_MYRF_DN				
IPA_CDC5L_DN				
IPA_CDCA7L_UP				
IPA_CDCA7L_DN				
IPA_CDK7_DN				
IPA_CHD3_DN				
IPA_CHD5_UP				
IPA_CHD7_DN				
IPA_CLOCK_DN				
IPA_CNOT3_UP				
IPA_CNOT3_DN				
IPA_CREB3_DN				
IPA_CREB3L2_DN				
IPA_CREB3L3_DN				
IPA_CREB5_UP				
IPA_CRTC1_DN				
IPA_CTCFL_DN				
IPA_DEK_UP				
IPA_DEK_DN				
IPA_DLX3_DN				
IPA_DMRT1_DN				
IPA_DMTF1_DN				
IPA_DNAJC1_DN				
IPA_E2F3_DN				
IPA_E2F5_UP				
IPA_E4F1_DN				
IPA_ELF1_DN				
IPA_ELK4_DN				
IPA_EMX1_DN				
IPA_ENO1_DN				
IPA_EP400_DN				
IPA_ERCC6_DN				
IPA_ERCC8_UP				
IPA_ERCC8_DN				
IPA_ETV4_DN				
IPA_FANCD2_DN				
IPA_FEV_DN				
IPA_FEZF2_DN				
IPA_FOXA3_DN				
IPA_FOXC1_DN				
IPA_FOXE3_DN				
IPA_FOXH1_DN				
IPA_FOXI1_DN				
IPA_FOXJ1_DN				
IPA_FOXN1_DN				
IPA_FOXN3_UP				
IPA_FOXP2_UP				
IPA_FUBP1_DN				
IPA_GABPB1_DN				
IPA_GATA5_DN				
IPA_GATA6_DN				
IPA_GLIS1_DN				
IPA_GRHL1_DN				
IPA_GRHL2_DN				
IPA_GRHL3_UP				
IPA_GRHL3_DN				
IPA_GTF2B_DN				
IPA_GTF2F2_DN				
IPA_GTF2H1_UP				
IPA_GTF2IRD1_UP				
IPA_GTF3C2_UP				
IPA_GZF1_DN				
IPA_HBP1_UP				
IPA_HBP1_DN				
IPA_HES2_DN				
IPA_HES7_DN				
IPA_HESX1_UP				
IPA_HINFP_DN				
IPA_HIVEP2_UP				
IPA_HIVEP2_DN				
IPA_HOPX_DN				
IPA_HOXA2_DN				
IPA_HOXA3_DN				
IPA_HOXA5_UP				
IPA_HOXA6_UP				
IPA_HOXB13_DN				
IPA_HOXB3_DN				
IPA_HOXB5_UP				
IPA_HOXB5_DN				
IPA_HOXB6_UP				
IPA_HOXB6_DN				
IPA_HOXB7_UP				
IPA_HOXB7_DN				
IPA_HOXC13_DN				
IPA_HOXD11_DN				
IPA_HOXD9_DN				
IPA_HSF2_UP				
IPA_HSF2_DN				
IPA_HSF4_DN				
IPA_IKZF3_UP				
IPA_ILF3_DN				
IPA_ING4_DN				
IPA_IRF6_DN				
IPA_IRX2_UP				
IPA_ISX_UP				
IPA_ISX_DN				
IPA_JDP2_DN				
IPA_KCNIP2_UP				
IPA_KCNIP4_UP				
IPA_KCNIP4_DN				
IPA_KLF1_DN				
IPA_KLF11_UP				
IPA_KLF15_DN				
IPA_KLF2_DN				
IPA_KLF7_UP				
IPA_KLF7_DN				
IPA_KLF8_UP				
IPA_LBX1_UP				
IPA_LDB2_DN				
IPA_LMO2_DN				
IPA_LMO3_UP				
IPA_LMX1A_DN				
IPA_LRPPRC_DN				
IPA_LRRFIP1_DN				
IPA_MAFF_DN				
IPA_MAFG_DN				
IPA_MAFK_DN				
IPA_MAPK8IP1_DN				
IPA_MBD1_UP				
IPA_MECOM_DN				
IPA_MESP1_DN				
IPA_MESP2_DN				
IPA_MIER1_UP				
IPA_KMT2A_DN				
IPA_KMT2C_DN				
IPA_MLX_DN				
IPA_MNAT1_DN				
IPA_MSLN_DN				
IPA_MTA2_UP				
IPA_MTA3_DN				
IPA_MTF1_DN				
IPA_MXD1_DN				
IPA_MXI1_UP				
IPA_MYBBP1A_DN				
IPA_MYCBP_DN				
IPA_MYF6_DN				
IPA_NCL_DN				
IPA_NCOA2_DN				
IPA_NCOA6_DN				
IPA_NEUROD2_DN				
IPA_NEUROD4_DN				
IPA_NEUROG3_DN				
IPA_NFATC4_DN				
IPA_NFYB_DN				
IPA_NFYC_DN				
IPA_NHLH1_DN				
IPA_NKX2-2_DN				
IPA_NKX3-2_DN				
IPA_NMI_DN				
IPA_NOBOX_DN				
IPA_NONO_DN				
IPA_NOV_DN				
IPA_NPAS2_DN				
IPA_NPAS3_DN				
IPA_NR1D1_UP				
IPA_NR1D2_UP				
IPA_NR2E3_UP				
IPA_NR6A1_UP				
IPA_OLIG2_DN				
IPA_OXSR1_DN				
IPA_OTP_DN				
IPA_OTX1_DN				
IPA_OVOL1_DN				
IPA_PA2G4_UP				
IPA_PAX1_DN				
IPA_PAX4_DN				
IPA_PBX2_DN				
IPA_PDCD2_UP				
IPA_PDCD2_DN				
IPA_PHOX2B_DN				
IPA_PLAGL2_DN				
IPA_POU3F2_DN				
IPA_PPP1R13B_DN				
IPA_PRDM16_DN				
IPA_PRDM8_UP				
IPA_PSMB1_DN				
IPA_RAX_DN				
IPA_RB1CC1_DN				
IPA_RBMS1_UP				
IPA_RBMS1_DN				
IPA_RBPJL_DN				
IPA_RCOR1_UP				
IPA_RFX4_DN				
IPA_RFX7_UP				
IPA_RPA1_UP				
IPA_RREB1_DN				
IPA_RUVBL1_DN				
IPA_SALL1_DN				
IPA_SFPQ_DN				
IPA_SIN3A_UP				
IPA_SIRT6_UP				
IPA_SIRT6_DN				
IPA_SIX1_UP				
IPA_SIX2_DN				
IPA_SIX3_UP				
IPA_SIX4_DN				
IPA_SIX5_DN				
IPA_SMARCC2_DN				
IPA_SNAPC1_UP				
IPA_SNAPC1_DN				
IPA_SNAPC2_UP				
IPA_SNAPC2_DN				
IPA_SNAPC3_UP				
IPA_SNAPC3_DN				
IPA_SNAPC4_UP				
IPA_SNAPC4_DN				
IPA_SOHLH1_DN				
IPA_SOX1_DN				
IPA_SOX11_DN				
IPA_SOX17_DN				
IPA_SOX6_DN				
IPA_SOX8_UP				
IPA_SP8_DN				
IPA_SPIB_DN				
IPA_SRCAP_DN				
IPA_SRY_DN				
IPA_SSRP1_DN				
IPA_STRAP_DN				
IPA_SUB1_UP				
IPA_T_UP				
IPA_T_DN				
IPA_TADA3_DN				
IPA_TAF10_DN				
IPA_TAF12_DN				
IPA_TAF4B_DN				
IPA_TARBP2_DN				
IPA_TAZ_DN				
IPA_TBX1_DN				
IPA_TBX22_DN				
IPA_TCF20_DN				
IPA_TFCP2_DN				
IPA_TFDP2_DN				
IPA_TFEB_DN				
IPA_TGFB1I1_DN				
IPA_TLE1_DN				
IPA_TLX1_DN				
IPA_TLX3_DN				
IPA_TRIM24_UP				
IPA_TSHZ3_UP				
IPA_UBTF_DN				
IPA_UHRF1_DN				
IPA_USF1_DN				
IPA_VSX2_UP				
IPA_WHSC1_DN				
IPA_XRCC5_UP				
IPA_YAP1_DN				
IPA_YBX2_DN				
IPA_ZBTB20_DN				
IPA_ZBTB43_UP				
IPA_ZBTB7A_UP				
IPA_ZBTB7C_DN				
IPA_ZBTB14_UP				
IPA_ZFPM2_DN				
IPA_ZMYND11_UP				
IPA_ZNF100_DN				
IPA_ZNF143_DN				
IPA_ZNF217_UP				
IPA_ZNF254_DN				
IPA_ZNF302_DN				
IPA_ZNF33A_UP				
IPA_ZNF354C_UP				
IPA_ZNF423_UP				
IPA_ZNF429_DN				
IPA_ZNF43_DN				
IPA_ZNF431_DN				
IPA_ZNF512B_UP				
IPA_ZNF528_DN				
IPA_ZNF536_DN				
IPA_ZNF552_UP				
IPA_ZNF665_DN				
IPA_ZNF708_DN				
IPA_ZNF85_DN				
IPA_ZNF91_DN				
IPA_ZSCAN10_DN				
IPA_HIST1H1C_UP				
IPA_HIST1H1D_UP				
IPA_H2AFY_UP				
IPA_HIST1H1E_UP				
IPA_SMYD3_DN				
IPA_SIRT2_DN				
IPA_ASF1B_DN				
IPA_KMT2D_DN				
IPA_MED14_UP				
IPA_MED14_DN				
IPA_MED13_UP				
IPA_SETD7_UP				
IPA_SUV39H2_DN				
IPA_SETD2_UP				
IPA_SETD2_DN				
IPA_NSD1_DN				
IPA_WHSC1L1_DN				
IPA_CHD8_DN				
IPA_CTR9_DN				
IPA_PRMT5_UP				
IPA_PSMC6_DN				
IPA_PAF1_DN				
IPA_CDC73_DN				
IPA_EED_UP				
IPA_WDR82_DN				
IPA_MED28_UP				
IPA_MLLT3_DN				
IPA_JARID2_DN				
IPA_SMARCD2_DN				
IPA_HIST1H2BE_DN				
IPA_ERCC6L_UP				
IPA_HIST1H2BG_DN				
IPA_SMARCD3_DN				
IPA_KDM2B_UP				
IPA_KDM2B_DN				
IPA_CENPA_DN				
IPA_ACTR3_DN				
IPA_KDM4C_DN				
IPA_SET_DN				
IPA_KDM4B_DN				
IPA_HIST1H2BC_DN				
IPA_H3F3B_UP				
IPA_H3F3B_DN				
IPA_HIST1H2BI_DN				
IPA_H3F3A_UP				
IPA_H3F3A_DN				
IPA_KAT7_UP				
IPA_HDAC10_UP				
