	Score	0.95 MoE	P-Value	Q-Value
DORN_ADENOVIRUS_INFECTION_32HR_DN	0.41685354297828514			
REACTOME_SIGNALING_BY_PTK6	0.4120358676282688			
DORN_ADENOVIRUS_INFECTION_48HR_DN	0.4114543250210243			
RIGGINS_TAMOXIFEN_RESISTANCE_DN	0.4093760649422924			
FRASOR_RESPONSE_TO_ESTRADIOL_DN	0.40899847203871875			
DORN_ADENOVIRUS_INFECTION_24HR_DN	0.4082475192014447			
LANDIS_ERBB2_BREAST_TUMORS_324_UP	0.40784302489427854			
JOHNSTONE_PARVB_TARGETS_3_UP	0.4067691129990073			
AKT_UP_MTOR_DN.V1_UP	0.40538577493428407			
FORTSCHEGGER_PHF8_TARGETS_DN	0.40369002777551605			
MIR92A_1_5P	0.40368223017716964			
HOFMANN_MYELODYSPLASTIC_SYNDROM_LOW_RISK_DN	0.4031576852318064			
DUTERTRE_ESTRADIOL_RESPONSE_24HR_DN	0.40276542816830413			
GRAESSMANN_APOPTOSIS_BY_DOXORUBICIN_UP	0.40117300114953136			
FRASOR_TAMOXIFEN_RESPONSE_UP	0.4010322931149965			
GSE42021_TCONV_PLN_VS_CD24HI_TCONV_THYMUS_DN	0.4008721132218884			
PID_ERBB_NETWORK_PATHWAY	0.4004690665423094			
AMIT_SERUM_RESPONSE_60_MCF10A	0.39960763107502273			
GSE11924_TH1_VS_TH2_CD4_TCELL_DN	0.3987494793354692			
GO_ESTABLISHMENT_OF_ENDOTHELIAL_INTESTINAL_BARRIER	0.39763290143402025			
DORN_ADENOVIRUS_INFECTION_12HR_DN	0.39654402590369103			
PID_A6B1_A6B4_INTEGRIN_PATHWAY	0.395843163803275			
AKT_UP.V1_UP	0.39583445760912817			
PID_ECADHERIN_NASCENT_AJ_PATHWAY	0.3958082200440776			
TURASHVILI_BREAST_DUCTAL_CARCINOMA_VS_DUCTAL_NORMAL_DN	0.3957811661591883			
MEK_UP.V1_UP	0.39565085405046363			
HAN_SATB1_TARGETS_UP	0.3954727764226651			
GOZGIT_ESR1_TARGETS_DN	0.3953455228087269			
ANDERSEN_CHOLANGIOCARCINOMA_CLASS1	0.39461320856899296			
CREIGHTON_ENDOCRINE_THERAPY_RESISTANCE_5	0.39386707437856516			
GSE32255_WT_UNSTIM_VS_JMJD2D_KNOCKDOWN_4H_LPS_STIM_DC_DN	0.39364130694772637			
GO_REGULATION_OF_PROTEIN_TYROSINE_KINASE_ACTIVITY	0.39358137574609353			
UEDA_PERIFERAL_CLOCK	0.3934778357648481			
RASHI_RESPONSE_TO_IONIZING_RADIATION_2	0.3931699445580905			
GSE11961_FOLLICULAR_BCELL_VS_GERMINAL_CENTER_BCELL_DAY7_DN	0.3930912889549819			
AMIT_SERUM_RESPONSE_240_MCF10A	0.3930806625512158			
GO_REGULATION_OF_EPIDERMAL_GROWTH_FACTOR_ACTIVATED_RECEPTOR_ACTIVITY	0.39288390075609014			
UDAYAKUMAR_MED1_TARGETS_DN	0.39275677550672583			
CHIARADONNA_NEOPLASTIC_TRANSFORMATION_CDC25_DN	0.3925352730956915			
DURCHDEWALD_SKIN_CARCINOGENESIS_DN	0.392457251317484			
LIU_CMYB_TARGETS_UP	0.392329660833885			
ERBB2_UP.V1_UP	0.39202530937812063			
GSE37532_WT_VS_PPARG_KO_VISCERAL_ADIPOSE_TISSUE_TREG_DN	0.39160659243406826			
JIANG_HYPOXIA_NORMAL	0.3914831763262767			
REACTOME_TRANS_GOLGI_NETWORK_VESICLE_BUDDING	0.391405927818243			
GO_CELL_CORTEX	0.3913394118779781			
GO_PROTEIN_LOCALIZATION_TO_PLASMA_MEMBRANE	0.39067379288393594			
GO_APICAL_PART_OF_CELL	0.3905570187445214			
EGFR_UP.V1_UP	0.3903389999159711			
ZWANG_CLASS_3_TRANSIENTLY_INDUCED_BY_EGF	0.39027973425784135			
NAGASHIMA_NRG1_SIGNALING_UP	0.3897903867012287			
REACTOME_CELL_DEATH_SIGNALLING_VIA_NRAGE_NRIF_AND_NADE	0.38944061957832304			
LIU_SOX4_TARGETS_UP	0.38931264792758247			
GSE5589_LPS_AND_IL10_VS_LPS_AND_IL6_STIM_IL10_KO_MACROPHAGE_45MIN_UP	0.38910212030724345			
GSE2405_0H_VS_3H_A_PHAGOCYTOPHILUM_STIM_NEUTROPHIL_UP	0.38882826463386866			
PASQUALUCCI_LYMPHOMA_BY_GC_STAGE_UP	0.38880319160674276			
SHETH_LIVER_CANCER_VS_TXNIP_LOSS_PAM1	0.38876954282288567			
WANG_CLIM2_TARGETS_DN	0.38874806515814864			
BHAT_ESR1_TARGETS_VIA_AKT1_DN	0.3887239078391925			
LTE2_UP.V1_UP	0.3885809908965174			
LI_WILMS_TUMOR_VS_FETAL_KIDNEY_1_UP	0.3884615674362014			
LEI_MYB_TARGETS	0.3882741699067169			
KOINUMA_TARGETS_OF_SMAD2_OR_SMAD3	0.3880196793446767			
KOHOUTEK_CCNT1_TARGETS	0.3876299727958227			
GO_RUFFLE	0.38759766550871194			
GSE20715_0H_VS_24H_OZONE_LUNG_DN	0.38758779983867403			
GO_ERBB_SIGNALING_PATHWAY	0.3875601393591977			
PEDERSEN_METASTASIS_BY_ERBB2_ISOFORM_7	0.3874573153892918			
RAF_UP.V1_UP	0.38733623890051355			
KEGG_EPITHELIAL_CELL_SIGNALING_IN_HELICOBACTER_PYLORI_INFECTION	0.3873315498297873			
TURASHVILI_BREAST_LOBULAR_CARCINOMA_VS_LOBULAR_NORMAL_UP	0.38726936190322886			
MIR4776_5P	0.3872238410049203			
HALLMARK_ANDROGEN_RESPONSE	0.38699628287086574			
GUENTHER_GROWTH_SPHERICAL_VS_ADHERENT_DN	0.38684296867847917			
AMIT_EGF_RESPONSE_60_MCF10A	0.386641612946786			
GO_APICAL_PLASMA_MEMBRANE	0.3865675077274507			
GSE37301_PRO_BCELL_VS_GRANULOCYTE_MONOCYTE_PROGENITOR_UP	0.38643193323872516			
MASSARWEH_TAMOXIFEN_RESISTANCE_UP	0.38631172982356526			
MCBRYAN_PUBERTAL_BREAST_3_4WK_UP	0.3858219010013376			
KIM_WT1_TARGETS_12HR_UP	0.38579384767279007			
GO_MAGNESIUM_ION_TRANSMEMBRANE_TRANSPORTER_ACTIVITY	0.38576544178248817			
GSE37605_FOXP3_FUSION_GFP_VS_IRES_GFP_TREG_C57BL6_UP	0.38574365034914376			
GSE36891_POLYIC_TLR3_VS_PAM_TLR2_STIM_PERITONEAL_MACROPHAGE_UP	0.385548909581992			
REACTOME_P75_NTR_RECEPTOR_MEDIATED_SIGNALLING	0.3855432625873501			
GO_ANCHORING_JUNCTION	0.3855135516859705			
SIMBULAN_UV_RESPONSE_IMMORTALIZED_DN	0.38544895731623907			
HALLMARK_ESTROGEN_RESPONSE_EARLY	0.38541679994928313			
GO_PROTEIN_LOCALIZATION_TO_CELL_PERIPHERY	0.3853332234645711			
LHX9_TARGET_GENES	0.3852722199863687			
AMIT_EGF_RESPONSE_480_HELA	0.3851349604413317			
REACTOME_SEMA4D_IN_SEMAPHORIN_SIGNALING	0.3850179870174975			
GSE27670_CTRL_VS_BLIMP1_TRANSDUCED_GC_BCELL_DN	0.3849432755161373			
MCCABE_HOXC6_TARGETS_CANCER_DN	0.3845256696634852			
ZWANG_CLASS_1_TRANSIENTLY_INDUCED_BY_EGF	0.38451142120348664			
GO_MAGNESIUM_ION_TRANSPORT	0.38445772324714395			
WU_CELL_MIGRATION	0.38442062177471553			
GSE2405_HEAT_KILLED_LYSATE_VS_LIVE_A_PHAGOCYTOPHILUM_STIM_NEUTROPHIL_24H_UP	0.3839779441030256			
GO_ADHERENS_JUNCTION	0.38365466242289614			
OUELLET_CULTURED_OVARIAN_CANCER_INVASIVE_VS_LMP_UP	0.38353276555895954			
REACTOME_MEMBRANE_TRAFFICKING	0.3834060090114773			
GO_ENDOSOME_ORGANIZATION	0.3833016112715385			
MCBRYAN_PUBERTAL_BREAST_4_5WK_UP	0.38326717870979166			
GO_TISSUE_MIGRATION	0.38307996283911594			
GO_REGULATION_OF_RUFFLE_ASSEMBLY	0.3830231732283271			
GSE2770_IL12_ACT_VS_ACT_CD4_TCELL_2H_DN	0.38292660135423906			
KMT2D_TARGET_GENES	0.38287541438207034			
ONDER_CDH1_TARGETS_2_DN	0.3827857380274931			
GO_STEREOCILIUM_BUNDLE	0.3827600261605315			
BRUINS_UVC_RESPONSE_VIA_TP53_GROUP_B	0.38273384490440693			
GSE36891_UNSTIM_VS_POLYIC_TLR3_STIM_PERITONEAL_MACROPHAGE_UP	0.3827249126823626			
GO_LAMININ_COMPLEX	0.3826135916089786			
PLASARI_TGFB1_TARGETS_1HR_UP	0.3825786246370285			
COULOUARN_TEMPORAL_TGFB1_SIGNATURE_UP	0.38250415388967585			
GO_CELL_CELL_JUNCTION	0.3823804424607658			
GO_REGULATION_OF_ERBB_SIGNALING_PATHWAY	0.38223538683004804			
WANG_LMO4_TARGETS_DN	0.3821127852226944			
GO_LAMININ_BINDING	0.3820696390269591			
GO_ENDOTHELIAL_CELL_MIGRATION	0.38206030554964426			
GSE20754_WT_VS_TCF1_KO_MEMORY_CD8_TCELL_UP	0.38176899911835893			
FARMER_BREAST_CANCER_APOCRINE_VS_BASAL	0.3817495370088934			
GSE3982_DC_VS_NKCELL_UP	0.3815146846863075			
BORLAK_LIVER_CANCER_EGF_UP	0.3814187288498727			
REACTOME_SIGNALING_BY_ERBB2_IN_CANCER	0.3813512969065949			
DNMT1_TARGET_GENES	0.3812859514010806			
GSE26488_WT_VS_HDAC7_DELTAP_TG_OT2_THYMOCYTE_WITH_PEPTIDE_INJECTION_DN	0.3811727783457055			
NELSON_RESPONSE_TO_ANDROGEN_UP	0.3810119666378419			
DITTMER_PTHLH_TARGETS_UP	0.38092326720283237			
SESTO_RESPONSE_TO_UV_C0	0.38091187984986424			
RICKMAN_TUMOR_DIFFERENTIATED_WELL_VS_POORLY_DN	0.38081552197617696			
GO_CORTICAL_ACTIN_CYTOSKELETON	0.38068101554905104			
GO_ENDOPLASMIC_RETICULUM_TO_GOLGI_VESICLE_MEDIATED_TRANSPORT	0.38052658725863175			
BURTON_ADIPOGENESIS_PEAK_AT_2HR	0.3803626968723238			
LANDIS_ERBB2_BREAST_TUMORS_65_UP	0.38028991021807373			
GRAESSMANN_RESPONSE_TO_MC_AND_DOXORUBICIN_UP	0.3802287070517217			
GO_NEGATIVE_REGULATION_OF_ERBB_SIGNALING_PATHWAY	0.38011891005366477			
CHARAFE_BREAST_CANCER_LUMINAL_VS_BASAL_DN	0.3801096185719163			
DELPUECH_FOXO3_TARGETS_UP	0.38007979391800206			
BOYLAN_MULTIPLE_MYELOMA_C_DN	0.380058933039886			
MISSIAGLIA_REGULATED_BY_METHYLATION_UP	0.3800264572934562			
KRIEG_HYPOXIA_VIA_KDM3A	0.3799936668548876			
GO_REGULATION_OF_CELL_MATRIX_ADHESION	0.3798000030524425			
GHO_ATF5_TARGETS_DN	0.3797359759532702			
KUROKAWA_LIVER_CANCER_EARLY_RECURRENCE_UP	0.3796592505008348			
GSE22443_NAIVE_VS_ACT_AND_IL2_TREATED_CD8_TCELL_DN	0.37962993589352745			
GO_PERINUCLEAR_REGION_OF_CYTOPLASM	0.3796075277104361			
GO_CADHERIN_BINDING	0.37936463477638516			
FARMER_BREAST_CANCER_APOCRINE_VS_LUMINAL	0.3792553887522052			
PID_NECTIN_PATHWAY	0.37921823747373434			
WEIGEL_OXIDATIVE_STRESS_BY_HNE_AND_TBH	0.3791033389689925			
JECHLINGER_EPITHELIAL_TO_MESENCHYMAL_TRANSITION_DN	0.3790668829858065			
GSE21380_TFH_VS_GERMINAL_CENTER_TFH_CD4_TCELL_UP	0.3790214893628137			
GU_PDEF_TARGETS_DN	0.3790196659817828			
REACTOME_TYPE_I_HEMIDESMOSOME_ASSEMBLY	0.3789828057186467			
FARMER_BREAST_CANCER_BASAL_VS_LULMINAL	0.37887861921084476			
IPA_NFKBIA_DN	0.37882982121009084			
HUPER_BREAST_BASAL_VS_LUMINAL_DN	0.3787983322481333			
REACTOME_SHC1_EVENTS_IN_ERBB2_SIGNALING	0.3787236336100199			
GSE7852_LN_VS_FAT_TREG_DN	0.37869409965446815			
DORN_ADENOVIRUS_INFECTION_12HR_UP	0.3785337291283087			
GO_REGULATION_OF_METALLOPEPTIDASE_ACTIVITY	0.378364136914566			
GO_COSTAMERE	0.378338273533518			
PROVENZANI_METASTASIS_DN	0.37825918114187385			
CHIARADONNA_NEOPLASTIC_TRANSFORMATION_KRAS_CDC25_UP	0.3781249052739931			
PEDERSEN_METASTASIS_BY_ERBB2_ISOFORM_4	0.3780617420081396			
GO_ACTIN_BASED_CELL_PROJECTION	0.3780143258681909			
TGANTCA_AP1_C	0.3780117427248185			
GSE22313_HEALTHY_VS_SLE_MOUSE_CD4_TCELL_UP	0.3780086725186868			
PHONG_TNF_RESPONSE_VIA_P38_PARTIAL	0.37799982248941516			
GO_EXTRACELLULAR_MATRIX_BINDING	0.37798038932241806			
GO_HEMIDESMOSOME_ASSEMBLY	0.37795445131337824			
DELYS_THYROID_CANCER_UP	0.37790076167526265			
GSE37605_C57BL6_VS_NOD_FOXP3_FUSION_GFP_TREG_DN	0.3778626330224969			
LEE_LIVER_CANCER_ACOX1_UP	0.37786092204863586			
TBK1.DF_UP	0.37780478013589053			
GO_CADHERIN_BINDING_INVOLVED_IN_CELL_CELL_ADHESION	0.37779775744434513			
HES2_TARGET_GENES	0.37767927954002395			
GO_EXTRACELLULAR_EXOSOME_ASSEMBLY	0.3776345846577093			
PID_CDC42_PATHWAY	0.37761878290483536			
GO_MEMBRANE_RAFT_ASSEMBLY	0.37756873287162057			
GO_BRANCHING_INVOLVED_IN_MAMMARY_GLAND_DUCT_MORPHOGENESIS	0.3772739723141784			
ENK_UV_RESPONSE_EPIDERMIS_DN	0.3771781453756504			
GO_CLUSTER_OF_ACTIN_BASED_CELL_PROJECTIONS	0.37715813005532195			
GO_CELL_ADHESION_MOLECULE_BINDING	0.377062978709179			
GO_RESPONSE_TO_PROGESTERONE	0.37700662391241424			
GO_ENTRY_OF_BACTERIUM_INTO_HOST_CELL	0.37696491775026914			
WANG_ESOPHAGUS_CANCER_VS_NORMAL_DN	0.37663109680279855			
GO_EPITHELIAL_CELL_DEVELOPMENT	0.37652485021263604			
GSE37301_CD4_TCELL_VS_RAG2_KO_NK_CELL_DN	0.37650979502227583			
GO_POSITIVE_REGULATION_OF_CELL_MATRIX_ADHESION	0.376459363789202			
IPA_TP53_UP	0.37639917797973027			
AP1_Q4_01	0.37633835141665367			
AFFAR_YY1_TARGETS_UP	0.37629235218974527			
GO_LATERAL_PLASMA_MEMBRANE	0.3761426130692264			
PHONG_TNF_RESPONSE_NOT_VIA_P38	0.3760199521132583			
DELACROIX_RARG_BOUND_MEF	0.37601974794100695			
GO_CELLULAR_COMPONENT_MAINTENANCE	0.3759754849917243			
GO_WATER_HOMEOSTASIS	0.3759624097855365			
GSE42021_TREG_VS_TCONV_PLN_DN	0.3757599765256005			
GO_REGULATION_OF_EPITHELIAL_CELL_DIFFERENTIATION	0.3756615504448943			
REACTOME_VESICLE_MEDIATED_TRANSPORT	0.3755592747885308			
AMIT_EGF_RESPONSE_240_HELA	0.3753912683793363			
GROSS_HYPOXIA_VIA_ELK3_AND_HIF1A_UP	0.37537596316534755			
ENK_UV_RESPONSE_EPIDERMIS_UP	0.3753229870503929			
GO_REGULATION_OF_EPITHELIAL_CELL_MIGRATION	0.37529075786758864			
HAN_SATB1_TARGETS_DN	0.37523859010674376			
SFMBT1_TARGET_GENES	0.3751758506244508			
REACTOME_SIGNALING_BY_HIPPO	0.3751572816773576			
ESC_J1_UP_LATE.V1_UP	0.3751207693431458			
YAMASHITA_LIVER_CANCER_STEM_CELL_UP	0.3750787272981964			
GSE20715_0H_VS_48H_OZONE_TLR4_KO_LUNG_DN	0.3750446567138058			
TOMIDA_METASTASIS_DN	0.3749821205563501			
NAGASHIMA_EGF_SIGNALING_UP	0.3749670534441076			
STEIN_ESRRA_TARGETS	0.37493044898057465			
PID_INTEGRIN4_PATHWAY	0.374865149597036			
PYEON_HPV_POSITIVE_TUMORS_DN	0.37474675441465244			
HALLMARK_PROTEIN_SECRETION	0.3746585144175168			
BHAT_ESR1_TARGETS_NOT_VIA_AKT1_DN	0.37460520637459044			
TAZ_TARGET_GENES	0.3743893852001673			
GO_POSITIVE_REGULATION_OF_ACTIN_FILAMENT_BUNDLE_ASSEMBLY	0.3742367084006777			
GO_VESICLE_MEDIATED_TRANSPORT_BETWEEN_ENDOSOMAL_COMPARTMENTS	0.3742125100431251			
GSE7852_TREG_VS_TCONV_FAT_UP	0.3741578443281341			
BACH1_01	0.37399458551240194			
LEE_LIVER_CANCER_DENA_UP	0.37396457421609447			
SESTO_RESPONSE_TO_UV_C1	0.3739483924362963			
GSE21380_NON_TFH_VS_GERMINAL_CENTER_TFH_CD4_TCELL_UP	0.3739036483271682			
SESTO_RESPONSE_TO_UV_C8	0.3738831850135633			
BURTON_ADIPOGENESIS_9	0.37380018444159635			
GSE22886_NEUTROPHIL_VS_MONOCYTE_UP	0.3737300005279548			
FARMER_BREAST_CANCER_CLUSTER_6	0.3737288454305598			
NUYTTEN_NIPP1_TARGETS_DN	0.37370644770933875			
GO_ERBB2_SIGNALING_PATHWAY	0.37370092180754855			
GO_ACTIN_FILAMENT_BUNDLE_ORGANIZATION	0.37366572065306763			
REACTOME_SPHINGOLIPID_METABOLISM	0.3736318159839455			
IVANOVA_HEMATOPOIESIS_STEM_CELL_LONG_TERM	0.3735981864892995			
REACTOME_SIGNALING_BY_ERBB2	0.3735831439940417			
PLASARI_TGFB1_TARGETS_10HR_UP	0.37355648989233703			
REACTOME_CELL_CELL_COMMUNICATION	0.37340454778312404			
BURTON_ADIPOGENESIS_1	0.3733157571425645			
ZHOU_INFLAMMATORY_RESPONSE_LIVE_UP	0.3733060977907647			
GO_CELL_SUBSTRATE_ADHESION	0.3731603766761954			
SESTO_RESPONSE_TO_UV_C2	0.373159340227735			
BERENJENO_ROCK_SIGNALING_NOT_VIA_RHOA_DN	0.37306624580939113			
GO_POSITIVE_REGULATION_OF_SUPRAMOLECULAR_FIBER_ORGANIZATION	0.3730385455002283			
GO_CELL_JUNCTION_ORGANIZATION	0.3730038192758282			
CREIGHTON_ENDOCRINE_THERAPY_RESISTANCE_3	0.3729056504649724			
MILI_PSEUDOPODIA_HAPTOTAXIS_DN	0.37288486907818125			
GO_POSITIVE_REGULATION_OF_CELL_SUBSTRATE_ADHESION	0.37284747374885846			
GO_REGULATION_OF_PROTEIN_LOCALIZATION_TO_PLASMA_MEMBRANE	0.3727704419188085			
GSE5589_WT_VS_IL10_KO_LPS_STIM_MACROPHAGE_45MIN_DN	0.3727600994123415			
WEINMANN_ADAPTATION_TO_HYPOXIA_DN	0.3727392184011478			
GO_VACUOLAR_TRANSPORT	0.3726926027057376			
GSE5589_UNSTIM_VS_180MIN_LPS_STIM_MACROPHAGE_UP	0.3726094368970834			
ZMYND8_TARGET_GENES	0.37259372594063317			
ISSAEVA_MLL2_TARGETS	0.37251724310043965			
CHIARADONNA_NEOPLASTIC_TRANSFORMATION_KRAS_DN	0.37238618892988823			
GSE20715_0H_VS_24H_OZONE_TLR4_KO_LUNG_DN	0.37229995571927216			
GO_VESICLE_LOCALIZATION	0.3722449626071189			
GO_BASAL_PART_OF_CELL	0.3722360161441386			
TIEN_INTESTINE_PROBIOTICS_6HR_DN	0.372091292769257			
ALCALAY_AML_BY_NPM1_LOCALIZATION_UP	0.37197186787540526			
REACTOME_ERBB2_ACTIVATES_PTK6_SIGNALING	0.37185668748396467			
GO_VESICLE_CYTOSKELETAL_TRAFFICKING	0.3716785752644617			
GSE26912_TUMORICIDAL_VS_CTRL_MACROPHAGE_UP	0.3714902669999294			
SWEET_LUNG_CANCER_KRAS_UP	0.37147206421357726			
GO_SPHINGOMYELIN_BIOSYNTHETIC_PROCESS	0.3714281772680467			
PEDERSEN_TARGETS_OF_611CTF_ISOFORM_OF_ERBB2	0.37139672151441144			
CHIBA_RESPONSE_TO_TSA_DN	0.3713858428505755			
GO_APICAL_JUNCTION_COMPLEX	0.3713726103732605			
GSE20715_0H_VS_6H_OZONE_LUNG_DN	0.37135660752116095			
VERNELL_RETINOBLASTOMA_PATHWAY_DN	0.3713179365520733			
GSE3994_WT_VS_PAC1_KO_ACTIVATED_MAST_CELL_UP	0.3713045857917773			
GO_POSITIVE_REGULATION_OF_EPITHELIAL_CELL_MIGRATION	0.3712806613121182			
CROMER_METASTASIS_DN	0.3712547783438908			
GO_CELL_JUNCTION_ASSEMBLY	0.37120380858978075			
STK33_NOMO_UP	0.3710846221696737			
ENGELMANN_CANCER_PROGENITORS_UP	0.3710646878530512			
GO_CELL_ADHESION_MEDIATOR_ACTIVITY	0.3709065296722862			
GO_VESICLE_TRANSPORT_ALONG_ACTIN_FILAMENT	0.37087590042973895			
KEGG_TIGHT_JUNCTION	0.3708563627618067			
FARMER_BREAST_CANCER_CLUSTER_3	0.37083111070693936			
MCDOWELL_ACUTE_LUNG_INJURY_UP	0.37075820933087267			
GO_PLASMA_MEMBRANE_REGION	0.37072818420258474			
WONG_ADULT_TISSUE_STEM_MODULE	0.37072089276890074			
GSE17721_CTRL_VS_POLYIC_24H_BMDC_DN	0.3706769418033203			
GROSS_HYPOXIA_VIA_HIF1A_DN	0.37066060850239263			
YAMAZAKI_TCEB3_TARGETS_UP	0.37062331674852605			
REACTOME_GOLGI_ASSOCIATED_VESICLE_BIOGENESIS	0.3706213351190755			
GO_REGULATION_OF_PROTEIN_LOCALIZATION_TO_CELL_PERIPHERY	0.37061224917533336			
GSE339_EX_VIVO_VS_IN_CULTURE_CD8POS_DC_DN	0.37049591569482515			
REACTOME_CELL_JUNCTION_ORGANIZATION	0.370391573444292			
ENK_UV_RESPONSE_KERATINOCYTE_UP	0.37038850841640547			
GO_CELL_MATRIX_ADHESION	0.37024604047973675			
SUNG_METASTASIS_STROMA_UP	0.3702024787528126			
REACTOME_CARGO_CONCENTRATION_IN_THE_ER	0.37017192619164574			
GSE5589_UNSTIM_VS_180MIN_LPS_AND_IL10_STIM_MACROPHAGE_UP	0.3701281098840071			
DUTERTRE_ESTRADIOL_RESPONSE_6HR_DN	0.37005740750893085			
HELLER_HDAC_TARGETS_SILENCED_BY_METHYLATION_UP	0.37002702832343876			
ELVIDGE_HYPOXIA_BY_DMOG_UP	0.3699805161287653			
SCHUETZ_BREAST_CANCER_DUCTAL_INVASIVE_DN	0.3698681899098444			
KYNG_NORMAL_AGING_UP	0.3698524765845763			
GO_REGULATION_OF_APOPTOTIC_SIGNALING_PATHWAY	0.3696949663449919			
AP1_Q2_01	0.3696154056806521			
REN_ALVEOLAR_RHABDOMYOSARCOMA_DN	0.3695852344270466			
GO_POSITIVE_REGULATION_OF_STRESS_FIBER_ASSEMBLY	0.3695825093783944			
WAMUNYOKOLI_OVARIAN_CANCER_GRADES_1_2_UP	0.3695470917210466			
PHONG_TNF_TARGETS_UP	0.3695212807246107			
IPA_PGR_UP	0.36947999921840635			
PID_FAK_PATHWAY	0.3693147234752684			
PID_AJDISS_2PATHWAY	0.36924910679511114			
AMIT_SERUM_RESPONSE_120_MCF10A	0.36909746557947753			
REACTOME_ER_TO_GOLGI_ANTEROGRADE_TRANSPORT	0.36907352600920457			
GO_ADHERENS_JUNCTION_MAINTENANCE	0.36903570954162485			
GSE22443_NAIVE_VS_ACT_AND_IL2_TREATED_CD8_TCELL_UP	0.3689823667640261			
LIAO_HAVE_SOX4_BINDING_SITES	0.36895183727589076			
KOBAYASHI_EGFR_SIGNALING_6HR_DN	0.3689239281978019			
GO_REGULATION_OF_WATER_LOSS_VIA_SKIN	0.3689142512110496			
GO_GOLGI_VESICLE_TRANSPORT	0.36884246776668433			
GO_RUFFLE_ORGANIZATION	0.368774797164752			
HINATA_NFKB_MATRIX	0.36873882842800637			
GO_ACTIN_FILAMENT_BASED_TRANSPORT	0.36873008930480045			
GSE37301_PRO_BCELL_VS_RAG2_KO_NK_CELL_UP	0.3686715377896798			
SCHRAETS_MLL_TARGETS_UP	0.3686408723249663			
GO_ACTOMYOSIN_STRUCTURE_ORGANIZATION	0.3686386175981553			
GO_SUBSTRATE_ADHESION_DEPENDENT_CELL_SPREADING	0.3685907200979097			
GO_REGULATION_OF_ENDOTHELIAL_CELL_MIGRATION	0.36851257227744044			
GO_REGULATION_OF_PLASMINOGEN_ACTIVATION	0.36843466420769305			
FEVR_CTNNB1_TARGETS_UP	0.36829491864719127			
MCBRYAN_PUBERTAL_TGFB1_TARGETS_DN	0.3682910279445381			
CHYLA_CBFA2T3_TARGETS_DN	0.3681348528332818			
REACTOME_GRB7_EVENTS_IN_ERBB2_SIGNALING	0.3680935849281615			
GO_REGULATION_OF_ACTIN_FILAMENT_BUNDLE_ASSEMBLY	0.3680872315487756			
TEF1_Q6	0.3680626048213037			
YAO_TEMPORAL_RESPONSE_TO_PROGESTERONE_CLUSTER_6	0.3680238942160108			
GO_NEUREGULIN_BINDING	0.36793597411482065			
TURASHVILI_BREAST_LOBULAR_CARCINOMA_VS_DUCTAL_NORMAL_DN	0.36791172400846206			
MONNIER_POSTRADIATION_TUMOR_ESCAPE_DN	0.3679083075795015			
ZHOU_INFLAMMATORY_RESPONSE_LPS_UP	0.3679064992595741			
MCBRYAN_PUBERTAL_TGFB1_TARGETS_UP	0.3678752142173111			
SIMBULAN_UV_RESPONSE_NORMAL_DN	0.3678649838672061			
GSE7831_CPG_VS_INFLUENZA_STIM_PDC_4H_UP	0.3678234952866319			
MURAKAMI_UV_RESPONSE_6HR_UP	0.3677915971913752			
LEE_SP4_THYMOCYTE	0.36777289858635714			
BMI1_DN.V1_UP	0.36772262372866904			
WANG_METHYLATED_IN_BREAST_CANCER	0.3677124338547472			
GO_AMEBOIDAL_TYPE_CELL_MIGRATION	0.36769357283717324			
BRUECKNER_TARGETS_OF_MIRLET7A3_UP	0.3675859287580015			
GSE8621_UNSTIM_VS_LPS_PRIMED_AND_LPS_STIM_MACROPHAGE_UP	0.3674943216675851			
BOYLAN_MULTIPLE_MYELOMA_PCA1_DN	0.367474879471227			
BILD_HRAS_ONCOGENIC_SIGNATURE	0.3674725908849917			
SWEET_KRAS_TARGETS_UP	0.3671532292826542			
IPA_FOXO4_UP	0.36709864906338807			
GO_CORTICAL_CYTOSKELETON	0.367076891968563			
CONCANNON_APOPTOSIS_BY_EPOXOMICIN_UP	0.3670205592842679			
GO_STEREOCILIUM_MEMBRANE	0.3669848583064873			
QI_PLASMACYTOMA_DN	0.3669336512158231			
GO_REGULATION_OF_ACTOMYOSIN_STRUCTURE_ORGANIZATION	0.36689378938584244			
WINTER_HYPOXIA_METAGENE	0.3668464716770679			
REACTOME_DOWNREGULATION_OF_ERBB2_SIGNALING	0.3668104076364986			
WGGAATGY_TEF1_Q6	0.36679021247754573			
GO_EPIDERMAL_GROWTH_FACTOR_RECEPTOR_SIGNALING_PATHWAY	0.36677437625443815			
GSE9946_MATURE_STIMULATORY_VS_LISTERIA_INF_MATURE_DC_DN	0.3667702122030022			
GO_CELL_MIGRATION_INVOLVED_IN_SPROUTING_ANGIOGENESIS	0.3667664633488772			
GO_LYSOSOMAL_TRANSPORT	0.3667181769788567			
XU_HGF_SIGNALING_NOT_VIA_AKT1_6HR	0.3666697532760737			
GREB1_TARGET_GENES	0.3666599729580829			
GO_CELL_SUBSTRATE_JUNCTION_ORGANIZATION	0.36663565864316316			
ZNF654_TARGET_GENES	0.3664791239797462			
GO_BASAL_PLASMA_MEMBRANE	0.36645410978227794			
GSE21379_WT_VS_SAP_KO_TFH_CD4_TCELL_UP	0.36645103024397757			
LE_SKI_TARGETS_UP	0.3663615079056514			
VIETOR_IFRD1_TARGETS	0.3663441002035409			
SHETH_LIVER_CANCER_VS_TXNIP_LOSS_PAM2	0.3663235219137721			
HUANG_FOXA2_TARGETS_DN	0.36625985416818296			
WIKMAN_ASBESTOS_LUNG_CANCER_UP	0.3662111278186609			
ELVIDGE_HYPOXIA_UP	0.3661995515364597			
GO_BRUSH_BORDER	0.3660500321388436			
GO_REPRODUCTIVE_SYSTEM_DEVELOPMENT	0.36599019700095464			
GO_POSITIVE_REGULATION_OF_CELL_JUNCTION_ASSEMBLY	0.3659760934192673			
KEGG_ARRHYTHMOGENIC_RIGHT_VENTRICULAR_CARDIOMYOPATHY_ARVC	0.36592540956765696			
KIM_WT1_TARGETS_UP	0.3658850926388054			
GO_REGULATION_OF_PROTEIN_LOCALIZATION_TO_MEMBRANE	0.3658666191318922			
GO_BASOLATERAL_PLASMA_MEMBRANE	0.365757086736496			
CRX_DN.V1_DN	0.3657321394602959			
PID_ECADHERIN_STABILIZATION_PATHWAY	0.3656344232724484			
GO_POSITIVE_REGULATION_OF_BICELLULAR_TIGHT_JUNCTION_ASSEMBLY	0.3655776816446459			
REACTOME_TRANSPORT_TO_THE_GOLGI_AND_SUBSEQUENT_MODIFICATION	0.3655540182810206			
SIMBULAN_PARP1_TARGETS_UP	0.36554765990286164			
LEE_LIVER_CANCER_MYC_TGFA_UP	0.3654921299662917			
REACTOME_NON_INTEGRIN_MEMBRANE_ECM_INTERACTIONS	0.3653891628286518			
REACTOME_PTK6_REGULATES_RHO_GTPASES_RAS_GTPASE_AND_MAP_KINASES	0.3653627718616289			
BECKER_TAMOXIFEN_RESISTANCE_DN	0.365340695678613			
GSE43955_1H_VS_60H_ACT_CD4_TCELL_WITH_TGFB_IL6_DN	0.3652955472989186			
GO_REGULATION_OF_CAVEOLIN_MEDIATED_ENDOCYTOSIS	0.36523585109523016			
REACTOME_EPHA_MEDIATED_GROWTH_CONE_COLLAPSE	0.3651911524075296			
GO_SCHWANN_CELL_DIFFERENTIATION	0.3651808111451384			
AMIT_EGF_RESPONSE_120_HELA	0.3651685266336005			
RODRIGUES_THYROID_CARCINOMA_DN	0.3651087414328342			
GO_POSITIVE_REGULATION_OF_PROTEIN_LOCALIZATION_TO_MEMBRANE	0.36492121573023706			
REACTOME_SIGNALING_BY_MET	0.36489803542661053			
REACTOME_ERBB2_REGULATES_CELL_MOTILITY	0.36488735104481207			
BASSO_HAIRY_CELL_LEUKEMIA_UP	0.3646939500238125			
PHONG_TNF_RESPONSE_VIA_P38_COMPLETE	0.3646730092207914			
HENDRICKS_SMARCA4_TARGETS_UP	0.3646321250424001			
GSE7831_1H_VS_4H_INFLUENZA_STIM_PDC_UP	0.3644969615163066			
IPA_MAX_DN	0.3644027635784023			
REACTOME_SIGNALING_BY_EGFR	0.3642539619257475			
PID_TAP63_PATHWAY	0.3642412460955374			
PID_DELTA_NP63_PATHWAY	0.3642097813845688			
GSE2826_WT_VS_BTK_KO_BCELL_DN	0.36410639114529375			
ESC_V6.5_UP_EARLY.V1_DN	0.36399374792870653			
REACTOME_RHO_GTPASES_ACTIVATE_PAKS	0.36398029348787414			
GSE41978_ID2_KO_AND_BIM_KO_VS_BIM_KO_KLRG1_LOW_EFFECTOR_CD8_TCELL_UP	0.36397710906248104			
GSE42021_TCONV_PLN_VS_TREG_PRECURSORS_THYMUS_UP	0.3639743397888657			
GO_NEGATIVE_REGULATION_OF_EPIDERMAL_GROWTH_FACTOR_ACTIVATED_RECEPTOR_ACTIVITY	0.36385010479579843			
WELCSH_BRCA1_TARGETS_UP	0.3638357746219681			
GSE5589_WT_VS_IL6_KO_LPS_AND_IL6_STIM_MACROPHAGE_45MIN_DN	0.36383404198183894			
GSE42021_CD24HI_VS_CD24INT_TCONV_THYMUS_UP	0.3638289793547737			
GO_S100_PROTEIN_BINDING	0.3637934658634571			
HALLMARK_GLYCOLYSIS	0.36378530357916916			
REACTOME_LYSOSOME_VESICLE_BIOGENESIS	0.36377944364488973			
LIM_MAMMARY_LUMINAL_PROGENITOR_DN	0.36376354427877755			
KEGG_SMALL_CELL_LUNG_CANCER	0.3636770712897822			
ZBTB24_TARGET_GENES	0.3636510344767423			
LEE_LIVER_CANCER_HEPATOBLAST	0.3635801546208697			
GO_EPITHELIUM_DEVELOPMENT	0.3635593684936464			
REACTOME_LAMININ_INTERACTIONS	0.3634797150969228			
GO_APICAL_JUNCTION_ASSEMBLY	0.3634671870900539			
GO_CELL_CELL_JUNCTION_ORGANIZATION	0.3634559454831626			
GSE37301_HEMATOPOIETIC_STEM_CELL_VS_COMMON_LYMPHOID_PROGENITOR_UP	0.3634439799946147			
STAMBOLSKY_RESPONSE_TO_VITAMIN_D3_UP	0.363439373742015			
IPA_SNAI2_DN	0.3633781896858374			
REACTOME_PTK6_PROMOTES_HIF1A_STABILIZATION	0.3633166161398987			
PEDERSEN_METASTASIS_BY_ERBB2_ISOFORM_5	0.3633016149751592			
KOYAMA_SEMA3B_TARGETS_UP	0.36329985279168164			
GSE41978_ID2_KO_AND_BIM_KO_VS_BIM_KO_KLRG1_LOW_EFFECTOR_CD8_TCELL_DN	0.3632703056092682			
CRX_NRL_DN.V1_DN	0.36315771682023057			
GO_VESICLE_TARGETING_TO_FROM_OR_WITHIN_GOLGI	0.3630780078634876			
SCHAEFFER_PROSTATE_DEVELOPMENT_48HR_UP	0.3630689890753248			
OSADA_ASCL1_TARGETS_DN	0.36303699203049494			
REACTOME_SYNDECAN_INTERACTIONS	0.36300050030000663			
GO_POSITIVE_REGULATION_OF_CELL_SUBSTRATE_JUNCTION_ORGANIZATION	0.362923738145571			
GO_CELL_JUNCTION	0.362861117093394			
GSE45365_NK_CELL_VS_BCELL_UP	0.36282720442929967			
AMIT_EGF_RESPONSE_120_MCF10A	0.36271258605787227			
LIN_APC_TARGETS	0.36264060973322015			
GSE13522_CTRL_VS_T_CRUZI_Y_STRAIN_INF_SKIN_129_MOUSE_UP	0.36261680639664284			
REACTOME_SPHINGOLIPID_DE_NOVO_BIOSYNTHESIS	0.3624941502171966			
GO_MULTI_MULTICELLULAR_ORGANISM_PROCESS	0.36242527569270383			
GO_TIGHT_JUNCTION	0.3623944637368214			
HNF1A_TARGET_GENES	0.3623588282628996			
SIX4_TARGET_GENES	0.3623064558889334			
SESTO_RESPONSE_TO_UV_C3	0.36230640767568645			
GO_ACTIN_FILAMENT_BASED_PROCESS	0.3623015977395739			
CHUANG_OXIDATIVE_STRESS_RESPONSE_UP	0.3622593112332129			
GO_VESICLE_TARGETING	0.3622118477727199			
NR0B1_TARGET_GENES	0.36217426615664783			
LI_WILMS_TUMOR_VS_FETAL_KIDNEY_2_DN	0.3621480217114842			
GOTZMANN_EPITHELIAL_TO_MESENCHYMAL_TRANSITION_DN	0.3621346417185686			
GO_REGULATION_OF_CELL_SUBSTRATE_ADHESION	0.36210122353826885			
REACTOME_ESTROGEN_DEPENDENT_NUCLEAR_EVENTS_DOWNSTREAM_OF_ESR_MEMBRANE_SIGNALING	0.3619780143085748			
GO_GLOMERULAR_EPITHELIAL_CELL_DEVELOPMENT	0.36196186806686015			
GO_RESPONSE_TO_CALCIUM_ION	0.3619562954513494			
GO_CONTRACTILE_ACTIN_FILAMENT_BUNDLE_ASSEMBLY	0.36194795299478816			
MCBRYAN_PUBERTAL_BREAST_5_6WK_UP	0.36191395311840674			
GSE33162_HDAC3_KO_VS_HDAC3_KO_4H_LPS_STIM_MACROPHAGE_DN	0.3619132960430498			
REACTOME_COPII_MEDIATED_VESICLE_TRANSPORT	0.3618006257911914			
FONTAINE_PAPILLARY_THYROID_CARCINOMA_UP	0.3617832398171535			
GO_CELL_CELL_CONTACT_ZONE	0.36176526274985693			
GO_REGULATION_OF_CELL_JUNCTION_ASSEMBLY	0.36163264925535227			
GO_EPITHELIAL_CELL_DIFFERENTIATION	0.36155986626701575			
KEGG_BLADDER_CANCER	0.36151178054299127			
HU_ANGIOGENESIS_UP	0.3614102360814089			
GO_REGULATION_OF_RESPONSE_TO_WOUNDING	0.36138945444075005			
GO_POSITIVE_REGULATION_OF_PROTEIN_AUTOPHOSPHORYLATION	0.36135967386128853			
GSE42021_TREG_PLN_VS_CD24HI_TREG_THYMUS_UP	0.3613306140095795			
LU_EZH2_TARGETS_UP	0.3613270564902973			
MILI_PSEUDOPODIA_CHEMOTAXIS_DN	0.36124805099877433			
XU_GH1_AUTOCRINE_TARGETS_DN	0.3611977269523994			
VERRECCHIA_DELAYED_RESPONSE_TO_TGFB1	0.36112197087603337			
GAUSSMANN_MLL_AF4_FUSION_TARGETS_E_UP	0.361113518195663			
GO_MICROFILAMENT_MOTOR_ACTIVITY	0.3611124585979795			
PID_INTEGRIN_A9B1_PATHWAY	0.3611090785528836			
GO_GOLGI_APPARATUS	0.3611069324203475			
GSE29949_CD8_POS_DC_SPLEEN_VS_DC_BRAIN_DN	0.3610909234318518			
GO_CELL_LEADING_EDGE	0.36106249118869727			
TGCCTTA_MIR124A	0.3608950990933399			
TURASHVILI_BREAST_DUCTAL_CARCINOMA_VS_LOBULAR_NORMAL_DN	0.36085551973259905			
WINZEN_DEGRADED_VIA_KHSRP	0.36083027204262685			
PASINI_SUZ12_TARGETS_DN	0.36079836607009097			
YANG_BREAST_CANCER_ESR1_UP	0.36069560453407823			
SASSON_RESPONSE_TO_GONADOTROPHINS_DN	0.3606322871612837			
BACH2_01	0.36062157629796227			
WAMUNYOKOLI_OVARIAN_CANCER_LMP_UP	0.3605741752452782			
GSE3982_MAC_VS_BCELL_UP	0.3604805325234173			
GO_REGULATION_OF_RECEPTOR_BINDING	0.3604087310374529			
GSE45365_CD8A_DC_VS_CD11B_DC_IFNAR_KO_UP	0.3603980464239025			
TIEN_INTESTINE_PROBIOTICS_2HR_DN	0.36038750144310966			
GO_COPII_COATED_VESICLE_BUDDING	0.3603850709566192			
GSE22886_TH1_VS_TH2_48H_ACT_UP	0.36033078604684626			
REACTOME_SIGNALING_BY_RECEPTOR_TYROSINE_KINASES	0.3603109863613917			
ZHOU_INFLAMMATORY_RESPONSE_FIMA_UP	0.3602150318155553			
GSE9650_EFFECTOR_VS_EXHAUSTED_CD8_TCELL_DN	0.36018133215681664			
GSE29618_PRE_VS_DAY7_POST_LAIV_FLU_VACCINE_PDC_UP	0.3600716363564398			
GO_FOCAL_ADHESION_ASSEMBLY	0.36005490976030147			
GSE17186_BLOOD_VS_CORD_BLOOD_NAIVE_BCELL_UP	0.3600400197650847			
FRIDMAN_SENESCENCE_UP	0.3599897485294396			
DAUER_STAT3_TARGETS_UP	0.3599775880942901			
HUANG_DASATINIB_RESISTANCE_UP	0.35986081960320343			
IPA_PGR_DN	0.359841336956648			
GO_ENDOPLASMIC_RETICULUM_GOLGI_INTERMEDIATE_COMPARTMENT_MEMBRANE	0.3597036552539396			
GO_REGULATION_OF_ACTIN_FILAMENT_BASED_MOVEMENT	0.3596493356694137			
GSE3039_ALPHAALPHA_VS_ALPHABETA_CD8_TCELL_UP	0.35962127393660803			
GO_HYPEROSMOTIC_RESPONSE	0.3596128896731652			
GO_CELL_CORTEX_REGION	0.3595878183870607			
GSE41176_WT_VS_TAK1_KO_ANTI_IGM_STIM_BCELL_24H_UP	0.3595188576593385			
GO_INTERCALATED_DISC	0.3594755539985981			
GENTILE_UV_LOW_DOSE_UP	0.3594180184363077			
GSE2826_WT_VS_XID_BCELL_DN	0.35940975265748565			
GO_PLASMA_MEMBRANE_RAFT_ORGANIZATION	0.3593950142681597			
COULOUARN_TEMPORAL_TGFB1_SIGNATURE_DN	0.35935208160645055			
HALLMARK_TGF_BETA_SIGNALING	0.35928982679224053			
ZNF530_TARGET_GENES	0.3592510824834335			
OLSSON_E2F3_TARGETS_UP	0.35924375799544783			
RICKMAN_TUMOR_DIFFERENTIATED_WELL_VS_MODERATELY_DN	0.3591836687951209			
MIR8059	0.3591782831476615			
GO_METANEPHRIC_NEPHRON_TUBULE_EPITHELIAL_CELL_DIFFERENTIATION	0.3590990521283991			
GSE4748_CTRL_VS_LPS_AND_CYANOBACTERIUM_LPSLIKE_STIM_DC_3H_UP	0.35904858299932585			
DAZARD_UV_RESPONSE_CLUSTER_G24	0.35896691161872113			
MCCLUNG_CREB1_TARGETS_UP	0.35892148963810566			
GSE24142_ADULT_VS_FETAL_DN3_THYMOCYTE_DN	0.35888539908322725			
BOYLAN_MULTIPLE_MYELOMA_D_UP	0.35888042576212			
PID_EPHA2_FWD_PATHWAY	0.3588770853812967			
SNF5_DN.V1_DN	0.35883706104014496			
PID_ERBB1_DOWNSTREAM_PATHWAY	0.3588196966038311			
GSE6259_33D1_POS_DC_VS_BCELL_UP	0.3587677013037463			
PID_ECADHERIN_KERATINOCYTE_PATHWAY	0.35874342669131615			
GSE4748_CTRL_VS_LPS_AND_CYANOBACTERIUM_LPSLIKE_STIM_DC_3H_DN	0.3587208249059446			
GO_CYTOKINETIC_PROCESS	0.35865841649467817			
GSE11864_CSF1_IFNG_VS_CSF1_PAM3CYS_IN_MAC_DN	0.3586492078018142			
REACTOME_PTK6_EXPRESSION	0.3586446800360325			
ACACTGG_MIR199A_MIR199B	0.3586423001978725			
GSE11961_FOLLICULAR_BCELL_VS_MEMORY_BCELL_DAY40_DN	0.3585915190850604			
CERVERA_SDHB_TARGETS_2	0.35855647025133175			
ZHANG_RESPONSE_TO_IKK_INHIBITOR_AND_TNF_UP	0.35855185585515537			
KEGG_ADHERENS_JUNCTION	0.35854639461459964			
GO_POSITIVE_REGULATION_OF_PROTEIN_LOCALIZATION_TO_CELL_PERIPHERY	0.35851284617375495			
GO_TUBE_MORPHOGENESIS	0.3584753129526716			
GO_RENAL_SYSTEM_PROCESS	0.3584598378873699			
STK33_UP	0.35845323059877926			
IPA_SMAD2_DN	0.35845268610833136			
GSE8921_3H_VS_24H_TLR1_2_STIM_MONOCYTE_DN	0.35843191029864513			
GSE3039_NKT_CELL_VS_B2_BCELL_DN	0.3584108895308704			
GO_PLACENTA_DEVELOPMENT	0.3583810934814197			
CREIGHTON_AKT1_SIGNALING_VIA_MTOR_DN	0.3583759869682685			
GO_POSITIVE_REGULATION_OF_ENDOTHELIAL_CELL_MIGRATION	0.3583381524684127			
GO_SARCOMERE_ORGANIZATION	0.358296960202831			
GSE37301_LYMPHOID_PRIMED_MPP_VS_PRO_BCELL_UP	0.35814560549578195			
REACTOME_SEMA4D_INDUCED_CELL_MIGRATION_AND_GROWTH_CONE_COLLAPSE	0.35812313200711504			
AMIT_SERUM_RESPONSE_40_MCF10A	0.3579182382776383			
GO_GOLGI_VESICLE_BUDDING	0.3579125022929109			
GSE2405_0H_VS_1.5H_A_PHAGOCYTOPHILUM_STIM_NEUTROPHIL_UP	0.35789206308838617			
GSE3982_MAST_CELL_VS_MAC_DN	0.3578816680384981			
GSE16522_MEMORY_VS_NAIVE_CD8_TCELL_DN	0.35780817684730193			
GO_PLACENTA_BLOOD_VESSEL_DEVELOPMENT	0.35777683316431724			
GSE10325_LUPUS_BCELL_VS_LUPUS_MYELOID_DN	0.35774918184468096			
REACTOME_SIGNALING_BY_ERBB2_ECD_MUTANTS	0.3577232353410031			
ARGGGTTAA_UNKNOWN	0.3577189870163608			
DLX2_TARGET_GENES	0.3576496800220982			
REACTOME_MET_PROMOTES_CELL_MOTILITY	0.3576206425257625			
CHEMNITZ_RESPONSE_TO_PROSTAGLANDIN_E2_DN	0.3576109358825132			
ZHONG_SECRETOME_OF_LUNG_CANCER_AND_FIBROBLAST	0.3575596584895821			
GSE1460_INTRATHYMIC_T_PROGENITOR_VS_THYMIC_STROMAL_CELL_DN	0.3575460322841131			
VANDESLUIS_COMMD1_TARGETS_GROUP_3_UP	0.3574455679879954			
MIR378G	0.3574054265417878			
TGAYRTCA_ATF3_Q6	0.3573977609664217			
WACKER_HYPOXIA_TARGETS_OF_VHL	0.357384824509408			
RB_DN.V1_DN	0.35736451776654937			
REACTOME_LISTERIA_MONOCYTOGENES_ENTRY_INTO_HOST_CELLS	0.35734231608829775			
HOELZEL_NF1_TARGETS_UP	0.35728492096394354			
SASSON_RESPONSE_TO_GONADOTROPHINS_UP	0.35723433147944644			
GO_ANATOMICAL_STRUCTURE_FORMATION_INVOLVED_IN_MORPHOGENESIS	0.3571720671339605			
FOURNIER_ACINAR_DEVELOPMENT_EARLY_DN	0.35714836747445744			
KYNG_DNA_DAMAGE_DN	0.3570779456595353			
LEONARD_HYPOXIA	0.3570645169124704			
BOYAULT_LIVER_CANCER_SUBCLASS_G6_DN	0.35703763224455437			
LIANG_SILENCED_BY_METHYLATION_UP	0.35698010635615934			
SASSON_RESPONSE_TO_FORSKOLIN_UP	0.3569629414612952			
HOWLIN_CITED1_TARGETS_1_DN	0.3569600263828829			
GO_METANEPHRIC_NEPHRON_EPITHELIUM_DEVELOPMENT	0.3569512831976846			
SMID_BREAST_CANCER_RELAPSE_IN_BONE_DN	0.3569405405397389			
GSE7852_THYMUS_VS_FAT_TREG_DN	0.35693391355467236			
GO_NEGATIVE_REGULATION_OF_SUBSTRATE_ADHESION_DEPENDENT_CELL_SPREADING	0.35691834003459855			
YOSHIMURA_MAPK8_TARGETS_DN	0.3568906489085414			
HALLMARK_TNFA_SIGNALING_VIA_NFKB	0.3568429032784156			
GSE44649_WT_VS_MIR155_KO_NAIVE_CD8_TCELL_UP	0.3568367327962411			
GO_CELLULAR_RESPONSE_TO_INCREASED_OXYGEN_LEVELS	0.356800619954829			
GSE17721_POLYIC_VS_PAM3CSK4_2H_BMDC_DN	0.3566543219848637			
PUIFFE_INVASION_INHIBITED_BY_ASCITES_DN	0.35661658546241787			
LIAO_METASTASIS	0.35654127089293086			
AREB6_01	0.35653891112543673			
BEGUM_TARGETS_OF_PAX3_FOXO1_FUSION_DN	0.3565010845067467			
MEL18_DN.V1_UP	0.3564871747800805			
GSE42088_UNINF_VS_LEISHMANIA_INF_DC_24H_DN	0.35641618404643105			
GO_ALPHA_CATENIN_BINDING	0.35639762961123234			
GO_CELL_CELL_JUNCTION_ASSEMBLY	0.35638957440621993			
JOHNSTONE_PARVB_TARGETS_2_UP	0.3563840916906114			
LEE_BMP2_TARGETS_UP	0.3563817623524965			
GO_ACTIN_CYTOSKELETON	0.3563197609461569			
GO_GROWTH_FACTOR_BINDING	0.3562980183138339			
GSE22033_UNTREATED_VS_MRL24_TREATED_MEF_DN	0.3562538341841189			
GO_POSITIVE_REGULATION_OF_VACUOLE_ORGANIZATION	0.3562335858833119			
GO_EPITHELIAL_CELL_PROLIFERATION	0.35622879652123074			
IWANAGA_CARCINOGENESIS_BY_KRAS_UP	0.35620779620856563			
GO_4_HYDROXYPROLINE_METABOLIC_PROCESS	0.3562050675734927			
GO_ACTIN_MODIFICATION	0.35617754248259614			
GO_GLYCOPROTEIN_COMPLEX	0.3561617035392634			
GO_INTERMEDIATE_FILAMENT_BASED_PROCESS	0.35606670612440194			
SCHAEFFER_PROSTATE_DEVELOPMENT_6HR_DN	0.3560634243542681			
NUYTTEN_EZH2_TARGETS_UP	0.3559037082976906			
GSE25147_UNSTIM_VS_HELIOBACTER_PYLORI_LPS_STIM_MKN45_CELL_DN	0.35588450012567463			
GO_BASEMENT_MEMBRANE	0.35583801694051576			
LEE_LIVER_CANCER_E2F1_UP	0.3558367238284906			
PID_SYNDECAN_3_PATHWAY	0.3558034994988253			
GSE21546_UNSTIM_VS_ANTI_CD3_STIM_DP_THYMOCYTES_UP	0.35580101766055944			
AHRR_TARGET_GENES	0.35577356160771234			
GO_HEMIDESMOSOME	0.35576612017051945			
HNF4_Q6	0.3557228299939668			
GO_EPITHELIAL_TUBE_BRANCHING_INVOLVED_IN_LUNG_MORPHOGENESIS	0.3557224418720962			
GSE22935_UNSTIM_VS_24H_MBOVIS_BCG_STIM_MYD88_KO_MACROPHAGE_UP	0.355671165507747			
GO_ADHESION_OF_SYMBIONT_TO_HOST_CELL	0.3556648210096738			
GO_VESICLE_BUDDING_FROM_MEMBRANE	0.3556492426518787			
GO_TUBE_DEVELOPMENT	0.3556103966003172			
REACTOME_DEATH_RECEPTOR_SIGNALLING	0.3555991129837297			
MASRI_RESISTANCE_TO_TAMOXIFEN_AND_AROMATASE_INHIBITORS_DN	0.35553990210154807			
REACTOME_DEFECTIVE_EXT2_CAUSES_EXOSTOSES_2	0.35547886107842397			
BUYTAERT_PHOTODYNAMIC_THERAPY_STRESS_UP	0.35547669368964147			
RB_P130_DN.V1_DN	0.35545427984913947			
BHAT_ESR1_TARGETS_NOT_VIA_AKT1_UP	0.355359783790966			
SEKI_INFLAMMATORY_RESPONSE_LPS_UP	0.35533246326495743			
GO_POSITIVE_REGULATION_OF_PROTEIN_TYROSINE_KINASE_ACTIVITY	0.3552935295503142			
GO_TRANSMEMBRANE_RECEPTOR_PROTEIN_TYROSINE_KINASE_SIGNALING_PATHWAY	0.35522605637497606			
ZNF707_TARGET_GENES	0.35521970957998417			
RAF_UP.V1_DN	0.35520481560430134			
SMID_BREAST_CANCER_BASAL_UP	0.3551574361084709			
GO_NEGATIVE_REGULATION_OF_CARDIAC_MUSCLE_ADAPTATION	0.35515738564814753			
SHEDDEN_LUNG_CANCER_GOOD_SURVIVAL_A4	0.3551452291748307			
GSE2770_IL12_AND_TGFB_VS_IL4_TREATED_ACT_CD4_TCELL_2H_UP	0.3551433336496511			
REACTOME_NEF_MEDIATED_DOWNREGULATION_OF_MHC_CLASS_I_COMPLEX_CELL_SURFACE_EXPRESSION	0.3550873708058055			
DAZARD_UV_RESPONSE_CLUSTER_G2	0.35507669415952386			
GO_ENZYME_LINKED_RECEPTOR_PROTEIN_SIGNALING_PATHWAY	0.35499343010124895			
CSHL1_TARGET_GENES	0.35497384461853865			
LINSLEY_MIR16_TARGETS	0.3549332281589911			
REACTOME_GRB2_EVENTS_IN_ERBB2_SIGNALING	0.3549319223836737			
IPA_SMAD4_UP	0.3549264555949736			
MIR124_3P	0.3549200704086489			
PEDERSEN_METASTASIS_BY_ERBB2_ISOFORM_1	0.35487126282340803			
BRUECKNER_TARGETS_OF_MIRLET7A3_DN	0.3548539554210359			
GO_CYTOCHROME_B5_REDUCTASE_ACTIVITY_ACTING_ON_NAD_P_H	0.35482278080995866			
BAELDE_DIABETIC_NEPHROPATHY_DN	0.35471203827112835			
LIU_SOX4_TARGETS_DN	0.3546531954128566			
MEISSNER_BRAIN_HCP_WITH_H3K4ME3_AND_H3K27ME3	0.354599726979294			
VERRECCHIA_RESPONSE_TO_TGFB1_C5	0.35456776773903553			
MIR506_3P	0.35454012826033593			
KIM_WT1_TARGETS_12HR_DN	0.35453935398447006			
PID_MET_PATHWAY	0.35452752942994675			
CHEN_PDGF_TARGETS	0.354506316166021			
WEINMANN_ADAPTATION_TO_HYPOXIA_UP	0.3544885410192096			
GO_COPI_COATED_VESICLE	0.35448397195676995			
GSE20715_0H_VS_6H_OZONE_TLR4_KO_LUNG_DN	0.3544718591332101			
GO_ACTIN_FILAMENT_ORGANIZATION	0.3544663219169663			
BIOCARTA_AGR_PATHWAY	0.35446579413532436			
MCBRYAN_PUBERTAL_BREAST_6_7WK_DN	0.35446454318698556			
GO_LUNG_MORPHOGENESIS	0.35445255523114266			
WINTER_HYPOXIA_UP	0.3544340054840065			
GO_CALCIUM_DEPENDENT_PHOSPHOLIPID_BINDING	0.35440566656566846			
KAAB_FAILED_HEART_ATRIUM_DN	0.35439571130584613			
GO_SARCOLEMMA	0.35439551288478316			
LIN_SILENCED_BY_TUMOR_MICROENVIRONMENT	0.3543538173214264			
IVANOVSKA_MIR106B_TARGETS	0.35431143936243653			
GSE9509_LPS_VS_LPS_AND_IL10_STIM_IL10_KO_MACROPHAGE_10MIN_UP	0.3542333186577766			
GO_FILOPODIUM	0.35420412534336176			
NKX2_8_TARGET_GENES	0.3542002516354472			
REACTOME_EGFR_DOWNREGULATION	0.3541997148157778			
GO_RUFFLE_ASSEMBLY	0.3541976150957859			
GO_REGULATION_OF_EXOSOMAL_SECRETION	0.35418364833572336			
GO_BASEMENT_MEMBRANE_ASSEMBLY	0.3541252265769629			
GO_REGULATION_OF_CELL_PROJECTION_ASSEMBLY	0.3541235695316532			
TBK1.DF_DN	0.35412261943170015			
GO_PROLACTIN_SECRETION	0.35409622128084817			
GO_REGULATION_OF_ACTIN_FILAMENT_ORGANIZATION	0.3540957303804863			
LU_AGING_BRAIN_UP	0.35407868029990963			
AP1_C	0.35403274811421354			
GO_METANEPHRIC_EPITHELIUM_DEVELOPMENT	0.354011379269539			
IPA_SMAD2_UP	0.3539809548972415			
GSE21546_UNSTIM_VS_ANTI_CD3_STIM_SAP1A_KO_DP_THYMOCYTES_UP	0.35393228573400104			
RICKMAN_TUMOR_DIFFERENTIATED_MODERATELY_VS_POORLY_UP	0.3539138898894108			
MURATA_VIRULENCE_OF_H_PILORI	0.35390958620463714			
BAE_BRCA1_TARGETS_UP	0.3539036857653459			
GO_REGULATION_OF_CELL_SUBSTRATE_JUNCTION_ASSEMBLY	0.3538864072036736			
GO_REGULATION_OF_WOUND_HEALING	0.3538802822319228			
AP1_01	0.35386190130749345			
LANDIS_BREAST_CANCER_PROGRESSION_UP	0.3537631679316105			
GO_REGULATION_OF_EPITHELIAL_CELL_DIFFERENTIATION_INVOLVED_IN_KIDNEY_DEVELOPMENT	0.3537338032651887			
GSE42021_CD24HI_VS_CD24INT_TREG_THYMUS_UP	0.3536807683051632			
GO_CELL_SUBSTRATE_JUNCTION	0.3535874835897398			
HARRIS_HYPOXIA	0.3535599862169379			
GO_CELLULAR_RESPONSE_TO_STARVATION	0.35338088092601655			
TBX1_TARGET_GENES	0.35330820776307836			
ONDER_CDH1_SIGNALING_VIA_CTNNB1	0.35329825749704546			
REACTOME_EPH_EPHRIN_SIGNALING	0.3532907344239263			
REACTOME_NECTIN_NECL_TRANS_HETERODIMERIZATION	0.3532788206076987			
HNF4_DR1_Q3	0.3532746755234088			
GO_REGULATION_OF_CELLULAR_COMPONENT_MOVEMENT	0.35324282069081875			
GSE18804_BRAIN_VS_COLON_TUMORAL_MACROPHAGE_UP	0.3532292870765178			
GO_INTEGRIN_BINDING	0.3532165072971656			
GSE42021_CD24HI_VS_CD24LOW_TCONV_THYMUS_UP	0.35308797036053235			
GSE20500_CTRL_VS_RETINOIC_ACID_TREATED_CD4_TCELL_DN	0.3530186844207061			
FOXN3_TARGET_GENES	0.3529868868710041			
GSE3039_ALPHABETA_CD8_TCELL_VS_B2_BCELL_DN	0.35280772982344727			
GSE16385_ROSIGLITAZONE_IL4_VS_ROSIGLITAZONE_ALONE_STIM_MACROPHAGE_UP	0.3527499976200016			
GO_BASEMENT_MEMBRANE_ORGANIZATION	0.3527005751759605			
GO_WW_DOMAIN_BINDING	0.3526748632537738			
IPA_DDIT3_DN	0.3526702367808744			
MAHADEVAN_IMATINIB_RESISTANCE_UP	0.35264431249886996			
GO_FEMALE_PREGNANCY	0.3526220981625237			
IPA_HIF1A_UP	0.3526007171554787			
WOOD_EBV_EBNA1_TARGETS_DN	0.35249061759800326			
GINESTIER_BREAST_CANCER_20Q13_AMPLIFICATION_UP	0.35247766027320565			
GO_EPITHELIAL_CELL_DIFFERENTIATION_INVOLVED_IN_KIDNEY_DEVELOPMENT	0.3524443054092852			
AMIT_DELAYED_EARLY_GENES	0.3524382515678897			
GO_I_BAND	0.35239017075673434			
GO_ESTABLISHMENT_OF_PIGMENT_GRANULE_LOCALIZATION	0.3523826987198159			
GO_PROTEIN_LOCALIZATION_TO_CELL_JUNCTION	0.3523718681601904			
MIR526B_3P	0.35220938064337337			
GO_REGULATION_OF_MEMBRANE_PERMEABILITY	0.3521573510278967			
GO_ANIMAL_ORGAN_MORPHOGENESIS	0.3521268581431769			
GO_POSITIVE_REGULATION_OF_RUFFLE_ASSEMBLY	0.35208959211672436			
GO_EPHRIN_RECEPTOR_SIGNALING_PATHWAY	0.3520822691748114			
GO_POSITIVE_REGULATION_OF_EPITHELIAL_CELL_PROLIFERATION	0.35202202386132664			
MIR106A_5P	0.35196672443952254			
SENGUPTA_NASOPHARYNGEAL_CARCINOMA_WITH_LMP1_DN	0.3518426806802016			
WENDT_COHESIN_TARGETS_UP	0.35182731177490956			
AMIT_EGF_RESPONSE_60_HELA	0.35177200205647313			
NAKAMURA_TUMOR_ZONE_PERIPHERAL_VS_CENTRAL_DN	0.3517653885907035			
WANG_LMO4_TARGETS_UP	0.35175199523787476			
GSE32423_MEMORY_VS_NAIVE_CD8_TCELL_UP	0.3517060126021436			
GO_RESPONSE_TO_TOPOLOGICALLY_INCORRECT_PROTEIN	0.3515989954352136			
AP1_Q6	0.351593460285692			
FRASOR_RESPONSE_TO_ESTRADIOL_UP	0.35157561229036227			
DASU_IL6_SIGNALING_SCAR_DN	0.35155380125925295			
TOOKER_GEMCITABINE_RESISTANCE_DN	0.3515534847454301			
CAHOY_ASTROGLIAL	0.351515319387004			
GO_PROLINE_RICH_REGION_BINDING	0.3515145675765748			
REACTOME_RUNX3_REGULATES_YAP1_MEDIATED_TRANSCRIPTION	0.3515068220576067			
GO_ENDOTHELIAL_CELL_DEVELOPMENT	0.3514104591244098			
MOREAUX_B_LYMPHOCYTE_MATURATION_BY_TACI_UP	0.35140758988897414			
BERTUCCI_INVASIVE_CARCINOMA_DUCTAL_VS_LOBULAR_UP	0.35137199006443104			
BURTON_ADIPOGENESIS_7	0.3513710145883821			
REACTOME_CLATHRIN_MEDIATED_ENDOCYTOSIS	0.35132964785587345			
GO_CELL_DIFFERENTIATION_INVOLVED_IN_KIDNEY_DEVELOPMENT	0.35124891359981464			
GO_ACTIN_FILAMENT_BUNDLE	0.3511664506094706			
GSE9650_NAIVE_VS_EXHAUSTED_CD8_TCELL_DN	0.3511331358531488			
APPIERTO_RESPONSE_TO_FENRETINIDE_UP	0.3511310734489866			
GO_PIGMENT_GRANULE_LOCALIZATION	0.3510963439514775			
MIR93_5P	0.3510411947867326			
CREB_01	0.3510200747062875			
TGFB_UP.V1_UP	0.35095796392561873			
GARGALOVIC_RESPONSE_TO_OXIDIZED_PHOSPHOLIPIDS_BLUE_UP	0.35095700352822223			
GSE24142_EARLY_THYMIC_PROGENITOR_VS_DN3_THYMOCYTE_UP	0.3509458765352376			
GO_MORPHOGENESIS_OF_A_BRANCHING_STRUCTURE	0.35094563173820326			
GO_SCHWANN_CELL_DEVELOPMENT	0.35090705007855966			
GO_SERINE_TYPE_ENDOPEPTIDASE_INHIBITOR_ACTIVITY	0.3508866173449626			
MIR20B_5P	0.35085103095877035			
IPA_MEF2D_DN	0.3507898398257708			
SARTIPY_NORMAL_AT_INSULIN_RESISTANCE_UP	0.35074373309944934			
GO_POTASSIUM_CHANNEL_INHIBITOR_ACTIVITY	0.3507097959913483			
TONKS_TARGETS_OF_RUNX1_RUNX1T1_FUSION_SUSTAINDED_IN_ERYTHROCYTE_UP	0.35069666038928016			
GO_CELLULAR_RESPONSE_TO_TOPOLOGICALLY_INCORRECT_PROTEIN	0.35067752616571807			
GSE18804_SPLEEN_MACROPHAGE_VS_BRAIN_TUMORAL_MACROPHAGE_UP	0.35066357134337256			
GO_NEGATIVE_REGULATION_OF_KERATINOCYTE_PROLIFERATION	0.35053986963781003			
HALLMARK_P53_PATHWAY	0.35044708952906384			
LEE_METASTASIS_AND_ALTERNATIVE_SPLICING_DN	0.3504423093140112			
GO_POSITIVE_REGULATION_OF_CYTOSKELETON_ORGANIZATION	0.35041426713337287			
GO_GOLGI_MEMBRANE	0.35034449989315064			
GO_SPHINGOLIPID_METABOLIC_PROCESS	0.35032218363816253			
GO_INSULIN_LIKE_GROWTH_FACTOR_I_BINDING	0.3503218651157245			
GO_THYROID_HORMONE_BINDING	0.350264647886904			
GSE19888_ADENOSINE_A3R_ACT_VS_TCELL_MEMBRANES_ACT_AND_A3R_INH_PRETREAT_IN_MAST_CELL_DN	0.35012511333365925			
GO_REGULATION_OF_CELL_MIGRATION_INVOLVED_IN_SPROUTING_ANGIOGENESIS	0.3501098123643709			
GO_CELL_MOTILITY	0.3500971758708769			
GSE1432_6H_VS_24H_IFNG_MICROGLIA_UP	0.3500508550526178			
GO_GLOMERULAR_BASEMENT_MEMBRANE_DEVELOPMENT	0.3500486524703673			
P53_DN.V1_UP	0.349999797899489			
GSE19923_WT_VS_HEB_KO_DP_THYMOCYTE_UP	0.34992965587205416			
ROZANOV_MMP14_TARGETS_DN	0.349919960741533			
BREDEMEYER_RAG_SIGNALING_VIA_ATM_NOT_VIA_NFKB_UP	0.3499186243230093			
GO_ESTABLISHMENT_OR_MAINTENANCE_OF_CYTOSKELETON_POLARITY	0.34988931648104843			
GO_CELL_PROJECTION_ORGANIZATION	0.349825206974393			
GSE23505_UNTREATED_VS_4DAY_IL6_IL1_TREATED_CD4_TCELL_DN	0.34980656212008615			
BIOCARTA_P53HYPOXIA_PATHWAY	0.3498061425357534			
GO_SAM_COMPLEX	0.3497862306173078			
REACTOME_PI3K_EVENTS_IN_ERBB2_SIGNALING	0.3497828800169942			
GO_CELLULAR_COMPONENT_ASSEMBLY_INVOLVED_IN_MORPHOGENESIS	0.34977157712602647			
FRIDMAN_IMMORTALIZATION_DN	0.34972404967888465			
BHAT_ESR1_TARGETS_VIA_AKT1_UP	0.3496275515305197			
TOP2B_TARGET_GENES	0.34955899570496			
GO_PROTEIN_LOCALIZATION_TO_VACUOLE	0.34954585773630226			
GO_MYELIN_SHEATH_ABAXONAL_REGION	0.3495154681132895			
SASSON_RESPONSE_TO_FORSKOLIN_DN	0.34951209435100317			
HALLMARK_COAGULATION	0.34948459845506286			
ZBED4_TARGET_GENES	0.3494834376728012			
ZHONG_SECRETOME_OF_LUNG_CANCER_AND_ENDOTHELIUM	0.3494222427548114			
DASU_IL6_SIGNALING_SCAR_UP	0.34937932585435344			
MIR17_5P	0.34928904317670656			
GSE7460_TREG_VS_TCONV_ACT_WITH_TGFB_UP	0.3492869606306847			
GO_SUBSTRATE_DEPENDENT_CELL_MIGRATION_CELL_EXTENSION	0.34927663082931737			
ACEVEDO_LIVER_TUMOR_VS_NORMAL_ADJACENT_TISSUE_UP	0.34926598379220863			
PLASARI_TGFB1_SIGNALING_VIA_NFIC_1HR_DN	0.3492034786231727			
GO_CELL_PROJECTION_MEMBRANE	0.3491946668837802			
GO_REGULATION_OF_RESPONSE_TO_ENDOPLASMIC_RETICULUM_STRESS	0.34916071804907234			
REACTOME_SHC1_EVENTS_IN_EGFR_SIGNALING	0.34915679697244956			
GO_CYTIDYLYLTRANSFERASE_ACTIVITY	0.3491301303859476			
MIR519D_3P	0.3490517317939254			
HALLMARK_HYPOXIA	0.3490447605219361			
GO_MICROTUBULE_ORGANIZING_CENTER_LOCALIZATION	0.3489399661377678			
GO_TRANSFORMING_GROWTH_FACTOR_BETA_RECEPTOR_SIGNALING_PATHWAY	0.34890796100554256			
REACTOME_SIGNALING_BY_EGFR_IN_CANCER	0.3488946756103785			
GO_MEMBRANE_BIOGENESIS	0.3488483944989449			
GO_NEGATIVE_REGULATION_OF_APOPTOTIC_SIGNALING_PATHWAY	0.34882358116905093			
GSE26290_CTRL_VS_AKT_INHIBITOR_TREATED_ANTI_CD3_AND_IL2_STIM_CD8_TCELL_UP	0.34882232772760885			
GO_TISSUE_MORPHOGENESIS	0.34880988974485105			
GO_REGULATION_OF_ACTIN_FILAMENT_BASED_PROCESS	0.3487972975504243			
GSE13887_HEALTHY_VS_LUPUS_RESTING_CD4_TCELL_UP	0.3487563612785674			
GO_REGULATION_OF_EPITHELIAL_TO_MESENCHYMAL_TRANSITION	0.34874486212440187			
GCACTTT_MIR175P_MIR20A_MIR106A_MIR106B_MIR20B_MIR519D	0.3487446188270639			
GSE45382_UNTREATED_VS_TGFB_TREATED_MACROPHAGES_DN	0.34872942853203376			
GSE360_L_MAJOR_VS_B_MALAYI_LOW_DOSE_MAC_UP	0.34872032125519214			
PID_SYNDECAN_2_PATHWAY	0.3486879510868353			
GO_CALCIUM_ION_BINDING	0.34866395653271515			
REACTOME_RHO_GTPASES_ACTIVATE_ROCKS	0.34862965256373546			
FISCHER_DIRECT_P53_TARGETS_META_ANALYSIS	0.34862197363983916			
REACTOME_SIGNALING_BY_TGF_BETA_RECEPTOR_COMPLEX	0.348562892704807			
GO_NEGATIVE_REGULATION_OF_CELLULAR_RESPONSE_TO_HYPOXIA	0.34853268853958613			
SASAI_RESISTANCE_TO_NEOPLASTIC_TRANSFROMATION	0.3485159965601783			
GO_RECEPTOR_CATABOLIC_PROCESS	0.34851281390818034			
NGUYEN_NOTCH1_TARGETS_DN	0.34849900002834944			
KYNG_DNA_DAMAGE_BY_GAMMA_AND_UV_RADIATION	0.3484839048339501			
WIEDERSCHAIN_TARGETS_OF_BMI1_AND_PCGF2	0.3484804252295073			
GCNP_SHH_UP_LATE.V1_DN	0.3484250559848361			
GO_NEGATIVE_REGULATION_OF_MOLECULAR_FUNCTION_IN_OTHER_ORGANISM	0.34842043921000987			
AMIT_SERUM_RESPONSE_480_MCF10A	0.34837139945995177			
RICKMAN_HEAD_AND_NECK_CANCER_C	0.3483527993508404			
GO_POSITIVE_REGULATION_OF_EPITHELIAL_CELL_DIFFERENTIATION	0.34824490658789653			
ZNF92_TARGET_GENES	0.3482433834393237			
HELLEBREKERS_SILENCED_DURING_TUMOR_ANGIOGENESIS	0.34822570589135926			
MOHANKUMAR_HOXA1_TARGETS_DN	0.34821218495862777			
MIR148A_3P	0.3480876215746633			
REACTOME_EGFR_INTERACTS_WITH_PHOSPHOLIPASE_C_GAMMA	0.3480867703085073			
REACTOME_DEFECTIVE_B4GALT7_CAUSES_EDS_PROGEROID_TYPE	0.34808645076137484			
MIR106B_5P	0.34808611901008735			
JIANG_HYPOXIA_CANCER	0.34801102384394655			
SESTO_RESPONSE_TO_UV_C6	0.3479259654848039			
REACTOME_COPI_MEDIATED_ANTEROGRADE_TRANSPORT	0.34790689483994947			
GAUSSMANN_MLL_AF4_FUSION_TARGETS_F_UP	0.3478331495408586			
HOFMANN_MYELODYSPLASTIC_SYNDROM_RISK_UP	0.3478160688854327			
GO_REGULATION_OF_SYNAPTIC_GROWTH_AT_NEUROMUSCULAR_JUNCTION	0.3478012534479154			
REACTOME_RHO_GTPASES_ACTIVATE_RHOTEKIN_AND_RHOPHILINS	0.3477578690442105			
STEIN_ESRRA_TARGETS_DN	0.3477532305270978			
REACTOME_EXTRA_NUCLEAR_ESTROGEN_SIGNALING	0.34773270426785174			
GO_NODE_OF_RANVIER	0.34770737771771754			
SABATES_COLORECTAL_ADENOMA_UP	0.34769125540203516			
MIR4294	0.3476837834576507			
GO_NEGATIVE_REGULATION_OF_PROTEIN_TYROSINE_KINASE_ACTIVITY	0.34768011592607834			
EIF4E_DN	0.347648189818479			
HALLMARK_MYOGENESIS	0.3475817694784648			
BOSCO_EPITHELIAL_DIFFERENTIATION_MODULE	0.347573845947651			
RODRIGUES_NTN1_TARGETS_DN	0.3475681407196488			
ZHONG_SECRETOME_OF_LUNG_CANCER_AND_MACROPHAGE	0.3475000053785353			
HOX13_01	0.34749475382479605			
SCHAEFFER_PROSTATE_DEVELOPMENT_AND_CANCER_BOX2_DN	0.347478547935271			
GARGALOVIC_RESPONSE_TO_OXIDIZED_PHOSPHOLIPIDS_TAN_DN	0.3474673569930013			
GSE37605_TREG_VS_TCONV_NOD_FOXP3_FUSION_GFP_UP	0.34741320317230656			
RAMJAUN_APOPTOSIS_BY_TGFB1_VIA_SMAD4_DN	0.3473798556213791			
TGASTMAGC_NFE2_01	0.34736039451631034			
GO_PYRIMIDINE_NUCLEOTIDE_SUGAR_TRANSMEMBRANE_TRANSPORTER_ACTIVITY	0.3473445470308176			
REACTOME_MET_ACTIVATES_PTK2_SIGNALING	0.34733711970252934			
GO_MORPHOGENESIS_OF_AN_EPITHELIUM	0.34733313476828054			
REACTOME_CELL_CELL_JUNCTION_ORGANIZATION	0.3473318156596256			
REACTOME_APOPTOTIC_CLEAVAGE_OF_CELL_ADHESION_PROTEINS	0.3473118727338914			
GO_MAMMARY_GLAND_MORPHOGENESIS	0.34730192712471436			
BERENJENO_TRANSFORMED_BY_RHOA_DN	0.3472680485165457			
GO_BLOOD_VESSEL_MORPHOGENESIS	0.3472587998464306			
GO_RESPONSE_TO_ENDOPLASMIC_RETICULUM_STRESS	0.34719002948313155			
GSE37301_MULTIPOTENT_PROGENITOR_VS_RAG2_KO_NK_CELL_DN	0.34718442273899053			
GSE42088_UNINF_VS_LEISHMANIA_INF_DC_4H_UP	0.3471466473172703			
CERVERA_SDHB_TARGETS_1_UP	0.3471201339876326			
GO_FIBRONECTIN_BINDING	0.34709891518069375			
MIR20A_5P	0.3470973741735392			
BROWNE_HCMV_INFECTION_2HR_DN	0.34705129614279984			
REACTOME_DISEASES_OF_GLYCOSYLATION	0.34704117201677387			
GO_COLLAGEN_BINDING_INVOLVED_IN_CELL_MATRIX_ADHESION	0.34702248803854613			
GO_EXTRINSIC_APOPTOTIC_SIGNALING_PATHWAY	0.34701283720281734			
WILLIAMS_ESR2_TARGETS_DN	0.3470105657203923			
PEDERSEN_METASTASIS_BY_ERBB2_ISOFORM_3	0.346993738351739			
GSE29618_BCELL_VS_MDC_DAY7_FLU_VACCINE_DN	0.34693636656890764			
GSE41867_DAY15_EFFECTOR_VS_DAY30_MEMORY_CD8_TCELL_LCMV_ARMSTRONG_UP	0.34692538896234615			
GO_DYSTROGLYCAN_BINDING	0.3468875540482635			
TSUNODA_CISPLATIN_RESISTANCE_DN	0.34681411108771065			
KIM_MYCL1_AMPLIFICATION_TARGETS_DN	0.34679779571540587			
TAGHAVI_NEOPLASTIC_TRANSFORMATION	0.3467554708711642			
GO_REGULATION_OF_PROTEOLYSIS	0.3467312616763578			
GO_NEPHRON_TUBULE_EPITHELIAL_CELL_DIFFERENTIATION	0.3466779388972662			
CAIRO_LIVER_DEVELOPMENT_UP	0.3466576618053684			
GO_NUCLEOTIDE_SUGAR_TRANSMEMBRANE_TRANSPORTER_ACTIVITY	0.34665761333067413			
LHX2_TARGET_GENES	0.3466556604833711			
GO_REGULATION_OF_ENTRY_OF_BACTERIUM_INTO_HOST_CELL	0.3466467899447493			
GO_PYRIMIDINE_NUCLEOTIDE_SUGAR_TRANSMEMBRANE_TRANSPORT	0.34657189613012235			
MIR152_3P	0.3465657648872413			
GO_NEURON_DIFFERENTIATION	0.34653703284205356			
GO_PLASMINOGEN_ACTIVATION	0.3464825294496942			
KEGG_ECM_RECEPTOR_INTERACTION	0.34641885379779147			
GO_REGULATION_OF_VACUOLE_ORGANIZATION	0.346408032196106			
GO_EPITHELIAL_CELL_CELL_ADHESION	0.34637678544983175			
GO_ENDOTHELIAL_CELL_CHEMOTAXIS	0.34636265854703424			
GSE6269_HEALTHY_VS_STAPH_PNEUMO_INF_PBMC_DN	0.34633123611371863			
POOLA_INVASIVE_BREAST_CANCER_DN	0.3462925635362826			
GO_MESODERM_MORPHOGENESIS	0.3462813591357218			
GSE22611_UNSTIM_VS_6H_MDP_STIM_NOD2_TRANSDUCED_HEK293T_CELL_UP	0.3462666116715166			
GO_TIGHT_JUNCTION_ORGANIZATION	0.34622558028898265			
MIR148B_3P	0.3462033420607158			
GO_MESENCHYMAL_CELL_DIFFERENTIATION	0.34620300373658375			
DURAND_STROMA_NS_UP	0.34615838024291756			
GSE16451_CTRL_VS_WEST_EQUINE_ENC_VIRUS_MATURE_NEURON_CELL_LINE_UP	0.34614423915078335			
GO_REGULATION_OF_KERATINOCYTE_DIFFERENTIATION	0.3461270570264175			
GO_INSULIN_LIKE_GROWTH_FACTOR_BINDING	0.34610829192162684			
GSE1460_CD4_THYMOCYTE_VS_THYMIC_STROMAL_CELL_DN	0.3460338090897441			
DR1_Q3	0.3460161825775896			
TGGNNNNNNKCCAR_UNKNOWN	0.3460083884350004			
FERRARI_RESPONSE_TO_FENRETINIDE_UP	0.3459801923008294			
MIR3190_5P	0.3459703941312945			
GO_ENDOSOME_MEMBRANE	0.34594036325493827			
GSE21379_WT_VS_SAP_KO_CD4_TCELL_UP	0.34591139242143304			
CROONQUIST_STROMAL_STIMULATION_UP	0.3458975547162427			
GO_REGULATION_OF_CARDIAC_MUSCLE_CELL_ACTION_POTENTIAL	0.34582578568797473			
IPA_ELK1_UP	0.3457525449796435			
GO_ZYMOGEN_ACTIVATION	0.34573751047850454			
HIRSCH_CELLULAR_TRANSFORMATION_SIGNATURE_DN	0.3457117255450045			
LE_EGR2_TARGETS_DN	0.3456899908009702			
DAVICIONI_TARGETS_OF_PAX_FOXO1_FUSIONS_UP	0.34568833383690056			
SATO_SILENCED_BY_METHYLATION_IN_PANCREATIC_CANCER_2	0.3456469564270979			
ONDER_CDH1_TARGETS_1_DN	0.3455757419878202			
GO_PLATELET_DERIVED_GROWTH_FACTOR_RECEPTOR_SIGNALING_PATHWAY	0.3454742374416552			
GO_LAMELLIPODIUM	0.3454355925525204			
GSE26928_NAIVE_VS_EFF_MEMORY_CD4_TCELL_DN	0.3454270162961179			
MIR6134	0.3454195989096938			
GO_TYPE_B_PANCREATIC_CELL_PROLIFERATION	0.3453914875389319			
KLF17_TARGET_GENES	0.3453857885920371			
DASU_IL6_SIGNALING_UP	0.3453530583557551			
ZNF423_TARGET_GENES	0.3453469127591517			
GO_ASTROCYTE_PROJECTION	0.3453026763038364			
GO_MORPHOGENESIS_OF_A_POLARIZED_EPITHELIUM	0.345290825244459			
GO_RESPIRATORY_SYSTEM_DEVELOPMENT	0.3452886388425369			
BIOCARTA_HER2_PATHWAY	0.3452759368771046			
GO_VESICLE_ORGANIZATION	0.3452599561181222			
TERAO_AOX4_TARGETS_SKIN_UP	0.34523928159603523			
GO_ENDOSOMAL_TRANSPORT	0.34523770528711095			
GSE39152_CD103_NEG_VS_POS_MEMORY_CD8_TCELL_UP	0.3452260263373773			
GO_NEURON_PROJECTION_GUIDANCE	0.34521341522044074			
ZWANG_EGF_PERSISTENTLY_UP	0.34517705584401204			
WESTON_VEGFA_TARGETS	0.3451695242963784			
CHEN_LUNG_CANCER_SURVIVAL	0.345124205688383			
GO_EXTRACELLULAR_STRUCTURE_ORGANIZATION	0.34507559300160867			
GO_REGULATION_OF_ACTION_POTENTIAL	0.34506362938522417			
PETROVA_ENDOTHELIUM_LYMPHATIC_VS_BLOOD_DN	0.34504183261693766			
GO_LOCOMOTION	0.345004809784587			
COATES_MACROPHAGE_M1_VS_M2_DN	0.3449901044769197			
HALLMARK_UV_RESPONSE_DN	0.3448863002380322			
GO_ACTOMYOSIN	0.34488018004025545			
GSE11057_EFF_MEM_VS_CENT_MEM_CD4_TCELL_UP	0.3448385659748368			
GSE23321_CD8_STEM_CELL_MEMORY_VS_CENTRAL_MEMORY_CD8_TCELL_UP	0.34480784355354105			
GRUETZMANN_PANCREATIC_CANCER_UP	0.34480323363268617			
ONDER_CDH1_TARGETS_3_DN	0.3447897975289608			
GSE36392_MAC_VS_NEUTROPHIL_IL25_TREATED_LUNG_DN	0.34476670297493806			
LEE_LIVER_CANCER_MYC_E2F1_UP	0.34470453961266906			
GSE13306_TREG_VS_TCONV_UP	0.34468421467695454			
JOHNSTONE_PARVB_TARGETS_1_UP	0.34466213688791597			
GO_BRANCHING_MORPHOGENESIS_OF_AN_EPITHELIAL_TUBE	0.3446460718866867			
GO_MYOBLAST_FUSION_INVOLVED_IN_SKELETAL_MUSCLE_REGENERATION	0.3446361730682356			
GSE7831_CPG_VS_INFLUENZA_STIM_PDC_1H_DN	0.3445924589027587			
GSE2770_TGFB_AND_IL4_ACT_VS_ACT_CD4_TCELL_6H_DN	0.34455824217041897			
GO_PHAGOPHORE_ASSEMBLY_SITE	0.3445141885199569			
GSE339_EX_VIVO_VS_IN_CULTURE_CD4POS_DC_DN	0.3445092097660916			
GO_LAMININ_1_BINDING	0.34447538003278616			
GSE2770_TGFB_AND_IL4_VS_IL4_TREATED_ACT_CD4_TCELL_48H_UP	0.34446229236827186			
GO_CYTOSKELETON_ORGANIZATION	0.3444305086970961			
GARGALOVIC_RESPONSE_TO_OXIDIZED_PHOSPHOLIPIDS_YELLOW_UP	0.3444125204123091			
HALMOS_CEBPA_TARGETS_DN	0.34441015905527883			
FOURNIER_ACINAR_DEVELOPMENT_LATE_DN	0.34440806181341616			
GSE360_L_MAJOR_VS_B_MALAYI_HIGH_DOSE_MAC_UP	0.3444034040200562			
LI_AMPLIFIED_IN_LUNG_CANCER	0.34439023315976053			
TGFB_UP.V1_DN	0.344366305100445			
HALLMARK_APICAL_JUNCTION	0.3443350811476082			
GO_ADHERENS_JUNCTION_ORGANIZATION	0.344284614979929			
GSE9988_ANTI_TREM1_AND_LPS_VS_VEHICLE_TREATED_MONOCYTES_UP	0.34427020301185013			
GO_TRANS_SYNAPTIC_SIGNALING_BY_TRANS_SYNAPTIC_COMPLEX	0.34420997032932094			
WAKABAYASHI_ADIPOGENESIS_PPARG_RXRA_BOUND_8D	0.3442060358461173			
GO_REGULATION_OF_SIGNALING_RECEPTOR_ACTIVITY	0.3441243207469105			
UZONYI_RESPONSE_TO_LEUKOTRIENE_AND_THROMBIN	0.3440911409054402			
GSE21379_TFH_VS_NON_TFH_CD4_TCELL_DN	0.34407617387663925			
ITO_PTTG1_TARGETS_UP	0.3440460138159124			
GENTILE_UV_RESPONSE_CLUSTER_D7	0.34402955488913667			
CHIN_BREAST_CANCER_COPY_NUMBER_UP	0.34398407855307084			
GSE26488_CTRL_VS_PEPTIDE_INJECTION_HDAC7_DELTAP_TG_OT2_THYMOCYTE_DN	0.3439772858930879			
GO_COPI_COATED_VESICLE_MEMBRANE	0.3439389846292105			
NAKAMURA_ADIPOGENESIS_LATE_DN	0.3439371049050304			
LINDVALL_IMMORTALIZED_BY_TERT_UP	0.3439307946981127			
REACTOME_CONSTITUTIVE_SIGNALING_BY_EGFRVIII	0.343929028835624			
GO_MICROTUBULE_END	0.343860120512098			
IPA_MESP1_UP	0.34385572697100175			
FALVELLA_SMOKERS_WITH_LUNG_CANCER	0.3438291820306842			
GSE4748_CTRL_VS_LPS_STIM_DC_3H_DN	0.34378842698314493			
GO_CELL_DIFFERENTIATION_INVOLVED_IN_METANEPHROS_DEVELOPMENT	0.3437774526980088			
GO_BLOOD_VESSEL_ENDOTHELIAL_CELL_MIGRATION	0.34376018663688573			
REACTOME_HS_GAG_BIOSYNTHESIS	0.34372651712884855			
REACTOME_SEMA4D_MEDIATED_INHIBITION_OF_CELL_ATTACHMENT_AND_MIGRATION	0.343714873423673			
GO_SPHINGOLIPID_BIOSYNTHETIC_PROCESS	0.3436738828211189			
GO_ZONULA_ADHERENS	0.3436219808580391			
SCHEIDEREIT_IKK_TARGETS	0.34359572649534853			
SARRIO_EPITHELIAL_MESENCHYMAL_TRANSITION_DN	0.3435246087476504			
REACTOME_DCC_MEDIATED_ATTRACTIVE_SIGNALING	0.34350096787843476			
TSENG_ADIPOGENIC_POTENTIAL_DN	0.3434876084309873			
GO_REGULATION_OF_POSTSYNAPTIC_MEMBRANE_NEUROTRANSMITTER_RECEPTOR_LEVELS	0.34342106395465116			
INSM2_TARGET_GENES	0.3434079280318104			
WANG_BARRETTS_ESOPHAGUS_AND_ESOPHAGUS_CANCER_DN	0.3433992178432501			
GO_RECYCLING_ENDOSOME	0.3433736522300093			
IPA_PAX5_DN	0.3433552748486265			
CACTTTG_MIR520G_MIR520H	0.343346962842603			
GO_CELL_PROJECTION_ASSEMBLY	0.3433350695315098			
DODD_NASOPHARYNGEAL_CARCINOMA_UP	0.34331618627619376			
GSE22886_NAIVE_BCELL_VS_MONOCYTE_DN	0.3433031661407868			
GSE1460_DP_THYMOCYTE_VS_THYMIC_STROMAL_CELL_DN	0.34323789161301144			
GO_AGGREPHAGY	0.34317578937960896			
GO_REGULATION_OF_SUBSTRATE_ADHESION_DEPENDENT_CELL_SPREADING	0.3431205332238531			
PID_IGF1_PATHWAY	0.34308567830851705			
GO_CLATHRIN_BINDING	0.3430472701508228			
HE_PTEN_TARGETS_DN	0.34304619016965404			
GSE32128_INOS_DEPENDENT_VS_INOS_INDEPENDENT_ACTIVATED_TCELL_UP	0.34302308933339976			
DAZARD_RESPONSE_TO_UV_SCC_UP	0.34301361207833153			
GSE27092_WT_VS_HDAC7_PHOSPHO_DEFICIENT_CD8_TCELL_UP	0.3429942561745649			
PID_EPHB_FWD_PATHWAY	0.34299142998384147			
JIANG_TIP30_TARGETS_UP	0.34296456525785574			
PRC2_EZH2_UP.V1_UP	0.34292307755156426			
IK2_01	0.34291412420567574			
RADMACHER_AML_PROGNOSIS	0.34287307686993684			
HALLMARK_ESTROGEN_RESPONSE_LATE	0.3428496516996072			
GO_PHOSPHOTRANSFERASE_ACTIVITY_FOR_OTHER_SUBSTITUTED_PHOSPHATE_GROUPS	0.3428106497841404			
GO_COLLAGEN_BINDING	0.34279641019861784			
MIR4686	0.34279591860555036			
GO_NEGATIVE_REGULATION_BY_HOST_OF_SYMBIONT_MOLECULAR_FUNCTION	0.34279275399943193			
GO_MESENCHYME_DEVELOPMENT	0.3427677003355503			
GSE19198_CTRL_VS_IL21_TREATED_TCELL_24H_UP	0.3427632326865658			
GO_RENAL_FILTRATION	0.34275721484686933			
ZIRN_TRETINOIN_RESPONSE_UP	0.34267996943405193			
IPA_SPDEF_UP	0.3426688931403351			
KEGG_AXON_GUIDANCE	0.342652910674803			
GO_EMBRYONIC_MORPHOGENESIS	0.34265158561228837			
FLECHNER_BIOPSY_KIDNEY_TRANSPLANT_REJECTED_VS_OK_DN	0.3426434169272847			
GO_CELLULAR_COMPONENT_MORPHOGENESIS	0.34261694591422587			
GO_MYOFIBRIL_ASSEMBLY	0.34261646456487244			
IKEDA_MIR1_TARGETS_UP	0.3425616227949007			
SENESE_HDAC3_TARGETS_UP	0.34252196992597606			
SCHAEFFER_PROSTATE_DEVELOPMENT_AND_CANCER_BOX5_DN	0.3425197929285174			
GO_NUCLEOTIDE_SUGAR_TRANSMEMBRANE_TRANSPORT	0.34250048253462445			
GO_INCLUSION_BODY_ASSEMBLY	0.3424585032909521			
MIR1972	0.34238604564873965			
GO_CARDIOVASCULAR_SYSTEM_DEVELOPMENT	0.3423656106627711			
GO_NEURON_DEVELOPMENT	0.34230943034415334			
GSE30083_SP2_VS_SP3_THYMOCYTE_UP	0.3422807550116072			
KINSEY_TARGETS_OF_EWSR1_FLII_FUSION_DN	0.34225731074113497			
SENESE_HDAC1_AND_HDAC2_TARGETS_DN	0.34225155887232644			
RUTELLA_RESPONSE_TO_CSF2RB_AND_IL4_UP	0.34221889721345083			
KRIEG_HYPOXIA_NOT_VIA_KDM3A	0.3422177409583948			
BIOCARTA_ERBB3_PATHWAY	0.34220814200769734			
GO_GOLGI_LUMEN	0.3421966128159072			
SMID_BREAST_CANCER_NORMAL_LIKE_DN	0.34218405836085797			
GSE17721_LPS_VS_GARDIQUIMOD_12H_BMDC_DN	0.34214923685406456			
PID_LKB1_PATHWAY	0.3421108270707648			
GROSS_HYPOXIA_VIA_ELK3_ONLY_UP	0.3420835297420286			
GO_NEGATIVE_REGULATION_OF_NECROTIC_CELL_DEATH	0.3420794513072232			
ENGELMANN_CANCER_PROGENITORS_DN	0.34206332746294804			
GO_NEGATIVE_REGULATION_OF_PEPTIDASE_ACTIVITY	0.342047403747371			
GO_CELL_DIVISION_SITE	0.3420019886163424			
GO_RESPONSE_TO_OXIDATIVE_STRESS	0.3419385343987711			
GSE7460_WT_VS_FOXP3_HET_ACT_WITH_TGFB_TCONV_DN	0.3418978986512005			
YIH_RESPONSE_TO_ARSENITE_C5	0.34189510761429803			
GO_NUCLEAR_OUTER_MEMBRANE_ENDOPLASMIC_RETICULUM_MEMBRANE_NETWORK	0.34186767556580533			
GO_RENAL_SYSTEM_DEVELOPMENT	0.34185576820109254			
GO_ENDOTHELIUM_DEVELOPMENT	0.34184406011252394			
GO_POSITIVE_REGULATION_OF_MAMMARY_GLAND_EPITHELIAL_CELL_PROLIFERATION	0.3418342016850283			
GSE3720_UNSTIM_VS_LPS_STIM_VD2_GAMMADELTA_TCELL_DN	0.3418283530063915			
SNIJDERS_AMPLIFIED_IN_HEAD_AND_NECK_TUMORS	0.3417896706919285			
GSE16522_MEMORY_VS_NAIVE_CD8_TCELL_UP	0.3417483891731514			
GO_LATE_ENDOSOME_MEMBRANE	0.34174464776055624			
GO_CYTOSKELETON_DEPENDENT_INTRACELLULAR_TRANSPORT	0.34170525337667074			
GO_MYOTUBE_DIFFERENTIATION_INVOLVED_IN_SKELETAL_MUSCLE_REGENERATION	0.3416864939673149			
RIGGINS_TAMOXIFEN_RESISTANCE_UP	0.3416637852674201			
SENESE_HDAC3_TARGETS_DN	0.34166009625049965			
GSE29618_BCELL_VS_MONOCYTE_DAY7_FLU_VACCINE_DN	0.34164889441401547			
DOANE_RESPONSE_TO_ANDROGEN_UP	0.3416428447127036			
SENGUPTA_NASOPHARYNGEAL_CARCINOMA_DN	0.3416286484669674			
GO_APOPTOTIC_SIGNALING_PATHWAY	0.34162445822768606			
GO_NEPHRON_DEVELOPMENT	0.34162165018637947			
CHIBA_RESPONSE_TO_TSA_UP	0.3415589109293327			
PID_P75_NTR_PATHWAY	0.3415495120060726			
GO_RESPONSE_TO_TRANSFORMING_GROWTH_FACTOR_BETA	0.34153862724406636			
ALFANO_MYC_TARGETS	0.34147371980846447			
WANG_SMARCE1_TARGETS_UP	0.3414420761534231			
LTE2_UP.V1_DN	0.3414389016686711			
KEGG_SPHINGOLIPID_METABOLISM	0.3414253069848091			
HALLMARK_APOPTOSIS	0.341399907476066			
BIOCARTA_SPRY_PATHWAY	0.3413748385097412			
ACTTTAT_MIR1425P	0.3413581975517691			
GO_POSITIVE_REGULATION_OF_PLATELET_DERIVED_GROWTH_FACTOR_RECEPTOR_SIGNALING_PATHWAY	0.34129560558437844			
GO_NEPHRON_EPITHELIUM_DEVELOPMENT	0.34119801396875965			
ZHU_CMV_ALL_DN	0.3411979903954038			
GO_GLOMERULAR_EPITHELIAL_CELL_DIFFERENTIATION	0.34119705632958314			
GO_XENOBIOTIC_TRANSPORT	0.34115187123683793			
GO_SELECTIVE_AUTOPHAGY	0.341144636011154			
GO_ENDOPLASMIC_RETICULUM	0.3410895568283979			
GO_AXON_DEVELOPMENT	0.3410737758173173			
REACTOME_PTK6_REGULATES_CELL_CYCLE	0.3410660447113856			
GO_SMOOTH_MUSCLE_CELL_MIGRATION	0.34106402715978823			
MIR4733_3P	0.34104315540726166			
GO_RECYCLING_ENDOSOME_MEMBRANE	0.3410094651321092			
LUND_SILENCED_BY_METHYLATION	0.34092440209735436			
GO_PLASMA_MEMBRANE_RAFT_ASSEMBLY	0.34089580430770544			
ZAMORA_NOS2_TARGETS_DN	0.34083590277748194			
YAO_TEMPORAL_RESPONSE_TO_PROGESTERONE_CLUSTER_5	0.34082929580387655			
HALLMARK_CHOLESTEROL_HOMEOSTASIS	0.3408116312595973			
GO_SUPRAMOLECULAR_FIBER_ORGANIZATION	0.3407690767633356			
CUI_TCF21_TARGETS_2_DN	0.3407466498827485			
MIR3943	0.34070123988172957			
GO_NEURAL_CREST_CELL_DIFFERENTIATION	0.3406659194780326			
GSE9988_ANTI_TREM1_AND_LPS_VS_CTRL_TREATED_MONOCYTES_UP	0.340664803506614			
RODRIGUES_THYROID_CARCINOMA_POORLY_DIFFERENTIATED_DN	0.34060068032313023			
PID_TGFBR_PATHWAY	0.34057670684250185			
GSE9650_EXHAUSTED_VS_MEMORY_CD8_TCELL_UP	0.3405622261653064			
GO_CONTRACTILE_FIBER	0.34054292119049384			
GERHOLD_ADIPOGENESIS_DN	0.3405207460376632			
GO_REGULATION_OF_MORPHOGENESIS_OF_AN_EPITHELIUM	0.34047608466556295			
GO_HEPARAN_SULFATE_PROTEOGLYCAN_METABOLIC_PROCESS	0.3404486495861281			
MISHRA_CARCINOMA_ASSOCIATED_FIBROBLAST_UP	0.34044558613949655			
GO_NEGATIVE_REGULATION_OF_HYDROLASE_ACTIVITY	0.34041776231371734			
GO_REGULATION_OF_BICELLULAR_TIGHT_JUNCTION_ASSEMBLY	0.34038239700616213			
GO_REGULATION_OF_CELLULAR_PROTEIN_LOCALIZATION	0.340373240719922			
IPA_NR3C1_DN	0.34034227451760507			
GO_FORMATION_OF_PRIMARY_GERM_LAYER	0.3403378005371191			
GO_METANEPHRIC_NEPHRON_DEVELOPMENT	0.3403338569708679			
GO_UROGENITAL_SYSTEM_DEVELOPMENT	0.34026186304731854			
GO_ASTER	0.34024012385521624			
SCHAEFFER_PROSTATE_DEVELOPMENT_AND_CANCER_BOX6_DN	0.34022206550932854			
GSE37301_MULTIPOTENT_PROGENITOR_VS_PRO_BCELL_DN	0.34014254336745614			
KYNG_ENVIRONMENTAL_STRESS_RESPONSE_UP	0.34013395422541837			
GSE24634_IL4_VS_CTRL_TREATED_NAIVE_CD4_TCELL_DAY10_DN	0.3400672756589729			
SHIRAISHI_PLZF_TARGETS_UP	0.34006348854809376			
GAUSSMANN_MLL_AF4_FUSION_TARGETS_A_DN	0.34002598268389517			
GO_STRUCTURAL_CONSTITUENT_OF_MUSCLE	0.3400191755026474			
PLASARI_NFIC_TARGETS_BASAL_UP	0.3400103183453232			
GSE20715_WT_VS_TLR4_KO_LUNG_UP	0.3399792192200845			
GSE3039_ALPHAALPHA_CD8_TCELL_VS_B2_BCELL_DN	0.33996268141910796			
GO_CLUSTERING_OF_VOLTAGE_GATED_SODIUM_CHANNELS	0.3399507391376218			
SENESE_HDAC1_TARGETS_DN	0.339923173857961			
STEIN_ESRRA_TARGETS_UP	0.33988744227982964			
GO_SERTOLI_CELL_DIFFERENTIATION	0.33988485292157394			
GO_SPONGIOTROPHOBLAST_LAYER_DEVELOPMENT	0.3397630844459059			
LEIN_CEREBELLUM_MARKERS	0.33975483955101615			
REACTOME_TFAP2_AP_2_FAMILY_REGULATES_TRANSCRIPTION_OF_GROWTH_FACTORS_AND_THEIR_RECEPTORS	0.33974203447602286			
IGLV5_37_TARGET_GENES	0.33971798721056634			
GSE9988_ANTI_TREM1_VS_CTRL_TREATED_MONOCYTES_UP	0.3397015659349962			
DAVICIONI_MOLECULAR_ARMS_VS_ERMS_DN	0.3396968308405391			
BERTUCCI_MEDULLARY_VS_DUCTAL_BREAST_CANCER_DN	0.33969538160727686			
GO_HIPPO_SIGNALING	0.3396684745768303			
GOZGIT_ESR1_TARGETS_UP	0.3396177406862049			
IPA_CTNNB1_UP	0.33957934600131756			
ULE_SPLICING_VIA_NOVA2	0.3395615475190239			
GO_CELL_PART_MORPHOGENESIS	0.33955253438956734			
BILD_MYC_ONCOGENIC_SIGNATURE	0.3395099120790225			
GO_SKIN_DEVELOPMENT	0.3394793955543402			
GO_NEGATIVE_REGULATION_OF_EXTRINSIC_APOPTOTIC_SIGNALING_PATHWAY	0.33942119687849315			
GSE17721_12H_VS_24H_POLYIC_BMDC_UP	0.33941392011651206			
GSE17186_MEMORY_VS_CD21HIGH_TRANSITIONAL_BCELL_UP	0.3393416213193165			
GO_REGULATION_OF_CARDIAC_MUSCLE_CONTRACTION	0.3393402213345692			
GO_REGULATION_OF_KERATINOCYTE_PROLIFERATION	0.339334474427344			
MACLACHLAN_BRCA1_TARGETS_DN	0.3393342142348668			
ZNF664_TARGET_GENES	0.33928276095421334			
SHETH_LIVER_CANCER_VS_TXNIP_LOSS_PAM3	0.339280332288108			
GO_METANEPHROS_DEVELOPMENT	0.339234739313852			
GO_REGULATION_OF_ENDOCYTOSIS	0.3392135878708827			
GO_MAMMARY_GLAND_ALVEOLUS_DEVELOPMENT	0.3392038927339418			
GO_REGULATION_OF_SUPRAMOLECULAR_FIBER_ORGANIZATION	0.3391816163175323			
HOOI_ST7_TARGETS_DN	0.3391792686037145			
GO_BODY_MORPHOGENESIS	0.33917721325451017			
GROSS_HYPOXIA_VIA_ELK3_DN	0.3391658585793531			
GO_RESPONSE_TO_ESTROGEN	0.3391541694060656			
GO_MATERNAL_PLACENTA_DEVELOPMENT	0.3391460911465404			
REACTOME_RHO_GTPASES_ACTIVATE_CIT	0.33900214330021067			
ALONSO_METASTASIS_NEURAL_UP	0.3389823362348873			
AZARE_NEOPLASTIC_TRANSFORMATION_BY_STAT3_DN	0.3389742587105001			
GO_SYNAPSE_ORGANIZATION	0.338945486030143			
GSE17721_CTRL_VS_PAM3CSK4_12H_BMDC_DN	0.3389236645229822			
CHIBA_RESPONSE_TO_TSA	0.33892090307397604			
GO_PHOSPHOLIPID_BINDING	0.33891870072216707			
KRIEG_KDM3A_TARGETS_NOT_HYPOXIA	0.3389089759147102			
GO_EPIDERMAL_GROWTH_FACTOR_RECEPTOR_BINDING	0.3388851250949921			
GO_REGULATION_OF_ENDOPLASMIC_RETICULUM_STRESS_INDUCED_INTRINSIC_APOPTOTIC_SIGNALING_PATHWAY	0.3388756718500955			
GO_CELLULAR_COPPER_ION_HOMEOSTASIS	0.33885274653745995			
NKX2_3_TARGET_GENES	0.3388522242146497			
GO_CELLULAR_RESPONSE_TO_CHEMICAL_STRESS	0.33884898527268875			
DAVICIONI_PAX_FOXO1_SIGNATURE_IN_ARMS_UP	0.33882010301174115			
REACTOME_CONSTITUTIVE_SIGNALING_BY_LIGAND_RESPONSIVE_EGFR_CANCER_VARIANTS	0.33881957819260755			
GO_TRANSFORMING_GROWTH_FACTOR_BETA2_PRODUCTION	0.3388049395956905			
REACTOME_CONSTITUTIVE_SIGNALING_BY_OVEREXPRESSED_ERBB2	0.3387709412188872			
WOOD_EBV_EBNA1_TARGETS_UP	0.3387308119208894			
GO_REGULATION_OF_IRE1_MEDIATED_UNFOLDED_PROTEIN_RESPONSE	0.3387103727599778			
GO_COPPER_ION_HOMEOSTASIS	0.33868636057123164			
GO_RESPONSE_TO_EPIDERMAL_GROWTH_FACTOR	0.3386840485103914			
HIRSCH_CELLULAR_TRANSFORMATION_SIGNATURE_UP	0.33867998254132115			
DACOSTA_UV_RESPONSE_VIA_ERCC3_TTD_UP	0.3386755041216831			
BROWNE_HCMV_INFECTION_24HR_DN	0.3386324910323724			
GO_REGULATION_OF_PROTEIN_HOMOOLIGOMERIZATION	0.3385552941384964			
IPA_AR_UP	0.33843052043155025			
GO_RE_ENTRY_INTO_MITOTIC_CELL_CYCLE	0.3384154846334514			
GSE2124_CTRL_VS_LYMPHOTOXIN_BETA_TREATED_MLN_DN	0.33835943546846553			
HALLMARK_XENOBIOTIC_METABOLISM	0.3383399357072367			
PID_TRKR_PATHWAY	0.33833825835540976			
REACTOME_EPH_EPHRIN_MEDIATED_REPULSION_OF_CELLS	0.33833695040010997			
GO_PROTEIN_LOCALIZATION_TO_LYSOSOME	0.3383101366281743			
TGACGTCA_ATF3_Q6	0.33830332857903733			
MIR4313	0.33828910766098963			
GO_MUSCLE_CELL_DEVELOPMENT	0.3382867114730483			
REACTOME_EXTRACELLULAR_MATRIX_ORGANIZATION	0.3382427906314885			
GO_ENDOPLASMIC_RETICULUM_SUBCOMPARTMENT	0.33823877458068013			
GO_GANGLION_DEVELOPMENT	0.3382185724973518			
GSE2585_AIRE_KO_VS_WT_CD80_HIGH_MTEC_DN	0.33819382032662354			
GO_EXOGENOUS_PROTEIN_BINDING	0.33818253317168917			
GO_EARLY_ENDOSOME_MEMBRANE	0.33816994650205884			
GO_MITOTIC_CYTOKINESIS	0.33815951962952856			
GSE22886_NAIVE_TCELL_VS_DC_DN	0.33815051730357815			
KOKKINAKIS_METHIONINE_DEPRIVATION_96HR_DN	0.3380593079733537			
REACTOME_A_TETRASACCHARIDE_LINKER_SEQUENCE_IS_REQUIRED_FOR_GAG_SYNTHESIS	0.338044645126322			
GO_POSITIVE_REGULATION_OF_WOUND_HEALING	0.33800283885598564			
LIM_MAMMARY_LUMINAL_MATURE_UP	0.3379989188542066			
TIAN_TNF_SIGNALING_VIA_NFKB	0.3379519592998381			
ZHOU_TNF_SIGNALING_30MIN	0.33786951604328835			
GO_REGULATION_OF_VASCULAR_SMOOTH_MUSCLE_CELL_DEDIFFERENTIATION	0.33786078352863586			
GO_POSITIVE_REGULATION_OF_PHENOTYPIC_SWITCHING	0.33786078352863586			
AMIT_EGF_RESPONSE_240_MCF10A	0.3378409283241772			
GO_POSITIVE_REGULATION_OF_LOCOMOTION	0.3377907975687334			
GO_CELL_MORPHOGENESIS_INVOLVED_IN_DIFFERENTIATION	0.33777784650260817			
GSE339_EX_VIVO_VS_IN_CULTURE_CD4CD8DN_DC_DN	0.3377592142356111			
ELVIDGE_HIF1A_AND_HIF2A_TARGETS_DN	0.33770203767964374			
GO_EPIDERMIS_DEVELOPMENT	0.33766106911711113			
LAMB_CCND1_TARGETS	0.33763706997190596			
RB_P107_DN.V1_DN	0.337627058498757			
GO_ENDOCYTIC_RECYCLING	0.3376050853071334			
GSE22886_DAY0_VS_DAY1_MONOCYTE_IN_CULTURE_DN	0.3375755983208625			
GO_ACTIN_BINDING	0.33749658026961465			
GO_CYTOPLASMIC_MICROTUBULE	0.33748482246942324			
BIOCARTA_PTEN_PATHWAY	0.3374828414481502			
DOANE_BREAST_CANCER_ESR1_UP	0.3374795951873207			
GO_EPITHELIAL_CELL_APOPTOTIC_PROCESS	0.33740279591999317			
GO_DIOL_METABOLIC_PROCESS	0.3373838560225317			
LOPEZ_MESOTHELIOMA_SURVIVAL_OVERALL_DN	0.33737666697419133			
GSE24671_CTRL_VS_BAKIMULC_INFECTED_MOUSE_SPLENOCYTES_DN	0.3373524345956245			
GAVIN_FOXP3_TARGETS_CLUSTER_P7	0.3373181745875356			
WANG_THOC1_TARGETS_UP	0.33729109514220135			
WANG_HCP_PROSTATE_CANCER	0.33728604108585314			
MIR142_3P	0.3372785268197861			
HUPER_BREAST_BASAL_VS_LUMINAL_UP	0.3372665798982542			
GO_NEGATIVE_REGULATION_OF_PROTEIN_KINASE_B_SIGNALING	0.3371329966508759			
SCHAEFFER_PROSTATE_DEVELOPMENT_12HR_UP	0.33713191667346676			
YAO_HOXA10_TARGETS_VIA_PROGESTERONE_DN	0.3371261408101146			
YIH_RESPONSE_TO_ARSENITE_C4	0.3371082349588426			
GO_REGULATION_OF_VOLTAGE_GATED_POTASSIUM_CHANNEL_ACTIVITY_INVOLVED_IN_VENTRICULAR_CARDIAC_MUSCLE_CELL_ACTION_POTENTIAL_REPOLARIZATION	0.3370609795543247			
GO_STRIATED_MUSCLE_CELL_DIFFERENTIATION	0.33704241356753795			
JI_METASTASIS_REPRESSED_BY_STK11	0.33703863878939744			
NABA_BASEMENT_MEMBRANES	0.33702920996622715			
GO_NEGATIVE_REGULATION_OF_MESENCHYMAL_CELL_PROLIFERATION	0.33691924855229693			
ZWANG_EGF_INTERVAL_DN	0.3369041186746299			
IGARASHI_ATF4_TARGETS_DN	0.33689194075672296			
GSE17721_CTRL_VS_CPG_2H_BMDC_DN	0.3368891944757801			
GO_COLLAGEN_CONTAINING_EXTRACELLULAR_MATRIX	0.33688304867906504			
GO_REGULATION_OF_HORMONE_METABOLIC_PROCESS	0.3368558984450321			
SCHMAHL_PDGF_SIGNALING	0.3368383749256498			
E2F1_UP.V1_DN	0.33682779588953626			
MARTINEZ_TP53_TARGETS_DN	0.33682724470466924			
GSE3982_MAC_VS_NEUTROPHIL_UP	0.3368174531288254			
GO_CELLULAR_MACROMOLECULE_LOCALIZATION	0.33681572870383836			
LANDIS_ERBB2_BREAST_TUMORS_65_DN	0.3367956046222616			
GO_NEGATIVE_REGULATION_OF_RESPONSE_TO_WOUNDING	0.33678031502571754			
STOSSI_RESPONSE_TO_ESTRADIOL	0.3367376511265785			
GSE23321_CENTRAL_VS_EFFECTOR_MEMORY_CD8_TCELL_UP	0.33671251824414955			
GSE19198_CTRL_VS_IL21_TREATED_TCELL_1H_DN	0.33668619766834035			
GO_ER_NUCLEUS_SIGNALING_PATHWAY	0.33668399761116863			
GO_UBIQUITIN_DEPENDENT_ERAD_PATHWAY	0.3366742023947903			
AMIT_EGF_RESPONSE_40_MCF10A	0.3366088535177193			
GO_UBIQUITIN_LIKE_PROTEIN_LIGASE_BINDING	0.3365750784699921			
GO_CILIARY_ROOTLET	0.3365386044264191			
ZHANG_BREAST_CANCER_PROGENITORS_DN	0.3365042311583773			
GO_ENDOCHONDRAL_BONE_MORPHOGENESIS	0.3364990630635707			
GO_REGULATION_OF_CELLULAR_COMPONENT_BIOGENESIS	0.3364727446740407			
GO_REGULATION_OF_PEPTIDASE_ACTIVITY	0.3364700556103311			
TTGCWCAAY_CEBPB_02	0.33643363584271485			
GSE22103_LPS_VS_GMCSF_AND_IFNG_STIM_NEUTROPHIL_DN	0.33634432218617083			
GO_METANEPHRIC_GLOMERULUS_DEVELOPMENT	0.33634394887545604			
GSE3982_MAST_CELL_VS_DC_DN	0.33631343092336596			
GO_NEGATIVE_REGULATION_OF_EPITHELIAL_CELL_DIFFERENTIATION	0.336300740870405			
GO_FLAVIN_CONTAINING_COMPOUND_METABOLIC_PROCESS	0.3362920170917009			
GO_ESTABLISHMENT_OF_CENTROSOME_LOCALIZATION	0.3362903513307359			
GO_ENDOPLASMIC_RETICULUM_GOLGI_INTERMEDIATE_COMPARTMENT	0.33626954284909033			
GSE6269_FLU_VS_STAPH_AUREUS_INF_PBMC_DN	0.3362500197308607			
GO_CIRCULATORY_SYSTEM_DEVELOPMENT	0.3362479590349905			
NAM_FXYD5_TARGETS_DN	0.33622576958559586			
DELACROIX_RAR_TARGETS_UP	0.3361962100189987			
GO_ESTABLISHMENT_OR_MAINTENANCE_OF_CELL_POLARITY	0.3361918643866641			
GSE32533_WT_VS_MIR17_KO_ACT_CD4_TCELL_UP	0.33615281585082973			
KEGG_FOCAL_ADHESION	0.3361428609354873			
BERENJENO_TRANSFORMED_BY_RHOA_FOREVER_DN	0.33608678536900194			
GSE22886_NAIVE_CD8_TCELL_VS_MONOCYTE_DN	0.3360689157226681			
MIR500B_3P	0.33603968873416046			
PID_ERBB2_ERBB3_PATHWAY	0.33600134863597825			
BMI1_DN_MEL18_DN.V1_UP	0.33594444033456156			
GO_COATED_VESICLE	0.33592396178213546			
TGCACTT_MIR519C_MIR519B_MIR519A	0.3359150602258727			
GO_EMBRYONIC_ORGAN_DEVELOPMENT	0.3358951626707304			
GO_PERIPHERAL_NERVOUS_SYSTEM_DEVELOPMENT	0.33587915069523894			
VERRECCHIA_RESPONSE_TO_TGFB1_C4	0.3358788393540573			
KIM_PTEN_TARGETS_UP	0.3358709677739404			
SENESE_HDAC1_TARGETS_UP	0.33585003767637583			
HAND1_TARGET_GENES	0.33580188556742074			
GO_ENDOPEPTIDASE_REGULATOR_ACTIVITY	0.33575080168963833			
JACKSON_DNMT1_TARGETS_UP	0.33572145066602593			
REACTOME_ECM_PROTEOGLYCANS	0.3357153863808539			
YAO_TEMPORAL_RESPONSE_TO_PROGESTERONE_CLUSTER_9	0.33567984721403066			
GO_SKIN_MORPHOGENESIS	0.3356757630740572			
YANG_BREAST_CANCER_ESR1_BULK_UP	0.3356634057250625			
GO_REGULATION_OF_SPROUTING_ANGIOGENESIS	0.33565729152296925			
GO_GAMMA_CATENIN_BINDING	0.3356389879967716			
GSE42021_CD24HI_TREG_VS_CD24HI_TCONV_THYMUS_DN	0.3356188919619695			
ZNF579_TARGET_GENES	0.3355893068018966			
WESTON_VEGFA_TARGETS_6HR	0.33558028440480014			
GO_CARTILAGE_DEVELOPMENT_INVOLVED_IN_ENDOCHONDRAL_BONE_MORPHOGENESIS	0.33554427178112906			
REACTOME_TRANSPORT_OF_NUCLEOTIDE_SUGARS	0.3355442156388345			
COLIN_PILOCYTIC_ASTROCYTOMA_VS_GLIOBLASTOMA_DN	0.33549977409137577			
GSE43955_10H_VS_60H_ACT_CD4_TCELL_WITH_TGFB_IL6_DN	0.33541047101407523			
IPA_MSLN_UP	0.33538662859666224			
REACTOME_PEXOPHAGY	0.3353764255900213			
REACTOME_DISEASES_OF_METABOLISM	0.3353479912924672			
GO_PROTEIN_LOCALIZATION_TO_BASOLATERAL_PLASMA_MEMBRANE	0.3353277378655554			
LANDIS_ERBB2_BREAST_TUMORS_324_DN	0.33531307176196185			
KIM_RESPONSE_TO_TSA_AND_DECITABINE_UP	0.335278778330235			
PID_AVB3_OPN_PATHWAY	0.3352640435301802			
GO_INNER_EAR_RECEPTOR_CELL_DEVELOPMENT	0.3352613417200066			
PID_INTEGRIN3_PATHWAY	0.33525588188747424			
TOMLINS_METASTASIS_DN	0.3352412969041849			
PID_INTEGRIN1_PATHWAY	0.33519280486613207			
GO_SERTOLI_CELL_DEVELOPMENT	0.3351771115832011			
GSE5589_LPS_VS_LPS_AND_IL6_STIM_IL6_KO_MACROPHAGE_45MIN_UP	0.33517488215143254			
GO_NEGATIVE_REGULATION_OF_EPITHELIAL_CELL_MIGRATION	0.3351685905847768			
GO_PROGESTERONE_RECEPTOR_SIGNALING_PATHWAY	0.3351601750790936			
GO_NEGATIVE_REGULATION_OF_HIPPO_SIGNALING	0.3351475201251707			
GO_POSITIVE_REGULATION_OF_HORMONE_BIOSYNTHETIC_PROCESS	0.3351306638002582			
GO_NEGATIVE_REGULATION_OF_INTRACELLULAR_SIGNAL_TRANSDUCTION	0.33510703946748505			
GO_REGULATION_OF_CYTOSKELETON_ORGANIZATION	0.3350988867533652			
GO_MODULATION_OF_MOLECULAR_FUNCTION_IN_OTHER_ORGANISM	0.3350980980920659			
GSE3203_INFLUENZA_INF_VS_IFNB_TREATED_LN_BCELL_UP	0.3350725843277677			
NR1H4_TARGET_GENES	0.33503645759470657			
GO_RESPONSE_TO_GROWTH_FACTOR	0.3350302104398594			
SAGIV_CD24_TARGETS_DN	0.3349968807460976			
GO_CORTICAL_ENDOPLASMIC_RETICULUM	0.33490523060542066			
BOYLAN_MULTIPLE_MYELOMA_PCA3_UP	0.33490470289586066			
REACTOME_METABOLISM_OF_VITAMINS_AND_COFACTORS	0.3349030018647436			
GSE15659_NAIVE_VS_PTPRC_NEG_CD4_TCELL_DN	0.33486727020498724			
GO_POSITIVE_REGULATION_OF_SMOOTHENED_SIGNALING_PATHWAY	0.3348520091384297			
IPA_PSAP_DN	0.33483269259580783			
GSE9988_LPS_VS_LPS_AND_ANTI_TREM1_MONOCYTE_DN	0.33480253857860365			
KOKKINAKIS_METHIONINE_DEPRIVATION_48HR_UP	0.3347663517179919			
GSE13485_PRE_VS_POST_YF17D_VACCINATION_PBMC_UP	0.334763212143007			
GO_REGULATION_OF_CELL_PROJECTION_ORGANIZATION	0.3347457717819196			
MIR6732_3P	0.3347426438978128			
GO_HEART_DEVELOPMENT	0.3347277903723474			
CUI_GLUCOSE_DEPRIVATION	0.33472499049018806			
SMITH_TERT_TARGETS_UP	0.3346952765314102			
LI_CISPLATIN_RESISTANCE_DN	0.3346480613753967			
MIR6843_3P	0.33462438503986014			
REACTOME_EGR2_AND_SOX10_MEDIATED_INITIATION_OF_SCHWANN_CELL_MYELINATION	0.3345773959350713			
STANHILL_HRAS_TRANSFROMATION_UP	0.33456498907409404			
GSE42021_TREG_PLN_VS_CD24INT_TREG_THYMUS_UP	0.33454282720082207			
GO_REGULATION_OF_CELL_MORPHOGENESIS_INVOLVED_IN_DIFFERENTIATION	0.33452862305461595			
GO_PLASMA_MEMBRANE_ORGANIZATION	0.3344651707135296			
BASAKI_YBX1_TARGETS_DN	0.3344184683220215			
GO_REGULATION_OF_MELANIN_BIOSYNTHETIC_PROCESS	0.334407154399144			
GO_POSITIVE_REGULATION_OF_STEM_CELL_DIFFERENTIATION	0.33440414326176043			
LIM_MAMMARY_STEM_CELL_DN	0.3343846094326401			
GSE36888_STAT5_AB_KNOCKIN_VS_WT_TCELL_IL2_TREATED_2H_DN	0.33433292630711164			
GO_NEGATIVE_REGULATION_OF_INTRINSIC_APOPTOTIC_SIGNALING_PATHWAY	0.3343319031824965			
SESTO_RESPONSE_TO_UV_C5	0.3343099897059876			
GSE17721_CTRL_VS_LPS_6H_BMDC_DN	0.3342928115077103			
PRAMOONJAGO_SOX4_TARGETS_UP	0.33429216534906175			
GO_EXTRACELLULAR_MATRIX_ASSEMBLY	0.33428026594672916			
GO_KERATINOCYTE_DIFFERENTIATION	0.3342675454387277			
LU_EZH2_TARGETS_DN	0.33425331056095503			
SPIRA_SMOKERS_LUNG_CANCER_UP	0.3342461533517266			
REACTOME_FIBRONECTIN_MATRIX_FORMATION	0.3342442116051804			
LOPEZ_MESOTHELIOMA_SURVIVAL_WORST_VS_BEST_UP	0.3342408342928979			
GO_PROTEASE_BINDING	0.3341983395534823			
GSE2706_UNSTIM_VS_8H_LPS_AND_R848_DC_DN	0.33414291980910416			
GSE7459_UNTREATED_VS_IL6_TREATED_ACT_CD4_TCELL_DN	0.33406789461204084			
GO_GROWTH_FACTOR_RECEPTOR_BINDING	0.33402341841147026			
REACTOME_SIGNALING_BY_NTRK2_TRKB	0.3340131771812512			
GO_REGULATION_OF_NEUROTRANSMITTER_RECEPTOR_LOCALIZATION_TO_POSTSYNAPTIC_SPECIALIZATION_MEMBRANE	0.33399628323268943			
EGFR_TARGET_GENES	0.3339944865562041			
GO_REGULATION_OF_TRANSFORMING_GROWTH_FACTOR_BETA_ACTIVATION	0.33398215829190725			
ZWANG_CLASS_2_TRANSIENTLY_INDUCED_BY_EGF	0.3339575279748686			
GSE36888_UNTREATED_VS_IL2_TREATED_STAT5_AB_KNOCKIN_TCELL_2H_UP	0.3339447535221173			
GO_NEGATIVE_REGULATION_OF_ENDOPLASMIC_RETICULUM_STRESS_INDUCED_INTRINSIC_APOPTOTIC_SIGNALING_PATHWAY	0.33392573004192544			
MIR1178_3P	0.3339191503956671			
GO_INSULIN_RESPONSIVE_COMPARTMENT	0.3339163278252889			
GO_MEMBRANE_RAFT_ORGANIZATION	0.3339059290142752			
GO_NEGATIVE_REGULATION_OF_RHO_PROTEIN_SIGNAL_TRANSDUCTION	0.33385626298711496			
GO_EPITHELIAL_TO_MESENCHYMAL_TRANSITION	0.33384883859944736			
MATTHEWS_SKIN_CARCINOGENESIS_VIA_JUN	0.33380449282795166			
CREIGHTON_AKT1_SIGNALING_VIA_MTOR_UP	0.3336983135527375			
GO_REGULATION_OF_CELLULAR_RESPONSE_TO_STRESS	0.3336966451718746			
GO_POSITIVE_REGULATION_OF_APOPTOTIC_SIGNALING_PATHWAY	0.3336824009460098			
GO_GLAND_MORPHOGENESIS	0.3336301755589373			
GSE25123_IL4_VS_IL4_AND_ROSIGLITAZONE_STIM_MACROPHAGE_DAY10_UP	0.33362955905658603			
GSE22886_IL2_VS_IL15_STIM_NKCELL_UP	0.3335725780229265			
REACTOME_VEGFR2_MEDIATED_VASCULAR_PERMEABILITY	0.333555162689181			
RORIE_TARGETS_OF_EWSR1_FLI1_FUSION_UP	0.3335503652439628			
GO_REGULATION_OF_PROTEIN_BINDING	0.33348375435314315			
KIM_WT1_TARGETS_8HR_UP	0.33347399679354206			
GO_ER_OVERLOAD_RESPONSE	0.3334715922413587			
GO_PHOSPHATIDYLINOSITOL_4_5_BISPHOSPHATE_BINDING	0.3334603743455871			
GO_REGULATION_OF_INTRINSIC_APOPTOTIC_SIGNALING_PATHWAY	0.3334529006340963			
MIR6773_5P	0.33344234008031265			
GSE26488_CTRL_VS_PEPTIDE_INJECTION_HDAC7_DELTAP_TG_OT2_THYMOCYTE_UP	0.3334036208726392			
GSE22886_NAIVE_TCELL_VS_MONOCYTE_DN	0.33339440337686843			
VART_KSHV_INFECTION_ANGIOGENIC_MARKERS_DN	0.3333931118044449			
GO_KIDNEY_EPITHELIUM_DEVELOPMENT	0.3333398263120933			
GO_EMBRYONIC_HEART_TUBE_DEVELOPMENT	0.33330225327433183			
GO_REGULATION_OF_NEURON_DIFFERENTIATION	0.3332945762099903			
NABA_MATRISOME	0.3332814623039982			
MIYAGAWA_TARGETS_OF_EWSR1_ETS_FUSIONS_DN	0.3332701845081622			
GO_POSITIVE_REGULATION_OF_VIRAL_RELEASE_FROM_HOST_CELL	0.33326916307484067			
GO_CARDIAC_CHAMBER_MORPHOGENESIS	0.33323830508539476			
IPA_TP63_UP	0.3332083192765195			
GYORFFY_DOXORUBICIN_RESISTANCE	0.33317288988717314			
GO_EXOCRINE_SYSTEM_DEVELOPMENT	0.33311998862245046			
KARLSSON_TGFB1_TARGETS_DN	0.33310742256403864			
AZARE_STAT3_TARGETS	0.3330784276443201			
IPA_FOSL1_UP	0.33307500606620005			
GSE42088_UNINF_VS_LEISHMANIA_INF_DC_8H_UP	0.33304486514130793			
GO_EMBRYO_DEVELOPMENT	0.3330440380584875			
GSE2770_IL4_ACT_VS_ACT_CD4_TCELL_6H_DN	0.33301541949845637			
NAKAMURA_ADIPOGENESIS_EARLY_DN	0.33301418352174333			
GO_REGULATION_OF_ENDOPLASMIC_RETICULUM_UNFOLDED_PROTEIN_RESPONSE	0.3329968500411961			
GO_NEURAL_CREST_CELL_MIGRATION	0.33299577265614355			
ZNF134_TARGET_GENES	0.3329479413546739			
GO_BETA_CATENIN_BINDING	0.332920027517774			
SAMOLS_TARGETS_OF_KHSV_MIRNAS_DN	0.33291315954079526			
ERBB2_UP.V1_DN	0.3328992604445321			
GO_HEART_MORPHOGENESIS	0.3328753446093832			
GO_REGULATION_OF_KIDNEY_DEVELOPMENT	0.3328340456504376			
REACTOME_DOWNREGULATION_OF_ERBB2_ERBB3_SIGNALING	0.33283099349196776			
INGA_TP53_TARGETS	0.3328297574687524			
YAO_TEMPORAL_RESPONSE_TO_PROGESTERONE_CLUSTER_1	0.33282747617174036			
GO_RENAL_ABSORPTION	0.332787826969309			
BOUDOUKHA_BOUND_BY_IGF2BP2	0.33278145204595716			
VANTVEER_BREAST_CANCER_ESR1_UP	0.33276756193011836			
GSE7596_AKT_TRANSD_VS_CTRL_CD4_TCONV_WITH_TGFB_DN	0.3327180078436601			
GSE24634_TEFF_VS_TCONV_DAY10_IN_CULTURE_DN	0.3327117026173348			
CAFFAREL_RESPONSE_TO_THC_24HR_3_DN	0.3326915019453395			
GO_SKELETAL_SYSTEM_MORPHOGENESIS	0.3326732135482773			
DANG_REGULATED_BY_MYC_DN	0.3326137105748503			
GO_REGULATION_OF_CHONDROCYTE_DIFFERENTIATION	0.3326104753466213			
SYNCRIP_TARGET_GENES	0.33259874503442205			
GSE3982_EOSINOPHIL_VS_MAC_DN	0.33251316415423154			
GO_NEUROGENESIS	0.33245742911549864			
GSE36888_STAT5_AB_KNOCKIN_VS_WT_TCELL_IL2_TREATED_17H_DN	0.33245302452061654			
REACTOME_DEGRADATION_OF_THE_EXTRACELLULAR_MATRIX	0.3324485974894745			
NABA_MATRISOME_ASSOCIATED	0.3324413947876265			
GSE17721_CTRL_VS_LPS_1H_BMDC_DN	0.33243583649056635			
GO_POSITIVE_REGULATION_OF_ER_ASSOCIATED_UBIQUITIN_DEPENDENT_PROTEIN_CATABOLIC_PROCESS	0.3324329290403679			
CDPCR3_01	0.332432142569918			
GO_EARLY_ENDOSOME	0.3324249369285609			
IPA_ESR1_UP	0.33241720809947756			
GSE5589_IL6_KO_VS_IL10_KO_LPS_AND_IL6_STIM_MACROPHAGE_45MIN_DN	0.3324115760103133			
GO_NEPHRON_MORPHOGENESIS	0.33240149014762593			
CHANDRAN_METASTASIS_DN	0.3323443570374639			
MARCHINI_TRABECTEDIN_RESISTANCE_DN	0.3323259210274951			
BOYAULT_LIVER_CANCER_SUBCLASS_G56_DN	0.33231092994500305			
GSE37416_CTRL_VS_3H_F_TULARENSIS_LVS_NEUTROPHIL_DN	0.33229881112057685			
GO_BIOLOGICAL_ADHESION	0.3322820412108476			
NAKAMURA_TUMOR_ZONE_PERIPHERAL_VS_CENTRAL_UP	0.33225560598485143			
REACTOME_HS_GAG_DEGRADATION	0.3321986479769358			
GO_CELLULAR_PIGMENTATION	0.33219155138527484			
GO_HEAT_ACCLIMATION	0.332184402719501			
GO_MAMMARY_GLAND_EPITHELIAL_CELL_PROLIFERATION	0.33213958563388113			
MIR5687	0.3321244990337309			
GO_REGULATION_OF_PROTEIN_CATABOLIC_PROCESS	0.3321224810508184			
LEIN_CHOROID_PLEXUS_MARKERS	0.3321163930500861			
GO_POSITIVE_REGULATION_OF_CELL_MIGRATION_INVOLVED_IN_SPROUTING_ANGIOGENESIS	0.3320881794886534			
REACTOME_GAB1_SIGNALOSOME	0.3320794690633827			
GO_EPITHELIAL_CELL_MORPHOGENESIS	0.3320682980136621			
MASSARWEH_RESPONSE_TO_ESTRADIOL	0.3320574397748676			
GO_ESTABLISHMENT_OR_MAINTENANCE_OF_ACTIN_CYTOSKELETON_POLARITY	0.3320568234312472			
MARTORIATI_MDM4_TARGETS_NEUROEPITHELIUM_UP	0.33202740057577096			
GO_LIPID_BINDING	0.33201927843797197			
GO_POSITIVE_REGULATION_OF_EMBRYONIC_DEVELOPMENT	0.33201656016842196			
GO_CAVEOLIN_MEDIATED_ENDOCYTOSIS	0.3319987294672773			
GO_KERATINOCYTE_PROLIFERATION	0.33199207420063415			
GO_POSITIVE_REGULATION_OF_HORMONE_METABOLIC_PROCESS	0.33195141282337226			
GSE22611_NOD2_TRANSD_VS_CTRL_TRANSD_HEK293_MDP_STIM_6H_DN	0.3319401994060626			
GSE1432_CTRL_VS_IFNG_24H_MICROGLIA_UP	0.3319394905028511			
GO_SPROUTING_ANGIOGENESIS	0.3319083892925129			
GO_PHOSPHOLIPASE_INHIBITOR_ACTIVITY	0.3318494783742529			
GO_MESONEPHRIC_TUBULE_MORPHOGENESIS	0.33184055280746966			
ZHU_CMV_8_HR_DN	0.3318370830025513			
GO_MUSCLE_CELL_MIGRATION	0.3318293831174547			
MIR6848_3P	0.3318208341142121			
GO_PEPTIDASE_REGULATOR_ACTIVITY	0.3317944405003947			
VALK_AML_CLUSTER_7	0.33177165235778683			
GSE15330_LYMPHOID_MULTIPOTENT_VS_GRANULOCYTE_MONOCYTE_PROGENITOR_IKAROS_KO_DN	0.3317186993612297			
REACTOME_TRANSCRIPTIONAL_REGULATION_BY_RUNX3	0.33168695666640036			
E12_Q6	0.3316852953601805			
GO_BRANCHING_INVOLVED_IN_SALIVARY_GLAND_MORPHOGENESIS	0.3316826655679376			
GO_NEGATIVE_REGULATION_OF_GUANYL_NUCLEOTIDE_EXCHANGE_FACTOR_ACTIVITY	0.3316707265307436			
GSE6259_FLT3L_INDUCED_DEC205_POS_DC_VS_BCELL_UP	0.3316369046576863			
GSE5589_LPS_VS_LPS_AND_IL10_STIM_IL10_KO_MACROPHAGE_45MIN_UP	0.33161484914793227			
LEE_NEURAL_CREST_STEM_CELL_DN	0.33161034578450144			
HEIDENBLAD_AMPLIFIED_IN_PANCREATIC_CANCER	0.3316007795259045			
GO_MUSCLE_TISSUE_DEVELOPMENT	0.331530333345728			
GO_APICAL_PROTEIN_LOCALIZATION	0.3315170450059107			
AMIT_EGF_RESPONSE_480_MCF10A	0.3314698566480601			
DACOSTA_ERCC3_ALLELE_XPCS_VS_TTD_UP	0.3314611250856692			
GSE2770_UNTREATED_VS_IL12_TREATED_ACT_CD4_TCELL_6H_DN	0.3314451846169811			
VANTVEER_BREAST_CANCER_ESR1_DN	0.331430528897516			
GSE46606_IRF4_KO_VS_WT_CD40L_IL2_IL5_3DAY_STIMULATED_BCELL_UP	0.3314019815064399			
GO_RESPONSE_TO_BMP	0.3313829286488621			
GO_ESTABLISHMENT_OF_CELL_POLARITY	0.3313704373609107			
GO_T_TUBULE_ORGANIZATION	0.33134897376991007			
LANDIS_BREAST_CANCER_PROGRESSION_DN	0.33133043201416423			
MURAKAMI_UV_RESPONSE_1HR_UP	0.33131449140344915			
GO_ENTRY_INTO_HOST	0.33127971592527367			
ABRAHAM_ALPC_VS_MULTIPLE_MYELOMA_UP	0.3312335215008528			
MASSARWEH_TAMOXIFEN_RESISTANCE_DN	0.33123234020653947			
GROSS_ELK3_TARGETS_UP	0.33122766672195086			
GSE9601_NFKB_INHIBITOR_VS_PI3K_INHIBITOR_TREATED_HCMV_INF_MONOCYTE_DN	0.33114999050771826			
GO_ACTIN_FILAMENT_BASED_MOVEMENT	0.33114681348634034			
MAPK3_TARGET_GENES	0.3311216312477025			
BIOCARTA_EEA1_PATHWAY	0.33108417841774823			
LINDVALL_IMMORTALIZED_BY_TERT_DN	0.3310533737739865			
REACTOME_HEPARAN_SULFATE_HEPARIN_HS_GAG_METABOLISM	0.33104771114829135			
GSE13522_CTRL_VS_T_CRUZI_Y_STRAIN_INF_SKIN_BALBC_MOUSE_UP	0.3310350223776209			
GO_EXTRACELLULAR_VESICLE_BIOGENESIS	0.3309980258790941			
GSE2706_2H_VS_8H_R848_AND_LPS_STIM_DC_DN	0.33096557630235995			
KAAB_HEART_ATRIUM_VS_VENTRICLE_UP	0.3309627003663665			
CREBP1CJUN_01	0.33090556087571943			
GRAESSMANN_RESPONSE_TO_MC_AND_SERUM_DEPRIVATION_DN	0.3308462045038382			
GO_MATERNAL_PROCESS_INVOLVED_IN_FEMALE_PREGNANCY	0.3308425734443402			
LAIHO_COLORECTAL_CANCER_SERRATED_UP	0.33083381791449157			
GO_PHOSPHATIDYLINOSITOL_BISPHOSPHATE_BINDING	0.3308263721861205			
KAN_RESPONSE_TO_ARSENIC_TRIOXIDE	0.33080877551529586			
GSE25123_WT_VS_PPARG_KO_MACROPHAGE_IL4_STIM_DN	0.3308006726674511			
ZNF257_TARGET_GENES	0.33078440809569837			
GO_SYNAPTIC_GROWTH_AT_NEUROMUSCULAR_JUNCTION	0.33076218822562425			
IZADPANAH_STEM_CELL_ADIPOSE_VS_BONE_DN	0.3306794379613444			
GSE6269_E_COLI_VS_STAPH_AUREUS_INF_PBMC_DN	0.3306408633885556			
GAJATE_RESPONSE_TO_TRABECTEDIN_UP	0.3306275015600458			
NRF2_Q4	0.33062333974697167			
GARGALOVIC_RESPONSE_TO_OXIDIZED_PHOSPHOLIPIDS_TURQUOISE_UP	0.3306225220654993			
GO_MAMMARY_GLAND_DEVELOPMENT	0.3305873845617623			
GSE15330_WT_VS_IKAROS_KO_GRANULOCYTE_MONOCYTE_PROGENITOR_DN	0.3305568665442743			
MARTINEZ_RESPONSE_TO_TRABECTEDIN_UP	0.33054879076751287			
GO_HOMOPHILIC_CELL_ADHESION_VIA_PLASMA_MEMBRANE_ADHESION_MOLECULES	0.33052874887653577			
GO_CARDIOCYTE_DIFFERENTIATION	0.3305220948272256			
GO_GLOMERULAR_EPITHELIUM_DEVELOPMENT	0.33049882405744946			
GSE9988_ANTI_TREM1_VS_VEHICLE_TREATED_MONOCYTES_UP	0.33046541918092875			
GO_PROTEIN_O_LINKED_MANNOSYLATION	0.33044584371828223			
GO_ADHESION_OF_SYMBIONT_TO_HOST	0.3304207611504048			
GO_MULTIVESICULAR_BODY_SORTING_PATHWAY	0.3304163845778832			
GSE15624_3H_VS_6H_HALOFUGINONE_TREATED_CD4_TCELL_DN	0.33037526910710296			
GO_NAIL_DEVELOPMENT	0.33032491365203137			
GO_DECIDUALIZATION	0.330318649422573			
HWANG_PROSTATE_CANCER_MARKERS	0.33030054686658816			
GSE42021_CD24INT_VS_CD24LOW_TCONV_THYMUS_DN	0.3302443301488872			
REACTOME_ASPARAGINE_N_LINKED_GLYCOSYLATION	0.3302263743579976			
ZHANG_ADIPOGENESIS_BY_BMP7	0.33014102094617437			
GO_REGULATION_OF_NEUROMUSCULAR_JUNCTION_DEVELOPMENT	0.33012599360759143			
GO_EPITHELIAL_TUBE_MORPHOGENESIS	0.33012220006262455			
GO_GLYCOSYLCERAMIDE_BIOSYNTHETIC_PROCESS	0.3300963990066195			
GO_WOUND_HEALING	0.330091380486574			
GO_ENSHEATHMENT_OF_NEURONS	0.33009134179807686			
GSE45365_HEALTHY_VS_MCMV_INFECTION_BCELL_IFNAR_KO_DN	0.33007438408142203			
REACTOME_EPHB_MEDIATED_FORWARD_SIGNALING	0.33005814821522494			
GO_REGULATION_OF_SECONDARY_METABOLIC_PROCESS	0.3300363248910803			
IPA_BACH1_DN	0.32998451203683365			
HFH4_01	0.32997993993037444			
GO_MEMBRANE_LIPID_METABOLIC_PROCESS	0.3299396878933782			
MARTINEZ_RESPONSE_TO_TRABECTEDIN	0.32991404275249747			
SUBTIL_PROGESTIN_TARGETS	0.3298886129101532			
GO_NEGATIVE_REGULATION_OF_CELL_MORPHOGENESIS_INVOLVED_IN_DIFFERENTIATION	0.32988316502540627			
ZHU_CMV_24_HR_DN	0.3298755902249323			
VERRECCHIA_RESPONSE_TO_TGFB1_C1	0.32987382426246825			
GO_EYE_MORPHOGENESIS	0.32983169082719793			
BROWNE_HCMV_INFECTION_20HR_DN	0.32981500502501254			
GO_RESPONSE_TO_WOUNDING	0.32980543487623515			
GSE5589_LPS_VS_LPS_AND_IL10_STIM_MACROPHAGE_180MIN_DN	0.32979904086938083			
GO_APPENDAGE_DEVELOPMENT	0.32977014164147045			
GO_EXTRACELLULAR_MATRIX	0.32974217588926286			
VECCHI_GASTRIC_CANCER_EARLY_UP	0.3297362722496941			
GO_LOW_DENSITY_LIPOPROTEIN_RECEPTOR_PARTICLE_METABOLIC_PROCESS	0.3297086843459852			
BERENJENO_ROCK_SIGNALING_NOT_VIA_RHOA_UP	0.3297057165383102			
CCACACA_MIR147	0.3297041972740772			
GSE9946_MATURE_STIMULATORY_VS_PROSTAGLANDINE2_TREATED_MATURE_DC_DN	0.3297031608651379			
MIR7114_5P	0.3296339473073649			
BURTON_ADIPOGENESIS_2	0.32959135230180253			
GO_CYTOSKELETON_DEPENDENT_CYTOKINESIS	0.3295547214757247			
KOBAYASHI_EGFR_SIGNALING_24HR_UP	0.329549829713381			
GO_REGULATION_OF_COAGULATION	0.3294920885540372			
GO_CELL_CELL_ADHESION_VIA_PLASMA_MEMBRANE_ADHESION_MOLECULES	0.329477862329239			
GSE22025_TGFB1_VS_TGFB1_AND_PROGESTERONE_TREATED_CD4_TCELL_DN	0.3294641884841875			
YANAGIHARA_ESX1_TARGETS	0.32940369653385704			
GO_ENDOPLASMIC_RETICULUM_TUBULAR_NETWORK	0.3292990681448089			
GO_NEGATIVE_REGULATION_OF_PROTEOLYSIS	0.3292802906416116			
MIR7150	0.32922892439532087			
GO_NEGATIVE_REGULATION_OF_EPITHELIAL_CELL_PROLIFERATION	0.3292130116700132			
GSE17186_CD21LOW_VS_CD21HIGH_TRANSITIONAL_BCELL_CORD_BLOOD_UP	0.3292091766768511			
GSE32533_WT_VS_MIR17_OVEREXPRESS_ACT_CD4_TCELL_DN	0.3291845434380716			
GSE1432_1H_VS_24H_IFNG_MICROGLIA_UP	0.32916058190399444			
GO_EPIDERMAL_CELL_DIFFERENTIATION	0.3291416064695562			
GSE19888_CTRL_VS_T_CELL_MEMBRANES_ACT_MAST_CELL_DN	0.3291326807344446			
REACTOME_ARACHIDONATE_PRODUCTION_FROM_DAG	0.32911946005981196			
GSE39820_CTRL_VS_TGFBETA3_IL6_CD4_TCELL_DN	0.3291160735222459			
GO_DEVELOPMENTAL_CELL_GROWTH	0.3290880449771449			
MIR4526	0.32905722553202005			
GO_SIGNAL_COMPLEX_ASSEMBLY	0.3290425770037774			
PSMB5_TARGET_GENES	0.3290175317410533			
GO_MEMBRANE_ORGANIZATION	0.32901490575526027			
VANDESLUIS_COMMD1_TARGETS_GROUP_4_UP	0.32898424269530674			
GSE37301_MULTIPOTENT_PROGENITOR_VS_LYMPHOID_PRIMED_MPP_DN	0.3289834351855194			
BOYLAN_MULTIPLE_MYELOMA_D_CLUSTER_UP	0.32897229811570056			
GO_REGULATION_OF_GLOMERULAR_FILTRATION	0.3289180392643751			
GO_LATE_ENDOSOME	0.3288564858282189			
ESC_J1_UP_EARLY.V1_DN	0.3288001228212934			
GO_REGULATION_OF_EXTRINSIC_APOPTOTIC_SIGNALING_PATHWAY	0.32879035973693865			
GO_EMBRYONIC_PLACENTA_DEVELOPMENT	0.3287713662118148			
GSE17721_CTRL_VS_CPG_1H_BMDC_DN	0.3287706986831531			
GSE22611_MUTANT_NOD2_TRANSDUCED_VS_CTRL_HEK293T_STIMULATED_WITH_MDP_6H_DN	0.32875335087100843			
GO_ENDOSOME_TO_LYSOSOME_TRANSPORT	0.32875202298001943			
REACTOME_REGULATION_OF_INSULIN_LIKE_GROWTH_FACTOR_IGF_TRANSPORT_AND_UPTAKE_BY_INSULIN_LIKE_GROWTH_FACTOR_BINDING_PROTEINS_IGFBPS	0.32874572723868933			
GO_POSITIVE_REGULATION_OF_ENDOCYTOSIS	0.32870739126731446			
GSE3039_ALPHABETA_CD8_TCELL_VS_B1_BCELL_DN	0.32866784733082005			
GO_ACTIN_DEPENDENT_ATPASE_ACTIVITY	0.328665938331982			
BOQUEST_STEM_CELL_CULTURED_VS_FRESH_UP	0.3286473286391672			
GO_MIDBODY_ABSCISSION	0.328637736058783			
GO_REGULATION_OF_AXONOGENESIS	0.3286355376929057			
GSE29949_MICROGLIA_BRAIN_VS_CD8_POS_DC_SPLEEN_UP	0.32863289785845123			
GO_MAMMARY_GLAND_DUCT_MORPHOGENESIS	0.3286217072056874			
DOANE_RESPONSE_TO_ANDROGEN_DN	0.32861161218238855			
GENTILE_UV_LOW_DOSE_DN	0.32860383872740956			
GSE17721_CTRL_VS_LPS_24H_BMDC_DN	0.32859432458523624			
GO_NEGATIVE_REGULATION_OF_CELL_MIGRATION_INVOLVED_IN_SPROUTING_ANGIOGENESIS	0.32859025340949355			
GO_POSITIVE_REGULATION_OF_LONG_TERM_SYNAPTIC_POTENTIATION	0.32856589719715334			
GO_INTERLEUKIN_1_ALPHA_PRODUCTION	0.3285569365905841			
GO_MAMMARY_GLAND_EPITHELIUM_DEVELOPMENT	0.3285486267757027			
GO_RENAL_TUBULE_DEVELOPMENT	0.3285485135568619			
GO_DEVELOPMENTAL_GROWTH	0.3285437273760117			
GRHL1_TARGET_GENES	0.32854180134012034			
GO_REGULATION_OF_EPIDERMIS_DEVELOPMENT	0.32852206007789353			
MIR4772_3P	0.32848817758428045			
GSE42088_UNINF_VS_LEISHMANIA_INF_DC_2H_UP	0.3284227154055859			
IPA_WT1_UP	0.328414711666847			
GO_CENTRAL_NERVOUS_SYSTEM_NEURON_AXONOGENESIS	0.3284090585768023			
PAPASPYRIDONOS_UNSTABLE_ATEROSCLEROTIC_PLAQUE_DN	0.3284024510423572			
GO_INTERMEDIATE_FILAMENT_BINDING	0.32840048907333724			
PID_NCADHERIN_PATHWAY	0.32839987448102487			
GSE30971_CTRL_VS_LPS_STIM_MACROPHAGE_WBP7_HET_2H_UP	0.3283381975752612			
GO_NITRIC_OXIDE_SYNTHASE_REGULATOR_ACTIVITY	0.32832774250291047			
GSE1460_INTRATHYMIC_T_PROGENITOR_VS_NAIVE_CD4_TCELL_CORD_BLOOD_DN	0.32832096253656684			
GO_NEGATIVE_REGULATION_OF_COAGULATION	0.32831375128683915			
GO_DENDRITE_TERMINUS	0.328306840480746			
GSE17974_IL4_AND_ANTI_IL12_VS_UNTREATED_4H_ACT_CD4_TCELL_DN	0.32829463631405115			
GSE3982_MAST_CELL_VS_TH2_UP	0.32829009433852274			
GO_TRANSMEMBRANE_RECEPTOR_PROTEIN_SERINE_THREONINE_KINASE_SIGNALING_PATHWAY	0.3282673685011479			
GO_COMPACT_MYELIN	0.3282579255607035			
GO_NEGATIVE_REGULATION_OF_WOUND_HEALING	0.3282511177222036			
GSE5589_UNSTIM_VS_45MIN_LPS_AND_IL6_STIM_MACROPHAGE_DN	0.3282313105634685			
GO_FACE_DEVELOPMENT	0.328223772065047			
GO_INTESTINAL_EPITHELIAL_CELL_DEVELOPMENT	0.32821114931154605			
SMID_BREAST_CANCER_RELAPSE_IN_BONE_UP	0.32820630021762304			
LIU_PROSTATE_CANCER_DN	0.3281970687767166			
GSE24634_IL4_VS_CTRL_TREATED_NAIVE_CD4_TCELL_DAY7_DN	0.32818015505371106			
REACTOME_ASSEMBLY_OF_COLLAGEN_FIBRILS_AND_OTHER_MULTIMERIC_STRUCTURES	0.32814895716065523			
GO_DENDRITIC_SPINE_MORPHOGENESIS	0.32812712740971767			
GO_NEGATIVE_REGULATION_OF_VASCULAR_PERMEABILITY	0.32812582684727365			
REACTOME_DISSOLUTION_OF_FIBRIN_CLOT	0.3281229481914581			
GSE11961_MEMORY_BCELL_DAY7_VS_MEMORY_BCELL_DAY40_UP	0.3281147447249906			
GO_CALCIUM_DEPENDENT_PROTEIN_BINDING	0.3281032564489567			
MOHANKUMAR_HOXA1_TARGETS_UP	0.32809997266821334			
KERLEY_RESPONSE_TO_CISPLATIN_UP	0.3280997642778494			
GO_ESTABLISHMENT_OF_ENDOTHELIAL_BARRIER	0.32809466947673294			
GSE21033_3H_VS_12H_POLYIC_STIM_DC_DN	0.3280903646307557			
HINATA_NFKB_TARGETS_FIBROBLAST_UP	0.3280689261903945			
BURTON_ADIPOGENESIS_8	0.328066794409692			
GO_DERLIN_1_RETROTRANSLOCATION_COMPLEX	0.3280662477327835			
GO_GLYCOLIPID_TRANSPORT	0.3280565345431049			
GSE7460_FOXP3_MUT_VS_HET_ACT_TCONV_UP	0.3280511167440248			
HINATA_NFKB_TARGETS_KERATINOCYTE_UP	0.3280290724510982			
GSE9988_LOW_LPS_VS_ANTI_TREM1_AND_LPS_MONOCYTE_DN	0.3280122228132394			
MAINA_VHL_TARGETS_DN	0.3278986979096564			
GO_EMBRYONIC_ORGAN_MORPHOGENESIS	0.327883836086227			
GO_KERATINOCYTE_DEVELOPMENT	0.3278496059054542			
IPA_ATF7_UP	0.3277979062728192			
SANA_TNF_SIGNALING_DN	0.32779468054687494			
MIR5088_3P	0.3277521194005698			
GSE24972_MARGINAL_ZONE_BCELL_VS_FOLLICULAR_BCELL_IRF8_KO_DN	0.32774338604597425			
REACTOME_FORMYL_PEPTIDE_RECEPTORS_BIND_FORMYL_PEPTIDES_AND_MANY_OTHER_LIGANDS	0.32774265645344397			
GO_RESPONSE_TO_INDOLE_3_METHANOL	0.32774004469685			
ATF_B	0.3277001721446998			
GO_NEGATIVE_REGULATION_OF_EMBRYONIC_DEVELOPMENT	0.3276879336942218			
GO_MORPHOGENESIS_OF_AN_EPITHELIAL_SHEET	0.32761817517681413			
GO_NEGATIVE_REGULATION_OF_CELL_DEATH	0.32761533866887016			
GO_REGULATION_OF_PERK_MEDIATED_UNFOLDED_PROTEIN_RESPONSE	0.3276106270623595			
GSE20715_0H_VS_48H_OZONE_LUNG_DN	0.3275802601048345			
GO_CELL_MORPHOGENESIS_INVOLVED_IN_NEURON_DIFFERENTIATION	0.3275038148582202			
REACTOME_RAS_SIGNALING_DOWNSTREAM_OF_NF1_LOSS_OF_FUNCTION_VARIANTS	0.32750318616416163			
GO_REGULATION_OF_PINOCYTOSIS	0.3274865738435807			
MIR409_5P	0.3274809941267728			
GO_REGULATION_OF_DENDRITE_DEVELOPMENT	0.32746653195841036			
GO_PHOSPHOLIPID_TRANSPORTER_ACTIVITY	0.3274609852695904			
GSE3982_EFF_MEMORY_CD4_TCELL_VS_TH2_UP	0.32744159069385537			
GO_RESPONSE_TO_STARVATION	0.32744075668535594			
GO_REGULATION_OF_EPIDERMAL_CELL_DIFFERENTIATION	0.32743155461252316			
GRAHAM_CML_QUIESCENT_VS_CML_DIVIDING_UP	0.3274190792630482			
SCHOEN_NFKB_SIGNALING	0.32738874556383935			
GSE15324_ELF4_KO_VS_WT_NAIVE_CD8_TCELL_UP	0.32737962497968415			
IPA_SMAD3_UP	0.3273437995774043			
GO_MALE_SEX_DIFFERENTIATION	0.327331859133048			
MIR4735_3P	0.3272745781172605			
GO_MOVEMENT_IN_ENVIRONMENT_OF_OTHER_ORGANISM_INVOLVED_IN_SYMBIOTIC_INTERACTION	0.3272737145372294			
GO_POST_GOLGI_VESICLE_MEDIATED_TRANSPORT	0.3272625015249158			
GSE12392_CD8A_POS_VS_NEG_SPLEEN_DC_UP	0.3272400002493709			
GSE34392_ST2_KO_VS_WT_DAY8_LCMV_EFFECTOR_CD8_TCELL_DN	0.3272215966949411			
GSE29618_BCELL_VS_MONOCYTE_DN	0.32720884114185916			
GO_SENSORY_ORGAN_DEVELOPMENT	0.32720812976764285			
IPA_SPDEF_DN	0.3271614817989656			
KANG_CISPLATIN_RESISTANCE_DN	0.32713313014485945			
GSE43955_TH0_VS_TGFB_IL6_TH17_ACT_CD4_TCELL_60H_DN	0.3271234688439807			
NABA_SECRETED_FACTORS	0.3271061442499169			
GO_BONE_MORPHOGENESIS	0.3270368980530499			
CAIRO_HEPATOBLASTOMA_CLASSES_DN	0.32699474107140775			
MARTINEZ_RB1_AND_TP53_TARGETS_DN	0.326980188015788			
GO_SEMAPHORIN_RECEPTOR_ACTIVITY	0.32696438102501413			
MARTINEZ_RB1_TARGETS_UP	0.3269527844806462			
BENPORATH_NANOG_TARGETS	0.3269303231616247			
GSE35685_CD34POS_CD38NEG_VS_CD34POS_CD10NEG_CD62LPOS_BONE_MARROW_DN	0.326924650280853			
NUYTTEN_NIPP1_TARGETS_UP	0.3269133073683405			
GO_PHOSPHOLIPASE_A2_INHIBITOR_ACTIVITY	0.3269001675374394			
GSE45739_UNSTIM_VS_ACD3_ACD28_STIM_WT_CD4_TCELL_UP	0.3268943385638488			
PPAR_DR1_Q2	0.326797674904828			
KONDO_EZH2_TARGETS	0.32679530009862373			
REACTOME_TIGHT_JUNCTION_INTERACTIONS	0.32678775218187633			
GO_RENAL_VESICLE_DEVELOPMENT	0.32678556712850626			
GSE15330_HSC_VS_GRANULOCYTE_MONOCYTE_PROGENITOR_IKAROS_KO_UP	0.32677536946605856			
GO_POSITIVE_REGULATION_OF_CELLULAR_COMPONENT_BIOGENESIS	0.32677525075345143			
LEE_LIVER_CANCER_CIPROFIBRATE_UP	0.32674312775248904			
SMARCA1_TARGET_GENES	0.3267419780219277			
PICCALUGA_ANGIOIMMUNOBLASTIC_LYMPHOMA_UP	0.32670640420263775			
GO_GDP_BINDING	0.3267000462604844			
VANTVEER_BREAST_CANCER_BRCA1_DN	0.32669763536434676			
PID_ERBB1_RECEPTOR_PROXIMAL_PATHWAY	0.32663073670790493			
MIR29B_1_5P	0.3266166160130389			
GSE27786_CD8_TCELL_VS_NKCELL_DN	0.3265880320699708			
GO_REGULATION_OF_INCLUSION_BODY_ASSEMBLY	0.3265527067295708			
GSE21360_PRIMARY_VS_QUATERNARY_MEMORY_CD8_TCELL_UP	0.32654362441411405			
MARTINEZ_RB1_TARGETS_DN	0.3265316262366006			
REACTOME_ADHERENS_JUNCTIONS_INTERACTIONS	0.3264880283146709			
KDM5D_TARGET_GENES	0.3264829699274625			
GO_CLEAVAGE_FURROW	0.3264557066889802			
GO_CLEAVAGE_FURROW_FORMATION	0.3264491059239051			
GO_ENDOPLASMIC_RETICULUM_UNFOLDED_PROTEIN_RESPONSE	0.32644182346926504			
MIR4796_3P	0.32639597897298267			
KEGG_PHENYLALANINE_METABOLISM	0.3263957221499928			
GO_REGULATION_OF_PHOSPHOLIPASE_A2_ACTIVITY	0.32636369404624976			
GO_DEVELOPMENTAL_GROWTH_INVOLVED_IN_MORPHOGENESIS	0.32635717382385615			
GO_TRANSFORMING_GROWTH_FACTOR_BETA_ACTIVATION	0.3263526660074115			
STANELLE_E2F1_TARGETS	0.32631562797521135			
REACTOME_INLA_MEDIATED_ENTRY_OF_LISTERIA_MONOCYTOGENES_INTO_HOST_CELLS	0.3263088933283069			
GSE22886_IGG_IGA_MEMORY_BCELL_VS_BM_PLASMA_CELL_DN	0.32622970172433297			
GO_NEGATIVE_REGULATION_OF_SIGNALING_RECEPTOR_ACTIVITY	0.32621415405258386			
GO_TRANSCRIPTION_COFACTOR_BINDING	0.32620920654043517			
IPA_TP73_UP	0.3261826562519266			
MULLIGHAN_MLL_SIGNATURE_1_DN	0.32616539049783444			
TGACCTY_ERR1_Q2	0.3261534078870299			
GO_SPHINGOMYELIN_METABOLIC_PROCESS	0.3261299016908203			
ZNF837_TARGET_GENES	0.326096050162205			
GO_SALIVARY_GLAND_DEVELOPMENT	0.32606448066303384			
GSE37533_PPARG2_FOXP3_VS_FOXP3_TRANSDUCED_CD4_TCELL_PIOGLITAZONE_TREATED_UP	0.32605274695356234			
MENSE_HYPOXIA_UP	0.3260165208773919			
GERY_CEBP_TARGETS	0.32601445788914535			
GSE9946_IMMATURE_VS_MATURE_STIMULATORY_DC_DN	0.3260106192115765			
GO_TRANSPORT_VESICLE	0.32599595322501007			
GO_ESTABLISHMENT_OF_BLOOD_BRAIN_BARRIER	0.32598940944345917			
GSE360_CTRL_VS_B_MALAYI_LOW_DOSE_DC_UP	0.3259604860574156			
KIM_MYCN_AMPLIFICATION_TARGETS_DN	0.325950300539636			
GSE11961_MARGINAL_ZONE_BCELL_VS_MEMORY_BCELL_DAY7_DN	0.3258924658336173			
GO_DICHOTOMOUS_SUBDIVISION_OF_AN_EPITHELIAL_TERMINAL_UNIT	0.3258866277626701			
HALLMARK_MITOTIC_SPINDLE	0.3258813318417021			
VALK_AML_CLUSTER_8	0.3258440437064105			
IPA_CDK1_UP	0.32582363222006555			
TOMLINS_PROSTATE_CANCER_DN	0.325806503900874			
GO_POSITIVE_REGULATION_OF_CELL_DEATH	0.3257846917645908			
GO_REGULATION_OF_PROTEIN_AUTOPHOSPHORYLATION	0.32576225835415995			
ZHONG_RESPONSE_TO_AZACITIDINE_AND_TSA_UP	0.32575558285337325			
GO_SENSORY_PERCEPTION_OF_UMAMI_TASTE	0.32572603863775107			
TONKS_TARGETS_OF_RUNX1_RUNX1T1_FUSION_SUSTAINED_IN_GRANULOCYTE_UP	0.32571440587054157			
GSE17721_CPG_VS_GARDIQUIMOD_8H_BMDC_DN	0.3257136568273165			
GO_CORNIFICATION	0.3257036940425871			
GSE34156_TLR1_TLR2_LIGAND_VS_NOD2_AND_TLR1_TLR2_LIGAND_24H_TREATED_MONOCYTE_DN	0.325689647531595			
GO_INNER_EAR_RECEPTOR_CELL_STEREOCILIUM_ORGANIZATION	0.32566992023927005			
GRAHAM_NORMAL_QUIESCENT_VS_NORMAL_DIVIDING_UP	0.32561575431949363			
RFX1_01	0.32558350970475936			
GO_ACTIVATION_OF_PHOSPHOLIPASE_D_ACTIVITY	0.32555648439105334			
INAMURA_LUNG_CANCER_SCC_DN	0.32555270318756774			
GO_POSITIVE_REGULATION_OF_PROTEIN_CATABOLIC_PROCESS	0.3255082414019756			
AACTGGA_MIR145	0.3255078695504844			
CHIARADONNA_NEOPLASTIC_TRANSFORMATION_KRAS_CDC25_DN	0.3254970758285348			
VERRECCHIA_EARLY_RESPONSE_TO_TGFB1	0.3254475161065407			
GO_HEAD_DEVELOPMENT	0.3254345278265206			
MIR18A_5P_MIR18B_5P	0.32542562946181236			
UBN1_TARGET_GENES	0.32542180108202956			
GO_RESPONSE_TO_KETONE	0.3254084277693532			
GO_POSITIVE_REGULATION_OF_RESPONSE_TO_WOUNDING	0.3253818850138187			
BREUHAHN_GROWTH_FACTOR_SIGNALING_IN_LIVER_CANCER	0.3253691601571843			
GO_ACTIN_FILAMENT_BINDING	0.3253614067285219			
CORDENONSI_YAP_CONSERVED_SIGNATURE	0.3253469014850293			
GO_ORGANELLE_SUBCOMPARTMENT	0.3253400354161564			
GSE22229_UNTREATED_VS_IMMUNOSUPP_THERAPY_RENAL_TRANSPLANT_PATIENT_PBMC_UP	0.32533221541006596			
IPA_ZMYND11_DN	0.3253171436857194			
GSE1112_HY_CD8AB_VS_HY_CD8AA_THYMOCYTE_RTOC_CULTURE_DN	0.32531421445778064			
ZFP69B_TARGET_GENES	0.3253097808503639			
SU_PLACENTA	0.32530346964842305			
GSE22033_UNTREATED_VS_ROSIGLITAZONE_TREATED_MEF_DN	0.3252943911020853			
GO_RAP_PROTEIN_SIGNAL_TRANSDUCTION	0.3252280150214087			
GSE13485_DAY1_VS_DAY3_YF17D_VACCINE_PBMC_UP	0.3252064577316129			
GO_REGULATION_OF_SYNAPSE_ASSEMBLY	0.325204852271944			
GO_REGULATION_OF_CELLULAR_PROTEIN_CATABOLIC_PROCESS	0.3251870905980819			
GO_NEGATIVE_REGULATION_OF_PROTEIN_HOMOOLIGOMERIZATION	0.32513002838813837			
MEISSNER_NPC_HCP_WITH_H3_UNMETHYLATED	0.32511398030630156			
GO_ENDOPLASMIC_RETICULUM_EXIT_SITE	0.3251120631309527			
IPA_NFKBIA_UP	0.3250864421470426			
GO_REGULATION_OF_ANIMAL_ORGAN_MORPHOGENESIS	0.3250579031991013			
GSE34156_UNTREATED_VS_24H_NOD2_LIGAND_TREATED_MONOCYTE_DN	0.3250507363357127			
LI_PROSTATE_CANCER_EPIGENETIC	0.3250432395089613			
FOXD2_TARGET_GENES	0.3250322267249651			
GSE2770_UNTREATED_VS_IL4_TREATED_ACT_CD4_TCELL_48H_UP	0.32500233702030557			
GSE9509_LPS_VS_LPS_AND_IL10_STIM_IL10_KO_MACROPHAGE_30MIN_UP	0.3249647305805646			
GSE4590_PRE_BCELL_VS_SMALL_PRE_BCELL_DN	0.32495103166422096			
GO_POSITIVE_REGULATION_OF_CELL_CELL_ADHESION_MEDIATED_BY_CADHERIN	0.32493399595047506			
CREB_Q2	0.32491480652693283			
GSE41978_WT_VS_ID2_KO_KLRG1_LOW_EFFECTOR_CD8_TCELL_UP	0.32490869202511574			
GENTILE_UV_HIGH_DOSE_DN	0.3248777378982534			
GO_POSITIVE_REGULATION_OF_PROTEOLYSIS	0.32483480943416554			
STREICHER_LSM1_TARGETS_UP	0.3248345127928061			
SILIGAN_TARGETS_OF_EWS_FLI1_FUSION_UP	0.32480383868727053			
GO_GASTRULATION	0.32480377513291026			
GO_DEHYDROASCORBIC_ACID_TRANSMEMBRANE_TRANSPORTER_ACTIVITY	0.32480027089515257			
GO_DEHYDROASCORBIC_ACID_TRANSPORT	0.32480027089515257			
GSE17721_CTRL_VS_GARDIQUIMOD_4H_BMDC_DN	0.324744365625594			
REACTOME_DISEASES_ASSOCIATED_WITH_GLYCOSAMINOGLYCAN_METABOLISM	0.3247311990440625			
GO_NEUROMUSCULAR_JUNCTION_DEVELOPMENT	0.3247272343373558			
GO_NEGATIVE_REGULATION_OF_CHONDROCYTE_DIFFERENTIATION	0.32471980683263885			
GO_NEGATIVE_REGULATION_OF_SMALL_GTPASE_MEDIATED_SIGNAL_TRANSDUCTION	0.3247141009488625			
PID_P53_DOWNSTREAM_PATHWAY	0.3247069945832385			
LEE_METASTASIS_AND_ALTERNATIVE_SPLICING_UP	0.32466381953071083			
GO_GROWTH_PLATE_CARTILAGE_DEVELOPMENT	0.32465603362697376			
GSE11961_MEMORY_BCELL_DAY40_VS_GERMINAL_CENTER_BCELL_DAY40_UP	0.32462646982316545			
GO_REGULATION_OF_CARTILAGE_DEVELOPMENT	0.324623576197411			
DACOSTA_UV_RESPONSE_VIA_ERCC3_DN	0.3246017022401232			
SHEPARD_BMYB_MORPHOLINO_UP	0.3245903611585644			
KATSANOU_ELAVL1_TARGETS_UP	0.32458497389799473			
WANG_TNF_TARGETS	0.32458215452138134			
CHARAFE_BREAST_CANCER_LUMINAL_VS_MESENCHYMAL_DN	0.32455270770122613			
GO_CARDIAC_MUSCLE_CELL_CONTRACTION	0.3245507949478954			
GSE41867_DAY6_VS_DAY15_LCMV_ARMSTRONG_EFFECTOR_CD8_TCELL_UP	0.32451992342424146			
REACTOME_LDL_CLEARANCE	0.3245098749375628			
LOCKWOOD_AMPLIFIED_IN_LUNG_CANCER	0.32449312480027465			
GSE24574_BCL6_HIGH_TFH_VS_TCONV_CD4_TCELL_UP	0.32449091058273294			
RODRIGUES_THYROID_CARCINOMA_ANAPLASTIC_UP	0.32447878225753296			
GO_AMINOGLYCAN_CATABOLIC_PROCESS	0.3244473012220105			
GO_NEURON_DEATH	0.3244470848627964			
MCLACHLAN_DENTAL_CARIES_DN	0.32443764629128635			
GO_NEGATIVE_REGULATION_OF_LOCOMOTION	0.32440602065732216			
GSE22886_NAIVE_CD4_TCELL_VS_DC_DN	0.32435925431002643			
GO_REGULATION_OF_HYDROLASE_ACTIVITY	0.3243547096355086			
GSE29618_MONOCYTE_VS_PDC_DAY7_FLU_VACCINE_UP	0.32435379454391033			
GSE41176_UNSTIM_VS_ANTI_IGM_STIM_BCELL_1H_UP	0.32434700562745716			
GO_POSITIVE_REGULATION_OF_CYTOKINE_SECRETION_INVOLVED_IN_IMMUNE_RESPONSE	0.32434351229722125			
GO_PROTEIN_PHOSPHATASE_TYPE_2A_COMPLEX	0.32433373005842986			
GO_ENDOMEMBRANE_SYSTEM_ORGANIZATION	0.3243229482373095			
GO_POSITIVE_REGULATION_OF_TAU_PROTEIN_KINASE_ACTIVITY	0.3243157535977474			
GSE9509_LPS_VS_LPS_AND_IL10_STIM_IL10_KO_MACROPHAGE_20MIN_UP	0.32426923084331577			
BECKER_TAMOXIFEN_RESISTANCE_UP	0.32425392438079126			
DOANE_BREAST_CANCER_ESR1_DN	0.3242508607295928			
GSE3982_DC_VS_TH1_UP	0.32423858266522326			
GSE8835_HEALTHY_VS_CLL_CD4_TCELL_UP	0.3242359948804428			
WHITESIDE_CISPLATIN_RESISTANCE_UP	0.3242022479996631			
GO_CALCIUM_INDEPENDENT_CELL_CELL_ADHESION_VIA_PLASMA_MEMBRANE_CELL_ADHESION_MOLECULES	0.3242014362843208			
MIR193A_3P_MIR193B_3P	0.32419322745060813			
GO_SUBSTRATE_DEPENDENT_CELL_MIGRATION	0.32417185907543034			
HALLMARK_EPITHELIAL_MESENCHYMAL_TRANSITION	0.32416873269394725			
GO_OUTFLOW_TRACT_MORPHOGENESIS	0.3241670408482299			
KYNG_WERNER_SYNDROM_UP	0.32415087188282415			
DANG_MYC_TARGETS_DN	0.32414941858513274			
IPA_LHX2_UP	0.32413546920753805			
SRF_Q4	0.3241321833603125			
GO_MEMBRANE_LIPID_BIOSYNTHETIC_PROCESS	0.32412681421823925			
REACTOME_MOLECULES_ASSOCIATED_WITH_ELASTIC_FIBRES	0.3241216836998722			
GO_MICROTUBULE_BASED_TRANSPORT	0.3241111641505922			
GO_GROWTH	0.3241050829389841			
GO_PIGMENT_GRANULE	0.3240745580956372			
GO_INTRINSIC_COMPONENT_OF_EXTERNAL_SIDE_OF_PLASMA_MEMBRANE	0.3240628960842337			
GO_REGULATION_OF_EMBRYONIC_DEVELOPMENT	0.32402019420241973			
IPA_KDR_UP	0.324002405641238			
GO_KIDNEY_MORPHOGENESIS	0.3239510860850828			
QI_HYPOXIA_TARGETS_OF_HIF1A_AND_FOXA2	0.32392881974117577			
GO_MODULATION_BY_HOST_OF_SYMBIONT_MOLECULAR_FUNCTION	0.3239168490902068			
GO_ROOF_OF_MOUTH_DEVELOPMENT	0.3238836173045923			
GSE3982_DC_VS_BASOPHIL_UP	0.32387839032839205			
GO_CANONICAL_WNT_SIGNALING_PATHWAY	0.3238768135047624			
ZHAN_MULTIPLE_MYELOMA_SPIKED	0.3238670395802942			
GO_NEGATIVE_REGULATION_OF_TRANSFORMING_GROWTH_FACTOR_BETA1_PRODUCTION	0.323849071585594			
GSE17721_CTRL_VS_PAM3CSK4_24H_BMDC_DN	0.32380593054190115			
GO_INVADOPODIUM_MEMBRANE	0.3237918045876332			
GO_REGULATION_OF_PROTEASOMAL_PROTEIN_CATABOLIC_PROCESS	0.32378107552764257			
REACTOME_FORMATION_OF_THE_CORNIFIED_ENVELOPE	0.3237758306356567			
DOANE_BREAST_CANCER_CLASSES_DN	0.323753836844347			
GO_NOTOCHORD_DEVELOPMENT	0.32374611813884746			
GO_CELLULAR_CARBOHYDRATE_BIOSYNTHETIC_PROCESS	0.32371536374775456			
PID_WNT_SIGNALING_PATHWAY	0.323680167985077			
GSE37301_LYMPHOID_PRIMED_MPP_VS_COMMON_LYMPHOID_PROGENITOR_DN	0.3236470103793533			
GO_MAINTENANCE_OF_SYNAPSE_STRUCTURE	0.32364127285237654			
HOSHIDA_LIVER_CANCER_SURVIVAL_UP	0.3236411798792798			
HELLER_HDAC_TARGETS_UP	0.3236016036123679			
GO_TRANSITION_METAL_ION_TRANSPORT	0.32359808813357693			
GO_NEGATIVE_REGULATION_OF_MUSCLE_ADAPTATION	0.323590040438844			
GO_MORPHOGENESIS_OF_EMBRYONIC_EPITHELIUM	0.3234982276432062			
GO_ENDOPLASMIC_RETICULUM_ORGANIZATION	0.32348483191816196			
TAKAYAMA_BOUND_BY_AR	0.3234679834579197			
AIYAR_COBRA1_TARGETS_UP	0.32346512598222277			
YAO_TEMPORAL_RESPONSE_TO_PROGESTERONE_CLUSTER_0	0.3234335311665331			
TSENG_IRS1_TARGETS_DN	0.32339166904646294			
GO_REGULATION_OF_MITOCHONDRIAL_MEMBRANE_PERMEABILITY_INVOLVED_IN_APOPTOTIC_PROCESS	0.32339001555882435			
GO_NEGATIVE_REGULATION_OF_CELL_SUBSTRATE_ADHESION	0.32338543381882323			
GSE30083_SP3_VS_SP4_THYMOCYTE_UP	0.3233326967415732			
GO_RESPONSE_TO_INORGANIC_SUBSTANCE	0.323331275226381			
GO_SENSORY_SYSTEM_DEVELOPMENT	0.32332318938834104			
TAKEDA_TARGETS_OF_NUP98_HOXA9_FUSION_10D_DN	0.3233179642808974			
GO_MESONEPHROS_DEVELOPMENT	0.3232902613004325			
NOTCH_DN.V1_UP	0.3232872147061307			
REACTOME_NRAGE_SIGNALS_DEATH_THROUGH_JNK	0.3232744422212126			
KLF3_TARGET_GENES	0.3232669587656709			
GO_REGULATION_OF_TRANSCRIPTION_FROM_RNA_POLYMERASE_II_PROMOTER_IN_RESPONSE_TO_OXIDATIVE_STRESS	0.3232614585147045			
GSE15930_NAIVE_VS_72H_IN_VITRO_STIM_CD8_TCELL_UP	0.32322349667849976			
MIR6821_3P	0.323201201931481			
PILON_KLF1_TARGETS_UP	0.32319155439405095			
GSE43955_TH0_VS_TGFB_IL6_IL23_TH17_ACT_CD4_TCELL_60H_UP	0.32319032119786406			
IPA_SMAD7_DN	0.3231746818032225			
GO_PROTEIN_PHOSPHATASE_ACTIVATOR_ACTIVITY	0.3231621071791678			
REACTOME_RHO_GTPASES_ACTIVATE_PKNS	0.32316026143936927			
MIR6862_3P	0.32310516723439			
GO_ATP_DEPENDENT_MICROTUBULE_MOTOR_ACTIVITY_MINUS_END_DIRECTED	0.32308072670454374			
GO_ATP_DEPENDENT_MICROTUBULE_MOTOR_ACTIVITY	0.32307374681421347			
STK33_SKM_UP	0.32306359541853935			
MIR6887_3P	0.3230578175711855			
ATF1_Q6	0.3230328323399138			
PRMT5_TARGET_GENES	0.32303244155835914			
WESTON_VEGFA_TARGETS_12HR	0.3230318257225461			
GO_NEGATIVE_REGULATION_OF_PHOSPHOLIPASE_ACTIVITY	0.323019507085685			
GSE12392_IFNAR_KO_VS_IFNB_KO_CD8_NEG_SPLEEN_DC_UP	0.32299839815145376			
GO_REGULATION_OF_ANATOMICAL_STRUCTURE_MORPHOGENESIS	0.322988359720476			
GO_NEUROTRANSMITTER_RECEPTOR_LOCALIZATION_TO_POSTSYNAPTIC_SPECIALIZATION_MEMBRANE	0.32295593874605144			
GO_SENSORY_PERCEPTION_OF_LIGHT_STIMULUS	0.3229367210069124			
CEBP_Q2_01	0.3229272529587633			
GSE20366_CD103_POS_VS_CD103_KLRG1_DP_TREG_DN	0.32290075557985726			
GO_POSITIVE_REGULATION_OF_CELLULAR_PROTEIN_LOCALIZATION	0.32287845580424873			
REACTOME_YAP1_AND_WWTR1_TAZ_STIMULATED_GENE_EXPRESSION	0.32287451296167663			
GO_PROTEIN_LOCALIZATION_TO_MEMBRANE	0.32287125533199285			
MIR936	0.3227925202906452			
KEGG_HYPERTROPHIC_CARDIOMYOPATHY_HCM	0.32277648214303917			
GSE22886_DAY0_VS_DAY7_MONOCYTE_IN_CULTURE_DN	0.3227390750108487			
MANALO_HYPOXIA_UP	0.32272543969409184			
GO_NEURON_PROJECTION_REGENERATION	0.32272493288914994			
GSE22886_NAIVE_CD4_TCELL_VS_NEUTROPHIL_DN	0.3227012281062819			
DE_YY1_TARGETS_DN	0.3226943645405077			
GSE20500_RETINOIC_ACID_VS_RARA_ANTAGONIST_TREATED_CD4_TCELL_UP	0.32268876941576374			
GO_RETINAL_METABOLIC_PROCESS	0.3226864460174542			
GO_REGULATION_OF_MORPHOGENESIS_OF_A_BRANCHING_STRUCTURE	0.32264292716001386			
LMO2COM_02	0.32263379031440137			
GSE360_L_MAJOR_VS_T_GONDII_MAC_UP	0.32258842059296233			
DR4_Q2	0.32257166420107053			
GO_PRESYNAPTIC_ACTIVE_ZONE_ORGANIZATION	0.32253084358351186			
JOHANSSON_BRAIN_CANCER_EARLY_VS_LATE_DN	0.322506411423342			
GO_CELLULAR_RESPONSE_TO_EXTERNAL_STIMULUS	0.3225029973832586			
GO_FAD_BINDING	0.32249017993536094			
KIM_MYC_AMPLIFICATION_TARGETS_DN	0.3224559936304652			
REACTOME_DISEASES_OF_PROGRAMMED_CELL_DEATH	0.3224362533670962			
GO_REGULATION_OF_ER_ASSOCIATED_UBIQUITIN_DEPENDENT_PROTEIN_CATABOLIC_PROCESS	0.32241073294184097			
MIR4471	0.32239675964334885			
IPA_NFE2L2_DN	0.3223560970825621			
GO_PROTEIN_LOCALIZATION_TO_CELL_CELL_JUNCTION	0.32234578043074724			
GSE22611_UNSTIM_VS_2H_MDP_STIM_NOD2_TRANSDUCED_HEK293T_CELL_DN	0.32233862784291123			
PETRETTO_CARDIAC_HYPERTROPHY	0.3223368654649253			
GO_NEGATIVE_REGULATION_OF_TRANSCRIPTION_FROM_RNA_POLYMERASE_II_PROMOTER_IN_RESPONSE_TO_STRESS	0.3222991422490959			
BPTF_TARGET_GENES	0.32229798921492375			
MIR3714	0.3222878512859914			
GO_PROTEIN_MATURATION	0.32228372713272263			
GO_NEURON_PROJECTION_EXTENSION_INVOLVED_IN_NEURON_PROJECTION_GUIDANCE	0.3222779588315973			
GO_REGULATION_OF_CELL_DEVELOPMENT	0.322273013061224			
GO_POSITIVE_REGULATION_OF_VESICLE_FUSION	0.3222661724492765			
GO_RESPONSE_TO_OXYGEN_LEVELS	0.3222382773262265			
CHIANG_LIVER_CANCER_SUBCLASS_CTNNB1_DN	0.32222593832064544			
GO_ECTODERM_DEVELOPMENT	0.32219316731764597			
GO_RESPONSE_TO_GONADOTROPIN	0.3221902767825164			
GSE29618_MONOCYTE_VS_PDC_UP	0.32216695005079166			
DACOSTA_UV_RESPONSE_VIA_ERCC3_COMMON_DN	0.32215842041693593			
MIR199A_5P	0.3221548445081391			
BROWN_MYELOID_CELL_DEVELOPMENT_UP	0.3221476885488567			
HUMMERICH_SKIN_CANCER_PROGRESSION_UP	0.322143775000934			
GO_WNT_ACTIVATED_RECEPTOR_ACTIVITY	0.3221393019400729			
GO_DESMOSOME_ORGANIZATION	0.3221348869905471			
PELLICCIOTTA_HDAC_IN_ANTIGEN_PRESENTATION_UP	0.3221267974916475			
IPA_SNAI2_UP	0.32212189755882026			
GO_REGENERATION	0.32208962413304376			
MISHRA_CARCINOMA_ASSOCIATED_FIBROBLAST_DN	0.3220667507535637			
LEI_HOXC8_TARGETS_DN	0.3220392500320871			
GO_MESENCHYMAL_CELL_PROLIFERATION_INVOLVED_IN_LUNG_DEVELOPMENT	0.32199620539926893			
GO_ER_RETENTION_SEQUENCE_BINDING	0.3219912764666824			
GSE30083_SP2_VS_SP4_THYMOCYTE_UP	0.32195345425386257			
GSE3039_CD4_TCELL_VS_B1_BCELL_DN	0.3219387299083144			
BROWNE_HCMV_INFECTION_14HR_DN	0.3218955849414632			
GO_ATP_DEPENDENT_PROTEIN_BINDING	0.32188412993573257			
GSE6269_E_COLI_VS_STREP_PNEUMO_INF_PBMC_DN	0.3218832894043737			
GO_GAP_JUNCTION_ASSEMBLY	0.32185892635448027			
GO_REGULATION_OF_PROGRAMMED_NECROTIC_CELL_DEATH	0.3218569358334144			
IPA_NFE2L3_UP	0.321855500553504			
GSE20715_WT_VS_TLR4_KO_48H_OZONE_LUNG_DN	0.3218519100067956			
GO_CAMERA_TYPE_EYE_MORPHOGENESIS	0.3218012668513696			
ANDERSEN_CHOLANGIOCARCINOMA_CLASS2	0.32180065751972564			
ELVIDGE_HIF1A_TARGETS_DN	0.3217944096725224			
VANHARANTA_UTERINE_FIBROID_DN	0.32176470863256756			
GO_ORGANELLE_TRANSPORT_ALONG_MICROTUBULE	0.32176389177752496			
VERRECCHIA_RESPONSE_TO_TGFB1_C3	0.3217632920728662			
CTTTGT_LEF1_Q2	0.3217098137561743			
GSE17721_LPS_VS_PAM3CSK4_1H_BMDC_DN	0.32170509624529925			
MIR585_5P	0.32170206892341396			
GO_CAVEOLA	0.321691511740108			
GO_REGULATION_OF_CELL_MORPHOGENESIS	0.3216564099084359			
BROWNE_HCMV_INFECTION_16HR_DN	0.3216544710088123			
ACEVEDO_LIVER_CANCER_DN	0.32162501545440125			
GSE3982_DC_VS_CENT_MEMORY_CD4_TCELL_UP	0.3216232095474483			
GO_HORMONE_METABOLIC_PROCESS	0.3215848952918821			
GO_ENDOSOME	0.3215843527816467			
QI_HYPOXIA	0.3215820236183972			
GO_CHANNEL_INHIBITOR_ACTIVITY	0.32155270626301			
GO_REGULATION_OF_HYDROGEN_PEROXIDE_MEDIATED_PROGRAMMED_CELL_DEATH	0.3215399438091484			
MIR1225_5P	0.3215377203444125			
GO_TUBE_FORMATION	0.32150436283222233			
GO_REGULATION_OF_CELLULAR_COMPONENT_SIZE	0.3214936823198204			
PID_FGF_PATHWAY	0.3214737261304355			
GSE21546_WT_VS_SAP1A_KO_AND_ELK1_KO_ANTI_CD3_STIM_DP_THYMOCYTES_UP	0.321437050840877			
GO_LIPID_DROPLET	0.3214318762782356			
GO_ENDOCARDIUM_DEVELOPMENT	0.3214255135373154			
GSE34156_UNTREATED_VS_6H_TLR1_TLR2_LIGAND_TREATED_MONOCYTE_UP	0.3213736553436791			
GO_TRANSMEMBRANE_RECEPTOR_PROTEIN_KINASE_ACTIVITY	0.32137251919648313			
REACTOME_HEME_DEGRADATION	0.3213620206395157			
PID_ERBB1_INTERNALIZATION_PATHWAY	0.3213373975296307			
E4F1_Q6	0.32131004873879304			
DELACROIX_RAR_TARGETS_DN	0.32127231534032963			
SMID_BREAST_CANCER_RELAPSE_IN_BRAIN_DN	0.32123366427273176			
RUTELLA_RESPONSE_TO_HGF_UP	0.3212234916945619			
GO_T_TUBULE	0.3212198032902225			
GSE37605_FOXP3_FUSION_GFP_VS_IRES_GFP_TREG_C57BL6_DN	0.3211941928738577			
GSE20715_WT_VS_TLR4_KO_24H_OZONE_LUNG_UP	0.32119123394213345			
GO_PROTEIN_HYDROXYLATION	0.32117833590141504			
GO_NEGATIVE_REGULATION_OF_FIBROBLAST_GROWTH_FACTOR_RECEPTOR_SIGNALING_PATHWAY	0.3211345948179222			
TOMIDA_METASTASIS_UP	0.3211338800218908			
MIR624_5P	0.3211046852364527			
GO_CARDIAC_MUSCLE_CELL_ACTION_POTENTIAL	0.32110317607293054			
TBK1.DN.48HRS_UP	0.32105763504521456			
GO_PLATELET_DERIVED_GROWTH_FACTOR_RECEPTOR_BETA_SIGNALING_PATHWAY	0.32104543502129795			
GSE20152_SPHK1_KO_VS_WT_HTNFA_OVERXPRESS_ANKLE_UP	0.3210446019149752			
DALESSIO_TSA_RESPONSE	0.32104142940284724			
ACOSTA_PROLIFERATION_INDEPENDENT_MYC_TARGETS_DN	0.32103972271605			
WANG_SMARCE1_TARGETS_DN	0.3210355047203656			
GO_MODULATION_OF_AGE_RELATED_BEHAVIORAL_DECLINE	0.3210269931736369			
GO_CARDIAC_CHAMBER_DEVELOPMENT	0.32100424057725635			
LEE_TARGETS_OF_PTCH1_AND_SUFU_DN	0.3209856927513481			
GO_PROGRAMMED_CELL_DEATH_IN_RESPONSE_TO_REACTIVE_OXYGEN_SPECIES	0.320983593147251			
GO_VESICLE_CARGO_LOADING	0.32097674924413294			
ZNF10_TARGET_GENES	0.3209764014778951			
GSE12392_WT_VS_IFNB_KO_CD8A_NEG_SPLEEN_DC_UP	0.3209741691305252			
GAUSSMANN_MLL_AF4_FUSION_TARGETS_C_UP	0.3209590730367442			
REACTOME_REGULATION_OF_LOCALIZATION_OF_FOXO_TRANSCRIPTION_FACTORS	0.32093381426168327			
SANCHEZ_MDM2_TARGETS	0.3208722797656989			
GSE360_L_DONOVANI_VS_L_MAJOR_MAC_DN	0.32084605185854226			
GSE3982_NEUTROPHIL_VS_BASOPHIL_UP	0.3207962987992791			
DURAND_STROMA_S_UP	0.32077972970368895			
GO_RESPONSE_TO_THYROID_HORMONE	0.3207762089128124			
GO_TRANSMEMBRANE_EPHRIN_RECEPTOR_ACTIVITY	0.32071600511147896			
GO_REGULATION_OF_HYALURONAN_BIOSYNTHETIC_PROCESS	0.3207079442344392			
GROSS_HYPOXIA_VIA_ELK3_UP	0.32065714289247715			
GO_LAMELLAR_BODY	0.32065394251615936			
GSE24634_IL4_VS_CTRL_TREATED_NAIVE_CD4_TCELL_DAY3_UP	0.32065067476113945			
GSE40068_CXCR5NEG_BCL6NEG_CD4_TCELL_VS_CXCR5POS_BCL6NEG_TFH_DN	0.32064986352221186			
GO_POSITIVE_REGULATION_OF_AXONOGENESIS	0.32064112919955684			
GSE22935_UNSTIM_VS_24H_MBOVIS_BCG_STIM_MACROPHAGE_UP	0.32063393136189927			
PID_AVB3_INTEGRIN_PATHWAY	0.32062808448767505			
GSE39152_CD103_NEG_VS_POS_MEMORY_CD8_TCELL_DN	0.3206074727264441			
GO_CELL_CELL_SIGNALING_BY_WNT	0.32060026286262744			
GO_EPIBOLY	0.3204851346609952			
HORIUCHI_WTAP_TARGETS_UP	0.32045135774484934			
MIR199B_5P	0.32043081296363524			
NKX2_2_TARGET_GENES	0.3204211696631311			
GO_ALCOHOL_BINDING	0.320417343053312			
GO_MODIFICATION_OF_SYNAPTIC_STRUCTURE	0.32039956752945536			
GO_ESTABLISHMENT_OR_MAINTENANCE_OF_BIPOLAR_CELL_POLARITY	0.3203640154378024			
GO_MUSCLE_CELL_DIFFERENTIATION	0.320363835605781			
GO_CHONDROITIN_SULFATE_BINDING	0.32035887193843915			
GO_SYMPATHETIC_GANGLION_DEVELOPMENT	0.3203412160674982			
MELLMAN_TUT1_TARGETS_DN	0.3203210725376644			
ELLWOOD_MYC_TARGETS_DN	0.32026759049784853			
BIOCARTA_MCALPAIN_PATHWAY	0.32026447258004953			
GO_NEURAL_CREST_CELL_MIGRATION_INVOLVED_IN_AUTONOMIC_NERVOUS_SYSTEM_DEVELOPMENT	0.32025996402137885			
GO_IRON_ION_HOMEOSTASIS	0.32022796795868247			
GGGYGTGNY_UNKNOWN	0.32014932503476484			
GSE45365_BCELL_VS_CD8_TCELL_DN	0.32014439282476603			
IPA_EP300_UP	0.3201055269781022			
GO_MESENCHYMAL_TO_EPITHELIAL_TRANSITION	0.32009234117284296			
GO_MODIFICATION_OF_POSTSYNAPTIC_STRUCTURE	0.32007393506956455			
GSE29618_BCELL_VS_MDC_DN	0.32006991441232197			
MATTIOLI_MULTIPLE_MYELOMA_WITH_14Q32_TRANSLOCATIONS	0.3200676870626291			
GO_POSITIVE_REGULATION_OF_CELL_PROJECTION_ORGANIZATION	0.3200586761661245			
BHATI_G2M_ARREST_BY_2METHOXYESTRADIOL_UP	0.32004029042921767			
CAIRO_PML_TARGETS_BOUND_BY_MYC_DN	0.3199770320289965			
BANDRES_RESPONSE_TO_CARMUSTIN_MGMT_24HR_DN	0.3199690192322392			
IPA_ESR1_DN	0.3199309769024847			
MIR4791	0.3199109395917093			
NOUSHMEHR_GBM_SOMATIC_MUTATED	0.3198767633133455			
POS_HISTAMINE_RESPONSE_NETWORK	0.3198718776769453			
MIR6833_5P	0.3198688338511962			
GO_OLIGOSACCHARIDE_BIOSYNTHETIC_PROCESS	0.31981245899603644			
GHANDHI_BYSTANDER_IRRADIATION_UP	0.3197838943623863			
AZARE_NEOPLASTIC_TRANSFORMATION_BY_STAT3_UP	0.3197623912769328			
GSE28449_WT_VS_LRF_KO_GERMINAL_CENTER_BCELL_UP	0.31975091420465007			
MEF2_01	0.3197231279811443			
GO_POSITIVE_REGULATION_OF_SPROUTING_ANGIOGENESIS	0.31970218057130195			
GRAESSMANN_APOPTOSIS_BY_SERUM_DEPRIVATION_DN	0.3196805437448148			
GSE29618_PRE_VS_DAY7_FLU_VACCINE_PDC_UP	0.31964803908248984			
GSE2128_C57BL6_VS_NOD_CD4CD8_DP_THYMOCYTE_UP	0.3196414368540209			
MIR27B_5P	0.3196347716111134			
GSE13485_CTRL_VS_DAY1_YF17D_VACCINE_PBMC_DN	0.3196329042980358			
GO_AMYLOID_BETA_METABOLIC_PROCESS	0.3196249181567704			
APRELIKOVA_BRCA1_TARGETS	0.31957410230289424			
GO_FILOPODIUM_MEMBRANE	0.3195740443733231			
GO_ESTABLISHMENT_OF_ENDOTHELIAL_BLOOD_BRAIN_BARRIER	0.3195635966495218			
GO_ENDODERM_DEVELOPMENT	0.319548297052357			
GO_POSITIVE_REGULATION_OF_PROTEIN_BINDING	0.31953797482035157			
GSE25085_FETAL_BM_VS_ADULT_BM_SP4_THYMIC_IMPLANT_DN	0.31949473027101705			
GO_AZUROPHIL_GRANULE_MEMBRANE	0.3194890201786661			
GO_INTRINSIC_COMPONENT_OF_GOLGI_MEMBRANE	0.3194882195803456			
GSE2585_CD80_HIGH_VS_LOW_AIRE_KO_MTEC_UP	0.31948706811127686			
GO_NEGATIVE_REGULATION_OF_SIGNALING	0.3194712745630733			
GO_REGULATION_OF_BASEMENT_MEMBRANE_ASSEMBLY_INVOLVED_IN_EMBRYONIC_BODY_MORPHOGENESIS	0.31946437613528966			
GO_CONNECTIVE_TISSUE_DEVELOPMENT	0.31944658079122684			
GO_RECEPTOR_METABOLIC_PROCESS	0.3194337177051406			
CLASPER_LYMPHATIC_VESSELS_DURING_METASTASIS_UP	0.31941356271541654			
MIR3660	0.31940972365070397			
MIR4772_5P	0.31939774846232233			
GO_RESPONSE_TO_WATER	0.3192959787188849			
OUELLET_OVARIAN_CANCER_INVASIVE_VS_LMP_UP	0.31928168084175385			
GSE13484_UNSTIM_VS_3H_YF17D_VACCINE_STIM_PBMC_DN	0.3192627513015778			
KOKKINAKIS_METHIONINE_DEPRIVATION_96HR_UP	0.31917145152235105			
GO_FASCIA_ADHERENS	0.31916810312214305			
LEF1_UP.V1_DN	0.3191270466044938			
REACTOME_ARYL_HYDROCARBON_RECEPTOR_SIGNALLING	0.3191222058149392			
HOFFMAN_CLOCK_TARGETS_UP	0.3191115689129159			
REACTOME_DISEASES_ASSOCIATED_WITH_O_GLYCOSYLATION_OF_PROTEINS	0.319102772795696			
GO_REGULATION_OF_VASCULATURE_DEVELOPMENT	0.31904857188946806			
GO_REGULATION_OF_DENDRITIC_SPINE_MORPHOGENESIS	0.31904358232999275			
GSE11864_UNTREATED_VS_CSF1_IFNG_IN_MAC_DN	0.3190145798877872			
KANG_FLUOROURACIL_RESISTANCE_UP	0.3189958495485061			
GO_SITE_OF_POLARIZED_GROWTH	0.31897475690818017			
GO_GLAND_DEVELOPMENT	0.3189567687827262			
IPA_GRHL2_UP	0.318951636705206			
IPA_PML_DN	0.3189436262043054			
GSE21670_STAT3_KO_VS_WT_CD4_TCELL_IL6_TREATED_DN	0.3189249462534359			
GO_HEART_TRABECULA_FORMATION	0.31891631316343727			
CREB_Q4_01	0.31888931345459814			
REACTOME_TGF_BETA_RECEPTOR_SIGNALING_ACTIVATES_SMADS	0.31888553023067934			
KRAS.DF.V1_UP	0.3188838807882422			
DEURIG_T_CELL_PROLYMPHOCYTIC_LEUKEMIA_UP	0.31888186170143024			
GO_AMYLOID_BETA_FORMATION	0.3188627973907911			
ONGUSAHA_TP53_TARGETS	0.3188355082331574			
MIR6073	0.31880177693191447			
GO_SEMAPHORIN_PLEXIN_SIGNALING_PATHWAY	0.31879353832267626			
MIR613	0.31878810345540637			
HALLMARK_NOTCH_SIGNALING	0.31878352470759025			
GSE18281_SUBCAPSULAR_CORTICAL_REGION_VS_WHOLE_CORTEX_THYMUS_UP	0.3187752317861552			
GO_NEGATIVE_REGULATION_OF_ENDOPLASMIC_RETICULUM_UNFOLDED_PROTEIN_RESPONSE	0.3187356782946029			
SINGH_NFE2L2_TARGETS	0.3187327608863953			
GO_REGULATION_OF_NEURON_PROJECTION_REGENERATION	0.31873210747908953			
SWEET_KRAS_ONCOGENIC_SIGNATURE	0.3187309277393777			
REACTOME_INACTIVATION_OF_CDC42_AND_RAC1	0.3187082555683302			
LIU_IL13_MEMORY_MODEL_DN	0.3186946996662332			
GSE18281_SUBCAPSULAR_CORTICAL_REGION_VS_WHOLE_CORTEX_THYMUS_DN	0.31864371901976113			
GSE21670_UNTREATED_VS_TGFB_TREATED_STAT3_KO_CD4_TCELL_UP	0.31861332598851555			
GO_CLATHRIN_COATED_PIT	0.31861249755541377			
GSE30971_WBP7_HET_VS_KO_MACROPHAGE_4H_LPS_STIM_UP	0.31860884823321683			
GSE20500_RETINOIC_ACID_VS_RARA_ANTAGONIST_TREATED_CD4_TCELL_DN	0.3185600347002277			
WANG_TUMOR_INVASIVENESS_DN	0.3185564773870803			
REACTOME_SIGNALING_BY_WNT_IN_CANCER	0.31854951870595155			
GSE17721_LPS_VS_GARDIQUIMOD_1H_BMDC_UP	0.3185091159448752			
GO_TRANSMEMBRANE_RECEPTOR_PROTEIN_TYROSINE_KINASE_ACTIVITY	0.3185045430184139			
GO_ACTIN_FILAMENT	0.31848816002088504			
GSE34156_NOD2_LIGAND_VS_TLR1_TLR2_LIGAND_6H_TREATED_MONOCYTE_DN	0.3184546773399661			
GAL_LEUKEMIC_STEM_CELL_UP	0.3183743403241154			
REACTOME_METABOLISM_OF_FAT_SOLUBLE_VITAMINS	0.31829402586457495			
BASAKI_YBX1_TARGETS_UP	0.318291956197209			
YGTCCTTGR_UNKNOWN	0.3182482847897528			
GO_NEGATIVE_REGULATION_OF_STEM_CELL_PROLIFERATION	0.3182303797080486			
VERHAAK_AML_WITH_NPM1_MUTATED_UP	0.31822150282073014			
GO_PROTEIN_LOCALIZATION_TO_POSTSYNAPTIC_MEMBRANE	0.3182144672310864			
GO_CELL_JUNCTION_MAINTENANCE	0.3182137923976073			
GO_RESPONSE_TO_HYDROGEN_PEROXIDE	0.3182009731047061			
GO_PENETRATION_OF_ZONA_PELLUCIDA	0.3181923970205109			
GO_TRANSFORMING_GROWTH_FACTOR_BETA_SECRETION	0.31812672536152425			
XU_HGF_SIGNALING_NOT_VIA_AKT1_48HR_UP	0.3181236553742087			
GSE22886_NAIVE_BCELL_VS_DC_DN	0.318119829441881			
GO_ANOIKIS	0.3180773921493684			
KANG_FLUOROURACIL_RESISTANCE_DN	0.31804579869446853			
GO_EMBRYO_DEVELOPMENT_ENDING_IN_BIRTH_OR_EGG_HATCHING	0.31803628325999356			
GSE2770_IL12_ACT_VS_ACT_CD4_TCELL_48H_UP	0.3180063315314273			
NABA_ECM_GLYCOPROTEINS	0.31800430574802074			
GSE3982_DC_VS_BCELL_UP	0.3179923627797091			
GO_DENDRITIC_SPINE_DEVELOPMENT	0.31796651757222283			
SMITH_TERT_TARGETS_DN	0.317962557965463			
GSE7509_UNSTIM_VS_FCGRIIB_STIM_MONOCYTE_UP	0.31795525076481645			
GSE22611_NOD2_VS_MUTANT_NOD2_TRANSDUCED_HEK293T_CELL_UP	0.3178933512519692			
GO_AXONAL_GROWTH_CONE	0.3178712668238669			
MIR19B_3P	0.3178570192709694			
PAX6_TARGET_GENES	0.31781783895845406			
PID_PI3KCI_AKT_PATHWAY	0.31780625927689876			
GO_C_PALMITOYLTRANSFERASE_ACTIVITY	0.31780622653621865			
MOOTHA_PGC	0.3178004151855075			
MIR1277_3P	0.3177822805307035			
GO_TONGUE_MORPHOGENESIS	0.31775141626804093			
GO_INTERACTION_WITH_HOST	0.31773135752249626			
GSE7460_CD8_TCELL_VS_CD4_TCELL_ACT_DN	0.3176893711885618			
WAKABAYASHI_ADIPOGENESIS_PPARG_BOUND_8D	0.3176658412159333			
DAZARD_RESPONSE_TO_UV_NHEK_UP	0.3176549667099656			
XU_HGF_TARGETS_INDUCED_BY_AKT1_48HR_UP	0.31762432823463993			
GO_REGULATION_OF_NECROTIC_CELL_DEATH	0.31761535113626915			
GSE22589_HEALTHY_VS_HIV_AND_SIV_INFECTED_DC_DN	0.3176031078048756			
GO_DEVELOPMENTAL_PROCESS_INVOLVED_IN_REPRODUCTION	0.3175966924333738			
MIR520G_3P_MIR520H	0.3175944433628812			
GO_POSITIVE_REGULATION_OF_BLOOD_VESSEL_ENDOTHELIAL_CELL_MIGRATION	0.3175739557511287			
GO_SPHINGOSINE_METABOLIC_PROCESS	0.31756902695970246			
GO_CELLULAR_RESPONSE_TO_OXYGEN_LEVELS	0.31756179547464075			
GSE19941_LPS_VS_LPS_AND_IL10_STIM_IL10_KO_NFKBP50_KO_MACROPHAGE_DN	0.3175312600116149			
GSE9601_UNTREATED_VS_NFKB_INHIBITOR_TREATED_HCMV_INF_MONOCYTE_UP	0.3175311719704517			
GSE43955_TH0_VS_TGFB_IL6_TH17_ACT_CD4_TCELL_52H_DN	0.3175218599443525			
GO_REGULATION_OF_CELL_DEATH	0.31751043282182206			
GO_POSITIVE_REGULATION_OF_SUBSTRATE_ADHESION_DEPENDENT_CELL_SPREADING	0.31749665275104755			
GO_CELL_SURFACE_RECEPTOR_SIGNALING_PATHWAY_INVOLVED_IN_CELL_CELL_SIGNALING	0.3174132915306354			
GO_REGULATION_OF_CARDIAC_MUSCLE_ADAPTATION	0.3174125303813427			
GO_SKELETAL_MUSCLE_TISSUE_REGENERATION	0.3173959984273784			
MIR19A_3P	0.3173587896969294			
REACTOME_ESTROGEN_STIMULATED_SIGNALING_THROUGH_PRKCZ	0.3173453295282045			
GSE10273_HIGH_VS_LOW_IL7_TREATED_IRF4_8_NULL_PRE_BCELL_UP	0.31732212605776283			
GUTIERREZ_MULTIPLE_MYELOMA_UP	0.31727277894204214			
GSE18804_SPLEEN_MACROPHAGE_VS_TUMORAL_MACROPHAGE_UP	0.3172660009033746			
SMID_BREAST_CANCER_LUMINAL_B_UP	0.31725363750744545			
GO_INTRACELLULAR_TRANSPORT	0.31725270541544137			
PID_MTOR_4PATHWAY	0.3172377841344633			
MIR452_3P	0.31720535105936415			
NGUYEN_NOTCH1_TARGETS_UP	0.3171930111579302			
GO_REGULATION_OF_MESENCHYMAL_CELL_PROLIFERATION	0.3171858689487038			
GO_GLOMERULUS_DEVELOPMENT	0.3171812196646534			
NADERI_BREAST_CANCER_PROGNOSIS_DN	0.3171747515002452			
GO_MAINTENANCE_OF_POSTSYNAPTIC_SPECIALIZATION_STRUCTURE	0.3171741010024728			
GSE37532_VISCERAL_ADIPOSE_TISSUE_VS_LN_DERIVED_TCONV_CD4_TCELL_DN	0.31716837009260374			
GO_RESPONSE_TO_STEROID_HORMONE	0.3171231577855753			
GO_REGULATION_OF_ANOIKIS	0.3171183996851357			
GOTZMANN_EPITHELIAL_TO_MESENCHYMAL_TRANSITION_UP	0.31709114465152755			
CHICAS_RB1_TARGETS_CONFLUENT	0.3170840200774205			
REACTOME_O_LINKED_GLYCOSYLATION	0.31705322736679276			
GSE24634_TREG_VS_TCONV_POST_DAY10_IL4_CONVERSION_DN	0.31701534827962313			
GSE360_T_GONDII_VS_B_MALAYI_HIGH_DOSE_DC_UP	0.3170145086311392			
SEITZ_NEOPLASTIC_TRANSFORMATION_BY_8P_DELETION_DN	0.31701298690114893			
GO_NEGATIVE_REGULATION_OF_RESPONSE_TO_ENDOPLASMIC_RETICULUM_STRESS	0.31698113223788277			
GSE23308_CTRL_VS_CORTICOSTERONE_TREATED_MACROPHAGE_DN	0.3169653940292429			
IPA_HIC1_DN	0.31691365940994864			
GO_RETINAL_BLOOD_VESSEL_MORPHOGENESIS	0.31690336512181705			
JEON_SMAD6_TARGETS_UP	0.3168890487824589			
KEGG_DILATED_CARDIOMYOPATHY	0.3168749136287711			
IPA_PPARG_UP	0.3168395372313099			
LIU_SMARCA4_TARGETS	0.3168106606799555			
GO_OXIDOREDUCTASE_ACTIVITY_ACTING_ON_NAD_P_H_HEME_PROTEIN_AS_ACCEPTOR	0.316795162250032			
GO_NEGATIVE_REGULATION_OF_KIDNEY_DEVELOPMENT	0.3167928284561726			
GSE21063_WT_VS_NFATC1_KO_16H_ANTI_IGM_STIM_BCELL_DN	0.31672667698933876			
GO_TRABECULA_FORMATION	0.31668588648875173			
GO_HYPOTONIC_RESPONSE	0.31668307326005307			
BCAT_BILD_ET_AL_DN	0.31664770703984013			
GO_REGULATION_OF_TRANSMEMBRANE_RECEPTOR_PROTEIN_SERINE_THREONINE_KINASE_SIGNALING_PATHWAY	0.3166420366173334			
REACTOME_CD163_MEDIATING_AN_ANTI_INFLAMMATORY_RESPONSE	0.31664091363615265			
LEIN_OLIGODENDROCYTE_MARKERS	0.3166174327333618			
GO_NEGATIVE_REGULATION_OF_CELLULAR_RESPONSE_TO_GROWTH_FACTOR_STIMULUS	0.3166148910051974			
GO_CLATHRIN_HEAVY_CHAIN_BINDING	0.31661180368600345			
REACTOME_ACROSOME_REACTION_AND_SPERM_OOCYTE_MEMBRANE_BINDING	0.3166110830322417			
MATZUK_FERTILIZATION	0.31660714920603816			
POU1F1_Q6	0.31660589442090736			
MIR34C_5P	0.3166018297931768			
GO_REGULATION_OF_NEURON_PROJECTION_DEVELOPMENT	0.31659386284441277			
MCCLUNG_DELTA_FOSB_TARGETS_2WK	0.3165927386804174			
IPA_AR_DN	0.3165524379751123			
NOJIMA_SFRP2_TARGETS_DN	0.3165460715535496			
PIT1_Q6	0.31653239604580136			
GO_DENDRITIC_TREE	0.3164567452435219			
MIR3616_3P	0.3164286948864911			
GO_INORGANIC_ANION_TRANSMEMBRANE_TRANSPORT	0.3164240477532365			
GO_ENDOPLASMIC_RETICULUM_LUMEN	0.3164130746152271			
REACTOME_DOWNREGULATION_OF_TGF_BETA_RECEPTOR_SIGNALING	0.31641159300275373			
MIR9_5P	0.3163788766797865			
VANDESLUIS_COMMD1_TARGETS_GROUP_3_DN	0.31636173198941064			
GSE22527_ANTI_CD3_INVIVO_VS_UNTREATED_MOUSE_TREG_UP	0.31630925103196006			
GO_MECHANORECEPTOR_DIFFERENTIATION	0.3162926152854206			
GO_INTRINSIC_APOPTOTIC_SIGNALING_PATHWAY	0.31628461600735674			
GSE24814_STAT5_KO_VS_WT_PRE_BCELL_UP	0.31628245439674113			
GSE18893_CTRL_VS_TNF_TREATED_TCONV_24H_DN	0.3162824303324529			
GSE17721_LPS_VS_GARDIQUIMOD_2H_BMDC_UP	0.31626384163398397			
GO_PRESYNAPTIC_ACTIVE_ZONE_CYTOPLASMIC_COMPONENT	0.31625458016721913			
GO_AMINOGLYCAN_BIOSYNTHETIC_PROCESS	0.3162245341262587			
GO_ACTION_POTENTIAL	0.3162140233115753			
BRUINS_UVC_RESPONSE_LATE	0.31618193783758647			
LIANG_SILENCED_BY_METHYLATION_2	0.31617438868559944			
GO_MISFOLDED_PROTEIN_BINDING	0.31616658601144726			
GSE9650_GP33_VS_GP276_LCMV_SPECIFIC_EXHAUSTED_CD8_TCELL_UP	0.31615190214311706			
REACTOME_GLYCOSAMINOGLYCAN_METABOLISM	0.3160941166353002			
GO_VINCULIN_BINDING	0.3160620528379017			
GO_NEGATIVE_REGULATION_OF_DNA_BINDING	0.31605153455684215			
GSE24634_TREG_VS_TCONV_POST_DAY7_IL4_CONVERSION_DN	0.31604051027211616			
OSAWA_TNF_TARGETS	0.31603617467166545			
DER_IFN_ALPHA_RESPONSE_DN	0.3160006604293713			
GSE34156_TLR1_TLR2_LIGAND_VS_NOD2_AND_TLR1_TLR2_LIGAND_24H_TREATED_MONOCYTE_UP	0.31598546174572556			
REACTOME_COLLAGEN_FORMATION	0.315972940103713			
GSE3982_MAC_VS_TH1_UP	0.3159679319533296			
DAZARD_UV_RESPONSE_CLUSTER_G28	0.31596478081731305			
MIR3681_3P	0.31592733084796953			
GO_REGULATION_OF_NERVOUS_SYSTEM_DEVELOPMENT	0.3159268431065882			
IPA_NOTCH1_UP	0.31592555742253464			
GO_MULTIVESICULAR_BODY_ORGANIZATION	0.3158744308923598			
KYNG_ENVIRONMENTAL_STRESS_RESPONSE_NOT_BY_GAMMA_IN_WS	0.31585177332763564			
GTGACGY_E4F1_Q6	0.31583894098436965			
WESTON_VEGFA_TARGETS_3HR	0.31582827418117687			
EGFR_UP.V1_DN	0.3157941417797061			
GO_TRANSFERASE_ACTIVITY_TRANSFERRING_HEXOSYL_GROUPS	0.3157797787451464			
GO_BONE_GROWTH	0.3157525982415432			
GSE6259_CD4_TCELL_VS_CD8_TCELL_UP	0.31572217277277587			
GSE3982_MAC_VS_TH2_UP	0.3157014713214166			
GSE17721_LPS_VS_GARDIQUIMOD_12H_BMDC_UP	0.31569460499372864			
TFCP2_TARGET_GENES	0.315688396201599			
SERVITJA_LIVER_HNF1A_TARGETS_UP	0.3156469292307809			
GO_BLOOD_VESSEL_ENDOTHELIAL_CELL_PROLIFERATION_INVOLVED_IN_SPROUTING_ANGIOGENESIS	0.31559384616282565			
MIR5694	0.31558303197158083			
GO_NOTCH_RECEPTOR_PROCESSING_LIGAND_DEPENDENT	0.3155692496947932			
LEE_NEURAL_CREST_STEM_CELL_UP	0.31555249658634466			
GO_PROTEIN_LOCALIZATION_TO_MEMBRANE_RAFT	0.31551132791480396			
GO_METANEPHRIC_RENAL_VESICLE_MORPHOGENESIS	0.3155068553044651			
HESS_TARGETS_OF_HOXA9_AND_MEIS1_DN	0.31549260334327767			
GO_MUSCLE_STRUCTURE_DEVELOPMENT	0.31545526456547746			
KOYAMA_SEMA3B_TARGETS_DN	0.3154352447016458			
REACTOME_BASIGIN_INTERACTIONS	0.3154298690591892			
GO_SPHINGOID_METABOLIC_PROCESS	0.315422634000974			
KAAB_HEART_ATRIUM_VS_VENTRICLE_DN	0.3154208131805204			
COUP_DR1_Q6	0.31538673491378816			
GO_AXIS_ELONGATION	0.3153839106549906			
IPA_BRCA1_UP	0.3153789232835679			
RODWELL_AGING_KIDNEY_NO_BLOOD_UP	0.3153302928030587			
LIEN_BREAST_CARCINOMA_METAPLASTIC_VS_DUCTAL_DN	0.3153245662008016			
MIR199A_3P_MIR199B_3P	0.31531828105512183			
GO_METANEPHROS_MORPHOGENESIS	0.31528852069025115			
MIR3685	0.31525678360463527			
HOLLEMAN_ASPARAGINASE_RESISTANCE_B_ALL_DN	0.31524727954632814			
AP1_Q6_01	0.31523758875218716			
RGAANNTTC_HSF1_01	0.31521939825714224			
GSE24210_TCONV_VS_TREG_DN	0.31519293400594334			
GO_NEGATIVE_REGULATION_OF_VASCULAR_ASSOCIATED_SMOOTH_MUSCLE_CELL_MIGRATION	0.3151830288201537			
TGGTGCT_MIR29A_MIR29B_MIR29C	0.31517115837747633			
GO_REGULATION_OF_SODIUM_ION_TRANSPORT	0.3151462765950161			
IPA_SMAD1_UP	0.3151288989822488			
NAKAMURA_METASTASIS_MODEL_DN	0.31511398569441484			
GO_NEGATIVE_REGULATION_OF_INCLUSION_BODY_ASSEMBLY	0.3150992916351299			
MIR3657	0.31507880324775567			
PID_RET_PATHWAY	0.31507538218846165			
GO_LABYRINTHINE_LAYER_MORPHOGENESIS	0.31505606068195585			
GSE39820_CTRL_VS_TGFBETA1_IL6_CD4_TCELL_DN	0.3150523647943971			
GSE22935_WT_VS_MYD88_KO_MACROPHAGE_48H_MBOVIS_BCG_STIM_UP	0.3150464506992347			
GO_REGULATION_OF_SYSTEMIC_ARTERIAL_BLOOD_PRESSURE_BY_ENDOTHELIN	0.31504543427102655			
MIR3129_5P	0.31504430807229333			
RAY_TUMORIGENESIS_BY_ERBB2_CDC25A_DN	0.31503787126840627			
GO_INTERLEUKIN_1_ALPHA_SECRETION	0.31500025960907624			
GO_CARDIAC_NEURAL_CREST_CELL_DIFFERENTIATION_INVOLVED_IN_HEART_DEVELOPMENT	0.3149976072707642			
GO_ERAD_PATHWAY	0.31499007970691206			
CREB_02	0.31493971552907163			
GSE39382_IL3_VS_IL3_IL33_TREATED_MAST_CELL_DN	0.31491828065809985			
GESERICK_TERT_TARGETS_DN	0.3149012828197364			
GO_CELLULAR_RESPONSE_TO_HYDROGEN_PEROXIDE	0.31486545723767007			
GO_SYNAPTIC_CLEFT	0.3148452193223305			
ROZANOV_MMP14_TARGETS_SUBSET	0.31483360621725415			
TONKS_TARGETS_OF_RUNX1_RUNX1T1_FUSION_ERYTHROCYTE_UP	0.31482941966529343			
FEV_TARGET_GENES	0.31480810049595603			
GO_CDP_ALCOHOL_PHOSPHATIDYLTRANSFERASE_ACTIVITY	0.31480478384675153			
GTGCCAA_MIR96	0.3148013708851661			
GO_ACTIVATION_OF_MAPKK_ACTIVITY	0.3147909394673423			
GO_NEGATIVE_REGULATION_OF_ANIMAL_ORGAN_MORPHOGENESIS	0.31478065792225507			
GO_NEGATIVE_REGULATION_OF_CARTILAGE_DEVELOPMENT	0.3147695472898534			
GO_NEUROMUSCULAR_JUNCTION	0.31475664549497084			
GO_NEGATIVE_REGULATION_OF_CELL_POPULATION_PROLIFERATION	0.3147370239681514			
GO_CARTILAGE_DEVELOPMENT	0.3147328874816093			
GSE5960_TH1_VS_ANERGIC_TH1_DN	0.3147303251714652			
GO_CELL_SURFACE_RECEPTOR_SIGNALING_PATHWAY_INVOLVED_IN_HEART_DEVELOPMENT	0.3147212235486644			
GSE22103_UNSTIM_VS_LPS_STIM_NEUTROPHIL_DN	0.31463099390365157			
GO_CENTRAL_NERVOUS_SYSTEM_DEVELOPMENT	0.3146135989719514			
GO_REGULATION_OF_FIBROBLAST_GROWTH_FACTOR_RECEPTOR_SIGNALING_PATHWAY	0.3146117013904486			
IPA_DBP_UP	0.314584884399614			
GO_ENDOPLASMIC_RETICULUM_PALMITOYLTRANSFERASE_COMPLEX	0.3145813103841328			
DORSEY_GAB2_TARGETS	0.31457765706227564			
GO_REGULATION_OF_DENDRITIC_SPINE_DEVELOPMENT	0.3145754506898566			
GO_EXTRINSIC_COMPONENT_OF_PLASMA_MEMBRANE	0.3145660883472902			
MIR519C_3P	0.3145573057204975			
MIR206	0.3145065253684387			
REACTOME_AMPK_INHIBITS_CHREBP_TRANSCRIPTIONAL_ACTIVATION_ACTIVITY	0.3145022936566326			
GSE12963_UNINF_VS_ENV_AND_NEF_AND_VPR_DEFICIENT_HIV1_INF_CD4_TCELL_DN	0.3144627279255984			
COLINA_TARGETS_OF_4EBP1_AND_4EBP2	0.314433789976709			
GO_CATENIN_COMPLEX	0.31443223117575586			
GSE27859_DC_VS_CD11C_INT_F480_HI_MACROPHAGE_DN	0.3144231777763493			
GO_REGULATION_OF_VENTRICULAR_CARDIAC_MUSCLE_CELL_ACTION_POTENTIAL	0.3144217675338889			
IIZUKA_LIVER_CANCER_PROGRESSION_L0_L1_UP	0.31442115029609036			
GO_RESPONSE_TO_COLD	0.3143985183718842			
GSE24634_TEFF_VS_TCONV_DAY7_IN_CULTURE_DN	0.31439843561410186			
REACTOME_TNF_RECEPTOR_SUPERFAMILY_TNFSF_MEMBERS_MEDIATING_NON_CANONICAL_NF_KB_PATHWAY	0.3143252533036289			
GSE24972_WT_VS_IRF8_KO_MARGINAL_ZONE_SPLEEN_BCELL_UP	0.3143095714452572			
GSE29618_LAIV_VS_TIV_FLU_VACCINE_DAY7_PDC_DN	0.31426811974266117			
GO_NEGATIVE_REGULATION_OF_PLASMINOGEN_ACTIVATION	0.3142585210410559			
TONKS_TARGETS_OF_RUNX1_RUNX1T1_FUSION_MONOCYTE_UP	0.31424602955460934			
ALONSO_METASTASIS_EMT_UP	0.3142346842971162			
GO_NEGATIVE_REGULATION_OF_MESENCHYMAL_CELL_APOPTOTIC_PROCESS	0.31423377394838325			
PID_FRA_PATHWAY	0.3142043743389343			
GO_FIBROBLAST_GROWTH_FACTOR_BINDING	0.3141993209779507			
GO_NEGATIVE_REGULATION_OF_ANOIKIS	0.31416537986942145			
MIR519A_3P_MIR519B_3P	0.31415864577388786			
IPA_ATF3_DN	0.31415591157087414			
GO_RESPONSE_TO_LEPTIN	0.31410799589987287			
HERNANDEZ_MITOTIC_ARREST_BY_DOCETAXEL_2_UP	0.3141075648883286			
GO_CRANIAL_GANGLION_DEVELOPMENT	0.3141034080097852			
GSE17721_PAM3CSK4_VS_CPG_24H_BMDC_UP	0.3140542611559437			
GO_PROTEIN_TRANSPORT_WITHIN_LIPID_BILAYER	0.3140474701642414			
GEISS_RESPONSE_TO_DSRNA_UP	0.31401660077041665			
XU_RESPONSE_TO_TRETINOIN_DN	0.31399172892748095			
GO_APPENDAGE_MORPHOGENESIS	0.31397737838485146			
GO_MESENCHYMAL_CELL_PROLIFERATION	0.31395927619302966			
GO_GTP_RHO_BINDING	0.3139330707399897			
GSE3982_DC_VS_EFF_MEMORY_CD4_TCELL_UP	0.31392916473366117			
MIR302E	0.3138984359219838			
BURTON_ADIPOGENESIS_10	0.3138953139986544			
GO_POSITIVE_REGULATION_OF_PLASMA_MEMBRANE_BOUNDED_CELL_PROJECTION_ASSEMBLY	0.31383646387038033			
GSE43957_UNTREATED_VS_NACL_TREATED_ANTI_CD3_CD28_STIM_CD4_TCELL_UP	0.3138223098732881			
ACCAAAG_MIR9	0.31381324761369356			
GO_REGULATION_OF_CARDIAC_MUSCLE_CELL_ACTION_POTENTIAL_INVOLVED_IN_REGULATION_OF_CONTRACTION	0.313809806485082			
GO_APICOLATERAL_PLASMA_MEMBRANE	0.3137978099510424			
GO_CHAPERONE_COFACTOR_DEPENDENT_PROTEIN_REFOLDING	0.3137724210073287			
PDGF_UP.V1_UP	0.3137659166249423			
GO_CEREBRAL_CORTEX_CELL_MIGRATION	0.3137519624409592			
OLSSON_E2F3_TARGETS_DN	0.313742466742185			
GO_VIRAL_BUDDING_VIA_HOST_ESCRT_COMPLEX	0.3137391009541192			
GSE37301_HEMATOPOIETIC_STEM_CELL_VS_GRAN_MONO_PROGENITOR_DN	0.3137053785422959			
KHETCHOUMIAN_TRIM24_TARGETS_UP	0.31364954476790463			
SCHWAB_TARGETS_OF_BMYB_POLYMORPHIC_VARIANTS_DN	0.31363488604213247			
GSE4748_CTRL_VS_LPS_STIM_DC_3H_UP	0.3136230962930733			
GO_OSTEOBLAST_DIFFERENTIATION	0.31362194030959817			
GO_SMALL_GTPASE_BINDING	0.31360349923162134			
GRYDER_PAX3FOXO1_TOP_ENHANCERS	0.31359175631044467			
GO_EXTRACELLULAR_MATRIX_STRUCTURAL_CONSTITUENT	0.3135845894546031			
GO_NEGATIVE_REGULATION_OF_NEURON_DIFFERENTIATION	0.313572819306521			
GO_POSITIVE_REGULATION_OF_PEPTIDASE_ACTIVITY	0.3135607072065233			
GENTILE_UV_HIGH_DOSE_UP	0.31355601225558233			
CASORELLI_APL_SECONDARY_VS_DE_NOVO_UP	0.3135371926603771			
PRDM6_TARGET_GENES	0.3135298362911993			
GSE29618_MONOCYTE_VS_MDC_DAY7_FLU_VACCINE_UP	0.31351659033357887			
JOSEPH_RESPONSE_TO_SODIUM_BUTYRATE_UP	0.3135150953967574			
JAEGER_METASTASIS_DN	0.3135024027452542			
GO_PROTEIN_TARGETING_TO_VACUOLE	0.31349210255960036			
ATF5_TARGET_GENES	0.3134580052974741			
AIGNER_ZEB1_TARGETS	0.3134450513963951			
GSE17721_4_VS_24H_CPG_BMDC_UP	0.31343786002086926			
GSE5589_WT_VS_IL6_KO_LPS_AND_IL10_STIM_MACROPHAGE_45MIN_DN	0.3134318079729247			
GO_REGULATION_OF_ANATOMICAL_STRUCTURE_SIZE	0.3134255759083675			
MIR6827_5P	0.3133999445485311			
WATANABE_RECTAL_CANCER_RADIOTHERAPY_RESPONSIVE_DN	0.3133429869531845			
GSE17721_CTRL_VS_PAM3CSK4_4H_BMDC_DN	0.3133359449504283			
ATGAAGG_MIR205	0.31333451902646925			
WHITFIELD_CELL_CYCLE_M_G1	0.313327826925127			
GO_TUBE_CLOSURE	0.3133027302847965			
GO_GLUCOSYLCERAMIDE_METABOLIC_PROCESS	0.3132984980897403			
LIANG_HEMATOPOIESIS_STEM_CELL_NUMBER_SMALL_VS_HUGE_UP	0.3132813741550872			
REACTOME_CHONDROITIN_SULFATE_DERMATAN_SULFATE_METABOLISM	0.3132743319533153			
MIR371A_3P	0.3132432379236171			
CREB_Q4	0.31323511374010093			
GO_BRANCH_ELONGATION_OF_AN_EPITHELIUM	0.3132116975481606			
BALDWIN_PRKCI_TARGETS_UP	0.31320496849516277			
GO_TISSUE_REGENERATION	0.3131383299993375			
GO_AXO_DENDRITIC_TRANSPORT	0.3131343216650222			
GO_MESENCHYMAL_TO_EPITHELIAL_TRANSITION_INVOLVED_IN_METANEPHROS_MORPHOGENESIS	0.31309948757258044			
HALLMARK_UV_RESPONSE_UP	0.3130858109554245			
REACTOME_ACTIVATED_NTRK2_SIGNALS_THROUGH_FYN	0.3130764166879843			
IPA_NFE2L3_DN	0.3130588699668269			
GO_ESTABLISHMENT_OF_SERTOLI_CELL_BARRIER	0.3130517334559078			
GARGALOVIC_RESPONSE_TO_OXIDIZED_PHOSPHOLIPIDS_BROWN_UP	0.3130488120644105			
GO_REGULATION_OF_CALCINEURIN_MEDIATED_SIGNALING	0.3130390813024163			
GO_POSITIVE_REGULATION_OF_METALLOPEPTIDASE_ACTIVITY	0.3130355120975629			
GO_REGULATION_OF_CENTROSOME_DUPLICATION	0.31302241328499386			
GSE13411_SWITCHED_MEMORY_BCELL_VS_PLASMA_CELL_DN	0.3130154017130934			
GO_STRUCTURAL_CONSTITUENT_OF_MYELIN_SHEATH	0.313010447352986			
REACTOME_GLYCOSPHINGOLIPID_METABOLISM	0.31299303799493866			
PID_PRL_SIGNALING_EVENTS_PATHWAY	0.3129787075585537			
GO_GOLGI_RIBBON_FORMATION	0.31297437076263496			
IPA_PRRX1_UP	0.31294738516122744			
PID_ARF6_TRAFFICKING_PATHWAY	0.3129287377407141			
GO_NAD_BIOSYNTHESIS_VIA_NICOTINAMIDE_RIBOSIDE_SALVAGE_PATHWAY	0.31291288621608543			
HINATA_NFKB_TARGETS_KERATINOCYTE_DN	0.31291262742648895			
GO_GLIAL_CELL_DIFFERENTIATION	0.31290700958162454			
GO_MYOBLAST_FUSION	0.31290588248067897			
MIR6800_5P	0.3128977561529965			
LEE_AGING_NEOCORTEX_UP	0.3128779251381257			
SMID_BREAST_CANCER_BASAL_DN	0.3128627873402017			
MIR4530	0.3128605663788664			
GU_PDEF_TARGETS_UP	0.31284243583872406			
SIG_INSULIN_RECEPTOR_PATHWAY_IN_CARDIAC_MYOCYTES	0.31283349438020985			
DELACROIX_RAR_BOUND_ES	0.3128320965776298			
REACTOME_ADVANCED_GLYCOSYLATION_ENDPRODUCT_RECEPTOR_SIGNALING	0.31283017272336977			
GO_RESPONSE_TO_METAL_ION	0.3128239207334184			
MIR449B_5P	0.31279482706422324			
GO_DENDRITIC_GROWTH_CONE	0.31278508961523516			
KIM_WT1_TARGETS_8HR_DN	0.3127637758991869			
GO_CELLULAR_RESPONSE_TO_OSMOTIC_STRESS	0.31274147620380466			
GSE30971_CTRL_VS_LPS_STIM_MACROPHAGE_WBP7_KO_4H_UP	0.3127178029351178			
PID_LYSOPHOSPHOLIPID_PATHWAY	0.3127086901898233			
GSE22886_DC_VS_MONOCYTE_UP	0.3126676367905361			
GO_ASTROCYTE_ACTIVATION	0.3126575218185398			
BIOCARTA_PEPI_PATHWAY	0.3126314010462809			
GO_LUNG_VASCULATURE_DEVELOPMENT	0.3126052892588401			
GARGALOVIC_RESPONSE_TO_OXIDIZED_PHOSPHOLIPIDS_GREEN_UP	0.31258150959939524			
MIR3152_3P	0.31255344750496694			
GILDEA_METASTASIS	0.3125383592399383			
REACTOME_MET_ACTIVATES_RAS_SIGNALING	0.3125197430156003			
ACACTAC_MIR1423P	0.31249960314351516			
GO_REGULATION_OF_CELLULAR_RESPONSE_TO_TRANSFORMING_GROWTH_FACTOR_BETA_STIMULUS	0.3124992208552257			
TSAI_RESPONSE_TO_RADIATION_THERAPY	0.3124880385599046			
GO_REGULATION_OF_PROTEIN_MATURATION	0.3124770890567881			
TEAD2_TARGET_GENES	0.3124636837548574			
GO_LAMELLIPODIUM_ORGANIZATION	0.3124527900517644			
GO_PEPTIDASE_INHIBITOR_COMPLEX	0.3124492340247736			
GSE40274_IRF4_VS_FOXP3_AND_IRF4_TRANSDUCED_ACTIVATED_CD4_TCELL_DN	0.31244058406421205			
ODONNELL_TFRC_TARGETS_UP	0.3124347526463223			
KORKOLA_EMBRYONIC_CARCINOMA_VS_SEMINOMA_UP	0.3124297820685036			
GO_CHONDROCYTE_DIFFERENTIATION	0.31239380296064795			
GO_REGULATION_OF_WNT_SIGNALING_PATHWAY	0.312376545719845			
SMID_BREAST_CANCER_ERBB2_UP	0.3123080030402511			
MAHADEVAN_GIST_MORPHOLOGICAL_SWITCH	0.3122781927282744			
GO_WNT_PROTEIN_BINDING	0.31227638619205567			
LIEN_BREAST_CARCINOMA_METAPLASTIC_VS_DUCTAL_UP	0.3122666936861785			
MUELLER_METHYLATED_IN_GLIOBLASTOMA	0.3122189394723952			
GO_SPHINGOID_BIOSYNTHETIC_PROCESS	0.31214986166221065			
GSE17721_PAM3CSK4_VS_CPG_24H_BMDC_DN	0.3121496138219026			
COLDREN_GEFITINIB_RESISTANCE_DN	0.31214388840158847			
GSE43955_TH0_VS_TGFB_IL6_TH17_ACT_CD4_TCELL_1H_DN	0.31206722605058973			
RIGGI_EWING_SARCOMA_PROGENITOR_DN	0.3120395737474225			
GOBERT_OLIGODENDROCYTE_DIFFERENTIATION_DN	0.3120244920035405			
GO_IN_UTERO_EMBRYONIC_DEVELOPMENT	0.3120234445742138			
GO_ACTIVATION_OF_PROTEIN_KINASE_B_ACTIVITY	0.3120088295614981			
GO_POSITIVE_REGULATION_OF_GLYCOPROTEIN_METABOLIC_PROCESS	0.3119497229740573			
GO_REGULATION_OF_MITOCHONDRIAL_OUTER_MEMBRANE_PERMEABILIZATION_INVOLVED_IN_APOPTOTIC_SIGNALING_PATHWAY	0.31194686382784204			
GO_LAMELLIPODIUM_MEMBRANE	0.3119250952219569			
GO_AMYLOID_PRECURSOR_PROTEIN_CATABOLIC_PROCESS	0.3118753786913799			
GO_NEGATIVE_REGULATION_OF_AXON_GUIDANCE	0.31186409543400756			
GSE3039_CD4_TCELL_VS_B2_BCELL_DN	0.31186044082277864			
GO_NEURON_RECOGNITION	0.3118485951371708			
GO_MEMBRANE_COAT	0.31175067932675904			
GSE27786_NKTCELL_VS_ERYTHROBLAST_DN	0.31174648933384647			
GO_RUFFLE_MEMBRANE	0.3117267665748511			
MIR495_5P	0.31172519191468245			
GO_POSITIVE_REGULATION_OF_EPITHELIAL_CELL_DIFFERENTIATION_INVOLVED_IN_KIDNEY_DEVELOPMENT	0.311694351969194			
GO_EMBRYONIC_SKELETAL_JOINT_DEVELOPMENT	0.3116450263854			
GO_XENOBIOTIC_TRANSMEMBRANE_TRANSPORTER_ACTIVITY	0.3116277982304052			
MIR3188	0.3116271049626333			
REACTOME_RAF_INDEPENDENT_MAPK1_3_ACTIVATION	0.3115732297921226			
RIZ_ERYTHROID_DIFFERENTIATION_6HR	0.3115368792346572			
GSE9316_IL6_KO_VS_IFNG_KO_INVIVO_EXPANDED_CD4_TCELL_DN	0.31152345409549737			
GO_RETROGRADE_VESICLE_MEDIATED_TRANSPORT_GOLGI_TO_ENDOPLASMIC_RETICULUM	0.3115135391988649			
GSE36888_UNTREATED_VS_IL2_TREATED_TCELL_17H_DN	0.31151012024893854			
REACTOME_HSF1_DEPENDENT_TRANSACTIVATION	0.3114719614406893			
MIR3664_5P	0.31146809993484376			
GSE9509_10MIN_VS_30MIN_LPS_STIM_IL10_KO_MACROPHAGE_UP	0.31145852949123415			
GSE360_L_DONOVANI_VS_T_GONDII_DC_UP	0.31142741627442605			
GO_PERK_MEDIATED_UNFOLDED_PROTEIN_RESPONSE	0.31139258642421425			
GO_REGULATION_OF_MEMBRANE_REPOLARIZATION_DURING_ACTION_POTENTIAL	0.3113903292962021			
GO_MITOTIC_SPINDLE_ASTRAL_MICROTUBULE	0.3113682317753915			
KEGG_VIBRIO_CHOLERAE_INFECTION	0.31135727410581104			
TSC22D4_TARGET_GENES	0.31132299680328185			
GO_RESPONSE_TO_OSMOTIC_STRESS	0.3112906467027448			
GO_CYTOSKELETAL_PROTEIN_BINDING	0.31128936388898565			
MIR33B_3P	0.3112154183262896			
GSE14350_IL2RB_KO_VS_WT_TREG_DN	0.3112095426424347			
GO_TRANSCYTOSIS	0.31117978953985465			
IPA_PDX1_UP	0.3111716916192711			
GO_REGULATION_OF_MAPK_CASCADE	0.3111643985601751			
GSE9988_ANTI_TREM1_VS_LPS_MONOCYTE_UP	0.31116251137637957			
GSE37301_PRO_BCELL_VS_GRANULOCYTE_MONOCYTE_PROGENITOR_DN	0.3111544855935889			
GO_TRANSMEMBRANE_RECEPTOR_PROTEIN_TYROSINE_PHOSPHATASE_SIGNALING_PATHWAY	0.3111447847379007			
GO_ENDODERM_FORMATION	0.311137077311673			
MIR10401_3P	0.31112280161234585			
GO_AXON_EXTENSION	0.31111642343852297			
GSE7219_UNSTIM_VS_LPS_AND_ANTI_CD40_STIM_NIK_NFKB2_KO_DC_DN	0.311083635047955			
TIEN_INTESTINE_PROBIOTICS_2HR_UP	0.3110744661818878			
WOTTON_RUNX_TARGETS_UP	0.3110506467602847			
GSE35685_CD34POS_CD38NEG_VS_CD34POS_CD10NEG_CD62LPOS_BONE_MARROW_UP	0.31102561680272567			
MYLLYKANGAS_AMPLIFICATION_HOT_SPOT_7	0.3109759103553465			
GO_ACTIN_FILAMENT_SEVERING	0.3109713603306766			
GO_RESPONSE_TO_REACTIVE_OXYGEN_SPECIES	0.3109683125226464			
GO_NEURAL_TUBE_FORMATION	0.31096170904773535			
GO_PSEUDOPODIUM	0.31093980297911			
GO_NEGATIVE_REGULATION_OF_PHOSPHOLIPID_BIOSYNTHETIC_PROCESS	0.31091504106192963			
TOOKER_GEMCITABINE_RESISTANCE_UP	0.3109029009813668			
GO_CARDIAC_VENTRICLE_DEVELOPMENT	0.31090208823925625			
GSE1460_NAIVE_CD4_TCELL_ADULT_BLOOD_VS_THYMIC_STROMAL_CELL_DN	0.31089134389855816			
VANLOO_SP3_TARGETS_DN	0.3108899084072887			
WANG_NEOPLASTIC_TRANSFORMATION_BY_CCND1_MYC	0.3108731439339877			
KEGG_PATHWAYS_IN_CANCER	0.31086508084466136			
SIX1_TARGET_GENES	0.3108644526412851			
TONG_INTERACT_WITH_PTTG1	0.3108462976516253			
GO_NEGATIVE_REGULATION_OF_CELL_MOTILITY	0.3108427186829685			
HNRNPH1_TARGET_GENES	0.31081894454129094			
GO_DYNEIN_INTERMEDIATE_CHAIN_BINDING	0.3108089871064692			
GO_ACTIN_MEDIATED_CELL_CONTRACTION	0.31080824889176384			
MIR4707_5P	0.31080226385584575			
IPA_HIF1A_DN	0.3107960287046382			
GO_REGULATION_OF_NEURAL_PRECURSOR_CELL_PROLIFERATION	0.31079128617689616			
GO_CYTOPLASMIC_DYNEIN_COMPLEX	0.31076733012731894			
KYNG_WERNER_SYNDROM_AND_NORMAL_AGING_DN	0.3106769231441439			
GSE5589_WT_VS_IL6_KO_LPS_STIM_MACROPHAGE_45MIN_DN	0.31064462276648613			
GO_REGULATION_OF_SYSTEMIC_ARTERIAL_BLOOD_PRESSURE	0.3106364664206003			
BILD_CTNNB1_ONCOGENIC_SIGNATURE	0.3106361027607353			
GO_REGULATION_OF_MESONEPHROS_DEVELOPMENT	0.3106304461255414			
GRADE_COLON_AND_RECTAL_CANCER_UP	0.31062451364995014			
GSE20152_HTNFA_OVERXPRESS_ANKLE_VS_CTRL_SPHK1_KO_ANKLE_UP	0.3105861894179337			
IPA_YWHAE_UP	0.3105816482593129			
GO_CELLULAR_RESPONSE_TO_MECHANICAL_STIMULUS	0.31053038957995494			
GO_CARDIAC_SEPTUM_MORPHOGENESIS	0.31052405964014906			
FERREIRA_EWINGS_SARCOMA_UNSTABLE_VS_STABLE_DN	0.310511770240292			
GUO_HEX_TARGETS_UP	0.3104637677001111			
PID_ATF2_PATHWAY	0.3104544962607471			
GO_MOLTING_CYCLE_PROCESS	0.310445196554225			
TGACCTTG_SF1_Q6	0.31044363616707077			
GSE5455_HEALTHY_VS_TUMOR_BEARING_MOUSE_SPLEEN_MONOCYTE_24H_INCUBATION_UP	0.31042556252452747			
REACTOME_APOPTOTIC_CLEAVAGE_OF_CELLULAR_PROTEINS	0.3103378282317462			
PID_FOXO_PATHWAY	0.3103275861685352			
MIR4308	0.3102995238809339			
TIEN_INTESTINE_PROBIOTICS_24HR_DN	0.310287681763421			
GO_FIBRINOLYSIS	0.3102795020508446			
GO_NEURON_PROJECTION_EXTENSION	0.310275706773445			
SUH_COEXPRESSED_WITH_ID1_AND_ID2_UP	0.31027357485626567			
GO_LABYRINTHINE_LAYER_DEVELOPMENT	0.310243253843197			
GO_SENSORY_ORGAN_MORPHOGENESIS	0.3102418772188103			
ZHU_SKIL_TARGETS_UP	0.31022341064385006			
GSE16385_UNTREATED_VS_12H_ROSIGLITAZONE_TREATED_MACROPHAGE_UP	0.3102223076654433			
GO_KERATINIZATION	0.3101809489708709			
PID_INSULIN_PATHWAY	0.3101624552767533			
GSE41176_UNSTIM_VS_ANTI_IGM_STIM_BCELL_3H_UP	0.3101236634232646			
CROMER_TUMORIGENESIS_UP	0.3100984883084795			
SUPT16H_TARGET_GENES	0.3100973034087809			
CAGGTA_AREB6_01	0.31004788359546337			
HOWLIN_CITED1_TARGETS_2_DN	0.310003070196521			
KAPOSI_LIVER_CANCER_MET_UP	0.3099635347415952			
RYBP_TARGET_GENES	0.30990898120347016			
CSR_EARLY_UP.V1_UP	0.3098919983544277			
GO_EPHRIN_RECEPTOR_BINDING	0.3098611936310329			
GSE24210_IL35_TREATED_VS_RESTING_TREG_DN	0.30985295707878774			
ESC_V6.5_UP_LATE.V1_UP	0.3098415948617139			
BCAT.100_UP.V1_UP	0.30982823694634415			
GO_TRANS_GOLGI_NETWORK_TRANSPORT_VESICLE	0.3097710989113182			
GSE25123_WT_VS_PPARG_KO_MACROPHAGE_ROSIGLITAZONE_STIM_UP	0.3097645399514128			
FOSTER_TOLERANT_MACROPHAGE_DN	0.3097485751341469			
GO_ENDOPLASMIC_RETICULUM_CALCIUM_ION_HOMEOSTASIS	0.30974837636128794			
GSE339_CD8POS_VS_CD4CD8DN_DC_IN_CULTURE_UP	0.30973261476771174			
GO_VIRION_ATTACHMENT_TO_HOST_CELL	0.3097256945068109			
GO_VASCULOGENESIS	0.30971158141204524			
CREIGHTON_ENDOCRINE_THERAPY_RESISTANCE_1	0.30970411692740846			
GO_BIOLOGICAL_PHASE	0.3096947276402164			
MIR503_3P	0.30969154306472074			
IPA_GLI1_UP	0.3096909859586844			
SP1_Q6_01	0.30968791429301584			
GSE3982_MAC_VS_EFF_MEMORY_CD4_TCELL_UP	0.3096852171221963			
MARTORIATI_MDM4_TARGETS_FETAL_LIVER_UP	0.3096849465851169			
GSE22886_NAIVE_CD8_TCELL_VS_DC_DN	0.30965700910279587			
GO_ODONTOGENESIS	0.3096322349393792			
GSE5589_WT_VS_IL10_KO_LPS_AND_IL6_STIM_MACROPHAGE_45MIN_UP	0.3095810428175932			
MIR216A_3P	0.309569040504375			
BIOCARTA_PLATELETAPP_PATHWAY	0.30956730022138623			
GO_SCAFFOLD_PROTEIN_BINDING	0.30956627805257264			
GO_TETRASPANIN_ENRICHED_MICRODOMAIN	0.30955128954951167			
GO_SEMAPHORIN_PLEXIN_SIGNALING_PATHWAY_INVOLVED_IN_NEURON_PROJECTION_GUIDANCE	0.30954682399443467			
GO_REGULATION_OF_CELLULAR_RESPONSE_TO_HYPOXIA	0.30951636574324587			
GSE360_CTRL_VS_L_MAJOR_MAC_DN	0.3094892934358099			
GSE16451_IMMATURE_VS_MATURE_NEURON_CELL_LINE_WEST_EQUINE_ENC_VIRUS_UP	0.30948731127004503			
PID_CERAMIDE_PATHWAY	0.3094854313396203			
WATANABE_ULCERATIVE_COLITIS_WITH_CANCER_UP	0.30947269542176137			
GO_REGULATION_OF_METANEPHROS_DEVELOPMENT	0.3094580656899323			
GSE27670_CTRL_VS_BLIMP1_TRANSDUCED_GC_BCELL_UP	0.30944142498448596			
REACTOME_ELASTIC_FIBRE_FORMATION	0.3094375847598817			
GSE29164_DAY3_VS_DAY7_UNTREATED_MELANOMA_DN	0.30940302313198603			
BILANGES_SERUM_SENSITIVE_VIA_TSC1	0.309393440059673			
MIR103B	0.3093928396021601			
GO_REGULATION_OF_ESTABLISHMENT_OF_PLANAR_POLARITY	0.3093884346290995			
GO_HEAD_MORPHOGENESIS	0.3093467148471151			
FOURNIER_ACINAR_DEVELOPMENT_EARLY_UP	0.30933526944915984			
GO_NEGATIVE_REGULATION_OF_CELL_DEVELOPMENT	0.30932694116655757			
IIZUKA_LIVER_CANCER_PROGRESSION_G2_G3_UP	0.3092746096082596			
GO_TRANSCRIPTION_REGULATOR_RECRUITING_ACTIVITY	0.309265887807872			
HAHTOLA_MYCOSIS_FUNGOIDES_CD4_UP	0.3092611293790276			
SMIRNOV_CIRCULATING_ENDOTHELIOCYTES_IN_CANCER_UP	0.3092530244205623			
GSE26351_UNSTIM_VS_WNT_PATHWAY_STIM_HEMATOPOIETIC_PROGENITORS_DN	0.30924231038421873			
NABA_ECM_REGULATORS	0.3092197073844099			
MIR6857_5P	0.3092128874591177			
AREB6_02	0.3091838125105283			
GO_REGULATION_OF_CELLULAR_RESPONSE_TO_GROWTH_FACTOR_STIMULUS	0.3091803873494405			
GO_SULFURIC_ESTER_HYDROLASE_ACTIVITY	0.3091556414787455			
LEIN_MEDULLA_MARKERS	0.30913759187729983			
KANG_IMMORTALIZED_BY_TERT_UP	0.30910721682687164			
ABBUD_LIF_SIGNALING_2_UP	0.30907281926145636			
SMITH_LIVER_CANCER	0.30904041184911807			
GO_RENAL_SYSTEM_PROCESS_INVOLVED_IN_REGULATION_OF_BLOOD_VOLUME	0.30901941521014026			
MIR3920	0.30901791743973334			
LIU_CDX2_TARGETS_DN	0.3090058636227364			
GO_POSITIVE_REGULATION_OF_HOMOTYPIC_CELL_CELL_ADHESION	0.30899373756740117			
GO_INTRINSIC_COMPONENT_OF_VACUOLAR_MEMBRANE	0.3089915670117169			
GO_REGULATION_OF_BINDING	0.3089781509084033			
MARTIN_VIRAL_GPCR_SIGNALING_UP	0.30896485444458516			
GO_INTRAMEMBRANE_LIPID_TRANSPORTER_ACTIVITY	0.30892655960833215			
BLUM_RESPONSE_TO_SALIRASIB_UP	0.30891590551919207			
GO_VITAMIN_BINDING	0.3089143225463062			
WILLIAMS_ESR2_TARGETS_UP	0.3088777510130988			
GSE22886_TH1_VS_TH2_12H_ACT_UP	0.3088584658074652			
GO_NEURON_PROJECTION_CYTOPLASM	0.30884596585850593			
BROWNE_HCMV_INFECTION_6HR_DN	0.3088316422832616			
GO_NEGATIVE_REGULATION_OF_CHEMOKINE_SECRETION	0.3088310962914889			
GO_CEREBRAL_CORTEX_DEVELOPMENT	0.3088146816820579			
GO_CELL_FATE_DETERMINATION	0.3087923275707959			
BIOCARTA_VITCB_PATHWAY	0.30872586933714663			
GSE43955_TH0_VS_TGFB_IL6_IL23_TH17_ACT_CD4_TCELL_52H_DN	0.3087226227975535			
IPA_ELF3_DN	0.30872198362659325			
GSE19198_6H_VS_24H_IL21_TREATED_TCELL_UP	0.30869193286161134			
WANG_RECURRENT_LIVER_CANCER_UP	0.3086908437584245			
GSE9037_WT_VS_IRAK4_KO_BMDM_UP	0.3086902185922111			
XU_HGF_TARGETS_REPRESSED_BY_AKT1_UP	0.3086809636669279			
GSE7400_CTRL_VS_CSF3_IN_VIVO_TREATED_PBMC_DN	0.30867354251294654			
GO_REGULATION_OF_EPITHELIAL_TUBE_FORMATION	0.3086717708038957			
GO_DISACCHARIDE_BIOSYNTHETIC_PROCESS	0.30864560713084205			
GO_REGULATION_OF_INTRACELLULAR_SIGNAL_TRANSDUCTION	0.30860444039093926			
BCAT_BILD_ET_AL_UP	0.30854766782321125			
COLIN_PILOCYTIC_ASTROCYTOMA_VS_GLIOBLASTOMA_UP	0.3085451654942025			
GSE7852_TREG_VS_TCONV_UP	0.3085362871472989			
GO_RAB_PROTEIN_SIGNAL_TRANSDUCTION	0.3085333167904881			
NKX2_5_TARGET_GENES	0.30849450849286797			
GO_ACTIVATION_OF_CYSTEINE_TYPE_ENDOPEPTIDASE_ACTIVITY_INVOLVED_IN_APOPTOTIC_PROCESS_BY_CYTOCHROME_C	0.3084582710906297			
GSE23502_BM_VS_COLON_TUMOR_MYELOID_DERIVED_SUPPRESSOR_CELL_UP	0.308449760980832			
GO_RHO_PROTEIN_SIGNAL_TRANSDUCTION	0.3084497079204124			
IPA_NFATC1_DN	0.30843382765048294			
HOOI_ST7_TARGETS_UP	0.3084324409658411			
GO_NEGATIVE_REGULATION_OF_CELLULAR_RESPONSE_TO_TRANSFORMING_GROWTH_FACTOR_BETA_STIMULUS	0.30842291257342			
GO_REGULATION_OF_EXTENT_OF_CELL_GROWTH	0.30837164080021356			
REACTOME_NETRIN_1_SIGNALING	0.30835252422068626			
HOSHIDA_LIVER_CANCER_SUBCLASS_S3	0.30835141847416675			
GO_CELL_DIFFERENTIATION_INVOLVED_IN_EMBRYONIC_PLACENTA_DEVELOPMENT	0.3083486036758967			
MIR544A	0.30834849500609746			
GO_POSITIVE_REGULATION_OF_CHONDROCYTE_DIFFERENTIATION	0.30834732683189936			
SS18_SSX1_FUSION_TARGET_GENES	0.3083074148605321			
CACBINDINGPROTEIN_Q6	0.30824782859196237			
GO_MESODERMAL_CELL_DIFFERENTIATION	0.3082368732359795			
MIR609	0.3082241650064544			
INGRAM_SHH_TARGETS_UP	0.3082202545491776			
MIR1825	0.3082099190761766			
REACTOME_CALNEXIN_CALRETICULIN_CYCLE	0.30817892649375944			
CHIARADONNA_NEOPLASTIC_TRANSFORMATION_CDC25_UP	0.3081693980355609			
REACTOME_KERATINIZATION	0.3081444766153154			
GSE34156_UNTREATED_VS_6H_TLR1_TLR2_LIGAND_TREATED_MONOCYTE_DN	0.3081362454391464			
PID_INTEGRIN_A4B1_PATHWAY	0.30812222228705505			
KYNG_WERNER_SYNDROM_DN	0.30806820254986644			
GO_EPITHELIAL_TUBE_FORMATION	0.3080671865296891			
REACTOME_SIGNALING_BY_ERBB4	0.3080486602049239			
GO_SYNAPSE_ASSEMBLY	0.30802183700820046			
SWEET_KRAS_TARGETS_DN	0.30802123372385465			
GSE22886_TH1_VS_TH2_12H_ACT_DN	0.3080095319728735			
GSE2585_AIRE_KO_VS_WT_CD80_LOW_MTEC_DN	0.3080077230212816			
REACTOME_NOTCH3_ACTIVATION_AND_TRANSMISSION_OF_SIGNAL_TO_THE_NUCLEUS	0.3079881499506337			
REACTOME_SIGNALING_BY_TGF_BETA_FAMILY_MEMBERS	0.30798409523547304			
SMID_BREAST_CANCER_RELAPSE_IN_PLEURA_DN	0.30798327334117437			
MIR5187_5P	0.3079780592627061			
GO_THIOREDOXIN_DISULFIDE_REDUCTASE_ACTIVITY	0.30794234292537115			
TONKS_TARGETS_OF_RUNX1_RUNX1T1_FUSION_SUSTAINED_IN_MONOCYTE_UP	0.3079370021011002			
GSE21379_TFH_VS_NON_TFH_SAP_KO_CD4_TCELL_DN	0.30791676285095493			
GRANDVAUX_IRF3_TARGETS_DN	0.30787881897908703			
MIR100_3P	0.30784686641481457			
REACTOME_BUDDING_AND_MATURATION_OF_HIV_VIRION	0.30783299072392684			
GO_BODY_FLUID_SECRETION	0.3078239307212328			
ZNF512B_TARGET_GENES	0.3078200170401826			
STEARMAN_LUNG_CANCER_EARLY_VS_LATE_DN	0.3078178732195261			
STREICHER_LSM1_TARGETS_DN	0.30780001506520044			
IPA_FOS_UP	0.30779721294453893			
MIR5007_5P	0.3077938597121779			
REACTOME_INSERTION_OF_TAIL_ANCHORED_PROTEINS_INTO_THE_ENDOPLASMIC_RETICULUM_MEMBRANE	0.30774251175034695			
GO_POSITIVE_REGULATION_OF_INTRACELLULAR_PROTEIN_TRANSPORT	0.30772688604782056			
REACTOME_NEGATIVE_REGULATION_OF_MAPK_PATHWAY	0.307725008960102			
DASU_IL6_SIGNALING_DN	0.3076789588964635			
GSE22196_HEALTHY_VS_OBESE_MOUSE_SKIN_GAMMADELTA_TCELL_DN	0.3076318628004442			
GO_APOPTOTIC_MITOCHONDRIAL_CHANGES	0.3076282340930811			
MIR6852_3P	0.3075942091293489			
GSE44955_MCSF_VS_MCSF_AND_IL27_STIM_MACROPHAGE_UP	0.3075523646556694			
KANG_DOXORUBICIN_RESISTANCE_DN	0.30755095886324574			
LINDGREN_BLADDER_CANCER_CLUSTER_3_DN	0.30754953207922975			
GO_LIPASE_INHIBITOR_ACTIVITY	0.3075319121052881			
GO_REGULATION_OF_HORMONE_BIOSYNTHETIC_PROCESS	0.3075111578389737			
TCANNTGAY_SREBP1_01	0.3075111075251408			
GTGCCTT_MIR506	0.3075023196735198			
HNF3ALPHA_Q6	0.3074966581231659			
GO_NEUTROPHIL_APOPTOTIC_PROCESS	0.3074924950560789			
GSE1925_CTRL_VS_IFNG_PRIMED_MACROPHAGE_UP	0.3074885014420571			
GSE360_CTRL_VS_L_MAJOR_DC_DN	0.3074775800322466			
IPA_SET_UP	0.3074666535441482			
ACEVEDO_LIVER_CANCER_UP	0.3074582647127127			
GO_CHLORIDE_TRANSPORT	0.30745175370813543			
GSE16385_ROSIGLITAZONE_VS_UNTREATED_IFNG_TNF_STIM_MACROPHAGE_UP	0.30739768112922145			
GSE2585_CTEC_VS_MTEC_THYMUS_UP	0.30738974272053726			
GSE18148_CBFB_KO_VS_WT_TREG_UP	0.3073756863856698			
RODRIGUES_NTN1_AND_DCC_TARGETS	0.30731443845352074			
GO_CYTOKINESIS	0.30730777578197704			
GSE2405_S_AUREUS_VS_A_PHAGOCYTOPHILUM_NEUTROPHIL_UP	0.30729447482599226			
GSE24972_MARGINAL_ZONE_BCELL_VS_FOLLICULAR_BCELL_IRF8_KO_UP	0.3072716161931481			
GSE15330_HSC_VS_MEGAKARYOCYTE_ERYTHROID_PROGENITOR_IKAROS_KO_UP	0.30725721377731535			
DOUGLAS_BMI1_TARGETS_UP	0.30724078597879434			
MIF1_01	0.3072230974566872			
WANG_ADIPOGENIC_GENES_REPRESSED_BY_SIRT1	0.3072229631327714			
WIERENGA_STAT5A_TARGETS_GROUP1	0.30721290346036684			
TRAYNOR_RETT_SYNDROM_UP	0.307200551840367			
STEARMAN_TUMOR_FIELD_EFFECT_UP	0.30718450893983157			
GO_REGULATION_OF_INTEGRIN_MEDIATED_SIGNALING_PATHWAY	0.3071730828338635			
GO_OXIDOREDUCTASE_ACTIVITY_ACTING_ON_PAIRED_DONORS_WITH_INCORPORATION_OR_REDUCTION_OF_MOLECULAR_OXYGEN	0.307155551197307			
GSE1460_NAIVE_CD4_TCELL_CORD_BLOOD_VS_THYMIC_STROMAL_CELL_DN	0.30713593489592894			
GSE3982_MAST_CELL_VS_EFF_MEMORY_CD4_TCELL_UP	0.3071166586785358			
MIR4276	0.30710628957223063			
ROY_WOUND_BLOOD_VESSEL_DN	0.3070640738755725			
GSE12392_WT_VS_IFNB_KO_CD8A_POS_SPLEEN_DC_UP	0.30704648959806136			
GO_POSITIVE_REGULATION_OF_CELL_MORPHOGENESIS_INVOLVED_IN_DIFFERENTIATION	0.30704123033695563			
GO_DOPAMINERGIC_NEURON_DIFFERENTIATION	0.3070399173380315			
TIEN_INTESTINE_PROBIOTICS_6HR_UP	0.30703340653085615			
GO_POSITIVE_REGULATION_OF_OSSIFICATION	0.3069820158026898			
GSE13411_IGM_VS_SWITCHED_MEMORY_BCELL_UP	0.3069774165184627			
ZSCAN30_TARGET_GENES	0.3069476430508572			
GO_ESTABLISHMENT_OF_EPITHELIAL_CELL_POLARITY	0.3069441319171713			
GO_POSITIVE_REGULATION_OF_TRANSFORMING_GROWTH_FACTOR_BETA1_PRODUCTION	0.30691559989517986			
GSE22611_NOD2_TRANSD_VS_CTRL_TRANSD_HEK293_MDP_STIM_2H_UP	0.3069002354581409			
ATF3_Q6	0.30687121321238753			
GSE35825_UNTREATED_VS_IFNG_STIM_MACROPHAGE_UP	0.30684157365348874			
GSE37336_LY6C_POS_VS_NEG_NAIVE_CD4_TCELL_UP	0.3068321203306767			
HAHTOLA_MYCOSIS_FUNGOIDES_SKIN_DN	0.3068202194318993			
GO_HAIR_FOLLICLE_MATURATION	0.30677153625598846			
GSE15324_ELF4_KO_VS_WT_NAIVE_CD8_TCELL_DN	0.30677030713754144			
BURTON_ADIPOGENESIS_PEAK_AT_8HR	0.30676222518431906			
REACTOME_MET_RECEPTOR_ACTIVATION	0.30673082573780475			
MIR4661_3P	0.30672728102801267			
SENESE_HDAC2_TARGETS_UP	0.3066968321497223			
GO_STRUCTURAL_CONSTITUENT_OF_SYNAPSE	0.306678344114677			
GSE6259_FLT3L_INDUCED_33D1_POS_DC_VS_CD8_TCELL_UP	0.3066500256622682			
GSE15659_NAIVE_CD4_TCELL_VS_NONSUPPRESSIVE_TCELL_DN	0.3066429226129733			
AMIT_EGF_RESPONSE_40_HELA	0.30663930140435286			
GO_ENDOCRINE_PANCREAS_DEVELOPMENT	0.3066037202091783			
IPA_PAX3_UP	0.3065918622163072			
GO_OSSIFICATION	0.306588490895511			
IPA_MZF1_UP	0.3065837819284038			
GO_PROTEIN_PROCESSING	0.30657478211990946			
GO_POSITIVE_REGULATION_OF_CELLULAR_COMPONENT_ORGANIZATION	0.306553622855223			
REACTOME_N_GLYCAN_TRIMMING_IN_THE_ER_AND_CALNEXIN_CALRETICULIN_CYCLE	0.30655277798831393			
GSE36826_WT_VS_IL1R_KO_SKIN_STAPH_AUREUS_INF_DN	0.30653308923734485			
NAKAMURA_METASTASIS_MODEL_UP	0.3065168838522131			
GO_14_3_3_PROTEIN_BINDING	0.30651266155367707			
GSE9988_ANTI_TREM1_VS_LOW_LPS_MONOCYTE_UP	0.3064977009601964			
GSE32034_LY6C_HIGH_VS_LOW_MONOCYTE_UP	0.3064334154760259			
GO_PROTEIN_KINASE_B_SIGNALING	0.3064041099724301			
TTGGAGA_MIR5155P_MIR519E	0.3063981690595202			
GO_SCHMIDT_LANTERMAN_INCISURE	0.3063797891687482			
KESHELAVA_MULTIPLE_DRUG_RESISTANCE	0.3063178910512335			
GO_REGULATION_OF_RECEPTOR_MEDIATED_ENDOCYTOSIS	0.3063104649049571			
REACTOME_INTEGRIN_CELL_SURFACE_INTERACTIONS	0.3063089135343408			
GO_NEGATIVE_REGULATION_OF_SPROUTING_ANGIOGENESIS	0.3062805050298532			
GSE11961_MARGINAL_ZONE_BCELL_VS_GERMINAL_CENTER_BCELL_DAY40_DN	0.3062694315140049			
MIR4675	0.30625876201279373			
GO_COLUMNAR_CUBOIDAL_EPITHELIAL_CELL_DIFFERENTIATION	0.30624847388950593			
GSE27241_WT_VS_RORGT_KO_TH17_POLARIZED_CD4_TCELL_TREATED_WITH_DIGOXIN_DN	0.3062356126033679			
AP2REP_01	0.3062333987916133			
GO_POSITIVE_REGULATION_OF_VASCULAR_ENDOTHELIAL_GROWTH_FACTOR_SIGNALING_PATHWAY	0.30622924256925693			
ZNF133_TARGET_GENES	0.3061944811891338			
MIR3910	0.30619131399613775			
GO_NEGATIVE_REGULATION_OF_PROTEIN_MATURATION	0.3061831342739547			
WEST_ADRENOCORTICAL_TUMOR_DN	0.3061717648010819			
GO_REGULATION_OF_RECEPTOR_RECYCLING	0.3061099226700586			
ZIRN_TRETINOIN_RESPONSE_WT1_UP	0.30609843869546216			
IPA_FOS_DN	0.30607924642301726			
BROWNE_HCMV_INFECTION_48HR_DN	0.3060734520953636			
GO_AXONAL_FASCICULATION	0.3060466287377245			
GSE26030_TH1_VS_TH17_RESTIMULATED_DAY5_POST_POLARIZATION_DN	0.3060296848500867			
GSE22886_NAIVE_BCELL_VS_BM_PLASMA_CELL_DN	0.3060296572230861			
GO_CHORIO_ALLANTOIC_FUSION	0.3060291683003899			
GSE19888_ADENOSINE_A3R_INH_VS_ACT_IN_MAST_CELL_UP	0.3060212728254334			
ZHOU_CELL_CYCLE_GENES_IN_IR_RESPONSE_2HR	0.3060140135909886			
GO_COLLATERAL_SPROUTING_IN_ABSENCE_OF_INJURY	0.30601357177478783			
GO_GALACTOSYLTRANSFERASE_ACTIVITY	0.3060037777331369			
GO_NERVE_DEVELOPMENT	0.30597992377545546			
RICKMAN_METASTASIS_DN	0.3059707841760139			
GSE12198_NK_VS_NK_ACT_EXPANSION_SYSTEM_DERIVED_NK_CELL_DN	0.30593670394214434			
GSE3982_NKCELL_VS_TH1_UP	0.30589949503081293			
GO_LIPID_METABOLIC_PROCESS	0.30588178547387834			
TCCATTKW_UNKNOWN	0.305877678178723			
JECHLINGER_EPITHELIAL_TO_MESENCHYMAL_TRANSITION_UP	0.3058421537989935			
GO_ANION_TRANSPORT	0.3058227948441903			
GO_LIPID_LOCALIZATION	0.3058206509629495			
GO_REGULATION_OF_GLIAL_CELL_APOPTOTIC_PROCESS	0.3058198239648641			
GSE29615_CTRL_VS_DAY3_LAIV_IFLU_VACCINE_PBMC_UP	0.3058139485232127			
HNF4ALPHA_Q6	0.3057781641006292			
GSE15767_MED_VS_SCS_MAC_LN_UP	0.30575175243771724			
GO_SECRETORY_VESICLE	0.3057438859100237			
GO_POTASSIUM_ION_BINDING	0.30571040043106			
GO_DIGESTION	0.30569914887155014			
GO_ASPARTIC_TYPE_ENDOPEPTIDASE_INHIBITOR_ACTIVITY	0.3056611838030668			
GO_ESTABLISHMENT_OF_PROTEIN_LOCALIZATION_TO_VACUOLE	0.3056592118079794			
MIR1_3P	0.30565035639460814			
GO_DENDRITE_DEVELOPMENT	0.3056257881954965			
GO_NEGATIVE_REGULATION_OF_TRANSFORMING_GROWTH_FACTOR_BETA_PRODUCTION	0.30561918011418987			
GO_CYTOPLASMIC_REGION	0.3056128894589359			
GO_REGULATION_OF_PROTEIN_TARGETING_TO_MEMBRANE	0.30558467996700184			
GO_REGULATION_OF_NEUROTRANSMITTER_RECEPTOR_ACTIVITY	0.30557814834901104			
GSE15330_HSC_VS_MEGAKARYOCYTE_ERYTHROID_PROGENITOR_IKAROS_KO_DN	0.30557799313573336			
GO_POSITIVE_REGULATION_OF_NEUROMUSCULAR_JUNCTION_DEVELOPMENT	0.30557648161639034			
ZWANG_EGF_PERSISTENTLY_DN	0.30556032650895215			
GO_REGULATION_OF_STEROID_HORMONE_BIOSYNTHETIC_PROCESS	0.30555824467754134			
IL21_UP.V1_DN	0.3055257200665698			
GSE1925_CTRL_VS_3H_IFNG_STIM_IFNG_PRIMED_MACROPHAGE_DN	0.30552400805179425			
GSE37301_HEMATOPOIETIC_STEM_CELL_VS_LYMPHOID_PRIMED_MPP_DN	0.3054521535680319			
GHANDHI_DIRECT_IRRADIATION_UP	0.30544984001498193			
SENESE_HDAC1_AND_HDAC2_TARGETS_UP	0.3054235258381675			
GO_SECRETORY_GRANULE	0.3054109902011019			
REACTOME_CELLULAR_HEXOSE_TRANSPORT	0.30538621903162755			
MIR200A_5P	0.305374766249358			
GO_NEGATIVE_REGULATION_OF_CATALYTIC_ACTIVITY	0.3053595018396038			
HOXB4_TARGET_GENES	0.30535444426480784			
STONER_ESOPHAGEAL_CARCINOGENESIS_UP	0.30534250829421367			
GROSS_ELK3_TARGETS_DN	0.3053368397912045			
MIR302A_3P_MIR302B_3P_MIR302C_3P_MIR302D_3P	0.3053110114146744			
JI_RESPONSE_TO_FSH_UP	0.30529568880684593			
IPA_MYCN_DN	0.3052913780143364			
BLALOCK_ALZHEIMERS_DISEASE_UP	0.30525277165765846			
GSE29949_CD8_NEG_DC_SPLEEN_VS_MONOCYTE_BONE_MARROW_UP	0.3052520949975441			
LOPEZ_MESOTHELIOMA_SURVIVAL_DN	0.3052406308802781			
GSE20366_TREG_VS_NAIVE_CD4_TCELL_DEC205_CONVERSION_UP	0.30523153498752037			
WANG_BARRETTS_ESOPHAGUS_AND_ESOPHAGUS_CANCER_UP	0.30522611473385036			
MIR196A_3P	0.30519106940434876			
GO_NEURON_PROJECTION_ORGANIZATION	0.3051802552037711			
GO_VESICLE_COAT	0.30517104158814834			
GO_CILIARY_TIP	0.3051608418676944			
JOHANSSON_GLIOMAGENESIS_BY_PDGFB_DN	0.3051517113198563			
GO_NEGATIVE_REGULATION_OF_PROTEIN_BINDING	0.30514969054232133			
GO_REGULATION_OF_LYMPHANGIOGENESIS	0.30514330560119823			
MIR128_3P	0.3051182663828609			
MIR4733_5P	0.30510837837411886			
GSE16451_CTRL_VS_WEST_EQUINE_ENC_VIRUS_MATURE_NEURON_CELL_LINE_DN	0.3050851003898573			
GSE21063_CTRL_VS_ANTI_IGM_STIM_BCELL_NFATC1_KO_3H_UP	0.30507616986690267			
GO_NOTCH_RECEPTOR_PROCESSING	0.3050651521729478			
GO_PALMITOYLTRANSFERASE_COMPLEX	0.3050541663043142			
LIM_MAMMARY_LUMINAL_PROGENITOR_UP	0.3050540276628804			
GO_STEREOCILIUM_TIP	0.30503874733770214			
GO_DITERPENOID_BIOSYNTHETIC_PROCESS	0.30501807092586225			
IPA_FOXA1_DN	0.30501795871752757			
ONKEN_UVEAL_MELANOMA_UP	0.30500782701032497			
GAGCCAG_MIR149	0.30500585013888076			
PTEN_DN.V2_UP	0.3049698427239828			
GSE4748_CYANOBACTERIUM_LPSLIKE_VS_LPS_AND_CYANOBACTERIUM_LPSLIKE_STIM_DC_3H_DN	0.3049649991513413			
GO_PHOSPHATIDYLINOSITOL_3_5_BISPHOSPHATE_BINDING	0.304962959600759			
CP2_02	0.3049493630606249			
chr1q41	0.3049383071038171			
MIR548B_3P	0.3049218556758888			
MIR449A	0.30490713141522074			
LUCAS_HNF4A_TARGETS_UP	0.3049066130050187			
WILLIAMS_ESR1_TARGETS_DN	0.30488652870602617			
GO_REGULATION_OF_MACROPHAGE_DERIVED_FOAM_CELL_DIFFERENTIATION	0.3048751405605987			
GSE44732_UNSTIM_VS_IL27_STIM_IMATURE_DC_DN	0.30486465225725495			
WANG_MLL_TARGETS	0.30486182293967673			
AGARWAL_AKT_PATHWAY_TARGETS	0.3048500426650356			
REACTOME_ACTIVATED_NTRK2_SIGNALS_THROUGH_CDK5	0.3048190089492786			
KEGG_RENAL_CELL_CARCINOMA	0.3048153385785339			
SINGH_KRAS_DEPENDENCY_SIGNATURE	0.30481048795581267			
GSE12392_CD8A_POS_VS_NEG_SPLEEN_IFNB_KO_DC_UP	0.3047974498572664			
GO_NEGATIVE_REGULATION_OF_TRANSMEMBRANE_RECEPTOR_PROTEIN_SERINE_THREONINE_KINASE_SIGNALING_PATHWAY	0.3047808608194403			
APPEL_IMATINIB_RESPONSE	0.30477339148198			
ZA_Q9UM89_TARGET_GENES	0.304772813729193			
GO_REGULATION_OF_RECEPTOR_CATABOLIC_PROCESS	0.30476848655648986			
GO_HEPARAN_SULFATE_PROTEOGLYCAN_BIOSYNTHETIC_PROCESS	0.30476703729350596			
GO_PHARYNGEAL_SYSTEM_DEVELOPMENT	0.3047620629775698			
GSE32986_GMCSF_VS_GMCSF_AND_CURDLAN_HIGHDOSE_STIM_DC_UP	0.3047556167938442			
GO_CORNIFIED_ENVELOPE	0.3047492282304065			
GO_REGULATION_OF_SMAD_PROTEIN_SIGNAL_TRANSDUCTION	0.3047392737075149			
SUZUKI_AMPLIFIED_IN_ORAL_CANCER	0.3047328756435825			
GO_REGULATION_OF_AMYLOID_BETA_FORMATION	0.3047235390655843			
GO_FLOTILLIN_COMPLEX	0.30467033663223997			
GO_PHOSPHATIDYLCHOLINE_BIOSYNTHETIC_PROCESS	0.3046550953385174			
GO_FILAMENTOUS_ACTIN	0.30461376795231865			
VANHARANTA_UTERINE_FIBROID_WITH_7Q_DELETION_DN	0.30460185408491613			
ENK_UV_RESPONSE_KERATINOCYTE_DN	0.3046015071049921			
IK3_01	0.30458661883743576			
MIR4477B	0.3045836472443048			
GO_POSITIVE_REGULATION_OF_CANONICAL_WNT_SIGNALING_PATHWAY	0.3045726939121312			
GO_NEGATIVE_REGULATION_OF_RECEPTOR_BINDING	0.3045661212228217			
GO_DE_NOVO_PROTEIN_FOLDING	0.30454989204197824			
GSE7852_THYMUS_VS_FAT_TCONV_DN	0.30451345257972406			
PID_SYNDECAN_4_PATHWAY	0.3045082011059722			
AKT_UP.V1_DN	0.304498340571341			
IPA_PTF1A_DN	0.3044842955209509			
GO_KERATIN_FILAMENT	0.3044715247276935			
GO_NEURON_APOPTOTIC_PROCESS	0.3044691664960271			
GSE29618_PRE_VS_DAY7_POST_LAIV_FLU_VACCINE_BCELL_DN	0.3044625083140463			
GO_CHEMOKINE_BIOSYNTHETIC_PROCESS	0.3044594154165478			
GSE17721_LPS_VS_CPG_8H_BMDC_UP	0.30445516384673504			
HARRIS_BRAIN_CANCER_PROGENITORS	0.3044419252367394			
GSE8921_UNSTIM_VS_TLR1_2_STIM_MONOCYTE_3H_DN	0.3044318126298993			
CASTELLANO_NRAS_TARGETS_UP	0.30441694365240274			
GSE27434_WT_VS_DNMT1_KO_TREG_DN	0.3043967425200105			
GSE14769_UNSTIM_VS_80MIN_LPS_BMDM_DN	0.30438629895327696			
MIR3688_5P	0.30437082147693817			
GSE16450_CTRL_VS_IFNA_12H_STIM_MATURE_NEURON_CELL_LINE_UP	0.30435549365305736			
GO_IDENTICAL_PROTEIN_BINDING	0.3043527246830052			
GO_PROTEIN_TARGETING_TO_LYSOSOME	0.30429464931332406			
REACTOME_NRIF_SIGNALS_CELL_DEATH_FROM_THE_NUCLEUS	0.3042929760540887			
GO_REGULATION_OF_PHOSPHOLIPID_BIOSYNTHETIC_PROCESS	0.3042846297563359			
GO_POSITIVE_REGULATION_OF_TISSUE_REMODELING	0.3042760367679275			
GO_DENDRITIC_SPINE_MAINTENANCE	0.30426221743521475			
HONRADO_BREAST_CANCER_BRCA1_VS_BRCA2	0.3042608885219124			
DACOSTA_UV_RESPONSE_VIA_ERCC3_UP	0.3042373667562829			
GO_POSITIVE_REGULATION_OF_ENDOTHELIAL_CELL_CHEMOTAXIS	0.3042130436239408			
GSE2128_C57BL6_VS_NOD_THYMOCYTE_MIMETOPE_NEGATIVE_SELECTION_UP	0.30420769075293824			
CREBP1_Q2	0.30419470533694076			
GO_POSITIVE_REGULATION_OF_BONE_RESORPTION	0.30416037410129565			
GSE9037_WT_VS_IRAK4_KO_LPS_1H_STIM_BMDM_UP	0.30414326059674			
GO_REGULATION_OF_MEMBRANE_REPOLARIZATION	0.3041393676421242			
GSE5679_CTRL_VS_RARA_AGONIST_AM580_TREATED_DC_DN	0.3041087371998883			
GO_NEGATIVE_REGULATION_OF_GROWTH	0.30409372743222196			
REACTOME_IRON_UPTAKE_AND_TRANSPORT	0.30409226909234494			
REACTOME_TRAF6_MEDIATED_NF_KB_ACTIVATION	0.30408861975974927			
GO_EMBRYONIC_SKELETAL_SYSTEM_DEVELOPMENT	0.3040693012318018			
GO_RESPONSE_TO_CORTICOSTEROID	0.3040545037728542			
PODAR_RESPONSE_TO_ADAPHOSTIN_UP	0.3040528129933964			
GRYDER_PAX3FOXO1_ENHANCERS_KO_DOWN	0.3040220291680158			
GO_ALDEHYDE_BIOSYNTHETIC_PROCESS	0.3040176738824461			
NAKAJIMA_MAST_CELL	0.30398722005288614			
HNF4_01_B	0.3039836263172822			
GO_DESMOSOME	0.30396618576962325			
REACTOME_MET_INTERACTS_WITH_TNS_PROTEINS	0.303959886335384			
GO_REGULATION_OF_STEM_CELL_PROLIFERATION	0.30393050358597234			
REACTOME_SEMAPHORIN_INTERACTIONS	0.3039298886772945			
GO_INTERMEMBRANE_LIPID_TRANSFER	0.3039278363348632			
REACTOME_SMOOTH_MUSCLE_CONTRACTION	0.3039143543775914			
GSE18281_SUBCAPSULAR_VS_PERIMEDULLARY_CORTICAL_REGION_OF_THYMUS_DN	0.30390898980731357			
GO_OLIGODENDROCYTE_DIFFERENTIATION	0.3038836406018096			
MIR519E_3P	0.3038795418510719			
GO_MITOCHONDRIAL_OUTER_MEMBRANE_PERMEABILIZATION	0.3038751817032119			
MIR4722_3P	0.303868736863603			
SESTO_RESPONSE_TO_UV_C4	0.3038654786261882			
GSE43957_UNTREATED_VS_NACL_TREATED_ANTI_CD3_CD28_STIM_CD4_TCELL_DN	0.303864480304166			
ACATTCC_MIR1_MIR206	0.303860369327342			
GO_REGULATION_OF_XENOPHAGY	0.30383167390517246			
IPA_RBPJ_DN	0.30382666203978737			
FRIDMAN_SENESCENCE_DN	0.3037868177343043			
VART_KSHV_INFECTION_ANGIOGENIC_MARKERS_UP	0.30378197882726815			
GO_RNA_POLYMERASE_I_CORE_BINDING	0.303754183113701			
GSE3982_NEUTROPHIL_VS_NKCELL_UP	0.30374485207746765			
GO_GAMMA_SECRETASE_COMPLEX	0.3037158265002775			
GSE24142_DN2_VS_DN3_THYMOCYTE_FETAL_DN	0.30371096685686155			
GSE2770_IL12_VS_TGFB_AND_IL12_TREATED_ACT_CD4_TCELL_48H_DN	0.3037063469185806			
GO_REGULATION_OF_HIPPO_SIGNALING	0.3036989994044313			
PID_ARF6_PATHWAY	0.3036767777685538			
GSE11818_WT_VS_DICER_KO_TREG_UP	0.3036731382351912			
GSE22886_NAIVE_TCELL_VS_NEUTROPHIL_DN	0.30363501584116687			
GO_CARBOHYDRATE_DERIVATIVE_TRANSPORT	0.30363262551097714			
GENTILE_UV_RESPONSE_CLUSTER_D1	0.30358295006565034			
GSE17580_TREG_VS_TEFF_S_MANSONI_INF_UP	0.3035824438606043			
GSE34156_UNTREATED_VS_24H_TLR1_TLR2_LIGAND_TREATED_MONOCYTE_UP	0.3035436978081002			
OKUMURA_INFLAMMATORY_RESPONSE_LPS	0.3035404913716742			
GO_POSITIVE_REGULATION_OF_VASCULATURE_DEVELOPMENT	0.30352997776886287			
GSE33425_CD161_INT_VS_NEG_CD8_TCELL_UP	0.3035281535040043			
GO_MACROAUTOPHAGY	0.3035271109727379			
JIANG_VHL_TARGETS	0.30352650905223677			
GSE369_PRE_VS_POST_IL6_INJECTION_IFNG_KO_LIVER_DN	0.30351899821871864			
ALONSO_METASTASIS_UP	0.30350168646527204			
GSE21670_UNTREATED_VS_TGFB_TREATED_CD4_TCELL_DN	0.30349866190447905			
CHIN_BREAST_CANCER_COPY_NUMBER_DN	0.3034893544239194			
BIOCARTA_FREE_PATHWAY	0.3034841051203743			
GO_LUNG_ALVEOLUS_DEVELOPMENT	0.30347222721418193			
CROONQUIST_NRAS_VS_STROMAL_STIMULATION_DN	0.3034710280780989			
HEN1_01	0.3034473011382351			
GO_ACROSOMAL_MEMBRANE	0.3034417444529672			
GSE37301_GRANULOCYTE_MONOCYTE_PROGENITOR_VS_RAG2_KO_NK_CELL_DN	0.30338935682195334			
GSE43863_NAIVE_VS_TH1_EFF_CD4_TCELL_D6_LCMV_UP	0.30336948409899694			
GO_NETRIN_ACTIVATED_SIGNALING_PATHWAY	0.3033694262511044			
GO_NEURONAL_ION_CHANNEL_CLUSTERING	0.3033643930597073			
GSE22140_GERMFREE_VS_SPF_ARTHRITIC_MOUSE_CD4_TCELL_UP	0.30335918278032076			
HALLMARK_APICAL_SURFACE	0.3033454559064628			
GO_PHAGOPHORE_ASSEMBLY_SITE_MEMBRANE	0.30333967728483247			
GSE40666_WT_VS_STAT1_KO_CD8_TCELL_DN	0.3033268215043342			
KEGG_ERBB_SIGNALING_PATHWAY	0.30331562102176296			
GO_NEGATIVE_REGULATION_OF_ARP2_3_COMPLEX_MEDIATED_ACTIN_NUCLEATION	0.3033102780263877			
BARIS_THYROID_CANCER_DN	0.30330770115749245			
KUNINGER_IGF1_VS_PDGFB_TARGETS_DN	0.3032996648440077			
GSE7509_UNSTIM_VS_TNFA_IL1B_IL6_PGE_STIM_DC_UP	0.303254157258123			
GO_INVADOPODIUM	0.30322281739378065			
GO_STEROID_BINDING	0.30321686195966374			
MIR3675_3P	0.3032158101730333			
PRDM4_TARGET_GENES	0.3032067750914801			
MIR515_3P	0.303197582150429			
IPA_XBP1_UP	0.3031931163411856			
GO_LIVER_REGENERATION	0.3031781132883951			
MIR4766_3P	0.3031658647210681			
GO_CARBOHYDRATE_PROTON_SYMPORTER_ACTIVITY	0.3031643326982403			
IPA_FOXM1_DN	0.3031281248375772			
GO_GOLGI_TO_PLASMA_MEMBRANE_TRANSPORT	0.3031196557480117			
GO_SIGNAL_TRANSDUCTION_IN_ABSENCE_OF_LIGAND	0.3030881998148572			
WILLIAMS_ESR1_TARGETS_UP	0.3030510432421922			
GSE3982_EOSINOPHIL_VS_DC_DN	0.3030194216082717			
GSE24634_TREG_VS_TCONV_POST_DAY3_IL4_CONVERSION_DN	0.30300896766961505			
GSE16385_IFNG_TNF_VS_ROSIGLITAZONE_STIM_MACROPHAGE_DN	0.30297999807405546			
GO_VENTRICULAR_CARDIAC_MUSCLE_CELL_DEVELOPMENT	0.30295488411724564			
CCTGTGA_MIR513	0.30294265224112366			
WATANABE_RECTAL_CANCER_RADIOTHERAPY_RESPONSIVE_UP	0.3029001925867737			
GO_INTERMEDIATE_FILAMENT_CYTOSKELETON	0.3028935153089153			
GRAHAM_CML_DIVIDING_VS_NORMAL_QUIESCENT_DN	0.30288284875840626			
PID_SYNDECAN_1_PATHWAY	0.3028625714271217			
GSE14769_UNSTIM_VS_40MIN_LPS_BMDM_DN	0.30284886990027765			
IPA_TEF_UP	0.3028385711016585			
GSE17974_2H_VS_72H_UNTREATED_IN_VITRO_CD4_TCELL_UP	0.30282759535814524			
TAKADA_GASTRIC_CANCER_COPY_NUMBER_UP	0.3028132489658187			
GO_BRADYKININ_CATABOLIC_PROCESS	0.30281029875952903			
REACTOME_TRANSFERRIN_ENDOCYTOSIS_AND_RECYCLING	0.302782553363207			
GO_POSITIVE_REGULATION_OF_EPIDERMIS_DEVELOPMENT	0.3027760905264911			
GO_CATALYTIC_ACTIVITY_ACTING_ON_A_GLYCOPROTEIN	0.30276126077809384			
SESTO_RESPONSE_TO_UV_C7	0.30275662151499744			
IPA_HOXB3_UP	0.30270050122812303			
GO_TELENCEPHALON_DEVELOPMENT	0.3026879285796179			
MIR205_5P	0.3026698138903855			
GO_CARDIAC_SEPTUM_DEVELOPMENT	0.30262731958056255			
GO_REGULATION_OF_MITOTIC_SPINDLE_ASSEMBLY	0.3026210632630641			
GTTGNYNNRGNAAC_UNKNOWN	0.3026073573259592			
GO_PROCESS_UTILIZING_AUTOPHAGIC_MECHANISM	0.3026009029763336			
GSE9988_LOW_LPS_VS_CTRL_TREATED_MONOCYTE_UP	0.30258929841994237			
GO_GLIAL_CELL_DEVELOPMENT	0.30258694100745337			
GO_CARDIAC_NEURAL_CREST_CELL_DEVELOPMENT_INVOLVED_IN_OUTFLOW_TRACT_MORPHOGENESIS	0.3025786993874019			
GO_ELASTIN_METABOLIC_PROCESS	0.3025616220544232			
RASHI_RESPONSE_TO_IONIZING_RADIATION_1	0.3025551488420446			
chr3q28	0.30253636334738765			
GO_SODIUM_CHANNEL_REGULATOR_ACTIVITY	0.3025209625528643			
GO_POSITIVE_REGULATION_OF_WNT_SIGNALING_PATHWAY	0.3025091199062851			
GO_SUPRAMOLECULAR_POLYMER	0.30250119620161997			
GO_IRON_ION_BINDING	0.30249929054538693			
GSE5099_MONOCYTE_VS_CLASSICAL_M1_MACROPHAGE_UP	0.3024613446991498			
GSE17721_PAM3CSK4_VS_GADIQUIMOD_1H_BMDC_UP	0.30243192608868835			
ATF2_S_UP.V1_UP	0.3023958732896816			
AP1_Q4	0.3023872792134385			
GSE29618_PRE_VS_DAY7_POST_TIV_FLU_VACCINE_BCELL_DN	0.3023821190334766			
TONKS_TARGETS_OF_RUNX1_RUNX1T1_FUSION_HSC_UP	0.3023679046565799			
JIANG_HYPOXIA_VIA_VHL	0.3023662106932129			
GO_POSITIVE_REGULATION_OF_CELLULAR_PROTEIN_CATABOLIC_PROCESS	0.3023545010990273			
SOX9_B1	0.30235114101856253			
IPA_ZEB1_DN	0.3023439221451736			
GO_POSITIVE_REGULATION_OF_PROTEIN_TARGETING_TO_MEMBRANE	0.302343049407142			
GSE3565_DUSP1_VS_WT_SPLENOCYTES_POST_LPS_INJECTION_DN	0.3023259610168655			
GO_REGULATION_OF_TRANSLATIONAL_INITIATION_BY_EIF2_ALPHA_PHOSPHORYLATION	0.3023245732752369			
BEGUM_TARGETS_OF_PAX3_FOXO1_FUSION_UP	0.30232043671430786			
GSE37301_RAG2_KO_VS_RAG2_AND_ETS1_KO_NK_CELL_UP	0.30229932987571917			
MIR760	0.30229480765439454			
GO_GOLGI_TO_PLASMA_MEMBRANE_PROTEIN_TRANSPORT	0.30227978322491783			
GO_PATTERN_SPECIFICATION_PROCESS	0.3022777062079751			
GO_REGULATION_OF_STRESS_ACTIVATED_PROTEIN_KINASE_SIGNALING_CASCADE	0.3022377110036018			
GRAESSMANN_APOPTOSIS_BY_SERUM_DEPRIVATION_UP	0.3022191530312261			
MIR3191_3P	0.30220868770612386			
GSE21927_SPLENIC_C26GM_TUMOROUS_VS_4T1_TUMOR_MONOCYTES_UP	0.302186381235977			
GO_ESTABLISHMENT_OF_PLANAR_POLARITY_OF_EMBRYONIC_EPITHELIUM	0.30218098111633174			
MIR34A_5P	0.3021675235892216			
GO_ENDOCARDIAL_CELL_DIFFERENTIATION	0.3021601109294158			
PID_P38_GAMMA_DELTA_PATHWAY	0.3021508779683678			
BIOCARTA_TFF_PATHWAY	0.302137136308849			
GO_TRABECULA_MORPHOGENESIS	0.3021369896739342			
GO_SODIUM_ION_TRANSPORT	0.30212948672187756			
BIOCARTA_PRION_PATHWAY	0.3021089827000821			
KEGG_LYSOSOME	0.3021046290258723			
GO_REGULATION_OF_STRIATED_MUSCLE_CONTRACTION	0.30210176055953614			
GSE2197_IMMUNOSUPPRESSIVE_DNA_VS_UNTREATED_IN_DC_UP	0.302098539918814			
GO_SCF_DEPENDENT_PROTEASOMAL_UBIQUITIN_DEPENDENT_PROTEIN_CATABOLIC_PROCESS	0.30203463267911773			
ZHU_CMV_24_HR_UP	0.30201244237998887			
GSE15930_STIM_VS_STIM_AND_IL12_24H_CD8_T_CELL_DN	0.302010950181377			
GO_CHORION_DEVELOPMENT	0.3020016719325698			
GO_LOW_DENSITY_LIPOPROTEIN_PARTICLE_RECEPTOR_BINDING	0.3019975906844664			
NFKAPPAB65_01	0.30199193804003943			
MIR9_3P	0.3019762007320969			
KENNY_CTNNB1_TARGETS_UP	0.3019520932393419			
NABA_CORE_MATRISOME	0.3019433839641452			
GO_AMYLOID_PRECURSOR_PROTEIN_METABOLIC_PROCESS	0.3019425057859308			
GO_STRUCTURAL_CONSTITUENT_OF_CYTOSKELETON	0.3019386823510613			
ZHENG_GLIOBLASTOMA_PLASTICITY_DN	0.3019382794591693			
IPA_SMAD7_UP	0.3019265569376972			
GO_POSITIVE_REGULATION_OF_CELLULAR_RESPONSE_TO_DRUG	0.30191686076629143			
GSE36078_UNTREATED_VS_AD5_T425A_HEXON_INF_IL1R_KO_MOUSE_LUNG_DC_DN	0.3019051732061664			
REACTOME_SIGNALING_BY_VEGF	0.30189076088129874			
GO_PHARYNGEAL_ARCH_ARTERY_MORPHOGENESIS	0.3018863608319067			
GO_PROGESTERONE_BIOSYNTHETIC_PROCESS	0.30188597785177446			
GO_REGULATION_OF_GUANYL_NUCLEOTIDE_EXCHANGE_FACTOR_ACTIVITY	0.3018850338384694			
CHANG_IMMORTALIZED_BY_HPV31_DN	0.3018787363512438			
WOTTON_RUNX_TARGETS_DN	0.30186805050577903			
GO_LUNG_CELL_DIFFERENTIATION	0.30186569396373153			
GO_REGULATION_OF_ATRIAL_CARDIAC_MUSCLE_CELL_ACTION_POTENTIAL	0.3018645231233046			
LI_LUNG_CANCER	0.3018584267558795			
KANNAN_TP53_TARGETS_UP	0.30184525371573434			
GO_HEART_PROCESS	0.3017910222319068			
WANG_BARRETTS_ESOPHAGUS_UP	0.3017899425720176			
GO_PROTEIN_CATABOLIC_PROCESS	0.3017736182466669			
KIM_ALL_DISORDERS_CALB1_CORR_UP	0.3017189988677365			
IPA_MECOM_UP	0.30169330698011265			
LOPEZ_MBD_TARGETS	0.30169128611517065			
GO_ORGAN_INDUCTION	0.3016851232380992			
GSE22229_RENAL_TRANSPLANT_IMMUNOSUPP_THERAPY_VS_HEALTHY_PBMC_DN	0.30166747054051835			
GO_EMBRYONIC_PLACENTA_MORPHOGENESIS	0.301655055239504			
REACTOME_ENOS_ACTIVATION	0.3016439803792922			
GO_EXOCYTIC_VESICLE	0.3015972547628663			
MIR7853_5P	0.3015666869142238			
GSE11961_FOLLICULAR_BCELL_VS_MARGINAL_ZONE_BCELL_DN	0.3015664603640967			
GO_PRESYNAPTIC_MEMBRANE	0.30156354529408536			
GO_FEMALE_GENITALIA_DEVELOPMENT	0.3015595910089509			
GO_NEGATIVE_REGULATION_OF_THYMOCYTE_APOPTOTIC_PROCESS	0.3015465716285013			
RAMALHO_STEMNESS_UP	0.30152272108399364			
YANG_BREAST_CANCER_ESR1_LASER_DN	0.3015194801223468			
MAHAJAN_RESPONSE_TO_IL1A_DN	0.3015156617947254			
GO_CORPUS_CALLOSUM_DEVELOPMENT	0.3014859822066325			
KARAKAS_TGFB1_SIGNALING	0.3014836154774704			
GO_MEMBRANE_REGION	0.3014800110304736			
TIAN_TNF_SIGNALING_NOT_VIA_NFKB	0.30146189454677014			
GO_DEVELOPMENTAL_INDUCTION	0.30145452355597435			
GO_POSITIVE_REGULATION_OF_ASTROCYTE_DIFFERENTIATION	0.30144672444355614			
GO_SOMATODENDRITIC_COMPARTMENT	0.301444137870161			
GO_NEGATIVE_REGULATION_OF_INTERFERON_GAMMA_SECRETION	0.3014243668120048			
GO_POSITIVE_REGULATION_OF_LONG_TERM_NEURONAL_SYNAPTIC_PLASTICITY	0.3014171630969831			
GO_REGULATION_OF_HOMOTYPIC_CELL_CELL_ADHESION	0.3013690736604318			
RODRIGUES_DCC_TARGETS_DN	0.30135491941186143			
REACTOME_DISEASES_OF_SIGNAL_TRANSDUCTION_BY_GROWTH_FACTOR_RECEPTORS_AND_SECOND_MESSENGERS	0.3013413643062288			
GSE13738_TCR_VS_BYSTANDER_ACTIVATED_CD4_TCELL_DN	0.30133465315693087			
MAP2K1_TARGET_GENES	0.3013227965292207			
GSE15930_STIM_VS_STIM_AND_IL12_72H_CD8_T_CELL_DN	0.3013202968273036			
GO_REGULATION_OF_EPITHELIAL_CELL_APOPTOTIC_PROCESS	0.3013186349063203			
MAINA_HYPOXIA_VHL_TARGETS_UP	0.30130637563441637			
GO_POSITIVE_REGULATION_OF_OSTEOBLAST_DIFFERENTIATION	0.30128524716636673			
GO_GLYCOPROTEIN_METABOLIC_PROCESS	0.30127202897867916			
GO_POST_TRANSLATIONAL_PROTEIN_MODIFICATION	0.301239465464582			
GO_POSITIVE_REGULATION_OF_TUMOR_NECROSIS_FACTOR_MEDIATED_SIGNALING_PATHWAY	0.3012170372211944			
GO_ENDODERMAL_CELL_FATE_COMMITMENT	0.3012112661317091			
HALLMARK_ANGIOGENESIS	0.3012070422047133			
REACTOME_VITAMIN_B2_RIBOFLAVIN_METABOLISM	0.3011997925178461			
MIR200B_5P	0.3011909187440375			
CHEN_LVAD_SUPPORT_OF_FAILING_HEART_DN	0.3011701637044551			
GO_PANCREAS_DEVELOPMENT	0.30116041717216346			
GO_AMINOGLYCAN_METABOLIC_PROCESS	0.30116035395784685			
TSENG_ADIPOGENIC_POTENTIAL_UP	0.30115878131210577			
AACATTC_MIR4093P	0.3011483754920403			
GSE6269_FLU_VS_STREP_PNEUMO_INF_PBMC_DN	0.3011379035315712			
TGTTTGY_HNF3_Q6	0.3011345437648471			
GO_NEGATIVE_REGULATION_OF_RECEPTOR_BIOSYNTHETIC_PROCESS	0.3011120166403858			
GO_SPECIFICATION_OF_SYMMETRY	0.3010922413553199			
IPA_HIF3A_DN	0.3010875824166227			
MIR889_3P	0.30107334457570456			
GO_IRON_COORDINATION_ENTITY_TRANSPORT	0.3010526105628705			
GO_POSITIVE_REGULATION_OF_EXTRINSIC_APOPTOTIC_SIGNALING_PATHWAY	0.3010405342452266			
MIR646	0.301032980604405			
BUYTAERT_PHOTODYNAMIC_THERAPY_STRESS_DN	0.30102873082229753			
IPA_KLF5_UP	0.3010240621308614			
GROSS_HYPOXIA_VIA_ELK3_AND_HIF1A_DN	0.3010209205349396			
GSE17721_CPG_VS_GARDIQUIMOD_12H_BMDC_DN	0.30100587762372616			
IPA_KDR_DN	0.30099866755009796			
GSE2706_R848_VS_R848_AND_LPS_8H_STIM_DC_DN	0.30099801085027256			
GSE15330_MEGAKARYOCYTE_ERYTHROID_VS_GRANULOCYTE_MONOCYTE_PROGENITOR_DN	0.3009907050636299			
GO_NEGATIVE_REGULATION_OF_DENDRITIC_SPINE_DEVELOPMENT	0.30098889019195474			
RUIZ_TNC_TARGETS_DN	0.3009731681108166			
MIR933	0.30096987455990354			
HSF_Q6	0.30096032368553743			
MALIK_REPRESSED_BY_ESTROGEN	0.30094588955318446			
GO_LOW_DENSITY_LIPOPROTEIN_PARTICLE_RECEPTOR_ACTIVITY	0.30094578647116893			
GO_RESPONSE_TO_ENDOGENOUS_STIMULUS	0.3009258616054198			
FULCHER_INFLAMMATORY_RESPONSE_LECTIN_VS_LPS_UP	0.3008528649077137			
GO_MICROTUBULE_BASED_MOVEMENT	0.3008359969572772			
GSE40685_NAIVE_CD4_TCELL_VS_FOXP3_KO_TREG_PRECURSOR_DN	0.30079298953538625			
CHIANG_LIVER_CANCER_SUBCLASS_UNANNOTATED_UP	0.3007911101815501			
MIR5692B_MIR5692C	0.3007747129059797			
GO_REGULATION_OF_LONG_TERM_NEURONAL_SYNAPTIC_PLASTICITY	0.3007671319045558			
CREB_Q2_01	0.3007554014023087			
GO_POSITIVE_REGULATION_OF_AXON_EXTENSION	0.3007281612392391			
GSE3982_MAST_CELL_VS_TH1_UP	0.3007278315084336			
GO_VIRAL_BUDDING	0.3007024374948144			
GSE22432_MULTIPOTENT_VS_COMMON_DC_PROGENITOR_DN	0.30069622341832486			
GSE20366_TREG_VS_TCONV_UP	0.30066297756305577			
GSE41978_WT_VS_ID2_KO_KLRG1_LOW_EFFECTOR_CD8_TCELL_DN	0.3006150596979448			
GSE22140_GERMFREE_VS_SPF_MOUSE_CD4_TCELL_DN	0.30059298757972774			
GO_BUD_ELONGATION_INVOLVED_IN_LUNG_BRANCHING	0.3005554382664968			
GO_RESPONSE_TO_CAMP	0.3005494679929636			
MIR374B_3P	0.30053813571523974			
MIR1914_5P	0.3005227642746711			
GO_CARDIAC_MUSCLE_CELL_ACTION_POTENTIAL_INVOLVED_IN_CONTRACTION	0.3005037036776411			
NELSON_RESPONSE_TO_ANDROGEN_DN	0.30049733954768354			
GSE32034_UNTREATED_VS_ROSIGLIZATONE_TREATED_LY6C_HIGH_MONOCYTE_UP	0.30049646472180375			
GO_POSITIVE_REGULATION_OF_MEMBRANE_PERMEABILITY	0.30047174047269987			
GSE15930_STIM_VS_STIM_AND_TRICHOSTATINA_48H_CD8_T_CELL_UP	0.3004695118648187			
EGR_Q6	0.30042961166040427			
REACTOME_SIGNAL_TRANSDUCTION_BY_L1	0.30041827356980166			
RTTTNNNYTGGM_UNKNOWN	0.30041120725633014			
CTAWWWATA_RSRFC4_Q2	0.3003827968298649			
GO_VENTRICULAR_CARDIAC_MUSCLE_CELL_ACTION_POTENTIAL	0.3003421169067854			
GO_CELLULAR_RESPONSE_TO_REACTIVE_OXYGEN_SPECIES	0.30031368430908095			
GO_RESPONSE_TO_CORTICOSTERONE	0.300263598308531			
GSE5142_CTRL_VS_HTERT_TRANSDUCED_CD8_TCELL_EARLY_PASSAGE_CLONE_UP	0.30025702606971344			
GSE17721_12H_VS_24H_LPS_BMDC_UP	0.3002509478585952			
GO_METANEPHRIC_COLLECTING_DUCT_DEVELOPMENT	0.3002458593440238			
WNT_SIGNALING	0.30021784377367017			
GSE40274_LEF1_VS_FOXP3_AND_LEF1_TRANSDUCED_ACTIVATED_CD4_TCELL_UP	0.3002122434495374			
GO_INTERCELLULAR_CANALICULUS	0.3001991691463322			
GO_MORPHOGENESIS_OF_AN_EPITHELIAL_FOLD	0.3001654584179106			
CRX_NRL_DN.V1_UP	0.3001418152720263			
ZNF596_TARGET_GENES	0.30011716075824263			
GO_ANATOMICAL_STRUCTURE_ARRANGEMENT	0.3000884241161316			
GSE8921_UNSTIM_0H_VS_TLR1_2_STIM_MONOCYTE_3H_DN	0.3000684756357185			
GO_PROTEIN_LOCALIZATION_TO_SYNAPSE	0.30006804730079906			
GO_PROTEOGLYCAN_METABOLIC_PROCESS	0.30006160907894575			
GO_NEGATIVE_REGULATION_OF_NITRIC_OXIDE_SYNTHASE_BIOSYNTHETIC_PROCESS	0.3000573757168602			
GSE29618_MONOCYTE_VS_MDC_UP	0.30005365177382143			
BENPORATH_SOX2_TARGETS	0.30000599391934407			
GSE3982_MAC_VS_BASOPHIL_UP	0.2999998757653226			
GO_PEPTIDASE_ACTIVATOR_ACTIVITY	0.29996685696215214			
GO_SMOOTH_MUSCLE_CELL_MATRIX_ADHESION	0.29996632785505456			
IPA_EGR3_UP	0.2999493539771037			
IPA_RARG_UP	0.29994449154638136			
REACTOME_RECEPTOR_TYPE_TYROSINE_PROTEIN_PHOSPHATASES	0.29992685263271945			
MIR6868_5P	0.2999153338092656			
GO_SPECIFIC_GRANULE_LUMEN	0.2999111923325752			
GO_EAR_DEVELOPMENT	0.29987296769346716			
GO_CELLULAR_RESPONSE_TO_COLD	0.2998671659640322			
JOHNSTONE_PARVB_TARGETS_1_DN	0.2998522909665945			
MARIADASON_RESPONSE_TO_BUTYRATE_CURCUMIN_SULINDAC_TSA_2	0.2998319157084195			
GO_VOLTAGE_GATED_CALCIUM_CHANNEL_ACTIVITY_INVOLVED_IN_REGULATION_OF_CYTOSOLIC_CALCIUM_LEVELS	0.2998317691731087			
CHEN_LVAD_SUPPORT_OF_FAILING_HEART_UP	0.2998235865058466			
GO_GLIAL_CELL_PROJECTION	0.2998051050411396			
GO_GTPASE_BINDING	0.2997856544254643			
GO_NEGATIVE_REGULATION_OF_METALLOPEPTIDASE_ACTIVITY	0.2997735055622007			
GSE17721_0.5H_VS_4H_GARDIQUIMOD_BMDC_DN	0.29977287863632823			
GO_ACROSOMAL_VESICLE	0.2997587677284103			
GO_NEGATIVE_REGULATION_OF_CELL_PROJECTION_ORGANIZATION	0.2997468821296884			
GSE37301_MULTIPOTENT_PROGENITOR_VS_COMMON_LYMPHOID_PROGENITOR_DN	0.2997419620792741			
ACTGTGA_MIR27A_MIR27B	0.29973600042612414			
GSE21774_CD56_BRIGHT_VS_DIM_CD62L_POSITIVE_NK_CELL_UP	0.29969022323607036			
TAATTA_CHX10_01	0.2996843804342895			
GO_HEPATOCYTE_DIFFERENTIATION	0.29968291107008715			
GO_EMBRYONIC_APPENDAGE_MORPHOGENESIS	0.29967747043693854			
GSE29949_CD8_NEG_DC_SPLEEN_VS_CD8_POS_DC_SPLEEN_UP	0.29967580577104896			
MIYAGAWA_TARGETS_OF_EWSR1_ETS_FUSIONS_UP	0.29965318300400756			
GO_ORGANONITROGEN_COMPOUND_CATABOLIC_PROCESS	0.29961787488348024			
GO_HEPARAN_SULFATE_N_ACETYLGLUCOSAMINYLTRANSFERASE_ACTIVITY	0.29961759545515215			
HOLLERN_EMT_BREAST_TUMOR_DN	0.29960762194413526			
GSE43955_TH0_VS_TGFB_IL6_TH17_ACT_CD4_TCELL_1H_UP	0.2995848026524223			
GO_STEM_CELL_PROLIFERATION	0.29958284587677736			
GSE28737_FOLLICULAR_VS_MARGINAL_ZONE_BCELL_DN	0.29958280065691456			
MIR92B_5P	0.29954100027298836			
HALLMARK_ADIPOGENESIS	0.29951699016711814			
MIR5195_3P	0.2995138563225064			
DOANE_BREAST_CANCER_CLASSES_UP	0.29951227449890805			
CUI_TCF21_TARGETS_DN	0.2994696372626749			
SENESE_HDAC2_TARGETS_DN	0.2994294618322043			
GSE21927_SPLEEN_VS_BONE_MARROW_MONOCYTE_BALBC_UP	0.29942092449353175			
PID_ARF6_DOWNSTREAM_PATHWAY	0.299414120923398			
GSE17721_PAM3CSK4_VS_GADIQUIMOD_16H_BMDC_UP	0.2994117825807363			
GO_NEGATIVE_REGULATION_OF_MACROPHAGE_DERIVED_FOAM_CELL_DIFFERENTIATION	0.2993789413314776			
MIR503_5P	0.2993226878579441			
GO_GLIOGENESIS	0.2993190669909754			
SCIAN_CELL_CYCLE_TARGETS_OF_TP53_AND_TP73_UP	0.29931208826298333			
GO_CARDIAC_MUSCLE_TISSUE_DEVELOPMENT	0.29929415341672444			
MIR6800_3P	0.2992842797483447			
GSE7460_CTRL_VS_TGFB_TREATED_ACT_TREG_DN	0.29925479925762394			
GSE2706_UNSTIM_VS_8H_R848_DC_DN	0.2992475941162086			
GO_CELLULAR_ALDEHYDE_METABOLIC_PROCESS	0.2992419621282771			
GO_METANEPHRIC_NEPHRON_MORPHOGENESIS	0.29923637097240346			
GO_COP9_SIGNALOSOME_ASSEMBLY	0.2992284154562723			
GO_COPPER_ION_BINDING	0.29922628068267976			
GO_PROTEIN_CATABOLIC_PROCESS_IN_THE_VACUOLE	0.29922183019803			
GO_TRANSFORMING_GROWTH_FACTOR_BETA_PRODUCTION	0.29920961228715937			
GSE40666_UNTREATED_VS_IFNA_STIM_EFFECTOR_CD8_TCELL_90MIN_UP	0.2992010157567095			
GO_ER_MEMBRANE_PROTEIN_COMPLEX	0.2991971142324247			
IPA_HOXC8_DN	0.29916639519763943			
GO_POSITIVE_REGULATION_OF_SECONDARY_METABOLITE_BIOSYNTHETIC_PROCESS	0.299081399275173			
GO_INORGANIC_ANION_TRANSPORT	0.29907999241062244			
GO_RESPONSE_TO_FIBROBLAST_GROWTH_FACTOR	0.29907831842656724			
IPA_ARID1A_DN	0.2990403651155582			
GCANCTGNY_MYOD_Q6	0.29902369872607754			
ABE_INNER_EAR	0.29896832585829786			
PID_IL1_PATHWAY	0.2989474564476284			
TACTTGA_MIR26A_MIR26B	0.2989414629345681			
IPA_AHR_DN	0.298937708181438			
GSE3039_NKT_CELL_VS_ALPHAALPHA_CD8_TCELL_UP	0.29893006017220014			
FLECHNER_BIOPSY_KIDNEY_TRANSPLANT_OK_VS_DONOR_DN	0.2989278423268794			
GO_POSITIVE_REGULATION_OF_TRANSLATION_IN_RESPONSE_TO_STRESS	0.29890650922600553			
GSE6269_STAPH_AUREUS_VS_STREP_PNEUMO_INF_PBMC_UP	0.29889343610044605			
GCACCTT_MIR18A_MIR18B	0.29884840225900733			
GO_NEURON_REMODELING	0.29884633950595824			
GO_ORGANELLE_MEMBRANE_CONTACT_SITE	0.29884347824534485			
GO_ATTACHMENT_OF_GPI_ANCHOR_TO_PROTEIN	0.2988432256987681			
NOJIMA_SFRP2_TARGETS_UP	0.29883513869964956			
IPA_SMAD4_DN	0.2988202111143438			
GO_POSITIVE_REGULATION_OF_IRE1_MEDIATED_UNFOLDED_PROTEIN_RESPONSE	0.29879950399037764			
KEGG_GLYCOSPHINGOLIPID_BIOSYNTHESIS_GLOBO_SERIES	0.298788084733117			
GO_REGULATION_OF_GTP_BINDING	0.2987790335590205			
KANG_CISPLATIN_RESISTANCE_UP	0.2987760227442796			
BARRIER_COLON_CANCER_RECURRENCE_UP	0.29875560617593366			
BEGUM_TARGETS_OF_PAX3_FOXO1_FUSION_AND_PAX3	0.2987282081253287			
GO_POSITIVE_REGULATION_OF_HYDROGEN_PEROXIDE_BIOSYNTHETIC_PROCESS	0.29872017060537626			
GSE27786_CD4_TCELL_VS_ERYTHTROBLAST_DN	0.2986987474347864			
MIR6784_3P	0.2986882195306722			
GO_REGULATION_OF_GROWTH	0.2986868976184548			
GO_POSITIVE_REGULATION_OF_CELL_GROWTH	0.2986104076440157			
GO_HEPATICOBILIARY_SYSTEM_DEVELOPMENT	0.2986089061629042			
GSE9006_1MONTH_VS_4MONTH_POST_TYPE_1_DIABETES_DX_PBMC_UP	0.2985282387561498			
ZNF680_TARGET_GENES	0.29852326603661644			
GO_POSITIVE_REGULATION_OF_CARTILAGE_DEVELOPMENT	0.298520379079632			
NATSUME_RESPONSE_TO_INTERFERON_BETA_UP	0.29851778823667596			
GO_PROTEIN_EXIT_FROM_ENDOPLASMIC_RETICULUM	0.29851767085498293			
MIR942_3P	0.29851352788687274			
VALK_AML_CLUSTER_3	0.2985070673113066			
GO_COATED_VESICLE_MEMBRANE	0.29850502622825825			
IPA_TP53_DN	0.29848863090068534			
GO_POSITIVE_REGULATION_OF_PROTEIN_EXIT_FROM_ENDOPLASMIC_RETICULUM	0.29848793677693847			
GSE5455_EX_VIVO_VS_POST_24H_INCUBATION_MONOCYTES_FROM_TUMOR_BEARING_MOUSE_UP	0.29845674646934117			
REACTOME_COLLAGEN_DEGRADATION	0.29843876977243666			
GSE5099_MONOCYTE_VS_ALTERNATIVE_M2_MACROPHAGE_UP	0.2984260883133009			
GO_POSITIVE_REGULATION_OF_CATABOLIC_PROCESS	0.2984230445323714			
DACOSTA_UV_RESPONSE_VIA_ERCC3_COMMON_UP	0.29838754317382216			
GO_EPITHELIAL_CELL_DIFFERENTIATION_INVOLVED_IN_PROSTATE_GLAND_DEVELOPMENT	0.29838610242041075			
REACTOME_SHC1_EVENTS_IN_ERBB4_SIGNALING	0.298375742614225			
MIR338_3P	0.2983644271729689			
MAGRANGEAS_MULTIPLE_MYELOMA_IGG_VS_IGA_UP	0.29835868544962163			
GO_REGULATION_OF_BLOOD_VESSEL_REMODELING	0.2983551194402672			
ZBTB44_TARGET_GENES	0.2983475195250952			
GO_VENTRICULAR_CARDIAC_MUSCLE_TISSUE_DEVELOPMENT	0.2983433578305745			
MIR6728_3P	0.29833571642664236			
REACTOME_RNF_MUTANTS_SHOW_ENHANCED_WNT_SIGNALING_AND_PROLIFERATION	0.29832884487527495			
GO_REGULATION_OF_BMP_SIGNALING_PATHWAY	0.2983148045813052			
GO_REGULATION_OF_GLUCOCORTICOID_BIOSYNTHETIC_PROCESS	0.2983116137879889			
PID_INTEGRIN5_PATHWAY	0.29829477557573014			
GSE2706_2H_VS_8H_R848_STIM_DC_UP	0.2982941985218486			
REACTOME_GAP_JUNCTION_TRAFFICKING_AND_REGULATION	0.29828131755468384			
REACTOME_TRANSLOCATION_OF_SLC2A4_GLUT4_TO_THE_PLASMA_MEMBRANE	0.2982795356608539			
GO_NOTCH_SIGNALING_PATHWAY	0.298262555308003			
AAGCACT_MIR520F	0.2982429034510482			
GO_PRONEPHROS_DEVELOPMENT	0.29823941828884337			
REACTOME_ANCHORING_FIBRIL_FORMATION	0.2982199753066078			
DARWICHE_SKIN_TUMOR_PROMOTER_UP	0.2982170011172127			
GO_SODIUM_ION_TRANSMEMBRANE_TRANSPORT	0.2982165940258674			
GO_NEGATIVE_REGULATION_OF_MAPK_CASCADE	0.29819089437952967			
GSE3982_DC_VS_TH2_UP	0.2981868543474664			
GSE15930_STIM_VS_STIM_AND_IL12_48H_CD8_T_CELL_DN	0.2981611523453513			
CHESLER_BRAIN_HIGHEST_EXPRESSION	0.2981595663425535			
GSE37301_GRANULOCYTE_MONOCYTE_PROGENITOR_VS_RAG2_KO_NK_CELL_UP	0.29815498601667745			
GO_REGULATION_OF_PROTEIN_KINASE_C_ACTIVITY	0.29814578961083144			
GO_REGULATION_OF_PROTEIN_EXPORT_FROM_NUCLEUS	0.2981206053298641			
MIR216B_5P	0.2981138081204301			
GO_COMMISSURAL_NEURON_AXON_GUIDANCE	0.29808832989148476			
MIR182_3P	0.2980674939271084			
HOUSTIS_ROS	0.2980654126797265			
PURBEY_TARGETS_OF_CTBP1_NOT_SATB1_UP	0.29805351164649946			
BURTON_ADIPOGENESIS_11	0.2980326958727555			
GO_CELLULAR_RESPONSE_TO_LEAD_ION	0.29803172682224655			
GSE34156_UNTREATED_VS_6H_NOD2_LIGAND_TREATED_MONOCYTE_UP	0.29803039027527756			
GO_NEURON_PROJECTION	0.2980187804154537			
GO_POSITIVE_REGULATION_OF_ODONTOGENESIS	0.2980182518696495			
GO_TRANSITION_METAL_ION_HOMEOSTASIS	0.29801181767416823			
GO_POSITIVE_REGULATION_OF_KIDNEY_DEVELOPMENT	0.2980005897786286			
GO_MYOSIN_BINDING	0.29799150209458847			
GO_MITIGATION_OF_HOST_DEFENSES_BY_SYMBIONT	0.2979783917263444			
GO_DENSE_CORE_GRANULE_TRANSPORT	0.29795253767234997			
CUI_TCF21_TARGETS_2_UP	0.2979476707357683			
GSE3982_BCELL_VS_CENT_MEMORY_CD4_TCELL_DN	0.29794720008505354			
GO_PROTEIN_C_TERMINUS_BINDING	0.2979114354326097			
GSE14415_NATURAL_TREG_VS_FOXP3_KO_NATURAL_TREG_DN	0.29788942405726393			
DACOSTA_UV_RESPONSE_VIA_ERCC3_TTD_DN	0.29787850696045437			
IPA_POU2AF1_UP	0.29786995781342984			
GO_REGULATION_OF_MITOCHONDRION_ORGANIZATION	0.297848125100932			
ZNF507_TARGET_GENES	0.2978410502686748			
MYOD_Q6	0.2978376812354642			
GO_CHANNEL_REGULATOR_ACTIVITY	0.2978284946696446			
GSE41867_NAIVE_VS_DAY6_LCMV_ARMSTRONG_EFFECTOR_CD8_TCELL_UP	0.29779252724072713			
GO_ENDOTHELIAL_CELL_MORPHOGENESIS	0.29778854431908464			
STEGER_ADIPOGENESIS_DN	0.29777558392133924			
IPA_JUNB_DN	0.29776928154098664			
GSE6092_CTRL_VS_BORRELIA_BIRGDOFERI_INF_ENDOTHELIAL_CELL_DN	0.2977547819955735			
MXD1_TARGET_GENES	0.29775269453585945			
GO_POSITIVE_REGULATION_OF_ERAD_PATHWAY	0.29771780248230245			
GO_NEGATIVE_REGULATION_OF_RESPONSE_TO_STIMULUS	0.2976932761580923			
GSE21546_WT_VS_ELK1_KO_DP_THYMOCYTES_UP	0.2976438009461895			
MIR5580_5P	0.2976288799474724			
TURASHVILI_BREAST_NORMAL_DUCTAL_VS_LOBULAR_UP	0.29762866729395243			
SEITZ_NEOPLASTIC_TRANSFORMATION_BY_8P_DELETION_UP	0.29761974037548383			
GO_INTRINSIC_APOPTOTIC_SIGNALING_PATHWAY_IN_RESPONSE_TO_ENDOPLASMIC_RETICULUM_STRESS	0.2976166423802957			
GSE17721_12H_VS_24H_CPG_BMDC_UP	0.2976040904995617			
CAFFAREL_RESPONSE_TO_THC_8HR_5_UP	0.29759022600349566			
GO_NEGATIVE_REGULATION_OF_WNT_SIGNALING_PATHWAY	0.29755385361742576			
ZEILSTRA_CD44_TARGETS_UP	0.2975479995254076			
GSE17186_BLOOD_VS_CORD_BLOOD_CD21LOW_TRANSITIONAL_BCELL_DN	0.2975397656349935			
GSE3982_BCELL_VS_EFF_MEMORY_CD4_TCELL_DN	0.2975339520793362			
GLI3_TARGET_GENES	0.29750550748882054			
NAISHIRO_CTNNB1_TARGETS_WITH_LEF1_MOTIF	0.29750509980280504			
MOREAUX_MULTIPLE_MYELOMA_BY_TACI_UP	0.297488211763337			
GO_PARAXIAL_MESODERM_DEVELOPMENT	0.2974857376452247			
REACTOME_SIGNALING_BY_PDGF	0.29748125192466107			
GSE21063_3H_VS_16H_ANTI_IGM_STIM_NFATC1_KOBCELL_UP	0.29743866205654323			
GSE14769_UNSTIM_VS_120MIN_LPS_BMDM_DN	0.29742951118857647			
GO_RESPONSE_TO_ACID_CHEMICAL	0.29741147849172433			
GO_REGULATION_OF_MONONUCLEAR_CELL_MIGRATION	0.29738184524071554			
GSE5589_LPS_VS_LPS_AND_IL6_STIM_IL10_KO_MACROPHAGE_45MIN_DN	0.2973684816465603			
MIR2115_5P	0.2973666771351911			
GSE26030_UNSTIM_VS_RESTIM_TH17_DAY5_POST_POLARIZATION_DN	0.2973602588914284			
GO_PROTEIN_MANNOSYLATION	0.2973601691033678			
YRCCAKNNGNCGC_UNKNOWN	0.2973590283555063			
HSF2_TARGET_GENES	0.29731823046295647			
GSE21360_SECONDARY_VS_QUATERNARY_MEMORY_CD8_TCELL_UP	0.2973066321839995			
GO_NEGATIVE_REGULATION_OF_MOLECULAR_FUNCTION	0.29730506469227086			
GO_KERATINOCYTE_APOPTOTIC_PROCESS	0.2972934590308508			
GO_APICAL_DENDRITE	0.297289873870087			
MIR593_5P	0.2972595397142933			
JIANG_AGING_CEREBRAL_CORTEX_DN	0.2972488446537764			
GSE9988_LOW_LPS_VS_VEHICLE_TREATED_MONOCYTE_UP	0.2971872355947687			
CHEBOTAEV_GR_TARGETS_DN	0.2971689626690873			
MIR145_5P	0.29716571363062627			
KIM_GERMINAL_CENTER_T_HELPER_DN	0.2971240223484818			
GSE33162_HDAC3_KO_VS_HDAC3_KO_MACROPHAGE_UP	0.29712255824401423			
GO_REGULATION_OF_SYNAPSE_STRUCTURE_OR_ACTIVITY	0.29712201499717433			
MIR6820_3P	0.29710975364503484			
MEL18_DN.V1_DN	0.29708026968483364			
REACTOME_VISUAL_PHOTOTRANSDUCTION	0.2970781743690787			
GO_CLATHRIN_COATED_VESICLE	0.2970763988043114			
GSE17974_IL4_AND_ANTI_IL12_VS_UNTREATED_1H_ACT_CD4_TCELL_DN	0.29707407478145215			
GO_MESENCHYMAL_STEM_CELL_PROLIFERATION	0.2970174269990761			
GO_RHO_GTPASE_BINDING	0.2970115449875841			
FOX_Q2	0.29700027312389704			
MIR144_3P	0.2969931089886458			
TCF1P_Q6	0.2969713511185115			
SIG_PIP3_SIGNALING_IN_CARDIAC_MYOCTES	0.2969570190742543			
GSE41867_MEMORY_VS_EXHAUSTED_CD8_TCELL_DAY30_LCMV_DN	0.2969279303999564			
GO_REGULATION_OF_TRANSLATIONAL_INITIATION_IN_RESPONSE_TO_STRESS	0.29690518376563607			
GO_ALDEHYDE_DEHYDROGENASE_NAD_P_PLUS_ACTIVITY	0.2968973324921024			
IPA_RUNX1_DN	0.29688916935507514			
GSE3982_NEUTROPHIL_VS_CENT_MEMORY_CD4_TCELL_UP	0.2968872281282153			
GRYDER_PAX3FOXO1_ENHANCERS_IN_TADS	0.29688568213862343			
GO_CERAMIDE_1_PHOSPHATE_BINDING	0.29688389347960864			
REACTOME_MOLYBDENUM_COFACTOR_BIOSYNTHESIS	0.29688369299354794			
GO_MOLYBDOPTERIN_COFACTOR_METABOLIC_PROCESS	0.29688369299354794			
XU_HGF_TARGETS_INDUCED_BY_AKT1_6HR	0.29686131482277966			
GO_POSITIVE_REGULATION_OF_ACTION_POTENTIAL	0.2968371223110708			
BIOCARTA_P35ALZHEIMERS_PATHWAY	0.296824138732633			
XBP1_01	0.2968238405940627			
SANA_TNF_SIGNALING_UP	0.29681182054708216			
PLASARI_TGFB1_SIGNALING_VIA_NFIC_10HR_UP	0.2967961865864283			
GSE2770_IL4_ACT_VS_ACT_CD4_TCELL_48H_UP	0.29678987877418433			
PID_HIF1_TFPATHWAY	0.2967585672438426			
MIR454_3P	0.29674940226883867			
GO_POSITIVE_REGULATION_OF_AMYLOID_BETA_FORMATION	0.2967490943348569			
GSE4590_SMALL_VS_LARGE_PRE_BCELL_DN	0.2967325128292945			
WALLACE_PROSTATE_CANCER_RACE_DN	0.29671769800550374			
GO_FILOPODIUM_TIP	0.2967131293545401			
GO_CDP_CHOLINE_PATHWAY	0.2966809180065868			
GO_MESODERM_DEVELOPMENT	0.29663629845052697			
MIR10395_5P	0.29661548929822495			
GSE29618_LAIV_VS_TIV_FLU_VACCINE_DAY7_MDC_DN	0.2966118711750417			
FARMER_BREAST_CANCER_CLUSTER_7	0.29659873763170663			
REACTOME_ATTENUATION_PHASE	0.2965943797326082			
IPA_KMT2D_UP	0.29659138148057707			
GO_INORGANIC_ANION_TRANSMEMBRANE_TRANSPORTER_ACTIVITY	0.2965745305794355			
MIR6124	0.2965608397519019			
GO_ACTIVATION_OF_NF_KAPPAB_INDUCING_KINASE_ACTIVITY	0.29652997691979494			
GO_NEGATIVE_REGULATION_OF_COLLAGEN_METABOLIC_PROCESS	0.29652556248818723			
GO_INTESTINAL_EPITHELIAL_CELL_DIFFERENTIATION	0.2965234233115676			
GSE8868_SPLEEN_VS_INTESTINE_CD11B_POS_CD11C_NEG_DC_DN	0.2965048638768009			
GO_ION_CHANNEL_BINDING	0.29647897173006404			
GO_PHOSPHOLIPID_SCRAMBLASE_ACTIVITY	0.29647026540954896			
GSE17721_LPS_VS_POLYIC_1H_BMDC_UP	0.29645584348431087			
GO_REGULATION_OF_ENDOTHELIAL_CELL_CHEMOTAXIS	0.2964502415456019			
GSE29949_MICROGLIA_BRAIN_VS_CD8_NEG_DC_SPLEEN_DN	0.29643855225085586			
GSE24142_ADULT_VS_FETAL_DN2_THYMOCYTE_DN	0.2964256903616213			
GSE43955_1H_VS_20H_ACT_CD4_TCELL_WITH_TGFB_IL6_DN	0.29638590538949694			
GSE17721_CTRL_VS_GARDIQUIMOD_24H_BMDC_UP	0.2963854594508635			
CACCCBINDINGFACTOR_Q6	0.2963835160748411			
WONG_ENDMETRIUM_CANCER_UP	0.29637957751973326			
GGGTGGRR_PAX4_03	0.2963346919386302			
GO_MYELIN_SHEATH	0.29629591462829147			
GO_CARDIAC_EPITHELIAL_TO_MESENCHYMAL_TRANSITION	0.2962740083677321			
GO_AXON	0.29627105187151764			
GO_REGULATION_OF_KETONE_BIOSYNTHETIC_PROCESS	0.29626092413470057			
MIDORIKAWA_AMPLIFIED_IN_LIVER_CANCER	0.2962441208546736			
MIR6832_3P	0.29621840930142845			
VALK_AML_CLUSTER_2	0.29620585319671056			
PID_WNT_NONCANONICAL_PATHWAY	0.2961982342706388			
GO_JUN_KINASE_KINASE_KINASE_ACTIVITY	0.29616950528651986			
GO_COLUMNAR_CUBOIDAL_EPITHELIAL_CELL_DEVELOPMENT	0.2961633050147448			
GO_PLATELET_DENSE_TUBULAR_NETWORK_MEMBRANE	0.29614785863226645			
GO_ION_CHANNEL_REGULATOR_ACTIVITY	0.2961319400606375			
GO_PEPTIDYL_THREONINE_DEPHOSPHORYLATION	0.2960919176938527			
MEISSNER_NPC_HCP_WITH_H3K4ME2_AND_H3K27ME3	0.29608833304184445			
GSE360_L_DONOVANI_VS_B_MALAYI_HIGH_DOSE_MAC_UP	0.29608639766268646			
KYNG_DNA_DAMAGE_BY_4NQO_OR_UV	0.29608362737890004			
GO_TYPE_B_PANCREATIC_CELL_APOPTOTIC_PROCESS	0.2960817608064248			
GO_POSITIVE_REGULATION_OF_ASPARTIC_TYPE_PEPTIDASE_ACTIVITY	0.29607327195148747			
GO_PROTEASOME_BINDING	0.2960308144452484			
CAIRO_HEPATOBLASTOMA_DN	0.2960212833412172			
GO_TISSUE_REMODELING	0.2959980947914375			
GO_FOREBRAIN_CELL_MIGRATION	0.2959962387678403			
ZMYM2_TARGET_GENES	0.29598310785656395			
CHESLER_BRAIN_QTL_CIS	0.29597560522382077			
GO_REGULATION_OF_ASPARTIC_TYPE_PEPTIDASE_ACTIVITY	0.2959644096422719			
GO_RESPONSE_TO_MAGNESIUM_ION	0.2959591125851202			
GO_ENZYME_INHIBITOR_ACTIVITY	0.2959481004412035			
MARIADASON_RESPONSE_TO_BUTYRATE_CURCUMIN_SULINDAC_TSA_1	0.2959413959469528			
GO_POSITIVE_REGULATION_OF_MAPK_CASCADE	0.2959376949968325			
GO_VITAMIN_TRANSMEMBRANE_TRANSPORTER_ACTIVITY	0.29593071127784226			
GO_POLYSACCHARIDE_BIOSYNTHETIC_PROCESS	0.2959242210272053			
GO_BRUSH_BORDER_MEMBRANE	0.29591184519479713			
GSE35543_IN_VITRO_ITREG_VS_CONVERTED_EX_ITREG_DN	0.2959077065755176			
GO_LOW_DENSITY_LIPOPROTEIN_PARTICLE	0.29590618240319744			
COUP_01	0.2958979764914003			
GO_MIDBRAIN_DOPAMINERGIC_NEURON_DIFFERENTIATION	0.295896171771127			
GO_COLLAGEN_CATABOLIC_PROCESS	0.29589368550452466			
BIOCARTA_RECK_PATHWAY	0.2958650702364316			
GO_GOLGI_ASSOCIATED_VESICLE	0.295840533863827			
PCGF1_TARGET_GENES	0.29579105271678596			
GO_POSITIVE_REGULATION_OF_BLOOD_CIRCULATION	0.2957632212040234			
GO_POST_ANAL_TAIL_MORPHOGENESIS	0.2957489507132802			
GO_REGULATION_OF_DENDRITE_MORPHOGENESIS	0.2957200729877287			
GSE15750_WT_VS_TRAF6KO_DAY10_EFF_CD8_TCELL_DN	0.29571203244253247			
HASINA_NOL7_TARGETS_UP	0.29570143057783305			
AREB6_03	0.29570051526893953			
GO_POSITIVE_REGULATION_OF_STRESS_ACTIVATED_PROTEIN_KINASE_SIGNALING_CASCADE	0.29569953005980326			
GO_BRANCH_ELONGATION_INVOLVED_IN_URETERIC_BUD_BRANCHING	0.2956920685449532			
GO_HEPATOCYTE_APOPTOTIC_PROCESS	0.2956904103341875			
MYBL1_TARGET_GENES	0.29567668728710367			
GO_REGULATION_OF_VASCULOGENESIS	0.2956740296139389			
GSE4811_CLASSSICALY_ACTIVATED_VS_TYPE_2_ACTIVATED_MACROPHAGE_UP	0.29565435465818596			
GSE29618_PRE_VS_DAY7_POST_TIV_FLU_VACCINE_BCELL_UP	0.29565243160405863			
GO_NEGATIVE_REGULATION_OF_LIPASE_ACTIVITY	0.2956335199793897			
DITTMER_PTHLH_TARGETS_DN	0.29558220800433627			
IPA_ETV1_UP	0.29557929489798795			
GO_NEGATIVE_REGULATION_OF_MONOCYTE_CHEMOTAXIS	0.2955722493036173			
IPA_CDX2_UP	0.29555631585297926			
PID_NEPHRIN_NEPH1_PATHWAY	0.2955312557054975			
ZNF563_TARGET_GENES	0.2955211902286134			
KIM_LIVER_CANCER_POOR_SURVIVAL_UP	0.2954613120591212			
GO_KERATINOCYTE_MIGRATION	0.2954568465489416			
GO_LIGAND_GATED_SODIUM_CHANNEL_ACTIVITY	0.29544623707550177			
GSE17721_CTRL_VS_GARDIQUIMOD_2H_BMDC_DN	0.2954422166832733			
GO_GERM_CELL_MIGRATION	0.29543415749951524			
KOMMAGANI_TP63_GAMMA_TARGETS	0.2954259254939689			
KASLER_HDAC7_TARGETS_1_DN	0.29541820087752263			
GO_NUCLEOSIDE_DIPHOSPHATASE_ACTIVITY	0.2954153932630046			
GO_EYELID_DEVELOPMENT_IN_CAMERA_TYPE_EYE	0.2954140858840049			
MIR5690	0.29539477617582754			
GO_REGULATION_OF_OSTEOBLAST_DIFFERENTIATION	0.2953903538129585			
GSE23695_CD57_POS_VS_NEG_NK_CELL_DN	0.29538024539869323			
GO_CELLULAR_IRON_ION_HOMEOSTASIS	0.29535339536642313			
RADAEVA_RESPONSE_TO_IFNA1_DN	0.2953222265441895			
GO_NEGATIVE_REGULATION_OF_NERVOUS_SYSTEM_DEVELOPMENT	0.29532150638857063			
REACTOME_FERTILIZATION	0.29531328340042773			
GO_REGULATION_OF_AUTOPHAGOSOME_ASSEMBLY	0.29528821795210275			
GO_POSITIVE_REGULATION_OF_I_KAPPAB_KINASE_NF_KAPPAB_SIGNALING	0.2952876479594948			
REACTOME_BMAL1_CLOCK_NPAS2_ACTIVATES_CIRCADIAN_GENE_EXPRESSION	0.2952844197680692			
GSE37605_TREG_VS_TCONV_C57BL6_FOXP3_FUSION_GFP_DN	0.2952515659247495			
GO_SIGNALING_RECEPTOR_BINDING	0.2952358132120238			
IPA_HOXB1_DN	0.2951983015220346			
GO_SEMAPHORIN_RECEPTOR_COMPLEX	0.29517189023480506			
REACTOME_ER_QUALITY_CONTROL_COMPARTMENT_ERQC	0.29515944460775356			
RNGTGGGC_UNKNOWN	0.2951586681741278			
CEBPB_02	0.2951381951393178			
GO_NEGATIVE_REGULATION_OF_CELL_MATRIX_ADHESION	0.29513152105067586			
GO_EMBRYONIC_SKELETAL_SYSTEM_MORPHOGENESIS	0.2951038965081541			
GO_DENDRITE_MORPHOGENESIS	0.2950876424950317			
GO_NEGATIVE_REGULATION_OF_GLIAL_CELL_APOPTOTIC_PROCESS	0.29508628918389995			
GO_RAB_GTPASE_BINDING	0.29508521396520776			
MIR6883_3P	0.2950770215754524			
ZBTB1_TARGET_GENES	0.29504904320058756			
GO_POSITIVE_REGULATION_OF_PROTEIN_POLYMERIZATION	0.29501382870055637			
GO_NEURAL_TUBE_DEVELOPMENT	0.2950113067787012			
GO_OUTFLOW_TRACT_SEPTUM_MORPHOGENESIS	0.2950099806369824			
GO_PHOSPHATIDYLSERINE_BINDING	0.2950066066570613			
GO_REGULATION_OF_EARLY_ENDOSOME_TO_LATE_ENDOSOME_TRANSPORT	0.2949818049361353			
GSE46242_TH1_VS_ANERGIC_TH1_CD4_TCELL_DN	0.2949497299702122			
VECCHI_GASTRIC_CANCER_ADVANCED_VS_EARLY_DN	0.2949455844736873			
GO_POSITIVE_REGULATION_OF_MACROPHAGE_DERIVED_FOAM_CELL_DIFFERENTIATION	0.2949410662211995			
GO_CELLULAR_TRANSITION_METAL_ION_HOMEOSTASIS	0.2948943334262766			
GO_TRANSLOCON_COMPLEX	0.2948784561283921			
ESC_V6.5_UP_LATE.V1_DN	0.2948535436692436			
NABA_ECM_AFFILIATED	0.2948363089607731			
REACTOME_TRAFFICKING_AND_PROCESSING_OF_ENDOSOMAL_TLR	0.29483137124115477			
GO_RESPONSE_TO_ANTIBIOTIC	0.294827967781493			
GO_POSITIVE_REGULATION_OF_CELLULAR_RESPONSE_TO_INSULIN_STIMULUS	0.29482767112056957			
GO_MOTOR_ACTIVITY	0.2948274890282309			
GSE17721_POLYIC_VS_GARDIQUIMOD_16H_BMDC_UP	0.29482422203078085			
GSE34156_TLR1_TLR2_LIGAND_VS_NOD2_AND_TLR1_TLR2_LIGAND_6H_TREATED_MONOCYTE_DN	0.2948047676302046			
GSE45365_HEALTHY_VS_MCMV_INFECTION_BCELL_IFNAR_KO_UP	0.2947885578163274			
REACTOME_CARGO_RECOGNITION_FOR_CLATHRIN_MEDIATED_ENDOCYTOSIS	0.29478721146359876			
GO_CELLULAR_SODIUM_ION_HOMEOSTASIS	0.2947635661303516			
GO_SEX_DIFFERENTIATION	0.2947615767435111			
TBP_01	0.2947608729488598			
IK1_01	0.29475157413571085			
GSE30971_CTRL_VS_LPS_STIM_MACROPHAGE_WBP7_KO_2H_UP	0.29474882367580585			
MIR5697	0.2947472389220391			
GO_RESPONSE_TO_MANGANESE_ION	0.29474232577442333			
MIR1233_3P	0.29473397477044			
ZHAN_MULTIPLE_MYELOMA_MS_UP	0.2947182092588853			
BIOCARTA_RHO_PATHWAY	0.2946983701579145			
NFE2_01	0.294696530102791			
CEBPA_01	0.29468897721664505			
GO_MONOCYTE_CHEMOTAXIS	0.29468504405057033			
ZNF214_TARGET_GENES	0.29464509470238115			
MATTHEWS_AP1_TARGETS	0.2946233022266405			
GO_VACUOLAR_MEMBRANE	0.29458284835638526			
IPA_MTF1_UP	0.2945573848587812			
GSE2706_LPS_VS_R848_AND_LPS_8H_STIM_DC_DN	0.29455053754285093			
GSE17721_0.5H_VS_4H_LPS_BMDC_DN	0.29454961713969313			
GO_DISORDERED_DOMAIN_SPECIFIC_BINDING	0.29453855082633895			
GSE17186_MEMORY_VS_CD21LOW_TRANSITIONAL_BCELL_UP	0.294528359914654			
MSX1_TARGET_GENES	0.2945209545287691			
GSE37301_HEMATOPOIETIC_STEM_CELL_VS_CD4_TCELL_DN	0.29451639854191497			
GSE26343_WT_VS_NFAT5_KO_MACROPHAGE_DN	0.2944781425325759			
GO_DIGESTIVE_SYSTEM_DEVELOPMENT	0.2944631655481148			
CLIMENT_BREAST_CANCER_COPY_NUMBER_UP	0.29445630128919853			
PID_NETRIN_PATHWAY	0.29445155901965714			
GO_POSITIVE_REGULATION_OF_HEART_CONTRACTION	0.29443929418340153			
SATO_SILENCED_BY_METHYLATION_IN_PANCREATIC_CANCER_1	0.2944373510441361			
GSE10240_IL22_VS_IL17_STIM_PRIMARY_BRONCHIAL_EPITHELIAL_CELLS_DN	0.29443191905432725			
RNCTGNYNRNCTGNY_UNKNOWN	0.2944305426172006			
GO_NEGATIVE_REGULATION_OF_PEPTIDYL_SERINE_PHOSPHORYLATION	0.2944265360833137			
GSE37534_PIOGLITAZONE_VS_ROSIGLITAZONE_TREATED_CD4_TCELL_PPARG1_FOXP3_TRANSDUCED_DN	0.29442012085092106			
BIOCARTA_PDZS_PATHWAY	0.2944085402590111			
GO_REGULATION_OF_CELL_SHAPE	0.2943668259876404			
GO_REGULATION_OF_MUSCLE_CONTRACTION	0.294358141398175			
PURBEY_TARGETS_OF_CTBP1_NOT_SATB1_DN	0.2943473993832693			
MIR4529_5P	0.294338472572406			
GSE21379_TFH_VS_NON_TFH_SAP_KO_CD4_TCELL_UP	0.2943332629154324			
GO_POSITIVE_REGULATION_OF_PROTEIN_EXPORT_FROM_NUCLEUS	0.29430959798276546			
HUANG_DASATINIB_RESISTANCE_DN	0.294291851185757			
ABBUD_LIF_SIGNALING_1_DN	0.29428738289652284			
GO_CELL_CELL_SIGNALING	0.29427091519222603			
ZHAN_MULTIPLE_MYELOMA_MF_DN	0.29426227523447185			
GSE35825_UNTREATED_VS_IFNA_STIM_MACROPHAGE_DN	0.2942598310624698			
GO_RECEPTOR_LOCALIZATION_TO_SYNAPSE	0.29421699695813			
GSE12963_UNINF_VS_ENV_AND_NEF_DEFICIENT_HIV1_INF_CD4_TCELL_DN	0.2942074387243404			
GSE4590_PRE_BCELL_VS_LARGE_PRE_BCELL_UP	0.294124376889233			
GO_CELLULAR_RESPONSE_TO_EXTRACELLULAR_STIMULUS	0.29411374946737023			
WANG_CLIM2_TARGETS_UP	0.29409331222921037			
IPA_BRCA2_UP	0.29408680795707054			
KORKOLA_CHORIOCARCINOMA_UP	0.2940780558679823			
GO_MALE_GENITALIA_DEVELOPMENT	0.2940679670777617			
GO_SIGNAL_TRANSDUCTION_BY_PROTEIN_PHOSPHORYLATION	0.29406745878829993			
MIR6814_5P	0.2940331306882236			
GO_AMELOGENESIS	0.29402742266702353			
GSE11924_TH1_VS_TH17_CD4_TCELL_DN	0.294016149241402			
GO_PROTEIN_HOMODIMERIZATION_ACTIVITY	0.29400924144185564			
MIR7111_5P	0.29399727388094343			
GSE9601_UNTREATED_VS_PI3K_INHIBITOR_TREATED_HCMV_INF_MONOCYTE_DN	0.2939726507216809			
GO_TRANS_GOLGI_NETWORK	0.29394201852950885			
WANG_BARRETTS_ESOPHAGUS_DN	0.2939381526041486			
GO_NEGATIVE_REGULATION_OF_NEUROBLAST_PROLIFERATION	0.2939290775212578			
GO_ESCRT_III_COMPLEX	0.2939279797901739			
MIR6870_5P	0.2939142100306674			
MIR383_5P	0.29389399698516394			
GO_REGULATION_OF_RETINOIC_ACID_RECEPTOR_SIGNALING_PATHWAY	0.2938773264684859			
GO_STRUCTURAL_MOLECULE_ACTIVITY	0.29387291629272944			
MIR298	0.293835197923159			
AGCACTT_MIR93_MIR302A_MIR302B_MIR302C_MIR302D_MIR372_MIR373_MIR520E_MIR520A_MIR526B_MIR520B_MIR520C_MIR520D	0.2938343289422362			
GO_CELLULAR_RESPONSE_TO_THYROID_HORMONE_STIMULUS	0.29382934498911906			
IPA_E4F1_UP	0.29381772800884887			
CHARAFE_BREAST_CANCER_BASAL_VS_MESENCHYMAL_UP	0.2937958669663151			
REACTOME_P75NTR_SIGNALS_VIA_NF_KB	0.29378786202372714			
GSE43955_10H_VS_60H_ACT_CD4_TCELL_DN	0.29377830178731074			
REACTOME_NERVOUS_SYSTEM_DEVELOPMENT	0.2937674407602422			
GSE13485_DAY7_VS_DAY21_YF17D_VACCINE_PBMC_UP	0.2937405737554965			
GO_SODIUM_ION_HOMEOSTASIS	0.29373111763497656			
KAMIKUBO_MYELOID_MN1_NETWORK	0.29372429755198437			
MIR891A_3P	0.29369658672384774			
MIR3201	0.2936900979818297			
IPA_FOSB_UP	0.29368762619163413			
GSE3982_MAC_VS_NKCELL_UP	0.29367939162789825			
MIR6794_5P	0.29367779451711795			
MIR5682	0.2936674532029884			
GSE23568_CTRL_TRANSDUCED_VS_WT_CD8_TCELL_UP	0.2936666749062745			
GO_MOLTING_CYCLE	0.29365845067805046			
REACTOME_SYNTHESIS_OF_PI	0.29362070706881577			
GO_RETINOL_METABOLIC_PROCESS	0.29361944739997253			
GSE17721_LPS_VS_GARDIQUIMOD_6H_BMDC_DN	0.2936163946899844			
GO_POSITIVE_REGULATION_OF_LIPOPROTEIN_PARTICLE_CLEARANCE	0.2936135630710584			
GO_STRESS_ACTIVATED_PROTEIN_KINASE_SIGNALING_CASCADE	0.2936035146879828			
MIR873_5P	0.2935913988626555			
GO_GAP_JUNCTION_CHANNEL_ACTIVITY	0.29358820574887823			
MIR1207_5P	0.2935832336178425			
GSE21927_BALBC_VS_C57BL6_MONOCYTE_SPLEEN_DN	0.2935826496800903			
LMNB2_TARGET_GENES	0.2935750474195047			
KUWANO_RNA_STABILIZED_BY_NO	0.2935373986805826			
LUI_THYROID_CANCER_CLUSTER_5	0.2935298958782949			
GO_POSITIVE_REGULATION_OF_EPITHELIAL_TO_MESENCHYMAL_TRANSITION	0.2934995335816882			
TFIII_Q6	0.29349499707535104			
GO_EMBRYONIC_CAMERA_TYPE_EYE_DEVELOPMENT	0.29349383281044195			
GO_MONOACYLGLYCEROL_METABOLIC_PROCESS	0.2934904936728516			
GSE22025_UNTREATED_VS_TGFB1_AND_PROGESTERONE_TREATED_CD4_TCELL_UP	0.29346935981925815			
GO_CELL_MATRIX_ADHESION_MEDIATOR_ACTIVITY	0.2934607421651241			
SEMENZA_HIF1_TARGETS	0.2934414137365808			
GO_SKELETAL_SYSTEM_DEVELOPMENT	0.29343874739664777			
GSE411_WT_VS_SOCS3_KO_MACROPHAGE_IL6_STIM_400MIN_UP	0.2934281490952947			
GSE36078_UNTREATED_VS_AD5_INF_MOUSE_LUNG_DC_UP	0.29341884832860576			
GSE17721_CPG_VS_GARDIQUIMOD_24H_BMDC_UP	0.2934140371296558			
GO_MITOTIC_CYTOKINETIC_PROCESS	0.29341136688899594			
BOQUEST_STEM_CELL_UP	0.29339706270847743			
GO_NATURAL_KILLER_CELL_MEDIATED_IMMUNE_RESPONSE_TO_TUMOR_CELL	0.29339380050227726			
GO_PROTEIN_BINDING_INVOLVED_IN_HETEROTYPIC_CELL_CELL_ADHESION	0.29335595704929357			
MIR3667_3P	0.29334465917000063			
USF_Q6_01	0.2933389050935975			
GSE26030_TH1_VS_TH17_DAY15_POST_POLARIZATION_UP	0.29331835448437743			
GO_POSITIVE_REGULATION_OF_PINOCYTOSIS	0.29331336108057804			
MIR3164	0.2933124490576091			
GO_ACTOMYOSIN_CONTRACTILE_RING_ORGANIZATION	0.293307245644982			
GO_NEURON_MATURATION	0.2932934801950651			
GSE45365_CD8A_DC_VS_CD11B_DC_IFNAR_KO_MCMV_INFECTION_DN	0.29327840620076306			
ONGUSAHA_BRCA1_TARGETS_UP	0.2932632055143688			
GSE12366_GC_BCELL_VS_PLASMA_CELL_DN	0.293241011585028			
SMID_BREAST_CANCER_LUMINAL_B_DN	0.29322751316829154			
GO_PIGMENT_ACCUMULATION	0.29320054537513973			
GO_POSITIVE_REGULATION_OF_PHOSPHORUS_METABOLIC_PROCESS	0.2931901990553768			
DAZARD_RESPONSE_TO_UV_SCC_DN	0.29317489996595636			
GO_BMP_SIGNALING_PATHWAY_INVOLVED_IN_HEART_DEVELOPMENT	0.29316141092064874			
GSE7852_LN_VS_FAT_TCONV_DN	0.2931562840962016			
GSE4748_CTRL_VS_CYANOBACTERIUM_LPSLIKE_STIM_DC_1H_UP	0.29306934489052544			
WEIGEL_OXIDATIVE_STRESS_RESPONSE	0.29306614684579635			
GO_OXIDOREDUCTASE_ACTIVITY_OXIDIZING_METAL_IONS	0.29305895048865704			
CLAUS_PGR_POSITIVE_MENINGIOMA_DN	0.2930226560290406			
GSE37301_COMMON_LYMPHOID_PROGENITOR_VS_PRO_BCELL_UP	0.2930143636906396			
OZANNE_AP1_TARGETS_UP	0.2930089807686991			
GSE2770_UNTREATED_VS_IL4_TREATED_ACT_CD4_TCELL_6H_UP	0.2929872207220548			
GO_FICOLIN_1_RICH_GRANULE	0.2929777567519791			
GO_COLLAGEN_METABOLIC_PROCESS	0.2929524185780371			
KANG_AR_TARGETS_UP	0.2929434794499404			
ROSS_AML_OF_FAB_M7_TYPE	0.29292285143082203			
GSE19401_PLN_VS_PEYERS_PATCH_FOLLICULAR_DC_DN	0.29292225641245456			
GO_MITOCHONDRION_MORPHOGENESIS	0.2929167589123154			
RELA_DN.V1_UP	0.2928943129815342			
LUI_THYROID_CANCER_CLUSTER_2	0.2928673542679285			
GSE25085_FETAL_LIVER_VS_FETAL_BM_SP4_THYMIC_IMPLANT_DN	0.29285200741330025			
MIR6501_3P	0.29279379467446875			
GO_NEGATIVE_REGULATION_OF_SMOOTH_MUSCLE_CELL_MIGRATION	0.2927868294659835			
GSE360_L_MAJOR_VS_B_MALAYI_LOW_DOSE_DC_UP	0.2927844463160342			
BARRIER_CANCER_RELAPSE_TUMOR_SAMPLE_DN	0.29277539324862817			
GSE26928_NAIVE_VS_CENT_MEMORY_CD4_TCELL_DN	0.2927630468915993			
IPA_RUNX2_UP	0.29275969117948597			
GO_ENDOSOME_TRANSPORT_VIA_MULTIVESICULAR_BODY_SORTING_PATHWAY	0.2927562896271567			
ZNF561_TARGET_GENES	0.2927454548180917			
GSE12839_CTRL_VS_IL12_TREATED_PBMC_UP	0.2927381289747714			
GO_OXIDOREDUCTASE_ACTIVITY_ACTING_ON_A_SULFUR_GROUP_OF_DONORS	0.2927129345265872			
PARK_OSTEOBLAST_DIFFERENTIATION_BY_PHENYLAMIL_DN	0.29268718561042617			
MIR4640_5P	0.29266988584605763			
KEGG_HISTIDINE_METABOLISM	0.2926607308871563			
GSE7460_CTRL_VS_FOXP3_OVEREXPR_TCONV_UP	0.2926547584545688			
GO_NEGATIVE_REGULATION_OF_PROTEIN_METABOLIC_PROCESS	0.2926238657114368			
GSE30083_SP1_VS_SP4_THYMOCYTE_UP	0.292613942258354			
GO_MEMBRANE_REPOLARIZATION	0.2925850981360016			
ATACCTC_MIR202	0.29256912234844357			
GSE27670_CTRL_VS_LMP1_TRANSDUCED_GC_BCELL_DN	0.29256727437102065			
GO_PROSTANOID_METABOLIC_PROCESS	0.29256155895806657			
GO_ISOPRENOID_METABOLIC_PROCESS	0.29254480483726647			
GO_CARBOHYDRATE_TRANSMEMBRANE_TRANSPORTER_ACTIVITY	0.29252668628031886			
GO_POSITIVE_REGULATION_OF_CHEMOKINE_BIOSYNTHETIC_PROCESS	0.2925187003936748			
GO_REGULATION_OF_MICROTUBULE_NUCLEATION	0.29251623640867025			
GO_REGULATION_OF_STRESS_GRANULE_ASSEMBLY	0.2925140092081396			
SP1_Q2_01	0.29250968327798804			
MIR4501	0.2925083189784566			
IPA_ZNF148_DN	0.2925000298510377			
IPA_MAF_DN	0.2924960434833501			
GO_PROTEIN_KINASE_C_BINDING	0.29248320503495084			
PEDRIOLI_MIR31_TARGETS_DN	0.29248293289365335			
GO_NEGATIVE_REGULATION_OF_EPITHELIAL_CELL_APOPTOTIC_PROCESS	0.2924706065200328			
GO_VIRION_BINDING	0.29246261357025594			
CCAWYNNGAAR_UNKNOWN	0.2924549000191028			
IPA_CTNNB1_DN	0.29245211524944675			
GO_EXTRINSIC_COMPONENT_OF_EXTERNAL_SIDE_OF_PLASMA_MEMBRANE	0.29242839597855275			
GO_POSITIVE_REGULATION_OF_RESPONSE_TO_ENDOPLASMIC_RETICULUM_STRESS	0.29242650286197464			
GO_PROTEOLYSIS	0.292416217755952			
GO_ATP_DEPENDENT_MICROTUBULE_MOTOR_ACTIVITY_PLUS_END_DIRECTED	0.2924157700048955			
GSE7852_TREG_VS_TCONV_THYMUS_UP	0.29240376669430973			
ZF5_B	0.2924034442218175			
GSE24574_BCL6_HIGH_TFH_VS_TFH_CD4_TCELL_UP	0.2923890307098471			
GSE42088_UNINF_VS_LEISHMANIA_INF_DC_8H_DN	0.29238252233741263			
KEGG_CIRCADIAN_RHYTHM_MAMMAL	0.29234379707443625			
GO_STEM_CELL_DIFFERENTIATION	0.2923372263905337			
GO_MACROPHAGE_MIGRATION	0.2923221979614825			
YAMAZAKI_TCEB3_TARGETS_DN	0.29230984967819906			
GO_VASCULAR_ENDOTHELIAL_GROWTH_FACTOR_PRODUCTION	0.2922643128942129			
IPA_KLF4_UP	0.29222861100038094			
GSE8921_UNSTIM_VS_TLR1_2_STIM_MONOCYTE_24H_DN	0.29219434010778583			
GO_MESENCHYMAL_CELL_APOPTOTIC_PROCESS	0.29217625072099307			
GSE13485_DAY1_VS_DAY7_YF17D_VACCINE_PBMC_UP	0.2921237537941367			
GSE43955_TH0_VS_TGFB_IL6_TH17_ACT_CD4_TCELL_42H_UP	0.29210602708462097			
MIR4525	0.29210354543200523			
REACTOME_SOS_MEDIATED_SIGNALLING	0.29206298361170663			
SAKAI_TUMOR_INFILTRATING_MONOCYTES_UP	0.29205991828577127			
GSE37534_UNTREATED_VS_GW1929_TREATED_CD4_TCELL_PPARG1_AND_FOXP3_TRASDUCED_UP	0.2920518366679934			
ZNF274_TARGET_GENES	0.29204224909417653			
GO_REGULATION_OF_INWARD_RECTIFIER_POTASSIUM_CHANNEL_ACTIVITY	0.2920341009455055			
GSE17721_CTRL_VS_PAM3CSK4_6H_BMDC_DN	0.29201283911631654			
GO_REGULATION_OF_LUNG_BLOOD_PRESSURE	0.2920122616070679			
GO_NEURON_MIGRATION	0.29200919343771903			
GO_ESTABLISHMENT_OF_LOCALIZATION_IN_CELL	0.29195365128225986			
ZNF223_TARGET_GENES	0.29195294206905764			
GO_INSULIN_LIKE_GROWTH_FACTOR_II_BINDING	0.29194473337414517			
DEBIASI_APOPTOSIS_BY_REOVIRUS_INFECTION_DN	0.2919319381990007			
GO_HINDLIMB_MORPHOGENESIS	0.2919281174500123			
GO_COLLAGEN_ACTIVATED_TYROSINE_KINASE_RECEPTOR_SIGNALING_PATHWAY	0.2919264090269312			
FURUKAWA_DUSP6_TARGETS_PCI35_UP	0.29188520624469433			
SCHAEFFER_SOX9_TARGETS_IN_PROSTATE_DEVELOPMENT_UP	0.2918742433276761			
MIR5698	0.29184514567498754			
GO_SCHAFFER_COLLATERAL_CA1_SYNAPSE	0.2918445516089034			
CBX7_TARGET_GENES	0.2918429893127289			
GO_LYMPHANGIOGENESIS	0.29184273259270616			
INGRAM_SHH_TARGETS_DN	0.29183881907900144			
GO_COPI_VESICLE_COAT	0.29183768698960605			
SEIDEN_ONCOGENESIS_BY_MET	0.2918347220493646			
GSE360_L_DONOVANI_VS_L_MAJOR_DC_DN	0.2918227154504858			
REACTOME_NCAM_SIGNALING_FOR_NEURITE_OUT_GROWTH	0.29179770696392365			
GO_NEGATIVE_REGULATION_OF_RECEPTOR_CATABOLIC_PROCESS	0.2917766959410441			
MDM2_TARGET_GENES	0.29177327778899154			
GO_INACTIVATION_OF_MAPK_ACTIVITY	0.29176417726373743			
IYENGAR_RESPONSE_TO_ADIPOCYTE_FACTORS	0.29173555838101833			
REACTOME_UPTAKE_AND_FUNCTION_OF_DIPHTHERIA_TOXIN	0.2917136482291606			
GO_PERICYTE_CELL_DIFFERENTIATION	0.29171099237854614			
GO_PHOSPHATIDYLINOSITOL_BINDING	0.2916889526231624			
RIZ_ERYTHROID_DIFFERENTIATION_12HR	0.29167615805357305			
GO_REGULATION_OF_MAP_KINASE_ACTIVITY	0.2916705937524234			
MIR938	0.2916692843751848			
MORI_EMU_MYC_LYMPHOMA_BY_ONSET_TIME_DN	0.2916602511420052			
MIR4736	0.2916531220053947			
GO_REGULATION_OF_PLATELET_DERIVED_GROWTH_FACTOR_RECEPTOR_BETA_SIGNALING_PATHWAY	0.29163940928443344			
GO_POSITIVE_REGULATION_OF_INSULIN_LIKE_GROWTH_FACTOR_RECEPTOR_SIGNALING_PATHWAY	0.29163627133500875			
REACTOME_GAMMA_CARBOXYLATION_TRANSPORT_AND_AMINO_TERMINAL_CLEAVAGE_OF_PROTEINS	0.29163444683474304			
GSE14908_ATOPIC_VS_NONATOPIC_PATIENT_RESTING_CD4_TCELL_UP	0.29162931730108843			
HALLMARK_COMPLEMENT	0.2916095556805058			
TRAYNOR_RETT_SYNDROM_DN	0.29159749182531775			
MIR4723_5P	0.2915888159647245			
GSE12707_AT16L1_HYPOMORPH_VS_WT_THYMUS_DN	0.29158089838517326			
GSE411_UNSTIM_VS_100MIN_IL6_STIM_MACROPHAGE_UP	0.29156513485540825			
REACTOME_METABOLISM_OF_ANGIOTENSINOGEN_TO_ANGIOTENSINS	0.2915538878156084			
MIR4281	0.2915400449172883			
GSE16522_ANTI_CD3CD28_STIM_VS_UNSTIM_MEMORY_CD8_TCELL_UP	0.29153825473910006			
GO_PIGMENT_CATABOLIC_PROCESS	0.2914905957572263			
GSE32986_UNSTIM_VS_GMCSF_STIM_DC_DN	0.29145676895222056			
GSE9006_TYPE_1_DIABETES_AT_DX_VS_4MONTH_POST_DX_PBMC_UP	0.2914534071416532			
GSE13484_12H_UNSTIM_VS_YF17D_VACCINE_STIM_PBMC_DN	0.29140229893296227			
GO_VITAMIN_METABOLIC_PROCESS	0.29138881853122967			
NOUSHMEHR_GBM_SILENCED_BY_METHYLATION	0.29135581622777806			
GO_SMOOTHENED_SIGNALING_PATHWAY	0.2913557820288513			
GSE43863_NAIVE_VS_TFH_CD4_EFF_TCELL_D6_LCMV_UP	0.2913546802800635			
GSE17721_LPS_VS_POLYIC_2H_BMDC_UP	0.2913492142695221			
GSE9960_HEALTHY_VS_SEPSIS_PBMC_UP	0.2913438995844645			
GATA1_05	0.29134374694374987			
GO_POSITIVE_REGULATION_OF_DENDRITE_DEVELOPMENT	0.2913394929652588			
GSE36009_WT_VS_NLRP10_KO_DC_DN	0.29133790610228183			
BRUNO_HEMATOPOIESIS	0.291322282079275			
ATF6_01	0.2912850239883207			
GO_RETINA_VASCULATURE_MORPHOGENESIS_IN_CAMERA_TYPE_EYE	0.29128172108217626			
GO_REGULATION_OF_LIPOPROTEIN_METABOLIC_PROCESS	0.291257779887486			
TAKEDA_TARGETS_OF_NUP98_HOXA9_FUSION_16D_DN	0.29123572815126514			
GO_REGULATION_OF_PROTEIN_LOCALIZATION_TO_SYNAPSE	0.2912101581459443			
GSE18281_PERIMEDULLARY_CORTICAL_REGION_VS_WHOLE_CORTEX_THYMUS_UP	0.2911846686973774			
GO_REGULATION_OF_MRNA_BINDING	0.2911846222394544			
MIR4657	0.29117749478124777			
GO_POSITIVE_REGULATION_OF_EXOCYTOSIS	0.29117725127888755			
GO_CELL_GROWTH	0.2911737800332041			
GO_ORGANIC_ANION_TRANSPORT	0.29115434130940204			
GSE20366_CD103_POS_VS_NEG_TREG_KLRG1NEG_UP	0.2911497502726658			
IPA_MAFF_UP	0.29114643274450286			
ZNF547_TARGET_GENES	0.29113024646077623			
GSE43955_10H_VS_30H_ACT_CD4_TCELL_WITH_TGFB_IL6_DN	0.29112378412171835			
GO_GOLGI_TRANS_CISTERNA	0.2911150827634656			
MEISSNER_NPC_HCP_WITH_H3K4ME2	0.29102743963787975			
GSE17721_CTRL_VS_LPS_4H_BMDC_DN	0.29101632005368844			
GSE29618_LAIV_VS_TIV_FLU_VACCINE_DAY7_BCELL_UP	0.2910125801957854			
GO_ENDOPLASMIC_RETICULUM_MANNOSE_TRIMMING	0.29099495471959885			
CDX1_TARGET_GENES	0.2909843535434758			
ZSCAN21_TARGET_GENES	0.29097524426491617			
MIR218_1_3P	0.2909703592128781			
GO_RIBOFLAVIN_TRANSPORT	0.2909615310676855			
GO_RIBOFLAVIN_TRANSMEMBRANE_TRANSPORTER_ACTIVITY	0.2909615310676855			
GO_POSITIVE_REGULATION_OF_NEURON_PROJECTION_DEVELOPMENT	0.2909499092264502			
GO_RESPONSE_TO_PLATELET_DERIVED_GROWTH_FACTOR	0.29094320910083493			
GO_EXTRACELLULAR_MATRIX_DISASSEMBLY	0.29093582120756895			
GO_RECEPTOR_MEDIATED_ENDOCYTOSIS_INVOLVED_IN_CHOLESTEROL_TRANSPORT	0.2909295026850239			
GO_POSITIVE_REGULATION_OF_UBIQUITIN_DEPENDENT_PROTEIN_CATABOLIC_PROCESS	0.2909105047963308			
GO_REGULATION_OF_ORGANELLE_ASSEMBLY	0.29090332773828376			
MIR4504	0.29089581340689563			
GO_FATTY_ACID_BIOSYNTHETIC_PROCESS	0.2908843092549589			
KIM_WT1_TARGETS_DN	0.2908581130587001			
REACTOME_TRANSCRIPTIONAL_REGULATION_BY_THE_AP_2_TFAP2_FAMILY_OF_TRANSCRIPTION_FACTORS	0.2908210233927316			
HOLLERN_MICROACINAR_BREAST_TUMOR_DN	0.2908209167564115			
GSE2405_0H_VS_24H_A_PHAGOCYTOPHILUM_STIM_NEUTROPHIL_DN	0.2908129164425186			
GO_REGULATION_OF_GLIAL_CELL_DIFFERENTIATION	0.29080667204623994			
GSE46606_UNSTIM_VS_CD40L_IL2_IL5_1DAY_STIMULATED_IRF4_KO_BCELL_DN	0.29080102440852196			
IPA_PLAG1_UP	0.2907949822335269			
GO_DISACCHARIDE_METABOLIC_PROCESS	0.29079490323797985			
GO_NEGATIVE_REGULATION_OF_PROTEIN_LOCALIZATION_TO_CELL_PERIPHERY	0.29078158868907716			
MIR7974	0.2907814823138021			
ACCTGTTG_UNKNOWN	0.29077347794340513			
BOYLAN_MULTIPLE_MYELOMA_C_D_DN	0.2907672125008086			
GSE40666_NAIVE_VS_EFFECTOR_CD8_TCELL_DN	0.2907571518740981			
GO_MODIFICATION_OF_POSTSYNAPTIC_ACTIN_CYTOSKELETON	0.2907529783653414			
GO_NEURON_SPINE	0.2907483309965126			
DLX6_TARGET_GENES	0.2906836263300103			
VETTER_TARGETS_OF_PRKCA_AND_ETS1_DN	0.2906815105263822			
GO_EMBRYONIC_CRANIAL_SKELETON_MORPHOGENESIS	0.2906622132412708			
WAKABAYASHI_ADIPOGENESIS_PPARG_RXRA_BOUND_WITH_H4K20ME1_MARK	0.2906600129328587			
JIANG_AGING_HYPOTHALAMUS_DN	0.29065820853222923			
GSE21927_GMCSF_IL6_VS_GMCSF_GCSF_TREATED_BONE_MARROW_UP	0.2906423117041367			
SMIRNOV_RESPONSE_TO_IR_6HR_UP	0.29061544646333765			
GO_NEGATIVE_REGULATION_OF_CELL_DIFFERENTIATION	0.29060481461839793			
AMEF2_Q6	0.2905596232013782			
GO_UDP_GLYCOSYLTRANSFERASE_ACTIVITY	0.2905557254108022			
MIR4755_5P	0.2905490862297487			
GARGALOVIC_RESPONSE_TO_OXIDIZED_PHOSPHOLIPIDS_BLACK_UP	0.2905433198729371			
GSE2770_UNTREATED_VS_ACT_CD4_TCELL_2H_UP	0.290526312094918			
GO_REGULATION_OF_KERATINOCYTE_MIGRATION	0.290507668367701			
GSE46606_IRF4HIGH_VS_WT_CD40L_IL2_IL5_DAY3_STIMULATED_BCELL_UP	0.2905064412175927			
MIR6847_5P	0.29049432266600234			
REACTOME_ACTIVATION_OF_THE_AP_1_FAMILY_OF_TRANSCRIPTION_FACTORS	0.29040257581363205			
CTTTGTA_MIR524	0.2903972601242821			
GO_ADRENAL_GLAND_DEVELOPMENT	0.29038053658566865			
MIR885_3P	0.29037764870275445			
REACTOME_TRANSPORT_OF_SMALL_MOLECULES	0.29037482273548787			
GSE25085_FETAL_BM_VS_ADULT_BM_SP4_THYMIC_IMPLANT_UP	0.2903535413227356			
MIR1912_5P	0.2903321388888448			
SCIBETTA_KDM5B_TARGETS_DN	0.290326120954439			
GO_NEGATIVE_REGULATION_OF_NEURON_PROJECTION_DEVELOPMENT	0.2903179181509573			
GO_REGULATION_OF_GLUCOCORTICOID_METABOLIC_PROCESS	0.29031355258513947			
GO_MICROTUBULE_ASSOCIATED_COMPLEX	0.2903003868412847			
GO_LEYDIG_CELL_DIFFERENTIATION	0.2902955746263768			
GO_CHONDROCYTE_DEVELOPMENT_INVOLVED_IN_ENDOCHONDRAL_BONE_MORPHOGENESIS	0.290293803064487			
GO_DEATH_RECEPTOR_BINDING	0.29024897026989216			
GO_POSITIVE_REGULATION_OF_KERATINOCYTE_DIFFERENTIATION	0.2902463777104484			
MIR6858_3P	0.2902400926514078			
DOUGLAS_BMI1_TARGETS_DN	0.2902334572441914			
NATSUME_RESPONSE_TO_INTERFERON_BETA_DN	0.29022690803237167			
GO_POSITIVE_REGULATION_OF_ORGANELLE_ASSEMBLY	0.29021852162460493			
REACTOME_CHL1_INTERACTIONS	0.2902069550965169			
GO_COPPER_ION_TRANSPORT	0.2902031702622155			
GO_MICROVILLUS_ASSEMBLY	0.29018854934637905			
GSE10463_CD40L_AND_VA347_VS_CD40L_IN_DC_DN	0.29016335725480363			
MIR323A_3P	0.2901481812364031			
GO_EMBRYONIC_FORELIMB_MORPHOGENESIS	0.29013162115873303			
ER_Q6_02	0.2901303522376559			
WOO_LIVER_CANCER_RECURRENCE_UP	0.2901302831749991			
IPA_HSF1_DN	0.2901287704136019			
IPA_CEBPB_DN	0.29012709343661575			
GO_MANNOSYLATION	0.2901226142470191			
GO_CERAMIDE_1_PHOSPHATE_TRANSPORT	0.29011684507845276			
MIR4778_5P	0.29011054430130384			
MIR223_3P	0.2900973588506331			
GO_GOLGI_TO_VACUOLE_TRANSPORT	0.2900856289773462			
GO_GERM_CELL_PROLIFERATION	0.29007722260053764			
GO_MONONUCLEAR_CELL_MIGRATION	0.2900749327822993			
MZF1_TARGET_GENES	0.29004022044502575			
CYTAGCAAY_UNKNOWN	0.2900322561772997			
GO_BIOMINERALIZATION	0.290031717429253			
GSE18281_SUBCAPSULAR_VS_CENTRAL_CORTICAL_REGION_OF_THYMUS_UP	0.29001630655539573			
GLI1_TARGET_GENES	0.2900136173831093			
GO_VACUOLAR_ACIDIFICATION	0.29001252024586155			
GO_CELL_CELL_ADHESION_MEDIATED_BY_CADHERIN	0.28999424249893685			
REACTOME_SIGNALING_BY_ACTIVIN	0.28996348871329064			
GO_COPII_COATED_ER_TO_GOLGI_TRANSPORT_VESICLE	0.2899627587955273			
MIR222_5P	0.289956950694375			
GO_PROTEIN_TRANSPORT_INTO_MEMBRANE_RAFT	0.28995327222201833			
GO_MULTIVESICULAR_BODY	0.28994290121376204			
BROWNE_HCMV_INFECTION_30MIN_UP	0.2899426174993609			
GSE9316_IL6_KO_VS_IFNG_KO_INVIVO_EXPANDED_CD4_TCELL_UP	0.289940398351626			
GSE24142_DN2_VS_DN3_THYMOCYTE_ADULT_UP	0.2899328567937165			
GO_POSITIVE_REGULATION_OF_AMYLOID_PRECURSOR_PROTEIN_CATABOLIC_PROCESS	0.28993033136306384			
HOLLEMAN_PREDNISOLONE_RESISTANCE_B_ALL_DN	0.2899181348594049			
GO_EMBRYONIC_EYE_MORPHOGENESIS	0.28988326637457856			
GO_POSITIVE_REGULATION_OF_INTRACELLULAR_SIGNAL_TRANSDUCTION	0.2898779098487799			
KYNG_DNA_DAMAGE_BY_4NQO_OR_GAMMA_RADIATION	0.28987501128296034			
GSE41978_WT_VS_BIM_KO_KLRG1_LOW_EFFECTOR_CD8_TCELL_UP	0.28986746982647976			
GSE43956_WT_VS_SGK1_KO_TH17_DIFFERENTIATED_CD4_TCELL_DN	0.2898457122948572			
GO_TRANSCRIPTION_COACTIVATOR_BINDING	0.2898373495192779			
REACTOME_VITAMIN_C_ASCORBATE_METABOLISM	0.2898267417784388			
ZHANG_ANTIVIRAL_RESPONSE_TO_RIBAVIRIN_DN	0.289820760847301			
GO_CELL_SURFACE	0.2898155370778319			
GO_JNK_CASCADE	0.2897970742632806			
GSE7548_DAY7_VS_DAY28_PCC_IMMUNIZATION_CD4_TCELL_UP	0.289776673070244			
MIR105_5P	0.28974954071174625			
GSE21546_SAP1A_KO_VS_SAP1A_KO_AND_ELK1_KO_DP_THYMOCYTES_UP	0.28973562989032325			
GO_POSITIVE_REGULATION_OF_AUTOPHAGY	0.2897232277616849			
REACTOME_TP53_REGULATES_TRANSCRIPTION_OF_SEVERAL_ADDITIONAL_CELL_DEATH_GENES_WHOSE_SPECIFIC_ROLES_IN_P53_DEPENDENT_APOPTOSIS_REMAIN_UNCERTAIN	0.28970628851484215			
GO_RESPONSE_TO_UV_A	0.2896868780295826			
MIR493_5P	0.28966965728416877			
GO_NEGATIVE_REGULATION_OF_AUTOPHAGOSOME_ASSEMBLY	0.2896616583070632			
ERR1_Q2	0.2896506557582436			
GSE19941_IL10_KO_VS_IL10_KO_AND_NFKBP50_KO_LPS_AND_IL10_STIM_MACROPHAGE_UP	0.2896310263317536			
CHARAFE_BREAST_CANCER_LUMINAL_VS_MESENCHYMAL_UP	0.28962797746392605			
GO_REGULATION_OF_SODIUM_ION_TRANSMEMBRANE_TRANSPORT	0.28955969475744897			
GO_POSITIVE_REGULATION_OF_RNA_BINDING	0.289558318772061			
RASHI_NFKB1_TARGETS	0.28954930246607685			
NR1I2_TARGET_GENES	0.28954792544133584			
GO_NEGATIVE_REGULATION_OF_APOPTOTIC_PROCESS_IN_BONE_MARROW_CELL	0.2895431923107153			
MIR6801_3P	0.28952802602399585			
MIR5006_3P	0.2895270773231993			
GSE27859_MACROPHAGE_VS_DC_DN	0.2895188432195764			
GO_AXIAL_MESODERM_DEVELOPMENT	0.2895170996211867			
IPA_TP63_DN	0.28951462443303067			
GO_VESICLE_DOCKING	0.2895034643292612			
GO_COLLAGEN_ACTIVATED_SIGNALING_PATHWAY	0.2895021834932261			
GSE43955_TH0_VS_TGFB_IL6_TH17_ACT_CD4_TCELL_52H_UP	0.28949526327832503			
GO_CELLULAR_RESPONSE_TO_HEAT	0.28947884948097474			
STAT_Q6	0.28947639632135125			
GO_LIPID_BIOSYNTHETIC_PROCESS	0.2894676648013073			
GO_LONG_CHAIN_FATTY_ACID_METABOLIC_PROCESS	0.2894550017312122			
GO_CHEMOKINE_RECEPTOR_BINDING	0.2894471181479508			
GSE5589_LPS_AND_IL10_VS_LPS_AND_IL6_STIM_IL6_KO_MACROPHAGE_45MIN_DN	0.2894093764953369			
CREB3L4_TARGET_GENES	0.2894022428640494			
GSE28737_BCL6_HET_VS_BCL6_KO_FOLLICULAR_BCELL_DN	0.2893935197807144			
MIR6813_5P	0.2893792919376319			
GO_REGULATION_OF_CELLULAR_RESPONSE_TO_VASCULAR_ENDOTHELIAL_GROWTH_FACTOR_STIMULUS	0.28934509179897133			
GERHOLD_RESPONSE_TO_TZD_UP	0.2893431481687719			
GO_EXTRINSIC_APOPTOTIC_SIGNALING_PATHWAY_VIA_DEATH_DOMAIN_RECEPTORS	0.28933952259844975			
LUI_THYROID_CANCER_PAX8_PPARG_UP	0.289338284304105			
GO_CELLULAR_LIPID_METABOLIC_PROCESS	0.2893342499575897			
KYNG_ENVIRONMENTAL_STRESS_RESPONSE_NOT_BY_GAMMA_IN_OLD	0.2893267677945803			
TFEB_TARGET_GENES	0.28931430785188816			
IL2_UP.V1_UP	0.2893010722496265			
PID_VEGFR1_2_PATHWAY	0.2892881324429069			
LAU_APOPTOSIS_CDKN2A_UP	0.28927954054675237			
GO_NEGATIVE_REGULATION_OF_MORPHOGENESIS_OF_AN_EPITHELIUM	0.28927389455532865			
GSE14769_UNSTIM_VS_60MIN_LPS_BMDM_DN	0.28926403931293054			
GO_SPONTANEOUS_SYNAPTIC_TRANSMISSION	0.2892478609500411			
GO_GOLGI_VESICLE_FUSION_TO_TARGET_MEMBRANE	0.2892370259721026			
GO_REGULATION_OF_INORGANIC_ANION_TRANSMEMBRANE_TRANSPORT	0.2892333075358555			
MIR1255B_2_3P	0.2892279016567054			
MITSIADES_RESPONSE_TO_APLIDIN_UP	0.28921024615419894			
GO_POSITIVE_REGULATION_OF_RECEPTOR_MEDIATED_ENDOCYTOSIS	0.28920351705303565			
GSE360_L_DONOVANI_VS_T_GONDII_MAC_UP	0.2892030952199252			
GO_MIDBRAIN_DEVELOPMENT	0.2891902574986076			
GO_SODIUM_CHANNEL_INHIBITOR_ACTIVITY	0.28918055573693546			
UBE2I_TARGET_GENES	0.28917554181648747			
IPA_HNF4A_UP	0.2891750511006723			
GO_CELL_COMMUNICATION_BY_ELECTRICAL_COUPLING	0.28916420959917954			
DARWICHE_SQUAMOUS_CELL_CARCINOMA_UP	0.2891626032011372			
TBK1.DN.48HRS_DN	0.2891483155110201			
GO_LEADING_EDGE_MEMBRANE	0.2891262788955881			
IPA_NR3C1_UP	0.2891166607308418			
GO_PHOSPHATASE_ACTIVATOR_ACTIVITY	0.2891007714582901			
HOLLERN_SQUAMOUS_BREAST_TUMOR	0.28908597138264835			
GO_NEGATIVE_REGULATION_OF_LIPID_STORAGE	0.28907882881344876			
CAMP_UP.V1_DN	0.28906744416048064			
ROZANOV_MMP14_CORRELATED	0.289066158554895			
VERHAAK_GLIOBLASTOMA_CLASSICAL	0.28905940354487275			
GO_IMPORT_INTO_CELL	0.2889893877010949			
MIR379_3P_MIR411_3P	0.28897896737427875			
GO_LENS_MORPHOGENESIS_IN_CAMERA_TYPE_EYE	0.28896523216836767			
GSE29617_CTRL_VS_TIV_FLU_VACCINE_PBMC_2008_UP	0.28895669733376583			
JI_RESPONSE_TO_FSH_DN	0.28894466230805477			
GSE3920_UNTREATED_VS_IFNG_TREATED_ENDOTHELIAL_CELL_UP	0.288942374576026			
GO_POSITIVE_REGULATION_OF_CYCLIN_DEPENDENT_PROTEIN_KINASE_ACTIVITY	0.28893447102364644			
CORRE_MULTIPLE_MYELOMA_UP	0.2889322357563609			
MIR7975	0.2889273318285635			
HOXC13_TARGET_GENES	0.28890602733820053			
GO_POSITIVE_REGULATION_OF_PROTEOLYSIS_INVOLVED_IN_CELLULAR_PROTEIN_CATABOLIC_PROCESS	0.2888921821598058			
GO_MAP_KINASE_PHOSPHATASE_ACTIVITY	0.28888728646731215			
GO_PROTEIN_LOCALIZATION_TO_CELL_CORTEX	0.2888824776605597			
GSE45365_WT_VS_IFNAR_KO_BCELL_UP	0.28888154923250237			
RYAAAKNNNNNNTTGW_UNKNOWN	0.2888605173005257			
MIR6757_5P	0.2888504850482263			
GO_REGULATION_OF_PROTEASOMAL_UBIQUITIN_DEPENDENT_PROTEIN_CATABOLIC_PROCESS	0.2888473157547901			
GSE15930_STIM_VS_STIM_AND_IFNAB_24H_CD8_T_CELL_DN	0.2888434974225528			
GO_MICROVILLUS_MEMBRANE	0.28882352842492515			
MIR4460	0.28881112028135364			
GO_INTRINSIC_APOPTOTIC_SIGNALING_PATHWAY_IN_RESPONSE_TO_OXIDATIVE_STRESS	0.28880317687365853			
LIU_VAV3_PROSTATE_CARCINOGENESIS_DN	0.2887874093548521			
GSE41867_NAIVE_VS_DAY30_LCMV_CLONE13_EXHAUSTED_CD8_TCELL_DN	0.28877785906059483			
GSE17721_CTRL_VS_GARDIQUIMOD_8H_BMDC_DN	0.2887773751600512			
GSE17721_LPS_VS_GARDIQUIMOD_8H_BMDC_UP	0.28877596292768287			
SIMBULAN_UV_RESPONSE_NORMAL_UP	0.28877299832840136			
MIR8057	0.2887672357266501			
WANG_THOC1_TARGETS_DN	0.28876102889528177			
GO_POSITIVE_REGULATION_OF_CELLULAR_CATABOLIC_PROCESS	0.28874685715728743			
GO_CELLULAR_PROTEIN_CATABOLIC_PROCESS	0.288735661591672			
GO_ELASTIN_CATABOLIC_PROCESS	0.2887219424607113			
GO_RESPONSE_TO_FLUORIDE	0.28871950333377555			
GSE3039_NKT_CELL_VS_ALPHABETA_CD8_TCELL_UP	0.2887147951910827			
GO_LONG_CHAIN_FATTY_ACID_IMPORT_ACROSS_PLASMA_MEMBRANE	0.2887136640788522			
KIM_ALL_DISORDERS_DURATION_CORR_UP	0.28871002130703427			
DEBIASI_APOPTOSIS_BY_REOVIRUS_INFECTION_UP	0.28870978666966235			
GO_NEGATIVE_REGULATION_OF_PROTEIN_LOCALIZATION_TO_MEMBRANE	0.28869438687952564			
GO_MICROVILLUS	0.28867031339983135			
GSE19888_ADENOSINE_A3R_ACT_VS_TCELL_MEMBRANES_ACT_AND_A3R_INH_PRETREAT_IN_MAST_CELL_UP	0.2886240165658067			
GO_NEGATIVE_REGULATION_OF_INTERLEUKIN_8_SECRETION	0.28862198709008335			
GSE43955_TH0_VS_TGFB_IL6_TH17_ACT_CD4_TCELL_30H_UP	0.2886199461048152			
GO_NEGATIVE_REGULATION_OF_CANONICAL_WNT_SIGNALING_PATHWAY	0.2886143424706192			
GO_FILOPODIUM_ASSEMBLY	0.2885949772532924			
GO_POSITIVE_REGULATION_OF_MAP_KINASE_ACTIVITY	0.288589115134187			
KYNG_DNA_DAMAGE_BY_4NQO	0.28857943155773164			
GO_ENDOCYTOSIS	0.28857613121387954			
GO_PHOSPHATIDYLINOSITOL_5_PHOSPHATE_BINDING	0.2885749507999296			
GO_PROTEIN_TYROSINE_KINASE_ACTIVATOR_ACTIVITY	0.2885572249808956			
GO_CONTRACTILE_RING	0.2885552885195886			
GSE43863_LY6C_INT_CXCR5POS_VS_LY6C_LOW_CXCR5NEG_EFFECTOR_CD4_TCELL_DN	0.28855272227009693			
GO_ASTROCYTE_DEVELOPMENT	0.28853546598545493			
REACTOME_ESR_MEDIATED_SIGNALING	0.2885310740202793			
GSE29949_MICROGLIA_BRAIN_VS_CD8_NEG_DC_SPLEEN_UP	0.2885307894628472			
ZNF2_TARGET_GENES	0.2885272841740228			
GO_ORGANELLE_MEMBRANE_FUSION	0.28851967721557853			
GO_POSITIVE_REGULATION_OF_KINASE_ACTIVITY	0.28851406275289637			
GO_MICROTUBULE_MOTOR_ACTIVITY	0.28848679069074856			
GSE37301_LYMPHOID_PRIMED_MPP_VS_PRO_BCELL_DN	0.28846506672639327			
GO_NEGATIVE_REGULATION_OF_CHOLESTEROL_STORAGE	0.28845723798085			
IPA_ZEB1_UP	0.2884538763812797			
LU_TUMOR_VASCULATURE_UP	0.28844981446051			
GSE12366_PLASMA_CELL_VS_NAIVE_BCELL_UP	0.28844296583577084			
FOURNIER_ACINAR_DEVELOPMENT_LATE_2	0.2884207851857811			
GSE37416_CTRL_VS_48H_F_TULARENSIS_LVS_NEUTROPHIL_DN	0.28841839346412634			
GO_REGULATION_OF_POTASSIUM_ION_IMPORT	0.2884157417384427			
MIR302A_5P	0.28838038344655004			
MULLIGHAN_NPM1_MUTATED_SIGNATURE_2_UP	0.28837771791779354			
IPA_GCM1_DN	0.28835667088243405			
LUI_TARGETS_OF_PAX8_PPARG_FUSION	0.28835606001930325			
GO_TRANS_SYNAPTIC_SIGNALING_MODULATING_SYNAPTIC_TRANSMISSION	0.288352111655883			
DAZARD_UV_RESPONSE_CLUSTER_G3	0.28832815421340313			
MIR381_3P	0.2883106656943143			
GO_FORELIMB_MORPHOGENESIS	0.2882975488974039			
GO_UDP_GLUCOSYLTRANSFERASE_ACTIVITY	0.28829325982490106			
GO_RETINOIC_ACID_RECEPTOR_SIGNALING_PATHWAY	0.2882783937342551			
GO_ESTABLISHMENT_OF_PROTEIN_LOCALIZATION_TO_PLASMA_MEMBRANE	0.2882716217854926			
GO_EMBRYONIC_DIGIT_MORPHOGENESIS	0.28826655785922806			
DACOSTA_UV_RESPONSE_VIA_ERCC3_XPCS_DN	0.28826186656041697			
MIR10398_3P	0.2882589689227932			
IPA_TFDP1_DN	0.28825686961442126			
IPA_UBE2B_UP	0.28825686961442126			
GO_POSITIVE_REGULATION_OF_FIBROBLAST_GROWTH_FACTOR_RECEPTOR_SIGNALING_PATHWAY	0.2882532180123375			
GO_HOMOTYPIC_CELL_CELL_ADHESION	0.2882249581761317			
LI_INDUCED_T_TO_NATURAL_KILLER_UP	0.288224759109549			
GO_UBIQUITIN_INDEPENDENT_PROTEIN_CATABOLIC_PROCESS_VIA_THE_MULTIVESICULAR_BODY_SORTING_PATHWAY	0.28820650781230495			
GO_CHONDROCYTE_DEVELOPMENT	0.2882052150717595			
GO_CELLULAR_HYPOTONIC_RESPONSE	0.2881980328238856			
GSE17721_LPS_VS_GARDIQUIMOD_16H_BMDC_DN	0.2881863619138065			
REACTOME_POST_TRANSLATIONAL_PROTEIN_MODIFICATION	0.2881844212004002			
GO_NEGATIVE_REGULATION_OF_CGMP_MEDIATED_SIGNALING	0.288174674598544			
GO_POSITIVE_REGULATION_OF_GLIAL_CELL_DIFFERENTIATION	0.28817212753218097			
GO_MACROPHAGE_CHEMOTAXIS	0.288172104429333			
GSE22611_MUTANT_NOD2_TRANSDUCED_VS_CTRL_HEK293T_STIMULATED_WITH_MDP_6H_UP	0.28817117987970947			
GEORGES_TARGETS_OF_MIR192_AND_MIR215	0.28816496096864486			
GO_NEGATIVE_REGULATION_OF_BINDING	0.28814390652298333			
MIR6721_5P	0.2881419539882519			
GO_LOW_DENSITY_LIPOPROTEIN_PARTICLE_RECEPTOR_CATABOLIC_PROCESS	0.28814077154280254			
GO_NEURAL_FOLD_FORMATION	0.2881371966040503			
GSE30962_PRIMARY_VS_SECONDARY_ACUTE_LCMV_INF_CD8_TCELL_DN	0.28812827957675524			
GSE4142_NAIVE_BCELL_VS_PLASMA_CELL_UP	0.2880984196383267			
MTF1_Q4	0.28805548546959103			
GSE17721_PAM3CSK4_VS_GADIQUIMOD_0.5H_BMDC_UP	0.2880480692941096			
MARIADASON_RESPONSE_TO_CURCUMIN_SULINDAC_5	0.2880438508301462			
ZIC3_01	0.2880344785201473			
GO_REGULATION_OF_CELLULAR_RESPONSE_TO_DRUG	0.2880323611636214			
GO_PROSTANOID_BIOSYNTHETIC_PROCESS	0.2880023453735714			
GSE22611_UNSTIM_VS_2H_MDP_STIM_NOD2_TRANSDUCED_HEK293T_CELL_UP	0.2880003981443561			
GSE3982_EOSINOPHIL_VS_NEUTROPHIL_DN	0.287985573375279			
GSE32423_CTRL_VS_IL7_IL4_MEMORY_CD8_TCELL_DN	0.2879776550566584			
GO_POSITIVE_REGULATION_OF_COAGULATION	0.2879654271241929			
GO_GLYCOPROTEIN_CATABOLIC_PROCESS	0.28795336879104844			
GO_POSITIVE_REGULATION_OF_CATALYTIC_ACTIVITY	0.28795059189375827			
WTTGKCTG_UNKNOWN	0.28793780980304656			
MIKKELSEN_PARTIALLY_REPROGRAMMED_TO_PLURIPOTENCY	0.28792549212631147			
GO_RESPONSE_TO_COPPER_ION	0.2879254482605772			
GO_RECEPTOR_RECYCLING	0.28791215581605234			
GO_REGULATION_OF_DEVELOPMENTAL_GROWTH	0.28791018181442796			
MIR1295B_3P	0.2879095082092791			
GO_CYTOSOLIC_TRANSPORT	0.28789374427768427			
GO_EOSINOPHIL_CHEMOTAXIS	0.2878726749753963			
HASLINGER_B_CLL_WITH_13Q14_DELETION	0.28786289816372196			
REACTOME_PYRIMIDINE_SALVAGE	0.28786057409749977			
GO_ACTIVATION_OF_CYSTEINE_TYPE_ENDOPEPTIDASE_ACTIVITY	0.2878554374732271			
GSE37533_UNTREATED_VS_PIOGLIZATONE_TREATED_CD4_TCELL_PPARG1_AND_FOXP3_TRASDUCED_UP	0.2878369972058631			
ZHAN_MULTIPLE_MYELOMA_CD1_DN	0.28782626398930417			
GSE360_CTRL_VS_L_DONOVANI_DC_DN	0.28782103434124207			
MAHAJAN_RESPONSE_TO_IL1A_UP	0.287771113296428			
SOX3_TARGET_GENES	0.2877575860635966			
GO_ER_TO_GOLGI_CERAMIDE_TRANSPORT	0.2877488017173716			
AMBROSINI_FLAVOPIRIDOL_TREATMENT_TP53	0.2877445439137986			
LIM_MAMMARY_STEM_CELL_UP	0.28771883888348754			
MIR7703	0.28768563172174344			
BIOCARTA_UCALPAIN_PATHWAY	0.28768443384631126			
GO_ANCHORED_COMPONENT_OF_EXTERNAL_SIDE_OF_PLASMA_MEMBRANE	0.2876735186607901			
MIR373_3P	0.28766431533174414			
GO_NEUROEPITHELIAL_CELL_DIFFERENTIATION	0.2876109439829335			
CAGTATT_MIR200B_MIR200C_MIR429	0.28760421558297977			
GSE22886_NAIVE_CD8_TCELL_VS_NEUTROPHIL_DN	0.287600716713346			
GO_CELL_COMMUNICATION_INVOLVED_IN_CARDIAC_CONDUCTION	0.28757536497655045			
GO_POSITIVE_REGULATION_OF_SYNAPTIC_TRANSMISSION	0.2875710842786288			
GO_LYSOSOMAL_LUMEN	0.28756477045072204			
GO_OXIDOREDUCTASE_ACTIVITY_OXIDIZING_METAL_IONS_NAD_OR_NADP_AS_ACCEPTOR	0.28756372063043784			
GSE2770_UNTREATED_VS_ACT_CD4_TCELL_6H_DN	0.2875440562352064			
GSE34515_CD16_POS_MONOCYTE_VS_DC_UP	0.2875235490023672			
GSE17721_CTRL_VS_POLYIC_12H_BMDC_DN	0.287492546654174			
GO_NEGATIVE_REGULATION_OF_PROTEIN_AUTOPHOSPHORYLATION	0.28748285675448665			
REACTOME_EGFR_TRANSACTIVATION_BY_GASTRIN	0.287473663036746			
GSE10422_WT_VS_BAFF_TRANSGENIC_LN_BCELL_DN	0.28746067940528036			
GSE17721_CTRL_VS_POLYIC_1H_BMDC_DN	0.2874547084868163			
GO_POSITIVE_REGULATION_OF_CELL_DEVELOPMENT	0.2874528046036168			
REACTOME_TFAP2A_ACTS_AS_A_TRANSCRIPTIONAL_REPRESSOR_DURING_RETINOIC_ACID_INDUCED_CELL_DIFFERENTIATION	0.28743009630693905			
GO_POSITIVE_REGULATION_OF_MORPHOGENESIS_OF_AN_EPITHELIUM	0.287420014632324			
MIR1225_3P	0.2874110548595461			
GO_POSITIVE_REGULATION_OF_PROTEIN_MODIFICATION_PROCESS	0.2873901416334117			
BACOLOD_RESISTANCE_TO_ALKYLATING_AGENTS_UP	0.28737890423942414			
GO_PROTEIN_HETEROOLIGOMERIZATION	0.287378399330107			
ATF2_S_UP.V1_DN	0.2873705517997219			
GO_IRON_ION_TRANSPORT	0.2873557566948777			
GSE37301_HEMATOPOIETIC_STEM_CELL_VS_PRO_BCELL_UP	0.28735112005415175			
GO_REGULATION_OF_HORMONE_LEVELS	0.28734721345002606			
GGCCAGT_MIR193A_MIR193B	0.28732599589061125			
GSE7460_FOXP3_MUT_VS_WT_ACT_TCONV_UP	0.2873171162799735			
GSE17721_LPS_VS_CPG_24H_BMDC_UP	0.2873048260457223			
GO_L_ASCORBIC_ACID_BINDING	0.28730101939089087			
MIR4255	0.2872927699639951			
WANG_TARGETS_OF_MLL_CBP_FUSION_DN	0.28729186094075143			
GSE30971_CTRL_VS_LPS_STIM_MACROPHAGE_WBP7_HET_4H_UP	0.2872840615515994			
DNMT3A_TARGET_GENES	0.2872754140568043			
GO_NEGATIVE_REGULATION_OF_VIRAL_RELEASE_FROM_HOST_CELL	0.28726787217409083			
GSE37319_WT_VS_RC3H1_KO_CD44LOW_CD8_TCELL_DN	0.28724136904733494			
GSE22886_IGM_MEMORY_BCELL_VS_BM_PLASMA_CELL_DN	0.287220968042979			
ZHAN_MULTIPLE_MYELOMA_CD2_DN	0.2872120668540656			
GO_AUTOPHAGOSOME_ORGANIZATION	0.2872082265856932			
GO_TRANSFORMING_GROWTH_FACTOR_BETA_BINDING	0.2871907274839397			
IPA_BNIP3_UP	0.2871815923579165			
SATO_SILENCED_BY_DEACETYLATION_IN_PANCREATIC_CANCER	0.287177332560785			
PAX2_02	0.2871676902382355			
GO_TERPENOID_METABOLIC_PROCESS	0.2871623899946463			
MIR130A_3P	0.28715658708029806			
GO_PORPHYRIN_CONTAINING_COMPOUND_METABOLIC_PROCESS	0.28715276709097903			
ONKEN_UVEAL_MELANOMA_DN	0.2871448387878594			
GO_EPIDERMIS_MORPHOGENESIS	0.2871256729748733			
GO_TETRAPYRROLE_METABOLIC_PROCESS	0.2871117126914691			
GO_REGIONALIZATION	0.28705255692918985			
GSE46606_IRF4MID_VS_WT_CD40L_IL2_IL5_DAY3_STIMULATED_BCELL_UP	0.28704726135294995			
CAIRO_HEPATOBLASTOMA_UP	0.28704357129712377			
GO_CELLULAR_RESPONSE_TO_FATTY_ACID	0.2870353770430379			
GO_MYOSIN_II_BINDING	0.28703478137959615			
GO_POLYMERIC_CYTOSKELETAL_FIBER	0.28703251705939037			
GO_PYRIMIDINE_NUCLEOTIDE_SALVAGE	0.2870247015659337			
GSE42021_TCONV_PLN_VS_CD24LO_TCONV_THYMUS_DN	0.2870162233706081			
GO_RAL_GTPASE_BINDING	0.28699318437216087			
GO_NOTOCHORD_MORPHOGENESIS	0.28698993421581626			
MIR3681_5P	0.28698644248898103			
GSE17721_LPS_VS_PAM3CSK4_0.5H_BMDC_DN	0.28698007379489204			
ZNF33A_TARGET_GENES	0.2869653797031376			
GO_MYELIN_SHEATH_ADAXONAL_REGION	0.28696002549164057			
IPA_TBX1_UP	0.2869598428617945			
GO_PEPTIDE_CROSS_LINKING	0.28693882463977727			
MIR10399_5P	0.2868766269088792			
MIR9851_3P	0.28686798278520054			
GSE40493_BCL6_KO_VS_WT_TREG_UP	0.2868440481413438			
AP1FJ_Q2	0.2868424838085919			
GO_REGULATION_OF_FLAGELLATED_SPERM_MOTILITY	0.2868385218900769			
HELLER_SILENCED_BY_METHYLATION_UP	0.2868382312727659			
VDR_Q6	0.28683528748852416			
GO_POSITIVE_REGULATION_OF_NEURON_DIFFERENTIATION	0.2868312830674895			
GO_REGULATION_OF_MUSCLE_SYSTEM_PROCESS	0.2868311082762219			
REACTOME_CIRCADIAN_CLOCK	0.28682119118114324			
GO_SMALL_GTPASE_MEDIATED_SIGNAL_TRANSDUCTION	0.2868165498017301			
GSE7548_NAIVE_VS_DAY28_PCC_IMMUNIZATION_CD4_TCELL_DN	0.28680790927462263			
MIR5700	0.2868054281826852			
GO_AXON_CYTOPLASM	0.28677194217931673			
GSE18893_TCONV_VS_TREG_24H_CULTURE_UP	0.28676990022303606			
MIR6504_3P	0.28672793570205907			
GSE18281_CORTICAL_VS_MEDULLARY_THYMOCYTE_UP	0.2867266807204029			
REACTOME_APOPTOTIC_EXECUTION_PHASE	0.28672053767896954			
YAO_TEMPORAL_RESPONSE_TO_PROGESTERONE_CLUSTER_16	0.28670535398358465			
MIR3934_5P	0.28669538615597284			
GSE12003_4D_VS_8D_CULTURE_MIR223_KO_BM_PROGENITOR_UP	0.2866911084506197			
GSE6875_TCONV_VS_TREG_UP	0.2866628373979033			
MIR4473	0.2866553284560903			
ROZANOV_MMP14_TARGETS_UP	0.28662529921038166			
ZNF592_TARGET_GENES	0.2866168276054846			
GO_REPRODUCTION	0.286591822291862			
GGCNKCCATNK_UNKNOWN	0.2865785563025606			
GSE8678_IL7R_LOW_VS_HIGH_EFF_CD8_TCELL_UP	0.28657186815484104			
DARWICHE_PAPILLOMA_RISK_LOW_UP	0.28655623660099155			
GO_CARDIAC_MUSCLE_CONTRACTION	0.28654708100984677			
GO_CENTRAL_NERVOUS_SYSTEM_NEURON_DEVELOPMENT	0.2865165241961454			
REACTOME_ATTACHMENT_OF_GPI_ANCHOR_TO_UPAR	0.2865135346488903			
MIR10397_3P	0.28648078861309006			
MIR4794	0.28647552089142025			
GO_LIPID_PHOSPHATASE_ACTIVITY	0.286470369673368			
GO_FOREGUT_MORPHOGENESIS	0.28644545919785286			
GO_REGULATION_OF_SODIUM_ION_TRANSMEMBRANE_TRANSPORTER_ACTIVITY	0.28644403007788183			
KEGG_ENDOCYTOSIS	0.28643096852796573			
TGCTGCT_MIR15A_MIR16_MIR15B_MIR195_MIR424_MIR497	0.2864234062835133			
VALK_AML_CLUSTER_4	0.2864219246801495			
GSE24726_WT_VS_E2_2_KO_PDC_DN	0.2864174908723446			
GO_FOREBRAIN_DEVELOPMENT	0.28640026402944374			
REACTOME_MISCELLANEOUS_TRANSPORT_AND_BINDING_EVENTS	0.2863950855790402			
MIR6715A_3P	0.28639194071214674			
FISCHER_G2_M_CELL_CYCLE	0.2863915541911201			
GSE38304_MYC_NEG_VS_POS_GC_BCELL_DN	0.286370250990443			
ACEVEDO_LIVER_TUMOR_VS_NORMAL_ADJACENT_TISSUE_DN	0.2863566340174966			
MIR122B_5P	0.28634789582782216			
GO_CELLULAR_SPHINGOLIPID_HOMEOSTASIS	0.28633716374023865			
GO_NEGATIVE_REGULATION_OF_CERAMIDE_BIOSYNTHETIC_PROCESS	0.2863263929642819			
HINATA_NFKB_IMMU_INF	0.28632182885635454			
MIR6849_5P	0.2863208992251706			
GO_GOLGI_TO_LYSOSOME_TRANSPORT	0.2863175909951959			
GSE43955_1H_VS_10H_ACT_CD4_TCELL_WITH_TGFB_IL6_DN	0.2863096423100991			
STEIN_ESR1_TARGETS	0.28630458879986054			
GO_POSITIVE_REGULATION_OF_RECEPTOR_BINDING	0.2863040694333981			
GSE25088_ROSIGLITAZONE_VS_IL4_AND_ROSIGLITAZONE_STIM_STAT6_KO_MACROPHAGE_DAY10_DN	0.28628536555624634			
KEGG_REGULATION_OF_ACTIN_CYTOSKELETON	0.28628129309866784			
KEGG_TYROSINE_METABOLISM	0.28625389950117147			
GO_EMBRYO_IMPLANTATION	0.28624044505825774			
GO_NEPHRON_TUBULE_FORMATION	0.2862327908811317			
GO_REGULATION_OF_VESICLE_TARGETING_TO_FROM_OR_WITHIN_GOLGI	0.28621309569469433			
WENG_POR_TARGETS_LIVER_UP	0.2861990618360553			
MIR4491	0.2861956109564747			
MIR4638_3P	0.286192642449593			
GO_REGULATION_OF_SECONDARY_HEART_FIELD_CARDIOBLAST_PROLIFERATION	0.2861815310473632			
GO_LUNG_EPITHELIUM_DEVELOPMENT	0.2861636608874122			
GO_MRF_BINDING	0.2861515111612749			
CLASPER_LYMPHATIC_VESSELS_DURING_METASTASIS_DN	0.28614203936298294			
ATGTTTC_MIR494	0.28613244909109153			
GO_ESTABLISHMENT_OF_ORGANELLE_LOCALIZATION	0.2861293304883534			
BOYLAN_MULTIPLE_MYELOMA_D_DN	0.2861172796230889			
TCTCTCC_MIR185	0.28611636664487206			
GO_CORECEPTOR_ACTIVITY_INVOLVED_IN_WNT_SIGNALING_PATHWAY	0.28611210501693685			
GO_ASTROCYTE_DIFFERENTIATION	0.2860922857799865			
CHOI_ATL_ACUTE_STAGE	0.28608955668324804			
GSE6875_WT_VS_FOXP3_KO_TREG_DN	0.2860791887501194			
SCHAVOLT_TARGETS_OF_TP53_AND_TP63	0.2860628187964406			
BILD_SRC_ONCOGENIC_SIGNATURE	0.2860602759317039			
BROWNE_HCMV_INFECTION_10HR_DN	0.28605353644849557			
AACTTT_UNKNOWN	0.2860415897231635			
HAN_JNK_SINGALING_UP	0.28601199421531565			
GO_POSITIVE_REGULATION_OF_GLYCOPROTEIN_BIOSYNTHETIC_PROCESS	0.28601127127692655			
GO_INTESTINAL_LIPID_ABSORPTION	0.28600494086669725			
GSE21546_SAP1A_KO_VS_SAP1A_KO_AND_ELK1_KO_ANTI_CD3_STIM_DP_THYMOCYTES_UP	0.2859941900702555			
HEN1_02	0.28595283447983216			
REACTOME_THE_ACTIVATION_OF_ARYLSULFATASES	0.28594802423225146			
BIOCARTA_CDK5_PATHWAY	0.2859445204140886			
SP1_01	0.2859278716405945			
GTGCCAT_MIR183	0.2859170796380558			
REACTOME_HYALURONAN_METABOLISM	0.2859097905944812			
MIR512_3P	0.28590361579858053			
MIR1224_3P	0.2859019254775708			
GO_ODONTOGENESIS_OF_DENTIN_CONTAINING_TOOTH	0.28589869067473883			
GO_SULFUR_COMPOUND_BINDING	0.28589638916895943			
MIR3198	0.28588169535466			
GO_REGULATION_OF_LYSOSOMAL_PROTEIN_CATABOLIC_PROCESS	0.2858719983256273			
GO_ANION_TRANSMEMBRANE_TRANSPORTER_ACTIVITY	0.2858655277157744			
GO_VIRION_ASSEMBLY	0.2858635137901454			
REACTOME_L1CAM_INTERACTIONS	0.28585857236677054			
GO_FILTRATION_DIAPHRAGM	0.2858537029262784			
GSE9988_LPS_VS_CTRL_TREATED_MONOCYTE_UP	0.2857966974699945			
IPA_GFI1_DN	0.2857951694069446			
GO_NEGATIVE_REGULATION_OF_CELL_SUBSTRATE_JUNCTION_ORGANIZATION	0.28579058948349784			
IPA_AHR_UP	0.2857782981727158			
GO_REGULATION_OF_BODY_FLUID_LEVELS	0.28577708290136083			
GO_INOSITOL_PHOSPHATE_MEDIATED_SIGNALING	0.2857702171459486			
OISHI_CHOLANGIOMA_STEM_CELL_LIKE_DN	0.2857602054976601			
FURUKAWA_DUSP6_TARGETS_PCI35_DN	0.2857507367451185			
GSE21927_SPLEEN_VS_TUMOR_MONOCYTE_BALBC_UP	0.2857451119074031			
IPA_MAP3K7_DN	0.28574160784583197			
MIR374B_5P	0.2857360091390897			
REACTOME_TP53_REGULATES_METABOLIC_GENES	0.285724376210002			
MIR3151_3P	0.2857203378897179			
GO_EXTRACELLULAR_MATRIX_PROTEIN_BINDING	0.28571522509279473			
GO_PROTEIN_DOMAIN_SPECIFIC_BINDING	0.28568854484399864			
ZNF322_TARGET_GENES	0.28568693117782495			
REACTOME_NUCLEOBASE_CATABOLISM	0.28568407753504577			
GSE19923_WT_VS_HEB_AND_E2A_KO_DP_THYMOCYTE_DN	0.28567890683793196			
GSE17721_CPG_VS_GARDIQUIMOD_4H_BMDC_DN	0.2856748272841143			
GO_CRANIAL_NERVE_DEVELOPMENT	0.28563059927598494			
GSE557_WT_VS_CIITA_KO_DC_DN	0.2855986429594015			
GSE25087_FETAL_VS_ADULT_TREG_UP	0.2855636944742422			
NADELLA_PRKAR1A_TARGETS_UP	0.28556368663539605			
GO_POSITIVE_REGULATION_OF_NEURAL_PRECURSOR_CELL_PROLIFERATION	0.28555999917503916			
IPA_ENO1_UP	0.2855552028223641			
WIERENGA_STAT5A_TARGETS_UP	0.28555317645629086			
GSE43955_TH0_VS_TGFB_IL6_TH17_ACT_CD4_TCELL_60H_UP	0.2855474430668587			
GO_MITOTIC_SPINDLE_ORGANIZATION	0.2855383578970661			
KIM_BIPOLAR_DISORDER_OLIGODENDROCYTE_DENSITY_CORR_UP	0.2855298346863504			
IPA_EOMES_UP	0.2854971501377655			
HOLLERN_PAPILLARY_BREAST_TUMOR	0.28549235603840595			
ATF4_Q2	0.2854852821649179			
GSE43955_TGFB_IL6_VS_TGFB_IL6_IL23_TH17_ACT_CD4_TCELL_52H_DN	0.2854589234612121			
GO_REGULATION_OF_CELL_DIVISION	0.2854584398128318			
BRN2_01	0.28543173714534037			
GSE44649_WT_VS_MIR155_KO_ACTIVATED_CD8_TCELL_UP	0.2854277534954106			
GO_GLUTAMATE_RECEPTOR_BINDING	0.2854247971521895			
MIR3121_3P	0.2854137303004399			
GSE32986_CURDLAN_LOWDOSE_VS_CURDLAN_HIGHDOSE_STIM_DC_DN	0.285384796777599			
REACTOME_NICOTINAMIDE_SALVAGING	0.2853830034764879			
GO_DETERMINATION_OF_HEART_LEFT_RIGHT_ASYMMETRY	0.2853687812150738			
GO_SUCKLING_BEHAVIOR	0.2853633392792933			
GSE37416_CTRL_VS_0H_F_TULARENSIS_LVS_NEUTROPHIL_DN	0.2853554982728968			
GO_PROSTATE_GLAND_MORPHOGENESIS	0.28532922479755285			
REACTOME_DISEASES_ASSOCIATED_WITH_N_GLYCOSYLATION_OF_PROTEINS	0.28529568695697455			
GO_MODULATION_OF_MICROTUBULE_CYTOSKELETON_INVOLVED_IN_CEREBRAL_CORTEX_RADIAL_GLIA_GUIDED_MIGRATION	0.2852903147321364			
HATADA_METHYLATED_IN_LUNG_CANCER_DN	0.285285930030212			
GSE12963_ENV_NEF_VS_ENV_NEF_AND_VPR_DEFICIENT_HIV1_INF_CD4_TCELL_DN	0.2852336156886946			
GO_LIPID_HOMEOSTASIS	0.2852252651039634			
REACTOME_RUNX1_REGULATES_TRANSCRIPTION_OF_GENES_INVOLVED_IN_DIFFERENTIATION_OF_KERATINOCYTES	0.285221989512708			
GO_RENAL_SYSTEM_VASCULATURE_DEVELOPMENT	0.28520929495593134			
GO_MEMBRANE_LIPID_CATABOLIC_PROCESS	0.2851922677355433			
MIR6085	0.28518395437784316			
GSE43863_TH1_VS_TFH_EFFECTOR_CD4_TCELL_UP	0.2851806446146626			
GO_CELLULAR_RESPONSE_TO_ENDOGENOUS_STIMULUS	0.28517967114687787			
ZEILSTRA_CD44_TARGETS_DN	0.2851636814342023			
VALK_AML_CLUSTER_9	0.2851546035504223			
REACTOME_PROGRAMMED_CELL_DEATH	0.28513364059464497			
KEGG_THYROID_CANCER	0.28511465734328817			
GO_PROTON_TRANSPORTING_V_TYPE_ATPASE_V0_DOMAIN	0.2851023526322837			
GSE37301_MULTIPOTENT_PROGENITOR_VS_CD4_TCELL_DN	0.2850996826643528			
MIR548S	0.28508299153029604			
PID_BETA_CATENIN_NUC_PATHWAY	0.2850531824584801			
RTAAACA_FREAC2_01	0.2850467716643479			
MIR3160_5P	0.285027818342326			
GSE21927_EL4_VS_MCA203_TUMOR_MONOCYTES_DN	0.2850038486864541			
GO_POSITIVE_REGULATION_OF_CELLULAR_RESPONSE_TO_TRANSFORMING_GROWTH_FACTOR_BETA_STIMULUS	0.2849982459373622			
GO_HEME_METABOLIC_PROCESS	0.284996286185635			
GSE18281_PERIMEDULLARY_CORTICAL_REGION_VS_WHOLE_MEDULLA_THYMUS_DN	0.2849900155789189			
GSE26928_EFF_MEM_VS_CENTR_MEM_CD4_TCELL_UP	0.28497983060526805			
GO_GLYCOPROTEIN_BIOSYNTHETIC_PROCESS	0.28495122254875943			
GSE13306_TREG_VS_TCONV_LAMINA_PROPRIA_UP	0.2849502615489663			
MURAKAMI_UV_RESPONSE_6HR_DN	0.28494922668628136			
GSE13887_ACT_CD4_VS_NO_TREATED_CD4_TCELL_UP	0.2849385911341861			
REACTOME_SIGNALING_BY_NUCLEAR_RECEPTORS	0.2849373283197276			
REACTOME_METABOLISM_OF_WATER_SOLUBLE_VITAMINS_AND_COFACTORS	0.28493677467032114			
GSE30083_SP1_VS_SP2_THYMOCYTE_UP	0.28493646425278485			
GO_DETECTION_OF_VIRUS	0.28489902221685287			
GO_ANAGEN	0.2848841135479537			
PID_PI3K_PLC_TRK_PATHWAY	0.28486690892789157			
GO_REGULATION_OF_INTERLEUKIN_2_SECRETION	0.28485083420884577			
GO_NEGATIVE_REGULATION_OF_NEURON_APOPTOTIC_PROCESS	0.2848165596040917			
GO_PLASMA_MEMBRANE_RAFT	0.2848098300342484			
KORKOLA_TERATOMA	0.28480792637571156			
GSE26488_WT_VS_HDAC7_KO_DOUBLE_POSITIVE_THYMOCYTE_UP	0.28480383516476415			
PAPASPYRIDONOS_UNSTABLE_ATEROSCLEROTIC_PLAQUE_UP	0.2847997548793111			
GO_NEGATIVE_REGULATION_OF_FATTY_ACID_TRANSPORT	0.2847914556790567			
GSE15930_STIM_VS_STIM_AND_TRICHOSTATINA_72H_CD8_T_CELL_DN	0.2847802099590011			
GO_CARDIAC_VENTRICLE_MORPHOGENESIS	0.2847726395814561			
ZHANG_GATA6_TARGETS_DN	0.2847575051338862			
GO_PROSTATE_GLAND_DEVELOPMENT	0.2847503407370182			
GSE17301_IFNA2_VS_IFNA2_AND_ACD3_ACD28_STIM_CD8_TCELL_DN	0.28472208935422644			
GO_CELL_ADHESIVE_PROTEIN_BINDING_INVOLVED_IN_BUNDLE_OF_HIS_CELL_PURKINJE_MYOCYTE_COMMUNICATION	0.28471563939235256			
MEISSNER_BRAIN_HCP_WITH_H3K27ME3	0.2847135057383009			
MIR4710	0.28470513419002563			
GSE41978_ID2_KO_VS_ID2_KO_AND_BIM_KO_KLRG1_LOW_EFFECTOR_CD8_TCELL_UP	0.284697150006136			
GO_CRANIAL_SKELETAL_SYSTEM_DEVELOPMENT	0.2846958457443429			
GO_RESPONSE_TO_MUSCLE_STRETCH	0.284693075753408			
MIR6828_5P	0.28469264307786346			
GO_CEREBELLAR_CORTEX_DEVELOPMENT	0.2846832381265523			
T3R_Q6	0.2846646886112031			
KYNG_RESPONSE_TO_H2O2	0.2846543912281211			
GATA_C	0.28464798564858473			
KIM_HYPOXIA	0.2846421439873708			
WHN_B	0.2846302790012368			
MIR6810_3P	0.2846130390022397			
GSE19923_WT_VS_E2A_KO_DP_THYMOCYTE_UP	0.2845935143941157			
GSE18791_UNSTIM_VS_NEWCATSLE_VIRUS_DC_2H_UP	0.284580953123013			
GO_SMOOTH_ENDOPLASMIC_RETICULUM	0.2845771587740313			
GO_AUTOPHAGIC_CELL_DEATH	0.28457616513713296			
GO_RESPONSE_TO_IRON_ION	0.284569569649681			
GSE14308_INDUCED_VS_NATURAL_TREG_UP	0.28455228304086483			
GENTILE_RESPONSE_CLUSTER_D3	0.2845369207261818			
GO_OPTIC_CUP_MORPHOGENESIS_INVOLVED_IN_CAMERA_TYPE_EYE_DEVELOPMENT	0.2845258123025746			
IPA_GFI1B_DN	0.28451633527933445			
GO_STEROL_BINDING	0.28451531354622756			
GSE11057_NAIVE_CD4_VS_PBMC_CD4_TCELL_DN	0.2845072010264492			
DUTTA_APOPTOSIS_VIA_NFKB	0.2845043996349458			
GO_PEPTIDE_HORMONE_SECRETION	0.2844827261502948			
GARGALOVIC_RESPONSE_TO_OXIDIZED_PHOSPHOLIPIDS_MAGENTA_UP	0.2844640403186916			
GOLDRATH_NAIVE_VS_MEMORY_CD8_TCELL_DN	0.28445175643532994			
TBPL1_TARGET_GENES	0.2844415811872194			
MIR365A_3P_MIR365B_3P	0.28444074721422563			
MIR4433B_3P	0.2844191202234498			
TESAR_ALK_TARGETS_EPISC_3D_UP	0.2844179192531178			
GO_VAGINA_DEVELOPMENT	0.2844104034973144			
SCHAEFFER_PROSTATE_DEVELOPMENT_AND_CANCER_BOX4_DN	0.28440062041660186			
GO_LIPOPROTEIN_PARTICLE_RECEPTOR_BINDING	0.2843685037729954			
GSE360_DC_VS_MAC_T_GONDII_DN	0.2843665070089156			
GO_POSITIVE_REGULATION_OF_TRANSFERASE_ACTIVITY	0.28435839725653184			
MIR518C_5P	0.28429658075874115			
GO_REGULATION_OF_LYSOSOME_ORGANIZATION	0.28428224876759295			
MIR590_5P	0.2842736492981595			
GO_REGULATION_OF_LOW_DENSITY_LIPOPROTEIN_PARTICLE_RECEPTOR_BINDING	0.2842649282109979			
GO_REGULATION_OF_PEPTIDYL_TYROSINE_AUTOPHOSPHORYLATION	0.284244406010613			
BREDEMEYER_RAG_SIGNALING_VIA_ATM_NOT_VIA_NFKB_DN	0.28421842922487767			
GO_NEGATIVE_REGULATION_OF_PHOSPHORYLATION	0.2842125634188159			
DAVICIONI_RHABDOMYOSARCOMA_PAX_FOXO1_FUSION_UP	0.2842095997309954			
GO_COMMON_BILE_DUCT_DEVELOPMENT	0.28419939673706324			
ID1_TARGET_GENES	0.284193002189951			
MIR7706	0.28418351907832085			
GSE45365_CD8A_DC_VS_CD11B_DC_UP	0.28417788652916015			
GO_REGULATION_OF_NEURONAL_ACTION_POTENTIAL	0.28416970407439346			
GO_BRANCHING_INVOLVED_IN_LABYRINTHINE_LAYER_MORPHOGENESIS	0.28415595087990314			
HERNANDEZ_MITOTIC_ARREST_BY_DOCETAXEL_2_DN	0.2841455043017675			
GO_POSITIVE_REGULATION_OF_JNK_CASCADE	0.2841440552369851			
GO_SYNCYTIUM_FORMATION	0.2841372183081724			
GO_ANNEALING_ACTIVITY	0.2841305551953653			
IPA_NCOA3_DN	0.28411770971655437			
HMG20B_TARGET_GENES	0.2841033290015167			
GO_CILIARY_NEUROTROPHIC_FACTOR_RECEPTOR_BINDING	0.28405816357795344			
REACTOME_CALCITONIN_LIKE_LIGAND_RECEPTORS	0.28405338663784246			
GO_TELENCEPHALON_REGIONALIZATION	0.28402764800796076			
EPPERT_CE_HSC_LSC	0.28402612292756985			
GO_ANIMAL_ORGAN_FORMATION	0.28402559826154666			
GSE411_UNSTIM_VS_100MIN_IL6_STIM_SOCS3_KO_MACROPHAGE_DN	0.2840177217493401			
GSE5589_UNSTIM_VS_45MIN_LPS_STIM_MACROPHAGE_UP	0.2839994068156758			
GO_POSITIVE_REGULATION_OF_CELL_MIGRATION_BY_VASCULAR_ENDOTHELIAL_GROWTH_FACTOR_SIGNALING_PATHWAY	0.2839813504598135			
MYOD_Q6_01	0.28396569509741104			
GO_ACTIVE_ION_TRANSMEMBRANE_TRANSPORTER_ACTIVITY	0.28396224458168			
HILLION_HMGA1B_TARGETS	0.2839487142160897			
GSE39916_B_CELL_SPLEEN_VS_PLASMA_CELL_BONE_MARROW_DN	0.2839425030308016			
MAINA_VHL_TARGETS_UP	0.28391776172325645			
GO_UDP_GALACTOSYLTRANSFERASE_ACTIVITY	0.28391628701416954			
SCHRAETS_MLL_TARGETS_DN	0.28391215844387463			
GO_MYOTUBE_DIFFERENTIATION	0.283912011161658			
GO_APOPTOTIC_PROCESS_IN_BONE_MARROW_CELL	0.283907469496366			
CAFFAREL_RESPONSE_TO_THC_8HR_3_UP	0.2839071179609446			
FONTAINE_FOLLICULAR_THYROID_ADENOMA_UP	0.2838915982846284			
GSE17721_PAM3CSK4_VS_CPG_16H_BMDC_DN	0.28388465757294906			
MIR300	0.28388349110629935			
DUTERTRE_ESTRADIOL_RESPONSE_6HR_UP	0.2838813164060699			
GSE19941_IL10_KO_VS_IL10_KO_AND_NFKBP50_KO_UNSTIM_MACROPHAGE_DN	0.2838736748916433			
IPA_PAF1_UP	0.28387089244922364			
GSE22886_IGA_VS_IGM_MEMORY_BCELL_UP	0.2838543555873488			
BOYAULT_LIVER_CANCER_SUBCLASS_G1_UP	0.28384859724417755			
GO_ENOYL_COA_HYDRATASE_ACTIVITY	0.2838380151537783			
GO_NEGATIVE_REGULATION_OF_FAT_CELL_DIFFERENTIATION	0.2838371367597176			
GSE15930_NAIVE_VS_24H_IN_VITRO_STIM_INFAB_CD8_TCELL_UP	0.2838299167772914			
GSE29164_UNTREATED_VS_CD8_TCELL_AND_IL12_TREATED_MELANOMA_DAY3_UP	0.28382961093285			
GO_KINESIN_BINDING	0.28382331926607896			
IPA_FOXA2_DN	0.2838163529991104			
MIR520F_3P	0.28380259220908904			
TST1_01	0.28379420745488154			
GSE39864_WT_VS_GATA3_KO_TREG_UP	0.28379185502812004			
MIR6076	0.2837857953920326			
GO_BLEB_ASSEMBLY	0.283750330540121			
GO_HEPARAN_SULFATE_PROTEOGLYCAN_BIOSYNTHETIC_PROCESS_POLYSACCHARIDE_CHAIN_BIOSYNTHETIC_PROCESS	0.2837372205975937			
GO_POSITIVE_REGULATION_OF_NERVOUS_SYSTEM_DEVELOPMENT	0.2837182179984629			
GO_PROTEIN_O_LINKED_GLYCOSYLATION	0.28370096933518635			
HSIAO_LIVER_SPECIFIC_GENES	0.2836864613436678			
REACTOME_TGF_BETA_RECEPTOR_SIGNALING_IN_EMT_EPITHELIAL_TO_MESENCHYMAL_TRANSITION	0.2836722466272318			
GSE46606_DAY1_VS_DAY3_CD40L_IL2_IL5_STIMULATED_IRF4_KO_BCELL_DN	0.2836630343972994			
GSE23502_WT_VS_HDC_KO_MYELOID_DERIVED_SUPPRESSOR_CELL_BM_DN	0.2836568195929912			
GO_LYSOSOMAL_PROTEIN_CATABOLIC_PROCESS	0.2836189530040844			
GO_REGULATION_OF_RECEPTOR_BIOSYNTHETIC_PROCESS	0.28360638447580666			
GO_FIBROBLAST_GROWTH_FACTOR_RECEPTOR_SIGNALING_PATHWAY	0.2836053107844805			
HASINA_NOL7_TARGETS_DN	0.2835857453779983			
GO_EPHRIN_RECEPTOR_ACTIVITY	0.28353341594599724			
MEK_UP.V1_DN	0.28345313618511714			
MEISSNER_NPC_HCP_WITH_H3K4ME3_AND_H3K27ME3	0.28344213831338894			
GO_PROTEOGLYCAN_BINDING	0.2834182131383026			
GO_REGULATION_OF_ASPARTIC_TYPE_ENDOPEPTIDASE_ACTIVITY_INVOLVED_IN_AMYLOID_PRECURSOR_PROTEIN_CATABOLIC_PROCESS	0.2834092060532474			
GO_VACUOLAR_LUMEN	0.28340566685848245			
IPA_FOSB_DN	0.2833978440045726			
GSE17721_POLYIC_VS_PAM3CSK4_24H_BMDC_UP	0.28338599884678284			
GSE23505_IL6_IL1_VS_IL6_IL1_IL23_TREATED_CD4_TCELL_DN	0.28336950529382177			
GO_ORGANELLE_LOCALIZATION	0.28336768170368865			
GO_RESPONSE_TO_HORMONE	0.28336351197714127			
GO_PLATELET_DERIVED_GROWTH_FACTOR_BINDING	0.2833576436766273			
STAMBOLSKY_TARGETS_OF_MUTATED_TP53_UP	0.2833388469819203			
GO_WHOLE_MEMBRANE	0.28333389497100925			
ZNF282_TARGET_GENES	0.2833331349871965			
GO_POSITIVE_REGULATION_OF_ORGANELLE_ORGANIZATION	0.283303056876586			
MYOGENIN_Q6	0.283295648018285			
GSE7568_CTRL_VS_24H_TGFB_TREATED_MACROPHAGES_WITH_IL4_AND_DEXAMETHASONE_DN	0.2832933177449592			
MIR21_5P	0.2832830670538222			
GO_PLASMA_MEMBRANE_TUBULATION	0.28327738913941725			
GO_HAIR_CELL_DIFFERENTIATION	0.28323381019630123			
TGAATGT_MIR181A_MIR181B_MIR181C_MIR181D	0.28323139884277315			
GO_AUTOPHAGOSOME	0.28322846196526474			
GO_RAS_PROTEIN_SIGNAL_TRANSDUCTION	0.2832089582866623			
GSE1925_3H_VS_24H_IFNG_STIM_IFNG_PRIMED_MACROPHAGE_UP	0.28318239957651153			
GSE12003_MIR223_KO_VS_WT_BM_PROGENITOR_4D_CULTURE_DN	0.28316046135135436			
GO_MODIFIED_AMINO_ACID_BINDING	0.2831593262354697			
GSE25088_CTRL_VS_IL4_AND_ROSIGLITAZONE_STIM_MACROPHAGE_UP	0.28314604126344795			
GSE35685_CD34POS_CD10NEG_CD62LPOS_VS_CD34POS_CD10POS_BONE_MARROW_UP	0.28314533160898714			
GO_ER_ASSOCIATED_MISFOLDED_PROTEIN_CATABOLIC_PROCESS	0.2831441240105991			
GSE40274_CTRL_VS_IRF4_TRANSDUCED_ACTIVATED_CD4_TCELL_UP	0.28314361010106975			
GO_PROTEIN_LOCALIZATION_TO_ENDOSOME	0.283115924394789			
GO_SMAD_BINDING	0.2830951964762168			
GR_Q6_01	0.28308665545860884			
MIR520D_3P	0.28304411719010986			
GO_VESICLE_MEDIATED_TRANSPORT_TO_THE_PLASMA_MEMBRANE	0.2830438317188019			
GO_PHOSPHATIDYLINOSITOL_PHOSPHATE_BINDING	0.28301205481562064			
GO_CIRCULATORY_SYSTEM_PROCESS	0.2830020363987096			
AP1_Q2	0.2829986521503307			
WILCOX_RESPONSE_TO_PROGESTERONE_DN	0.282958457139998			
GO_T_HELPER_2_CELL_DIFFERENTIATION	0.28293536062110614			
GO_LIPID_TRANSPORTER_ACTIVITY	0.28291810148809404			
GO_NEGATIVE_REGULATION_OF_CELL_ADHESION	0.28290034198565195			
WILLERT_WNT_SIGNALING	0.28289937726197617			
TTCCGTT_MIR191	0.2828957815790139			
IPA_NFE2L2_UP	0.282881839107541			
GSE22935_WT_VS_MYD88_KO_MACROPHAGE_DN	0.2828791881659779			
GSE13946_CTRL_VS_DSS_COLITIS_GD_TCELL_FROM_COLON_UP	0.2828669717010515			
chr7p12	0.28284049539916956			
RUTELLA_RESPONSE_TO_HGF_VS_CSF2RB_AND_IL4_UP	0.2828325570941454			
HOXC6_TARGET_GENES	0.2828210868803646			
GO_POSITIVE_REGULATION_OF_SIGNALING	0.2828028017635932			
GO_NEGATIVE_REGULATION_OF_DEVELOPMENTAL_PROCESS	0.2827726556381851			
REACTOME_INTERLEUKIN_1_SIGNALING	0.28273681552031754			
GO_AMYLOID_BETA_CLEARANCE_BY_TRANSCYTOSIS	0.2827184533515243			
REACTOME_SIGNALING_BY_NOTCH3	0.2827093524026695			
GSE24726_WT_VS_E2_22_KO_PDC_DAY4_POST_DELETION_DN	0.2827078751783356			
GO_MONOCARBOXYLIC_ACID_BIOSYNTHETIC_PROCESS	0.28266722707705816			
VANASSE_BCL2_TARGETS_UP	0.28265584931215454			
MIR664A_5P	0.28265099725842074			
GO_VACUOLE_ORGANIZATION	0.2826432195282596			
GO_NEGATIVE_REGULATION_OF_PEPTIDYL_TYROSINE_PHOSPHORYLATION	0.28262873173083797			
NEWMAN_ERCC6_TARGETS_DN	0.28260323872357507			
GO_AGING	0.28259650656614704			
GO_POSITIVE_REGULATION_OF_PROTEIN_KINASE_B_SIGNALING	0.2825927506403579			
YAGI_AML_FAB_MARKERS	0.28257858466555924			
GSE21670_STAT3_KO_VS_WT_CD4_TCELL_IL6_TREATED_UP	0.28257074868521465			
BONOME_OVARIAN_CANCER_SURVIVAL_OPTIMAL_DEBULKING	0.28257013258416575			
GO_NEGATIVE_REGULATION_OF_SMAD_PROTEIN_COMPLEX_ASSEMBLY	0.28256140277163383			
MIR5010_5P	0.2825476133910422			
GO_RESPONSE_TO_INTERLEUKIN_1	0.28254213869561395			
AGCTCCT_MIR28	0.2825343509475938			
GSE6259_FLT3L_INDUCED_DEC205_POS_DC_VS_CD4_TCELL_DN	0.2825174856536618			
HUMMEL_BURKITTS_LYMPHOMA_DN	0.28251699988247636			
MIR520A_3P	0.28251696686217254			
GO_RESPONSE_TO_HYDROSTATIC_PRESSURE	0.2824965905917755			
GO_REGULATION_OF_NUCLEOTIDE_BINDING_OLIGOMERIZATION_DOMAIN_CONTAINING_SIGNALING_PATHWAY	0.2824948674453031			
GO_RETINA_DEVELOPMENT_IN_CAMERA_TYPE_EYE	0.2824851581231985			
CEBP_Q2	0.28246877975460244			
GSE8621_LPS_STIM_VS_LPS_PRIMED_AND_LPS_STIM_MACROPHAGE_UP	0.2824529045924241			
GO_MYELIN_ASSEMBLY	0.282447677095699			
GO_CELLULAR_RESPONSE_TO_ACID_CHEMICAL	0.2824432467446419			
GSE2585_CTEC_VS_THYMIC_MACROPHAGE_DN	0.28243857989417337			
GO_TERTIARY_GRANULE_LUMEN	0.28243743955592915			
CHEN_HOXA5_TARGETS_6HR_UP	0.2824291640553239			
KEGG_PORPHYRIN_AND_CHLOROPHYLL_METABOLISM	0.28242741352908185			
GSE3982_MAST_CELL_VS_NKCELL_UP	0.2824237081696413			
GSE43955_1H_VS_42H_ACT_CD4_TCELL_WITH_TGFB_IL6_DN	0.2824009236245706			
IPA_REL_UP	0.282397343477089			
PECE_MAMMARY_STEM_CELL_UP	0.2823884353275311			
GO_CELLULAR_RESPONSE_TO_INORGANIC_SUBSTANCE	0.28238813492096376			
REACTOME_RAB_GERANYLGERANYLATION	0.28237140946413414			
CHEN_HOXA5_TARGETS_9HR_DN	0.2823621839986418			
GO_POSITIVE_REGULATION_OF_MITOCHONDRIAL_OUTER_MEMBRANE_PERMEABILIZATION_INVOLVED_IN_APOPTOTIC_SIGNALING_PATHWAY	0.2823501080193886			
REACTOME_ENDOSOMAL_SORTING_COMPLEX_REQUIRED_FOR_TRANSPORT_ESCRT	0.2823482149645619			
MIR384	0.2823045561952533			
CYCLIN_D1_KE_.V1_UP	0.2823026739453201			
GO_IRE1_MEDIATED_UNFOLDED_PROTEIN_RESPONSE	0.2822995908991451			
GSE38696_LIGHT_ZONE_VS_DARK_ZONE_BCELL_DN	0.28228921897361464			
SMID_BREAST_CANCER_RELAPSE_IN_BRAIN_UP	0.2822828809162476			
GO_DORSAL_ROOT_GANGLION_DEVELOPMENT	0.28225535222841897			
PAL_PRMT5_TARGETS_DN	0.28221780110936884			
GSE42021_TCONV_PLN_VS_TREG_PRECURSORS_THYMUS_DN	0.2822096252139676			
GSE17721_12H_VS_24H_PAM3CSK4_BMDC_UP	0.28220292912367323			
LIU_PROSTATE_CANCER_UP	0.28219954423360055			
MIR372_3P	0.28219609001737583			
LENAOUR_DENDRITIC_CELL_MATURATION_UP	0.28218506250522696			
GCATTTG_MIR105	0.28218374339322727			
GO_NEGATIVE_REGULATION_OF_STRESS_ACTIVATED_PROTEIN_KINASE_SIGNALING_CASCADE	0.2821637287629814			
REACTOME_METABOLISM_OF_LIPIDS	0.2821507537840512			
FOSTER_TOLERANT_MACROPHAGE_UP	0.2821460881527581			
GO_GPI_ANCHOR_TRANSAMIDASE_ACTIVITY	0.2821439343388766			
GO_GPI_ANCHOR_TRANSAMIDASE_COMPLEX	0.2821439343388766			
SHAFFER_IRF4_TARGETS_IN_PLASMA_CELL_VS_MATURE_B_LYMPHOCYTE	0.2821342922774234			
MIR6802_5P	0.28213396002853397			
CTATGCA_MIR153	0.282114505811065			
VANOEVELEN_MYOGENESIS_SIN3A_TARGETS	0.2821127016972667			
GO_RESPONSE_TO_SALT_STRESS	0.28210411117834755			
GSE36476_YOUNG_VS_OLD_DONOR_MEMORY_CD4_TCELL_UP	0.2820959420004436			
GO_ACIDIC_AMINO_ACID_TRANSPORT	0.2820522421451029			
GO_VACUOLE	0.28204881402200166			
GO_COLLATERAL_SPROUTING	0.2820345945890026			
GO_MYELOID_CELL_APOPTOTIC_PROCESS	0.28201791042285357			
GO_SECRETION	0.2820011900177278			
LOPEZ_MESOTELIOMA_SURVIVAL_TIME_UP	0.2819878128805436			
GO_CELL_COMMUNICATION_BY_ELECTRICAL_COUPLING_INVOLVED_IN_CARDIAC_CONDUCTION	0.2819786452167341			
GSE360_L_DONOVANI_VS_B_MALAYI_LOW_DOSE_DC_UP	0.28195298117937995			
LEIN_ASTROCYTE_MARKERS	0.2819375183665832			
E2F2_TARGET_GENES	0.28192977091997434			
GO_REGULATION_OF_MAMMARY_GLAND_EPITHELIAL_CELL_PROLIFERATION	0.28192853433004905			
GSE30083_SP1_VS_SP3_THYMOCYTE_UP	0.28189366610595584			
GO_SENSORY_PERCEPTION_OF_SWEET_TASTE	0.2818903538697306			
GO_LACTATION	0.28184531908358185			
SCHAEFFER_PROSTATE_DEVELOPMENT_12HR_DN	0.2818215363455055			
GO_LENS_FIBER_CELL_MORPHOGENESIS	0.281816231094726			
GSE339_CD4POS_VS_CD8POS_DC_IN_CULTURE_DN	0.2817937388906024			
TOMLINS_METASTASIS_UP	0.2817760622807399			
GO_POSITIVE_REGULATION_OF_INTEGRIN_MEDIATED_SIGNALING_PATHWAY	0.28177530807009404			
CCANNAGRKGGC_UNKNOWN	0.2817491109692536			
GSE11924_TH1_VS_TH17_CD4_TCELL_UP	0.2817434895722789			
GO_SYNAPTIC_MEMBRANE	0.2817392244588272			
DURCHDEWALD_SKIN_CARCINOGENESIS_UP	0.28172072302565987			
GO_POSITIVE_REGULATION_OF_DEVELOPMENTAL_PROCESS	0.2817202574234952			
GO_ZYMOGEN_GRANULE_MEMBRANE	0.28168918153365496			
GO_ESCRT_COMPLEX	0.2816853938618977			
GO_DENDRITIC_SHAFT	0.2816853699836203			
GO_REGULATION_OF_MIDBRAIN_DOPAMINERGIC_NEURON_DIFFERENTIATION	0.28168139588430513			
MIR3666	0.2816788123266854			
GO_AMP_ACTIVATED_PROTEIN_KINASE_ACTIVITY	0.2816701626856952			
GO_PINOSOME	0.2816672192932691			
MIR6508_5P	0.281664633196659			
GSE4748_CTRL_VS_CYANOBACTERIUM_LPSLIKE_STIM_DC_3H_DN	0.2816584335679046			
BROCKE_APOPTOSIS_REVERSED_BY_IL6	0.28165646445138015			
TAGCTTT_MIR9	0.28164932010090377			
YAMASHITA_METHYLATED_IN_PROSTATE_CANCER	0.28163669787597223			
GO_POSITIVE_REGULATION_OF_RESPONSE_TO_TUMOR_CELL	0.28161910853812644			
GO_PROTEASOMAL_PROTEIN_CATABOLIC_PROCESS	0.2816157426202411			
GO_POSITIVE_REGULATION_OF_NIK_NF_KAPPAB_SIGNALING	0.2816019257096141			
AEBP2_TARGET_GENES	0.28158931681110067			
MCGARVEY_SILENCED_BY_METHYLATION_IN_COLON_CANCER	0.28157581866331477			
GO_REGULATION_OF_OSSIFICATION	0.2815538911895443			
FOXO4_TARGET_GENES	0.2815459205013806			
HHEX_TARGET_GENES	0.2815436860519243			
GTGGGTGK_UNKNOWN	0.28152730956866695			
ZHOU_TNF_SIGNALING_4HR	0.28152413452962416			
REACTOME_GLYCEROPHOSPHOLIPID_BIOSYNTHESIS	0.281506457742394			
MIR9985	0.2815038000026485			
IPA_MMP3_UP	0.2814999550622089			
BIOCARTA_NPP1_PATHWAY	0.28147074249419496			
IVANOVA_HEMATOPOIESIS_STEM_CELL	0.2814685966638789			
GALI_TP53_TARGETS_APOPTOTIC_DN	0.28144696299213906			
PATIL_LIVER_CANCER	0.28143969805446			
PETROVA_PROX1_TARGETS_DN	0.28142499319127406			
HNF1_C	0.28141182341324006			
GO_CARDIAC_RIGHT_VENTRICLE_MORPHOGENESIS	0.2814077980875841			
GO_PHOSPHATASE_COMPLEX	0.28140329360209576			
LUI_THYROID_CANCER_CLUSTER_1	0.2813959291178986			
SUZUKI_RESPONSE_TO_TSA_AND_DECITABINE_1A	0.2813781973564203			
MIR548E_5P	0.28133484379921586			
GO_REGULATION_OF_CARDIAC_EPITHELIAL_TO_MESENCHYMAL_TRANSITION	0.2813308698481767			
CAVARD_LIVER_CANCER_MALIGNANT_VS_BENIGN	0.28131495256551486			
REACTOME_MYD88_INDEPENDENT_TLR4_CASCADE	0.2812977875080955			
BOYLAN_MULTIPLE_MYELOMA_D_CLUSTER_DN	0.28128339574180505			
GSE15330_LYMPHOID_MULTIPOTENT_VS_MEGAKARYOCYTE_ERYTHROID_PROGENITOR_IKAROS_KO_DN	0.2812722354773601			
AAGGGAT_MIR188	0.28125906667268397			
GO_HYALURONAN_BIOSYNTHETIC_PROCESS	0.2812493878041698			
DEBOSSCHER_NFKB_TARGETS_REPRESSED_BY_GLUCOCORTICOIDS	0.28122404095377973			
GO_RESPONSE_TO_X_RAY	0.28118312561476144			
GO_REGULATION_OF_MESENCHYMAL_TO_EPITHELIAL_TRANSITION_INVOLVED_IN_METANEPHROS_MORPHOGENESIS	0.28113524628695197			
GO_REGULATION_OF_PROTEIN_DEPOLYMERIZATION	0.2811352449359002			
LOPEZ_EPITHELIOID_MESOTHELIOMA	0.28113430432971764			
GO_DOPAMINERGIC_NEURON_AXON_GUIDANCE	0.2811251543222575			
GO_REGULATION_OF_HEART_MORPHOGENESIS	0.2811212034817328			
YAO_TEMPORAL_RESPONSE_TO_PROGESTERONE_CLUSTER_7	0.2811202539525451			
MIR652_3P	0.2810820917397171			
GSE16385_MONOCYTE_VS_12H_ROSIGLITAZONE_IFNG_TNF_TREATED_MACROPHAGE_DN	0.2810635253187412			
GO_CELLULAR_POTASSIUM_ION_HOMEOSTASIS	0.28101988683427676			
REACTOME_PYRIMIDINE_CATABOLISM	0.28101159305759915			
GSE28783_ANTI_MIR33_VS_UNTREATED_ATHEROSCLEROSIS_MACROPHAGE_DN	0.2809953901012739			
REACTOME_EXTRINSIC_PATHWAY_OF_FIBRIN_CLOT_FORMATION	0.2809924940695467			
PID_HNF3A_PATHWAY	0.2809846008249536			
GO_2_OXOGLUTARATE_DEPENDENT_DIOXYGENASE_ACTIVITY	0.28098336943910984			
GSE3982_EOSINOPHIL_VS_TH2_UP	0.2809813989686332			
GO_MOLECULAR_FUNCTION_REGULATOR	0.2809769874837853			
REACTOME_NF_KB_IS_ACTIVATED_AND_SIGNALS_SURVIVAL	0.2809766712138512			
GRAESSMANN_APOPTOSIS_BY_DOXORUBICIN_DN	0.2809760489100437			
IPA_NOTCH1_DN	0.28095723048783977			
GSE15330_MEGAKARYOCYTE_ERYTHROID_VS_GRANULOCYTE_MONOCYTE_PROGENITOR_IKAROS_KO_DN	0.28093920760539015			
GO_REGULATION_OF_EXOCYTOSIS	0.28092241740636475			
GO_RESPONSE_TO_MECHANICAL_STIMULUS	0.28089873801507625			
GO_HINDBRAIN_RADIAL_GLIA_GUIDED_CELL_MIGRATION	0.28089718129618657			
GO_REGULATION_OF_CELLULAR_RESPONSE_TO_OSMOTIC_STRESS	0.2808932061845224			
MYC_UP.V1_DN	0.28088567674264375			
BURTON_ADIPOGENESIS_5	0.2808848326075303			
PID_P38_ALPHA_BETA_DOWNSTREAM_PATHWAY	0.28087541838777236			
GTCNYYATGR_UNKNOWN	0.2808719391931673			
BIOCARTA_MTA3_PATHWAY	0.28087029650276857			
GO_BETA_N_ACETYLGLUCOSAMINYLGLYCOPEPTIDE_BETA_1_4_GALACTOSYLTRANSFERASE_ACTIVITY	0.28086780861405886			
ATF_01	0.2808339936797614			
GO_CELLULAR_CARBOHYDRATE_CATABOLIC_PROCESS	0.28081649966778927			
GO_NUCLEOTIDE_SUGAR_METABOLIC_PROCESS	0.2808072215791401			
GO_REGULATION_OF_SYSTEM_PROCESS	0.28080102897209774			
GO_PARASYMPATHETIC_NERVOUS_SYSTEM_DEVELOPMENT	0.28078713699625285			
GO_REGULATION_OF_PLATELET_DERIVED_GROWTH_FACTOR_RECEPTOR_SIGNALING_PATHWAY	0.28077276850839405			
GO_ESTROGEN_RECEPTOR_ACTIVITY	0.2807697815470306			
HMGB2_TARGET_GENES	0.2807673730550895			
GSE7509_DC_VS_MONOCYTE_UP	0.28076230225894705			
MURAKAMI_UV_RESPONSE_24HR	0.28076108157118795			
MIR27A_3P_MIR27B_3P	0.2807547104070734			
MIR4727_3P	0.2807449691805664			
GO_REGULATION_OF_NEURON_MIGRATION	0.2807294742493732			
GO_INTERLEUKIN_1_MEDIATED_SIGNALING_PATHWAY	0.28072762751649194			
REACTOME_DISEASES_ASSOCIATED_WITH_GLYCOSYLATION_PRECURSOR_BIOSYNTHESIS	0.2807253191088762			
HADDAD_T_LYMPHOCYTE_AND_NK_PROGENITOR_UP	0.280710065088758			
GO_CHONDROCYTE_DIFFERENTIATION_INVOLVED_IN_ENDOCHONDRAL_BONE_MORPHOGENESIS	0.28069366730434286			
TCGA_GLIOBLASTOMA_MUTATED	0.2806911186628139			
GO_CELLULAR_POLYSACCHARIDE_CATABOLIC_PROCESS	0.28067838272867424			
HOLLERN_SOLID_NODULAR_BREAST_TUMOR_UP	0.28065396351517163			
REACTOME_AMYLOID_FIBER_FORMATION	0.28065074012684127			
STAT5A_03	0.2806416052946972			
GSE3982_MAST_CELL_VS_BCELL_UP	0.28063673969239195			
GO_FAT_CELL_DIFFERENTIATION	0.28062859744944785			
GSE5679_CTRL_VS_PPARG_LIGAND_ROSIGLITAZONE_AND_RARA_AGONIST_AM580_TREATED_DC_DN	0.28060676587681743			
REACTOME_RAB_GEFS_EXCHANGE_GTP_FOR_GDP_ON_RABS	0.2806058663287927			
REACTOME_P75NTR_RECRUITS_SIGNALLING_COMPLEXES	0.2805950127307008			
GO_SODIUM_ION_EXPORT_ACROSS_PLASMA_MEMBRANE	0.28059024409576916			
GO_PALLIUM_DEVELOPMENT	0.2805811164271554			
GO_VASCULAR_ASSOCIATED_SMOOTH_MUSCLE_CELL_MIGRATION	0.28056168579981117			
GSE12392_IFNAR_KO_VS_IFNB_KO_CD8_NEG_SPLEEN_DC_DN	0.2805602937205318			
GO_ESTABLISHMENT_OF_PLANAR_POLARITY_INVOLVED_IN_NEURAL_TUBE_CLOSURE	0.2805562236782177			
GO_POSITIVE_REGULATION_OF_MUSCLE_CONTRACTION	0.28054494651414574			
GO_REGULATION_OF_CELLULAR_LOCALIZATION	0.28053388949788355			
GO_REGULATION_OF_TYPE_B_PANCREATIC_CELL_PROLIFERATION	0.28052866342209043			
KEGG_PATHOGENIC_ESCHERICHIA_COLI_INFECTION	0.2805233075984933			
GO_REGULATION_OF_HAIR_FOLLICLE_DEVELOPMENT	0.28051420106617936			
GO_REGULATION_OF_T_HELPER_1_CELL_CYTOKINE_PRODUCTION	0.28051039806376815			
IPA_PAX7_UP	0.28050948660135727			
ZNF490_TARGET_GENES	0.2804872540861877			
STAT6_01	0.28047952617228833			
GO_REGULATION_OF_CELL_POPULATION_PROLIFERATION	0.2804780387939599			
GO_REGULATION_OF_ANION_TRANSMEMBRANE_TRANSPORT	0.28047439378994327			
GSE21063_CTRL_VS_ANTI_IGM_STIM_BCELL_NFATC1_KO_16H_UP	0.280471015745013			
GO_CELL_PROLIFERATION_IN_MIDBRAIN	0.2804669656767008			
GSE11961_GERMINAL_CENTER_BCELL_DAY7_VS_PLASMA_CELL_DAY7_DN	0.28046415913086153			
GO_EXCRETION	0.2804628393144989			
MIR6880_5P	0.2804551669698701			
PID_PDGFRA_PATHWAY	0.280438601608072			
MIR4533	0.2804337798914278			
MIR935	0.28042621692718717			
GO_PATCHED_BINDING	0.2803939681185752			
GSE17721_LPS_VS_CPG_2H_BMDC_UP	0.2803898782698977			
LET_7C_3P	0.28038820670024234			
GO_REGULATION_OF_GLUTAMATE_RECEPTOR_SIGNALING_PATHWAY	0.28037569509511767			
GO_HEART_TRABECULA_MORPHOGENESIS	0.28035795005549113			
GSE3982_MEMORY_CD4_TCELL_VS_TH1_DN	0.28032318918187055			
GO_PEPTIDYL_PROLINE_HYDROXYLATION	0.28031285908467746			
GO_ENDOPLASMIC_RETICULUM_QUALITY_CONTROL_COMPARTMENT	0.28030443410058065			
GO_POSITIVE_REGULATION_OF_TOOTH_MINERALIZATION	0.280259105115042			
GO_ACYLGLYCEROL_O_ACYLTRANSFERASE_ACTIVITY	0.28024899523061836			
GO_REGULATION_OF_THYROID_HORMONE_GENERATION	0.2802229474088272			
REACTOME_SIGNALING_BY_NOTCH4	0.28019998640470417			
MIR7106_5P	0.28019090764275917			
GO_PODOSOME	0.28018690484379216			
GSE27786_LSK_VS_CD8_TCELL_UP	0.28017681830630015			
BOYAULT_LIVER_CANCER_SUBCLASS_G1_DN	0.2801656640905909			
GO_PROTEIN_HETERODIMERIZATION_ACTIVITY	0.28016072343900383			
DORN_ADENOVIRUS_INFECTION_48HR_UP	0.2801562641514798			
GO_POSITIVE_REGULATION_OF_ENDOPLASMIC_RETICULUM_UNFOLDED_PROTEIN_RESPONSE	0.28013307876090715			
GO_PROTEIN_LIPID_COMPLEX	0.28010890344238354			
GSE23114_PERITONEAL_CAVITY_B1A_BCELL_VS_SPLEEN_BCELL_DN	0.2800969078262931			
GO_VASCULAR_SMOOTH_MUSCLE_CELL_DEVELOPMENT	0.2800911931529874			
REACTOME_MET_ACTIVATES_RAP1_AND_RAC1	0.28007259068409973			
GO_CELLULAR_HYPEROSMOTIC_RESPONSE	0.28006911758766917			
MODY_HIPPOCAMPUS_POSTNATAL	0.28006647748237246			
GO_PROTEIN_MATURATION_BY_PROTEIN_FOLDING	0.28006117015155896			
SOX10_TARGET_GENES	0.2800403294530287			
GO_ATPASE_ACTIVITY_COUPLED_TO_TRANSMEMBRANE_MOVEMENT_OF_IONS_ROTATIONAL_MECHANISM	0.2800399850765496			
ONDER_CDH1_TARGETS_1_UP	0.28003942037923985			
GSE33425_CD161_HIGH_VS_NEG_CD8_TCELL_DN	0.2800330821369949			
GSE3982_NEUTROPHIL_VS_BCELL_UP	0.2800174314352798			
TGANNYRGCA_TCF11MAFG_01	0.2800172310313129			
GSE17721_CPG_VS_GARDIQUIMOD_6H_BMDC_DN	0.2799935348817209			
GO_NEGATIVE_REGULATION_OF_SUPRAMOLECULAR_FIBER_ORGANIZATION	0.279971956959464			
TAKAO_RESPONSE_TO_UVB_RADIATION_DN	0.27996506545112004			
ZHU_CMV_ALL_UP	0.27996484161433277			
GSE17721_LPS_VS_PAM3CSK4_12H_BMDC_UP	0.27994817688852225			
REACTOME_SLC_MEDIATED_TRANSMEMBRANE_TRANSPORT	0.27993245323578886			
GO_NUCLEOTIDE_ACTIVATED_PROTEIN_KINASE_COMPLEX	0.2799275191270809			
DAZARD_UV_RESPONSE_CLUSTER_G4	0.27990022295971495			
GO_CHLORIDE_TRANSMEMBRANE_TRANSPORTER_ACTIVITY	0.27989699358673203			
IPA_RUVBL1_UP	0.27989254675377734			
GSE22025_UNTREATED_VS_PROGESTERONE_TREATED_CD4_TCELL_UP	0.2798869680951765			
LOPES_METHYLATED_IN_COLON_CANCER_DN	0.27987625849108855			
MIR520B_3P_MIR520C_3P_MIR520E_3P	0.2798666301559729			
GO_REGULATION_OF_RENAL_SYSTEM_PROCESS	0.27984965359718816			
GO_INTRACELLULAR_RECEPTOR_SIGNALING_PATHWAY	0.27983936991657793			
ZNF529_TARGET_GENES	0.2798327296733821			
GARGALOVIC_RESPONSE_TO_OXIDIZED_PHOSPHOLIPIDS_GREY_UP	0.27983205771070335			
REACTOME_RAS_ACTIVATION_UPON_CA2_INFLUX_THROUGH_NMDA_RECEPTOR	0.27982262150173937			
GO_FOREBRAIN_REGIONALIZATION	0.27978398077525746			
KEGG_TGF_BETA_SIGNALING_PATHWAY	0.27977198697522104			
VECCHI_GASTRIC_CANCER_ADVANCED_VS_EARLY_UP	0.27976806048142283			
GO_REGULATION_OF_BRANCHING_INVOLVED_IN_SALIVARY_GLAND_MORPHOGENESIS	0.27973083498086676			
TCTATGA_MIR376A_MIR376B	0.27970757206960856			
GO_DENDRITE_CYTOPLASM	0.2796647235306121			
RICKMAN_HEAD_AND_NECK_CANCER_F	0.27964516135437817			
GSE44649_WT_VS_MIR155_KO_NAIVE_CD8_TCELL_DN	0.2796377859176688			
GO_RAS_GUANYL_NUCLEOTIDE_EXCHANGE_FACTOR_ACTIVITY	0.27960658230553076			
GO_EPITHELIAL_CELL_PROLIFERATION_INVOLVED_IN_LUNG_MORPHOGENESIS	0.27960135046159057			
GO_REGULATION_OF_CELL_SIZE	0.27958289317445284			
GO_REGULATION_OF_HEART_RATE	0.27956504372527674			
GO_CELLULAR_HORMONE_METABOLIC_PROCESS	0.279558878937902			
GSE19772_CTRL_VS_HCMV_INF_MONOCYTES_UP	0.2795543608216106			
GO_HISTONE_SERINE_PHOSPHORYLATION	0.2795533686704605			
GO_MESENDODERM_DEVELOPMENT	0.27954925342769793			
GO_NEGATIVE_REGULATION_OF_ACUTE_INFLAMMATORY_RESPONSE	0.27954311618256317			
ZNF610_TARGET_GENES	0.2795360235856728			
GSE2770_UNTREATED_VS_TGFB_AND_IL12_TREATED_ACT_CD4_TCELL_2H_DN	0.2795225276534243			
IPA_RUNX2_DN	0.2794942128301358			
GO_POSITIVE_REGULATION_OF_BINDING	0.2794871327269701			
GO_REGULATION_OF_BLOOD_CIRCULATION	0.27948029024734855			
LAMB3_TARGET_GENES	0.27946732996092105			
GO_ARACHIDONIC_ACID_METABOLIC_PROCESS	0.2794511745885815			
GO_RENAL_SYSTEM_PROCESS_INVOLVED_IN_REGULATION_OF_SYSTEMIC_ARTERIAL_BLOOD_PRESSURE	0.27943548178332284			
NFE2L1_TARGET_GENES	0.27941424076774546			
SASAKI_TARGETS_OF_TP73_AND_TP63	0.2794127468326465			
OHGUCHI_LIVER_HNF4A_TARGETS_UP	0.2794121778607426			
BIOCARTA_GSK3_PATHWAY	0.27939548225397726			
GSE37301_MULTIPOTENT_PROGENITOR_VS_GRAN_MONO_PROGENITOR_UP	0.27938922434823915			
GSE19401_RETINOIC_ACID_VS_RETINOIC_ACID_AND_PAM2CSK4_STIM_FOLLICULAR_DC_UP	0.2793638239035761			
REACTOME_P38MAPK_EVENTS	0.2793546809311241			
GO_NEGATIVE_REGULATION_OF_PHOSPHORUS_METABOLIC_PROCESS	0.2793390619481517			
BERNARD_PPAPDC1B_TARGETS_DN	0.27932529717376			
GSE24726_WT_VS_E2_2_KO_PDC_DAY4_POST_DELETION_UP	0.27929572828207			
GO_ACTIVIN_BINDING	0.27928207894173707			
REACTOME_NCAM1_INTERACTIONS	0.2792799703175568			
MIR4268	0.27923755984556287			
GO_DIGESTIVE_SYSTEM_PROCESS	0.27923515733674414			
MIR6795_3P	0.2792349909841574			
SARRIO_EPITHELIAL_MESENCHYMAL_TRANSITION_UP	0.27920163408649845			
GO_PERINUCLEAR_ENDOPLASMIC_RETICULUM	0.2791902518813638			
GO_FRIZZLED_BINDING	0.2791804278807525			
GO_ARTERY_DEVELOPMENT	0.27915512746757065			
IPA_FOXI1_UP	0.27914878493910006			
GO_REGULATION_OF_EXTRINSIC_APOPTOTIC_SIGNALING_PATHWAY_VIA_DEATH_DOMAIN_RECEPTORS	0.27914304713836585			
GO_ACTIVATION_OF_PROTEIN_KINASE_ACTIVITY	0.2791267895342156			
MIR301B_3P	0.27910516915510825			
IPA_KLF3_DN	0.2790636104589551			
MIR301A_3P	0.27905628848793673			
GSE27786_LIN_NEG_VS_ERYTHROBLAST_DN	0.27905164142539857			
CACTGCC_MIR34A_MIR34C_MIR449	0.279049448246232			
GSE29617_DAY3_VS_DAY7_TIV_FLU_VACCINE_PBMC_2008_UP	0.27904673291099913			
GO_POSITIVE_REGULATION_OF_GLOMERULAR_MESANGIAL_CELL_PROLIFERATION	0.2790366119522548			
SIRNA_EIF4GI_UP	0.27901394701267906			
GO_UNSATURATED_FATTY_ACID_METABOLIC_PROCESS	0.2789979316557511			
GO_REGULATION_OF_TYPE_B_PANCREATIC_CELL_DEVELOPMENT	0.2789959829365469			
GO_AMINO_ACID_SODIUM_SYMPORTER_ACTIVITY	0.27899104865183727			
SCIAN_INVERSED_TARGETS_OF_TP53_AND_TP73_DN	0.2789857092153548			
TCF7_TARGET_GENES	0.27895857845917843			
GO_HIPPOCAMPAL_MOSSY_FIBER_TO_CA3_SYNAPSE	0.278946966428758			
GO_CD4_POSITIVE_ALPHA_BETA_T_CELL_CYTOKINE_PRODUCTION	0.27893533029592793			
GSE43955_1H_VS_10H_ACT_CD4_TCELL_UP	0.27893386128135894			
GO_SOLUTE_PROTON_SYMPORTER_ACTIVITY	0.27891093192606314			
GO_REGULATION_OF_GOLGI_ORGANIZATION	0.27887469536668424			
HMEF2_Q6	0.2788705246215416			
REACTOME_VLDLR_INTERNALISATION_AND_DEGRADATION	0.2788571700623903			
WALLACE_PROSTATE_CANCER_DN	0.27882192610815576			
GO_CELL_FATE_COMMITMENT_INVOLVED_IN_FORMATION_OF_PRIMARY_GERM_LAYER	0.27882115951989095			
TTANWNANTGGM_UNKNOWN	0.27881900355385686			
GO_ZYMOGEN_GRANULE	0.27881082647937877			
GO_GLYCOSYLATION	0.2788056367707379			
GO_SKELETAL_MUSCLE_SATELLITE_CELL_ACTIVATION	0.2788007341871942			
DARWICHE_PAPILLOMA_RISK_HIGH_UP	0.27879130974352956			
GO_DEVELOPMENT_OF_PRIMARY_SEXUAL_CHARACTERISTICS	0.2787813158118758			
GSE40273_EOS_KO_VS_WT_TREG_UP	0.27875456115319236			
BIOCARTA_ACTINY_PATHWAY	0.2787516506258026			
ZNF362_TARGET_GENES	0.2787362872719899			
CGGTGTG_MIR220	0.27872832092394756			
GO_COPPER_ION_TRANSMEMBRANE_TRANSPORT	0.27871681041888957			
GSE14699_NAIVE_VS_ACT_CD8_TCELL_UP	0.2787139215555902			
GO_CELLULAR_RESPONSE_TO_ANTIBIOTIC	0.2786948151034643			
MIR95_3P	0.2786868754130912			
GO_CELLULAR_RESPONSE_TO_IONIZING_RADIATION	0.2786674324423793			
GO_NEGATIVE_REGULATION_OF_DEVELOPMENTAL_GROWTH	0.2786399127629227			
GO_FUNGIFORM_PAPILLA_DEVELOPMENT	0.2786340512590606			
GO_ENDOSOME_LUMEN	0.27861878906198123			
REACTOME_DOWNREGULATION_OF_ERBB4_SIGNALING	0.2785752545752312			
BENNETT_SYSTEMIC_LUPUS_ERYTHEMATOSUS	0.2785597284693069			
GSE17721_CTRL_VS_LPS_12H_BMDC_DN	0.278549598342864			
IPA_NANOG_DN	0.27854208863176316			
GSE26023_PHD3_KO_VS_WT_NEUTROPHIL_HYPOXIA_DN	0.2785415452935929			
GO_CELLULAR_RESPONSE_TO_LOW_DENSITY_LIPOPROTEIN_PARTICLE_STIMULUS	0.27852396449859945			
GSE19401_UNSTIM_VS_PAM2CSK4_STIM_FOLLICULAR_DC_DN	0.27850587351513756			
GO_CELLULAR_RESPONSE_TO_IRON_ION	0.27850376555510803			
GO_HINDBRAIN_MORPHOGENESIS	0.27850268417029134			
PID_INTEGRIN_CS_PATHWAY	0.27850240014361805			
GO_POSITIVE_REGULATION_OF_NEURON_DEATH	0.2784979700760317			
GSE19888_ADENOSINE_A3R_INH_VS_INH_PRETREAT_AND_ACT_WITH_TCELL_MEMBRANES_MAST_CELL_DN	0.2784838325130641			
GO_ENTEROENDOCRINE_CELL_DIFFERENTIATION	0.27847787848700783			
GO_TRANSFERASE_ACTIVITY_TRANSFERRING_GLYCOSYL_GROUPS	0.27847369674779393			
BIOCARTA_RANKL_PATHWAY	0.27846560883474913			
SF1_Q6	0.27845847814777375			
GO_PDZ_DOMAIN_BINDING	0.2784449162399229			
IPA_MEIS2_UP	0.27843922116872594			
GO_NEGATIVE_REGULATION_OF_MITOCHONDRIAL_OUTER_MEMBRANE_PERMEABILIZATION_INVOLVED_IN_APOPTOTIC_SIGNALING_PATHWAY	0.2784333463105334			
GO_LAMELLIPODIUM_ASSEMBLY	0.2784320261702751			
GSE2826_XID_VS_BTK_KO_BCELL_DN	0.2783837684330451			
CREIGHTON_ENDOCRINE_THERAPY_RESISTANCE_4	0.27837189378291466			
GO_PEPTIDYL_LYSINE_HYDROXYLATION	0.2783541815770214			
PID_UPA_UPAR_PATHWAY	0.27834626572518706			
GO_PEPTIDYL_PROLINE_DIOXYGENASE_ACTIVITY	0.278343340097018			
GO_ANTIOXIDANT_ACTIVITY	0.2783424355404801			
PARENT_MTOR_SIGNALING_UP	0.2783309093207553			
MASRI_RESISTANCE_TO_TAMOXIFEN_AND_AROMATASE_INHIBITORS_UP	0.27830543585101664			
BERENJENO_TRANSFORMED_BY_RHOA_REVERSIBLY_DN	0.27828865976795675			
MULLIGHAN_MLL_SIGNATURE_2_DN	0.27827592288911435			
GO_PEPTIDYL_TYROSINE_DEPHOSPHORYLATION_INVOLVED_IN_INACTIVATION_OF_PROTEIN_KINASE_ACTIVITY	0.27824856544626203			
GO_NEGATIVE_REGULATION_OF_PERK_MEDIATED_UNFOLDED_PROTEIN_RESPONSE	0.2782203760000771			
RAO_BOUND_BY_SALL4	0.27821027074439847			
GO_NEGATIVE_REGULATION_OF_GLUCOCORTICOID_METABOLIC_PROCESS	0.27816282894674604			
GO_INTRACELLULAR_CAMP_ACTIVATED_CATION_CHANNEL_ACTIVITY	0.27816052839739097			
LY_AGING_MIDDLE_UP	0.2781445361302167			
GSE17974_IL4_AND_ANTI_IL12_VS_UNTREATED_0.5H_ACT_CD4_TCELL_DN	0.27813393297336303			
GSE17721_LPS_VS_CPG_6H_BMDC_UP	0.278125625585336			
GO_CELLULAR_RESPONSE_TO_CADMIUM_ION	0.27808293893662017			
GO_RESPONSE_TO_PAIN	0.2780815406344393			
GSE27786_NKCELL_VS_NKTCELL_UP	0.2780623327172249			
GO_AMMONIUM_ION_METABOLIC_PROCESS	0.2780500977143402			
MIKKELSEN_NPC_ICP_WITH_H3K27ME3	0.278049369285849			
ZBTB10_TARGET_GENES	0.2780480677670161			
MIZUKAMI_HYPOXIA_UP	0.27804123705573275			
MIR4295	0.2780378933008791			
GO_PRI_MIRNA_TRANSCRIPTION_BY_RNA_POLYMERASE_II	0.2780200129296565			
GSE17580_UNINFECTED_VS_S_MANSONI_INF_TREG_DN	0.2780119050078985			
GO_REGULATION_OF_AMYLOID_PRECURSOR_PROTEIN_CATABOLIC_PROCESS	0.27795779147288396			
ZSCAN5C_TARGET_GENES	0.27795481289593005			
FLECHNER_BIOPSY_KIDNEY_TRANSPLANT_OK_VS_DONOR_UP	0.27793877055126603			
GO_TELENCEPHALON_GLIAL_CELL_MIGRATION	0.2779349548675886			
GSE24292_WT_VS_PPARG_KO_MACROPHAGE_UP	0.2779117420484004			
REACTOME_RUNX2_REGULATES_OSTEOBLAST_DIFFERENTIATION	0.27790278328532575			
GO_EMBRYONIC_SKELETAL_JOINT_MORPHOGENESIS	0.27790276031381517			
REACTOME_SIGNALING_BY_NTRKS	0.2779016029881296			
GSE5589_LPS_AND_IL10_VS_LPS_AND_IL6_STIM_MACROPHAGE_45MIN_UP	0.2778675133925575			
GO_BCL_2_FAMILY_PROTEIN_COMPLEX	0.27786730861226927			
GO_REGULATION_OF_CELL_FATE_SPECIFICATION	0.2778616656782243			
GSE40666_STAT1_KO_VS_STAT4_KO_CD8_TCELL_DN	0.2778580775988897			
GO_MULTICELLULAR_ORGANISMAL_HOMEOSTASIS	0.2778565774412918			
GSE14308_TH2_VS_TH1_UP	0.27784592799589025			
GO_REGULATION_OF_SPINDLE_ASSEMBLY	0.2778211523959594			
BAFNA_MUC4_TARGETS_UP	0.2778208259008913			
REACTOME_METABOLISM_OF_PORPHYRINS	0.27781280844658046			
MIR7151_3P	0.27780035508489287			
GO_COLLAGEN_FIBRIL_ORGANIZATION	0.27779452681303185			
GO_SMOOTH_MUSCLE_TISSUE_DEVELOPMENT	0.27779285448868646			
TORCHIA_TARGETS_OF_EWSR1_FLI1_FUSION_UP	0.2777869576603655			
GO_MUSCLE_ORGAN_DEVELOPMENT	0.2777804643692297			
MARCHINI_TRABECTEDIN_RESISTANCE_UP	0.2777742423759084			
GO_L_ASCORBIC_ACID_METABOLIC_PROCESS	0.2777692207607968			
GO_INTEGRIN_MEDIATED_SIGNALING_PATHWAY	0.27776134566718236			
GSE10147_IL3_AND_HIVP17_VS_IL3_AND_CPG_STIM_PDC_UP	0.27776045236393426			
GO_NEGATIVE_REGULATION_OF_ANION_TRANSPORT	0.27774476505650075			
GSE21360_NAIVE_VS_SECONDARY_MEMORY_CD8_TCELL_DN	0.277718960798511			
MUNSHI_MULTIPLE_MYELOMA_UP	0.277686547592222			
GSE46606_UNSTIM_VS_CD40L_IL2_IL5_3DAY_STIMULATED_IRF4MID_SORTED_BCELL_DN	0.27768391240318113			
GO_ASPARTIC_TYPE_PEPTIDASE_ACTIVITY	0.2776777174331541			
GSE22501_PERIPHERAL_BLOOD_VS_CORD_BLOOD_TREG_UP	0.27767220833238004			
MIR5000_5P	0.2776546798654537			
REACTOME_MAPK_FAMILY_SIGNALING_CASCADES	0.2776515547188241			
GO_RELEASE_OF_CYTOCHROME_C_FROM_MITOCHONDRIA	0.2776508533687756			
GSE13411_IGM_VS_SWITCHED_MEMORY_BCELL_DN	0.27764610339222273			
FREAC7_01	0.27763593873754683			
GO_REGULATION_OF_INTRINSIC_APOPTOTIC_SIGNALING_PATHWAY_IN_RESPONSE_TO_OSMOTIC_STRESS	0.277632893460399			
HIVEP1_TARGET_GENES	0.27763182937034536			
GO_REGULATION_OF_CHLORIDE_TRANSPORT	0.2776276131343445			
WANG_CISPLATIN_RESPONSE_AND_XPC_DN	0.27760658353227413			
ZBTB5_TARGET_GENES	0.27760245587322585			
GO_EXTRACELLULAR_TRANSPORT	0.27760022531645867			
GO_CHEMOREPULSION_OF_AXON	0.2775986005142037			
GO_LOW_DENSITY_LIPOPROTEIN_PARTICLE_CLEARANCE	0.27759574965375944			
REACTOME_CHK1_CHK2_CDS1_MEDIATED_INACTIVATION_OF_CYCLIN_B_CDK1_COMPLEX	0.2775710583727845			
KEGG_ALDOSTERONE_REGULATED_SODIUM_REABSORPTION	0.2775652956924416			
GO_INTRINSIC_COMPONENT_OF_ENDOPLASMIC_RETICULUM_MEMBRANE	0.27753978757845515			
GSE17721_CTRL_VS_LPS_2H_BMDC_DN	0.277535930742487			
DELLA_RESPONSE_TO_TSA_AND_BUTYRATE	0.2775111694102657			
REACTOME_ACTIVATION_OF_RAC1	0.2775018137847133			
IPA_SIX2_UP	0.27749273627563276			
GSE27786_CD8_TCELL_VS_ERYTHROBLAST_DN	0.27747716356777674			
ZNF391_TARGET_GENES	0.27746501338122004			
GO_INNER_EAR_AUDITORY_RECEPTOR_CELL_DIFFERENTIATION	0.27746267479902437			
GO_PROTEIN_FOLDING_CHAPERONE	0.2774554748502711			
REACTOME_SODIUM_PROTON_EXCHANGERS	0.27744143988152925			
chr7q31	0.2774247647326916			
GO_MYOFILAMENT	0.27741023175935897			
REACTOME_ARMS_MEDIATED_ACTIVATION	0.2773998844160144			
YORDY_RECIPROCAL_REGULATION_BY_ETS1_AND_SP100_DN	0.27738278879615114			
GO_RESPONSE_TO_ANTINEOPLASTIC_AGENT	0.2773690136097575			
GSE41978_ID2_KO_VS_BIM_KO_KLRG1_LOW_EFFECTOR_CD8_TCELL_UP	0.2773592227838996			
GSE28130_ACTIVATED_VS_INDUCEED_TREG_DN	0.2773585002080193			
GO_NEUTROPHIL_MEDIATED_KILLING_OF_GRAM_NEGATIVE_BACTERIUM	0.2773518538215895			
GO_AMYLOID_FIBRIL_FORMATION	0.27732932230860885			
BENPORATH_SUZ12_TARGETS	0.27730896256559334			
GO_REGULATION_OF_CYTOPLASMIC_TRANSPORT	0.27729246906509625			
GO_ANGIOTENSIN_ACTIVATED_SIGNALING_PATHWAY	0.2772907449529867			
IIZUKA_LIVER_CANCER_PROGRESSION_L1_G1_UP	0.27728958488030375			
MIR1295B_5P	0.2772808717116395			
GO_POSITIVE_REGULATION_OF_HEMATOPOIETIC_PROGENITOR_CELL_DIFFERENTIATION	0.27727083458626334			
GO_INTRACILIARY_TRANSPORT_INVOLVED_IN_CILIUM_ASSEMBLY	0.2772646109411423			
REACTOME_KILLING_MECHANISMS	0.27726175657201757			
MIR130B_3P	0.27725637569155626			
GSE2770_IL12_ACT_VS_ACT_CD4_TCELL_2H_UP	0.27723772530808527			
GO_POSITIVE_REGULATION_OF_MIRNA_METABOLIC_PROCESS	0.27722616355238394			
GSE40274_FOXP3_VS_FOXP3_AND_GATA1_TRANSDUCED_ACTIVATED_CD4_TCELL_DN	0.2772228429608587			
IGLESIAS_E2F_TARGETS_UP	0.2772163735035962			
GO_POSITIVE_REGULATION_OF_PHOSPHOLIPID_BIOSYNTHETIC_PROCESS	0.27719648571261396			
GO_CARDIAC_CONDUCTION	0.27719246247566603			
GO_MESSENGER_RIBONUCLEOPROTEIN_COMPLEX	0.2771921183524843			
GO_PROTEIN_HEXAMERIZATION	0.27718855841103424			
MIR1294	0.2771815481833575			
HLF_01	0.2771551980192618			
LINDSTEDT_DENDRITIC_CELL_MATURATION_A	0.2771314705974339			
GO_REGULATION_OF_BRANCHING_INVOLVED_IN_LUNG_MORPHOGENESIS	0.27712108340218566			
GO_EMBRYONIC_HEMOPOIESIS	0.2771097397450629			
GO_ADULT_LOCOMOTORY_BEHAVIOR	0.2770684336051319			
GSE360_T_GONDII_VS_M_TUBERCULOSIS_MAC_DN	0.2770510439621856			
GO_RHO_GUANYL_NUCLEOTIDE_EXCHANGE_FACTOR_ACTIVITY	0.27704454469616246			
IPA_SMARCA2_DN	0.2770413415996479			
JOHANSSON_GLIOMAGENESIS_BY_PDGFB_UP	0.27703229960257314			
MIR2116_3P	0.2770150378260661			
REACTOME_SYNAPTIC_ADHESION_LIKE_MOLECULES	0.2770145414516168			
REACTOME_DOWNSTREAM_SIGNAL_TRANSDUCTION	0.27701194139176977			
MOROSETTI_FACIOSCAPULOHUMERAL_MUSCULAR_DISTROPHY_UP	0.276996234124467			
GO_NEGATIVE_REGULATION_OF_FIBRINOLYSIS	0.27699576987708724			
GO_NEGATIVE_REGULATION_OF_VIRAL_TRANSCRIPTION	0.27698543938214254			
REACTOME_GOLGI_CISTERNAE_PERICENTRIOLAR_STACK_REORGANIZATION	0.2769791741577308			
GO_TERPENOID_BIOSYNTHETIC_PROCESS	0.2769519134662407			
GO_POSITIVE_REGULATION_OF_SIGNALING_RECEPTOR_ACTIVITY	0.27694412275997604			
GO_RECEPTOR_MEDIATED_VIRION_ATTACHMENT_TO_HOST_CELL	0.27692541770399015			
GO_THYMOCYTE_APOPTOTIC_PROCESS	0.2769153939209855			
GO_POSITIVE_REGULATION_OF_RECEPTOR_RECYCLING	0.2768839939043575			
GO_PROTON_TRANSPORTING_TWO_SECTOR_ATPASE_COMPLEX_PROTON_TRANSPORTING_DOMAIN	0.27688251628959737			
GO_POSITIVE_REGULATION_OF_BMP_SIGNALING_PATHWAY	0.2768806815642492			
GO_TRANSFORMING_GROWTH_FACTOR_BETA1_PRODUCTION	0.27686876441337016			
MIR3665	0.276866083050831			
GO_MICROTUBULE_BASED_PROCESS	0.2768558418700887			
SANA_RESPONSE_TO_IFNG_DN	0.276846858564671			
GO_FACIAL_NERVE_MORPHOGENESIS	0.27682337032396365			
MIR6797_5P	0.2768032245164274			
NFE2L3_TARGET_GENES	0.2767686581759555			
IPA_MED13_DN	0.2767660343632635			
GO_LONG_CHAIN_FATTY_ACID_CATABOLIC_PROCESS	0.27675899548856037			
MIR617	0.276733612019116			
MIR3192_3P	0.27668590118336045			
GSE21670_TGFB_VS_IL6_TREATED_STAT3_KO_CD4_TCELL_UP	0.2766806445547592			
GO_INTERLEUKIN_1_RECEPTOR_ACTIVITY	0.2766772035098066			
GSE3039_CD4_TCELL_VS_ALPHABETA_CD8_TCELL_DN	0.27666868429137936			
GSE29618_LAIV_VS_TIV_FLU_VACCINE_DAY7_BCELL_DN	0.27666509298124986			
GO_T_HELPER_1_CELL_CYTOKINE_PRODUCTION	0.2766483133787184			
GSE9316_CD4_TCELL_BALBC_VS_TH17_ENRI_CD4_TCELL_SKG_PMA_IONO_STIM_FR4NEG_DN	0.2766430668561638			
GO_POSITIVE_REGULATION_OF_UBIQUITIN_PROTEIN_LIGASE_ACTIVITY	0.27662784395001777			
GSE29617_CTRL_VS_DAY7_TIV_FLU_VACCINE_PBMC_2008_UP	0.2766042202856799			
GO_NEGATIVE_REGULATION_OF_ENDOTHELIAL_CELL_PROLIFERATION	0.2765785041376922			
GO_RESPONSE_TO_CISPLATIN	0.2765766135039587			
GO_INSULIN_SECRETION_INVOLVED_IN_CELLULAR_RESPONSE_TO_GLUCOSE_STIMULUS	0.2765635259491852			
GSE36826_NORMAL_VS_STAPH_AUREUS_INF_IL1R_KO_SKIN_UP	0.2765494984005251			
GO_CENTRAL_NERVOUS_SYSTEM_NEURON_DIFFERENTIATION	0.2765177254981768			
GO_NEGATIVE_REGULATION_OF_SIGNAL_TRANSDUCTION_IN_ABSENCE_OF_LIGAND	0.27650881142773004			
YANAGISAWA_LUNG_CANCER_RECURRENCE	0.27648806564899364			
REACTOME_INTERLEUKIN_10_SIGNALING	0.2764629435975687			
GO_REGULATION_OF_ANIMAL_ORGAN_FORMATION	0.27644904138956344			
GO_GLANDULAR_EPITHELIAL_CELL_DIFFERENTIATION	0.27643892529712544			
GO_ORGAN_GROWTH	0.27643040405938274			
MIR623	0.276425421914547			
GO_OXIDOREDUCTASE_ACTIVITY_ACTING_ON_PAIRED_DONORS_WITH_INCORPORATION_OR_REDUCTION_OF_MOLECULAR_OXYGEN_REDUCED_PTERIDINE_AS_ONE_DONOR_AND_INCORPORATION_OF_ONE_ATOM_OF_OXYGEN	0.2764186048043431			
GO_GLUTAMATE_SECRETION	0.2764103379096714			
GSE2197_CPG_DNA_VS_UNTREATED_IN_DC_UP	0.2764041522790837			
ZNF418_TARGET_GENES	0.27640321344536767			
GSE24634_NAIVE_CD4_TCELL_VS_DAY10_IL4_CONV_TREG_UP	0.27636466539076715			
GSE360_DC_VS_MAC_L_DONOVANI_UP	0.276354043895656			
GO_CYTOSKELETAL_ANCHORING_AT_PLASMA_MEMBRANE	0.27635207230218406			
GO_REACTIVE_NITROGEN_SPECIES_METABOLIC_PROCESS	0.2763388842355118			
PID_HIF2PATHWAY	0.27632589999474616			
GO_ARYLESTERASE_ACTIVITY	0.2762856401579121			
GSE360_L_DONOVANI_VS_B_MALAYI_LOW_DOSE_MAC_UP	0.2762805682830425			
GO_NEGATIVE_REGULATION_OF_RESPONSE_TO_OXIDATIVE_STRESS	0.2762705722412118			
MIR5582_5P	0.2762415510176794			
MIR510_3P	0.27623981823054916			
FOXD3_TARGET_GENES	0.2762326174909099			
BIOCARTA_TGFB_PATHWAY	0.27622310011227785			
BIOCARTA_ERK_PATHWAY	0.27620783537111016			
GSE11057_NAIVE_VS_EFF_MEMORY_CD4_TCELL_DN	0.2761718728426706			
GGTGTGT_MIR329	0.2761538808818705			
GSE29618_PRE_VS_DAY7_POST_LAIV_FLU_VACCINE_MDC_UP	0.27611348928346724			
MIR636	0.2760940399344093			
IPA_NR1I2_UP	0.27605953946061257			
GSE21360_TERTIARY_VS_QUATERNARY_MEMORY_CD8_TCELL_DN	0.2760581732093053			
GO_FUNGIFORM_PAPILLA_MORPHOGENESIS	0.2760580094111098			
DBP_TARGET_GENES	0.2760531806497693			
GO_BRONCHUS_DEVELOPMENT	0.27604915160532684			
GO_RESPONSE_TO_INCREASED_OXYGEN_LEVELS	0.27604856494350527			
GO_MOTILE_CILIUM	0.276047282501579			
GO_STRIATED_MUSCLE_ADAPTATION	0.2760344288536975			
GO_ELECTRON_TRANSFER_ACTIVITY	0.27601954292293934			
LIU_CDX2_TARGETS_UP	0.27601676650535417			
GO_WNT_SIGNALING_PATHWAY_INVOLVED_IN_HEART_DEVELOPMENT	0.27601335778910707			
BDP1_TARGET_GENES	0.2760081725546987			
MATZUK_PREOVULATORY_FOLLICLE	0.2759893561810706			
MIR34C_3P	0.2759866035097776			
GSE3720_UNSTIM_VS_LPS_STIM_VD1_GAMMADELTA_TCELL_DN	0.2759583118228921			
GO_REGULATION_OF_NITRIC_OXIDE_MEDIATED_SIGNAL_TRANSDUCTION	0.275950158568232			
GSE6259_FLT3L_INDUCED_33D1_POS_DC_VS_CD8_TCELL_DN	0.27594326358341215			
GSE16385_UNTREATED_VS_12H_ROSIGLITAZONE_TREATED_MACROPHAGE_DN	0.27591951189105385			
GSE2585_CTEC_VS_THYMIC_DC_UP	0.2759055291685042			
GO_HINDBRAIN_DEVELOPMENT	0.2758919528547751			
GO_FATTY_ACID_METABOLIC_PROCESS	0.27588904990422236			
TSHZ1_TARGET_GENES	0.2758805870665314			
GSE21927_HEALTHY_VS_TUMOROUS_BALBC_MOUSE_MONOCYTE_DN	0.27583698422785474			
IPA_PPARD_DN	0.2758252334739041			
KYNG_ENVIRONMENTAL_STRESS_RESPONSE_NOT_BY_4NQO_IN_WS	0.27582202521721433			
GO_VITAMIN_B6_BINDING	0.2758018065744941			
GSE33513_TCF7_KO_VS_HET_EARLY_THYMIC_PROGENITOR_UP	0.27579948462542797			
GO_CIRCADIAN_REGULATION_OF_GENE_EXPRESSION	0.2757940981324996			
GSE17721_PAM3CSK4_VS_CPG_1H_BMDC_DN	0.2757728315201159			
GO_PHOSPHATIDYLINOSITOL_4_PHOSPHATE_BINDING	0.2757578291891678			
MIR6758_3P	0.27574535354197444			
ER_Q6_01	0.275740547403246			
GSE25088_WT_VS_STAT6_KO_MACROPHAGE_ROSIGLITAZONE_AND_IL4_STIM_DN	0.27570801510938786			
MIR4328	0.2756943240276344			
ELF5_TARGET_GENES	0.27567818407631195			
GO_NEGATIVE_REGULATION_OF_MONONUCLEAR_CELL_MIGRATION	0.2756781452595828			
REACTOME_NUCLEAR_SIGNALING_BY_ERBB4	0.27567626976891924			
GO_NECROTIC_CELL_DEATH	0.2756674796924398			
GSE2770_IL12_AND_TGFB_ACT_VS_ACT_CD4_TCELL_2H_UP	0.27566335467883635			
GO_POSITIVE_REGULATION_OF_SMOOTH_MUSCLE_CONTRACTION	0.2756603808049021			
MIR6529_5P	0.2756588887811783			
IPA_STAT4_UP	0.2756586531524772			
GO_LAYER_FORMATION_IN_CEREBRAL_CORTEX	0.27565301220593436			
IPA_CHD4_DN	0.27562379857942937			
MIR140_5P	0.2756121762655914			
NIKOLSKY_BREAST_CANCER_20Q12_Q13_AMPLICON	0.2756091389652453			
IWANAGA_CARCINOGENESIS_BY_KRAS_PTEN_UP	0.275597601650607			
GSE5542_IFNG_VS_IFNA_TREATED_EPITHELIAL_CELLS_6H_DN	0.2755966338165152			
IPA_JUNB_UP	0.275576551318104			
MT	0.2755764100932067			
GO_CELL_CELL_ADHESION	0.2755642568739234			
REACTOME_METABOLISM_OF_NITRIC_OXIDE_ENOS_ACTIVATION_AND_REGULATION	0.27551332360018604			
SHEPARD_CRUSH_AND_BURN_MUTANT_UP	0.2755072608523962			
GO_REGULATION_OF_CELL_DIFFERENTIATION	0.2755012451010933			
GO_NEGATIVE_REGULATION_OF_ENDOTHELIAL_CELL_DIFFERENTIATION	0.27549932420227763			
GSE17322_CD103_POS_VS_CD11B_HIGH_LUNG_DC_UP	0.2754907500867418			
GO_GLYCOSYLCERAMIDE_METABOLIC_PROCESS	0.27545512495092467			
GO_CHEMOREPELLENT_ACTIVITY	0.2754490421347524			
GO_POSITIVE_REGULATION_OF_EPIDERMAL_CELL_DIFFERENTIATION	0.2754426825106018			
GSE3982_DC_VS_NEUTROPHIL_UP	0.2754405546867952			
GO_POSITIVE_REGULATION_OF_AUTOPHAGOSOME_ASSEMBLY	0.275435452792446			
LE_SKI_TARGETS_DN	0.2754090787908344			
LIU_VMYB_TARGETS_UP	0.27540017750591017			
GO_NEGATIVE_REGULATION_OF_CHEMOTAXIS	0.27539242882277704			
MILICIC_FAMILIAL_ADENOMATOUS_POLYPOSIS_UP	0.27538547482605363			
GO_RESPONSE_TO_PEPTIDE	0.2753821934282634			
GSE17721_0.5H_VS_24H_PAM3CSK4_BMDC_DN	0.27536559914493025			
GO_CELLULAR_MODIFIED_AMINO_ACID_METABOLIC_PROCESS	0.2753652523708283			
GO_NEGATIVE_REGULATION_OF_SODIUM_ION_TRANSPORT	0.2753466387078441			
GO_FACIAL_NERVE_STRUCTURAL_ORGANIZATION	0.27534531023953557			
MIR374A_5P	0.27534257853550753			
LYF1_01	0.27534141075005014			
GO_GALACTOSE_METABOLIC_PROCESS	0.275319164230189			
GSE3920_UNTREATED_VS_IFNA_TREATED_ENDOTHELIAL_CELL_UP	0.27529487264913977			
GO_MAMMARY_GLAND_INVOLUTION	0.2752710082902463			
GO_HETEROTYPIC_CELL_CELL_ADHESION	0.2752597315012495			
IPA_JUP_UP	0.27525180564455376			
GSE43863_TFH_VS_LY6C_INT_CXCR5POS_EFFECTOR_CD4_TCELL_DN	0.275207164814457			
GO_GLIAL_CELL_APOPTOTIC_PROCESS	0.2751948454856617			
GO_CELL_MIGRATION_IN_HINDBRAIN	0.2751921003433703			
MIR3908	0.27518712852194316			
GO_NEGATIVE_REGULATION_OF_ACTIN_FILAMENT_DEPOLYMERIZATION	0.27518641192927196			
GO_PEPTIDE_HORMONE_PROCESSING	0.2751854861950655			
ZNF205_TARGET_GENES	0.27514182778735724			
GABRIELY_MIR21_TARGETS	0.2751342872470294			
GSE1460_DP_THYMOCYTE_VS_NAIVE_CD4_TCELL_CORD_BLOOD_DN	0.2751224245581413			
FORTSCHEGGER_PHF8_TARGETS_UP	0.27511996870895816			
GO_CERAMIDE_TRANSPORT	0.27511613004728197			
GO_RETROGRADE_AXONAL_TRANSPORT	0.27511420626265304			
GO_PLATELET_ALPHA_GRANULE_MEMBRANE	0.27511182300083953			
GO_SEMI_LUNAR_VALVE_DEVELOPMENT	0.2751024914123511			
GSE9960_GRAM_POS_VS_GRAM_NEG_AND_POS_SEPSIS_PBMC_DN	0.27509737373270093			
IPA_CREB3L2_UP	0.27507108102530264			
GO_RESPONSE_TO_ABIOTIC_STIMULUS	0.27506660646109254			
GO_POSITIVE_REGULATION_OF_TRANSMEMBRANE_RECEPTOR_PROTEIN_SERINE_THREONINE_KINASE_SIGNALING_PATHWAY	0.2750627160156372			
GO_PROTEIN_KINASE_C_SIGNALING	0.275060075538769			
REACTOME_NOTCH2_ACTIVATION_AND_TRANSMISSION_OF_SIGNAL_TO_THE_NUCLEUS	0.27504945448997364			
REACTOME_HYALURONAN_UPTAKE_AND_DEGRADATION	0.2750074115070085			
HOEGERKORP_CD44_TARGETS_DIRECT_UP	0.27499839145953114			
GO_SULFUR_AMINO_ACID_TRANSPORT	0.27499818876651594			
GO_POSITIVE_REGULATION_OF_PYRUVATE_DEHYDROGENASE_ACTIVITY	0.2749952697095444			
GO_PYRUVATE_DEHYDROGENASE_LIPOAMIDE_PHOSPHATASE_ACTIVITY	0.2749952697095444			
P53_02	0.2749707372934883			
GSE21546_ELK1_KO_VS_SAP1A_KO_AND_ELK1_KO_ANTI_CD3_STIM_DP_THYMOCYTES_DN	0.2749701382240443			
GO_NEGATIVE_REGULATION_OF_EXTRACELLULAR_MATRIX_DISASSEMBLY	0.2749647790659093			
GO_MICROTUBULE_NUCLEATION	0.274957838621375			
GO_REGULATION_OF_VESICLE_MEDIATED_TRANSPORT	0.27495646207151897			
GO_REGULATION_OF_EXTRACELLULAR_MATRIX_ASSEMBLY	0.2749529974466686			
DER_IFN_BETA_RESPONSE_UP	0.27495125335459036			
MIR3678_5P	0.27494791617115927			
REACTOME_GASTRIN_CREB_SIGNALLING_PATHWAY_VIA_PKC_AND_MAPK	0.2749415434480717			
GO_REGULATION_OF_CORE_PROMOTER_BINDING	0.27493087428083296			
GO_BILE_ACID_SECRETION	0.2749282739805948			
OSWALD_HEMATOPOIETIC_STEM_CELL_IN_COLLAGEN_GEL_UP	0.2749266125520557			
ZID_01	0.27491760897326095			
GO_DOLICHYL_PHOSPHATE_MANNOSE_PROTEIN_MANNOSYLTRANSFERASE_ACTIVITY	0.27491251213994056			
GO_PLASMA_MEMBRANE_BOUNDED_CELL_PROJECTION_CYTOPLASM	0.2748981062367066			
GO_PRESYNAPTIC_ENDOCYTIC_ZONE	0.2748913772478635			
GO_NON_CANONICAL_WNT_SIGNALING_PATHWAY	0.274869917416345			
WU_HBX_TARGETS_2_DN	0.2748650795349647			
GO_CEREBELLAR_PURKINJE_CELL_LAYER_DEVELOPMENT	0.27483972009892965			
IPA_FGF3_UP	0.2748363747711087			
GSE46242_CTRL_VS_EGR2_DELETED_ANERGIC_TH1_CD4_TCELL_UP	0.27480640632693043			
DE_YY1_TARGETS_UP	0.2747906321228962			
GSE21360_TERTIARY_VS_QUATERNARY_MEMORY_CD8_TCELL_UP	0.2747870367168185			
VANHARANTA_UTERINE_FIBROID_UP	0.27478499070831836			
REACTOME_SIGNALING_BY_NOTCH	0.2747752094006757			
BMI1_DN.V1_DN	0.2747751774741255			
GO_REGULATION_OF_SMOOTH_MUSCLE_CONTRACTION	0.2747731077500731			
NUTT_GBM_VS_AO_GLIOMA_UP	0.27477054426131514			
GO_TRIGEMINAL_NERVE_MORPHOGENESIS	0.27474646554862925			
GO_STRESS_GRANULE_ASSEMBLY	0.2747368597856772			
GO_POSITIVE_REGULATION_OF_PROTEIN_METABOLIC_PROCESS	0.27472653438320005			
GO_NEGATIVE_REGULATION_OF_HYDROGEN_PEROXIDE_MEDIATED_PROGRAMMED_CELL_DEATH	0.27466748616160974			
REACTOME_NOSTRIN_MEDIATED_ENOS_TRAFFICKING	0.2746472738975903			
GENTILE_UV_RESPONSE_CLUSTER_D6	0.2746356958510261			
REACTOME_RHO_GTPASES_ACTIVATE_KTN1	0.27461717436991046			
GO_MATERNAL_PROCESS_INVOLVED_IN_PARTURITION	0.2745975699993504			
GSE6259_33D1_POS_VS_DEC205_POS_FLT3L_INDUCED_SPLENIC_DC_UP	0.27457441501918883			
GO_POSITIVE_REGULATION_OF_MICROTUBULE_MOTOR_ACTIVITY	0.27457190195925507			
GO_DORSAL_VENTRAL_AXIS_SPECIFICATION	0.27456710456089467			
REACTOME_STIMULI_SENSING_CHANNELS	0.27456122333249816			
IKEDA_MIR133_TARGETS_UP	0.2745283947111057			
GSE15659_NAIVE_CD4_TCELL_VS_ACTIVATED_TREG_DN	0.27450461466402293			
GSE29614_CTRL_VS_DAY7_TIV_FLU_VACCINE_PBMC_UP	0.2744954857311472			
IPA_TEAD2_DN	0.2744901695127228			
GO_POSITIVE_REGULATION_OF_HYDROGEN_PEROXIDE_INDUCED_CELL_DEATH	0.27448678315863767			
GSE24102_GRANULOCYSTIC_MDSC_VS_NEUTROPHIL_DN	0.2744786038709311			
GSE31082_DP_VS_CD4_SP_THYMOCYTE_DN	0.274473755196083			
MAFG_TARGET_GENES	0.2744687876084233			
GSE25087_TREG_VS_TCONV_FETUS_UP	0.27446865556216793			
GSE29949_DC_BRAIN_VS_MONOCYTE_BONE_MARROW_DN	0.27446694489527756			
GSE12845_IGD_NEG_BLOOD_VS_PRE_GC_TONSIL_BCELL_UP	0.2744495394174266			
MIR509_3P	0.2744458928429983			
GO_FIBROBLAST_GROWTH_FACTOR_RECEPTOR_BINDING	0.2744262142353283			
MIR5197_5P	0.27442509009735566			
GSE25123_CTRL_VS_IL4_AND_ROSIGLITAZONE_STIM_PPARG_KO_MACROPHAGE_UP	0.2744246068177194			
GO_NEGATIVE_REGULATION_OF_BLOOD_VESSEL_ENDOTHELIAL_CELL_MIGRATION	0.2744130773283242			
MIR4520_2_3P	0.2743836875107434			
MIR421	0.2743774868888591			
MCMURRAY_TP53_HRAS_COOPERATION_RESPONSE_UP	0.2743555139081134			
GSE14769_UNSTIM_VS_40MIN_LPS_BMDM_UP	0.2743531583162386			
GSE7460_CTRL_VS_TGFB_TREATED_ACT_FOXP3_MUT_TCONV_UP	0.2743395189633323			
GSE13522_WT_VS_IFNAR_KO_SKIN_DN	0.27433850325030523			
GO_MAINTENANCE_OF_PRESYNAPTIC_ACTIVE_ZONE_STRUCTURE	0.27432519854104903			
MAZR_01	0.27431905940109524			
GO_POSITIVE_REGULATION_OF_MICROTUBULE_BINDING	0.27431896694658936			
XU_GH1_AUTOCRINE_TARGETS_UP	0.27431127587523463			
GO_FOAM_CELL_DIFFERENTIATION	0.2742925073210758			
GO_DYNEIN_COMPLEX	0.2742756634598196			
IPA_BCL3_DN	0.27426388879371366			
GO_NEGATIVE_REGULATION_OF_ERK1_AND_ERK2_CASCADE	0.27425826455363134			
LIU_VAV3_PROSTATE_CARCINOGENESIS_UP	0.27425607620061543			
GSE24142_ADULT_VS_FETAL_EARLY_THYMIC_PROGENITOR_UP	0.27425576022009335			
GO_PROTEIN_PHOSPHATASE_BINDING	0.27424893313451176			
GO_NEGATIVE_REGULATION_OF_SMAD_PROTEIN_SIGNAL_TRANSDUCTION	0.2742455736524743			
GSE2585_CD80_HIGH_VS_LOW_MTEC_DN	0.2742322733140042			
IPA_TERF1_UP	0.2742315697702684			
IPA_SMARCD2_UP	0.2742315697702684			
IPA_LDB2_UP	0.2742315697702684			
IPA_SIN3B_UP	0.2742315697702684			
IPA_ARID1A_UP	0.2742315697702684			
IPA_FOXH1_UP	0.2742315697702684			
IPA_ZFP36L1_UP	0.2742315697702684			
KEGG_COMPLEMENT_AND_COAGULATION_CASCADES	0.2742219312449596			
KARLSSON_TGFB1_TARGETS_UP	0.27421020890343606			
GALLUZZI_PERMEABILIZE_MITOCHONDRIA	0.2741477010774386			
NAGASHIMA_NRG1_SIGNALING_DN	0.27414562571970574			
GO_REGULATION_OF_SKELETAL_MUSCLE_CELL_DIFFERENTIATION	0.2741315934299976			
ZNF549_TARGET_GENES	0.2741246351369433			
GO_MEMBRANE_FUSION	0.27411235506140424			
GSE17721_POLYIC_VS_GARDIQUIMOD_4H_BMDC_DN	0.2741086574351562			
GSE37301_MULTIPOTENT_PROGENITOR_VS_GRAN_MONO_PROGENITOR_DN	0.27410626087936985			
GSE26343_UNSTIM_VS_LPS_STIM_NFAT5_KO_MACROPHAGE_UP	0.2740921960842401			
MIR6740_3P	0.27407450487768403			
GO_REGULATION_OF_RECEPTOR_MEDIATED_ENDOCYTOSIS_INVOLVED_IN_CHOLESTEROL_TRANSPORT	0.27407176294879576			
GO_REGULATION_OF_RNA_BINDING	0.2740694504528011			
GREENBAUM_E2A_TARGETS_UP	0.2740635102762469			
TTTGCAC_MIR19A_MIR19B	0.2740380423850877			
GSE7219_WT_VS_NIK_NFKB2_KO_DC_UP	0.274003757353689			
CUX1_TARGET_GENES	0.27398249522693596			
AACTGAC_MIR223	0.2739703920860708			
GO_CXCR_CHEMOKINE_RECEPTOR_BINDING	0.27396893265816186			
GO_PROGRAMMED_NECROTIC_CELL_DEATH	0.2739679135169846			
GSE36888_UNTREATED_VS_IL2_TREATED_TCELL_2H_DN	0.2739667845817736			
GTACTGT_MIR101	0.27395963750996893			
REACTOME_SIGNALING_BY_NTRK3_TRKC	0.2739569242052114			
MATZUK_IMPLANTATION_AND_UTERINE	0.27395009531198733			
GSE9946_MATURE_STIMULATORY_VS_LISTERIA_INF_MATURE_DC_UP	0.27394826333447714			
GSE12198_NK_VS_NK_ACT_EXPANSION_SYSTEM_DERIVED_NK_CELL_UP	0.27394685807468805			
REACTOME_TOLL_LIKE_RECEPTOR_10_TLR10_CASCADE	0.2739291410626197			
MIR4472	0.2739035302016908			
GO_POSITIVE_REGULATION_OF_ATP_METABOLIC_PROCESS	0.2738835098838418			
GSE17186_NAIVE_VS_CD21HIGH_TRANSITIONAL_BCELL_DN	0.27387083420802055			
GO_CERAMIDE_METABOLIC_PROCESS	0.273866883436997			
MIR4787_5P	0.27385973735477465			
chr20q13	0.27385907318185515			
GO_CARDIAC_NEURAL_CREST_CELL_MIGRATION_INVOLVED_IN_OUTFLOW_TRACT_MORPHOGENESIS	0.27383895645768547			
GO_MICROTUBULE_POLYMERIZATION	0.27383874486361914			
REACTOME_NEGATIVE_REGULATION_OF_ACTIVITY_OF_TFAP2_AP_2_FAMILY_TRANSCRIPTION_FACTORS	0.27383475663202655			
MIR8089	0.2738279619403275			
GO_REPLACEMENT_OSSIFICATION	0.27382629714633533			
GO_REGULATION_BY_VIRUS_OF_VIRAL_PROTEIN_LEVELS_IN_HOST_CELL	0.27381688349191763			
GSE29618_LAIV_VS_TIV_FLU_VACCINE_DAY7_MONOCYTE_DN	0.27381608967572335			
MIR4427	0.2738132575310956			
GO_REGULATION_OF_ENDOPLASMIC_RETICULUM_TUBULAR_NETWORK_ORGANIZATION	0.2738119167565132			
GO_EMBRYONIC_CAMERA_TYPE_EYE_FORMATION	0.2738028078842672			
AAANWWTGC_UNKNOWN	0.2737846127569226			
DER_IFN_GAMMA_RESPONSE_UP	0.27376585613681303			
GO_CUL7_RING_UBIQUITIN_LIGASE_COMPLEX	0.27374763860901036			
GSE5589_IL6_KO_VS_IL10_KO_LPS_AND_IL10_STIM_MACROPHAGE_45MIN_UP	0.27374608170670384			
GSE17974_IL4_AND_ANTI_IL12_VS_UNTREATED_72H_ACT_CD4_TCELL_UP	0.27373779065570125			
DEN_INTERACT_WITH_LCA5	0.2737315878653032			
MIR494_3P	0.2737159724051337			
MIR6802_3P	0.2737026678028677			
GO_NEGATIVE_REGULATION_OF_LONG_TERM_SYNAPTIC_POTENTIATION	0.2736904467460993			
GO_REGULATION_OF_ASTROCYTE_DIFFERENTIATION	0.2736780901145622			
GSE35543_IN_VIVO_NTREG_VS_CONVERTED_EX_ITREG_DN	0.27367201344151443			
FAELT_B_CLL_WITH_VH_REARRANGEMENTS_DN	0.2736590830841543			
SANSOM_WNT_PATHWAY_REQUIRE_MYC	0.2736523645183152			
NIKOLSKY_BREAST_CANCER_20Q11_AMPLICON	0.27365187504429356			
PXR_Q2	0.2736223083488729			
GO_FATTY_ACID_ELONGATION	0.27358917678233513			
GO_LYMPH_VESSEL_MORPHOGENESIS	0.2735877104487631			
YAGI_AML_WITH_INV_16_TRANSLOCATION	0.2735715717360027			
GO_CELLULAR_RESPONSE_TO_TOXIC_SUBSTANCE	0.2735647431727703			
GO_RECEPTOR_REGULATOR_ACTIVITY	0.2735576850833582			
SASAI_TARGETS_OF_CXCR6_AND_PTCH1_DN	0.27355387945924076			
GO_ANCHORED_COMPONENT_OF_MEMBRANE	0.2735512969005805			
SHIRAISHI_PLZF_TARGETS_DN	0.27354881617353766			
SCHLESINGER_METHYLATED_DE_NOVO_IN_CANCER	0.27354211419968366			
GSE37534_UNTREATED_VS_PIOGLITAZONE_TREATED_CD4_TCELL_PPARG1_AND_FOXP3_TRASDUCED_DN	0.2735418294700011			
GO_CONNEXIN_BINDING	0.2735294024802365			
GSE24972_MARGINAL_ZONE_BCELL_VS_FOLLICULAR_BCELL_UP	0.2735151225363236			
GSE18281_PERIMEDULLARY_CORTICAL_REGION_VS_WHOLE_MEDULLA_THYMUS_UP	0.2735119849327109			
GO_BBSOME	0.2734889083562377			
GO_NEGATIVE_REGULATION_OF_NEURON_DEATH	0.2734460644273043			
SIG_CD40PATHWAYMAP	0.273442288856067			
GO_MICROTUBULE	0.2734416662401602			
YAGUE_PRETUMOR_DRUG_RESISTANCE_UP	0.27343053740359047			
IPA_MAPK8IP1_UP	0.27342459117850976			
MIR4496	0.2734232325236762			
IZADPANAH_STEM_CELL_ADIPOSE_VS_BONE_UP	0.2733975049944395			
IPA_NEUROD6_DN	0.27339263655455226			
SEMBA_FHIT_TARGETS_UP	0.2733721390232523			
VALK_AML_WITH_CEBPA	0.2733593729814511			
GO_POSITIVE_REGULATION_OF_INTRINSIC_APOPTOTIC_SIGNALING_PATHWAY	0.2733461523510899			
MIR8054	0.27334476054789664			
GO_RESPONSE_TO_CADMIUM_ION	0.27333640021428335			
SMIRNOV_RESPONSE_TO_IR_2HR_UP	0.2733199365377668			
MYCMAX_B	0.27328701833438684			
GSE37605_NOD_VS_C57BL6_IRES_GFP_TREG_UP	0.2732520601293761			
GO_REGULATION_OF_PROTEIN_CATABOLIC_PROCESS_IN_THE_VACUOLE	0.27325055982677926			
GO_MONOOXYGENASE_ACTIVITY	0.2732458306377849			
GO_FLAVIN_ADENINE_DINUCLEOTIDE_BINDING	0.2732444843434189			
MIR642A_3P_MIR642B_3P	0.2732421878113966			
REACTOME_NRCAM_INTERACTIONS	0.27323409001706084			
GO_PRESYNAPTIC_ENDOCYTIC_ZONE_MEMBRANE	0.2732332498014025			
GO_PYRUVATE_BIOSYNTHETIC_PROCESS	0.2732281418173292			
GO_URETERIC_BUD_ELONGATION	0.2732141099363974			
GO_MUSCLE_CELL_CELLULAR_HOMEOSTASIS	0.2732017089640041			
GO_RESPONSE_TO_INTERLEUKIN_18	0.27318894086540363			
BEIER_GLIOMA_STEM_CELL_DN	0.2731607427866355			
CARD_MIR302A_TARGETS	0.27313703937344935			
GO_RETINAL_DEHYDROGENASE_ACTIVITY	0.27311588115926133			
MIR449B_3P	0.273108684712814			
MIR5093	0.27309682457894546			
GO_GLUCOSYLTRANSFERASE_ACTIVITY	0.2730946197653766			
MIKKELSEN_NPC_HCP_WITH_H3K4ME3_AND_H3K27ME3	0.27309246469703463			
BIOCARTA_FXR_PATHWAY	0.273087487595055			
GSE9988_LPS_VS_LOW_LPS_MONOCYTE_DN	0.2730870010881374			
GSE15930_NAIVE_VS_48H_IN_VITRO_STIM_IFNAB_CD8_TCELL_UP	0.27304118912099845			
GO_HORMONE_BINDING	0.27303164725280205			
GSE2706_R848_VS_R848_AND_LPS_2H_STIM_DC_DN	0.27303111538455366			
GO_LONG_TERM_SYNAPTIC_POTENTIATION	0.273029278341349			
SRF_Q6	0.2730189061921864			
GO_POSITIVE_REGULATION_OF_DEFENSE_RESPONSE_TO_BACTERIUM	0.27300934455832715			
GSE360_HIGH_DOSE_B_MALAYI_VS_M_TUBERCULOSIS_MAC_DN	0.27297041236292596			
RFX1_02	0.27296626512710725			
IPA_TBP_UP	0.27295670400795813			
HONMA_DOCETAXEL_RESISTANCE	0.272936670872683			
GO_ESTABLISHMENT_OF_MEIOTIC_SPINDLE_LOCALIZATION	0.2729140348016021			
GO_LYSOPHOSPHOLIPASE_ACTIVITY	0.2729085043605167			
GO_RETINA_VASCULATURE_DEVELOPMENT_IN_CAMERA_TYPE_EYE	0.27290592797908			
GO_PRIMARY_ALCOHOL_METABOLIC_PROCESS	0.27290343842638204			
GO_REGULATION_OF_T_HELPER_2_CELL_DIFFERENTIATION	0.27290114678450045			
GO_DIGESTIVE_TRACT_MORPHOGENESIS	0.2728715945485598			
GO_POSTSYNAPSE_ORGANIZATION	0.27287127027950964			
GSE36476_CTRL_VS_TSST_ACT_16H_MEMORY_CD4_TCELL_OLD_DN	0.2728453867191658			
GO_REGULATION_OF_MODIFICATION_OF_POSTSYNAPTIC_ACTIN_CYTOSKELETON	0.27281535740511037			
IPA_TFAP2A_DN	0.27280710277850684			
IPA_SUZ12_DN	0.27280488004722325			
GO_ATPASE_BINDING	0.2727948376402022			
GSE29949_MICROGLIA_BRAIN_VS_CD8_POS_DC_SPLEEN_DN	0.2727823807690967			
GSE43955_1H_VS_60H_ACT_CD4_TCELL_DN	0.27278066108007365			
MIR641	0.27277289382640146			
GSE6674_UNSTIM_VS_CPG_STIM_BCELL_DN	0.27274884841037694			
DAVICIONI_MOLECULAR_ARMS_VS_ERMS_UP	0.2727353373091094			
REACTOME_PEROXISOMAL_LIPID_METABOLISM	0.2727211915982498			
GO_REGULATION_OF_SYSTEMIC_ARTERIAL_BLOOD_PRESSURE_BY_CIRCULATORY_RENIN_ANGIOTENSIN	0.2727174246103068			
GSE36009_WT_VS_NLRP10_KO_DC_LPS_STIM_UP	0.2727174063696585			
GO_GROWTH_PLATE_CARTILAGE_CHONDROCYTE_DIFFERENTIATION	0.27271131295602935			
YTATTTTNR_MEF2_02	0.27270500712998214			
GINESTIER_BREAST_CANCER_ZNF217_AMPLIFIED_UP	0.27270002531238563			
LMX1B_TARGET_GENES	0.27269541491938903			
REACTOME_TAK1_ACTIVATES_NFKB_BY_PHOSPHORYLATION_AND_ACTIVATION_OF_IKKS_COMPLEX	0.272693288580439			
GO_RESPONSE_TO_TUMOR_NECROSIS_FACTOR	0.2726848524989269			
GSE9988_LPS_VS_VEHICLE_TREATED_MONOCYTE_UP	0.2726531748036492			
GO_THROMBOPOIETIN_MEDIATED_SIGNALING_PATHWAY	0.2726293141219428			
FXR1_TARGET_GENES	0.27262713098871494			
GSE4142_NAIVE_VS_MEMORY_BCELL_UP	0.2726238109009166			
GSE35825_IFNA_VS_IFNG_STIM_MACROPHAGE_UP	0.272592907237472			
REACTOME_RESPONSE_TO_ELEVATED_PLATELET_CYTOSOLIC_CA2	0.272577837074843			
GO_ENDOPLASMIC_RETICULUM_PLASMA_MEMBRANE_TETHERING	0.2725660703307121			
GSE36078_WT_VS_IL1R_KO_LUNG_DC_AFTER_AD5_INF_UP	0.27256226654740795			
GSE2128_CTRL_VS_MIMETOPE_NEGATIVE_SELECTION_DP_THYMOCYTE_C57BL6_UP	0.27255888796886224			
MIR12130	0.2725561023936648			
GO_PHOSPHATIDYLINOSITOL_3_PHOSPHATE_BINDING	0.2725386442405662			
MIR4671_3P	0.27253540818411065			
GSE41176_WT_VS_TAK1_KO_ANTI_IGM_STIM_BCELL_6H_UP	0.2725244400816202			
MIR488_5P	0.2725190923021806			
GSE7852_LN_VS_THYMUS_TCONV_UP	0.2725173712399028			
REACTOME_TRANSPORT_OF_BILE_SALTS_AND_ORGANIC_ACIDS_METAL_IONS_AND_AMINE_COMPOUNDS	0.27250471113923713			
ZSCAN26_TARGET_GENES	0.27248525269364227			
GSE3982_EOSINOPHIL_VS_BCELL_UP	0.2724850761681526			
GO_MIDDLE_EAR_MORPHOGENESIS	0.27246213305803785			
GO_SPECIFICATION_OF_ANIMAL_ORGAN_IDENTITY	0.2724615403280919			
REACTOME_THE_RETINOID_CYCLE_IN_CONES_DAYLIGHT_VISION	0.27245894595230136			
GO_ATF6_MEDIATED_UNFOLDED_PROTEIN_RESPONSE	0.27245041513474016			
GO_VESICLE_MEMBRANE	0.27243925993597673			
GO_POSITIVE_REGULATION_OF_HEXOKINASE_ACTIVITY	0.27243861137406705			
MIR539_5P	0.27243234407239236			
GSE8921_UNSTIM_VS_TLR1_2_STIM_MONOCYTE_12H_DN	0.27243153006601817			
GO_ENDOLYSOSOME	0.2724288426274297			
GO_STEROL_HOMEOSTASIS	0.27241785366525			
BURTON_ADIPOGENESIS_4	0.27241658658927775			
GO_POSITIVE_REGULATION_OF_DNA_TEMPLATED_TRANSCRIPTION_INITIATION	0.2724132880960199			
RODRIGUES_DCC_TARGETS_UP	0.27239874678958254			
GO_RETINAL_GANGLION_CELL_AXON_GUIDANCE	0.272387002959671			
GO_NEGATIVE_REGULATION_OF_METANEPHROS_DEVELOPMENT	0.27238375827013933			
GO_VENTRICULAR_SEPTUM_DEVELOPMENT	0.27235795376754296			
GO_NUCLEOSIDE_DIPHOSPHATE_CATABOLIC_PROCESS	0.2723441423528464			
MIR3649	0.27233157665298074			
GO_REGULATION_OF_HISTONE_H3_K9_TRIMETHYLATION	0.2723160471119831			
GO_PEPTIDE_MODIFICATION	0.27231157333617556			
MARIADASON_REGULATED_BY_HISTONE_ACETYLATION_UP	0.2722927843509452			
GSE29615_CTRL_VS_LAIV_FLU_VACCINE_PBMC_UP	0.2722864581441787			
GO_HEPARIN_BINDING	0.2722793362336384			
ZHANG_PROLIFERATING_VS_QUIESCENT	0.2722647731056357			
GO_NEGATIVE_REGULATION_OF_CYSTEINE_TYPE_ENDOPEPTIDASE_ACTIVITY	0.2722595857121198			
ZHENG_IL22_SIGNALING_UP	0.2722350480642856			
MIR5590_3P	0.27222653247424744			
IPA_IGFBP1_UP	0.27222647780708314			
HNRNPUL1_TARGET_GENES	0.2722239456462505			
GO_SEQUESTERING_OF_METAL_ION	0.27221991195336465			
GO_EXCITATORY_SYNAPSE	0.27221294284851116			
GO_LIPOPHAGY	0.27221180170774456			
GO_INTRINSIC_COMPONENT_OF_PRESYNAPTIC_MEMBRANE	0.27220657284562716			
BIOCARTA_HIF_PATHWAY	0.2722047961791251			
GSE26488_WT_VS_HDAC7_DELTAP_TG_OT2_THYMOCYTE_WITH_PEPTIDE_INJECTION_UP	0.2721970678671075			
GSE17721_LPS_VS_CPG_16H_BMDC_DN	0.27216718866081985			
NOTCH_DN.V1_DN	0.2721330659102614			
GSE17721_CTRL_VS_CPG_8H_BMDC_DN	0.27212407757086887			
GO_PROTEOGLYCAN_BIOSYNTHETIC_PROCESS	0.2721235063981286			
STEIN_ESTROGEN_RESPONSE_NOT_VIA_ESRRA	0.2721179077378455			
NRL_DN.V1_UP	0.27209925540705443			
GSE11057_NAIVE_VS_MEMORY_CD4_TCELL_DN	0.2720952052376975			
PAX3_01	0.2720679785669567			
POS_RESPONSE_TO_HISTAMINE_UP	0.2720573441408405			
MIZUKAMI_HYPOXIA_DN	0.2720536284792932			
GO_WNT_SIGNALING_PATHWAY_INVOLVED_IN_MIDBRAIN_DOPAMINERGIC_NEURON_DIFFERENTIATION	0.2720446515516855			
TATTATA_MIR374	0.27202923417082187			
GO_RESPONSE_TO_PEPTIDE_HORMONE	0.2720220330535843			
MARSHALL_VIRAL_INFECTION_RESPONSE_UP	0.2720192206520068			
GO_GAP_JUNCTION	0.27200248632888635			
REACTOME_INTRAFLAGELLAR_TRANSPORT	0.2719775454499753			
YANG_BCL3_TARGETS_UP	0.2719736099543941			
GSE17721_POLYIC_VS_PAM3CSK4_1H_BMDC_DN	0.27197181706331464			
GSE11864_CSF1_VS_CSF1_PAM3CYS_IN_MAC_DN	0.271967941102466			
GO_AUTONOMIC_NERVOUS_SYSTEM_DEVELOPMENT	0.2719665531687097			
GO_PROTEIN_N_LINKED_GLYCOSYLATION	0.27196459127553246			
GO_RESPONSE_TO_EXTRACELLULAR_STIMULUS	0.2719636244068783			
TBX3_TARGET_GENES	0.27195014268780265			
GO_MANNOSYLTRANSFERASE_ACTIVITY	0.2719458465647825			
MIR4716_3P	0.2719055899205417			
REACTOME_FOXO_MEDIATED_TRANSCRIPTION_OF_CELL_CYCLE_GENES	0.2718941171881689			
REACTOME_COPI_DEPENDENT_GOLGI_TO_ER_RETROGRADE_TRAFFIC	0.27189199400237785			
WANG_METASTASIS_OF_BREAST_CANCER_ESR1_DN	0.27188986808292465			
GO_DISTAL_AXON	0.27187757210063485			
MIR589_5P	0.2718661681869674			
IPA_TFAP2A_UP	0.27185147587468567			
GO_RECEPTOR_INTERNALIZATION	0.2718436684562729			
GO_PINOCYTOSIS	0.2718434356762055			
KANG_AR_TARGETS_DN	0.2718349588085265			
FARDIN_HYPOXIA_11	0.27181646974497053			
GO_NEURAL_PRECURSOR_CELL_PROLIFERATION	0.271797290899052			
HFH3_01	0.27179359775564244			
GSE17721_0.5H_VS_12H_POLYIC_BMDC_DN	0.27179124522361886			
GO_POSITIVE_REGULATION_OF_T_HELPER_1_TYPE_IMMUNE_RESPONSE	0.2717875534627038			
GO_ENDOPLASMIC_RETICULUM_LOCALIZATION	0.271786877858502			
GO_FATTY_ACID_DERIVATIVE_METABOLIC_PROCESS	0.2717857393470492			
GO_CARDIAC_MUSCLE_CELL_CARDIAC_MUSCLE_CELL_ADHESION	0.2717680156752771			
GSE9960_HEALTHY_VS_GRAM_POS_SEPSIS_PBMC_DN	0.2717633228840236			
GSE2706_UNSTIM_VS_2H_LPS_DC_DN	0.2717486572152758			
GO_DYNACTIN_BINDING	0.27173189335666287			
MIR654_3P	0.27172462645253725			
MIR202_3P	0.27168254945804454			
IPA_EP300_DN	0.27168133751048856			
GSE30971_2H_VS_4H_LPS_STIM_MACROPHAGE_WBP7_HET_DN	0.2716733879507624			
LET_7F_1_3P	0.27165691144594195			
GO_REGULATION_OF_ANGIOTENSIN_LEVELS_IN_BLOOD	0.2716455346376707			
IPA_MYOG_DN	0.2716431220400016			
GO_POSITIVE_CHEMOTAXIS	0.2716298819826825			
MIR3182	0.27161897558318915			
MIR5100	0.2716109829982183			
ID2_TARGET_GENES	0.2716049840489641			
LIU_IL13_PRIMING_MODEL	0.2716031550280983			
GSE37533_PPARG1_FOXP3_VS_FOXP3_TRANSDUCED_CD4_TCELL_PIOGLITAZONE_TREATED_UP	0.27159005595578434			
GO_POSITIVE_REGULATION_OF_GLYCOLYTIC_PROCESS	0.27158535136409745			
GSE3982_EOSINOPHIL_VS_TH1_UP	0.2715845274037639			
SRF_Q5_01	0.27157969974199725			
GO_COPI_COATED_VESICLE_BUDDING	0.2715752845936202			
HSF1_01	0.27156864768128786			
TSENG_IRS1_TARGETS_UP	0.271563166325086			
MIR877_3P	0.27156282831041667			
MIR6884_5P	0.2715520375212276			
GO_NEGATIVE_REGULATION_OF_PEPTIDYL_THREONINE_PHOSPHORYLATION	0.2715463497056206			
GSE39152_BRAIN_VS_SPLEEN_CD103_NEG_MEMORY_CD8_TCELL_UP	0.2715171133558352			
GSE12198_CTRL_VS_LOW_IL2_STIM_NK_CELL_DN	0.2715101036064527			
GO_NEGATIVE_REGULATION_OF_VASOCONSTRICTION	0.2714574458188687			
GO_SCF_UBIQUITIN_LIGASE_COMPLEX	0.2714519591079621			
LCORL_TARGET_GENES	0.27140410127741965			
MYLLYKANGAS_AMPLIFICATION_HOT_SPOT_21	0.2714029250629859			
GSE45365_WT_VS_IFNAR_KO_BCELL_MCMV_INFECTION_DN	0.27139851790277375			
GO_ORGANIC_ACID_BINDING	0.271394681401431			
MIR6727_3P	0.2713933847031737			
GSE37605_TREG_VS_TCONV_C57BL6_FOXP3_FUSION_GFP_UP	0.271383494905872			
GSE43260_BTLA_POS_VS_NEG_INTRATUMORAL_CD8_TCELL_UP	0.27137191737918726			
GSE3982_MAST_CELL_VS_BASOPHIL_UP	0.2713555757154503			
GO_POSTSYNAPTIC_DENSITY_INTRACELLULAR_COMPONENT	0.27135007591969246			
GSE9878_CTRL_VS_EBF_TRANSDUCED_PAX5_KO_PRO_BCELL_UP	0.27134999062820747			
IPA_NFKBIZ_DN	0.27134622568987415			
GO_AMINE_CATABOLIC_PROCESS	0.2713275258561305			
GO_NEGATIVE_REGULATION_OF_HEMATOPOIETIC_PROGENITOR_CELL_DIFFERENTIATION	0.2713203862628115			
GSE22886_TCELL_VS_BCELL_NAIVE_DN	0.27131662117761446			
GSE17721_CTRL_VS_PAM3CSK4_0.5H_BMDC_DN	0.2713163505634735			
GCTNWTTGK_UNKNOWN	0.2712955120177222			
TGCACTG_MIR148A_MIR152_MIR148B	0.2712902960764871			
GSE17301_CTRL_VS_48H_ACD3_ACD28_IFNA2_STIM_CD8_TCELL_UP	0.2712866043610318			
TERAMOTO_OPN_TARGETS_CLUSTER_7	0.2712751093061417			
GSE1791_CTRL_VS_NEUROMEDINU_IN_T_CELL_LINE_3H_DN	0.2712702797185941			
GSE7831_UNSTIM_VS_CPG_STIM_PDC_4H_DN	0.2712660656613695			
GO_OLIGODENDROCYTE_DEVELOPMENT	0.2712593229497559			
GO_CELL_FATE_SPECIFICATION	0.27125783995074615			
ATF2_UP.V1_DN	0.2712284050659802			
GO_PHOSPHATIDIC_ACID_BINDING	0.27122110206343736			
GSE10240_CTRL_VS_IL17_STIM_PRIMARY_BRONCHIAL_EPITHELIAL_CELLS_UP	0.27122102741308174			
GO_NEGATIVE_REGULATION_OF_AXON_EXTENSION	0.2712089571974523			
GO_REGULATION_OF_MYOBLAST_DIFFERENTIATION	0.27120491795182244			
GO_REGULATION_OF_RHO_PROTEIN_SIGNAL_TRANSDUCTION	0.2711880965840133			
GSE6269_HEALTHY_VS_E_COLI_INF_PBMC_DN	0.27117419135604576			
GO_TRANSEPITHELIAL_TRANSPORT	0.271173983610582			
GO_RESPONSE_TO_ERYTHROPOIETIN	0.2711689576635736			
GO_COCHLEA_DEVELOPMENT	0.2711437071945568			
GO_MYELOID_DENDRITIC_CELL_DIFFERENTIATION	0.2711304992628536			
GSE36078_WT_VS_IL1R_KO_LUNG_DC_AFTER_AD5_T425A_HEXON_INF_UP	0.27112954768979125			
ZHANG_ANTIVIRAL_RESPONSE_TO_RIBAVIRIN_UP	0.27112888935824175			
GO_INTRACILIARY_RETROGRADE_TRANSPORT	0.2711272784484923			
P300_01	0.2711240912196131			
TAKEDA_TARGETS_OF_NUP98_HOXA9_FUSION_8D_UP	0.2711204701064397			
HALMOS_CEBPA_TARGETS_UP	0.27111915548589616			
GO_REGULATION_OF_NOTCH_SIGNALING_PATHWAY	0.27111758547618914			
GSE39820_CTRL_VS_IL1B_IL6_CD4_TCELL_DN	0.2711140562313758			
GSE17721_0.5H_VS_8H_POLYIC_BMDC_UP	0.2710916383737436			
GO_POSITIVE_REGULATION_OF_SKELETAL_MUSCLE_CELL_DIFFERENTIATION	0.2710915776339996			
GO_PHAGOCYTIC_VESICLE_MEMBRANE	0.27108782359479605			
GSE14769_UNSTIM_VS_20MIN_LPS_BMDM_DN	0.27107670969170805			
GO_POSITIVE_REGULATION_OF_PROTEIN_SERINE_THREONINE_KINASE_ACTIVITY	0.2710736460650909			
GO_AXONAL_TRANSPORT_OF_MITOCHONDRION	0.2710699117945489			
IPA_TFEB_UP	0.2710461172996743			
NFKAPPAB_01	0.271033442044133			
STAT3_02	0.2710177123652072			
CREL_01	0.2709764880424878			
GO_TETRAHYDROBIOPTERIN_METABOLIC_PROCESS	0.27096363893325615			
MIR4318	0.27095935191526516			
MIR659_3P	0.27095884844617035			
GO_POSITIVE_REGULATION_OF_COMPLEMENT_ACTIVATION	0.27094861492180494			
GSE7509_FCGRIIB_VS_TNFA_IL1B_IL6_PGE_STIM_DC_UP	0.27094319539031225			
PPARA_01	0.2709289203159236			
RAY_ALZHEIMERS_DISEASE	0.2709261681466271			
MIR4498	0.27092388866812467			
GO_ENDOCARDIAL_CUSHION_DEVELOPMENT	0.2709078316150306			
GO_CEREBELLAR_CORTEX_MORPHOGENESIS	0.27089387550845456			
GO_ESTABLISHMENT_OF_MITOCHONDRION_LOCALIZATION	0.27088734323276104			
GO_ENDOTHELIAL_CELL_PROLIFERATION	0.27087688149462713			
GO_REGULATION_OF_ORGANELLE_ORGANIZATION	0.27087318589417453			
MIR8067	0.27086545433735276			
GSE11057_NAIVE_VS_CENT_MEMORY_CD4_TCELL_DN	0.2708369842408671			
MIR6731_5P	0.27083363802560384			
REACTOME_TRANSCRIPTIONAL_REGULATION_BY_RUNX2	0.2708318369110433			
MIR485_5P	0.2708256298639377			
GO_PEPTIDE_TRANSMEMBRANE_TRANSPORTER_ACTIVITY	0.2708230648262902			
TTF1_Q6	0.2708204254497107			
REACTOME_TFAP2_AP_2_FAMILY_REGULATES_TRANSCRIPTION_OF_CELL_CYCLE_FACTORS	0.2708049363318139			
DER_IFN_ALPHA_RESPONSE_UP	0.27079181843332345			
GO_MEMBRANE_REPOLARIZATION_DURING_ACTION_POTENTIAL	0.2707537390591713			
GO_AXON_CHOICE_POINT_RECOGNITION	0.2707407696092863			
GO_COLLAGEN_TYPE_IV_TRIMER	0.2707355585705574			
GSE29164_UNTREATED_VS_CD8_TCELL_AND_IL12_TREATED_MELANOMA_DAY7_DN	0.2707333855734266			
REACTOME_TRANSPORT_OF_VITAMINS_NUCLEOSIDES_AND_RELATED_MOLECULES	0.2707272071424144			
GO_POSITIVE_REGULATION_OF_CELL_DIFFERENTIATION	0.27071836252682163			
REACTOME_SULFIDE_OXIDATION_TO_SULFATE	0.27070804291537154			
GO_FATTY_ACID_BETA_OXIDATION_USING_ACYL_COA_OXIDASE	0.2707029534001214			
GSE35685_CD34POS_CD10NEG_CD62LPOS_VS_CD34POS_CD10POS_BONE_MARROW_DN	0.2706956570206925			
MACLACHLAN_BRCA1_TARGETS_UP	0.2706919554327653			
GO_REGULATION_OF_POSTSYNAPTIC_NEUROTRANSMITTER_RECEPTOR_INTERNALIZATION	0.27068978473892435			
GO_MODULATION_BY_SYMBIONT_OF_HOST_PROGRAMMED_CELL_DEATH	0.27068872785846443			
GSE9006_1MONTH_VS_4MONTH_POST_TYPE_1_DIABETES_DX_PBMC_DN	0.2706782441070048			
GO_ENDOCYTIC_VESICLE	0.2706779858583645			
TTCYRGAA_UNKNOWN	0.2706732312273365			
GO_SODIUM_INDEPENDENT_ORGANIC_ANION_TRANSMEMBRANE_TRANSPORTER_ACTIVITY	0.27067136440365747			
VANTVEER_BREAST_CANCER_METASTASIS_UP	0.27065874647492644			
GO_DENTINOGENESIS	0.2706396201767732			
MIR548AV_5P_MIR548K	0.27063671949036183			
GO_INTESTINAL_ABSORPTION	0.2706258888625578			
LU_TUMOR_ANGIOGENESIS_UP	0.2706235136269186			
IPA_SOX2_DN	0.27061858612665535			
MIR5094	0.27060801133657014			
GSE6269_HEALTHY_VS_STAPH_AUREUS_INF_PBMC_DN	0.2705902067854241			
TTCNRGNNNNTTC_HSF_Q6	0.2705829098017911			
GO_POSITIVE_REGULATION_OF_PROSTAGLANDIN_BIOSYNTHETIC_PROCESS	0.2705780059013678			
IPA_REST_DN	0.2705775430398061			
GO_REGULATION_OF_INTRACELLULAR_LIPID_TRANSPORT	0.2705601820432686			
GO_M_BAND	0.27055612597765394			
GO_DISULFIDE_OXIDOREDUCTASE_ACTIVITY	0.2705559333254186			
MIR9986	0.27055098337690336			
IPA_SMARCB1_UP	0.2705264081022222			
GO_SYNDECAN_BINDING	0.2704888303049734			
GSE46242_CTRL_VS_EGR2_DELETED_TH1_CD4_TCELL_DN	0.27047768802400096			
GO_BROWN_FAT_CELL_DIFFERENTIATION	0.27047495335234095			
MIR4463	0.27046078293639253			
CHICAS_RB1_TARGETS_SENESCENT	0.2704594050131427			
GO_3_CHLOROALLYL_ALDEHYDE_DEHYDROGENASE_ACTIVITY	0.2704541025838378			
GO_COPPER_ION_IMPORT	0.2704529345109696			
HASLINGER_B_CLL_WITH_17P13_DELETION	0.27044997164619405			
FARMER_BREAST_CANCER_CLUSTER_8	0.2704463295131243			
MIR6749_3P	0.27043935058206925			
GSE36095_WT_VS_HDAC9_KO_TREG_UP	0.2704137644722801			
GO_POSITIVE_REGULATION_OF_CALCINEURIN_MEDIATED_SIGNALING	0.2704132927313261			
AGUIRRE_PANCREATIC_CANCER_COPY_NUMBER_UP	0.27039175367895496			
GO_RETINA_MORPHOGENESIS_IN_CAMERA_TYPE_EYE	0.2703916697292454			
GO_DETOXIFICATION	0.2703884406810062			
GO_NEGATIVE_REGULATION_OF_ACTIN_FILAMENT_POLYMERIZATION	0.2703666864126727			
GO_SCHWANN_CELL_MIGRATION	0.2703278498249014			
MIR1249_5P	0.2703210163238641			
GO_POSITIVE_REGULATION_OF_SYNAPSE_ASSEMBLY	0.2703153348602619			
GO_OXIDOREDUCTASE_ACTIVITY_ACTING_ON_THE_ALDEHYDE_OR_OXO_GROUP_OF_DONORS_NAD_OR_NADP_AS_ACCEPTOR	0.2703046839387489			
GSE24142_ADULT_VS_FETAL_EARLY_THYMIC_PROGENITOR_DN	0.2703040546150905			
MIR1912_3P	0.2702832560132548			
GO_AXON_HILLOCK	0.270266721764542			
GO_NEGATIVE_REGULATION_OF_SODIUM_ION_TRANSMEMBRANE_TRANSPORT	0.2702660007169657			
GO_ICOSANOID_METABOLIC_PROCESS	0.27026042396355926			
NKX25_01	0.2702455534346017			
BERENJENO_TRANSFORMED_BY_RHOA_REVERSIBLY_UP	0.270239126804438			
GO_DYSTROGLYCAN_COMPLEX	0.2702347994612934			
GO_ACETYLCHOLINE_RECEPTOR_INHIBITOR_ACTIVITY	0.2702284877192667			
GO_GLANDULAR_EPITHELIAL_CELL_DEVELOPMENT	0.2702213690759251			
GSE24492_LYVE_NEG_VS_POS_MACROPHAGE_UP	0.27019670631397946			
HE_PTEN_TARGETS_UP	0.27019555031644493			
GSE21360_NAIVE_VS_SECONDARY_MEMORY_CD8_TCELL_UP	0.27018979089788425			
GO_ORGANELLE_DISASSEMBLY	0.2701706277422281			
FIGUEROA_AML_METHYLATION_CLUSTER_1_UP	0.27016975207509214			
GO_PSEUDOPODIUM_ORGANIZATION	0.2701681087795043			
ZHAN_MULTIPLE_MYELOMA_LB_UP	0.2701569286782883			
REACTOME_ZINC_INFLUX_INTO_CELLS_BY_THE_SLC39_GENE_FAMILY	0.270141135087748			
GO_REGULATION_OF_GASTRULATION	0.27013943083514375			
HUMMERICH_SKIN_CANCER_PROGRESSION_DN	0.2701330636224312			
GO_ASPARTATE_FAMILY_AMINO_ACID_CATABOLIC_PROCESS	0.27012984456582906			
HUMMERICH_MALIGNANT_SKIN_TUMOR_UP	0.27012772481250774			
GO_REGULATION_OF_RIBONUCLEASE_ACTIVITY	0.27010729691394525			
KEGG_METABOLISM_OF_XENOBIOTICS_BY_CYTOCHROME_P450	0.2701011105661234			
GSE41867_DAY8_EFFECTOR_VS_DAY30_EXHAUSTED_CD8_TCELL_LCMV_CLONE13_UP	0.2700850850091942			
SRF_C	0.27008507824597455			
GO_MAINTENANCE_OF_PROTEIN_LOCATION_IN_CELL	0.2700649457686416			
REACTOME_SIGNALING_BY_MST1	0.2700632428617858			
GO_MESENCHYMAL_CELL_DIFFERENTIATION_INVOLVED_IN_KIDNEY_DEVELOPMENT	0.2700501047948871			
GO_PROSTATE_GLANDULAR_ACINUS_MORPHOGENESIS	0.27003580902085395			
MIR4766_5P	0.27003193987269997			
GSE7460_TCONV_VS_TREG_THYMUS_DN	0.2700231865163352			
ATTCTTT_MIR186	0.27001596045337295			
GO_RENAL_SODIUM_ION_TRANSPORT	0.26998706983505766			
GSE24634_IL4_VS_CTRL_TREATED_NAIVE_CD4_TCELL_DAY5_UP	0.2699834647832358			
GSE39152_SPLEEN_CD103_NEG_VS_BRAIN_CD103_POS_MEMORY_CD8_TCELL_DN	0.26994911962367546			
GSE37301_CD4_TCELL_VS_RAG2_KO_NK_CELL_UP	0.2699455788873994			
ZNF7_TARGET_GENES	0.26994197787068436			
BAKKER_FOXO3_TARGETS_DN	0.26994101792365316			
GO_PROTEIN_LOCALIZATION_TO_GOLGI_APPARATUS	0.2699337869132559			
GO_TRANSFORMING_GROWTH_FACTOR_BETA_RECEPTOR_PATHWAY_SPECIFIC_CYTOPLASMIC_MEDIATOR_ACTIVITY	0.26993257432389134			
GSE17721_PAM3CSK4_VS_CPG_12H_BMDC_DN	0.269927602552055			
GO_REGULATION_OF_LAMELLIPODIUM_MORPHOGENESIS	0.26991705318239123			
GO_CENTRIOLE_ELONGATION	0.2699154482325742			
MARTENS_TRETINOIN_RESPONSE_UP	0.26989567286559574			
GSE34156_NOD2_LIGAND_VS_NOD2_AND_TLR1_TLR2_LIGAND_24H_TREATED_MONOCYTE_UP	0.2698769986975785			
TSAI_DNAJB4_TARGETS_DN	0.26986797020242453			
JEPSEN_SMRT_TARGETS	0.2698597927625213			
GO_LYMPH_VESSEL_DEVELOPMENT	0.26985391308805157			
MIR4422	0.26984724903060114			
GSE3982_DC_VS_MAC_LPS_STIM_DN	0.269819827504147			
RGTTAMWNATT_HNF1_01	0.2698110528240445			
IPA_MYOD1_DN	0.2698082924208222			
GO_REACTIVE_OXYGEN_SPECIES_METABOLIC_PROCESS	0.26980716327311666			
GO_CUTICULAR_PLATE	0.26980013558029337			
GO_TRANSFERRIN_TRANSPORT	0.269759394367576			
GO_STRIATUM_DEVELOPMENT	0.26974852918444253			
GSE17186_MEMORY_VS_NAIVE_BCELL_DN	0.26974787729814864			
WAKABAYASHI_ADIPOGENESIS_PPARG_RXRA_BOUND_36HR	0.2697452755424394			
GO_RENAL_VESICLE_FORMATION	0.26973404087989344			
GO_BUNDLE_OF_HIS_CELL_TO_PURKINJE_MYOCYTE_COMMUNICATION	0.2697321101950686			
WANG_NFKB_TARGETS	0.2697319096989384			
MIR98_3P	0.26970258301954636			
GO_REGULATION_OF_FIBRINOLYSIS	0.2696993593421889			
GO_CLATHRIN_VESICLE_COAT	0.26969928270778076			
GO_INOSITOL_1_3_4_5_TETRAKISPHOSPHATE_BINDING	0.2696972241007371			
MIR10526_3P	0.2696852104831941			
GSE11924_TH2_VS_TH17_CD4_TCELL_UP	0.2696740695770794			
GSE7764_NKCELL_VS_SPLENOCYTE_UP	0.2696734435738379			
GSE25088_ROSIGLITAZONE_VS_IL4_AND_ROSIGLITAZONE_STIM_MACROPHAGE_DAY10_UP	0.26966690938132964			
MIR203B_5P	0.26964287500550826			
IPA_MYC_DN	0.26961489099181146			
MIR3944_5P	0.2696066640669856			
GSE16266_CTRL_VS_HEATSHOCK_AND_LPS_STIM_MEF_UP	0.26959319485221206			
MIR340_5P	0.26958383430077487			
REACTOME_WNT5A_DEPENDENT_INTERNALIZATION_OF_FZD2_FZD5_AND_ROR2	0.26958130309865236			
RARB_TARGET_GENES	0.269558787703727			
GO_NEGATIVE_REGULATION_OF_MEMBRANE_DEPOLARIZATION	0.26955580896382836			
GSE21670_STAT3_KO_VS_WT_CD4_TCELL_UP	0.2695263151915764			
GO_CELLULAR_RESPONSE_TO_GLUCOSE_STARVATION	0.2695129455131708			
MIR2467_3P	0.2694937159467486			
GO_EXTRINSIC_COMPONENT_OF_MEMBRANE	0.26948548641041714			
MIR924	0.2694846047478145			
GGARNTKYCCA_UNKNOWN	0.2694841635183094			
AP2ALPHA_01	0.2694715191387662			
GO_REGULATION_OF_CENTROSOME_CYCLE	0.26946677299985716			
VERHAAK_GLIOBLASTOMA_MESENCHYMAL	0.26945785578366754			
MIR3926	0.26945610787063673			
GO_FERMENTATION	0.26945275779413935			
PAX8_B	0.2694508318523739			
GO_POSITIVE_REGULATION_OF_TRANSMISSION_OF_NERVE_IMPULSE	0.269446187497781			
GSE20366_EX_VIVO_VS_HOMEOSTATIC_CONVERSION_NAIVE_CD4_TCELL_DN	0.26942704497458914			
MIR1227_3P	0.2694261310332331			
GO_REGULATION_OF_SPINDLE_ORGANIZATION	0.26942609379740157			
HOSHIDA_LIVER_CANCER_LATE_RECURRENCE_UP	0.2693750811485908			
KOBAYASHI_EGFR_SIGNALING_24HR_DN	0.26936598565008246			
GO_ACTIN_CYTOSKELETON_REORGANIZATION	0.269353147070976			
IPA_ESRRB_UP	0.26935292782465364			
MIR130A_5P	0.26934613714991973			
GO_SORTING_ENDOSOME	0.26934341844583626			
GO_RECEPTOR_INHIBITOR_ACTIVITY	0.2693250513950367			
MIR6876_5P	0.2693239935822218			
GO_NEUTROPHIL_CLEARANCE	0.2693180744513349			
GSE2770_TGFB_AND_IL4_ACT_VS_ACT_CD4_TCELL_48H_UP	0.2693172158581046			
GSE13485_CTRL_VS_DAY3_YF17D_VACCINE_PBMC_UP	0.2693141792723306			
GO_REGULATION_OF_PROTEIN_POLYMERIZATION	0.26927636939817284			
GSE1460_CD4_THYMOCYTE_VS_NAIVE_CD4_TCELL_ADULT_BLOOD_UP	0.2692759936845365			
GARGALOVIC_RESPONSE_TO_OXIDIZED_PHOSPHOLIPIDS_GREY_DN	0.26925649308876026			
MIR6131	0.269254295640983			
GO_REGULATION_OF_SMOOTHENED_SIGNALING_PATHWAY	0.2692367903672403			
GSE339_CD4POS_VS_CD8POS_DC_DN	0.269216101736601			
GSE5589_IL6_KO_VS_IL10_KO_LPS_AND_IL10_STIM_MACROPHAGE_180MIN_DN	0.2692120703628799			
IPA_SP7_UP	0.2692080754206664			
TGTATGA_MIR4853P	0.2691898197951573			
GO_NEUROTRANSMITTER_METABOLIC_PROCESS	0.26918395361302744			
GSE9037_CTRL_VS_LPS_1H_STIM_BMDM_UP	0.26916342260879245			
GO_MULTICELLULAR_ORGANISMAL_SIGNALING	0.2691628452469711			
IPA_CEBPB_UP	0.2691466773265901			
GSE29618_PRE_VS_DAY7_POST_TIV_FLU_VACCINE_PDC_UP	0.26913766348840384			
GO_NADP_RETINOL_DEHYDROGENASE_ACTIVITY	0.2691339427441103			
GO_REGULATION_OF_INSULIN_LIKE_GROWTH_FACTOR_RECEPTOR_SIGNALING_PATHWAY	0.26907925608484395			
GO_VITAMIN_TRANSPORT	0.26906873649797164			
GO_PEPTIDYL_PROLINE_4_DIOXYGENASE_ACTIVITY	0.2690557161730668			
GO_PEPTIDYL_PROLINE_HYDROXYLATION_TO_4_HYDROXY_L_PROLINE	0.2690557161730668			
GO_SIALIC_ACID_BINDING	0.26902501189854994			
GO_REGULATION_OF_COLLATERAL_SPROUTING	0.2690193600388116			
MIR6893_5P	0.2690071221519765			
GO_POSITIVE_REGULATION_OF_INTRACELLULAR_LIPID_TRANSPORT	0.26898336044496707			
GSE43700_UNTREATED_VS_IL10_TREATED_PBMC_DN	0.2689611722770336			
GSE2706_UNSTIM_VS_2H_LPS_AND_R848_DC_DN	0.2689539119795274			
BIOCARTA_DEATH_PATHWAY	0.2689427502258681			
MIR8085	0.2689359477435701			
GO_NUCLEAR_ENVELOPE_REASSEMBLY	0.2689358348154627			
MIR1248	0.2689307507710706			
HERNANDEZ_ABERRANT_MITOSIS_BY_DOCETACEL_4NM_DN	0.2689178816658251			
MIR30D_3P	0.2689143276446585			
MIR4519	0.2688964715604397			
GSE23321_CENTRAL_VS_EFFECTOR_MEMORY_CD8_TCELL_DN	0.26889215123026833			
GO_PROTEIN_TYROSINE_SERINE_THREONINE_PHOSPHATASE_ACTIVITY	0.2688851657904458			
IPA_ZNF91_UP	0.26888394520699826			
IPA_ZNF100_UP	0.26888394520699826			
IPA_ZNF254_UP	0.26888394520699826			
IPA_ZNF431_UP	0.26888394520699826			
IPA_ZNF528_UP	0.26888394520699826			
IPA_ZNF708_UP	0.26888394520699826			
GO_UDP_GLUCOSE_METABOLIC_PROCESS	0.26888257692781725			
MIR101_2_5P	0.26887776172464745			
GO_TRACHEA_DEVELOPMENT	0.2688656303614617			
REACTOME_BETA_OXIDATION_OF_PRISTANOYL_COA	0.26886126371568053			
GSE17974_IL4_AND_ANTI_IL12_VS_UNTREATED_6H_ACT_CD4_TCELL_DN	0.2688470733600401			
GSE20715_WT_VS_TLR4_KO_24H_OZONE_LUNG_DN	0.26883592783444255			
REACTOME_ION_HOMEOSTASIS	0.2688132370670877			
GSE28449_WT_VS_LRF_KO_GERMINAL_CENTER_BCELL_DN	0.2688089607280626			
GO_MICROTUBULE_CYTOSKELETON_ORGANIZATION_INVOLVED_IN_MITOSIS	0.26880688356415783			
IPA_NR5A2_UP	0.26880426324660733			
IPA_KLF6_UP	0.2687947066197529			
WORSCHECH_TUMOR_REJECTION_DN	0.2687801734691514			
GO_OXIDOREDUCTASE_ACTIVITY_ACTING_ON_A_SULFUR_GROUP_OF_DONORS_NAD_P_AS_ACCEPTOR	0.2687708644942814			
GO_CELLULAR_RESPONSE_TO_ARSENIC_CONTAINING_SUBSTANCE	0.2687620850838002			
MIR3609	0.2687571218801293			
GSE5589_LPS_VS_LPS_AND_IL10_STIM_IL6_KO_MACROPHAGE_180MIN_DN	0.26875353062963286			
GRAESSMANN_RESPONSE_TO_MC_AND_SERUM_DEPRIVATION_UP	0.26875108443973633			
DAUER_STAT3_TARGETS_DN	0.26869749772686435			
JAEGER_METASTASIS_UP	0.26868755543726086			
GO_NEGATIVE_REGULATION_OF_CYTOSKELETON_ORGANIZATION	0.2686762044672845			
GO_SKELETAL_MUSCLE_ORGAN_DEVELOPMENT	0.2686739464614349			
GO_ANION_CHANNEL_ACTIVITY	0.2686724295539592			
KOBAYASHI_RESPONSE_TO_ROMIDEPSIN	0.2686692095507462			
REACTOME_TP53_REGULATES_TRANSCRIPTION_OF_DEATH_RECEPTORS_AND_LIGANDS	0.26865877164543583			
GO_CELLULAR_RESPONSE_TO_COPPER_ION	0.2686570775147191			
REACTOME_DEVELOPMENTAL_BIOLOGY	0.2686563796393577			
GSE5589_WT_VS_IL10_KO_LPS_AND_IL10_STIM_MACROPHAGE_45MIN_DN	0.2686562668750264			
IPA_NFYA_UP	0.2686387226276413			
GO_AUTOLYSOSOME	0.2686308468898556			
SERVITJA_ISLET_HNF1A_TARGETS_DN	0.26862672414693645			
GO_MICROVILLUS_ORGANIZATION	0.26862671589031206			
JI_CARCINOGENESIS_BY_KRAS_AND_STK11_UP	0.26860652667005863			
GO_CANONICAL_WNT_SIGNALING_PATHWAY_INVOLVED_IN_REGULATION_OF_CELL_PROLIFERATION	0.26859930742137506			
WANG_RESPONSE_TO_BEXAROTENE_UP	0.2685843013984807			
GSE7460_CTRL_VS_TGFB_TREATED_ACT_CD8_TCELL_DN	0.2685807955723581			
GO_GROWTH_FACTOR_ACTIVITY	0.26857112443955183			
IRX2_TARGET_GENES	0.2685677307131878			
GO_DORSAL_VENTRAL_PATTERN_FORMATION	0.268564872439055			
GO_NEGATIVE_REGULATION_OF_MUSCLE_HYPERTROPHY	0.2685275140043544			
WIERENGA_STAT5A_TARGETS_GROUP2	0.2685216447588083			
ROESSLER_LIVER_CANCER_METASTASIS_DN	0.26851754798848415			
GSE19888_ADENOSINE_A3R_INH_PRETREAT_AND_ACT_BY_A3R_VS_A3R_INH_AND_TCELL_MEMBRANES_ACT_MAST_CELL_UP	0.26851565154799817			
RBM34_TARGET_GENES	0.2685123765079204			
ZAIDI_OSTEOBLAST_TRANSCRIPTION_FACTORS	0.2684993800091777			
GSE37533_PPARG1_FOXP3_VS_FOXP3_TRANSDUCED_CD4_TCELL_UP	0.2684924539645755			
GSE16266_CTRL_VS_LPS_STIM_MEF_UP	0.26847532801020074			
MIR136_3P	0.2684389319727974			
GRAHAM_CML_QUIESCENT_VS_NORMAL_QUIESCENT_DN	0.26843834395483385			
GO_REGULATION_OF_EXTRINSIC_APOPTOTIC_SIGNALING_PATHWAY_IN_ABSENCE_OF_LIGAND	0.268420309597417			
MIR504_3P	0.26841534499744174			
REACTOME_NR1H2_NR1H3_REGULATE_GENE_EXPRESSION_LINKED_TO_TRIGLYCERIDE_LIPOLYSIS_IN_ADIPOSE	0.2684125859614423			
GSE17721_POLYIC_VS_PAM3CSK4_4H_BMDC_DN	0.26841066476833475			
GSE17721_POLYIC_VS_PAM3CSK4_8H_BMDC_UP	0.26839288387985505			
GSE3565_CTRL_VS_LPS_INJECTED_SPLENOCYTES_UP	0.26838553583704944			
GO_REGULATION_OF_VASOCONSTRICTION	0.2683739416535249			
GO_R_SMAD_BINDING	0.2683715876615248			
GO_METALLOENDOPEPTIDASE_INHIBITOR_ACTIVITY	0.26837080210046266			
GO_REGULATION_OF_DOPAMINERGIC_NEURON_DIFFERENTIATION	0.268341519165969			
GO_REGULATION_OF_PROTEIN_LOCALIZATION	0.2683409416994909			
WAMUNYOKOLI_OVARIAN_CANCER_LMP_DN	0.26833694382819934			
GO_GROWTH_PLATE_CARTILAGE_MORPHOGENESIS	0.2683107899315192			
LEF1_UP.V1_UP	0.2683092386829859			
GSE9946_IMMATURE_VS_MATURE_STIMULATORY_DC_UP	0.2682979634426234			
GSE22432_MULTIPOTENT_PROGENITOR_VS_CDC_UP	0.2682952553904434			
GO_PRESYNAPSE_ORGANIZATION	0.268285189671112			
GO_ENDOLYSOSOME_LUMEN	0.26827787851430185			
GO_OXIDOREDUCTASE_ACTIVITY_ACTING_ON_THE_CH_CH_GROUP_OF_DONORS_NAD_OR_NADP_AS_ACCEPTOR	0.2682727196930775			
GO_POSITIVE_REGULATION_OF_ACTIN_FILAMENT_BASED_MOVEMENT	0.2682519972939189			
GO_POSITIVE_REGULATION_OF_MESONEPHROS_DEVELOPMENT	0.26825168670666977			
GSE29618_PRE_VS_DAY7_FLU_VACCINE_BCELL_UP	0.26823939797591745			
MIR548P	0.2682235519018354			
WANG_ESOPHAGUS_CANCER_VS_NORMAL_UP	0.2681609860455334			
GO_KERATAN_SULFATE_METABOLIC_PROCESS	0.26815935343664077			
DEMAGALHAES_AGING_UP	0.2681536379197562			
GSE360_L_DONOVANI_VS_M_TUBERCULOSIS_MAC_DN	0.26814944951138103			
PID_AP1_PATHWAY	0.2681451190130443			
TSAI_RESPONSE_TO_IONIZING_RADIATION	0.2681398376341828			
GO_CALCIUM_DEPENDENT_CYSTEINE_TYPE_ENDOPEPTIDASE_ACTIVITY	0.26812472994345227			
GO_SODIUM_POTASSIUM_EXCHANGING_ATPASE_COMPLEX	0.2681160705747807			
GSE12366_PLASMA_CELL_VS_MEMORY_BCELL_UP	0.26811515002433955			
GO_REGULATION_OF_VESICLE_SIZE	0.26810795525654363			
GSE29949_MICROGLIA_VS_DC_BRAIN_UP	0.268097670492591			
GO_POSITIVE_REGULATION_OF_BONE_MINERALIZATION	0.2680825954255806			
ZNF318_TARGET_GENES	0.2680824961564049			
STEIN_ESRRA_TARGETS_RESPONSIVE_TO_ESTROGEN_UP	0.26808107778528356			
QUINTENS_EMBRYONIC_BRAIN_RESPONSE_TO_IR	0.26806757530862557			
GO_CHAPERONE_MEDIATED_AUTOPHAGY	0.26804734671780095			
GO_SODIUM_ION_BINDING	0.26804702045910156			
GSE46606_UNSTIM_VS_CD40L_IL2_IL5_1DAY_STIMULATED_IRF4HIGH_SORTED_BCELL_UP	0.268042682042534			
GO_LOW_DENSITY_LIPOPROTEIN_PARTICLE_RECEPTOR_BIOSYNTHETIC_PROCESS	0.26804205281407095			
MIR921	0.26800507886217034			
REACTOME_BILE_ACID_AND_BILE_SALT_METABOLISM	0.2679897969803586			
KEGG_DRUG_METABOLISM_CYTOCHROME_P450	0.2679663572006562			
GO_CHEMICAL_HOMEOSTASIS_WITHIN_A_TISSUE	0.2679644505411881			
GO_WEIBEL_PALADE_BODY	0.26795183401876654			
GSE37301_HEMATOPOIETIC_STEM_CELL_VS_CD4_TCELL_UP	0.2679047224876985			
LMO2COM_01	0.267894204545434			
GO_N_ACETYLLACTOSAMINE_SYNTHASE_ACTIVITY	0.26789387554862953			
GO_PRESYNAPSE	0.2678790671038535			
COBLL1_TARGET_GENES	0.26785743748084			
GO_INTRINSIC_COMPONENT_OF_ORGANELLE_MEMBRANE	0.2678564902199569			
GO_ACTIN_FILAMENT_DEPOLYMERIZATION	0.2678273265099543			
GO_PLASMA_MEMBRANE_REPAIR	0.26782603910278124			
LET_7B_3P	0.26781200914250963			
IPA_EHF_UP	0.2678086213721023			
REACTOME_ACTIVATED_NTRK2_SIGNALS_THROUGH_RAS	0.26780103275290135			
REACTOME_RUNX1_REGULATES_TRANSCRIPTION_OF_GENES_INVOLVED_IN_DIFFERENTIATION_OF_MYELOID_CELLS	0.2677904857938169			
GO_ALDITOL_METABOLIC_PROCESS	0.2677849365941588			
IPA_BDP1_DN	0.26776989759113495			
IPA_TBP_DN	0.26776989759113495			
GO_POTASSIUM_CHANNEL_REGULATOR_ACTIVITY	0.2677494739420314			
IPA_SPIC_UP	0.26774460818004364			
GO_REGULATION_OF_CELLULAR_KETONE_METABOLIC_PROCESS	0.26773889849922455			
BIOCARTA_LEPTIN_PATHWAY	0.26770827910214695			
GO_REGULATION_OF_RNA_POLYMERASE_II_REGULATORY_REGION_SEQUENCE_SPECIFIC_DNA_BINDING	0.2676999993201981			
GO_FAT_SOLUBLE_VITAMIN_METABOLIC_PROCESS	0.2676990361465777			
CATTGTYY_SOX9_B1	0.26769858144825986			
HOXB6_TARGET_GENES	0.2676918985181697			
chr12p11	0.2676841870419571			
REACTOME_SPRY_REGULATION_OF_FGF_SIGNALING	0.2676412544160292			
GO_REGULATION_OF_CARDIAC_CONDUCTION	0.267610694434929			
REACTOME_PI3K_EVENTS_IN_ERBB4_SIGNALING	0.26760284362205905			
GO_CHEMOATTRACTANT_ACTIVITY	0.2675698460369771			
GSE22886_IGG_IGA_MEMORY_BCELL_VS_BLOOD_PLASMA_CELL_DN	0.2675696919530012			
GO_REGULATION_OF_AMYLOID_FIBRIL_FORMATION	0.2675668951629685			
GATA2_01	0.26754711989765717			
MIR1266_3P	0.2675454158687512			
GO_MONOCARBOXYLIC_ACID_METABOLIC_PROCESS	0.2675440732509156			
MIR1273H_3P	0.2675231182465313			
EHRLICH_ICF_SYNDROM_UP	0.26751056522277866			
GO_PATTERN_SPECIFICATION_INVOLVED_IN_KIDNEY_DEVELOPMENT	0.2675075374942453			
TGTGTGA_MIR377	0.2675056105554178			
CCTGCTG_MIR214	0.2675006769508883			
GO_SEQUESTERING_OF_IRON_ION	0.2674820848034405			
GSE40277_GATA1_AND_SATB1_TRANSDUCED_VS_CTRL_CD4_TCELL_UP	0.26747598883147394			
GO_SODIUM_INDEPENDENT_ORGANIC_ANION_TRANSPORT	0.2674593861253515			
GO_MYOSIN_COMPLEX	0.2674565389112033			
GO_POLYPRENOL_METABOLIC_PROCESS	0.2674505628124993			
GO_VIRAL_LIFE_CYCLE	0.2674418491678998			
NF1_Q6	0.2674318798566005			
GO_NATURAL_KILLER_CELL_LECTIN_LIKE_RECEPTOR_BINDING	0.267421355296978			
GSE28783_ANTI_MIR33_VS_CTRL_ATHEROSCLEROSIS_MACROPHAGE_UP	0.2673964022625159			
GO_SPECTRIN	0.26739083086488213			
MIR432_3P	0.2673610000621514			
BENPORATH_OCT4_TARGETS	0.2673395903574855			
BIOCARTA_EGFR_SMRTE_PATHWAY	0.26732369287403757			
GSE1566_WT_VS_EZH2_KO_LN_TCELL_DN	0.2673092506987202			
GSE7852_TREG_VS_TCONV_LN_DN	0.267295754659444			
GO_NEGATIVE_REGULATION_OF_ENDOCYTOSIS	0.26727784560019296			
GO_PHOSPHATIDYLCHOLINE_METABOLIC_PROCESS	0.26727093333802143			
GO_POSITIVE_REGULATION_OF_KERATINOCYTE_PROLIFERATION	0.26726020531544525			
GO_AUTOPHAGY_OF_MITOCHONDRION	0.2672582471982919			
IPA_CEBPA_UP	0.26724987052202837			
GO_REGULATION_OF_STEROL_TRANSPORT	0.26724626041786725			
GO_L_GLUTAMATE_IMPORT	0.2672457597643052			
GO_PHOSPHATIDYLSERINE_METABOLIC_PROCESS	0.26722775725114084			
ANDERSEN_LIVER_CANCER_KRT19_DN	0.26722756702980344			
GO_ENDODERMAL_CELL_FATE_SPECIFICATION	0.26720574666641483			
GO_SIGNAL_PEPTIDE_PROCESSING	0.2671901834392023			
IPA_SALL1_UP	0.2671895518933247			
IPA_DLX5_DN	0.2671895518933247			
GO_RESPONSE_TO_VITAMIN	0.2671816946765081			
MIR196B_3P	0.26717314552274396			
GO_CILIARY_MEMBRANE	0.2671622979490726			
GO_PROTEIN_LOCALIZATION_TO_EARLY_ENDOSOME	0.2671568501992299			
MIR3153	0.26713166141372285			
GO_NEGATIVE_REGULATION_OF_MEMBRANE_PROTEIN_ECTODOMAIN_PROTEOLYSIS	0.2671245841203461			
GSE7460_CTRL_VS_TGFB_TREATED_ACT_FOXP3_MUT_TCONV_DN	0.26712294980240997			
YIH_RESPONSE_TO_ARSENITE_C1	0.26710884478058083			
KORKOLA_YOLK_SAC_TUMOR	0.26710862096871024			
GSE17721_0.5H_VS_12H_LPS_BMDC_DN	0.26710859643095736			
IPA_KCNIP3_UP	0.2670947456787929			
GO_CELL_DEATH_IN_RESPONSE_TO_HYDROGEN_PEROXIDE	0.2670934583245618			
REACTOME_ION_CHANNEL_TRANSPORT	0.2670747608755447			
SIPA1_TARGET_GENES	0.26707065139252273			
GO_POSITIVE_REGULATION_OF_DEVELOPMENTAL_GROWTH	0.2670697963575619			
GSE3337_4H_VS_16H_IFNG_IN_CD8POS_DC_UP	0.26704842119779115			
CAMP_UP.V1_UP	0.26704763618332444			
GO_MYOBLAST_FATE_COMMITMENT	0.2670371804012368			
GO_CARBOHYDRATE_DERIVATIVE_BIOSYNTHETIC_PROCESS	0.26703297215907407			
CHARAFE_BREAST_CANCER_LUMINAL_VS_BASAL_UP	0.26701972382104805			
GO_ABSCISSION	0.2670165702159975			
MIR6719_3P	0.2670107730345602			
GO_INTRACELLULAR_LIPID_TRANSPORT	0.26698702948341757			
GSE18804_SPLEEN_MACROPHAGE_VS_TUMORAL_MACROPHAGE_DN	0.26697821490450657			
IPA_TGFB1I1_UP	0.2669679320689562			
GSE1791_CTRL_VS_NEUROMEDINU_IN_T_CELL_LINE_6H_UP	0.266966938591942			
GSE360_L_DONOVANI_VS_B_MALAYI_HIGH_DOSE_DC_UP	0.26696097052772344			
GO_NOREPINEPHRINE_METABOLIC_PROCESS	0.2669596614053912			
GSE2706_R848_VS_LPS_8H_STIM_DC_DN	0.26694876477568197			
GO_NEGATIVE_REGULATION_OF_AXONOGENESIS	0.2669478981947115			
MIR6514_3P	0.26694599613443015			
MIR32_3P	0.26694354547853716			
LEE_LIVER_CANCER_SURVIVAL_DN	0.26693010127991595			
GO_TRACHEA_MORPHOGENESIS	0.2669158531694004			
MIR203A_3P	0.26691308745106596			
GSE21063_CTRL_VS_ANTI_IGM_STIM_BCELL_8H_DN	0.2669072793536907			
PID_PS1_PATHWAY	0.26689570401040047			
GSE23308_WT_VS_MINERALCORTICOID_REC_KO_MACROPHAGE_DN	0.26688974660345866			
KEGG_N_GLYCAN_BIOSYNTHESIS	0.2668702589874425			
REACTOME_INLB_MEDIATED_ENTRY_OF_LISTERIA_MONOCYTOGENES_INTO_HOST_CELL	0.26685230514959574			
GO_PERIPHERAL_NERVOUS_SYSTEM_MYELIN_MAINTENANCE	0.26683369942365603			
MIR548AH_5P	0.26681097847529			
GO_REGULATION_OF_BLOOD_PRESSURE	0.2668067613753101			
GO_POSITIVE_REGULATION_OF_VASOCONSTRICTION	0.2668026105846905			
TCF11_01	0.266800883712334			
GO_CHLORIDE_ION_HOMEOSTASIS	0.2667992241179869			
TAAYNRNNTCC_UNKNOWN	0.2667966911139195			
SHARMA_PILOCYTIC_ASTROCYTOMA_LOCATION_UP	0.26678966746369026			
IPA_UBE2B_DN	0.2667838262643296			
MIR142_5P	0.2667723683514584			
PID_TNF_PATHWAY	0.2667667778674818			
MIKKELSEN_ES_ICP_WITH_H3K4ME3	0.2667623757980974			
GO_INFLAMMATORY_CELL_APOPTOTIC_PROCESS	0.2667328480825087			
MIR3617_5P	0.26670949424723683			
IPA_TRIM24_DN	0.2666958549966451			
LINDSTEDT_DENDRITIC_CELL_MATURATION_B	0.26669199519046133			
MIR651_3P	0.2666841461453484			
ZIM3_TARGET_GENES	0.26667572325603667			
GSE22229_UNTREATED_VS_IMMUNOSUPP_THERAPY_RENAL_TRANSPLANT_PATIENT_PBMC_DN	0.2666708870037193			
GSE8515_CTRL_VS_IL1_4H_STIM_MAC_DN	0.26667046701693786			
PID_BMP_PATHWAY	0.2666688211304135			
REACTOME_PHOSPHATE_BOND_HYDROLYSIS_BY_NTPDASE_PROTEINS	0.2666632883864209			
GO_INSULIN_LIKE_GROWTH_FACTOR_RECEPTOR_SIGNALING_PATHWAY	0.26665839278628406			
SHEN_SMARCA2_TARGETS_UP	0.2666513644755389			
REACTOME_DISASSEMBLY_OF_THE_DESTRUCTION_COMPLEX_AND_RECRUITMENT_OF_AXIN_TO_THE_MEMBRANE	0.266650267478979			
GO_TONGUE_DEVELOPMENT	0.2666298470713088			
LANDIS_ERBB2_BREAST_PRENEOPLASTIC_DN	0.26660017681819204			
REACTOME_CLASS_B_2_SECRETIN_FAMILY_RECEPTORS	0.2665979445322213			
MIR4700_5P	0.26654551831183787			
GO_REGULATION_OF_RAS_PROTEIN_SIGNAL_TRANSDUCTION	0.2665421607428555			
ZNF843_TARGET_GENES	0.2665375980610976			
GSE34205_HEALTHY_VS_FLU_INF_INFANT_PBMC_DN	0.2665085016644505			
GO_POSITIVE_REGULATION_OF_INTRINSIC_APOPTOTIC_SIGNALING_PATHWAY_IN_RESPONSE_TO_DNA_DAMAGE	0.26650737493747806			
GO_BASEMENT_MEMBRANE_COLLAGEN_TRIMER	0.2665065460407468			
GO_ACYLGLYCEROL_LIPASE_ACTIVITY	0.2665064671952525			
GSE22935_UNSTIM_VS_24H_MBOVIS_BCG_STIM_MACROPHAGE_DN	0.26650389485717396			
RYCACNNRNNRNCAG_UNKNOWN	0.26649801062266326			
GSE369_PRE_VS_POST_IL6_INJECTION_SOCS3_KO_LIVER_UP	0.26649736632539045			
GO_LUNG_SACCULE_DEVELOPMENT	0.2664919049550819			
MIR549A_5P	0.2664892244639708			
GO_SENSORY_PERCEPTION_OF_MECHANICAL_STIMULUS	0.26648540095553913			
TAKEDA_TARGETS_OF_NUP98_HOXA9_FUSION_8D_DN	0.2664505173631339			
REACTOME_DEFECTIVE_C1GALT1C1_CAUSES_TN_POLYAGGLUTINATION_SYNDROME_TNPS	0.2664394594886604			
CDPCR1_01	0.2664321372659139			
GSE8835_CD4_VS_CD8_TCELL_DN	0.2664317536638738			
GSE36009_UNSTIM_VS_LPS_STIM_DC_UP	0.2664270558917877			
IPA_CBX2_DN	0.2664158727194386			
GO_LIPASE_BINDING	0.2664147142174207			
BOYAULT_LIVER_CANCER_SUBCLASS_G2	0.26641444952919985			
GO_REGULATION_OF_CARDIOBLAST_DIFFERENTIATION	0.26641292507218717			
ZBTB18_TARGET_GENES	0.26640847852029104			
REACTOME_UPTAKE_AND_ACTIONS_OF_BACTERIAL_TOXINS	0.26640521277769297			
GSE19923_E2A_KO_VS_E2A_AND_HEB_KO_DP_THYMOCYTE_DN	0.26640032499278987			
GO_REGULATION_OF_PLATELET_AGGREGATION	0.26639180183764977			
GO_EAR_MORPHOGENESIS	0.2663872508763555			
ACEVEDO_NORMAL_TISSUE_ADJACENT_TO_LIVER_TUMOR_DN	0.26638419483596465			
GO_REGULATION_OF_REACTIVE_OXYGEN_SPECIES_METABOLIC_PROCESS	0.2663820960531839			
GO_NUCLEAR_EUCHROMATIN	0.2663766963653623			
GSE32423_CTRL_VS_IL7_MEMORY_CD8_TCELL_UP	0.2663582036142983			
MIR8061	0.26633885364016846			
GO_ENZYME_REGULATOR_ACTIVITY	0.26633631191896506			
TATCTGG_MIR488	0.2663312476883764			
GO_NEGATIVE_REGULATION_OF_SMOOTH_MUSCLE_CONTRACTION	0.26632535163142684			
GO_REGULATION_OF_THYMOCYTE_APOPTOTIC_PROCESS	0.2663133027052242			
GO_MOTOR_NEURON_AXON_GUIDANCE	0.26631167387144544			
GO_HEME_TRANSPORT	0.2663023461643405			
MIR3124_3P	0.2662976938381305			
DORN_ADENOVIRUS_INFECTION_32HR_UP	0.26629638016206963			
BARRIER_CANCER_RELAPSE_TUMOR_SAMPLE_UP	0.26629528017075926			
OHGUCHI_LIVER_HNF4A_TARGETS_DN	0.26628733761253964			
BENPORATH_EED_TARGETS	0.26628626707969194			
ZHAN_MULTIPLE_MYELOMA_MF_UP	0.2662665081191801			
ZHENG_RESPONSE_TO_ARSENITE_UP	0.2662648414670144			
GSE27786_CD4_TCELL_VS_NKCELL_DN	0.2662432604900186			
REACTOME_RA_BIOSYNTHESIS_PATHWAY	0.2662332682088402			
GSE40441_NRP1_POS_INDUCED_TREG_VS_NRP1_NEG_NATURAL_TREG_UP	0.2662331223065022			
GSE16385_UNTREATED_VS_12H_IFNG_TNF_TREATED_MACROPHAGE_DN	0.2662250232135094			
GO_CELL_MIGRATION_INVOLVED_IN_HEART_DEVELOPMENT	0.2662148278087508			
PID_LYMPH_ANGIOGENESIS_PATHWAY	0.2662078638708731			
GSE18791_UNSTIM_VS_NEWCATSLE_VIRUS_DC_1H_UP	0.26618715453944203			
GO_PROTEIN_LOCALIZATION_TO_CILIUM	0.26618136582027757			
GO_GLOSSOPHARYNGEAL_NERVE_DEVELOPMENT	0.2661745084147332			
GSE13522_CTRL_VS_T_CRUZI_Y_STRAIN_INF_SKIN_IFNAR_KO_DN	0.2661701863188498			
GO_CALCIUM_ION_REGULATED_EXOCYTOSIS_OF_NEUROTRANSMITTER	0.2661615618738688			
MIR1306_5P	0.26613884729601395			
GO_POSITIVE_REGULATION_OF_ANIMAL_ORGAN_MORPHOGENESIS	0.26611214086747637			
GO_CARTILAGE_MORPHOGENESIS	0.2661076627540927			
GO_REGULATION_OF_INTRACELLULAR_PROTEIN_TRANSPORT	0.2660912160299517			
GO_CELLULAR_RESPONSE_TO_VASCULAR_ENDOTHELIAL_GROWTH_FACTOR_STIMULUS	0.2660742902879912			
GO_PARTURITION	0.2660707155600057			
GSE40068_CXCR5POS_BCL6POS_TFH_VS_CXCR5NEG_BCL6NEG_CD4_TCELL_DN	0.2660648138180322			
CTTTGCA_MIR527	0.2660424238057467			
GSE17721_LPS_VS_GARDIQUIMOD_4H_BMDC_DN	0.2660389692049002			
GO_NEGATIVE_REGULATION_OF_HOMOTYPIC_CELL_CELL_ADHESION	0.26603485233445756			
GO_DICHOTOMOUS_SUBDIVISION_OF_TERMINAL_UNITS_INVOLVED_IN_SALIVARY_GLAND_BRANCHING	0.26603064649875596			
IPA_HDAC6_UP	0.2660291936150192			
GSE42724_MEMORY_VS_B1_BCELL_DN	0.26602024510475347			
GO_AUDITORY_RECEPTOR_CELL_DEVELOPMENT	0.26601741646905497			
GO_CELLULAR_COMPONENT_DISASSEMBLY	0.2660137037577888			
GO_NOTCH_BINDING	0.2660129454642489			
TONKS_TARGETS_OF_RUNX1_RUNX1T1_FUSION_GRANULOCYTE_UP	0.2660127669988094			
GO_ANCHORED_COMPONENT_OF_PLASMA_MEMBRANE	0.2660078639361557			
CROMER_TUMORIGENESIS_DN	0.2659928605534095			
ZNF548_TARGET_GENES	0.2659899645642792			
CHIANG_LIVER_CANCER_SUBCLASS_PROLIFERATION_UP	0.2659838189436257			
GSE26030_UNSTIM_VS_RESTIM_TH17_DAY15_POST_POLARIZATION_DN	0.2659834180351305			
REACTOME_HSF1_ACTIVATION	0.265962121739879			
IPA_OVOL1_UP	0.2659545233640373			
GO_NEGATIVE_REGULATION_OF_PATHWAY_RESTRICTED_SMAD_PROTEIN_PHOSPHORYLATION	0.26594926478628905			
GSE20727_CTRL_VS_ROS_INH_AND_DNFB_ALLERGEN_TREATED_DC_DN	0.2659257158619221			
GO_UBIQUITIN_DEPENDENT_SMAD_PROTEIN_CATABOLIC_PROCESS	0.2659142884712437			
GGATTA_PITX2_Q2	0.26591169727651404			
GO_PLATELET_ALPHA_GRANULE	0.2658999115993922			
GO_SCAVENGER_RECEPTOR_ACTIVITY	0.26589888707543796			
GO_COFACTOR_METABOLIC_PROCESS	0.2658876438395908			
GSE25088_WT_VS_STAT6_KO_MACROPHAGE_ROSIGLITAZONE_AND_IL4_STIM_UP	0.2658825680845457			
GRAHAM_CML_QUIESCENT_VS_NORMAL_DIVIDING_UP	0.2658667931142542			
GO_REGULATION_OF_INTERLEUKIN_1_MEDIATED_SIGNALING_PATHWAY	0.26585039608134997			
GSE16385_MONOCYTE_VS_12H_IFNG_TNF_TREATED_MACROPHAGE_UP	0.26583601937151			
LET_7A_3P	0.2658358912321387			
MIR561_3P	0.2658244199316998			
GO_ACTIN_CROSSLINK_FORMATION	0.26581723111158967			
REACTOME_P130CAS_LINKAGE_TO_MAPK_SIGNALING_FOR_INTEGRINS	0.2658122233902733			
BORCZUK_MALIGNANT_MESOTHELIOMA_UP	0.265785221393316			
GSE5589_UNSTIM_VS_45MIN_LPS_AND_IL10_STIM_MACROPHAGE_DN	0.26578312559864753			
GSE18893_TCONV_VS_TREG_2H_CULTURE_DN	0.2657703553479137			
GO_REGULATION_OF_CYSTEINE_TYPE_ENDOPEPTIDASE_ACTIVITY	0.26576258539549874			
GAUTSCHI_SRC_SIGNALING	0.2657448577041884			
GO_REGULATION_OF_AXON_GUIDANCE	0.2657363668449653			
GO_DETOXIFICATION_OF_INORGANIC_COMPOUND	0.2657190222236309			
GSE17721_0.5H_VS_24H_CPG_BMDC_DN	0.265714966702048			
GO_ESTABLISHMENT_OF_PROTEIN_LOCALIZATION_TO_POSTSYNAPTIC_MEMBRANE	0.26569931084339704			
GO_NEGATIVE_REGULATION_OF_MITOCHONDRION_ORGANIZATION	0.26569446198637436			
REACTOME_METHYLATION	0.2656847532195785			
LIM_MAMMARY_LUMINAL_MATURE_DN	0.26568441791084374			
GSE40274_FOXP3_VS_FOXP3_AND_LEF1_TRANSDUCED_ACTIVATED_CD4_TCELL_UP	0.265674513367076			
HUANG_GATA2_TARGETS_DN	0.26566902612274024			
GO_NEGATIVE_REGULATION_OF_T_HELPER_CELL_DIFFERENTIATION	0.26566124816668596			
GO_POLYSACCHARIDE_CATABOLIC_PROCESS	0.26563116514450813			
JIANG_TIP30_TARGETS_DN	0.26562857741029317			
GSE19825_NAIVE_VS_IL2RALOW_DAY3_EFF_CD8_TCELL_UP	0.26562398091855893			
GO_EPITHELIAL_CELL_FATE_COMMITMENT	0.26561498624468766			
IPA_GATA6_UP	0.26560827721488084			
GSE1448_CTRL_VS_ANTI_VBETA5_DP_THYMOCYTE_DN	0.2656082524180709			
MIR4752	0.2655980732490517			
GSE17721_LPS_VS_CPG_0.5H_BMDC_DN	0.26559298898602635			
GO_RESPONSE_TO_DRUG	0.26559018446819166			
GSE32423_MEMORY_VS_NAIVE_CD8_TCELL_DN	0.2655768385406627			
GO_EXTRAEMBRYONIC_MEMBRANE_DEVELOPMENT	0.2655709398948255			
ZHANG_TARGETS_OF_EWSR1_FLI1_FUSION	0.2655704982949189			
GO_1_4_ALPHA_OLIGOGLUCAN_PHOSPHORYLASE_ACTIVITY	0.2655665022193834			
GSE46606_UNSTIM_VS_CD40L_IL2_IL5_3DAY_STIMULATED_IRF4HIGH_SORTED_BCELL_UP	0.26555980144084923			
MIR6765_3P	0.2655324386565843			
GO_O_GLYCAN_PROCESSING	0.26551830014335037			
GO_REGULATION_OF_RECEPTOR_INTERNALIZATION	0.2655046322359501			
GSE2128_CTRL_VS_MIMETOPE_NEGATIVE_SELECTION_DP_THYMOCYTE_C57BL6_DN	0.2654725765392209			
BRUINS_UVC_RESPONSE_VIA_TP53_GROUP_A	0.2654694576624944			
GO_VACUOLAR_PROTON_TRANSPORTING_V_TYPE_ATPASE_COMPLEX	0.2654623551817429			
GSE46606_UNSTIM_VS_CD40L_IL2_IL5_3DAY_STIMULATED_IRF4_KO_BCELL_UP	0.2654519775611546			
PID_BETA_CATENIN_DEG_PATHWAY	0.2654450582831493			
GO_POSITIVE_REGULATION_OF_MESENCHYMAL_CELL_PROLIFERATION	0.26544059366857026			
GO_MITOCHONDRIAL_MEMBRANE_ORGANIZATION	0.2654336736859454			
REACTOME_AFLATOXIN_ACTIVATION_AND_DETOXIFICATION	0.2654296867822985			
SRSF4_TARGET_GENES	0.2654139295926941			
GGGACCA_MIR133A_MIR133B	0.26540948286276295			
GO_THIOESTERASE_BINDING	0.2654073404069802			
GSE33424_CD161_HIGH_VS_INT_CD8_TCELL_UP	0.2654008241642757			
GSE17186_NAIVE_VS_CD21LOW_TRANSITIONAL_BCELL_CORD_BLOOD_DN	0.26539802669507717			
GSE37605_TREG_VS_TCONV_C57BL6_FOXP3_IRES_GFP_UP	0.26538806934962933			
GSE3982_CTRL_VS_PMA_STIM_EOSINOPHIL_DN	0.26533212876829304			
GSE20366_EX_VIVO_VS_DEC205_CONVERSION_UP	0.265330909430821			
GSE360_HIGH_DOSE_B_MALAYI_VS_M_TUBERCULOSIS_DC_DN	0.2653283875008127			
GSE19772_HCMV_INFL_VS_HCMV_INF_MONOCYTES_AND_PI3K_INHIBITION_DN	0.26531672002619744			
MIR6760_5P	0.2653127588281565			
GSE46606_IRF4HIGH_VS_WT_CD40L_IL2_IL5_DAY1_STIMULATED_BCELL_DN	0.2653059015432189			
GO_VASCULAR_ENDOTHELIAL_GROWTH_FACTOR_RECEPTOR_BINDING	0.2653035577020859			
GSE7831_UNSTIM_VS_CPG_STIM_PDC_1H_DN	0.2653000274723303			
ROSS_AML_WITH_CBFB_MYH11_FUSION	0.2652974465338402			
GSE41867_DAY6_VS_DAY8_LCMV_ARMSTRONG_EFFECTOR_CD8_TCELL_UP	0.26527394603640375			
GSE37533_PPARG1_FOXP3_VS_PPARG2_FOXP3_TRANSDUCED_CD4_TCELL_PIOGLITAZONE_TREATED_UP	0.26527346015267633			
GO_A_BAND	0.2652550892805081			
MIR4705	0.26525470171152515			
GO_INTRINSIC_APOPTOTIC_SIGNALING_PATHWAY_BY_P53_CLASS_MEDIATOR	0.26525127753440536			
GAVIN_FOXP3_TARGETS_CLUSTER_P3	0.26524689081015107			
GSE17721_CPG_VS_GARDIQUIMOD_16H_BMDC_UP	0.2652431273875711			
GSE14308_TH2_VS_INDUCED_TREG_UP	0.26524220636591767			
GO_GLYCEROLIPID_METABOLIC_PROCESS	0.2652414831921592			
REACTOME_SIGNALING_BY_FGFR2_IIIA_TM	0.2652373032494623			
GO_REGULATION_OF_DNA_TEMPLATED_TRANSCRIPTION_IN_RESPONSE_TO_STRESS	0.2652235990001854			
MIR1236_3P	0.26522188977081296			
GO_POSITIVE_REGULATION_OF_LAMELLIPODIUM_MORPHOGENESIS	0.2652092062948144			
IPA_IRF2_DN	0.2652066178961717			
GSE360_LOW_DOSE_B_MALAYI_VS_M_TUBERCULOSIS_DC_DN	0.26520601026853013			
MIR370_5P	0.2651938254301541			
IPA_HMGA2_DN	0.26518490766312974			
GSE40274_CTRL_VS_IRF4_TRANSDUCED_ACTIVATED_CD4_TCELL_DN	0.2651842089178999			
MARTINEZ_RB1_AND_TP53_TARGETS_UP	0.2651756097974709			
BYSTRYKH_HEMATOPOIESIS_STEM_CELL_QTL_CIS	0.26516610313044797			
GO_CELLULAR_RESPONSE_TO_INSULIN_STIMULUS	0.2651531533986405			
MIR4726_3P	0.2651360040588831			
IPA_MED1_DN	0.2651212598950303			
GO_CEREBELLAR_GRANULAR_LAYER_DEVELOPMENT	0.2651087940404799			
CAGCTTT_MIR320	0.26510652387949846			
GSE41867_LCMV_ARMSTRONG_VS_CLONE13_DAY8_EFFECTOR_CD8_TCELL_DN	0.26510473391692413			
IPA_SMAD1_DN	0.26508518727997993			
chr20q11	0.265068596288697			
TGGAAA_NFAT_Q4_01	0.265063229338693			
GO_SARCOPLASM	0.2650565688353076			
GSE27786_BCELL_VS_NKCELL_DN	0.2650256641499175			
GO_NOTCH_SIGNALING_INVOLVED_IN_HEART_DEVELOPMENT	0.2650165693336802			
RUIZ_TNC_TARGETS_UP	0.265013051486471			
GSE17721_LPS_VS_POLYIC_16H_BMDC_DN	0.26501126190612356			
GSE23321_EFFECTOR_MEMORY_VS_NAIVE_CD8_TCELL_UP	0.2649973694778637			
GSE36826_NORMAL_VS_STAPH_AUREUS_INF_SKIN_UP	0.26499348699168956			
KOHOUTEK_CCNT2_TARGETS	0.2649818126453152			
MIR6515_3P	0.2649606019525979			
IPA_HHEX_DN	0.2649603064471222			
GO_REGULATION_OF_MACROAUTOPHAGY	0.26493500193524583			
GO_COLLECTING_DUCT_DEVELOPMENT	0.2649301246072319			
GSE11961_MEMORY_BCELL_DAY7_VS_GERMINAL_CENTER_BCELL_DAY7_UP	0.2649238065740364			
GO_OXIDOREDUCTASE_ACTIVITY_ACTING_ON_THE_ALDEHYDE_OR_OXO_GROUP_OF_DONORS	0.26490917723445634			
IPA_ZEB2_DN	0.26490011753390197			
GO_POSITIVE_REGULATION_OF_FILOPODIUM_ASSEMBLY	0.2648913870605236			
GO_CELLULAR_RESPONSE_TO_LEPTIN_STIMULUS	0.264879790080459			
GSE5542_IFNG_VS_IFNA_AND_IFNG_TREATED_EPITHELIAL_CELLS_6H_DN	0.2648732998217164			
SATO_SILENCED_EPIGENETICALLY_IN_PANCREATIC_CANCER	0.26486073854841885			
AP4_01	0.2648589394772823			
GO_GLOMERULAR_MESANGIUM_DEVELOPMENT	0.26485287401895713			
PID_MYC_REPRESS_PATHWAY	0.26483076568656444			
RUAN_RESPONSE_TO_TROGLITAZONE_UP	0.26482236113230934			
GALIE_TUMOR_STEMNESS_GENES	0.26482089156204164			
PID_NFAT_TFPATHWAY	0.26480068618234065			
GO_CELLULAR_CARBOHYDRATE_METABOLIC_PROCESS	0.2647893054030666			
IPA_ETS2_DN	0.26478860848917984			
GO_REGULATION_OF_RESPONSE_TO_DRUG	0.26478198546228465			
GO_REGULATION_OF_CELL_ADHESION	0.2647679865554971			
KRAS.LUNG.BREAST_UP.V1_UP	0.2647629791279822			
IPA_NR1H4_DN	0.2647455984470206			
GO_HEPATOCYTE_GROWTH_FACTOR_RECEPTOR_SIGNALING_PATHWAY	0.26473698404021717			
GO_REGULATION_OF_FAT_CELL_DIFFERENTIATION	0.2647317230588485			
GSE43700_UNTREATED_VS_IL10_TREATED_PBMC_UP	0.26472485376507815			
GO_REGULATION_OF_CELL_CELL_ADHESION_MEDIATED_BY_CADHERIN	0.26472420824929066			
GO_RECEPTOR_MEDIATED_ENDOCYTOSIS	0.2647199417140017			
JOHNSTONE_PARVB_TARGETS_2_DN	0.2647176342894867			
GO_ARTERY_MORPHOGENESIS	0.2647097872174308			
GO_ACTIVE_TRANSMEMBRANE_TRANSPORTER_ACTIVITY	0.2646981809835695			
GSE14699_DELETIONAL_TOLERANCE_VS_ACTIVATED_CD8_TCELL_UP	0.2646772121750888			
KEGG_LIMONENE_AND_PINENE_DEGRADATION	0.264676349662825			
IPA_NEUROG2_UP	0.26467123305290646			
HAN_JNK_SINGALING_DN	0.264669837288478			
REACTOME_ORGANIC_CATION_TRANSPORT	0.2646686934889819			
GO_INTRACILIARY_TRANSPORT	0.2646529653077474			
BIOCARTA_NUCLEARRS_PATHWAY	0.2646245069738101			
GO_CELLULAR_RESPONSE_TO_AMINO_ACID_STIMULUS	0.26460904352155495			
GO_NEGATIVE_REGULATION_OF_CALCINEURIN_MEDIATED_SIGNALING	0.2646070993295225			
BERENJENO_TRANSFORMED_BY_RHOA_UP	0.26460594504512275			
KEGG_PROSTATE_CANCER	0.2645954228613048			
MIR6753_3P	0.26457021144147747			
HSF2_01	0.2645587534107976			
HOLLERN_SOLID_NODULAR_BREAST_TUMOR_DN	0.2645549342733846			
REACTOME_ACTIVATION_OF_PPARGC1A_PGC_1ALPHA_BY_PHOSPHORYLATION	0.2645473616383439			
GO_COP9_SIGNALOSOME	0.2645466002464497			
GO_SEMAPHORIN_RECEPTOR_BINDING	0.264532327017234			
GSE32255_UNSTIM_VS_4H_LPS_STIM_DC_DN	0.2645249474038082			
GO_VOLTAGE_GATED_CALCIUM_CHANNEL_ACTIVITY	0.2645031495782748			
REACTOME_NR1H2_NR1H3_REGULATE_GENE_EXPRESSION_TO_LIMIT_CHOLESTEROL_UPTAKE	0.26449002362879515			
GO_NEGATIVE_REGULATION_OF_PROTEIN_LOCALIZATION_TO_CELL_SURFACE	0.2644716427669202			
NFKB_C	0.26444113992392526			
chr16q21	0.2644340266190124			
GSE41176_UNSTIM_VS_ANTI_IGM_STIM_TAK1_KO_BCELL_24H_DN	0.2644214436262606			
GO_INTRINSIC_COMPONENT_OF_SYNAPTIC_MEMBRANE	0.2644021664890349			
GO_PROSTATE_GLANDULAR_ACINUS_DEVELOPMENT	0.2643848620162872			
GO_MEMBRANE_PROTEIN_ECTODOMAIN_PROTEOLYSIS	0.2643476402902479			
GSE45365_NK_CELL_VS_CD8A_DC_MCMV_INFECTION_DN	0.2643340087889264			
GO_CELLULAR_RESPONSE_TO_PEPTIDE	0.2643116732146534			
GO_VENTRICULAR_CARDIAC_MUSCLE_CELL_DIFFERENTIATION	0.2642941016973461			
GO_MYELIN_MAINTENANCE	0.2642859077562557			
GSE17721_POLYIC_VS_CPG_2H_BMDC_DN	0.26428467198658046			
GO_PHOSPHATASE_BINDING	0.26427250535977637			
GSE40277_EOS_AND_LEF1_TRANSDUCED_VS_GATA1_AND_SATB1_TRANSDUCED_CD4_TCELL_UP	0.2642567317101199			
GO_REGULATION_OF_LONG_TERM_SYNAPTIC_POTENTIATION	0.26425058760650705			
GSE27859_MACROPHAGE_VS_CD11C_INT_F480_HI_MACROPHAGE_UP	0.2642480116300754			
GO_PML_BODY_ORGANIZATION	0.26423822184463663			
GO_C21_STEROID_HORMONE_BIOSYNTHETIC_PROCESS	0.26421770261222194			
chr11q13	0.26420743635095695			
IPA_HESX1_DN	0.26419665419693583			
GO_LIPID_STORAGE	0.2641882183927416			
FOXG1_TARGET_GENES	0.2641795877366392			
HOELZEL_NF1_TARGETS_DN	0.2641678606824484			
BOCHKIS_FOXA2_TARGETS	0.2641570040185569			
GO_CEREBRAL_CORTEX_RADIALLY_ORIENTED_CELL_MIGRATION	0.2641508863021776			
ROETH_TERT_TARGETS_UP	0.26413910486390746			
GO_ATPASE_DEPENDENT_TRANSMEMBRANE_TRANSPORT_COMPLEX	0.2641364040709462			
IPA_KLF2_UP	0.2641352812237446			
GO_PH_REDUCTION	0.26413083802122544			
GO_PHOTORECEPTOR_RIBBON_SYNAPSE	0.26409546254233707			
GSE7831_UNSTIM_VS_INFLUENZA_STIM_PDC_1H_UP	0.2640888457520599			
MIR339_5P	0.26408185832306225			
GO_CHAPERONE_BINDING	0.26408028231225683			
KAYO_CALORIE_RESTRICTION_MUSCLE_UP	0.2640707028428854			
IVANOVA_HEMATOPOIESIS_STEM_CELL_AND_PROGENITOR	0.26406581168028015			
MIR30A_3P	0.2640637089633507			
IPA_SKIL_DN	0.26402493934467947			
PETRETTO_BLOOD_PRESSURE_UP	0.26401909065435225			
GO_POSITIVE_REGULATION_OF_MONONUCLEAR_CELL_MIGRATION	0.2640122627536881			
EN1_01	0.2640117172778746			
ZHENG_GLIOBLASTOMA_PLASTICITY_UP	0.2640116174511456			
ZIC2_01	0.26399835084762724			
GO_POSITIVE_REGULATION_OF_EXTRACELLULAR_MATRIX_ASSEMBLY	0.2639858575464681			
GSE41867_NAIVE_VS_DAY30_LCMV_CLONE13_EXHAUSTED_CD8_TCELL_UP	0.26396948539518406			
GO_NEGATIVE_REGULATION_OF_MYELINATION	0.2639512196371028			
MIR605_3P	0.26393061554742514			
GSE17721_LPS_VS_PAM3CSK4_8H_BMDC_DN	0.2639304939965838			
GSE17721_CTRL_VS_GARDIQUIMOD_8H_BMDC_UP	0.2639281983205327			
GO_HORMONE_CATABOLIC_PROCESS	0.2639234679952067			
TGCCAAR_NF1_Q6	0.2639128370946352			
GSE3982_MAC_VS_CENT_MEMORY_CD4_TCELL_UP	0.2639057775485063			
GSE21033_CTRL_VS_POLYIC_STIM_DC_1H_DN	0.2638985737692543			
MIR30E_3P	0.26385708617030473			
ZIRN_TRETINOIN_RESPONSE_DN	0.26383947918444806			
YAP1_UP	0.26383757974996763			
GO_LEPTIN_MEDIATED_SIGNALING_PATHWAY	0.26383198468681374			
GO_REGULATION_OF_EXTRACELLULAR_MATRIX_ORGANIZATION	0.26383042416025093			
GSE15750_WT_VS_TRAF6KO_DAY10_EFF_CD8_TCELL_UP	0.26382977925662165			
CCAWWNAAGG_SRF_Q4	0.2638230000336386			
MIR96_5P	0.2638197744043742			
KASLER_HDAC7_TARGETS_2_DN	0.26381904468553746			
GO_REGULATION_OF_VASCULAR_PERMEABILITY	0.2638187696384246			
GO_NEGATIVE_REGULATION_OF_METALLOENDOPEPTIDASE_ACTIVITY	0.2638158424670231			
IPA_ASCL1_DN	0.26379712758601886			
GO_REGULATION_OF_SMAD_PROTEIN_COMPLEX_ASSEMBLY	0.26377877856904913			
MIR1301_3P_MIR5047	0.26376308595229775			
REACTOME_BETA_OXIDATION_OF_VERY_LONG_CHAIN_FATTY_ACIDS	0.2637621414195421			
YAO_TEMPORAL_RESPONSE_TO_PROGESTERONE_CLUSTER_13	0.26372465751575785			
SCIBETTA_KDM5B_TARGETS_UP	0.26370849137177105			
GSE17721_LPS_VS_CPG_12H_BMDC_DN	0.2637076838649577			
GO_MODULATION_BY_HOST_OF_VIRAL_GENOME_REPLICATION	0.2637074671015063			
GO_PLUS_END_DIRECTED_ORGANELLE_TRANSPORT_ALONG_MICROTUBULE	0.2637013057165296			
GO_ALKALI_METAL_ION_BINDING	0.26368446824129615			
GO_SUGAR_TRANSMEMBRANE_TRANSPORTER_ACTIVITY	0.26366186006975717			
DORN_ADENOVIRUS_INFECTION_24HR_UP	0.26365802446947434			
SMAD3_Q6	0.263648401152903			
KANNAN_TP53_TARGETS_DN	0.2636299510484666			
GO_ASTRAL_MICROTUBULE_ORGANIZATION	0.263620674119664			
GO_GLUCURONOSYLTRANSFERASE_ACTIVITY	0.26361528581895416			
GO_RECEPTOR_BIOSYNTHETIC_PROCESS	0.2636126013832223			
GO_CELLULAR_RESPONSE_TO_GAMMA_RADIATION	0.26359331046472106			
NIKOLSKY_BREAST_CANCER_15Q26_AMPLICON	0.26357390672441844			
GO_REGULATION_OF_TAU_PROTEIN_KINASE_ACTIVITY	0.26354811565251846			
GSE31082_DP_VS_CD8_SP_THYMOCYTE_DN	0.2635414190638981			
ZNF248_TARGET_GENES	0.263534286509061			
GO_POSITIVE_REGULATION_OF_MITOCHONDRIAL_CALCIUM_ION_CONCENTRATION	0.26353010102137675			
GSE5589_LPS_VS_LPS_AND_IL6_STIM_MACROPHAGE_45MIN_UP	0.26352563223403297			
GSE2706_R848_VS_LPS_2H_STIM_DC_DN	0.2635096469646215			
GO_POSITIVE_REGULATION_OF_BIOMINERALIZATION	0.26347504545658845			
BIOCARTA_ACE2_PATHWAY	0.26345864223165794			
IPA_MAFB_UP	0.2634266642387091			
GSE13306_RA_VS_UNTREATED_MEM_CD4_TCELL_DN	0.2634195046888575			
LHX3_TARGET_GENES	0.2634150731324666			
BIOCARTA_PELP1_PATHWAY	0.2634128243703716			
MIKKELSEN_NPC_HCP_WITH_H3K27ME3	0.263404621177918			
THUM_SYSTOLIC_HEART_FAILURE_DN	0.26340421017314813			
SWEET_LUNG_CANCER_KRAS_DN	0.26340201553555764			
REACTOME_PLASMA_LIPOPROTEIN_CLEARANCE	0.2633966022479554			
GO_ACTIN_POLYMERIZATION_OR_DEPOLYMERIZATION	0.2633850512009997			
GO_REGULATION_OF_DNA_BINDING	0.26337426544016806			
REACTOME_SODIUM_COUPLED_PHOSPHATE_COTRANSPORTERS	0.2633458518564126			
MIR615_5P	0.26332532216792			
GSE27786_BCELL_VS_MONO_MAC_DN	0.2633231395478487			
GO_DEVELOPMENT_OF_SECONDARY_SEXUAL_CHARACTERISTICS	0.2633177046468801			
GSE37533_UNTREATED_VS_PIOGLIZATONE_TREATED_CD4_TCELL_FOXP3_TRASDUCED_CD4_TCELL_UP	0.26331651346958823			
REACTOME_INTRA_GOLGI_AND_RETROGRADE_GOLGI_TO_ER_TRAFFIC	0.2633043592327096			
GO_PLATELET_DENSE_GRANULE_LUMEN	0.2632780301301236			
GO_INNER_CELL_MASS_CELL_DIFFERENTIATION	0.26325786303442206			
LEE_AGING_CEREBELLUM_UP	0.2632504968178164			
GO_CILIUM_ORGANIZATION	0.26324830882811734			
GO_EMBRYONIC_CAMERA_TYPE_EYE_MORPHOGENESIS	0.26324791750820853			
GO_EXTRACELLULAR_MATRIX_STRUCTURAL_CONSTITUENT_CONFERRING_TENSILE_STRENGTH	0.26324218526035564			
GO_COMPLEX_OF_COLLAGEN_TRIMERS	0.26321946402854374			
chr6p12	0.2632109042650946			
REACTOME_OVARIAN_TUMOR_DOMAIN_PROTEASES	0.2632083434295503			
GO_EMBRYONIC_BODY_MORPHOGENESIS	0.26320077876363174			
GO_TRANSITION_METAL_ION_TRANSMEMBRANE_TRANSPORTER_ACTIVITY	0.2631995997630508			
REACTOME_NEGATIVE_REGULATION_OF_TCF_DEPENDENT_SIGNALING_BY_WNT_LIGAND_ANTAGONISTS	0.2631841904728717			
PCBP2_TARGET_GENES	0.2631784111160182			
GO_MUSCLE_CONTRACTION	0.2631524683838023			
BIOCARTA_CHREBP_PATHWAY	0.2631505713650421			
GO_GLYCOSAMINOGLYCAN_BINDING	0.26314815372493205			
GO_GOLGI_ASSOCIATED_VESICLE_MEMBRANE	0.2631346324941561			
GO_REGULATION_OF_MICROVILLUS_ASSEMBLY	0.2631275396455209			
REACTOME_NTRK2_ACTIVATES_RAC1	0.2631200262818175			
GO_INNER_EAR_MORPHOGENESIS	0.2631190545538304			
IPA_JUN_UP	0.2631152358281823			
REACTOME_METAL_ION_SLC_TRANSPORTERS	0.2631128071395602			
NIKOLSKY_BREAST_CANCER_7Q21_Q22_AMPLICON	0.26310452638569126			
GSE17721_POLYIC_VS_PAM3CSK4_0.5H_BMDC_DN	0.2631004029045937			
GSE45365_BCELL_VS_CD8_TCELL_UP	0.2630927679075261			
GSE32986_UNSTIM_VS_GMCSF_AND_CURDLAN_HIGHDOSE_STIM_DC_UP	0.2630862619367612			
GO_TYPE_B_PANCREATIC_CELL_DEVELOPMENT	0.2630836845840724			
HTF_01	0.2630778735566725			
GSE2706_UNSTIM_VS_2H_R848_DC_DN	0.263075427985141			
GSE36888_UNTREATED_VS_IL2_TREATED_STAT5_AB_KNOCKIN_TCELL_6H_DN	0.2630678354306308			
GO_NEGATIVE_REGULATION_OF_SPHINGOLIPID_BIOSYNTHETIC_PROCESS	0.2630589695284456			
GO_MULTINUCLEAR_OSTEOCLAST_DIFFERENTIATION	0.2630322715969855			
VARELA_ZMPSTE24_TARGETS_DN	0.2630182195529081			
GSE11961_GERMINAL_CENTER_BCELL_DAY7_VS_MEMORY_BCELL_DAY40_UP	0.2630171406541968			
MIR6847_3P	0.2630081971316703			
MIR423_5P	0.262980284330804			
GO_NEGATIVE_REGULATION_OF_CELL_ADHESION_MEDIATED_BY_INTEGRIN	0.26297019908273117			
GSE40666_UNTREATED_VS_IFNA_STIM_STAT4_KO_EFFECTOR_CD8_TCELL_90MIN_UP	0.26295801059387053			
GO_TRIGEMINAL_GANGLION_DEVELOPMENT	0.26294746514900014			
MIR5088_5P	0.26293806286809185			
MIR5586_5P	0.2629163762489535			
GSE13522_WT_VS_IFNAR_KO_SKIN_UP	0.2628963867935179			
IPA_HMGA1_UP	0.26289083897471593			
MIR1275	0.2628905493179007			
GSE23321_CENTRAL_MEMORY_VS_NAIVE_CD8_TCELL_UP	0.26288698144267647			
MIKKELSEN_IPS_ICP_WITH_H3K4ME3_AND_H327ME3	0.2628845624657619			
GO_LIGAND_ACTIVATED_TRANSCRIPTION_FACTOR_ACTIVITY	0.26288284825033903			
GO_ORGANIC_HYDROXY_COMPOUND_METABOLIC_PROCESS	0.26287775757031956			
GO_SYNAPTIC_VESICLE_RECYCLING	0.26286466959470156			
GO_ZINC_ION_TRANSMEMBRANE_TRANSPORT	0.26285895551589206			
MEINHOLD_OVARIAN_CANCER_LOW_GRADE_UP	0.26285734174761644			
GSE13485_DAY3_VS_DAY7_YF17D_VACCINE_PBMC_DN	0.2628538286791366			
ZNF292_TARGET_GENES	0.26284621386541923			
GO_COFACTOR_BIOSYNTHETIC_PROCESS	0.2628133684921384			
GO_REGULATION_OF_DNA_DAMAGE_RESPONSE_SIGNAL_TRANSDUCTION_BY_P53_CLASS_MEDIATOR	0.2628125488497717			
GO_PROTEIN_REFOLDING	0.2627993908163712			
GO_NEGATIVE_REGULATION_OF_CELL_GROWTH	0.2627895998239355			
KENNY_CTNNB1_TARGETS_DN	0.26277804289620005			
IPA_GLI3_UP	0.2627776462373136			
ZSCAN2_TARGET_GENES	0.26275649149156477			
GO_INTRACELLULAR_STEROL_TRANSPORT	0.26274790385176544			
NFE2L2.V2	0.26274671834290875			
GSE360_CTRL_VS_M_TUBERCULOSIS_DC_DN	0.26272204545371663			
GSE26343_UNSTIM_VS_LPS_STIM_NFAT5_KO_MACROPHAGE_DN	0.2627170307030492			
GO_NEGATIVE_REGULATION_OF_LIPID_LOCALIZATION	0.26270973247052815			
GO_ION_TRANSPORT	0.2626968344027791			
GO_CUL2_RING_UBIQUITIN_LIGASE_COMPLEX	0.2626919289760989			
GO_REGULATION_OF_PHOSPHORYLATION	0.26269115658037756			
GO_CELLULAR_SENESCENCE	0.2626909657906205			
MIR3134	0.262684598902626			
BROWNE_HCMV_INFECTION_4HR_UP	0.2626743544359522			
MIR6859_5P	0.262644420635767			
REACTOME_MET_ACTIVATES_PI3K_AKT_SIGNALING	0.262640951246877			
GSE9946_IMMATURE_VS_LISTERIA_INF_MATURE_DC_UP	0.26263717038485074			
IPA_CREM_UP	0.26262763512459913			
MIR194_5P	0.26262585349636786			
GO_RESPONSE_TO_INSULIN	0.26261990992406076			
GO_OSTEOBLAST_PROLIFERATION	0.2626184722277526			
GO_L_GLUTAMATE_TRANSMEMBRANE_TRANSPORT	0.26261531191938775			
GO_OLIGOSACCHARYLTRANSFERASE_COMPLEX	0.26260131701113476			
GO_POSITIVE_REGULATION_OF_EPIDERMAL_GROWTH_FACTOR_ACTIVATED_RECEPTOR_ACTIVITY	0.2625916835225815			
GO_NEUROTRANSMITTER_RECEPTOR_REGULATOR_ACTIVITY	0.2625733579345606			
REACTOME_REGULATION_OF_GENE_EXPRESSION_IN_EARLY_PANCREATIC_PRECURSOR_CELLS	0.26256526279657766			
KAECH_NAIVE_VS_DAY15_EFF_CD8_TCELL_DN	0.2625634690713445			
GO_CEREBELLAR_CORTEX_FORMATION	0.2625496357106227			
CAHOY_OLIGODENDROCUTIC	0.26254419632507814			
WEBER_METHYLATED_IN_COLON_CANCER	0.26254365738643726			
GSE33162_UNTREATED_VS_4H_LPS_STIM_HDAC3_HET_MACROPHAGE_DN	0.26253572549782084			
CHANG_POU5F1_TARGETS_UP	0.2625061596151326			
GSE18804_SPLEEN_MACROPHAGE_VS_COLON_TUMORAL_MACROPHAGE_DN	0.26250279197832493			
GSE17721_POLYIC_VS_CPG_12H_BMDC_UP	0.26250254461349715			
ARNT2_TARGET_GENES	0.26249518190012			
MIR5006_5P	0.2624895922749373			
GALINDO_IMMUNE_RESPONSE_TO_ENTEROTOXIN	0.26248958913174353			
BYSTRYKH_HEMATOPOIESIS_STEM_CELL_QTL_TRANS	0.26248873672655976			
KEGG_GLYCEROPHOSPHOLIPID_METABOLISM	0.2624875327866475			
GO_MEMBRANE_FISSION	0.2624870170548305			
GSE37301_CD4_TCELL_VS_GRANULOCYTE_MONOCYTE_PROGENITOR_UP	0.2624839217327454			
MARKS_HDAC_TARGETS_DN	0.26246282380811325			
CTGTTAC_MIR194	0.2624529854980111			
REACTOME_TRIGLYCERIDE_METABOLISM	0.26244119451331616			
GSE11057_CD4_EFF_MEM_VS_PBMC_UP	0.26243328767057594			
PID_NOTCH_PATHWAY	0.2624295586916191			
IPA_IRF3_DN	0.26242720153912613			
GSE17721_POLYIC_VS_GARDIQUIMOD_1H_BMDC_DN	0.2624234666043964			
IPA_HNF4A_DN	0.2624084113244087			
MIR3138	0.26240533583895465			
GTTTGTT_MIR495	0.2623827447757615			
KIM_TIAL1_TARGETS	0.2623724880838477			
REACTOME_METABOLISM_OF_CARBOHYDRATES	0.26237169623565754			
GSE40277_EOS_AND_LEF1_TRANSDUCED_VS_CTRL_CD4_TCELL_UP	0.2623598311097096			
MIR183_5P	0.2623319225568536			
REACTOME_PRE_NOTCH_PROCESSING_IN_THE_ENDOPLASMIC_RETICULUM	0.262330951019465			
GO_STRIATED_MUSCLE_CONTRACTION	0.26231711577279065			
GO_CATECHOLAMINE_UPTAKE	0.2623074884625424			
TTANTCA_UNKNOWN	0.26230300783069216			
GSE36527_CD62L_HIGH_VS_CD62L_LOW_TREG_CD69_NEG_KLRG1_NEG_DN	0.26229756526363524			
MIR6873_5P	0.2622966017451922			
GO_LACRIMAL_GLAND_DEVELOPMENT	0.2622914063157656			
LANDEMAINE_LUNG_METASTASIS	0.2622855660992288			
MIR8066	0.2622846398014242			
OUELLET_OVARIAN_CANCER_INVASIVE_VS_LMP_DN	0.26227710844499946			
GSE5455_HEALTHY_VS_TUMOR_BEARING_MOUSE_SPLEEN_MONOCYTE_24H_INCUBATION_DN	0.2622538398056235			
HANN_RESISTANCE_TO_BCL2_INHIBITOR_DN	0.26224833788187996			
MIR16_1_3P	0.2622337083154946			
GO_PROTEIN_TRANSPORT_ALONG_MICROTUBULE	0.2622333572590363			
GO_CALCIUM_CHANNEL_INHIBITOR_ACTIVITY	0.26222261287859955			
GO_DENDRITE_SELF_AVOIDANCE	0.2622223405044381			
REACTOME_GAP_JUNCTION_ASSEMBLY	0.2622181504341267			
TAKEDA_TARGETS_OF_NUP98_HOXA9_FUSION_3D_UP	0.2622057522781156			
GSE39820_TGFBETA3_IL6_VS_TGFBETA3_IL6_IL23A_TREATED_CD4_TCELL_UP	0.2622050115499719			
GO_REGULATION_OF_EPITHELIAL_TO_MESENCHYMAL_TRANSITION_INVOLVED_IN_ENDOCARDIAL_CUSHION_FORMATION	0.2621995081623184			
MIR618	0.2621961702359229			
GO_ENDOPLASMIC_RETICULUM_TO_CYTOSOL_TRANSPORT	0.26218982774634736			
MIR3125	0.26217763182434556			
GSE37605_C57BL6_VS_NOD_FOXP3_IRES_GFP_TREG_UP	0.26216593424638823			
GO_ENDOCRINE_SYSTEM_DEVELOPMENT	0.2621382000697203			
DACOSTA_LOW_DOSE_UV_RESPONSE_VIA_ERCC3_XPCS_DN	0.2621287948469016			
REACTOME_REMOVAL_OF_AMINOTERMINAL_PROPEPTIDES_FROM_GAMMA_CARBOXYLATED_PROTEINS	0.2621174620057727			
GO_PROFILIN_BINDING	0.26210882929018525			
GO_CELLULAR_RESPONSE_TO_CALCIUM_ION	0.26210589191733963			
GSE3982_CTRL_VS_LPS_48H_DC_DN	0.2621022656650468			
BIOCARTA_FIBRINOLYSIS_PATHWAY	0.26209113596986383			
REACTOME_ERKS_ARE_INACTIVATED	0.2620754812515585			
AMIT_EGF_RESPONSE_20_HELA	0.26207502383972275			
GO_TAXIS	0.26206064594725026			
PEDRIOLI_MIR31_TARGETS_UP	0.2620441359794728			
GO_POSITIVE_REGULATION_OF_ENDOTHELIAL_CELL_DEVELOPMENT	0.2620272138236854			
GSE360_DC_VS_MAC_T_GONDII_UP	0.26201944311244857			
GO_MITOTIC_SPINDLE_ASSEMBLY	0.2620177423020615			
MIR6724_5P	0.2620174074088396			
GO_ORGANIC_ACID_METABOLIC_PROCESS	0.2620127641414058			
WNT_UP.V1_UP	0.261981562873998			
FOSTER_KDM1A_TARGETS_DN	0.2619805299143187			
BMI1_DN_MEL18_DN.V1_DN	0.26192662496160596			
GO_REGULATION_OF_MEMBRANE_PROTEIN_ECTODOMAIN_PROTEOLYSIS	0.26191923876055523			
GO_INTRACELLULAR_PROTEIN_TRANSPORT	0.2619176999074021			
GSE17186_NAIVE_VS_CD21LOW_TRANSITIONAL_BCELL_UP	0.2619169667684606			
GO_NEGATIVE_REGULATION_OF_NEURAL_PRECURSOR_CELL_PROLIFERATION	0.26191395917271443			
GSE29949_CD8_POS_DC_SPLEEN_VS_MONOCYTE_BONE_MARROW_UP	0.2619042929735764			
GO_PARANODAL_JUNCTION	0.2618992038919371			
GSE25123_WT_VS_PPARG_KO_MACROPHAGE_IL4_STIM_UP	0.26189488907904424			
GSE17721_POLYIC_VS_PAM3CSK4_16H_BMDC_UP	0.26188998756921217			
GSE6259_33D1_POS_VS_DEC205_POS_FLT3L_INDUCED_SPLENIC_DC_DN	0.26188409320944106			
GSE17301_CTRL_VS_48H_ACD3_ACD28_STIM_CD8_TCELL_DN	0.2618803566352582			
GSE15930_NAIVE_VS_72H_IN_VITRO_STIM_IL12_CD8_TCELL_DN	0.26187925792824523			
BOYAULT_LIVER_CANCER_SUBCLASS_G12_DN	0.2618685924218182			
ZHAN_V1_LATE_DIFFERENTIATION_GENES_UP	0.26186829887416607			
GO_BETA_CATENIN_DESTRUCTION_COMPLEX_DISASSEMBLY	0.2618526742391392			
TARTE_PLASMA_CELL_VS_B_LYMPHOCYTE_UP	0.2618465448469149			
TSUNODA_CISPLATIN_RESISTANCE_UP	0.26182528375342806			
GO_POSITIVE_REGULATION_OF_MOLECULAR_FUNCTION	0.2617766848455095			
GSE40274_HELIOS_VS_FOXP3_AND_HELIOS_TRANSDUCED_ACTIVATED_CD4_TCELL_UP	0.26177178806240076			
GO_REGULATION_OF_LOW_DENSITY_LIPOPROTEIN_PARTICLE_RECEPTOR_CATABOLIC_PROCESS	0.26174567588518016			
MIR15A_3P	0.26172780762114434			
GO_POSITIVE_REGULATION_OF_PLATELET_ACTIVATION	0.2617273765608952			
MIR210_5P	0.26170500290839405			
GSE7768_OVA_ALONE_VS_OVA_WITH_LPS_IMMUNIZED_MOUSE_WHOLE_SPLEEN_6H_DN	0.2617020355195608			
GO_OXIDOREDUCTASE_ACTIVITY_ACTING_ON_A_SULFUR_GROUP_OF_DONORS_OXYGEN_AS_ACCEPTOR	0.26170084837574953			
SRF_01	0.26168882380965774			
GO_POSITIVE_REGULATION_OF_INFLAMMATORY_RESPONSE	0.2616787424214044			
IPA_KDM5B_UP	0.261673140400516			
GO_AP_1_ADAPTOR_COMPLEX	0.2616729896468566			
GO_METANEPHRIC_NEPHRON_TUBULE_MORPHOGENESIS	0.26166147968866155			
GSE557_CIITA_KO_VS_I_AB_KO_DC_UP	0.26163355245740116			
GO_MKS_COMPLEX	0.26162921398812655			
GSE3982_BCELL_VS_BASOPHIL_DN	0.26162793196639045			
IPA_TADA3_UP	0.2616270962409255			
RODRIGUES_THYROID_CARCINOMA_ANAPLASTIC_DN	0.2616256109259357			
PUIFFE_INVASION_INHIBITED_BY_ASCITES_UP	0.2616097596277124			
KEGG_PRION_DISEASES	0.26159560020157724			
MIR6854_5P	0.26158602595521663			
GO_POSITIVE_REGULATION_OF_HAIR_CYCLE	0.2615685603884134			
GO_NEGATIVE_REGULATION_OF_ANION_TRANSMEMBRANE_TRANSPORT	0.2615507760085932			
IPA_PRKCD_UP	0.2615469911969736			
GO_CARDIAC_MUSCLE_TISSUE_REGENERATION	0.2615368470475644			
GSE360_L_DONOVANI_VS_M_TUBERCULOSIS_DC_UP	0.26152419444666164			
GO_PROTEIN_CONTAINING_COMPLEX_BINDING	0.26152381652230255			
GO_GOLGI_ORGANIZATION	0.26150334557659743			
GSE43955_TH0_VS_TGFB_IL6_TH17_ACT_CD4_TCELL_4H_DN	0.26149464222849095			
REACTOME_CONSTITUTIVE_SIGNALING_BY_AKT1_E17K_IN_CANCER	0.26149381589235143			
RAX2_TARGET_GENES	0.26149340448984726			
GO_POSITIVE_REGULATION_OF_EXTRINSIC_APOPTOTIC_SIGNALING_PATHWAY_IN_ABSENCE_OF_LIGAND	0.26148883427897757			
GO_SPINDLE_POLE_CENTROSOME	0.2614876077813202			
IPA_PDX1_DN	0.2614761560026655			
ZNF37A_TARGET_GENES	0.26146374477361506			
GO_GENITALIA_DEVELOPMENT	0.2614540845547292			
GO_NEGATIVE_REGULATION_OF_CYTOLYSIS	0.2614535719984945			
GSE5589_LPS_VS_LPS_AND_IL10_STIM_IL10_KO_MACROPHAGE_180MIN_UP	0.2614504153151779			
MIR625_5P	0.2614480494971691			
GSE32986_GMCSF_AND_CURDLAN_LOWDOSE_VS_GMCSF_AND_CURDLAN_HIGHDOSE_STIM_DC_DN	0.261416429898461			
GO_MAMMARY_GLAND_EPITHELIAL_CELL_DIFFERENTIATION	0.26136640726479043			
GO_INTRACELLULAR_CALCIUM_ACTIVATED_CHLORIDE_CHANNEL_ACTIVITY	0.26136439315708937			
KOINUMA_COLON_CANCER_MSI_DN	0.2613642064811718			
GO_CORPUS_CALLOSUM_MORPHOGENESIS	0.2613519631305752			
GSE10325_MYELOID_VS_LUPUS_MYELOID_DN	0.26134957845439			
MIR676_3P	0.2613470957408595			
GSE43863_TFH_VS_LY6C_INT_CXCR5POS_EFFECTOR_CD4_TCELL_UP	0.26134181931100836			
GO_BRANCHING_INVOLVED_IN_PROSTATE_GLAND_MORPHOGENESIS	0.26133172182778497			
GO_RESPONSE_TO_FATTY_ACID	0.26132532869729275			
GO_MONOCARBOXYLIC_ACID_TRANSMEMBRANE_TRANSPORTER_ACTIVITY	0.2613205586024123			
GSE43863_TH1_VS_TFH_MEMORY_CD4_TCELL_UP	0.26131247054997375			
MIR3619_3P	0.2613099950273499			
GO_REGULATION_OF_MICROVILLUS_ORGANIZATION	0.2613077045619569			
GO_AROMATASE_ACTIVITY	0.2612979838194725			
MIR3942_5P	0.2612907295904134			
MIR149_3P	0.2612906239861131			
GO_POSITIVE_REGULATION_OF_FIBROBLAST_MIGRATION	0.2612655178698494			
GO_REGULATION_OF_PROTEIN_MODIFICATION_PROCESS	0.2612539376968523			
REACTOME_PROTEIN_PROTEIN_INTERACTIONS_AT_SYNAPSES	0.26123957134655396			
GSE39820_CTRL_VS_TGFBETA1_IL6_IL23A_CD4_TCELL_DN	0.2612306233211199			
GSE4535_BM_DERIVED_DC_VS_FOLLICULAR_DC_UP	0.2612302849061574			
GO_CELLULAR_RESPONSE_TO_FOLLICLE_STIMULATING_HORMONE_STIMULUS	0.26122734392020625			
KEGG_DRUG_METABOLISM_OTHER_ENZYMES	0.2612050701401829			
TGTTTAC_MIR30A5P_MIR30C_MIR30D_MIR30B_MIR30E5P	0.26117078388521037			
GO_REGULATION_OF_POLYSACCHARIDE_METABOLIC_PROCESS	0.26114579600943894			
GSE23925_LIGHT_ZONE_VS_DARK_ZONE_BCELL_UP	0.2611444374041927			
MIR597_5P	0.26114197391736527			
GSE17721_CTRL_VS_POLYIC_6H_BMDC_DN	0.26112171536743484			
MIR3916	0.2611192568890333			
NF1_Q6_01	0.2611155016278816			
GO_G_PROTEIN_BETA_SUBUNIT_BINDING	0.2610882400480484			
GSE20366_CD103_KLRG1_DP_VS_DN_TREG_DN	0.2610834760198582			
HALLMARK_FATTY_ACID_METABOLISM	0.26106763737846134			
GO_CELL_MATURATION	0.261067018724368			
GO_REGULATION_OF_NIK_NF_KAPPAB_SIGNALING	0.26105028087465626			
GO_CELLULAR_RESPONSE_TO_SALT_STRESS	0.2610496889450336			
LINDGREN_BLADDER_CANCER_HIGH_RECURRENCE	0.2610488669751573			
GO_CELLULAR_RESPONSE_TO_LIPOPROTEIN_PARTICLE_STIMULUS	0.2610389276799703			
GO_REGULATION_OF_CARDIOCYTE_DIFFERENTIATION	0.261035675426408			
MIR648	0.2610330560193227			
GSE17721_CTRL_VS_GARDIQUIMOD_12H_BMDC_DN	0.26102844328724534			
MIR495_3P	0.2610208378822941			
GO_POSITIVE_REGULATION_OF_ALKALINE_PHOSPHATASE_ACTIVITY	0.2610097182423809			
GO_LIPOPROTEIN_PARTICLE_RECEPTOR_ACTIVITY	0.2610061092162669			
GO_POSITIVE_REGULATION_OF_REACTIVE_OXYGEN_SPECIES_BIOSYNTHETIC_PROCESS	0.2609865111850614			
GO_TETRAPYRROLE_BINDING	0.26098450732467454			
GO_GLYCOSIDE_CATABOLIC_PROCESS	0.26097981128329567			
GO_CARDIAC_CELL_DEVELOPMENT	0.26097291007833456			
IPA_SIX5_UP	0.260967534957469			
GSE40274_FOXP3_VS_FOXP3_AND_IRF4_TRANSDUCED_ACTIVATED_CD4_TCELL_UP	0.2609560906960113			
BIOCARTA_IL10_PATHWAY	0.2609536374406951			
MIR4442	0.26094799013434367			
GO_OXIDOREDUCTASE_ACTIVITY_ACTING_ON_THE_CH_CH_GROUP_OF_DONORS_QUINONE_OR_RELATED_COMPOUND_AS_ACCEPTOR	0.260947536827137			
GSE40274_FOXP3_VS_FOXP3_AND_PBX1_TRANSDUCED_ACTIVATED_CD4_TCELL_DN	0.26091641392487325			
ISHIDA_TARGETS_OF_SYT_SSX_FUSIONS	0.26090980264480557			
IPA_CENPA_UP	0.2608985652214055			
ZHU_CMV_8_HR_UP	0.2608796410689576			
MIR4712_3P	0.26087469652741774			
GSE37605_TREG_VS_TCONV_NOD_FOXP3_FUSION_GFP_DN	0.2608661226507185			
GO_CELL_DEATH_IN_RESPONSE_TO_OXIDATIVE_STRESS	0.26086156423599927			
REACTOME_AKT_PHOSPHORYLATES_TARGETS_IN_THE_CYTOSOL	0.2608506599088618			
GO_EPITHELIAL_FLUID_TRANSPORT	0.2608305345597844			
GSE34179_THPOK_KO_VS_WT_VA14I_NKTCELL_UP	0.2607930540760325			
REACTOME_RESPONSE_TO_METAL_IONS	0.2607702849638171			
GSE17721_LPS_VS_POLYIC_4H_BMDC_UP	0.26076431149261786			
GO_ANGIOGENESIS_INVOLVED_IN_WOUND_HEALING	0.26074230920802566			
GO_REGULATION_OF_PRESYNAPSE_ORGANIZATION	0.26074140245907784			
GO_NEGATIVE_CHEMOTAXIS	0.26074106332980007			
RAGHAVACHARI_PLATELET_SPECIFIC_GENES	0.26073783795832733			
MIR4325	0.26072571856867255			
GO_INTERMEDIATE_FILAMENT_ORGANIZATION	0.2607113316528704			
GO_RNA_STEM_LOOP_BINDING	0.2606967605825983			
GO_AUTOPHAGOSOME_MATURATION	0.2606901241070363			
WATANABE_COLON_CANCER_MSI_VS_MSS_UP	0.26068822475603165			
IPA_HOXC4_DN	0.26066972678634015			
GO_RETINA_LAYER_FORMATION	0.26066897857300547			
GO_GROWTH_FACTOR_COMPLEX	0.2606683267670583			
REACTOME_PROTEIN_REPAIR	0.26065227400906876			
GSE37416_CTRL_VS_24H_F_TULARENSIS_LVS_NEUTROPHIL_DN	0.26064999430279867			
GO_PHAGOSOME_ACIDIFICATION	0.2606328352594342			
GO_INTERLEUKIN_1_BINDING	0.2606322716727864			
GO_POSITIVE_REGULATION_OF_HYDROLASE_ACTIVITY	0.2606288884946594			
MTOR_UP.V1_DN	0.26062153321535503			
GSE1448_CTRL_VS_ANTI_VALPHA2_DP_THYMOCYTE_DN	0.2606171543367492			
GO_CENTROSOME_DUPLICATION	0.26061490859875736			
IPA_NMI_UP	0.260609236356261			
IPA_BATF_UP	0.260609236356261			
GO_NEGATIVE_REGULATION_OF_EPITHELIAL_TO_MESENCHYMAL_TRANSITION	0.2606081147635847			
IPA_YWHAZ_UP	0.2606016116982065			
GO_REGULATION_OF_METALLOENDOPEPTIDASE_ACTIVITY	0.2605742377589643			
MIR6840_3P	0.26055842740021384			
GO_TYPE_2_IMMUNE_RESPONSE	0.2605489848034424			
KONG_E2F1_TARGETS	0.2604584901513335			
GSE25123_CTRL_VS_IL4_STIM_PPARG_KO_MACROPHAGE_UP	0.26045704847767776			
GSE22229_RENAL_TRANSPLANT_VS_HEALTHY_PBMC_DN	0.26044738373295045			
GSE360_LOW_DOSE_B_MALAYI_VS_M_TUBERCULOSIS_MAC_UP	0.260438337644215			
HEIDENBLAD_AMPLICON_8Q24_DN	0.2604268309892098			
GO_PROTEIN_RETENTION_IN_ER_LUMEN	0.26042585581008576			
GO_NEPHRIC_DUCT_MORPHOGENESIS	0.2604256847945981			
LEIN_PONS_MARKERS	0.2604232374215732			
GO_MAP_KINASE_ACTIVITY	0.2604097683782933			
GO_LENS_DEVELOPMENT_IN_CAMERA_TYPE_EYE	0.2604006104098804			
GO_POSITIVE_REGULATION_OF_T_HELPER_1_CELL_DIFFERENTIATION	0.26039974255950404			
HOFFMANN_PRE_BI_TO_LARGE_PRE_BII_LYMPHOCYTE_DN	0.2603994321218697			
WOO_LIVER_CANCER_RECURRENCE_DN	0.26039793153303464			
MIR4420	0.26039023319624244			
TESAR_ALK_TARGETS_EPISC_4D_UP	0.26038966215333875			
VALK_AML_CLUSTER_15	0.2603707667322817			
GO_POSITIVE_REGULATION_OF_NITRIC_OXIDE_MEDIATED_SIGNAL_TRANSDUCTION	0.2603560246701898			
GSE39152_BRAIN_VS_SPLEEN_CD103_NEG_MEMORY_CD8_TCELL_DN	0.26034761274596036			
CIC_TARGET_GENES	0.26032445475752053			
GO_POSITIVE_REGULATION_OF_ENDOTHELIAL_CELL_PROLIFERATION	0.2603204902640487			
ZNF774_TARGET_GENES	0.2603160184724447			
IPA_CTBP1_DN	0.2603108320891398			
chr2q24	0.26030628427581115			
GO_REGULATION_OF_TRANSLATION_IN_RESPONSE_TO_STRESS	0.26025348952779176			
MIR6081	0.26023573484027157			
REACTOME_CELLULAR_RESPONSE_TO_HEAT_STRESS	0.26023567581682067			
GSE22935_UNSTIM_VS_12H_MBOVIS_BCG_STIM_MYD88_KO_MACROPHAGE_UP	0.2602123265227514			
GO_ANTEROGRADE_AXONAL_TRANSPORT	0.2602073872635543			
REACTOME_NEPHRIN_FAMILY_INTERACTIONS	0.260188361882952			
GSE37534_UNTREATED_VS_ROSIGLITAZONE_TREATED_CD4_TCELL_PPARG1_AND_FOXP3_TRASDUCED_DN	0.26016557905255305			
GO_TRANS_GOLGI_NETWORK_TRANSPORT_VESICLE_MEMBRANE	0.2601646531834152			
GO_POSITIVE_REGULATION_OF_PROTEIN_KINASE_A_SIGNALING	0.2601607256317935			
GO_RESPONSE_TO_MYCOTOXIN	0.26015767224383846			
GO_2_IRON_2_SULFUR_CLUSTER_BINDING	0.2601527552262361			
MIR29B_3P_MIR29C_3P	0.2601506335621389			
GO_REGULATION_OF_PHOSPHORUS_METABOLIC_PROCESS	0.2601186018314415			
GO_SKELETAL_MUSCLE_CELL_DIFFERENTIATION	0.26011555355314003			
GO_SYNAPTIC_TRANSMISSION_CHOLINERGIC	0.2601036103867922			
TIEN_INTESTINE_PROBIOTICS_24HR_UP	0.2600906933105408			
IPA_EGR1_UP	0.26009044931949543			
GSE22033_WT_VS_PPARG_KO_MEF_UP	0.26008526118540665			
ZNF354C_TARGET_GENES	0.2600467496675922			
GSE19923_HEB_KO_VS_HEB_AND_E2A_KO_DP_THYMOCYTE_DN	0.2600371010573377			
GO_SMALL_MOLECULE_METABOLIC_PROCESS	0.2600326543125952			
GO_ACTIVATION_OF_JUN_KINASE_ACTIVITY	0.2600320263754088			
AMUNDSON_DNA_DAMAGE_RESPONSE_TP53	0.2600180856031381			
GO_MONOCARBOXYLIC_ACID_TRANSPORT	0.26000268052733216			
IPA_MAP3K7_UP	0.2599975282483603			
MIR4714_3P	0.2599920437859234			
DORSAM_HOXA9_TARGETS_DN	0.25998919696696265			
GO_VESICLE_DOCKING_INVOLVED_IN_EXOCYTOSIS	0.2599737449826056			
GSE4811_CLASSSICALY_ACTIVATED_VS_TYPE_2_ACTIVATED_MACROPHAGE_DN	0.2599713154047053			
GSE28737_BCL6_HET_VS_BCL6_KO_FOLLICULAR_BCELL_UP	0.25995740837864206			
GO_SULFURTRANSFERASE_ACTIVITY	0.2599554991178014			
TCCCCAC_MIR491	0.2599528698771824			
MIR18A_3P	0.2599507865480353			
GSE17721_CTRL_VS_POLYIC_0.5H_BMDC_DN	0.25993233588463327			
GO_L_PHENYLALANINE_METABOLIC_PROCESS	0.2599237075093477			
GO_ISOPRENOID_BIOSYNTHETIC_PROCESS	0.25992098685301174			
NKX62_Q2	0.2599143481143392			
MIR4253	0.2599057189836737			
GSE41867_LCMV_ARMSTRONG_VS_CLONE13_DAY15_EFFECTOR_CD8_TCELL_DN	0.25988843637160347			
AAAYWAACM_HFH4_01	0.2598833888574464			
GO_PROTEIN_POLYMERIZATION	0.2598766164732104			
GOLDRATH_IMMUNE_MEMORY	0.2598695872962078			
MIR3184_3P	0.2598545206941825			
GO_STEROL_TRANSPORT	0.25982522314678913			
GROSS_HIF1A_TARGETS_DN	0.2598209156475275			
CASTELLANO_HRAS_AND_NRAS_TARGETS_UP	0.25980987023395713			
FREDERICK_PRKCI_TARGETS	0.2598080878184138			
GSE21063_CTRL_VS_ANTI_IGM_STIM_BCELL_16H_DN	0.25980209338065596			
MIR4492	0.259794889065713			
POMEROY_MEDULLOBLASTOMA_DESMOPLASIC_VS_CLASSIC_UP	0.25979154917774716			
REACTOME_PYRUVATE_METABOLISM	0.2597428416959927			
GO_REGULATION_OF_NITRIC_OXIDE_BIOSYNTHETIC_PROCESS	0.25974236541151274			
GO_CARBOHYDRATE_TRANSPORT	0.25973234093646974			
MIR3689D	0.2597313599227051			
GO_LYTIC_VACUOLE_ORGANIZATION	0.2597240130157751			
SIRT3_TARGET_GENES	0.259713583531941			
MIR876_3P	0.25971050084641384			
NCOA6_TARGET_GENES	0.2597022387412479			
GO_POLYSACCHARIDE_METABOLIC_PROCESS	0.259681817049766			
GO_POSITIVE_REGULATION_OF_APOPTOTIC_DNA_FRAGMENTATION	0.2596726839639809			
chr20q12	0.2596708921456379			
JISON_SICKLE_CELL_DISEASE_UP	0.2596638631861811			
MIR29A_3P	0.2596599183896295			
GO_ANIMAL_ORGAN_REGENERATION	0.259658936227009			
MIR5685	0.2596427424607756			
NFAT_Q4_01	0.2596375480086169			
GO_REGULATION_OF_DNA_TEMPLATED_TRANSCRIPTION_INITIATION	0.25962966477668353			
REACTOME_TRANSPORT_OF_ORGANIC_ANIONS	0.2596274932130464			
GO_CARDIAC_MUSCLE_MYOBLAST_PROLIFERATION	0.2596191553088126			
GO_GLYCERALDEHYDE_3_PHOSPHATE_DEHYDROGENASE_NADPLUS_NON_PHOSPHORYLATING_ACTIVITY	0.2596140304948365			
GSE13485_DAY7_VS_DAY21_YF17D_VACCINE_PBMC_DN	0.2596139011033531			
REACTOME_GOLGI_TO_ER_RETROGRADE_TRANSPORT	0.25960467820313954			
GO_SODIUM_TRANSMEMBRANE_TRANSPORTER_ACTIVITY_PHOSPHORYLATIVE_MECHANISM	0.25960241315371996			
GO_UNSATURATED_FATTY_ACID_BIOSYNTHETIC_PROCESS	0.2595964452290467			
MIR6883_5P	0.2595875113626939			
GO_NEGATIVE_REGULATION_OF_NEURON_PROJECTION_REGENERATION	0.25958608758945934			
GSE19374_UNINF_VS_LISTERIA_INFECTED_MACROPHAGE_DN	0.25957972892018505			
KLF7_TARGET_GENES	0.25957330239315585			
DELPUECH_FOXO3_TARGETS_DN	0.25956679790856557			
TERT_TARGET_GENES	0.2595481422716347			
GSE17721_0.5H_VS_8H_POLYIC_BMDC_DN	0.2595327708753499			
GSE369_SOCS3_KO_VS_WT_LIVER_POST_IL6_INJECTION_UP	0.25952813575748473			
CAGCTG_AP4_Q5	0.2595212625433339			
MIR9903	0.259518604627675			
GO_NITRIC_OXIDE_SYNTHASE_BIOSYNTHETIC_PROCESS	0.2595006870835328			
GO_RESPONSE_TO_PHENYLPROPANOID	0.25949724519217426			
GSE41176_UNSTIM_VS_ANTI_IGM_STIM_BCELL_24H_UP	0.2594959356081832			
BIOCARTA_EXTRINSIC_PATHWAY	0.2594863723274968			
MIR6507_5P	0.2594753586286894			
YAN_ESCAPE_FROM_ANOIKIS	0.259469933202936			
GSE11961_MEMORY_BCELL_DAY7_VS_MEMORY_BCELL_DAY40_DN	0.25946925489928435			
GO_PROSTATE_GLAND_GROWTH	0.2594449865279144			
GSE4142_NAIVE_VS_GC_BCELL_UP	0.25944361160156654			
KEGG_DORSO_VENTRAL_AXIS_FORMATION	0.25944274678276996			
GO_POSITIVE_REGULATION_OF_MACROAUTOPHAGY	0.25944189041011695			
HUI_MAPK14_TARGETS_UP	0.25943638617392867			
GO_PROTEIN_LOCALIZATION_TO_CYTOSKELETON	0.25943214478292387			
CTACTGT_MIR199A	0.25941747831268486			
MIR7107_3P	0.2594161932650316			
GO_PROCOLLAGEN_PROLINE_DIOXYGENASE_ACTIVITY	0.25941528449057516			
GSE1740_UNSTIM_VS_IFNA_STIMULATED_MCSF_IFNG_DERIVED_MACROPHAGE_UP	0.2594093135370865			
MARTIN_NFKB_TARGETS_UP	0.25940564862395254			
MIR6728_5P	0.25940388166065753			
GO_PYRAMIDAL_NEURON_DIFFERENTIATION	0.2593646378556568			
GO_SKELETAL_MUSCLE_SATELLITE_CELL_DIFFERENTIATION	0.259354635229415			
BIOCARTA_RACCYCD_PATHWAY	0.2593485524784574			
GO_CARBOHYDRATE_CATION_SYMPORTER_ACTIVITY	0.2593456749455119			
GO_MESENCHYMAL_STEM_CELL_DIFFERENTIATION	0.2593440730376694			
GO_REGULATION_OF_PROTEIN_CONTAINING_COMPLEX_DISASSEMBLY	0.2593335770832487			
GSE22025_PROGESTERONE_VS_TGFB1_AND_PROGESTERONE_TREATED_CD4_TCELL_UP	0.2592992003972076			
IPA_HOXA2_UP	0.2592980182390783			
GO_REGULATION_OF_NUCLEOTIDE_BINDING_OLIGOMERIZATION_DOMAIN_CONTAINING_2_SIGNALING_PATHWAY	0.2592948979461668			
GO_REGULATION_OF_MICROTUBULE_BASED_PROCESS	0.25928583851280895			
GO_AXONEMAL_MICROTUBULE	0.2592737441725522			
GO_ESCRT_COMPLEX_DISASSEMBLY	0.25927159087395285			
BIOCARTA_EPONFKB_PATHWAY	0.2592577995784785			
ZNF581_TARGET_GENES	0.25925358849798513			
GSE17721_LPS_VS_GARDIQUIMOD_6H_BMDC_UP	0.25924663395155906			
GO_SKELETAL_MUSCLE_FIBER_DIFFERENTIATION	0.25924395624402824			
GO_RESPONSE_TO_MUSCLE_ACTIVITY	0.2592199069339701			
GO_AMINO_ACID_CATION_SYMPORTER_ACTIVITY	0.25920304191203486			
OCT1_03	0.25918074183461326			
GO_MITOCHONDRIA_ASSOCIATED_ENDOPLASMIC_RETICULUM_MEMBRANE	0.2591696567584785			
GO_GLUTAMATERGIC_SYNAPSE	0.2591655913340843			
GO_POSITIVE_REGULATION_OF_INSULIN_SECRETION_INVOLVED_IN_CELLULAR_RESPONSE_TO_GLUCOSE_STIMULUS	0.2591348871016831			
HALLMARK_HEDGEHOG_SIGNALING	0.2591171122939946			
GO_EXOCYTIC_INSERTION_OF_NEUROTRANSMITTER_RECEPTOR_TO_POSTSYNAPTIC_MEMBRANE	0.2590956375506141			
FUJII_YBX1_TARGETS_UP	0.2590510739026912			
NAB2_TARGET_GENES	0.25904640870897244			
FIGUEROA_AML_METHYLATION_CLUSTER_4_UP	0.2590258779005954			
GO_POSITIVE_REGULATION_OF_ENDOTHELIAL_CELL_CHEMOTAXIS_BY_VEGF_ACTIVATED_VASCULAR_ENDOTHELIAL_GROWTH_FACTOR_RECEPTOR_SIGNALING_PATHWAY	0.2590235438957593			
REACTOME_CELLULAR_RESPONSE_TO_HYPOXIA	0.25902337644647916			
GO_POSITIVE_REGULATION_OF_TROPHOBLAST_CELL_MIGRATION	0.2590140031777934			
CTCTGGA_MIR520A_MIR525	0.2590136690738981			
GSE369_PRE_VS_POST_IL6_INJECTION_IFNG_WT_LIVER_UP	0.2590049510111321			
GSE8921_UNSTIM_VS_TLR1_2_STIM_MONOCYTE_6H_DN	0.25899366553026965			
GO_WIDE_PORE_CHANNEL_ACTIVITY	0.25896602308808336			
GO_N_ACYLSPHINGOSINE_AMIDOHYDROLASE_ACTIVITY	0.25896019772422807			
GO_HYDROLASE_ACTIVITY_ACTING_ON_ETHER_BONDS	0.258959074122948			
GO_HEXOSE_TRANSMEMBRANE_TRANSPORTER_ACTIVITY	0.25893290394278384			
MIR6756_5P	0.25890367871804076			
REACTOME_RETROGRADE_TRANSPORT_AT_THE_TRANS_GOLGI_NETWORK	0.2588922257925246			
REACTOME_FATTY_ACIDS	0.2588848224690147			
GSE14413_UNSTIM_VS_IFNB_STIM_L929_CELLS_UP	0.25886109634005877			
IPA_NCOA1_DN	0.2588573404241495			
MIR429	0.2588433451051499			
GO_PROTEIN_O_LINKED_GLYCOSYLATION_VIA_SERINE	0.25882408676162094			
GO_MONOCARBOXYLIC_ACID_BINDING	0.25882220000905537			
GO_NAADP_SENSITIVE_CALCIUM_RELEASE_CHANNEL_ACTIVITY	0.2588176065604362			
THEILGAARD_NEUTROPHIL_AT_SKIN_WOUND_UP	0.25880904687179335			
GO_POSITIVE_REGULATION_OF_GONADOTROPIN_SECRETION	0.2588059312221431			
GO_MUCOPOLYSACCHARIDE_METABOLIC_PROCESS	0.2587941507556605			
NAKAYAMA_SOFT_TISSUE_TUMORS_PCA2_DN	0.25879130244458853			
GO_ELECTRON_TRANSPORT_CHAIN	0.25878760570188636			
IPA_ATF5_DN	0.2587850324912366			
GO_TUMOR_NECROSIS_FACTOR_MEDIATED_SIGNALING_PATHWAY	0.25878344247015034			
GO_INTRAMOLECULAR_OXIDOREDUCTASE_ACTIVITY	0.25877592448414644			
GO_REGULATION_OF_MODIFICATION_OF_POSTSYNAPTIC_STRUCTURE	0.2587610058175889			
GSE15930_NAIVE_VS_48H_IN_VITRO_STIM_CD8_TCELL_UP	0.2587597752092185			
GO_MINUS_END_DIRECTED_ORGANELLE_TRANSPORT_ALONG_MICROTUBULE	0.25875351906327193			
ROVERSI_GLIOMA_LOH_REGIONS	0.25875244403489056			
VDR_Q3	0.2587421254786554			
MIR5688	0.25872477433991503			
GSE34156_NOD2_LIGAND_VS_TLR1_TLR2_LIGAND_6H_TREATED_MONOCYTE_UP	0.25870177522436016			
GSE7831_UNSTIM_VS_INFLUENZA_STIM_PDC_4H_UP	0.2587001314035879			
HOFMANN_MYELODYSPLASTIC_SYNDROM_HIGH_RISK_UP	0.2586864235206863			
GO_LYSINE_METABOLIC_PROCESS	0.25867488907773845			
GO_PARAXIAL_MESODERM_MORPHOGENESIS	0.2586715924833877			
GO_NUCLEOSIDE_MONOPHOSPHATE_CATABOLIC_PROCESS	0.25866569238475273			
MIR103A_3P_MIR107	0.25865858493837723			
MIR3620_3P	0.2586563008146642			
GSE36392_TYPE_2_MYELOID_VS_MAC_IL25_TREATED_LUNG_UP	0.2586445616585089			
REACTOME_MUSCLE_CONTRACTION	0.2586177603017856			
GO_CARDIAC_MUSCLE_CELL_DIFFERENTIATION	0.2585805757466851			
GO_ENDOSOME_TO_LYSOSOME_TRANSPORT_VIA_MULTIVESICULAR_BODY_SORTING_PATHWAY	0.25857952360985687			
GSE16522_MEMORY_VS_NAIVE_ANTI_CD3CD28_STIM_CD8_TCELL_UP	0.2585704376574108			
GSE5589_LPS_VS_LPS_AND_IL10_STIM_IL6_KO_MACROPHAGE_45MIN_UP	0.2585592141837581			
SARTIPY_BLUNTED_BY_INSULIN_RESISTANCE_DN	0.2585558463247883			
REACTOME_PROLONGED_ERK_ACTIVATION_EVENTS	0.25854153536161417			
BIOCARTA_EGF_PATHWAY	0.25853830675748096			
GO_LIPID_DIGESTION	0.25850706003626095			
PAX2_TARGET_GENES	0.2585067836314216			
PARK_OSTEOBLAST_DIFFERENTIATION_BY_PHENYLAMIL_UP	0.258497497045021			
IPA_HMGA1_DN	0.25848614002530246			
MIR4726_5P	0.25847531961548487			
LUI_THYROID_CANCER_CLUSTER_3	0.2584657931408224			
GSE22282_HYPOXIA_VS_NORMOXIA_MYELOID_DC_UP	0.2584422979079374			
KEGG_RETINOL_METABOLISM	0.25841949712444057			
GO_FLIPPASE_ACTIVITY	0.2584040466467744			
GSE46606_UNSTIM_VS_CD40L_IL2_IL5_1DAY_STIMULATED_IRF4HIGH_SORTED_BCELL_DN	0.2584006913241033			
NAKAYAMA_FRA2_TARGETS	0.25838771322013826			
GSE360_CTRL_VS_T_GONDII_MAC_DN	0.25838259532366525			
GSE30971_WBP7_HET_VS_KO_MACROPHAGE_2H_LPS_STIM_DN	0.25837001470209986			
MOREIRA_RESPONSE_TO_TSA_DN	0.25834033118116667			
TEF_Q6	0.25833189415246294			
MIR4676_5P	0.2583200775202379			
GSE34156_UNTREATED_VS_24H_NOD2_AND_TLR1_TLR2_LIGAND_TREATED_MONOCYTE_UP	0.2583119648755911			
GO_MPP7_DLG1_LIN7_COMPLEX	0.25828676244795745			
MIR6797_3P	0.25828574857662806			
MIR184	0.2582684239370284			
GO_PLASMA_MEMBRANE_TO_ENDOSOME_TRANSPORT	0.2582485629022853			
GO_GALACTOLIPID_METABOLIC_PROCESS	0.2582168173080581			
REACTOME_SYNTHESIS_OF_PIPS_AT_THE_EARLY_ENDOSOME_MEMBRANE	0.2582075743027876			
chr15q23	0.25820658249743844			
IPA_SP3_DN	0.25820049238806236			
GSE42021_TREG_PLN_VS_TREG_PRECURSORS_THYMUS_DN	0.25819673849914215			
GO_PRIMARY_MIRNA_BINDING	0.25818949798428975			
REACTOME_POST_TRANSLATIONAL_MODIFICATION_SYNTHESIS_OF_GPI_ANCHORED_PROTEINS	0.2581864765821379			
GO_NEUTROPHIL_HOMEOSTASIS	0.2581854979272501			
ZNF704_TARGET_GENES	0.25817837713450953			
GO_REGULATION_OF_MICROTUBULE_MOTOR_ACTIVITY	0.2581592776630161			
IPA_ZNF429_UP	0.25814875756304323			
MIR26A_5P	0.2581463033965007			
IPA_SIM2_UP	0.25814541431588306			
GO_RESPONSE_TO_MINERALOCORTICOID	0.2581447818632341			
BCAT_GDS748_UP	0.25813524708182656			
GO_CHAPERONE_MEDIATED_PROTEIN_COMPLEX_ASSEMBLY	0.2581086132558468			
GO_SUCCINATE_DEHYDROGENASE_ACTIVITY	0.25810034764158896			
GO_RESPIRATORY_CHAIN_COMPLEX_II	0.25810034764158896			
GSE37301_RAG2_KO_VS_RAG2_AND_ETS1_KO_NK_CELL_DN	0.25809518126234243			
MIR4316	0.2580711020620201			
GSE7509_UNSTIM_VS_IFNA_STIM_IMMATURE_DC_UP	0.25804806584828993			
GO_REGULATION_OF_MACROPHAGE_MIGRATION	0.2580477886465511			
SCHWAB_TARGETS_OF_BMYB_POLYMORPHIC_VARIANTS_UP	0.25802682963338647			
MIR6809_3P	0.25802285895793997			
CCTNTMAGA_UNKNOWN	0.25801932493368784			
GO_NEGATIVE_REGULATION_OF_BMP_SIGNALING_PATHWAY	0.2580190224860155			
GO_RIBBON_SYNAPSE	0.2580139209365747			
REACTOME_PURINE_CATABOLISM	0.2579836698551898			
GO_CARBON_OXYGEN_LYASE_ACTIVITY	0.25798366019611446			
GSE23984_CTRL_VS_HYPOCALEMIC_VITAMIND_ANALOG_TCELL_DN	0.25796496939209623			
GSE45365_NK_CELL_VS_CD8_TCELL_UP	0.2579619810904601			
GO_POSITIVE_REGULATION_OF_REACTIVE_OXYGEN_SPECIES_METABOLIC_PROCESS	0.25796091796429105			
GO_PYRIMIDINE_CONTAINING_COMPOUND_SALVAGE	0.2579494028097237			
REACTOME_ALPHA_OXIDATION_OF_PHYTANATE	0.2579441265675154			
MIR451B	0.25793944055721085			
GO_CELLULAR_MODIFIED_AMINO_ACID_CATABOLIC_PROCESS	0.2579303617843797			
GO_TRACHEA_FORMATION	0.2579256568125076			
GSE28237_EARLY_VS_LATE_GC_BCELL_UP	0.25792547325179754			
GSE17721_LPS_VS_PAM3CSK4_16H_BMDC_UP	0.25792492442571263			
TCCAGAT_MIR5165P	0.25792402276747906			
GO_CYTOKINE_ACTIVITY	0.2579232133021944			
AUJLA_IL22_AND_IL17A_SIGNALING	0.25789480723964314			
YYCATTCAWW_UNKNOWN	0.2578914116520882			
GO_PALMITOYL_COA_HYDROLASE_ACTIVITY	0.25788910025038014			
GSE1925_CTRL_VS_IFNG_PRIMED_MACROPHAGE_24H_IFNG_STIM_DN	0.2578869392253989			
GSE17721_CTRL_VS_PAM3CSK4_8H_BMDC_DN	0.25788654046240955			
GO_PLASMA_MEMBRANE_PHOSPHOLIPID_SCRAMBLING	0.25787294343893596			
BIOCARTA_ARAP_PATHWAY	0.2578701746400165			
LET_7D_5P	0.25786519529235336			
GSE14350_IL2RB_KO_VS_WT_TREG_UP	0.25786021535551057			
VALK_AML_WITH_EVI1	0.25785938222241406			
GSE27670_CTRL_VS_LMP1_TRANSDUCED_GC_BCELL_UP	0.2578555044795082			
GSE45365_NK_CELL_VS_CD11B_DC_DN	0.2578456946796785			
MIR767_5P	0.2578277137159398			
PAX5_01	0.25781536307434905			
MORC2_TARGET_GENES	0.257803846778495			
GSE11961_FOLLICULAR_BCELL_VS_MEMORY_BCELL_DAY40_UP	0.25778368721496575			
MIR329_3P	0.25778165059424607			
MIR513A_5P	0.257758222006275			
GO_PROTEIN_LOCALIZATION_TO_CILIARY_TRANSITION_ZONE	0.2577488131214043			
REACTOME_SIGNALING_BY_NOTCH2	0.25771150889324695			
GO_STEROID_METABOLIC_PROCESS	0.2577102765071938			
SAFFORD_T_LYMPHOCYTE_ANERGY	0.2577031959863829			
WEIGEL_OXIDATIVE_STRESS_BY_TBH_AND_H2O2	0.2576945122119724			
TAKEDA_TARGETS_OF_NUP98_HOXA9_FUSION_10D_UP	0.25768522249685377			
REACTOME_PP2A_MEDIATED_DEPHOSPHORYLATION_OF_KEY_METABOLIC_FACTORS	0.25766136201897116			
GO_CERAMIDE_CATABOLIC_PROCESS	0.2576597875470393			
MIR605_5P	0.25765261658062716			
GO_MONOVALENT_INORGANIC_CATION_HOMEOSTASIS	0.2576500673528174			
GSE25677_R848_VS_MPL_AND_R848_STIM_BCELL_UP	0.2576321217792414			
GO_SYNAPSE	0.2576247110808676			
GSE42021_CD24HI_VS_CD24LOW_TCONV_THYMUS_DN	0.2576026020802195			
GO_REGULATION_OF_RESPONSE_TO_TUMOR_CELL	0.257602415336772			
ESC_J1_UP_EARLY.V1_UP	0.257598581821736			
GSE17974_IL4_AND_ANTI_IL12_VS_UNTREATED_24H_ACT_CD4_TCELL_UP	0.25759822352893197			
GO_RESPONSE_TO_ARSENIC_CONTAINING_SUBSTANCE	0.2575904054183691			
GSE1925_CTRL_VS_IFNG_PRIMED_MACROPHAGE_DN	0.2575857440606582			
GSE43863_TFH_VS_LY6C_INT_CXCR5POS_MEMORY_CD4_TCELL_UP	0.2575771853481458			
JU_AGING_TERC_TARGETS_UP	0.2575718281890901			
GSE7768_OVA_WITH_LPS_VS_OVA_WITH_MPL_IMMUNIZED_MOUSE_WHOLE_SPLEEN_6H_DN	0.2575601579045732			
CAHOY_ASTROCYTIC	0.25755905273383284			
GO_CELLULAR_RESPONSE_TO_PROSTAGLANDIN_STIMULUS	0.2575541203258089			
GSE42021_TREG_PLN_VS_CD24LO_TREG_THYMUS_DN	0.25754394582917295			
GO_RETINOIC_ACID_METABOLIC_PROCESS	0.25754276237670987			
GO_SMAD_PROTEIN_SIGNAL_TRANSDUCTION	0.25751699683555357			
MIR4465	0.25750668761015433			
MIR12122	0.2575056151915613			
GSE3203_WT_VS_IFNAR1_KO_INFLUENZA_INFECTED_LN_BCELL_DN	0.25749661436071036			
MIR26B_5P	0.25748614245552387			
MIR200C_3P	0.25748118025246536			
GO_VISUAL_BEHAVIOR	0.2574727016424571			
MIR200B_3P	0.25746336512725204			
GSE17721_CTRL_VS_CPG_12H_BMDC_DN	0.2574578842898186			
GSE17721_POLYIC_VS_CPG_6H_BMDC_DN	0.2574504883881849			
GO_FUCOSE_METABOLIC_PROCESS	0.2574314630786145			
GO_OXIDOREDUCTASE_ACTIVITY_ACTING_ON_PAIRED_DONORS_WITH_INCORPORATION_OR_REDUCTION_OF_MOLECULAR_OXYGEN_REDUCED_IRON_SULFUR_PROTEIN_AS_ONE_DONOR_AND_INCORPORATION_OF_ONE_ATOM_OF_OXYGEN	0.2574256326269177			
CHENG_RESPONSE_TO_NICKEL_ACETATE	0.2574181948914813			
GO_PATHWAY_RESTRICTED_SMAD_PROTEIN_PHOSPHORYLATION	0.2574108537043679			
MIR5189_5P	0.25740707267039536			
GSE21063_CTRL_VS_ANTI_IGM_STIM_BCELL_NFATC1_KO_3H_DN	0.25739270097875006			
MIR6785_5P	0.2573866966217697			
GO_OXIDATION_REDUCTION_PROCESS	0.25738515194971656			
GO_VESICLE_FUSION_WITH_GOLGI_APPARATUS	0.2573645688903789			
GSE7460_TCONV_VS_TREG_THYMUS_UP	0.25735292774585217			
MIR6862_5P	0.2573466182959709			
GO_NEGATIVE_REGULATION_OF_VASCULATURE_DEVELOPMENT	0.2573188891466019			
GSE3039_ALPHAALPHA_CD8_TCELL_VS_B1_BCELL_UP	0.25731277193466784			
GSE5589_IL6_KO_VS_IL10_KO_LPS_STIM_MACROPHAGE_45MIN_DN	0.2572954547327866			
TERAMOTO_OPN_TARGETS_CLUSTER_8	0.25729014757952334			
MIR224_5P	0.2572752110587552			
GO_ADENYLATE_KINASE_ACTIVITY	0.25726528153123157			
GSE22935_UNSTIM_VS_12H_MBOVIS_BCG_STIM_MACROPHAGE_UP	0.2572548823174349			
GSE360_CTRL_VS_B_MALAYI_HIGH_DOSE_MAC_UP	0.257253237402264			
UEDA_CENTRAL_CLOCK	0.2572464975602523			
REACTOME_ENDOSOMAL_VACUOLAR_PATHWAY	0.25724310209119755			
GO_OLIGOSACCHARYL_TRANSFERASE_ACTIVITY	0.2572423037992126			
BIOCARTA_EFP_PATHWAY	0.2572408707554788			
MIR3684	0.2572366722379199			
REACTOME_NGF_STIMULATED_TRANSCRIPTION	0.2572244408846638			
GO_PROTON_TRANSPORTING_V_TYPE_ATPASE_COMPLEX	0.2572238579202276			
GSE11961_GERMINAL_CENTER_BCELL_DAY7_VS_MEMORY_BCELL_DAY40_DN	0.25721480055512264			
GO_MICROTUBULE_PLUS_END	0.25721259185035833			
REACTOME_METALLOTHIONEINS_BIND_METALS	0.25719611861539515			
GSE25846_IL10_POS_VS_NEG_CD8_TCELL_DAY7_POST_CORONAVIRUS_BRAIN_UP	0.25719224319311107			
SMID_BREAST_CANCER_RELAPSE_IN_LUNG_UP	0.2571909118893826			
BROWNE_HCMV_INFECTION_18HR_UP	0.25719050135461796			
GSE45365_HEALTHY_VS_MCMV_INFECTION_CD8A_DC_DN	0.2571810687011874			
KEGG_ASCORBATE_AND_ALDARATE_METABOLISM	0.2571760146018065			
GO_MITOCHONDRION_ORGANIZATION	0.2571714198123509			
IPA_KCNIP3_DN	0.2571464707320877			
GO_REGULATION_OF_ASTROCYTE_ACTIVATION	0.257136717631158			
IL15_UP.V1_UP	0.25712636444662235			
REACTOME_PHOSPHORYLATION_SITE_MUTANTS_OF_CTNNB1_ARE_NOT_TARGETED_TO_THE_PROTEASOME_BY_THE_DESTRUCTION_COMPLEX	0.25712377858055846			
GSE3920_UNTREATED_VS_IFNG_TREATED_FIBROBLAST_UP	0.2571218259772732			
GSE40274_CTRL_VS_FOXP3_AND_GATA1_TRANSDUCED_ACTIVATED_CD4_TCELL_UP	0.2570973619477757			
GO_RESPONSE_TO_ORGANIC_CYCLIC_COMPOUND	0.2570916165030453			
GO_ZINC_ION_TRANSPORT	0.2570804329925163			
GO_CALCIUM_ACTIVATED_PHOSPHOLIPID_SCRAMBLING	0.25707338506957444			
ACCAATC_MIR509	0.2570633705720025			
GO_NEGATIVE_REGULATION_OF_CELL_CELL_ADHESION	0.25704559351461514			
GSE15930_NAIVE_VS_72H_IN_VITRO_STIM_TRICHOSTATINA_CD8_TCELL_UP	0.2570441663847501			
MIR6889_3P	0.25704310986469225			
GO_POSITIVE_REGULATION_OF_UNSATURATED_FATTY_ACID_BIOSYNTHETIC_PROCESS	0.25703870942669327			
GO_REGULATION_OF_TYPE_2_IMMUNE_RESPONSE	0.25701241344231535			
KEGG_GLYCOSPHINGOLIPID_BIOSYNTHESIS_LACTO_AND_NEOLACTO_SERIES	0.2569948075879154			
GO_REGULATION_OF_DOPAMINE_UPTAKE_INVOLVED_IN_SYNAPTIC_TRANSMISSION	0.2569906521264738			
MIR597_3P	0.2569756815762316			
MIR6512_5P	0.25696611773259925			
GO_CUPROUS_ION_BINDING	0.2569599370814787			
GO_CARBOHYDRATE_DERIVATIVE_TRANSMEMBRANE_TRANSPORTER_ACTIVITY	0.256955792381581			
GO_OXIDOREDUCTASE_ACTIVITY	0.25694128943783323			
GSE17721_0.5H_VS_12H_POLYIC_BMDC_UP	0.2569260052512079			
GSE21033_CTRL_VS_POLYIC_STIM_DC_24H_DN	0.25690926864433783			
GO_ADHERENS_JUNCTION_ASSEMBLY	0.25690664921308287			
ELK1_02	0.2569051452082626			
GO_MEMBRANE_PROTEIN_PROTEOLYSIS	0.256904589616522			
ZNF224_TARGET_GENES	0.2568984008501596			
BARIS_THYROID_CANCER_UP	0.25689076051823945			
CSR_LATE_UP.V1_DN	0.2568906113532092			
GO_EMBRYONIC_PATTERN_SPECIFICATION	0.25688968494384484			
MIR1256	0.2568890501677288			
GSE16755_CTRL_VS_IFNA_TREATED_MAC_DN	0.25688809146540703			
GO_RELAXATION_OF_SMOOTH_MUSCLE	0.2568795381507826			
REACTOME_PURINERGIC_SIGNALING_IN_LEISHMANIASIS_INFECTION	0.2568793863100848			
VERRECCHIA_RESPONSE_TO_TGFB1_C6	0.25687490274056735			
GSE4590_SMALL_VS_VPREB_POS_LARGE_PRE_BCELL_DN	0.256873672641893			
GO_FIBROBLAST_PROLIFERATION	0.2568729247671588			
ABBUD_LIF_SIGNALING_1_UP	0.2568724120242802			
GO_COFACTOR_BINDING	0.25685854306850014			
GO_HARD_PALATE_DEVELOPMENT	0.25685381705619015			
REACTOME_FATTY_ACID_METABOLISM	0.25684034125527233			
GO_EMBRYONIC_HINDLIMB_MORPHOGENESIS	0.2568395787833234			
GO_CCR_CHEMOKINE_RECEPTOR_BINDING	0.25683829666017766			
REACTOME_RAB_REGULATION_OF_TRAFFICKING	0.2568185604822146			
IPA_FOSL2_UP	0.2568071424593441			
GO_NEGATIVE_REGULATION_OF_WNT_SIGNALING_PATHWAY_INVOLVED_IN_HEART_DEVELOPMENT	0.2568067046335204			
GO_POSITIVE_REGULATION_OF_NECROTIC_CELL_DEATH	0.25680018020038103			
GSE14000_UNSTIM_VS_4H_LPS_DC_DN	0.2567921359708505			
MARTINELLI_IMMATURE_NEUTROPHIL_DN	0.25678253893557834			
GO_CARBOHYDRATE_PHOSPHORYLATION	0.25677653362699915			
GO_AXIS_SPECIFICATION	0.25677320488574956			
CHEMELLO_SOLEUS_VS_EDL_MYOFIBERS_UP	0.25677263191174005			
GSE17721_CTRL_VS_GARDIQUIMOD_1H_BMDC_UP	0.2567720947305827			
SERVITJA_ISLET_HNF1A_TARGETS_UP	0.256761594683919			
GSE42021_TREG_VS_TCONV_PLN_UP	0.256756512716504			
MIR1271_5P	0.2567343533294632			
GO_AMINO_ACID_BETAINE_METABOLIC_PROCESS	0.25672980109459936			
GO_ESTABLISHMENT_OR_MAINTENANCE_OF_MONOPOLAR_CELL_POLARITY	0.25672828812507276			
GSE29949_MICROGLIA_VS_DC_BRAIN_DN	0.2567106076235081			
MIR181B_2_3P_MIR181B_3P	0.25670610967665397			
GSE3565_CTRL_VS_LPS_INJECTED_DUSP1_KO_SPLENOCYTES_UP	0.25668909239348975			
GO_POSITIVE_REGULATION_OF_STEROL_TRANSPORT	0.2566740202219846			
GO_NEGATIVE_REGULATION_OF_NOTCH_SIGNALING_PATHWAY	0.25666107108105984			
IPA_RBL1_UP	0.2566557072835202			
GSE16385_IL4_VS_ROSIGLITAZONE_STIM_MACROPHAGE_DN	0.25663609374177637			
REACTOME_ACTIVATED_NOTCH1_TRANSMITS_SIGNAL_TO_THE_NUCLEUS	0.25662738518104256			
GSE33292_DN3_THYMOCYTE_VS_TCELL_LYMPHOMA_FROM_TCF1_KO_DN	0.25662561337872086			
GO_MEIOTIC_ATTACHMENT_OF_TELOMERE_TO_NUCLEAR_ENVELOPE	0.25662181309183485			
CHEN_HOXA5_TARGETS_6HR_DN	0.25662180964148534			
GO_PULMONARY_ARTERY_MORPHOGENESIS	0.2566208209455813			
MORI_PLASMA_CELL_UP	0.2566013908406055			
GSE360_HIGH_DOSE_B_MALAYI_VS_M_TUBERCULOSIS_MAC_UP	0.2565970073999613			
JIANG_AGING_CEREBRAL_CORTEX_UP	0.2565917647935128			
IPA_SATB2_DN	0.2565855986601714			
GO_REGULATION_OF_AUTOPHAGY_OF_MITOCHONDRION	0.25658422020147803			
SCHAEFFER_PROSTATE_DEVELOPMENT_AND_CANCER_BOX3	0.2565790676342972			
GSE13411_NAIVE_BCELL_VS_PLASMA_CELL_DN	0.25657854762749266			
GO_NUCLEOTIDE_BINDING_OLIGOMERIZATION_DOMAIN_CONTAINING_1_SIGNALING_PATHWAY	0.2565713163716523			
GSE26030_UNSTIM_VS_RESTIM_TH1_DAY5_POST_POLARIZATION_UP	0.25657074499213445			
GO_POSITIVE_REGULATION_OF_BLOOD_VESSEL_DIAMETER	0.25654034528230263			
GO_BETA_GALACTOSIDASE_ACTIVITY	0.25653863037428			
GSE27786_LIN_NEG_VS_MONO_MAC_DN	0.256534923812994			
GSE10273_LOW_IL7_VS_HIGH_IL7_AND_IRF4_IN_IRF4_8_NULL_PRE_BCELL_DN	0.2565105313864479			
NEWMAN_ERCC6_TARGETS_UP	0.2565057318689798			
GSE40274_CTRL_VS_FOXP3_AND_GATA1_TRANSDUCED_ACTIVATED_CD4_TCELL_DN	0.25650432922965916			
GO_CATION_TRANSPORTING_ATPASE_COMPLEX	0.2564951759530401			
GO_NEGATIVE_REGULATION_OF_VIRAL_INDUCED_CYTOPLASMIC_PATTERN_RECOGNITION_RECEPTOR_SIGNALING_PATHWAY	0.25649284262022415			
chr2q14	0.2564899093503387			
IPA_TP53BP2_UP	0.2564815741351932			
GO_REGULATION_OF_T_HELPER_1_CELL_DIFFERENTIATION	0.2564782381085522			
PEREZ_TP63_TARGETS	0.25647685154494065			
GSE12845_IGD_POS_VS_NEG_BLOOD_BCELL_DN	0.25647651461716164			
GENTILE_UV_RESPONSE_CLUSTER_D8	0.25646220847417234			
CTTTAAR_UNKNOWN	0.2564619426372357			
GSE21033_CTRL_VS_POLYIC_STIM_DC_12H_DN	0.2564571287596374			
GSE17721_LPS_VS_PAM3CSK4_2H_BMDC_UP	0.25645144550403765			
MIR4708_3P	0.256448063659039			
IPA_HIF1AN_UP	0.256406403659943			
GAVIN_FOXP3_TARGETS_CLUSTER_P4	0.2563968429360929			
RICKMAN_METASTASIS_UP	0.2563953555506945			
BARHL1_TARGET_GENES	0.25639049521411544			
GO_POSITIVE_REGULATION_OF_MACROPHAGE_MIGRATION	0.25638889426633626			
BYSTRYKH_HEMATOPOIESIS_STEM_CELL_AND_BRAIN_QTL_TRANS	0.2563801465387257			
MIR182_5P	0.2563737904123844			
REACTOME_DEFECTIVE_GALNT3_CAUSES_FAMILIAL_HYPERPHOSPHATEMIC_TUMORAL_CALCINOSIS_HFTC	0.2563706920483976			
GO_EPOXIDE_HYDROLASE_ACTIVITY	0.2563672691853891			
TTTGCAG_MIR518A2	0.25634718103990245			
MIR940	0.25634520362367685			
GO_POSITIVE_REGULATION_OF_VASCULAR_ENDOTHELIAL_GROWTH_FACTOR_PRODUCTION	0.2563408386320953			
MIR1277_5P	0.2563295415369675			
REACTOME_METABOLIC_DISORDERS_OF_BIOLOGICAL_OXIDATION_ENZYMES	0.25632437467449865			
GSE14308_NAIVE_CD4_TCELL_VS_NATURAL_TREG_DN	0.25631968051271947			
GSE35685_CD34POS_CD38NEG_VS_CD34POS_CD10POS_BONE_MARROW_DN	0.25630766937703003			
GTTNYYNNGGTNA_UNKNOWN	0.25630123257214277			
GO_SECONDARY_PALATE_DEVELOPMENT	0.25628378842861954			
MIR4433A_5P	0.25627226162403643			
GO_TRACHEA_CARTILAGE_DEVELOPMENT	0.2562563320736351			
GO_UDP_N_ACETYLGLUCOSAMINE_METABOLIC_PROCESS	0.2562558154422343			
GSE9650_NAIVE_VS_EFF_CD8_TCELL_DN	0.256225757312952			
BROWNE_HCMV_INFECTION_16HR_UP	0.25621941916347035			
GSE6259_DEC205_POS_DC_VS_BCELL_UP	0.2562063101985779			
GO_COENZYME_METABOLIC_PROCESS	0.2562022455543658			
GSE36891_UNSTIM_VS_PAM_TLR2_STIM_PERITONEAL_MACROPHAGE_UP	0.25619957477354954			
IPA_YBX1_UP	0.25619895335574866			
GO_CALCIUM_ION_REGULATED_EXOCYTOSIS	0.256197439208526			
GO_CAMP_DEPENDENT_PROTEIN_KINASE_REGULATOR_ACTIVITY	0.25618973604310746			
GO_PLATELET_DEGRANULATION	0.2561611511273627			
MIR5001_3P	0.25615676125508235			
GO_REGULATION_OF_HEART_RATE_BY_CARDIAC_CONDUCTION	0.25615574568806765			
KEGG_P53_SIGNALING_PATHWAY	0.25615098855818225			
GO_ENAMEL_MINERALIZATION	0.2561474866655465			
SRSF7_TARGET_GENES	0.25613116679110465			
REACTOME_INTERLEUKIN_6_FAMILY_SIGNALING	0.2561127265730442			
GO_PHOSPHATIDIC_ACID_TRANSFER_ACTIVITY	0.25610690305205897			
GO_SPINDLE_LOCALIZATION	0.25609666234931544			
GO_GAS_HOMEOSTASIS	0.2560892820784301			
GSE9946_IMMATURE_VS_LISTERIA_INF_MATURE_DC_DN	0.25608470272931977			
GO_POSITIVE_REGULATION_OF_MUCUS_SECRETION	0.2560701866984696			
GSE21033_CTRL_VS_POLYIC_STIM_DC_6H_UP	0.2560569586696802			
EVI1_01	0.25605481564133625			
GSE40666_WT_VS_STAT1_KO_CD8_TCELL_WITH_IFNA_STIM_90MIN_UP	0.2560336188298782			
GO_FATTY_ACID_TRANSPORT	0.25603097626308097			
GO_ACID_SECRETION	0.25602810382564883			
ZNF136_TARGET_GENES	0.2560245748303005			
GSE5679_CTRL_VS_PPARG_LIGAND_ROSIGLITAZONE_TREATED_DC_DN	0.2560236916332863			
FAC1_01	0.2559977988162779			
REACTOME_PI3K_AKT_ACTIVATION	0.25599654161139784			
GSE6259_33D1_POS_VS_DEC205_POS_SPLENIC_DC_DN	0.25598557562663293			
IPA_ZFP42_DN	0.25597863433390855			
RODRIGUES_THYROID_CARCINOMA_UP	0.2559655355128947			
MIR1185_5P	0.2559553125765843			
MIR154_3P	0.25594473786888955			
BIOCARTA_DSP_PATHWAY	0.25594454773845704			
GO_NEGATIVE_REGULATION_OF_PINOCYTOSIS	0.25593147594265125			
PID_INSULIN_GLUCOSE_PATHWAY	0.2559264903581188			
REACTOME_MAPK6_MAPK4_SIGNALING	0.25591788117588815			
YAO_TEMPORAL_RESPONSE_TO_PROGESTERONE_CLUSTER_10	0.255910254835089			
GO_POST_EMBRYONIC_ANIMAL_ORGAN_DEVELOPMENT	0.2558975606752346			
GSE41176_UNSTIM_VS_ANTI_IGM_STIM_BCELL_24H_DN	0.2558951454959942			
ACCATTT_MIR522	0.2558813992440288			
GO_GAP_JUNCTION_CHANNEL_ACTIVITY_INVOLVED_IN_CELL_COMMUNICATION_BY_ELECTRICAL_COUPLING	0.25588072063388984			
GO_COENZYME_BINDING	0.25582953826665444			
GSE4748_CTRL_VS_CYANOBACTERIUM_LPSLIKE_STIM_DC_1H_DN	0.2558294557164758			
MIR200A_3P	0.255825811542937			
GO_FHF_COMPLEX	0.2558005676977142			
GO_REGULATION_OF_RESPONSE_TO_REACTIVE_OXYGEN_SPECIES	0.25579902967330614			
GO_ANKYRIN_BINDING	0.255796692156515			
GO_HYALURONAN_CATABOLIC_PROCESS	0.2557897166198989			
GSE36476_YOUNG_VS_OLD_DONOR_MEMORY_CD4_TCELL_40H_TSST_ACT_DN	0.2557856164274125			
GO_REGULATION_OF_PEPTIDE_HORMONE_SECRETION	0.2557615568083373			
IPA_PPP1R13B_UP	0.2557590075777493			
CATTTCA_MIR203	0.2557470544001133			
GO_ROUGH_ENDOPLASMIC_RETICULUM	0.25573191854337207			
GSE360_HIGH_VS_LOW_DOSE_B_MALAYI_DC_UP	0.2557289857485345			
REACTOME_BIOSYNTHESIS_OF_MARESIN_LIKE_SPMS	0.2557195994158901			
GO_REGULATION_OF_SMALL_GTPASE_MEDIATED_SIGNAL_TRANSDUCTION	0.255714145261261			
GO_REGULATION_OF_PROTEIN_MONOUBIQUITINATION	0.25571197892960523			
GO_KINASE_ACTIVATOR_ACTIVITY	0.2557115051917035			
MIR6733_5P	0.25570746128304084			
GO_LATE_ENDOSOME_TO_VACUOLE_TRANSPORT	0.2557045540885834			
GSE13411_PLASMA_CELL_VS_MEMORY_BCELL_UP	0.25570134680748685			
GCTTGAA_MIR498	0.25570069434973874			
GAANYNYGACNY_UNKNOWN	0.2556840208866472			
REACTOME_COLLAGEN_CHAIN_TRIMERIZATION	0.2556815621176386			
IPA_DAXX_DN	0.2556741665426277			
NIKOLSKY_BREAST_CANCER_11Q12_Q14_AMPLICON	0.2556729552872824			
IPA_NFAT5_UP	0.2556682847525971			
HOEGERKORP_CD44_TARGETS_TEMPORAL_UP	0.25566827535298203			
GSE12366_NAIVE_VS_MEMORY_BCELL_DN	0.255653385340885			
REACTOME_SIGNALING_BY_RHO_GTPASES	0.2556522704297927			
REACTOME_DOWNSTREAM_SIGNALING_OF_ACTIVATED_FGFR3	0.255634060721533			
MARTIN_NFKB_TARGETS_DN	0.2556213022028069			
GO_MONOSACCHARIDE_METABOLIC_PROCESS	0.2556174629512346			
REACTOME_SCF_SKP2_MEDIATED_DEGRADATION_OF_P27_P21	0.2556141739476811			
GO_AXON_MIDLINE_CHOICE_POINT_RECOGNITION	0.25559389837008456			
GO_RECEPTOR_TYROSINE_KINASE_BINDING	0.255589348197447			
KEGG_GLYCEROLIPID_METABOLISM	0.2555881152063539			
GO_SMAD_PROTEIN_COMPLEX_ASSEMBLY	0.2555866782261023			
GO_ARP2_3_COMPLEX_BINDING	0.255579891649148			
GO_MAP_KINASE_KINASE_KINASE_ACTIVITY	0.25555989769729376			
GO_ACETYLGLUCOSAMINYLTRANSFERASE_ACTIVITY	0.25554967842265713			
GO_POSITIVE_REGULATION_OF_CYTOKINE_PRODUCTION_INVOLVED_IN_IMMUNE_RESPONSE	0.2555263508261843			
GO_NEGATIVE_REGULATION_OF_OXIDATIVE_STRESS_INDUCED_INTRINSIC_APOPTOTIC_SIGNALING_PATHWAY	0.2555241721976561			
PANGAS_TUMOR_SUPPRESSION_BY_SMAD1_AND_SMAD5_UP	0.2555014941410206			
GO_DIVALENT_INORGANIC_CATION_TRANSMEMBRANE_TRANSPORTER_ACTIVITY	0.2554883176947782			
REACTOME_NICOTINATE_METABOLISM	0.25547479499309483			
REACTOME_MET_RECEPTOR_RECYCLING	0.25546318928057815			
GO_RESPONSE_TO_SALT	0.25545248544017723			
MIR4429	0.2554444843620661			
GO_REGULATION_OF_ENDOTHELIAL_CELL_DIFFERENTIATION	0.2554420779645662			
MCMURRAY_TP53_HRAS_COOPERATION_RESPONSE_DN	0.2554294827987003			
GSE43863_NAIVE_VS_LY6C_LOW_CXCR5NEG_CD4_EFF_TCELL_D6_LCMV_DN	0.2554204490593019			
PITX1_TARGET_GENES	0.25541405036230985			
GO_DISTAL_CONVOLUTED_TUBULE_DEVELOPMENT	0.25539380744309687			
REACTOME_REGULATED_PROTEOLYSIS_OF_P75NTR	0.25539253322243677			
GO_MONOVALENT_INORGANIC_ANION_HOMEOSTASIS	0.25538848601827785			
GSE11864_CSF1_IFNG_VS_CSF1_IFNG_PAM3CYS_IN_MAC_DN	0.2553855357780395			
GO_REGULATION_OF_HAIR_CYCLE	0.25538090689660137			
REACTOME_G_ALPHA_12_13_SIGNALLING_EVENTS	0.25537625304047495			
GO_ANDROGEN_METABOLIC_PROCESS	0.2553742193600354			
GO_REGULATION_OF_LIPOPHAGY	0.25536465799410796			
GO_LUNG_LOBE_DEVELOPMENT	0.2553451816931476			
GO_OXIDOREDUCTASE_ACTIVITY_ACTING_ON_PAIRED_DONORS_WITH_INCORPORATION_OR_REDUCTION_OF_MOLECULAR_OXYGEN_REDUCED_FLAVIN_OR_FLAVOPROTEIN_AS_ONE_DONOR_AND_INCORPORATION_OF_ONE_ATOM_OF_OXYGEN	0.25534083404858354			
GSE17721_PAM3CSK4_VS_CPG_16H_BMDC_UP	0.2553378356524892			
GO_POSITIVE_REGULATION_OF_HAIR_FOLLICLE_MATURATION	0.2553244957670563			
ANASTASSIOU_MULTICANCER_INVASIVENESS_SIGNATURE	0.2553202047811121			
GSE36476_CTRL_VS_TSST_ACT_16H_MEMORY_CD4_TCELL_YOUNG_DN	0.2553182099136259			
GO_CRANIAL_NERVE_STRUCTURAL_ORGANIZATION	0.25530523082190093			
GO_BEHAVIOR	0.25530476454573625			
GO_GLYCOSPHINGOLIPID_BIOSYNTHETIC_PROCESS	0.2552939428212939			
GSE15930_NAIVE_VS_24H_IN_VITRO_STIM_CD8_TCELL_UP	0.25529387727048297			
GO_MODULATION_OF_PROGRAMMED_CELL_DEATH_IN_OTHER_ORGANISM	0.2552890602275362			
IPA_ZIC2_DN	0.2552874608671525			
GO_ORGANELLE_ASSEMBLY	0.2552751171558371			
GSE22886_CTRL_VS_LPS_24H_DC_DN	0.25525872247890535			
MIR3622B_5P	0.2552512460063879			
GO_PHAGOSOME_MATURATION	0.25524384528384064			
GO_PEPTIDYL_TYROSINE_DEPHOSPHORYLATION	0.2552346931431209			
GSE16385_MONOCYTE_VS_12H_IL4_TREATED_MACROPHAGE_UP	0.25523468618016476			
GSE7852_TREG_VS_TCONV_LN_UP	0.25522147832041614			
GSE45365_HEALTHY_VS_MCMV_INFECTION_CD11B_DC_DN	0.25521820899311454			
OHM_METHYLATED_IN_ADULT_CANCERS	0.2551983535977772			
GSE36476_YOUNG_VS_OLD_DONOR_MEMORY_CD4_TCELL_DN	0.2551969356880629			
MIR12133	0.25519662188196457			
GO_CATECHOLAMINE_UPTAKE_INVOLVED_IN_SYNAPTIC_TRANSMISSION	0.25518262438534295			
GO_NUCLEOTIDE_BINDING_OLIGOMERIZATION_DOMAIN_CONTAINING_2_SIGNALING_PATHWAY	0.2551657489378292			
GO_GUANYL_NUCLEOTIDE_BINDING	0.25515902524940354			
GO_XENOPHAGY	0.25515255623482647			
MIR6739_5P	0.2551347789403717			
GO_MICROTUBULE_BINDING	0.2551228205902214			
LINDGREN_BLADDER_CANCER_CLUSTER_2A_DN	0.2551221232914232			
ACGCACA_MIR210	0.2551044351732477			
GSE360_L_MAJOR_VS_T_GONDII_DC_UP	0.25510342691169585			
GO_NEGATIVE_REGULATION_OF_CARDIOCYTE_DIFFERENTIATION	0.25510317792168624			
GO_CARBOHYDRATE_DERIVATIVE_METABOLIC_PROCESS	0.2551012891302486			
GTATTAT_MIR3693P	0.2550908673362133			
WENG_POR_DOSAGE	0.25508956606699545			
MIR4690_5P	0.25508246626765935			
GO_COMMA_SHAPED_BODY_MORPHOGENESIS	0.2550743685691751			
IPA_ELF5_UP	0.25504446954726145			
GO_GOLGI_STACK	0.2550277051158394			
JOHANSSON_BRAIN_CANCER_EARLY_VS_LATE_UP	0.2549961863095447			
PEREZ_TP53_AND_TP63_TARGETS	0.2549913227086541			
GO_REGULATION_OF_PROTEIN_MODIFICATION_BY_SMALL_PROTEIN_CONJUGATION_OR_REMOVAL	0.25498797997477535			
IPA_SOX10_UP	0.2549823490465259			
TCF11MAFG_01	0.254982173044751			
GO_ENERGY_HOMEOSTASIS	0.2549777519282979			
GO_NEGATIVE_REGULATION_OF_SYNAPSE_ORGANIZATION	0.25497110133921763			
GO_STRUCTURAL_CONSTITUENT_OF_POSTSYNAPSE	0.2549505143917698			
GO_ASYMMETRIC_NEUROBLAST_DIVISION	0.25491810299121853			
GO_REGULATION_OF_FIBROBLAST_MIGRATION	0.254917369724665			
REN_MIF_TARGETS_DN	0.25489423462309757			
GO_I_KAPPAB_KINASE_NF_KAPPAB_SIGNALING	0.2548893347406501			
NOUZOVA_TRETINOIN_AND_H4_ACETYLATION	0.25485963440656995			
WANG_LSD1_TARGETS_UP	0.25485899866593414			
GSE21063_CTRL_VS_ANTI_IGM_STIM_BCELL_8H_UP	0.2548522625873986			
GSE17721_LPS_VS_PAM3CSK4_8H_BMDC_UP	0.25485215586884796			
GO_UTERUS_DEVELOPMENT	0.2548505409769943			
TGAGATT_MIR216	0.2548424438248623			
GO_NEGATIVE_REGULATION_OF_CHEMOKINE_PRODUCTION	0.2548360019542256			
GSE44732_UNSTIM_VS_IL27_STIM_IMATURE_DC_UP	0.25482779136169076			
KIM_ALL_DISORDERS_OLIGODENDROCYTE_NUMBER_CORR_UP	0.2548246590972504			
GSE22886_NAIVE_VS_IGG_IGA_MEMORY_BCELL_DN	0.2548203773038983			
GSE10325_BCELL_VS_LUPUS_BCELL_DN	0.2548178220442571			
GO_DENDRITIC_SPINE_NECK	0.25481314402453487			
GO_CYCLIC_NUCLEOTIDE_GATED_ION_CHANNEL_ACTIVITY	0.2547608827727326			
GO_REGULATION_OF_PROTEIN_KINASE_A_SIGNALING	0.25475571155762294			
GO_REGULATION_OF_AORTA_MORPHOGENESIS	0.2547480484639324			
REACTOME_TCF_DEPENDENT_SIGNALING_IN_RESPONSE_TO_WNT	0.254741918684136			
WEST_ADRENOCORTICAL_TUMOR_MARKERS_UP	0.254732926957606			
IVANOV_MUTATED_IN_COLON_CANCER	0.25473180268628676			
GSE1925_CTRL_VS_24H_IFNG_STIM_IFNG_PRIMED_MACROPHAGE_DN	0.2547250536900838			
MIR4724_5P	0.25471849349251974			
GO_NEGATIVE_REGULATION_OF_ORGAN_GROWTH	0.25471710745691245			
MIR4323	0.254715401596846			
GSE4590_PRE_BCELL_VS_SMALL_PRE_BCELL_UP	0.254694582083442			
GO_INTERLEUKIN_1_RECEPTOR_BINDING	0.2546934170367771			
GSE40493_BCL6_KO_VS_WT_TREG_DN	0.25467327406854856			
MIR542_3P	0.25464097154961823			
GSE15750_WT_VS_TRAF6KO_DAY6_EFF_CD8_TCELL_UP	0.2546353992911855			
GO_ALVEOLAR_LAMELLAR_BODY	0.25463388952328153			
GSE17721_CTRL_VS_POLYIC_4H_BMDC_DN	0.25461755881769543			
BIOCARTA_NTHI_PATHWAY	0.2546161283955675			
MIR6715B_3P	0.25461478440565155			
REACTOME_DEACTIVATION_OF_THE_BETA_CATENIN_TRANSACTIVATING_COMPLEX	0.2546124384276546			
GO_POSITIVE_REGULATION_OF_EPITHELIAL_TO_MESENCHYMAL_TRANSITION_INVOLVED_IN_ENDOCARDIAL_CUSHION_FORMATION	0.2545971199989049			
GO_MORPHOGENESIS_OF_AN_EPITHELIAL_BUD	0.254595995625085			
REACTOME_DOWNREGULATION_OF_SMAD2_3_SMAD4_TRANSCRIPTIONAL_ACTIVITY	0.25458685669131076			
GSE6092_UNSTIM_VS_IFNG_STIM_AND_B_BURGDORFERI_INF_ENDOTHELIAL_CELL_UP	0.2545778385528354			
HALLMARK_IL2_STAT5_SIGNALING	0.25457509176662524			
GO_GOLGI_MEDIAL_CISTERNA	0.2545738806590957			
GO_POLARIZED_EPITHELIAL_CELL_DIFFERENTIATION	0.2545646501126319			
GO_PHOSPHOLIPID_BIOSYNTHETIC_PROCESS	0.25454575415306624			
GSE15330_WT_VS_IKAROS_KO_HSC_DN	0.25453367199233085			
SHI_SPARC_TARGETS_UP	0.2545329340849992			
MIR6792_5P	0.25450772762364704			
MIR4272	0.2545062222668559			
GSE5503_LIVER_DC_VS_SPLEEN_DC_ACTIVATED_ALLOGENIC_TCELL_UP	0.25450485852646826			
GO_POSITIVE_REGULATION_OF_EXTRINSIC_APOPTOTIC_SIGNALING_PATHWAY_VIA_DEATH_DOMAIN_RECEPTORS	0.25449783194984704			
CCCACAT_MIR2993P	0.25449571236640073			
GSE1460_DP_VS_CD4_THYMOCYTE_DN	0.25448866236017875			
GSE17186_BLOOD_VS_CORD_BLOOD_CD21HIGH_TRANSITIONAL_BCELL_UP	0.25448515173130387			
MIR5702	0.2544786796760486			
GO_PROTEIN_MATURATION_BY_4FE_4S_CLUSTER_TRANSFER	0.2544717057358619			
GO_NEGATIVE_REGULATION_OF_PLASMA_MEMBRANE_BOUNDED_CELL_PROJECTION_ASSEMBLY	0.25446644705270033			
GO_CALCIUM_DEPENDENT_CELL_CELL_ADHESION_VIA_PLASMA_MEMBRANE_CELL_ADHESION_MOLECULES	0.2544584804279235			
IPA_CREB1_UP	0.2544324902140212			
IPA_IKZF1_DN	0.2544204389058141			
GO_CELLULAR_KETONE_METABOLIC_PROCESS	0.2544072077114981			
REACTOME_PHENYLALANINE_AND_TYROSINE_METABOLISM	0.25438704546226537			
GSE26030_UNSTIM_VS_RESTIM_TH1_DAY5_POST_POLARIZATION_DN	0.25437091887236596			
GSE5679_PPARG_LIGAND_ROSIGLITAZONE_VS_ROSIGLITAZONE_AND_RARA_AGONIST_AM580_TREATED_DC_UP	0.2543619561095721			
GO_REGULATION_OF_T_HELPER_1_TYPE_IMMUNE_RESPONSE	0.25435584218186635			
GO_NIK_NF_KAPPAB_SIGNALING	0.25435391389428175			
GO_TROPONIN_COMPLEX	0.25434303430955885			
GO_POSITIVE_REGULATION_OF_GROWTH	0.2543409854388992			
GSE21360_NAIVE_VS_PRIMARY_MEMORY_CD8_TCELL_UP	0.2543313914101439			
GO_REGULATION_OF_PYRUVATE_DEHYDROGENASE_ACTIVITY	0.25430154694846985			
ZSCAN5DP_TARGET_GENES	0.2542834865162722			
GO_NEGATIVE_REGULATION_OF_CREB_TRANSCRIPTION_FACTOR_ACTIVITY	0.2542624480160817			
YAO_TEMPORAL_RESPONSE_TO_PROGESTERONE_CLUSTER_12	0.2542549741414603			
GO_RNA_POLYMERASE_II_CTD_HEPTAPEPTIDE_REPEAT_PHOSPHATASE_ACTIVITY	0.2542410494152955			
GO_TROPOMYOSIN_BINDING	0.25422666616794115			
GSE37301_COMMON_LYMPHOID_PROGENITOR_VS_RAG2_KO_NK_CELL_UP	0.25422116762774316			
GSE40274_FOXP3_VS_FOXP3_AND_HELIOS_TRANSDUCED_ACTIVATED_CD4_TCELL_UP	0.25422108432633256			
GO_CLATHRIN_COATED_VESICLE_MEMBRANE	0.2542204299984867			
BIOCARTA_IL6_PATHWAY	0.25421927883519757			
GSE22589_HEALTHY_VS_HIV_INFECTED_DC_DN	0.25419576902342733			
GO_L_ASPARTATE_TRANSMEMBRANE_TRANSPORT	0.25419323618243006			
KEGG_TOLL_LIKE_RECEPTOR_SIGNALING_PATHWAY	0.2541894822403434			
GSE17721_CTRL_VS_PAM3CSK4_24H_BMDC_UP	0.25418766531103804			
BIOCARTA_CARDIACEGF_PATHWAY	0.2541841852877667			
MIR526B_5P	0.25417891023756917			
GSE15324_ELF4_KO_VS_WT_ACTIVATED_CD8_TCELL_UP	0.25417621525194184			
GSE19888_CTRL_VS_TCELL_MEMBRANES_ACT_MAST_CELL_PRETREAT_A3R_INH_UP	0.2541636707589519			
MIR627_5P	0.25415846512478074			
MIR4436A	0.2541446068587846			
REACTOME_TRANSCRIPTIONAL_ACTIVITY_OF_SMAD2_SMAD3_SMAD4_HETEROTRIMER	0.2541437808490927			
GO_RESPONSE_TO_TEMPERATURE_STIMULUS	0.2541202764370947			
GO_MICROTUBULE_PLUS_END_BINDING	0.2541158270860217			
GO_NEGATIVE_REGULATION_OF_SYSTEMIC_ARTERIAL_BLOOD_PRESSURE	0.25409905561877444			
MIR4698	0.25409182442054407			
GO_CHAPERONE_MEDIATED_PROTEIN_FOLDING	0.2540808483772014			
LUI_THYROID_CANCER_PAX8_PPARG_DN	0.254061938127725			
AP2GAMMA_01	0.25405094334297595			
GO_ODONTOBLAST_DIFFERENTIATION	0.25403877278070386			
GO_REGULATION_OF_MICROTUBULE_BINDING	0.25403859153234704			
MIR141_3P	0.2540310120198537			
GO_NK_T_CELL_PROLIFERATION	0.25402816980232135			
GSE37416_0H_VS_24H_F_TULARENSIS_LVS_NEUTROPHIL_DN	0.25402675902341815			
CTTTGA_LEF1_Q2	0.2540210163713546			
CRGAARNNNNCGA_UNKNOWN	0.2540092300755488			
MIR3663_3P	0.2540047051566082			
GSE15930_STIM_VS_STIM_AND_IFNAB_72H_CD8_T_CELL_DN	0.2539908829422668			
HERNANDEZ_MITOTIC_ARREST_BY_DOCETAXEL_1_UP	0.25399037544631425			
GO_POSITIVE_REGULATION_OF_SPINDLE_ASSEMBLY	0.2539627433023322			
REACTOME_INTRACELLULAR_SIGNALING_BY_SECOND_MESSENGERS	0.25395840617446924			
ZNF514_TARGET_GENES	0.25395508478748263			
GO_CELL_ADHESION_INVOLVED_IN_HEART_MORPHOGENESIS	0.25394345216819925			
MIR890	0.2539427694627104			
MIR6506_5P	0.2539228556510435			
GO_NEGATIVE_REGULATION_OF_HORMONE_SECRETION	0.2539103173792861			
GO_ER_TO_GOLGI_TRANSPORT_VESICLE_MEMBRANE	0.25390881175725927			
GSE1925_CTRL_VS_3H_IFNG_STIM_MACROPHAGE_DN	0.2538872716968517			
GO_RETINOIC_ACID_RECEPTOR_BINDING	0.2538849166464127			
GO_REGULATION_OF_VASCULAR_WOUND_HEALING	0.25386494545005966			
GO_VASCULAR_ENDOTHELIAL_GROWTH_FACTOR_SIGNALING_PATHWAY	0.2538498172342358			
BOYAULT_LIVER_CANCER_SUBCLASS_G12_UP	0.25384271500111244			
FIGUEROA_AML_METHYLATION_CLUSTER_5_UP	0.25382851332734035			
GO_CARBON_NITROGEN_LYASE_ACTIVITY	0.2538179095214908			
GO_POSITIVE_REGULATION_OF_PRI_MIRNA_TRANSCRIPTION_BY_RNA_POLYMERASE_II	0.253790664196947			
GO_RESPONSE_TO_MISFOLDED_PROTEIN	0.253779799485425			
IPA_KDM6B_UP	0.25377895882378604			
IPA_ASF1A_UP	0.2537765746555073			
IPA_JARID2_UP	0.2537765746555073			
chr7q21	0.25374788545445814			
MIR1287_5P	0.2537474641878975			
chr3q25	0.2537468736910294			
GSE22045_TREG_VS_TCONV_DN	0.25374093870009523			
GO_NEUROTROPHIN_RECEPTOR_BINDING	0.253723872479933			
GO_ANION_TRANSMEMBRANE_TRANSPORT	0.2537118401955477			
GO_NEGATIVE_REGULATION_OF_SYNAPSE_ASSEMBLY	0.2537096304670425			
GO_REGULATION_OF_CELLULAR_CATABOLIC_PROCESS	0.25370564663692774			
GSE5589_IL6_KO_VS_IL10_KO_LPS_AND_IL10_STIM_MACROPHAGE_45MIN_DN	0.25370220595254184			
GO_RESPONSE_TO_GRAVITY	0.2536999530617428			
GSE1791_CTRL_VS_NEUROMEDINU_IN_T_CELL_LINE_0.8H_UP	0.2536980214414758			
GO_REGULATION_OF_LONG_CHAIN_FATTY_ACID_IMPORT_INTO_CELL	0.2536960958499119			
GSE45365_HEALTHY_VS_MCMV_INFECTION_CD8A_DC_IFNAR_KO_DN	0.2536921020539081			
GO_CDP_DIACYLGLYCEROL_METABOLIC_PROCESS	0.2536913636336931			
GO_CANONICAL_WNT_SIGNALING_PATHWAY_INVOLVED_IN_HEART_DEVELOPMENT	0.2536888410675044			
GO_CILIUM	0.25368843739327857			
GSE17974_0H_VS_72H_IN_VITRO_ACT_CD4_TCELL_UP	0.2536872205487664			
GO_NEGATIVE_REGULATION_OF_GONADOTROPIN_SECRETION	0.2536691936336472			
GO_POSITIVE_REGULATION_OF_TOLL_LIKE_RECEPTOR_3_SIGNALING_PATHWAY	0.2536353296498966			
GO_TRICUSPID_VALVE_MORPHOGENESIS	0.2536327187505246			
GO_MRNA_5_UTR_BINDING	0.25363270716952024			
HUMMERICH_BENIGN_SKIN_TUMOR_UP	0.25363194850387033			
chr17q21	0.2536278985718799			
MIR345_3P	0.25362009692543236			
GO_REGULATION_OF_CENTRIOLE_ELONGATION	0.2536043243725417			
MIR4680_3P	0.25359948643339864			
GO_KINETOCHORE_MICROTUBULE	0.253587819161616			
GSE40666_WT_VS_STAT4_KO_CD8_TCELL_UP	0.25358274036066225			
LIN_MELANOMA_COPY_NUMBER_UP	0.253576692964813			
GSE14908_RESTING_VS_HDM_STIM_CD4_TCELL_ATOPIC_PATIENT_DN	0.2535400744713667			
REACTOME_COLLAGEN_BIOSYNTHESIS_AND_MODIFYING_ENZYMES	0.25353818917910076			
GO_NEGATIVE_REGULATION_OF_MACROAUTOPHAGY	0.25353720287096687			
GO_NEGATIVE_REGULATION_OF_CELLULAR_RESPONSE_TO_VASCULAR_ENDOTHELIAL_GROWTH_FACTOR_STIMULUS	0.253533039961973			
GSE26351_WNT_VS_BMP_PATHWAY_STIM_HEMATOPOIETIC_PROGENITORS_DN	0.2535266730200337			
IPA_STAT5A_DN	0.25351704295152927			
KLF13_TARGET_GENES	0.25350538691969504			
GSE13762_CTRL_VS_125_VITAMIND_DAY5_DC_DN	0.2534967448803097			
IPA_RB1_UP	0.25348672711405645			
GO_REPLICATIVE_CELL_AGING	0.25348618916445576			
REACTOME_ASYMMETRIC_LOCALIZATION_OF_PCP_PROTEINS	0.2534790801199575			
GSE36392_EOSINOPHIL_VS_MAC_IL25_TREATED_LUNG_UP	0.2534707062189595			
GO_REGULATION_OF_SYNAPTIC_PLASTICITY	0.2534626701054778			
REACTOME_BBSOME_MEDIATED_CARGO_TARGETING_TO_CILIUM	0.25346187616563914			
GO_TAU_PROTEIN_BINDING	0.25345938658200107			
GO_REGULATION_OF_CILIUM_DEPENDENT_CELL_MOTILITY	0.2534518131424608			
GO_LABYRINTHINE_LAYER_BLOOD_VESSEL_DEVELOPMENT	0.25344347335407247			
GSE14769_UNSTIM_VS_240MIN_LPS_BMDM_DN	0.2534434397262941			
IRX3_TARGET_GENES	0.2534385779223473			
GO_EXPLORATION_BEHAVIOR	0.25340380077893676			
BOYAULT_LIVER_CANCER_SUBCLASS_G123_UP	0.2533831995430821			
MIR376A_3P_MIR376B_3P	0.25335991408642067			
BIOCARTA_INTEGRIN_PATHWAY	0.25334973083488505			
GSE7509_DC_VS_MONOCYTE_DN	0.2533367408794282			
GO_RESPONSE_TO_OXYGEN_CONTAINING_COMPOUND	0.25331661815412426			
GSE339_CD8POS_VS_CD4CD8DN_DC_UP	0.2532999264237756			
REACTOME_LONG_TERM_POTENTIATION	0.2532968503583433			
GO_POSITIVE_REGULATION_OF_SODIUM_ION_TRANSPORT	0.25327428145905595			
GSE360_T_GONDII_VS_M_TUBERCULOSIS_DC_DN	0.2532485181118364			
KYNG_DNA_DAMAGE_BY_UV	0.2532416363146565			
IPA_PITX2_UP	0.2532350507391223			
GO_NEGATIVE_REGULATION_OF_RESPONSE_TO_DRUG	0.25322457977670304			
GO_BONE_TRABECULA_MORPHOGENESIS	0.25321192886157806			
GO_REGULATION_OF_PROTEIN_LIPIDATION	0.2531818759409846			
IPA_KAT5_DN	0.2531814156039763			
GO_FATTY_ACID_DERIVATIVE_BIOSYNTHETIC_PROCESS	0.25317656443706316			
GSE17721_PAM3CSK4_VS_GADIQUIMOD_24H_BMDC_UP	0.25316651354210723			
chr9q21	0.25315103859400045			
GSE13522_CTRL_VS_T_CRUZI_G_STRAIN_INF_SKIN_UP	0.25313349976428207			
GO_OXIDOREDUCTASE_ACTIVITY_ACTING_ON_THE_CH_CH_GROUP_OF_DONORS	0.2531234385699802			
IPA_PSIP1_DN	0.25312114150412085			
GSE17721_LPS_VS_POLYIC_8H_BMDC_UP	0.2531187623607599			
MIR7854_3P	0.2531141421689544			
REACTOME_GLYCOGEN_METABOLISM	0.253112254292661			
GO_ACTIVATION_OF_CYSTEINE_TYPE_ENDOPEPTIDASE_ACTIVITY_INVOLVED_IN_APOPTOTIC_PROCESS	0.2531094526595779			
GO_CELLULAR_RESPONSE_TO_CISPLATIN	0.2531089392877407			
IPA_HNF1A_UP	0.2531061192674789			
chr7q35	0.25310570869755605			
GO_EPITHELIAL_MESENCHYMAL_CELL_SIGNALING	0.25307884909636563			
GSE28737_BCL6_HET_VS_BCL6_KO_MARGINAL_ZONE_BCELL_DN	0.25307404282909113			
MIR6869_5P	0.2530710025500743			
MIR15B_5P	0.2530588806179551			
GSE8835_HEALTHY_VS_CLL_CD8_TCELL_DN	0.25305463369912695			
IPA_MAFK_UP	0.25303461840114194			
GO_POSITIVE_REGULATION_OF_INTRACELLULAR_TRANSPORT	0.25300657123021203			
URS_ADIPOCYTE_DIFFERENTIATION_DN	0.25300586784059176			
GSE7568_CTRL_VS_3H_TGFB_TREATED_MACROPHAGES_WITH_IL4_AND_DEXAMETHASONE_UP	0.25299485422545204			
KAYO_CALORIE_RESTRICTION_MUSCLE_DN	0.2529936165631552			
GSE42724_MEMORY_BCELL_VS_PLASMABLAST_UP	0.25298505892406425			
GO_POSITIVE_REGULATION_OF_PLASMINOGEN_ACTIVATION	0.25297437698006164			
IPA_KMT2C_UP	0.2529616935659128			
IPA_ZNF536_UP	0.2529616935659128			
IPA_ZBTB7C_UP	0.2529616935659128			
IPA_RFX7_DN	0.2529616935659128			
GO_2FE_2S_CLUSTER_ASSEMBLY	0.25295042297734033			
GSE17974_IL4_AND_ANTI_IL12_VS_UNTREATED_2H_ACT_CD4_TCELL_DN	0.25290429711335133			
GSE18791_CTRL_VS_NEWCASTLE_VIRUS_DC_8H_DN	0.25290296275614094			
GO_ACUTE_PHASE_RESPONSE	0.25289183659388564			
GO_PROTEASOME_REGULATORY_PARTICLE_LID_SUBCOMPLEX	0.2528887206532319			
GSE3039_NKT_CELL_VS_B1_BCELL_DN	0.25285699586906224			
IPA_SOX2_UP	0.25285458594503485			
MIR6515_5P	0.2528532182838144			
MMEF2_Q6	0.252842496013787			
GO_NEGATIVE_REGULATION_OF_ORGANIC_ACID_TRANSPORT	0.25283051288596564			
MAGRANGEAS_MULTIPLE_MYELOMA_IGLL_VS_IGLK_DN	0.2528284846135445			
BIERIE_INFLAMMATORY_RESPONSE_TGFB1	0.2528214073069624			
MIR15A_5P	0.2528070962657208			
GO_CILIUM_MOVEMENT	0.2528068072583767			
GSE25147_UNSTIM_VS_HELIOBACTER_PYLORI_LPS_STIM_MKN45_CELL_UP	0.2527948350540498			
GO_POSITIVE_REGULATION_OF_ENDOCYTIC_RECYCLING	0.2527940769843252			
GO_HORMONE_TRANSPORT	0.25278812413288104			
EBAUER_TARGETS_OF_PAX3_FOXO1_FUSION_UP	0.25277889951832716			
GO_ACTIVIN_RECEPTOR_ACTIVITY_TYPE_I	0.2527720532016887			
GO_APOPTOTIC_PROCESS_INVOLVED_IN_HEART_MORPHOGENESIS	0.2527564740140831			
REACTOME_NOTCH4_ACTIVATION_AND_TRANSMISSION_OF_SIGNAL_TO_THE_NUCLEUS	0.25275064015151			
GO_PROTEIN_LYSINE_6_OXIDASE_ACTIVITY	0.2527489254384587			
GO_PEPTIDYL_LYSINE_OXIDATION	0.2527489254384587			
GO_POSITIVE_REGULATION_OF_CELL_ADHESION	0.2527431329134808			
PIONTEK_PKD1_TARGETS_UP	0.2527382053745854			
GO_REGULATION_OF_REACTIVE_OXYGEN_SPECIES_BIOSYNTHETIC_PROCESS	0.25273771597724726			
GO_REGULATION_OF_ENDOSOME_SIZE	0.2527372809435973			
REACTOME_CROSSLINKING_OF_COLLAGEN_FIBRILS	0.25273220425287457			
GSE14000_UNSTIM_VS_16H_LPS_DC_DN	0.25272619537749474			
GO_INTRACELLULAR_CGMP_ACTIVATED_CATION_CHANNEL_ACTIVITY	0.2527189306622844			
MIR4480	0.2527048081782573			
GSE12845_IGD_NEG_BLOOD_VS_DARKZONE_GC_TONSIL_BCELL_UP	0.25270233755962296			
IPA_BRCA1_DN	0.2526946801513404			
GO_PHOSPHATIDYLETHANOLAMINE_METABOLIC_PROCESS	0.25267163508594354			
KORKOLA_CORRELATED_WITH_POU5F1	0.2526714814100285			
MIR6773_3P	0.2526711610343281			
GO_REGULATION_OF_FOREBRAIN_NEURON_DIFFERENTIATION	0.25266471969050447			
GO_POSITIVE_REGULATION_OF_ATP_BIOSYNTHETIC_PROCESS	0.25265620849738296			
GO_TONIC_SMOOTH_MUSCLE_CONTRACTION	0.2526468185526413			
REACTOME_PCP_CE_PATHWAY	0.25263552747700263			
MIR1973	0.252634926965292			
GSE17721_CPG_VS_GARDIQUIMOD_2H_BMDC_UP	0.2526291223428271			
GO_POSITIVE_REGULATION_OF_EXTRACELLULAR_MATRIX_DISASSEMBLY	0.2526102251152179			
GO_POSITIVE_REGULATION_OF_HEMATOPOIETIC_STEM_CELL_PROLIFERATION	0.25258829805726474			
CEBP_C	0.25257579351204507			
GO_REGULATION_OF_RESPONSE_TO_OSMOTIC_STRESS	0.2525655158889918			
MIR551B_5P	0.252563663645781			
MULLIGHAN_NPM1_MUTATED_SIGNATURE_1_UP	0.25255808896829596			
IPA_JUN_DN	0.2525283835829086			
GO_G_PROTEIN_COUPLED_RECEPTOR_BINDING	0.2525259517994742			
GO_STRUCTURAL_MOLECULE_ACTIVITY_CONFERRING_ELASTICITY	0.2525132352590959			
DAWSON_METHYLATED_IN_LYMPHOMA_TCL1	0.25250127377687265			
GO_OSTEOCLAST_DEVELOPMENT	0.25249727989192183			
F10_TARGET_GENES	0.2524837792736583			
GO_RELAXATION_OF_CARDIAC_MUSCLE	0.2524830127122982			
GO_MUSCLE_ORGAN_MORPHOGENESIS	0.2524813748666548			
GSE17721_CTRL_VS_PAM3CSK4_2H_BMDC_DN	0.2524782972013132			
GO_COENZYME_BIOSYNTHETIC_PROCESS	0.2524761160474453			
GSE9509_10MIN_VS_30MIN_LPS_AND_IL10_STIM_IL10_KO_MACROPHAGE_DN	0.25247548528965025			
GO_REGULATION_OF_AUTOPHAGY	0.25247142967885894			
GO_GLYCEROPHOSPHOLIPID_METABOLIC_PROCESS	0.25246674857652623			
MIR16_5P	0.25246615661062166			
GO_CORECEPTOR_ACTIVITY_INVOLVED_IN_WNT_SIGNALING_PATHWAY_PLANAR_CELL_POLARITY_PATHWAY	0.25246290318937026			
GO_CELLULAR_RESPONSE_TO_AMYLOID_BETA	0.2524610699147125			
MIR4741	0.2524209264327267			
GSE7460_CTRL_VS_TGFB_TREATED_ACT_CD8_TCELL_UP	0.2524189493579999			
REACTOME_REGULATION_OF_LIPID_METABOLISM_BY_PPARALPHA	0.2524082254756863			
ZSCAN5B_TARGET_GENES	0.2524060923963333			
STAMBOLSKY_TARGETS_OF_MUTATED_TP53_DN	0.25240403884926127			
GO_CERAMIDE_BIOSYNTHETIC_PROCESS	0.252373740755134			
GO_TOLL_LIKE_RECEPTOR_3_SIGNALING_PATHWAY	0.25235207595757914			
REACTOME_SENESCENCE_ASSOCIATED_SECRETORY_PHENOTYPE_SASP	0.2523482513536115			
GO_WNT_SIGNALOSOME	0.2523438414846435			
GO_POSITIVE_REGULATION_OF_NATURAL_KILLER_CELL_MEDIATED_IMMUNE_RESPONSE_TO_TUMOR_CELL	0.2523298228512608			
LANDIS_ERBB2_BREAST_PRENEOPLASTIC_UP	0.25232488246176477			
GO_CELL_ADHESION_MEDIATED_BY_INTEGRIN	0.2523148443341634			
MIR7704	0.25230193637351417			
MIR4322	0.25228914233047584			
GO_REGULATION_OF_FATTY_ACID_METABOLIC_PROCESS	0.25228302582049056			
GO_POSITIVE_REGULATION_OF_NF_KAPPAB_TRANSCRIPTION_FACTOR_ACTIVITY	0.2522806492456861			
GO_TYROSINE_CATABOLIC_PROCESS	0.25227506186574783			
REACTOME_TYROSINE_CATABOLISM	0.25227506186574783			
GO_MITOTIC_SPINDLE_MIDZONE	0.2522664971415975			
JEON_SMAD6_TARGETS_DN	0.2522593569009045			
ZMYND11_TARGET_GENES	0.2522532702463175			
GO_PROTEIN_DISULFIDE_OXIDOREDUCTASE_ACTIVITY	0.2522453054457867			
GSE42021_CD24HI_VS_CD24INT_TREG_THYMUS_DN	0.25224393379498317			
IPA_FOXA2_UP	0.25224198815280086			
GSE8921_UNSTIM_VS_TLR1_2_STIM_MONOCYTE_12H_UP	0.2522198256627949			
TARTE_PLASMA_CELL_VS_PLASMABLAST_UP	0.252216438852905			
MIR3157_5P	0.25221182900375494			
MIR4666A_3P	0.2522076779378062			
HNF3_Q6	0.2522076042009747			
BIOCARTA_AMI_PATHWAY	0.2522013454468348			
IPA_GTF2B_UP	0.2522008596653219			
chr18q11	0.25219410756598043			
MIR5579_3P	0.2521885351374318			
REACTOME_ACYL_CHAIN_REMODELING_OF_DAG_AND_TAG	0.25217429975166644			
GO_ACYLGLYCEROL_ACYL_CHAIN_REMODELING	0.25217429975166644			
GO_NEUROBLAST_PROLIFERATION	0.2521573039827142			
GO_HEAT_GENERATION	0.2521550208353869			
GSE26030_UNSTIM_VS_RESTIM_TH17_DAY5_POST_POLARIZATION_UP	0.25214385834138575			
NUFIP1_TARGET_GENES	0.2521340677071764			
GO_POSTTRANSLATIONAL_PROTEIN_TARGETING_TO_MEMBRANE_TRANSLOCATION	0.2521284254750362			
MIR6835_5P	0.2521255920562353			
GSE3920_IFNB_VS_IFNG_TREATED_ENDOTHELIAL_CELL_UP	0.25212142961613054			
ZNF768_TARGET_GENES	0.2521176558265173			
IPA_KDM5B_DN	0.25211304930657513			
GSE43955_1H_VS_60H_ACT_CD4_TCELL_UP	0.252111122429313			
GO_ORGANELLE_FUSION	0.2520965797442144			
IPA_MLLT3_UP	0.2520947856077086			
REACTOME_ACTIVATION_OF_BAD_AND_TRANSLOCATION_TO_MITOCHONDRIA	0.25208562037727344			
GO_THIOREDOXIN_PEROXIDASE_ACTIVITY	0.2520748051262977			
GSE29949_DC_BRAIN_VS_MONOCYTE_BONE_MARROW_UP	0.2520727603623026			
DELYS_THYROID_CANCER_DN	0.2520714652021391			
GO_MAINTENANCE_OF_LOCATION_IN_CELL	0.252066564744117			
REACTOME_LYSINE_CATABOLISM	0.25200928927482624			
MIR1289	0.2520092455878034			
GSE46606_IRF4_KO_VS_WT_UNSTIM_BCELL_DN	0.25199716211182943			
GO_NEUROFIBRILLARY_TANGLE	0.25199534241089344			
AKL_HTLV1_INFECTION_UP	0.2519916530492127			
GSE26488_HDAC7_KO_VS_VP16_TRANSGENIC_HDAC7_KO_DOUBLE_POSITIVE_THYMOCYTE_UP	0.2519910631667405			
PBRM1_TARGET_GENES	0.2519863032692177			
MIR376C_3P	0.2519779840182759			
REACTOME_GAP_JUNCTION_DEGRADATION	0.25197706852078466			
IPA_H2AFX_DN	0.25197622885761417			
REACTOME_AUTOPHAGY	0.25197286398610125			
GSE10240_IL17_VS_IL17_AND_IL22_STIM_PRIMARY_BRONCHIAL_EPITHELIAL_CELLS_DN	0.25197112739922745			
GO_PROTEIN_LOCALIZATION_TO_MICROTUBULE_END	0.25197051592368663			
MIR195_5P	0.2519684162291891			
GO_CELLULAR_RESPONSE_TO_MANGANESE_ION	0.25195906370545795			
GO_REGULATION_OF_LYMPHOID_PROGENITOR_CELL_DIFFERENTIATION	0.2519588318692807			
GO_CARBOHYDRATE_BIOSYNTHETIC_PROCESS	0.25195703383626367			
GO_OXIDOREDUCTASE_ACTIVITY_ACTING_ON_SINGLE_DONORS_WITH_INCORPORATION_OF_MOLECULAR_OXYGEN	0.25195324522230994			
GO_REGULATION_OF_EPITHELIAL_CELL_PROLIFERATION_INVOLVED_IN_LUNG_MORPHOGENESIS	0.25193817839768806			
IPA_THRB_DN	0.25193371275857773			
MIR362_3P	0.2518997367772503			
GO_POSITIVE_REGULATION_OF_MICROTUBULE_POLYMERIZATION_OR_DEPOLYMERIZATION	0.25188692070608426			
GO_THYROID_HORMONE_GENERATION	0.25188585877826297			
MIR4651	0.2518711568257399			
GO_ORGANOPHOSPHATE_ESTER_TRANSPORT	0.25186979266790094			
GSE17721_POLYIC_VS_CPG_24H_BMDC_DN	0.25186163142115275			
MIR320A_3P_MIR320B_MIR320C_MIR320D	0.25185939004235414			
BIOCARTA_PTDINS_PATHWAY	0.2518482274737807			
MARKS_HDAC_TARGETS_UP	0.251844869026727			
REACTOME_TRIGLYCERIDE_CATABOLISM	0.25183632946988793			
GO_LONG_CHAIN_FATTY_ACID_COA_LIGASE_ACTIVITY	0.25181349246944523			
GO_N_TERMINAL_PEPTIDYL_METHIONINE_ACETYLATION	0.2518121596802757			
GSE13485_DAY1_VS_DAY3_YF17D_VACCINE_PBMC_DN	0.2518095606188908			
GO_GLOMERULAR_MESANGIAL_CELL_DEVELOPMENT	0.25179540856016247			
GO_SECRETION_BY_TISSUE	0.25177420522436467			
REACTOME_MYOCLONIC_EPILEPSY_OF_LAFORA	0.251771581753751			
GO_OUTER_MEMBRANE	0.25176917232733675			
GO_POSITIVE_REGULATION_OF_T_HELPER_2_CELL_DIFFERENTIATION	0.2517632329550829			
GO_GLYCOLIPID_CATABOLIC_PROCESS	0.25174750381050515			
GO_CCR6_CHEMOKINE_RECEPTOR_BINDING	0.2517384025051498			
BIOCARTA_INTRINSIC_PATHWAY	0.25173542183129116			
GSE36078_UNTREATED_VS_AD5_T425A_HEXON_INF_MOUSE_LUNG_DC_UP	0.25171068623650367			
GSE339_CD4POS_VS_CD4CD8DN_DC_IN_CULTURE_DN	0.25170510087945946			
GO_CARBOHYDRATE_METABOLIC_PROCESS	0.25168152298822855			
SENGUPTA_NASOPHARYNGEAL_CARCINOMA_WITH_LMP1_UP	0.2516757524002399			
MIR4690_3P	0.2516750836797638			
GO_CELLULAR_RESPONSE_TO_CORTICOSTEROID_STIMULUS	0.2516613134954509			
GO_AMP_BINDING	0.25164789415621697			
HOLLEMAN_VINCRISTINE_RESISTANCE_ALL_UP	0.25164585285472196			
IPA_RB1CC1_UP	0.2516422801940928			
GGATCCG_MIR127	0.25163443992318635			
ZNF140_TARGET_GENES	0.2516335806125556			
GO_MESODERMAL_CELL_FATE_COMMITMENT	0.2516164985718261			
GGGNNTTTCC_NFKB_Q6_01	0.25161316527843536			
VANDESLUIS_NORMAL_EMBRYOS_UP	0.25161288810223986			
BLALOCK_ALZHEIMERS_DISEASE_INCIPIENT_UP	0.2516005423638286			
GO_RESPONSE_TO_PLATELET_AGGREGATION_INHIBITOR	0.2515843464527497			
REACTOME_CELL_EXTRACELLULAR_MATRIX_INTERACTIONS	0.25158008434539647			
AR_03	0.2515760096400506			
GSE25088_IL4_VS_IL4_AND_ROSIGLITAZONE_STIM_STAT6_KO_MACROPHAGE_DAY10_DN	0.25155928689348084			
GSE22886_NAIVE_BCELL_VS_BLOOD_PLASMA_CELL_DN	0.2515362073637358			
GO_REGULATION_OF_MONOCYTE_CHEMOTAXIS	0.2515336897525115			
GO_NEGATIVE_REGULATION_OF_CELL_JUNCTION_ASSEMBLY	0.25152125198023073			
GSE9650_NAIVE_VS_MEMORY_CD8_TCELL_DN	0.2514987194006478			
GSE9960_GRAM_NEG_VS_GRAM_NEG_AND_POS_SEPSIS_PBMC_UP	0.2514964536531819			
GSE43955_TH0_VS_TGFB_IL6_IL23_TH17_ACT_CD4_TCELL_52H_UP	0.25149244979178853			
LAU_APOPTOSIS_CDKN2A_DN	0.2514756763755036			
GSE13522_CTRL_VS_T_CRUZI_Y_STRAIN_INF_SKIN_129_MOUSE_DN	0.25147524054753767			
GO_GALACTOLIPID_BIOSYNTHETIC_PROCESS	0.2514740651883306			
MIR6819_3P	0.25145170528514216			
DICER1_TARGET_GENES	0.2514146720881002			
GO_UBIQUITIN_BINDING	0.25141171632867637			
MIR6842_5P	0.2514067586636737			
GO_LEWY_BODY	0.25139080667058433			
GSE4590_LARGE_PRE_BCELL_VS_VPREB_POS_LARGE_PRE_BCELL_UP	0.25138923688637693			
GO_DOPAMINERGIC_SYNAPSE	0.251389095738386			
GSE11961_MARGINAL_ZONE_BCELL_VS_MEMORY_BCELL_DAY40_UP	0.25138908080352773			
MCBRYAN_TERMINAL_END_BUD_UP	0.25137920960516946			
WU_HBX_TARGETS_1_DN	0.2513612202505034			
GO_INTRAMOLECULAR_OXIDOREDUCTASE_ACTIVITY_INTERCONVERTING_ALDOSES_AND_KETOSES	0.2513409543145547			
GSE360_CTRL_VS_T_GONDII_DC_DN	0.2513383201677936			
GO_POSITIVE_REGULATION_OF_CELLULAR_AMINE_METABOLIC_PROCESS	0.2513353136175304			
GSE17721_0.5H_VS_8H_PAM3CSK4_BMDC_DN	0.2513351473092873			
GO_SIGNAL_RELEASE	0.25133135862757566			
TTGCCAA_MIR182	0.2513255188721478			
MIR4265	0.2513240657359766			
GO_IMMUNOGLOBULIN_SECRETION	0.2513182316788884			
MIR4763_3P	0.25130249531645615			
GO_BASAL_DENDRITE	0.25129445472052925			
GUENTHER_GROWTH_SPHERICAL_VS_ADHERENT_UP	0.25129408993384916			
GO_REGULATION_OF_MICROTUBULE_POLYMERIZATION	0.25129142136913313			
GSE17721_0.5H_VS_4H_CPG_BMDC_DN	0.25128981092577035			
GO_POSITIVE_REGULATION_OF_ACTIN_FILAMENT_POLYMERIZATION	0.2512869835118786			
MIR1_5P	0.25128324179671463			
GO_POSITIVE_REGULATION_OF_ERBB_SIGNALING_PATHWAY	0.2512634041874342			
GO_ECTODERMAL_CELL_DIFFERENTIATION	0.2512348569281468			
PICCALUGA_ANGIOIMMUNOBLASTIC_LYMPHOMA_DN	0.25123245016404966			
GO_PHOSPHOLIPID_METABOLIC_PROCESS	0.25122592183016684			
SCHEIDEREIT_IKK_INTERACTING_PROTEINS	0.2512231949476129			
MIR4477A	0.2512190221408925			
GO_BETA_1_3_GALACTOSYLTRANSFERASE_ACTIVITY	0.2512146158880193			
GO_CELLULAR_RESPONSE_TO_TESTOSTERONE_STIMULUS	0.2512035182033661			
AP2_Q3	0.2511980362894197			
KEGG_AMINO_SUGAR_AND_NUCLEOTIDE_SUGAR_METABOLISM	0.2511926801121011			
GSE1432_1H_VS_6H_IFNG_MICROGLIA_DN	0.2511901202559225			
GO_COPPER_ION_TRANSMEMBRANE_TRANSPORTER_ACTIVITY	0.25116648665151015			
GO_ZINC_ION_HOMEOSTASIS	0.25116613601107274			
GO_MYOBLAST_DIFFERENTIATION	0.2511640456781922			
IPA_ERG_DN	0.25115847769622773			
SU_SALIVARY_GLAND	0.251154203859352			
HOFFMANN_SMALL_PRE_BII_TO_IMMATURE_B_LYMPHOCYTE_DN	0.25114266193407897			
GO_CELLULAR_RESPONSE_TO_GONADOTROPIN_STIMULUS	0.2511210695040989			
LEIN_LOCALIZED_TO_DISTAL_AND_PROXIMAL_DENDRITES	0.2511179758492649			
GSE24142_DN2_VS_DN3_THYMOCYTE_FETAL_UP	0.2511172401520631			
WEST_ADRENOCORTICAL_TUMOR_MARKERS_DN	0.2511086560192495			
GO_POSITIVE_REGULATION_OF_VASCULAR_ASSOCIATED_SMOOTH_MUSCLE_CELL_MIGRATION	0.2511002776118266			
IPA_REL_DN	0.25107766318399927			
GO_INTERSTITIAL_MATRIX	0.25107505563877525			
BENPORATH_ES_WITH_H3K27ME3	0.25106848756585143			
NFAT_Q6	0.2510648481097333			
GTGCAAT_MIR25_MIR32_MIR92_MIR363_MIR367	0.2510556282813042			
GSE26559_TCF1_KO_VS_WT_LIN_NEG_CELL_DN	0.2510233166716561			
ZFP91_TARGET_GENES	0.25100161158195183			
GO_SMALL_MOLECULE_CATABOLIC_PROCESS	0.2509819819580929			
GO_CARDIAC_MUSCLE_TISSUE_MORPHOGENESIS	0.2509673124562262			
GO_REGULATION_OF_MODIFICATION_OF_SYNAPTIC_STRUCTURE	0.25096382665508415			
NABA_COLLAGENS	0.25096154832047113			
GO_WOUND_HEALING_SPREADING_OF_EPIDERMAL_CELLS	0.25096033592445266			
GSE41978_WT_VS_BIM_KO_KLRG1_LOW_EFFECTOR_CD8_TCELL_DN	0.2509477212618449			
GSE2405_0H_VS_3H_A_PHAGOCYTOPHILUM_STIM_NEUTROPHIL_DN	0.2509448678453286			
GO_INTRINSIC_COMPONENT_OF_PEROXISOMAL_MEMBRANE	0.2509430198208529			
GO_REGULATION_OF_EXTRACELLULAR_MATRIX_DISASSEMBLY	0.25093798541773843			
REACTOME_REGULATION_OF_FZD_BY_UBIQUITINATION	0.2509261479684861			
GO_SODIUM_ION_IMPORT_ACROSS_PLASMA_MEMBRANE	0.25091786763524665			
GSE26488_HDAC7_KO_VS_VP16_TRANSGENIC_HDAC7_KO_DOUBLE_POSITIVE_THYMOCYTE_DN	0.2508777135434885			
PGBD5_TARGET_GENES	0.2508708886379032			
VILLANUEVA_LIVER_CANCER_KRT19_DN	0.25084893835641486			
GO_ACETYLGALACTOSAMINYLTRANSFERASE_ACTIVITY	0.2508480135549857			
RICKMAN_HEAD_AND_NECK_CANCER_E	0.25084429337406233			
GO_PROTEIN_BINDING_BRIDGING_INVOLVED_IN_SUBSTRATE_RECOGNITION_FOR_UBIQUITINATION	0.2508276142958229			
GO_REGULATION_OF_ANION_CHANNEL_ACTIVITY	0.25081598069550304			
FOXO1_02	0.250806195209347			
GO_SEQUESTERING_OF_TRIGLYCERIDE	0.25080004030970043			
GO_ATPASE_COUPLED_LIPID_TRANSMEMBRANE_TRANSPORTER_ACTIVITY	0.2507983253990775			
GSE7460_CTRL_VS_TGFB_TREATED_ACT_TCONV_DN	0.2507983078712656			
MIR3614_3P	0.25079728300605975			
GO_ORGANIC_ANION_TRANSMEMBRANE_TRANSPORTER_ACTIVITY	0.25079532801195575			
GSE43955_10H_VS_30H_ACT_CD4_TCELL_DN	0.25079306531381157			
GSE2770_IL12_AND_TGFB_ACT_VS_ACT_CD4_TCELL_48H_UP	0.2507821262562479			
AATGTGA_MIR23A_MIR23B	0.25077693418446756			
MIR1183	0.2507765737751546			
GO_MEMORY	0.25077048048720896			
GSE9037_CTRL_VS_LPS_1H_STIM_IRAK4_KO_BMDM_DN	0.2507695343054831			
MIR5704	0.25076617294919695			
GSE18791_CTRL_VS_NEWCASTLE_VIRUS_DC_12H_DN	0.2507616340183782			
OHM_EMBRYONIC_CARCINOMA_UP	0.2507604500923754			
GSE17721_CTRL_VS_GARDIQUIMOD_0.5H_BMDC_DN	0.2507502357297638			
GO_REGULATION_OF_COMPLEMENT_DEPENDENT_CYTOTOXICITY	0.250743007235604			
MIR6849_3P	0.25074156625350513			
GSE1460_CD4_THYMOCYTE_VS_NAIVE_CD4_TCELL_ADULT_BLOOD_DN	0.25073887309643733			
GO_REGULATION_OF_MEMBRANE_DEPOLARIZATION_DURING_ACTION_POTENTIAL	0.25073133933017266			
GO_PHOSPHATIDYLETHANOLAMINE_BIOSYNTHETIC_PROCESS	0.25073130557273043			
GO_OXIDOREDUCTASE_ACTIVITY_ACTING_ON_DIPHENOLS_AND_RELATED_SUBSTANCES_AS_DONORS	0.25071683734061284			
GO_OXALATE_TRANSPORT	0.25071559842758984			
chr10p15	0.250714240849065			
GO_RESPONSE_TO_TUMOR_CELL	0.250707431513547			
GO_SURFACTANT_HOMEOSTASIS	0.25069928390265195			
GO_THYROID_HORMONE_TRANSPORT	0.2506925728963726			
GSE15930_NAIVE_VS_24H_IN_VITRO_STIM_IL12_CD8_TCELL_UP	0.25069072976770296			
WDHD1_TARGET_GENES	0.25068003496310526			
GSE22886_DAY1_VS_DAY7_MONOCYTE_IN_CULTURE_DN	0.25067907409086776			
GO_RESPONSE_TO_AXON_INJURY	0.250675287851327			
HNF3B_01	0.2506703289741862			
HAHTOLA_MYCOSIS_FUNGOIDES_UP	0.25066524034856486			
GSE16385_ROSIGLITAZONE_IL4_VS_IFNG_TNF_STIM_MACROPHAGE_DN	0.2506645307675895			
ACACTCC_MIR122A	0.2506594393225807			
GO_INTERLEUKIN_35_MEDIATED_SIGNALING_PATHWAY	0.2506184078853595			
REACTOME_SEMA3A_PLEXIN_REPULSION_SIGNALING_BY_INHIBITING_INTEGRIN_ADHESION	0.25061617519397805			
GO_REGULATION_OF_T_CELL_CHEMOTAXIS	0.250609535638697			
GO_ANTERIOR_POSTERIOR_PATTERN_SPECIFICATION	0.25060013662074904			
ZNF85_TARGET_GENES	0.2505993075569268			
GSE25123_IL4_VS_IL4_AND_ROSIGLITAZONE_STIM_PPARG_KO_MACROPHAGE_DAY10_DN	0.25059894393712484			
INAMURA_LUNG_CANCER_SCC_UP	0.2505985968347978			
GO_REGULATION_OF_HEXOKINASE_ACTIVITY	0.25059774077554364			
GO_CARDIAC_MUSCLE_CELL_MEMBRANE_REPOLARIZATION	0.2505698735808132			
GO_GLYCOSIDE_METABOLIC_PROCESS	0.2505622292750851			
REACTOME_MAPK3_ERK1_ACTIVATION	0.2505590429805845			
NFKB_Q6	0.250558895238507			
GO_AUDITORY_RECEPTOR_CELL_MORPHOGENESIS	0.25055197428577564			
GO_RAC_GUANYL_NUCLEOTIDE_EXCHANGE_FACTOR_ACTIVITY	0.2505455575175268			
GSE3920_IFNA_VS_IFNB_TREATED_ENDOTHELIAL_CELL_UP	0.2505399038668866			
GARCIA_TARGETS_OF_FLI1_AND_DAX1_UP	0.25053715536008986			
GSE24574_BCL6_HIGH_TFH_VS_NAIVE_CD4_TCELL_DN	0.25051850837433337			
MIR4540	0.25051707237727283			
IPA_JMJD6_DN	0.25048249301385234			
GO_MAINTENANCE_OF_PROTEIN_LOCALIZATION_IN_ORGANELLE	0.25047833548165394			
GSE17721_POLYIC_VS_PAM3CSK4_6H_BMDC_UP	0.2504736048563628			
GO_REGULATION_OF_L_GLUTAMATE_IMPORT_ACROSS_PLASMA_MEMBRANE	0.2504520617346992			
GO_REGULATION_OF_TRANSCRIPTION_INVOLVED_IN_CELL_FATE_COMMITMENT	0.25045151544809985			
CAGCCTC_MIR4855P	0.25043017837132403			
GO_MUSCLE_SYSTEM_PROCESS	0.2504163471833378			
REACTOME_VEGFR2_MEDIATED_CELL_PROLIFERATION	0.2504135027624824			
GSE13522_WT_VS_IFNAR_KO_SKING_T_CRUZI_Y_STRAIN_INF_UP	0.2504091019209375			
GO_RESPONSE_TO_DEXAMETHASONE	0.25039581570097913			
GO_AMIDE_TRANSMEMBRANE_TRANSPORTER_ACTIVITY	0.25039438529380553			
COWLING_MYCN_TARGETS	0.2503938043951067			
GO_POSITIVE_REGULATION_OF_RESPONSE_TO_CYTOKINE_STIMULUS	0.2503830263377712			
GSE9037_CTRL_VS_LPS_4H_STIM_IRAK4_KO_BMDM_DN	0.25037658866419726			
GO_FIBRINOGEN_BINDING	0.250355030437473			
MIR511_5P	0.2503548522409107			
GSE22025_UNTREATED_VS_TGFB1_TREATED_CD4_TCELL_UP	0.2503524284836708			
IPA_STAT1_DN	0.25033960702365726			
GSE38697_LIGHT_ZONE_VS_DARK_ZONE_BCELL_DN	0.2503325483054781			
GO_POSITIVE_REGULATION_OF_NEURON_MIGRATION	0.25033189975081754			
MIR663A	0.2503270590178829			
GO_REGULATION_OF_ER_TO_GOLGI_VESICLE_MEDIATED_TRANSPORT	0.2503220495353677			
VERRECCHIA_RESPONSE_TO_TGFB1_C2	0.2503183977934922			
MIR223_5P	0.250296595479485			
GSE5589_LPS_VS_LPS_AND_IL10_STIM_MACROPHAGE_45MIN_UP	0.2502929546423135			
GO_MESANGIAL_CELL_DEVELOPMENT	0.25028512160650074			
GO_POSITIVE_REGULATION_OF_CYSTEINE_TYPE_ENDOPEPTIDASE_ACTIVITY	0.25028389246892063			
CTAGGAA_MIR384	0.25027454612973704			
GO_DENDRITIC_CELL_ANTIGEN_PROCESSING_AND_PRESENTATION	0.25025904904244883			
ACEVEDO_LIVER_CANCER_WITH_H3K9ME3_DN	0.250256476228462			
GO_REGULATION_OF_TOLL_LIKE_RECEPTOR_3_SIGNALING_PATHWAY	0.250253895642803			
REACTOME_IKBA_VARIANT_LEADS_TO_EDA_ID	0.2502514026321173			
MIR487A_3P	0.25024207954839256			
GO_NEGATIVE_REGULATION_OF_CELLULAR_RESPONSE_TO_DRUG	0.2502291425107634			
GO_RESPONSE_TO_LIPID	0.2502232255201398			
GSE37534_UNTREATED_VS_PIOGLITAZONE_TREATED_CD4_TCELL_PPARG1_AND_FOXP3_TRASDUCED_UP	0.2502212985414555			
GSE11864_CSF1_VS_CSF1_IFNG_IN_MAC_UP	0.2502105453587318			
HANSON_HRAS_SIGNALING_VIA_NFKB	0.2502073397228771			
GO_CYCLIC_NUCLEOTIDE_DEPENDENT_PROTEIN_KINASE_ACTIVITY	0.25020657611682945			
MIR1180_5P	0.2501827942549218			
REACTOME_O_LINKED_GLYCOSYLATION_OF_MUCINS	0.2501784871625862			
MIR11399	0.2501716456774351			
GSE37301_LYMPHOID_PRIMED_MPP_VS_COMMON_LYMPHOID_PROGENITOR_UP	0.25015974833938004			
GO_PLATELET_ALPHA_GRANULE_LUMEN	0.25012999386171614			
IPA_ARNTL_UP	0.25010277402041525			
GO_NEGATIVE_REGULATION_OF_APOPTOTIC_PROCESS_INVOLVED_IN_DEVELOPMENT	0.25009880170401866			
GSE5589_WT_VS_IL6_KO_LPS_STIM_MACROPHAGE_180MIN_UP	0.2500796637906744			
GO_POTASSIUM_ION_HOMEOSTASIS	0.250036937998788			
GO_ANTERIOR_COMMISSURE_MORPHOGENESIS	0.25002981793846546			
GSE37533_PPARG1_FOXP3_VS_PPARG2_FOXP3_TRANSDUCED_CD4_TCELL_PIOGLITAZONE_TREATED_DN	0.2500159924300898			
HOXA4_Q2	0.2500056606812714			
GO_CYTOKINE_RECEPTOR_BINDING	0.2500017293020047			
GO_FATTY_ACID_ELONGATION_SATURATED_FATTY_ACID	0.24998927104773883			
GO_3_OXO_ARACHIDOYL_COA_SYNTHASE_ACTIVITY	0.24998927104773883			
SCHAEFFER_PROSTATE_DEVELOPMENT_AND_CANCER_BOX5_UP	0.2499873245447832			
CHEOK_RESPONSE_TO_MERCAPTOPURINE_DN	0.2499768493931658			
WANG_CISPLATIN_RESPONSE_AND_XPC_UP	0.249974756613161			
WENG_POR_TARGETS_GLOBAL_DN	0.24997448225331023			
REACTOME_ACTIVATED_NTRK2_SIGNALS_THROUGH_FRS2_AND_FRS3	0.24996301895202658			
GSE24142_ADULT_VS_FETAL_DN2_THYMOCYTE_UP	0.24994301538912742			
MIR5003_3P	0.24993752556504062			
ZNF776_TARGET_GENES	0.24990709820562385			
MIR4693_3P	0.249904443965246			
GSE45365_CTRL_VS_MCMV_INFECTION_NK_CELL_DN	0.24989050311464542			
GO_RESPONSE_TO_TOXIC_SUBSTANCE	0.2498734541770612			
GSE40655_FOXO1_KO_VS_WT_NTREG_DN	0.249862901634996			
GO_MODULATION_OF_EXCITATORY_POSTSYNAPTIC_POTENTIAL	0.2498604003441823			
WU_HBX_TARGETS_1_UP	0.24983863971905165			
GO_PROTEIN_HETEROTETRAMERIZATION	0.24983587727483852			
GSE25123_CTRL_VS_IL4_AND_ROSIGLITAZONE_STIM_PPARG_KO_MACROPHAGE_DN	0.24983187304571525			
GO_PLATELET_AGGREGATION	0.24979787300867617			
MIR4269	0.2497957357155929			
GO_RESPONSE_TO_HEPARIN	0.249794469332241			
GSE2706_UNSTIM_VS_8H_LPS_DC_DN	0.24978959039171528			
GSE15330_MEGAKARYOCYTE_ERYTHROID_PROGENITOR_VS_PRO_BCELL_UP	0.24978779810397467			
MIR548AS_3P	0.24977599896262695			
GO_RETROGRADE_NEURONAL_DENSE_CORE_VESICLE_TRANSPORT	0.24977276332620088			
MIR25_3P	0.24976891701846768			
REACTOME_HSP90_CHAPERONE_CYCLE_FOR_STEROID_HORMONE_RECEPTORS_SHR	0.24976552094985066			
GO_CARBOXYLIC_ESTER_HYDROLASE_ACTIVITY	0.24976519520697527			
MIKKELSEN_DEDIFFERENTIATED_STATE_UP	0.24975762122267747			
IPA_PPARA_UP	0.24975556228540155			
GO_ENDOPLASMIC_RETICULUM_TUBULAR_NETWORK_ORGANIZATION	0.2497548623081045			
GSE9988_ANTI_TREM1_VS_ANTI_TREM1_AND_LPS_MONOCYTE_DN	0.2497474099217512			
GO_ECTODERMAL_PLACODE_DEVELOPMENT	0.24972501750843973			
chr3p23	0.24971397449903707			
GSE2706_LPS_VS_R848_AND_LPS_2H_STIM_DC_DN	0.24970890391825296			
GO_MUSCLE_CELL_PROLIFERATION	0.24970273539016785			
GO_CLATHRIN_ADAPTOR_COMPLEX	0.24969088271388748			
MIR6806_5P	0.2496860746075445			
GO_PEROXISOME_FISSION	0.24967692679309167			
MIR644A	0.2496700047875728			
GSE360_L_DONOVANI_VS_M_TUBERCULOSIS_MAC_UP	0.24966983209394242			
GO_BLOOD_MICROPARTICLE	0.24966038742844995			
GSE21546_WT_VS_SAP1A_KO_DP_THYMOCYTES_UP	0.249654258518249			
OUYANG_PROSTATE_CANCER_PROGRESSION_DN	0.24965119102450178			
BIOCARTA_RAB_PATHWAY	0.24964344909020636			
REACTOME_NOTCH4_INTRACELLULAR_DOMAIN_REGULATES_TRANSCRIPTION	0.24963549615824257			
IPA_POU3F1_UP	0.24962745182903598			
GO_LIPID_IMPORT_INTO_CELL	0.2496230583435349			
BOQUEST_STEM_CELL_DN	0.24961392340843294			
GSE2770_UNTREATED_VS_IL12_TREATED_ACT_CD4_TCELL_2H_DN	0.24961143511567804			
GO_REGULATION_OF_NON_CANONICAL_WNT_SIGNALING_PATHWAY	0.24960102608586696			
GO_POSITIVE_REGULATION_OF_METALLOENDOPEPTIDASE_ACTIVITY	0.2496003451440083			
MCCOLLUM_GELDANAMYCIN_RESISTANCE_DN	0.2495964094183506			
GSE21546_WT_VS_SAP1A_KO_AND_ELK1_KO_DP_THYMOCYTES_UP	0.24958543161344357			
GO_BILE_ACID_TRANSMEMBRANE_TRANSPORTER_ACTIVITY	0.2495823621051685			
GO_CYTOPLASMIC_PATTERN_RECOGNITION_RECEPTOR_SIGNALING_PATHWAY_IN_RESPONSE_TO_VIRUS	0.24956383938313578			
MIR3158_5P	0.24955858961370325			
GO_REGULATION_OF_OXIDATIVE_STRESS_INDUCED_CELL_DEATH	0.2495574458063278			
KHETCHOUMIAN_TRIM24_TARGETS_DN	0.2495528755300841			
IPA_STAT6_UP	0.249549841728566			
IPA_ETV4_UP	0.24953101103976036			
LI_CISPLATIN_RESISTANCE_UP	0.24953059274954667			
KAECH_NAIVE_VS_DAY8_EFF_CD8_TCELL_DN	0.249524525481254			
GO_NEGATIVE_REGULATION_OF_AMYLOID_FIBRIL_FORMATION	0.24951714307979767			
REACTOME_CYTOCHROME_P450_ARRANGED_BY_SUBSTRATE_TYPE	0.24951492528395974			
GO_LOCOMOTORY_BEHAVIOR	0.249513983072637			
REACTOME_TOLL_LIKE_RECEPTOR_9_TLR9_CASCADE	0.24949455830040662			
MIR4789_5P	0.24947336869604023			
POU3F2_01	0.24947231924883304			
GO_ENDOCYTIC_VESICLE_MEMBRANE	0.24947151737320822			
AIYAR_COBRA1_TARGETS_DN	0.2494428254199426			
GO_NEGATIVE_REGULATION_OF_INTRINSIC_APOPTOTIC_SIGNALING_PATHWAY_IN_RESPONSE_TO_OSMOTIC_STRESS	0.24942209248275002			
GSE13485_DAY3_VS_DAY21_YF17D_VACCINE_PBMC_DN	0.2494057344854847			
MIR1250_3P	0.24940070146340879			
MIR3688_3P	0.249393972439815			
GO_CELLULAR_RESPONSE_TO_HEPARIN	0.24937787221804425			
BROWNE_HCMV_INFECTION_1HR_UP	0.24937489900517643			
ZERBINI_RESPONSE_TO_SULINDAC_UP	0.24935777986206564			
GO_REGULATION_OF_PROTEIN_GLYCOSYLATION	0.24935459943911398			
GO_RAC_GTPASE_BINDING	0.24934903541484477			
GSE41176_WT_VS_TAK1_KO_ANTI_IGM_STIM_BCELL_3H_DN	0.24933795332818698			
GO_RESPONSE_TO_ESTRADIOL	0.24933421645557508			
BURTON_ADIPOGENESIS_6	0.24932629242457513			
GO_RESPONSE_TO_MUSCLE_INACTIVITY	0.24932418423002953			
REACTOME_INTERFERON_GAMMA_SIGNALING	0.24931916970054552			
GO_HORMONE_BIOSYNTHETIC_PROCESS	0.249312607003765			
IPA_RELA_UP	0.24930573641594747			
GO_NEGATIVE_REGULATION_OF_SEQUESTERING_OF_TRIGLYCERIDE	0.249305162187532			
GO_INHIBITION_OF_CYSTEINE_TYPE_ENDOPEPTIDASE_ACTIVITY_INVOLVED_IN_APOPTOTIC_PROCESS	0.249276734930725			
IPA_KLF8_DN	0.2492656188768082			
MIR6769A_3P	0.24925813241418296			
BLALOCK_ALZHEIMERS_DISEASE_DN	0.2492432850408615			
GSE17721_LPS_VS_CPG_2H_BMDC_DN	0.24924309275319073			
GO_MODULATION_BY_HOST_OF_VIRAL_PROCESS	0.24924017874760618			
GO_PROTEASOME_ACCESSORY_COMPLEX	0.24922655267660304			
MIR455_3P	0.2492207220849363			
GSE32034_LY6C_HIGH_VS_LOW_MONOCYTE_DN	0.2492203613283369			
GSE41176_WT_VS_TAK1_KO_ANTI_IGM_STIM_BCELL_1H_UP	0.24920783572118899			
GO_MICROGLIAL_CELL_PROLIFERATION	0.24919439333883875			
GO_MACROPHAGE_PROLIFERATION	0.24919439333883875			
GO_MYOSIN_II_COMPLEX	0.24919225700347467			
SAKAI_CHRONIC_HEPATITIS_VS_LIVER_CANCER_DN	0.2491896523957724			
NAKAYAMA_SOFT_TISSUE_TUMORS_PCA2_UP	0.24917585753208407			
GSE20727_DNFB_ALLERGEN_VS_ROS_INH_AND_DNFB_ALLERGEN_TREATED_DC_DN	0.24917468869596104			
IPA_STAT3_UP	0.24916808826684514			
ZNF528_TARGET_GENES	0.24916539255538087			
CRX_DN.V1_UP	0.24916366285362956			
GSE22611_NOD2_TRANSD_VS_CTRL_TRANSD_HEK293_MDP_STIM_6H_UP	0.2491616317287274			
ASTON_MAJOR_DEPRESSIVE_DISORDER_DN	0.24916056296703964			
GRADE_COLON_VS_RECTAL_CANCER_DN	0.24914200863765987			
GO_ACETYLCHOLINE_RECEPTOR_BINDING	0.24913705869893407			
GSE3982_CTRL_VS_LPS_1H_NEUTROPHIL_UP	0.24913481636296456			
GO_LIPOPROTEIN_METABOLIC_PROCESS	0.24913213842376591			
REACTOME_SYNTHESIS_OF_UDP_N_ACETYL_GLUCOSAMINE	0.24912358522704894			
GSE19923_E2A_KO_VS_HEB_AND_E2A_KO_DP_THYMOCYTE_UP	0.24910899845482182			
MIR4740_3P	0.2490675399884848			
GO_ALPHA_ACTININ_BINDING	0.24905179548922146			
GSE21927_SPLEEN_C57BL6_VS_4T1_TUMOR_BALBC_MONOCYTES_DN	0.24903759151106952			
GO_CYSTEINE_TYPE_ENDOPEPTIDASE_INHIBITOR_ACTIVITY	0.24903329080327577			
PEREZ_TP53_TARGETS	0.249030360183778			
GSE1460_INTRATHYMIC_T_PROGENITOR_VS_NAIVE_CD4_TCELL_ADULT_BLOOD_DN	0.24902510567937386			
GO_NEGATIVE_REGULATION_OF_INTERLEUKIN_1_MEDIATED_SIGNALING_PATHWAY	0.24902495509677053			
GSE45365_WT_VS_IFNAR_KO_CD8A_DC_DN	0.24900452465437115			
GO_POSITIVE_REGULATION_OF_NON_CANONICAL_WNT_SIGNALING_PATHWAY	0.24898490724507477			
GO_FIBROBLAST_MIGRATION	0.2489717792052799			
GO_POSITIVE_REGULATION_OF_PROTEIN_HOMODIMERIZATION_ACTIVITY	0.24896665718724234			
MIKKELSEN_MCV6_HCP_WITH_H3K27ME3	0.24896654688604977			
chr4q33	0.2489379198077349			
IPA_NFKBIZ_UP	0.24893479337169847			
SIRNA_EIF4GI_DN	0.24893165928563463			
MATZUK_CUMULUS_EXPANSION	0.2489220352412378			
GSE46606_IRF4HIGH_VS_IRF4MID_CD40L_IL2_IL5_DAY3_STIMULATED_BCELL_DN	0.24891921366406378			
GO_OTIC_VESICLE_DEVELOPMENT	0.24890451615463421			
GSE23984_CTRL_VS_HYPOCALEMIC_VITAMIND_ANALOG_TCELL_UP	0.24890161892455742			
BIOCARTA_GHRELIN_PATHWAY	0.24889610196210415			
GO_HISTONE_SERINE_KINASE_ACTIVITY	0.24888919569700563			
GSE25502_WT_VS_KLF13_KO_THYMIC_MEMORY_LIKE_CD8_TCELL_UP	0.24888178139858697			
YAGUE_PRETUMOR_DRUG_RESISTANCE_DN	0.2488704775485767			
GO_REGULATION_OF_MEMBRANE_LIPID_DISTRIBUTION	0.24886726666721198			
STK33_SKM_DN	0.24885176941190715			
GSE19825_NAIVE_VS_DAY3_EFF_CD8_TCELL_UP	0.24885138848334207			
ROYLANCE_BREAST_CANCER_16Q_COPY_NUMBER_UP	0.24883398645969315			
REACTOME_INTERLEUKIN_4_AND_INTERLEUKIN_13_SIGNALING	0.24881053602148584			
GO_CELLULAR_RESPONSE_TO_DSRNA	0.24878794808920857			
REACTOME_SHC_MEDIATED_CASCADE_FGFR3	0.24878619584250225			
TAKEDA_TARGETS_OF_NUP98_HOXA9_FUSION_6HR_DN	0.2487743410100382			
PID_TCPTP_PATHWAY	0.2487603166466944			
GO_POSITIVE_REGULATION_OF_SKELETAL_MUSCLE_TISSUE_REGENERATION	0.2487578815174763			
PRAMOONJAGO_SOX4_TARGETS_DN	0.24874846971394238			
GO_POSITIVE_REGULATION_OF_PROTEIN_CATABOLIC_PROCESS_IN_THE_VACUOLE	0.24874843422186593			
LINDGREN_BLADDER_CANCER_CLUSTER_1_UP	0.24872387218588649			
GO_REGULATION_OF_FILOPODIUM_ASSEMBLY	0.24871838727774478			
MIR4749_3P	0.24871306911008484			
KOKKINAKIS_METHIONINE_DEPRIVATION_48HR_DN	0.24870982542298084			
GSE8515_IL1_VS_IL6_4H_STIM_MAC_UP	0.24870291748330794			
REACTOME_SULFUR_AMINO_ACID_METABOLISM	0.24870277159593518			
GO_AXONEME_ASSEMBLY	0.2486930111849416			
GO_REGULATION_OF_APOPTOTIC_PROCESS_INVOLVED_IN_DEVELOPMENT	0.24869007250909897			
GO_REGULATION_OF_PLASMA_MEMBRANE_ORGANIZATION	0.24868090367646592			
REACTOME_SIGNALING_BY_HEDGEHOG	0.24867282989697223			
GO_REGULATION_OF_CELL_FATE_COMMITMENT	0.2486696192131664			
REACTOME_ENERGY_DEPENDENT_REGULATION_OF_MTOR_BY_LKB1_AMPK	0.2486407887871515			
GO_NEGATIVE_REGULATION_OF_PROTEIN_MODIFICATION_PROCESS	0.24864010475656867			
GO_VOLUNTARY_SKELETAL_MUSCLE_CONTRACTION	0.24863514711084198			
GO_CILIARY_PLASM	0.24862499887923234			
GO_SELENIUM_BINDING	0.24860358935764218			
MIR6730_3P	0.24860274148676642			
GALE_APL_WITH_FLT3_MUTATED_DN	0.24859758937100457			
REACTOME_ACTIVATION_OF_NMDA_RECEPTORS_AND_POSTSYNAPTIC_EVENTS	0.2485918366512916			
ZNF436_TARGET_GENES	0.2485910435559562			
REACTOME_GAMMA_CARBOXYLATION_HYPUSINE_FORMATION_AND_ARYLSULFATASE_ACTIVATION	0.2485775798020852			
GSE18893_CTRL_VS_TNF_TREATED_TREG_2H_DN	0.2485773659456784			
GO_CELL_MOTILITY_INVOLVED_IN_CEREBRAL_CORTEX_RADIAL_GLIA_GUIDED_MIGRATION	0.24857068838379087			
chr10q23	0.2485690423910625			
GO_POSITIVE_REGULATION_OF_PROTEIN_LOCALIZATION_TO_CELL_CORTEX	0.24856703016426726			
GO_REGULATION_OF_SYSTEMIC_ARTERIAL_BLOOD_PRESSURE_MEDIATED_BY_A_CHEMICAL_SIGNAL	0.24854783796300625			
GO_REGULATION_OF_LIPID_TRANSPORT	0.24854731995880508			
chr2p24	0.2485298246978952			
GO_CELL_BODY	0.24852759717346457			
GO_LYSOSOMAL_LUMEN_ACIDIFICATION	0.24851289929576684			
IPA_SNAI1_DN	0.24850214293876247			
GO_GLYCEROLIPID_BIOSYNTHETIC_PROCESS	0.24849668661958915			
TAVOR_CEBPA_TARGETS_UP	0.24849283431676358			
GATA3_01	0.24848941799746094			
BOYLAN_MULTIPLE_MYELOMA_PCA3_DN	0.24847721106373394			
GO_CALCIUM_IMPORT_INTO_THE_MITOCHONDRION	0.2484758430542462			
HOFFMANN_LARGE_TO_SMALL_PRE_BII_LYMPHOCYTE_DN	0.2484658498953877			
MIR6734_3P	0.24844935379115174			
MIR4280	0.24843823962047692			
GO_POSITIVE_REGULATION_OF_MACROPHAGE_CHEMOTAXIS	0.24843617622350692			
TSUDA_ALVEOLAR_SOFT_PART_SARCOMA	0.24843067721867346			
KEGG_CYTOKINE_CYTOKINE_RECEPTOR_INTERACTION	0.24842721418401878			
GO_MACROPHAGE_APOPTOTIC_PROCESS	0.24842371033692398			
GO_CALCIUM_ION_IMPORT_INTO_SARCOPLASMIC_RETICULUM	0.24841157253256363			
GSE13306_RA_VS_UNTREATED_TCONV_UP	0.2484078985423397			
MIR338_5P	0.24840609879085565			
REACTOME_BH3_ONLY_PROTEINS_ASSOCIATE_WITH_AND_INACTIVATE_ANTI_APOPTOTIC_BCL_2_MEMBERS	0.2483947826439606			
IPA_NOV_UP	0.24838785704438593			
HAMAI_APOPTOSIS_VIA_TRAIL_DN	0.24838059163067422			
MIR6828_3P	0.24837651153778323			
GO_SARCOPLASMIC_RETICULUM_LUMEN	0.24837596790120733			
GSE26290_WT_VS_PDK1_KO_ANTI_CD3_AND_IL2_STIM_CD8_TCELL_UP	0.24837008447206504			
MIR4452	0.2483690419932783			
REACTOME_TICAM1_DEPENDENT_ACTIVATION_OF_IRF3_IRF7	0.24836867610266422			
MYOGNF1_01	0.24836062034739267			
GO_REGULATION_OF_DEFENSE_RESPONSE_TO_BACTERIUM	0.24835803290567937			
REACTOME_REGULATION_OF_PTEN_LOCALIZATION	0.2483470054055125			
GO_REGULATION_OF_CELLULAR_CARBOHYDRATE_CATABOLIC_PROCESS	0.24834615521442324			
GO_MITOTIC_CELL_CYCLE_ARREST	0.248345054154994			
IPA_RXRA_DN	0.24834202608109102			
GO_REGULATION_OF_SKELETAL_MUSCLE_TISSUE_REGENERATION	0.24833873614692364			
MIR101_3P	0.24833823088394344			
GO_POSITIVE_REGULATION_OF_NUCLEOCYTOPLASMIC_TRANSPORT	0.2483246175605855			
GO_PROTEIN_PHOSPHATASE_2B_BINDING	0.24832403795333766			
KYNG_RESPONSE_TO_H2O2_VIA_ERCC6_DN	0.24831482096822352			
GO_REGULATION_OF_POSITIVE_CHEMOTAXIS	0.24827157191906682			
MIR624_3P	0.2482715645172904			
MIR3155A_MIR3155B	0.2482700170903516			
GSE14415_INDUCED_TREG_VS_FOXP3_KO_INDUCED_TREG_DN	0.2482679694122525			
GO_POSITIVE_REGULATION_OF_CALCIUM_ION_IMPORT	0.24822687067036267			
MIR8063	0.24822604872127957			
GO_ENZYME_ACTIVATOR_ACTIVITY	0.2482249684369571			
PID_P73PATHWAY	0.24822256280050314			
REACTOME_REGULATION_OF_RUNX2_EXPRESSION_AND_ACTIVITY	0.2482124769185261			
IPA_NCOA3_UP	0.2482091356965553			
KEGG_MELANOGENESIS	0.24819019154907607			
GO_POSITIVE_REGULATION_OF_SMOOTH_MUSCLE_CELL_MIGRATION	0.24818523450859487			
MIR6079	0.24818004484727338			
GO_POSITIVE_REGULATION_OF_DENDRITE_MORPHOGENESIS	0.24815808195751518			
TESAR_ALK_AND_JAK_TARGETS_MOUSE_ES_D4_UP	0.24815205302128346			
REACTOME_TRANSCRIPTIONAL_REGULATION_OF_PLURIPOTENT_STEM_CELLS	0.2481500227674206			
HAMAI_APOPTOSIS_VIA_TRAIL_UP	0.24814993106899144			
MIR6836_3P	0.24812595380061456			
GO_INSULIN_SECRETION	0.24812325637722926			
GO_RESPONSE_TO_FLUID_SHEAR_STRESS	0.24807528752856753			
HU_GENOTOXIN_ACTION_DIRECT_VS_INDIRECT_24HR	0.2480740370981322			
IPA_PCGF2_DN	0.24804618155178912			
GSE360_CTRL_VS_L_DONOVANI_MAC_DN	0.24803461254780504			
MOROSETTI_FACIOSCAPULOHUMERAL_MUSCULAR_DISTROPHY_DN	0.2479997167573707			
GO_REGULATION_OF_CARDIAC_VASCULAR_SMOOTH_MUSCLE_CELL_DIFFERENTIATION	0.24799687593116249			
YANG_BREAST_CANCER_ESR1_BULK_DN	0.2479778452764699			
GCGCTTT_MIR518B_MIR518C_MIR518D	0.24796319622733554			
WRN_TARGET_GENES	0.24795996344278554			
REACTOME_INTERLEUKIN_1_FAMILY_SIGNALING	0.24795192479506248			
GSE42021_TCONV_PLN_VS_CD24HI_TCONV_THYMUS_UP	0.2479473672932144			
GO_PROTEIN_DIMERIZATION_ACTIVITY	0.24794092467183795			
LXR_Q3	0.2479328478019004			
IPA_TCF7L1_DN	0.24792804941051638			
LEE_LIVER_CANCER_ACOX1_DN	0.24792760159850236			
GO_SODIUM_ION_TRANSMEMBRANE_TRANSPORTER_ACTIVITY	0.24790510220530176			
GSE13485_DAY1_VS_DAY7_YF17D_VACCINE_PBMC_DN	0.24790170033766515			
GSE11367_CTRL_VS_IL17_TREATED_SMOOTH_MUSCLE_CELL_DN	0.24786551590521308			
GO_CARBOHYDRATE_CATABOLIC_PROCESS	0.247864238027207			
GSE15324_NAIVE_VS_ACTIVATED_CD8_TCELL_DN	0.24786167788447003			
GO_NEGATIVE_REGULATION_OF_PROTEIN_CATABOLIC_PROCESS	0.2478600075321818			
GSE21927_SPLENIC_VS_TUMOR_MONOCYTES_FROM_C26GM_TUMOROUS_MICE_BALBC_UP	0.24785643567001064			
GO_SERINE_TYPE_CARBOXYPEPTIDASE_ACTIVITY	0.24785416031383037			
GO_RESPONSE_TO_FORSKOLIN	0.24784645589059526			
GO_REGULATION_OF_LIPID_BIOSYNTHETIC_PROCESS	0.24783954452602366			
GO_VASCULAR_ENDOTHELIAL_GROWTH_FACTOR_RECEPTOR_SIGNALING_PATHWAY	0.24783796710643413			
GO_SEMINIFEROUS_TUBULE_DEVELOPMENT	0.2478007404078844			
GSE17721_LPS_VS_PAM3CSK4_4H_BMDC_UP	0.2478005419377705			
GO_UBIQUINONE_BINDING	0.24777129948073223			
GO_COPII_VESICLE_COAT	0.24776975555289218			
GSE24574_BCL6_LOW_TFH_VS_TCONV_CD4_TCELL_UP	0.24776335390119295			
GSE7460_TREG_VS_TCONV_ACT_UP	0.24775051022931044			
GO_REGULATION_OF_STEM_CELL_DIFFERENTIATION	0.24775033463934973			
MIR3177_5P	0.24774740458169148			
GO_STRIATED_MUSCLE_CELL_APOPTOTIC_PROCESS	0.24773898820778897			
OISHI_CHOLANGIOMA_STEM_CELL_LIKE_UP	0.247738456021752			
GO_PROTEIN_TYROSINE_PHOSPHATASE_ACTIVITY	0.2477374614001695			
GSE46606_IRF4_KO_VS_WT_CD40L_IL2_IL5_1DAY_STIMULATED_BCELL_UP	0.24772962705435517			
MIR4761_5P	0.24771582483554905			
chr16q23	0.24767905702245474			
REACTOME_SYNTHESIS_OF_BILE_ACIDS_AND_BILE_SALTS	0.24767871294542415			
GO_BRANCHED_CHAIN_AMINO_ACID_TRANSPORT	0.2476708254646895			
GO_NEUROTRANSMITTER_RECEPTOR_TRANSPORT	0.24767048937886982			
VANDESLUIS_COMMD1_TARGETS_GROUP_4_DN	0.2476698035065772			
chr5p15	0.2476690655480961			
MIR149_5P	0.24766395321397358			
GO_IONOTROPIC_GLUTAMATE_RECEPTOR_BINDING	0.24765580437760323			
GO_LINOLEIC_ACID_METABOLIC_PROCESS	0.24765076492735405			
GSE29164_UNTREATED_VS_CD8_TCELL_TREATED_MELANOMA_DAY7_DN	0.2476457839864354			
GO_ACTININ_BINDING	0.24764535026086712			
IPA_HDAC2_UP	0.24762804774881977			
VETTER_TARGETS_OF_PRKCA_AND_ETS1_UP	0.24762587907345124			
GO_PLATELET_DENSE_GRANULE_MEMBRANE	0.24762351194087517			
GSE40277_GATA1_AND_SATB1_TRANSDUCED_VS_CTRL_CD4_TCELL_DN	0.2476116219622674			
MIR302C_5P	0.24760742184635484			
GO_NUCLEUS_LOCALIZATION	0.24758871533221993			
REACTOME_SHC_RELATED_EVENTS_TRIGGERED_BY_IGF1R	0.24758802050399703			
GO_ION_TRANSMEMBRANE_TRANSPORTER_ACTIVITY	0.247571076823973			
REACTOME_EICOSANOIDS	0.24756818933923805			
MIR4468	0.24755693115999108			
CEBP_01	0.2475492428867471			
IPA_ARID4B_UP	0.24753245821297398			
MIR6808_5P	0.24752754725572101			
PIAS4_TARGET_GENES	0.24751973287136317			
GO_REGULATION_OF_URINE_VOLUME	0.24751450454293253			
GSE17721_POLYIC_VS_CPG_6H_BMDC_UP	0.24751208079353865			
HEIDENBLAD_AMPLIFIED_IN_SOFT_TISSUE_CANCER	0.2475092357450471			
GO_REGULATION_OF_I_KAPPAB_PHOSPHORYLATION	0.24750840507009236			
REACTOME_ARACHIDONIC_ACID_METABOLISM	0.24749828456485398			
GO_ZINC_ION_TRANSMEMBRANE_TRANSPORTER_ACTIVITY	0.2474945423544994			
GO_NEGATIVE_REGULATION_OF_LAMELLIPODIUM_ASSEMBLY	0.24748961193635333			
GO_ACTIN_FILAMENT_NETWORK_FORMATION	0.24747995455193927			
GO_GLIAL_CELL_FATE_COMMITMENT	0.24746802516204874			
MIR3927_5P	0.2474634872417769			
GO_HEPOXILIN_METABOLIC_PROCESS	0.24745030905948676			
MIR4728_5P	0.24744905519703028			
GO_POSITIVE_REGULATION_OF_NUCLEOTIDE_METABOLIC_PROCESS	0.24743476190516886			
GO_PLASMA_LIPOPROTEIN_PARTICLE_CLEARANCE	0.2474234185441061			
GO_POSTTRANSLATIONAL_PROTEIN_TARGETING_TO_ENDOPLASMIC_RETICULUM_MEMBRANE	0.2474185629797935			
GO_CALCINEURIN_MEDIATED_SIGNALING	0.2474096300465234			
GO_NEUROTRANSMITTER_UPTAKE	0.2473955815165523			
GO_THIAMINE_PYROPHOSPHATE_BINDING	0.24739085191828747			
BIOCARTA_ARENRF2_PATHWAY	0.24736865353215737			
GSE1925_CTRL_VS_24H_IFNG_STIM_IFNG_PRIMED_MACROPHAGE_UP	0.24736128060882157			
GO_SYNAPTIC_VESICLE_EXOCYTOSIS	0.24735478537193417			
GSE21927_GMCSF_IL6_VS_GMCSF_GCSF_TREATED_BONE_MARROW_DN	0.24734135348277944			
GO_LATERAL_MESODERM_DEVELOPMENT	0.24733868041249862			
MIR2113	0.24733194380086376			
GSE37534_GW1929_VS_PIOGLITAZONE_TREATED_CD4_TCELL_PPARG1_FOXP3_TRANSDUCED_DN	0.24733030556486915			
IPA_HIST1H1E_DN	0.24732892733237338			
IPA_HIST1H1D_DN	0.24732892733237338			
NR2E3_TARGET_GENES	0.24732261817833476			
GO_INTRINSIC_APOPTOTIC_SIGNALING_PATHWAY_IN_RESPONSE_TO_OSMOTIC_STRESS	0.24732166561459806			
MIR3176	0.24731234100637264			
SNAPC4_TARGET_GENES	0.24730815226230243			
GO_STRUCTURAL_CONSTITUENT_OF_POSTSYNAPTIC_ACTIN_CYTOSKELETON	0.24730692877623747			
MIR4660	0.24730434150013575			
RSRFC4_Q2	0.24729034430827232			
GO_POSITIVE_REGULATION_OF_FIBROBLAST_PROLIFERATION	0.24728975027026504			
GSE26488_WT_VS_HDAC7_KO_DOUBLE_POSITIVE_THYMOCYTE_DN	0.24728888190502163			
GO_HEART_FORMATION	0.24727736301656877			
GO_ANCHORED_COMPONENT_OF_SYNAPTIC_VESICLE_MEMBRANE	0.24727268702375363			
ONDER_CDH1_TARGETS_3_UP	0.24726265849010018			
REACTOME_EPHRIN_SIGNALING	0.24725891089613952			
RICKMAN_HEAD_AND_NECK_CANCER_A	0.24725882722853362			
GO_CHLORIDE_CHANNEL_REGULATOR_ACTIVITY	0.2472478953371784			
REACTOME_SUMOYLATION_OF_IMMUNE_RESPONSE_PROTEINS	0.24724589083796417			
GSE16385_MONOCYTE_VS_12H_IFNG_TNF_TREATED_MACROPHAGE_DN	0.24723432754955488			
MIR501_3P_MIR502_3P	0.24721805968556246			
GO_GTPASE_ACTIVITY	0.24721414357594845			
GO_INTRA_GOLGI_VESICLE_MEDIATED_TRANSPORT	0.24719835551053398			
GO_NEGATIVE_REGULATION_OF_AMYLOID_PRECURSOR_PROTEIN_BIOSYNTHETIC_PROCESS	0.24719658138886194			
GO_SUCCINYL_COA_METABOLIC_PROCESS	0.24719440632981604			
IPA_NR1H4_UP	0.24718875007862157			
GO_SUPRAMOLECULAR_COMPLEX	0.24718671589222319			
GSE7218_IGM_VS_IGG_SIGNAL_THGOUGH_ANTIGEN_BCELL_UP	0.24716311747738812			
GSE16385_MONOCYTE_VS_12H_ROSIGLITAZONE_TREATED_MACROPHAGE_UP	0.24715583181000655			
DAZARD_UV_RESPONSE_CLUSTER_G6	0.2471548145604051			
GO_GONADOTROPIN_SECRETION	0.2471463858650448			
GO_NEGATIVE_REGULATION_OF_BLOOD_VESSEL_DIAMETER	0.24713357805516142			
KRAS.DF.V1_DN	0.24712870158732436			
MIR769_3P	0.24711792492901338			
MIR552_5P	0.24711530483416563			
GO_SMOOTH_MUSCLE_CELL_PROLIFERATION	0.2471004743706132			
GSE40184_HEALTHY_VS_HCV_INFECTED_DONOR_PBMC_DN	0.24709348122636193			
GSE3982_DC_VS_MAC_DN	0.2470829027099905			
IPA_RBBP4_UP	0.24706451805170443			
GO_BILE_ACID_METABOLIC_PROCESS	0.2470541635531136			
EBAUER_TARGETS_OF_PAX3_FOXO1_FUSION_DN	0.24704937680121075			
MIR4708_5P	0.2470460712524341			
GO_PLATELET_DENSE_TUBULAR_NETWORK	0.2470448959343131			
GTCTACC_MIR379	0.24703852485762207			
GO_HEART_VALVE_FORMATION	0.24703391338040612			
IPA_IRF4_DN	0.24702612557281062			
GSE45365_NK_CELL_VS_CD8_TCELL_MCMV_INFECTION_DN	0.24702107518321847			
GSE3982_BCELL_VS_TH2_DN	0.2470128471173166			
CAGGTCC_MIR492	0.24701284575352464			
GO_SYNAPTIC_MEMBRANE_ADHESION	0.24698883301315233			
GO_GLUTAMINE_FAMILY_AMINO_ACID_CATABOLIC_PROCESS	0.24698142753091937			
GO_DICARBOXYLIC_ACID_TRANSPORT	0.24698111291338318			
SEF1_C	0.24696852316126136			
MIR92B_3P	0.2469679060212998			
KAAB_FAILED_HEART_VENTRICLE_DN	0.24696685253023815			
REACTOME_SIGNALLING_TO_ERKS	0.2469382645553973			
MIR548AJ_3P_MIR548X_3P	0.24693523402726705			
GO_LYMPHATIC_ENDOTHELIAL_CELL_DIFFERENTIATION	0.2469335588098643			
MIR548AT_5P	0.24693264402033263			
ZNF165_TARGET_GENES	0.24693183395222737			
MIR6835_3P	0.24690045641600916			
GO_METANEPHRIC_MESENCHYMAL_CELL_DIFFERENTIATION	0.24688894615764523			
BIOCARTA_SODD_PATHWAY	0.2468791549984607			
GSE22140_HEALTHY_VS_ARTHRITIC_GERMFREE_MOUSE_CD4_TCELL_DN	0.24687375414885415			
GO_QUINONE_BINDING	0.24684702225514432			
MONTERO_THYROID_CANCER_POOR_SURVIVAL_DN	0.24683682647884114			
IPA_GLI3_DN	0.24683641149708105			
NAKAYAMA_SOFT_TISSUE_TUMORS_PCA1_DN	0.24682189310693436			
LEE_AGING_MUSCLE_UP	0.24682052356863982			
GO_REGULATION_OF_CALCIUM_ION_IMPORT	0.246808797014792			
LEE_LIVER_CANCER_DENA_DN	0.24679285910083434			
GO_GLUTAMATE_RECEPTOR_SIGNALING_PATHWAY	0.24679240464591073			
MIR4746_5P	0.24678483489990408			
PEDERSEN_METASTASIS_BY_ERBB2_ISOFORM_6	0.2467749323095325			
GO_CYTOSKELETAL_ADAPTOR_ACTIVITY	0.24677273258803364			
REACTOME_DECTIN_1_MEDIATED_NONCANONICAL_NF_KB_SIGNALING	0.2467571977021015			
GO_CEREBELLAR_PURKINJE_CELL_GRANULE_CELL_PRECURSOR_CELL_SIGNALING_INVOLVED_IN_REGULATION_OF_GRANULE_CELL_PRECURSOR_CELL_PROLIFERATION	0.2467538464044092			
GSE42724_NAIVE_BCELL_VS_PLASMABLAST_UP	0.24674575073875474			
GARGALOVIC_RESPONSE_TO_OXIDIZED_PHOSPHOLIPIDS_YELLOW_DN	0.246745198830603			
LEE_INTRATHYMIC_T_PROGENITOR	0.2467419713560913			
GO_REGULATION_OF_LIPASE_ACTIVITY	0.24673869684133307			
GO_CELLULAR_RESPONSE_TO_HORMONE_STIMULUS	0.2467358942441925			
GSE27786_BCELL_VS_ERYTHROBLAST_DN	0.24672001287015727			
GO_UNCONVENTIONAL_MYOSIN_COMPLEX	0.24671070639807627			
GSE17721_ALL_VS_24H_PAM3CSK4_BMDC_DN	0.24670819271395403			
MIR656_3P	0.24670240453518755			
GO_GOLGI_CISTERNA	0.24670216227197456			
GO_BMP_BINDING	0.2466877601837463			
IPA_NR2F2_UP	0.24668235689488235			
KAECH_NAIVE_VS_MEMORY_CD8_TCELL_DN	0.2466798841429055			
GSE21670_TGFB_VS_TGFB_AND_IL6_TREATED_STAT3_KO_CD4_TCELL_UP	0.24667452272587456			
KEGG_SNARE_INTERACTIONS_IN_VESICULAR_TRANSPORT	0.2466703814956175			
GSE13306_RA_VS_UNTREATED_TREG_DN	0.24666760108558025			
GSE16385_UNTREATED_VS_12H_IL4_TREATED_MACROPHAGE_UP	0.24666179558845694			
GO_MODULATION_BY_VIRUS_OF_HOST_CELLULAR_PROCESS	0.2466461272821821			
GO_KINESIN_COMPLEX	0.2466357995485795			
MODY_HIPPOCAMPUS_NEONATAL	0.2466147093070489			
GO_REGULATION_OF_PROTEIN_EXIT_FROM_ENDOPLASMIC_RETICULUM	0.24660967984838025			
GO_NUCLEOSIDE_BISPHOSPHATE_METABOLIC_PROCESS	0.2465943539784938			
GO_NEGATIVE_REGULATION_OF_PROTEIN_OLIGOMERIZATION	0.24659113631050944			
MYOCD_TARGET_GENES	0.24658997739890498			
BANDRES_RESPONSE_TO_CARMUSTIN_MGMT_48HR_DN	0.24656811976702198			
KOINUMA_COLON_CANCER_MSI_UP	0.24656520329685722			
GSE32034_LY6C_HIGH_VS_LOW_ROSIGLIZATONE_TREATED_MONOCYTE_DN	0.24655948485775042			
HFH8_01	0.24654928162007975			
GO_SRP_DEPENDENT_COTRANSLATIONAL_PROTEIN_TARGETING_TO_MEMBRANE_TRANSLOCATION	0.24654264432991296			
GSE14000_UNSTIM_VS_16H_LPS_DC_TRANSLATED_RNA_DN	0.24653323655833248			
BIOCARTA_BTG2_PATHWAY	0.24653289648407595			
GO_FIBRINOGEN_COMPLEX	0.24652853749379092			
CGCTGCT_MIR503	0.24652262189566715			
MIR4799_5P	0.24651529701555586			
GSE18791_CTRL_VS_NEWCASTLE_VIRUS_DC_4H_DN	0.24651252944436824			
TTAYRTAA_E4BP4_01	0.24651221129943773			
GO_PORE_COMPLEX_ASSEMBLY	0.24651130034063135			
GO_NEGATIVE_REGULATION_OF_B_CELL_DIFFERENTIATION	0.24650400143816825			
GO_OSTEOCLAST_FUSION	0.24649847319039586			
GO_TRIGEMINAL_NERVE_DEVELOPMENT	0.24648918724401198			
MIR4445_5P	0.24648153076863324			
MIR4425	0.2464574314263586			
GO_INTERLEUKIN_17_RECEPTOR_ACTIVITY	0.24644946082422442			
GSE3691_IFN_PRODUCING_KILLER_DC_VS_CONVENTIONAL_DC_SPLEEN_UP	0.24644196357085058			
GSE17974_IL4_AND_ANTI_IL12_VS_UNTREATED_6H_ACT_CD4_TCELL_UP	0.2464269248166062			
GO_G_PROTEIN_COUPLED_SEROTONIN_RECEPTOR_BINDING	0.2464144624837389			
HOLLEMAN_VINCRISTINE_RESISTANCE_B_ALL_DN	0.24640544413307583			
MONNIER_POSTRADIATION_TUMOR_ESCAPE_UP	0.2464045455873878			
GO_CARDIOBLAST_DIFFERENTIATION	0.2463902650653524			
GO_THYROID_HORMONE_METABOLIC_PROCESS	0.2463820713502546			
GSE43955_TH0_VS_TGFB_IL6_TH17_ACT_CD4_TCELL_4H_UP	0.24636439191424023			
GSE13411_NAIVE_VS_IGM_MEMORY_BCELL_UP	0.246362386633722			
GSE45365_WT_VS_IFNAR_KO_CD11B_DC_MCMV_INFECTION_DN	0.2463611256996706			
GO_BILE_ACID_BIOSYNTHETIC_PROCESS	0.24635780458097561			
GO_CYTOPLASMIC_PATTERN_RECOGNITION_RECEPTOR_SIGNALING_PATHWAY	0.24635505337829752			
GO_3_PHOSPHOADENOSINE_5_PHOSPHOSULFATE_BIOSYNTHETIC_PROCESS	0.24635232615117597			
MIR12136	0.24634578771573218			
SMAD4_Q6	0.24634347508367274			
GO_POSITIVE_REGULATION_OF_CARDIOCYTE_DIFFERENTIATION	0.24634223364919125			
GO_NEGATIVE_REGULATION_OF_AMYLOID_BETA_CLEARANCE	0.24633994935205583			
GO_NEGATIVE_REGULATION_OF_EPITHELIAL_CELL_DIFFERENTIATION_INVOLVED_IN_KIDNEY_DEVELOPMENT	0.2463391850808602			
GO_LEARNING	0.24633784139055628			
GO_FEEDING_BEHAVIOR	0.24631988903062066			
GO_REGULATION_OF_PH	0.24631454791359123			
IPA_ESRRB_DN	0.2463091370036621			
GSE17721_0.5H_VS_4H_LPS_BMDC_UP	0.24630715878973844			
GO_POSITIVE_REGULATION_OF_EARLY_ENDOSOME_TO_LATE_ENDOSOME_TRANSPORT	0.2462948908160752			
GO_INNER_ACROSOMAL_MEMBRANE	0.24628531088727615			
GO_RESPONSE_TO_ANTICOAGULANT	0.24627658424509605			
GO_LIPID_CATABOLIC_PROCESS	0.24627184992383572			
GSE3920_IFNA_VS_IFNG_TREATED_ENDOTHELIAL_CELL_DN	0.24626735651868797			
GO_POSITIVE_REGULATION_OF_PROTEIN_GLYCOSYLATION	0.24626042343843854			
GO_SULFUR_COMPOUND_METABOLIC_PROCESS	0.24623936557266465			
GO_POSITIVE_REGULATION_OF_RESPONSE_TO_REACTIVE_OXYGEN_SPECIES	0.24622644207050717			
LIU_TARGETS_OF_VMYB_VS_CMYB_UP	0.24620192746392064			
GO_PHOSPHATASE_ACTIVITY	0.24619397431869994			
GSE42021_TCONV_PLN_VS_CD24INT_TCONV_THYMUS_UP	0.24619178524761148			
PID_GLYPICAN_1PATHWAY	0.24619091615968272			
GO_REGULATION_OF_CELL_COMMUNICATION_BY_ELECTRICAL_COUPLING	0.24617516575277834			
GSE24142_DN2_VS_DN3_THYMOCYTE_DN	0.24616322677359354			
MCBRYAN_PUBERTAL_BREAST_4_5WK_DN	0.24615301707964987			
GO_REGULATION_OF_VESICLE_FUSION	0.2461443719936737			
GO_RESPONSE_TO_AMYLOID_BETA	0.24612610261657838			
GO_NEGATIVE_REGULATION_OF_LIPID_BIOSYNTHETIC_PROCESS	0.246116448569852			
KRAS.600.LUNG.BREAST_UP.V1_UP	0.24610468081806353			
GSE41978_KLRG1_HIGH_VS_LOW_EFFECTOR_CD8_TCELL_UP	0.24610047909592495			
GO_PROTEIN_LOCALIZATION_TO_MICROTUBULE	0.2460835380355004			
GSE10147_IL3_AND_HIVP17_VS_IL3_AND_CPG_STIM_PDC_DN	0.24608322481345593			
GSE2405_HEAT_KILLED_LYSATE_VS_LIVE_A_PHAGOCYTOPHILUM_STIM_NEUTROPHIL_24H_DN	0.24607300339552654			
GO_REGULATION_OF_TUMOR_NECROSIS_FACTOR_MEDIATED_SIGNALING_PATHWAY	0.24606428477057074			
GSE18804_SPLEEN_MACROPHAGE_VS_BRAIN_TUMORAL_MACROPHAGE_DN	0.24605849265642282			
KIM_ALL_DISORDERS_OLIGODENDROCYTE_NUMBER_CORR_DN	0.24605020707797173			
MIR1269A_MIR1269B	0.24603309251991726			
GO_CALCITONIN_FAMILY_RECEPTOR_SIGNALING_PATHWAY	0.24602991792659867			
GSE17721_POLYIC_VS_CPG_1H_BMDC_DN	0.24602933667781673			
REACTOME_CS_DS_DEGRADATION	0.24602506451829323			
GSE25087_FETAL_VS_ADULT_TCONV_DN	0.24602481975065266			
GO_ACTIVATION_OF_MAPK_ACTIVITY	0.2460184935532108			
PID_AURORA_A_PATHWAY	0.24600622560087385			
KRASNOSELSKAYA_ILF3_TARGETS_UP	0.24600199983204035			
GO_REGULATION_OF_PEPTIDYL_CYSTEINE_S_NITROSYLATION	0.24596729056569927			
MLXIP_TARGET_GENES	0.2459646802265816			
GO_REGULATION_OF_RESPONSE_TO_STRESS	0.24595523632774874			
IPA_YWHAZ_DN	0.24594807672141497			
GO_LONG_CHAIN_FATTY_ACYL_COA_METABOLIC_PROCESS	0.24594551276970575			
MIR8070	0.24594530250544672			
GO_GABA_ERGIC_SYNAPSE	0.2459357709847202			
IPA_PRKCD_DN	0.24593519982856057			
MIR766_3P	0.24593248855630442			
MIR1914_3P	0.2459232313708075			
GSE42021_TREG_PLN_VS_CD24INT_TREG_THYMUS_DN	0.245900184302691			
GSE27786_BCELL_VS_NKTCELL_DN	0.24589549292934243			
GSE14308_TH1_VS_TH17_UP	0.24588502284321148			
GSE46025_WT_VS_FOXO1_KO_KLRG1_LOW_CD8_EFFECTOR_TCELL_UP	0.24587983706543431			
MIR6894_5P	0.24587944499109443			
LEE_AGING_CEREBELLUM_DN	0.245875025296433			
GO_REACTIVE_OXYGEN_SPECIES_BIOSYNTHETIC_PROCESS	0.24587108364100582			
GO_CELL_CYCLE_ARREST	0.24586101697290166			
AKT_UP_MTOR_DN.V1_DN	0.24585695264112858			
GSE46242_CTRL_VS_EGR2_DELETED_ANERGIC_TH1_CD4_TCELL_DN	0.2458533054733532			
IPA_ID1_DN	0.24585098970985453			
GO_THALAMUS_DEVELOPMENT	0.24585030357143273			
TURASHVILI_BREAST_NORMAL_DUCTAL_VS_LOBULAR_DN	0.24584815260885173			
CHIANG_LIVER_CANCER_SUBCLASS_POLYSOMY7_DN	0.24582892427100864			
GO_ENDOPLASMIC_RETICULUM_TUBULAR_NETWORK_MEMBRANE	0.24580776409386654			
GO_FATTY_ACID_TRANSMEMBRANE_TRANSPORT	0.24579889941826283			
MIR548AW	0.2457983646369877			
GO_CHLORIDE_CHANNEL_COMPLEX	0.24579686703500722			
LUDWICZEK_TREATING_IRON_OVERLOAD	0.2457675868812068			
TTTTGAG_MIR373	0.24574704882710974			
GO_POSTSYNAPTIC_DENSITY_MEMBRANE	0.24573815372480182			
GO_ORGANIC_ACID_BIOSYNTHETIC_PROCESS	0.24572924018408385			
GNATENKO_PLATELET_SIGNATURE	0.24572743810721126			
GSE28737_FOLLICULAR_VS_MARGINAL_ZONE_BCELL_BCL6_HET_DN	0.2457155332500887			
GO_ASPARTATE_FAMILY_AMINO_ACID_BIOSYNTHETIC_PROCESS	0.24571121152431905			
GO_REGULATION_OF_THE_FORCE_OF_HEART_CONTRACTION	0.24570537252846755			
GO_INTRACILIARY_TRANSPORT_PARTICLE_A	0.24568741545443448			
GO_HYPOGLYCIN_A_GAMMA_GLUTAMYL_TRANSPEPTIDASE_ACTIVITY	0.24568340046896578			
GO_ER_UBIQUITIN_LIGASE_COMPLEX	0.24566481780509541			
GO_OXIDOREDUCTASE_ACTIVITY_OXIDIZING_METAL_IONS_OXYGEN_AS_ACCEPTOR	0.24565962708994682			
CGGAARNGGCNG_UNKNOWN	0.24565465922674753			
GO_SPHINGOLIPID_TRANSFER_ACTIVITY	0.24565425324327286			
LE_NEURONAL_DIFFERENTIATION_DN	0.24564448579132045			
MIR4537	0.24563534272921378			
IPA_FOXA1_UP	0.24563509472829853			
GSE42021_CD24HI_VS_CD24LOW_TREG_THYMUS_DN	0.24563108165360553			
GO_NEGATIVE_REGULATION_OF_VOLTAGE_GATED_POTASSIUM_CHANNEL_ACTIVITY	0.2456182913516284			
GO_DETERMINATION_OF_DORSAL_VENTRAL_ASYMMETRY	0.24561732274649642			
GO_L_THREONINE_CATABOLIC_PROCESS_TO_GLYCINE	0.24561665389352688			
MIR520D_5P	0.24561341495213465			
REACTOME_NEGATIVE_REGULATION_OF_MET_ACTIVITY	0.24559379596695063			
GO_URONIC_ACID_METABOLIC_PROCESS	0.24559339205914385			
GO_REGULATION_OF_RESPONSE_TO_OXIDATIVE_STRESS	0.24559156057689124			
GO_GUANYL_NUCLEOTIDE_EXCHANGE_FACTOR_ACTIVITY	0.24556676251495754			
GO_NEGATIVE_REGULATION_OF_HAIR_CYCLE	0.24556453095175498			
GO_PROLINE_METABOLIC_PROCESS	0.24555400265366797			
GO_PALMITOYLTRANSFERASE_ACTIVITY	0.24554620992703727			
REACTOME_VLDL_CLEARANCE	0.2455283967172181			
RAPA_EARLY_UP.V1_UP	0.24551611537522508			
GSE17721_LPS_VS_CPG_4H_BMDC_DN	0.2455121141478333			
GSE36009_UNSTIM_VS_LPS_STIM_NLRP10_KO_DC_UP	0.24551161615864575			
GO_CYTOPLASMIC_MICROTUBULE_ORGANIZATION	0.24550440470594082			
MEF2_Q6_01	0.24550189121926777			
IPA_MTA1_UP	0.24549927628161564			
GO_NEURAL_PLATE_DEVELOPMENT	0.24549479041652358			
GO_HISTONE_H2A_K119_MONOUBIQUITINATION	0.24548735092221444			
GO_ANDROGEN_CATABOLIC_PROCESS	0.24547202539635166			
GO_REGULATION_OF_PSEUDOPODIUM_ASSEMBLY	0.24547186949877217			
LEIN_MIDBRAIN_MARKERS	0.24546518278678825			
GSE3982_CENT_MEMORY_CD4_TCELL_VS_TH2_UP	0.24545199559188718			
GO_URETER_DEVELOPMENT	0.24544489583303455			
AMIT_EGF_RESPONSE_20_MCF10A	0.24543353003515309			
TERAMOTO_OPN_TARGETS_CLUSTER_1	0.24542837356077013			
GO_REGULATION_OF_PEPTIDYL_TYROSINE_PHOSPHORYLATION	0.24540519760988486			
MIR556_3P	0.24540171511257977			
GO_AP_1_ADAPTOR_COMPLEX_BINDING	0.24539208613482325			
REACTOME_SIGNALING_BY_FGFR3	0.24539190487565166			
GO_LONG_CHAIN_FATTY_ACID_BIOSYNTHETIC_PROCESS	0.2453907190574361			
GILMORE_CORE_NFKB_PATHWAY	0.24537634412918605			
IPA_BARX2_UP	0.2453654669365814			
REACTOME_O_GLYCOSYLATION_OF_TSR_DOMAIN_CONTAINING_PROTEINS	0.24535570774770046			
MIR4667_5P	0.24535376923647595			
GO_MAMMARY_GLAND_BRANCHING_INVOLVED_IN_PREGNANCY	0.245348301549944			
GO_REGULATION_OF_CARDIAC_MUSCLE_CELL_MEMBRANE_POTENTIAL	0.24533887819470585			
HOEBEKE_LYMPHOID_STEM_CELL_DN	0.2453349925784566			
LIEN_BREAST_CARCINOMA_METAPLASTIC	0.24531341977438842			
GSE13306_RA_VS_UNTREATED_TCONV_DN	0.24531174520813867			
ATGTACA_MIR493	0.24530025218953172			
GO_MULTIVESICULAR_BODY_MEMBRANE	0.2452991707763536			
MIR302B_5P	0.24529116564664696			
LI_WILMS_TUMOR	0.24525753339011094			
MIR6742_3P	0.24523297009699688			
GSE42021_TCONV_PLN_VS_CD24INT_TCONV_THYMUS_DN	0.24523145012789968			
GO_HETEROPHILIC_CELL_CELL_ADHESION_VIA_PLASMA_MEMBRANE_CELL_ADHESION_MOLECULES	0.24522612543243197			
IPA_PPARG_DN	0.2452218590567452			
MIR608	0.2452043686832607			
HNF1_01	0.2452006452968234			
BIOCARTA_CELL2CELL_PATHWAY	0.24519966904725984			
GSE26030_TH1_VS_TH17_DAY5_POST_POLARIZATION_UP	0.24519179955140785			
GO_GLUTATHIONE_METABOLIC_PROCESS	0.245191202945532			
GSE15330_MEGAKARYOCYTE_ERYTHROID_VS_GRANULOCYTE_MONOCYTE_PROGENITOR_IKAROS_KO_UP	0.2451861830213294			
GSE5503_MLN_DC_VS_PLN_DC_ACTIVATED_ALLOGENIC_TCELL_UP	0.24518379845234217			
GO_MEMBRANE_PROTEIN_COMPLEX	0.2451821257138678			
GO_RESPONSE_TO_DEFENSES_OF_OTHER_ORGANISM	0.24518084645348653			
ABE_VEGFA_TARGETS_2HR	0.2451706471883703			
GO_PROTEIN_TRANSMEMBRANE_TRANSPORT	0.2451503455035433			
RIZKI_TUMOR_INVASIVENESS_2D_DN	0.24514595954702506			
GO_CONNEXIN_COMPLEX	0.24514563356314803			
GO_ASPARTATE_FAMILY_AMINO_ACID_METABOLIC_PROCESS	0.2451382654079051			
PETROVA_PROX1_TARGETS_UP	0.24512842325569878			
REACTOME_PTK6_REGULATES_RTKS_AND_THEIR_EFFECTORS_AKT1_AND_DOK1	0.24512757484050982			
GSE36078_UNTREATED_VS_AD5_T425A_HEXON_INF_IL1R_KO_MOUSE_LUNG_DC_UP	0.2451273829163474			
REACTOME_THE_CANONICAL_RETINOID_CYCLE_IN_RODS_TWILIGHT_VISION	0.24512673733039608			
GSE13484_12H_VS_3H_YF17D_VACCINE_STIM_PBMC_UP	0.24511861903479987			
GO_REGULATION_OF_ADIPONECTIN_SECRETION	0.24511613256865453			
MIR6838_5P	0.24509616685612232			
GO_CELLULAR_RESPONSE_TO_KETONE	0.24508328239498406			
MIR545_3P	0.2450830243411479			
GO_ORGANIC_ACID_TRANSPORT	0.24507999099647182			
GSE17721_LPS_VS_PAM3CSK4_24H_BMDC_DN	0.24506866944954528			
MIR598_3P	0.2450609330500564			
GO_ENDOCRINE_HORMONE_SECRETION	0.24504592121210975			
GO_TRANSITION_BETWEEN_FAST_AND_SLOW_FIBER	0.24504105983246263			
WENG_POR_TARGETS_LIVER_DN	0.24502821494759472			
GSE7218_UNSTIM_VS_ANTIGEN_STIM_THROUGH_IGG_BCELL_UP	0.24502682361070272			
IPA_RELB_DN	0.24502148266303558			
MIR374C_5P	0.24501438325148786			
CASTELLANO_HRAS_AND_NRAS_TARGETS_DN	0.24500172372958318			
GSE38681_WT_VS_LYL1_KO_LYMPHOID_PRIMED_MULTIPOTENT_PROGENITOR_DN	0.2450006450353182			
GO_ISOPRENOID_BINDING	0.24499760121096928			
IPA_HOXB8_DN	0.24498658839555298			
GSE42021_CD24INT_VS_CD24LOW_TREG_THYMUS_DN	0.24498074260416838			
GO_ACTIVATION_OF_MAPKKK_ACTIVITY	0.24497983805407944			
GO_ROSTROCAUDAL_NEURAL_TUBE_PATTERNING	0.24497837243235582			
REACTOME_ACTIVATION_OF_RAS_IN_B_CELLS	0.24497179721260762			
GO_ALCOHOL_METABOLIC_PROCESS	0.24495300173372822			
TSAI_DNAJB4_TARGETS_UP	0.24495233873547945			
GSE17721_PAM3CSK4_VS_CPG_2H_BMDC_UP	0.2449411023997891			
KEGG_OTHER_GLYCAN_DEGRADATION	0.24493458200844132			
GO_BLASTODERM_SEGMENTATION	0.2449252404197994			
GO_COLUMNAR_CUBOIDAL_EPITHELIAL_CELL_MATURATION	0.24492447173118262			
KEGG_ENDOMETRIAL_CANCER	0.24492178425777938			
PDGF_UP.V1_DN	0.244889578627929			
GSE39110_UNTREATED_VS_IL2_TREATED_CD8_TCELL_DAY3_POST_IMMUNIZATION_DN	0.2448618049807292			
ATF6_TARGET_GENES	0.24485848975555746			
GO_POSITIVE_REGULATION_OF_OLIGODENDROCYTE_DIFFERENTIATION	0.2448577354570839			
MIR7110_5P	0.24485450268448913			
GO_SYMPATHETIC_NERVOUS_SYSTEM_DEVELOPMENT	0.24484722080753887			
MIR6871_3P	0.24482984723603832			
GSE14308_TH2_VS_NAIVE_CD4_TCELL_UP	0.244829802438707			
MIR1297	0.24481790332911404			
GO_MEDIUM_CHAIN_FATTY_ACID_COA_LIGASE_ACTIVITY	0.24481287923075581			
chr20p11	0.2448102399380874			
GO_REGULATION_OF_LIPID_METABOLIC_PROCESS	0.24481002788181622			
GO_POSITIVE_REGULATION_OF_MITOTIC_CELL_CYCLE	0.2448062863462365			
REACTOME_SIGNALING_BY_RETINOIC_ACID	0.244800194716125			
GO_MATING_BEHAVIOR	0.24479415076050778			
MIR1258	0.2447642390456792			
NFKB_Q6_01	0.2447640777921438			
MIR153_3P	0.24474306187722272			
GSE19941_IL10_KO_VS_IL10_KO_AND_NFKBP50_KO_UNSTIM_MACROPHAGE_UP	0.24473647266069676			
MIR196A_1_3P	0.2447324875422518			
GSE2770_UNTREATED_VS_IL4_TREATED_ACT_CD4_TCELL_2H_UP	0.24473029643758562			
GO_PEPTIDYL_ASPARAGINE_MODIFICATION	0.24472740671386103			
GO_REGULATION_OF_MICROTUBULE_POLYMERIZATION_OR_DEPOLYMERIZATION	0.24472445284153524			
WEST_ADRENOCORTICAL_CARCINOMA_VS_ADENOMA_UP	0.2447241441222238			
GSE7852_TREG_VS_TCONV_THYMUS_DN	0.24471810551818535			
IPA_REST_UP	0.24471113640817233			
REACTOME_PHOSPHOLIPID_METABOLISM	0.244709844542759			
GO_REGULATION_OF_NEUROTRANSMITTER_UPTAKE	0.24470189302630108			
GSE5679_PPARG_LIGAND_ROSIGLITAZONE_VS_RARA_AGONIST_AM580_TREATED_DC_UP	0.2446892626147853			
GO_REGULATION_OF_SYNCYTIUM_FORMATION_BY_PLASMA_MEMBRANE_FUSION	0.2446768536574074			
SPIELMAN_LYMPHOBLAST_EUROPEAN_VS_ASIAN_2FC_UP	0.2446620047562422			
GO_CERAMIDASE_ACTIVITY	0.24465521594862774			
IPA_SIRT1_UP	0.24464304722348357			
GSE41867_DAY6_VS_DAY15_LCMV_CLONE13_EFFECTOR_CD8_TCELL_DN	0.24464202452682143			
GSE37533_PPARG2_FOXP3_VS_FOXP3_TRANSDUCED_CD4_TCELL_DN	0.24463980346224784			
REACTOME_SYNTHESIS_OF_VERY_LONG_CHAIN_FATTY_ACYL_COAS	0.24462819336134417			
BIOCARTA_NFKB_PATHWAY	0.2446202179632821			
GSE17721_PAM3CSK4_VS_CPG_8H_BMDC_UP	0.24461512473280503			
ALTEMEIER_RESPONSE_TO_LPS_WITH_MECHANICAL_VENTILATION	0.2446050344174427			
GO_POSITIVE_REGULATION_OF_TRANSCRIPTION_FROM_RNA_POLYMERASE_II_PROMOTER_IN_RESPONSE_TO_HYPOXIA	0.24460164489029101			
CASTELLANO_NRAS_TARGETS_DN	0.2446004748545834			
GO_HEME_TRANSPORTER_ACTIVITY	0.24456863725209807			
REACTOME_RUNX2_REGULATES_BONE_DEVELOPMENT	0.244560580622666			
EMX1_TARGET_GENES	0.24453837931473793			
MIR508_3P	0.24452990157255625			
GO_ACTIVATION_OF_JNKK_ACTIVITY	0.2445134598334674			
MIR7856_5P	0.24450848313257242			
GO_EPOXYGENASE_P450_PATHWAY	0.24450497056190698			
MIR6882_5P	0.24449957361056937			
MIR6820_5P	0.24449437039751956			
GO_POSITIVE_REGULATION_OF_HISTONE_PHOSPHORYLATION	0.24449359030378295			
GSE13547_2H_VS_12_H_ANTI_IGM_STIM_BCELL_UP	0.24446779348767234			
KYNG_ENVIRONMENTAL_STRESS_RESPONSE_NOT_BY_UV_IN_OLD	0.24445504263911647			
GSE360_T_GONDII_VS_B_MALAYI_HIGH_DOSE_MAC_UP	0.24445441666061185			
MIR5691_MIR6805_3P	0.24444777900184064			
GO_COFACTOR_TRANSMEMBRANE_TRANSPORTER_ACTIVITY	0.24444735237091694			
GO_POSITIVE_REGULATION_OF_INTRACELLULAR_ESTROGEN_RECEPTOR_SIGNALING_PATHWAY	0.24443964317829128			
GSE17301_IFNA2_VS_IFNA5_STIM_ACD3_ACD28_ACT_CD8_TCELL_UP	0.24442814329040402			
GO_NEGATIVE_REGULATION_OF_JNK_CASCADE	0.24440951288753793			
GSE360_DC_VS_MAC_B_MALAYI_HIGH_DOSE_DN	0.24440496752287716			
HP1SITEFACTOR_Q6	0.24439041596571082			
GO_REGULATION_OF_TUBE_SIZE	0.24438608403521225			
GRAHAM_CML_DIVIDING_VS_NORMAL_DIVIDING_DN	0.24437598207076058			
DELASERNA_MYOD_TARGETS_DN	0.24437376587152998			
IPA_JUND_UP	0.2443616332865943			
GSE11864_UNTREATED_VS_CSF1_PAM3CYS_IN_MAC_DN	0.244358649356904			
TGACATY_UNKNOWN	0.24435376446017104			
GO_PHOSPHOPROTEIN_PHOSPHATASE_ACTIVITY	0.2443503734248917			
IPA_HEY1_DN	0.24431081941442406			
MIR6508_3P	0.24430214377782142			
MIR374A_3P	0.24430104093064198			
MIR6722_3P	0.2442885755452181			
MIR584_3P	0.24428628772004884			
MARTINEZ_RESPONSE_TO_TRABECTEDIN_DN	0.2442664666565572			
PID_CDC42_REG_PATHWAY	0.24426528241968273			
GO_NEGATIVE_REGULATION_OF_DENDRITE_DEVELOPMENT	0.2442524633798778			
MIR3667_5P	0.24425148393194857			
GO_REGULATION_OF_HORMONE_SECRETION	0.24424686234441295			
BONOME_OVARIAN_CANCER_POOR_SURVIVAL_UP	0.24422634523425363			
GO_RESPONSE_TO_ORGANOPHOSPHORUS	0.24422308828036152			
GO_CARBONYL_REDUCTASE_NADPH_ACTIVITY	0.24422276782481514			
GSE6092_UNSTIM_VS_IFNG_STIM_ENDOTHELIAL_CELL_UP	0.24422073477757977			
GO_SIGNAL_RECOGNITION_PARTICLE_RECEPTOR_COMPLEX	0.24420814655029963			
GSE24671_BAKIMULC_VS_SENDAI_VIRUS_INFECTED_MOUSE_SPLENOCYTES_UP	0.2442063627739668			
GSE14000_UNSTIM_VS_4H_LPS_DC_TRANSLATED_RNA_DN	0.24420046495289285			
HOLLEMAN_ASPARAGINASE_RESISTANCE_ALL_DN	0.24419855332378831			
GO_BONE_TRABECULA_FORMATION	0.24419535947335813			
GO_POLYOL_CATABOLIC_PROCESS	0.24418042266600115			
NEBEN_AML_WITH_FLT3_OR_NRAS_DN	0.24415913458634358			
GO_CLATHRIN_COAT	0.24415742234168272			
NGFIC_01	0.24415436152771391			
MIR329_5P	0.24413266286545954			
GO_BILE_ACID_AND_BILE_SALT_TRANSPORT	0.24412602633365285			
GO_NEGATIVE_REGULATION_OF_PEPTIDE_SECRETION	0.24411586104600366			
IPA_EGR1_DN	0.24409306964059826			
MIR3130_3P	0.2440838609319899			
REACTOME_SEMA3A_PAK_DEPENDENT_AXON_REPULSION	0.24407687012538667			
GO_VASCULAR_PROCESS_IN_CIRCULATORY_SYSTEM	0.24407102200685216			
GSE40666_WT_VS_STAT4_KO_CD8_TCELL_WITH_IFNA_STIM_90MIN_DN	0.24407069059314299			
MIR4703_5P	0.24406683536218746			
GSE5542_UNTREATED_VS_IFNA_TREATED_EPITHELIAL_CELLS_24H_UP	0.2440569323084163			
IPA_EED_DN	0.24405161652994414			
RODWELL_AGING_KIDNEY_NO_BLOOD_DN	0.24404444202987288			
GO_POSITIVE_REGULATION_OF_CELLULAR_AMIDE_METABOLIC_PROCESS	0.24403737348755164			
GSE13411_IGM_MEMORY_BCELL_VS_PLASMA_CELL_DN	0.24402453322347817			
chr11p13	0.24401774373725518			
GO_NEGATIVE_REGULATION_OF_OSTEOBLAST_DIFFERENTIATION	0.2440167174597203			
MIR135A_3P	0.24399325185344506			
REACTOME_INTRINSIC_PATHWAY_FOR_APOPTOSIS	0.24399173517365286			
GO_PRESYNAPTIC_ACTIVE_ZONE	0.24397081553447048			
GSE6681_DELETED_FOXP3_VS_WT_TREG_UP	0.24397080587586464			
MIR487B_3P	0.24396921400418298			
HEIDENBLAD_AMPLICON_12P11_12_DN	0.24394464445565892			
MIR134_5P	0.24393389439446608			
GO_REGULATION_OF_SPONTANEOUS_SYNAPTIC_TRANSMISSION	0.24390548961733755			
MIR524_5P	0.24390043789473118			
IPA_ZIC1_DN	0.2438962433950241			
GO_STEROID_HORMONE_RECEPTOR_ACTIVITY	0.24389376127863555			
GO_CONVERGENT_EXTENSION	0.2438819745589985			
IPA_NKX2-1_DN	0.24388190330931298			
GSE13522_CTRL_VS_T_CRUZI_BRAZIL_STRAIN_INF_SKIN_DN	0.24386384772257716			
GSE1112_HY_CD8AB_VS_HY_CD8AA_THYMOCYTE_RTOC_CULTURE_UP	0.24386013296641587			
REACTOME_GLYCOGEN_SYNTHESIS	0.24385277784836587			
GUILLAUMOND_KLF10_TARGETS_UP	0.24383396787381453			
GSE37301_MULTIPOTENT_PROGENITOR_VS_RAG2_KO_NK_CELL_UP	0.24382861057630853			
GO_LIPID_DROPLET_ORGANIZATION	0.24382772440918088			
ROAZ_01	0.24382645849436835			
HALLMARK_REACTIVE_OXYGEN_SPECIES_PATHWAY	0.2438201781522161			
GO_POLYUBIQUITIN_MODIFICATION_DEPENDENT_PROTEIN_BINDING	0.2438161154585791			
WWTAAGGC_UNKNOWN	0.24380735596565617			
GO_NEGATIVE_REGULATION_OF_OSTEOBLAST_PROLIFERATION	0.24380368555351703			
MIR518A_3P_MIR518B_MIR518C_3P_MIR518D_3P_MIR518F_3P_MIR526A_3P	0.24377962552943244			
GSE32986_UNSTIM_VS_CURDLAN_LOWDOSE_STIM_DC_DN	0.2437738573108296			
GSE17721_0.5H_VS_8H_PAM3CSK4_BMDC_UP	0.2437637941225264			
GSE17721_LPS_VS_PAM3CSK4_24H_BMDC_UP	0.2437611756452775			
HALLMARK_MTORC1_SIGNALING	0.2437580733142809			
IPA_PITX1_UP	0.24375008038426474			
GO_POSITIVE_REGULATION_OF_CELL_AGING	0.24373112542053205			
FOSTER_KDM1A_TARGETS_UP	0.24372719388284456			
GSE17721_0.5H_VS_12H_GARDIQUIMOD_BMDC_DN	0.2437203268118282			
GSE5679_CTRL_VS_PPARG_LIGAND_ROSIGLITAZONE_AND_RARA_AGONIST_AM580_TREATED_DC_UP	0.24369484922807672			
FOXD3_01	0.2436941054650761			
GSE21546_UNSTIM_VS_ANTI_CD3_STIM_ELK1_KO_DP_THYMOCYTES_DN	0.24367696164310718			
GO_CELLULAR_RESPONSE_TO_ACIDIC_PH	0.24367535948313168			
MIR92A_3P	0.2436595566958658			
IPA_SMAD5_DN	0.24365527462651843			
IPA_SOX4_DN	0.24365416552612226			
GSE27786_NKTCELL_VS_MONO_MAC_DN	0.2436460075469092			
KEGG_NEUROTROPHIN_SIGNALING_PATHWAY	0.24364032456369242			
MIR6877_3P	0.24364000092442056			
GO_MEMBRANE_DOCKING	0.24363808490084163			
GO_POSITIVE_REGULATION_OF_STEROID_METABOLIC_PROCESS	0.2436277696397015			
MIR363_3P	0.2435814249024937			
GSE5589_IL6_KO_VS_IL10_KO_LPS_STIM_MACROPHAGE_180MIN_DN	0.2435633563358568			
GO_EXTRINSIC_COMPONENT_OF_ORGANELLE_MEMBRANE	0.24355884051044396			
MIR6505_3P	0.24353491037331085			
HOLLERN_MICROACINAR_BREAST_TUMOR_UP	0.24353119490102715			
GO_ACTIN_FILAMENT_REORGANIZATION	0.24353072394766687			
chr9q31	0.24352580548793484			
GO_ICOSANOID_CATABOLIC_PROCESS	0.243520396462868			
MIR12113	0.24351826639021884			
MIR5581_5P	0.24351693410812322			
REACTOME_PHASE_I_FUNCTIONALIZATION_OF_COMPOUNDS	0.2435050530345523			
REACTOME_ZINC_TRANSPORTERS	0.2434867406363891			
GO_RETINOIC_ACID_BINDING	0.2434860784254778			
GSE19401_UNSTIM_VS_RETINOIC_ACID_AND_PAM2CSK4_STIM_FOLLICULAR_DC_DN	0.2434809416475636			
RAFFEL_VEGFA_TARGETS_DN	0.24347808615648342			
MIR655_3P	0.24347280076861647			
HEB_Q6	0.24346690066625779			
GO_POSITIVE_REGULATION_OF_EXTRACELLULAR_MATRIX_ORGANIZATION	0.24346319275367106			
GSE34006_A2AR_KO_VS_A2AR_AGONIST_TREATED_TREG_UP	0.2434498450059157			
IM_SREBF1A_TARGETS	0.243448844757588			
GO_MICTURITION	0.24344881295197693			
GSE15324_NAIVE_VS_ACTIVATED_ELF4_KO_CD8_TCELL_DN	0.2434351509722055			
MCCLUNG_CREB1_TARGETS_DN	0.24342745670346277			
REACTOME_SIGNALLING_TO_P38_VIA_RIT_AND_RIN	0.2434150105932884			
REACTOME_N_GLYCAN_ANTENNAE_ELONGATION	0.24341342377580216			
LEI_HOXC8_TARGETS_UP	0.24340963885387634			
KRAS.BREAST_UP.V1_UP	0.24340422705030149			
GSE24081_CONTROLLER_VS_PROGRESSOR_HIV_SPECIFIC_CD8_TCELL_UP	0.24339481951707795			
REACTOME_SIGNALING_BY_FGFR	0.24338699215016374			
GSE24081_CONTROLLER_VS_PROGRESSOR_HIV_SPECIFIC_CD8_TCELL_DN	0.24337902608145298			
GO_PIGMENT_METABOLIC_PROCESS	0.24337341602386822			
PID_FAS_PATHWAY	0.2433519983744248			
MIR612	0.24334578355426265			
MIR6851_5P	0.24334539969806612			
GO_EXOCYST_LOCALIZATION	0.24334529803559296			
BONOME_OVARIAN_CANCER_SURVIVAL_SUBOPTIMAL_DEBULKING	0.2433296684502151			
GO_IMPORT_ACROSS_PLASMA_MEMBRANE	0.24331165967507365			
REACTOME_KERATAN_SULFATE_KERATIN_METABOLISM	0.24330840252541514			
MIR302D_5P	0.2433080760924632			
MIR6767_3P	0.24330611355145237			
REACTOME_N_GLYCAN_ANTENNAE_ELONGATION_IN_THE_MEDIAL_TRANS_GOLGI	0.24330601589197257			
GO_POSITIVE_REGULATION_OF_CELL_CYCLE_G2_M_PHASE_TRANSITION	0.24329778000058735			
REACTOME_FLT3_SIGNALING	0.24328675709880218			
GO_REGULATION_OF_MUSCLE_ADAPTATION	0.243277482481564			
WU_HBX_TARGETS_2_UP	0.24327501733739898			
GO_NEGATIVE_REGULATION_OF_P38MAPK_CASCADE	0.24324684833453245			
MIR181C_3P	0.2432412067406856			
BENPORATH_ES_CORE_NINE	0.24324081684055776			
FERRARI_RESPONSE_TO_FENRETINIDE_DN	0.2432330009089504			
GSE21360_PRIMARY_VS_TERTIARY_MEMORY_CD8_TCELL_DN	0.24321896224839196			
GO_ACTIVIN_ACTIVATED_RECEPTOR_ACTIVITY	0.2432099600414943			
GSE9650_EFFECTOR_VS_MEMORY_CD8_TCELL_UP	0.24320770395378857			
MIR6830_3P	0.24320558331629055			
GRADE_COLON_VS_RECTAL_CANCER_UP	0.24319416602847824			
GO_PROTEIN_COMPLEX_INVOLVED_IN_CELL_ADHESION	0.2431940398675185			
FOURNIER_ACINAR_DEVELOPMENT_LATE_UP	0.24317989869453288			
GSE29614_CTRL_VS_TIV_FLU_VACCINE_PBMC_2007_UP	0.24317809206379376			
BILANGES_RAPAMYCIN_SENSITIVE_GENES	0.2431769697235778			
GO_DEVELOPMENT_OF_SECONDARY_FEMALE_SEXUAL_CHARACTERISTICS	0.24317403439459825			
GSE2770_UNTREATED_VS_TGFB_AND_IL4_TREATED_ACT_CD4_TCELL_2H_UP	0.2431613660057267			
LIN_NPAS4_TARGETS_UP	0.24316066685711876			
MIR6793_3P	0.24314628255597318			
GSE16450_IMMATURE_VS_MATURE_NEURON_CELL_LINE_6H_IFNA_STIM_UP	0.24313505906230867			
DAVICIONI_PAX_FOXO1_SIGNATURE_IN_ARMS_DN	0.24313402572950574			
MIR25_5P	0.24312406719075372			
MIR4259	0.2431189063633677			
GO_CHEMOKINE_C_X_C_MOTIF_LIGAND_2_PRODUCTION	0.24311725372732046			
MIR671_5P	0.2431144138213345			
GSE3039_CD4_TCELL_VS_ALPHAALPHA_CD8_TCELL_UP	0.2431001271012231			
GSE39820_CTRL_VS_IL1B_IL6_IL23A_CD4_TCELL_DN	0.24309551800887375			
GO_WATER_SOLUBLE_VITAMIN_METABOLIC_PROCESS	0.2430859338169554			
BANDRES_RESPONSE_TO_CARMUSTIN_WITHOUT_MGMT_24HR_DN	0.24308480072950764			
GSE37533_PPARG1_FOXP3_VS_FOXP3_TRANSDUCED_CD4_TCELL_PIOGLITAZONE_TREATED_DN	0.24308182991133634			
GAUSSMANN_MLL_AF4_FUSION_TARGETS_F_DN	0.24306504868205087			
GO_VERY_LONG_CHAIN_FATTY_ACID_METABOLIC_PROCESS	0.24304354155308636			
GSE17721_4H_VS_24H_POLYIC_BMDC_DN	0.24303829193135804			
REACTOME_MISSPLICED_LRP5_MUTANTS_HAVE_ENHANCED_BETA_CATENIN_DEPENDENT_SIGNALING	0.24303723548768374			
MIR3184_5P	0.24302742142308825			
REACTOME_RECYCLING_PATHWAY_OF_L1	0.24302665905772095			
GSE19401_UNSTIM_VS_RETINOIC_ACID_STIM_FOLLICULAR_DC_DN	0.24301568454907113			
GO_ACUTE_INFLAMMATORY_RESPONSE	0.24301379984588523			
GO_ATRIOVENTRICULAR_VALVE_DEVELOPMENT	0.24300918001736538			
GO_NEGATIVE_REGULATION_OF_PHOSPHOLIPID_METABOLIC_PROCESS	0.24300726933652675			
GO_LUNG_ASSOCIATED_MESENCHYME_DEVELOPMENT	0.24300527208062633			
GO_PARACRINE_SIGNALING	0.24300038877265165			
GO_CHEMOKINE_ACTIVITY	0.24298631789820124			
GO_CORTICAL_CYTOSKELETON_ORGANIZATION	0.24297064694303408			
chr14q23	0.2429452462480999			
MIR4751	0.2429311327215645			
REACTOME_RETINOID_CYCLE_DISEASE_EVENTS	0.24292798059795934			
MIR32_5P	0.2429268087638312			
GO_TRANSFORMING_GROWTH_FACTOR_BETA_RECEPTOR_ACTIVITY_TYPE_I	0.2429209772763642			
ATGCTGG_MIR338	0.24292068639030567			
GO_REGULATION_OF_GLUCOSE_METABOLIC_PROCESS	0.24291782826230507			
GO_REGULATION_OF_ENDOCYTIC_RECYCLING	0.2429142243437606			
GSE21546_UNSTIM_VS_ANTI_CD3_STIM_SAP1A_KO_AND_ELK1_KO_DP_THYMOCYTES_UP	0.24288873802164254			
KEGG_GLYCOSAMINOGLYCAN_BIOSYNTHESIS_HEPARAN_SULFATE	0.24288709658968877			
GO_VOLTAGE_GATED_ANION_CHANNEL_ACTIVITY	0.2428868149747006			
REACTOME_INTERLEUKIN_17_SIGNALING	0.24287813521248136			
GO_ARTERY_SMOOTH_MUSCLE_CONTRACTION	0.24287014812213636			
GO_POSITIVE_REGULATION_OF_T_CELL_CYTOKINE_PRODUCTION	0.24286533274397634			
GOUYER_TATI_TARGETS_DN	0.24286486456769113			
GO_PEPTIDE_SECRETION	0.24286288291924063			
IPA_PLAGL1_UP	0.242860180109402			
MIR3180_5P	0.24285915937357402			
GO_NEUTRAL_LIPID_BIOSYNTHETIC_PROCESS	0.24285415971625568			
GSE19512_NAUTRAL_VS_INDUCED_TREG_DN	0.24285367966129484			
METTL14_TARGET_GENES	0.2428437908667364			
GSE20151_CTRL_VS_FUSOBACT_NUCLEATUM_NEUTROPHIL_UP	0.24283924524533992			
GO_INTRINSIC_COMPONENT_OF_POSTSYNAPTIC_DENSITY_MEMBRANE	0.2428307622816199			
GO_AZOLE_TRANSMEMBRANE_TRANSPORTER_ACTIVITY	0.2428270643269612			
GO_REGULATION_OF_NUCLEAR_DIVISION	0.24282389150129083			
MIR22_5P	0.24282033738017456			
GSE6092_B_BURGDOFERI_VS_B_BURGDORFERI_AND_IFNG_STIM_ENDOTHELIAL_CELL_DN	0.24281271262772064			
GO_PROCOLLAGEN_PROLINE_4_DIOXYGENASE_ACTIVITY	0.24281081905207585			
GO_SECONDARY_ACTIVE_TRANSMEMBRANE_TRANSPORTER_ACTIVITY	0.2428095059777185			
CHEOK_RESPONSE_TO_MERCAPTOPURINE_AND_LD_MTX_DN	0.24280843034424504			
GO_U2_SNRNA_BINDING	0.24280337665133103			
GO_CEREBRAL_CORTEX_TANGENTIAL_MIGRATION	0.2427951653646963			
GO_POSITIVE_REGULATION_OF_COFACTOR_METABOLIC_PROCESS	0.24278766248601288			
GO_GLUCOCORTICOID_BIOSYNTHETIC_PROCESS	0.24278034080184602			
GO_POSITIVE_REGULATION_OF_CIRCADIAN_RHYTHM	0.242780114504224			
IPA_GLI2_DN	0.24276971636264907			
GO_PROTEIN_DEPOLYMERIZATION	0.2427663248330836			
MIR892C_3P	0.24276314326614065			
MIR7848_3P	0.24274895035664346			
IPA_EMX2_UP	0.24274832847348687			
MIR6872_3P	0.24272808882104605			
KMCATNNWGGA_UNKNOWN	0.2427264769455572			
MIR5002_3P	0.2427238023755286			
GO_FLUID_TRANSPORT	0.2427142280555016			
GO_BICARBONATE_TRANSMEMBRANE_TRANSPORTER_ACTIVITY	0.24271389260083495			
MIR23A_3P_MIR23B_3P	0.24271029569019958			
GO_VESICLE_MEDIATED_TRANSPORT_IN_SYNAPSE	0.24270222560524238			
GSE2706_R848_VS_R848_AND_LPS_8H_STIM_DC_UP	0.24269642289875773			
KEGG_O_GLYCAN_BIOSYNTHESIS	0.24267444893176712			
MIR6738_5P	0.24266206624400838			
GSE37533_PPARG1_FOXP3_VS_FOXP3_TRANSDUCED_CD4_TCELL_DN	0.2426591555623317			
GO_EPITHELIAL_CELL_MATURATION	0.2426591234163366			
GO_FOREBRAIN_RADIAL_GLIAL_CELL_DIFFERENTIATION	0.24265724825328225			
chr2q35	0.2426516965389537			
MIR6130	0.24263139436515438			
GSE18791_CTRL_VS_NEWCASTLE_VIRUS_DC_6H_DN	0.24262800350454547			
GO_DORSAL_VENTRAL_NEURAL_TUBE_PATTERNING	0.24262602665984012			
GO_REGULATION_OF_LIPID_LOCALIZATION	0.24262075574490655			
GSE17721_PAM3CSK4_VS_CPG_4H_BMDC_DN	0.24261446070115458			
GSE10325_CD4_TCELL_VS_LUPUS_CD4_TCELL_DN	0.2426013060466176			
REACTOME_ASSOCIATION_OF_TRIC_CCT_WITH_TARGET_PROTEINS_DURING_BIOSYNTHESIS	0.24259797889554757			
REACTOME_TP53_REGULATES_TRANSCRIPTION_OF_CELL_DEATH_GENES	0.24258507551364014			
GSE40274_CTRL_VS_FOXP3_AND_HELIOS_TRANSDUCED_ACTIVATED_CD4_TCELL_DN	0.24258144850001007			
EFC_Q6	0.24255142529803028			
chr15q26	0.24254627970172288			
KEGG_NOD_LIKE_RECEPTOR_SIGNALING_PATHWAY	0.24254282432105984			
GSE15330_HSC_VS_GRANULOCYTE_MONOCYTE_PROGENITOR_UP	0.24254119285972744			
TATAAA_TATA_01	0.24253130822179975			
STEIN_ESRRA_TARGETS_RESPONSIVE_TO_ESTROGEN_DN	0.24253086017166106			
GSE37532_TREG_VS_TCONV_CD4_TCELL_FROM_VISCERAL_ADIPOSE_TISSUE_UP	0.24252873098767944			
REACTOME_PEPTIDE_HORMONE_METABOLISM	0.24252495827949547			
IPA_NCOA1_UP	0.24251254051663781			
GO_CELLULAR_GLUCURONIDATION	0.2425090863966394			
MIR548BB_3P	0.2424900949814516			
GSE26351_UNSTIM_VS_WNT_PATHWAY_STIM_HEMATOPOIETIC_PROGENITORS_UP	0.24248800059074466			
GO_WOUND_HEALING_INVOLVED_IN_INFLAMMATORY_RESPONSE	0.2424721719141078			
GO_NEGATIVE_REGULATION_OF_DNA_DAMAGE_RESPONSE_SIGNAL_TRANSDUCTION_BY_P53_CLASS_MEDIATOR	0.24247103899554956			
GSE3203_INFLUENZA_INF_VS_IFNB_TREATED_LN_BCELL_DN	0.24246687536553566			
HALLMARK_INFLAMMATORY_RESPONSE	0.2424582957720274			
GO_OXIDOREDUCTASE_ACTIVITY_ACTING_ON_NAD_P_H	0.2424530732808508			
MIR497_5P	0.24244498201259812			
REACTOME_IRE1ALPHA_ACTIVATES_CHAPERONES	0.24242854568319422			
GO_MELANOSOME_ASSEMBLY	0.24242257550796623			
GO_NEGATIVE_REGULATION_OF_PROTEIN_IMPORT_INTO_NUCLEUS	0.24240161029042134			
GO_FOREBRAIN_NEUROBLAST_DIVISION	0.24240124307928604			
MIR4261	0.24239680132788388			
GSE32986_CURDLAN_HIGHDOSE_VS_GMCSF_AND_CURDLAN_HIGHDOSE_STIM_DC_UP	0.24239543857393633			
GO_PEPTIDE_DISULFIDE_OXIDOREDUCTASE_ACTIVITY	0.24239375349938197			
GO_SNARE_BINDING	0.24239046967024658			
GO_STRIATED_MUSCLE_ATROPHY	0.24237945245929876			
MIR6842_3P	0.24237771369421224			
GSE339_CD4POS_VS_CD4CD8DN_DC_DN	0.24236291515652086			
ALONSO_METASTASIS_EMT_DN	0.24235909172665385			
GSE16385_ROSIGLITAZONE_IFNG_TNF_VS_IL4_STIM_MACROPHAGE_DN	0.24235291865969355			
PID_REELIN_PATHWAY	0.242349006219848			
ZNF454_TARGET_GENES	0.24234777137333			
GO_NEGATIVE_REGULATION_OF_SECRETION	0.2423475888344828			
GSE411_100MIN_VS_400MIN_IL6_STIM_SOCS3_KO_MACROPHAGE_UP	0.24234544531302532			
MIR10400_3P_MIR4674	0.2423347979958358			
GO_STEROID_HORMONE_BINDING	0.24232723380604168			
GSE34156_UNTREATED_VS_6H_NOD2_AND_TLR1_TLR2_LIGAND_TREATED_MONOCYTE_UP	0.24230818257801634			
GSE13411_NAIVE_VS_SWITCHED_MEMORY_BCELL_UP	0.24230016461490175			
REACTOME_PENTOSE_PHOSPHATE_PATHWAY	0.2422610349612721			
YORDY_RECIPROCAL_REGULATION_BY_ETS1_AND_SP100_UP	0.24225592727740755			
MIR2116_5P	0.24223241446661717			
IPA_CREBBP_UP	0.24220493492789194			
KEGG_GLYCOSAMINOGLYCAN_DEGRADATION	0.24220323624262804			
GSE22601_DOUBLE_NEGATIVE_VS_DOUBLE_POSITIVE_THYMOCYTE_UP	0.24220203448547953			
GSE22886_DAY1_VS_DAY7_MONOCYTE_IN_CULTURE_UP	0.242200834189625			
GSE4984_UNTREATED_VS_VEHICLE_CTRL_TREATED_DC_DN	0.2421993102517191			
GSE7548_NAIVE_VS_DAY7_PCC_IMMUNIZATION_CD4_TCELL_DN	0.24219383537628267			
GO_ANTIMICROBIAL_HUMORAL_RESPONSE	0.2421666942001597			
GSE30971_WBP7_HET_VS_KO_MACROPHAGE_DN	0.24216302319300353			
GO_AMINO_SUGAR_METABOLIC_PROCESS	0.24215318672951697			
GO_CELLULAR_ANION_HOMEOSTASIS	0.242141530472695			
PID_EPHA_FWDPATHWAY	0.24211769300730646			
GSE17721_CPG_VS_GARDIQUIMOD_12H_BMDC_UP	0.24211724882512142			
FIGUEROA_AML_METHYLATION_CLUSTER_3_DN	0.24211126972803737			
GO_MESODERMAL_CELL_FATE_SPECIFICATION	0.24210176574238995			
GSE15930_NAIVE_VS_48H_IN_VITRO_STIM_IL12_CD8_TCELL_UP	0.24209814367299665			
GO_SYMPORTER_ACTIVITY	0.2420891630266324			
MIR4633_3P_MIR6500_5P	0.24206218873441732			
EPPERT_LSC_R	0.24206211151382076			
MIR4676_3P	0.24205838213645683			
GSE3982_CTRL_VS_LPS_4H_MAC_DN	0.24205735889678545			
GO_G_PROTEIN_BETA_GAMMA_SUBUNIT_COMPLEX	0.2420451714621419			
MIR6886_5P	0.2420443978210002			
GSE21927_C26GM_VS_4T1_TUMOR_MONOCYTE_BALBC_UP	0.24202918857480987			
GO_PHENOL_CONTAINING_COMPOUND_CATABOLIC_PROCESS	0.24202201011009067			
GO_MYELOID_LEUKOCYTE_MIGRATION	0.24201901626225772			
FREAC2_01	0.242014107676596			
GSE13887_RESTING_VS_ACT_CD4_TCELL_UP	0.24200898978179136			
GO_NEGATIVE_REGULATION_OF_MAP_KINASE_ACTIVITY	0.24200888433146683			
BIOCARTA_TNFR2_PATHWAY	0.24200651997975037			
GSE26488_WT_VS_VP16_TRANSGENIC_HDAC7_KO_DOUBLE_POSITIVE_THYMOCYTE_UP	0.2420019563393207			
GO_MYRISTOYL_COA_HYDROLASE_ACTIVITY	0.24199613829318278			
RAO_BOUND_BY_SALL4_ISOFORM_B	0.2419934101983926			
GO_REGULATION_OF_SYNAPTIC_VESICLE_TRANSPORT	0.2419719016815115			
GSE43955_10H_VS_30H_ACT_CD4_TCELL_UP	0.24195679437928516			
GSE8685_IL2_ACT_IL2_STARVED_VS_IL21_ACT_IL2_STARVED_CD4_TCELL_UP	0.24195095829323962			
GSE16450_CTRL_VS_IFNA_12H_STIM_IMMATURE_NEURON_CELL_LINE_DN	0.24195054917624823			
GO_REGULATION_OF_IMMUNOGLOBULIN_SECRETION	0.2419363377599349			
GO_REGULATION_OF_GLOMERULUS_DEVELOPMENT	0.24192899340518387			
GO_PROTEIN_DISULFIDE_ISOMERASE_ACTIVITY	0.24188978123292315			
BIOCARTA_DREAM_PATHWAY	0.2418591850820553			
KRISHNAN_FURIN_TARGETS_UP	0.24185536663452042			
MIR11181_5P	0.2418537735577689			
SIG_REGULATION_OF_THE_ACTIN_CYTOSKELETON_BY_RHO_GTPASES	0.2418487018286802			
ZNF816_TARGET_GENES	0.24184687501492727			
GSE17721_CTRL_VS_PAM3CSK4_1H_BMDC_DN	0.24183985786133505			
IPA_HEY1_UP	0.24181988265261706			
GGCAGCT_MIR22	0.24181197772757823			
GO_NEGATIVE_REGULATION_OF_RELEASE_OF_CYTOCHROME_C_FROM_MITOCHONDRIA	0.24180875713420985			
GO_CELL_CHEMOTAXIS	0.24180059756723946			
AMIT_SERUM_RESPONSE_20_MCF10A	0.2417943489491952			
HOXA13_TARGET_GENES	0.24179068377019033			
GSE20366_CD103_POS_VS_NEG_TREG_KLRG1NEG_DN	0.24178187651257718			
GO_INTERLEUKIN_18_MEDIATED_SIGNALING_PATHWAY	0.24177470848692983			
GO_PROTEASOME_REGULATORY_PARTICLE_BASE_SUBCOMPLEX	0.24177021289942402			
GO_ESTABLISHMENT_OF_EPITHELIAL_CELL_APICAL_BASAL_POLARITY	0.24176964767331113			
GSE2585_CTEC_VS_THYMIC_MACROPHAGE_UP	0.24175902378641673			
VANDESLUIS_COMMD1_TARGETS_GROUP_2_UP	0.24175622366544944			
GSE14386_UNTREATED_VS_IFNA_TREATED_ACT_PBMC_MS_PATIENT_DN	0.2417551434243547			
GSE27786_NKCELL_VS_MONO_MAC_DN	0.24175356100414783			
REACTOME_NOREPINEPHRINE_NEUROTRANSMITTER_RELEASE_CYCLE	0.24174738840331428			
MIR3150A_3P	0.24172902809008875			
GENTILE_UV_RESPONSE_CLUSTER_D4	0.24172857963324573			
GO_OXIDOREDUCTASE_ACTIVITY_ACTING_ON_A_SULFUR_GROUP_OF_DONORS_DISULFIDE_AS_ACCEPTOR	0.24171138638711184			
REACTOME_ACYL_CHAIN_REMODELLING_OF_PI	0.24168048660538075			
GSE28726_NAIVE_CD4_TCELL_VS_NAIVE_NKTCELL_UP	0.24167292469428442			
GO_IMMUNE_RESPONSE_TO_TUMOR_CELL	0.24166457905444536			
LINDGREN_BLADDER_CANCER_CLUSTER_2A_UP	0.24166457329092464			
MIR6875_3P	0.24165561562212415			
GO_TUMOR_NECROSIS_FACTOR_RECEPTOR_BINDING	0.2416475386888598			
MIR513B_3P	0.24164600280255874			
GENTILE_UV_RESPONSE_CLUSTER_D5	0.24164587369873095			
GSE3203_UNTREATED_VS_IFNB_TREATED_LN_BCELL_DN	0.2416380974711162			
ZNF660_TARGET_GENES	0.24162325889096822			
GSE19512_NAUTRAL_VS_INDUCED_TREG_UP	0.2416187508167357			
IPA_NRF1_UP	0.24160495014996233			
GO_AUTOPHAGOSOME_MEMBRANE	0.24160093864683957			
GSE20198_UNTREATED_VS_IL12_IL18_TREATED_ACT_CD4_TCELL_UP	0.24158602400457588			
REACTOME_COENZYME_A_BIOSYNTHESIS	0.24158249435143822			
REACTOME_PTEN_REGULATION	0.24157897588537453			
IPA_HEY2_DN	0.24156029413463653			
GSE9960_HEALTHY_VS_GRAM_NEG_AND_POS_SEPSIS_PBMC_UP	0.24155512098714307			
GO_HRD1P_UBIQUITIN_LIGASE_ERAD_L_COMPLEX	0.2415372038497126			
MIR3606_3P	0.2415259395433943			
GRAESSMANN_RESPONSE_TO_MC_AND_DOXORUBICIN_DN	0.24150915263148043			
FIGUEROA_AML_METHYLATION_CLUSTER_4_DN	0.2414865836523805			
MIR7108_5P	0.2414792742870989			
PID_CASPASE_PATHWAY	0.2414611450212944			
MIR548D_3P	0.24140955772112993			
GSE22935_UNSTIM_VS_48H_MBOVIS_BCG_STIM_MACROPHAGE_UP	0.24138316842160779			
REACTOME_BIOLOGICAL_OXIDATIONS	0.24137825572016186			
GO_FEMALE_PRONUCLEUS	0.2413775344602387			
IPA_FLII_DN	0.24137559147249357			
PID_ERBB4_PATHWAY	0.24136374383593118			
GO_REGULATION_OF_PROTEIN_LOCALIZATION_TO_CELL_CORTEX	0.2413521469181538			
GSE339_CD4POS_VS_CD4CD8DN_DC_UP	0.24133540911040954			
GO_INTRACILIARY_TRANSPORT_PARTICLE	0.24133304206059084			
BIOCARTA_NGF_PATHWAY	0.2413210174615547			
GO_MONOCYTE_AGGREGATION	0.24131719132230253			
GO_FILAMIN_BINDING	0.24130687220517635			
MIR367_3P	0.24130258861441387			
MIR4510	0.24128941656662342			
GSE20715_WT_VS_TLR4_KO_LUNG_DN	0.24126941959618198			
MIR548AC	0.24126851329712024			
GO_MUCUS_SECRETION	0.24126635752379885			
KEGG_CELL_ADHESION_MOLECULES_CAMS	0.24126545449021763			
PAX4_02	0.24125205871012778			
chr13q32	0.24124447121806405			
GSE6566_STRONG_VS_WEAK_DC_STIMULATED_CD4_TCELL_UP	0.24123225889464983			
IPA_FOXC2_DN	0.2412265186222784			
MARTINEZ_TP53_TARGETS_UP	0.241224177326856			
GO_POSITIVE_REGULATION_OF_PHOSPHOLIPASE_A2_ACTIVITY	0.24122219688263574			
REACTOME_SYNTHESIS_OF_ACTIVE_UBIQUITIN_ROLES_OF_E1_AND_E2_ENZYMES	0.24121892152934823			
MIR4445_3P	0.24120552614662816			
GSE7460_CTRL_VS_TGFB_TREATED_ACT_FOXP3_HET_TCONV_DN	0.24119034908402154			
REACTOME_TNFR1_INDUCED_PROAPOPTOTIC_SIGNALING	0.24118712776786663			
MIR2054	0.2411824752906998			
GSE6092_IFNG_VS_IFNG_AND_B_BURGDORFERI_INF_ENDOTHELIAL_CELL_DN	0.24117886021250978			
GO_NEGATIVE_REGULATION_OF_T_CELL_MIGRATION	0.2411621752303627			
GO_SECRETORY_GRANULE_LOCALIZATION	0.24115666461667057			
GO_ADIPONECTIN_ACTIVATED_SIGNALING_PATHWAY	0.24115347826162523			
GSE17721_LPS_VS_CPG_6H_BMDC_DN	0.24114598135708135			
MIR548H_3P_MIR548Z	0.24114115553579146			
GO_NOSE_DEVELOPMENT	0.2411233015900691			
GO_TAT_PROTEIN_BINDING	0.24111249930779907			
RUTELLA_RESPONSE_TO_HGF_VS_CSF2RB_AND_IL4_DN	0.2411057195186054			
GO_POSITIVE_REGULATION_OF_TOLL_LIKE_RECEPTOR_SIGNALING_PATHWAY	0.24110233397823305			
GO_POSITIVE_REGULATION_OF_STEROID_BIOSYNTHETIC_PROCESS	0.24109496488287496			
GO_REGULATION_OF_OLIGODENDROCYTE_DIFFERENTIATION	0.24109369272602496			
GO_NEGATIVE_REGULATION_OF_LIPID_TRANSPORT	0.2410924795476536			
GO_NEGATIVE_REGULATION_OF_TYPE_2_IMMUNE_RESPONSE	0.24107009414024924			
GO_POSITIVE_REGULATION_OF_METANEPHROS_DEVELOPMENT	0.24106825950665886			
GSE29615_DAY3_VS_DAY7_LAIV_FLU_VACCINE_PBMC_DN	0.2410624084648932			
MIR4703_3P	0.24106227168039351			
PID_IL23_PATHWAY	0.24104908986022847			
GO_REGULATION_OF_VIRAL_INDUCED_CYTOPLASMIC_PATTERN_RECOGNITION_RECEPTOR_SIGNALING_PATHWAY	0.24104602051052265			
CBX5_TARGET_GENES	0.24103598284034472			
MIR6895_5P	0.24102729876186002			
REACTOME_TRAIL_SIGNALING	0.24102175117730903			
GO_MONOSACCHARIDE_BIOSYNTHETIC_PROCESS	0.241021209661874			
GO_FATTY_ACID_DERIVATIVE_BINDING	0.24101957351274209			
GSE3720_VD1_VS_VD2_GAMMADELTA_TCELL_WITH_LPS_STIM_UP	0.24101852572821295			
GO_POSITIVE_REGULATION_OF_DENDRITIC_SPINE_DEVELOPMENT	0.24101437045575752			
BIOCARTA_CD40_PATHWAY	0.2410057026795587			
GO_CO_SMAD_BINDING	0.2410029384838804			
GO_ACTIN_FILAMENT_POLYMERIZATION	0.24100291039358887			
GO_PROTEIN_DEMANNOSYLATION	0.24099845786453702			
GO_FERTILIZATION	0.24099528349540822			
GSE19401_NAIVE_VS_IMMUNIZED_MOUSE_PLN_FOLLICULAR_DC_UP	0.24099113616961648			
GO_POSITIVE_REGULATION_OF_CELL_DIVISION	0.24098483374514726			
MIR296_3P	0.2409810759512217			
chr16q22	0.24097985775299613			
WHITE_NEUROBLASTOMA_WITH_1P36.3_DELETION	0.24097453492219223			
GO_POSITIVE_REGULATION_OF_MUSCLE_TISSUE_DEVELOPMENT	0.24097038882072805			
MIR127_3P	0.2409690049413992			
GO_MICROTUBULE_CYTOSKELETON_ORGANIZATION	0.24096838166918627			
KEGG_FOLATE_BIOSYNTHESIS	0.24093917526996328			
GO_DRUG_METABOLIC_PROCESS	0.24093087119206613			
MIR1236_5P	0.24093052609877214			
GO_HYPEROSMOTIC_SALINITY_RESPONSE	0.24093039315417136			
GO_RIGHTING_REFLEX	0.24092869911397422			
GO_3_BETA_HYDROXY_DELTA5_STEROID_DEHYDROGENASE_ACTIVITY	0.24092065674015498			
GSE35685_CD34POS_CD38NEG_VS_CD34POS_CD10POS_BONE_MARROW_UP	0.2409166399686733			
GO_MULTI_ORGANISM_LOCALIZATION	0.2409124144952435			
GSE22935_WT_VS_MYD88_KO_MACROPHAGE_48H_MBOVIS_BCG_STIM_DN	0.24091165563397404			
MIR3691_3P	0.2409114301359634			
MIR665	0.24090534405602823			
GO_REGULATION_OF_MESENCHYMAL_STEM_CELL_DIFFERENTIATION	0.24089008300560247			
GO_RESPONSE_TO_SELENIUM_ION	0.24088722579078453			
MIR520F_5P	0.24086911179938927			
REACTOME_SYNTHESIS_OF_PROSTAGLANDINS_PG_AND_THROMBOXANES_TX	0.24086410340613432			
GSE43863_DAY6_EFF_VS_DAY150_MEM_LY6C_INT_CXCR5POS_CD4_TCELL_UP	0.24085617446881297			
REACTOME_INTERLEUKIN_36_PATHWAY	0.24084669867887457			
GO_REGULATION_OF_CHAPERONE_MEDIATED_AUTOPHAGY	0.24084655487121467			
GO_REGULATION_OF_PROTEIN_STABILITY	0.240840080958783			
GO_POSITIVE_REGULATION_OF_SYNAPTIC_PLASTICITY	0.24083157948164913			
GSE16385_ROSIGLITAZONE_IFNG_TNF_VS_IL4_STIM_MACROPHAGE_UP	0.24083072219124746			
UROSEVIC_RESPONSE_TO_IMIQUIMOD	0.24082576835888542			
GO_FIBROBLAST_GROWTH_FACTOR_ACTIVATED_RECEPTOR_ACTIVITY	0.2408122463572001			
GO_ERK1_AND_ERK2_CASCADE	0.24080152446143488			
GSE19198_1H_VS_6H_IL21_TREATED_TCELL_DN	0.24079870486361948			
GO_PEROXISOME_PROLIFERATOR_ACTIVATED_RECEPTOR_SIGNALING_PATHWAY	0.240791782450964			
GO_REGULATION_OF_NEURON_PROJECTION_ARBORIZATION	0.2407830197630729			
GO_CARNITINE_SHUTTLE	0.2407794490679013			
GO_CARDIOBLAST_PROLIFERATION	0.2407737973064589			
GO_MONOTERPENOID_METABOLIC_PROCESS	0.2407710421980089			
REACTOME_SIGNALLING_TO_RAS	0.24076058025178876			
GSE37416_0H_VS_3H_F_TULARENSIS_LVS_NEUTROPHIL_DN	0.24073600912318324			
ZHENG_RESPONSE_TO_ARSENITE_DN	0.24073104592378164			
GO_TITIN_BINDING	0.2407297219304691			
GSE26928_EFF_MEMORY_VS_CXCR5_POS_CD4_TCELL_UP	0.24071785917891586			
GO_INTERLEUKIN_23_PRODUCTION	0.24071239809846068			
CAGCAGG_MIR370	0.24070771345356776			
WAGNER_APO2_SENSITIVITY	0.24068185062313888			
GO_SOLUTE_CATION_SYMPORTER_ACTIVITY	0.24067107096206133			
MIR4309	0.2406672931879446			
MIR3659	0.24066239860869937			
GSE18893_TCONV_VS_TREG_2H_TNF_STIM_UP	0.24065784200624704			
GO_REGULATION_OF_LOW_DENSITY_LIPOPROTEIN_PARTICLE_CLEARANCE	0.24064768262218456			
IPA_SOX10_DN	0.2406457117821025			
GSE2770_TGFB_AND_IL4_VS_IL4_TREATED_ACT_CD4_TCELL_2H_DN	0.2406419104320973			
MIR3674	0.24063664473752017			
IPA_HOXC8_UP	0.2406259210702172			
GO_PROTEIN_COMPLEX_OLIGOMERIZATION	0.24060253458246136			
GO_POSTSYNAPTIC_CYTOSKELETON_ORGANIZATION	0.24059732462734307			
GO_SEQUESTERING_OF_EXTRACELLULAR_LIGAND_FROM_RECEPTOR	0.24059725430326842			
BIOCARTA_IL1R_PATHWAY	0.24058525810575757			
GSE6259_FLT3L_INDUCED_DEC205_POS_DC_VS_CD8_TCELL_DN	0.24058121847778627			
GO_REGULATION_OF_NEUROBLAST_PROLIFERATION	0.24057353435972567			
GO_GALACTOSE_CATABOLIC_PROCESS	0.2405679907677499			
GSE27786_ERYTHROBLAST_VS_NEUTROPHIL_DN	0.24056662637872417			
JI_CARCINOGENESIS_BY_KRAS_AND_STK11_DN	0.24055484728501847			
GO_PHOSPHATE_ION_TRANSMEMBRANE_TRANSPORT	0.24054813642125403			
GO_DELTA_CATENIN_BINDING	0.2405428852738981			
GO_RESPONSE_TO_MITOCHONDRIAL_DEPOLARISATION	0.24054171169116828			
E2F3_UP.V1_DN	0.24051615935663823			
GO_CELL_TIP	0.2405099550390268			
GSE6681_DELETED_FOXP3_VS_WT_TREG_DN	0.24050029829289832			
AAAGACA_MIR511	0.24049114541033353			
LEE_LIVER_CANCER_MYC_DN	0.24047070585651267			
GO_SELF_PROTEOLYSIS	0.2404651326865888			
HUANG_FOXA2_TARGETS_UP	0.24046163269744772			
GSE19941_UNSTIM_VS_LPS_STIM_IL10_KO_MACROPHAGE_UP	0.2404599136998082			
GO_PROTEIN_PHOSPHORYLATION	0.24044696713131167			
GO_NEGATIVE_REGULATION_OF_INTERFERON_GAMMA_PRODUCTION	0.24044091808378004			
GO_MATURE_RIBOSOME_ASSEMBLY	0.2404357662460351			
MIR4760_5P	0.24042970228987132			
GO_UBIQUITIN_RECYCLING	0.24042839763630117			
MIR891B	0.24042722750380977			
MIR130B_5P	0.24042172078070684			
MIR410_3P	0.24042067952346244			
GSE19888_ADENOSINE_A3R_INH_PRETREAT_AND_ACT_BY_A3R_VS_TCELL_MEMBRANES_ACT_MAST_CELL_DN	0.24041925434926933			
BOYAULT_LIVER_CANCER_SUBCLASS_G3_UP	0.24040438069589945			
GO_OXIDOREDUCTASE_ACTIVITY_ACTING_ON_NAD_P_H_QUINONE_OR_SIMILAR_COMPOUND_AS_ACCEPTOR	0.24039714558560474			
GO_MEMBRANE_DEPOLARIZATION	0.24038237302172533			
GO_CORTICOSTERONE_SECRETION	0.24038149875565779			
PHONG_TNF_TARGETS_DN	0.240370236741005			
REACTOME_CYCLIN_A_CDK2_ASSOCIATED_EVENTS_AT_S_PHASE_ENTRY	0.2403666913153354			
MIR5699_5P	0.24036646717203566			
GO_REGULATION_OF_INTRINSIC_APOPTOTIC_SIGNALING_PATHWAY_BY_P53_CLASS_MEDIATOR	0.24035967184817625			
GO_ATPASE_COUPLED_INTRAMEMBRANE_LIPID_TRANSPORTER_ACTIVITY	0.24035294707646396			
GO_NEGATIVE_REGULATION_OF_NITRIC_OXIDE_METABOLIC_PROCESS	0.2403484269717341			
GO_REGULATION_OF_ERAD_PATHWAY	0.24034336803167852			
HALLMARK_KRAS_SIGNALING_DN	0.2403428714018679			
GSE13411_NAIVE_VS_MEMORY_BCELL_DN	0.24034252688374003			
RBL1_TARGET_GENES	0.24034128884710343			
GSE7764_IL15_NK_CELL_24H_VS_SPLENOCYTE_UP	0.24034118622342193			
REACTOME_HEDGEHOG_OFF_STATE	0.2403277865332449			
MSX2_TARGET_GENES	0.24032637406215304			
GO_RIBONUCLEASE_P_ACTIVITY	0.24031365788398043			
GO_SPINDLE_MIDZONE	0.24030884505568337			
GSE2585_CTEC_VS_THYMIC_DC_DN	0.24029706527402103			
MIR5000_3P	0.24028208838880386			
chr14q13	0.24027484908328237			
MIR6133	0.24026308400563387			
REACTOME_RNA_POLYMERASE_III_TRANSCRIPTION_TERMINATION	0.24023601308093526			
WILSON_PROTEASES_AT_TUMOR_BONE_INTERFACE_UP	0.24023522433150998			
GO_POSITIVE_REGULATION_OF_DNA_BINDING_TRANSCRIPTION_FACTOR_ACTIVITY	0.24022449566027151			
IPA_NFATC2_UP	0.24021951106682024			
THRAP3_TARGET_GENES	0.24021364367059259			
REACTOME_MITOPHAGY	0.2401873295799505			
GSE37605_C57BL6_VS_NOD_FOXP3_FUSION_GFP_TREG_UP	0.24018104798569018			
GSE2770_TGFB_AND_IL4_ACT_VS_ACT_CD4_TCELL_2H_DN	0.24017993271079108			
REACTOME_TNFR2_NON_CANONICAL_NF_KB_PATHWAY	0.24017460900458784			
PID_VEGFR1_PATHWAY	0.24017386859650283			
GSE7460_WT_VS_FOXP3_HET_ACT_TCONV_DN	0.24016994063242986			
GSE360_L_MAJOR_VS_M_TUBERCULOSIS_DC_DN	0.24014997116076367			
GO_ACTIVIN_RECEPTOR_COMPLEX	0.24011191515827526			
GSE23308_CTRL_VS_CORTICOSTERONE_TREATED_MACROPHAGE_UP	0.24010214346779823			
MIR136_5P	0.24010028533135372			
GSE1432_CTRL_VS_IFNG_6H_MICROGLIA_DN	0.24009196402194605			
GO_ATPASE_COUPLED_ION_TRANSMEMBRANE_TRANSPORTER_ACTIVITY	0.24008223900710213			
GO_RESPONSE_TO_INTERFERON_ALPHA	0.2400817588533732			
GO_MYOBLAST_MIGRATION	0.24007413968189556			
CHANGOLKAR_H2AFY_TARGETS_UP	0.24006154357639337			
GO_REGULATION_OF_CALCIUM_ION_DEPENDENT_EXOCYTOSIS	0.24006026354385787			
MIR3133	0.24005941140302484			
WEI_MIR34A_TARGETS	0.24005353361448808			
GO_MUSCLE_HYPERTROPHY_IN_RESPONSE_TO_STRESS	0.24002776544482998			
REACTOME_ROLE_OF_ABL_IN_ROBO_SLIT_SIGNALING	0.24002708832848155			
GENTILE_UV_RESPONSE_CLUSTER_D2	0.24002297203785042			
MIR3186_5P	0.24001290320358043			
GO_REGULATION_OF_POTASSIUM_ION_TRANSMEMBRANE_TRANSPORTER_ACTIVITY	0.24000466185574063			
MIR133A_5P	0.24000249934857815			
GSE25088_CTRL_VS_IL4_AND_ROSIGLITAZONE_STIM_MACROPHAGE_DN	0.2399975795629587			
HOXD11_TARGET_GENES	0.2399750935350505			
SMID_BREAST_CANCER_ERBB2_DN	0.2399738805253041			
GSE27786_ERYTHROBLAST_VS_NEUTROPHIL_UP	0.2399548339354933			
MIR6759_3P	0.23993955165526015			
MATZUK_POSTIMPLANTATION_AND_POSTPARTUM	0.2399394994682723			
CHIARADONNA_NEOPLASTIC_TRANSFORMATION_KRAS_UP	0.23993174632868677			
IIZUKA_LIVER_CANCER_PROGRESSION_L1_G1_DN	0.23992738497987887			
REACTOME_TERMINAL_PATHWAY_OF_COMPLEMENT	0.2399272591230583			
PID_IL6_7_PATHWAY	0.23992306039474728			
KEGG_PROTEIN_EXPORT	0.23991845154367278			
MIR4312	0.23990194209496504			
MIR4307	0.23989846496778774			
GTAAGAT_MIR200A	0.23989407518023542			
GO_PROSTAGLANDIN_TRANSPORT	0.23987780446660234			
MIR3085_3P	0.23986628216780648			
ZHANG_INTERFERON_RESPONSE	0.2398657158750249			
CADWELL_ATG16L1_TARGETS_DN	0.23985346379427186			
MIR6886_3P	0.23985282651605655			
GO_REGULATION_OF_MUSCLE_ORGAN_DEVELOPMENT	0.23985064973781609			
GSE360_L_MAJOR_VS_B_MALAYI_HIGH_DOSE_DC_UP	0.23984655575403407			
GSE15930_STIM_VS_STIM_AND_IFNAB_48H_CD8_T_CELL_DN	0.23983967060403916			
GO_RESPONSE_TO_L_ASCORBIC_ACID	0.23983860223672449			
GO_STEROID_HORMONE_BIOSYNTHETIC_PROCESS	0.2398378111001557			
MIR577	0.23982418907557485			
GO_NADPH_REGENERATION	0.23981973637318507			
GSE14769_UNSTIM_VS_20MIN_LPS_BMDM_UP	0.23981496187314214			
GO_POSTSYNAPTIC_SPECIALIZATION_INTRACELLULAR_COMPONENT	0.23981190352718793			
GO_CELL_CELL_RECOGNITION	0.2398113900784094			
GO_POSITIVE_REGULATION_OF_CARDIOBLAST_DIFFERENTIATION	0.23980617882458596			
GO_EARLY_ENDOSOME_TO_GOLGI_TRANSPORT	0.23978596281850037			
PID_P38_MK2_PATHWAY	0.23978583574930246			
REACTOME_REGULATION_BY_C_FLIP	0.2397768134280771			
KAUFFMANN_MELANOMA_RELAPSE_DN	0.2397728447773831			
GSE43955_TH0_VS_TGFB_IL6_TH17_ACT_CD4_TCELL_20H_UP	0.23975800695688562			
PID_RHOA_REG_PATHWAY	0.2397548689993384			
GO_REGULATION_OF_MUSCLE_HYPERTROPHY	0.2397524063164214			
GO_CATECHOLAMINE_CATABOLIC_PROCESS	0.23974574024427378			
GSE34217_MIR17_92_OVEREXPRESS_VS_WT_ACT_CD8_TCELL_DN	0.2397424424786639			
MIR498_3P	0.23973875614055734			
GO_NEGATIVE_REGULATION_OF_AMYLOID_PRECURSOR_PROTEIN_CATABOLIC_PROCESS	0.23973708921105275			
GO_GTP_DEPENDENT_PROTEIN_BINDING	0.23973538554395352			
GO_CHOLINE_CATABOLIC_PROCESS	0.2397224015350408			
GO_CELLULAR_LIPID_CATABOLIC_PROCESS	0.23969767277234888			
GSE40666_UNTREATED_VS_IFNA_STIM_STAT1_KO_CD8_TCELL_90MIN_UP	0.2396971937747904			
GO_LONG_CHAIN_FATTY_ACYL_COA_BIOSYNTHETIC_PROCESS	0.23969430439624684			
REACTOME_HYDROLYSIS_OF_LPC	0.239691310784686			
GSE40273_XBP1_KO_VS_WT_TREG_DN	0.23969036927071924			
IKEDA_MIR30_TARGETS_UP	0.23968291645853565			
GO_AXON_ENSHEATHMENT_IN_CENTRAL_NERVOUS_SYSTEM	0.2396619230437426			
KUROZUMI_RESPONSE_TO_ONCOCYTIC_VIRUS	0.23965942329965784			
GO_GLYCOSYLCERAMIDE_CATABOLIC_PROCESS	0.23965272652362837			
BAE_BRCA1_TARGETS_DN	0.23965236315329314			
GO_RESPONSE_TO_LAMINAR_FLUID_SHEAR_STRESS	0.23964379208645578			
SHAFFER_IRF4_MULTIPLE_MYELOMA_PROGRAM	0.23963252876077643			
GSE22935_24H_VS_48H_MBOVIS_BCG_STIM_MYD88_KO_MACROPHAGE_DN	0.23961793687576008			
GO_SPINAL_CORD_MOTOR_NEURON_CELL_FATE_SPECIFICATION	0.23960482713123413			
KEGG_GLYCOLYSIS_GLUCONEOGENESIS	0.23959315493522065			
TORCHIA_TARGETS_OF_EWSR1_FLI1_FUSION_TOP20_UP	0.23958179494660278			
GACAATC_MIR219	0.23956886976518338			
GO_DENSE_CORE_GRANULE	0.2395684331134474			
GO_CELLULAR_RESPONSE_TO_INTERFERON_ALPHA	0.23956477499143947			
FREAC4_01	0.23956370862089615			
BIOCARTA_CBL_PATHWAY	0.23956304384875374			
GO_CEREBRAL_CORTEX_REGIONALIZATION	0.2395611219581766			
WAMUNYOKOLI_OVARIAN_CANCER_GRADES_1_2_DN	0.23954079603998443			
GSE20715_WT_VS_TLR4_KO_48H_OZONE_LUNG_UP	0.23954078164112402			
GSE1740_MCSF_VS_MCSF_AND_IFNG_DAY2_DERIVED_MACROPHAGE_DN	0.2395311495941536			
GO_PROTON_TRANSMEMBRANE_TRANSPORTER_ACTIVITY	0.23952797802277395			
KYNG_ENVIRONMENTAL_STRESS_RESPONSE_DN	0.23951710188495787			
IPA_FOXO4_DN	0.23951475103468792			
GO_RESPONSE_TO_NITROGEN_COMPOUND	0.23951217866079294			
GO_REGULATION_OF_UBIQUITIN_DEPENDENT_PROTEIN_CATABOLIC_PROCESS	0.23950466472636958			
CHANG_POU5F1_TARGETS_DN	0.23950379682288103			
GO_URETER_MORPHOGENESIS	0.23949703840820047			
GO_VENOUS_BLOOD_VESSEL_DEVELOPMENT	0.23949420865777393			
GSE43955_TH0_VS_TGFB_IL6_TH17_ACT_CD4_TCELL_10H_UP	0.2394658224144416			
GO_NEGATIVE_REGULATION_OF_STEM_CELL_DIFFERENTIATION	0.23946410629048234			
IPA_ZNF148_UP	0.23946104781319202			
GO_CELLULAR_RESPONSE_TO_EXOGENOUS_DSRNA	0.23945819686182374			
SABATES_COLORECTAL_ADENOMA_SIZE_DN	0.2394355516107025			
GO_REGULATION_OF_MEIOTIC_CELL_CYCLE	0.23943503297896565			
MIR3145_3P	0.23943334292793184			
IPA_POU2F1_UP	0.23942995642441586			
GO_RESPONSE_TO_AMINO_ACID	0.23942399463404085			
MIR660_5P	0.23942123061018628			
GO_NEGATIVE_REGULATION_OF_OLIGODENDROCYTE_DIFFERENTIATION	0.23941499201849614			
CYCLIN_D1_UP.V1_UP	0.23940328315754603			
REACTOME_DEFECTIVE_LFNG_CAUSES_SCDO3	0.23939593314521143			
GSE22589_HEALTHY_VS_SIV_INFECTED_DC_DN	0.2393719295487671			
GO_CHONDROITIN_SULFATE_CATABOLIC_PROCESS	0.23936972634263493			
GSE29614_CTRL_VS_DAY7_TIV_FLU_VACCINE_PBMC_DN	0.2393697161737334			
CAGTGTT_MIR141_MIR200A	0.2393693032031335			
GO_3_PHOSPHOADENOSINE_5_PHOSPHOSULFATE_METABOLIC_PROCESS	0.23936242161835283			
GO_POSITIVE_REGULATION_OF_OXIDATIVE_PHOSPHORYLATION	0.23936064185854708			
GO_DOLICHOL_METABOLIC_PROCESS	0.23935160826030133			
GO_NEGATIVE_REGULATION_OF_CELL_FATE_COMMITMENT	0.23934428347395437			
AP3_Q6	0.23931608132645635			
GO_TRANSPORTER_ACTIVITY	0.23930660125394457			
GSE27786_CD8_TCELL_VS_NKTCELL_DN	0.2393045859023082			
GO_DIOXYGENASE_ACTIVITY	0.23929442094640568			
GSE21360_NAIVE_VS_PRIMARY_MEMORY_CD8_TCELL_DN	0.23929200242588866			
HEIDENBLAD_AMPLICON_8Q24_UP	0.23928097825324102			
GO_BARBED_END_ACTIN_FILAMENT_CAPPING	0.23926715728044953			
IPA_GABPA_UP	0.23926367002440152			
MIR3118	0.23926202099807017			
GSE26495_NAIVE_VS_PD1HIGH_CD8_TCELL_DN	0.2392589381292678			
MIR3616_5P	0.23925212248686126			
IPA_MAFB_DN	0.23923839615894196			
TTGCACT_MIR130A_MIR301_MIR130B	0.23922951699402378			
MIR3682_3P	0.23922280989254405			
REACTOME_CREB1_PHOSPHORYLATION_THROUGH_NMDA_RECEPTOR_MEDIATED_ACTIVATION_OF_RAS_SIGNALING	0.23921713718762708			
MYLLYKANGAS_AMPLIFICATION_HOT_SPOT_22	0.23920996135181663			
GO_POSITIVE_REGULATION_OF_PROTEIN_MONOUBIQUITINATION	0.23920087645813806			
GSE15659_CD45RA_NEG_CD4_TCELL_VS_ACTIVATED_TREG_UP	0.23919171427360889			
GO_NEURON_PROJECTION_ARBORIZATION	0.23919031934003607			
GSE3203_UNTREATED_VS_IFNB_TREATED_LN_BCELL_UP	0.2391846938432756			
MILICIC_FAMILIAL_ADENOMATOUS_POLYPOSIS_DN	0.23917806516375614			
GO_FOREBRAIN_NEURON_DEVELOPMENT	0.2391666291197847			
GALI_TP53_TARGETS_APOPTOTIC_UP	0.23916540094912495			
GO_POSITIVE_REGULATION_OF_LIPID_TRANSPORT	0.23916473677451341			
GSE40273_GATA1_KO_VS_WT_TREG_UP	0.23913737658697437			
GO_HEXOSAMINIDASE_ACTIVITY	0.2391265472485767			
GO_NEGATIVE_REGULATION_OF_RESPIRATORY_BURST_INVOLVED_IN_INFLAMMATORY_RESPONSE	0.23912427222407462			
GAUSSMANN_MLL_AF4_FUSION_TARGETS_D_DN	0.23907829301944136			
GO_REGULATION_OF_SYSTEMIC_ARTERIAL_BLOOD_PRESSURE_BY_RENIN_ANGIOTENSIN	0.23907460418391008			
GO_REGULATION_OF_SECRETION	0.2390629696815138			
GSE17721_CPG_VS_GARDIQUIMOD_0.5H_BMDC_DN	0.23906213305065477			
chr7p15	0.23904715542396174			
GO_CONNECTIVE_TISSUE_REPLACEMENT	0.2390465271323806			
GO_NEGATIVE_REGULATION_OF_DOUBLE_STRAND_BREAK_REPAIR_VIA_NONHOMOLOGOUS_END_JOINING	0.23904242124745997			
MIR5584_5P	0.23903825360655534			
GO_REGULATION_OF_INTRACELLULAR_TRANSPORT	0.23900314682108595			
GO_REGULATION_OF_CELL_PROLIFERATION_INVOLVED_IN_KIDNEY_DEVELOPMENT	0.2389997292118051			
GO_MAINTENANCE_OF_GASTROINTESTINAL_EPITHELIUM	0.2389955434338597			
AUTS2_TARGET_GENES	0.2389927361726938			
GSE17721_CTRL_VS_POLYIC_1H_BMDC_UP	0.23899243413485427			
MARKEY_RB1_CHRONIC_LOF_DN	0.23898798029448406			
GSE37532_VISCERAL_ADIPOSE_TISSUE_VS_LN_DERIVED_TCONV_CD4_TCELL_UP	0.23898467384252015			
MIR4797_3P	0.2389832386031262			
GO_ANATOMICAL_STRUCTURE_MATURATION	0.23898311626685007			
REACTOME_INTERACTION_WITH_CUMULUS_CELLS_AND_THE_ZONA_PELLUCIDA	0.23897752510391929			
GSE27786_LSK_VS_NKTCELL_UP	0.23897619260722308			
BOYERINAS_ONCOFETAL_TARGETS_OF_LET7A1	0.23896034896153076			
MIKKELSEN_MEF_HCP_WITH_H3K27ME3	0.23896008901665283			
GO_PYRUVATE_METABOLIC_PROCESS	0.23895987286401854			
VALK_AML_CLUSTER_10	0.23895027674578473			
MIR513A_3P_MIR513C_3P	0.2389444845563561			
WALLACE_PROSTATE_CANCER_UP	0.2389402485812275			
GO_POSITIVE_REGULATION_OF_HEART_RATE	0.2389350049932388			
MIR3909	0.23892866653437395			
ZNF394_TARGET_GENES	0.2389218263010803			
BIOCARTA_TSP1_PATHWAY	0.2389210716735636			
GO_NUCLEOTIDASE_ACTIVITY	0.23891578437980954			
GO_POSITIVE_REGULATION_OF_T_CELL_MEDIATED_IMMUNITY	0.23890462522999137			
REACTOME_PHENYLALANINE_METABOLISM	0.23890432375153653			
GSE5099_UNSTIM_VS_MCSF_TREATED_MONOCYTE_DAY3_DN	0.23889282363399003			
GO_COLLAGEN_TRIMER	0.23888120770210575			
GSE33292_WT_VS_TCF1_KO_DN3_THYMOCYTE_UP	0.23886829813244967			
GO_NEGATIVE_REGULATION_OF_STRIATED_MUSCLE_CELL_APOPTOTIC_PROCESS	0.2388583281403925			
GO_TRAIL_ACTIVATED_APOPTOTIC_SIGNALING_PATHWAY	0.23885509209100217			
GO_TRANSPORT_VESICLE_MEMBRANE	0.23885409150811968			
REACTOME_ACTIVATION_OF_BH3_ONLY_PROTEINS	0.23885204486618114			
SCHAEFFER_PROSTATE_DEVELOPMENT_AND_CANCER_BOX6_UP	0.23884425246076849			
GO_PEPTIDE_ANTIGEN_BINDING	0.23883543917900774			
GO_POST_EMBRYONIC_EYE_MORPHOGENESIS	0.2388353762715643			
GSE23114_PERITONEAL_CAVITY_B1A_BCELL_VS_SPLEEN_BCELL_UP	0.23882264363304237			
MIR4691_3P	0.23882188107934774			
CREB3L2_TARGET_GENES	0.23881610758687996			
REACTOME_ONCOGENIC_MAPK_SIGNALING	0.2388147415869949			
GO_LIPOXYGENASE_PATHWAY	0.23880780993066783			
GO_POLYPEPTIDE_N_ACETYLGALACTOSAMINYLTRANSFERASE_ACTIVITY	0.23878905829176822			
UDAYAKUMAR_MED1_TARGETS_UP	0.2387863966855155			
IPA_RARG_DN	0.2387792357891237			
GSE360_T_GONDII_VS_B_MALAYI_LOW_DOSE_DC_UP	0.23877621539176022			
IPA_STAT2_UP	0.2387570346091091			
GO_MUSCLE_ALPHA_ACTININ_BINDING	0.23875249587544525			
REACTOME_GLUTATHIONE_CONJUGATION	0.2387461307041648			
MOOTHA_GLYCOLYSIS	0.23872817002769453			
REACTOME_GLUTAMATE_NEUROTRANSMITTER_RELEASE_CYCLE	0.23871641636599802			
GO_CEREBELLAR_GRANULAR_LAYER_MORPHOGENESIS	0.23871568392538828			
MIR4671_5P	0.23871471089877058			
GSE25088_WT_VS_STAT6_KO_MACROPHAGE_ROSIGLITAZONE_STIM_UP	0.23869102930826472			
MIR758_5P	0.238682399599999			
GO_PULMONARY_VALVE_MORPHOGENESIS	0.23867454004332755			
CONRAD_GERMLINE_STEM_CELL	0.2386699188198462			
GO_CHRONIC_INFLAMMATORY_RESPONSE	0.2386662247271886			
REACTOME_REGULATION_OF_CYTOSKELETAL_REMODELING_AND_CELL_SPREADING_BY_IPP_COMPLEX_COMPONENTS	0.23866304863514945			
MIR548AH_3P_MIR548AM_3P	0.2386553644132237			
MIR499B_5P	0.23865355717914152			
GSE43863_TH1_VS_LY6C_INT_CXCR5POS_MEMORY_CD4_TCELL_DN	0.23865119686826564			
GO_I_SMAD_BINDING	0.23863940187117985			
GSE8384_CTRL_VS_B_ABORTUS_4H_MAC_CELL_LINE_DN	0.2386352097689425			
GSE17721_PAM3CSK4_VS_GADIQUIMOD_24H_BMDC_DN	0.23862250798603318			
GSE5589_WT_VS_IL10_KO_LPS_AND_IL10_STIM_MACROPHAGE_180MIN_DN	0.23861263640089914			
MIR651_5P	0.23859027324363152			
REACTOME_RAF_ACTIVATION	0.23858479501128385			
TERAO_AOX4_TARGETS_HG_UP	0.23857898480430362			
GO_SMALL_MOLECULE_BIOSYNTHETIC_PROCESS	0.23857349600554864			
MIR3142	0.23856954349520845			
GSE40685_NAIVE_CD4_TCELL_VS_FOXP3_KO_TREG_PRECURSOR_UP	0.2385565985994866			
REACTOME_FORMATION_OF_FIBRIN_CLOT_CLOTTING_CASCADE	0.23855259576958238			
MIR6512_3P	0.23853361317535773			
HALLMARK_PI3K_AKT_MTOR_SIGNALING	0.2385286012000885			
MIR802	0.23852665272396842			
GO_NEGATIVE_REGULATION_OF_LAMELLIPODIUM_ORGANIZATION	0.23852653329279006			
TFIIA_Q6	0.23852082068460087			
GSE15624_CTRL_VS_3H_HALOFUGINONE_TREATED_CD4_TCELL_UP	0.23851954809056566			
REACTOME_NEF_MEDIATES_DOWN_MODULATION_OF_CELL_SURFACE_RECEPTORS_BY_RECRUITING_THEM_TO_CLATHRIN_ADAPTERS	0.23851119546890884			
GO_THYROID_GLAND_DEVELOPMENT	0.23850377272443676			
MIR1539	0.23847878330663597			
GO_C21_STEROID_HORMONE_METABOLIC_PROCESS	0.23847522592099504			
CHX10_01	0.23847202579665813			
GO_REGULATION_OF_LAMELLIPODIUM_ORGANIZATION	0.2384612870149475			
YTAAYNGCT_UNKNOWN	0.2384527257648125			
REACTOME_RUNX3_REGULATES_NOTCH_SIGNALING	0.23844279095311252			
GSE22935_WT_VS_MYD88_KO_MACROPHAGE_24H_MBOVIS_BCG_STIM_UP	0.23843884118975825			
MIR3120_5P	0.23843740932349256			
GSE19888_ADENOSINE_A3R_INH_VS_TCELL_MEMBRANES_ACT_MAST_CELL_DN	0.2384185597813422			
GO_AMYLOID_PRECURSOR_PROTEIN_BIOSYNTHETIC_PROCESS	0.23841006717050067			
GO_EXCITATORY_CHEMICAL_SYNAPTIC_TRANSMISSION	0.2383816843991083			
IPA_HOXD9_UP	0.23837837196120698			
GO_PROTEIN_MATURATION_BY_IRON_SULFUR_CLUSTER_TRANSFER	0.23837700646273535			
GSE9006_HEALTHY_VS_TYPE_1_DIABETES_PBMC_AT_DX_UP	0.23832889609318603			
GO_REGULATION_OF_CYTOLYSIS_IN_OTHER_ORGANISM	0.23832849081366556			
GSE9006_HEALTHY_VS_TYPE_1_DIABETES_PBMC_4MONTH_POST_DX_UP	0.23831274949002007			
TCATCTC_MIR143	0.2383110645503275			
REACTOME_TNFR1_INDUCED_NFKAPPAB_SIGNALING_PATHWAY	0.2382923309178175			
GSE3203_HEALTHY_VS_INFLUENZA_INFECTED_LN_BCELL_DN	0.2382857267486858			
GO_CARBOHYDRATE_DERIVATIVE_CATABOLIC_PROCESS	0.23828304379236642			
MIR6499_3P	0.23828293927792138			
MIR7108_3P	0.23827597848641097			
GO_LOW_DENSITY_LIPOPROTEIN_PARTICLE_BINDING	0.2382676003863607			
MIR6715B_5P	0.23824336951118344			
LIU_TARGETS_OF_VMYB_VS_CMYB_DN	0.23824209881638728			
REACTOME_ACTIVATED_NTRK3_SIGNALS_THROUGH_RAS	0.23823641404080645			
GO_NEGATIVE_REGULATION_OF_STEM_CELL_POPULATION_MAINTENANCE	0.2382310976310454			
GO_COPPER_CHAPERONE_ACTIVITY	0.23823106903155702			
GO_NUCLEOTIDE_SUGAR_BIOSYNTHETIC_PROCESS	0.23822079028507387			
GSE1925_3H_VS_24H_IFNG_STIM_MACROPHAGE_UP	0.23821619892123583			
HERNANDEZ_MITOTIC_ARREST_BY_DOCETAXEL_1_DN	0.23821540839843738			
ZNF169_TARGET_GENES	0.23821320725631817			
KEGG_ALZHEIMERS_DISEASE	0.23821183395292841			
GSE37416_0H_VS_12H_F_TULARENSIS_LVS_NEUTROPHIL_DN	0.23820794700007725			
GO_HMG_BOX_DOMAIN_BINDING	0.23819789526529359			
BURTON_ADIPOGENESIS_PEAK_AT_0HR	0.238197778491287			
MIR7157_5P	0.2381948770332022			
GSE369_SOCS3_KO_VS_IFNG_KO_LIVER_DN	0.23817063595829005			
REACTOME_CASPASE_ACTIVATION_VIA_DEATH_RECEPTORS_IN_THE_PRESENCE_OF_LIGAND	0.23816118901441063			
MIR7114_3P	0.23815401122513546			
CTGAGCC_MIR24	0.2381527743574887			
GO_SPERM_HEAD	0.23812012779109343			
GO_INSULIN_RECEPTOR_SIGNALING_PATHWAY	0.23811033124962175			
GSE36826_NORMAL_VS_STAPH_AUREUS_INF_SKIN_DN	0.23809490358099888			
GO_POSTSYNAPTIC_NEUROTRANSMITTER_RECEPTOR_INTERNALIZATION	0.238093037928918			
GTTAAAG_MIR302B	0.23808878758993096			
MIR1305	0.23808569925024387			
IPA_NR2C2_DN	0.23808363286616407			
GO_NEGATIVE_REGULATION_OF_GLUCOCORTICOID_RECEPTOR_SIGNALING_PATHWAY	0.23807900728143233			
MYLLYKANGAS_AMPLIFICATION_HOT_SPOT_12	0.2380736071177918			
GO_REGULATION_OF_SUPEROXIDE_ANION_GENERATION	0.2380702609103269			
CREB_Q3	0.2380565163466864			
GO_KETONE_BIOSYNTHETIC_PROCESS	0.23804941855640527			
GO_POSITIVE_REGULATION_OF_TRANSPORT	0.23804804783246158			
GSE17721_CPG_VS_GARDIQUIMOD_1H_BMDC_UP	0.23804380447778611			
GO_DENSE_BODY	0.23804340085416387			
KEGG_ARACHIDONIC_ACID_METABOLISM	0.23802861900160424			
GO_HIGH_DENSITY_LIPOPROTEIN_PARTICLE	0.2380260491026234			
GSE10240_IL22_VS_IL22_AND_IL17_STIM_PRIMARY_BRONCHIAL_EPITHELIAL_CELLS_UP	0.23802034312868206			
BIOCARTA_HES_PATHWAY	0.23800499240489423			
GO_ANION_HOMEOSTASIS	0.23800166393281186			
GO_CORTICOSTEROID_HORMONE_SECRETION	0.23798571211310773			
GO_T_CELL_CYTOKINE_PRODUCTION	0.2379855030764213			
HSIAO_HOUSEKEEPING_GENES	0.23798066477210258			
GO_PROTEIN_LOCALIZATION_TO_ORGANELLE	0.23797990808190003			
GSE29949_CD8_NEG_DC_SPLEEN_VS_CD8_POS_DC_SPLEEN_DN	0.23797640276411497			
GCGCCTT_MIR525_MIR524	0.23797412323641434			
BIOCARTA_LDL_PATHWAY	0.23796333186109422			
GO_NEGATIVE_REGULATION_OF_MACROPHAGE_APOPTOTIC_PROCESS	0.2379601452877124			
GO_POSITIVE_REGULATION_OF_SKELETAL_MUSCLE_TISSUE_DEVELOPMENT	0.23796012240595385			
GO_POSITIVE_REGULATION_OF_VIRAL_LIFE_CYCLE	0.23795554454110632			
REACTOME_MAPK_TARGETS_NUCLEAR_EVENTS_MEDIATED_BY_MAP_KINASES	0.23794009663727778			
GO_REGULATION_OF_CELL_PROJECTION_SIZE	0.23793529015260242			
REACTOME_SYNTHESIS_OF_GDP_MANNOSE	0.2379258482228617			
MIR345_5P	0.23791847798188778			
REACTOME_REGULATION_OF_FOXO_TRANSCRIPTIONAL_ACTIVITY_BY_ACETYLATION	0.23791596629547196			
GSE3982_MEMORY_CD4_TCELL_VS_TH2_DN	0.2379155966397892			
GSE17974_IL4_AND_ANTI_IL12_VS_UNTREATED_12H_ACT_CD4_TCELL_DN	0.23791443281621513			
GSE30962_PRIMARY_VS_SECONDARY_CHRONIC_LCMV_INF_CD8_TCELL_DN	0.23791377206986414			
chr17q24	0.2379090834748071			
GO_PHOTORECEPTOR_INNER_SEGMENT	0.23788795519214545			
REACTOME_TICAM1_RIP1_MEDIATED_IKK_COMPLEX_RECRUITMENT	0.23788273804708907			
SERVITJA_LIVER_HNF1A_TARGETS_DN	0.23787741535807794			
GSE22025_UNTREATED_VS_TGFB1_AND_PROGESTERONE_TREATED_CD4_TCELL_DN	0.23787436084126748			
GO_REGULATION_OF_CATABOLIC_PROCESS	0.23785922818098967			
GO_G_PROTEIN_COUPLED_GLUTAMATE_RECEPTOR_BINDING	0.2378563215489508			
BIOCARTA_MALATEX_PATHWAY	0.23785245128202515			
GSE36888_UNTREATED_VS_IL2_TREATED_STAT5_AB_KNOCKIN_TCELL_17H_DN	0.23785031024597358			
ZBTB12_TARGET_GENES	0.2378478044902975			
GO_LYS63_SPECIFIC_DEUBIQUITINASE_ACTIVITY	0.23782977848478457			
SCHAEFFER_PROSTATE_DEVELOPMENT_AND_CANCER_BOX1_UP	0.23782919284927498			
REACTOME_CELL_SURFACE_INTERACTIONS_AT_THE_VASCULAR_WALL	0.23782154373167377			
GO_MOTOR_LEARNING	0.23782099570620965			
REACTOME_METAL_SEQUESTRATION_BY_ANTIMICROBIAL_PROTEINS	0.23779197796148344			
MIR4260	0.2377789677817241			
GSE41867_DAY8_VS_DAY15_LCMV_CLONE13_EFFECTOR_CD8_TCELL_DN	0.23777358217877825			
GO_REGULATION_OF_PHOSPHATIDYLCHOLINE_BIOSYNTHETIC_PROCESS	0.237772850439473			
IPA_ZBTB16_DN	0.23776749727119506			
GSE17721_LPS_VS_CPG_1H_BMDC_DN	0.23776489952609892			
GO_HEMOGLOBIN_BIOSYNTHETIC_PROCESS	0.2377378562800477			
GO_POSITIVE_REGULATION_OF_NATURAL_KILLER_CELL_MEDIATED_CYTOTOXICITY	0.23772665502414977			
REACTOME_SIGNALING_BY_NOTCH1_HD_DOMAIN_MUTANTS_IN_CANCER	0.23772473457392873			
PRC2_EED_UP.V1_UP	0.23772083824946968			
GSE26928_NAIVE_VS_CXCR5_POS_CD4_TCELL_DN	0.2377124006511059			
IPA_HOXA11_DN	0.23770828703498414			
GO_S_SHAPED_BODY_MORPHOGENESIS	0.23770686581318687			
GO_REGULATION_OF_OXIDOREDUCTASE_ACTIVITY	0.2376932385067696			
MIR548AE_3P_MIR548AQ_3P	0.23768647592314832			
REACTOME_SURFACTANT_METABOLISM	0.23767286519441502			
GO_CARBOHYDRATE_PHOSPHATASE_ACTIVITY	0.23767122084061543			
MIR575	0.23766706884131614			
CHESLER_BRAIN_QTL_TRANS	0.23765700936590528			
REACTOME_ELECTRIC_TRANSMISSION_ACROSS_GAP_JUNCTIONS	0.23765532878344403			
GO_REGULATION_OF_MYELINATION	0.23765009380568863			
GO_REGULATION_OF_TRANSPORTER_ACTIVITY	0.23764520705802766			
GO_STEM_CELL_FATE_COMMITMENT	0.23764118475710813			
GO_NEGATIVE_REGULATION_OF_PROTEIN_POLYMERIZATION	0.2376396975071659			
GSE46242_TH1_VS_ANERGIC_TH1_CD4_TCELL_WITH_EGR2_DELETED_UP	0.23763485491525288			
MIR548J_3P	0.23763203727807555			
MIR1255A_MIR1255B_5P	0.23761618176288182			
MIR4780	0.2376093819743179			
GO_RETINOID_X_RECEPTOR_BINDING	0.23760586887183965			
GO_GLUCOSE_METABOLIC_PROCESS	0.2375978054091933			
GO_CELLULAR_RESPONSE_TO_PEPTIDE_HORMONE_STIMULUS	0.23758866804367917			
GO_NEGATIVE_REGULATION_OF_GTPASE_ACTIVITY	0.23758464096381252			
GO_PHOSPHOLIPID_TRANSPORT	0.23758380548471786			
GSE9316_CD4_TCELL_BALBC_VS_TH17_ENRI_CD4_TCELL_SKG_PMA_IONO_STIM_FR4NEG_UP	0.23756396594582296			
GO_INFLAMMATORY_RESPONSE_TO_WOUNDING	0.23756239452073807			
IPA_ATF6B_UP	0.23755323103680065			
GO_ORGANOPHOSPHATE_METABOLIC_PROCESS	0.23754899236346874			
GO_PROTEIN_ACTIVATION_CASCADE	0.23754634118566287			
GSE22601_IMMATURE_CD4_SINGLE_POSITIVE_VS_CD4_SINGLE_POSITIVE_THYMOCYTE_DN	0.23754456093409304			
GO_NEGATIVE_REGULATION_OF_MEIOTIC_CELL_CYCLE	0.23753863669895095			
GO_REGULATION_OF_ACYL_COA_BIOSYNTHETIC_PROCESS	0.23753342225149993			
REACTOME_REGULATION_OF_TNFR1_SIGNALING	0.23752674215968517			
GO_AXONEMAL_DYNEIN_COMPLEX	0.23750422913985786			
IPA_IL18_DN	0.23750099449056142			
MIR204_3P	0.2374912645809559			
FXR_IR1_Q6	0.23749094109926192			
REACTOME_RECYCLING_OF_BILE_ACIDS_AND_SALTS	0.23747206082338002			
GO_REGULATION_OF_SYNAPSE_STRUCTURAL_PLASTICITY	0.23746409235830113			
PITX2_Q2	0.23745601203456843			
GO_SUBSTANTIA_NIGRA_DEVELOPMENT	0.23742926824661156			
HALLMARK_KRAS_SIGNALING_UP	0.23742143742033325			
GSE17721_LPS_VS_POLYIC_24H_BMDC_UP	0.23741544816340063			
REACTOME_SIGNALING_BY_NOTCH1_T_7_9_NOTCH1_M1580_K2555_TRANSLOCATION_MUTANT	0.23740920871180693			
MIR424_5P	0.23739582201936565			
GSE13485_CTRL_VS_DAY7_YF17D_VACCINE_PBMC_DN	0.23739368127004343			
GO_C3HC4_TYPE_RING_FINGER_DOMAIN_BINDING	0.23738659091343464			
IPA_STAT1_UP	0.23738640772304742			
IPA_HOXD8_UP	0.2373792043681679			
GSE3982_MEMORY_CD4_TCELL_VS_TH2_UP	0.23737748253329582			
GO_RESPIRATORY_ELECTRON_TRANSPORT_CHAIN	0.23737255552890504			
MIR3127_5P	0.2373711470425116			
GO_CARBOHYDRATE_TRANSMEMBRANE_TRANSPORT	0.23736686920527347			
GO_POSITIVE_REGULATION_OF_NK_T_CELL_ACTIVATION	0.23736633067831106			
GO_POTASSIUM_ION_ANTIPORTER_ACTIVITY	0.2373579429516868			
MIR5680	0.23733351292266092			
GO_FRUCTOSE_6_PHOSPHATE_METABOLIC_PROCESS	0.23732828361970199			
GO_NEGATIVE_REGULATION_OF_RESPONSE_TO_EXTERNAL_STIMULUS	0.2373273786265027			
GSE22886_TH1_VS_TH2_48H_ACT_DN	0.2373270512334567			
GSE6674_UNSTIM_VS_PL2_3_STIM_BCELL_DN	0.2373098921302564			
chr16q11	0.23730676545216664			
GO_MAINTENANCE_OF_PROTEIN_LOCALIZATION_IN_ENDOPLASMIC_RETICULUM	0.23729840640051783			
GO_INORGANIC_ION_IMPORT_ACROSS_PLASMA_MEMBRANE	0.2372963240887025			
GSE17721_PAM3CSK4_VS_GADIQUIMOD_4H_BMDC_UP	0.2372954341160275			
BIOCARTA_MSP_PATHWAY	0.23729364661149982			
GO_ACTIVATION_OF_GTPASE_ACTIVITY	0.23728697126986978			
HALLMARK_IL6_JAK_STAT3_SIGNALING	0.2372772136047175			
IPA_KAT2B_UP	0.23727519692532736			
REACTOME_SIGNALING_BY_ROBO_RECEPTORS	0.23727382403132766			
REACTOME_SYNTHESIS_OF_12_EICOSATETRAENOIC_ACID_DERIVATIVES	0.23726176327578558			
GO_NEGATIVE_REGULATION_OF_CELLULAR_PROTEIN_LOCALIZATION	0.23726135466131487			
SRY_01	0.23723739622065024			
GO_POSITIVE_REGULATION_OF_CALCIUM_ION_DEPENDENT_EXOCYTOSIS	0.23723519259481865			
GO_ARACHIDONATE_COA_LIGASE_ACTIVITY	0.2372326070286502			
GSE45365_WT_VS_IFNAR_KO_CD8A_DC_MCMV_INFECTION_DN	0.23722278191428472			
MIR6892_3P	0.23721621107859367			
GO_REGULATION_OF_NON_MOTILE_CILIUM_ASSEMBLY	0.23719933894586195			
GO_ENDOTHELIAL_CELL_FATE_COMMITMENT	0.23718053613037193			
GSE17721_LPS_VS_CPG_4H_BMDC_UP	0.2371801418607564			
GSE26030_UNSTIM_VS_RESTIM_TH17_DAY15_POST_POLARIZATION_UP	0.23716390155661005			
GCM_Q2	0.2371529255551769			
GSE17721_PAM3CSK4_VS_CPG_12H_BMDC_UP	0.23714749057267515			
GO_REGULATION_OF_SYNAPTIC_VESICLE_EXOCYTOSIS	0.2371375893245397			
GO_NUCLEOTIDE_BINDING_DOMAIN_LEUCINE_RICH_REPEAT_CONTAINING_RECEPTOR_SIGNALING_PATHWAY	0.23713616877118626			
BROWNE_HCMV_INFECTION_18HR_DN	0.23713284159819345			
IPA_CBX2_UP	0.23711931973540828			
GO_PROGESTERONE_METABOLIC_PROCESS	0.2371179648863191			
MIR3174	0.23710330361786672			
GO_ESTABLISHMENT_OF_SPINDLE_ORIENTATION	0.23709826900587186			
GO_ESTABLISHMENT_OF_MITOTIC_SPINDLE_LOCALIZATION	0.2370968541759472			
IPA_PAX9_DN	0.23709236957397847			
IPA_KLF6_DN	0.2370884766870144			
MIR5089_3P	0.23707155316611483			
GO_NEUROTRANSMITTER_CATABOLIC_PROCESS	0.2370630644314478			
GTF2A2_TARGET_GENES	0.23706179626221088			
GO_GAMMA_AMINOBUTYRIC_ACID_SECRETION	0.2370444499599897			
GO_MUSCLE_FIBER_DEVELOPMENT	0.23703732181830747			
MIR4326	0.23702597598345004			
MIR2276_3P	0.23701781247380396			
REACTOME_OAS_ANTIVIRAL_RESPONSE	0.23701123996345264			
IPA_HSF1_UP	0.2370041553339217			
GO_POSITIVE_REGULATION_OF_ESTABLISHMENT_OF_PROTEIN_LOCALIZATION	0.2369907366951162			
GO_RESPONSE_TO_CYTOKINE	0.23698873679808677			
KEGG_PANCREATIC_CANCER	0.23698832501612646			
GSE15215_CD2_POS_VS_NEG_PDC_UP	0.23698031050151083			
GO_POSITIVE_REGULATION_OF_REPRODUCTIVE_PROCESS	0.23697406820939443			
GO_CELLULAR_RESPONSE_TO_FLUID_SHEAR_STRESS	0.23694850784760899			
BIOCARTA_STEM_PATHWAY	0.2369351244029777			
IPA_SP3_UP	0.23690917562983			
GSE40274_CTRL_VS_FOXP3_AND_IRF4_TRANSDUCED_ACTIVATED_CD4_TCELL_DN	0.23690691830493538			
MIR4538	0.2369017262739624			
U2AF2_TARGET_GENES	0.23689695144656633			
GO_AMYLOID_BETA_CLEARANCE_BY_CELLULAR_CATABOLIC_PROCESS	0.23687139331179172			
GSE13762_CTRL_VS_125_VITAMIND_DAY12_DC_DN	0.2368710010554997			
MIR4661_5P	0.23686934030919915			
KIM_ALL_DISORDERS_DURATION_CORR_DN	0.2368553237687892			
PID_AR_PATHWAY	0.2368235112507409			
ROY_WOUND_BLOOD_VESSEL_UP	0.2368233708296044			
IPA_HAND1_UP	0.23681667193702444			
OUYANG_PROSTATE_CANCER_PROGRESSION_UP	0.23680475789453526			
MIR499A_5P	0.2367922638200168			
GO_PRIMARY_MIRNA_PROCESSING	0.23677518172907297			
GO_PHAGOSOME_LYSOSOME_FUSION	0.23676008352840267			
GO_TISSUE_HOMEOSTASIS	0.23675744838903184			
KAYO_AGING_MUSCLE_DN	0.23675672362999897			
CHENG_IMPRINTED_BY_ESTRADIOL	0.23675136598738653			
AFP1_Q6	0.23674490547262086			
GO_POSITIVE_REGULATION_OF_NATURAL_KILLER_CELL_MEDIATED_IMMUNITY	0.2367442798484353			
GSE9946_IMMATURE_VS_PROSTAGLANDINE2_TREATED_MATURE_DC_UP	0.23674214963542334			
GO_HYDROLASE_ACTIVITY_ACTING_ON_ACID_PHOSPHORUS_NITROGEN_BONDS	0.23673406243234307			
REACTOME_RETROGRADE_NEUROTROPHIN_SIGNALLING	0.23673003715689847			
GO_REGULATION_OF_KINASE_ACTIVITY	0.23672297521222535			
GO_REGULATION_OF_SYMBIOSIS_ENCOMPASSING_MUTUALISM_THROUGH_PARASITISM	0.23670589560326813			
GSE17974_IL4_AND_ANTI_IL12_VS_UNTREATED_48H_ACT_CD4_TCELL_DN	0.23670500214190457			
GO_LAMIN_BINDING	0.23670417805473914			
GO_TUMOR_NECROSIS_FACTOR_RECEPTOR_SUPERFAMILY_BINDING	0.23670080888351505			
GO_TRANSMEMBRANE_RECEPTOR_PROTEIN_PHOSPHATASE_ACTIVITY	0.23668938275042342			
MIR6772_3P	0.2366868322885359			
REACTOME_INSULIN_RECEPTOR_RECYCLING	0.23667373490402185			
GO_VASCULAR_ENDOTHELIAL_GROWTH_FACTOR_RECEPTOR_2_BINDING	0.23666866671625775			
GO_MYOSIN_V_BINDING	0.23666597191050337			
HNF4_01	0.23665281017492618			
IIZUKA_LIVER_CANCER_PROGRESSION_G1_G2_DN	0.23665033172875927			
HALLMARK_INTERFERON_ALPHA_RESPONSE	0.23664298157723757			
IPA_PITX3_DN	0.2366377466119954			
RASHI_RESPONSE_TO_IONIZING_RADIATION_3	0.23662930130586873			
REACTOME_DDX58_IFIH1_MEDIATED_INDUCTION_OF_INTERFERON_ALPHA_BETA	0.23662682456853543			
GO_POSITIVE_REGULATION_OF_RNA_POLYMERASE_II_TRANSCRIPTIONAL_PREINITIATION_COMPLEX_ASSEMBLY	0.23661906423435444			
GO_NEGATIVE_REGULATION_OF_DENDRITIC_CELL_APOPTOTIC_PROCESS	0.23660879845871097			
MIR2355_5P	0.2366001462083354			
MEF2D_TARGET_GENES	0.23659932082579616			
GO_POSITIVE_REGULATION_OF_GLUCOKINASE_ACTIVITY	0.23658783450605356			
REACTOME_DOWNSTREAM_SIGNALING_OF_ACTIVATED_FGFR4	0.23657670770176217			
HECKER_IFNB1_TARGETS	0.23657628977998			
HIF1_Q5	0.23656804163915268			
KEGG_ADIPOCYTOKINE_SIGNALING_PATHWAY	0.23655940602048173			
GSE34515_CD16_NEG_VS_POS_MONOCYTE_UP	0.23655860059076153			
IPA_TCF7L1_UP	0.23655565103263484			
GO_SYNAPTIC_VESICLE_ENDOCYTOSIS	0.23655279722069952			
MIR202_5P	0.23653659444671074			
REACTOME_CYTOKINE_SIGNALING_IN_IMMUNE_SYSTEM	0.23651281493719864			
GO_NEGATIVE_REGULATION_OF_PROTEIN_CONTAINING_COMPLEX_DISASSEMBLY	0.2365038487080963			
IPA_STAT5B_DN	0.2364945040289622			
MIR192_3P	0.23648959237627679			
GO_POSITIVE_REGULATION_OF_NATURAL_KILLER_CELL_ACTIVATION	0.23648951351630765			
GO_MAINTENANCE_OF_ANIMAL_ORGAN_IDENTITY	0.2364778632790599			
GO_NEGATIVE_REGULATION_OF_PROTEIN_CONTAINING_COMPLEX_ASSEMBLY	0.236472901589684			
GO_POSITIVE_REGULATION_OF_NATURAL_KILLER_CELL_DIFFERENTIATION	0.2364599623451863			
AAAYRNCTG_UNKNOWN	0.23645026957178744			
GO_NEGATIVE_REGULATION_OF_ACTIVIN_RECEPTOR_SIGNALING_PATHWAY	0.23644936697196298			
GO_POSITIVE_REGULATION_OF_MITOCHONDRION_ORGANIZATION	0.23644121870995535			
KEGG_STEROID_HORMONE_BIOSYNTHESIS	0.23642999294222655			
GO_POSITIVE_REGULATION_OF_NEURON_APOPTOTIC_PROCESS	0.23642885390988136			
GO_COGNITION	0.23642130357964086			
GO_REPRODUCTIVE_BEHAVIOR	0.23642116856804254			
MIR7159_3P	0.23641825893622445			
HALLMARK_PEROXISOME	0.23640673044184685			
GSE23505_IL6_IL1_IL23_VS_IL6_IL1_TGFB_TREATED_CD4_TCELL_DN	0.23640662339885826			
GO_RESPONSE_TO_VITAMIN_E	0.23640255685073705			
GO_RESPONSE_TO_ANGIOTENSIN	0.23640012976090666			
GSE3982_BCELL_VS_NKCELL_DN	0.23638753537330082			
chr14q22	0.23637855412398523			
MIR122B_3P	0.2363784443772005			
REACTOME_GLUCONEOGENESIS	0.23636745783623866			
IPA_CLOCK_UP	0.23636502343091517			
GO_REGULATION_OF_ADHERENS_JUNCTION_ORGANIZATION	0.23633414972811312			
GO_PROTEIN_REPAIR	0.23632895842305543			
GO_AP_TYPE_MEMBRANE_COAT_ADAPTOR_COMPLEX	0.23632703224036972			
GSE36891_POLYIC_TLR3_VS_PAM_TLR2_STIM_PERITONEAL_MACROPHAGE_DN	0.23631925083001465			
GO_CO_RECEPTOR_BINDING	0.23631213123601527			
GO_NEGATIVE_REGULATION_OF_SIGNAL_TRANSDUCTION_BY_P53_CLASS_MEDIATOR	0.23630553493476833			
MIR4290	0.23626931065186763			
GO_POSITIVE_REGULATION_OF_TYPE_I_INTERFERON_MEDIATED_SIGNALING_PATHWAY	0.2362604524583724			
MIR454_5P	0.23625278830777982			
GO_POSITIVE_REGULATION_OF_GLOMERULUS_DEVELOPMENT	0.23623400997057478			
GO_HAIR_FOLLICLE_PLACODE_FORMATION	0.2362297630616326			
GSE7219_WT_VS_NIK_NFKB2_KO_LPS_AND_ANTI_CD40_STIM_DC_DN	0.23622689414026007			
MIR21_3P	0.2362248585076067			
GO_INTESTINAL_EPITHELIAL_STRUCTURE_MAINTENANCE	0.2361991115727901			
MIR556_5P	0.23619441689697696			
GO_REGULATION_OF_INOSITOL_1_4_5_TRISPHOSPHATE_SENSITIVE_CALCIUM_RELEASE_CHANNEL_ACTIVITY	0.23619392372145456			
GAZDA_DIAMOND_BLACKFAN_ANEMIA_MYELOID_UP	0.2361818345183399			
BROWNE_HCMV_INFECTION_2HR_UP	0.23616676471518325			
GO_INSULIN_RECEPTOR_BINDING	0.236165610779112			
PID_ARF_3PATHWAY	0.2361617819568755			
MOTAMED_RESPONSE_TO_ANDROGEN_DN	0.2361596279453287			
MIR762	0.2361361630462453			
REACTOME_POU5F1_OCT4_SOX2_NANOG_ACTIVATE_GENES_RELATED_TO_PROLIFERATION	0.23613226155345338			
GSE43863_TFH_VS_LY6C_LOW_CXCR5NEG_EFFECTOR_CD4_TCELL_UP	0.2361220188619073			
GSE10463_CD40L_AND_VA347_VS_CD40L_IN_DC_UP	0.23609795347231993			
GSE13484_12H_VS_3H_YF17D_VACCINE_STIM_PBMC_DN	0.23608494045797734			
MIR11401	0.23607703406372513			
GSE27786_LSK_VS_MONO_MAC_DN	0.23607406481166168			
NAKAMURA_CANCER_MICROENVIRONMENT_DN	0.23607230884604521			
MIR496	0.2360686531720824			
RBM15_TARGET_GENES	0.23606753393677277			
ZNF493_TARGET_GENES	0.23606375802767576			
MIR4639_5P	0.23606344544353344			
GO_SYNAPTIC_VESICLE_DOCKING	0.23605832005806482			
BOWIE_RESPONSE_TO_TAMOXIFEN	0.23605767152745433			
MIR548AA_MIR548AP_3P_MIR548T_3P	0.2360571477907308			
GO_REGULATION_OF_GONADOTROPIN_SECRETION	0.23605654385925676			
GSE22886_NAIVE_CD8_TCELL_VS_MEMORY_TCELL_DN	0.2360551432393412			
GO_LENS_FIBER_CELL_DEVELOPMENT	0.23605324860631105			
GO_POSITIVE_REGULATION_OF_PROTEIN_ACETYLATION	0.23604465483843493			
GO_MAINTENANCE_OF_PROTEIN_LOCATION	0.23602343167015818			
GSE17721_PAM3CSK4_VS_CPG_8H_BMDC_DN	0.23601608202872942			
GO_PRIMARY_ALCOHOL_BIOSYNTHETIC_PROCESS	0.23601281586585665			
MIR146A_3P	0.23601207947131578			
GSE9037_CTRL_VS_LPS_1H_STIM_IRAK4_KO_BMDM_UP	0.23599536617947414			
FINETTI_BREAST_CANCERS_KINOME_GRAY	0.235989923590922			
MIR23C	0.23598813494709298			
GSE17721_CPG_VS_GARDIQUIMOD_24H_BMDC_DN	0.2359865797025127			
ONDER_CDH1_TARGETS_2_UP	0.2359760472451891			
GSE13547_WT_VS_ZFX_KO_BCELL_ANTI_IGM_STIM_12H_DN	0.2359742210747606			
IPA_SOX9_DN	0.23596000213194376			
GO_IRON_ION_TRANSMEMBRANE_TRANSPORT	0.23595466665229708			
GSE20727_ROS_INH_VS_ROS_INH_AND_DNFB_ALLERGEN_TREATED_DC_UP	0.23595288414951848			
GO_PROTEIN_UFMYLATION	0.23593085103267544			
REACTOME_JNK_C_JUN_KINASES_PHOSPHORYLATION_AND_ACTIVATION_MEDIATED_BY_ACTIVATED_HUMAN_TAK1	0.2358913625450069			
REACTOME_NUCLEAR_EVENTS_KINASE_AND_TRANSCRIPTION_FACTOR_ACTIVATION	0.23589065952440516			
GO_REGULATION_OF_CYTOKINESIS	0.23588889138782168			
OKAWA_NEUROBLASTOMA_1P36_31_DELETION	0.23588324153693901			
BIOCARTA_MAL_PATHWAY	0.23587277710140372			
MIR545_5P	0.235869716823176			
REACTOME_ACYL_CHAIN_REMODELLING_OF_PE	0.23586761475390453			
GO_NUCLEAR_OUTER_MEMBRANE	0.2358413940501499			
IPA_ZNF33A_DN	0.23583415190191118			
GSE17721_POLYIC_VS_PAM3CSK4_8H_BMDC_DN	0.23583156901109084			
MIR502_5P	0.23581051374169598			
IPA_E2F8_DN	0.2357835305925219			
GO_POSITIVE_REGULATION_OF_ENDOPLASMIC_RETICULUM_STRESS_INDUCED_INTRINSIC_APOPTOTIC_SIGNALING_PATHWAY	0.23577566174706605			
NADLER_OBESITY_UP	0.23576541455229733			
CHEN_HOXA5_TARGETS_9HR_UP	0.2357650339900978			
GO_CELLULAR_RESPONSE_TO_STEROL	0.23576496369724362			
GO_REGULATION_OF_NMDA_RECEPTOR_ACTIVITY	0.23575343138534513			
MIR6780A_3P	0.23574973187110332			
GO_AMINO_ACID_BETAINE_BIOSYNTHETIC_PROCESS	0.2357406249882877			
GO_NEGATIVE_REGULATION_OF_ESTABLISHMENT_OF_PROTEIN_LOCALIZATION	0.2357192784044914			
GSE45365_NK_CELL_VS_BCELL_MCMV_INFECTION_DN	0.23571911819069266			
GSE20366_TREG_VS_NAIVE_CD4_TCELL_DN	0.23571588966428442			
GSE22025_TGFB1_VS_TGFB1_AND_PROGESTERONE_TREATED_CD4_TCELL_UP	0.23571453054613442			
GO_ADENYLATE_CYCLASE_BINDING	0.23570745464881593			
MIR4693_5P	0.23570333397268536			
GO_ANTIMICROBIAL_HUMORAL_IMMUNE_RESPONSE_MEDIATED_BY_ANTIMICROBIAL_PEPTIDE	0.23570109362371358			
GSE17721_CTRL_VS_LPS_24H_BMDC_UP	0.2356994395086831			
REACTOME_CARDIAC_CONDUCTION	0.23569407833520137			
MIR6165	0.23568872030099908			
GO_LEFT_RIGHT_AXIS_SPECIFICATION	0.23568618211290301			
GO_UTERUS_MORPHOGENESIS	0.235680520381747			
GSE3982_BASOPHIL_VS_NKCELL_UP	0.23568029000642135			
HOXA1_TARGET_GENES	0.23567868050185717			
GO_OXIDOREDUCTASE_ACTIVITY_ACTING_ON_THE_CH_NH2_GROUP_OF_DONORS_OXYGEN_AS_ACCEPTOR	0.23566976141417567			
GO_TRANSDIFFERENTIATION	0.2356598964259031			
GO_THYROID_HORMONE_MEDIATED_SIGNALING_PATHWAY	0.23565004260058695			
HNF6_Q6	0.23563558401530563			
SMCHD1_TARGET_GENES	0.23563318598615382			
GSE9960_GRAM_NEG_VS_GRAM_POS_SEPSIS_PBMC_UP	0.23561917169583757			
REACTOME_GLYCOGEN_STORAGE_DISEASES	0.23561788727946645			
GO_ASPARTIC_ENDOPEPTIDASE_ACTIVITY_INTRAMEMBRANE_CLEAVING	0.23558663689566922			
GSE20366_CD103_POS_VS_CD103_KLRG1_DP_TREG_UP	0.23557831157173584			
GSE14000_4H_VS_16H_LPS_DC_TRANSLATED_RNA_DN	0.23555609171377193			
GO_SECONDARY_METABOLIC_PROCESS	0.2355445156816116			
chr10p11	0.2355372988105598			
GSE6259_DEC205_POS_DC_VS_BCELL_DN	0.23551854140955963			
CEBPE_TARGET_GENES	0.23550683931249766			
GO_DOPAMINE_TRANSPORT	0.23549563868471193			
BRF1_TARGET_GENES	0.23549078962657907			
GSE1112_OT1_CD8AB_VS_HY_CD8AA_THYMOCYTE_RTOC_CULTURE_UP	0.23548986909451106			
GO_CELLULAR_MONOVALENT_INORGANIC_CATION_HOMEOSTASIS	0.23546265819945034			
GO_CELLULAR_RESPONSE_TO_XENOBIOTIC_STIMULUS	0.23546149888975354			
GSE46143_CTRL_VS_LMP2A_TRANSDUCED_CD10_POS_GC_BCELL_DN	0.23546050368670257			
GO_SINGLE_FERTILIZATION	0.23544960615040766			
MIR6720_5P	0.23544756342302858			
GO_ORGANONITROGEN_COMPOUND_BIOSYNTHETIC_PROCESS	0.2354446601385576			
GO_CYTOPLASMIC_SIDE_OF_LYSOSOMAL_MEMBRANE	0.23543362849605726			
MIR6768_3P	0.2354312706230701			
GSE13484_UNSTIM_VS_YF17D_VACCINE_STIM_PBMC_DN	0.23542388925357852			
GSE7460_TCONV_VS_TREG_LN_UP	0.23542296121297565			
REACTOME_KERATAN_SULFATE_DEGRADATION	0.23541393249752937			
GO_HYALURONAN_METABOLIC_PROCESS	0.23540383338571974			
GSE17721_CTRL_VS_LPS_8H_BMDC_DN	0.23538778544169783			
GO_BETA_2_ADRENERGIC_RECEPTOR_BINDING	0.23537877319870862			
ZNF250_TARGET_GENES	0.23537521750279403			
REACTOME_TNF_SIGNALING	0.23537017705986463			
GSE43955_1H_VS_42H_ACT_CD4_TCELL_DN	0.23536765290926273			
MIR449C_3P	0.23536018018341456			
GSE17721_LPS_VS_PAM3CSK4_2H_BMDC_DN	0.23534088035555056			
MIR4659B_5P	0.23532681261654456			
GO_MEMBRANE_PROTEIN_INTRACELLULAR_DOMAIN_PROTEOLYSIS	0.23532194523856179			
PPARGC1A_TARGET_GENES	0.23532013274543095			
REACTOME_PLASMA_LIPOPROTEIN_ASSEMBLY_REMODELING_AND_CLEARANCE	0.2353186896984115			
GSE17721_POLYIC_VS_CPG_24H_BMDC_UP	0.2353121301317473			
KEGG_SELENOAMINO_ACID_METABOLISM	0.2353106431278517			
MTA1_TARGET_GENES	0.23529401912704845			
KYNG_DNA_DAMAGE_UP	0.2352831312528838			
GO_REGULATION_OF_BRANCHING_INVOLVED_IN_PROSTATE_GLAND_MORPHOGENESIS	0.23524892018369156			
GO_CELLULAR_PROTEIN_CONTAINING_COMPLEX_LOCALIZATION	0.23524037602292153			
MIR3529_5P	0.23523759895524166			
GO_CELLULAR_MODIFIED_AMINO_ACID_BIOSYNTHETIC_PROCESS	0.2352361956859038			
GO_LONG_CHAIN_FATTY_ACYL_COA_BINDING	0.2352336369696127			
MIR296_5P	0.2352207913932269			
WANG_ESOPHAGUS_CANCER_PROGRESSION_UP	0.23521976675126205			
GSE21546_ELK1_KO_VS_SAP1A_KO_AND_ELK1_KO_DP_THYMOCYTES_UP	0.235213202956126			
YEMELYANOV_GR_TARGETS_DN	0.23521053184176374			
REACTOME_ROLE_OF_SECOND_MESSENGERS_IN_NETRIN_1_SIGNALING	0.23520622315453			
GO_REGULATION_OF_SYSTEMIC_ARTERIAL_BLOOD_PRESSURE_BY_HORMONE	0.2352024760033525			
GO_POSITIVE_REGULATION_OF_NUCLEAR_DIVISION	0.2351973654829576			
GO_POSITIVE_REGULATION_OF_RECEPTOR_BIOSYNTHETIC_PROCESS	0.2351952672090093			
GO_ANTIGEN_PROCESSING_AND_PRESENTATION_OF_PEPTIDE_ANTIGEN_VIA_MHC_CLASS_I	0.23519503404508207			
GO_GDP_MANNOSE_METABOLIC_PROCESS	0.2351689792164837			
MIR4683	0.23516814118822454			
GO_PROTEIN_GLUTAMINE_GAMMA_GLUTAMYLTRANSFERASE_ACTIVITY	0.23515348322110788			
GO_NEGATIVE_REGULATION_OF_KERATINOCYTE_DIFFERENTIATION	0.2351498858872521			
MIR4667_3P	0.23514425286712778			
GSE7348_UNSTIM_VS_TOLERIZED_AND_LPS_STIM_MACROPHAGE_DN	0.23513883143159262			
MIR4682	0.2351255737447451			
GO_SUBSTRATE_INDEPENDENT_TELENCEPHALIC_TANGENTIAL_MIGRATION	0.235124961691244			
MIR4668_3P	0.2351127401250171			
GO_PEPTIDE_PROTON_SYMPORTER_ACTIVITY	0.2351076545834489			
GSE17974_IL4_AND_ANTI_IL12_VS_UNTREATED_48H_ACT_CD4_TCELL_UP	0.23510360352985812			
RODRIGUES_THYROID_CARCINOMA_POORLY_DIFFERENTIATED_UP	0.23508761289874158			
GO_POSTSYNAPSE_TO_NUCLEUS_SIGNALING_PATHWAY	0.23508084959650002			
REACTOME_ION_TRANSPORT_BY_P_TYPE_ATPASES	0.23508076704628594			
GO_HOPS_COMPLEX	0.23506921528121583			
GO_EXTERNAL_SIDE_OF_PLASMA_MEMBRANE	0.235059155288375			
MIKHAYLOVA_OXIDATIVE_STRESS_RESPONSE_VIA_VHL_DN	0.2350348926441856			
GO_POSITIVE_REGULATION_OF_TYPE_2_IMMUNE_RESPONSE	0.23502839134961434			
PID_CD40_PATHWAY	0.23502420838891896			
KEGG_STEROID_BIOSYNTHESIS	0.23501926088719555			
GO_POSITIVE_REGULATION_OF_THE_FORCE_OF_HEART_CONTRACTION	0.23501905741373902			
GO_ENDOTHELIAL_CELL_APOPTOTIC_PROCESS	0.23500982580070817			
GO_SYNAPTIC_TRANSMISSION_DOPAMINERGIC	0.2350057867581978			
GO_PROTEASOME_ASSEMBLY	0.23500148282050162			
MIR147B_3P	0.2349952277272149			
GO_RNA_GUANINE_N7_METHYLATION	0.23498335728315337			
GO_MICROTUBULE_BUNDLE	0.23497761977148635			
GAUSSMANN_MLL_AF4_FUSION_TARGETS_A_UP	0.2349742420524198			
ZFHX3_TARGET_GENES	0.23496629812278666			
chr16q13	0.23492665531205884			
GO_POSITIVE_REGULATION_OF_PROTEIN_IMPORT	0.23492431464988459			
GO_POSITIVE_REGULATION_OF_NMDA_GLUTAMATE_RECEPTOR_ACTIVITY	0.23490959155389202			
GSE18791_UNSTIM_VS_NEWCATSLE_VIRUS_DC_10H_DN	0.23490332295583538			
GO_GLUCOSE_6_PHOSPHATE_METABOLIC_PROCESS	0.23490057512395224			
MIR619_5P	0.23488510378429903			
IPA_BHLHE41_DN	0.2348816182377505			
GSE29618_PRE_VS_DAY7_POST_TIV_FLU_VACCINE_MONOCYTE_DN	0.23487049193973694			
GO_DNA_DAMAGE_RESPONSE_SIGNAL_TRANSDUCTION_BY_P53_CLASS_MEDIATOR	0.23486079995412995			
GO_VITAMIN_CATABOLIC_PROCESS	0.23485932098311996			
REACTOME_GABA_SYNTHESIS_RELEASE_REUPTAKE_AND_DEGRADATION	0.2348453049475715			
SHAFFER_IRF4_TARGETS_IN_MYELOMA_VS_MATURE_B_LYMPHOCYTE	0.23484238701053803			
BIOCARTA_PTC1_PATHWAY	0.23484092413480442			
MIR4653_3P	0.23483954017440226			
IRF1_01	0.23483566005804757			
GO_REGULATION_OF_GLYCOPROTEIN_METABOLIC_PROCESS	0.23483483436948288			
MIR7153_3P	0.23483423693919542			
GSE14308_TH17_VS_NATURAL_TREG_UP	0.23482099252260064			
GSE9037_CTRL_VS_LPS_1H_STIM_BMDM_DN	0.23481878187816801			
IPA_ETS2_UP	0.23481559385877065			
GO_REGULATION_OF_ENDOCRINE_PROCESS	0.2348114512534769			
GSE23398_WT_VS_IL2_KO_CD4_TCELL_SCURFY_MOUSE_UP	0.23481073683376918			
MIR6776_3P	0.23480411591395536			
chr10q25	0.23479839671745614			
MIR4432	0.23479235575809046			
SAENZ_DETOX_PATHWAY_AND_CARCINOGENESIS_DN	0.23479151032022083			
GO_REGULATION_OF_NEURONAL_SYNAPTIC_PLASTICITY	0.23478721072375003			
GSE43955_1H_VS_10H_ACT_CD4_TCELL_DN	0.23474342484862185			
MIR6768_5P	0.23471951848939887			
GO_XENOBIOTIC_METABOLIC_PROCESS	0.23471604345710903			
GCAAGAC_MIR431	0.23469484753901348			
IPA_AHRR_DN	0.23469387704829475			
GSE20715_WT_VS_TLR4_KO_6H_OZONE_LUNG_DN	0.23469252215939077			
GO_NEURAL_NUCLEUS_DEVELOPMENT	0.2346920056182572			
GSE17721_0.5H_VS_8H_GARDIQUIMOD_BMDC_DN	0.23468561768302856			
GO_CLATHRIN_COAT_ASSEMBLY	0.23467719980404878			
REACTOME_CYP2E1_REACTIONS	0.2346750828369295			
GSE2706_2H_VS_8H_R848_STIM_DC_DN	0.2346735141447775			
TUBG1_TARGET_GENES	0.23467203005880177			
REACTOME_SYNTHESIS_OF_PC	0.23466193854002002			
GO_KETONE_CATABOLIC_PROCESS	0.23465750457283335			
GROSS_HYPOXIA_VIA_HIF1A_ONLY	0.2346561479573676			
GO_CAMP_RESPONSE_ELEMENT_BINDING_PROTEIN_BINDING	0.23465200102092018			
GO_REGULATION_OF_PROTEIN_SERINE_THREONINE_KINASE_ACTIVITY	0.2346517482937131			
YAO_HOXA10_TARGETS_VIA_PROGESTERONE_UP	0.2346475080086229			
GO_POSITIVE_REGULATION_OF_NUCLEOBASE_CONTAINING_COMPOUND_TRANSPORT	0.23462053362049462			
GO_ENDOPEPTIDASE_ACTIVITY	0.2346199096694871			
WHITFIELD_CELL_CYCLE_G2	0.23460494590864167			
WANG_TUMOR_INVASIVENESS_UP	0.2345930964173629			
GSE11961_GERMINAL_CENTER_BCELL_DAY7_VS_PLASMA_CELL_DAY7_UP	0.23459132584366071			
GO_THIOESTER_METABOLIC_PROCESS	0.23459004187133273			
GO_MOTILE_CILIUM_ASSEMBLY	0.23458381360447342			
GO_PROTEIN_OXIDATION	0.2345820052991881			
GSE43956_WT_VS_SGK1_KO_TH17_DIFFERENTIATED_CD4_TCELL_UP	0.23457743208095677			
GO_LONG_CHAIN_FATTY_ACID_TRANSPORT	0.23456545403681422			
GO_REGULATION_OF_ATPASE_ACTIVITY	0.23456022934515997			
GO_POSITIVE_REGULATION_OF_NEURON_PROJECTION_ARBORIZATION	0.23455611252485864			
EGR1_01	0.23455551056255153			
MIR6504_5P	0.23453935130286174			
GSE9988_ANTI_TREM1_VS_LOW_LPS_MONOCYTE_DN	0.2345383187631286			
PID_P38_MKK3_6PATHWAY	0.23453814316010801			
MAYBURD_RESPONSE_TO_L663536_DN	0.23453279874468363			
MIR1587	0.23453165268095374			
LEE_LIVER_CANCER_MYC_UP	0.23452348034873216			
GO_CHROMAFFIN_GRANULE	0.2345044841742565			
MIR4793_5P	0.23450382805451722			
IPA_DMRT1_UP	0.23449930018433			
IPA_ZNF665_UP	0.23449363265909434			
IPA_ZNF85_UP	0.23449363265909434			
MIR4764_5P	0.2344914267055472			
GO_ANTIGEN_PROCESSING_AND_PRESENTATION_OF_PEPTIDE_ANTIGEN_VIA_MHC_CLASS_IB	0.2344749073540132			
GO_POSITIVE_REGULATION_OF_MYELINATION	0.2344564463126008			
GO_GONADAL_MESODERM_DEVELOPMENT	0.2344242138434057			
REACTOME_RHO_GTPASE_CYCLE	0.23442218856830768			
GO_TRANSLATIONAL_READTHROUGH	0.23441551456886442			
GO_CARDIAC_CONDUCTION_SYSTEM_DEVELOPMENT	0.23440468162729325			
BRUINS_UVC_RESPONSE_VIA_TP53_GROUP_C	0.23440381814989292			
MIR138_5P	0.23440330979699406			
IPA_HSF4_UP	0.23439812633882504			
GSE22025_PROGESTERONE_VS_TGFB1_AND_PROGESTERONE_TREATED_CD4_TCELL_DN	0.2343755960855673			
GO_NEGATIVE_REGULATION_OF_TELOMERASE_ACTIVITY	0.23435240939920204			
GSE7509_DC_VS_MONOCYTE_WITH_FCGRIIB_STIM_DN	0.23433031996560508			
MIR1468_3P	0.23431298591176178			
MIR450B_5P	0.23431084571025368			
GSE41867_NAIVE_VS_DAY8_LCMV_ARMSTRONG_EFFECTOR_CD8_TCELL_UP	0.234288595972442			
BENPORATH_NOS_TARGETS	0.23428592343582272			
MIR1285_3P	0.23428443572574967			
RAMJAUN_APOPTOSIS_BY_TGFB1_VIA_MAPK1_UP	0.23428399601414962			
GSE34006_WT_VS_A2AR_KO_TREG_DN	0.23427054005717327			
GO_PUTRESCINE_METABOLIC_PROCESS	0.23426453759148436			
GO_NEUROTRANSMITTER_RECEPTOR_INTERNALIZATION	0.23426411405774356			
GSE41867_NAIVE_VS_EFFECTOR_CD8_TCELL_UP	0.2342603192494607			
GO_REGULATION_OF_PEPTIDE_SECRETION	0.2342409996666394			
GSE20152_SPHK1_KO_VS_HTNFA_OVEREXPRESS_ANKLE_UP	0.23423996334853076			
GSE39110_UNTREATED_VS_IL2_TREATED_CD8_TCELL_DAY6_POST_IMMUNIZATION_DN	0.2342349262090263			
PID_PLK1_PATHWAY	0.2342258387311247			
REACTOME_SMAD2_SMAD3_SMAD4_HETEROTRIMER_REGULATES_TRANSCRIPTION	0.23421386299700533			
GO_NEGATIVE_REGULATION_OF_PRI_MIRNA_TRANSCRIPTION_BY_RNA_POLYMERASE_II	0.23420655038022473			
GO_NEGATIVE_REGULATION_OF_PROTEIN_TARGETING_TO_MEMBRANE	0.2342051005019242			
GO_REGULATION_OF_VIRAL_ENTRY_INTO_HOST_CELL	0.23420088015876697			
GSE37532_WT_VS_PPARG_KO_VISCERAL_ADIPOSE_TISSUE_TCONV_DN	0.23419556628863905			
VERHAAK_GLIOBLASTOMA_NEURAL	0.23419305181245328			
GO_FOLLICLE_STIMULATING_HORMONE_SECRETION	0.23418548701809047			
E47_01	0.23418092990516745			
MIR4774_5P	0.2341647219924941			
GO_METALLOENDOPEPTIDASE_ACTIVITY	0.23416155790344378			
KUNINGER_IGF1_VS_PDGFB_TARGETS_UP	0.2341578004208142			
GO_STEREOCILIA_COUPLING_LINK	0.23415695688019378			
DING_LUNG_CANCER_MUTATED_RECURRENTLY	0.2341563672013978			
KEGG_ETHER_LIPID_METABOLISM	0.23413077268793112			
GO_OXIDOREDUCTASE_ACTIVITY_ACTING_ON_PAIRED_DONORS_WITH_OXIDATION_OF_A_PAIR_OF_DONORS_RESULTING_IN_THE_REDUCTION_OF_MOLECULAR_OXYGEN_TO_TWO_MOLECULES_OF_WATER	0.2341294283198467			
GSE10325_MYELOID_VS_LUPUS_MYELOID_UP	0.23412805296330902			
GO_HFE_TRANSFERRIN_RECEPTOR_COMPLEX	0.2341240524666228			
GO_RESPONSE_TO_PROSTAGLANDIN	0.23409692923677106			
BONCI_TARGETS_OF_MIR15A_AND_MIR16_1	0.23408702739320883			
GO_MICROTUBULE_MINUS_END	0.23407904504017263			
GO_CYTOKINE_MEDIATED_SIGNALING_PATHWAY	0.2340787978271769			
KEGG_ARGININE_AND_PROLINE_METABOLISM	0.2340676330506396			
REACTOME_RHO_GTPASES_ACTIVATE_IQGAPS	0.23406391072264812			
CAMPS_COLON_CANCER_COPY_NUMBER_DN	0.23405937186473724			
GSE21033_CTRL_VS_POLYIC_STIM_DC_1H_UP	0.23405328421031146			
IPA_LHX6_UP	0.23404672435458776			
GSE45365_HEALTHY_VS_MCMV_INFECTION_CD11B_DC_IFNAR_KO_UP	0.23404285919486112			
GO_PROTEIN_TAG	0.2340313021472765			
GSE11961_FOLLICULAR_BCELL_VS_MEMORY_BCELL_DAY7_UP	0.2340288232915166			
H1_6_TARGET_GENES	0.23402616160183434			
GSE13411_NAIVE_VS_MEMORY_BCELL_UP	0.23401623550107153			
GO_POSITIVE_REGULATION_OF_INSULIN_SECRETION	0.23400757633038807			
GO_CYTOSKELETON_OF_PRESYNAPTIC_ACTIVE_ZONE	0.23400672938993608			
GO_REGULATION_OF_CHRONIC_INFLAMMATORY_RESPONSE	0.2339965193631269			
GSE17721_CTRL_VS_POLYIC_8H_BMDC_DN	0.23398507639632224			
GO_HORMONE_ACTIVITY	0.23397843083609027			
GSE40274_CTRL_VS_GATA1_TRANSDUCED_ACTIVATED_CD4_TCELL_DN	0.23397751906371517			
GSE13547_WT_VS_ZFX_KO_BCELL_UP	0.23396424897907858			
GO_CELLULAR_AMINO_ACID_METABOLIC_PROCESS	0.23396001114763595			
MIR2682_3P	0.2339558883180623			
GSE36527_CD69_NEG_VS_POS_TREG_CD62L_LOS_KLRG1_NEG_UP	0.23393948407580506			
MIR5001_5P	0.23393824547441588			
GO_POSITIVE_REGULATION_OF_PEPTIDYL_TYROSINE_PHOSPHORYLATION	0.23389851395782943			
REACTOME_NF_KB_ACTIVATION_THROUGH_FADD_RIP_1_PATHWAY_MEDIATED_BY_CASPASE_8_AND_10	0.2338981245622653			
GSE36826_WT_VS_IL1R_KO_SKIN_DN	0.2338956685440154			
GO_ORGANOPHOSPHATE_BIOSYNTHETIC_PROCESS	0.23389169843102214			
GO_REGULATION_OF_NEUROTRANSMITTER_SECRETION	0.23388651294971868			
GO_REGULATION_OF_TISSUE_REMODELING	0.23388362165541113			
YOSHIMURA_MAPK8_TARGETS_UP	0.2338813144745967			
GSE29618_PRE_VS_DAY7_POST_TIV_FLU_VACCINE_MDC_DN	0.23388116676855958			
GO_REGULATION_OF_SOMATIC_STEM_CELL_POPULATION_MAINTENANCE	0.23388011505382048			
GO_PHOSPHATIDATE_PHOSPHATASE_ACTIVITY	0.2338766763535458			
GSE43863_TFH_VS_LY6C_INT_CXCR5POS_MEMORY_CD4_TCELL_DN	0.23387639701846605			
MIR6514_5P	0.23387092185515665			
RYTAAWNNNTGAY_UNKNOWN	0.2338677732776787			
MIR1238_5P_MIR4758_5P	0.23386683175849604			
REACTOME_ABACAVIR_TRANSPORT_AND_METABOLISM	0.23386280159073405			
IPA_TP73_DN	0.23385644693582527			
GO_REGULATION_OF_HYDROGEN_PEROXIDE_BIOSYNTHETIC_PROCESS	0.23385365652441023			
DAZARD_RESPONSE_TO_UV_NHEK_DN	0.23384467300573766			
GO_POSITIVE_REGULATION_OF_ENDOTHELIAL_CELL_DIFFERENTIATION	0.23383854173000995			
NFXL1_TARGET_GENES	0.2338335065998614			
GABP_B	0.23382405703833853			
GSE2585_AIRE_KO_VS_WT_CD80_LOW_MTEC_UP	0.23381982167366858			
GSE2770_IL12_VS_TGFB_AND_IL12_TREATED_ACT_CD4_TCELL_2H_DN	0.23380952856060044			
ZNF513_TARGET_GENES	0.23379088993435537			
GSE18893_CTRL_VS_TNF_TREATED_TREG_24H_UP	0.23378986975575874			
IPA_HOXC13_UP	0.23377926560331488			
KATSANOU_ELAVL1_TARGETS_DN	0.23372352278020725			
GO_NEGATIVE_REGULATION_OF_TRANSCRIPTION_BY_COMPETITIVE_PROMOTER_BINDING	0.2337192047572782			
KAPOSI_LIVER_CANCER_MET_DN	0.2337121036486217			
ZHAN_VARIABLE_EARLY_DIFFERENTIATION_GENES_UP	0.23370546759279856			
GO_TRANSFORMING_GROWTH_FACTOR_BETA_RECEPTOR_BINDING	0.2337018678779058			
GSE41867_LCMV_ARMSTRONG_VS_CLONE13_DAY8_EFFECTOR_CD8_TCELL_UP	0.23367954077296407			
GO_BIOTIN_METABOLIC_PROCESS	0.23366609709043087			
GO_L_ASPARTATE_TRANSMEMBRANE_TRANSPORTER_ACTIVITY	0.23366164235504955			
chr5q11	0.23365335920348737			
GO_NEGATIVE_REGULATION_OF_MYOBLAST_DIFFERENTIATION	0.23364229860573932			
MIR6894_3P	0.2336385236267566			
GO_STEROID_BIOSYNTHETIC_PROCESS	0.2336277662927091			
MTOR_UP.V1_UP	0.23362540963552736			
ANDERSEN_LIVER_CANCER_KRT19_UP	0.2336175878331555			
chr2q13	0.2336081549082953			
REACTOME_ACTIVATION_OF_THE_TFAP2_AP_2_FAMILY_OF_TRANSCRIPTION_FACTORS	0.23359613909473165			
MIR3121_5P	0.2335943513639081			
GO_CELLULAR_RESPONSE_TO_ZINC_ION	0.23359415951472398			
GSE17721_CTRL_VS_CPG_12H_BMDC_UP	0.2335778361076959			
GSE2585_CTEC_VS_MTEC_THYMUS_DN	0.23357276424489104			
MIR3675_5P	0.23356282843576245			
RATTENBACHER_BOUND_BY_CELF1	0.2335566711339861			
GO_NEURAL_TUBE_PATTERNING	0.23354145760682998			
MIR1246	0.23352981439548395			
GSE9960_HEALTHY_VS_GRAM_NEG_SEPSIS_PBMC_DN	0.23352824162740074			
GO_REGULATION_OF_NUCLEOCYTOPLASMIC_TRANSPORT	0.23352741775766384			
GSE11961_MEMORY_BCELL_DAY40_VS_GERMINAL_CENTER_BCELL_DAY40_DN	0.23352079627119554			
GO_CELL_PROLIFERATION_INVOLVED_IN_KIDNEY_DEVELOPMENT	0.2335016858260991			
GSE40666_STAT1_KO_VS_STAT4_KO_CD8_TCELL_WITH_IFNA_STIM_90MIN_DN	0.23350024907171096			
GO_REGULATION_OF_TRANSPORT	0.23349144342229777			
MULLIGHAN_NPM1_SIGNATURE_3_DN	0.23347807616666008			
GSE33162_UNTREATED_VS_4H_LPS_STIM_HDAC3_HET_MACROPHAGE_UP	0.2334675692961068			
GTAAACC_MIR2995P	0.23345970986465264			
PDGF_ERK_DN.V1_DN	0.23345093970534603			
GSE39820_TGFBETA1_VS_TGFBETA3_IN_IL6_TREATED_CD4_TCELL_UP	0.23344513485920418			
GO_REGULATION_OF_RESTING_MEMBRANE_POTENTIAL	0.23342738350571096			
GSE40274_EOS_VS_FOXP3_AND_EOS_TRANSDUCED_ACTIVATED_CD4_TCELL_DN	0.2334216059215709			
GO_REGULATION_OF_LIPID_STORAGE	0.2334210516725698			
GO_POSITIVE_REGULATION_OF_CEREBELLAR_GRANULE_CELL_PRECURSOR_PROLIFERATION	0.23341755736268852			
DORMOY_ELAVL1_TARGETS	0.23341157237469137			
GSE25123_WT_VS_PPARG_KO_MACROPHAGE_UP	0.23340818922960735			
TOMLINS_PROSTATE_CANCER_UP	0.23340729578145322			
MATZUK_LUTEAL_GENES	0.23340107448247122			
GO_RENAL_WATER_HOMEOSTASIS	0.2334007745059092			
VALK_AML_WITH_FLT3_ITD	0.23339703606809364			
REICHERT_MITOSIS_LIN9_TARGETS	0.23338811240253873			
YAMANAKA_GLIOBLASTOMA_SURVIVAL_DN	0.23337884880755025			
GO_MICROTUBULE_CYTOSKELETON	0.23337451410891583			
IPA_RFX1_UP	0.2333734431395408			
MIR6747_3P	0.23337201918118822			
GO_GASTRULATION_WITH_MOUTH_FORMING_SECOND	0.23336638138315613			
BIOCARTA_P53_PATHWAY	0.2333636008549054			
GO_NEGATIVE_REGULATION_OF_REACTIVE_OXYGEN_SPECIES_METABOLIC_PROCESS	0.2333585235901381			
chr2q36	0.23332974142235			
GO_XENOBIOTIC_GLUCURONIDATION	0.2333240467192461			
GO_RECEPTOR_TRANSACTIVATION	0.2333172539759722			
HALLMARK_INTERFERON_GAMMA_RESPONSE	0.23331201479060135			
GO_REGULATION_OF_NEUROTRANSMITTER_LEVELS	0.233308786265922			
ZNF544_TARGET_GENES	0.23330843945041865			
GSE11924_TFH_VS_TH2_CD4_TCELL_DN	0.23329286203705749			
GSE27859_MACROPHAGE_VS_DC_UP	0.2332913095163247			
IPA_EOMES_DN	0.23328513797607234			
GSE8685_IL2_STARVED_VS_IL2_ACT_IL2_STARVED_CD4_TCELL_DN	0.23328466519942334			
GO_NEGATIVE_REGULATION_BY_HOST_OF_VIRAL_GENOME_REPLICATION	0.23328379322251233			
GSE17721_POLYIC_VS_GARDIQUIMOD_0.5H_BMDC_UP	0.23328360641059404			
GO_SULFIDE_OXIDATION	0.23328275083443245			
GO_POSITIVE_REGULATION_OF_T_HELPER_2_CELL_CYTOKINE_PRODUCTION	0.23327210075699845			
GO_NEGATIVE_REGULATION_OF_MEGAKARYOCYTE_DIFFERENTIATION	0.23327061181689804			
GO_REGULATION_OF_NK_T_CELL_PROLIFERATION	0.23326142043648818			
GO_TOXIN_TRANSPORT	0.23325343170028862			
GSE27859_DC_VS_CD11C_INT_F480_INT_DC_UP	0.2332080624433519			
REACTOME_DETOXIFICATION_OF_REACTIVE_OXYGEN_SPECIES	0.2332075208352259			
IPA_RBPJ_UP	0.23320577146169372			
GO_ESTABLISHMENT_OF_GOLGI_LOCALIZATION	0.23319995195958101			
GO_DYNEIN_LIGHT_INTERMEDIATE_CHAIN_BINDING	0.2331970197186197			
MIR6879_3P	0.2331911093226152			
BIOCARTA_SAM68_PATHWAY	0.23318236419606378			
IPA_ESRRA_UP	0.23318139119703976			
GO_INORGANIC_ION_TRANSMEMBRANE_TRANSPORT	0.23317516184773046			
MIR4679	0.23317376421252237			
GO_VITAMIN_K_METABOLIC_PROCESS	0.23316641261155052			
KIM_RESPONSE_TO_TSA_AND_DECITABINE_DN	0.23315246839273499			
MIR570_3P	0.23313592114364606			
GSE2770_TGFB_AND_IL4_VS_TGFB_AND_IL12_TREATED_ACT_CD4_TCELL_6H_UP	0.23313411946883528			
GSE25088_CTRL_VS_IL4_STIM_STAT6_KO_MACROPHAGE_DN	0.23312474988627624			
GO_PYRIMIDINE_NUCLEOTIDE_BINDING	0.23312095950989192			
MIR588	0.2331138932589108			
GO_INOSITOL_1_4_5_TRISPHOSPHATE_BINDING	0.23310445397125928			
IPA_PSIP1_UP	0.2330896974341894			
GO_REGULATION_OF_TRANSCRIPTION_FROM_RNA_POLYMERASE_II_PROMOTER_IN_RESPONSE_TO_HYPOXIA	0.23308319136953518			
REACTOME_SIGNALING_BY_FGFR4	0.23307463007084175			
MIR484	0.2330733622747621			
IPA_TEAD2_UP	0.23306745187151306			
GO_NEGATIVE_REGULATION_OF_CYTOKINE_SECRETION	0.23305366912630826			
GO_REGULATION_OF_ENDOTHELIAL_CELL_DEVELOPMENT	0.23304691594313817			
GO_HISTONE_H3_K14_ACETYLATION	0.2330323826376915			
IPA_HIST1H1C_DN	0.23302220152347466			
GSE5542_IFNA_VS_IFNA_AND_IFNG_TREATED_EPITHELIAL_CELLS_6H_DN	0.2330147939729758			
GO_REGULATION_OF_ATP_BIOSYNTHETIC_PROCESS	0.23301272183138333			
GSE19941_UNSTIM_VS_LPS_AND_IL10_STIM_IL10_KO_MACROPHAGE_UP	0.23300324080673676			
GSE25088_CTRL_VS_IL4_AND_ROSIGLITAZONE_STIM_STAT6_KO_MACROPHAGE_DN	0.2329975738503681			
GO_ASSOCIATIVE_LEARNING	0.23298882064660278			
NAKAMURA_LUNG_CANCER	0.23297824377682586			
CDP_01	0.23297675667332884			
GO_ALPHA_N_ACETYLGALACTOSAMINIDE_ALPHA_2_6_SIALYLTRANSFERASE_ACTIVITY	0.2329728895583782			
GO_DEOXYRIBONUCLEASE_I_ACTIVITY	0.23296807570652167			
GO_POSITIVE_REGULATION_OF_NON_MOTILE_CILIUM_ASSEMBLY	0.23296567079643743			
VEGF_A_UP.V1_DN	0.232961178605616			
IPA_KLF4_DN	0.23295679810238606			
GSE2128_C57BL6_VS_NOD_CD4CD8_DP_THYMOCYTE_DN	0.23295589455048982			
BHATTACHARYA_EMBRYONIC_STEM_CELL	0.232950124643683			
GSE3720_VD1_VS_VD2_GAMMADELTA_TCELL_WITH_PMA_STIM_DN	0.23294772018966278			
GSE22589_SIV_VS_HIV_AND_SIV_INFECTED_DC_UP	0.23292056845538642			
GO_NEGATIVE_REGULATION_OF_ENDOTHELIAL_CELL_APOPTOTIC_PROCESS	0.2329147844913282			
GO_TOXIN_METABOLIC_PROCESS	0.23291290066299994			
GO_REGULATION_OF_LIPID_TRANSPORTER_ACTIVITY	0.23290942015219118			
chr5p13	0.2329071162541051			
MIR7110_3P	0.23290423878671954			
GO_T_CELL_ANTIGEN_PROCESSING_AND_PRESENTATION	0.2329038093468366			
REACTOME_SIGNALING_BY_WNT	0.23290140022117606			
GO_RIBOSOMAL_LARGE_SUBUNIT_BINDING	0.23289578926152132			
GSE28737_WT_VS_BCL6_HET_MARGINAL_ZONE_BCELL_DN	0.23289435919842358			
GO_REGULATION_OF_POSTSYNAPSE_ORGANIZATION	0.232891576058724			
GO_REGULATION_OF_OVARIAN_FOLLICLE_DEVELOPMENT	0.2328818818592835			
MIR219A_5P	0.2328730454837143			
IPA_SRF_UP	0.23285938117605778			
GO_CHLORIDE_CHANNEL_INHIBITOR_ACTIVITY	0.23285557202503634			
HDAC3_TARGET_GENES	0.23285491987655768			
MIR6846_3P	0.2328514055297752			
GO_NEUROTRANSMITTER_BIOSYNTHETIC_PROCESS	0.2328447415106261			
GO_GAP_JUNCTION_HEMI_CHANNEL_ACTIVITY	0.23284089643272804			
GO_GLUCOCORTICOID_SECRETION	0.2328167360259174			
MIR6766_3P	0.23281057789161802			
REACTOME_REGULATION_OF_TP53_ACTIVITY_THROUGH_ASSOCIATION_WITH_CO_FACTORS	0.2328038969610726			
GO_L_PROLINE_BIOSYNTHETIC_PROCESS	0.23280265656609278			
PANGAS_TUMOR_SUPPRESSION_BY_SMAD1_AND_SMAD5_DN	0.23279982391799775			
GLI1_UP.V1_DN	0.23279977917422723			
BANDRES_RESPONSE_TO_CARMUSTIN_WITHOUT_MGMT_48HR_DN	0.2327942719238859			
GO_BASAL_CORTEX	0.23277446849819222			
GO_REGULATION_OF_HEAT_GENERATION	0.2327720689143859			
ZNF558_TARGET_GENES	0.23276577863195627			
GO_KERATAN_SULFATE_CATABOLIC_PROCESS	0.2327513853903666			
ALX4_TARGET_GENES	0.23274243344725404			
GO_TRANSFORMING_GROWTH_FACTOR_BETA_ACTIVATED_RECEPTOR_ACTIVITY	0.23273812152687146			
GSE22886_CD8_VS_CD4_NAIVE_TCELL_DN	0.23273298619151503			
GSE32901_TH1_VS_TH17_NEG_CD4_TCELL_DN	0.2327312365105668			
GO_CONVERGENT_EXTENSION_INVOLVED_IN_ORGANOGENESIS	0.23272852853706313			
GO_ICOSANOID_BIOSYNTHETIC_PROCESS	0.23269475875673423			
GSE29614_DAY3_VS_DAY7_TIV_FLU_VACCINE_PBMC_DN	0.23268885063838887			
GO_CALCIUM_CATION_ANTIPORTER_ACTIVITY	0.23268203809558508			
GO_POSITIVE_REGULATION_OF_MEMBRANE_POTENTIAL	0.23267593565911657			
GSE6674_PL2_3_VS_ANTI_IGM_AND_CPG_STIM_BCELL_DN	0.2326729634348658			
MIR9900	0.23267153801015067			
MIR4782_3P	0.23265556746606542			
IPA_RARB_DN	0.23265441535164605			
GO_FREE_UBIQUITIN_CHAIN_POLYMERIZATION	0.23264258916354325			
GO_CRANIAL_NERVE_MORPHOGENESIS	0.23264002098553574			
BIOCARTA_CIRCADIAN_PATHWAY	0.23263796821143773			
REACTOME_HEDGEHOG_LIGAND_BIOGENESIS	0.2326286262214978			
GSE22601_IMMATURE_CD4_SINGLE_POSITIVE_VS_CD8_SINGLE_POSITIVE_THYMOCYTE_DN	0.23262413803984386			
GRABARCZYK_BCL11B_TARGETS_UP	0.2326166293564948			
GSE14308_TH2_VS_NATURAL_TREG_UP	0.2326163726658176			
IPA_TFAM_UP	0.23261029741684197			
GSE29618_PRE_VS_DAY7_POST_TIV_FLU_VACCINE_MDC_UP	0.23259687368877913			
MIR4797_5P	0.2325899711097983			
MIR326	0.2325883305083708			
SASAI_TARGETS_OF_CXCR6_AND_PTCH1_UP	0.23255098148596434			
MIR7705	0.23252720075037808			
GSE11961_FOLLICULAR_BCELL_VS_PLASMA_CELL_DAY7_UP	0.2325033964513654			
GSE19772_HCMV_INFL_VS_HCMV_INF_MONOCYTES_AND_PI3K_INHIBITION_UP	0.2325025744155806			
GO_BEHAVIORAL_RESPONSE_TO_COCAINE	0.23249706327732114			
GO_PROTEIN_MEMBRANE_ADAPTOR	0.2324750085765791			
GO_SNAP_RECEPTOR_ACTIVITY	0.23245735643955598			
GO_REVERSE_CHOLESTEROL_TRANSPORT	0.23245583161239733			
GO_REGULATION_OF_TRANSCRIPTION_REGULATORY_REGION_DNA_BINDING	0.23245505556307755			
REACTOME_CARGO_TRAFFICKING_TO_THE_PERICILIARY_MEMBRANE	0.23245236432976926			
GO_REGULATION_OF_SKELETAL_MUSCLE_ADAPTATION	0.23245116957336598			
GSE40274_CTRL_VS_FOXP3_AND_PBX1_TRANSDUCED_ACTIVATED_CD4_TCELL_DN	0.2324483778951206			
MAZ_Q6	0.23244825142406672			
GO_FRUCTOSE_2_6_BISPHOSPHATE_METABOLIC_PROCESS	0.23244289186751874			
GO_FRUCTOSE_2_6_BISPHOSPHATE_2_PHOSPHATASE_ACTIVITY	0.23244289186751874			
MIR3664_3P	0.2324296163104931			
MIR12123	0.23240677375256774			
GO_SERINE_FAMILY_AMINO_ACID_CATABOLIC_PROCESS	0.23240655795493415			
GO_PROXIMAL_DISTAL_PATTERN_FORMATION_INVOLVED_IN_NEPHRON_DEVELOPMENT	0.23239875460476392			
ROESSLER_LIVER_CANCER_METASTASIS_UP	0.23239275244778773			
GSE14308_TH17_VS_NAIVE_CD4_TCELL_UP	0.23238224315463682			
GO_PHOSPHATE_ION_BINDING	0.2323821745987752			
GSE17721_CTRL_VS_GARDIQUIMOD_6H_BMDC_DN	0.2323790273249286			
IPA_KLF9_DN	0.23237727513607578			
IPA_ING1_DN	0.2323750414465701			
GSE39820_IL1B_IL6_VS_IL1B_IL6_IL23A_TREATED_CD4_TCELL_UP	0.23237389712455078			
GO_POSITIVE_REGULATION_OF_PROTEIN_CONTAINING_COMPLEX_ASSEMBLY	0.23236264158100045			
GO_POSITIVE_REGULATION_OF_CELL_POPULATION_PROLIFERATION	0.23235039605835128			
MIR197_3P	0.2323470618780531			
GO_CELL_MIGRATION_INVOLVED_IN_KIDNEY_DEVELOPMENT	0.2323339875447915			
HILLION_HMGA1_TARGETS	0.23232652010954857			
GO_TOLL_LIKE_RECEPTOR_2_SIGNALING_PATHWAY	0.23232620434425258			
AGTGCGT_MIR521	0.23232610908640478			
WILSON_PROTEASES_AT_TUMOR_BONE_INTERFACE_DN	0.23232462937942389			
GSE15930_NAIVE_VS_72H_IN_VITRO_STIM_CD8_TCELL_DN	0.23232397647482386			
GSE1791_CTRL_VS_NEUROMEDINU_IN_T_CELL_LINE_6H_DN	0.23231442687849993			
OUELLET_CULTURED_OVARIAN_CANCER_INVASIVE_VS_LMP_DN	0.23231418151468736			
LI_WILMS_TUMOR_VS_FETAL_KIDNEY_2_UP	0.23231348845034794			
GSE27670_BLIMP1_VS_LMP1_TRANSDUCED_GC_BCELL_DN	0.23227024896993498			
GO_MOLYBDOPTERIN_COFACTOR_BINDING	0.23226391070628083			
GO_DEATH_INDUCING_SIGNALING_COMPLEX_ASSEMBLY	0.23226195293400323			
GSE13484_UNSTIM_VS_12H_YF17D_VACCINE_STIM_PBMC_DN	0.23223255825160952			
GSE27786_NKCELL_VS_ERYTHROBLAST_DN	0.23222916523345813			
GAURNIER_PSMD4_TARGETS	0.23221525071741272			
GO_CIS_GOLGI_NETWORK	0.23221231289044783			
GO_LYSOPHOSPHOLIPID_ACYLTRANSFERASE_ACTIVITY	0.2322070434819174			
GO_MITOCHONDRIAL_ENVELOPE	0.23216635248911832			
REACTOME_RIPK1_MEDIATED_REGULATED_NECROSIS	0.23213637538471926			
MIR4664_5P	0.23212166532611817			
GO_ASYMMETRIC_CELL_DIVISION	0.23212061348565394			
GO_CATSPER_COMPLEX	0.23211680199980683			
PAX3_TARGET_GENES	0.23210127667508512			
GO_POSITIVE_REGULATION_OF_I_KAPPAB_PHOSPHORYLATION	0.23209602637426172			
GO_REGULATION_OF_JUN_KINASE_ACTIVITY	0.23208472741410172			
GO_NUCLEOSIDE_DIPHOSPHATE_BIOSYNTHETIC_PROCESS	0.23207856280698752			
GO_POSITIVE_REGULATION_OF_SMOOTH_MUSCLE_CELL_PROLIFERATION	0.23207612013039916			
IPA_GABPB1_UP	0.23206488112891513			
GSE42021_TREG_PLN_VS_TREG_PRECURSORS_THYMUS_UP	0.23205446038508987			
GTCGATC_MIR3695P	0.23205139448031817			
GSE17721_LPS_VS_PAM3CSK4_12H_BMDC_DN	0.23203891831822931			
REACTOME_ENDOGENOUS_STEROLS	0.23200951018464536			
SHAFFER_IRF4_TARGETS_IN_ACTIVATED_B_LYMPHOCYTE	0.23200468666860538			
GO_SODIUM_BICARBONATE_SYMPORTER_ACTIVITY	0.23198426152572316			
MIR6752_3P	0.23197600355527315			
FOXF1_TARGET_GENES	0.2319662007697032			
GO_PHOSPHATIDYLETHANOLAMINE_ACYL_CHAIN_REMODELING	0.23195842841465747			
GO_ANTIGEN_PROCESSING_AND_PRESENTATION_OF_ENDOGENOUS_PEPTIDE_ANTIGEN	0.23195484148300557			
ZNF16_TARGET_GENES	0.2319535106022245			
GO_GLUCAGON_SECRETION	0.23195298521088814			
GO_POSITIVE_REGULATION_OF_PROTEIN_LOCALIZATION_TO_EARLY_ENDOSOME	0.2319526966901642			
GSE10239_NAIVE_VS_KLRG1HIGH_EFF_CD8_TCELL_DN	0.23194506307006224			
GSE17974_0.5H_VS_72H_UNTREATED_IN_VITRO_CD4_TCELL_UP	0.23194229396910623			
REACTOME_AKT_PHOSPHORYLATES_TARGETS_IN_THE_NUCLEUS	0.23192290120752773			
GO_FLAVONE_METABOLIC_PROCESS	0.23191715749548356			
IPA_CCNT1_DN	0.23191715749548356			
GO_POSITIVE_REGULATION_OF_PODOSOME_ASSEMBLY	0.23191134818555098			
GO_NEGATIVE_REGULATION_OF_CELLULAR_COMPONENT_ORGANIZATION	0.23189979514886977			
WEBER_METHYLATED_LCP_IN_FIBROBLAST_DN	0.2318890865894338			
chr2q32	0.23188495576470708			
GSE6259_FLT3L_INDUCED_VS_WT_SPLENIC_DC_33D1_POS_DN	0.23187913020333392			
GO_NEGATIVE_REGULATION_OF_SERINE_TYPE_PEPTIDASE_ACTIVITY	0.23187781542998548			
GO_INTRAMOLECULAR_OXIDOREDUCTASE_ACTIVITY_TRANSPOSING_C_C_BONDS	0.23187695611537998			
BROWNE_HCMV_INFECTION_24HR_UP	0.23183430669757718			
GO_PHENOL_CONTAINING_COMPOUND_BIOSYNTHETIC_PROCESS	0.23183191636255143			
IPA_NFATC3_UP	0.23182423994629614			
IPA_HNF1B_DN	0.23182308772706733			
GO_REGULATION_OF_VASCULAR_ENDOTHELIAL_GROWTH_FACTOR_RECEPTOR_SIGNALING_PATHWAY	0.23181937805825134			
chr9q32	0.23181062366978059			
REACTOME_PHASE_II_CONJUGATION_OF_COMPOUNDS	0.2318101435498208			
GO_CHOLESTEROL_EFFLUX	0.23179938600095495			
GO_CD4_POSITIVE_ALPHA_BETA_T_CELL_PROLIFERATION	0.23179861629950813			
BROWNE_INTERFERON_RESPONSIVE_GENES	0.23179603556254696			
MIR1470	0.23179328270573468			
GO_POSITIVE_REGULATION_OF_MONOCYTE_CHEMOTAXIS	0.23178820147651355			
GSE18281_SUBCAPSULAR_VS_CENTRAL_CORTICAL_REGION_OF_THYMUS_DN	0.23175722042668684			
MIR3677_3P	0.23175625043083098			
GO_MONOVALENT_INORGANIC_CATION_TRANSPORT	0.23174941772952404			
GSE2770_TGFB_AND_IL4_VS_IL4_TREATED_ACT_CD4_TCELL_6H_DN	0.23173887945488558			
GO_POSITIVE_REGULATION_OF_BLOOD_PRESSURE	0.231725415604302			
REACTOME_GLUCURONIDATION	0.2317207165799968			
GSE43863_DAY6_EFF_VS_DAY150_MEM_TFH_CD4_TCELL_UP	0.23171572865260714			
GO_ORGANIC_HYDROXY_COMPOUND_TRANSPORT	0.2317058839393155			
GO_VENOUS_BLOOD_VESSEL_MORPHOGENESIS	0.2317003249257562			
RUAN_RESPONSE_TO_TNF_UP	0.2316980096341447			
REACTOME_RECEPTOR_MEDIATED_MITOPHAGY	0.2316966069487543			
GSE37301_COMMON_LYMPHOID_PROGENITOR_VS_CD4_TCELL_UP	0.23168202024796694			
MIR6129	0.23168115642571954			
GO_NEGATIVE_REGULATION_OF_TYROSINE_PHOSPHORYLATION_OF_STAT_PROTEIN	0.231671474784919			
GSE13484_3H_UNSTIM_VS_YF17D_VACCINE_STIM_PBMC_DN	0.23163861261545335			
GO_REGULATION_OF_CENTRIOLE_REPLICATION	0.23161956518382118			
GO_POSITIVE_REGULATION_OF_POSTTRANSCRIPTIONAL_GENE_SILENCING	0.23161523322784128			
MIR3678_3P	0.23161283869800336			
GSE41176_UNSTIM_VS_ANTI_IGM_STIM_TAK1_KO_BCELL_6H_UP	0.23160205718597968			
IPA_FOXO3_UP	0.2315945891768564			
GO_POSITIVE_REGULATION_OF_PROTEIN_DEPOLYMERIZATION	0.23158354596315703			
GO_RESPONSE_TO_NERVE_GROWTH_FACTOR	0.23157659715857384			
GO_REGULATION_OF_CYCLIN_DEPENDENT_PROTEIN_KINASE_ACTIVITY	0.2315736461131532			
GO_CELLULAR_RESPONSE_TO_HYPEROXIA	0.23157027954889456			
IPA_DDB2_UP	0.23156018912657275			
SOTIRIOU_BREAST_CANCER_GRADE_1_VS_3_DN	0.23155120328408102			
REACTOME_FGFR2B_LIGAND_BINDING_AND_ACTIVATION	0.2315444070082395			
GO_JUN_KINASE_BINDING	0.2315437592226796			
MIR3140_3P	0.2315435560588443			
MIR1178_5P	0.2315397833020385			
GO_CEREBELLAR_GRANULAR_LAYER_FORMATION	0.23153918183195152			
MCM2_TARGET_GENES	0.23153711336313226			
GO_REGULATION_OF_INNER_EAR_AUDITORY_RECEPTOR_CELL_DIFFERENTIATION	0.23152819957648652			
GO_ZINC_ION_IMPORT_ACROSS_PLASMA_MEMBRANE	0.23152716431686135			
MIR6868_3P	0.23152396263367284			
BROWNE_HCMV_INFECTION_12HR_DN	0.23151871066710905			
RUAN_RESPONSE_TO_TNF_TROGLITAZONE_UP	0.2315182410759262			
GO_APOLIPOPROTEIN_RECEPTOR_BINDING	0.23151718151850542			
GO_STEROID_HYDROXYLASE_ACTIVITY	0.23150549222524072			
PID_TCR_CALCIUM_PATHWAY	0.23149928771234835			
GO_PHOTOTRANSDUCTION	0.23149884361418338			
ZHAN_LATE_DIFFERENTIATION_GENES_UP	0.23149852903019322			
GO_REGULATION_OF_SULFUR_METABOLIC_PROCESS	0.23148428605070573			
MIR581	0.2314585653649423			
GO_PROSTATIC_BUD_FORMATION	0.23145556508002524			
CCCNNNNNNAAGWT_UNKNOWN	0.23145344493813072			
MIR3085_5P	0.2314253854997844			
GSE17721_POLYIC_VS_GARDIQUIMOD_6H_BMDC_UP	0.2314078165539048			
GO_MELANIN_METABOLIC_PROCESS	0.2314076321451864			
GO_TRANSMEMBRANE_TRANSPORT	0.23140358732748614			
GO_RESPONSE_TO_IRON_II_ION	0.23139717222134737			
GO_KIDNEY_MESENCHYME_DEVELOPMENT	0.23138398519227651			
MIR501_5P	0.2313717892896784			
IPA_KDM1A_DN	0.231371659927731			
GO_HYPOTHALAMUS_CELL_DIFFERENTIATION	0.23136425441635086			
GO_G_PROTEIN_COUPLED_GLUTAMATE_RECEPTOR_SIGNALING_PATHWAY	0.2313619980238052			
KEGG_FRUCTOSE_AND_MANNOSE_METABOLISM	0.23134192574708812			
GO_GLYCOLIPID_BIOSYNTHETIC_PROCESS	0.23134059827575096			
GO_NEGATIVE_REGULATION_OF_RESPIRATORY_BURST	0.2313402047617706			
GO_SPINDLE_MICROTUBULE	0.23133185595090225			
SETLUR_PROSTATE_CANCER_TMPRSS2_ERG_FUSION_UP	0.23132353117557572			
GSE2770_IL12_VS_IL4_TREATED_ACT_CD4_TCELL_2H_DN	0.23131451283728313			
GSE11961_PLASMA_CELL_DAY7_VS_GERMINAL_CENTER_BCELL_DAY40_DN	0.23127791891194402			
GO_PEPTIDE_ALPHA_N_ACETYLTRANSFERASE_ACTIVITY	0.23127579949708754			
GO_REGULATION_OF_ESTABLISHMENT_OF_PROTEIN_LOCALIZATION	0.23126563361090224			
GO_PANCREATIC_A_CELL_DIFFERENTIATION	0.2312475578900025			
MIR372_5P	0.2312445798419372			
REACTOME_SIGNALING_BY_FGFR1	0.23124189863302097			
GO_CLATHRIN_COAT_OF_COATED_PIT	0.23122756680546822			
ETS2_TARGET_GENES	0.23121236980206536			
KYNG_WERNER_SYNDROM_AND_NORMAL_AGING_UP	0.2311912374635703			
GO_POSITIVE_REGULATION_OF_LIPID_LOCALIZATION	0.23118508297893392			
GO_CALCIUM_ACTIVATED_CATION_CHANNEL_ACTIVITY	0.23118349439074104			
REACTOME_FGFR2_ALTERNATIVE_SPLICING	0.23117543547912997			
chr3q24	0.23117061485728094			
REACTOME_CARNITINE_METABOLISM	0.2311665025491355			
GSE3982_BCELL_VS_TH1_DN	0.23115331801292427			
GO_POSITIVE_REGULATION_OF_MITOTIC_NUCLEAR_DIVISION	0.23115214203936155			
GO_NEGATIVE_REGULATION_OF_ISOTYPE_SWITCHING	0.23115102898373294			
CEBALLOS_TARGETS_OF_TP53_AND_MYC_UP	0.23113298963480733			
chr5q32	0.23113134142872324			
MYLLYKANGAS_AMPLIFICATION_HOT_SPOT_27	0.23112748670285627			
GO_OXIDOREDUCTASE_ACTIVITY_ACTING_ON_PAIRED_DONORS_WITH_INCORPORATION_OR_REDUCTION_OF_MOLECULAR_OXYGEN_NAD_P_H_AS_ONE_DONOR_AND_INCORPORATION_OF_ONE_ATOM_OF_OXYGEN	0.23112639523133033			
GSE33424_CD161_INT_VS_NEG_CD8_TCELL_DN	0.231107570328385			
GO_REGULATION_OF_NEUTROPHIL_MEDIATED_CYTOTOXICITY	0.2310913502737827			
GSE18791_CTRL_VS_NEWCASTLE_VIRUS_DC_10H_DN	0.23108921446289996			
PID_RAS_PATHWAY	0.23107777458620396			
GO_LOBAR_BRONCHUS_DEVELOPMENT	0.23107710258709085			
PID_LIS1_PATHWAY	0.23107215589538688			
GO_POSITIVE_REGULATION_OF_JUN_KINASE_ACTIVITY	0.23105875684529556			
GO_GLYOXYLATE_METABOLIC_PROCESS	0.23104341156292338			
GO_OXIDOREDUCTASE_ACTIVITY_ACTING_ON_CH_OH_GROUP_OF_DONORS	0.23104024354854089			
GSE5589_WT_VS_IL10_KO_LPS_AND_IL10_STIM_MACROPHAGE_180MIN_UP	0.231026956801841			
IPA_MSX1_UP	0.23102646250005446			
GO_REGULATION_OF_GTPASE_ACTIVITY	0.23101887229005774			
GO_GLYCOSPHINGOLIPID_METABOLIC_PROCESS	0.23101593845363658			
GO_SMOOTH_MUSCLE_CONTRACTION	0.23100886339690174			
IPA_CCNH_DN	0.2310059732350584			
GO_RESPONSE_TO_PURINE_CONTAINING_COMPOUND	0.23100353178564256			
GO_NUCLEAR_MEMBRANE_ORGANIZATION	0.2309921364379549			
GO_POSITIVE_REGULATION_OF_RECEPTOR_CATABOLIC_PROCESS	0.2309671147966243			
GSE14308_TH2_VS_NATURAL_TREG_DN	0.23096233170984945			
MIR5194	0.23094924917879153			
COATES_MACROPHAGE_M1_VS_M2_UP	0.23093970071445208			
GO_NEGATIVE_REGULATION_OF_PROTEIN_MODIFICATION_BY_SMALL_PROTEIN_CONJUGATION_OR_REMOVAL	0.23093540353160036			
IPA_EPAS1_UP	0.23091409683527936			
GO_REGULATION_OF_INSULIN_SECRETION	0.23090994069709708			
GO_NEGATIVE_REGULATION_OF_MUSCLE_CONTRACTION	0.23090046954548607			
GRANDVAUX_IFN_RESPONSE_NOT_VIA_IRF3	0.23088110963191816			
GO_KERATIN_FILAMENT_BINDING	0.2308749555691482			
GOUYER_TATI_TARGETS_UP	0.23086436054050552			
FIGUEROA_AML_METHYLATION_CLUSTER_3_UP	0.2308594180988718			
GSE21546_WT_VS_ELK1_KO_ANTI_CD3_STIM_DP_THYMOCYTES_UP	0.23085764682200102			
GO_FUSION_OF_SPERM_TO_EGG_PLASMA_MEMBRANE_INVOLVED_IN_SINGLE_FERTILIZATION	0.23084964964194168			
GSE27786_NKTCELL_VS_NEUTROPHIL_DN	0.2308485163087516			
GSE3920_IFNA_VS_IFNG_TREATED_FIBROBLAST_DN	0.23084576831873035			
SANSOM_APC_TARGETS_UP	0.23084437268026514			
GO_SULFUR_AMINO_ACID_TRANSMEMBRANE_TRANSPORTER_ACTIVITY	0.23084127880966432			
GO_CARDIAC_MUSCLE_CELL_PROLIFERATION	0.23082740201479246			
GO_INTERLEUKIN_5_SECRETION	0.23082342647088208			
GO_REGULATION_OF_OXIDATIVE_STRESS_INDUCED_INTRINSIC_APOPTOTIC_SIGNALING_PATHWAY	0.23081363376445893			
GO_FATTY_ACID_DERIVATIVE_TRANSPORT	0.23079890337724107			
LET_7I_3P	0.23079455115665184			
GSE7509_UNSTIM_VS_FCGRIIB_STIM_DC_UP	0.23079201919871697			
DACOSTA_UV_RESPONSE_VIA_ERCC3_XPCS_UP	0.2307787749621018			
MIR5009_5P	0.23077384969164352			
GO_UBIQUITIN_LIKE_PROTEIN_BINDING	0.2307712356419826			
GO_CYCLOOXYGENASE_PATHWAY	0.23075843586730818			
REACTOME_IL_6_TYPE_CYTOKINE_RECEPTOR_LIGAND_INTERACTIONS	0.23075630530475455			
chr8q22	0.2307534561107778			
ATAGGAA_MIR202	0.2307461039276746			
IPA_THRA_DN	0.23074572311442929			
GSE3982_NKCELL_VS_TH1_DN	0.23074283719651398			
GO_POSITIVE_REGULATION_OF_FAT_CELL_DIFFERENTIATION	0.2307187383720631			
GO_PROTEIN_FOLDING_IN_ENDOPLASMIC_RETICULUM	0.23071808551030368			
GO_VESICLE_FUSION_TO_PLASMA_MEMBRANE	0.23071804490004902			
GO_METANEPHRIC_DISTAL_TUBULE_DEVELOPMENT	0.23071367322826425			
GO_CELLULAR_RESPONSE_TO_ABIOTIC_STIMULUS	0.2307094294542529			
MIR24_1_5P_MIR24_2_5P	0.23070435603952125			
MIR330_5P	0.23069964962830028			
GSE39820_IL1B_IL6_VS_IL1B_IL6_IL23A_TREATED_CD4_TCELL_DN	0.2306899771225395			
GSE7460_FOXP3_MUT_VS_WT_ACT_WITH_TGFB_TCONV_UP	0.2306868694733406			
MEISSNER_NPC_HCP_WITH_H3K27ME3	0.23068488019219596			
GO_PHOSPHORYLATED_CARBOHYDRATE_DEPHOSPHORYLATION	0.2306780144171121			
GO_REGULATION_OF_INTRINSIC_APOPTOTIC_SIGNALING_PATHWAY_IN_RESPONSE_TO_DNA_DAMAGE	0.23067514252738172			
GO_NEGATIVE_REGULATION_OF_MULTICELLULAR_ORGANISMAL_PROCESS	0.2306719090198347			
GO_NEGATIVE_REGULATION_OF_EXTRINSIC_APOPTOTIC_SIGNALING_PATHWAY_VIA_DEATH_DOMAIN_RECEPTORS	0.23067183386599718			
ZNF532_TARGET_GENES	0.23066586134246392			
RB_DN.V1_UP	0.23065546097228692			
IPA_FOXL2_UP	0.23064284722565176			
GSE16266_CTRL_VS_LPS_STIM_MEF_DN	0.23064144760366953			
GSE21927_SPLEEN_MONOCYTE_VS_GMCSF_GCSF_BONE_MARROW_DN	0.2306367383081321			
GO_STRIATED_MUSCLE_CELL_PROLIFERATION	0.2306341596856719			
MIR450A_2_3P	0.2306159967829015			
GO_POSITIVE_REGULATION_BY_HOST_OF_VIRAL_PROCESS	0.23061215868674317			
BIOCARTA_STRESS_PATHWAY	0.2306094874055279			
GSE43955_TH0_VS_TGFB_IL6_TH17_ACT_CD4_TCELL_20H_DN	0.2306035398612514			
MIR4256	0.23060209211006027			
IPA_ELF1_UP	0.23059819107077184			
IPA_CTCFL_UP	0.2305839946425597			
GSE2770_TGFB_AND_IL4_VS_IL12_TREATED_ACT_CD4_TCELL_2H_DN	0.2305835389647674			
MIR3919	0.2305796955650305			
GSE9988_ANTI_TREM1_VS_LPS_MONOCYTE_DN	0.2305795906662837			
chr7p21	0.23057719913664695			
MIR5002_5P	0.23057656652647585			
GO_PROTEIN_TYROSINE_KINASE_BINDING	0.2305726781979843			
IPA_FIGLA_UP	0.23056878550895138			
ICSBP_Q6	0.23056666881097182			
GAUSSMANN_MLL_AF4_FUSION_TARGETS_G_UP	0.230544169752923			
GSE24574_BCL6_HIGH_TFH_VS_TCONV_CD4_TCELL_DN	0.23053883267939076			
GO_REGULATION_OF_OXIDATIVE_PHOSPHORYLATION	0.23053300208438132			
GO_REGULATION_OF_FATTY_ACID_TRANSPORT	0.2305296699227462			
GO_REGULATION_OF_MEMBRANE_POTENTIAL	0.23052864344482027			
REACTOME_ASSEMBLY_OF_THE_HIV_VIRION	0.23052855038274822			
GO_OLIGOSACCHARIDE_LIPID_INTERMEDIATE_BIOSYNTHETIC_PROCESS	0.23052638826741653			
GO_VITAMIN_BIOSYNTHETIC_PROCESS	0.23052549808030803			
GO_REGULATION_OF_PODOSOME_ASSEMBLY	0.23052247906373932			
GO_FEMALE_SEX_DIFFERENTIATION	0.23051309436720369			
GSE24574_BCL6_LOW_TFH_VS_NAIVE_CD4_TCELL_DN	0.2304926496758146			
REACTOME_INTERLEUKIN_1_PROCESSING	0.23047977065346664			
GO_NEGATIVE_REGULATION_OF_VIRAL_ENTRY_INTO_HOST_CELL	0.23047810927750498			
GO_INTERLEUKIN_2_SECRETION	0.2304522006299883			
REACTOME_SUMOYLATION_OF_TRANSCRIPTION_FACTORS	0.23045067497352237			
CHIANG_LIVER_CANCER_SUBCLASS_INTERFERON_UP	0.23044253538016624			
CTNNB1_TARGET_GENES	0.2304340719050534			
GO_CYTOLYSIS_IN_OTHER_ORGANISM	0.2304297137298578			
GO_RESPONSE_TO_VITAMIN_D	0.23042772387111493			
GSE13306_LAMINA_PROPRIA_VS_SPLEEN_TREG_DN	0.23042659497338713			
REACTOME_SCAVENGING_BY_CLASS_B_RECEPTORS	0.23042284503575683			
GO_REGULATION_OF_GLYCOGEN_CATABOLIC_PROCESS	0.2304210467306752			
GO_POSITIVE_REGULATION_OF_PATHWAY_RESTRICTED_SMAD_PROTEIN_PHOSPHORYLATION	0.23041497094221663			
GO_REGULATION_OF_MONOOXYGENASE_ACTIVITY	0.23041410142057817			
IPA_NEUROG3_UP	0.2304127835931724			
GO_MEIOTIC_SPINDLE_ORGANIZATION	0.23041221581975424			
GO_FOLIC_ACID_TRANSPORT	0.23040885949192264			
GO_RRNA_BASE_METHYLATION	0.23040593476746593			
WNT_UP.V1_DN	0.23038415750464397			
MIR3680_3P	0.2303709204560983			
chr3q22	0.23034407001457388			
GSE9946_LISTERIA_INF_MATURE_VS_PROSTAGLANDINE2_TREATED_MATURE_DC_DN	0.2303261292228134			
GO_SODIUM_PHOSPHATE_SYMPORTER_ACTIVITY	0.23031629952634666			
BIOCARTA_MAPK_PATHWAY	0.23031352658035797			
REACTOME_METABOLISM_OF_POLYAMINES	0.2303094404115454			
MIR195_3P	0.2303075289264813			
GO_CELL_CELL_SIGNALING_INVOLVED_IN_CARDIAC_CONDUCTION	0.23029308950145005			
GO_NEGATIVE_REGULATION_OF_EPIDERMIS_DEVELOPMENT	0.2302897446408901			
GO_NON_CANONICAL_WNT_SIGNALING_PATHWAY_VIA_MAPK_CASCADE	0.23028733526040593			
GO_GLYCOGEN_GRANULE	0.2302841508128555			
GO_HEART_INDUCTION	0.23026967045680677			
MIR6505_5P	0.23026289950705411			
GSE18791_UNSTIM_VS_NEWCATSLE_VIRUS_DC_18H_DN	0.23025163407343488			
chr2p11	0.23024945113922304			
HOEGERKORP_CD44_TARGETS_DIRECT_DN	0.2302136936865886			
GGGNRMNNYCAT_UNKNOWN	0.23021240115934916			
GO_CELLULAR_RESPONSE_TO_CHOLESTEROL	0.23021074287830318			
GO_NEGATIVE_REGULATION_OF_TUMOR_NECROSIS_FACTOR_BIOSYNTHETIC_PROCESS	0.23020501097287777			
chr5q31	0.23020203517635554			
GSE36078_UNTREATED_VS_AD5_INF_IL1R_KO_MOUSE_LUNG_DC_DN	0.23018561787706918			
IPA_ERG_UP	0.23015989906725565			
GO_K63_LINKED_POLYUBIQUITIN_MODIFICATION_DEPENDENT_PROTEIN_BINDING	0.2301575202918233			
MIR6848_5P	0.23015447260969468			
GO_TAURINE_TRANSPORT	0.2301513094875844			
GO_PROTEIN_KINASE_C_ACTIVITY	0.23014279856605183			
GO_POSITIVE_REGULATION_OF_CHOLESTEROL_METABOLIC_PROCESS	0.2301233098234356			
GO_REGULATION_OF_NEUROTRANSMITTER_TRANSPORT	0.23011664618416333			
KEGG_GAP_JUNCTION	0.2301068767956727			
GO_SMOOTH_MUSCLE_ADAPTATION	0.23009325382671406			
GSE7460_TCONV_VS_TREG_LN_DN	0.23008945006746634			
GSE1432_CTRL_VS_IFNG_24H_MICROGLIA_DN	0.23008432178406726			
GAUSSMANN_MLL_AF4_FUSION_TARGETS_E_DN	0.23008368050226666			
GO_ADENYLYLTRANSFERASE_ACTIVITY	0.2300616725542694			
GO_NEGATIVE_REGULATION_OF_HYPOXIA_INDUCED_INTRINSIC_APOPTOTIC_SIGNALING_PATHWAY	0.23005862135234265			
GO_CENTROSOME	0.2300576847028261			
GO_MIDGUT_DEVELOPMENT	0.23005553158410072			
REACTOME_NEGATIVE_REGULATORS_OF_DDX58_IFIH1_SIGNALING	0.23005387116561177			
GO_CELLULAR_RESPONSE_TO_DEXAMETHASONE_STIMULUS	0.2300389632666717			
PID_ANTHRAX_PATHWAY	0.23003777694610766			
GO_MALE_PRONUCLEUS	0.2300348177415348			
MIR9718	0.23003327539814053			
MIR621	0.23002165682906311			
MYC_Q2	0.23000914197553393			
WORSCHECH_TUMOR_EVASION_AND_TOLEROGENICITY_DN	0.23000233699981348			
MIR6513_3P	0.22999788755796244			
GO_MODIFICATION_BY_SYMBIONT_OF_HOST_MORPHOLOGY_OR_PHYSIOLOGY	0.22999754543030562			
ATCMNTCCGY_UNKNOWN	0.22999564939120457			
GO_OXIDIZED_BASE_LESION_DNA_N_GLYCOSYLASE_ACTIVITY	0.22999336016185695			
GO_MICROTUBULE_ORGANIZING_CENTER	0.2299867005190331			
GO_POSITIVE_REGULATION_OF_RECEPTOR_CLUSTERING	0.22998535237138917			
GO_N_ACETYLLACTOSAMINIDE_BETA_1_3_N_ACETYLGLUCOSAMINYLTRANSFERASE_ACTIVITY	0.22997806545629856			
GSE28783_CTRL_ANTI_MIR_VS_UNTREATED_ATHEROSCLEROSIS_MACROPHAGE_DN	0.22997350722680626			
GO_WALKING_BEHAVIOR	0.22997086991408008			
GSE23308_WT_VS_MINERALCORTICOID_REC_KO_MACROPHAGE_UP	0.22996230266662657			
GO_CONVERGENT_EXTENSION_INVOLVED_IN_GASTRULATION	0.22995466162473466			
GO_SMALL_RNA_LOADING_ONTO_RISC	0.2299417765006867			
TAVOR_CEBPA_TARGETS_DN	0.2299376412541235			
GSE19941_LPS_VS_LPS_AND_IL10_STIM_IL10_KO_NFKBP50_KO_MACROPHAGE_UP	0.2299177508013339			
MIR16_2_3P	0.22991656004087016			
GSE7764_IL15_TREATED_VS_CTRL_NK_CELL_24H_DN	0.22990641010223262			
GO_REGULATION_OF_CELL_AGING	0.22989361926812082			
GSE7768_OVA_ALONE_VS_OVA_WITH_MPL_IMMUNIZED_MOUSE_WHOLE_SPLEEN_6H_DN	0.2298755516928441			
MIR5197_3P	0.2298691300462585			
GSE36891_UNSTIM_VS_POLYIC_TLR3_STIM_PERITONEAL_MACROPHAGE_DN	0.2298673370246556			
GO_CYCLIN_DEPENDENT_PROTEIN_SERINE_THREONINE_KINASE_ACTIVATOR_ACTIVITY	0.22986527628101472			
LOPEZ_TRANSLATION_VIA_FN1_SIGNALING	0.2298410541515461			
RANKIN_ANGIOGENIC_TARGETS_OF_VHL_HIF2A_DN	0.22981952981037024			
MIR3161	0.22980555191670382			
GO_PRIMARY_AMINE_OXIDASE_ACTIVITY	0.22980516870327622			
IPA_TWIST1_DN	0.22978934522633268			
REACTOME_INTERLEUKIN_6_SIGNALING	0.22978933054668474			
GSE3982_DC_VS_MAC_UP	0.22978905294444962			
MIR3692_5P	0.22978308327954575			
GO_AXONEMAL_DYNEIN_COMPLEX_ASSEMBLY	0.22977337635690212			
KEGG_PENTOSE_PHOSPHATE_PATHWAY	0.2297733152693031			
GO_POST_EMBRYONIC_ANIMAL_MORPHOGENESIS	0.22974632159835728			
GSE46606_IRF4MID_VS_WT_CD40L_IL2_IL5_DAY1_STIMULATED_BCELL_DN	0.22973522113177852			
GO_NEGATIVE_REGULATION_OF_AMYLOID_BETA_FORMATION	0.22972908376107834			
IPA_FOXL2_DN	0.22972217098523293			
REACTOME_POU5F1_OCT4_SOX2_NANOG_REPRESS_GENES_RELATED_TO_DIFFERENTIATION	0.22970311716913086			
GO_ION_TRANSMEMBRANE_TRANSPORT	0.22968979850965313			
GSE41867_DAY15_EFFECTOR_VS_DAY30_EXHAUSTED_CD8_TCELL_LCMV_CLONE13_UP	0.22968719960020123			
GSE4590_PRE_BCELL_VS_VPREB_POS_LARGE_PRE_BCELL_UP	0.22966677990897377			
GO_NEGATIVE_REGULATION_OF_GASTRULATION	0.22966543454699823			
PHESSE_TARGETS_OF_APC_AND_MBD2_DN	0.22965902083121767			
GO_NK_T_CELL_ACTIVATION	0.22964131707708701			
MIR346	0.2296269705920029			
GO_SHORT_CHAIN_CARBOXYLESTERASE_ACTIVITY	0.22962285341248992			
chr6p24	0.22961316392476233			
GO_REGULATION_OF_GLYCOGEN_METABOLIC_PROCESS	0.22961243501589476			
GO_ATP_SYNTHESIS_COUPLED_ELECTRON_TRANSPORT	0.22959770650897676			
MIR6804_3P	0.22958739567427422			
GSE12198_CTRL_VS_HIGH_IL2_STIM_NK_CELL_DN	0.22956409388510843			
KRAS.300_UP.V1_DN	0.2295600898280764			
GSE40225_WT_VS_RIP_B7X_DIABETIC_MOUSE_PANCREATIC_CD8_TCELL_DN	0.22955268750162444			
GO_REGULATION_OF_CARBOHYDRATE_METABOLIC_PROCESS	0.22955023869887012			
REACTOME_GLYCEROPHOSPHOLIPID_CATABOLISM	0.2295451027527861			
GO_POSITIVE_REGULATION_OF_ACTIN_NUCLEATION	0.22954387990566869			
ZNF667_TARGET_GENES	0.22953316089383666			
MIR6770_5P	0.2295323400751034			
GO_EXTRACELLULAR_REGULATION_OF_SIGNAL_TRANSDUCTION	0.22952996041231452			
MIR6799_3P	0.22952911652026217			
CEBALLOS_TARGETS_OF_TP53_AND_MYC_DN	0.2295125102481518			
GO_VOLUME_SENSITIVE_ANION_CHANNEL_ACTIVITY	0.22950888300156738			
GSE22589_SIV_VS_HIV_AND_SIV_INFECTED_DC_DN	0.2295081660115212			
STAMBOLSKY_RESPONSE_TO_VITAMIN_D3_DN	0.22949956667618018			
GO_TRANSFERASE_ACTIVITY_TRANSFERRING_AMINO_ACYL_GROUPS	0.2294946984654206			
REACTOME_RELEASE_OF_HH_NP_FROM_THE_SECRETING_CELL	0.2294757665588618			
MIR150_3P	0.22946719635156626			
GSE37416_0H_VS_48H_F_TULARENSIS_LVS_NEUTROPHIL_DN	0.22946510055681632			
GSE46606_UNSTIM_VS_CD40L_IL2_IL5_1DAY_STIMULATED_IRF4MID_SORTED_BCELL_DN	0.2294647998691069			
GO_CALCIUM_CHANNEL_REGULATOR_ACTIVITY	0.22945978748485227			
GO_CARGO_RECEPTOR_ACTIVITY	0.2294566900611309			
MIR525_5P	0.2294474730900386			
GO_CELLULAR_RESPONSE_TO_ORGANIC_CYCLIC_COMPOUND	0.22944133490485027			
IPA_MZF1_DN	0.22943004007077406			
KEGG_STARCH_AND_SUCROSE_METABOLISM	0.22942178971600088			
GO_HYDROGEN_PEROXIDE_BIOSYNTHETIC_PROCESS	0.229402057407065			
GO_PIGMENT_GRANULE_MATURATION	0.22938631070774737			
GSE1740_UNSTIM_VS_IFNA_STIMULATED_MCSF_DERIVED_MACROPHAGE_DN	0.2293700978830056			
MIR8087	0.22935290471529174			
REACTOME_KINESINS	0.22934333533619103			
GSE39820_TGFBETA1_VS_TGFBETA3_IN_IL6_IL23A_TREATED_CD4_TCELL_DN	0.2293380209419668			
GSE21360_PRIMARY_VS_SECONDARY_MEMORY_CD8_TCELL_DN	0.2293339555737556			
GSE16385_MONOCYTE_VS_12H_ROSIGLITAZONE_IL4_TREATED_MACROPHAGE_DN	0.22931949707411645			
GO_MAINTENANCE_OF_PROTEIN_LOCATION_IN_MITOCHONDRION	0.22931809957344992			
GO_SODIUM_CHANNEL_ACTIVITY	0.22931371690914856			
GO_ARACHIDONIC_ACID_MONOOXYGENASE_ACTIVITY	0.22930906645767635			
IPA_PLAGL2_UP	0.22930233263433536			
GSE27786_CD8_TCELL_VS_NEUTROPHIL_DN	0.2292955920253807			
GO_RESPONSE_TO_HEAT	0.22928486440320958			
GO_CILIUM_OR_FLAGELLUM_DEPENDENT_CELL_MOTILITY	0.22927652803187365			
REACTOME_ADRENOCEPTORS	0.2292687658822128			
GO_SARCOPLASMIC_RETICULUM_MEMBRANE	0.22926079531543447			
REACTOME_NOD1_2_SIGNALING_PATHWAY	0.2292287782812905			
GO_REGULATION_OF_PROTEIN_LOCALIZATION_TO_ENDOSOME	0.2292282478024437			
BAELDE_DIABETIC_NEPHROPATHY_UP	0.2292248716379224			
IPA_ARNT2_UP	0.22921719029335788			
GO_SOMATIC_MOTOR_NEURON_DIFFERENTIATION	0.22921537141479076			
MIR6742_5P	0.22921278461886485			
GO_NUCLEOBASE_CATABOLIC_PROCESS	0.2292119675141361			
MIR633	0.22921090418912718			
KIM_LRRC3B_TARGETS	0.22920402880080015			
GO_POSITIVE_REGULATION_OF_NEUROINFLAMMATORY_RESPONSE	0.2291968922435124			
MCDOWELL_ACUTE_LUNG_INJURY_DN	0.22919286695310123			
GO_POSITIVE_REGULATION_OF_GLIOGENESIS	0.22918317643014652			
MIR4310	0.2291750886104695			
IPA_MEF2D_UP	0.229170350243674			
IPA_HOXA13_UP	0.22916518798048835			
IPA_PITX3_UP	0.22916518798048835			
REACTOME_TICAM1_TRAF6_DEPENDENT_INDUCTION_OF_TAK1_COMPLEX	0.22915740410088772			
REACTOME_HEDGEHOG_ON_STATE	0.22914712696377626			
GO_CATION_TRANSMEMBRANE_TRANSPORTER_ACTIVITY	0.22914548248617375			
GO_NUCLEOSIDE_SALVAGE	0.2291379397204549			
GO_PROTEIN_LOCALIZATION_TO_CELL_SURFACE	0.22913398229702525			
GO_NEGATIVE_REGULATION_OF_OXIDATIVE_PHOSPHORYLATION	0.22911411275496954			
REACTOME_GALACTOSE_CATABOLISM	0.22910678102064502			
GO_NEGATIVE_REGULATION_OF_PEPTIDYL_CYSTEINE_S_NITROSYLATION	0.22910485158333527			
GO_LAMIN_FILAMENT	0.22908980758372385			
GO_CELLULAR_RESPONSE_TO_OXYGEN_CONTAINING_COMPOUND	0.229089184188082			
IPA_HMGB1_UP	0.2290823763105605			
GO_TRAIL_BINDING	0.22906778501102804			
GO_MODIFIED_AMINO_ACID_TRANSPORT	0.2290521085836186			
GSE22611_UNSTIM_VS_6H_MDP_STIM_MUTANT_NOD2_TRANSDUCED_HEK293T_CELL_UP	0.2290429803483525			
IPA_RXRG_UP	0.22903015693593518			
MIR4704_5P	0.22903005786139347			
CHOW_RASSF1_TARGETS_DN	0.2290292019765883			
GSE3039_B2_VS_B1_BCELL_DN	0.22902542038714382			
PID_SMAD2_3PATHWAY	0.22901537275570613			
GO_OLFACTORY_BEHAVIOR	0.22901200682985837			
GO_GOLGI_CISTERNA_MEMBRANE	0.22897449714720847			
GO_ORGANIC_HYDROXY_COMPOUND_TRANSMEMBRANE_TRANSPORTER_ACTIVITY	0.22896827331020267			
GO_NEGATIVE_REGULATION_OF_SMOOTHENED_SIGNALING_PATHWAY_INVOLVED_IN_DORSAL_VENTRAL_NEURAL_TUBE_PATTERNING	0.2289661291464196			
GO_GAMMA_AMINOBUTYRIC_ACID_TRANSMEMBRANE_TRANSPORTER_ACTIVITY	0.22895872417381094			
GO_CARBOHYDRATE_KINASE_ACTIVITY	0.22894491999683572			
GSE39152_SPLEEN_CD103_NEG_VS_BRAIN_CD103_POS_MEMORY_CD8_TCELL_UP	0.2289230957134661			
MIR6801_5P	0.22890386164948298			
GO_PHOSPHATIDYLINOSITOL_ACYL_CHAIN_REMODELING	0.22889940654571958			
MULLIGHAN_NPM1_SIGNATURE_3_UP	0.2288887795911139			
NADELLA_PRKAR1A_TARGETS_DN	0.2288867674944502			
GO_GLYCEROL_BIOSYNTHETIC_PROCESS	0.22885529473543645			
REACTOME_SYNTHESIS_OF_PE	0.22884669000797803			
REACTOME_TRAFFICKING_OF_AMPA_RECEPTORS	0.22884347839458954			
MIR450B_3P	0.22883786294717876			
GSE17721_0.5H_VS_24H_LPS_BMDC_DN	0.2288337614579624			
MIR6734_5P	0.22882666405515106			
GSE7831_UNSTIM_VS_INFLUENZA_STIM_PDC_4H_DN	0.22881567395355157			
GO_NUCLEOSIDE_BISPHOSPHATE_BIOSYNTHETIC_PROCESS	0.22881264373595292			
GO_ENDOCRINE_PROCESS	0.22880842648378105			
GO_DETECTION_OF_CELL_DENSITY	0.2288047083600415			
GO_REGULATION_OF_MACROPHAGE_CHEMOTAXIS	0.22880095225032215			
GO_POSITIVE_REGULATION_OF_POTASSIUM_ION_TRANSPORT	0.22879921059019928			
SCHLINGEMANN_SKIN_CARCINOGENESIS_TPA_UP	0.2287950957511633			
PASINI_SUZ12_TARGETS_UP	0.22878881842958634			
REACTOME_SYNTHESIS_OF_LIPOXINS_LX	0.22877792893480683			
GSE27786_CD4_TCELL_VS_NEUTROPHIL_DN	0.22877775594932284			
GSE17974_IL4_AND_ANTI_IL12_VS_UNTREATED_12H_ACT_CD4_TCELL_UP	0.22877380823630636			
MATZUK_EARLY_ANTRAL_FOLLICLE	0.22877369552657306			
REACTOME_FATTY_ACYL_COA_BIOSYNTHESIS	0.22877098898799292			
TERAMOTO_OPN_TARGETS_CLUSTER_3	0.22876556859622504			
GO_NEGATIVE_REGULATION_OF_SMOOTH_MUSCLE_CELL_PROLIFERATION	0.22875140494121793			
GO_GANGLIOSIDE_CATABOLIC_PROCESS	0.2287506113846571			
GSE17721_LPS_VS_GARDIQUIMOD_8H_BMDC_DN	0.2287408342151007			
PACHER_TARGETS_OF_IGF1_AND_IGF2_UP	0.2287273611517478			
MIR4742_5P	0.22872309912161806			
chr12q22	0.2287216637819939			
RIZKI_TUMOR_INVASIVENESS_3D_DN	0.22871475985007808			
WENG_POR_TARGETS_GLOBAL_UP	0.2287122492166255			
GSE2585_CD80_HIGH_VS_LOW_AIRE_KO_MTEC_DN	0.2286735205102831			
REACTOME_COMPLEMENT_CASCADE	0.22867151248990816			
MIR558	0.2286555809552259			
GSE17721_CPG_VS_GARDIQUIMOD_16H_BMDC_DN	0.2286405356078888			
GO_PEPTIDASE_ACTIVATOR_ACTIVITY_INVOLVED_IN_APOPTOTIC_PROCESS	0.22863866378766143			
AGGCACT_MIR5153P	0.22862476970705825			
MIR939_3P	0.22861898029880956			
chr10q26	0.22861475894283712			
PID_RHOA_PATHWAY	0.22861075260863645			
REACTOME_NUCLEAR_RECEPTOR_TRANSCRIPTION_PATHWAY	0.22860829496794152			
GO_OVARIAN_FOLLICLE_DEVELOPMENT	0.2285961026852591			
MIR6128	0.22858962142170478			
IPA_GSC_DN	0.22858816560791084			
GO_CHEMOSENSORY_BEHAVIOR	0.22856617855578262			
GO_POSITIVE_REGULATION_OF_URINE_VOLUME	0.22856446834409222			
GO_METAL_ION_TRANSMEMBRANE_TRANSPORTER_ACTIVITY	0.22855565435670205			
YNTTTNNNANGCARM_UNKNOWN	0.2285491345286541			
SA_B_CELL_RECEPTOR_COMPLEXES	0.22853369734875187			
MIR1284	0.22853282324537563			
REACTOME_PEPTIDE_LIGAND_BINDING_RECEPTORS	0.22853147219620862			
MIR5191	0.22852595786431712			
GSE28737_WT_VS_BCL6_KO_MARGINAL_ZONE_BCELL_UP	0.22851670114353495			
chr1q32	0.22851416493318535			
IPA_NCOA2_UP	0.22849672123292314			
GSE29164_UNTREATED_VS_CD8_TCELL_TREATED_MELANOMA_DAY3_UP	0.22849140252630532			
REACTOME_SYNTHESIS_OF_IP2_IP_AND_INS_IN_THE_CYTOSOL	0.22847809259497645			
GO_POSITIVE_REGULATION_OF_VASCULOGENESIS	0.22847786336725825			
MIR132_5P	0.22846958564536912			
GO_POSITIVE_REGULATION_OF_TOLL_LIKE_RECEPTOR_2_SIGNALING_PATHWAY	0.2284408483009752			
GREGORY_SYNTHETIC_LETHAL_WITH_IMATINIB	0.22843825199884393			
GO_FAT_SOLUBLE_VITAMIN_CATABOLIC_PROCESS	0.22842741381388232			
GO_UDP_N_ACETYLGLUCOSAMINE_BIOSYNTHETIC_PROCESS	0.22842230133779465			
GO_POSITIVE_REGULATION_BY_HOST_OF_VIRAL_GENOME_REPLICATION	0.228415546877906			
GSE13306_TREG_VS_TCONV_SPLEEN_UP	0.22841470484510934			
GO_PLATELET_ACTIVATING_FACTOR_METABOLIC_PROCESS	0.22841192321681536			
GO_MULTIMERIC_RIBONUCLEASE_P_COMPLEX	0.22839131291340076			
GO_PRC1_COMPLEX	0.22838594721313035			
REACTOME_PLATELET_ACTIVATION_SIGNALING_AND_AGGREGATION	0.22837149680137564			
VANTVEER_BREAST_CANCER_METASTASIS_DN	0.22837087531584746			
GO_FOLATE_IMPORT_ACROSS_PLASMA_MEMBRANE	0.22836551082603096			
TCTGATC_MIR383	0.2283643215472668			
GO_NEGATIVE_REGULATION_OF_MESODERM_DEVELOPMENT	0.22835659326150376			
MIR551A_MIR551B_3P	0.22835641429334755			
TORCHIA_TARGETS_OF_EWSR1_FLI1_FUSION_TOP20_DN	0.22835614863689563			
GSE6259_FLT3L_INDUCED_33D1_POS_DC_VS_CD4_TCELL_UP	0.22834725661604638			
GSE40184_HEALTHY_VS_HCV_INFECTED_DONOR_PBMC_UP	0.22834448889705408			
GSE17721_POLYIC_VS_CPG_8H_BMDC_DN	0.22834238905572793			
GSE23505_IL6_IL1_VS_IL6_IL1_IL23_TREATED_CD4_TCELL_UP	0.22833564990389799			
GO_CELL_AGING	0.2283114629938645			
MIR505_5P	0.22828927818278774			
IPA_WT1_DN	0.22826658887793697			
KRISHNAN_FURIN_TARGETS_DN	0.22825695069081678			
GO_KINASE_BINDING	0.2282461568873274			
GO_CILIARY_BASAL_BODY	0.22824017846242275			
REACTOME_ABACAVIR_TRANSMEMBRANE_TRANSPORT	0.2282374317214576			
GO_OPTIC_NERVE_DEVELOPMENT	0.22823137017146222			
GSE22033_WT_VS_PPARG_KO_MEF_DN	0.2282139080641185			
GO_RESPONSE_TO_ISOLATION_STRESS	0.22819257969979131			
GO_PROTEIN_TARGETING	0.22818674499159122			
MIR4701_5P	0.22817989925934165			
GO_SODIUM_DEPENDENT_PHOSPHATE_TRANSMEMBRANE_TRANSPORTER_ACTIVITY	0.22817933629801437			
GSE3691_CONVENTIONAL_VS_PLASMACYTOID_DC_SPLEEN_DN	0.22817389466721505			
GO_AMINO_SUGAR_BIOSYNTHETIC_PROCESS	0.22817074781437957			
ZNF112_TARGET_GENES	0.2281542588842807			
GSE5589_LPS_VS_LPS_AND_IL6_STIM_MACROPHAGE_45MIN_DN	0.22815355106380406			
ELVIDGE_HIF2A_TARGETS_UP	0.22814672226895916			
GO_RECEPTOR_ANTAGONIST_ACTIVITY	0.2281274332391155			
GSE2706_R848_VS_LPS_2H_STIM_DC_UP	0.228126765806035			
GO_IMPORTIN_ALPHA_FAMILY_PROTEIN_BINDING	0.22812620891260665			
GO_INHIBIN_BINDING	0.22812176902957546			
GSE37336_LY6C_POS_VS_NEG_NAIVE_CD4_TCELL_DN	0.22811700668012544			
GO_NEGATIVE_REGULATION_OF_VASCULAR_SMOOTH_MUSCLE_CELL_PROLIFERATION	0.2281066455472838			
REACTOME_ATF6_ATF6_ALPHA_ACTIVATES_CHAPERONE_GENES	0.2281017985382623			
GSE21546_WT_VS_ELK1_KO_DP_THYMOCYTES_DN	0.22809527087276618			
IPA_ZNF552_DN	0.22808510509203594			
GO_GPI_ANCHOR_METABOLIC_PROCESS	0.22807834989087283			
LA_MEN1_TARGETS	0.22807646251330346			
GO_REGULATION_OF_ANTIMICROBIAL_HUMORAL_RESPONSE	0.22807441526539152			
REACTOME_SIGNALING_BY_NOTCH1	0.22807197607154348			
MIR6777_5P	0.22806949815733626			
YAO_TEMPORAL_RESPONSE_TO_PROGESTERONE_CLUSTER_4	0.22806448540178853			
IPA_TAZ_UP	0.22805447460462774			
GO_CILIUM_MOVEMENT_INVOLVED_IN_CELL_MOTILITY	0.22805293681665917			
PID_ALK1_PATHWAY	0.22803116824058897			
GO_RESPONSE_TO_ISCHEMIA	0.2280252378791442			
GO_NEUROTROPHIN_TRK_RECEPTOR_SIGNALING_PATHWAY	0.2280198901751615			
GO_POSITIVE_REGULATION_OF_CREB_TRANSCRIPTION_FACTOR_ACTIVITY	0.22801005402734176			
GSE17721_POLYIC_VS_PAM3CSK4_16H_BMDC_DN	0.2280058924051039			
PETROVA_ENDOTHELIUM_LYMPHATIC_VS_BLOOD_UP	0.22800374605911267			
GO_REGULATION_OF_EATING_BEHAVIOR	0.22800213291352334			
GO_AMP_METABOLIC_PROCESS	0.2279959030825733			
GO_ASCENDING_AORTA_DEVELOPMENT	0.22798971735882012			
IPA_NPAS2_UP	0.22798089358659412			
GAGCCTG_MIR484	0.22797984749315536			
GO_REGULATION_OF_NERVOUS_SYSTEM_PROCESS	0.22797290354919725			
GSE4142_PLASMA_CELL_VS_MEMORY_BCELL_UP	0.22796802606783853			
GSE17721_LPS_VS_POLYIC_12H_BMDC_UP	0.22796322326860763			
RADAEVA_RESPONSE_TO_IFNA1_UP	0.22795805370303898			
MOSERLE_IFNA_RESPONSE	0.2279469386288765			
GSE5542_IFNG_VS_IFNA_TREATED_EPITHELIAL_CELLS_24H_DN	0.227938927886636			
GO_CHONDROITIN_SULFATE_PROTEOGLYCAN_METABOLIC_PROCESS	0.2279375458841394			
GO_ALANINE_TRANSMEMBRANE_TRANSPORTER_ACTIVITY	0.22793609563765127			
GO_L_ALANINE_TRANSPORT	0.22793609563765127			
GO_CHORIONIC_TROPHOBLAST_CELL_DIFFERENTIATION	0.2279287672189317			
REACTOME_MISCELLANEOUS_SUBSTRATES	0.2279251536497372			
GSE41978_ID2_KO_VS_BIM_KO_KLRG1_LOW_EFFECTOR_CD8_TCELL_DN	0.22791765873645964			
GO_POSITIVE_REGULATION_OF_STRIATED_MUSCLE_CONTRACTION	0.22791164676296694			
GO_ACYL_COA_OXIDASE_ACTIVITY	0.22790824831395934			
GO_LOOP_OF_HENLE_DEVELOPMENT	0.22789026151281813			
GSE17721_0.5H_VS_12H_CPG_BMDC_DN	0.22787369783029987			
GSE27786_NKCELL_VS_NEUTROPHIL_UP	0.2278659520006909			
GO_CONDITIONED_TASTE_AVERSION	0.2278581057629284			
GSE9988_LPS_VS_LOW_LPS_MONOCYTE_UP	0.22785391350160714			
GO_ION_TRANSMEMBRANE_TRANSPORTER_ACTIVITY_PHOSPHORYLATIVE_MECHANISM	0.22785290904667005			
GO_CENTRAL_NERVOUS_SYSTEM_MYELIN_MAINTENANCE	0.22784908708165194			
MIR95_5P	0.22784829025697872			
GTGACTT_MIR224	0.227846670114137			
GO_ATRIAL_SEPTUM_MORPHOGENESIS	0.2278456608949389			
GO_ENTRAINMENT_OF_CIRCADIAN_CLOCK_BY_PHOTOPERIOD	0.22782821394276281			
GO_CHEMICAL_HOMEOSTASIS	0.22782428721847967			
REACTOME_GLYCOGEN_BREAKDOWN_GLYCOGENOLYSIS	0.22782012935156287			
REACTOME_SYNTHESIS_OF_DOLICHYL_PHOSPHATE	0.22781681104174673			
SMID_BREAST_CANCER_RELAPSE_IN_LIVER_UP	0.22781527311388985			
MIR7154_3P	0.22780845983856238			
GO_REGULATION_OF_INTRACELLULAR_ESTROGEN_RECEPTOR_SIGNALING_PATHWAY	0.22780657195803944			
IPA_GLI1_DN	0.22779340166579923			
TAVAZOIE_METASTASIS	0.2277682000408327			
GO_REGULATION_OF_BONE_REMODELING	0.22776436972956765			
GO_MUSCULAR_SEPTUM_MORPHOGENESIS	0.22776087301398795			
GSE22611_MUTANT_NOD2_VS_CTRL_TRANSDUCED_HEK293T_CELL_UP	0.22775584271456042			
CCAGGTT_MIR490	0.22775558685537864			
GSE17721_PAM3CSK4_VS_GADIQUIMOD_16H_BMDC_DN	0.22774860382002032			
MIR6860	0.22774843742168124			
GCNP_SHH_UP_EARLY.V1_DN	0.2277441487473373			
MIR125A_3P	0.22773910678046294			
ZNF26_TARGET_GENES	0.22773807486811684			
GO_NEPHRIC_DUCT_DEVELOPMENT	0.2277309025807255			
GSE18281_CORTICAL_THYMOCYTE_VS_WHOLE_CORTEX_THYMUS_UP	0.227728186020672			
GO_GLUCOSE_BINDING	0.2277265978562081			
EIF4E_UP	0.22772294153927164			
MIR3938	0.22771745523740106			
GO_ACROSOME_REACTION	0.22771533489305978			
GSE37605_FOXP3_FUSION_GFP_VS_IRES_GFP_TREG_NOD_UP	0.22770831851026022			
GSE24634_NAIVE_CD4_TCELL_VS_DAY3_IL4_CONV_TREG_DN	0.22770660218939393			
GO_NEUROTRANSMITTER_SODIUM_SYMPORTER_ACTIVITY	0.22770322020039385			
BIOCARTA_CYTOKINE_PATHWAY	0.22769275005486378			
GO_INORGANIC_ANION_EXCHANGER_ACTIVITY	0.22769164892014454			
PECE_MAMMARY_STEM_CELL_DN	0.2276798878082796			
IPA_EMX1_UP	0.22767967183672078			
SUMO1_TARGET_GENES	0.22767785815516817			
MIR9898	0.2276749793631651			
GO_POSITIVE_REGULATION_OF_DNA_CATABOLIC_PROCESS	0.22767073122400797			
MIR591	0.227658720974153			
REACTOME_REGULATION_OF_PTEN_STABILITY_AND_ACTIVITY	0.22764168828246448			
GO_ROUGH_ENDOPLASMIC_RETICULUM_MEMBRANE	0.2276379925477847			
GSE8621_UNSTIM_VS_LPS_PRIMED_UNSTIM_MACROPHAGE_UP	0.22763001084232554			
GO_NEGATIVE_REGULATION_OF_NON_CANONICAL_WNT_SIGNALING_PATHWAY	0.227626847338439			
GSE12001_MIR223_KO_VS_WT_NEUTROPHIL_UP	0.22762463538413288			
MIR6787_5P	0.2276179141057922			
ZNF618_TARGET_GENES	0.22761032153604635			
GO_PEPTIDYL_SERINE_DEPHOSPHORYLATION	0.22760686618978107			
BIOCARTA_AKT_PATHWAY	0.2276045094083042			
GSE15330_LYMPHOID_MULTIPOTENT_VS_PRO_BCELL_UP	0.22760356919709152			
GSE22601_DOUBLE_NEGATIVE_VS_CD8_SINGLE_POSITIVE_THYMOCYTE_DN	0.22760111854908877			
GO_REGULATION_OF_VIRAL_LIFE_CYCLE	0.22758198095187396			
REACTOME_SEALING_OF_THE_NUCLEAR_ENVELOPE_NE_BY_ESCRT_III	0.22758194547589525			
GSE14415_INDUCED_TREG_VS_FOXP3_KO_INDUCED_TREG_IL2_CULTURE_UP	0.22755780835613124			
MIR409_3P	0.22753757021518337			
TERAO_AOX4_TARGETS_HG_DN	0.2275371901259993			
JAZAERI_BREAST_CANCER_BRCA1_VS_BRCA2_UP	0.22752810143767724			
GO_HOST_CELL_CYTOPLASM	0.22752214085750178			
GO_SNARE_COMPLEX	0.22750719334798947			
GO_MIRNA_LOADING_ONTO_RISC_INVOLVED_IN_GENE_SILENCING_BY_MIRNA	0.22750465495895741			
GO_GALACTOSIDASE_ACTIVITY	0.2275016046776384			
GSE17721_CTRL_VS_GARDIQUIMOD_4H_BMDC_UP	0.22749817236113365			
GO_POSITIVE_REGULATION_OF_TRANSFORMING_GROWTH_FACTOR_BETA_PRODUCTION	0.2274929166278152			
GSE8921_UNSTIM_0H_VS_TLR1_2_STIM_MONOCYTE_24H_UP	0.2274806739272522			
IPA_NFKB1_UP	0.22747897758104005			
AR_01	0.22747894093723547			
MIR376B_5P_MIR376C_5P	0.22747810838984606			
GO_DISTAL_TUBULE_DEVELOPMENT	0.22745936260973112			
GSE14350_TREG_VS_TEFF_DN	0.22744843135360165			
GO_TRANSFORMING_GROWTH_FACTOR_BETA3_PRODUCTION	0.22744386235641972			
GO_PHOSPHATIDYLINOSITOL_3_4_BISPHOSPHATE_BINDING	0.22744055135069052			
GO_PEPTIDASE_COMPLEX	0.22743694010917584			
GO_BRANCHIOMOTOR_NEURON_AXON_GUIDANCE	0.2273865020645881			
GO_DICARBOXYLIC_ACID_CATABOLIC_PROCESS	0.2273802610573382			
GO_POSITIVE_REGULATION_OF_GLUTAMATE_RECEPTOR_SIGNALING_PATHWAY	0.22737339369687654			
chr1q21	0.22736821592626483			
GO_GOLGI_TO_ENDOSOME_TRANSPORT	0.22734934460826578			
GSE3982_EOSINOPHIL_VS_EFF_MEMORY_CD4_TCELL_DN	0.22734222500068732			
KIM_BIPOLAR_DISORDER_OLIGODENDROCYTE_DENSITY_CORR_DN	0.22731045188269966			
GSE360_CTRL_VS_B_MALAYI_LOW_DOSE_MAC_UP	0.22730784147216532			
FONTAINE_FOLLICULAR_THYROID_ADENOMA_DN	0.22728944016041222			
GO_REGULATION_OF_RNA_POLYMERASE_II_TRANSCRIPTIONAL_PREINITIATION_COMPLEX_ASSEMBLY	0.2272815903205695			
GSE15139_GMCSF_TREATED_VS_UNTREATED_NEUTROPHILS_UP	0.22727155522279316			
GO_POSITIVE_REGULATION_OF_MEMBRANE_PROTEIN_ECTODOMAIN_PROTEOLYSIS	0.2272712744895279			
GSE1432_CTRL_VS_IFNG_1H_MICROGLIA_UP	0.22726405052104448			
HOXA7_TARGET_GENES	0.22724121855916976			
IPA_FUS_DN	0.2272350121775543			
MIR6759_5P	0.2272246024467418			
GSE40068_BCL6_POS_VS_NEG_CXCR5_POS_TFH_UP	0.22722241486842398			
IPA_PPARGC1A_UP	0.2271965198693689			
GO_DELAMINATION	0.22719045898347476			
GO_POSITIVE_REGULATION_OF_COLLATERAL_SPROUTING	0.22718588523105132			
BOWIE_RESPONSE_TO_EXTRACELLULAR_MATRIX	0.22717441541021977			
IPA_NFATC4_UP	0.227151955761763			
GO_REGULATION_OF_PROTEIN_HETERODIMERIZATION_ACTIVITY	0.2271489532178406			
GSE2585_AIRE_KO_VS_WT_CD80_HIGH_MTEC_UP	0.22714702767298178			
TCGA_GLIOBLASTOMA_COPY_NUMBER_UP	0.22713585440336834			
GO_PROTEIN_LOCALIZATION_TO_PHOTORECEPTOR_OUTER_SEGMENT	0.22712034155086203			
GO_POSITIVE_REGULATION_OF_CARDIAC_VASCULAR_SMOOTH_MUSCLE_CELL_DIFFERENTIATION	0.2271076160317327			
GO_SEROTONIN_UPTAKE	0.22709378234588062			
BIOCARTA_RNA_PATHWAY	0.22707414022159336			
GO_NUCLEAR_HORMONE_RECEPTOR_BINDING	0.22707178406865192			
GO_SPERM_MOTILITY	0.2270706081328759			
HOSHIDA_LIVER_CANCER_SUBCLASS_S2	0.22705456747074315			
ZNF19_TARGET_GENES	0.22705216866328876			
GO_MAIN_AXON	0.22705118980160546			
GO_RESPONSE_TO_WATER_DEPRIVATION	0.22704245813531718			
GO_POSTSYNAPTIC_ACTIN_CYTOSKELETON	0.22704115847123862			
GO_EXTRACELLULAR_MATRIX_CONSTITUENT_CONFERRING_ELASTICITY	0.22703470512085705			
GO_POSITIVE_REGULATION_OF_MYELOID_CELL_APOPTOTIC_PROCESS	0.22701735983612675			
GO_GLYCEROPHOSPHOLIPID_CATABOLIC_PROCESS	0.22700842012957737			
GO_REGULATION_OF_NITRIC_OXIDE_SYNTHASE_ACTIVITY	0.22700720461276266			
MIR186_5P	0.2269960103266612			
GO_RETINOL_BINDING	0.22698421247132122			
GO_RADIAL_GLIAL_CELL_DIFFERENTIATION	0.22697857947926342			
TGATTTRY_GFI1_01	0.22697216339510093			
GSE3982_NEUTROPHIL_VS_TH2_DN	0.22696351418155009			
GO_REGULATION_OF_SYNAPTIC_VESICLE_PRIMING	0.2269578880944763			
MIR744_3P	0.22692966135758733			
GO_MELANOSOME_MEMBRANE	0.2269249266542528			
MIR3923	0.22691576651857417			
PID_AR_NONGENOMIC_PATHWAY	0.22691396788724413			
REACTOME_REGULATION_OF_GENE_EXPRESSION_BY_HYPOXIA_INDUCIBLE_FACTOR	0.22691368330361802			
GO_CASPASE_BINDING	0.2269056536762509			
REACTOME_RIP_MEDIATED_NFKB_ACTIVATION_VIA_ZBP1	0.22689955190872646			
MIR649	0.22688918907184397			
GO_MACROLIDE_BINDING	0.2268871299112425			
GO_CELL_RECOGNITION	0.22687009890402135			
GO_PYRIDINE_CONTAINING_COMPOUND_METABOLIC_PROCESS	0.22686972557349444			
GO_RESPONSE_TO_HEPATOCYTE_GROWTH_FACTOR	0.22686954231646378			
GO_INTRAMOLECULAR_TRANSFERASE_ACTIVITY_PHOSPHOTRANSFERASES	0.22685031713724932			
GO_REGULATION_OF_RECEPTOR_LOCALIZATION_TO_SYNAPSE	0.2268248217825539			
GO_FOLATE_TRANSMEMBRANE_TRANSPORT	0.22682343738911065			
GO_ALDITOL_BIOSYNTHETIC_PROCESS	0.2268165155187025			
GO_LACTATE_METABOLIC_PROCESS	0.22681453081202838			
GO_NEGATIVE_REGULATION_OF_RETINOIC_ACID_RECEPTOR_SIGNALING_PATHWAY	0.22680945371020214			
GO_PROTEIN_SERINE_THREONINE_TYROSINE_KINASE_ACTIVITY	0.22676968109772253			
YAATNANRNNNCAG_UNKNOWN	0.2267663356464156			
MIR4646_5P	0.2267581264278294			
MIR4440	0.22675556863236568			
GO_BONE_REMODELING	0.2267513399478954			
REACTOME_INTERFERON_ALPHA_BETA_SIGNALING	0.22674233774940014			
IL21_UP.V1_UP	0.22673550510367313			
IPA_MAFG_UP	0.2267136478528342			
GO_ORGANIC_ACID_SODIUM_SYMPORTER_ACTIVITY	0.2267073747194785			
GO_INNER_DYNEIN_ARM_ASSEMBLY	0.22669166389825937			
MIR325	0.22668285705698893			
GO_CXCR3_CHEMOKINE_RECEPTOR_BINDING	0.22668282591618963			
GO_EGO_COMPLEX	0.2266690731383866			
GSE1448_ANTI_VALPHA2_VS_VBETA5_DP_THYMOCYTE_UP	0.22666374423769697			
GO_CELLULAR_GLUCAN_METABOLIC_PROCESS	0.22664325952397865			
chr2q12	0.22663431809091772			
GO_NEGATIVE_REGULATION_OF_DENDRITIC_SPINE_MORPHOGENESIS	0.22663359574269576			
GO_NEURON_FATE_SPECIFICATION	0.22661674499468312			
GARGALOVIC_RESPONSE_TO_OXIDIZED_PHOSPHOLIPIDS_RED_UP	0.22661284033840567			
GO_NEURON_PROJECTION_MAINTENANCE	0.22661070916954218			
GO_PHOSPHOLIPID_HOMEOSTASIS	0.2265971711596153			
GSE22935_WT_VS_MYD88_KO_MACROPHAGE_12H_MBOVIS_BCG_STIM_DN	0.22659429408510676			
GO_PLATELET_DENSE_GRANULE	0.22658623419879925			
GO_ESTROGEN_RECEPTOR_BINDING	0.22657921938050538			
EPPERT_HSC_R	0.2265613302607595			
YANG_BREAST_CANCER_ESR1_LASER_UP	0.22656130824955603			
chr9p23	0.2265449039358646			
NIKOLSKY_BREAST_CANCER_8Q23_Q24_AMPLICON	0.22653141396625706			
GO_SULFUR_COMPOUND_BIOSYNTHETIC_PROCESS	0.22653093452290263			
GSE26343_UNSTIM_VS_LPS_STIM_MACROPHAGE_UP	0.2265106718838591			
GO_POSITIVE_REGULATION_OF_ADENYLATE_CYCLASE_ACTIVITY	0.22649964742925927			
CHAUHAN_RESPONSE_TO_METHOXYESTRADIOL_UP	0.22649525665226206			
REACTOME_TP53_REGULATES_TRANSCRIPTION_OF_GENES_INVOLVED_IN_G2_CELL_CYCLE_ARREST	0.22648850691982786			
GO_OMEGA_HYDROXYLASE_P450_PATHWAY	0.2264708655812875			
GO_PROTEIN_SULFATION	0.226461757285554			
GSE17721_0.5H_VS_8H_CPG_BMDC_DN	0.22646028417691716			
GSE46606_IRF4HIGH_VS_IRF4MID_CD40L_IL2_IL5_DAY1_STIMULATED_BCELL_DN	0.2264579213339877			
IPA_AHRR_UP	0.22645542571951938			
ZHANG_RESPONSE_TO_IKK_INHIBITOR_AND_TNF_DN	0.22644749243063192			
XU_RESPONSE_TO_TRETINOIN_AND_NSC682994_UP	0.22644078307505974			
GO_NEGATIVE_REGULATION_OF_PROTEIN_SERINE_THREONINE_KINASE_ACTIVITY	0.22643305138964134			
KEGG_TAURINE_AND_HYPOTAURINE_METABOLISM	0.22642845701350128			
REACTOME_NEGATIVE_REGULATION_OF_THE_PI3K_AKT_NETWORK	0.22642525509700343			
IPA_SALL4_UP	0.22642435328721713			
IPA_ID3_UP	0.22642224463088292			
REACTOME_ESTROGEN_DEPENDENT_GENE_EXPRESSION	0.22641478055799866			
GO_OUTER_EAR_MORPHOGENESIS	0.22638628939127065			
GO_INORGANIC_PHOSPHATE_TRANSMEMBRANE_TRANSPORTER_ACTIVITY	0.22637613847564048			
GO_REGULATION_OF_MEMBRANE_REPOLARIZATION_DURING_VENTRICULAR_CARDIAC_MUSCLE_CELL_ACTION_POTENTIAL	0.22636266731455057			
GO_REGULATION_OF_TRANSFERASE_ACTIVITY	0.22636017003935632			
GO_NEGATIVE_REGULATION_OF_INTRINSIC_APOPTOTIC_SIGNALING_PATHWAY_BY_P53_CLASS_MEDIATOR	0.22635595648666693			
REACTOME_IRAK2_MEDIATED_ACTIVATION_OF_TAK1_COMPLEX	0.2263421271793966			
MIKKELSEN_ES_ICP_WITH_H3K4ME3_AND_H3K27ME3	0.22634096691577937			
GO_PI_BODY	0.22633547014923966			
IPA_NR2F2_DN	0.22631696234038337			
GO_GLUTATHIONE_TRANSFERASE_ACTIVITY	0.22630859372230178			
GO_GLUTATHIONE_DERIVATIVE_METABOLIC_PROCESS	0.22630546984612337			
MIR7855_5P	0.22630446714422933			
MIR6881_3P	0.22629453806339409			
GO_REGULATION_OF_LOCOMOTION_INVOLVED_IN_LOCOMOTORY_BEHAVIOR	0.22628920650284595			
GO_AMINOACYL_TRNA_EDITING_ACTIVITY	0.22628876697345296			
GO_AMINOACYL_TRNA_METABOLISM_INVOLVED_IN_TRANSLATIONAL_FIDELITY	0.22628876697345296			
MIR143_3P_MIR4770	0.2262834927477977			
GO_NEGATIVE_REGULATION_OF_ACTIVATED_T_CELL_PROLIFERATION	0.2262811164589484			
IPA_RNF2_DN	0.22628010889790354			
KEGG_MATURITY_ONSET_DIABETES_OF_THE_YOUNG	0.22625848043123503			
MIR3187_5P	0.22624272402425138			
MIR3682_5P	0.22624169204755254			
DAVICIONI_TARGETS_OF_PAX_FOXO1_FUSIONS_DN	0.22621975979795542			
GSE32423_MEMORY_VS_NAIVE_CD8_TCELL_IL7_IL4_UP	0.22621881805309765			
GO_POST_EMBRYONIC_DEVELOPMENT	0.22621195148674192			
GO_CALCIUM_DEPENDENT_PHOSPHOLIPASE_A2_ACTIVITY	0.22621140797992895			
GSE15750_WT_VS_TRAF6KO_DAY6_EFF_CD8_TCELL_DN	0.22621083006252138			
IPA_GSX2_UP	0.22619940815240397			
chr10q22	0.2261914100248117			
MIR6729_3P	0.22618917111105633			
GYORFFY_MITOXANTRONE_RESISTANCE	0.2261856306746634			
GO_POSITIVE_REGULATION_OF_ALCOHOL_BIOSYNTHETIC_PROCESS	0.22618370317208442			
GO_PROTEIN_CARBOXYL_O_METHYLTRANSFERASE_ACTIVITY	0.22616227920109241			
PELLICCIOTTA_HDAC_IN_ANTIGEN_PRESENTATION_DN	0.22615811212140158			
GSE4984_UNTREATED_VS_LPS_TREATED_DC_UP	0.22613653599516756			
LE_NEURONAL_DIFFERENTIATION_UP	0.22612874617543383			
GO_REGULATION_OF_NUCLEOBASE_CONTAINING_COMPOUND_TRANSPORT	0.22612491235520205			
GO_FATTY_ACID_SYNTHASE_ACTIVITY	0.22611559655884275			
GO_AGGRESOME	0.22610296787707712			
GSE12392_CD8A_POS_VS_NEG_SPLEEN_IFNB_KO_DC_DN	0.22610286637538268			
GO_INTRINSIC_COMPONENT_OF_PLASMA_MEMBRANE	0.22609303360867886			
GO_LEUKOTRIENE_METABOLIC_PROCESS	0.22608958972928003			
PID_VEGF_VEGFR_PATHWAY	0.2260741523484141			
GO_ASPARTATE_TRANSMEMBRANE_TRANSPORT	0.22606764278436886			
MIR599	0.2260645631609333			
GSE43955_1H_VS_20H_ACT_CD4_TCELL_DN	0.22606067651315626			
WEI_MYCN_TARGETS_WITH_E_BOX	0.22604957485264474			
GO_APOPTOTIC_CELL_CLEARANCE	0.226035261293527			
MIR6811_3P	0.22602973688998368			
WIEMANN_TELOMERE_SHORTENING_AND_CHRONIC_LIVER_DAMAGE_UP	0.2260297360602289			
IPA_RFX3_UP	0.22602593610906782			
GSE14908_ATOPIC_VS_NONATOPIC_PATIENT_RESTING_CD4_TCELL_DN	0.2260246659474535			
MYOD_01	0.22602169375163952			
MIR1245B_5P	0.226010861145406			
GO_REGULATION_OF_PEPTIDYL_THREONINE_PHOSPHORYLATION	0.22600992718521828			
GSE5542_UNTREATED_VS_IFNG_TREATED_EPITHELIAL_CELLS_24H_UP	0.225998742100448			
MIR548T_5P	0.22598940341346524			
KRAS.LUNG_UP.V1_DN	0.22598101825149444			
GO_NEGATIVE_REGULATION_OF_EPIDERMAL_CELL_DIFFERENTIATION	0.22597836125472662			
REACTOME_MAPK1_ERK2_ACTIVATION	0.22597477241217975			
LEE_LIVER_CANCER_CIPROFIBRATE_DN	0.22597266437542224			
MIR5009_3P	0.22596871082835934			
GO_DRUG_TRANSMEMBRANE_TRANSPORT	0.2259662185326186			
GO_PROTEIN_LOCALIZATION_TO_ENDOPLASMIC_RETICULUM_EXIT_SITE	0.22596501090095517			
GO_POSITIVE_REGULATION_OF_PROTEIN_MATURATION	0.22596028648233787			
GO_PARALLEL_FIBER_TO_PURKINJE_CELL_SYNAPSE	0.22596022915043815			
GO_POSITIVE_REGULATION_OF_DNA_DAMAGE_RESPONSE_SIGNAL_TRANSDUCTION_BY_P53_CLASS_MEDIATOR	0.2259575189255375			
IPA_TFE3_DN	0.22594577501674457			
GSE26669_CD4_VS_CD8_TCELL_IN_MLR_UP	0.2259384881018592			
MIR133A_3P_MIR133B	0.22593173247846302			
GO_NEGATIVE_REGULATION_OF_ACTIN_FILAMENT_BUNDLE_ASSEMBLY	0.22592120342907168			
STAT5B_01	0.2258893543117344			
MIR6888_5P	0.22588724125907003			
GO_RESPONSE_TO_MURAMYL_DIPEPTIDE	0.2258684141409399			
FIGUEROA_AML_METHYLATION_CLUSTER_7_UP	0.22586008123858697			
GSE27092_WT_VS_HDAC7_PHOSPHO_DEFICIENT_CD8_TCELL_DN	0.22584673916016434			
GO_NEGATIVE_REGULATION_OF_NIK_NF_KAPPAB_SIGNALING	0.22583510923966005			
GSE5542_IFNG_VS_IFNA_AND_IFNG_TREATED_EPITHELIAL_CELLS_24H_DN	0.2258350419253189			
PID_HIF1A_PATHWAY	0.22583011256429567			
GO_ARACHIDONIC_ACID_SECRETION	0.2258148358821125			
GSE18791_UNSTIM_VS_NEWCATSLE_VIRUS_DC_6H_DN	0.22579997541796568			
MIR377_3P	0.225791055526212			
GO_CYTOSOLIC_PROTEASOME_COMPLEX	0.2257867308897018			
GO_NEGATIVE_REGULATION_OF_INTRINSIC_APOPTOTIC_SIGNALING_PATHWAY_IN_RESPONSE_TO_DNA_DAMAGE	0.22578654181548116			
GO_VESICLE_FUSION_WITH_ENDOPLASMIC_RETICULUM_GOLGI_INTERMEDIATE_COMPARTMENT_ERGIC_MEMBRANE	0.2257828734061692			
GSE24210_IL35_TREATED_VS_RESTING_TREG_UP	0.22578013913772232			
GO_COAGULATION	0.22577742674602191			
MIR6832_5P	0.22576994466758643			
GO_CHOLINERGIC_SYNAPSE	0.22576811664781676			
GO_OXIDOREDUCTASE_ACTIVITY_ACTING_ON_THE_CH_NH2_GROUP_OF_DONORS	0.22576632481981737			
GO_INTRINSIC_APOPTOTIC_SIGNALING_PATHWAY_IN_RESPONSE_TO_DNA_DAMAGE	0.22574823262382138			
MIR4539	0.2257271609682223			
MIR494_5P	0.2257214802100088			
GO_RIBONUCLEASE_P_COMPLEX	0.2257191364966902			
GO_REGULATION_OF_MEIOTIC_NUCLEAR_DIVISION	0.2257136301911363			
IPA_NRL_UP	0.22569393348953223			
REACTOME_SYNTHESIS_OF_BILE_ACIDS_AND_BILE_SALTS_VIA_27_HYDROXYCHOLESTEROL	0.225690461443535			
MIR376A_2_5P	0.22566772931557622			
GTGTGAG_MIR342	0.22566149197224045			
GO_SERINE_TYPE_EXOPEPTIDASE_ACTIVITY	0.22565956029954207			
MIR662	0.22565443069946767			
GO_3_HYDROXYACYL_COA_DEHYDROGENASE_ACTIVITY	0.22563662903835108			
GSE23321_CD8_STEM_CELL_MEMORY_VS_EFFECTOR_MEMORY_CD8_TCELL_DN	0.22563467237268595			
GO_METANEPHRIC_TUBULE_MORPHOGENESIS	0.22561373312837033			
USF_01	0.22560738744694683			
GO_METANEPHRIC_TUBULE_FORMATION	0.2255926336153231			
GO_BETA_TUBULIN_BINDING	0.22558659676729026			
BIOCARTA_PLCD_PATHWAY	0.22557654671116664			
REACTOME_NEGATIVE_REGULATION_OF_NMDA_RECEPTOR_MEDIATED_NEURONAL_TRANSMISSION	0.22557307827927806			
GSE13411_NAIVE_VS_IGM_MEMORY_BCELL_DN	0.22557178507309741			
GO_POSITIVE_REGULATION_OF_CARBOHYDRATE_METABOLIC_PROCESS	0.22556811633646706			
GSE44955_MCSF_VS_MCSF_AND_IL27_STIM_MACROPHAGE_DN	0.2255591550677799			
GO_SPHINGOMYELIN_CATABOLIC_PROCESS	0.22555045768226806			
MIR6838_3P	0.22554555628883852			
MIR604	0.22554340815192578			
REACTOME_RHO_GTPASE_EFFECTORS	0.22551859538490407			
GO_NITRIC_OXIDE_SYNTHASE_BINDING	0.2255166919644295			
JAERVINEN_AMPLIFIED_IN_LARYNGEAL_CANCER	0.22551261452704616			
RAO_BOUND_BY_SALL4_ISOFORM_A	0.22550732836402745			
IPA_NR5A2_DN	0.22550148571580655			
GO_UBIQUITIN_DEPENDENT_PROTEIN_CATABOLIC_PROCESS_VIA_THE_MULTIVESICULAR_BODY_SORTING_PATHWAY	0.225487747726647			
STAT_01	0.22547485264101058			
GO_REGULATION_OF_MYOBLAST_FUSION	0.22547391317673637			
GO_CERAMIDE_BINDING	0.2254727398453066			
MIR3935	0.22545868276866293			
GSE1566_WT_VS_EZH2_KO_LN_TCELL_UP	0.22545659845213795			
GO_TRANSLATION_ELONGATION_FACTOR_ACTIVITY	0.2254561032734071			
KRAS.PROSTATE_UP.V1_DN	0.22545015548413802			
MIR4291	0.22544544915538728			
GSE2770_TGFB_AND_IL4_VS_TGFB_AND_IL12_TREATED_ACT_CD4_TCELL_2H_DN	0.22544409985399433			
IPA_NKX3-2_UP	0.22543812521185738			
GO_PEPTIDYL_PROLINE_MODIFICATION	0.22543067355434748			
GO_TRANSCRIPTION_COREPRESSOR_BINDING	0.22542938246219707			
GO_OXIDOREDUCTION_COENZYME_METABOLIC_PROCESS	0.22542816014789704			
GO_PULMONARY_VALVE_DEVELOPMENT	0.22539733026870667			
GO_POSTSYNAPTIC_CYTOSOL	0.22539521107504706			
GO_IODIDE_TRANSPORT	0.22539320926015483			
GO_PIGMENT_GRANULE_ORGANIZATION	0.22539283887905456			
ELVIDGE_HYPOXIA_DN	0.2253909729926103			
GO_POSITIVE_REGULATION_OF_HUMORAL_IMMUNE_RESPONSE	0.2253903153790069			
GO_POSITIVE_REGULATION_OF_HISTONE_DEACETYLASE_ACTIVITY	0.22537668185452636			
GSE19888_ADENOSINE_A3R_INH_VS_INH_PRETREAT_AND_ACT_WITH_TCELL_MEMBRANES_MAST_CELL_UP	0.22534384675469535			
MIR410_5P	0.2253390240457452			
ZNF300_TARGET_GENES	0.22531297356243732			
GSE5589_WT_VS_IL6_KO_LPS_STIM_MACROPHAGE_45MIN_UP	0.2253092329822076			
GSE36078_WT_VS_IL1R_KO_LUNG_DC_AFTER_AD5_INF_DN	0.22529120773938985			
GO_NUCLEAR_ENVELOPE_LUMEN	0.22527738766518335			
GSE12198_CTRL_VS_HIGH_IL2_STIM_NK_CELL_UP	0.2252770124029666			
REACTOME_CLEC7A_DECTIN_1_SIGNALING	0.22527310957551364			
GO_OXIDOREDUCTASE_ACTIVITY_ACTING_ON_A_HEME_GROUP_OF_DONORS	0.22526756025011208			
GO_PROTEIN_DEPHOSPHORYLATION	0.22522443036102943			
GO_REGULATION_OF_REPRODUCTIVE_PROCESS	0.22521852699934555			
GO_ORGANELLE_INHERITANCE	0.2252061993547038			
REACTOME_SODIUM_CALCIUM_EXCHANGERS	0.22520053302322673			
IPA_ELF2_DN	0.22518898057333306			
GO_VENTRICULAR_TRABECULA_MYOCARDIUM_MORPHOGENESIS	0.22518376392517908			
MIR2355_3P	0.22518145164078326			
KEGG_LINOLEIC_ACID_METABOLISM	0.22517407975645826			
MIR3157_3P	0.22517264286786515			
GSE29164_CD8_TCELL_VS_CD8_TCELL_AND_IL12_TREATED_MELANOMA_DAY7_DN	0.22517180256082145			
GSE42021_TREG_PLN_VS_CD24LO_TREG_THYMUS_UP	0.2251635885454377			
PID_RAC1_PATHWAY	0.22514608681218526			
MIR31_3P	0.22513799070880508			
chr1p21	0.22513317623417728			
GO_POTASSIUM_ION_IMPORT_ACROSS_PLASMA_MEMBRANE	0.22512188633766023			
GSE44649_NAIVE_VS_ACTIVATED_CD8_TCELL_MIR155_KO_UP	0.22510789620708194			
REACTOME_ASSEMBLY_AND_CELL_SURFACE_PRESENTATION_OF_NMDA_RECEPTORS	0.2250915403874463			
MIR10393_3P	0.22509076344823006			
GO_NUCLEOTIDE_SALVAGE	0.22508713986745124			
RICKMAN_HEAD_AND_NECK_CANCER_D	0.22508624002767505			
GO_RESPONSE_TO_GLYCOPROTEIN	0.2250855037708073			
GO_POSITIVE_REGULATION_OF_PRODUCTION_OF_MIRNAS_INVOLVED_IN_GENE_SILENCING_BY_MIRNA	0.22506336453718778			
IPA_GLIS1_UP	0.22506330650666098			
MIR892C_5P	0.2250629465576376			
MIR7_5P	0.22506259718115898			
MULLIGHAN_NPM1_MUTATED_SIGNATURE_1_DN	0.2250277413333709			
GO_POSITIVE_REGULATION_OF_SMALL_MOLECULE_METABOLIC_PROCESS	0.2249897919100213			
REACTOME_PINK_PARKIN_MEDIATED_MITOPHAGY	0.22498793104541137			
MIR4284	0.22498256723607182			
REACTOME_P75NTR_REGULATES_AXONOGENESIS	0.2249757995374884			
PODAR_RESPONSE_TO_ADAPHOSTIN_DN	0.22497117917952714			
MIR411_5P	0.22497099678814184			
FUKUSHIMA_TNFSF11_TARGETS	0.22496322993441756			
GO_SKELETAL_MUSCLE_CELL_PROLIFERATION	0.22495615464534938			
GO_RETINAL_ROD_CELL_DIFFERENTIATION	0.22494915732697096			
GO_CHONDROITIN_SULFATE_BIOSYNTHETIC_PROCESS	0.22494106818607942			
USF2_Q6	0.224932365690444			
GO_POSITIVE_REGULATION_OF_TRANSPORTER_ACTIVITY	0.22492704384961873			
GO_CILIARY_BASAL_BODY_PLASMA_MEMBRANE_DOCKING	0.22492613492564023			
KORKOLA_SEMINOMA_UP	0.2249101427296678			
GO_SKELETAL_MUSCLE_SATELLITE_CELL_PROLIFERATION	0.22490192633741807			
GO_MEIOTIC_CYTOKINESIS	0.22489539805633482			
GO_FUCOSYLTRANSFERASE_ACTIVITY	0.22487702586373678			
GSE360_T_GONDII_VS_B_MALAYI_LOW_DOSE_MAC_DN	0.22487358410802613			
GSE23502_BM_VS_COLON_TUMOR_HDC_KO_MYELOID_DERIVED_SUPPRESSOR_CELL_DN	0.2248693436780922			
IPA_ATF2_UP	0.22484718023355982			
GO_REGULATION_OF_ALDOSTERONE_METABOLIC_PROCESS	0.22483342813404686			
GO_REGULATION_OF_THYROID_HORMONE_MEDIATED_SIGNALING_PATHWAY	0.22481557765378685			
KYNG_NORMAL_AGING_DN	0.2248015832055674			
GO_LEFT_RIGHT_PATTERN_FORMATION	0.22479263058118343			
GO_CYTOPLASM_ORGANIZATION	0.22478225653227077			
KEGG_GLIOMA	0.22477966169556138			
chr9q33	0.22477180331227192			
MIR532_5P	0.22476063410435904			
MIR6818_3P	0.22475957033439745			
GO_MESONEPHRIC_TUBULE_FORMATION	0.22473623067482926			
GSE26669_CTRL_VS_COSTIM_BLOCK_MLR_CD4_TCELL_UP	0.22472548489474956			
GO_PEPTIDYL_TYROSINE_MODIFICATION	0.22472123496107033			
GSE21670_TGFB_VS_IL6_TREATED_CD4_TCELL_DN	0.22471063017230458			
GSE17974_IL4_AND_ANTI_IL12_VS_UNTREATED_24H_ACT_CD4_TCELL_DN	0.22469932889209646			
GSE17721_CTRL_VS_CPG_0.5H_BMDC_UP	0.2246945658208816			
GO_NEGATIVE_REGULATION_OF_CELLULAR_SENESCENCE	0.2246864583176942			
GO_BLOOD_VESSEL_REMODELING	0.2246638892692654			
GO_COMPLEMENT_DEPENDENT_CYTOTOXICITY	0.2246618944868284			
GO_ISOPENTENYL_DIPHOSPHATE_BIOSYNTHETIC_PROCESS	0.2246573418338801			
GO_REFLEX	0.22465084709178787			
MIR103A_1_5P	0.2246457337406317			
GO_SPHERICAL_HIGH_DENSITY_LIPOPROTEIN_PARTICLE	0.22464382952214676			
IPA_CHAF1B_UP	0.22464356735864086			
IPA_ASF1B_UP	0.22464356735864086			
IPA_PRDM5_DN	0.22464356735864086			
IPA_E2F8_UP	0.22464356735864086			
REACTOME_REGULATION_OF_HSF1_MEDIATED_HEAT_SHOCK_RESPONSE	0.22464263732470605			
MIR1272	0.22463380567599794			
MIR483_5P	0.22462974450624995			
KEGG_GLUTATHIONE_METABOLISM	0.2246264985436491			
GO_LONG_TERM_SYNAPTIC_DEPRESSION	0.22462305161545162			
IPA_HIST1H1A_UP	0.22461615627969353			
GO_NEURAL_PLATE_MORPHOGENESIS	0.22460811898663216			
GO_SUBSTRATE_DEPENDENT_CEREBRAL_CORTEX_TANGENTIAL_MIGRATION	0.22459232784848518			
MIR4293	0.22458062187890732			
GSE2585_CD80_HIGH_VS_LOW_MTEC_UP	0.224580459366881			
MIR664B_3P	0.2245624555817966			
P53_DN.V1_DN	0.22456138277288026			
MIR6885_5P	0.22455669111000393			
REACTOME_BETA_CATENIN_INDEPENDENT_WNT_SIGNALING	0.22455666308762143			
GSE17186_CD21LOW_VS_CD21HIGH_TRANSITIONAL_BCELL_DN	0.22454847256519747			
GO_CELLULAR_RESPONSE_TO_PROSTAGLANDIN_E_STIMULUS	0.2245436425252863			
GO_THIOESTER_BIOSYNTHETIC_PROCESS	0.22454192883815144			
MIR7973	0.22453511935429663			
ZHAN_MULTIPLE_MYELOMA_CD1_VS_CD2_DN	0.2245309096571142			
GSE15659_TREG_VS_TCONV_DN	0.22452651842938923			
GO_RESPONSE_TO_L_PHENYLALANINE_DERIVATIVE	0.22451853936303956			
GO_PYRIMIDINE_RIBONUCLEOSIDE_MONOPHOSPHATE_METABOLIC_PROCESS	0.22451229000319511			
GO_CAMP_METABOLIC_PROCESS	0.2245114383161106			
MIR6822_3P	0.22448565477124124			
PEPPER_CHRONIC_LYMPHOCYTIC_LEUKEMIA_DN	0.22448357521372325			
GO_NEGATIVE_REGULATION_OF_T_CELL_APOPTOTIC_PROCESS	0.22447962664839907			
GO_PROTON_TRANSMEMBRANE_TRANSPORT	0.22447401786923643			
GO_GLOMERULAR_MESANGIAL_CELL_DIFFERENTIATION	0.224458779322704			
GO_TRANSMEMBRANE_RECEPTOR_PROTEIN_SERINE_THREONINE_KINASE_ACTIVITY	0.22445161743872308			
GO_GLUCOSAMINE_CONTAINING_COMPOUND_CATABOLIC_PROCESS	0.22444883933811935			
GO_RETINAL_BINDING	0.2244449582243591			
REACTOME_ACTIVATION_OF_RAC1_DOWNSTREAM_OF_NMDARS	0.2244379357269092			
GO_VITAMIN_D_BINDING	0.22443206452293424			
GO_PROTEASOME_CORE_COMPLEX_BETA_SUBUNIT_COMPLEX	0.22441888362236206			
chr12q13	0.22439807083059646			
GO_REGULATION_OF_VITAMIN_D_RECEPTOR_SIGNALING_PATHWAY	0.2243765756349527			
GO_GERM_CELL_NUCLEUS	0.22437213665484548			
BIOCARTA_KERATINOCYTE_PATHWAY	0.2243715291972361			
GO_IRON_SULFUR_CLUSTER_ASSEMBLY	0.2243713550737837			
GO_RENAL_WATER_TRANSPORT	0.22434160484142437			
GSE41176_UNSTIM_VS_ANTI_IGM_STIM_TAK1_KO_BCELL_1H_DN	0.2243409256391149			
MIR4490	0.22433808130961813			
chr20p12	0.22433330247928995			
MIR4715_3P	0.22432050195194336			
STAT5A_01	0.22431320699111787			
GO_REGULATION_OF_MEMBRANE_REPOLARIZATION_DURING_CARDIAC_MUSCLE_CELL_ACTION_POTENTIAL	0.22431225989215783			
PID_RETINOIC_ACID_PATHWAY	0.2243082194221903			
DING_LUNG_CANCER_EXPRESSION_BY_COPY_NUMBER	0.22429294511539363			
GSE360_DC_VS_MAC_DN	0.22429053316592582			
GO_PROTEIN_POLYUFMYLATION	0.2242853593485483			
GSE1791_CTRL_VS_NEUROMEDINU_IN_T_CELL_LINE_0.8H_DN	0.22427794955675007			
GO_T_HELPER_2_CELL_CYTOKINE_PRODUCTION	0.22426224137670334			
GO_MITOTIC_NUCLEAR_ENVELOPE_REASSEMBLY	0.22425855858182325			
MIR5087	0.2242532201095594			
IPA_TBX5_UP	0.2242528301463876			
REACTOME_NOTCH1_INTRACELLULAR_DOMAIN_REGULATES_TRANSCRIPTION	0.2242375687920068			
GSE5503_LIVER_DC_VS_PLN_DC_ACTIVATED_ALLOGENIC_TCELL_DN	0.224223157508562			
MIR579_3P	0.22422055885265807			
MIR3140_5P	0.22421231149309198			
JAATINEN_HEMATOPOIETIC_STEM_CELL_UP	0.22421072792899052			
REACTOME_SHC_MEDIATED_CASCADE_FGFR4	0.22420799489637036			
GO_REGULATION_OF_MESODERMAL_CELL_FATE_SPECIFICATION	0.22419828819274923			
GSE3982_EFF_MEMORY_VS_CENT_MEMORY_CD4_TCELL_DN	0.22418775415811526			
GSE5589_LPS_VS_LPS_AND_IL10_STIM_IL10_KO_MACROPHAGE_180MIN_DN	0.22418275655266395			
MEISSNER_ES_ICP_WITH_H3K4ME3	0.22416657403841225			
GO_TROPONIN_I_BINDING	0.2241624678283053			
PID_S1P_S1P3_PATHWAY	0.22415123904982362			
GSE37301_LYMPHOID_PRIMED_MPP_VS_RAG2_KO_NK_CELL_UP	0.22414716315500557			
ZF5_01	0.22413922182009377			
GO_POSITIVE_REGULATION_OF_PEPTIDYL_LYSINE_ACETYLATION	0.22413128885599828			
GO_NEGATIVE_REGULATION_OF_CATION_CHANNEL_ACTIVITY	0.22411753483134306			
MIR8062	0.2241104303400016			
GO_PHENOL_CONTAINING_COMPOUND_METABOLIC_PROCESS	0.22409672939462125			
GO_SEQUENCE_SPECIFIC_MRNA_BINDING	0.22409560070142132			
GO_MUSCLE_FILAMENT_SLIDING	0.22409424928837482			
IPA_DNAJC1_UP	0.224085972350838			
GO_METHIONINE_METABOLIC_PROCESS	0.22408517984517132			
ZHAN_MULTIPLE_MYELOMA_MS_DN	0.22408277813184838			
REACTOME_CHONDROITIN_SULFATE_BIOSYNTHESIS	0.2240792089988391			
MIR6737_3P	0.22407742751324541			
GO_SELENIUM_COMPOUND_METABOLIC_PROCESS	0.22407220959781043			
GO_MORPHOGEN_ACTIVITY	0.22406512114363467			
XU_CREBBP_TARGETS_UP	0.22406213569234543			
WAKABAYASHI_ADIPOGENESIS_PPARG_BOUND_36HR	0.22406169265079529			
GO_VENTRICULAR_COMPACT_MYOCARDIUM_MORPHOGENESIS	0.22404301133317353			
GO_REGULATION_OF_PROTEIN_TARGETING	0.22404117678723195			
GALLUZZI_PREVENT_MITOCHONDIAL_PERMEABILIZATION	0.22403815496141			
IPA_HES2_UP	0.22403615463744958			
GO_TYROSINE_METABOLIC_PROCESS	0.22401704909238698			
HASLINGER_B_CLL_WITH_11Q23_DELETION	0.22401159601370807			
GO_CLATHRIN_DEPENDENT_ENDOCYTOSIS	0.2240114050080091			
GSE17721_CTRL_VS_CPG_4H_BMDC_DN	0.22400800860720255			
BENPORATH_CYCLING_GENES	0.2240028947959776			
HEIDENBLAD_AMPLICON_12P11_12_UP	0.2239871451886551			
REACTOME_REGULATION_OF_PLK1_ACTIVITY_AT_G2_M_TRANSITION	0.22398479689554596			
RAPA_EARLY_UP.V1_DN	0.2239717130777113			
GO_SOLUTE_CATION_ANTIPORTER_ACTIVITY	0.22396959932247967			
GSE14308_TH1_VS_NATURAL_TREG_UP	0.22394398156459383			
ZNF433_TARGET_GENES	0.22394138283058318			
GSE16385_UNTREATED_VS_12H_ROSIGLITAZONE_IFNG_TNF_TREATED_MACROPHAGE_DN	0.22393772803237297			
GO_POSITIVE_REGULATION_OF_PEPTIDE_HORMONE_SECRETION	0.22393197753674268			
MIR299_5P	0.2239249793492671			
GO_NON_MOTILE_CILIUM_ASSEMBLY	0.22391924927912332			
GO_CARDIOLIPIN_BINDING	0.22391366981021757			
GO_BONE_DEVELOPMENT	0.22390850651348748			
GO_ACROSOME_ASSEMBLY	0.22390646718044532			
RIGGI_EWING_SARCOMA_PROGENITOR_UP	0.22389750764560698			
GSE43955_TH0_VS_TGFB_IL6_TH17_ACT_CD4_TCELL_42H_DN	0.22389647189963066			
IPA_LRPPRC_UP	0.22388754928307353			
IPA_ZNF302_UP	0.22388754928307353			
GO_NEURON_INTRINSIC_APOPTOTIC_SIGNALING_PATHWAY_IN_RESPONSE_TO_OXIDATIVE_STRESS	0.22385646567214187			
KEGG_HUNTINGTONS_DISEASE	0.22384767651684898			
GO_TELOMERE_TETHERING_AT_NUCLEAR_PERIPHERY	0.2238100596673095			
GAUSSMANN_MLL_AF4_FUSION_TARGETS_D_UP	0.22379930537847573			
BIOCARTA_HSP27_PATHWAY	0.22379061604462402			
IPA_DOT1L_UP	0.22378638489619235			
GO_RAB_GUANYL_NUCLEOTIDE_EXCHANGE_FACTOR_ACTIVITY	0.22378100843627435			
GSE36078_UNTREATED_VS_AD5_INF_MOUSE_LUNG_DC_DN	0.2237808076905703			
REACTOME_ANTIGEN_PRESENTATION_FOLDING_ASSEMBLY_AND_PEPTIDE_LOADING_OF_CLASS_I_MHC	0.22377767515738775			
GO_NEGATIVE_REGULATION_OF_INTERLEUKIN_2_PRODUCTION	0.22376924054183076			
XU_AKT1_TARGETS_6HR	0.2237648021903307			
GSE41867_DAY6_VS_DAY8_LCMV_CLONE13_EFFECTOR_CD8_TCELL_UP	0.22376263876417882			
MIR4495	0.22375737568031107			
GO_PROTEIN_PHOSPHATASE_TYPE_1_COMPLEX	0.22375359290765004			
GSE12392_WT_VS_IFNB_KO_CD8A_POS_SPLEEN_DC_DN	0.22374733489031104			
GO_PANTOTHENATE_METABOLIC_PROCESS	0.2237273865179363			
GSE20484_MCSG_VS_CXCL4_MONOCYTE_DERIVED_MACROPHAGE_UP	0.22371161527199512			
REACTOME_ACTIVATION_OF_MATRIX_METALLOPROTEINASES	0.2236901569343195			
GO_CELL_ADHESION_MOLECULE_PRODUCTION	0.22367516244562077			
chr17p12	0.22367321302856374			
BIOCARTA_P38MAPK_PATHWAY	0.22366860349250575			
GO_NEGATIVE_REGULATION_OF_PROTEIN_EXPORT_FROM_NUCLEUS	0.22364426693752082			
MIR517_5P	0.2236263021008781			
GO_REGULATION_OF_METANEPHRIC_GLOMERULUS_DEVELOPMENT	0.22360927693167418			
IPA_CTR9_UP	0.2235999663893881			
GO_CATECHOLAMINE_BINDING	0.2235976616817199			
IPA_SFPQ_UP	0.22355912575205764			
REACTOME_NONCANONICAL_ACTIVATION_OF_NOTCH3	0.22354043800468945			
GO_DEPHOSPHORYLATION	0.22353720988134615			
MIR3975	0.2235267287672353			
GO_HISTONE_ACETYLTRANSFERASE_BINDING	0.22352442697283784			
GSE17721_POLYIC_VS_GARDIQUIMOD_8H_BMDC_DN	0.22350703925700113			
chr11q22	0.22349418366734441			
GSE3982_BASOPHIL_VS_TH1_DN	0.22346019155738625			
GSE19888_ADENOSINE_A3R_ACT_VS_A3R_ACT_WITH_A3R_INH_PRETREATMENT_IN_MAST_CELL_UP	0.22344443417765936			
STEARMAN_LUNG_CANCER_EARLY_VS_LATE_UP	0.2234411541833088			
GO_RESPONSE_TO_PH	0.2234371310696829			
GO_POSITIVE_REGULATION_OF_WNT_SIGNALING_PATHWAY_PLANAR_CELL_POLARITY_PATHWAY	0.2234309413668932			
GSE8835_CD4_VS_CD8_TCELL_CLL_PATIENT_DN	0.22342868200920832			
GO_PYRIDINE_NUCLEOTIDE_METABOLIC_PROCESS	0.22342579568311685			
GO_RHOMBOMERE_DEVELOPMENT	0.2234132345326382			
GAUSSMANN_MLL_AF4_FUSION_TARGETS_B_DN	0.22340917139596725			
SHEPARD_BMYB_TARGETS	0.2234026691715865			
DAZARD_UV_RESPONSE_CLUSTER_G1	0.2234018638215382			
GSE43955_1H_VS_20H_ACT_CD4_TCELL_UP	0.22339747562030446			
MIR6834_5P	0.22339162870986265			
GO_NEGATIVE_REGULATION_OF_HEXOKINASE_ACTIVITY	0.2233822420532097			
GSE17721_4_VS_24H_GARDIQUIMOD_BMDC_UP	0.22338014610014262			
GO_RETINA_HOMEOSTASIS	0.22337877796442956			
GO_REGULATION_OF_POTASSIUM_ION_TRANSMEMBRANE_TRANSPORT	0.22335432549436451			
IPA_YBX2_UP	0.22333895453726385			
MIR10522_5P	0.22333134935059334			
GO_CENTRIOLAR_SATELLITE	0.22332566568175274			
GSE17721_LPS_VS_CPG_16H_BMDC_UP	0.22330298818103853			
MIR2115_3P	0.22329724189619418			
GO_EXCITATORY_SYNAPSE_ASSEMBLY	0.22328693985244183			
GO_REGULATION_OF_CELLULAR_CARBOHYDRATE_METABOLIC_PROCESS	0.2232862279465169			
PID_S1P_S1P2_PATHWAY	0.22328262513358668			
GO_POSITIVE_REGULATION_OF_P38MAPK_CASCADE	0.22325592451530799			
MIR3973	0.22323717462555107			
GO_POLY_N_ACETYLLACTOSAMINE_METABOLIC_PROCESS	0.22321209292217176			
KRAS.LUNG_UP.V1_UP	0.22319471461840468			
MIR4750_3P	0.22319314651463928			
GO_PROTEIN_POLYUBIQUITINATION	0.22318884627490698			
GO_CARBOHYDRATE_HOMEOSTASIS	0.22318338782297886			
FIGUEROA_AML_METHYLATION_CLUSTER_6_UP	0.22317261530448004			
GO_PIGMENTATION	0.22316433862159835			
IPA_ZNF143_UP	0.22316074308112777			
WINNEPENNINCKX_MELANOMA_METASTASIS_DN	0.22315893278894897			
REACTOME_ATF6_ATF6_ALPHA_ACTIVATES_CHAPERONES	0.22313752415784377			
GAJATE_RESPONSE_TO_TRABECTEDIN_DN	0.223134399809651			
GSE22886_IGM_MEMORY_BCELL_VS_BLOOD_PLASMA_CELL_DN	0.22309781067242507			
GO_REGULATION_OF_PROSTAGLANDIN_SECRETION	0.22308447103681564			
GO_REGULATION_OF_ACROSOME_REACTION	0.2230786162757643			
IPA_FOXG1_DN	0.22306959047272054			
GSE15930_NAIVE_VS_72H_IN_VITRO_STIM_IFNAB_CD8_TCELL_DN	0.22305786859789314			
GO_NATA_COMPLEX	0.22305469352535867			
GO_CHOLESTEROL_STORAGE	0.223052312705186			
GSE14308_NAIVE_CD4_TCELL_VS_INDUCED_TREG_DN	0.22303666981352688			
STAT1_01	0.2230199688330746			
REACTOME_BETA_OXIDATION_OF_LAUROYL_COA_TO_DECANOYL_COA_COA	0.22301982676724988			
MIR6798_5P	0.22300354237803785			
MIR3185	0.2229970164013477			
REACTOME_ACTIVATION_OF_AMPK_DOWNSTREAM_OF_NMDARS	0.22299241625230964			
GO_TROPHOBLAST_GIANT_CELL_DIFFERENTIATION	0.22298302425925878			
GO_RESPONSE_TO_STIMULUS_INVOLVED_IN_REGULATION_OF_MUSCLE_ADAPTATION	0.22296292959003688			
GO_ORGANIC_HYDROXY_COMPOUND_BIOSYNTHETIC_PROCESS	0.22295010492393794			
NFY_01	0.22293679010511952			
GO_PRE_MRNA_INTRONIC_BINDING	0.22293441764037655			
GO_FATTY_ACID_ALPHA_OXIDATION	0.22292635880251765			
GO_MICROTUBULE_BUNDLE_FORMATION	0.22291802457259796			
GO_POSITIVE_REGULATION_OF_EPITHELIAL_CELL_PROLIFERATION_INVOLVED_IN_WOUND_HEALING	0.22291758157807112			
GO_OLIGOPEPTIDE_BINDING	0.2229079134454158			
IPA_HR_DN	0.22289358043256063			
GO_REGULATION_OF_ENDOTHELIAL_TUBE_MORPHOGENESIS	0.2228878595362018			
FINETTI_BREAST_CANCERS_KINOME_BLUE	0.22287113818308193			
GO_MONOSACCHARIDE_CATABOLIC_PROCESS	0.2228669532571133			
EINAV_INTERFERON_SIGNATURE_IN_CANCER	0.2228667926986684			
GO_BETA_2_MICROGLOBULIN_BINDING	0.22286397900402627			
REACTOME_SYNTHESIS_OF_15_EICOSATETRAENOIC_ACID_DERIVATIVES	0.2228458927401083			
MIR15B_3P	0.22284401140854593			
TTGGGAG_MIR150	0.22283350226257248			
MIR4711_5P	0.22282851651195137			
GO_CELLULAR_DIVALENT_INORGANIC_ANION_HOMEOSTASIS	0.2228176274586216			
GSE27786_CD4_TCELL_VS_MONO_MAC_DN	0.22281327325186043			
GSE7218_UNSTIM_VS_ANTIGEN_STIM_THROUGH_IGM_BCELL_UP	0.22278977833777083			
GO_DIRECT_OSSIFICATION	0.22277942793977226			
chr9p11	0.2227729215938672			
GO_REGULATION_OF_SKELETAL_MUSCLE_TISSUE_DEVELOPMENT	0.22277230426988504			
MIR7849_3P	0.22274896260722302			
GSE22886_NEUTROPHIL_VS_DC_DN	0.222747622637535			
GO_NEGATIVE_REGULATION_OF_ASTROCYTE_ACTIVATION	0.22274366706633786			
IPA_DLX3_UP	0.2227418300477459			
MIR147B_5P	0.22273811713995342			
MIR4252	0.22273041927584164			
BILD_E2F3_ONCOGENIC_SIGNATURE	0.22271161964142727			
REACTOME_SIGNAL_ATTENUATION	0.2226999205094973			
chr8q24	0.22267766724567775			
GO_REGULATION_OF_CARDIAC_MUSCLE_CELL_MEMBRANE_REPOLARIZATION	0.2226751539242586			
IPA_HOXA10_UP	0.22266823974059377			
IPA_FOSL1_DN	0.22266808598379959			
REACTOME_REGULATION_OF_RAS_BY_GAPS	0.22266710195765035			
CASTELLANO_HRAS_TARGETS_DN	0.22265438105102509			
BIOCARTA_NKCELLS_PATHWAY	0.2226495809807156			
RUVBL2_TARGET_GENES	0.22264600481884236			
GSE7460_WT_VS_FOXP3_HET_ACT_TCONV_UP	0.2226268826012103			
DYRK1A_TARGET_GENES	0.22261099449126043			
GNCF_01	0.2225897992699283			
GO_STRUCTURAL_CONSTITUENT_OF_SKIN_EPIDERMIS	0.22258565630987098			
GO_NEGATIVE_REGULATION_OF_T_CELL_PROLIFERATION	0.22257152986563325			
KDM1B_TARGET_GENES	0.2225671616327007			
ATAACCT_MIR154	0.22256170623016847			
BYSTRYKH_HEMATOPOIESIS_STEM_CELL_IL3RA	0.22255681178709225			
GO_ADENYLATE_CYCLASE_INHIBITING_DOPAMINE_RECEPTOR_SIGNALING_PATHWAY	0.22255448612208245			
GSE2585_THYMIC_MACROPHAGE_VS_MTEC_DN	0.2225460219854446			
REACTOME_FGFR3_LIGAND_BINDING_AND_ACTIVATION	0.22253081049806758			
PID_ILK_PATHWAY	0.22252665054242876			
GSE22886_NAIVE_CD4_TCELL_VS_48H_ACT_TH1_DN	0.22251486564082226			
GO_POSITIVE_REGULATION_OF_NEUROTRANSMITTER_SECRETION	0.22251104750005654			
MIR6735_3P	0.22250736847518035			
GO_POSITIVE_REGULATION_OF_HORMONE_SECRETION	0.22249589220074797			
GO_NEGATIVE_REGULATION_OF_GLIAL_CELL_DIFFERENTIATION	0.22248294851554448			
KEGG_BASAL_CELL_CARCINOMA	0.2224821703904171			
GSE8621_LPS_PRIMED_UNSTIM_VS_LPS_PRIMED_AND_LPS_STIM_MACROPHAGE_UP	0.2224810357113221			
GO_MICROTUBULE_MINUS_END_BINDING	0.2224789513409632			
GSE12198_LOW_IL2_STIM_NK_CELL_VS_HIGH_IL2_STIM_NK_CELL_DN	0.22247610825845715			
GO_CEREBRAL_CORTEX_NEURON_DIFFERENTIATION	0.22246306177595254			
RPA1_TARGET_GENES	0.2224548808338456			
GO_CAMP_DEPENDENT_PROTEIN_KINASE_INHIBITOR_ACTIVITY	0.22243379916099407			
TACAATC_MIR508	0.22242744492799985			
TTCYNRGAA_STAT5B_01	0.22242482787140638			
GO_POSITIVE_REGULATION_OF_CELL_SIZE	0.22242465182809046			
GO_LIPID_TRANSFER_ACTIVITY	0.22242280633044734			
GO_POSITIVE_REGULATION_OF_FATTY_ACID_TRANSPORT	0.22242206800716227			
REACTOME_STRIATED_MUSCLE_CONTRACTION	0.22241873794889058			
RYTGCNNRGNAAC_MIF1_01	0.22241228303549984			
GO_POSITIVE_REGULATION_OF_RESPONSE_TO_OXIDATIVE_STRESS	0.22240182467654276			
BOYLAN_MULTIPLE_MYELOMA_C_CLUSTER_DN	0.22239985265364717			
IPA_MYOG_UP	0.2223950600043918			
GSE17974_CTRL_VS_ACT_IL4_AND_ANTI_IL12_1H_CD4_TCELL_DN	0.22239245392499238			
GO_FACIT_COLLAGEN_TRIMER	0.22238307446843125			
chr7p11	0.22238230660045374			
MIR4478	0.2223797554161073			
REACTOME_REGULATION_OF_TLR_BY_ENDOGENOUS_LIGAND	0.2223786592368977			
MIR6818_5P	0.222363095973743			
GO_ENDOPLASMIC_RETICULUM_CHAPERONE_COMPLEX	0.2223619556740105			
IPA_HIST1H1T_DN	0.22235721702339264			
MALONEY_RESPONSE_TO_17AAG_DN	0.22235517108543948			
IPA_H2AFY_DN	0.22235410050783397			
GO_QUINONE_METABOLIC_PROCESS	0.22235386865770515			
GSE32034_UNTREATED_VS_ROSIGLIZATONE_TREATED_LY6C_LOW_MONOCYTE_DN	0.22235309612274795			
MIR6859_3P	0.22234773854070716			
IPA_MEOX2_DN	0.22234248103305873			
GO_REGULATION_OF_SYNAPTIC_TRANSMISSION_DOPAMINERGIC	0.22233984658412206			
GO_CGMP_BINDING	0.22233287536997645			
MIR6082	0.22233279440753081			
GO_RESPONSE_TO_FOLIC_ACID	0.22231865736360518			
BIOCARTA_MRP_PATHWAY	0.22230932731902467			
REACTOME_DNA_DAMAGE_REVERSAL	0.22230263175307546			
GO_SMOOTH_ENDOPLASMIC_RETICULUM_MEMBRANE	0.22228622971693682			
GSE23321_CENTRAL_MEMORY_VS_NAIVE_CD8_TCELL_DN	0.2222836097115664			
GO_SOMITE_ROSTRAL_CAUDAL_AXIS_SPECIFICATION	0.22226083735559968			
MIR9851_5P	0.22225745525939672			
IPA_ZIC3_DN	0.2222565184319274			
TCTGGAC_MIR198	0.2222563651745423			
GSE34156_UNTREATED_VS_24H_NOD2_AND_TLR1_TLR2_LIGAND_TREATED_MONOCYTE_DN	0.22225015523638972			
IPA_EHMT2_UP	0.22224075041573366			
MIR6779_3P	0.22224048032705562			
MIR7977	0.2222389447881172			
REACTOME_MTOR_SIGNALLING	0.22223323330199649			
HES4_TARGET_GENES	0.22223183219715892			
REACTOME_SIGNALING_BY_BMP	0.22222487801072816			
GSE39820_TGFBETA3_IL6_VS_TGFBETA3_IL6_IL23A_TREATED_CD4_TCELL_DN	0.22219764252315988			
REACTOME_PI3K_AKT_SIGNALING_IN_CANCER	0.22218815225256194			
GSE2770_TGFB_AND_IL4_ACT_VS_ACT_CD4_TCELL_2H_UP	0.2221788530304416			
PID_S1P_S1P1_PATHWAY	0.22217704973960894			
GO_APICAL_CORTEX	0.22216239109297423			
REACTOME_SYNTHESIS_OF_16_20_HYDROXYEICOSATETRAENOIC_ACIDS_HETE	0.22215729474152665			
GO_BERGMANN_GLIAL_CELL_DIFFERENTIATION	0.22215019542185435			
GO_NEGATIVE_REGULATION_OF_TUMOR_NECROSIS_FACTOR_SECRETION	0.22214999035146427			
IPA_FOXA3_UP	0.22214729291046614			
GO_REGULATION_OF_COFACTOR_METABOLIC_PROCESS	0.2221470260988013			
GO_REGULATION_OF_CELL_CYCLE	0.22212431056231283			
GO_EIF2ALPHA_PHOSPHORYLATION_IN_RESPONSE_TO_ENDOPLASMIC_RETICULUM_STRESS	0.22211137425838284			
LE_EGR2_TARGETS_UP	0.22210033484394656			
GSE10239_MEMORY_VS_KLRG1HIGH_EFF_CD8_TCELL_DN	0.22207506386824938			
MIR4453	0.2220683995399428			
GSE29614_DAY3_VS_DAY7_TIV_FLU_VACCINE_PBMC_UP	0.22206644851034113			
MIR548O_3P	0.22205919094545326			
GO_NEGATIVE_REGULATION_OF_AMINO_ACID_TRANSPORT	0.2220441672441538			
GO_MEMBRANE_DEPOLARIZATION_DURING_SA_NODE_CELL_ACTION_POTENTIAL	0.2220422900338934			
GO_REGULATION_OF_CAMP_DEPENDENT_PROTEIN_KINASE_ACTIVITY	0.22203957289244905			
GO_POSITIVE_REGULATION_OF_ERK1_AND_ERK2_CASCADE	0.22203663884297414			
GO_MITOCHONDRIAL_TRANSPORT	0.22201717896968132			
GSE360_L_MAJOR_VS_M_TUBERCULOSIS_DC_UP	0.222013047486917			
REACTOME_VITAMIN_D_CALCIFEROL_METABOLISM	0.22201289615053119			
GO_SPERM_EGG_RECOGNITION	0.22201014319324652			
GO_UNFOLDED_PROTEIN_BINDING	0.22200842896279868			
GO_FRUCTOSE_METABOLIC_PROCESS	0.2219936242620389			
GO_REGULATION_OF_CELLULAR_RESPONSE_TO_HEAT	0.22199314830390246			
GAZDA_DIAMOND_BLACKFAN_ANEMIA_ERYTHROID_UP	0.22197371114771744			
NEUROD2_TARGET_GENES	0.22196534703505152			
YAO_TEMPORAL_RESPONSE_TO_PROGESTERONE_CLUSTER_17	0.22195702660851724			
IPA_GATA4_DN	0.22194106496417634			
REACTOME_CLEC7A_DECTIN_1_INDUCES_NFAT_ACTIVATION	0.22190229016207894			
WHITFIELD_CELL_CYCLE_G2_M	0.22189079244472268			
REACTOME_PYRUVATE_METABOLISM_AND_CITRIC_ACID_TCA_CYCLE	0.22187978544517428			
MIR30C_1_3P	0.22186377993553408			
GSE3920_UNTREATED_VS_IFNA_TREATED_FIBROBLAST_UP	0.22186110988184168			
GO_VESICLE_TETHERING_COMPLEX	0.22185382957858593			
GSE12003_4D_VS_8D_CULTURE_BM_PROGENITOR_UP	0.22185146236057185			
GO_AUTOPHAGY_OF_PEROXISOME	0.22182591488879758			
GO_COBALT_ION_TRANSPORT	0.2218138537176167			
GO_NEGATIVE_REGULATION_OF_PLATELET_ACTIVATION	0.22181111699251999			
GO_ANTIBIOTIC_BIOSYNTHETIC_PROCESS	0.2217923414894248			
IPA_FOXJ1_UP	0.2217794624179436			
GO_MANNOSE_BINDING	0.22174103616617183			
GO_PROTEIN_STABILIZATION	0.22173274089149056			
GO_FRUCTOSE_TRANSMEMBRANE_TRANSPORT	0.22172870737261208			
IPA_FOXN1_UP	0.22172717714221427			
MIR122_5P	0.22172048195699806			
GO_ECTOPIC_GERM_CELL_PROGRAMMED_CELL_DEATH	0.22171842031690542			
GO_NEGATIVE_REGULATION_OF_INTERLEUKIN_5_PRODUCTION	0.22171801809598762			
GSE24210_TCONV_VS_TREG_UP	0.22170770956700694			
GO_ADULT_BEHAVIOR	0.22170009962006965			
GO_HISTONE_PHOSPHORYLATION	0.22169478939225665			
GO_ENDORIBONUCLEASE_ACTIVITY_PRODUCING_3_PHOSPHOMONOESTERS	0.22169193620198369			
GSE40274_CTRL_VS_LEF1_TRANSDUCED_ACTIVATED_CD4_TCELL_DN	0.2216766759997219			
GO_REGULATION_OF_HUMORAL_IMMUNE_RESPONSE	0.22166266938993034			
REACTOME_SIGNALING_BY_NOTCH1_PEST_DOMAIN_MUTANTS_IN_CANCER	0.22165569997280918			
GUO_TARGETS_OF_IRS1_AND_IRS2	0.22161671547645792			
GO_HYPOTHALAMUS_DEVELOPMENT	0.2216110901955258			
GO_REGULATION_OF_PEROXISOME_PROLIFERATOR_ACTIVATED_RECEPTOR_SIGNALING_PATHWAY	0.22161020306137202			
GO_GLUCOSAMINE_CONTAINING_COMPOUND_METABOLIC_PROCESS	0.22160685653118833			
GO_AMINO_ACID_BETAINE_TRANSPORT	0.2215995362203813			
GO_THYMOCYTE_MIGRATION	0.22159883258286223			
BOYAULT_LIVER_CANCER_SUBCLASS_G56_UP	0.2215937595229316			
GO_SIGNAL_TRANSDUCTION_INVOLVED_IN_REGULATION_OF_GENE_EXPRESSION	0.22158606723914948			
GO_NEGATIVE_REGULATION_OF_CELL_FATE_SPECIFICATION	0.2215823830685791			
YIH_RESPONSE_TO_ARSENITE_C2	0.22156888716247564			
IPA_RXRA_UP	0.22156284210053198			
GO_ADP_METABOLIC_PROCESS	0.2215571819472615			
MIR6846_5P	0.22152814460852113			
GO_RIBOSE_PHOSPHATE_BIOSYNTHETIC_PROCESS	0.22152450965545045			
chr1q25	0.22151566472158926			
YAATNRNNNYNATT_UNKNOWN	0.22151236530378			
GSE17721_4H_VS_24H_POLYIC_BMDC_UP	0.22151109307093106			
GO_POSITIVE_REGULATION_OF_VASCULAR_WOUND_HEALING	0.22151087581688808			
GO_OLIGOSACCHARIDE_METABOLIC_PROCESS	0.22150745086505877			
GO_AMIDE_BINDING	0.2215022610359663			
REACTOME_ACYL_CHAIN_REMODELLING_OF_PS	0.22149815846851043			
GSE43863_NAIVE_VS_LY6C_LOW_CXCR5NEG_CD4_EFF_TCELL_D6_LCMV_UP	0.22149144078864264			
GO_REGULATION_OF_ENAMEL_MINERALIZATION	0.22145678460840695			
SMID_BREAST_CANCER_RELAPSE_IN_LUNG_DN	0.2214549780283154			
LEE_LIVER_CANCER_SURVIVAL_UP	0.22144145334871412			
MIR4645_3P	0.22142080203064873			
GO_METANEPHRIC_PART_OF_URETERIC_BUD_DEVELOPMENT	0.22141653378648218			
BIOCARTA_SALMONELLA_PATHWAY	0.22141645095598222			
GSE37533_PPARG2_FOXP3_VS_FOXP3_TRANSDUCED_CD4_TCELL_PIOGLITAZONE_TREATED_DN	0.2214078534121288			
GO_INTRINSIC_APOPTOTIC_SIGNALING_PATHWAY_IN_RESPONSE_TO_DNA_DAMAGE_BY_P53_CLASS_MEDIATOR	0.22139763589595926			
GO_MODIFICATION_OF_MORPHOLOGY_OR_PHYSIOLOGY_OF_OTHER_ORGANISM_INVOLVED_IN_SYMBIOTIC_INTERACTION	0.22139534197985322			
GSE411_WT_VS_SOCS3_KO_MACROPHAGE_IL6_STIM_100MIN_UP	0.22139378838835425			
GO_LATE_ENDOSOME_TO_VACUOLE_TRANSPORT_VIA_MULTIVESICULAR_BODY_SORTING_PATHWAY	0.22138985543085382			
GO_TRICUSPID_VALVE_DEVELOPMENT	0.22138549739994778			
GO_LOBAR_BRONCHUS_EPITHELIUM_DEVELOPMENT	0.22138205181420728			
GO_GLOMERULAR_MESANGIAL_CELL_PROLIFERATION	0.2213526366773191			
GO_NEPHRIC_DUCT_FORMATION	0.22135144680788815			
GO_OVULATION_CYCLE	0.22134910561263357			
GO_VITAMIN_D_RECEPTOR_SIGNALING_PATHWAY	0.22134494286869585			
MIR6790_3P	0.22133854169926928			
TESAR_ALK_TARGETS_HUMAN_ES_5D_UP	0.22133770356268365			
GO_MITOCHONDRIAL_ALPHA_KETOGLUTARATE_DEHYDROGENASE_COMPLEX	0.22133558476148935			
GO_REGULATION_OF_T_HELPER_2_CELL_CYTOKINE_PRODUCTION	0.22133382613905703			
GO_INTRACELLULAR_MRNA_LOCALIZATION	0.2213280126022891			
FOXC1_TARGET_GENES	0.2213228379186401			
chr15q15	0.2213149046903559			
GO_LUNG_SECRETORY_CELL_DIFFERENTIATION	0.22131197782212464			
GSE14308_TH1_VS_INDUCED_TREG_DN	0.22131182231038204			
OUILLETTE_CLL_13Q14_DELETION_DN	0.22129715007922734			
MOOTHA_ROS	0.2212914778742365			
LEE_CALORIE_RESTRICTION_NEOCORTEX_DN	0.22129096912756954			
MIR1909_3P	0.2212805893378916			
BIOCARTA_INFLAM_PATHWAY	0.2212668639677604			
REACTOME_DERMATAN_SULFATE_BIOSYNTHESIS	0.22125684395008383			
GSE29618_PRE_VS_DAY7_FLU_VACCINE_MONOCYTE_UP	0.22125123159265425			
MIR548AZ_5P	0.22124233065614396			
GSE37416_CTRL_VS_12H_F_TULARENSIS_LVS_NEUTROPHIL_DN	0.2212308337977959			
GO_CLATHRIN_COMPLEX	0.22121773005188444			
IPA_IGFBP1_DN	0.22121096425108863			
REACTOME_CASPASE_ACTIVATION_VIA_EXTRINSIC_APOPTOTIC_SIGNALLING_PATHWAY	0.22120768505140267			
ZHOU_PANCREATIC_BETA_CELL	0.2212060469289101			
GO_HIS_PURKINJE_SYSTEM_DEVELOPMENT	0.2211994553778119			
WEST_ADRENOCORTICAL_TUMOR_UP	0.22117844154105154			
KEGG_WNT_SIGNALING_PATHWAY	0.22117629518681806			
MIR6889_5P	0.22116913474121805			
MEISSNER_BRAIN_HCP_WITH_H3K4ME2_AND_H3K27ME3	0.22115831485888407			
GO_PROTEIN_INSERTION_INTO_MITOCHONDRIAL_MEMBRANE_INVOLVED_IN_APOPTOTIC_SIGNALING_PATHWAY	0.22115434042133175			
CHASSOT_SKIN_WOUND	0.221131510019086			
GSE3720_UNSTIM_VS_PMA_STIM_VD2_GAMMADELTA_TCELL_DN	0.2211242377707359			
chr7p14	0.22112135915751877			
REACTOME_DIGESTION	0.22110627952626005			
IPA_CHD7_UP	0.2210997371212327			
GSE22886_NAIVE_VS_IGM_MEMORY_BCELL_UP	0.22107900725539278			
GO_ESTROUS_CYCLE	0.22105595956605578			
PBX1_02	0.22104328869697515			
MIR361_3P	0.22101282380545076			
MIR320A_5P	0.2209837593254607			
GO_URETERIC_BUD_FORMATION	0.22096235562229913			
GO_SIGNAL_SEQUENCE_BINDING	0.22094646778052066			
GSE17721_POLYIC_VS_CPG_4H_BMDC_DN	0.22092931965843068			
GSE12507_PDC_CELL_LINE_VS_IMMATUE_T_CELL_LINE_DN	0.22092213465777483			
GO_OVULATION	0.22091606859370225			
CHESLER_BRAIN_D6MIT150_QTL_TRANS	0.22091195323558785			
chr2q23	0.22090533824038158			
KAECH_DAY8_EFF_VS_DAY15_EFF_CD8_TCELL_UP	0.22090221330845716			
CHIANG_LIVER_CANCER_SUBCLASS_POLYSOMY7_UP	0.22089553162659675			
GO_POSITIVE_REGULATION_OF_ESTABLISHMENT_OF_PROTEIN_LOCALIZATION_TO_MITOCHONDRION	0.22089397305023145			
GSE21670_STAT3_KO_VS_WT_CD4_TCELL_TGFB_TREATED_UP	0.2208835785182825			
IPA_FOSL2_DN	0.22087851522622945			
GO_CLATHRIN_COAT_OF_ENDOCYTIC_VESICLE	0.22086579820253655			
GO_FMN_BINDING	0.22086013692507472			
RHODES_CANCER_META_SIGNATURE	0.22085255252489935			
GO_PHOSPHATIDYLINOSITOL_3_4_5_TRISPHOSPHATE_BINDING	0.22084981369063614			
GO_INCLUSION_BODY	0.2208404078564189			
MIR6764_3P	0.2208256917565792			
GSE12003_MIR223_KO_VS_WT_BM_PROGENITOR_8D_CULTURE_DN	0.22082359177740105			
REACTOME_REGULATION_OF_RUNX3_EXPRESSION_AND_ACTIVITY	0.22082307972793072			
CASTELLANO_HRAS_TARGETS_UP	0.22082158941091132			
GSE11961_FOLLICULAR_BCELL_VS_MEMORY_BCELL_DAY7_DN	0.2208068573174447			
chr2p15	0.22080401476863623			
RIZ_ERYTHROID_DIFFERENTIATION_APOBEC2	0.2207968489564113			
GO_POSITIVE_REGULATION_OF_ATPASE_ACTIVITY	0.22077815425486466			
GSE30083_SP1_VS_SP2_THYMOCYTE_DN	0.22077404156664013			
GSE13306_TREG_RA_VS_TCONV_RA_UP	0.22076758784220915			
GHO_ATF5_TARGETS_UP	0.22076437628636325			
GO_MONOSACCHARIDE_BINDING	0.22074400614986223			
KEGG_GLYCOSAMINOGLYCAN_BIOSYNTHESIS_CHONDROITIN_SULFATE	0.22074228484486655			
GSE46606_DAY1_VS_DAY3_CD40L_IL2_IL5_STIMULATED_IRF4HIGH_BCELL_DN	0.22073343263996545			
IPA_YAP1_UP	0.22072656636735072			
GSE20715_WT_VS_TLR4_KO_6H_OZONE_LUNG_UP	0.22072418662768803			
GO_CELLULAR_RESPONSE_TO_OXYGEN_RADICAL	0.22071260169192325			
RAMASWAMY_METASTASIS_UP	0.22070776018018254			
GO_REGULATION_OF_SERINE_TYPE_PEPTIDASE_ACTIVITY	0.22070687101630068			
GO_CELLULAR_RESPONSE_TO_ALCOHOL	0.22069070020068565			
GSE36078_WT_VS_IL1R_KO_LUNG_DC_UP	0.22068232923447892			
REACTOME_SYNTHESIS_OF_EPOXY_EET_AND_DIHYDROXYEICOSATRIENOIC_ACIDS_DHET	0.22067946066888802			
GSE17721_0.5H_VS_4H_PAM3CSK4_BMDC_DN	0.2206766872254553			
GSE22935_WT_VS_MYD88_KO_MACROPHAGE_12H_MBOVIS_BCG_STIM_UP	0.22066693109311636			
MIR3690	0.22066388466837436			
IPA_PAX6_DN	0.22066332580026307			
KAAB_FAILED_HEART_ATRIUM_UP	0.2206612119031588			
HOXA10_TARGET_GENES	0.22063692804556936			
GSE17721_CTRL_VS_PAM3CSK4_12H_BMDC_UP	0.22062985813178454			
chr2q11	0.22061027641686431			
DAZARD_UV_RESPONSE_CLUSTER_G5	0.22060481561130668			
GO_ATRIAL_SEPTUM_PRIMUM_MORPHOGENESIS	0.22059157595938278			
GO_BONE_RESORPTION	0.22058294407778928			
MIR24_3P	0.22057653351452056			
GO_DENDRITE_ARBORIZATION	0.22056645828955157			
GO_POSITIVE_REGULATION_OF_OXIDOREDUCTASE_ACTIVITY	0.220546194977088			
SHEDDEN_LUNG_CANCER_GOOD_SURVIVAL_A5	0.22054101291699615			
GO_RESPONSE_TO_REDOX_STATE	0.22053919912823416			
REACTOME_CILIUM_ASSEMBLY	0.22053381341207698			
GO_PHOTORECEPTOR_CELL_MAINTENANCE	0.22050933485133029			
GSE27786_CD8_TCELL_VS_MONO_MAC_DN	0.22050841742391158			
PROVENZANI_METASTASIS_UP	0.22050197254955067			
REACTOME_TERMINATION_OF_O_GLYCAN_BIOSYNTHESIS	0.22049741350888516			
GSE17721_POLYIC_VS_CPG_0.5H_BMDC_DN	0.22049605429992802			
SASSON_FSH_RESPONSE	0.22049107231287607			
GSE39820_TGFBETA1_IL6_VS_TGFBETA1_IL6_IL23A_TREATED_CD4_TCELL_UP	0.22048920025552268			
MIR4520_5P	0.22048639696965014			
GO_POSITIVE_REGULATION_OF_CELLULAR_RESPIRATION	0.22048427834813902			
GSE19888_CTRL_VS_A3R_ACT_TREATED_MAST_CELL_PRETREATED_WITH_A3R_INH_UP	0.2204837990124283			
GO_DNA_REPAIR_COMPLEX_ASSEMBLY	0.22048051806709346			
chr11q23	0.22046982683266061			
IPA_ZBTB20_UP	0.22046328172308097			
REACTOME_THYROXINE_BIOSYNTHESIS	0.22045024863281398			
SCHAEFFER_PROSTATE_DEVELOPMENT_AND_CANCER_BOX1_DN	0.2204492551834286			
GO_TPR_DOMAIN_BINDING	0.2204341420003325			
GO_VITAMIN_A_METABOLIC_PROCESS	0.22042721988622827			
GO_REGULATION_OF_SMALL_MOLECULE_METABOLIC_PROCESS	0.22042211948072266			
MIR1226_5P	0.2204119883354588			
chr6q14	0.22040486942347948			
GSE18893_CTRL_VS_TNF_TREATED_TCONV_2H_DN	0.22040003832531302			
GO_NEGATIVE_REGULATION_OF_DENDRITE_MORPHOGENESIS	0.22038100583594838			
GSE24142_EARLY_THYMIC_PROGENITOR_VS_DN3_THYMOCYTE_FETAL_DN	0.22037917771706333			
STARK_PREFRONTAL_CORTEX_22Q11_DELETION_DN	0.2203773390447111			
GO_POSITIVE_REGULATION_OF_SODIUM_ION_TRANSMEMBRANE_TRANSPORT	0.22037402780106183			
GO_NEGATIVE_REGULATION_OF_LEUKOCYTE_MIGRATION	0.22037326764812704			
REACTOME_NR1H2_NR1H3_REGULATE_GENE_EXPRESSION_LINKED_TO_GLUCONEOGENESIS	0.22036372477242402			
MIR10396B_5P	0.22035093924235816			
GSE6674_CPG_VS_CPG_AND_ANTI_IGM_STIM_BCELL_DN	0.22034275675220275			
GSE4142_PLASMA_CELL_VS_MEMORY_BCELL_DN	0.2203356860133082			
GO_POSITIVE_REGULATION_OF_NEUROBLAST_PROLIFERATION	0.2203352292619055			
GO_C4_DICARBOXYLATE_TRANSPORT	0.22032484997193938			
IPA_EBF1_DN	0.2203004256743357			
GSE41867_DAY6_VS_DAY15_LCMV_CLONE13_EFFECTOR_CD8_TCELL_UP	0.2202914529839601			
CHIANG_LIVER_CANCER_SUBCLASS_PROLIFERATION_DN	0.2202904909874811			
GO_NF_KAPPAB_BINDING	0.22027354797359136			
GO_FATTY_ACID_HOMEOSTASIS	0.22027296223906045			
GO_REGULATION_OF_DOPAMINE_SECRETION	0.22027031506252312			
GO_REGULATION_OF_MESODERMAL_CELL_DIFFERENTIATION	0.22025047117254415			
GO_REGULATION_OF_MESODERM_FORMATION	0.22025047117254415			
PTTG1_TARGET_GENES	0.22024208719297558			
GSE1740_MCSF_VS_MCSF_AND_IFNG_DAY2_DERIVED_MACROPHAGE_UP	0.22022323822787235			
PAF1_TARGET_GENES	0.22021051681794032			
GSE27786_LSK_VS_BCELL_UP	0.22020700980027685			
GO_KINOCILIUM	0.2201943853171436			
ZWANG_EGF_INTERVAL_UP	0.22019038965025628			
GO_EMBRYONIC_NEUROCRANIUM_MORPHOGENESIS	0.22017426775063376			
MIR661	0.22016709145133026			
GO_STRESS_INDUCED_PREMATURE_SENESCENCE	0.22015752311901285			
GSE17721_PAM3CSK4_VS_CPG_2H_BMDC_DN	0.2201491220605541			
MIR543	0.22014388585350822			
GO_OUTER_DYNEIN_ARM	0.22013666244999067			
GSE2405_HEAT_KILLED_VS_LIVE_A_PHAGOCYTOPHILUM_STIM_NEUTROPHIL_24H_DN	0.22013221906597633			
KEGG_RIG_I_LIKE_RECEPTOR_SIGNALING_PATHWAY	0.22012779693669243			
GO_ALCOHOL_DEHYDROGENASE_ACTIVITY_ZINC_DEPENDENT	0.220124888020972			
GO_REGULATION_OF_TRANSLATION_IN_RESPONSE_TO_ENDOPLASMIC_RETICULUM_STRESS	0.22010965834788493			
MIR8083	0.22008603801207283			
KEGG_GLYCOSPHINGOLIPID_BIOSYNTHESIS_GANGLIO_SERIES	0.22007202309682386			
chrXq27	0.22006345790952375			
GSE7852_LN_VS_THYMUS_TREG_DN	0.2200631577943527			
VALK_AML_CLUSTER_1	0.220056582475836			
MIR4670_3P	0.2200477451603661			
REACTOME_HYALURONAN_BIOSYNTHESIS_AND_EXPORT	0.22003977025777957			
GO_RESPIRATORY_CHAIN_COMPLEX	0.2200315855598195			
CHIANG_LIVER_CANCER_SUBCLASS_INTERFERON_DN	0.22002212197963272			
GO_OSTEOBLAST_DEVELOPMENT	0.22002127527498125			
LMTK3_TARGET_GENES	0.22001793333278766			
GSE8921_UNSTIM_0H_VS_TLR1_2_STIM_MONOCYTE_6H_DN	0.21998875068227433			
KAECH_DAY15_EFF_VS_MEMORY_CD8_TCELL_DN	0.21998697927431365			
GO_MHC_CLASS_I_PEPTIDE_LOADING_COMPLEX	0.21998497128168765			
MIR6780B_5P	0.21997782374678104			
GO_NEGATIVE_REGULATION_OF_ACTIN_NUCLEATION	0.21997618473281397			
NUYTTEN_EZH2_TARGETS_DN	0.21997285714143497			
KONDO_HYPOXIA	0.2199627380936931			
GSE16385_IFNG_TNF_VS_IL4_STIM_MACROPHAGE_DN	0.21996073622676737			
GSE9006_HEALTHY_VS_TYPE_1_DIABETES_PBMC_AT_DX_DN	0.21991188080884172			
MIR4296	0.21989803054192156			
GO_MAP_KINASE_KINASE_ACTIVITY	0.2198844851596363			
FARMER_BREAST_CANCER_CLUSTER_5	0.21988418562249648			
MIR4642	0.2198840414827444			
GO_POSITIVE_REGULATION_OF_UBIQUITIN_PROTEIN_TRANSFERASE_ACTIVITY	0.21987145133983466			
MIR191_5P	0.2198711244043522			
BARX1_TARGET_GENES	0.2198642254584598			
MIR3064_5P	0.21986033365560986			
MIR4511	0.21983463709940085			
GO_STEROL_METABOLIC_PROCESS	0.21982753290167473			
IPA_MBD1_DN	0.21981241490165002			
chr15q22	0.219809402616698			
GO_REGULATION_OF_VIRAL_TRANSCRIPTION	0.2198058539571858			
GSE22045_TREG_VS_TCONV_UP	0.21980318116674943			
MIR6841_5P	0.2197989194116761			
GO_MODIFICATION_DEPENDENT_MACROMOLECULE_CATABOLIC_PROCESS	0.2197987146770079			
GO_CATECHOLAMINE_METABOLIC_PROCESS	0.21979391476643176			
GSE18893_CTRL_VS_TNF_TREATED_TCONV_24H_UP	0.21978123871645874			
REACTOME_GP1B_IX_V_ACTIVATION_SIGNALLING	0.21977650831045847			
chr15q25	0.2197747514404238			
GSE28726_NAIVE_VS_ACTIVATED_VA24NEG_NKTCELL_DN	0.21976876143115123			
EBAUER_MYOGENIC_TARGETS_OF_PAX3_FOXO1_FUSION	0.21976579026171927			
ACEVEDO_LIVER_CANCER_WITH_H3K27ME3_DN	0.21976328308563725			
GO_INTRACILIARY_TRANSPORT_PARTICLE_B	0.21976099982782552			
chr3q26	0.2197404480617005			
GO_EMBRYONIC_BRAIN_DEVELOPMENT	0.2197297170343009			
GO_SUCCINATE_TRANSMEMBRANE_TRANSPORTER_ACTIVITY	0.21972154887709577			
GO_SUCCINATE_TRANSPORT	0.21972154887709577			
GO_FATTY_ACYL_COA_BINDING	0.21971599354679278			
GO_DERMATAN_SULFATE_METABOLIC_PROCESS	0.2196904368427738			
GO_ALCOHOL_DEHYDROGENASE_NADPPLUS_ACTIVITY	0.21968967376790827			
GO_LENS_FIBER_CELL_DIFFERENTIATION	0.21968326022536097			
GO_LAMELLIPODIUM_MORPHOGENESIS	0.21966615056927852			
GO_CELL_CELL_ADHESION_INVOLVED_IN_GASTRULATION	0.2196621942757277			
MARCINIAK_ER_STRESS_RESPONSE_VIA_CHOP	0.21966085925816226			
GO_SPERM_AXONEME_ASSEMBLY	0.2196592065237353			
PAX_Q6	0.21961878117176212			
REACTOME_FRS_MEDIATED_FGFR3_SIGNALING	0.21961528407957803			
GO_REGULATION_OF_CLATHRIN_DEPENDENT_ENDOCYTOSIS	0.21960759707156086			
ZSCAN31_TARGET_GENES	0.2196049351818387			
SASAKI_ADULT_T_CELL_LEUKEMIA	0.21954729918324498			
GO_PURKINJE_MYOCYTE_TO_VENTRICULAR_CARDIAC_MUSCLE_CELL_SIGNALING	0.21953578708120391			
GO_METHYLGLYOXAL_METABOLIC_PROCESS	0.21953384769450537			
GO_PERIPHERAL_NERVOUS_SYSTEM_AXON_REGENERATION	0.21952762080744784			
PID_ENDOTHELIN_PATHWAY	0.2195212379967299			
NAKAMURA_METASTASIS	0.21951042782114402			
IPA_POU5F1_UP	0.2194992290555201			
GO_NEGATIVE_REGULATION_OF_NUCLEOCYTOPLASMIC_TRANSPORT	0.21949024876701184			
GSE17721_CTRL_VS_CPG_4H_BMDC_UP	0.21948621237136046			
GSE2770_IL12_VS_IL4_TREATED_ACT_CD4_TCELL_48H_UP	0.21947765477896117			
GO_POSITIVE_REGULATION_OF_AUTOPHAGY_OF_MITOCHONDRION	0.21947525327995382			
IPA_RBL2_UP	0.21947250903699764			
GO_CYTOCHROME_COMPLEX	0.21945900098151364			
RASHI_RESPONSE_TO_IONIZING_RADIATION_5	0.21945293147861059			
CLIMENT_BREAST_CANCER_COPY_NUMBER_DN	0.21945213398405095			
GO_PENTOSE_METABOLIC_PROCESS	0.21944764000896513			
IPA_CREB3L1_UP	0.21943456869662667			
GOTTWEIN_TARGETS_OF_KSHV_MIR_K12_11	0.21942421189867917			
GO_POSITIVE_REGULATION_OF_PEPTIDYL_SERINE_PHOSPHORYLATION	0.21939867920177375			
GSE30971_WBP7_HET_VS_KO_MACROPHAGE_UP	0.21939427821774435			
REACTOME_INTEGRIN_SIGNALING	0.21937753639328594			
IPA_PEG3_DN	0.21936544723337537			
IPA_TCEB1_DN	0.21936544723337537			
IPA_ATF6B_DN	0.21936544723337537			
REACTOME_TRAF3_DEPENDENT_IRF_ACTIVATION_PATHWAY	0.21935888930189232			
GO_REGULATION_OF_STEM_CELL_POPULATION_MAINTENANCE	0.21935118478893872			
WIEMANN_TELOMERE_SHORTENING_AND_CHRONIC_LIVER_DAMAGE_DN	0.2193465989410573			
IPA_ZBTB16_UP	0.21934641464642135			
GO_NEURAL_RETINA_DEVELOPMENT	0.21934308777020847			
GO_PEPTIDYL_L_CYSTEINE_S_PALMITOYLATION	0.21933095740088174			
IPA_DOT1L_DN	0.21932287276196455			
CHEN_LIVER_METABOLISM_QTL_CIS	0.2193184137522775			
GO_ALANINE_TRANSPORT	0.21931776152056934			
GSE13306_TREG_RA_VS_TCONV_RA_DN	0.21931520056196765			
GO_SIGNAL_PEPTIDASE_COMPLEX	0.2193137736073305			
BIOCARTA_NDKDYNAMIN_PATHWAY	0.21931152992194664			
GSE10094_LCMV_VS_LISTERIA_IND_EFF_CD4_TCELL_DN	0.2192960590935079			
GSE7348_UNSTIM_VS_LPS_STIM_MACROPHAGE_DN	0.21927476706822946			
GO_AMINO_ACID_TRANSPORT	0.21926603064416916			
PID_SHP2_PATHWAY	0.21926497695645972			
GSE13522_WT_VS_IFNAR_KO_SKING_T_CRUZI_Y_STRAIN_INF_DN	0.21926065267359682			
MIR4528	0.21925823254762175			
MIR7113_5P	0.21923291613037385			
REACTOME_CATION_COUPLED_CHLORIDE_COTRANSPORTERS	0.2192177419699059			
GO_OXIDATIVE_PHOSPHORYLATION	0.2192165885843283			
GO_FERRIC_IRON_BINDING	0.21921382130043382			
GO_CATION_TRANSPORT	0.21919330671780377			
FLORIO_NEOCORTEX_BASAL_RADIAL_GLIA_UP	0.21917430331949664			
GO_DOLICHYL_DIPHOSPHATE_BIOSYNTHETIC_PROCESS	0.21917257112078056			
GO_VITAMIN_TRANSMEMBRANE_TRANSPORT	0.2191471623860739			
IPA_AIRE_UP	0.21913970901084553			
GO_RESPONSE_TO_PROSTAGLANDIN_D	0.21912878359500224			
LEF1_Q2	0.2191241064689134			
GO_FATTY_ACID_DERIVATIVE_CATABOLIC_PROCESS	0.21911234972586832			
GO_NUCLEOBASE_TRANSMEMBRANE_TRANSPORTER_ACTIVITY	0.21907770462423493			
GO_POSITIVE_REGULATION_OF_MULTICELLULAR_ORGANISMAL_PROCESS	0.2190734101693681			
GO_PEPTIDE_HORMONE_BINDING	0.21907175507446403			
GSE27786_LSK_VS_NKTCELL_DN	0.21905641362093145			
IRF7_01	0.21903004384496144			
GO_NEGATIVE_REGULATION_OF_DEFENSE_RESPONSE_TO_VIRUS	0.21902157241821374			
REACTOME_NADE_MODULATES_DEATH_SIGNALLING	0.21901329787156562			
MIR4536_5P	0.21901116042692595			
GSE17721_CTRL_VS_GARDIQUIMOD_24H_BMDC_DN	0.21900375484542392			
GO_CARGO_ADAPTOR_ACTIVITY	0.21899528077663538			
GO_GLUTAMATE_GATED_CALCIUM_ION_CHANNEL_ACTIVITY	0.21899444240181845			
GO_METANEPHRIC_MESENCHYME_DEVELOPMENT	0.21898051748131336			
GO_PROTEIN_O_LINKED_GLYCOSYLATION_VIA_THREONINE	0.2189782083930537			
IPA_ZNF217_DN	0.21897057443467383			
GO_CELLULAR_RESPONSE_TO_NITROGEN_STARVATION	0.21895962613913775			
GO_POSTSYNAPTIC_ENDOSOME	0.218958921695709			
AHRARNT_01	0.2189579729450201			
GO_REGULATION_OF_RECEPTOR_CLUSTERING	0.21892850270498074			
GO_ACID_PHOSPHATASE_ACTIVITY	0.21892725264085275			
REACTOME_DEGRADATION_OF_BETA_CATENIN_BY_THE_DESTRUCTION_COMPLEX	0.21892059802420083			
GO_CELLULAR_RESPONSE_TO_STEROID_HORMONE_STIMULUS	0.21891133478852692			
GSE32901_TH1_VS_TH17_ENRICHED_CD4_TCELL_DN	0.21890321336138574			
GO_MODIFIED_AMINO_ACID_TRANSMEMBRANE_TRANSPORTER_ACTIVITY	0.21889456020813303			
CTACTAG_MIR325	0.21888151552261273			
GO_RESPONSE_TO_XENOBIOTIC_STIMULUS	0.21887388130777205			
GO_RECEPTOR_COMPLEX	0.21886907899343172			
MIR302F	0.21885899779747459			
GO_SEPTIN_CYTOSKELETON	0.21885592791875205			
GO_AMYLOID_BETA_CLEARANCE	0.21885581989105918			
GSE40274_CTRL_VS_FOXP3_AND_SATB1_TRANSDUCED_ACTIVATED_CD4_TCELL_DN	0.21885463090513682			
NRF2_01	0.2188537009273277			
CLAUS_PGR_POSITIVE_MENINGIOMA_UP	0.21885309713823295			
IPA_CTBP2_DN	0.21883681885160872			
MALTA_CURATED_STEMNESS_MARKERS	0.21881109874232987			
REACTOME_SERINE_BIOSYNTHESIS	0.21881032715931373			
GO_REGULATION_OF_ORGANIC_ACID_TRANSPORT	0.21880629843188512			
GO_REGULATION_OF_GASTRIC_ACID_SECRETION	0.21879737315729741			
GO_NEGATIVE_REGULATION_OF_PEPTIDE_HORMONE_SECRETION	0.21879246965078833			
GO_GLUTATHIONE_HYDROLASE_ACTIVITY	0.21877827888389445			
GO_LEUKOTRIENE_D4_METABOLIC_PROCESS	0.21877827888389445			
GO_TYROSINE_PHOSPHORYLATION_OF_STAT_PROTEIN	0.21875900008264423			
GO_MULTI_ORGANISM_CELLULAR_PROCESS	0.21875548680710866			
DARWICHE_SKIN_TUMOR_PROMOTER_DN	0.21875186175138595			
GO_REGULATION_OF_CHOLESTEROL_EFFLUX	0.21873691815666146			
GO_BEHAVIORAL_RESPONSE_TO_PAIN	0.21873438807944867			
GO_NEGATIVE_REGULATION_OF_VASCULAR_ENDOTHELIAL_GROWTH_FACTOR_RECEPTOR_SIGNALING_PATHWAY	0.2187298992638877			
chr3q12	0.21872676003479563			
GO_NUCLEAR_PORE_COMPLEX_ASSEMBLY	0.21872387684269967			
GO_NEURONAL_SIGNAL_TRANSDUCTION	0.21872140811181165			
GO_TUBE_LUMEN_CAVITATION	0.21871689216559542			
GSE43863_NAIVE_VS_MEMORY_TH1_CD4_TCELL_D150_LCMV_UP	0.21871558977231198			
GO_FEVER_GENERATION	0.21870162893448752			
GO_UBIQUITIN_PROTEIN_TRANSFERASE_INHIBITOR_ACTIVITY	0.21869842615590745			
GO_PROTEIN_NITROSYLATION	0.2186974761145229			
GO_LATERAL_SPROUTING_FROM_AN_EPITHELIUM	0.21869641121352176			
MIR628_5P	0.21869264932858362			
IPA_TCF7L2_UP	0.21868679124500218			
MIR559	0.21867909728578536			
GO_POSITIVE_REGULATION_OF_CATECHOLAMINE_METABOLIC_PROCESS	0.21867522949631651			
GO_REGULATION_OF_CEREBELLAR_GRANULE_CELL_PRECURSOR_PROLIFERATION	0.21866477881258164			
GSE45365_NK_CELL_VS_CD8A_DC_MCMV_INFECTION_UP	0.21865638847086458			
GSE17974_CTRL_VS_ACT_IL4_AND_ANTI_IL12_48H_CD4_TCELL_DN	0.21865631192047394			
ITO_PTTG1_TARGETS_DN	0.21865237008503358			
MOOTHA_PYR	0.21864590056680072			
GO_RESPONSE_TO_TESTOSTERONE	0.21863229123481484			
GSE11864_UNTREATED_VS_CSF1_IN_MAC_DN	0.2186137968080656			
GO_RESPONSE_TO_FOOD	0.21861130378934793			
GO_NEGATIVE_REGULATION_OF_GLUCONEOGENESIS	0.21860922699015167			
MIR4659A_5P	0.21860799788389484			
chr9q22	0.21857775851919883			
GO_REGULATION_OF_TRANSMISSION_OF_NERVE_IMPULSE	0.2185773691435091			
CREBL2_TARGET_GENES	0.21857172102139097			
CTCAAGA_MIR526B	0.21857171083824115			
HERNANDEZ_ABERRANT_MITOSIS_BY_DOCETACEL_2NM_UP	0.21857063195619017			
GO_L_GLUTAMATE_TRANSMEMBRANE_TRANSPORTER_ACTIVITY	0.2185271686017519			
chr2p22	0.21852702476064334			
GO_POSITIVE_REGULATION_OF_HEART_INDUCTION	0.21852020583061058			
IPA_HOXD11_UP	0.21851710893100593			
GO_NEGATIVE_REGULATION_OF_BLOOD_VESSEL_ENDOTHELIAL_CELL_PROLIFERATION_INVOLVED_IN_SPROUTING_ANGIOGENESIS	0.21850397645140196			
GO_CYTOCHROME_COMPLEX_ASSEMBLY	0.21850259825788795			
GO_MONOVALENT_INORGANIC_CATION_TRANSMEMBRANE_TRANSPORTER_ACTIVITY	0.21849929050609646			
HMCES_TARGET_GENES	0.21849418647643434			
FOXO4_01	0.21849050760380875			
chr3q13	0.2184740330934885			
GO_NEGATIVE_REGULATION_OF_OXIDATIVE_STRESS_INDUCED_NEURON_DEATH	0.21846575889796754			
GO_POSITIVE_REGULATION_OF_SODIUM_ION_TRANSMEMBRANE_TRANSPORTER_ACTIVITY	0.21846112679607774			
GO_MAGNESIUM_ION_HOMEOSTASIS	0.21844669151057192			
MIZUSHIMA_AUTOPHAGOSOME_FORMATION	0.2184440745155973			
IPA_GLI2_UP	0.21842077914294689			
MIR148A_5P	0.2184149882311371			
GSE11864_CSF1_PAM3CYS_VS_CSF1_IFNG_PAM3CYS_IN_MAC_UP	0.2183970841543444			
GO_TERTIARY_ALCOHOL_METABOLIC_PROCESS	0.21839347568623244			
KEGG_MELANOMA	0.21839239586143955			
GSE14415_INDUCED_VS_NATURAL_TREG_UP	0.21837903773892228			
GSE8621_UNSTIM_VS_LPS_STIM_MACROPHAGE_UP	0.21836607893469195			
MIR323B_5P	0.2183473868130368			
JACKSON_DNMT1_TARGETS_DN	0.21832806899828183			
GSE17721_CTRL_VS_POLYIC_2H_BMDC_DN	0.21831663395621542			
GO_ANTIGEN_PROCESSING_AND_PRESENTATION_VIA_MHC_CLASS_IB	0.21831279080209556			
REACTOME_LIPOPHAGY	0.2182917530689423			
GO_REGULATION_OF_SMOOTHENED_SIGNALING_PATHWAY_INVOLVED_IN_DORSAL_VENTRAL_NEURAL_TUBE_PATTERNING	0.2182695663342089			
MIR576_5P	0.2182501127956151			
GO_RENAL_RESPONSE_TO_BLOOD_FLOW_INVOLVED_IN_CIRCULATORY_RENIN_ANGIOTENSIN_REGULATION_OF_SYSTEMIC_ARTERIAL_BLOOD_PRESSURE	0.21824774495479057			
MIR1915_5P	0.2182462062471479			
GO_APOLIPOPROTEIN_A_I_MEDIATED_SIGNALING_PATHWAY	0.2182358443816019			
GO_NATURAL_KILLER_CELL_CYTOKINE_PRODUCTION	0.21822807246846115			
PID_CIRCADIAN_PATHWAY	0.21821331234482255			
LET_7E_3P	0.21818313658678143			
GO_POSITIVE_REGULATION_OF_ACTIN_FILAMENT_DEPOLYMERIZATION	0.21817893750365852			
GO_HSP90_PROTEIN_BINDING	0.2181649168611123			
GO_POSITIVE_REGULATION_OF_LIPOPROTEIN_METABOLIC_PROCESS	0.21816063938055416			
REACTOME_SIGNALING_BY_FGFR4_IN_DISEASE	0.21814324754322295			
GSE16451_CTRL_VS_WEST_EQUINE_ENC_VIRUS_IMMATURE_NEURON_CELL_LINE_DN	0.218142312796343			
GO_FATTY_ACYL_COA_METABOLIC_PROCESS	0.21812350555898694			
SANSOM_APC_TARGETS	0.21811788988762598			
GO_GLUTAMATE_METABOLIC_PROCESS	0.21810896596561916			
GO_CELLULAR_GLUCOSE_HOMEOSTASIS	0.21809168606476295			
DONATO_CELL_CYCLE_TRETINOIN	0.2180625955036197			
GO_NEGATIVE_REGULATION_OF_SKELETAL_MUSCLE_CELL_DIFFERENTIATION	0.21806033340341288			
IPA_PPARD_UP	0.21805481620732745			
IPA_PAX1_UP	0.2180513940292564			
GO_POSITIVE_REGULATION_OF_CYTOPLASMIC_TRANSPORT	0.21804855328606576			
MIR7159_5P	0.21804320677019948			
BIOCARTA_WNT_LRP6_PATHWAY	0.2180279628638137			
chr12p12	0.2180232114387859			
MIR103A_2_5P	0.21801422558459507			
GO_GLUTATHIONE_DISULFIDE_OXIDOREDUCTASE_ACTIVITY	0.217995375968386			
REACTOME_ANDROGEN_BIOSYNTHESIS	0.21798172504656857			
GO_ORGANIC_CATION_TRANSMEMBRANE_TRANSPORTER_ACTIVITY	0.2179689157074925			
MIR10397_5P	0.2179682182576602			
HU_GENOTOXIC_DAMAGE_4HR	0.217964034501942			
GSE3982_DC_VS_NEUTROPHIL_LPS_STIM_DN	0.21796001349776317			
GSE46606_UNSTIM_VS_CD40L_IL2_IL5_1DAY_STIMULATED_IRF4MID_SORTED_BCELL_UP	0.2179541417786304			
REACTOME_ACTIVATION_OF_ANTERIOR_HOX_GENES_IN_HINDBRAIN_DEVELOPMENT_DURING_EARLY_EMBRYOGENESIS	0.21793314291500615			
GO_REGULATION_OF_NEUTROPHIL_EXTRAVASATION	0.21790669349391398			
REACTOME_TRANSPORT_OF_CONNEXONS_TO_THE_PLASMA_MEMBRANE	0.2178981758936965			
PID_REG_GR_PATHWAY	0.2178872734711545			
GO_POSITIVE_REGULATION_OF_GRANULOCYTE_MACROPHAGE_COLONY_STIMULATING_FACTOR_PRODUCTION	0.21788352173016423			
GO_REGULATION_OF_ALKALINE_PHOSPHATASE_ACTIVITY	0.21786207488141718			
HJURP_TARGET_GENES	0.21784594892564477			
GSE20366_TREG_VS_NAIVE_CD4_TCELL_UP	0.2178414007756622			
GO_DYNEIN_HEAVY_CHAIN_BINDING	0.21783613572577898			
MIR4289	0.21783167689670063			
GSE6674_UNSTIM_VS_ANTI_IGM_STIM_BCELL_UP	0.2178188564500332			
GSE22611_UNSTIM_VS_6H_MDP_STIM_NOD2_TRANSDUCED_HEK293T_CELL_DN	0.21781380519652813			
GO_REGULATION_OF_AMYLOID_BETA_CLEARANCE	0.21778183060664277			
BOGNI_TREATMENT_RELATED_MYELOID_LEUKEMIA_DN	0.21777754332157803			
GO_RETINOL_DEHYDROGENASE_ACTIVITY	0.2177722614135119			
MIR6729_5P	0.21775621032805106			
GSE12484_HEALTHY_VS_PERIDONTITIS_NEUTROPHILS_UP	0.2177524945955118			
GAUSSMANN_MLL_AF4_FUSION_TARGETS_G_DN	0.21774968405142292			
GSE17974_CTRL_VS_ACT_IL4_AND_ANTI_IL12_2H_CD4_TCELL_DN	0.21772356549814012			
IPA_PSMB1_UP	0.2177104280990157			
LIN_MELANOMA_COPY_NUMBER_DN	0.21770738690333355			
GO_ORGANIC_HYDROXY_COMPOUND_CATABOLIC_PROCESS	0.21770377624659948			
ONGUSAHA_BRCA1_TARGETS_DN	0.21770077980989552			
KEGG_PENTOSE_AND_GLUCURONATE_INTERCONVERSIONS	0.2176987688185262			
GSE13485_CTRL_VS_DAY1_YF17D_VACCINE_PBMC_UP	0.21769585007012776			
GO_STEROID_HORMONE_SECRETION	0.21768409904197863			
GO_POSITIVE_REGULATION_OF_EXECUTION_PHASE_OF_APOPTOSIS	0.21768304769497748			
MIR4742_3P	0.21767805175628768			
GSE20198_UNTREATED_VS_IL12_IL18_TREATED_ACT_CD4_TCELL_DN	0.21766871551207567			
GO_ALDO_KETO_REDUCTASE_NADP_ACTIVITY	0.2176441679575411			
GO_POSITIVE_REGULATION_OF_CALCIUM_ION_TRANSMEMBRANE_TRANSPORTER_ACTIVITY	0.21760644307616356			
REACTOME_DEGRADATION_OF_AXIN	0.21760499391005247			
IKEDA_MIR30_TARGETS_DN	0.217597082609604			
GO_DOPAMINE_BINDING	0.21759629258232566			
GSE21927_SPLEEN_VS_4T1_TUMOR_MONOCYTE_BALBC_DN	0.21758486496780094			
REACTOME_CELLULAR_RESPONSES_TO_EXTERNAL_STIMULI	0.21758107830325			
GO_NUCLEOSIDE_DIPHOSPHATE_METABOLIC_PROCESS	0.21756781617568635			
GO_AZOLE_TRANSMEMBRANE_TRANSPORT	0.21756343281054777			
MIR196A_5P_MIR196B_5P	0.21755014674186232			
LY_AGING_OLD_UP	0.21752032477345384			
GSE25088_CTRL_VS_IL4_STIM_MACROPHAGE_DN	0.2175183676345112			
GO_RETINAL_CONE_CELL_DIFFERENTIATION	0.2175179746296787			
GO_NERVOUS_SYSTEM_PROCESS	0.2175122606557488			
MIR1909_5P	0.21751120107579072			
PR_Q2	0.2175083844878328			
GO_REGULATION_OF_AUTOPHAGY_OF_MITOCHONDRION_IN_RESPONSE_TO_MITOCHONDRIAL_DEPOLARIZATION	0.2175023568821007			
GSE27786_NKTCELL_VS_ERYTHROBLAST_UP	0.2174982555828769			
GO_POST_EMBRYONIC_ANIMAL_ORGAN_MORPHOGENESIS	0.21749737320565163			
MIR221_5P	0.21749642610771153			
GSE16385_ROSIGLITAZONE_IL4_VS_IL4_ALONE_STIM_MACROPHAGE_12H_DN	0.21748704291556906			
GO_MEIOTIC_CELL_CYCLE_CHECKPOINT	0.21747861733137314			
IPA_PRDM16_UP	0.2174694601134583			
chr13q22	0.21746775260179954			
GO_POSITIVE_REGULATION_OF_PROTEIN_MODIFICATION_BY_SMALL_PROTEIN_CONJUGATION_OR_REMOVAL	0.2174546547634603			
GUTIERREZ_WALDENSTROEMS_MACROGLOBULINEMIA_1_DN	0.21745218247781392			
GO_DIPEPTIDE_TRANSMEMBRANE_TRANSPORT	0.21741161266830758			
GSE17721_POLYIC_VS_GARDIQUIMOD_2H_BMDC_DN	0.217403803630279			
GO_NEGATIVE_REGULATION_OF_RNA_POLYMERASE_II_REGULATORY_REGION_SEQUENCE_SPECIFIC_DNA_BINDING	0.2174004038519758			
MIR7109_3P	0.21739844119971102			
TSUTSUMI_FBXW8_TARGETS	0.21733958750078675			
GO_PRESYNAPTIC_ACTIVE_ZONE_MEMBRANE	0.21733701998676802			
GO_NEGATIVE_REGULATION_OF_CYSTEINE_TYPE_ENDOPEPTIDASE_ACTIVITY_INVOLVED_IN_APOPTOTIC_SIGNALING_PATHWAY	0.21732609756268914			
GO_NECROPTOTIC_SIGNALING_PATHWAY	0.2173230632970986			
GO_RNA_CAP_BINDING_COMPLEX	0.2173122911444464			
GO_COMPLEMENT_ACTIVATION	0.21730499554626745			
GO_RESPONSE_TO_OLEIC_ACID	0.21729951187677868			
GSE21063_WT_VS_NFATC1_KO_3H_ANTI_IGM_STIM_BCELL_UP	0.21729766231878175			
MIR3617_3P	0.2172816822058747			
GO_POSITIVE_REGULATION_OF_HEAT_GENERATION	0.21727572159417433			
GO_CARNITINE_METABOLIC_PROCESS	0.2172736092002163			
TCGATGG_MIR213	0.2172668781654735			
chr5q23	0.2172657595170623			
GO_PENTOSE_CATABOLIC_PROCESS	0.2172602259590259			
GSE27786_LIN_NEG_VS_NEUTROPHIL_DN	0.21725552704529597			
GO_MUSCLE_ADAPTATION	0.21724597415297228			
MIR3126_5P	0.2172445070824454			
REACTOME_SYNTHESIS_OF_PA	0.2172375177079537			
GO_AEROBIC_ELECTRON_TRANSPORT_CHAIN	0.21723014523791404			
REACTOME_INCRETIN_SYNTHESIS_SECRETION_AND_INACTIVATION	0.21722567656937142			
GO_G_PROTEIN_COUPLED_RECEPTOR_SIGNALING_PATHWAY_COUPLED_TO_CYCLIC_NUCLEOTIDE_SECOND_MESSENGER	0.21722288927896466			
GO_REGULATION_OF_CILIUM_MOVEMENT	0.21722106201464564			
GSE22103_UNSTIM_VS_LPS_STIM_NEUTROPHIL_UP	0.21721271855482105			
GSE32423_CTRL_VS_IL4_MEMORY_CD8_TCELL_DN	0.21720270886248041			
GO_3M_COMPLEX	0.2171915069801061			
WAESCH_ANAPHASE_PROMOTING_COMPLEX	0.21718100162607631			
GSE3982_EFF_MEMORY_CD4_TCELL_VS_TH1_DN	0.2171766426555235			
KEGG_LEUKOCYTE_TRANSENDOTHELIAL_MIGRATION	0.21717091202124597			
GSE35543_IN_VIVO_NTREG_VS_CONVERTED_EX_ITREG_UP	0.2171705632735281			
GO_POSITIVE_REGULATION_OF_VASCULAR_SMOOTH_MUSCLE_CELL_PROLIFERATION	0.21716161030935388			
GO_REGULATION_OF_PROTEIN_CONTAINING_COMPLEX_ASSEMBLY	0.21715854657415254			
GO_RELAXATION_OF_MUSCLE	0.21713399643069434			
GO_REGULATION_OF_UNSATURATED_FATTY_ACID_BIOSYNTHETIC_PROCESS	0.2171302168157025			
GO_ARYLSULFATASE_ACTIVITY	0.2171278734561763			
REACTOME_ASPARTATE_AND_ASPARAGINE_METABOLISM	0.2171090634507769			
MIR6529_3P	0.21710859453798767			
MIR568	0.21710595783424808			
GO_REGULATION_OF_ODONTOGENESIS	0.21708229237942883			
GSE33162_HDAC3_KO_VS_HDAC3_KO_MACROPHAGE_DN	0.21708173559807278			
GSE3039_NKT_CELL_VS_ALPHABETA_CD8_TCELL_DN	0.21707553983732705			
GO_REGULATION_OF_PHOSPHOLIPASE_ACTIVITY	0.2170700974020815			
MIR33A_3P	0.2170582485474464			
GO_P38MAPK_CASCADE	0.21705712206793543			
TOMIDA_LUNG_CANCER_POOR_SURVIVAL	0.21704923686316296			
MIR6805_5P	0.21703370355273527			
REACTOME_DISEASES_OF_CARBOHYDRATE_METABOLISM	0.21702971221980888			
GO_INTERCELLULAR_TRANSPORT	0.21702819963538092			
GO_POSITIVE_REGULATION_OF_BLOOD_VESSEL_REMODELING	0.21702756080724805			
GO_ATPASE_COUPLED_AMIDE_TRANSPORTER_ACTIVITY	0.21702501119029194			
MIR6865_5P	0.21702299797782393			
MCCOLLUM_GELDANAMYCIN_RESISTANCE_UP	0.21701572907593442			
GO_ALPHA_LINOLENIC_ACID_METABOLIC_PROCESS	0.21700281714920064			
SREBP1_01	0.21699689819679618			
GO_PROTEIN_LOCALIZATION_TO_NON_MOTILE_CILIUM	0.21699405293305826			
GO_OLIGOPEPTIDE_TRANSMEMBRANE_TRANSPORTER_ACTIVITY	0.21697659332245045			
GO_ORGANIC_ACID_TRANSMEMBRANE_TRANSPORTER_ACTIVITY	0.2169747840465114			
GO_SULFUR_COMPOUND_TRANSPORT	0.21697386718618086			
GO_ADENYL_NUCLEOTIDE_EXCHANGE_FACTOR_ACTIVITY	0.21696741892682095			
MOOTHA_GLYCOGEN_METABOLISM	0.21694719271623367			
GO_CHORIONIC_TROPHOBLAST_CELL_PROLIFERATION	0.21694421394327626			
MIR4507	0.2169313789326952			
VANTVEER_BREAST_CANCER_POOR_PROGNOSIS	0.21692320058774522			
IPA_SP100_UP	0.2169215588683797			
chr4q26	0.21691926224548047			
GO_ARP2_3_PROTEIN_COMPLEX	0.2169123133510502			
MIR3139	0.21691184206305167			
REACTOME_MHC_CLASS_II_ANTIGEN_PRESENTATION	0.21690211969044937			
GO_POSITIVE_REGULATION_OF_MAPKKK_CASCADE_BY_FIBROBLAST_GROWTH_FACTOR_RECEPTOR_SIGNALING_PATHWAY	0.21688726731866148			
GO_REGULATION_OF_OOGENESIS	0.2168819877751803			
GO_DETERMINATION_OF_DIGESTIVE_TRACT_LEFT_RIGHT_ASYMMETRY	0.21687710119865244			
GO_SODIUM_DEPENDENT_PHOSPHATE_TRANSPORT	0.21687577740226968			
GO_SPHINGOMYELIN_PHOSPHODIESTERASE_ACTIVITY	0.21687361401510782			
FOXF2_TARGET_GENES	0.21687306683313068			
GSE42021_CD24HI_VS_CD24INT_TCONV_THYMUS_DN	0.21686968634398082			
GO_MEMBRANOUS_SEPTUM_MORPHOGENESIS	0.21686343772757766			
IPA_ELF5_DN	0.21686157076921497			
IPA_GATA4_UP	0.21685462177454248			
GSE25123_CTRL_VS_IL4_STIM_PPARG_KO_MACROPHAGE_DN	0.21685254301974932			
GO_REGULATION_OF_ESTABLISHMENT_OR_MAINTENANCE_OF_CELL_POLARITY	0.21685131442118202			
GO_ACETYLCHOLINE_METABOLIC_PROCESS	0.21683961347179612			
GO_OXIDOREDUCTASE_ACTIVITY_ACTING_ON_OTHER_NITROGENOUS_COMPOUNDS_AS_DONORS	0.2168315204207727			
chr12q21	0.2168273994018436			
MIR548AB	0.21681671920969434			
GO_ALPHA_ADRENERGIC_RECEPTOR_ACTIVITY	0.2168130717227423			
IPA_ZFP42_UP	0.21679524391411273			
chr2p13	0.21678623223922758			
GO_DEVELOPMENTAL_MATURATION	0.21677305687660844			
PEART_HDAC_PROLIFERATION_CLUSTER_UP	0.21677029296941053			
NIKOLSKY_BREAST_CANCER_19Q13.4_AMPLICON	0.21676386451960425			
REACTOME_THE_FATTY_ACID_CYCLING_MODEL	0.21675500755187582			
GO_RADIAL_SPOKE	0.2167464385469105			
GO_POSITIVE_REGULATION_OF_IMMUNOGLOBULIN_SECRETION	0.21674083322237292			
REACTOME_GLUCAGON_LIKE_PEPTIDE_1_GLP1_REGULATES_INSULIN_SECRETION	0.21673749931774722			
MIKI_COEXPRESSED_WITH_CYP19A1	0.21672908560816			
GO_NEGATIVE_REGULATION_OF_INTERLEUKIN_13_PRODUCTION	0.2167243189459584			
CHICAS_RB1_TARGETS_LOW_SERUM	0.21671353144227062			
GO_MAMMALIAN_OOGENESIS_STAGE	0.21671104532321678			
GO_POSITIVE_REGULATION_OF_ANOIKIS	0.21669880345604575			
MIR5695	0.21669395958875698			
MIR12127	0.21668557423451174			
GO_RAGE_RECEPTOR_BINDING	0.2166783227722389			
GSE3982_EOSINOPHIL_VS_TH2_DN	0.21667141633149806			
GO_LIPOPROTEIN_CATABOLIC_PROCESS	0.21666668007136927			
CHANDRAN_METASTASIS_TOP50_DN	0.21665404039868336			
REACTOME_INTERLEUKIN_35_SIGNALLING	0.21662219990414386			
GO_SPERM_FIBROUS_SHEATH	0.2166195493822895			
REACTOME_MASTL_FACILITATES_MITOTIC_PROGRESSION	0.21660367447575946			
MIR4520_3P	0.21660243589203718			
REACTOME_SCAVENGING_BY_CLASS_A_RECEPTORS	0.2165980471152105			
GO_EXOGENOUS_DRUG_CATABOLIC_PROCESS	0.2165576322763879			
GSE6092_UNSTIM_VS_IFNG_STIM_AND_B_BURGDORFERI_INF_ENDOTHELIAL_CELL_DN	0.21655141526307545			
GO_TRNA_5_LEADER_REMOVAL	0.2165419242763139			
GO_POSITIVE_REGULATION_OF_CELL_PROLIFERATION_INVOLVED_IN_KIDNEY_DEVELOPMENT	0.2165363861640965			
ZHENG_FOXP3_TARGETS_UP	0.2165141343752261			
GO_LACTATE_TRANSMEMBRANE_TRANSPORTER_ACTIVITY	0.21650560755143794			
GO_CATECHOLAMINE_BIOSYNTHETIC_PROCESS	0.21649487731036365			
IPA_KLF11_DN	0.2164845322837269			
IPA_CBFB_DN	0.21648241951030803			
GO_AROMATIC_AMINO_ACID_TRANSPORT	0.21647904622004446			
ZNF626_TARGET_GENES	0.21647342696089272			
GO_DIVALENT_INORGANIC_ANION_HOMEOSTASIS	0.21646663281192993			
GSE7509_UNSTIM_VS_TNFA_IL1B_IL6_PGE_STIM_DC_DN	0.21645525896166745			
GSE29618_PRE_VS_DAY7_POST_LAIV_FLU_VACCINE_PDC_DN	0.21644665436178095			
IPA_CREB1_DN	0.21643795485488057			
LINDGREN_BLADDER_CANCER_CLUSTER_1_DN	0.2164283314873223			
REACTOME_GRB2_SOS_PROVIDES_LINKAGE_TO_MAPK_SIGNALING_FOR_INTEGRINS	0.2164253357046327			
IPA_NR1D1_DN	0.21639785603478845			
IPA_NR1D2_DN	0.21639785603478845			
GO_NEGATIVE_REGULATION_OF_LEUKOCYTE_CHEMOTAXIS	0.21638125909990735			
GSE17974_2.5H_VS_72H_IL4_AND_ANTI_IL12_ACT_CD4_TCELL_DN	0.21637915814720018			
NIKOLSKY_BREAST_CANCER_7P15_AMPLICON	0.21637774711066068			
REACTOME_CYTOSOLIC_SULFONATION_OF_SMALL_MOLECULES	0.21637195854874422			
MIR8081	0.21636559562329047			
GSE9006_TYPE_1_VS_TYPE_2_DIABETES_PBMC_AT_DX_DN	0.21635685569324511			
GSE4142_NAIVE_BCELL_VS_PLASMA_CELL_DN	0.216351012196924			
GO_VASCULAR_WOUND_HEALING	0.21633753092830968			
GO_PLATELET_DENSE_GRANULE_ORGANIZATION	0.2163280024504675			
GO_CAMP_RESPONSE_ELEMENT_BINDING	0.21628511992177385			
YAMASHITA_LIVER_CANCER_STEM_CELL_DN	0.2162845322951298			
GO_NEGATIVE_REGULATION_OF_MICROTUBULE_POLYMERIZATION_OR_DEPOLYMERIZATION	0.21626113697901791			
TANAKA_METHYLATED_IN_ESOPHAGEAL_CARCINOMA	0.21625670165173203			
GO_POLYAMINE_BIOSYNTHETIC_PROCESS	0.2162500562206724			
GO_CELLULAR_RESPONSE_TO_ALDEHYDE	0.21624958689202228			
GO_LONG_TERM_MEMORY	0.21621116705597107			
GO_REGULATION_OF_RELEASE_OF_CYTOCHROME_C_FROM_MITOCHONDRIA	0.21619584689392318			
MYF6_TARGET_GENES	0.216186500409257			
GGCAGTG_MIR3243P	0.21618197515113344			
MIR6815_5P	0.21617645960756768			
WANG_RESPONSE_TO_BEXAROTENE_DN	0.21617424941038657			
IPA_TBX3_UP	0.21616755093419446			
REACTOME_SELECTIVE_AUTOPHAGY	0.216158104916069			
chr16q24	0.21615221429949283			
IPA_HOXB1_UP	0.21615135284363451			
chr7p22	0.21613969545313458			
GO_ALDEHYDE_LYASE_ACTIVITY	0.2161386862565514			
GSE17721_CTRL_VS_LPS_0.5H_BMDC_DN	0.21612818365833839			
GSE20727_CTRL_VS_DNFB_ALLERGEN_TREATED_DC_UP	0.21612303099868668			
GSE17721_CPG_VS_GARDIQUIMOD_6H_BMDC_UP	0.21611521077170104			
GSE5679_RARA_AGONIST_AM580_VS_AM580_AND_ROSIGLITAZONE_TREATED_DC_UP	0.21611150665757267			
GSE32423_MEMORY_VS_NAIVE_CD8_TCELL_IL7_DN	0.21610844285413			
PID_ERA_GENOMIC_PATHWAY	0.21610656260621572			
GO_PEPTIDE_BINDING	0.21609220889477285			
GO_PHOSPHOLIPID_TRANSFER_ACTIVITY	0.21609077308353897			
BIOCARTA_CFTR_PATHWAY	0.21608222295861007			
GO_HYDROLASE_ACTIVITY_ACTING_ON_CARBON_NITROGEN_BUT_NOT_PEPTIDE_BONDS_IN_LINEAR_AMIDINES	0.21607774903058033			
GO_AP_3_ADAPTOR_COMPLEX	0.21607770596026185			
MIR1265	0.21606887034377179			
GO_LIPID_GLYCOSYLATION	0.21606638382631274			
GSE360_L_MAJOR_VS_T_GONDII_DC_DN	0.2160554346011196			
MIR4761_3P	0.21604503059499347			
GO_PENTOSE_PHOSPHATE_SHUNT_NON_OXIDATIVE_BRANCH	0.2160376604281913			
GO_EYE_PIGMENTATION	0.21598868096426244			
GO_PROTEIN_K11_LINKED_DEUBIQUITINATION	0.2159877405480281			
IPA_HOXD8_DN	0.21598579689937883			
GO_EPITHELIAL_CILIUM_MOVEMENT_INVOLVED_IN_DETERMINATION_OF_LEFT_RIGHT_ASYMMETRY	0.21598368724076078			
GSE46606_UNSTIM_VS_CD40L_IL2_IL5_3DAY_STIMULATED_IRF4_KO_BCELL_DN	0.21597668328071437			
MIR4699_3P	0.2159609382453719			
GO_CHOLINE_TRANSPORT	0.21596020795101478			
REACTOME_CHOLESTEROL_BIOSYNTHESIS	0.21595773317153966			
GO_MITOGEN_ACTIVATED_PROTEIN_KINASE_KINASE_BINDING	0.215952263363802			
GO_POSITIVE_REGULATION_OF_STEM_CELL_PROLIFERATION	0.21594905377224613			
GSE28726_ACT_CD4_TCELL_VS_ACT_NKTCELL_UP	0.21594898991229813			
REACTOME_RUNX3_REGULATES_WNT_SIGNALING	0.21594855853210748			
GO_REGULATION_OF_CHEMOKINE_MEDIATED_SIGNALING_PATHWAY	0.2159356780502985			
GO_NEGATIVE_REGULATION_OF_HORMONE_METABOLIC_PROCESS	0.21592866392072937			
GO_XENOBIOTIC_DETOXIFICATION_BY_TRANSMEMBRANE_EXPORT_ACROSS_THE_PLASMA_MEMBRANE	0.21591874045364126			
MIR7161_5P	0.21590543567871312			
GO_OXO_ACID_LYASE_ACTIVITY	0.21590228483068705			
PID_RXR_VDR_PATHWAY	0.21590223868639236			
GO_NEGATIVE_REGULATION_OF_CYTOSOLIC_CALCIUM_ION_CONCENTRATION	0.21587696844201215			
MIR3074_3P	0.21587060093212646			
GO_ENVELOPE	0.21586128647905548			
GO_MUSCLE_ATROPHY	0.2158565539944664			
IPA_MED1_UP	0.21584302639304426			
REACTOME_TIE2_SIGNALING	0.21581104505619214			
GO_CATION_TRANSMEMBRANE_TRANSPORT	0.21580674180420537			
GO_SH3_DOMAIN_BINDING	0.21580149472615182			
chr14q24	0.2157948502836975			
IPA_SREBF2_DN	0.21578969051502803			
GO_1_PHOSPHATIDYLINOSITOL_BINDING	0.21576197086673263			
GSE22886_CD8_VS_CD4_NAIVE_TCELL_UP	0.2157614783742649			
GO_REGULATION_OF_MUCUS_SECRETION	0.21575664385786722			
GO_REGULATION_OF_PEPTIDYL_SERINE_PHOSPHORYLATION	0.21575581760420975			
GO_PROTEIN_INSERTION_INTO_MITOCHONDRIAL_OUTER_MEMBRANE	0.21574979704894706			
GO_POSITIVE_REGULATION_OF_TELOMERE_CAPPING	0.21574431135913538			
GO_INTESTINAL_HEXOSE_ABSORPTION	0.2157244771211375			
GSE19772_CTRL_VS_HCMV_INF_MONOCYTES_AND_PI3K_INHIBITION_DN	0.21572286860305864			
MATTIOLI_MGUS_VS_MULTIPLE_MYELOMA	0.21571902850165264			
GO_GROWTH_HORMONE_SECRETION	0.2157163985529377			
MIR6837_5P	0.21569588293108027			
GO_REGULATION_OF_HISTONE_PHOSPHORYLATION	0.21569567826649397			
GO_NEGATIVE_REGULATION_OF_VIRAL_LIFE_CYCLE	0.21569323120065914			
MIR3940_5P	0.2156901546390368			
DACOSTA_LOW_DOSE_UV_RESPONSE_VIA_ERCC3_XPCS_UP	0.21568139456878924			
GO_CD8_POSITIVE_ALPHA_BETA_T_CELL_PROLIFERATION	0.21568044378813522			
MIR30B_3P	0.21567724219889525			
IPA_TBX3_DN	0.21567646908670646			
MIR548I	0.2156753997792793			
MIR2114_5P	0.21567089611699727			
GO_AXON_INITIAL_SEGMENT	0.21567016887005552			
GO_REGULATION_OF_ORGAN_GROWTH	0.2156701487593313			
GSE14908_RESTING_VS_HDM_STIM_CD4_TCELL_ATOPIC_PATIENT_UP	0.21567006004372408			
GO_NONRIBOSOMAL_PEPTIDE_BIOSYNTHETIC_PROCESS	0.21566211878553312			
GO_PLASMA_MEMBRANE_PROTEIN_COMPLEX	0.215639322969637			
GO_COFACTOR_TRANSPORT	0.21563818647273067			
GSE28237_FOLLICULAR_VS_LATE_GC_BCELL_UP	0.2156193181787977			
ZHAN_MULTIPLE_MYELOMA_UP	0.21561136021718585			
MIR376A_5P	0.2156051227246785			
GO_POSITIVE_REGULATION_OF_GTPASE_ACTIVITY	0.21559392324502658			
GEORGES_CELL_CYCLE_MIR192_TARGETS	0.2155897069332326			
GSE2706_R848_VS_R848_AND_LPS_2H_STIM_DC_UP	0.21558963083652938			
BCAT.100_UP.V1_DN	0.21555756779191756			
GO_TERMINATION_OF_RNA_POLYMERASE_I_TRANSCRIPTION	0.21553875336819037			
MIR7843_3P	0.21553213688975317			
MIR6731_3P	0.2155283238251498			
GSE42724_MEMORY_VS_B1_BCELL_UP	0.21551985135956991			
GROSS_HIF1A_TARGETS_UP	0.21551230561779502			
GO_AMINO_ACID_SALVAGE	0.2155030408850146			
IPA_HOXA1_DN	0.21549941329155511			
SAGIV_CD24_TARGETS_UP	0.21549365631000192			
GO_NUCLEOSIDE_TRANSPORT	0.21549317835675985			
GO_PURINE_NUCLEOTIDE_TRANSPORT	0.21548458430163586			
MIR6857_3P	0.21547854326040458			
GO_REGULATION_OF_DNA_BINDING_TRANSCRIPTION_FACTOR_ACTIVITY	0.21547742927596128			
IPA_BRCA2_DN	0.21546926044703218			
GO_POSITIVE_REGULATION_OF_GASTRULATION	0.21545683059883597			
IPA_FLII_UP	0.21541966619838396			
GSE29618_PRE_VS_DAY7_FLU_VACCINE_BCELL_DN	0.21541500100020172			
chr1p36	0.2154087063562611			
GO_PHENOTYPIC_SWITCHING	0.21540383617626066			
GO_REGULATION_OF_PHENOTYPIC_SWITCHING	0.21540383617626066			
REACTOME_ANTIVIRAL_MECHANISM_BY_IFN_STIMULATED_GENES	0.215396187018396			
GO_POSITIVE_REGULATION_OF_TRANSLATION	0.21539533612844436			
GSE40274_EOS_VS_FOXP3_AND_EOS_TRANSDUCED_ACTIVATED_CD4_TCELL_UP	0.21538536993484964			
GO_AXON_GUIDANCE_RECEPTOR_ACTIVITY	0.21536833161355154			
REACTOME_UBIQUINOL_BIOSYNTHESIS	0.21536445833722948			
MIR147A	0.21536332498663396			
MIR3169	0.21535639135584728			
GO_RESPONSE_TO_OXYGEN_RADICAL	0.21535532549349107			
MCAATNNNNNGCG_UNKNOWN	0.2153545574740439			
CREIGHTON_ENDOCRINE_THERAPY_RESISTANCE_2	0.21534658898672016			
BIOCARTA_NOTCH_PATHWAY	0.21534403446002925			
MIR8058	0.21531083435409407			
GSE3982_DC_VS_NEUTROPHIL_LPS_STIM_UP	0.21527670713236916			
GO_REGULATION_OF_CGMP_MEDIATED_SIGNALING	0.21527510670706304			
GO_POSITIVE_REGULATION_OF_MEIOTIC_CELL_CYCLE	0.21526355167927838			
GO_MITOCHONDRIAL_PROTEIN_CATABOLIC_PROCESS	0.21525946207726493			
GO_ADP_RIBOSE_DIPHOSPHATASE_ACTIVITY	0.2152586307206797			
MIR659_5P	0.2152558040360123			
GO_INTRACELLULAR_LIGAND_GATED_ION_CHANNEL_ACTIVITY	0.2152381200160274			
GSE22025_UNTREATED_VS_PROGESTERONE_TREATED_CD4_TCELL_DN	0.21523764083750668			
GO_MACROMOLECULE_CATABOLIC_PROCESS	0.21523366725172088			
GO_NEGATIVE_REGULATION_OF_TRIGLYCERIDE_BIOSYNTHETIC_PROCESS	0.2152202264824071			
GO_POSITIVE_REGULATION_OF_CYCLIC_NUCLEOTIDE_PHOSPHODIESTERASE_ACTIVITY	0.21519600284678247			
BROWNE_HCMV_INFECTION_48HR_UP	0.21518345529093288			
GO_RIPOPTOSOME	0.21517618998845642			
GO_HEXOKINASE_ACTIVITY	0.2151539705623969			
GSE42724_NAIVE_VS_B1_BCELL_UP	0.21514840575173874			
REACTOME_TRYPTOPHAN_CATABOLISM	0.2151429184164867			
GSE21063_CTRL_VS_ANTI_IGM_STIM_BCELL_3H_DN	0.21513729784789482			
REACTOME_ABC_FAMILY_PROTEINS_MEDIATED_TRANSPORT	0.21513348961548978			
MIR548BB_5P	0.2151283761491059			
GO_CELLULAR_RESPONSE_TO_DRUG	0.21512482051917797			
IPA_CRTC1_UP	0.21511884796845962			
GSE2770_TGFB_AND_IL4_VS_TGFB_AND_IL12_TREATED_ACT_CD4_TCELL_2H_UP	0.2151145004896717			
GO_NEGATIVE_REGULATION_OF_CHOLESTEROL_EFFLUX	0.21510871465897222			
IPA_ABL1_DN	0.21510707382090877			
GO_MITOCHONDRIAL_RESPIRATORY_CHAIN_COMPLEX_IV	0.21507652225193344			
REACTOME_MAP2K_AND_MAPK_ACTIVATION	0.21507545108034906			
GO_REGULATION_OF_WNT_SIGNALING_PATHWAY_PLANAR_CELL_POLARITY_PATHWAY	0.21507187219623347			
GO_CADMIUM_ION_BINDING	0.21506735462619717			
WONG_MITOCHONDRIA_GENE_MODULE	0.21506140588443481			
ZFP36L1_TARGET_GENES	0.2150570327959761			
GO_LIPOPROTEIN_BIOSYNTHETIC_PROCESS	0.2150547497999573			
GO_POSITIVE_REGULATION_OF_VASCULAR_ASSOCIATED_SMOOTH_MUSCLE_CELL_APOPTOTIC_PROCESS	0.21505170122182			
GO_INOSITOL_METABOLIC_PROCESS	0.21504705505244046			
GO_WATER_SOLUBLE_VITAMIN_BIOSYNTHETIC_PROCESS	0.21503182291138945			
GO_POSITIVE_REGULATION_OF_TRANSCRIPTION_REGULATORY_REGION_DNA_BINDING	0.2150314864171271			
SARTIPY_BLUNTED_BY_INSULIN_RESISTANCE_UP	0.21502926610420897			
MIR2110	0.21501787624544816			
MIR6782_3P	0.21500855133215652			
GO_LIPASE_ACTIVITY	0.2150041860389845			
GO_INTRACELLULAR_DISTRIBUTION_OF_MITOCHONDRIA	0.21500203627097178			
MIR4330	0.21499931895540225			
GSE29615_CTRL_VS_DAY7_LAIV_FLU_VACCINE_PBMC_DN	0.21497810632791514			
GSE17721_LPS_VS_CPG_12H_BMDC_UP	0.21497534977338612			
GSE17721_CTRL_VS_GARDIQUIMOD_1H_BMDC_DN	0.214963169561931			
IPA_POU2F1_DN	0.2149614715254217			
GO_FLAVONOID_METABOLIC_PROCESS	0.21494665225805162			
MIR548AS_5P	0.2149435638738108			
BIOCARTA_CACAM_PATHWAY	0.21494047458221327			
GO_RESPONSE_TO_STILBENOID	0.21491002399705997			
GSE25123_CTRL_VS_IL4_STIM_MACROPHAGE_DN	0.21490180520080962			
GO_REGULATION_OF_SUPEROXIDE_DISMUTASE_ACTIVITY	0.21488467675231282			
MIR548AP_5P_MIR548J_5P	0.21486244808346427			
GO_POSITIVE_REGULATION_OF_AMPA_RECEPTOR_ACTIVITY	0.21485942180065645			
GO_REGULATION_OF_RAC_PROTEIN_SIGNAL_TRANSDUCTION	0.21485503187053617			
GO_ALPHA_TUBULIN_BINDING	0.2148506781617844			
HOLLERN_ADENOMYOEPITHELIAL_BREAST_TUMOR	0.21484135779877228			
BRUINS_UVC_RESPONSE_EARLY_LATE	0.2148308662572567			
GSE2706_2H_VS_8H_LPS_STIM_DC_DN	0.21478326055221014			
P53_DECAMER_Q2	0.21477654671278293			
GO_NEGATIVE_REGULATION_OF_BLOOD_CIRCULATION	0.2147742879808535			
GO_RESPIRATORY_CHAIN_COMPLEX_IV_ASSEMBLY	0.21477159919133462			
GSE17721_LPS_VS_GARDIQUIMOD_1H_BMDC_DN	0.21476958896007894			
GO_POLYAMINE_TRANSPORT	0.21474798327024483			
GO_TRNA_5_END_PROCESSING	0.21473024659349413			
GO_ADRENERGIC_RECEPTOR_ACTIVITY	0.21471876325382094			
GO_UBIQUITIN_CONJUGATING_ENZYME_COMPLEX	0.21471633500290951			
KRCTCNNNNMANAGC_UNKNOWN	0.21470889754548347			
GO_PIGMENT_BIOSYNTHETIC_PROCESS	0.21470874642127977			
RANKIN_ANGIOGENIC_TARGETS_OF_VHL_HIF2A_UP	0.2147068894545744			
GO_COENZYME_TRANSMEMBRANE_TRANSPORTER_ACTIVITY	0.21470335434447016			
KLEIN_PRIMARY_EFFUSION_LYMPHOMA_UP	0.21469862201851808			
MIR887_3P	0.21469065257656864			
GO_RESPONSE_TO_NUTRIENT	0.21467128952736278			
GO_PROTEIN_SERINE_THREONINE_PHOSPHATASE_ACTIVITY	0.21464611992598093			
REACTOME_BICARBONATE_TRANSPORTERS	0.21464554705663988			
GO_TRANSEPITHELIAL_CHLORIDE_TRANSPORT	0.21464044467914878			
REACTOME_TP53_REGULATES_TRANSCRIPTION_OF_GENES_INVOLVED_IN_CYTOCHROME_C_RELEASE	0.2146382724100609			
GO_BETA_GLUCOSIDASE_ACTIVITY	0.2146326695445115			
GO_ETHANOL_OXIDATION	0.21460804633377553			
REACTOME_INTEGRATION_OF_ENERGY_METABOLISM	0.2146073175636264			
GO_MICROTUBULE_ANCHORING	0.21460713263049155			
GO_PROTEIN_SERINE_THREONINE_PHOSPHATASE_INHIBITOR_ACTIVITY	0.21460254120268304			
MIR6864_5P	0.21458734687925315			
GO_ANTIGEN_PROCESSING_AND_PRESENTATION_OF_ENDOGENOUS_ANTIGEN	0.2145769169609235			
MIR4704_3P	0.2145639845460521			
YAMASHITA_LIVER_CANCER_WITH_EPCAM_UP	0.214562480588708			
GO_PROTEIN_IMPORT_INTO_PEROXISOME_MEMBRANE	0.2145604789777939			
GSE36392_TYPE_2_MYELOID_VS_NEUTROPHIL_IL25_TREATED_LUNG_UP	0.21452625707108144			
MIR6716_5P	0.2145127876485817			
REPIN1_TARGET_GENES	0.21451136805510743			
GO_NEGATIVE_REGULATION_OF_SCHWANN_CELL_PROLIFERATION	0.21449187232313008			
REACTOME_REGULATION_OF_GENE_EXPRESSION_IN_BETA_CELLS	0.21447340017717628			
GO_CELLULAR_RESPONSE_TO_CAMP	0.21447110991481036			
GOUYER_TUMOR_INVASIVENESS	0.2144571477225421			
GO_BILE_ACID_BINDING	0.21445200897316982			
RAMPON_ENRICHED_LEARNING_ENVIRONMENT_EARLY_DN	0.214449114012729			
GO_REGULATION_OF_CELL_ADHESION_MOLECULE_PRODUCTION	0.21444601098927413			
GO_SNRNA_TRANSCRIPTION_BY_RNA_POLYMERASE_III	0.2144288579253342			
MIR595	0.21442859930196997			
MIR6864_3P	0.21440258583560065			
GO_RESPIRATORY_CHAIN_COMPLEX_IV	0.21439846710436128			
GSE17721_CTRL_VS_PAM3CSK4_1H_BMDC_UP	0.21439669959618307			
GO_SKELETAL_MUSCLE_SATELLITE_CELL_MAINTENANCE_INVOLVED_IN_SKELETAL_MUSCLE_REGENERATION	0.21438651878131726			
ABDULRAHMAN_KIDNEY_CANCER_VHL_DN	0.2143624572755646			
GO_GLIAL_CELL_MIGRATION	0.2143606381093128			
REACTOME_NEUROTRANSMITTER_CLEARANCE	0.21434498078617792			
MIR9500	0.21432709576005196			
REACTOME_ORGANELLE_BIOGENESIS_AND_MAINTENANCE	0.21430503246913002			
GO_CELLULAR_PROTEIN_COMPLEX_DISASSEMBLY	0.21429599327612983			
LINDGREN_BLADDER_CANCER_CLUSTER_3_UP	0.21428800208690385			
BRUINS_UVC_RESPONSE_MIDDLE	0.21427690535709126			
MIR759	0.21426744644947351			
MIR4697_5P	0.21425557755006377			
GSE17721_PAM3CSK4_VS_GADIQUIMOD_6H_BMDC_DN	0.2142445047270933			
GO_QUATERNARY_AMMONIUM_GROUP_TRANSMEMBRANE_TRANSPORTER_ACTIVITY	0.21424343296795834			
GO_ADP_BIOSYNTHETIC_PROCESS	0.21424336258387258			
REACTOME_METABOLISM_OF_STEROIDS	0.21422342033597905			
IPA_KCNIP2_DN	0.21421932178743477			
GSE19772_CTRL_VS_HCMV_INF_MONOCYTES_DN	0.21421814607711212			
GO_GLIAL_CELL_DERIVED_NEUROTROPHIC_FACTOR_RECEPTOR_SIGNALING_PATHWAY	0.21420404963826667			
REACTOME_PROTEIN_METHYLATION	0.21420248583746246			
REACTOME_SUMOYLATION_OF_INTRACELLULAR_RECEPTORS	0.21419772672020887			
MIR548AR_5P	0.21419661229448084			
GSE28726_NAIVE_VS_ACTIVATED_CD4_TCELL_DN	0.21419144345505062			
GO_NEGATIVE_REGULATION_OF_CAMP_DEPENDENT_PROTEIN_KINASE_ACTIVITY	0.21418799351356085			
REACTOME_P75NTR_NEGATIVELY_REGULATES_CELL_CYCLE_VIA_SC1	0.21415167316908437			
CHANG_IMMORTALIZED_BY_HPV31_UP	0.21413873009586407			
MIR6750_3P	0.2141325994584376			
GSE43955_TH0_VS_TGFB_IL6_TH17_ACT_CD4_TCELL_10H_DN	0.2141216451722008			
MIR4758_3P	0.21411831037061538			
GO_LIPOSACCHARIDE_METABOLIC_PROCESS	0.21410731933960214			
TIAN_BHLHA15_TARGETS	0.21410556959157698			
GSE5589_IL6_KO_VS_IL10_KO_LPS_STIM_MACROPHAGE_180MIN_UP	0.21409008817281036			
GO_SYMBIONT_CONTAINING_VACUOLE	0.21408660758156337			
GO_PRONUCLEUS	0.21405186583530345			
GSE45365_HEALTHY_VS_MCMV_INFECTION_CD11B_DC_IFNAR_KO_DN	0.2140342175312081			
MIR1910_3P	0.2140035807656477			
GSE22919_RESTING_VS_IL2_IL12_IL15_STIM_NK_CELL_UP	0.21399320295230928			
GSE37416_CTRL_VS_0H_F_TULARENSIS_LVS_NEUTROPHIL_UP	0.21398807231240038			
ZNF236_TARGET_GENES	0.21397321906900943			
GSE10239_NAIVE_VS_KLRG1INT_EFF_CD8_TCELL_DN	0.21397209541933312			
MIR31_5P	0.21395371883550873			
GO_RESPONSE_TO_HYPEROXIA	0.213951274508163			
GO_MACROMOLECULE_DEPALMITOYLATION	0.2139453790495372			
GO_PALMITOYL_PROTEIN_HYDROLASE_ACTIVITY	0.2139453790495372			
TAYLOR_METHYLATED_IN_ACUTE_LYMPHOBLASTIC_LEUKEMIA	0.21394332490491427			
GSE22935_24H_VS_48H_MBOVIS_BCG_STIM_MYD88_KO_MACROPHAGE_UP	0.21393664654993438			
GRANDVAUX_IRF3_TARGETS_UP	0.21391803669476736			
GO_HEPARAN_SULFATE_SULFOTRANSFERASE_ACTIVITY	0.21391556535394898			
GSE25677_MPL_VS_MPL_AND_R848_STIM_BCELL_DN	0.21390086895930133			
GSE20727_DNFB_ALLERGEN_VS_ROS_INH_AND_DNFB_ALLERGEN_TREATED_DC_UP	0.21389541160207046			
REACTOME_METABOLISM_OF_COFACTORS	0.2138714844412304			
GSE2770_TGFB_AND_IL4_VS_TGFB_AND_IL12_TREATED_ACT_CD4_TCELL_48H_UP	0.21385339567725795			
GSE3720_LPS_VS_PMA_STIM_VD2_GAMMADELTA_TCELL_DN	0.21384470188248342			
MIR6824_3P	0.2138444149009413			
BIOCARTA_IGF1R_PATHWAY	0.2138338561852393			
GSE18281_SUBCAPSULAR_VS_PERIMEDULLARY_CORTICAL_REGION_OF_THYMUS_UP	0.2138253717836482			
BOQUEST_STEM_CELL_CULTURED_VS_FRESH_DN	0.21382483493780147			
REACTOME_DEGRADATION_OF_DVL	0.21380578823669844			
IPA_NR2F1_DN	0.21380442429413832			
GO_SUBPALLIUM_DEVELOPMENT	0.21377068878314182			
GHANDHI_BYSTANDER_IRRADIATION_DN	0.213754587119598			
USF_02	0.213752676227117			
EHLERS_ANEUPLOIDY_DN	0.21368413216573778			
GO_ETHANOL_CATABOLIC_PROCESS	0.21368290321494915			
GO_REGULATION_OF_PROTEIN_DEUBIQUITINATION	0.213681682544517			
GGGCATT_MIR365	0.21367841108434987			
GSE21670_STAT3_KO_VS_WT_CD4_TCELL_TGFB_TREATED_DN	0.21366884316559764			
REACTOME_TRAFFICKING_OF_MYRISTOYLATED_PROTEINS_TO_THE_CILIUM	0.21366640229693676			
GSE30962_ACUTE_VS_CHRONIC_LCMV_SECONDARY_INF_CD8_TCELL_DN	0.2136564154914771			
GO_REGULATION_OF_ODONTOGENESIS_OF_DENTIN_CONTAINING_TOOTH	0.2136520589739883			
GO_L_SERINE_CATABOLIC_PROCESS	0.2136511247345317			
GO_RESPONSE_TO_DIETARY_EXCESS	0.21364615259426245			
GO_MITOCHONDRION	0.21364535446330488			
GO_DEATH_RECEPTOR_ACTIVITY	0.2136451505843584			
GSE17721_ALL_VS_24H_PAM3CSK4_BMDC_UP	0.21364509640547624			
GO_GLUTATHIONE_PEROXIDASE_ACTIVITY	0.21363872095900144			
REACTOME_WNT_LIGAND_BIOGENESIS_AND_TRAFFICKING	0.2136126462720207			
GO_SECRETION_OF_LYSOSOMAL_ENZYMES	0.2136096026585765			
IPA_ASF1A_DN	0.2136028356851219			
IPA_GTF2IRD1_DN	0.21359939212319012			
chr1p35	0.2135758907838615			
GO_NEGATIVE_REGULATION_OF_IMMATURE_T_CELL_PROLIFERATION	0.21356987686749382			
MIR4684_3P	0.21354976174108825			
KUMAMOTO_RESPONSE_TO_NUTLIN_3A_UP	0.2135431319564803			
KORKOLA_CHORIOCARCINOMA	0.21354166942320588			
WONG_PROTEASOME_GENE_MODULE	0.21354137930198433			
GO_N6_METHYLADENOSINE_CONTAINING_RNA_BINDING	0.2135396626137592			
MIR4650_5P	0.21353119891564737			
GO_RESPONSE_TO_ALCOHOL	0.21352980462060722			
GSE18281_CORTEX_VS_MEDULLA_THYMUS_UP	0.21351744771439457			
TUOMISTO_TUMOR_SUPPRESSION_BY_COL13A1_DN	0.2135045499524109			
IPA_HIF1AN_DN	0.21350269717561146			
GSE15930_STIM_VS_STIM_AND_TRICHOSTATINA_24H_CD8_T_CELL_UP	0.21349743723332565			
GO_RRNA_GUANINE_METHYLTRANSFERASE_ACTIVITY	0.21347513296005305			
IPA_HIC1_UP	0.21347250291658385			
MIR4700_3P	0.21346986224711606			
VEGF_A_UP.V1_UP	0.21346244137141768			
GO_REGULATION_OF_HISTONE_H3_K14_ACETYLATION	0.213461891247765			
BURTON_ADIPOGENESIS_PEAK_AT_24HR	0.21346118386092042			
GO_XENOBIOTIC_CATABOLIC_PROCESS	0.21345488106927718			
GO_APOPTOTIC_PROCESS_INVOLVED_IN_MORPHOGENESIS	0.21344525368302403			
GO_GOLGI_DISASSEMBLY	0.21343477970372463			
MIR6844	0.21343422263242642			
WELCSH_BRCA1_TARGETS_DN	0.21342694309273708			
GSE21033_1H_VS_12H_POLYIC_STIM_DC_UP	0.2134117410535568			
chr3q27	0.21340988995507618			
GSE360_DC_VS_MAC_B_MALAYI_LOW_DOSE_DN	0.21340299272640856			
GSE45365_CD8A_DC_VS_CD11B_DC_DN	0.21335409054185236			
CHARAFE_BREAST_CANCER_BASAL_VS_MESENCHYMAL_DN	0.21335343487533603			
MIR4315	0.2133408211032527			
GSE18281_SUBCAPSULAR_CORTICAL_REGION_VS_WHOLE_MEDULLA_THYMUS_UP	0.2133368845259033			
REACTOME_DEX_H_BOX_HELICASES_ACTIVATE_TYPE_I_IFN_AND_INFLAMMATORY_CYTOKINES_PRODUCTION	0.2133294321153655			
LFA1_Q6	0.21332055869552177			
GSE6259_DEC205_POS_DC_VS_CD8_TCELL_DN	0.21330615544270737			
GSE9946_IMMATURE_VS_PROSTAGLANDINE2_TREATED_MATURE_DC_DN	0.2132988567944777			
GSE3982_BASOPHIL_VS_NKCELL_DN	0.2132974069523355			
GSE23114_PERITONEAL_CAVITY_B1A_BCELL_VS_SPLEEN_BCELL_IN_SLE2C1_MOUSE_DN	0.21329334597544747			
YEGNASUBRAMANIAN_PROSTATE_CANCER	0.21327633849143193			
GO_RNA_SECONDARY_STRUCTURE_UNWINDING	0.2132657055018449			
GSE18791_CTRL_VS_NEWCASTLE_VIRUS_DC_18H_DN	0.21326460217801516			
GO_METALLOCHAPERONE_ACTIVITY	0.21325883195295445			
GRATIAS_RETINOBLASTOMA_16Q24	0.213257695666052			
GO_METANEPHRIC_GLOMERULAR_MESANGIUM_DEVELOPMENT	0.21325443795332513			
MIR412_3P	0.21324877212317297			
GO_DYNEIN_LIGHT_CHAIN_BINDING	0.21324720795748642			
NIKOLSKY_BREAST_CANCER_1Q21_AMPLICON	0.21323722186308045			
REACTOME_SIGNALING_BY_TGF_BETA_RECEPTOR_COMPLEX_IN_CANCER	0.21323033128066807			
MIR548A_5P	0.21322914962519765			
GSE13547_WT_VS_ZFX_KO_BCELL_ANTI_IGM_STIM_12H_UP	0.2132146678360369			
GSE19941_LPS_VS_LPS_AND_IL10_STIM_IL10_KO_MACROPHAGE_DN	0.21320389887904795			
MIR4725_3P	0.2131933345041403			
GO_INTERLEUKIN_27_MEDIATED_SIGNALING_PATHWAY	0.21319204052939425			
GSE37563_WT_VS_CTLA4_KO_CD4_TCELL_D4_POST_IMMUNIZATION_DN	0.21318131040956578			
GO_VOLTAGE_GATED_CALCIUM_CHANNEL_ACTIVITY_INVOLVED_IN_REGULATION_OF_PRESYNAPTIC_CYTOSOLIC_CALCIUM_LEVELS	0.21316905909825812			
GO_NEGATIVE_REGULATION_OF_CELLULAR_PROTEIN_CATABOLIC_PROCESS	0.2131688955689825			
MIR548AD_5P_MIR548AE_5P_MIR548AY_5P_MIR548B_5P_MIR548D_5P	0.21316012074318566			
GO_POSITIVE_REGULATION_OF_SARCOMERE_ORGANIZATION	0.21315663594299772			
MIR3689A_5P_MIR3689B_5P_MIR3689E_MIR3689F	0.21313899313092027			
BIOCARTA_PARKIN_PATHWAY	0.21311616634539995			
GO_PROTEIN_INSERTION_INTO_MEMBRANE	0.2130909481232458			
GO_REGULATION_OF_UBIQUITIN_SPECIFIC_PROTEASE_ACTIVITY	0.21307388265396943			
GO_MINERALOCORTICOID_METABOLIC_PROCESS	0.21306469853110463			
GO_AMINO_ACID_IMPORT	0.21305951216124472			
MIR432_5P	0.2130473169979348			
GO_LIGAND_GATED_CALCIUM_CHANNEL_ACTIVITY	0.21303027612503792			
GSE16451_IMMATURE_VS_MATURE_NEURON_CELL_LINE_WEST_EQUINE_ENC_VIRUS_DN	0.2130251421205475			
GO_VIRAL_GENOME_REPLICATION	0.21300476938369367			
GO_MYELOID_DENDRITIC_CELL_CYTOKINE_PRODUCTION	0.21300324231020074			
REACTOME_ACYL_CHAIN_REMODELLING_OF_PC	0.2130018952790191			
CHESLER_BRAIN_HIGHEST_GENETIC_VARIANCE	0.21299784252808612			
GSE13493_DP_VS_CD8POS_THYMOCYTE_DN	0.2129849083731612			
MIR634	0.21296465457876818			
GO_POSITIVE_REGULATION_OF_ARACHIDONIC_ACID_SECRETION	0.21295975178794668			
GO_TUBULIN_COMPLEX_ASSEMBLY	0.21295945404143202			
CHEOK_RESPONSE_TO_MERCAPTOPURINE_AND_HD_MTX_UP	0.21295715581567334			
GSE15735_2H_VS_12H_HDAC_INHIBITOR_TREATED_CD4_TCELL_UP	0.21295497589337709			
GO_1_ACYLGLYCEROPHOSPHOCHOLINE_O_ACYLTRANSFERASE_ACTIVITY	0.21294835511158872			
MIR4535	0.21293836077691067			
GO_NEUROTROPHIN_BINDING	0.21290872545463344			
IPA_KDM1A_UP	0.212897375667391			
GO_RESPIRATORY_GASEOUS_EXCHANGE_BY_RESPIRATORY_SYSTEM	0.21289680033155184			
GOLDRATH_HOMEOSTATIC_PROLIFERATION	0.21289542655124832			
REACTOME_PHASE_1_INACTIVATION_OF_FAST_NA_CHANNELS	0.21289206313249476			
GO_REGULATION_OF_ICOSANOID_SECRETION	0.21288119171619446			
BIOCARTA_ACETAMINOPHEN_PATHWAY	0.2128623618977383			
REACTOME_PLATELET_AGGREGATION_PLUG_FORMATION	0.21286026276942308			
ZNF488_TARGET_GENES	0.21285582175606396			
IPA_NFYC_UP	0.21283940672668142			
IPA_NFIC_UP	0.21283940672668142			
GO_NEGATIVE_REGULATION_OF_ATPASE_ACTIVITY	0.21281505907870896			
GSE11924_TFH_VS_TH17_CD4_TCELL_UP	0.21279848835445797			
MIR548O_5P_MIR548W	0.21279430647793265			
MIR548AK_MIR548AM_5P_MIR548C_5P_MIR548H_5P_MIR548O_5P_MIR548AU_5P	0.21279430647793265			
MIR548AL	0.2127858142816326			
GO_REGULATION_OF_FEVER_GENERATION	0.21277281232242368			
GO_PRIMARY_ACTIVE_TRANSMEMBRANE_TRANSPORTER_ACTIVITY	0.21277200327575518			
GO_DOPAMINE_BIOSYNTHETIC_PROCESS	0.21276962935773483			
GO_NEGATIVE_REGULATION_OF_NITRIC_OXIDE_SYNTHASE_ACTIVITY	0.21276935261024457			
PIGF_UP.V1_UP	0.21276734655246346			
GO_POSITIVE_REGULATION_OF_EPITHELIAL_CELL_APOPTOTIC_PROCESS	0.21275783361361106			
GO_EFFLUX_TRANSMEMBRANE_TRANSPORTER_ACTIVITY	0.21272120707235137			
PID_HDAC_CLASSIII_PATHWAY	0.21272073960393323			
MIR4271	0.21272057104922198			
GO_EXTRINSIC_COMPONENT_OF_PRESYNAPTIC_MEMBRANE	0.2127089811317002			
MIR3199	0.21270792023519594			
GO_GLUCOCORTICOID_METABOLIC_PROCESS	0.21269415462368885			
GO_POTASSIUM_ION_TRANSPORT	0.21268476740854264			
GO_SULFUR_COMPOUND_TRANSMEMBRANE_TRANSPORTER_ACTIVITY	0.21268149187374216			
GO_REGULATION_OF_VOLTAGE_GATED_CALCIUM_CHANNEL_ACTIVITY	0.2126696016099018			
GO_ALDEHYDE_CATABOLIC_PROCESS	0.21265486652333634			
GSE15930_NAIVE_VS_72H_IN_VITRO_STIM_IFNAB_CD8_TCELL_UP	0.21265113531296218			
CTCCAAG_MIR432	0.2126082678188677			
IPA_MNT_DN	0.21260759005204857			
GSE45365_NK_CELL_VS_CD8A_DC_UP	0.2126028887734425			
GO_ARGININE_TRANSMEMBRANE_TRANSPORTER_ACTIVITY	0.21259058876924455			
GO_REGULATION_OF_STEROID_METABOLIC_PROCESS	0.21256950229044738			
REACTOME_INTERLEUKIN_18_SIGNALING	0.2125687106093671			
GO_POSITIVE_REGULATION_OF_ANION_TRANSMEMBRANE_TRANSPORT	0.21255267628656357			
chr3p14	0.21253440310083954			
MIR610	0.21253249061192783			
GO_NEGATIVE_REGULATION_OF_BLOOD_PRESSURE	0.21253004660517366			
GSE18791_CTRL_VS_NEWCASTLE_VIRUS_DC_14H_DN	0.21252683038530784			
IPA_SSRP1_UP	0.21251341724456452			
GO_CAMP_BINDING	0.21250880683390053			
REACTOME_UPTAKE_AND_FUNCTION_OF_ANTHRAX_TOXINS	0.2124949416338746			
NAKAMURA_LUNG_CANCER_DIFFERENTIATION_MARKERS	0.21248925500751029			
GO_STEM_CELL_DIVISION	0.21247089389301527			
MIR6829_5P	0.21246634009913085			
GO_POSITIVE_REGULATION_OF_CHOLESTEROL_EFFLUX	0.212462011193965			
GO_REGULATION_OF_UBIQUITIN_PROTEIN_TRANSFERASE_ACTIVITY	0.21240060516452133			
MIR3117_5P	0.2123906848541939			
REACTOME_DISEASE	0.21238657512157205			
GO_ENDOPEPTIDASE_COMPLEX	0.21235510323741297			
IPA_ACTL6A_UP	0.2123404332024486			
IPA_SMARCE1_UP	0.2123404332024486			
IPA_PITX1_DN	0.2123404332024486			
GO_ADENYLATE_CYCLASE_INHIBITING_G_PROTEIN_COUPLED_RECEPTOR_SIGNALING_PATHWAY	0.21233063036081626			
PID_MAPK_TRK_PATHWAY	0.2123087772214246			
REACTOME_LATE_ENDOSOMAL_MICROAUTOPHAGY	0.21230784209777576			
GO_SPHINGOLIPID_TRANSPORTER_ACTIVITY	0.21230426194909982			
GO_CD40_RECEPTOR_COMPLEX	0.2122964947580902			
IPA_IRF3_UP	0.2122804400183794			
GO_TRANSMEMBRANE_RECEPTOR_PROTEIN_TYROSINE_KINASE_ACTIVATOR_ACTIVITY	0.21227822751272413			
REACTOME_RNA_POLYMERASE_III_TRANSCRIPTION	0.2122723949541088			
GSE32423_IL7_VS_IL4_MEMORY_CD8_TCELL_DN	0.21226037840559567			
GO_REGULATION_OF_MITOCHONDRIAL_ATP_SYNTHESIS_COUPLED_ELECTRON_TRANSPORT	0.21225733570858735			
IPA_ZNF43_UP	0.21221941099070174			
GSE10211_UV_INACT_SENDAI_VS_LIVE_SENDAI_VIRUS_TRACHEAL_EPITHELIAL_CELLS_DN	0.21221526894129827			
GSE23502_BM_VS_COLON_TUMOR_HDC_KO_MYELOID_DERIVED_SUPPRESSOR_CELL_UP	0.2122061297428125			
REACTOME_WNT5A_DEPENDENT_INTERNALIZATION_OF_FZD4	0.21220118510333663			
MIR6741_3P	0.21219135982671425			
GO_ENERGY_RESERVE_METABOLIC_PROCESS	0.21219113980521065			
GO_HEMATOPOIETIC_STEM_CELL_HOMEOSTASIS	0.2121872016436354			
GO_NEGATIVE_REGULATION_OF_LIPID_METABOLIC_PROCESS	0.2121849956608094			
MCBRYAN_PUBERTAL_BREAST_6_7WK_UP	0.21218398025302387			
WEBER_METHYLATED_LCP_IN_SPERM_DN	0.2121739038486927			
IPA_ETV1_DN	0.21216873768712144			
HALLMARK_UNFOLDED_PROTEIN_RESPONSE	0.2121452553207647			
MIR1908_5P	0.21213907804710722			
MIR6779_5P	0.21211857306747797			
GO_NEGATIVE_REGULATION_OF_TUBULIN_DEACETYLATION	0.21211632406944508			
GO_REGULATION_OF_ACUTE_INFLAMMATORY_RESPONSE	0.21211490871534455			
GO_NEUROTROPHIN_TRK_RECEPTOR_BINDING	0.2121148731126795			
GO_REGULATION_OF_DNA_DEMETHYLATION	0.21209945115683201			
THUM_MIR21_TARGETS_HEART_DISEASE_DN	0.21209009497888348			
GO_PURINE_CONTAINING_COMPOUND_METABOLIC_PROCESS	0.21206240931743883			
GO_PURINE_NUCLEOSIDE_DIPHOSPHATE_BIOSYNTHETIC_PROCESS	0.21206185353690615			
GO_REPLICATIVE_SENESCENCE	0.21205986178500144			
YAO_TEMPORAL_RESPONSE_TO_PROGESTERONE_CLUSTER_14	0.21204796317788804			
GO_MOLECULAR_ADAPTOR_ACTIVITY	0.21203531732518963			
GO_AMYLOID_BETA_BINDING	0.21202433013751812			
GSE20727_CTRL_VS_ROS_INHIBITOR_TREATED_DC_UP	0.21201126837634968			
GO_TRICARBOXYLIC_ACID_TRANSPORT	0.21199424793653546			
GO_TRICARBOXYLIC_ACID_TRANSMEMBRANE_TRANSPORTER_ACTIVITY	0.21199424793653546			
GSE27786_BCELL_VS_NEUTROPHIL_DN	0.21198993737304916			
GSE45365_NK_CELL_VS_CD11B_DC_MCMV_INFECTION_UP	0.21198862942161434			
IPA_HDAC7_UP	0.21196773869450725			
GO_MITOGEN_ACTIVATED_PROTEIN_KINASE_KINASE_KINASE_BINDING	0.21196287257995552			
GO_CIS_TRANS_ISOMERASE_ACTIVITY	0.2119523274395819			
GSE4984_UNTREATED_VS_LPS_TREATED_DC_DN	0.2119511131708307			
MIR874_5P	0.21195005554656218			
GO_NERVE_GROWTH_FACTOR_BINDING	0.21194176351705193			
GO_PROTEIN_HORMONE_RECEPTOR_ACTIVITY	0.21193978248041245			
GO_ESTABLISHMENT_OR_MAINTENANCE_OF_TRANSMEMBRANE_ELECTROCHEMICAL_GRADIENT	0.21192856167139246			
NIKOLSKY_BREAST_CANCER_6P24_P22_AMPLICON	0.2119252396204231			
GO_PRIMARY_ALCOHOL_CATABOLIC_PROCESS	0.21192144700239796			
MIR548AQ_5P	0.21192103230244727			
DELASERNA_TARGETS_OF_MYOD_AND_SMARCA4	0.21191370248305105			
IPA_HR_UP	0.21190312074152687			
GO_NEGATIVE_REGULATION_OF_OXIDATIVE_STRESS_INDUCED_NEURON_INTRINSIC_APOPTOTIC_SIGNALING_PATHWAY	0.21189685434534059			
MIR3128	0.21189159695386978			
GO_G_QUADRUPLEX_DNA_BINDING	0.21187814900007887			
GSE27896_HDAC6_KO_VS_WT_TREG_DN	0.21187289278918348			
WIERENGA_PML_INTERACTOME	0.21187169416489782			
GO_NUCLEOSIDE_PHOSPHATE_CATABOLIC_PROCESS	0.21185652454651613			
GSE37534_GW1929_VS_ROSIGLITAZONE_TREATED_CD4_TCELL_PPARG1_FOXP3_TRANSDUCED_UP	0.21183022415982075			
GO_GLUCOSE_SODIUM_SYMPORTER_ACTIVITY	0.21182415189322845			
IPA_HDAC4_UP	0.21181508147594952			
GO_EXIT_FROM_MITOSIS	0.2117949861158284			
GO_PYRIMIDINE_NUCLEOTIDE_BIOSYNTHETIC_PROCESS	0.21178636935397005			
GO_POSITIVE_REGULATION_OF_OXIDATIVE_STRESS_INDUCED_NEURON_DEATH	0.2117572277065498			
GSE3720_VD1_VS_VD2_GAMMADELTA_TCELL_WITH_PMA_STIM_UP	0.21175041274406836			
GO_PREFOLDIN_COMPLEX	0.21173655270999664			
KEGG_PROXIMAL_TUBULE_BICARBONATE_RECLAMATION	0.2117316388336716			
GO_CGMP_BIOSYNTHETIC_PROCESS	0.21172553883236855			
REACTOME_NEGATIVE_REGULATION_OF_FGFR3_SIGNALING	0.2117226940939832			
YNGTTNNNATT_UNKNOWN	0.21171324898233884			
GO_ESTABLISHMENT_OF_PROTEIN_LOCALIZATION_TO_MEMBRANE	0.21169617711732536			
GSE21927_BALBC_VS_C57BL6_MONOCYTE_TUMOR_UP	0.21169152255502058			
GO_MELANOCORTIN_RECEPTOR_ACTIVITY	0.2116666610357414			
GO_NEGATIVE_REGULATION_OF_SKELETAL_MUSCLE_TISSUE_DEVELOPMENT	0.2116517816569015			
REACTOME_THE_CITRIC_ACID_TCA_CYCLE_AND_RESPIRATORY_ELECTRON_TRANSPORT	0.21164033332241958			
MIR342_5P	0.21163112875104548			
GO_NEGATIVE_REGULATION_OF_CARDIAC_MUSCLE_TISSUE_DEVELOPMENT	0.21161848183961116			
GO_PROTON_TRANSPORTING_V_TYPE_ATPASE_V1_DOMAIN	0.2116176874034285			
GO_NEGATIVE_REGULATION_OF_PLATELET_AGGREGATION	0.21161641046780305			
GO_PEPTIDYL_TYROSINE_AUTOPHOSPHORYLATION	0.21161217200317894			
GO_REGULATION_OF_T_CELL_CYTOKINE_PRODUCTION	0.21160090942434684			
GO_DICARBOXYLIC_ACID_TRANSMEMBRANE_TRANSPORTER_ACTIVITY	0.21159961717544268			
REACTOME_MUCOPOLYSACCHARIDOSES	0.2115972964898571			
GO_RESPIRASOME	0.2115891222652952			
REACTOME_ORGANIC_ANION_TRANSPORTERS	0.2115789413031144			
MIR6841_3P	0.21157385702423118			
GSE21360_SECONDARY_VS_TERTIARY_MEMORY_CD8_TCELL_UP	0.21155065880833626			
MATZUK_SPERMATID_DIFFERENTIATION	0.2115479792359905			
ASTIER_INTEGRIN_SIGNALING	0.21154611254274552			
GO_PROTON_TRANSPORTING_TWO_SECTOR_ATPASE_COMPLEX	0.21153756896883483			
GO_REGULATION_OF_PROTEIN_OLIGOMERIZATION	0.2115199304958593			
REACTOME_VXPX_CARGO_TARGETING_TO_CILIUM	0.2115138248072637			
GO_REGULATION_OF_GAP_JUNCTION_ASSEMBLY	0.21149612755954822			
GO_POSITIVE_REGULATION_OF_INTRACELLULAR_STEROID_HORMONE_RECEPTOR_SIGNALING_PATHWAY	0.2114830638642451			
REACTOME_MAP3K8_TPL2_DEPENDENT_MAPK1_3_ACTIVATION	0.21148081650912642			
GSE8685_IL2_ACT_IL2_STARVED_VS_IL15_ACT_IL2_STARVED_CD4_TCELL_DN	0.21147563503647396			
GSE42021_CD24INT_VS_CD24LOW_TCONV_THYMUS_UP	0.21145472304607704			
GSE40274_SATB1_VS_FOXP3_AND_SATB1_TRANSDUCED_ACTIVATED_CD4_TCELL_UP	0.21144251271907888			
GSE3982_NEUTROPHIL_VS_TH1_DN	0.21143993433036307			
GO_NEGATIVE_REGULATION_OF_VOLTAGE_GATED_CALCIUM_CHANNEL_ACTIVITY	0.21142194993118343			
GO_NEGATIVE_REGULATION_OF_INSULIN_SECRETION_INVOLVED_IN_CELLULAR_RESPONSE_TO_GLUCOSE_STIMULUS	0.21140523999683244			
IPA_SKI_UP	0.2114036609260833			
MCCLUNG_COCAIN_REWARD_4WK	0.21139854587293597			
SMID_BREAST_CANCER_LUMINAL_A_DN	0.21138800433505392			
GO_HEAT_SHOCK_PROTEIN_BINDING	0.21136939893199264			
GO_REGULATION_OF_MEMBRANE_DEPOLARIZATION	0.2113590861730216			
GSE32423_CTRL_VS_IL7_MEMORY_CD8_TCELL_DN	0.2113271746931334			
GO_MITOPHAGY	0.21132481703391867			
GO_NITRIC_OXIDE_MEDIATED_SIGNAL_TRANSDUCTION	0.211321544347235			
GO_ENDOPEPTIDASE_ACTIVATOR_ACTIVITY	0.2113038159561685			
MIR152_5P	0.21130116556574968			
SANSOM_APC_MYC_TARGETS	0.21129745859640064			
GSE16385_IFNG_TNF_VS_IL4_STIM_MACROPHAGE_ROSIGLITAZONE_TREATED_DN	0.2112556299160999			
REACTOME_SYNTHESIS_OF_BILE_ACIDS_AND_BILE_SALTS_VIA_7ALPHA_HYDROXYCHOLESTEROL	0.21125303248553548			
GSE20727_CTRL_VS_DNFB_ALLERGEN_TREATED_DC_DN	0.21124857459100205			
GSE36476_CTRL_VS_TSST_ACT_72H_MEMORY_CD4_TCELL_OLD_UP	0.21124789039729364			
GSE25088_CTRL_VS_IL4_AND_ROSIGLITAZONE_STIM_STAT6_KO_MACROPHAGE_UP	0.2112428964850603			
MIR3127_3P	0.21123656631843254			
GO_SEQUESTERING_OF_ZINC_ION	0.2112338022699588			
GO_VITAMIN_D_METABOLIC_PROCESS	0.21118546628062346			
GO_CYSTEINE_TYPE_EXOPEPTIDASE_ACTIVITY	0.2111766447187085			
GO_REGULATION_OF_WNT_SIGNALING_PATHWAY_INVOLVED_IN_HEART_DEVELOPMENT	0.21117247094114933			
REACTOME_MITOTIC_G2_G2_M_PHASES	0.2111474441583231			
chrXq22	0.21114576165124005			
REACTOME_NEGATIVE_REGULATION_OF_FGFR2_SIGNALING	0.21112384373075982			
MIR505_3P	0.21111154011991332			
GO_G_PROTEIN_BETA_GAMMA_SUBUNIT_COMPLEX_BINDING	0.21110739205566434			
IPA_SREBF2_UP	0.21109670465662708			
WANG_METASTASIS_OF_BREAST_CANCER_ESR1_UP	0.2110851521898344			
GO_EUCHROMATIN	0.21108272746132262			
KRAS.600_UP.V1_DN	0.21108056706497577			
REACTOME_AMINO_ACIDS_REGULATE_MTORC1	0.2110787696968271			
GO_PROTEIN_KINASE_A_SIGNALING	0.21106532602012554			
PID_TRAIL_PATHWAY	0.21105564880635444			
GO_POSITIVE_REGULATION_OF_TELOMERASE_ACTIVITY	0.21103977773517185			
GO_PYRIMIDINE_NUCLEOSIDE_CATABOLIC_PROCESS	0.21103865576505418			
GO_NEGATIVE_REGULATION_OF_VIRAL_PROCESS	0.2110374260888605			
BOYAULT_LIVER_CANCER_SUBCLASS_G6_UP	0.21103720332460968			
PRDM5_TARGET_GENES	0.21102933319120298			
MIR1537_3P	0.21102440135581355			
GO_REGULATION_OF_HISTONE_DEACETYLASE_ACTIVITY	0.21102297769304154			
GO_APOPTOTIC_PROCESS_INVOLVED_IN_DEVELOPMENT	0.21102259358233458			
MIR6736_5P	0.21102216779688684			
GO_REGULATION_OF_ELECTRON_TRANSFER_ACTIVITY	0.21100360032810456			
IPA_CIITA_DN	0.21099703575572115			
GSE34006_WT_VS_A2AR_KO_TREG_UP	0.21098628159504607			
GO_CYCLIC_NUCLEOTIDE_METABOLIC_PROCESS	0.21097433494491427			
GSE40274_CTRL_VS_FOXP3_AND_XBP1_TRANSDUCED_ACTIVATED_CD4_TCELL_DN	0.2109737728558846			
GO_COBALAMIN_METABOLIC_PROCESS	0.21096955041683318			
chr3q23	0.21096615795475668			
MIR1228_3P	0.21096424745513345			
GSE3920_IFNA_VS_IFNG_TREATED_ENDOTHELIAL_CELL_UP	0.21095569037381168			
GSE26727_WT_VS_KLF2_KO_LPS_STIM_MACROPHAGE_DN	0.21094982548742391			
GSE23114_WT_VS_SLE2C1_MOUSE_PERITONEAL_CAVITY_B1A_BCELL_DN	0.21094883016023772			
GO_TRNA_SPECIFIC_RIBONUCLEASE_ACTIVITY	0.21094487757007954			
GO_QUATERNARY_AMMONIUM_GROUP_TRANSPORT	0.2109446561848778			
GARGALOVIC_RESPONSE_TO_OXIDIZED_PHOSPHOLIPIDS_CYAN_UP	0.21094194514620912			
GO_REGULATION_OF_PROTEIN_AUTOUBIQUITINATION	0.21093772347518225			
KEGG_SULFUR_METABOLISM	0.21093570885566126			
IPA_PSAP_UP	0.21092691855644585			
GSE36392_EOSINOPHIL_VS_NEUTROPHIL_IL25_TREATED_LUNG_DN	0.21092165237700708			
CHEOK_RESPONSE_TO_MERCAPTOPURINE_UP	0.21089697791805734			
IPA_RARB_UP	0.21089297703787924			
GO_NEGATIVE_REGULATION_OF_LYMPHOCYTE_MIGRATION	0.21088456746182735			
REACTOME_REGULATION_OF_INSULIN_SECRETION	0.2108825741729252			
MIR4524B_5P	0.21086839171235097			
MIR4524A_5P	0.21086839171235097			
GO_REGULATION_OF_HEART_INDUCTION	0.2108101177446103			
GSE17721_LPS_VS_POLYIC_0.5H_BMDC_DN	0.2107976251281255			
REACTOME_AUF1_HNRNP_D0_BINDS_AND_DESTABILIZES_MRNA	0.21077791917373132			
GO_REGULATION_OF_GASTRIC_MOTILITY	0.21076717351628635			
GSE40274_CTRL_VS_HELIOS_TRANSDUCED_ACTIVATED_CD4_TCELL_DN	0.21076515937859433			
IPA_NFIL3_DN	0.2107595655211403			
MIR1203	0.21075654238221211			
SHIN_B_CELL_LYMPHOMA_CLUSTER_7	0.21075498782220578			
GO_NEGATIVE_REGULATION_BY_HOST_OF_VIRAL_PROCESS	0.21074044480888338			
GO_DNA_RECOMBINASE_MEDIATOR_COMPLEX	0.21073853974636525			
HALLMARK_BILE_ACID_METABOLISM	0.21072498789438815			
GO_NEGATIVE_REGULATION_OF_TRANSFERASE_ACTIVITY	0.21072080372390742			
GO_POSITIVE_REGULATION_OF_HETEROTYPIC_CELL_CELL_ADHESION	0.21071451551826959			
GO_AV_NODE_CELL_TO_BUNDLE_OF_HIS_CELL_COMMUNICATION	0.2106967010453432			
GO_SPINDLE_ASSEMBLY_INVOLVED_IN_MEIOSIS	0.21069401352570996			
MIR339_3P	0.21064913275778674			
LAIHO_COLORECTAL_CANCER_SERRATED_DN	0.2106490872989511			
MIR3929	0.2106406523038997			
KYNG_DNA_DAMAGE_BY_GAMMA_RADIATION	0.21061157569698277			
GO_RESPONSE_TO_GLYCOSIDE	0.21060501927934847			
GSE37532_TREG_VS_TCONV_PPARG_KO_CD4_TCELL_FROM_VISCERAL_ADIPOSE_TISSUE_UP	0.2105934778747929			
GO_PEPTIDASE_ACTIVITY	0.21059230525703276			
GO_NEGATIVE_REGULATION_OF_MITOCHONDRIAL_FUSION	0.21059052223123848			
IPA_ELK4_UP	0.21059029341975066			
REACTOME_NEUROFASCIN_INTERACTIONS	0.21058892649968433			
REACTOME_REACTIONS_SPECIFIC_TO_THE_COMPLEX_N_GLYCAN_SYNTHESIS_PATHWAY	0.21057160341431141			
OUYANG_PROSTATE_CANCER_MARKERS	0.2105642882742137			
CONRAD_STEM_CELL	0.21055879155621596			
MYLLYKANGAS_AMPLIFICATION_HOT_SPOT_5	0.21055470202651608			
GO_PYRIMIDINE_RIBONUCLEOSIDE_METABOLIC_PROCESS	0.21055153281713052			
GO_REGULATION_OF_INTRINSIC_APOPTOTIC_SIGNALING_PATHWAY_IN_RESPONSE_TO_DNA_DAMAGE_BY_P53_CLASS_MEDIATOR	0.21054701610128482			
GO_REGULATION_OF_TRIGLYCERIDE_BIOSYNTHETIC_PROCESS	0.21052909325684113			
GO_ANTRAL_OVARIAN_FOLLICLE_GROWTH	0.21050263493698645			
GSE13522_CTRL_VS_T_CRUZI_Y_STRAIN_INF_SKIN_IFNG_KO_UP	0.21045649186735851			
GO_POSTSYNAPTIC_ENDOCYTIC_ZONE	0.21045555410395783			
GO_CENTRIOLE_ASSEMBLY	0.21044458705029273			
GO_COMMON_PARTNER_SMAD_PROTEIN_PHOSPHORYLATION	0.21042419663989836			
GO_POSITIVE_REGULATION_OF_POTASSIUM_ION_TRANSMEMBRANE_TRANSPORTER_ACTIVITY	0.21041376317305158			
GO_MOLECULAR_CARRIER_ACTIVITY	0.21040666378786876			
TAKEDA_TARGETS_OF_NUP98_HOXA9_FUSION_6HR_UP	0.2103983685915581			
GO_POSITIVE_REGULATION_OF_INTERLEUKIN_5_SECRETION	0.21039314629947198			
GO_THROMBIN_ACTIVATED_RECEPTOR_ACTIVITY	0.21036520549351007			
GO_CEREBRAL_CORTEX_GABAERGIC_INTERNEURON_DEVELOPMENT	0.21035766429043004			
HOXB7_TARGET_GENES	0.2103533605340304			
REACTOME_PEPTIDE_HORMONE_BIOSYNTHESIS	0.2103406948421761			
GSE17721_CTRL_VS_GARDIQUIMOD_2H_BMDC_UP	0.21033900273406192			
GO_ALPHA_GLUCOSIDASE_ACTIVITY	0.2103230007889848			
GSE43863_NAIVE_VS_MEMORY_TFH_CD4_TCELL_D150_LCMV_DN	0.21032286010252024			
GO_ESTROGEN_16_ALPHA_HYDROXYLASE_ACTIVITY	0.210310700486047			
MIR127_5P	0.2103089400024866			
REACTOME_MINERALOCORTICOID_BIOSYNTHESIS	0.21030782216118016			
GO_REGULATION_OF_ANION_TRANSPORT	0.2102625186355811			
GO_REGULATION_OF_CHEMOTAXIS	0.2102580682662129			
RAY_TUMORIGENESIS_BY_ERBB2_CDC25A_UP	0.21025725141380064			
MIR7976	0.21025149866194442			
BIOCARTA_LECTIN_PATHWAY	0.21024934000204848			
VISALA_AGING_LYMPHOCYTE_DN	0.21023465873499542			
HOSHIDA_LIVER_CANCER_LATE_RECURRENCE_DN	0.21022908320349928			
GSE11961_MEMORY_BCELL_DAY7_VS_PLASMA_CELL_DAY7_DN	0.2102265656131908			
MIR555	0.21022565181857483			
BROWNE_HCMV_INFECTION_6HR_UP	0.21022185423537057			
GO_REGULATION_OF_MELANOCYTE_DIFFERENTIATION	0.21021345852503598			
MIR2277_3P	0.21019943133245278			
GO_IRON_IMPORT_INTO_CELL	0.21017124223890937			
GO_REGULATION_OF_GENERATION_OF_PRECURSOR_METABOLITES_AND_ENERGY	0.21015139134617877			
GO_CATION_CATION_ANTIPORTER_ACTIVITY	0.21015095455873734			
GO_PHOSPHOLIPASE_ACTIVITY	0.21012571126570276			
GO_NADH_DEHYDROGENASE_ACTIVITY	0.2101218995355186			
GSE22935_UNSTIM_VS_48H_MBOVIS_BCG_STIM_MACROPHAGE_DN	0.21012098671323973			
GO_PROTEIN_CONTAINING_COMPLEX_DISASSEMBLY	0.21012070420970946			
GSE11367_CTRL_VS_IL17_TREATED_SMOOTH_MUSCLE_CELL_UP	0.2101043506232648			
GSE16385_UNTREATED_VS_12H_IL4_TREATED_MACROPHAGE_DN	0.21009872245309194			
BRF2_TARGET_GENES	0.2100967108244764			
GO_CARDIAC_CELL_FATE_COMMITMENT	0.21007470545648543			
GO_HETEROTRIMERIC_G_PROTEIN_COMPLEX	0.21007391342809145			
GSE25123_WT_VS_PPARG_KO_MACROPHAGE_IL4_AND_ROSIGLITAZONE_STIM_UP	0.21007116532884215			
ARNT_02	0.21006380692643456			
JOHNSTONE_PARVB_TARGETS_3_DN	0.21005942259513152			
GO_SODIUM_CHANNEL_COMPLEX	0.21005814528032174			
GSE7460_CTRL_VS_TGFB_TREATED_ACT_TCONV_UP	0.21004975532009124			
GO_RACEMASE_AND_EPIMERASE_ACTIVITY	0.2100408578582086			
REACTOME_CHEMOKINE_RECEPTORS_BIND_CHEMOKINES	0.20999855371726162			
GO_GLUCOCORTICOID_RECEPTOR_BINDING	0.20999178238651178			
GO_METAL_ION_TRANSPORT	0.20997294377637338			
GO_ION_HOMEOSTASIS	0.20994200330759819			
GO_ODORANT_BINDING	0.20991531893065143			
GO_PROTEIN_INSERTION_INTO_MITOCHONDRIAL_MEMBRANE	0.20988954540864735			
IPA_POU2F3_DN	0.20988360167615083			
IPA_POU2F3_UP	0.20988360167615083			
GSE9239_CTRL_VS_TNF_INHIBITOR_TREATED_DC_UP	0.20988355187261845			
GSE23321_EFFECTOR_MEMORY_VS_NAIVE_CD8_TCELL_DN	0.20987684403609055			
KEGG_OXIDATIVE_PHOSPHORYLATION	0.20987592721861345			
REACTOME_BIOSYNTHESIS_OF_SPECIALIZED_PRORESOLVING_MEDIATORS_SPMS	0.20986962752018767			
GSE14769_UNSTIM_VS_360MIN_LPS_BMDM_UP	0.20984707343380732			
MIR550B_3P	0.2098438778896838			
GO_REGULATION_OF_MITOTIC_CELL_CYCLE	0.20980758683217213			
GO_NEGATIVE_REGULATION_OF_LIPID_KINASE_ACTIVITY	0.20980487144896218			
GO_EMBRYONIC_RETINA_MORPHOGENESIS_IN_CAMERA_TYPE_EYE	0.20980216591390488			
IPA_MITF_UP	0.209799490903537			
GO_FOLIC_ACID_BINDING	0.20979865193222952			
WALLACE_JAK2_TARGETS_UP	0.20979152065332354			
IPA_CHD8_UP	0.20978911154328297			
KRAS.50_UP.V1_DN	0.20976575766132807			
GO_PHOSPHATIDYLSERINE_ACYL_CHAIN_REMODELING	0.20976093778343421			
MIR3672	0.20973286508658853			
GO_MANGANESE_ION_TRANSPORT	0.20973218392831883			
MIR4715_5P	0.20973204348918453			
REACTOME_SYNTHESIS_SECRETION_AND_INACTIVATION_OF_GLUCOSE_DEPENDENT_INSULINOTROPIC_POLYPEPTIDE_GIP	0.20972959503852479			
MIR6503_5P	0.20971053059620065			
GO_RESPONSE_TO_CGMP	0.20970399576890286			
GO_INTEGRAL_COMPONENT_OF_CYTOPLASMIC_SIDE_OF_ENDOPLASMIC_RETICULUM_MEMBRANE	0.20970297644502484			
RIZKI_TUMOR_INVASIVENESS_3D_UP	0.20969291611803675			
IPA_SULT2A1_DN	0.20969062054999088			
GO_NEGATIVE_REGULATION_OF_RESPONSE_TO_EXTRACELLULAR_STIMULUS	0.2096857219159005			
GO_REGULATION_OF_CELLULAR_RESPIRATION	0.20967639527922088			
IPA_EGR3_DN	0.2096398021183763			
GO_EXOCYST	0.20963361592342666			
GO_REGULATION_OF_FERTILIZATION	0.2096117540444641			
MARKEY_RB1_ACUTE_LOF_UP	0.2096072692615763			
GO_TOOTH_MINERALIZATION	0.20960302542621237			
GSE7460_CTRL_VS_FOXP3_OVEREXPR_TCONV_1_DN	0.20960013352962115			
GO_NEGATIVE_REGULATION_OF_CELL_AGING	0.20958172121002855			
KRIGE_AMINO_ACID_DEPRIVATION	0.20957839563362415			
GO_GANGLIOSIDE_METABOLIC_PROCESS	0.20954430258238488			
ZNF595_TARGET_GENES	0.2095220604692617			
GO_ALPHA_AMINO_ACID_BIOSYNTHETIC_PROCESS	0.20951113799405235			
BOYAULT_LIVER_CANCER_SUBCLASS_G23_DN	0.20949906240874852			
PYEON_CANCER_HEAD_AND_NECK_VS_CERVICAL_UP	0.20949787336107917			
GSE42021_CD24LO_TREG_VS_CD24LO_TCONV_THYMUS_UP	0.20949735529629276			
PKCA_DN.V1_UP	0.20946576874176545			
GO_DIAPHRAGM_DEVELOPMENT	0.20946110811379984			
GO_LUTEINIZING_HORMONE_SECRETION	0.2094522398630453			
GO_GLUTAMATE_BIOSYNTHETIC_PROCESS	0.20942086089074763			
GO_EXTRINSIC_COMPONENT_OF_ENDOSOME_MEMBRANE	0.20938579579032765			
GO_ISOMERASE_ACTIVITY	0.209384179586471			
GO_GLUCOSIDASE_ACTIVITY	0.2093724590155386			
GO_NEGATIVE_REGULATION_OF_REGULATORY_T_CELL_DIFFERENTIATION	0.2093697990612955			
PID_PDGFRB_PATHWAY	0.2093539155831288			
GO_HYALURONONGLUCOSAMINIDASE_ACTIVITY	0.20932818398361278			
GO_REGULATION_OF_TOOTH_MINERALIZATION	0.2093199233012177			
MIR3689A_3P_MIR3689B_3P_MIR3689C	0.20931338510231776			
GSE15930_NAIVE_VS_72H_IN_VITRO_STIM_IL12_CD8_TCELL_UP	0.20930469852306482			
RB_P130_DN.V1_UP	0.209300389221249			
GO_IMMATURE_T_CELL_PROLIFERATION_IN_THYMUS	0.20928825234523118			
GSE37532_VISCERAL_ADIPOSE_TISSUE_VS_LN_DERIVED_TREG_CD4_TCELL_UP	0.20926888999903887			
GO_POSITIVE_REGULATION_OF_G_PROTEIN_COUPLED_RECEPTOR_SIGNALING_PATHWAY	0.209268115511711			
IPA_HNF1A_DN	0.20926270694048893			
SMIRNOV_CIRCULATING_ENDOTHELIOCYTES_IN_CANCER_DN	0.20925178777585582			
MARIADASON_REGULATED_BY_HISTONE_ACETYLATION_DN	0.2092489269721829			
GO_EMBRYONIC_VISCEROCRANIUM_MORPHOGENESIS	0.20922337711637895			
IPA_VSX2_DN	0.20922097465366335			
IPA_SIM2_DN	0.2092154872929576			
GO_OXIDOREDUCTASE_COMPLEX	0.20920959686509985			
GO_POSITIVE_REGULATION_OF_ORGANIC_ACID_TRANSPORT	0.20919799101667427			
GO_RNA_POLYMERASE_III_REGULATORY_REGION_DNA_BINDING	0.20919040288306445			
REACTOME_REGULATION_OF_MRNA_STABILITY_BY_PROTEINS_THAT_BIND_AU_RICH_ELEMENTS	0.20918800370393176			
RODWELL_AGING_KIDNEY_DN	0.20917541109369367			
GO_ALDOSTERONE_METABOLIC_PROCESS	0.20917497463643325			
GSE1791_CTRL_VS_NEUROMEDINU_IN_T_CELL_LINE_3H_UP	0.20916530802801403			
GO_BIOTIN_BINDING	0.2091601174406202			
GO_NUCLEOBASE_CONTAINING_SMALL_MOLECULE_METABOLIC_PROCESS	0.20915608074308867			
NGO_MALIGNANT_GLIOMA_1P_LOH	0.20915009073133142			
AAGTCCA_MIR422B_MIR422A	0.20912738627197952			
IIZUKA_LIVER_CANCER_PROGRESSION_G2_G3_DN	0.2091213235551323			
SA_TRKA_RECEPTOR	0.20910878998631574			
GSE17721_CTRL_VS_PAM3CSK4_8H_BMDC_UP	0.209091688898819			
REACTOME_SYNTHESIS_OF_SUBSTRATES_IN_N_GLYCAN_BIOSYTHESIS	0.20908712750893735			
REACTOME_INTERLEUKIN_27_SIGNALING	0.20906737721240307			
MIR12115	0.20906434893176656			
GSE15330_HSC_VS_LYMPHOID_PRIMED_MULTIPOTENT_PROGENITOR_IKAROS_KO_DN	0.2090597492816073			
TURASHVILI_BREAST_CARCINOMA_DUCTAL_VS_LOBULAR_DN	0.2090433246317039			
GSE11961_PLASMA_CELL_DAY7_VS_MEMORY_BCELL_DAY40_UP	0.20903781269183289			
GSE37301_COMMON_LYMPHOID_PROGENITOR_VS_GRAN_MONO_PROGENITOR_UP	0.20900659456352902			
GO_POSITIVE_REGULATION_OF_NATURAL_KILLER_CELL_PROLIFERATION	0.20900134859954814			
GO_ARTERIAL_ENDOTHELIAL_CELL_DIFFERENTIATION	0.2089886354037876			
GO_MULTIVESICULAR_BODY_LUMEN	0.2089625532110872			
GO_PHOSPHATIDYLINOSITOL_3_KINASE_COMPLEX_CLASS_III	0.20894889207177217			
GO_SPERMINE_METABOLIC_PROCESS	0.20893704522999243			
GO_NEUROBLAST_DIVISION	0.20892800488372862			
GO_PROTEIN_FOLDING	0.20892389402488942			
GO_ENDOTHELIAL_CELL_ACTIVATION	0.2089143590189476			
IPA_KDM4C_UP	0.20889756761388875			
IPA_KAT7_DN	0.20889756761388875			
GO_CELL_MIGRATION_INVOLVED_IN_GASTRULATION	0.20889574106692627			
MIR3911	0.20888957347923484			
MIR26B_3P	0.20887968461539444			
GO_GOLGI_TRANSPORT_COMPLEX	0.20887752780639518			
MIR3918	0.2088541205123446			
GTCTTCC_MIR7	0.20884929864202453			
MIR8074	0.20882495417353514			
MIR3170	0.20882219702795832			
GO_SULFATE_TRANSMEMBRANE_TRANSPORTER_ACTIVITY	0.2088110797779853			
GO_CIS_GOLGI_NETWORK_MEMBRANE	0.20879952228250118			
WARTERS_IR_RESPONSE_5GY	0.20878254249508343			
GSE3982_CENT_MEMORY_CD4_TCELL_VS_TH2_DN	0.20876123194008173			
MIR875_5P	0.20875220154304572			
MIR548Y	0.20873851309172547			
GO_POSITIVE_REGULATION_OF_SIGNAL_TRANSDUCTION_BY_P53_CLASS_MEDIATOR	0.20873673530617656			
GO_POSITIVE_REGULATION_OF_MYOTUBE_DIFFERENTIATION	0.20873366063129034			
GO_PHOTORECEPTOR_CELL_OUTER_SEGMENT_ORGANIZATION	0.2087211847403556			
GO_NEGATIVE_REGULATION_OF_PLATELET_DERIVED_GROWTH_FACTOR_RECEPTOR_SIGNALING_PATHWAY	0.20872084589771758			
GSE339_CD4POS_VS_CD4CD8DN_DC_IN_CULTURE_UP	0.20870474023570038			
IPA_ZFHX3_DN	0.20870369353284168			
GO_VASODILATION	0.20869763190627116			
GO_NEGATIVE_REGULATION_OF_IMMUNOGLOBULIN_PRODUCTION	0.20867379411862844			
GO_R2TP_COMPLEX	0.20867300048017695			
GO_PHOTORECEPTOR_CONNECTING_CILIUM	0.2086472355996468			
GSE28726_NAIVE_VS_ACTIVATED_VA24NEG_NKTCELL_UP	0.20864568840294118			
REACTOME_OREXIN_AND_NEUROPEPTIDES_FF_AND_QRFP_BIND_TO_THEIR_RESPECTIVE_RECEPTORS	0.2086295243843658			
GSE39022_LN_VS_SPLEEN_DC_UP	0.20860634395481764			
GO_CELLULAR_RESPONSE_TO_ESTRADIOL_STIMULUS	0.2085979324871025			
GO_LATE_ENDOSOME_LUMEN	0.2085836969589623			
GSE17721_CTRL_VS_CPG_6H_BMDC_DN	0.20857686187991784			
GO_POTASSIUM_CHLORIDE_SYMPORTER_ACTIVITY	0.20857296785607277			
DELASERNA_MYOD_TARGETS_UP	0.20856882129168547			
GSE18791_CTRL_VS_NEWCASTLE_VIRUS_DC_1H_DN	0.20855596059712528			
GO_AROMATIC_AMINO_ACID_TRANSMEMBRANE_TRANSPORTER_ACTIVITY	0.20854572273528207			
GO_EPITHELIAL_STRUCTURE_MAINTENANCE	0.2085390936613561			
GO_CGMP_METABOLIC_PROCESS	0.2085381771261477			
GSE40274_CTRL_VS_FOXP3_AND_EOS_TRANSDUCED_ACTIVATED_CD4_TCELL_DN	0.20853474854816484			
MIR1304_5P	0.208502640493782			
GO_POSITIVE_REGULATION_OF_ENDOTHELIAL_CELL_APOPTOTIC_PROCESS	0.20849247067210602			
GO_CALCIUM_ION_TRANSMEMBRANE_TRANSPORT_VIA_HIGH_VOLTAGE_GATED_CALCIUM_CHANNEL	0.20848671736596455			
GSE10147_IL3_VS_IL3_AND_HIVP17_STIM_PDC_DN	0.20846715512760386			
GSE10273_HIGH_IL7_VS_HIGH_IL7_AND_IRF4_IN_IRF4_8_NULL_PRE_BCELL_UP	0.2084641184498514			
MILI_PSEUDOPODIA	0.2084597520656323			
REACTOME_COMMON_PATHWAY_OF_FIBRIN_CLOT_FORMATION	0.2084502591004329			
IPA_KMT2A_UP	0.2084445466772029			
GO_SIGNAL_RECOGNITION_PARTICLE_ENDOPLASMIC_RETICULUM_TARGETING	0.20842647130349032			
GO_COMPARTMENT_PATTERN_SPECIFICATION	0.20842076147662875			
MATZUK_MATERNAL_EFFECT	0.20839922328804075			
GO_MESENCHYMAL_STEM_CELL_MAINTENANCE_INVOLVED_IN_NEPHRON_MORPHOGENESIS	0.20838650006394865			
REACTOME_RSK_ACTIVATION	0.208367746412217			
GSE19888_ADENOSINE_A3R_INH_VS_ACT_WITH_INHIBITOR_PRETREATMENT_IN_MAST_CELL_DN	0.20836072626680546			
REACTOME_PHOSPHOLIPASE_C_MEDIATED_CASCADE_FGFR4	0.20832907433995146			
MIR3200_3P	0.20832257421319872			
REACTOME_NR1H2_NR1H3_REGULATE_GENE_EXPRESSION_LINKED_TO_LIPOGENESIS	0.20832168569163376			
chr5q13	0.20831874575270817			
GSE18791_CTRL_VS_NEWCASTLE_VIRUS_DC_16H_DN	0.20831802601906504			
GO_PRESYNAPTIC_CYTOSKELETON	0.20831038515437028			
GSE6269_FLU_VS_E_COLI_INF_PBMC_DN	0.20830791898115847			
NIKOLSKY_BREAST_CANCER_8Q12_Q22_AMPLICON	0.20829232951508692			
AR_02	0.20828506286883686			
GO_NEGATIVE_REGULATION_OF_VIRAL_GENOME_REPLICATION	0.20828379650720788			
MIR873_3P	0.20828158027138993			
GO_MIDBODY	0.20827987577611803			
REACTOME_MULTIFUNCTIONAL_ANION_EXCHANGERS	0.20826646797823758			
GO_REVERSIBLE_DIFFERENTIATION	0.20826355641052202			
GO_NEGATIVE_REGULATION_OF_SOMATIC_STEM_CELL_POPULATION_MAINTENANCE	0.20826243483497603			
GO_POSITIVE_REGULATION_OF_PROTEIN_CONTAINING_COMPLEX_DISASSEMBLY	0.20826194681052743			
MIR6510_5P	0.2082609867970762			
GO_ENERGY_DERIVATION_BY_OXIDATION_OF_ORGANIC_COMPOUNDS	0.20825952879229853			
GO_PHOSPHOLIPASE_A2_ACTIVITY	0.2082357627174626			
GO_PROTEIN_LOCALIZATION_TO_AXON	0.20822202700624046			
GO_TRANSCRIPTION_INITIATION_FROM_RNA_POLYMERASE_II_PROMOTER	0.20820716516612134			
GO_REGULATION_OF_MITOCHONDRIAL_FUSION	0.2081985948137943			
GO_PLATELET_DERIVED_GROWTH_FACTOR_RECEPTOR_BINDING	0.20819323532207232			
GO_REGULATION_OF_VIRAL_GENOME_REPLICATION	0.20818022634628647			
WILCOX_RESPONSE_TO_PROGESTERONE_UP	0.2081763116601492			
GO_ALCOHOL_CATABOLIC_PROCESS	0.20816799279687218			
SMID_BREAST_CANCER_RELAPSE_IN_PLEURA_UP	0.2081497414628914			
REACTOME_ABC_TRANSPORTERS_IN_LIPID_HOMEOSTASIS	0.20814507538772087			
GO_MITOGEN_ACTIVATED_PROTEIN_KINASE_BINDING	0.208140772258424			
GO_REGULATION_OF_COENZYME_METABOLIC_PROCESS	0.20813618552736798			
SMID_BREAST_CANCER_RELAPSE_IN_LIVER_DN	0.20812523028274788			
GO_STEROID_DEHYDROGENASE_ACTIVITY	0.2081179228780931			
MANN_RESPONSE_TO_AMIFOSTINE_UP	0.20811165866196094			
REACTOME_DISINHIBITION_OF_SNARE_FORMATION	0.20810532566587453			
GO_ETHANOL_METABOLIC_PROCESS	0.20810295058599573			
GO_MICROGLIA_DIFFERENTIATION	0.20810020507088398			
GO_GENERATION_OF_PRECURSOR_METABOLITES_AND_ENERGY	0.20809891038991574			
GO_NEGATIVE_REGULATION_OF_MULTICELLULAR_ORGANISM_GROWTH	0.20808454903232043			
GSE40666_UNTREATED_VS_IFNA_STIM_CD8_TCELL_90MIN_UP	0.2080840427858661			
MIR181C_5P	0.20806272246998786			
GO_REGULATION_OF_TELOMERASE_ACTIVITY	0.20805366405359169			
IPA_SMARCA2_UP	0.20803618803676585			
REACTOME_RESPIRATORY_ELECTRON_TRANSPORT	0.20802426856099657			
chr1q22	0.20800203934950398			
REACTOME_SYNTHESIS_OF_5_EICOSATETRAENOIC_ACIDS	0.20797818137179475			
GSE22886_NAIVE_CD4_TCELL_VS_12H_ACT_TH2_DN	0.2079744491893029			
GO_CELLULAR_METABOLIC_COMPOUND_SALVAGE	0.20793806526758504			
ZNF416_TARGET_GENES	0.20793516506467394			
CETS1P54_01	0.20793314599137253			
LHX4_TARGET_GENES	0.20792303035540813			
NIKOLSKY_BREAST_CANCER_17P11_AMPLICON	0.2079226870967063			
GO_CELLULAR_RESPONSE_TO_NICOTINE	0.20790022061174757			
GO_RESPONSE_TO_GONADOTROPIN_RELEASING_HORMONE	0.20785952682813583			
IPA_NEUROD6_UP	0.2078410702603615			
GO_TRANSMEMBRANE_RECEPTOR_PROTEIN_SERINE_THREONINE_KINASE_BINDING	0.20782439525033947			
chr1p33	0.2078206141419521			
REACTOME_STABILIZATION_OF_P53	0.20781052928240126			
MIR181D_5P	0.20780686547326319			
MIR3130_5P	0.2078046999387181			
MIR670_3P	0.20780051333919722			
GO_MICROTUBULE_ORGANIZING_CENTER_ATTACHMENT_SITE	0.2077943201331055			
REACTOME_RUNX2_REGULATES_GENES_INVOLVED_IN_CELL_MIGRATION	0.20779076394245002			
GO_PROTEIN_LIPID_COMPLEX_BINDING	0.20775344840046678			
GO_NEGATIVE_REGULATION_OF_MITOTIC_CELL_CYCLE	0.20774769662146414			
GO_DNA_TEMPLATED_TRANSCRIPTION_INITIATION	0.20774433095456055			
GO_POSITIVE_REGULATION_OF_PROTEIN_LOCALIZATION_TO_NUCLEUS	0.20772527687346323			
GO_VENTRICULAR_SYSTEM_DEVELOPMENT	0.20768665598101305			
GSE21670_TGFB_VS_IL6_TREATED_CD4_TCELL_UP	0.20766732139117558			
DBP_Q6	0.20765529556189805			
MIR5585_3P	0.20765505236304013			
GSE15330_HSC_VS_LYMPHOID_PRIMED_MULTIPOTENT_PROGENITOR_UP	0.20764905478866594			
REACTOME_RNA_POLYMERASE_I_TRANSCRIPTION_TERMINATION	0.20764657697835065			
REACTOME_CHYLOMICRON_ASSEMBLY	0.2076309362649393			
GSE45365_WT_VS_IFNAR_KO_CD11B_DC_DN	0.20763033389446237			
MYB_Q3	0.2076261950217994			
GSE8685_IL2_ACT_IL2_STARVED_VS_IL21_ACT_IL2_STARVED_CD4_TCELL_DN	0.2075980858176749			
GSE26928_EFF_MEMORY_VS_CXCR5_POS_CD4_TCELL_DN	0.20752497194067254			
GO_TOLERANCE_INDUCTION_DEPENDENT_UPON_IMMUNE_RESPONSE	0.2075146069331914			
REACTOME_CONSTITUTIVE_SIGNALING_BY_ABERRANT_PI3K_IN_CANCER	0.207504101176554			
GO_REGULATION_OF_CILIUM_BEAT_FREQUENCY_INVOLVED_IN_CILIARY_MOTILITY	0.20750365573212065			
GO_REGULATION_OF_GLUCAN_BIOSYNTHETIC_PROCESS	0.2074986576175028			
GO_MEIOTIC_SPINDLE	0.207472862180813			
FUJIWARA_PARK2_HEPATOCYTE_PROLIFERATION_UP	0.2074591077130572			
GO_GPI_ANCHOR_BINDING	0.20745149167189625			
GO_NEGATIVE_REGULATION_OF_COLD_INDUCED_THERMOGENESIS	0.2074435657133124			
MIR181A_5P_MIR181B_5P	0.20743422647001333			
GO_ARGININE_METABOLIC_PROCESS	0.20743093031987764			
GSE4142_PLASMA_CELL_VS_GC_BCELL_DN	0.20742185963142654			
GSE32423_MEMORY_VS_NAIVE_CD8_TCELL_IL7_UP	0.2074051880195047			
GSE30153_LUPUS_VS_HEALTHY_DONOR_BCELL_DN	0.20738223176753356			
MONTERO_THYROID_CANCER_POOR_SURVIVAL_UP	0.20735966088468752			
IPA_HIST1H1A_DN	0.20733955429136508			
ZBED5_TARGET_GENES	0.20733939037893326			
GO_CALCIUM_POTASSIUM_SODIUM_ANTIPORTER_ACTIVITY	0.20731289689289234			
chr2p21	0.20731206765209362			
MATZUK_MALE_REPRODUCTION_SERTOLI	0.2073048600167053			
RIZ_ERYTHROID_DIFFERENTIATION_HEMGN	0.20729247851116037			
MIR4673	0.20726407325835303			
NICK_RESPONSE_TO_PROC_TREATMENT_DN	0.20724243613442048			
GO_MHC_CLASS_I_PROTEIN_COMPLEX	0.20721931703533655			
BIOCARTA_ETS_PATHWAY	0.20721705546297098			
IPA_SALL4_DN	0.2072146786342558			
GO_CHOLINE_METABOLIC_PROCESS	0.20721046628256104			
GO_POSITIVE_REGULATION_OF_TELOMERE_MAINTENANCE_VIA_TELOMERE_LENGTHENING	0.2072029875551102			
KEGG_CARDIAC_MUSCLE_CONTRACTION	0.2072004042230243			
GSE46606_UNSTIM_VS_CD40L_IL2_IL5_3DAY_STIMULATED_IRF4HIGH_SORTED_BCELL_DN	0.20717930397262285			
chr4q21	0.2071764623527969			
GO_CORNEA_DEVELOPMENT_IN_CAMERA_TYPE_EYE	0.20717055612175883			
IPA_ETV5_DN	0.20714920502857556			
MIR520A_5P	0.20713166290984167			
GSE21380_TFH_VS_GERMINAL_CENTER_TFH_CD4_TCELL_DN	0.20712473441835755			
MIR4732_3P	0.20712283277231103			
REACTOME_VITAMINS	0.20710858393025183			
GO_REGULATION_OF_TOR_SIGNALING	0.20710140425116086			
GO_INHIBITION_OF_NEUROEPITHELIAL_CELL_DIFFERENTIATION	0.207094289383514			
REACTOME_SYNTHESIS_SECRETION_AND_INACTIVATION_OF_GLUCAGON_LIKE_PEPTIDE_1_GLP_1	0.20707855040805678			
GSE37534_UNTREATED_VS_ROSIGLITAZONE_TREATED_CD4_TCELL_PPARG1_AND_FOXP3_TRASDUCED_UP	0.20705530514387455			
GSE18893_CTRL_VS_TNF_TREATED_TREG_2H_UP	0.20704855980602974			
KEGG_RIBOFLAVIN_METABOLISM	0.20704435060979826			
GO_MATING	0.20704027301894365			
GO_POSITIVE_REGULATION_OF_LIPID_STORAGE	0.2070133683453182			
MIR8071	0.2070123284619953			
GSE27786_LIN_NEG_VS_NKTCELL_UP	0.2070079279515344			
GO_3_KETO_STEROL_REDUCTASE_ACTIVITY	0.20698638563742952			
BIOCARTA_EICOSANOID_PATHWAY	0.20698101143946435			
IPA_NCOA6_UP	0.20697008090539984			
GO_REGULATION_OF_INFLAMMATORY_RESPONSE_TO_WOUNDING	0.20696336511179556			
GO_REGULATION_OF_STEROID_BIOSYNTHETIC_PROCESS	0.20695451953507407			
GO_C4_DICARBOXYLATE_TRANSMEMBRANE_TRANSPORTER_ACTIVITY	0.20695090346057746			
GO_NUCLEOLUS_ORGANIZATION	0.20694713238326562			
BARRIER_COLON_CANCER_RECURRENCE_DN	0.20694379801530918			
GSE15624_CTRL_VS_6H_HALOFUGINONE_TREATED_CD4_TCELL_DN	0.2069362051628076			
REACTOME_PROTEIN_FOLDING	0.2069277510204399			
GO_NUCLEOTIDE_PHOSPHORYLATION	0.20692722725468837			
NIKOLSKY_BREAST_CANCER_7P22_AMPLICON	0.20692660216450184			
BENPORATH_ES_1	0.2069261187662554			
GO_PEPTIDE_CATABOLIC_PROCESS	0.20692440313224492			
CHIANG_LIVER_CANCER_SUBCLASS_CTNNB1_UP	0.20689796393987794			
GSE21670_UNTREATED_VS_TGFB_TREATED_CD4_TCELL_UP	0.20686952603276393			
GO_SOLUTE_SODIUM_SYMPORTER_ACTIVITY	0.20686173051618312			
GO_REGULATION_OF_MESODERM_DEVELOPMENT	0.20685844724873823			
GSE24142_EARLY_THYMIC_PROGENITOR_VS_DN2_THYMOCYTE_FETAL_DN	0.20685409079460543			
ZNF239_TARGET_GENES	0.20681283110880821			
REACTOME_SYNTHESIS_OF_BILE_ACIDS_AND_BILE_SALTS_VIA_24_HYDROXYCHOLESTEROL	0.20681060639180765			
KEGG_ABC_TRANSPORTERS	0.20676387966717996			
PID_ANGIOPOIETIN_RECEPTOR_PATHWAY	0.20673645016913486			
GO_PHOSPHATIDYLGLYCEROL_ACYL_CHAIN_REMODELING	0.20673602547332107			
chrXq23	0.2067254724308738			
PBXIP1_TARGET_GENES	0.20672252737908148			
GO_3_HYDROXYACYL_COA_DEHYDRATASE_ACTIVITY	0.20671790715368232			
GO_EXTRACELLULAR_MEMBRANE_BOUNDED_ORGANELLE	0.20668854344922347			
BUCKANOVICH_T_LYMPHOCYTE_HOMING_ON_TUMOR_UP	0.206671325199511			
IPA_HHEX_UP	0.20666152297610496			
GO_PHOSPHOLIPASE_A2_ACTIVITY_CONSUMING_1_2_DIPALMITOYLPHOSPHATIDYLCHOLINE	0.20666059020581015			
REACTOME_GLUTATHIONE_SYNTHESIS_AND_RECYCLING	0.20665722262994862			
GO_NEGATIVE_REGULATION_OF_EXECUTION_PHASE_OF_APOPTOSIS	0.20665522988486087			
IPA_KLF10_UP	0.2066529912462794			
GO_REGULATION_OF_GLUCOSE_TRANSMEMBRANE_TRANSPORT	0.20663405824722034			
GO_ALCOHOL_BIOSYNTHETIC_PROCESS	0.20662013352598668			
FERNANDEZ_BOUND_BY_MYC	0.2066043800245618			
GSE21670_TGFB_VS_TGFB_AND_IL6_TREATED_STAT3_KO_CD4_TCELL_DN	0.20659317391759216			
GO_POSITIVE_REGULATION_OF_DOPAMINE_RECEPTOR_SIGNALING_PATHWAY	0.20656315582635232			
KANG_IMMORTALIZED_BY_TERT_DN	0.2065555157671158			
GO_POSITIVE_REGULATION_OF_MEIOSIS_I	0.20654452553126976			
GO_PHOSPHATIDYLCHOLINE_ACYL_CHAIN_REMODELING	0.20652919612924775			
GSE41176_UNSTIM_VS_ANTI_IGM_STIM_TAK1_KO_BCELL_3H_DN	0.20651338533928607			
GO_NEGATIVE_REGULATION_OF_T_HELPER_17_TYPE_IMMUNE_RESPONSE	0.20650582775763096			
CAFFAREL_RESPONSE_TO_THC_UP	0.20650382622229238			
REACTOME_GDP_FUCOSE_BIOSYNTHESIS	0.20649618147625498			
GO_POSITIVE_REGULATION_OF_INTRINSIC_APOPTOTIC_SIGNALING_PATHWAY_BY_P53_CLASS_MEDIATOR	0.20649190630775968			
GO_NUCLEAR_ENVELOPE	0.2064803989432178			
GO_NEGATIVE_REGULATION_OF_CELL_CELL_ADHESION_MEDIATED_BY_CADHERIN	0.20647608874998555			
MURAKAMI_UV_RESPONSE_1HR_DN	0.2064706355701176			
GO_CRANIAL_SUTURE_MORPHOGENESIS	0.20647026732779875			
REACTOME_BINDING_AND_UPTAKE_OF_LIGANDS_BY_SCAVENGER_RECEPTORS	0.20642740886220431			
IPA_MXD1_UP	0.20642504817124047			
MIR652_5P	0.20639739694975817			
MIR4437	0.20638494319845252			
GSE7548_NAIVE_VS_DAY28_PCC_IMMUNIZATION_CD4_TCELL_UP	0.20635640172332378			
GO_IMMATURE_T_CELL_PROLIFERATION	0.2063552869457049			
MIR1304_3P	0.20635308662259877			
MCGOWAN_RSP6_TARGETS_UP	0.20634619746402558			
GO_MITOCHONDRIAL_TRICARBOXYLIC_ACID_CYCLE_ENZYME_COMPLEX	0.20632776544250106			
GO_POSITIVE_REGULATION_OF_RESPONSE_TO_DRUG	0.20631092672481255			
JNK_DN.V1_UP	0.20629964510684143			
GO_AMIDINE_LYASE_ACTIVITY	0.20629249298918526			
MIR6874_5P	0.20628997398546425			
CHO_NR4A1_TARGETS	0.20628121291216917			
GO_REGULATION_OF_MYOTUBE_DIFFERENTIATION	0.20627550213560544			
GO_REGULATION_OF_GLIOGENESIS	0.20625003534614494			
CTGYNNCTYTAA_UNKNOWN	0.20624436745608352			
ZNF407_TARGET_GENES	0.20623139985249467			
GO_DNA_CATABOLIC_PROCESS_EXONUCLEOLYTIC	0.20622062057781831			
SU_LIVER	0.20621973820632442			
PID_FOXM1_PATHWAY	0.20620871452774736			
GO_POINTED_END_ACTIN_FILAMENT_CAPPING	0.20620279607230568			
GO_L_KYNURENINE_METABOLIC_PROCESS	0.20618355547702383			
GO_EXTRINSIC_COMPONENT_OF_ENDOPLASMIC_RETICULUM_MEMBRANE	0.2061784374696475			
GO_NEUROTRANSMITTER_TRANSMEMBRANE_TRANSPORTER_ACTIVITY	0.20617810323910463			
MIR6831_3P	0.2061692854127992			
GO_PHOSPHATIDYLINOSITOL_TRANSFER_ACTIVITY	0.20616839592817773			
GO_NEURON_CELLULAR_HOMEOSTASIS	0.20616787589391447			
REACTOME_PASSIVE_TRANSPORT_BY_AQUAPORINS	0.2061640797126953			
GO_NEGATIVE_REGULATION_OF_CELL_PROLIFERATION_INVOLVED_IN_KIDNEY_DEVELOPMENT	0.20615009205578189			
MIR548L	0.206140591665634			
GO_CELL_CYCLE_G2_M_PHASE_TRANSITION	0.20612656791430775			
GO_NEGATIVE_REGULATION_OF_CYTOPLASMIC_TRANSLATION	0.20612566912630087			
IPA_GFI1_UP	0.20612437407925358			
ACAACTT_MIR382	0.20611952766674202			
GO_NEGATIVE_REGULATION_OF_ERAD_PATHWAY	0.20608298365661692			
GO_CELLULAR_RESPIRATION	0.2060591443633716			
MIR4724_3P	0.20603859045607778			
GO_NEGATIVE_REGULATION_OF_TRANSPORTER_ACTIVITY	0.20603802802598475			
MIR4262	0.20601906483876348			
GO_ANTIGEN_PROCESSING_AND_PRESENTATION_OF_EXOGENOUS_PEPTIDE_ANTIGEN_VIA_MHC_CLASS_I_TAP_INDEPENDENT	0.20601548083935245			
GO_TROPHOBLAST_CELL_MIGRATION	0.2060057646028197			
GO_GALACTOSE_CATABOLIC_PROCESS_VIA_UDP_GALACTOSE	0.2060017765260032			
GO_ETHER_METABOLIC_PROCESS	0.20600163282875647			
MULLIGAN_NTF3_SIGNALING_VIA_INSR_AND_IGF1R_UP	0.20597686349438102			
GO_STEROL_BIOSYNTHETIC_PROCESS	0.2059631695044173			
GO_POSITIVE_REGULATION_OF_SYNAPTIC_VESICLE_CLUSTERING	0.20594401406312254			
GTAGGCA_MIR189	0.20594394441673633			
GSE39820_TGFBETA1_VS_TGFBETA3_IN_IL6_TREATED_CD4_TCELL_DN	0.2059346243288813			
BIOCARTA_CLASSIC_PATHWAY	0.20590803678417888			
chr11p15	0.20586905616026957			
C_MYC_Q16158_TARGET_GENES	0.20586755420535094			
IPA_ACTR3_UP	0.2058651030473841			
REACTOME_COPI_INDEPENDENT_GOLGI_TO_ER_RETROGRADE_TRAFFIC	0.20583873196881539			
GO_U3_SNORNA_BINDING	0.20582520516101654			
IPA_XRCC6_DN	0.20582376116531997			
GO_NAD_METABOLIC_PROCESS	0.20575838423395965			
MIR34A_3P	0.20574743285692126			
GO_L_TYPE_VOLTAGE_GATED_CALCIUM_CHANNEL_COMPLEX	0.2057313754772973			
GSE43863_TFH_VS_LY6C_LOW_CXCR5NEG_EFFECTOR_CD4_TCELL_DN	0.2057180391394035			
GO_CANNABINOID_SIGNALING_PATHWAY	0.2057174567039282			
chr2q37	0.20570769465124608			
GO_OXIDOREDUCTASE_ACTIVITY_ACTING_ON_THE_CH_CH_GROUP_OF_DONORS_OXYGEN_AS_ACCEPTOR	0.20570050575313137			
GO_RESPONSE_TO_FOLLICLE_STIMULATING_HORMONE	0.2056984647226741			
MIR514B_5P	0.20567347709586178			
REACTOME_PRE_NOTCH_EXPRESSION_AND_PROCESSING	0.2056657846351102			
GO_ORNITHINE_DECARBOXYLASE_REGULATOR_ACTIVITY	0.20566440794559318			
GO_SECONDARY_ACTIVE_MONOCARBOXYLATE_TRANSMEMBRANE_TRANSPORTER_ACTIVITY	0.2056287786566639			
GO_PHOSPHOLIPASE_A1_ACTIVITY	0.20561663224723328			
CHIANG_LIVER_CANCER_SUBCLASS_UNANNOTATED_DN	0.20561634116323257			
GO_REGULATION_OF_SEQUESTERING_OF_ZINC_ION	0.20560897339850723			
GO_POSITIVE_REGULATION_OF_SYSTEMIC_ARTERIAL_BLOOD_PRESSURE	0.20560260033216982			
REACTOME_NEGATIVE_REGULATION_OF_NOTCH4_SIGNALING	0.20559500444741519			
GO_WATER_TRANSPORT	0.20557076657340353			
MEDINA_SMARCA4_TARGETS	0.20555971905280984			
chr5q35	0.20555535270076195			
MINGUEZ_LIVER_CANCER_VASCULAR_INVASION_UP	0.2055510366561258			
IPA_POU3F1_DN	0.2055504629760967			
GO_AGGRESOME_ASSEMBLY	0.20550644994475148			
MIR5089_5P	0.20550059192114994			
GSE17974_0H_VS_0.5H_IN_VITRO_ACT_CD4_TCELL_DN	0.20549851972926125			
IPA_ZIC3_UP	0.20547599980167783			
GSE37605_C57BL6_VS_NOD_FOXP3_IRES_GFP_TCONV_UP	0.2054550109715384			
GO_METAL_CLUSTER_BINDING	0.20545468264297292			
GO_DETERMINATION_OF_PANCREATIC_LEFT_RIGHT_ASYMMETRY	0.20545204618760915			
GO_REGULATION_OF_CILIUM_BEAT_FREQUENCY	0.2054418682061744			
GO_PANCREATIC_JUICE_SECRETION	0.20539425974845368			
GO_NEUROENDOCRINE_CELL_DIFFERENTIATION	0.20537402807870245			
IPA_HEY2_UP	0.20537322370036007			
MIR371B_3P	0.20536089390230444			
GSE29615_CTRL_VS_LAIV_FLU_VACCINE_PBMC_DN	0.2053598720659921			
IPA_HOXA7_DN	0.2053491473138833			
PR_02	0.2053408552756842			
GO_RESPONSE_TO_DSRNA	0.2053315175543228			
GO_MITOCHONDRIAL_LARGE_RIBOSOMAL_SUBUNIT	0.20531066578795745			
GO_GLYCOGEN_BIOSYNTHETIC_PROCESS	0.20529230385417765			
GSE17721_CPG_VS_GARDIQUIMOD_0.5H_BMDC_UP	0.20528600293393132			
IPA_PAX2_UP	0.20527703514370432			
GO_NEGATIVE_REGULATION_OF_CELLULAR_RESPIRATION	0.20527193795691787			
BIOCARTA_ETC_PATHWAY	0.205259806103603			
GSE26890_CXCR1_NEG_VS_POS_EFFECTOR_CD8_TCELL_DN	0.2052117570348145			
IPA_BNC1_DN	0.20519639532212694			
IPA_SP100_DN	0.20519639532212694			
IPA_PSMC6_UP	0.20519639532212694			
GO_DNA_DEALKYLATION_INVOLVED_IN_DNA_REPAIR	0.20519311245759986			
GO_RIBOSE_PHOSPHATE_METABOLIC_PROCESS	0.20515170276730954			
GSE34156_NOD2_LIGAND_VS_TLR1_TLR2_LIGAND_24H_TREATED_MONOCYTE_UP	0.20514824388281758			
GO_CALCIUM_RELEASE_CHANNEL_ACTIVITY	0.2051230472338275			
GO_PHOSPHAGEN_METABOLIC_PROCESS	0.20511270736061726			
KEGG_GLYCOSYLPHOSPHATIDYLINOSITOL_GPI_ANCHOR_BIOSYNTHESIS	0.2051062063793766			
GO_11_CIS_RETINAL_BINDING	0.20509551195785913			
GO_REGULATION_OF_STORE_OPERATED_CALCIUM_ENTRY	0.20507946825361664			
GO_AUTOCRINE_SIGNALING	0.2050750865045655			
GO_ACTIVATION_OF_TRANSMEMBRANE_RECEPTOR_PROTEIN_TYROSINE_KINASE_ACTIVITY	0.20505312513346613			
MIR4482_5P	0.2050463496644109			
MIKKELSEN_MCV6_ICP_WITH_H3K4ME3_AND_H3K27ME3	0.20500524591019717			
GO_REGULATION_OF_PROTEIN_FOLDING	0.20499735926705615			
GSE21063_CTRL_VS_ANTI_IGM_STIM_BCELL_NFATC1_KO_8H_UP	0.20497453111363514			
KYNG_RESPONSE_TO_H2O2_VIA_ERCC6_UP	0.2049678229314154			
GO_CHAPERONE_COMPLEX	0.20495538426029705			
GO_POSITIVE_REGULATION_OF_ANION_TRANSPORT	0.20493247701749964			
MATTIOLI_MULTIPLE_MYELOMA_SUBGROUPS	0.20492572645577972			
GO_POSITIVE_REGULATION_OF_MEIOTIC_CELL_CYCLE_PHASE_TRANSITION	0.20492416445772038			
LIU_TOPBP1_TARGETS	0.20492216033142321			
chr14q32	0.20492134024132638			
GO_NOREPINEPHRINE_UPTAKE	0.20491941719180737			
IPA_NANOG_UP	0.20491298868196972			
GO_ADENYLATE_CYCLASE_INHIBITING_ADRENERGIC_RECEPTOR_SIGNALING_PATHWAY	0.20491253552059369			
IPA_ELF4_DN	0.20490925780062008			
GSE360_L_MAJOR_VS_M_TUBERCULOSIS_MAC_DN	0.2048950175955784			
GSE29618_PRE_VS_DAY7_FLU_VACCINE_MDC_UP	0.20488785235997983			
SALL4_TARGET_GENES	0.20487950741760894			
MIR1193	0.2048702805949471			
MIR4637	0.2048702125212366			
GO_POSITIVE_REGULATION_OF_MITOCHONDRIAL_TRANSLATION	0.20486895917040646			
IPA_CTCF_DN	0.20485871684674198			
GO_DIET_INDUCED_THERMOGENESIS	0.20485763088698			
LET_7D_3P	0.20485676007216005			
IPA_DLX2_UP	0.2048515025248942			
GO_ANDROGEN_RECEPTOR_SIGNALING_PATHWAY	0.2048271320933546			
GO_SYNTAXIN_BINDING	0.20481656942733478			
KEGG_BETA_ALANINE_METABOLISM	0.20481418952330815			
GO_REGULATION_OF_TOLL_LIKE_RECEPTOR_2_SIGNALING_PATHWAY	0.20481277919333957			
GO_GLUCOSE_CATABOLIC_PROCESS	0.2047888882720679			
MYLLYKANGAS_AMPLIFICATION_HOT_SPOT_6	0.20478337907259175			
IPA_MSX2_DN	0.20478146106231523			
GO_POSITIVE_REGULATION_OF_HEPATOCYTE_PROLIFERATION	0.20475181151881106			
MIR6126	0.2047347832802046			
REACTOME_FGFR3B_LIGAND_BINDING_AND_ACTIVATION	0.204694266074668			
GO_PHOSPHATIDYLGLYCEROL_BINDING	0.20468776282380488			
IPA_EHF_DN	0.20468593599448096			
GSE369_SOCS3_KO_VS_IFNG_KO_LIVER_UP	0.2046849287751162			
GSE3982_BASOPHIL_VS_TH2_DN	0.20468377140864463			
GO_ANTIPORTER_ACTIVITY	0.20467085321640943			
MIR6754_3P	0.2046667723297774			
GO_CELL_DIVISION	0.20464300282432316			
GO_OXIDOREDUCTASE_ACTIVITY_ACTING_ON_THE_ALDEHYDE_OR_OXO_GROUP_OF_DONORS_DISULFIDE_AS_ACCEPTOR	0.20463945677432227			
GO_RETROGRADE_TRANSPORT_ENDOSOME_TO_GOLGI	0.20458719969500155			
GO_CORTISOL_METABOLIC_PROCESS	0.20457368908383264			
MIR412_5P	0.20453783219170577			
IPA_ADAR_UP	0.2044717199207728			
GO_PROTEIN_DEUBIQUITINATION_INVOLVED_IN_UBIQUITIN_DEPENDENT_PROTEIN_CATABOLIC_PROCESS	0.20446229978250208			
GO_STRESS_GRANULE_DISASSEMBLY	0.20445229212986674			
BIOCARTA_CCR3_PATHWAY	0.20444384515936947			
GO_STEROID_HORMONE_MEDIATED_SIGNALING_PATHWAY	0.20441796414236094			
GSE41867_NAIVE_VS_DAY15_LCMV_CONE13_EFFECTOR_CD8_TCELL_UP	0.2043248804350021			
DLX4_TARGET_GENES	0.20428916413842266			
KUROKAWA_LIVER_CANCER_EARLY_RECURRENCE_DN	0.20428801254357007			
GO_NEGATIVE_REGULATION_OF_PROTEIN_SUMOYLATION	0.20427112800000932			
ZNF586_TARGET_GENES	0.20427103152093895			
MIR541_5P	0.20421869610821752			
IPA_MNAT1_UP	0.20419839461773936			
GO_MITOCHONDRION_LOCALIZATION	0.20417979130830385			
GO_POSITIVE_REGULATION_OF_TOLERANCE_INDUCTION	0.20416838338140084			
MIR492	0.20414792003595622			
MIR6834_3P	0.20413889307787644			
GO_FLOPPASE_ACTIVITY	0.20413776897633723			
BIOCARTA_PS1_PATHWAY	0.20413489372592716			
GSE31622_WT_VS_KLF3_KO_BCELL_UP	0.20412716020518443			
GO_SCHWANN_CELL_PROLIFERATION	0.20411506955272343			
GSE37533_UNTREATED_VS_PIOGLIZATONE_TREATED_CD4_TCELL_FOXP3_TRASDUCED_CD4_TCELL_DN	0.20411034703556322			
REACTOME_ACYL_CHAIN_REMODELLING_OF_PG	0.2041053123651462			
IPA_TWIST1_UP	0.20408532907905969			
GSE25123_IL4_VS_IL4_AND_ROSIGLITAZONE_STIM_MACROPHAGE_DAY10_DN	0.2040827167166489			
REACTOME_MITOCHONDRIAL_BIOGENESIS	0.20405235934815866			
MIR4303	0.20403276766265202			
LIU_COMMON_CANCER_GENES	0.203965927182813			
GO_INTERLEUKIN_2_RECEPTOR_BINDING	0.20396150476040303			
GO_IRIS_MORPHOGENESIS	0.2039457174523413			
GO_CORONARY_ARTERY_MORPHOGENESIS	0.20393013235286644			
REACTOME_METABOLISM_OF_NUCLEOTIDES	0.20392640160491105			
GO_SPHINGOSINE_N_ACYLTRANSFERASE_ACTIVITY	0.20391454840099305			
GSE21670_TGFB_VS_TGFB_AND_IL6_TREATED_CD4_TCELL_UP	0.20390880728393682			
GO_POLAR_MICROTUBULE	0.20390691837821012			
GO_BRAIN_MORPHOGENESIS	0.20389883943793802			
CSR_LATE_UP.V1_UP	0.20387626815646254			
IPA_DDIT3_UP	0.20386351256485677			
GO_PYROPHOSPHATE_HYDROLYSIS_DRIVEN_PROTON_TRANSMEMBRANE_TRANSPORTER_ACTIVITY	0.20384652407947773			
GSE15330_WT_VS_IKAROS_KO_MEGAKARYOCYTE_ERYTHROID_PROGENITOR_UP	0.2037911978267279			
GO_GLUTAMINE_FAMILY_AMINO_ACID_BIOSYNTHETIC_PROCESS	0.2037877060355853			
GROSS_HYPOXIA_VIA_HIF1A_UP	0.2037824478331689			
GO_NEGATIVE_REGULATION_OF_GLUCOSE_IMPORT	0.20377626144095762			
MIR28_5P	0.20375632865996887			
MIR4274	0.2037547300200692			
CHEOK_RESPONSE_TO_MERCAPTOPURINE_AND_LD_MTX_UP	0.20374772418180478			
GO_ACROSIN_BINDING	0.2037468932199095			
LIU_LIVER_CANCER	0.20374171365614685			
GO_PEPTIDYL_ARGININE_MODIFICATION	0.20371502569149946			
GSE5142_HTERT_TRANSDUCED_VS_CTRL_CD8_TCELL_LATE_PASSAGE_CLONE_DN	0.2037122319627328			
GSE13887_RESTING_VS_NO_TREATED_CD4_TCELL_UP	0.20371142453503113			
MATZUK_SPERMATOZOA	0.20370016144764125			
NIKOLSKY_BREAST_CANCER_5P15_AMPLICON	0.2036975904223074			
GO_1_ALKYL_2_ACETYLGLYCEROPHOSPHOCHOLINE_ESTERASE_ACTIVITY	0.2036914576836182			
GO_PEROXISOMAL_MEMBRANE_TRANSPORT	0.2036861605235594			
NADERI_BREAST_CANCER_PROGNOSIS_UP	0.2036694748161451			
GO_MITOCHONDRIAL_ELECTRON_TRANSPORT_NADH_TO_UBIQUINONE	0.203643821593544			
GO_NUCLEAR_TRANSCRIBED_MRNA_CATABOLIC_PROCESS_DEADENYLATION_INDEPENDENT_DECAY	0.2036246224846827			
GO_CELLULAR_RESPONSE_TO_MINERALOCORTICOID_STIMULUS	0.20360789558303777			
NEBEN_AML_WITH_FLT3_OR_NRAS_UP	0.20360734858653887			
ZNF331_TARGET_GENES	0.20357474843592024			
SHIPP_DLBCL_VS_FOLLICULAR_LYMPHOMA_UP	0.20357217502046349			
GO_STEROID_HORMONE_RECEPTOR_BINDING	0.20356274942648334			
GO_MITOTIC_SPINDLE	0.20356046497088234			
MIR4645_5P	0.20353207648240212			
GO_NEGATIVE_REGULATION_OF_KINASE_ACTIVITY	0.2035285479684237			
GO_POSITIVE_REGULATION_OF_PROTEIN_DEUBIQUITINATION	0.20352700806073812			
GO_NEGATIVE_REGULATION_OF_ALPHA_BETA_T_CELL_PROLIFERATION	0.20352399645651376			
GO_REGULATION_OF_POSTSYNAPTIC_MEMBRANE_ORGANIZATION	0.2035184721687121			
GO_NOREPINEPHRINE_BIOSYNTHETIC_PROCESS	0.20350161508710066			
GO_NEGATIVE_REGULATION_OF_TOR_SIGNALING	0.20349951572175895			
GO_TYPE_II_PNEUMOCYTE_DIFFERENTIATION	0.2034753780964135			
MIR5583_5P	0.20344768070677482			
GO_ADENOHYPOPHYSIS_DEVELOPMENT	0.20343965635861863			
GO_NEGATIVE_REGULATION_OF_NATURAL_KILLER_CELL_ACTIVATION	0.20341901109771773			
GO_EYE_PHOTORECEPTOR_CELL_DIFFERENTIATION	0.2034168167746143			
GO_NEGATIVE_REGULATION_OF_ASTROCYTE_DIFFERENTIATION	0.2034034899953539			
CCAATNNSNNNGCG_UNKNOWN	0.20340005706167552			
GO_MITOCHONDRIAL_RESPIRATORY_CHAIN_COMPLEX_IV_ASSEMBLY	0.20339732807117233			
GO_STEROL_DESATURASE_ACTIVITY	0.2033893214854636			
GO_PHOSPHATIDYLINOSITOL_PHOSPHATE_4_PHOSPHATASE_ACTIVITY	0.20336402350573912			
ISHIKAWA_STING_SIGNALING	0.20333524195550726			
GO_PAM_COMPLEX_TIM23_ASSOCIATED_IMPORT_MOTOR	0.20333471938530287			
ZNF524_TARGET_GENES	0.20332180008587597			
GO_NEGATIVE_REGULATION_OF_GLYCOPROTEIN_METABOLIC_PROCESS	0.2032742045731384			
GSE37532_VISCERAL_ADIPOSE_TISSUE_VS_LN_DERIVED_PPARG_KO_TCONV_CD4_TCELL_DN	0.20326126041383102			
GO_FOREBRAIN_VENTRICULAR_ZONE_PROGENITOR_CELL_DIVISION	0.20325247618494036			
IPA_EPAS1_DN	0.20321625362613477			
GO_POSITIVE_REGULATION_OF_DEACETYLASE_ACTIVITY	0.20320670755106865			
MIR5190	0.2031738497886096			
GO_UBIQUITIN_SPECIFIC_PROTEASE_BINDING	0.2031721452054716			
IPA_MSX2_UP	0.2031359473297903			
GRUETZMANN_PANCREATIC_CANCER_DN	0.20312711834492161			
BYSTRYKH_HEMATOPOIESIS_STEM_CELL_FGF3	0.2031172211872706			
GSE32986_UNSTIM_VS_GMCSF_AND_CURDLAN_LOWDOSE_STIM_DC_UP	0.20311330654626153			
MIR767_3P	0.20311209399500263			
GO_TRANSCRIPTIONAL_PREINITIATION_COMPLEX	0.20311202582197418			
KRAS.300_UP.V1_UP	0.20310659689447222			
MIR4711_3P	0.203091841741329			
GO_P_P_BOND_HYDROLYSIS_DRIVEN_PROTEIN_TRANSMEMBRANE_TRANSPORTER_ACTIVITY	0.20308781360170997			
GO_OXALOACETATE_METABOLIC_PROCESS	0.20306232161714963			
GO_POSITIVE_REGULATION_OF_MEIOTIC_NUCLEAR_DIVISION	0.20305543724414138			
GO_REGULATION_OF_PROTEIN_LOCALIZATION_TO_CELL_SURFACE	0.2030504984864041			
GO_NEUROTRANSMITTER_REUPTAKE	0.20303672958711153			
GO_3_UTR_MEDIATED_MRNA_DESTABILIZATION	0.2029553987936691			
GSE29949_MICROGLIA_BRAIN_VS_MONOCYTE_BONE_MARROW_UP	0.20292163337087463			
GO_FATTY_ACYL_COA_BIOSYNTHETIC_PROCESS	0.20291771137246328			
GSE40068_CXCR5NEG_BCL6NEG_CD4_TCELL_VS_CXCR5POS_BCL6NEG_TFH_UP	0.20291104185857195			
GSE41176_WT_VS_TAK1_KO_ANTI_IGM_STIM_BCELL_3H_UP	0.20287197249336905			
GO_REGULATION_OF_FATTY_ACID_OXIDATION	0.20286989804364502			
IPA_CHD3_UP	0.2028483652494929			
IPA_SIN3A_DN	0.20284222216601092			
GO_REGULATION_OF_CELL_CHEMOTAXIS_TO_FIBROBLAST_GROWTH_FACTOR	0.2028367113390722			
GO_INTEGRAL_COMPONENT_OF_PRESYNAPTIC_ACTIVE_ZONE_MEMBRANE	0.20280236720823494			
MIR708_5P	0.20280156144075612			
CTGRYYYNATT_UNKNOWN	0.2027931020437467			
MIR4450	0.20278035664849894			
YAP1_DN	0.20277591313372634			
MIR203A_5P	0.20277399426787562			
GO_POSITIVE_REGULATION_OF_METANEPHRIC_GLOMERULUS_DEVELOPMENT	0.2027565636540924			
GO_NEGATIVE_REGULATION_OF_COMPLEMENT_ACTIVATION	0.2027512141894467			
GSE5589_WT_VS_IL6_KO_LPS_AND_IL10_STIM_MACROPHAGE_180MIN_UP	0.20272839182062571			
WINNEPENNINCKX_MELANOMA_METASTASIS_UP	0.20271135459753487			
GSE2405_0H_VS_6H_A_PHAGOCYTOPHILUM_STIM_NEUTROPHIL_DN	0.20270617759973242			
CHENG_TAF7L_TARGETS	0.20268185652638518			
GO_ION_GATED_CHANNEL_ACTIVITY	0.20267629301409903			
GO_POSITIVE_REGULATION_OF_DNA_BIOSYNTHETIC_PROCESS	0.20262482384805458			
GO_REGULATION_OF_MAST_CELL_CYTOKINE_PRODUCTION	0.20260767535183136			
GO_NEGATIVE_REGULATION_OF_CARDIAC_MUSCLE_CELL_PROLIFERATION	0.20257800544698187			
GSE10856_CTRL_VS_TNFRSF6B_IN_MACROPHAGE_DN	0.20257159547662765			
GO_POSITIVE_REGULATION_OF_CYTOKINESIS	0.20252810977481556			
GO_NEGATIVE_REGULATION_OF_MICROTUBULE_POLYMERIZATION	0.20250745752062005			
GSE8685_IL2_STARVED_VS_IL15_ACT_IL2_STARVED_CD4_TCELL_DN	0.2025039252991931			
REACTOME_GLUTAMATE_AND_GLUTAMINE_METABOLISM	0.20249650745083855			
GO_RESPONSE_TO_LEUKEMIA_INHIBITORY_FACTOR	0.20247817566449156			
REACTOME_MITOCHONDRIAL_TRNA_AMINOACYLATION	0.20245217999450713			
GO_POSITIVE_REGULATION_OF_MITOPHAGY	0.20244605285068218			
REACTOME_FRS_MEDIATED_FGFR4_SIGNALING	0.20244543248609517			
GO_REGULATION_OF_REMOVAL_OF_SUPEROXIDE_RADICALS	0.2023594345432088			
GSE45365_CD8A_DC_VS_CD11B_DC_IFNAR_KO_DN	0.20235372006532787			
GO_REGULATION_OF_PRODUCTION_OF_SMALL_RNA_INVOLVED_IN_GENE_SILENCING_BY_RNA	0.2023232944438738			
GO_NUCLEAR_EXPORT_SIGNAL_RECEPTOR_ACTIVITY	0.20232125501814796			
GO_EXPORT_ACROSS_PLASMA_MEMBRANE	0.20231406412955127			
GO_PROTEIN_AUTOPROCESSING	0.20228188893366056			
GO_REGULATION_OF_VASCULAR_SMOOTH_MUSCLE_CELL_PROLIFERATION	0.20224762196716034			
GO_MITOCHONDRIAL_FUSION	0.20224412449950024			
GO_ORGANIC_CATION_TRANSPORT	0.20223125251984742			
GO_ALDITOL_PHOSPHATE_METABOLIC_PROCESS	0.202226777016169			
REACTOME_TLR3_MEDIATED_TICAM1_DEPENDENT_PROGRAMMED_CELL_DEATH	0.2022030445958197			
REACTOME_DEFECTS_IN_BIOTIN_BTN_METABOLISM	0.2021996337360589			
GO_CGMP_CATABOLIC_PROCESS	0.20217569772152783			
GO_DEVELOPMENTAL_PIGMENTATION	0.2021736078203835			
GO_BORC_COMPLEX	0.20216353829089992			
GO_CHONDROCYTE_PROLIFERATION	0.20212699709122262			
MIR6895_3P	0.20211737753533623			
GO_FORMATION_OF_ANATOMICAL_BOUNDARY	0.20211004124815696			
GO_PYRUVATE_FAMILY_AMINO_ACID_METABOLIC_PROCESS	0.20209180626770964			
MIR4524B_3P	0.20208938890321743			
GO_REGULATION_OF_VACUOLAR_TRANSPORT	0.20207976908975955			
REACTOME_REGULATION_OF_GLYCOLYSIS_BY_FRUCTOSE_2_6_BISPHOSPHATE_METABOLISM	0.20206411443706568			
MIR487A_5P	0.20201968738317602			
GSE23505_UNTREATED_VS_4DAY_IL6_IL1_TGFB_TREATED_CD4_TCELL_DN	0.20201166408587537			
MIR96_3P	0.20200998567558542			
GO_CENTRIOLE_CENTRIOLE_COHESION	0.2020031031840212			
MIR154_5P	0.201983443824267			
GO_UBIQUINONE_METABOLIC_PROCESS	0.201969272426676			
GO_TRANSLATIONAL_ELONGATION	0.20196138753483386			
GO_NEGATIVE_REGULATION_OF_MUSCLE_CELL_APOPTOTIC_PROCESS	0.20195938332012406			
IPA_HOXC4_UP	0.20193107355846487			
BARRIER_CANCER_RELAPSE_NORMAL_SAMPLE_DN	0.20190541805289522			
LINDGREN_BLADDER_CANCER_WITH_LOH_IN_CHR9Q	0.20189705815615405			
chr1p32	0.20186685714965888			
GSE7219_WT_VS_NIK_NFKB2_KO_LPS_AND_ANTI_CD40_STIM_DC_UP	0.20186411536483395			
IPA_LEF1_UP	0.201835644562499			
GO_POSITIVE_REGULATION_OF_NEUROTRANSMITTER_UPTAKE	0.20182776764604343			
GO_REGULATION_OF_TRANSLATIONAL_TERMINATION	0.20181382849993998			
IPA_ELK1_DN	0.20178911635798014			
GSE35543_IN_VIVO_NTREG_VS_IN_VITRO_ITREG_UP	0.20178051130488794			
GO_RESPIRATORY_SYSTEM_PROCESS	0.20171922205620704			
HMGIY_Q6	0.201710451997545			
GO_TOR_SIGNALING	0.20170965209165434			
MIR616_3P	0.20170780244437525			
MIR8052	0.20166209695251494			
GO_MULTI_CILIATED_EPITHELIAL_CELL_DIFFERENTIATION	0.2016341714804223			
REACTOME_VEGF_LIGAND_RECEPTOR_INTERACTIONS	0.20162005782005551			
GO_O_ACETYLTRANSFERASE_ACTIVITY	0.20161752410869485			
GO_WASH_COMPLEX	0.2015900111876666			
GO_REGULATION_OF_POSTSYNAPTIC_NEUROTRANSMITTER_RECEPTOR_ACTIVITY	0.20156758644057216			
GO_BRANCHING_INVOLVED_IN_BLOOD_VESSEL_MORPHOGENESIS	0.20156087262842368			
GO_MICROFIBRIL	0.20154171900470638			
NFKBIA_TARGET_GENES	0.20152585839634937			
MIR942_5P	0.20152339387293502			
GO_MITOCHONDRIAL_PROTEIN_COMPLEX	0.20152153638529668			
REACTOME_FASL_CD95L_SIGNALING	0.20151467533045903			
GSE41978_WT_VS_ID2_KO_AND_BIM_KO_KLRG1_LOW_EFFECTOR_CD8_TCELL_UP	0.20149070322626436			
VICENT_METASTASIS_UP	0.20148370543095834			
IPA_BACH2_UP	0.20146054156735832			
MATZUK_OVULATION	0.2014561085007061			
REACTOME_SIGNALING_BY_FGFR3_FUSIONS_IN_CANCER	0.2014486814862163			
GO_MINERALOCORTICOID_SECRETION	0.20144482871130998			
GO_REGULATION_OF_HETEROTYPIC_CELL_CELL_ADHESION	0.20140411189651705			
GO_REGULATION_OF_ARTERY_MORPHOGENESIS	0.20137600604759623			
ALK_DN.V1_DN	0.2013681630089134			
GO_PROTEIN_COFACTOR_LINKAGE	0.20134990402852748			
GSE21670_IL6_VS_TGFB_AND_IL6_TREATED_CD4_TCELL_DN	0.20131840849053975			
GO_EMBRYONIC_AXIS_SPECIFICATION	0.20131413304968024			
MAGRANGEAS_MULTIPLE_MYELOMA_IGLL_VS_IGLK_UP	0.20129548668678313			
MIR3936	0.20129145365384657			
MINGUEZ_LIVER_CANCER_VASCULAR_INVASION_DN	0.2012881751813361			
BIOCARTA_LIS1_PATHWAY	0.20128365107742158			
GSE15659_NAIVE_CD4_TCELL_VS_RESTING_TREG_DN	0.20127199335409232			
REACTOME_TANDEM_PORE_DOMAIN_POTASSIUM_CHANNELS	0.20126384619819992			
GO_ASYMMETRIC_STEM_CELL_DIVISION	0.20124369669631492			
HALLMARK_OXIDATIVE_PHOSPHORYLATION	0.20123894363989217			
ROYLANCE_BREAST_CANCER_16Q_COPY_NUMBER_DN	0.20123561459809855			
GO_POSITIVE_REGULATION_OF_MYOBLAST_DIFFERENTIATION	0.20123339598304832			
MIR134_3P	0.2011931790146618			
GO_NEGATIVE_REGULATION_OF_TYPE_B_PANCREATIC_CELL_APOPTOTIC_PROCESS	0.20118483980040894			
HORTON_SREBF_TARGETS	0.20117206126811218			
MIR487B_5P	0.20116716575713559			
MIR8088	0.20113491763467253			
GO_REGULATION_OF_PHOSPHATIDYLINOSITOL_BIOSYNTHETIC_PROCESS	0.20111922328639467			
IPA_JUND_DN	0.20110602457188412			
chr9p21	0.20107212116113704			
GO_REGULATION_OF_CYCLIC_NUCLEOTIDE_PHOSPHODIESTERASE_ACTIVITY	0.20107049565630486			
GO_SULFATE_BINDING	0.2010701303342279			
MIR3129_3P	0.20104510672789658			
KEGG_PROTEASOME	0.2010433820548277			
GO_PHOSPHATE_ION_TRANSPORT	0.20101957873600929			
GO_TRANSFERASE_ACTIVITY_TRANSFERRING_SULFUR_CONTAINING_GROUPS	0.2010111505468501			
KORKOLA_EMBRYONAL_CARCINOMA_UP	0.20100483761892118			
GO_TOXIN_TRANSMEMBRANE_TRANSPORTER_ACTIVITY	0.20099645407099026			
GO_TRNA_AMINOACYLATION_FOR_MITOCHONDRIAL_PROTEIN_TRANSLATION	0.2009815013616931			
REACTOME_HCMV_INFECTION	0.20096700579523008			
REACTOME_ABC_TRANSPORTER_DISORDERS	0.20093426715699844			
PID_INTEGRIN2_PATHWAY	0.20093397257089357			
GO_SPINDLE_ORGANIZATION	0.20093264521001852			
GO_G1_DNA_DAMAGE_CHECKPOINT	0.2009308661861112			
GSE18148_CBFB_KO_VS_WT_TREG_DN	0.20089526897600252			
GO_POSITIVE_REGULATION_OF_TRANSCRIPTION_FROM_RNA_POLYMERASE_II_PROMOTER_IN_RESPONSE_TO_OXIDATIVE_STRESS	0.2008942328045674			
GO_RESPONSE_TO_LEAD_ION	0.20089311566933266			
GO_MYOSIN_HEAVY_CHAIN_BINDING	0.20088416133781445			
GO_INTERLEUKIN_13_SECRETION	0.20085932246315252			
GO_SKELETAL_MUSCLE_ADAPTATION	0.20084375056130058			
GO_GLYCOSYL_COMPOUND_BIOSYNTHETIC_PROCESS	0.20080049468690264			
KEGG_LYSINE_DEGRADATION	0.2007803180853952			
GSE17721_PAM3CSK4_VS_GADIQUIMOD_2H_BMDC_UP	0.20074447521428104			
GO_NEDD8_TRANSFERASE_ACTIVITY	0.20073135935505262			
GSE2405_HEAT_KILLED_LYSATE_VS_LIVE_A_PHAGOCYTOPHILUM_STIM_NEUTROPHIL_9H_UP	0.2007266022384596			
MIR6756_3P	0.2007196136666453			
GO_ORGANELLE_INNER_MEMBRANE	0.20070383792518967			
GO_GLYCOLIPID_BINDING	0.20068364155096569			
GO_RAGULATOR_COMPLEX	0.2006793648388491			
MARIADASON_RESPONSE_TO_CURCUMIN_SULINDAC_7	0.2006744420689284			
REACTOME_NEGATIVE_REGULATION_OF_FGFR4_SIGNALING	0.20066942324548875			
GO_RECEPTOR_SERINE_THREONINE_KINASE_BINDING	0.20065915600619216			
GO_CALCIUM_ION_IMPORT	0.2006588323380625			
REACTOME_GLUCOCORTICOID_BIOSYNTHESIS	0.20065656096705303			
GO_SYNAPTONEMAL_COMPLEX_ORGANIZATION	0.20064885872596583			
MIR29B_2_5P	0.20063915497981608			
GO_PROTEIN_LINEAR_POLYUBIQUITINATION	0.20061790336351817			
GO_PURINE_RIBONUCLEOSIDE_SALVAGE	0.20060883957565567			
ZNF669_TARGET_GENES	0.2006064988266347			
IPA_TSHZ3_DN	0.20059109661249294			
HNF1_Q6	0.20057860276650497			
GO_PHOSPHOFRUCTOKINASE_ACTIVITY	0.2005626617937751			
ZNF157_TARGET_GENES	0.20056231549664508			
GO_GAMMA_AMINOBUTYRIC_ACID_TRANSPORT	0.20055991690511493			
BIOCARTA_WNT_PATHWAY	0.20055018291222282			
IPA_MYOCD_DN	0.2005469227763245			
MIR548U	0.20054544775367475			
chr3q21	0.20054054509647			
BIOCARTA_TUBBY_PATHWAY	0.2005252522238651			
GO_ATP_METABOLIC_PROCESS	0.20050794378366074			
chr21q21	0.20046910173805596			
GO_POSTSYNAPTIC_ENDOCYTIC_ZONE_MEMBRANE	0.20045916176346296			
AKL_HTLV1_INFECTION_DN	0.20044832492461265			
GO_POSITIVE_REGULATION_OF_NOTCH_SIGNALING_PATHWAY	0.20044622593036082			
MIR5187_3P	0.20044073851287278			
chr13q34	0.2004295279394964			
REACTOME_TETRAHYDROBIOPTERIN_BH4_SYNTHESIS_RECYCLING_SALVAGE_AND_REGULATION	0.20042188769772248			
GO_9PLUS2_MOTILE_CILIUM	0.20042120857390028			
GO_RECEPTOR_GUANYLYL_CYCLASE_SIGNALING_PATHWAY	0.200417647752622			
GSE37301_HEMATOPOIETIC_STEM_CELL_VS_MULTIPOTENT_PROGENITOR_UP	0.20039948953756476			
GSE37301_LYMPHOID_PRIMED_MPP_VS_CD4_TCELL_UP	0.20039612762792372			
chr1p22	0.20038550606895913			
PURBEY_TARGETS_OF_CTBP1_AND_SATB1_UP	0.20038529808397723			
GO_RESPONSE_TO_INACTIVITY	0.20036580746038563			
GTCAACC_MIR3805P	0.20036363824368764			
GO_ATP_BINDING_CASSETTE_ABC_TRANSPORTER_COMPLEX	0.2003318104515877			
GO_REGULATION_OF_LAMELLIPODIUM_ASSEMBLY	0.2003104691950391			
GSE14413_UNSTIM_VS_IFNB_STIM_RAW264_CELLS_DN	0.2002998829810962			
GO_MHC_CLASS_I_PROTEIN_COMPLEX_BINDING	0.2002785703033037			
REACTOME_SIGNALING_BY_MODERATE_KINASE_ACTIVITY_BRAF_MUTANTS	0.20026896703593985			
GO_RESPONSE_TO_IONIZING_RADIATION	0.20025135399096983			
MIR4737	0.2002488996828201			
REACTOME_COMPLEX_I_BIOGENESIS	0.2002443457569505			
GSE17721_12H_VS_24H_LPS_BMDC_DN	0.20017768007984207			
GO_TORC2_SIGNALING	0.20016774854566863			
MIR640	0.20013200030393172			
IPA_NCL_UP	0.20011913005253437			
GO_INTRINSIC_APOPTOTIC_SIGNALING_PATHWAY_IN_RESPONSE_TO_HYPOXIA	0.20010932402890297			
GO_HEPARIN_METABOLIC_PROCESS	0.2001091777363207			
GO_REGULATION_OF_RESPIRATORY_SYSTEM_PROCESS	0.2001001548654697			
GO_POSITIVE_REGULATION_OF_CORTICOSTEROID_HORMONE_SECRETION	0.20009133925871744			
IPA_ZIC2_UP	0.20008614506069053			
REACTOME_G1_S_DNA_DAMAGE_CHECKPOINTS	0.20006892822497638			
GO_PHOSPHOTRANSFERASE_ACTIVITY_NITROGENOUS_GROUP_AS_ACCEPTOR	0.20005402592872332			
REACTOME_SYNTHESIS_OF_LEUKOTRIENES_LT_AND_EOXINS_EX	0.20004621408503953			
MIR330_3P	0.2000339944749319			
GO_NADP_BINDING	0.20001604299524842			
chr5q21	0.2000108287766888			
SCHMIDT_POR_TARGETS_IN_LIMB_BUD_UP	0.2000071582684955			
GSE40274_FOXP3_VS_FOXP3_AND_XBP1_TRANSDUCED_ACTIVATED_CD4_TCELL_UP	0.1999721868600351			
GO_EYE_PHOTORECEPTOR_CELL_DEVELOPMENT	0.19996049187726617			
REACTOME_PRE_NOTCH_PROCESSING_IN_GOLGI	0.1999368840786869			
CCGNMNNTNACG_UNKNOWN	0.1999233707228885			
GO_NUCLEOSIDE_BISPHOSPHATE_CATABOLIC_PROCESS	0.19992069708047247			
GO_RESPONSE_TO_ALUMINUM_ION	0.19991686255891306			
GSE19401_UNSTIM_VS_PAM2CSK4_STIM_FOLLICULAR_DC_UP	0.19991123866712227			
MIR4527	0.19990788336983106			
GO_PYRIMIDINE_NUCLEOSIDE_BIOSYNTHETIC_PROCESS	0.19987149894393155			
WANG_RESPONSE_TO_FORSKOLIN_UP	0.19986251855224796			
GO_OUTER_DYNEIN_ARM_ASSEMBLY	0.1998149494674862			
REACTOME_NR1H2_NR1H3_REGULATE_GENE_EXPRESSION_TO_CONTROL_BILE_ACID_HOMEOSTASIS	0.19981174945019525			
GO_INTRINSIC_APOPTOTIC_SIGNALING_PATHWAY_IN_RESPONSE_TO_HYDROGEN_PEROXIDE	0.1997903800648959			
GO_OXIDOREDUCTASE_ACTIVITY_ACTING_ON_CH_OR_CH2_GROUPS	0.1997797110525233			
GSE17721_POLYIC_VS_CPG_12H_BMDC_DN	0.1997576436487625			
IPA_THRA_UP	0.19973840713969007			
GO_DEATH_INDUCING_SIGNALING_COMPLEX	0.19973230572778752			
SHEDDEN_LUNG_CANCER_POOR_SURVIVAL_A6	0.19971168927940347			
GO_ANTERIOR_POSTERIOR_AXIS_SPECIFICATION	0.19964779590578122			
GO_NEUREXIN_FAMILY_PROTEIN_BINDING	0.1996221130052164			
GSE14308_TH2_VS_TH17_UP	0.19961976734676082			
GO_MITOTIC_NUCLEAR_DIVISION	0.1996183703978123			
MIR1264	0.19961125975983868			
GO_PHOSPHATIDYLINOSITOL_3_KINASE_REGULATORY_SUBUNIT_BINDING	0.19959718149073857			
HERNANDEZ_ABERRANT_MITOSIS_BY_DOCETACEL_4NM_UP	0.19955789816103356			
MIR12120	0.19954932891397412			
GO_PROTEIN_RETENTION_IN_GOLGI_APPARATUS	0.19954052572131606			
GO_ATPASE_ACTIVATOR_ACTIVITY	0.19953032567651469			
KEGG_OLFACTORY_TRANSDUCTION	0.19949222134088923			
GO_REGULATION_OF_BLOOD_VOLUME_BY_RENIN_ANGIOTENSIN	0.19949041222904018			
MIR219B_5P	0.19947408691570961			
TAKAO_RESPONSE_TO_UVB_RADIATION_UP	0.1994500426804725			
MIR361_5P	0.19943591331483465			
REACTOME_FGFR1B_LIGAND_BINDING_AND_ACTIVATION	0.1994208737586734			
GO_REGULATION_OF_PROTEIN_SUMOYLATION	0.19942041394851073			
MIR5705	0.19941027858251997			
GO_INNER_MITOCHONDRIAL_MEMBRANE_PROTEIN_COMPLEX	0.19937166236543122			
GO_PROSTAGLANDIN_SECRETION	0.19935360430672658			
GO_PROTEIN_GLYCOSYLATION_IN_GOLGI	0.19932140323761197			
REACTOME_KERATAN_SULFATE_BIOSYNTHESIS	0.19932043796480473			
GSE4142_GC_BCELL_VS_MEMORY_BCELL_DN	0.19930364234193193			
chr4p11	0.19928554266765253			
GSE26727_WT_VS_KLF2_KO_LPS_STIM_MACROPHAGE_UP	0.1992476456429987			
SABATES_COLORECTAL_ADENOMA_SIZE_UP	0.19923508351879887			
PETRETTO_LEFT_VENTRICLE_MASS_QTL_CIS_DN	0.19923055363152078			
MIR3679_5P	0.19915185144787867			
GSE33424_CD161_HIGH_VS_INT_CD8_TCELL_DN	0.199129907592751			
GUCY1B1_TARGET_GENES	0.19910543717509435			
GO_REGULATION_OF_CHAPERONE_MEDIATED_PROTEIN_FOLDING	0.19910094640038237			
MIR324_5P	0.19903763708982836			
REACTOME_G_ALPHA_I_SIGNALLING_EVENTS	0.19901917664259824			
MIR93_3P	0.1990105093298234			
IPA_NR2F1_UP	0.1989985124603148			
GO_N_TERMINAL_PROTEIN_ACETYLTRANSFERASE_COMPLEX	0.19899421537295486			
GO_OLFACTORY_RECEPTOR_ACTIVITY	0.19898600977512873			
MIR4756_3P	0.19897689352523062			
IVANOVA_HEMATOPOIESIS_STEM_CELL_SHORT_TERM	0.19894472464579877			
IPA_STAT3_DN	0.19894257151006706			
GSE29618_PRE_VS_DAY7_POST_LAIV_FLU_VACCINE_MONOCYTE_UP	0.19891908662777022			
ZNF708_TARGET_GENES	0.19891603897948296			
SILIGAN_BOUND_BY_EWS_FLT1_FUSION	0.1988862112725387			
GO_MULTI_ORGANISM_REPRODUCTIVE_PROCESS	0.19888526379766197			
GO_PLASMA_MEMBRANE_FUSION	0.1988438514036046			
MIR6807_3P	0.19881513371583404			
SA_G2_AND_M_PHASES	0.19879286700232604			
GO_ANTIFUNGAL_HUMORAL_RESPONSE	0.19874450863205098			
GO_HISTONE_CITRULLINATION	0.1987133657696935			
GO_PROTEIN_ARGININE_DEIMINASE_ACTIVITY	0.1987133657696935			
MIR4763_5P	0.19870044378639642			
GSE46143_CTRL_VS_LMP2A_TRANSDUCED_CD10_POS_GC_BCELL_UP	0.19867625385900134			
GO_HISTONE_DEACETYLASE_BINDING	0.19867339025816766			
IPA_HOXA11_UP	0.19867331164374571			
GO_NEGATIVE_REGULATION_OF_COLLATERAL_SPROUTING	0.19864969610412736			
GO_CARDIAC_VASCULAR_SMOOTH_MUSCLE_CELL_DIFFERENTIATION	0.1986055783561974			
ATM_TARGET_GENES	0.19860142441322048			
MIR6511A_3P_MIR6511B_3P	0.19860009484494648			
GO_SKELETAL_MUSCLE_ACETYLCHOLINE_GATED_CHANNEL_CLUSTERING	0.19859628536785282			
GSE21360_PRIMARY_VS_SECONDARY_MEMORY_CD8_TCELL_UP	0.19858642412582583			
WANG_RECURRENT_LIVER_CANCER_DN	0.19855507831098507			
MIR513C_5P	0.1985502596963123			
BIOCARTA_MPR_PATHWAY	0.19852157683049765			
GO_RAP_GUANYL_NUCLEOTIDE_EXCHANGE_FACTOR_ACTIVITY	0.1984822321180588			
GO_REGULATION_OF_PHOSPHATE_TRANSPORT	0.19842579504741664			
GSE41867_NAIVE_VS_DAY8_LCMV_EFFECTOR_CD8_TCELL_UP	0.19842346151400422			
GO_SIGNAL_RECOGNITION_PARTICLE	0.1984227543703695			
IPA_NKX2-2_UP	0.19837961922536826			
GO_SENSORY_PERCEPTION	0.1983715417325141			
GO_STEROID_CATABOLIC_PROCESS	0.19836314770444594			
LEE_CALORIE_RESTRICTION_NEOCORTEX_UP	0.19835883736762241			
ODONNELL_METASTASIS_DN	0.19835725546035207			
MIR514A_3P_MIR514B_3P	0.19833701723854869			
GO_RISC_LOADING_COMPLEX	0.19833109334017848			
MIR6754_5P	0.19832578088934683			
GO_POSITIVE_REGULATION_OF_TORC1_SIGNALING	0.19830357286157768			
GO_RESPONSE_TO_MERCURY_ION	0.19825327671258838			
ZNF138_TARGET_GENES	0.1982345314440497			
GO_CELLULAR_TRIGLYCERIDE_HOMEOSTASIS	0.19821760704051716			
NOUSHMEHR_GBM_GERMLINE_MUTATED	0.19820904400568626			
GO_SPINDLE	0.19818059974920083			
PARENT_MTOR_SIGNALING_DN	0.19818027079213746			
REACTOME_MITOCHONDRIAL_UNCOUPLING	0.1981513198430808			
MIR6870_3P	0.19814993653299506			
GSE2770_UNTREATED_VS_ACT_CD4_TCELL_2H_DN	0.1981463746903924			
GSE5099_UNSTIM_VS_MCSF_TREATED_MONOCYTE_DAY7_DN	0.19814483171446468			
GO_REGULATION_OF_CHOLESTEROL_METABOLIC_PROCESS	0.19810599914952326			
GO_PHOTORECEPTOR_CELL_DEVELOPMENT	0.19806585282390637			
GSE3920_UNTREATED_VS_IFNA_TREATED_FIBROBLAST_DN	0.1980342708060604			
GO_PHOSPHATE_ION_TRANSMEMBRANE_TRANSPORTER_ACTIVITY	0.19799965854547794			
chr12q23	0.1979988496307337			
IPA_GTF3C2_DN	0.197951938077219			
IPA_HLTF_DN	0.197951938077219			
IPA_HIST2H3C_DN	0.197951938077219			
IPA_TP53BP1_DN	0.197951938077219			
IPA_ERCC6L_DN	0.197951938077219			
GSE19772_CTRL_VS_HCMV_INF_MONOCYTES_AND_PI3K_INHIBITION_UP	0.19793220933540148			
GSE18791_UNSTIM_VS_NEWCATSLE_VIRUS_DC_1H_DN	0.1978910317552968			
GSE17721_0.5H_VS_24H_GARDIQUIMOD_BMDC_DN	0.19789066248360623			
GSE11961_FOLLICULAR_BCELL_VS_GERMINAL_CENTER_BCELL_DAY7_UP	0.19783608374016334			
REACTOME_NEF_MEDIATED_CD8_DOWN_REGULATION	0.1978115881404157			
MIR1245A	0.19779980747997486			
PETRETTO_HEART_MASS_QTL_CIS_DN	0.1977561717415702			
MYLLYKANGAS_AMPLIFICATION_HOT_SPOT_30	0.19774492211534453			
GSE2770_UNTREATED_VS_TGFB_AND_IL12_TREATED_ACT_CD4_TCELL_6H_DN	0.1977412817164647			
GO_ENTRAINMENT_OF_CIRCADIAN_CLOCK	0.19774109865479986			
MIR4764_3P	0.19773413333475384			
FOXJ2_TARGET_GENES	0.19769685705863552			
GSE17721_0.5H_VS_12H_PAM3CSK4_BMDC_DN	0.1976530170102914			
KEGG_GLYCOSAMINOGLYCAN_BIOSYNTHESIS_KERATAN_SULFATE	0.1976494089417829			
REACTOME_SIGNALING_BY_FGFR2	0.19763436927741035			
BOYAULT_LIVER_CANCER_SUBCLASS_G23_UP	0.19761355259798752			
REACTOME_REGULATION_OF_PYRUVATE_DEHYDROGENASE_PDH_COMPLEX	0.19760212969971594			
GO_NEGATIVE_REGULATION_OF_T_CELL_CYTOKINE_PRODUCTION	0.1975321494437872			
REACTOME_BIOSYNTHESIS_OF_THE_N_GLYCAN_PRECURSOR_DOLICHOL_LIPID_LINKED_OLIGOSACCHARIDE_LLO_AND_TRANSFER_TO_A_NASCENT_PROTEIN	0.19752031265364256			
GO_SOMITE_SPECIFICATION	0.19751641486827512			
KEGG_PROPANOATE_METABOLISM	0.19750858689694964			
GO_ACROSOMAL_VESICLE_EXOCYTOSIS	0.1975077901506619			
IPA_GRHL1_UP	0.19747658657402167			
GO_SENSORY_PERCEPTION_OF_SMELL	0.19747007314996343			
GO_PURINE_NUCLEOBASE_TRANSMEMBRANE_TRANSPORTER_ACTIVITY	0.19746417623936488			
GO_REGULATION_OF_RETROGRADE_PROTEIN_TRANSPORT_ER_TO_CYTOSOL	0.1974494551150269			
chr11p14	0.197412653252244			
IPA_IRF9_UP	0.19740545729108538			
GO_SENSORY_PERCEPTION_OF_CHEMICAL_STIMULUS	0.19738569471870576			
REACTOME_BETA_CATENIN_PHOSPHORYLATION_CASCADE	0.19738353712799447			
GSE411_100MIN_VS_400MIN_IL6_STIM_MACROPHAGE_DN	0.19735703083723788			
WAGSCHAL_EHMT2_TARGETS_UP	0.19733461046075426			
GO_HEPARAN_SULFATE_PROTEOGLYCAN_BIOSYNTHETIC_PROCESS_ENZYMATIC_MODIFICATION	0.19731741231702124			
REACTOME_OLFACTORY_SIGNALING_PATHWAY	0.19728615490067822			
chr4q13	0.19727372934679072			
GO_ASPARTATE_METABOLIC_PROCESS	0.19726465370938429			
GO_MEMBRANE_HYPERPOLARIZATION	0.19723784567595498			
GO_LIPID_EXPORT_FROM_CELL	0.1972346618888169			
GO_PROTEIN_LOCALIZATION_TO_PHAGOPHORE_ASSEMBLY_SITE	0.19717009780702327			
FONTAINE_THYROID_TUMOR_UNCERTAIN_MALIGNANCY_UP	0.1971480668625224			
GO_REGULATION_OF_ATTACHMENT_OF_SPINDLE_MICROTUBULES_TO_KINETOCHORE	0.19710974367167106			
IPA_HOXB13_UP	0.19709801035334854			
GSE1460_CD4_THYMOCYTE_VS_NAIVE_CD4_TCELL_CORD_BLOOD_DN	0.19703161570232858			
GO_COENZYME_CATABOLIC_PROCESS	0.19702982118426288			
GO_CYCLIC_NUCLEOTIDE_BINDING	0.19700926769340718			
GSE2585_THYMIC_DC_VS_THYMIC_MACROPHAGE_UP	0.1970059079897645			
GO_REGULATION_OF_T_CELL_DIFFERENTIATION_IN_THYMUS	0.1969810868719256			
GSE32986_GMCSF_VS_GMCSF_AND_CURDLAN_LOWDOSE_STIM_DC_UP	0.19696630240945673			
chr3q29	0.19695821995344742			
MCGOWAN_RSP6_TARGETS_DN	0.196955048246373			
GO_NUCLEOCYTOPLASMIC_CARRIER_ACTIVITY	0.19694080377927226			
RAMPON_ENRICHED_LEARNING_ENVIRONMENT_EARLY_UP	0.1969272194515613			
GSE34156_NOD2_LIGAND_VS_NOD2_AND_TLR1_TLR2_LIGAND_6H_TREATED_MONOCYTE_DN	0.1968926003180387			
REACTOME_PHYSIOLOGICAL_FACTORS	0.1968626991859917			
GO_POSITIVE_REGULATION_OF_INHIBITORY_POSTSYNAPTIC_POTENTIAL	0.19683858732016649			
GO_EXTRINSIC_COMPONENT_OF_CYTOPLASMIC_SIDE_OF_PLASMA_MEMBRANE	0.19682857707028034			
IPA_GZF1_UP	0.1967874115040645			
GO_NEGATIVE_REGULATION_OF_ION_TRANSMEMBRANE_TRANSPORT	0.1967853335338985			
GO_INTERLEUKIN_6_RECEPTOR_BINDING	0.19675800823891787			
IPA_FOXO1_UP	0.19671466130588475			
GO_ORGANELLAR_RIBOSOME	0.19671102410903216			
GO_RESPONSE_TO_OXYGEN_GLUCOSE_DEPRIVATION	0.19669914387202728			
IPA_RNF2_UP	0.19666320979496638			
REACTOME_BIOTIN_TRANSPORT_AND_METABOLISM	0.19664147548845842			
GO_REGULATION_OF_HEPATOCYTE_PROLIFERATION	0.1966232651047169			
MIR6875_5P	0.19656139245340168			
GGCNNMSMYNTTG_UNKNOWN	0.19647792244358553			
GSE26928_CENTR_MEMORY_VS_CXCR5_POS_CD4_TCELL_UP	0.19640817567774155			
GO_ORGANIC_ACID_TRANSMEMBRANE_TRANSPORT	0.19635706268331013			
GO_DNA_APURINIC_OR_APYRIMIDINIC_SITE_ENDONUCLEASE_ACTIVITY	0.19634195232392207			
GO_REGULATION_OF_MITOCHONDRIAL_FISSION	0.19631911843625527			
HELLER_SILENCED_BY_METHYLATION_DN	0.19629417655263115			
GO_GLYCOSYL_COMPOUND_CATABOLIC_PROCESS	0.1962887254826031			
SCGGAAGY_ELK1_02	0.19628823113823965			
GSE39110_DAY3_VS_DAY6_POST_IMMUNIZATION_CD8_TCELL_WITH_IL2_TREATMENT_UP	0.1962824153161705			
MIR500A_3P	0.19623513639014722			
GO_INTERMEDIATE_FILAMENT_BUNDLE_ASSEMBLY	0.19620102828824376			
GO_PROTEIN_K29_LINKED_DEUBIQUITINATION	0.19618291708840332			
IPA_MYBL2_UP	0.19613177842034857			
ACEVEDO_NORMAL_TISSUE_ADJACENT_TO_LIVER_TUMOR_UP	0.1961128612104323			
GO_NADH_DEHYDROGENASE_COMPLEX	0.19607204076821236			
GSE2770_TGFB_AND_IL4_VS_IL12_TREATED_ACT_CD4_TCELL_6H_DN	0.1960049260809394			
MOOTHA_VOXPHOS	0.19599855376441905			
GO_PROTEIN_SERINE_THREONINE_KINASE_INHIBITOR_ACTIVITY	0.19599226158144464			
GO_MITOCHONDRIAL_TRANSLATIONAL_TERMINATION	0.19598505615982847			
GO_POSITIVE_REGULATION_OF_TRANSCRIPTION_INITIATION_FROM_RNA_POLYMERASE_II_PROMOTER	0.19595969467975005			
GO_PROXIMAL_DISTAL_PATTERN_FORMATION	0.19595958373125477			
BENPORATH_ES_CORE_NINE_CORRELATED	0.19595344275574209			
GO_ANDROSTERONE_DEHYDROGENASE_ACTIVITY	0.19593934837902602			
chr12q14	0.1959327798859851			
REACTOME_TRANSPORT_OF_INORGANIC_CATIONS_ANIONS_AND_AMINO_ACIDS_OLIGOPEPTIDES	0.19587754324804268			
GO_NEGATIVE_REGULATION_OF_TRANSCRIPTION_INITIATION_FROM_RNA_POLYMERASE_II_PROMOTER	0.19584869490078882			
REACTOME_DISORDERS_OF_TRANSMEMBRANE_TRANSPORTERS	0.19583607592928393			
GO_ALDITOL_NADPPLUS_1_OXIDOREDUCTASE_ACTIVITY	0.19581795365721025			
GO_BLOC_1_COMPLEX	0.19572880252048436			
GSE37532_TREG_VS_TCONV_CD4_TCELL_FROM_LN_UP	0.19569666467909427			
MIR4714_5P	0.19568818150680292			
KEGG_PRIMARY_BILE_ACID_BIOSYNTHESIS	0.1956681937301098			
GO_TYPE_I_PNEUMOCYTE_DIFFERENTIATION	0.1956239429212381			
MIR7847_3P	0.19552536626581796			
GO_RNA_POLYMERASE_II_TRANSCRIPTION_REPRESSOR_COMPLEX	0.19551735315142132			
GO_POSITIVE_REGULATION_OF_MITOCHONDRIAL_FISSION	0.19550307327643			
GO_CD95_DEATH_INDUCING_SIGNALING_COMPLEX	0.19548011122542522			
GO_MEIOTIC_CELL_CYCLE_PHASE_TRANSITION	0.19538844557268292			
REACTOME_DIGESTION_AND_ABSORPTION	0.19538535860353298			
GO_OMEGA_PEPTIDASE_ACTIVITY	0.19537808672963922			
LU_TUMOR_ENDOTHELIAL_MARKERS_DN	0.19536301301867812			
GO_ENDORIBONUCLEASE_COMPLEX	0.1953581542011866			
REACTOME_FGFRL1_MODULATION_OF_FGFR1_SIGNALING	0.19535361829584014			
GO_GTPASE_ACTIVATING_PROTEIN_BINDING	0.19534289739885116			
chrXq28	0.19531413886025145			
GO_POSITIVE_REGULATION_OF_TOLL_LIKE_RECEPTOR_4_SIGNALING_PATHWAY	0.19530308794244627			
GO_OUTER_MITOCHONDRIAL_MEMBRANE_PROTEIN_COMPLEX	0.19525792681030812			
GSE17974_0H_VS_2H_IN_VITRO_ACT_CD4_TCELL_DN	0.19523469764220225			
GO_PHOSPHATIDYLSERINE_1_ACYLHYDROLASE_ACTIVITY	0.1952230061163559			
GO_LEUCINE_ZIPPER_DOMAIN_BINDING	0.19521998860158069			
GSE22935_UNSTIM_VS_48H_MBOVIS_BCG_STIM_MYD88_KO_MACROPHAGE_DN	0.19517833277069102			
REACTOME_ACTIVATION_OF_C3_AND_C5	0.1951501386592438			
GO_AXIS_ELONGATION_INVOLVED_IN_SOMITOGENESIS	0.19514526556787054			
GSE3982_CENT_MEMORY_CD4_TCELL_VS_NKCELL_UP	0.19506993770009765			
REACTOME_PHOSPHATE_BOND_HYDROLYSIS_BY_NUDT_PROTEINS	0.19504711212873455			
chr15q14	0.19504596489094175			
MIR4436B_5P	0.19502588615136862			
GO_MAINTENANCE_OF_LOCATION	0.19498956726827793			
GO_CELLULAR_LIPID_BIOSYNTHETIC_PROCESS	0.19498433663134246			
GO_REGULATION_OF_DEVELOPMENT_HETEROCHRONIC	0.19497221495654826			
REACTOME_ERK_MAPK_TARGETS	0.19495591799719764			
GO_MMXD_COMPLEX	0.19495340958404966			
GO_SYNAPTIC_VESICLE_PRIMING	0.19494790786630775			
REACTOME_ACTIVATION_OF_PUMA_AND_TRANSLOCATION_TO_MITOCHONDRIA	0.19494233948041492			
IPA_TFE3_UP	0.19487604315443224			
MIR4740_5P	0.19486574650961663			
MCBRYAN_PUBERTAL_BREAST_3_4WK_DN	0.19484536182884965			
REACTOME_UNFOLDED_PROTEIN_RESPONSE_UPR	0.19481185538530912			
GSE23114_WT_VS_SLE2C1_MOUSE_SPLEEN_B1A_BCELL_UP	0.19480434918819167			
REACTOME_MRNA_EDITING_C_TO_U_CONVERSION	0.19476721651114795			
GO_AMINOGLYCOSIDE_ANTIBIOTIC_METABOLIC_PROCESS	0.1947479583278313			
TTTNNANAGCYR_UNKNOWN	0.19474244203885657			
GO_MEMBRANE_TO_MEMBRANE_DOCKING	0.19471789335887668			
GO_CILIARY_TRANSITION_ZONE	0.194676585870786			
KONDO_COLON_CANCER_HCP_WITH_H3K27ME3	0.1946311529447956			
GO_SOMATIC_STEM_CELL_DIVISION	0.19455926069308574			
IPA_RBL2_DN	0.19455859468788808			
GO_TRANSPORT_ACROSS_BLOOD_BRAIN_BARRIER	0.194510188580531			
MIR6511A_5P	0.19450582268150773			
GO_REGULATION_OF_POLYAMINE_TRANSMEMBRANE_TRANSPORT	0.19446092906688772			
IPA_UBTF_UP	0.19444489808230356			
YTTCCNNNGGAMR_UNKNOWN	0.19436125862658823			
LY_AGING_MIDDLE_DN	0.19434965785332628			
MIR6501_5P	0.19428521799872422			
REACTOME_APC_C_CDH1_MEDIATED_DEGRADATION_OF_CDC20_AND_OTHER_APC_C_CDH1_TARGETED_PROTEINS_IN_LATE_MITOSIS_EARLY_G1	0.19426222349629046			
REACTOME_HEMOSTASIS	0.1942061640565672			
GO_MITOCHONDRIAL_FISSION	0.19417435464334562			
GO_NEGATIVE_REGULATION_OF_GLUTAMATE_SECRETION	0.1941649668305397			
MIR4649_5P	0.1941529122124902			
OZEN_MIR125B1_TARGETS	0.19413511756149457			
GO_PARATHYROID_GLAND_DEVELOPMENT	0.19407533355767004			
IPA_ATF4_UP	0.1940582618255069			
GO_SECONDARY_METABOLITE_BIOSYNTHETIC_PROCESS	0.19405530732756623			
GO_REGULATION_OF_CILIUM_ASSEMBLY	0.1940216375074999			
GO_DETECTION_OF_STIMULUS_INVOLVED_IN_SENSORY_PERCEPTION	0.19396881172888653			
GSE29164_UNTREATED_VS_CD8_TCELL_AND_IL12_TREATED_MELANOMA_DAY3_DN	0.1939364891499757			
SATB1_TARGET_GENES	0.1939129086771987			
GO_PYRIMIDINE_RIBONUCLEOTIDE_METABOLIC_PROCESS	0.1938849399424647			
REACTOME_DEFECTIVE_CHST14_CAUSES_EDS_MUSCULOCONTRACTURAL_TYPE	0.19385369871172467			
REACTOME_BUTYROPHILIN_BTN_FAMILY_INTERACTIONS	0.19380163728756045			
GO_S_ADENOSYLMETHIONINE_CYCLE	0.19379582569050216			
GO_MITRAL_VALVE_DEVELOPMENT	0.19379209342780873			
GO_RESPONSE_TO_PARATHYROID_HORMONE	0.1937583175585984			
GSE21546_UNSTIM_VS_ANTI_CD3_STIM_SAP1A_KO_DP_THYMOCYTES_DN	0.19375685738226137			
OHM_EMBRYONIC_CARCINOMA_DN	0.19370435960577786			
GO_PTERIDINE_CONTAINING_COMPOUND_BIOSYNTHETIC_PROCESS	0.1935912362055034			
BIOCARTA_CARM_ER_PATHWAY	0.19356562193270427			
GO_NEGATIVE_REGULATION_OF_TRANSMEMBRANE_TRANSPORT	0.19355713072125988			
GO_D_AMINO_ACID_TRANSPORT	0.1935434150492401			
GO_DOPAMINE_NEUROTRANSMITTER_RECEPTOR_ACTIVITY	0.193530362806641			
GO_FIBRILLAR_CENTER	0.19349100717890824			
GO_NEGATIVE_REGULATION_OF_BILE_ACID_METABOLIC_PROCESS	0.1934286567423			
BIOCARTA_HBX_PATHWAY	0.19340380155529904			
SCHLESINGER_METHYLATED_IN_COLON_CANCER	0.19334807133541285			
GSE28737_WT_VS_BCL6_HET_FOLLICULAR_BCELL_UP	0.1933327736601104			
GO_NEUROTRANSMITTER_RECEPTOR_TRANSPORT_POSTSYNAPTIC_ENDOSOME_TO_LYSOSOME	0.19332595002523165			
GO_ACETYL_COA_BIOSYNTHETIC_PROCESS	0.1933021917081853			
GO_TUBULAR_ENDOSOME	0.19329062299734007			
KRAS.50_UP.V1_UP	0.19325481663670166			
GO_REGULATION_OF_GROWTH_HORMONE_SECRETION	0.19320550398557929			
GGAANCGGAANY_UNKNOWN	0.19319804183029188			
IPA_EMX2_DN	0.19319083959672345			
GSE21546_WT_VS_SAP1A_KO_DP_THYMOCYTES_DN	0.19313499948299506			
LIU_BREAST_CANCER	0.1930636982094581			
MIR582_3P	0.19304721521317944			
SNAI1_TARGET_GENES	0.19303378528152118			
ZNF585B_TARGET_GENES	0.19297081701740343			
AGUIRRE_PANCREATIC_CANCER_COPY_NUMBER_DN	0.19296897045948888			
GO_SYNAPSE_PRUNING	0.19296601784612394			
GSE21927_SPLENIC_C26GM_TUMOROUS_VS_BONE_MARROW_MONOCYTES_UP	0.1929504269871888			
IPA_HAND2_DN	0.19288721247874002			
GO_REGULATION_OF_GROWTH_RATE	0.19288711201451728			
MIR140_3P	0.19288446649953442			
KUMAMOTO_RESPONSE_TO_NUTLIN_3A_DN	0.19280814024749487			
GSE17974_CTRL_VS_ACT_IL4_AND_ANTI_IL12_1H_CD4_TCELL_UP	0.1927918274565119			
GO_S_ACYLTRANSFERASE_ACTIVITY	0.192722445392919			
GO_NEGATIVE_REGULATION_OF_FATTY_ACID_OXIDATION	0.1927178448359309			
MIR181A_3P	0.1927060311996813			
GO_NUCLEOBASE_CONTAINING_SMALL_MOLECULE_CATABOLIC_PROCESS	0.1926937964333529			
BIOCARTA_CERAMIDE_PATHWAY	0.1926368915926086			
GO_REGULATION_OF_PROSTATIC_BUD_FORMATION	0.19262264308221463			
GO_MITOCHONDRIAL_RESPIRATORY_CHAIN_COMPLEX_ASSEMBLY	0.19254494368391464			
IPA_STAT4_DN	0.19246721003605102			
GO_HULC_COMPLEX	0.19245396092175215			
GO_HEXOSE_PHOSPHATE_TRANSPORT	0.19234559121737269			
GO_POSITIVE_REGULATION_OF_DNA_BINDING	0.19232269151938217			
MIR520E_5P	0.19231577565926666			
FARDIN_HYPOXIA_9	0.19230708814789918			
GSE19888_NO_PRETREAT_VS_ADENOSINE_A3R_INHIBITOR_PRETREATED_MAST_CELL_TCELL_MEMBRANES_ACT_UP	0.1922874510721056			
BYSTRYKH_HEMATOPOIESIS_STEM_CELL_SCP2_QTL_TRANS	0.19225306307207404			
GO_APOLIPOPROTEIN_BINDING	0.19222377256348538			
MIR5693	0.1921909468346929			
IPA_BHLHE40_UP	0.19218154435223156			
GSE22432_MULTIPOTENT_VS_COMMON_DC_PROGENITOR_UNTREATED_UP	0.19216206791749413			
GO_NEGATIVE_REGULATION_OF_T_CELL_DIFFERENTIATION_IN_THYMUS	0.19210334788096287			
MIR516A_5P	0.19209802724119812			
GSE41176_UNSTIM_VS_ANTI_IGM_STIM_TAK1_KO_BCELL_3H_UP	0.19205482079789138			
chr4q32	0.19199000112176282			
IIZUKA_LIVER_CANCER_PROGRESSION_G1_G2_UP	0.19197379595128905			
IPA_RFX5_DN	0.19193765721855863			
YOKOE_CANCER_TESTIS_ANTIGENS	0.1919200314765245			
GO_PHOTOTRANSDUCTION_VISIBLE_LIGHT	0.19188579149177987			
GSE29949_CD8_NEG_DC_SPLEEN_VS_MONOCYTE_BONE_MARROW_DN	0.19176817213393244			
GO_TRNA_SPLICING_LIGASE_COMPLEX	0.19176443523247572			
GSE24574_BCL6_LOW_TFH_VS_TCONV_CD4_TCELL_DN	0.191752172393929			
MIR7112_5P	0.19171039897635034			
GO_REGULATION_OF_MITOCHONDRIAL_GENE_EXPRESSION	0.1916557391959507			
chr11q11	0.1916554226553387			
GO_LOCOMOTION_INVOLVED_IN_LOCOMOTORY_BEHAVIOR	0.1916279941974507			
GO_POSITIVE_REGULATION_OF_T_CELL_TOLERANCE_INDUCTION	0.191622935378643			
GO_SERINE_PHOSPHORYLATION_OF_STAT_PROTEIN	0.19156488389953127			
GO_REGULATION_OF_VENTRICULAR_CARDIAC_MUSCLE_CELL_MEMBRANE_DEPOLARIZATION	0.19156168918350944			
GSE34179_THPOK_KO_VS_WT_VA14I_NKTCELL_DN	0.19155161269434665			
REACTOME_RESPIRATORY_ELECTRON_TRANSPORT_ATP_SYNTHESIS_BY_CHEMIOSMOTIC_COUPLING_AND_HEAT_PRODUCTION_BY_UNCOUPLING_PROTEINS	0.19154293575205605			
GO_CCR2_CHEMOKINE_RECEPTOR_BINDING	0.19151061693555185			
GSE41176_WT_VS_TAK1_KO_ANTI_IGM_STIM_BCELL_1H_DN	0.19150858734419327			
MIR3168	0.19148877595107305			
GO_VOLTAGE_GATED_CHLORIDE_CHANNEL_ACTIVITY	0.19144014733102657			
IPA_RAD21_DN	0.19132409165073813			
GO_REGULATION_OF_PANCREATIC_JUICE_SECRETION	0.19132405071245062			
MIKHAYLOVA_OXIDATIVE_STRESS_RESPONSE_VIA_VHL_UP	0.19112820712148443			
MIR1237_5P_MIR4488	0.1910858943381979			
CGTSACG_PAX3_B	0.19104292551884391			
MIR4718	0.1909042387792417			
GO_REGULATION_OF_EXCRETION	0.19087356608660003			
MIR6837_3P	0.19085859893222976			
FUJIWARA_PARK2_IN_LIVER_CANCER_DN	0.1908539863475936			
REACTOME_INTRINSIC_PATHWAY_OF_FIBRIN_CLOT_FORMATION	0.1908481885882225			
ZNF502_TARGET_GENES	0.19080054060115764			
MIR144_5P	0.19079742034936226			
WU_APOPTOSIS_BY_CDKN1A_NOT_VIA_TP53	0.19079713145375757			
GO_RESPONSE_TO_ELECTRICAL_STIMULUS	0.19076718863847486			
KEGG_GALACTOSE_METABOLISM	0.1907635462498455			
JAK2_DN.V1_UP	0.19065645560549663			
REACTOME_SYNTHESIS_OF_GLYCOSYLPHOSPHATIDYLINOSITOL_GPI	0.1906501089074878			
PID_WNT_CANONICAL_PATHWAY	0.19064838790198121			
GO_INTRACELLULAR_PROTEIN_TRANSMEMBRANE_TRANSPORT	0.19064713290306734			
GO_CITRULLINE_METABOLIC_PROCESS	0.19064701070058546			
IPA_SCXA_UP	0.19063670574909974			
IPA_POU2AF1_DN	0.19062569930482345			
GO_REGULATION_OF_CHOLESTEROL_BIOSYNTHETIC_PROCESS	0.19059378417396639			
chr6q25	0.19056894641392028			
IPA_MYBL1_DN	0.1905574134116208			
GO_OLIGOPEPTIDE_TRANSPORT	0.19055372600344261			
REACTOME_DEFECTIVE_CHST3_CAUSES_SEDCJD	0.19052838971418798			
LIU_IL13_MEMORY_MODEL_UP	0.19051554700826123			
GO_MITOCHONDRIAL_TRANSLATION	0.19040968254321639			
GSE29614_CTRL_VS_DAY3_TIV_FLU_VACCINE_PBMC_UP	0.19040198242780598			
IPA_CTBP1_UP	0.19019937404599893			
IPA_ESRRG_DN	0.1901839590032351			
GO_PEPTIDYL_CYSTEINE_MODIFICATION	0.19015541215395204			
REACTOME_CREATINE_METABOLISM	0.19013725307373877			
REACTOME_MITOCHONDRIAL_TRANSLATION	0.19013090226362586			
chr1p34	0.18998017854041063			
GSE36476_CTRL_VS_TSST_ACT_40H_MEMORY_CD4_TCELL_OLD_DN	0.1899472358180351			
GO_REGULATION_OF_PEPTIDYL_SERINE_PHOSPHORYLATION_OF_STAT_PROTEIN	0.18992010146036617			
HASEGAWA_TUMORIGENESIS_BY_RET_C634R	0.18986296972031816			
chr4q35	0.18985685721222714			
REACTOME_DSCAM_INTERACTIONS	0.18979923526827244			
GO_ACETYL_COA_BIOSYNTHETIC_PROCESS_FROM_PYRUVATE	0.18978789315227165			
MIR7106_3P	0.18967784825025513			
RBM17_TARGET_GENES	0.18964643948661472			
GO_METALLOPEPTIDASE_ACTIVITY	0.1896375080914401			
GO_NADH_DEHYDROGENASE_COMPLEX_ASSEMBLY	0.18959174723550257			
GSE18791_CTRL_VS_NEWCASTLE_VIRUS_DC_2H_DN	0.18950922676442894			
GSE5589_LPS_AND_IL10_VS_LPS_AND_IL6_STIM_IL10_KO_MACROPHAGE_45MIN_DN	0.1894804854610544			
GO_2_OXOGLUTARATE_METABOLIC_PROCESS	0.18946643169744887			
GO_HISTONE_H3_K9_TRIMETHYLATION	0.1894566602072527			
GO_PRIMITIVE_STREAK_FORMATION	0.1893784937315389			
REACTOME_UCH_PROTEINASES	0.1893688504031633			
GO_OXOGLUTARATE_DEHYDROGENASE_COMPLEX	0.18936554511455658			
GO_NEGATIVE_REGULATION_OF_CYCLIC_NUCLEOTIDE_PHOSPHODIESTERASE_ACTIVITY	0.18933631776425108			
GO_REGULATION_OF_TRANSCRIPTION_INITIATION_FROM_RNA_POLYMERASE_II_PROMOTER	0.18929586427214137			
CAMPS_COLON_CANCER_COPY_NUMBER_UP	0.1892491276025307			
GSE360_L_MAJOR_VS_M_TUBERCULOSIS_MAC_UP	0.18924020240788245			
IPA_E2F5_DN	0.1892336001575542			
MTOR_UP.N4.V1_UP	0.18904788224656172			
GO_SOLUTE_ANION_ANTIPORTER_ACTIVITY	0.18902918666184787			
GO_REGULATION_OF_DEACETYLASE_ACTIVITY	0.18896762093711844			
GO_REGULATION_OF_ESTABLISHMENT_OF_PROTEIN_LOCALIZATION_TO_MITOCHONDRION	0.18894687353010722			
GO_DIHYDROLIPOYL_DEHYDROGENASE_COMPLEX	0.1887583587296385			
GSE20366_CD103_KLRG1_DP_VS_DN_TREG_UP	0.1887052075425912			
GO_POSITIVE_REGULATION_OF_UTERINE_SMOOTH_MUSCLE_CONTRACTION	0.18860306381484718			
NAKAMURA_BRONCHIAL_AND_BRONCHIOLAR_EPITHELIA	0.1884891574409152			
GO_OUTER_MITOCHONDRIAL_MEMBRANE_ORGANIZATION	0.18844705308869772			
MIR7153_5P	0.18841710148368085			
chr13q31	0.18838555288876466			
GO_COENZYME_A_BIOSYNTHETIC_PROCESS	0.18834090507787632			
GO_WATER_TRANSMEMBRANE_TRANSPORTER_ACTIVITY	0.18824715391764166			
GO_AMINO_ACID_TRANSMEMBRANE_TRANSPORT	0.18823962588591203			
GO_CARDIAC_MYOFIBRIL	0.18818513914779345			
MIKKELSEN_IPS_ICP_WITH_H3K27ME3	0.18816676919360675			
GSE21927_SPLEEN_VS_TUMOR_MONOCYTE_C57BL6_UP	0.1881572556062848			
GO_TERPENOID_CATABOLIC_PROCESS	0.18809878078028144			
GO_NEGATIVE_REGULATION_OF_TRANSLATION_IN_RESPONSE_TO_STRESS	0.18798463449440628			
GSE17974_0.5H_VS_72H_IL4_AND_ANTI_IL12_ACT_CD4_TCELL_DN	0.18788921635985037			
BREDEMEYER_RAG_SIGNALING_NOT_VIA_ATM_UP	0.18788264420978226			
REACTOME_SIGNALING_BY_INSULIN_RECEPTOR	0.18787083403433294			
GO_POSITIVE_REGULATION_OF_ATPASE_COUPLED_CALCIUM_TRANSMEMBRANE_TRANSPORTER_ACTIVITY	0.1878481869254329			
GO_PHENYLPROPANOID_METABOLIC_PROCESS	0.1877910765193649			
GO_RIBONUCLEOPROTEIN_COMPLEX_DISASSEMBLY	0.1877414125884967			
GO_POSITIVE_REGULATION_OF_HISTONE_DEACETYLATION	0.18769998002059196			
FLECHNER_PBL_KIDNEY_TRANSPLANT_REJECTED_VS_OK_UP	0.18768009480428047			
GO_ATPASE_REGULATOR_ACTIVITY	0.18766291472641575			
GO_ANAPHASE_PROMOTING_COMPLEX_DEPENDENT_CATABOLIC_PROCESS	0.18765257349718642			
GO_CELLULAR_COMPONENT_DISASSEMBLY_INVOLVED_IN_EXECUTION_PHASE_OF_APOPTOSIS	0.18748298724665416			
GO_NODAL_BINDING	0.18743035981072304			
GSE12963_UNINF_VS_ENV_AND_NEF_DEFICIENT_HIV1_INF_CD4_TCELL_UP	0.18741087385902555			
KEGG_MAPK_SIGNALING_PATHWAY	0.18739951318695033			
ZNF677_TARGET_GENES	0.18726948572291668			
GO_OXYGEN_METABOLIC_PROCESS	0.18724372172036866			
REACTOME_RUNX3_REGULATES_P14_ARF	0.18720715179061487			
GO_CULLIN_FAMILY_PROTEIN_BINDING	0.1871893986447596			
GO_POSITIVE_REGULATION_OF_MITOCHONDRIAL_ATP_SYNTHESIS_COUPLED_ELECTRON_TRANSPORT	0.18717827454667932			
GSE28726_NAIVE_VS_ACTIVATED_NKTCELL_DN	0.187159372161804			
GO_BLOC_COMPLEX	0.18714700077424107			
GO_GLUTAMATE_BINDING	0.18708959009142126			
SRPK1_TARGET_GENES	0.18701754666216558			
GO_SODIUM_DICARBOXYLATE_SYMPORTER_ACTIVITY	0.1870109797303329			
WARTERS_RESPONSE_TO_IR_SKIN	0.1869363563846173			
BERGER_MBD2_TARGETS	0.18686926062547732			
CHNG_MULTIPLE_MYELOMA_HYPERPLOID_DN	0.18680322160300086			
GO_RACEMASE_AND_EPIMERASE_ACTIVITY_ACTING_ON_CARBOHYDRATES_AND_DERIVATIVES	0.1867899097232059			
PID_IFNG_PATHWAY	0.18673054902030675			
GO_MITOCHONDRIAL_SMALL_RIBOSOMAL_SUBUNIT	0.18665491473555176			
GO_LEUKOCYTE_CHEMOTAXIS_INVOLVED_IN_INFLAMMATORY_RESPONSE	0.1866301606317816			
CHEMELLO_SOLEUS_VS_EDL_MYOFIBERS_DN	0.1866228644605146			
MIR4774_3P	0.18658960541190833			
GSE43863_DAY6_EFF_VS_DAY150_MEM_TFH_CD4_TCELL_DN	0.18651511273020946			
GO_CHROMATIN_MEDIATED_MAINTENANCE_OF_TRANSCRIPTION	0.18639547995182895			
SEIDEN_MET_SIGNALING	0.18619782951852462			
GO_ESCRT_I_COMPLEX	0.18612146760774437			
GO_INTRONIC_TRANSCRIPTION_REGULATORY_REGION_DNA_BINDING	0.18606958237549923			
REACTOME_TRANSCRIPTIONAL_REGULATION_BY_TP53	0.1860623752863916			
ODONNELL_METASTASIS_UP	0.18603798518570355			
REACTOME_MUSCARINIC_ACETYLCHOLINE_RECEPTORS	0.18603364073304182			
GO_PEPTIDYL_SERINE_MODIFICATION	0.18596754005673413			
GO_CHEMOKINE_C_C_MOTIF_LIGAND_2_SECRETION	0.18589277452713354			
GSE6259_DEC205_POS_DC_VS_CD4_TCELL_UP	0.18558812106725206			
GO_NEGATIVE_REGULATION_OF_CELL_CYCLE_G2_M_PHASE_TRANSITION	0.18553719879285857			
REACTOME_NUCLEOTIDE_SALVAGE	0.18544698030750945			
GO_POLYOL_TRANSPORT	0.18539074453606005			
GO_DEPHOSPHORYLATION_OF_RNA_POLYMERASE_II_C_TERMINAL_DOMAIN	0.18522885894838484			
GO_TIM23_MITOCHONDRIAL_IMPORT_INNER_MEMBRANE_TRANSLOCASE_COMPLEX	0.18520068631810455			
IPA_IKZF4_DN	0.18515270231919143			
IPA_JDP2_UP	0.18515270231919143			
GSE27291_0H_VS_6H_STIM_GAMMADELTA_TCELL_DN	0.18511310433737732			
KEGG_NOTCH_SIGNALING_PATHWAY	0.18505851566674225			
IPA_CDK7_UP	0.18495448305935766			
GSE6875_TCONV_VS_TREG_DN	0.18489528438439995			
REACTOME_SYNTHESIS_SECRETION_AND_DEACYLATION_OF_GHRELIN	0.18489186025510254			
GO_REGULATION_OF_BINDING_OF_SPERM_TO_ZONA_PELLUCIDA	0.18474199467493838			
GO_MAINTENANCE_OF_PROTEIN_LOCATION_IN_NUCLEUS	0.18471852258486474			
GSE16385_UNTREATED_VS_12H_IFNG_TNF_TREATED_MACROPHAGE_UP	0.1846838337051363			
IPA_HOXA3_UP	0.18447686313418865			
GO_PHYTOSTEROID_METABOLIC_PROCESS	0.18446683918658574			
GSE25088_CTRL_VS_IL4_STIM_STAT6_KO_MACROPHAGE_UP	0.1843318419064529			
IPA_HAND2_UP	0.18427963305327427			
GSE6090_UNSTIM_VS_DC_SIGN_STIM_DC_UP	0.18425805042985327			
GO_EQUILIBRIOCEPTION	0.18416276716985366			
REACTOME_BIOSYNTHESIS_OF_EPA_DERIVED_SPMS	0.1841587801257059			
GO_TELOMERASE_HOLOENZYME_COMPLEX_ASSEMBLY	0.18414931838736034			
GO_OVULATION_CYCLE_PROCESS	0.18402957830688813			
GO_NEGATIVE_REGULATION_OF_RECEPTOR_SIGNALING_PATHWAY_VIA_STAT	0.18392619251128628			
GO_ASTROCYTE_END_FOOT	0.18369902834700777			
IPA_HDAC8_DN	0.183618549062725			
WATANABE_COLON_CANCER_MSI_VS_MSS_DN	0.1834021840865311			
IPA_NFIB_UP	0.18336046428772215			
GO_KETOSTEROID_MONOOXYGENASE_ACTIVITY	0.18335706240538846			
REACTOME_HCMV_LATE_EVENTS	0.1832801803967299			
GO_VESICLE_TETHERING	0.18327994290654384			
GO_GLYCINE_N_ACYLTRANSFERASE_ACTIVITY	0.18318896159080014			
GO_COMPLEMENT_ACTIVATION_LECTIN_PATHWAY	0.1829443358890103			
MIR210_3P	0.18293709986084844			
GO_DOPAMINE_NEUROTRANSMITTER_RECEPTOR_ACTIVITY_COUPLED_VIA_GI_GO	0.1828125037839603			
GO_NEGATIVE_REGULATION_OF_RECEPTOR_SIGNALING_PATHWAY_VIA_JAK_STAT	0.18257316761435222			
VALK_AML_CLUSTER_12	0.18249679178020808			
IPA_FGF3_DN	0.1824653018021766			
GO_POSITIVE_REGULATION_OF_PHAGOCYTOSIS_ENGULFMENT	0.18219189603883112			
IPA_NRF1_DN	0.1821901078636697			
IPA_PHOX2B_UP	0.18218000684248295			
MIR1293	0.1821352485517002			
GAZDA_DIAMOND_BLACKFAN_ANEMIA_PROGENITOR_UP	0.18209416669620374			
GO_NEGATIVE_REGULATION_OF_MEIOTIC_NUCLEAR_DIVISION	0.1820284112702344			
GO_PROTON_TRANSPORTING_TWO_SECTOR_ATPASE_COMPLEX_CATALYTIC_DOMAIN	0.18185415916885916			
GO_GLYCEROL_TRANSPORT	0.18179902532491715			
GO_GLYCEROL_TRANSMEMBRANE_TRANSPORTER_ACTIVITY	0.18179902532491715			
GSE13522_CTRL_VS_T_CRUZI_Y_STRAIN_INF_SKIN_IFNG_KO_DN	0.18167034050418787			
GSE3720_VD1_VS_VD2_GAMMADELTA_TCELL_UP	0.18164880648463458			
chr9p12	0.18162856588120635			
GO_RETINAL_BIPOLAR_NEURON_DIFFERENTIATION	0.1815969075458125			
GO_RNA_POLYMERASE_II_REPRESSING_TRANSCRIPTION_FACTOR_BINDING	0.18158076337633566			
SA_G1_AND_S_PHASES	0.1815543374330678			
REACTOME_SODIUM_COUPLED_SULPHATE_DI_AND_TRI_CARBOXYLATE_TRANSPORTERS	0.18141643130169574			
MIR1250_5P	0.18136022722966816			
GO_CELL	0.18131558978158285			
MIR217_3P	0.18106698034297453			
MIR642A_5P	0.18098803060882138			
REACTOME_ALPHA_PROTEIN_KINASE_1_SIGNALING_PATHWAY	0.18098271955911907			
IPA_IRF2_UP	0.18047332500675148			
GO_TRICARBOXYLIC_ACID_CYCLE_ENZYME_COMPLEX	0.1803998888946706			
REACTOME_LRR_FLII_INTERACTING_PROTEIN_1_LRRFIP1_ACTIVATES_TYPE_I_IFN_PRODUCTION	0.18027775540791888			
GSE2770_TGFB_AND_IL4_VS_IL4_TREATED_ACT_CD4_TCELL_2H_UP	0.18025343737323576			
REACTOME_DEFECTIVE_CFTR_CAUSES_CYSTIC_FIBROSIS	0.18022657773120612			
MIR4725_5P	0.18014089128669944			
GO_MITOCHONDRIAL_GENE_EXPRESSION	0.18008026100530447			
ZNF711_TARGET_GENES	0.1800680996780952			
IPA_RAX_UP	0.17993882408077297			
GO_NUCLEAR_MEMBRANE	0.17990047680007318			
IPA_PAX7_DN	0.17977412508612384			
GO_ISOPRENOID_CATABOLIC_PROCESS	0.17951364839549958			
MIR504_5P	0.17949054555749247			
GO_NEURONAL_ACTION_POTENTIAL_PROPAGATION	0.17915451258503867			
GO_JUNCTIONAL_MEMBRANE_COMPLEX	0.1788388197265349			
REACTOME_MELANIN_BIOSYNTHESIS	0.17881063747296996			
GO_PROTEIN_LOCALIZATION_TO_PARANODE_REGION_OF_AXON	0.1787569649144305			
GSE37605_C57BL6_VS_NOD_FOXP3_FUSION_GFP_TCONV_UP	0.1785443686356802			
RAMASWAMY_METASTASIS_DN	0.1781956058550394			
GO_ACTIVIN_RECEPTOR_BINDING	0.178183124309516			
GO_REGULATION_OF_MEMBRANE_TUBULATION	0.17808368527685875			
GO_REGULATION_OF_POSTSYNAPTIC_CYTOSOLIC_CALCIUM_ION_CONCENTRATION	0.1778665195788674			
IPA_HIST1H4A_DN	0.17785366756714682			
IPA_HIST1H4L_DN	0.17785366756714682			
IPA_HIST2H4A_DN	0.17785366756714682			
IPA_HIST1H4D_DN	0.17785366756714682			
IPA_HIST1H4F_DN	0.17785366756714682			
IPA_HIST4H4_DN	0.17785366756714682			
IPA_HIST1H4H_DN	0.17785366756714682			
IPA_HIST1H4E_DN	0.17785366756714682			
IPA_HIST1H4J_DN	0.17785366756714682			
IPA_HIST1H4C_DN	0.17785366756714682			
IPA_HIST1H4I_DN	0.17785366756714682			
IPA_HIST2H4B_DN	0.17785366756714682			
GO_POLYOL_TRANSMEMBRANE_TRANSPORTER_ACTIVITY	0.17759042870026662			
GO_NEGATIVE_REGULATION_OF_MONOOXYGENASE_ACTIVITY	0.1775364590308196			
GO_DUCTUS_ARTERIOSUS_CLOSURE	0.17736639735626733			
MIR4650_3P	0.17728953611406992			
MYLLYKANGAS_AMPLIFICATION_HOT_SPOT_13	0.1767465651128573			
GO_REGULATION_OF_MITOCHONDRIAL_ELECTRON_TRANSPORT_NADH_TO_UBIQUINONE	0.17636395381421477			
GO_CALCIUM_ION_TRANSMEMBRANE_TRANSPORTER_ACTIVITY	0.17623399633476752			
IPA_SIRT1_DN	0.17575075970751777			
IPA_MYRF_UP	0.17557101858347224			
GO_REGULATION_OF_AXON_DIAMETER	0.17521934431609884			
REACTOME_THE_ROLE_OF_GTSE1_IN_G2_M_PROGRESSION_AFTER_G2_CHECKPOINT	0.1751979090985658			
MIR574_5P	0.1748245019170054			
GSE26023_PHD3_KO_VS_WT_NEUTROPHIL_HYPOXIA_UP	0.17473515922001887			
GO_RESPONSE_TO_CORTICOTROPIN_RELEASING_HORMONE	0.17435296538607856			
IPA_TEF_DN	0.17342728070291782			
IPA_HLF_DN	0.17342728070291782			
GO_REGULATION_OF_CELLULAR_AMINO_ACID_METABOLIC_PROCESS	0.17311026467098062			
GO_NEGATIVE_REGULATION_OF_HIGH_VOLTAGE_GATED_CALCIUM_CHANNEL_ACTIVITY	0.1730725735049809			
GO_URATE_TRANSPORT	0.17266485332721446			
GO_POSITIVE_REGULATION_OF_SYNAPTIC_VESICLE_RECYCLING	0.1724764135451636			
GO_MOTOR_NEURON_MIGRATION	0.17202177830377868			
GO_NEGATIVE_REGULATION_OF_INSULIN_LIKE_GROWTH_FACTOR_RECEPTOR_SIGNALING_PATHWAY	0.17191321949409183			
IPA_TRIM28_DN	0.17156576436685708			
IPA_NONO_UP	0.17156576436685708			
IPA_LEF1_DN	0.17141145086368			
IPA_FOXP1_DN	0.17011727281826694			
REACTOME_PHOSPHORYLATION_OF_EMI1	0.16795581437721413			
chr3q11	0.16517320598741894			
GO_POSITIVE_REGULATION_OF_MESODERM_FORMATION	0.15921739023547424			
IPA_OTP_UP	0.10390496266955633			
IPA_PBX1_DN	-0.16661492859954433			
GO_ANTIFUNGAL_INNATE_IMMUNE_RESPONSE	-0.16731240496032365			
YAO_TEMPORAL_RESPONSE_TO_PROGESTERONE_CLUSTER_11	-0.1677269438779433			
GO_NUCLEAR_LAMINA	-0.1691766249427308			
IPA_FUBP1_UP	-0.16927799519972522			
GO_PROTEIN_IMPORT_INTO_MITOCHONDRIAL_MATRIX	-0.16944624232854913			
GO_POSITIVE_REGULATION_OF_MELANOCYTE_DIFFERENTIATION	-0.1701017412129519			
REACTOME_AMINO_ACID_CONJUGATION	-0.17280730476046835			
FARMER_BREAST_CANCER_CLUSTER_2	-0.17298712320714096			
GSE40274_FOXP3_VS_FOXP3_AND_SATB1_TRANSDUCED_ACTIVATED_CD4_TCELL_UP	-0.17299846486712117			
REACTOME_CYCLIN_A_B1_B2_ASSOCIATED_EVENTS_DURING_G2_M_TRANSITION	-0.17346757544516198			
GO_NEGATIVE_REGULATION_OF_SISTER_CHROMATID_COHESION	-0.17393099323805952			
GO_CHAPERONE_MEDIATED_PROTEIN_TRANSPORT	-0.17461897101981705			
GO_REGULATION_OF_LONG_TERM_SYNAPTIC_DEPRESSION	-0.17466937709126915			
GSE24210_CTRL_VS_IL35_TREATED_TCONV_CD4_TCELL_DN	-0.17542336124732713			
GO_THYMUS_DEVELOPMENT	-0.1755676640621051			
GO_POSITIVE_REGULATION_OF_SYNAPTIC_VESICLE_ENDOCYTOSIS	-0.175653013715104			
GO_CYCLIN_DEPENDENT_PROTEIN_SERINE_THREONINE_KINASE_INHIBITOR_ACTIVITY	-0.17572902300468643			
GO_NUCLEAR_ENVELOPE_ORGANIZATION	-0.17600602060388318			
PPARA_02	-0.1760346279160905			
GSE25123_ROSIGLITAZONE_VS_IL4_AND_ROSIGLITAZONE_STIM_MACROPHAGE_DAY10_UP	-0.17629014559090248			
GSE20198_UNTREATED_VS_IFNA_TREATED_ACT_CD4_TCELL_UP	-0.1763272224251934			
IPA_TCF7_DN	-0.17643152357580127			
GUTIERREZ_WALDENSTROEMS_MACROGLOBULINEMIA_1_UP	-0.17654238106989814			
MIR12128	-0.17674079598573036			
REACTOME_ACTIVATION_OF_NIMA_KINASES_NEK9_NEK6_NEK7	-0.17679733797757644			
REACTOME_APC_C_MEDIATED_DEGRADATION_OF_CELL_CYCLE_PROTEINS	-0.17695896738592057			
IPA_FOXP3_UP	-0.17698540614550315			
GO_INNER_CELL_MASS_CELL_PROLIFERATION	-0.17811357841724423			
GSE27786_LIN_NEG_VS_CD4_TCELL_UP	-0.1782089041359001			
chr15q12	-0.17825480333580565			
REACTOME_ONCOGENE_INDUCED_SENESCENCE	-0.1786213879270245			
GO_REGULATION_OF_ATRIAL_CARDIAC_MUSCLE_CELL_MEMBRANE_DEPOLARIZATION	-0.17876445838189578			
GO_UREA_TRANSMEMBRANE_TRANSPORTER_ACTIVITY	-0.17910414322026671			
GO_UTERINE_SMOOTH_MUSCLE_CONTRACTION	-0.17913018208917014			
IPA_DBP_DN	-0.17955368839215236			
GO_PURINE_NUCLEOBASE_TRANSPORT	-0.17965205440811308			
GO_POSITIVE_REGULATION_OF_CALCIUM_ION_TRANSMEMBRANE_TRANSPORT	-0.17972853206661005			
chr15q21	-0.17984734115342077			
GO_RNA_POLYMERASE_III_COMPLEX	-0.1799075294892114			
BIOCARTA_TEL_PATHWAY	-0.17999757963731142			
LOPEZ_MBD_TARGETS_IMPRINTED_AND_X_LINKED	-0.18040754249929394			
GO_REGULATION_OF_MIRNA_METABOLIC_PROCESS	-0.1804991213858203			
SHETH_LIVER_CANCER_VS_TXNIP_LOSS_PAM6	-0.18050021006309136			
MIR205_3P	-0.18073106141319092			
MIR589_3P	-0.18095362512309993			
GO_CYSTEINE_TYPE_ENDOPEPTIDASE_INHIBITOR_ACTIVITY_INVOLVED_IN_APOPTOTIC_PROCESS	-0.18116074144108713			
MIR934	-0.18128635364829238			
BIOCARTA_RANMS_PATHWAY	-0.1814292372846669			
IPA_MYF5_DN	-0.18145156093626122			
GO_CELLULAR_RESPONSE_TO_PURINE_CONTAINING_COMPOUND	-0.1814889348709303			
GSE11864_UNTREATED_VS_CSF1_IFNG_PAM3CYS_IN_MAC_DN	-0.18179943366340173			
GO_ALDITOL_CATABOLIC_PROCESS	-0.18187190987951776			
GO_PCAF_COMPLEX	-0.18195940036879366			
GO_TRANSLATIONAL_TERMINATION	-0.18201514734890265			
GO_PURINE_CONTAINING_COMPOUND_TRANSMEMBRANE_TRANSPORT	-0.18203806221945426			
KUMAR_PATHOGEN_LOAD_BY_MACROPHAGES	-0.1820607984552658			
GO_NADH_METABOLIC_PROCESS	-0.1821384514028832			
IPA_MLXIP_UP	-0.18214004762223976			
IPA_HDAC10_DN	-0.18214004762223976			
GO_MICROTUBULE_ORGANIZING_CENTER_ORGANIZATION	-0.1823678766409129			
GO_G_PROTEIN_COUPLED_ACETYLCHOLINE_RECEPTOR_ACTIVITY	-0.1825122035245743			
IPA_ZBTB7A_DN	-0.18254373150332218			
GO_NUCLEOTIDE_TRANSMEMBRANE_TRANSPORT	-0.1825796275438019			
IPA_ALX4_DN	-0.18258039639949983			
chr2p25	-0.1826411269201873			
ZHAN_MULTIPLE_MYELOMA_PR_UP	-0.18269461649022364			
IPA_CREM_DN	-0.1828271240522485			
NIKOLSKY_BREAST_CANCER_21Q22_AMPLICON	-0.1828453224133719			
REACTOME_APC_C_CDC20_MEDIATED_DEGRADATION_OF_CYCLIN_B	-0.18337022292113903			
GO_REGULATION_OF_HISTONE_H3_K27_METHYLATION	-0.18342299707173082			
GO_RESPONSE_TO_FRUCTOSE	-0.18349373855629295			
GO_NEGATIVE_REGULATION_OF_GENE_SILENCING_BY_MIRNA	-0.1835125226989537			
MIR1343_3P	-0.1835479740000427			
GO_MYOTUBE_CELL_DEVELOPMENT	-0.1836420609889373			
ZIRN_TRETINOIN_RESPONSE_WT1_DN	-0.1836490057349814			
NRSF_01	-0.18368986205645826			
ZNF491_TARGET_GENES	-0.18369054549523184			
GSE11386_NAIVE_VS_MEMORY_BCELL_UP	-0.1836995822258246			
MIR574_3P	-0.1837614164732723			
GO_VITAMIN_B6_METABOLIC_PROCESS	-0.1837704009622985			
GO_CHONDROBLAST_DIFFERENTIATION	-0.18378706091769553			
IPA_HOXA1_UP	-0.18380889502501577			
GO_UV_DAMAGE_EXCISION_REPAIR	-0.1838313041522215			
GO_REGULATION_OF_CELLULAR_AMINE_METABOLIC_PROCESS	-0.18383161666998207			
GO_U4_SNRNA_BINDING	-0.18386434516292435			
GO_REGULATION_OF_BRANCHING_MORPHOGENESIS_OF_A_NERVE	-0.18393787472098536			
GO_RNA_5_END_PROCESSING	-0.18393987718142957			
GO_PHOSPHATIDYLCHOLINE_TRANSPORTER_ACTIVITY	-0.18395253887628857			
IPA_CHAF1B_DN	-0.18395761333266833			
GSE360_HIGH_VS_LOW_DOSE_B_MALAYI_DC_DN	-0.18396815637002223			
GO_MITOTIC_METAPHASE_PLATE_CONGRESSION	-0.1839687205369543			
REACTOME_CREATION_OF_C4_AND_C2_ACTIVATORS	-0.1840065829237656			
IPA_NFIX_UP	-0.18408880288321097			
ZHANG_BREAST_CANCER_PROGENITORS_UP	-0.18414388195530193			
IPA_NRL_DN	-0.1842267512704489			
GSE25087_FETAL_VS_ADULT_TCONV_UP	-0.18426668342261635			
MIR6809_5P	-0.1843219231391271			
IPA_CDK9_DN	-0.1843477323298139			
YAMANAKA_GLIOBLASTOMA_SURVIVAL_UP	-0.18438359406011845			
ROSTY_CERVICAL_CANCER_PROLIFERATION_CLUSTER	-0.18446305495795454			
GSE37532_WT_VS_PPARG_KO_LN_TREG_DN	-0.18447491539232652			
GO_FOREBRAIN_DORSAL_VENTRAL_PATTERN_FORMATION	-0.18448884605571692			
MIR8065	-0.184535396326401			
KRAS.KIDNEY_UP.V1_DN	-0.18455935671859056			
MIR4694_5P	-0.18456812033639897			
MIR23A_5P	-0.1847395210971983			
RUNNE_GENDER_EFFECT_UP	-0.18476907017462016			
GO_REGULATION_OF_PLATELET_DERIVED_GROWTH_FACTOR_RECEPTOR_ALPHA_SIGNALING_PATHWAY	-0.1848246367905542			
GO_N_ACETYLNEURAMINATE_CATABOLIC_PROCESS	-0.18483184079134354			
GO_BLASTOCYST_FORMATION	-0.18485896790141684			
AHRARNT_02	-0.18487658637534318			
IPA_ISL1_UP	-0.18513097453202318			
GO_FUCOSYLATION	-0.18515456229875202			
BIOCARTA_CREM_PATHWAY	-0.1851805001553667			
GSE36476_YOUNG_VS_OLD_DONOR_MEMORY_CD4_TCELL_40H_TSST_ACT_UP	-0.18522033948023958			
MIR4633_5P	-0.18523145222516063			
GO_OTOLITH_DEVELOPMENT	-0.1852619764464732			
MIR380_3P	-0.18530679938924774			
GSE19888_CTRL_VS_A3R_INHIBITOR_TREATED_MAST_CELL_UP	-0.18533767500466783			
GO_MALATE_DEHYDROGENASE_ACTIVITY	-0.18540619308412967			
GSE32164_RESTING_DIFFERENTIATED_VS_ALTERNATIVELY_ACT_M2_MACROPHAGE_UP	-0.18542966406506514			
GSE15750_DAY6_VS_DAY10_TRAF6KO_EFF_CD8_TCELL_UP	-0.18546255957469004			
GO_TERMINAL_BUTTON_ORGANIZATION	-0.1854837715635172			
GSE32423_IL7_VS_IL7_IL4_NAIVE_CD8_TCELL_UP	-0.1857000018552394			
GSE40274_SATB1_VS_FOXP3_AND_SATB1_TRANSDUCED_ACTIVATED_CD4_TCELL_DN	-0.18579970617662286			
GO_INTEGRIN_BIOSYNTHETIC_PROCESS	-0.185879101310905			
MIR3913_3P	-0.18588208761286165			
GO_POSITIVE_REGULATION_OF_CHEMOKINE_C_C_MOTIF_LIGAND_2_SECRETION	-0.1860263727938356			
MIR146A_5P	-0.18603455099904823			
GO_RIBONUCLEOSIDE_MONOPHOSPHATE_METABOLIC_PROCESS	-0.1860360878350307			
GO_PIRNA_BIOSYNTHETIC_PROCESS	-0.1860386224506789			
GSE13887_ACT_CD4_VS_NO_TREATED_CD4_TCELL_DN	-0.18605753564001537			
MIR620	-0.18608026706604644			
chr7q11	-0.1861270615904452			
GO_ATRIOVENTRICULAR_VALVE_FORMATION	-0.18615337990008443			
IPA_HOXA6_DN	-0.18616914350748015			
GO_CYSTEINE_TYPE_ENDOPEPTIDASE_REGULATOR_ACTIVITY_INVOLVED_IN_APOPTOTIC_PROCESS	-0.18622606343195208			
GO_SPINDLE_POLE	-0.18623011623215135			
GO_AMMONIUM_ION_BINDING	-0.18629155193840075			
GO_CELLULAR_RESPONSE_TO_PARATHYROID_HORMONE_STIMULUS	-0.18634249754981716			
GSE6674_CPG_VS_PL2_3_STIM_BCELL_DN	-0.18638403381045204			
REACTOME_ADP_SIGNALLING_THROUGH_P2Y_PURINOCEPTOR_1	-0.1863994355549838			
GO_NUCLEOBASE_TRANSPORT	-0.1864907814746838			
REACTOME_LOSS_OF_FUNCTION_OF_MECP2_IN_RETT_SYNDROME	-0.18651133809177992			
GO_REGULATION_OF_LYASE_ACTIVITY	-0.18663750832952414			
GO_POSITIVE_REGULATION_OF_CYTOSOLIC_CALCIUM_ION_CONCENTRATION_INVOLVED_IN_PHOSPHOLIPASE_C_ACTIVATING_G_PROTEIN_COUPLED_SIGNALING_PATHWAY	-0.18666066037671963			
MIR8060	-0.18679962395363606			
MIR4669	-0.18685987394742234			
GSE17721_LPS_VS_CPG_1H_BMDC_UP	-0.18695476912393122			
GO_LUTEOLYSIS	-0.1869584225053462			
GSE43863_TH1_VS_LY6C_LOW_CXCR5NEG_EFFECTOR_CD4_TCELL_UP	-0.18696547062826976			
DROSHA_TARGET_GENES	-0.18707909830170139			
IPA_TRRAP_UP	-0.1870832065139112			
GO_REGULATION_OF_CHEMOKINE_C_C_MOTIF_LIGAND_2_SECRETION	-0.18711061126503795			
BCL6B_TARGET_GENES	-0.18712636774698588			
GSE43863_NAIVE_VS_LY6C_INT_CXCR5POS_CD4_EFF_TCELL_D6_LCMV_DN	-0.18723136217033604			
BENPORATH_PROLIFERATION	-0.187238859443086			
GSE17721_LPS_VS_POLYIC_1H_BMDC_DN	-0.18740972108274787			
BIOCARTA_SLRP_PATHWAY	-0.18745495099742077			
KORKOLA_EMBRYONIC_CARCINOMA_VS_SEMINOMA_DN	-0.1874816314384821			
GOERING_BLOOD_HDL_CHOLESTEROL_QTL_TRANS	-0.18749683575764448			
KIM_PTEN_TARGETS_DN	-0.18751829756432975			
GO_CARBOXYPEPTIDASE_ACTIVITY	-0.18752220314235524			
SIMBULAN_PARP1_TARGETS_DN	-0.18752736013320342			
GSE24634_NAIVE_CD4_TCELL_VS_DAY5_IL4_CONV_TREG_DN	-0.1875306586030393			
FU_INTERACT_WITH_ALKBH8	-0.18755781018185014			
GO_CHROMOSOME_LOCALIZATION	-0.18756344770727965			
chr8p22	-0.18761767240434876			
GO_SELENOCYSTEINE_INSERTION_SEQUENCE_BINDING	-0.18765756489335428			
GO_NEGATIVE_REGULATION_OF_NERVOUS_SYSTEM_PROCESS	-0.18778055755369275			
GO_NONHOMOLOGOUS_END_JOINING_COMPLEX	-0.1877949508606792			
REACTOME_NEGATIVE_REGULATION_OF_FGFR1_SIGNALING	-0.18780700203330694			
REACTOME_RNA_POLYMERASE_III_CHAIN_ELONGATION	-0.18787380156007924			
GO_PROTEIN_TYROSINE_KINASE_ACTIVITY	-0.18793651756038052			
GO_DRINKING_BEHAVIOR	-0.18796608038187448			
REACTOME_LOSS_OF_FUNCTION_OF_SMAD2_3_IN_CANCER	-0.18797444808077998			
GO_RESPONSE_TO_CAMPTOTHECIN	-0.18802882791093026			
GO_PYRIMIDINE_NUCLEOBASE_BIOSYNTHETIC_PROCESS	-0.18804295648663408			
IPA_OTX1_UP	-0.1881116687902079			
GO_SMALL_NUCLEOLAR_RIBONUCLEOPROTEIN_COMPLEX_ASSEMBLY	-0.188141125311834			
GO_NEGATIVE_REGULATION_OF_INTRACELLULAR_PROTEIN_TRANSPORT	-0.18821439787153119			
MIR637	-0.18824702449150457			
GO_SKELETAL_MUSCLE_THIN_FILAMENT_ASSEMBLY	-0.18832479098925753			
GO_OOCYTE_MATURATION	-0.1883646927377116			
IPA_CTBP2_UP	-0.18837717825278702			
GO_PEPTIDYL_SERINE_AUTOPHOSPHORYLATION	-0.18840196111141752			
ZNF445_TARGET_GENES	-0.18841005218581003			
GO_POSITIVE_REGULATION_OF_RIBOSOME_BIOGENESIS	-0.18844402515892605			
GO_COPULATION	-0.18846802843743465			
GO_CENTRIOLE	-0.1884720350284342			
GO_BETA_N_ACETYLHEXOSAMINIDASE_ACTIVITY	-0.1885185456694677			
GO_REGULATION_OF_EXECUTION_PHASE_OF_APOPTOSIS	-0.18856264697740638			
IPA_ZSCAN10_UP	-0.18859101868800204			
GO_NEURONAL_STEM_CELL_POPULATION_MAINTENANCE	-0.1886338106934524			
GO_PHOSPHORIC_ESTER_HYDROLASE_ACTIVITY	-0.18866858495135483			
GO_PARKIN_MEDIATED_STIMULATION_OF_MITOPHAGY_IN_RESPONSE_TO_MITOCHONDRIAL_DEPOLARIZATION	-0.18872198857016179			
GO_CENTRIOLAR_SUBDISTAL_APPENDAGE	-0.18874299215357643			
GO_POSITIVE_REGULATION_OF_FERTILIZATION	-0.18874846870661535			
GO_GLIAL_CELL_DERIVED_NEUROTROPHIC_FACTOR_RECEPTOR_ACTIVITY	-0.18875732718304591			
GSE24210_RESTING_TREG_VS_TCONV_DN	-0.18876848909188104			
GSE37301_PRO_BCELL_VS_RAG2_KO_NK_CELL_DN	-0.18881263212114627			
GO_AT_DNA_BINDING	-0.18881660586599078			
MIR1226_3P	-0.18883612466728297			
GSE15930_NAIVE_VS_48H_IN_VITRO_STIM_CD8_TCELL_DN	-0.18885173132150507			
GO_L_ALPHA_AMINO_ACID_TRANSMEMBRANE_TRANSPORT	-0.18886904156021314			
GO_PROTEIN_TRANSMEMBRANE_IMPORT_INTO_INTRACELLULAR_ORGANELLE	-0.18888833960470008			
GO_REGULATION_OF_TRANSCRIPTION_BY_GLUCOSE	-0.18890218406466053			
GO_PROTEIN_TARGETING_TO_MEMBRANE	-0.18892066388959614			
chr4q22	-0.18892345693931473			
GO_UREA_TRANSPORT	-0.18894997425153706			
GO_PYRIMIDINE_NUCLEOSIDE_METABOLIC_PROCESS	-0.18895565707295298			
MIR2467_5P	-0.18897187850993832			
ER_Q6	-0.18909221172248022			
GO_POSITIVE_REGULATION_OF_APOPTOTIC_CELL_CLEARANCE	-0.1891058481487675			
GSE34156_UNTREATED_VS_24H_NOD2_LIGAND_TREATED_MONOCYTE_UP	-0.18911770655628463			
GSE29164_CD8_TCELL_VS_CD8_TCELL_AND_IL12_TREATED_MELANOMA_DAY3_DN	-0.18912352411727676			
MIR643	-0.18912567841385639			
SOTIRIOU_BREAST_CANCER_GRADE_1_VS_3_UP	-0.1891312941385379			
GO_CALCIUM_ION_IMPORT_INTO_CYTOSOL	-0.1891364307204563			
GO_NEGATIVE_REGULATION_OF_GLYCOGEN_METABOLIC_PROCESS	-0.18923613272977766			
MIR1910_5P	-0.18926771883866875			
MIR8080	-0.18931675494789924			
GSE40273_XBP1_KO_VS_WT_TREG_UP	-0.18932281865228784			
REACTOME_CGMP_EFFECTS	-0.18938614057802972			
GO_INSULIN_METABOLIC_PROCESS	-0.18942577554047446			
chrXq24	-0.18943821055196078			
GO_RNA_POLYMERASE_III_ACTIVITY	-0.1894518674846089			
REACTOME_G2_M_DNA_REPLICATION_CHECKPOINT	-0.18945917198165066			
MIR569	-0.18946018705113177			
LASTOWSKA_COAMPLIFIED_WITH_MYCN	-0.18953977609408634			
CROONQUIST_NRAS_SIGNALING_DN	-0.18959737595734025			
NIKOLSKY_BREAST_CANCER_10Q22_AMPLICON	-0.18962623629772726			
GO_REGULATION_OF_GLUCOCORTICOID_RECEPTOR_SIGNALING_PATHWAY	-0.18965252803804758			
GO_POSITIVE_REGULATION_OF_TRANSCRIPTION_FROM_RNA_POLYMERASE_II_PROMOTER_INVOLVED_IN_HEART_DEVELOPMENT	-0.18967269738899364			
GO_AMINOACYL_TRNA_SYNTHETASE_MULTIENZYME_COMPLEX	-0.1897101294337099			
IPA_NR0B1_DN	-0.18976660603057832			
IPA_NR0B1_UP	-0.18976660603057832			
GO_L_SERINE_BIOSYNTHETIC_PROCESS	-0.18982232007928304			
chr9q34	-0.18986888864301124			
WU_APOPTOSIS_BY_CDKN1A_VIA_TP53	-0.18988371745697133			
IPA_SMARCE1_DN	-0.18989052156155245			
GO_NEGATIVE_REGULATION_OF_CYCLIN_DEPENDENT_PROTEIN_KINASE_ACTIVITY	-0.18989120146030544			
IPA_CDX2_DN	-0.18995567486670048			
GSE369_SOCS3_KO_VS_WT_LIVER_UP	-0.18998373663829138			
BIOCARTA_EDG1_PATHWAY	-0.19001147954020464			
GSE23308_CTRL_VS_CORTICOSTERONE_TREATED_MACROPHAGE_MINERALCORTICOID_REC_KO_DN	-0.19004630746975712			
MIR5571_5P	-0.19012315618731543			
MIR146B_5P	-0.19013614840348717			
GO_NEGATIVE_REGULATION_OF_ORGANELLE_ASSEMBLY	-0.1901654902446414			
HMGA1_TARGET_GENES	-0.19023320823265719			
GO_ADP_BINDING	-0.19024736246507745			
REACTOME_MITOCHONDRIAL_PROTEIN_IMPORT	-0.1902545522243748			
GO_CELLULAR_RESPONSE_TO_SODIUM_ARSENITE	-0.1902977275011245			
GSE37301_LYMPHOID_PRIMED_MPP_VS_GRAN_MONO_PROGENITOR_UP	-0.1903148470970373			
KEGG_CHRONIC_MYELOID_LEUKEMIA	-0.19032398976923176			
GO_PEROXIREDOXIN_ACTIVITY	-0.19038376785235583			
REACTOME_TP53_REGULATES_TRANSCRIPTION_OF_CELL_CYCLE_GENES	-0.1904390939873979			
MIR4451	-0.19046944104850475			
ZHOU_CELL_CYCLE_GENES_IN_IR_RESPONSE_24HR	-0.1904738783783598			
PETRETTO_HEART_MASS_QTL_CIS_UP	-0.19051789402834257			
MIR3650	-0.19054391977461632			
MIR708_3P	-0.19061600545543567			
GO_MOTOR_NEURON_APOPTOTIC_PROCESS	-0.19073077044069428			
MIR12124	-0.1907615893149			
ZAMORA_NOS2_TARGETS_UP	-0.19077580224136617			
GO_POSITIVE_REGULATION_OF_BROWN_FAT_CELL_DIFFERENTIATION	-0.19083000244512272			
GO_NEGATIVE_REGULATION_OF_POSTTRANSCRIPTIONAL_GENE_SILENCING	-0.19084475799956493			
BIOCARTA_RARRXR_PATHWAY	-0.19084784390872972			
GSE5542_IFNG_VS_IFNA_TREATED_EPITHELIAL_CELLS_6H_UP	-0.19087181437548387			
MIR6776_5P	-0.19102854454601134			
GO_HETEROCHROMATIN_ORGANIZATION	-0.1911287209602207			
GO_PTERIDINE_CONTAINING_COMPOUND_METABOLIC_PROCESS	-0.19114174494522876			
GSE36392_TYPE_2_MYELOID_VS_EOSINOPHIL_IL25_TREATED_LUNG_UP	-0.19116566072105654			
BIOCARTA_NO1_PATHWAY	-0.19117265828501978			
GO_REGULATION_OF_CARDIAC_MUSCLE_TISSUE_REGENERATION	-0.1912170490338217			
MUELLER_COMMON_TARGETS_OF_AML_FUSIONS_DN	-0.1912307953405823			
GSE3982_EOSINOPHIL_VS_NKCELL_DN	-0.1913167772217643			
REACTOME_RNA_POLYMERASE_III_TRANSCRIPTION_INITIATION_FROM_TYPE_3_PROMOTER	-0.19132092900459058			
GO_PROTEIN_PALMITOYLATION	-0.19135828517059292			
GO_TRNA_THIO_MODIFICATION	-0.191362047353433			
PID_ER_NONGENOMIC_PATHWAY	-0.19136920772619564			
GO_NEGATIVE_REGULATION_OF_INTRACELLULAR_TRANSPORT	-0.19137887063972703			
SUZUKI_RESPONSE_TO_TSA_AND_DECITABINE_1B	-0.19141970158131683			
MIR1270	-0.19142344685792947			
CROONQUIST_IL6_DEPRIVATION_UP	-0.1914325062744241			
GO_GLYCEROL_3_PHOSPHATE_METABOLIC_PROCESS	-0.19143496467591695			
GO_NEGATIVE_REGULATION_OF_RESPONSE_TO_DNA_DAMAGE_STIMULUS	-0.191452810614361			
GO_NEGATIVE_REGULATION_OF_CELL_CYCLE_PHASE_TRANSITION	-0.1914529523638344			
MIR5701	-0.19147583262676088			
GO_PUTRESCINE_BIOSYNTHETIC_PROCESS	-0.1915143775740361			
GSE32128_INOS_DEPENDENT_VS_INOS_INDEPENDENT_ACTIVATED_TCELL_DN	-0.1915262558323592			
GO_NEGATIVE_REGULATION_OF_STEROID_METABOLIC_PROCESS	-0.1915677556359001			
GO_DNA_PROTECTION	-0.19160201776831493			
GO_GASTRO_INTESTINAL_SYSTEM_SMOOTH_MUSCLE_CONTRACTION	-0.19163678240087315			
STAT5A_04	-0.1916741768183745			
REACTOME_DEGRADATION_OF_GLI1_BY_THE_PROTEASOME	-0.1916757159208947			
REACTOME_APOPTOTIC_FACTOR_MEDIATED_RESPONSE	-0.19172453164919578			
KANG_DOXORUBICIN_RESISTANCE_UP	-0.19173493378043613			
chr8q21	-0.19177244573023794			
GO_PHOSPHATIDYLINOSITOL_3_5_BISPHOSPHATE_PHOSPHATASE_ACTIVITY	-0.19184281800611303			
GO_BRUSH_BORDER_ASSEMBLY	-0.19184606515833968			
GO_CHROMOSOME_PASSENGER_COMPLEX	-0.19192913197067787			
MCCABE_HOXC6_TARGETS_CANCER_UP	-0.19200158702406284			
GSE14699_DELETIONAL_TOLERANCE_VS_ACTIVATED_CD8_TCELL_DN	-0.19200472870552038			
GSE28737_BCL6_HET_VS_BCL6_KO_MARGINAL_ZONE_BCELL_UP	-0.19204988363392617			
XU_HGF_TARGETS_INDUCED_BY_AKT1_48HR_DN	-0.1921450313685413			
GO_REGULATION_OF_CELL_ADHESION_MEDIATED_BY_INTEGRIN	-0.19217979930382662			
GO_NEGATIVE_REGULATION_OF_CELL_CHEMOTAXIS_TO_FIBROBLAST_GROWTH_FACTOR	-0.19221440258491218			
GO_REGULATION_OF_ADENYLATE_CYCLASE_ACTIVITY	-0.19233198753010258			
HOLLEMAN_DAUNORUBICIN_B_ALL_UP	-0.19233291507634576			
GO_TORC1_COMPLEX	-0.19236692857373258			
GO_MALATE_METABOLIC_PROCESS	-0.19237024516786894			
GO_NEGATIVE_REGULATION_OF_MYOBLAST_PROLIFERATION	-0.1923861987048679			
MIR4781_5P	-0.19239099448693162			
chr6p22	-0.19239568266535634			
GSE27786_ERYTHROBLAST_VS_MONO_MAC_UP	-0.19241019877510843			
GSE29164_DAY3_VS_DAY7_CD8_TCELL_AND_IL12_TREATED_MELANOMA_DN	-0.19241720482695715			
GO_NEURON_DEATH_IN_RESPONSE_TO_OXIDATIVE_STRESS	-0.19243270130904339			
GSE16385_UNTREATED_VS_12H_ROSIGLITAZONE_IL4_TREATED_MACROPHAGE_DN	-0.19247755649832118			
MIR4489	-0.19250223546780806			
IPA_NFKBIB_DN	-0.19251604256575722			
GO_RIBOSOME_BINDING	-0.1925484492166446			
ZFP82_TARGET_GENES	-0.19256106536621925			
DUTERTRE_ESTRADIOL_RESPONSE_24HR_UP	-0.19265342552197506			
GO_PURINE_NUCLEOBASE_METABOLIC_PROCESS	-0.19268357992336463			
GO_REGULATION_OF_TRAIL_ACTIVATED_APOPTOTIC_SIGNALING_PATHWAY	-0.1927238975366979			
KEGG_PYRIMIDINE_METABOLISM	-0.1927319820309247			
IPA_MBD2_UP	-0.19280528422171758			
GO_MANGANESE_ION_BINDING	-0.1928292517089309			
IPA_POU1F1_DN	-0.1928358136925923			
GO_RESPONSE_TO_ACIDIC_PH	-0.19285880415496728			
GO_PREASSEMBLY_OF_GPI_ANCHOR_IN_ER_MEMBRANE	-0.19287259134238882			
GO_HISTONE_DEACETYLASE_ACTIVITY_H3_K14_SPECIFIC	-0.19290204048797183			
IPA_SNAI1_UP	-0.1929301278947876			
REACTOME_G2_PHASE	-0.19294638088685576			
IPA_LBX1_DN	-0.19299733300151573			
REACTOME_TYSND1_CLEAVES_PEROXISOMAL_PROTEINS	-0.19299856960803158			
IPA_RELA_DN	-0.19304156893603794			
GSE21670_IL6_VS_TGFB_AND_IL6_TREATED_STAT3_KO_CD4_TCELL_UP	-0.193078311862291			
WEIGEL_OXIDATIVE_STRESS_BY_HNE_AND_H2O2	-0.1930838051498028			
REACTOME_POST_CHAPERONIN_TUBULIN_FOLDING_PATHWAY	-0.19310227183044376			
BIDUS_METASTASIS_UP	-0.19311589304354854			
GO_APOPTOTIC_DNA_FRAGMENTATION	-0.19311846772903074			
HALLMARK_PANCREAS_BETA_CELLS	-0.19318799326722066			
REACTOME_SIGNALING_BY_GPCR	-0.19320858074324648			
GO_PROTEIN_LOCALIZATION_TO_MITOCHONDRION	-0.1932378692643087			
GSE46606_DAY1_VS_DAY3_CD40L_IL2_IL5_STIMULATED_IRF4MID_BCELL_UP	-0.19324227586166332			
PYEON_CANCER_HEAD_AND_NECK_VS_CERVICAL_DN	-0.19326493475436696			
GO_SENSORY_PERCEPTION_OF_TOUCH	-0.19330299000027462			
BANDRES_RESPONSE_TO_CARMUSTIN_MGMT_24HR_UP	-0.19333004373349497			
IPA_E2F3_UP	-0.19334502975485007			
GO_REGULATION_OF_BONE_MINERALIZATION_INVOLVED_IN_BONE_MATURATION	-0.1934032297782852			
GO_NUCLEAR_CYCLIN_DEPENDENT_PROTEIN_KINASE_HOLOENZYME_COMPLEX	-0.19341736507967502			
MIR331_3P	-0.1934203592408532			
BIOCARTA_CB1R_PATHWAY	-0.19344042940711528			
GO_UBIQUITIN_PROTEIN_TRANSFERASE_ACTIVATOR_ACTIVITY	-0.19344159060126312			
GSE3982_BASOPHIL_VS_EFF_MEMORY_CD4_TCELL_DN	-0.19344223825721613			
GO_PURINE_NUCLEOSIDE_MONOPHOSPHATE_METABOLIC_PROCESS	-0.19344477480122754			
GO_CREATINE_METABOLIC_PROCESS	-0.19346586599124155			
GSE15659_CD45RA_NEG_CD4_TCELL_VS_RESTING_TREG_UP	-0.19346826047538732			
GO_PROTEIN_C_LINKED_GLYCOSYLATION	-0.19348212172357396			
IPA_ESRRA_DN	-0.19349227865780125			
GO_NEGATIVE_REGULATION_OF_CARDIAC_MUSCLE_TISSUE_GROWTH	-0.19356634974184045			
NR4A2_TARGET_GENES	-0.19358101317465196			
MIR664B_5P	-0.19367286207159107			
YU_MYC_TARGETS_UP	-0.19371037613231948			
GO_HYDROXYMETHYL_FORMYL_AND_RELATED_TRANSFERASE_ACTIVITY	-0.193727626027854			
GO_INSEMINATION	-0.19380723022119542			
NOUZOVA_METHYLATED_IN_APL	-0.19393484798148614			
GO_EMBRYONIC_CLEAVAGE	-0.19399398886251645			
GO_SYNAPTIC_VESICLE_TRANSPORT	-0.1940558412334445			
ALKBH3_TARGET_GENES	-0.1940610285173231			
GO_MITOCHONDRIAL_CALCIUM_ION_TRANSMEMBRANE_TRANSPORT	-0.1940846954480982			
IPA_XRCC5_DN	-0.19408789524162484			
GO_PROTEIN_IMPORT	-0.1940923015519946			
GSE41867_NAIVE_VS_DAY15_LCMV_EFFECTOR_CD8_TCELL_UP	-0.19412363495799462			
GO_QUATERNARY_AMMONIUM_GROUP_BINDING	-0.19415387662585198			
REACTOME_FREE_FATTY_ACID_RECEPTORS	-0.19421197929136166			
GO_INTRINSIC_COMPONENT_OF_PRESYNAPTIC_ACTIVE_ZONE_MEMBRANE	-0.19421618616094843			
GSE32533_WT_VS_MIR17_OVEREXPRESS_ACT_CD4_TCELL_UP	-0.19421947922202684			
MIR8073	-0.19426273501144736			
GO_DNA_BINDING_BENDING	-0.19430951337567276			
GO_PYRIMIDINE_DEOXYRIBONUCLEOSIDE_METABOLIC_PROCESS	-0.1943119746722585			
GO_CONDENSED_NUCLEAR_CHROMOSOME_KINETOCHORE	-0.1943348659414303			
MYLLYKANGAS_AMPLIFICATION_HOT_SPOT_9	-0.19433982088340393			
HOFMANN_CELL_LYMPHOMA_DN	-0.19437328754560862			
GO_ESTABLISHMENT_OF_PROTEIN_LOCALIZATION_TO_MITOCHONDRIAL_MEMBRANE	-0.19440944911930308			
GO_NEGATIVE_REGULATION_OF_HEART_CONTRACTION	-0.19441444035826064			
IPA_NR5A1_DN	-0.1944463122834155			
GSE39110_DAY3_VS_DAY6_POST_IMMUNIZATION_CD8_TCELL_DN	-0.19449671522830753			
TACGGGT_MIR99A_MIR100_MIR99B	-0.19449904184025918			
GO_ETHANOLAMINE_CONTAINING_COMPOUND_METABOLIC_PROCESS	-0.1944996284102239			
GSE36476_YOUNG_VS_OLD_DONOR_MEMORY_CD4_TCELL_72H_TSST_ACT_UP	-0.1945351617190783			
IPA_SOX17_UP	-0.1945487007942592			
IPA_NEUROD1_DN	-0.1945487007942592			
HOXA3_01	-0.19454895393601715			
GO_REGULATION_OF_PIGMENT_CELL_DIFFERENTIATION	-0.19457112177907546			
GO_MULTICELLULAR_ORGANISM_REPRODUCTION	-0.19457196148380645			
ABE_VEGFA_TARGETS_30MIN	-0.19463949616185292			
YAO_TEMPORAL_RESPONSE_TO_PROGESTERONE_CLUSTER_8	-0.194640359771118			
KAYO_AGING_MUSCLE_UP	-0.1946862649163377			
GO_NEGATIVE_REGULATION_OF_NUCLEAR_DIVISION	-0.19468774962504826			
GO_CELLULAR_HYPEROSMOTIC_SALINITY_RESPONSE	-0.1946881391945929			
IPA_ATF5_UP	-0.1946890123194675			
GO_SKELETAL_MUSCLE_CONTRACTION	-0.19469260447249265			
BRIDEAU_IMPRINTED_GENES	-0.19469568225197414			
GO_PEPTIDYLTRANSFERASE_ACTIVITY	-0.1947381914204198			
LU_TUMOR_ENDOTHELIAL_MARKERS_UP	-0.19482215741593004			
GO_FEMALE_GAMETE_GENERATION	-0.19486015506661314			
GARGALOVIC_RESPONSE_TO_OXIDIZED_PHOSPHOLIPIDS_GREEN_DN	-0.1948821257251545			
YATTNATC_UNKNOWN	-0.19491922667627898			
GO_SPINDLE_ASSEMBLY	-0.19496312811981678			
GO_NEGATIVE_REGULATION_OF_POTASSIUM_ION_TRANSMEMBRANE_TRANSPORT	-0.19499804154767755			
GO_NEGATIVE_REGULATION_OF_FERTILIZATION	-0.19500047217597144			
GSE41867_DAY8_EFFECTOR_VS_DAY30_MEMORY_CD8_TCELL_LCMV_ARMSTRONG_UP	-0.19502961037442168			
GO_RIBOSOME_DISASSEMBLY	-0.1950462777315599			
MIR193B_5P	-0.19505497936329502			
GSE3982_MAST_CELL_VS_NEUTROPHIL_UP	-0.19505854797210334			
GO_REGULATION_OF_MITOPHAGY	-0.19507444083201433			
GAVIN_FOXP3_TARGETS_CLUSTER_P2	-0.1951125969476706			
MIR4506	-0.19511353162542838			
IPA_PEG3_UP	-0.1951250099216687			
chr10q21	-0.19517101259973188			
MIR4777_3P	-0.19521635765659995			
IPA_SKI_DN	-0.19528439619102675			
GO_GAMMA_AMINOBUTYRIC_ACID_METABOLIC_PROCESS	-0.19528722188730085			
MARTIN_VIRAL_GPCR_SIGNALING_DN	-0.1952957947059469			
GSE36476_CTRL_VS_TSST_ACT_72H_MEMORY_CD4_TCELL_OLD_DN	-0.19530178345646773			
GO_MYOSIN_FILAMENT	-0.19531093836161234			
MCCABE_HOXC6_TARGETS_UP	-0.1953169421332049			
GO_MODULATION_BY_SYMBIONT_OF_HOST_CELLULAR_PROCESS	-0.1953353874116869			
ABE_VEGFA_TARGETS	-0.19535137177375436			
REACTOME_PHOSPHORYLATION_OF_THE_APC_C	-0.1953982495250462			
IPA_SUZ12_UP	-0.19541920223465323			
MIR10396A_3P_MIR10396B_3P	-0.19542287322971003			
GSE12484_HEALTHY_VS_PERIDONTITIS_NEUTROPHILS_DN	-0.1954245914469975			
chr6p23	-0.19543450431115397			
GO_STEROL_IMPORT	-0.19545435847303172			
MIR135B_3P	-0.19546133004665953			
GO_PEBOW_COMPLEX	-0.1955051058572658			
GO_F_ACTIN_CAPPING_PROTEIN_COMPLEX	-0.19551136611492576			
HOXB8_TARGET_GENES	-0.19552946326702877			
GO_RIBOSE_PHOSPHATE_DIPHOSPHOKINASE_ACTIVITY	-0.195529522364838			
GO_RIBOSE_PHOSPHATE_DIPHOSPHOKINASE_COMPLEX	-0.195529522364838			
GSE360_CTRL_VS_M_TUBERCULOSIS_MAC_DN	-0.19558840693819504			
GO_PROTEIN_NEDDYLATION	-0.19566310541097207			
GSE21670_UNTREATED_VS_TGFB_IL6_TREATED_STAT3_KO_CD4_TCELL_UP	-0.19568388239542286			
AACGGTT_MIR451	-0.19570898873595796			
GO_REGULATION_OF_MALE_GONAD_DEVELOPMENT	-0.1957140981118002			
GO_ALCOHOL_DEHYDROGENASE_NAD_P_PLUS_ACTIVITY	-0.19572919319245513			
GO_LATE_ENDOSOME_TO_LYSOSOME_TRANSPORT	-0.19576775844192276			
GO_HORMONE_MEDIATED_SIGNALING_PATHWAY	-0.1957719957956103			
GSE360_L_DONOVANI_VS_T_GONDII_MAC_DN	-0.1958350599170647			
SCIAN_CELL_CYCLE_TARGETS_OF_TP53_AND_TP73_DN	-0.19590358172998093			
GO_PROTEASOMAL_UBIQUITIN_INDEPENDENT_PROTEIN_CATABOLIC_PROCESS	-0.1959623492812209			
IPA_FOXC2_UP	-0.19596855479914427			
GO_NEURONAL_DENSE_CORE_VESICLE	-0.19598833637669522			
REACTOME_OXIDATIVE_STRESS_INDUCED_SENESCENCE	-0.19598929513054258			
MIR450A_1_3P	-0.19599456444744723			
MIR510_5P	-0.19600925681721246			
GO_EXTERNAL_ENCAPSULATING_STRUCTURE	-0.19601902882578615			
REACTOME_IRS_ACTIVATION	-0.19605739602573988			
DANG_REGULATED_BY_MYC_UP	-0.19606206388894176			
GSE17721_CTRL_VS_CPG_24H_BMDC_DN	-0.19607779056583172			
chr9q12	-0.196098297503504			
REACTOME_ORC1_REMOVAL_FROM_CHROMATIN	-0.19617421063004584			
PID_S1P_S1P4_PATHWAY	-0.19619778056270115			
GO_MUSCLE_MYOSIN_COMPLEX	-0.1962064619115735			
GO_DETECTION_OF_MECHANICAL_STIMULUS_INVOLVED_IN_SENSORY_PERCEPTION_OF_SOUND	-0.19621146334655393			
MIR12126	-0.1962228147615359			
GSE14386_UNTREATED_VS_IFNA_TREATED_ACT_PBMC_MS_PATIENT_UP	-0.196224554848874			
GO_NEGATIVE_REGULATION_OF_PROTEASOMAL_PROTEIN_CATABOLIC_PROCESS	-0.19623373687803458			
IPA_SALL3_UP	-0.19624130742470414			
SHI_SPARC_TARGETS_DN	-0.196245933440039			
KEGG_REGULATION_OF_AUTOPHAGY	-0.19625274190629732			
BRACHAT_RESPONSE_TO_CAMPTOTHECIN_UP	-0.19626562667324846			
IPA_ARX_UP	-0.19626897285749642			
BIOCARTA_AT1R_PATHWAY	-0.19628739334737016			
DEMAGALHAES_AGING_DN	-0.19630873633160684			
MIR6125	-0.19631849870347234			
BIOCARTA_S1P_PATHWAY	-0.19635352380764426			
GO_REGULATION_OF_DNA_BIOSYNTHETIC_PROCESS	-0.19635997809539338			
GSE17974_CTRL_VS_ACT_IL4_AND_ANTI_IL12_6H_CD4_TCELL_DN	-0.19636274962063327			
REACTOME_SIGNAL_AMPLIFICATION	-0.19637170133430262			
GSE3720_UNSTIM_VS_PMA_STIM_VD1_GAMMADELTA_TCELL_DN	-0.1964016139170854			
GO_MITOCHONDRIAL_OUTER_MEMBRANE_TRANSLOCASE_COMPLEX	-0.19640620559038913			
GSE41867_DAY6_EFFECTOR_VS_DAY30_EXHAUSTED_CD8_TCELL_LCMV_CLONE13_DN	-0.196435093234846			
GO_POSITIVE_REGULATION_OF_TRANSLATIONAL_ELONGATION	-0.19643854120806656			
GO_MITOCHONDRIAL_DEPOLARIZATION	-0.1964577885354116			
REACTOME_FGFR2_LIGAND_BINDING_AND_ACTIVATION	-0.19652398985340552			
REACTOME_DECTIN_2_FAMILY	-0.19656231539239885			
GO_POSITIVE_REGULATION_OF_MONOCYTE_DIFFERENTIATION	-0.1966005686821118			
GO_GLYCEROL_ETHER_BIOSYNTHETIC_PROCESS	-0.19660455904875745			
GO_REGULATION_OF_TUBULIN_DEACETYLATION	-0.19660665989068196			
GO_NUCLEOBASE_CONTAINING_SMALL_MOLECULE_BIOSYNTHETIC_PROCESS	-0.19662043065846346			
REACTOME_CONJUGATION_OF_BENZOATE_WITH_GLYCINE	-0.19665019794684438			
GSE3920_UNTREATED_VS_IFNG_TREATED_ENDOTHELIAL_CELL_DN	-0.19665434840008353			
IPA_ZIC1_UP	-0.19665571666259787			
IPA_NPAS3_UP	-0.1966804852692632			
GO_LIVER_MORPHOGENESIS	-0.1966909548149522			
MIR3183	-0.1967266077285594			
GO_SYNAPTIC_VESICLE_CLUSTERING	-0.19675936482524803			
REACTOME_NEDDYLATION	-0.19676307613287877			
GSE26351_UNSTIM_VS_BMP_PATHWAY_STIM_HEMATOPOIETIC_PROGENITORS_DN	-0.1967756242188019			
GO_NON_MOTILE_CILIUM	-0.19683060311978348			
GO_EXTRINSIC_COMPONENT_OF_POSTSYNAPTIC_SPECIALIZATION_MEMBRANE	-0.19683201773927297			
GSE15330_HSC_VS_GRANULOCYTE_MONOCYTE_PROGENITOR_DN	-0.19684689729440846			
PHF21A_TARGET_GENES	-0.19692493911253556			
MIR554	-0.19693056746549964			
REACTOME_BETA_OXIDATION_OF_HEXANOYL_COA_TO_BUTANOYL_COA	-0.19695160443251833			
IPA_MSX1_DN	-0.19696103245917274			
LEE_CALORIE_RESTRICTION_MUSCLE_DN	-0.19701643422161208			
MIR6780A_5P	-0.19702564669903125			
GO_NEGATIVE_REGULATION_OF_DNA_TEMPLATED_TRANSCRIPTION_INITIATION	-0.19705306290431382			
GSE38681_WT_VS_LYL1_KO_LYMPHOID_PRIMED_MULTIPOTENT_PROGENITOR_UP	-0.19708821332285426			
GO_POSITIVE_REGULATION_OF_TRANSCRIPTION_FROM_RNA_POLYMERASE_II_PROMOTER_INVOLVED_IN_CELLULAR_RESPONSE_TO_CHEMICAL_STIMULUS	-0.19708975478719243			
GO_NEGATIVE_REGULATION_OF_INTERLEUKIN_4_PRODUCTION	-0.19709802849491048			
MIR124_5P	-0.1971089332318174			
GSE41867_LCMV_ARMSTRONG_VS_CLONE13_DAY6_EFFECTOR_CD8_TCELL_DN	-0.19711066786110118			
GO_ORGANELLE_FISSION	-0.19712171583555316			
GO_REGULATION_OF_SENSORY_PERCEPTION	-0.19713422254281412			
MIR4802_5P	-0.19713676961351687			
BIOCARTA_PITX2_PATHWAY	-0.19715073726493829			
GO_BOX_C_D_SNORNP_ASSEMBLY	-0.19715547173659687			
GO_MHC_CLASS_II_PROTEIN_BINDING	-0.19715895698054214			
GO_PROTEIN_O_LINKED_FUCOSYLATION	-0.1971909396569998			
CASP8AP2_TARGET_GENES	-0.1972051083285168			
ZNF202_TARGET_GENES	-0.19723271819945667			
GO_DNA_TOPOISOMERASE_BINDING	-0.19723275093636128			
GO_POSITIVE_REGULATION_OF_ION_TRANSMEMBRANE_TRANSPORT	-0.197251086439232			
RAMJAUN_APOPTOSIS_BY_TGFB1_VIA_SMAD4_UP	-0.19725149265468855			
GO_MICROVESICLE	-0.1972517278386943			
GO_NEGATIVE_REGULATION_OF_SMOOTHENED_SIGNALING_PATHWAY	-0.19725231045071637			
REACTOME_ORGANIC_ANION_TRANSPORT	-0.19726361228273637			
chr4q27	-0.19727406911057394			
GO_EUKARYOTIC_TRANSLATION_INITIATION_FACTOR_2_COMPLEX	-0.19729791223196083			
GO_NEGATIVE_REGULATION_OF_CELL_VOLUME	-0.19730409769890103			
NIKOLSKY_BREAST_CANCER_17Q11_Q21_AMPLICON	-0.19735608605667676			
ZHOU_PANCREATIC_EXOCRINE_PROGENITOR	-0.1973649018292661			
GO_CARDIAC_MUSCLE_CELL_MYOBLAST_DIFFERENTIATION	-0.19737462202860628			
CERIBELLI_PROMOTERS_INACTIVE_AND_BOUND_BY_NFY	-0.19738339568198424			
ODONNELL_TFRC_TARGETS_DN	-0.19740952900635003			
GO_DYNACTIN_COMPLEX	-0.1974313203723359			
GO_MOTOR_BEHAVIOR	-0.19743738234566782			
MIR7112_3P	-0.19745635156631244			
KEGG_VASCULAR_SMOOTH_MUSCLE_CONTRACTION	-0.19745725839542944			
GO_S_ADENOSYLMETHIONINE_METABOLIC_PROCESS	-0.19748096977294677			
IPA_CDK2_DN	-0.19749645216966125			
BIOCARTA_EIF2_PATHWAY	-0.19751191914993432			
REACTOME_CYTOCHROME_C_MEDIATED_APOPTOTIC_RESPONSE	-0.19759009425131616			
IPA_E2F2_DN	-0.19759070162391373			
GO_BMP_RECEPTOR_ACTIVITY	-0.19761272369422353			
WANG_METASTASIS_OF_BREAST_CANCER	-0.1976438921065313			
MIR135A_2_3P	-0.1976836192109319			
GO_DENSE_CORE_GRANULE_EXOCYTOSIS	-0.19769075143339762			
chr17p13	-0.19770200219222858			
GO_SULFOTRANSFERASE_ACTIVITY	-0.19771178435634332			
REACTOME_INTERLEUKIN_20_FAMILY_SIGNALING	-0.19772299653789582			
GSE2197_IMMUNOSUPPRESSIVE_DNA_VS_UNTREATEDIN_DC_DN	-0.1977321618508602			
GSE17974_CTRL_VS_ACT_IL4_AND_ANTI_IL12_72H_CD4_TCELL_DN	-0.19773901377613823			
CTCTATG_MIR368	-0.19777222817624743			
GO_ADENYLATE_CYCLASE_ACTIVATOR_ACTIVITY	-0.1977928008260395			
IPA_IRX4_UP	-0.19781277550972398			
GSE45837_WT_VS_GFI1_KO_PDC_UP	-0.1978228665365355			
CAAGGAT_MIR362	-0.19784088026881555			
REACTOME_MITOTIC_METAPHASE_AND_ANAPHASE	-0.19788151773120607			
GO_TRNA_CYTOSINE_METHYLTRANSFERASE_ACTIVITY	-0.1978890429785592			
GO_POSITIVE_REGULATION_OF_PROTEIN_SUMOYLATION	-0.19789540717699			
IPA_KAT2B_DN	-0.19794780476665455			
MIR4697_3P	-0.19795756139280496			
GO_CELLULAR_RESPONSE_TO_PH	-0.198064149237254			
BIOCARTA_ECM_PATHWAY	-0.19807059028701296			
HEDENFALK_BREAST_CANCER_BRACX_UP	-0.19808510831786236			
REACTOME_RUNX1_REGULATES_ESTROGEN_RECEPTOR_MEDIATED_TRANSCRIPTION	-0.19810753788197316			
GO_REGULATION_OF_MICROTUBULE_BASED_MOVEMENT	-0.19810882566545696			
GO_FEMALE_MEIOSIS_I	-0.19813357540658807			
GO_INHIBITORY_POSTSYNAPTIC_POTENTIAL	-0.19814244712855675			
REACTOME_CLASS_I_PEROXISOMAL_MEMBRANE_PROTEIN_IMPORT	-0.19815815663303893			
GO_POSITIVE_REGULATION_OF_TRANSCRIPTION_OF_NOTCH_RECEPTOR_TARGET	-0.19816005676101658			
COLLER_MYC_TARGETS_UP	-0.1982048619751358			
MIR378J	-0.19822155191154436			
GO_NEGATIVE_REGULATION_OF_DEFENSE_RESPONSE_TO_BACTERIUM	-0.19824624549461725			
GO_CDC73_PAF1_COMPLEX	-0.19825476334042724			
GO_L_SERINE_METABOLIC_PROCESS	-0.19826783004249077			
IPA_PAX6_UP	-0.1982951681516153			
GSE45739_NRAS_KO_VS_WT_UNSTIM_CD4_TCELL_UP	-0.19835694657549496			
GO_REGULATION_OF_SOMITOGENESIS	-0.19840458863119517			
GSE13738_RESTING_VS_TCR_ACTIVATED_CD4_TCELL_DN	-0.19841592796293378			
GO_GUANOSINE_CONTAINING_COMPOUND_BIOSYNTHETIC_PROCESS	-0.19844746589888482			
MIR3115	-0.1984731318395409			
GSE19941_IL10_KO_VS_IL10_KO_AND_NFKBP50_KO_LPS_STIM_MACROPHAGE_UP	-0.19848156420572463			
GO_POSITIVE_REGULATION_OF_TRANSCRIPTION_FROM_RNA_POLYMERASE_II_PROMOTER_IN_RESPONSE_TO_STRESS	-0.19850584303335372			
GSE45365_WT_VS_IFNAR_KO_BCELL_DN	-0.19851472535293213			
GO_REGULATION_OF_POTASSIUM_ION_TRANSPORT	-0.19858175077721982			
GSE22432_MULTIPOTENT_VS_COMMON_DC_PROGENITOR_UP	-0.19859957538541403			
GSE32986_UNSTIM_VS_CURDLAN_LOWDOSE_STIM_DC_UP	-0.19860816525346825			
REACTOME_CASPASE_MEDIATED_CLEAVAGE_OF_CYTOSKELETAL_PROTEINS	-0.19860884211790494			
GSE17721_CTRL_VS_CPG_0.5H_BMDC_DN	-0.1986167405463273			
GO_HORMONE_MEDIATED_APOPTOTIC_SIGNALING_PATHWAY	-0.19862247437484964			
GO_RENAL_SODIUM_EXCRETION	-0.19865857428149084			
GO_EXOPEPTIDASE_ACTIVITY	-0.1986749955921808			
GO_MDM2_MDM4_FAMILY_PROTEIN_BINDING	-0.19869850187786328			
GO_SMN_SM_PROTEIN_COMPLEX	-0.19871084788014473			
MIR382_3P	-0.19871949357750468			
GO_NUCLEOSIDE_MONOPHOSPHATE_PHOSPHORYLATION	-0.19872008354778609			
MIR647	-0.19872907186251387			
GSE31082_DN_VS_DP_THYMOCYTE_UP	-0.19873698695815112			
GO_POSITIVE_REGULATION_OF_T_CELL_DIFFERENTIATION_IN_THYMUS	-0.1987671384526511			
MIR198	-0.19877532239701107			
MALONEY_RESPONSE_TO_17AAG_UP	-0.19882771412358652			
WHITESIDE_CISPLATIN_RESISTANCE_DN	-0.19885580970348266			
GO_NEGATIVE_REGULATION_OF_PROTEIN_TARGETING_TO_MITOCHONDRION	-0.19886247915912364			
GO_REGULATION_OF_NODAL_SIGNALING_PATHWAY	-0.19887139324120054			
GSE17974_1.5H_VS_72H_IL4_AND_ANTI_IL12_ACT_CD4_TCELL_DN	-0.19887537363105098			
REACTOME_CHAPERONE_MEDIATED_AUTOPHAGY	-0.19891595860336633			
ARHGAP35_TARGET_GENES	-0.198936231616744			
IPA_MEIS2_DN	-0.19896125262678271			
GO_B_1_B_CELL_DIFFERENTIATION	-0.19896400126584968			
GO_RESPONSE_TO_SODIUM_ARSENITE	-0.19898776640393548			
GO_POSITIVE_REGULATION_OF_MACROPHAGE_CYTOKINE_PRODUCTION	-0.1990291900857254			
WHITFIELD_CELL_CYCLE_S	-0.19903521736599222			
IPA_MITF_DN	-0.19903892331619383			
GO_NEGATIVE_REGULATION_OF_PROTEIN_K63_LINKED_UBIQUITINATION	-0.1990443220799555			
KEGG_PARKINSONS_DISEASE	-0.19904747754201427			
GSE24492_LYVE_NEG_VS_POS_MACROPHAGE_DN	-0.19906447638424787			
GO_N_TERMINAL_PROTEIN_LIPIDATION	-0.1990808945664139			
GO_PYRUVATE_DEHYDROGENASE_COMPLEX	-0.1991188302199073			
MEISSNER_BRAIN_ICP_WITH_H3K4ME3	-0.19915417519625836			
GO_NODAL_SIGNALING_PATHWAY	-0.199155830673092			
GO_ROUNDABOUT_SIGNALING_PATHWAY	-0.19915714923160371			
MIR675_3P	-0.19916390045505591			
BIOCARTA_PLCE_PATHWAY	-0.1991705802316219			
GO_REGULATION_OF_MAST_CELL_CHEMOTAXIS	-0.1991740838644216			
GO_MESENCHYME_MIGRATION	-0.19917554009416125			
REACTOME_RET_SIGNALING	-0.19918299797461797			
MIR630	-0.19919172848811081			
GO_RIBONUCLEOSIDE_TRIPHOSPHATE_BIOSYNTHETIC_PROCESS	-0.19919543076681098			
GO_INTRINSIC_COMPONENT_OF_MITOCHONDRIAL_MEMBRANE	-0.19923755212243296			
GO_SKELETAL_MYOFIBRIL_ASSEMBLY	-0.1992659035895437			
GO_CGMP_MEDIATED_SIGNALING	-0.1993044934889426			
GO_NEGATIVE_REGULATION_OF_TROPHOBLAST_CELL_MIGRATION	-0.19931290925251433			
GO_MITOTIC_CELL_CYCLE	-0.19940598200405973			
MIR151A_3P	-0.19940778519115476			
GSE1448_CTRL_VS_ANTI_VALPHA2_DP_THYMOCYTE_UP	-0.19942793318984461			
TOYOTA_TARGETS_OF_MIR34B_AND_MIR34C	-0.19943156137620668			
IPA_KDM6A_UP	-0.1994840355911619			
GO_CELLULAR_ALCOHOL_METABOLIC_PROCESS	-0.19950997205901322			
GO_PLASMA_MEMBRANE_SIGNALING_RECEPTOR_COMPLEX	-0.199515113593152			
YAO_TEMPORAL_RESPONSE_TO_PROGESTERONE_CLUSTER_2	-0.19952138358889848			
GSE3982_CENT_MEMORY_CD4_TCELL_VS_TH1_DN	-0.19952548981459917			
IPA_CDX1_UP	-0.19954232011502746			
GSE17721_CTRL_VS_LPS_0.5H_BMDC_UP	-0.19954868567586456			
GSE3982_EFF_MEMORY_CD4_TCELL_VS_NKCELL_UP	-0.1995566059149026			
REACTOME_TRANSPORT_AND_SYNTHESIS_OF_PAPS	-0.19956832222529444			
VILLANUEVA_LIVER_CANCER_KRT19_UP	-0.19957171168374713			
GO_N_ACETYLNEURAMINATE_METABOLIC_PROCESS	-0.1995778338699766			
GSE5503_PLN_DC_VS_SPLEEN_DC_ACTIVATED_ALLOGENIC_TCELL_UP	-0.19958606413632268			
GO_TELOMERASE_RNA_LOCALIZATION	-0.19959681114711247			
GSE41978_WT_VS_ID2_KO_AND_BIM_KO_KLRG1_LOW_EFFECTOR_CD8_TCELL_DN	-0.19959967383519922			
REACTOME_ATF4_ACTIVATES_GENES_IN_RESPONSE_TO_ENDOPLASMIC_RETICULUM_STRESS	-0.1996144373513335			
GSE19825_CD24LOW_VS_IL2RA_HIGH_DAY3_EFF_CD8_TCELL_DN	-0.19965123720191041			
GO_MITOCHONDRIAL_MATRIX	-0.19967817760482814			
GO_CELLULAR_RESPONSE_TO_LAMINAR_FLUID_SHEAR_STRESS	-0.19973109233482458			
GO_ORGANELLE_ENVELOPE_LUMEN	-0.1997343585284922			
GO_POSITIVE_REGULATION_OF_VOLTAGE_GATED_CALCIUM_CHANNEL_ACTIVITY	-0.19975801933004084			
GO_POSITIVE_REGULATION_OF_TRIGLYCERIDE_BIOSYNTHETIC_PROCESS	-0.19977345048639744			
GO_NEGATIVE_REGULATION_OF_CHEMOKINE_MEDIATED_SIGNALING_PATHWAY	-0.19986060815518344			
ZERBINI_RESPONSE_TO_SULINDAC_DN	-0.19987390406549285			
LEE_BMP2_TARGETS_DN	-0.19988223047647868			
GO_FEMALE_MEIOTIC_NUCLEAR_DIVISION	-0.19989803973985368			
GSE9946_MATURE_STIMULATORY_VS_PROSTAGLANDINE2_TREATED_MATURE_DC_UP	-0.19990708642519578			
GO_GLYCOSYL_COMPOUND_METABOLIC_PROCESS	-0.19990863571836626			
IPA_ERCC6_UP	-0.19991733989458418			
GO_REGULATION_OF_KILLING_OF_CELLS_OF_OTHER_ORGANISM	-0.19992770584197977			
GO_MUSCLE_HYPERTROPHY	-0.19993516516846105			
GO_DIPHOSPHOTRANSFERASE_ACTIVITY	-0.1999479760793119			
MIR6890_3P	-0.19995680252172784			
GSE17974_CTRL_VS_ACT_IL4_AND_ANTI_IL12_12H_CD4_TCELL_DN	-0.20000378057538126			
REACTOME_NOTCH_HLH_TRANSCRIPTION_PATHWAY	-0.20001901689474788			
GSE15930_NAIVE_VS_48H_IN_VITRO_STIM_IL12_CD8_TCELL_DN	-0.20001947857898517			
MIR5581_3P	-0.20003308902507597			
GO_REGULATION_OF_RESPIRATORY_GASEOUS_EXCHANGE_BY_NERVOUS_SYSTEM_PROCESS	-0.20003888749280851			
GO_JUNCTIONAL_SARCOPLASMIC_RETICULUM_MEMBRANE	-0.200039687791964			
GO_REGULATION_OF_AMINO_ACID_TRANSPORT	-0.20004626235494827			
HOLLEMAN_DAUNORUBICIN_ALL_DN	-0.20004886620321438			
GO_ATP_SYNTHESIS_COUPLED_PROTON_TRANSPORT	-0.20006832800668142			
CCAWNWWNNNGGC_UNKNOWN	-0.200099915143964			
MIR1843	-0.20010627270408182			
GO_PROTEASOME_CORE_COMPLEX	-0.2001085128562883			
GO_FRUCTOSE_1_6_BISPHOSPHATE_METABOLIC_PROCESS	-0.20011631103147212			
GSE13547_CTRL_VS_ANTI_IGM_STIM_ZFX_KO_BCELL_2H_DN	-0.2001260099900509			
GO_PROTEIN_PEPTIDYL_PROLYL_ISOMERIZATION	-0.20013591844425846			
MIR1267	-0.20014574253972436			
GHANDHI_DIRECT_IRRADIATION_DN	-0.20016775570464895			
BIOCARTA_LONGEVITY_PATHWAY	-0.20016807802026196			
GO_AXOLEMMA	-0.20019234805731448			
IPA_OTX2_DN	-0.20022485305334733			
IPA_MEF2C_UP	-0.20023789545587253			
REACTOME_DOWNSTREAM_SIGNALING_EVENTS_OF_B_CELL_RECEPTOR_BCR	-0.20026356282228935			
FONTAINE_PAPILLARY_THYROID_CARCINOMA_DN	-0.20029552451145927			
IPA_SMAD5_UP	-0.2003216820222228			
GO_DEVELOPMENT_OF_PRIMARY_FEMALE_SEXUAL_CHARACTERISTICS	-0.20032821901080242			
MIR6890_5P	-0.20033206349620467			
GSE33292_WT_VS_TCF1_KO_DN3_THYMOCYTE_DN	-0.2003346386874294			
ZNF577_TARGET_GENES	-0.2003694719370512			
GO_POSITIVE_REGULATION_OF_ADHERENS_JUNCTION_ORGANIZATION	-0.20038082500610066			
GSE12707_AT16L1_HYPOMORPH_VS_WT_THYMUS_UP	-0.20039677125735303			
GO_AMINO_SUGAR_CATABOLIC_PROCESS	-0.20045286487138836			
GO_NUCLEOSIDE_MONOPHOSPHATE_KINASE_ACTIVITY	-0.20046041279837665			
GO_GUANYL_NUCLEOTIDE_EXCHANGE_FACTOR_COMPLEX	-0.20047095711632348			
GO_OPSONIZATION	-0.20048236320733057			
MIR1282	-0.20054342050924484			
GSE25502_WT_VS_KLF13_KO_THYMIC_MEMORY_LIKE_CD8_TCELL_DN	-0.2005671043986087			
GO_PHEROMONE_RECEPTOR_ACTIVITY	-0.20057538863273006			
YAUCH_HEDGEHOG_SIGNALING_PARACRINE_UP	-0.20057693623456466			
REACTOME_PKA_ACTIVATION_IN_GLUCAGON_SIGNALLING	-0.20060214387077108			
MIR744_5P	-0.20060536759127204			
KEGG_INSULIN_SIGNALING_PATHWAY	-0.20062676113116823			
GO_REGULATION_OF_MICROVILLUS_LENGTH	-0.2006473952722539			
LUCAS_HNF4A_TARGETS_DN	-0.20068030602029086			
GO_REGULATION_OF_HIGH_DENSITY_LIPOPROTEIN_PARTICLE_CLEARANCE	-0.2006907630834343			
GO_REGULATION_OF_AEROBIC_RESPIRATION	-0.20069669170239657			
NIKOLSKY_BREAST_CANCER_20P13_AMPLICON	-0.20071003472261637			
GO_POSITIVE_REGULATION_OF_CHROMOSOME_SEPARATION	-0.2007201671107414			
GO_RNA_POLYMERASE_III_TYPE_1_PROMOTER_DNA_BINDING	-0.20072075449747304			
GO_TYPE_I_TRANSFORMING_GROWTH_FACTOR_BETA_RECEPTOR_BINDING	-0.200723779458231			
MIR1204	-0.20079941108519395			
GO_CHEMOKINE_C_C_MOTIF_LIGAND_5_PRODUCTION	-0.20081668769347097			
GSE23505_IL6_IL1_VS_IL6_IL1_TGFB_TREATED_CD4_TCELL_DN	-0.20083352327570653			
MIR1322	-0.20083357396982138			
GO_LBD_DOMAIN_BINDING	-0.2008367487020658			
GO_DNA_DAMAGE_RESPONSE_DETECTION_OF_DNA_DAMAGE	-0.20085434925225054			
GO_CYCLOHYDROLASE_ACTIVITY	-0.2008649936194099			
MIR433_3P	-0.20086829124106118			
GSE15750_DAY6_VS_DAY10_EFF_CD8_TCELL_UP	-0.20088829661799631			
GO_POSITIVE_REGULATION_OF_MONOOXYGENASE_ACTIVITY	-0.20089063933268808			
REACTOME_GPCR_LIGAND_BINDING	-0.20090554083579842			
PIEPOLI_LGI1_TARGETS_DN	-0.20091592223847873			
GO_CHOLESTEROL_CATABOLIC_PROCESS	-0.20092217107504398			
GO_NEGATIVE_REGULATION_OF_PROTEIN_EXIT_FROM_ENDOPLASMIC_RETICULUM	-0.20093417322820029			
GO_HYPOXIA_INDUCIBLE_FACTOR_1ALPHA_SIGNALING_PATHWAY	-0.2009576505949867			
GO_POSITIVE_REGULATION_OF_PROTEIN_LOCALIZATION_TO_SYNAPSE	-0.20096056359241202			
GO_TFIID_CLASS_TRANSCRIPTION_FACTOR_COMPLEX_BINDING	-0.20097790113849012			
GO_L_GLUTAMINE_TRANSMEMBRANE_TRANSPORTER_ACTIVITY	-0.20103883353191132			
GO_BETA_CATENIN_DESTRUCTION_COMPLEX_ASSEMBLY	-0.20105684877751964			
MOOTHA_TCA	-0.2010981809313246			
GO_NEGATIVE_REGULATION_OF_MEMBRANE_PERMEABILITY	-0.2011065624866649			
GSE32986_CURDLAN_LOWDOSE_VS_GMCSF_AND_CURDLAN_LOWDOSE_STIM_DC_DN	-0.20110785923344013			
MIR6516_3P	-0.20115791606084954			
MIR6796_5P	-0.20116974408883942			
REACTOME_TRANSLATION	-0.20117059336546697			
MIR5681A	-0.2011910136300033			
GO_EATING_BEHAVIOR	-0.20119760271522422			
GO_POSITIVE_REGULATION_OF_MACROPHAGE_DIFFERENTIATION	-0.20120084019517634			
REACTOME_DIGESTION_OF_DIETARY_LIPID	-0.2012052470176312			
MIR3137	-0.2012179673810333			
GO_DETOXIFICATION_OF_NITROGEN_COMPOUND	-0.20124080615403403			
GO_L_ORNITHINE_TRANSMEMBRANE_TRANSPORTER_ACTIVITY	-0.20125894442437955			
GO_MITOTIC_SPINDLE_POLE	-0.2012653580648899			
CTIP_DN.V1_DN	-0.2012782629236533			
GO_TOR_COMPLEX	-0.20128125544615286			
IPA_SOHLH1_UP	-0.20128129640382206			
GSE46468_LUNG_INNATE_LYMPHOID_CELL_VS_SPLEEN_CD4_TCELL_DN	-0.20137578821716676			
NR1D1_TARGET_GENES	-0.20138415045912408			
GO_G_PROTEIN_COUPLED_RECEPTOR_SIGNALING_PATHWAY	-0.2013971918682479			
GO_SYNAPTIC_VESICLE_ENDOSOMAL_PROCESSING	-0.20139957304834855			
GO_MESONEPHRIC_DUCT_DEVELOPMENT	-0.20140703053313286			
REACTOME_WAX_AND_PLASMALOGEN_BIOSYNTHESIS	-0.20141242936754464			
MIR8079	-0.20142031702222046			
GO_PHOSPHOTRANSFERASE_ACTIVITY_PHOSPHATE_GROUP_AS_ACCEPTOR	-0.20143141428125902			
IPA_ZEB2_UP	-0.2014666282885605			
GO_9PLUS0_NON_MOTILE_CILIUM	-0.20146666358150495			
GSE2405_HEAT_KILLED_VS_LIVE_A_PHAGOCYTOPHILUM_STIM_NEUTROPHIL_24H_UP	-0.2014758434510345			
GO_ENDORIBONUCLEASE_ACTIVITY_PRODUCING_5_PHOSPHOMONOESTERS	-0.2015123216255915			
BIOCARTA_IFNA_PATHWAY	-0.2015222552940768			
MIR4723_3P	-0.20152847458222695			
FOXQ1_TARGET_GENES	-0.20153293190776128			
GO_CATALYTIC_ACTIVITY_ACTING_ON_A_TRNA	-0.20158414680355483			
GO_BASE_EXCISION_REPAIR_AP_SITE_FORMATION	-0.2016030928686449			
IPA_MLXIP_DN	-0.20161556272704595			
GO_HISTONE_METHYLTRANSFERASE_BINDING	-0.20164837480162226			
GO_MEDIUM_CHAIN_FATTY_ACID_METABOLIC_PROCESS	-0.20165285573423508			
MIR6861_3P	-0.20168026800945651			
GO_POSITIVE_REGULATION_OF_CELL_CYCLE_ARREST	-0.2016870002394092			
GO_PROTEIN_DENEDDYLATION	-0.20170470060401996			
GO_POSITIVE_REGULATION_OF_SMAD_PROTEIN_SIGNAL_TRANSDUCTION	-0.20172013615957687			
RHODES_UNDIFFERENTIATED_CANCER	-0.20172735720112467			
GO_EXTRINSIC_COMPONENT_OF_SYNAPTIC_MEMBRANE	-0.20174104889530617			
GO_CRD_MEDIATED_MRNA_STABILITY_COMPLEX	-0.2017431443112746			
GSE23568_CTRL_VS_ID3_TRANSDUCED_CD8_TCELL_DN	-0.20174629767887997			
REACTOME_DISEASES_ASSOCIATED_WITH_SURFACTANT_METABOLISM	-0.2017712022059017			
GSE36009_WT_VS_NLRP10_KO_DC_LPS_STIM_DN	-0.20177126771930606			
GO_G_QUADRUPLEX_DNA_UNWINDING	-0.20178349964868236			
ACEVEDO_LIVER_CANCER_WITH_H3K9ME3_UP	-0.20180886215313423			
REACTOME_FRUCTOSE_METABOLISM	-0.20182014864530054			
HALLMARK_G2M_CHECKPOINT	-0.2018463916642852			
SA_REG_CASCADE_OF_CYCLIN_EXPR	-0.201855914751276			
MIR6769B_3P	-0.20187023006481228			
GSE27786_LSK_VS_NKCELL_UP	-0.20187990626869412			
REACTOME_RUNX1_REGULATES_EXPRESSION_OF_COMPONENTS_OF_TIGHT_JUNCTIONS	-0.20188214566164608			
MIR1251_3P	-0.20188672492075774			
GO_OXIDATIVE_RNA_DEMETHYLASE_ACTIVITY	-0.2018891521798576			
GO_OXIDATIVE_RNA_DEMETHYLATION	-0.2018891521798576			
GO_TRNA_ADENINE_METHYLTRANSFERASE_ACTIVITY	-0.20189932562564206			
MIR4534	-0.20191013095641694			
GO_BLASTOCYST_DEVELOPMENT	-0.20196068145395926			
GSE11884_WT_VS_FURIN_KO_NAIVE_CD4_TCELL_UP	-0.20196146815678231			
GO_ENDONUCLEASE_COMPLEX	-0.20196338537170178			
GSE17974_2.5H_VS_72H_IL4_AND_ANTI_IL12_ACT_CD4_TCELL_UP	-0.20196634574942537			
GSE28726_NAIVE_CD4_TCELL_VS_NAIVE_NKTCELL_DN	-0.2019726532890683			
MIR4446_3P	-0.20200994874901096			
GO_PERICILIARY_MEMBRANE_COMPARTMENT	-0.20202577522204693			
BURTON_ADIPOGENESIS_3	-0.20202592676383058			
GO_TRANSCRIPTION_EXPORT_COMPLEX_2	-0.20202616833330078			
MIR4464	-0.20205286719149712			
GO_POSITIVE_REGULATION_OF_NUCLEASE_ACTIVITY	-0.20205609393813934			
GO_CALCIUM_DEPENDENT_PROTEIN_KINASE_ACTIVITY	-0.20206997658344683			
MIR3977	-0.20207048204906883			
GSE19923_E2A_KO_VS_E2A_AND_HEB_KO_DP_THYMOCYTE_UP	-0.20207246712015592			
GSE46606_DAY1_VS_DAY3_CD40L_IL2_IL5_STIMULATED_IRF4_KO_BCELL_UP	-0.20207568574718518			
GSE14350_TREG_VS_TEFF_IN_IL2RB_KO_DN	-0.20209306317976			
REACTOME_POLO_LIKE_KINASE_MEDIATED_EVENTS	-0.20210199584802066			
CAIRO_HEPATOBLASTOMA_POOR_SURVIVAL	-0.2021175177072594			
GO_PROTEIN_DE_ADP_RIBOSYLATION	-0.20211951200332487			
GO_SOMITOGENESIS	-0.20211985325138235			
GO_PHOSPHATIDYLINOSITOL_N_ACETYLGLUCOSAMINYLTRANSFERASE_ACTIVITY	-0.20212045419789357			
VISALA_RESPONSE_TO_HEAT_SHOCK_AND_AGING_UP	-0.2021523045232508			
GO_GLUTATHIONE_CATABOLIC_PROCESS	-0.20216996410465377			
REACTOME_SEPARATION_OF_SISTER_CHROMATIDS	-0.2021842132104034			
MIR3606_5P	-0.20218821125117667			
MIR6509_5P	-0.20218867146665323			
chr18q12	-0.2022429725863159			
GSE24671_BAKIMULC_VS_SENDAI_VIRUS_INFECTED_MOUSE_SPLENOCYTES_DN	-0.2022467542686417			
MYLLYKANGAS_AMPLIFICATION_HOT_SPOT_29	-0.2022496507303544			
GO_RESCUE_OF_STALLED_RIBOSOME	-0.20225576604800197			
MIR190B_3P	-0.20232405634924916			
GO_POSITIVE_REGULATION_OF_RESPONSE_TO_INTERFERON_GAMMA	-0.20233163738017726			
GSE360_CTRL_VS_B_MALAYI_HIGH_DOSE_DC_DN	-0.20233828678005028			
GO_PERICARDIUM_MORPHOGENESIS	-0.20235349845174516			
GO_2_ACYLGLYCEROL_O_ACYLTRANSFERASE_ACTIVITY	-0.20235499982559382			
IPA_HLTF_UP	-0.20237305206718578			
WEBER_METHYLATED_ICP_IN_SPERM_DN	-0.20240254005101305			
AMUNDSON_RESPONSE_TO_ARSENITE	-0.20240764919707324			
REACTOME_NUCLEAR_ENVELOPE_NE_REASSEMBLY	-0.20241193105343375			
GO_NEGATIVE_REGULATION_OF_MACROPHAGE_CYTOKINE_PRODUCTION	-0.20241611036582607			
GO_NEGATIVE_REGULATION_OF_HISTONE_H3_K9_TRIMETHYLATION	-0.20241910230738147			
TANG_SENESCENCE_TP53_TARGETS_DN	-0.2024270993346667			
MIR4685_3P	-0.20243987180057416			
GSE22432_MULTIPOTENT_VS_COMMON_DC_PROGENITOR_UNTREATED_DN	-0.2024639530556753			
GO_TRANSCRIPTIONALLY_ACTIVE_CHROMATIN	-0.2024743982922055			
GO_MITOCHONDRIAL_CALCIUM_ION_HOMEOSTASIS	-0.20247514452539966			
GSE21063_WT_VS_NFATC1_KO_BCELL_UP	-0.20252558840375137			
IPA_SIX3_DN	-0.20253036749847292			
MIR4287	-0.2025386644110757			
GO_SERINE_TRANSMEMBRANE_TRANSPORTER_ACTIVITY	-0.20254025629828973			
GSE36476_CTRL_VS_TSST_ACT_72H_MEMORY_CD4_TCELL_YOUNG_DN	-0.2025418046019968			
GO_POSITIVE_REGULATION_OF_CAMP_DEPENDENT_PROTEIN_KINASE_ACTIVITY	-0.20256222837976015			
GO_METALLOEXOPEPTIDASE_ACTIVITY	-0.20256977614007152			
GO_ESTABLISHMENT_OF_VIRAL_LATENCY	-0.20257596524304877			
RAFFEL_VEGFA_TARGETS_UP	-0.2025828637534119			
GO_NEGATIVE_REGULATION_OF_AMINE_TRANSPORT	-0.2026159447933154			
GSE26669_CTRL_VS_COSTIM_BLOCK_MLR_CD8_TCELL_UP	-0.20265950332523602			
GSE17721_POLYIC_VS_CPG_16H_BMDC_DN	-0.2026643602006437			
GSE11864_CSF1_VS_CSF1_IFNG_PAM3CYS_IN_MAC_DN	-0.20270074359891144			
MIR125A_5P	-0.20270472493095176			
GO_5_PHOSPHORIBOSE_1_DIPHOSPHATE_METABOLIC_PROCESS	-0.20271752384781738			
GSE21678_WT_VS_FOXO1_FOXO3_KO_TREG_UP	-0.2027349365991257			
GSE17974_0H_VS_72H_IN_VITRO_ACT_CD4_TCELL_DN	-0.20273675990962514			
GSE40666_WT_VS_STAT1_KO_CD8_TCELL_WITH_IFNA_STIM_90MIN_DN	-0.20273707568400942			
REACTOME_METABOLISM_OF_AMINE_DERIVED_HORMONES	-0.2027412297393259			
GO_TRIPARTITE_REGIONAL_SUBDIVISION	-0.2027533223054217			
chr3p12	-0.2027605294660595			
MIR4666A_5P	-0.20276631639905246			
chr12p13	-0.20276641420604619			
GO_POSITIVE_REGULATION_OF_THYMOCYTE_APOPTOTIC_PROCESS	-0.20277160866505978			
GO_CELLULAR_HOMEOSTASIS	-0.2027742158320331			
GSE36078_UNTREATED_VS_AD5_T425A_HEXON_INF_MOUSE_LUNG_DC_DN	-0.2027760623637235			
GSE34156_TLR1_TLR2_LIGAND_VS_NOD2_AND_TLR1_TLR2_LIGAND_6H_TREATED_MONOCYTE_UP	-0.20281776245765684			
GGTGAAG_MIR412	-0.20281874609514478			
GO_ORGANOPHOSPHATE_CATABOLIC_PROCESS	-0.2028202961863172			
chr13q21	-0.2028532507337677			
GSE17721_PAM3CSK4_VS_CPG_1H_BMDC_UP	-0.20285378944828583			
SCHMIDT_POR_TARGETS_IN_LIMB_BUD_DN	-0.20285884531493004			
ATM_DN.V1_UP	-0.2029024859554301			
MIR10A_5P_MIR10B_5P	-0.2029438840824836			
CHEMNITZ_RESPONSE_TO_PROSTAGLANDIN_E2_UP	-0.20295706432838473			
GO_MECHANOSENSITIVE_ION_CHANNEL_ACTIVITY	-0.20296868980619912			
MYLLYKANGAS_AMPLIFICATION_HOT_SPOT_23	-0.2029785861166965			
chr2p12	-0.20298144180062322			
GSE21927_SPLENIC_C26GM_TUMOROUS_VS_BONE_MARROW_MONOCYTES_DN	-0.20299149043785455			
GO_POSITIVE_REGULATION_OF_GROWTH_HORMONE_SECRETION	-0.2030406656347106			
MILI_PSEUDOPODIA_HAPTOTAXIS_UP	-0.2030423821258175			
REACTOME_FORMATION_OF_SENESCENCE_ASSOCIATED_HETEROCHROMATIN_FOCI_SAHF	-0.2030468159595972			
BIOCARTA_PYK2_PATHWAY	-0.2030472380600391			
GSE8515_CTRL_VS_IL1_4H_STIM_MAC_UP	-0.20305938726415218			
GO_INTRINSIC_COMPONENT_OF_MITOCHONDRIAL_INNER_MEMBRANE	-0.2031111643010796			
TASOR_TARGET_GENES	-0.2031337014153146			
BANP_TARGET_GENES	-0.20313427376357687			
TCF4_Q5	-0.20314612508089766			
GO_REGULATION_OF_NATURAL_KILLER_CELL_DIFFERENTIATION	-0.20315242009645418			
MIR6765_5P	-0.20320205744438194			
GO_REGULATION_OF_TRANSLATIONAL_ELONGATION	-0.2032026885633677			
GO_POLYAMINE_METABOLIC_PROCESS	-0.20320534758828565			
FOXR2_TARGET_GENES	-0.20322506181712818			
MIR6813_3P	-0.20325008041465228			
GO_ESTABLISHMENT_OF_PROTEIN_LOCALIZATION_TO_CHROMATIN	-0.20326063570977704			
GO_COENZYME_A_METABOLIC_PROCESS	-0.2032620923312183			
PR_01	-0.20326591792547344			
GO_CYTOPLASMIC_UBIQUITIN_LIGASE_COMPLEX	-0.20328833337465094			
IPA_CTCF_UP	-0.2033082691525338			
GO_REGULATION_OF_METAPHASE_PLATE_CONGRESSION	-0.20330988778990605			
GSE18893_TCONV_VS_TREG_24H_TNF_STIM_UP	-0.20332268998331643			
GO_NEGATIVE_REGULATION_OF_FAT_CELL_PROLIFERATION	-0.20333129597732166			
GO_PEPTIDYL_THREONINE_MODIFICATION	-0.2033514346399277			
GO_ATTACHMENT_OF_SPINDLE_MICROTUBULES_TO_KINETOCHORE	-0.20335860164548272			
DANG_MYC_TARGETS_UP	-0.20337874416443766			
MIR4423_5P	-0.2034009192386434			
GSE40685_NAIVE_CD4_TCELL_VS_TREG_DN	-0.20340236227226943			
GO_SULFUR_COMPOUND_CATABOLIC_PROCESS	-0.20341287817442258			
GSE17721_CTRL_VS_PAM3CSK4_2H_BMDC_UP	-0.203421542028238			
GO_NEGATIVE_REGULATION_OF_GASTRIC_ACID_SECRETION	-0.20342404438989944			
IPA_TAF12_UP	-0.20344384824455974			
IPA_SMARCC2_UP	-0.20344384824455974			
IPA_FANCD2_UP	-0.20344384824455974			
IPA_TAF10_UP	-0.20344384824455974			
MIR1278	-0.20349655581545453			
GSE24634_NAIVE_CD4_TCELL_VS_DAY7_IL4_CONV_TREG_DN	-0.2035067084582297			
GSE19401_PAM2CSK4_VS_RETINOIC_ACID_AND_PAM2CSK4_STIM_FOLLICULAR_DC_UP	-0.20350698249141763			
REACTOME_ASSEMBLY_OF_THE_PRE_REPLICATIVE_COMPLEX	-0.20352714730903498			
IPA_HNF1B_UP	-0.20354936278013194			
GO_DOUBLE_STRAND_BREAK_REPAIR_VIA_SINGLE_STRAND_ANNEALING	-0.20356123490061256			
MIR4656	-0.20357201351301107			
ZNF41_TARGET_GENES	-0.20357314768009682			
GO_REGULATION_OF_DNA_CATABOLIC_PROCESS	-0.2035824433807639			
IWANAGA_CARCINOGENESIS_BY_KRAS_DN	-0.20360511432091422			
GO_NUCLEOSIDE_CATABOLIC_PROCESS	-0.20365482164332102			
GO_RESPONSE_TO_SORBITOL	-0.2036691871792664			
GO_HEART_GROWTH	-0.2036720934647799			
GO_LACTATE_TRANSPORT	-0.2036781702627588			
GO_NUCLEOLAR_RIBONUCLEASE_P_COMPLEX	-0.20369332071780197			
BAHD1_TARGET_GENES	-0.20369693649536844			
GO_LARGE_RIBOSOMAL_SUBUNIT	-0.20371421675364174			
GSE13547_CTRL_VS_ANTI_IGM_STIM_ZFX_KO_BCELL_12H_UP	-0.20374231695263662			
REACTOME_DEFECTIVE_CHSY1_CAUSES_TPBS	-0.20374984845727703			
GSE2770_IL12_AND_TGFB_VS_IL4_TREATED_ACT_CD4_TCELL_6H_UP	-0.2037674921760624			
MIR331_5P	-0.20377887151225252			
GO_ADENYLATE_CYCLASE_INHIBITING_G_PROTEIN_COUPLED_ACETYLCHOLINE_RECEPTOR_SIGNALING_PATHWAY	-0.20378997901599352			
HMX1_01	-0.20379090991293577			
GO_CELLULAR_RESPONSE_TO_MAGNESIUM_ION	-0.2037921495849989			
IPA_NFIA_UP	-0.2037966603092613			
GO_RESPONSE_TO_NICOTINE	-0.20379978225644252			
GSE17301_IFNA2_VS_IFNA5_STIM_ACD3_ACD28_ACT_CD8_TCELL_DN	-0.20380594021275233			
GO_SEX_CHROMATIN	-0.203806251937029			
GO_POSITIVE_REGULATION_OF_VOLTAGE_GATED_POTASSIUM_CHANNEL_ACTIVITY	-0.20380798362804278			
GSE9037_WT_VS_IRAK4_KO_BMDM_DN	-0.20382290611667647			
GO_HYALURONIC_ACID_BINDING	-0.20382347776053605			
GO_REGULATION_OF_NEUROTROPHIN_TRK_RECEPTOR_SIGNALING_PATHWAY	-0.20382945307529257			
GO_STRUCTURAL_CONSTITUENT_OF_RIBOSOME	-0.20382953221360428			
GSE43955_10H_VS_60H_ACT_CD4_TCELL_UP	-0.2038300024851923			
GO_MITOCHONDRIAL_DNA_REPLICATION	-0.2038609562198043			
REACTOME_CYCLIN_D_ASSOCIATED_EVENTS_IN_G1	-0.2039393982928031			
LUI_THYROID_CANCER_CLUSTER_4	-0.20393969884085136			
GSE14415_TCONV_VS_FOXP3_KO_INDUCED_TREG_DN	-0.20394366490903307			
GSE25088_WT_VS_STAT6_KO_MACROPHAGE_DN	-0.20394500994945206			
VALK_AML_CLUSTER_6	-0.2039561181915105			
REACTOME_BETA_DEFENSINS	-0.20396060707242658			
MIR885_5P	-0.2039614965586486			
GO_SULFATION	-0.20396167018480926			
MIR4699_5P	-0.20401120957705626			
BAUS_TFF2_TARGETS_DN	-0.2040532681564894			
MIR2053	-0.20406865826695994			
REACTOME_RECRUITMENT_OF_NUMA_TO_MITOTIC_CENTROSOMES	-0.20409885182002507			
MIR449C_5P	-0.20410470883822132			
GSE15930_NAIVE_VS_24H_IN_VITRO_STIM_CD8_TCELL_DN	-0.20410874972719956			
GSE6674_ANTI_IGM_VS_PL2_3_STIM_BCELL_DN	-0.20412275338137006			
GO_METAPHASE_PLATE_CONGRESSION	-0.20413962242570463			
IPA_RPA1_DN	-0.20414360489468897			
GO_REGULATION_OF_MULTICELLULAR_ORGANISM_GROWTH	-0.20414441797474736			
chr5q34	-0.20419331579660435			
GO_ARYL_SULFOTRANSFERASE_ACTIVITY	-0.204193465460209			
REACTOME_G2_M_CHECKPOINTS	-0.20421619131884916			
MIR4744	-0.20421837189346423			
HOXC11_TARGET_GENES	-0.20421879670844753			
GSE17721_0.5H_VS_24H_LPS_BMDC_UP	-0.20423246068111517			
SHEPARD_BMYB_MORPHOLINO_DN	-0.2042330269473881			
GO_PHOSPHORYLASE_KINASE_COMPLEX	-0.20423489616284732			
GO_PHOSPHORYLASE_KINASE_ACTIVITY	-0.20423489616284732			
MIR219A_2_3P	-0.2042362902557927			
GO_GLYCOLYTIC_PROCESS_THROUGH_FRUCTOSE_6_PHOSPHATE	-0.20423735998237427			
GO_POSITIVE_REGULATION_OF_PEPTIDYL_THREONINE_PHOSPHORYLATION	-0.20424675406017814			
MIR4743_3P	-0.20424730746215108			
GO_DEOXYRIBONUCLEOSIDE_METABOLIC_PROCESS	-0.20424742599116297			
REACTOME_FRUCTOSE_CATABOLISM	-0.20425245629436659			
GO_SYNAPTIC_VESICLE_RECYCLING_VIA_ENDOSOME	-0.2042556876316714			
GO_OSTEOCLAST_PROLIFERATION	-0.2042600741431987			
GO_REGULATION_OF_ACTIVIN_RECEPTOR_SIGNALING_PATHWAY	-0.20426142259063002			
GO_CELLULAR_RESPONSE_TO_L_GLUTAMATE	-0.20426374447905918			
GO_RESPONSE_TO_RETINOIC_ACID	-0.20426653085202218			
GO_REGULATION_OF_HIGH_VOLTAGE_GATED_CALCIUM_CHANNEL_ACTIVITY	-0.2042701660951209			
GSE27786_LSK_VS_LIN_NEG_CELL_DN	-0.20429861773651187			
IPA_GTF2F2_UP	-0.20432020426796738			
GO_CATION_CHLORIDE_SYMPORTER_ACTIVITY	-0.20433420022620402			
GO_REGULATION_OF_MEIOSIS_I	-0.20433561604369352			
IPA_CDC73_UP	-0.20433580063388262			
GO_REGULATION_OF_METAL_ION_TRANSPORT	-0.20435387288703402			
GO_CAMP_BIOSYNTHETIC_PROCESS	-0.20436155146162344			
GO_ADENYLATE_CYCLASE_ACTIVITY	-0.20436155146162344			
GO_SYNAPTIC_VESICLE_BUDDING	-0.20437297838901827			
GSE6674_ANTI_IGM_VS_ANTI_IGM_AND_CPG_STIM_BCELL_DN	-0.2043778368767023			
GO_SYNAPTIC_VESICLE_UNCOATING	-0.2043791973411857			
MIKKELSEN_ES_HCP_WITH_H3_UNMETHYLATED	-0.2043947697624037			
MIR4646_3P	-0.20439694722352073			
GO_NEGATIVE_REGULATION_OF_T_HELPER_1_TYPE_IMMUNE_RESPONSE	-0.20441415617946357			
GSE7568_IL4_TGFB_DEXAMETHASONE_VS_IL4_TGFB_TREATED_MACROPHAGE_UP	-0.20443852949629904			
MIR6855_3P	-0.2044415492549419			
REACTOME_CONDENSATION_OF_PROPHASE_CHROMOSOMES	-0.20445424322102776			
GSE11973_MIR223_KOVS_WT_BONE_MARROW_NEUTROPHIL_DN	-0.2044614244902761			
GO_URIDYLYLTRANSFERASE_ACTIVITY	-0.2044743122510499			
MIR498_5P	-0.2044782008570198			
REACTOME_FGFR1C_LIGAND_BINDING_AND_ACTIVATION	-0.20448327836510483			
MIR4717_5P	-0.20449596368420092			
MELLMAN_TUT1_TARGETS_UP	-0.20451806945957304			
GSE7568_IL4_VS_IL4_AND_DEXAMETHASONE_TREATED_MACROPHAGE_DN	-0.2045344991295488			
GSE15330_HSC_VS_LYMPHOID_PRIMED_MULTIPOTENT_PROGENITOR_IKAROS_KO_UP	-0.20456596984939698			
LEE_NAIVE_T_LYMPHOCYTE	-0.20459434020272546			
GO_NEUROTROPHIN_SIGNALING_PATHWAY	-0.20459706409829953			
GO_PROTEIN_LIPOYLATION	-0.2046036740989884			
GO_NEGATIVE_REGULATION_OF_CELL_GROWTH_INVOLVED_IN_CARDIAC_MUSCLE_CELL_DEVELOPMENT	-0.20461000693711168			
GO_SYNAPTIC_VESICLE_BUDDING_FROM_PRESYNAPTIC_ENDOCYTIC_ZONE_MEMBRANE	-0.2046286608044193			
LEE_LIVER_CANCER_MYC_TGFA_DN	-0.20463411529538564			
GSE40274_CTRL_VS_SATB1_TRANSDUCED_ACTIVATED_CD4_TCELL_DN	-0.20466365255542252			
MIR4327	-0.20467789817811333			
GO_REGULATION_OF_MACROPHAGE_DIFFERENTIATION	-0.20468115129143796			
GO_NEURONAL_ACTION_POTENTIAL	-0.2046814846859689			
GO_NEGATIVE_REGULATION_OF_CENTROSOME_CYCLE	-0.20469468095483698			
MIR125B_5P	-0.20470497810045676			
IPA_POU3F2_UP	-0.2047055457685493			
chr21q22	-0.2047129006604353			
GO_RESPONSE_TO_COBALT_ION	-0.2047132161051588			
GO_RESPONSE_TO_GAMMA_RADIATION	-0.20471937075623498			
GO_NEGATIVE_REGULATION_OF_CIRCADIAN_SLEEP_WAKE_CYCLE_SLEEP	-0.20472576883804486			
SEMBA_FHIT_TARGETS_DN	-0.20475383057298244			
MIR378B	-0.20475612304515414			
MIR6881_5P	-0.20476011376539474			
MIR4732_5P	-0.20477584189066828			
chr3p25	-0.2047870470196765			
GO_ENDOTHELIAL_CELL_MATRIX_ADHESION	-0.20478846457874705			
GO_REGULATION_OF_GLUTAMINE_FAMILY_AMINO_ACID_METABOLIC_PROCESS	-0.20479564643378292			
GO_THREONINE_TYPE_PEPTIDASE_ACTIVITY	-0.2047982805721941			
GO_PRESYNAPTIC_DENSE_CORE_VESICLE_EXOCYTOSIS	-0.20481780962020052			
BIOCARTA_FBW7_PATHWAY	-0.20481790125811203			
BILANGES_RAPAMYCIN_SENSITIVE_VIA_TSC1_AND_TSC2	-0.2048259902866558			
GO_REGULATION_OF_PHOSPHATIDYLINOSITOL_DEPHOSPHORYLATION	-0.2048367976183979			
REACTOME_AGGREPHAGY	-0.20484567023254183			
GSE41176_WT_VS_TAK1_KO_UNSTIM_BCELL_UP	-0.20485715208747965			
REACTOME_CREB3_FACTORS_ACTIVATE_GENES	-0.20485791699937947			
IPA_USF1_UP	-0.20487498495041112			
ZNF30_TARGET_GENES	-0.20487665413258951			
GO_TRANSCRIPTION_FACTOR_TFIIH_HOLO_COMPLEX	-0.2048869647968699			
GO_NEGATIVE_REGULATION_OF_PROTEOLYSIS_INVOLVED_IN_CELLULAR_PROTEIN_CATABOLIC_PROCESS	-0.20491948816563252			
IPA_MYCBP_UP	-0.2049270528823338			
GO_NATURAL_KILLER_CELL_PROLIFERATION	-0.20494055531854108			
MIR4521	-0.2049461587379075			
GO_PYRIMIDINE_NUCLEOBASE_METABOLIC_PROCESS	-0.2049467059444343			
MIR4263	-0.20495153311132			
GO_BHLH_TRANSCRIPTION_FACTOR_BINDING	-0.20495353231187868			
REACTOME_VASOPRESSIN_REGULATES_RENAL_WATER_HOMEOSTASIS_VIA_AQUAPORINS	-0.2049626659561579			
AUNG_GASTRIC_CANCER	-0.20496473916244826			
GO_DE_NOVO_PYRIMIDINE_NUCLEOBASE_BIOSYNTHETIC_PROCESS	-0.20498064061772941			
GO_NUCLEOSOME_POSITIONING	-0.20500387576611445			
GO_ENDOSOMAL_VESICLE_FUSION	-0.2050256522994524			
GSE3720_VD1_VS_VD2_GAMMADELTA_TCELL_DN	-0.2050286545911479			
REACTOME_G_ALPHA_S_SIGNALLING_EVENTS	-0.205041105073578			
GSE41867_DAY8_VS_DAY15_LCMV_ARMSTRONG_EFFECTOR_CD8_TCELL_DN	-0.20504199332253342			
GO_CDC42_PROTEIN_SIGNAL_TRANSDUCTION	-0.20508314373799788			
MIR5193	-0.20508556778078155			
MIR34B_5P	-0.20510019750064296			
GO_ESTABLISHMENT_OF_PROTEIN_LOCALIZATION_TO_CHROMOSOME	-0.2051047819800087			
REACTOME_RECYCLING_OF_EIF2_GDP	-0.20512771273886757			
MIR4748	-0.2051340012942929			
TURJANSKI_MAPK11_TARGETS	-0.20514760854121314			
GO_O_PALMITOYLTRANSFERASE_ACTIVITY	-0.20515325323198152			
GO_CILIARY_BASE	-0.20516664165716608			
MARSON_FOXP3_TARGETS_STIMULATED_DN	-0.20518960723739424			
MIR215_3P	-0.20520003709725332			
GSE31082_DN_VS_CD8_SP_THYMOCYTE_UP	-0.20520679507298686			
GO_WD40_REPEAT_DOMAIN_BINDING	-0.20521478571310253			
GSE17974_CTRL_VS_ACT_IL4_AND_ANTI_IL12_24H_CD4_TCELL_DN	-0.20522632894823503			
GSE13547_WT_VS_ZFX_KO_BCELL_DN	-0.20522963454535992			
IPA_MMP3_DN	-0.2052346478217103			
GO_POSITIVE_REGULATION_OF_ADENYLATE_CYCLASE_ACTIVATING_G_PROTEIN_COUPLED_RECEPTOR_SIGNALING_PATHWAY	-0.20528338085353212			
MIR4443	-0.20529083361023895			
GO_GLYCOSYLPHOSPHATIDYLINOSITOL_N_ACETYLGLUCOSAMINYLTRANSFERASE_GPI_GNT_COMPLEX	-0.2053036226800298			
GSE27241_WT_VS_RORGT_KO_TH17_POLARIZED_CD4_TCELL_UP	-0.2053239536186633			
MIR5587_5P	-0.205342208800273			
MMS_MOUSE_LYMPH_HIGH_4HRS_UP	-0.20535600207688737			
GO_AMINE_TRANSPORT	-0.20538482360425955			
GSE20198_UNTREATED_VS_IL12_TREATED_ACT_CD4_TCELL_DN	-0.20541984024328155			
GOLDRATH_NAIVE_VS_EFF_CD8_TCELL_DN	-0.20542171074575225			
GO_PROTON_CHANNEL_ACTIVITY	-0.20543378365948803			
GSE13522_WT_VS_IFNG_KO_SKING_T_CRUZI_Y_STRAIN_INF_UP	-0.20544740362644068			
REACTOME_INITIATION_OF_NUCLEAR_ENVELOPE_NE_REFORMATION	-0.20545529893861278			
KYNG_ENVIRONMENTAL_STRESS_RESPONSE_NOT_BY_4NQO_IN_OLD	-0.20545613841786659			
GO_BINDING_OF_SPERM_TO_ZONA_PELLUCIDA	-0.20545792532660268			
MIR4273	-0.2054650166433914			
GO_PHOSPHATIDYLGLYCEROL_BIOSYNTHETIC_PROCESS	-0.2054712631932576			
GO_POSITIVE_REGULATION_OF_CHEMOKINE_C_X_C_MOTIF_LIGAND_2_PRODUCTION	-0.20547399679794062			
chr7q34	-0.20549712447811236			
GO_ENDOCARDIUM_MORPHOGENESIS	-0.20550683971333217			
GO_CELLULAR_RESPONSE_TO_NITROGEN_COMPOUND	-0.2055254858442384			
MIR4777_5P	-0.2055295075001591			
GSE2770_UNTREATED_VS_ACT_CD4_TCELL_48H_DN	-0.20556193005309153			
GO_CARBON_CATABOLITE_REGULATION_OF_TRANSCRIPTION	-0.2055794765843118			
GO_CORTICOSTEROID_RECEPTOR_SIGNALING_PATHWAY	-0.20559378937180933			
KEGG_AMINOACYL_TRNA_BIOSYNTHESIS	-0.20560115117924038			
GSE5542_IFNG_VS_IFNA_TREATED_EPITHELIAL_CELLS_24H_UP	-0.20561588924241153			
FONTAINE_THYROID_TUMOR_UNCERTAIN_MALIGNANCY_DN	-0.2056176215126278			
GO_CATALYTIC_ACTIVITY_ACTING_ON_A_RRNA	-0.20562690402813125			
CAHOY_NEURONAL	-0.2056280816062781			
BRACHAT_RESPONSE_TO_METHOTREXATE_UP	-0.20563114151221454			
MIR567	-0.20563425208162597			
GO_ATP_BIOSYNTHETIC_PROCESS	-0.20563635629273797			
chr1p31	-0.20564273239856395			
GSE7460_CTRL_VS_TGFB_TREATED_ACT_FOXP3_HET_TCONV_UP	-0.20565644895536966			
GO_DEOXYRIBONUCLEOSIDE_DIPHOSPHATE_METABOLIC_PROCESS	-0.20567022905637516			
MIR490_5P	-0.20569103169995223			
REACTOME_PERK_REGULATES_GENE_EXPRESSION	-0.20570638641672195			
LY_AGING_OLD_DN	-0.20573602377867353			
GSE19888_CTRL_VS_A3R_ACTIVATION_MAST_CELL_UP	-0.205740438791327			
GSE25123_ROSIGLITAZONE_VS_IL4_AND_ROSIGLITAZONE_STIM_PPARG_KO_MACROPHAGE_DAY10_UP	-0.20575670760588977			
IPA_MESP2_UP	-0.20577574611863178			
MIR6884_3P	-0.20578926011130033			
GSE36476_CTRL_VS_TSST_ACT_40H_MEMORY_CD4_TCELL_YOUNG_DN	-0.20580246232939137			
GO_NEGATIVE_REGULATION_OF_EXOCYTOSIS	-0.2058125280414631			
GSE21927_UNTREATED_VS_GMCSF_IL6_TREATED_BONE_MARROW_UP	-0.2058138326271051			
GO_PYRIMIDINE_CONTAINING_COMPOUND_CATABOLIC_PROCESS	-0.20581706318043466			
GO_PROTEASOME_CORE_COMPLEX_ALPHA_SUBUNIT_COMPLEX	-0.20582253180389434			
GO_MITOGEN_ACTIVATED_PROTEIN_KINASE_P38_BINDING	-0.20583631457438772			
GO_PIGMENT_CELL_DIFFERENTIATION	-0.2058564502466031			
GO_DEOXYRIBONUCLEOTIDE_BINDING	-0.2058599132840227			
YUAN_ZNF143_PARTNERS	-0.20586042214807818			
GSE37532_VISCERAL_ADIPOSE_TISSUE_VS_LN_DERIVED_PPARG_KO_TREG_CD4_TCELL_UP	-0.2058639854979945			
GSE22886_IL2_VS_IL15_STIM_NKCELL_DN	-0.20589008090089334			
HOFFMANN_LARGE_TO_SMALL_PRE_BII_LYMPHOCYTE_UP	-0.20590557239698856			
GSE17721_CTRL_VS_POLYIC_4H_BMDC_UP	-0.2059216704210698			
GO_ACTIVIN_RECEPTOR_SIGNALING_PATHWAY	-0.20592237310789382			
GO_GLYCOSPHINGOLIPID_BINDING	-0.20593323761417134			
GSE22342_CD11C_HIGH_VS_LOW_DECIDUAL_MACROPHAGES_DN	-0.20593698919247386			
GO_CRD_MEDIATED_MRNA_STABILIZATION	-0.20593848460861913			
BIOCARTA_GCR_PATHWAY	-0.2059598748318384			
GO_REGULATION_OF_IRON_ION_TRANSPORT	-0.20596409731211596			
GSE3982_DC_VS_MAC_LPS_STIM_UP	-0.20597249414434743			
GOBERT_OLIGODENDROCYTE_DIFFERENTIATION_UP	-0.20597776599776157			
IGLESIAS_E2F_TARGETS_DN	-0.20598677345393507			
GO_SYNAPTIC_VESICLE_LOCALIZATION	-0.20599303403190544			
GO_NUCLEOSIDE_TRIPHOSPHATASE_REGULATOR_ACTIVITY	-0.20599425503975907			
GO_NEGATIVE_REGULATION_OF_VASCULAR_ENDOTHELIAL_CELL_PROLIFERATION	-0.2060158142192052			
GSE37605_NOD_VS_C57BL6_IRES_GFP_TREG_DN	-0.20603004789735233			
GO_ERGOSTEROL_METABOLIC_PROCESS	-0.20603369937378485			
GO_RIBONUCLEASE_MRP_COMPLEX	-0.2060340830207494			
GSE11961_PLASMA_CELL_DAY7_VS_GERMINAL_CENTER_BCELL_DAY40_UP	-0.2060345016681849			
GO_FOLIC_ACID_METABOLIC_PROCESS	-0.20604201798964505			
GO_NEGATIVE_REGULATION_OF_CELL_MATURATION	-0.20604449078195414			
MIR888_5P	-0.20604781475291126			
GO_METALLOCARBOXYPEPTIDASE_ACTIVITY	-0.20605704104187747			
GSE15930_STIM_VS_STIM_AND_TRICHOSTATINA_24H_CD8_T_CELL_DN	-0.20607288385990583			
GO_PROXIMAL_TUBULE_DEVELOPMENT	-0.20608902968694645			
GO_NAD_DEPENDENT_PROTEIN_DEACETYLASE_ACTIVITY	-0.20610011463395386			
GO_LRR_DOMAIN_BINDING	-0.20612971020448567			
IPA_MYCN_UP	-0.20613966241901485			
IPA_ZBTB33_UP	-0.20616496020804484			
GATA1_02	-0.20618660538076533			
IPA_STRAP_UP	-0.20618741342227814			
GO_RETINOIC_ACID_RESPONSIVE_ELEMENT_BINDING	-0.20619669443483632			
IPA_HMGA2_UP	-0.2062114783897717			
GSE23502_WT_VS_HDC_KO_MYELOID_DERIVED_SUPPRESSOR_CELL_COLON_TUMOR_DN	-0.2062160069684268			
GO_TANGENTIAL_MIGRATION_FROM_THE_SUBVENTRICULAR_ZONE_TO_THE_OLFACTORY_BULB	-0.20623253601191804			
GSE45837_WT_VS_GFI1_KO_PDC_DN	-0.20625066998772573			
IPA_RFXANK_UP	-0.20625488542511908			
GSE14413_UNSTIM_VS_IFNB_STIM_NIH3T3_CELLS_DN	-0.20626489443431187			
REACTOME_ADENYLATE_CYCLASE_INHIBITORY_PATHWAY	-0.20627348942247783			
GO_REGULATION_OF_RETINAL_GANGLION_CELL_AXON_GUIDANCE	-0.2062792674469739			
GO_POSITIVE_REGULATION_OF_PROTEIN_DEACETYLATION	-0.20628469861160953			
GO_DNA_DEMETHYLASE_ACTIVITY	-0.20629768117729524			
chr10p13	-0.2063069265703892			
MIKKELSEN_NPC_ICP_WITH_H3K4ME3	-0.20631187178622815			
GO_RIBOSOMAL_PROTEIN_S6_KINASE_ACTIVITY	-0.20632134891133752			
GO_CELLULAR_RESPONSE_TO_MURAMYL_DIPEPTIDE	-0.20632522946981416			
chr2q34	-0.20633597916925273			
GO_SEROTONIN_GATED_CATION_SELECTIVE_CHANNEL_ACTIVITY	-0.20634051122915933			
GSE4142_PLASMA_CELL_VS_GC_BCELL_UP	-0.20635829792241664			
MIR4421	-0.20637194206715576			
MIR6513_5P	-0.20637292810472224			
REACTOME_CHOLINE_CATABOLISM	-0.20637858475551896			
GO_NEGATIVE_REGULATION_OF_STRIATED_MUSCLE_CELL_DIFFERENTIATION	-0.20637890969992898			
MIR1273H_5P	-0.20637932274147758			
GSE10500_ARTHRITIC_SYNOVIAL_FLUID_VS_HEALTHY_MACROPHAGE_UP	-0.20639769289216328			
GSE5099_MONOCYTE_VS_ALTERNATIVE_M2_MACROPHAGE_DN	-0.2063989630729736			
GO_NEGATIVE_REGULATION_OF_CELL_CYCLE_PROCESS	-0.20641750095791703			
REACTOME_CELLULAR_SENESCENCE	-0.20641948556399026			
YGACNNYACAR_UNKNOWN	-0.20642377663548786			
GSE26488_CTRL_VS_PEPTIDE_INJECTION_OT2_THYMOCYTE_UP	-0.2064362850759043			
GO_NUCLEOBASE_CONTAINING_COMPOUND_KINASE_ACTIVITY	-0.20644359455755287			
GO_SMALL_MOLECULE_SENSOR_ACTIVITY	-0.20644961405834264			
GO_REGULATION_OF_PHOTORECEPTOR_CELL_DIFFERENTIATION	-0.20645403054462136			
SNACANNNYSYAGA_UNKNOWN	-0.20646396156124033			
KUMAR_AUTOPHAGY_NETWORK	-0.2064682234915728			
REACTOME_SIRT1_NEGATIVELY_REGULATES_RRNA_EXPRESSION	-0.2065146000302618			
GO_EOSINOPHIL_ACTIVATION	-0.20651711684113425			
GO_ICOSATETRAENOIC_ACID_BINDING	-0.20655133599138656			
IPA_CHAF1A_DN	-0.20656528618234893			
GO_DIVALENT_INORGANIC_CATION_TRANSPORT	-0.2065904761333244			
ASTON_MAJOR_DEPRESSIVE_DISORDER_UP	-0.20660342913261312			
CAFFAREL_RESPONSE_TO_THC_8HR_5_DN	-0.20660897304642062			
GO_KINETOCHORE_ASSEMBLY	-0.20661098503083908			
MIR6789_5P	-0.2066353697073626			
GSE42088_2H_VS_24H_LEISHMANIA_INF_DC_DN	-0.20664597974439325			
REACTOME_CELL_CYCLE_CHECKPOINTS	-0.20665911337863618			
PID_ALPHA_SYNUCLEIN_PATHWAY	-0.2066620862541082			
GSE360_T_GONDII_VS_M_TUBERCULOSIS_MAC_UP	-0.20671926450818892			
REACTOME_DEFENSINS	-0.206720493892764			
MIR4321	-0.2067639268759084			
REACTOME_INSULIN_PROCESSING	-0.2067648848734889			
GOBERT_CORE_OLIGODENDROCYTE_DIFFERENTIATION	-0.20677252031023144			
GO_GASTRIC_MOTILITY	-0.20677979311562675			
REACTOME_SWITCHING_OF_ORIGINS_TO_A_POST_REPLICATIVE_STATE	-0.20678332598274238			
IPA_SOX9_UP	-0.2067886334835298			
GO_POSITIVE_REGULATION_OF_TRANSMEMBRANE_TRANSPORT	-0.20680181588192098			
GO_POSITIVE_REGULATION_OF_RENAL_SODIUM_EXCRETION	-0.2068028338694486			
GO_HISTONE_H3_S10_PHOSPHORYLATION	-0.2068079430797126			
GSE14000_TRANSLATED_RNA_VS_MRNA_DC_UP	-0.20680802943095813			
GO_POSITIVE_REGULATION_OF_STEROID_HORMONE_SECRETION	-0.20681756654984487			
MIR12129	-0.20681999626306444			
MIR3166	-0.2068266324077352			
IPA_ELF2_UP	-0.206827942262329			
GSE18203_CTRL_VS_INTRATUMORAL_CPG_INJ_MC38_TUMOR_DN	-0.20685151466150317			
MIR3927_3P	-0.2068651368013837			
LINDSTEDT_DENDRITIC_CELL_MATURATION_C	-0.20687396617332146			
MIR4317	-0.2068873377205158			
REACTOME_PHASE_4_RESTING_MEMBRANE_POTENTIAL	-0.2069359067205215			
GO_GLYCINE_BINDING	-0.20694496360162234			
GO_POSITIVE_REGULATION_OF_BLOOD_PRESSURE_BY_EPINEPHRINE_NOREPINEPHRINE	-0.20694643001904117			
IPA_HOXC6_DN	-0.2069468563525169			
GSE22103_UNSTIM_VS_GMCSF_AND_IFNG_STIM_NEUTROPHIL_UP	-0.20695748250952664			
GO_POSITIVE_REGULATION_OF_CENTROSOME_DUPLICATION	-0.2069898533681496			
GO_TRANSCRIPTION_BY_RNA_POLYMERASE_I	-0.20700081640132545			
GO_RESPONSE_TO_CELL_CYCLE_CHECKPOINT_SIGNALING	-0.20702674972178123			
TIMOFEEVA_GROWTH_STRESS_VIA_STAT1_DN	-0.20704330653331646			
GO_POLY_G_BINDING	-0.2070467156734374			
ROPERO_HDAC2_TARGETS	-0.2070748888450837			
GO_POSITIVE_REGULATION_OF_CHOLESTEROL_STORAGE	-0.20708286722036778			
GO_RNA_POLYMERASE_I_ACTIVITY	-0.20711376113943072			
GO_RNA_POLYMERASE_I_COMPLEX	-0.20711376113943072			
GO_N_N_DIMETHYLANILINE_MONOOXYGENASE_ACTIVITY	-0.20711734220711397			
MIR4529_3P	-0.20712447740467205			
GSE30083_SP2_VS_SP3_THYMOCYTE_DN	-0.20712752141342353			
REACTOME_NEGATIVE_REGULATION_OF_TCF_DEPENDENT_SIGNALING_BY_DVL_INTERACTING_PROTEINS	-0.20713010383479416			
GO_RNA_SPLICING_VIA_ENDONUCLEOLYTIC_CLEAVAGE_AND_LIGATION	-0.20713908949714052			
GO_REGULATION_OF_NUCLEOTIDE_BIOSYNTHETIC_PROCESS	-0.2071683668153459			
STAT4_01	-0.20717235755558733			
GO_EMBRYONIC_PROCESS_INVOLVED_IN_FEMALE_PREGNANCY	-0.20720243426414028			
GO_POTASSIUM_ION_LEAK_CHANNEL_ACTIVITY	-0.20724124277536823			
MIR6762_3P	-0.20727794365635524			
GO_RESPONSE_TO_HERBICIDE	-0.2072840932340985			
GSE5542_IFNA_VS_IFNA_AND_IFNG_TREATED_EPITHELIAL_CELLS_24H_DN	-0.20729036132575504			
GO_UDP_XYLOSYLTRANSFERASE_ACTIVITY	-0.2073090034229531			
GSE19941_IL10_KO_VS_IL10_KO_AND_NFKBP50_KO_LPS_STIM_MACROPHAGE_DN	-0.20730987315483831			
REACTOME_RUNX2_REGULATES_CHONDROCYTE_MATURATION	-0.20731967893267567			
GSE9037_WT_VS_IRAK4_KO_LPS_1H_STIM_BMDM_DN	-0.20732595394302314			
GO_REGULATION_OF_APPETITE	-0.20733763592591695			
MIR615_3P	-0.2073589900381865			
SRPK2_TARGET_GENES	-0.20736899157607033			
GSE14308_TH17_VS_INDUCED_TREG_UP	-0.2073876486146782			
GSE13522_WT_VS_IFNG_KO_SKIN_DN	-0.20739574860542584			
GSE46606_UNSTIM_VS_CD40L_IL2_IL5_DAY1_STIMULATED_BCELL_DN	-0.20742702823099846			
SANSOM_APC_TARGETS_REQUIRE_MYC	-0.20745157246869905			
FIGUEROA_AML_METHYLATION_CLUSTER_7_DN	-0.20745781840146152			
MIR8076	-0.20746569558120465			
GO_AMINO_ACID_TRANSMEMBRANE_TRANSPORTER_ACTIVITY	-0.20748320060034064			
chr5q33	-0.20749763549178904			
GO_NEGATIVE_REGULATION_OF_VITAMIN_D_BIOSYNTHETIC_PROCESS	-0.20751086613177314			
GO_NEGATIVE_REGULATION_OF_TELOMERE_MAINTENANCE_VIA_TELOMERASE	-0.2075356197821557			
ATF2_UP.V1_UP	-0.20755009245950698			
REACTOME_BINDING_OF_TCF_LEF_CTNNB1_TO_TARGET_GENE_PROMOTERS	-0.2075584830258882			
GO_NEGATIVE_REGULATION_OF_MONOCYTE_CHEMOTACTIC_PROTEIN_1_PRODUCTION	-0.2076007801719874			
chr1q42	-0.20765683943295607			
GSE13493_DP_VS_CD4INTCD8POS_THYMOCYTE_UP	-0.20766098317247866			
BIOCARTA_AKAPCENTROSOME_PATHWAY	-0.20766248379585886			
GO_CONDENSED_CHROMOSOME_OUTER_KINETOCHORE	-0.20766517366987053			
chr8p21	-0.20768050412244948			
GO_SPHINGOSINE_1_PHOSPHATE_RECEPTOR_SIGNALING_PATHWAY	-0.20768575839464268			
REACTOME_FORMATION_OF_TUBULIN_FOLDING_INTERMEDIATES_BY_CCT_TRIC	-0.20768842933306608			
GO_GLUTAMINE_TRANSPORT	-0.20769346474206032			
MIR4292	-0.20770737443033668			
GO_EUKARYOTIC_TRANSLATION_INITIATION_FACTOR_2B_COMPLEX	-0.20770871036055855			
GO_POSITIVE_REGULATION_OF_CALCIUM_ION_TRANSPORT	-0.20770971032964494			
REACTOME_PROTON_COUPLED_MONOCARBOXYLATE_TRANSPORT	-0.2077167263304026			
GO_NUCLEAR_IMPORT_SIGNAL_RECEPTOR_ACTIVITY	-0.20771854220241395			
MIR12119	-0.20772042365278506			
GO_HSP70_PROTEIN_BINDING	-0.20772442038015618			
GO_REGION_OF_CYTOSOL	-0.20774941663194257			
GO_NEGATIVE_REGULATION_OF_CELLULAR_RESPONSE_TO_INSULIN_STIMULUS	-0.20777225179479034			
GSE13762_CTRL_VS_125_VITAMIND_DAY12_DC_UP	-0.20778126273876935			
GO_PHOTORECEPTOR_CELL_DIFFERENTIATION	-0.20779054907437133			
MIR5706	-0.20782504458405676			
MISSIAGLIA_REGULATED_BY_METHYLATION_DN	-0.20782752780900435			
GO_G_PROTEIN_ALPHA_SUBUNIT_BINDING	-0.20784551962959724			
GO_POSITIVE_REGULATION_OF_G1_S_TRANSITION_OF_MITOTIC_CELL_CYCLE	-0.20785102880860826			
REACTOME_AQUAPORIN_MEDIATED_TRANSPORT	-0.20786792983182395			
GO_POSITIVE_REGULATION_OF_PENILE_ERECTION	-0.20786879001510114			
MIR4749_5P	-0.20787389665160738			
GO_DORSAL_AORTA_DEVELOPMENT	-0.20787815796754158			
GSE12505_WT_VS_E2_2_HET_PDC_UP	-0.20790311271394576			
GO_RNA_2_O_METHYLTRANSFERASE_ACTIVITY	-0.20791179137384708			
GSE17721_PAM3CSK4_VS_GADIQUIMOD_12H_BMDC_UP	-0.20792566486253433			
GO_OLIGOSACCHARIDE_CATABOLIC_PROCESS	-0.20794105033232332			
GO_POSITIVE_REGULATION_OF_VASCULAR_ENDOTHELIAL_GROWTH_FACTOR_RECEPTOR_SIGNALING_PATHWAY	-0.2079412662501346			
MIR548M	-0.20794418184936628			
GO_POLYADENYLATION_DEPENDENT_SNORNA_3_END_PROCESSING	-0.20794437006788996			
REACTOME_THROMBIN_SIGNALLING_THROUGH_PROTEINASE_ACTIVATED_RECEPTORS_PARS	-0.207964495196032			
GO_TRANSCRIPTION_INITIATION_FROM_RNA_POLYMERASE_I_PROMOTER	-0.20796842570097537			
GO_REGULATION_OF_HEART_GROWTH	-0.20797177019561294			
GO_ANCHORED_COMPONENT_OF_PRESYNAPTIC_MEMBRANE	-0.20799056113827769			
TITF1_Q3	-0.207999865692178			
GSE22589_HIV_VS_HIV_AND_SIV_INFECTED_DC_UP	-0.2080173668999076			
CAFFAREL_RESPONSE_TO_THC_8HR_3_DN	-0.20802149766843808			
GO_PYRIMIDINE_CONTAINING_COMPOUND_METABOLIC_PROCESS	-0.20802958785896808			
IPA_NOTCH2_UP	-0.20805749883848118			
GSE22601_DOUBLE_POSITIVE_VS_CD4_SINGLE_POSITIVE_THYMOCYTE_UP	-0.20805852283989754			
GO_MESENCHYMAL_EPITHELIAL_CELL_SIGNALING	-0.20809054854684822			
GO_MACROMOLECULE_TRANSMEMBRANE_TRANSPORTER_ACTIVITY	-0.20810164207501936			
GO_NOREPINEPHRINE_BINDING	-0.20810183918008948			
GSE22886_NAIVE_CD4_TCELL_VS_48H_ACT_TH2_DN	-0.20811320737417147			
IPA_FUS_UP	-0.20813531237591507			
GSE5589_WT_VS_IL10_KO_LPS_AND_IL10_STIM_MACROPHAGE_45MIN_UP	-0.2081457236645239			
REACTOME_XENOBIOTICS	-0.20816436169303873			
MIR519A_2_5P_MIR520B_5P	-0.20816608662795072			
GO_10_FORMYLTETRAHYDROFOLATE_METABOLIC_PROCESS	-0.20817405887518095			
REACTOME_UB_SPECIFIC_PROCESSING_PROTEASES	-0.2081970476930445			
E2F_Q2	-0.2082003331282503			
GSE36826_WT_VS_IL1R_KO_SKIN_STAPH_AUREUS_INF_UP	-0.2082090295912447			
CENPT_TARGET_GENES	-0.20821797314761908			
GSE15330_GRANULOCYTE_MONOCYTE_PROGENITOR_VS_PRO_BCELL_UP	-0.20823115204189926			
GO_TRANSLATION_ACTIVATOR_ACTIVITY	-0.20823542528438793			
GSE9006_HEALTHY_VS_TYPE_1_DIABETES_PBMC_4MONTH_POST_DX_DN	-0.20824081444682271			
GO_GUANOSINE_CONTAINING_COMPOUND_METABOLIC_PROCESS	-0.2082414947125925			
MIKKELSEN_NPC_LCP_WITH_H3K4ME3	-0.20824412626074498			
GO_CELLULAR_RESPONSE_TO_NITRIC_OXIDE	-0.20826047476801426			
GSE2405_HEAT_KILLED_VS_LIVE_A_PHAGOCYTOPHILUM_STIM_NEUTROPHIL_9H_DN	-0.20826629972603358			
GO_REGULATION_OF_PENILE_ERECTION	-0.20827209336214478			
GO_RIBOSOMAL_SUBUNIT	-0.20827887655356556			
GO_RNA_POLYMERASE_II_ACTIVATING_TRANSCRIPTION_FACTOR_BINDING	-0.20829170644147774			
GSE1925_CTRL_VS_IFNG_PRIMED_MACROPHAGE_3H_IFNG_STIM_DN	-0.2082971308183088			
MIR517A_3P_MIR517B_3P_MIR517C_3P	-0.20830198077287587			
GO_SODIUM_PROTON_ANTIPORTER_ACTIVITY	-0.2083104575081918			
GSE30962_PRIMARY_VS_SECONDARY_CHRONIC_LCMV_INF_CD8_TCELL_UP	-0.20832157558263933			
MIR4684_5P	-0.2083326131020107			
NEUROG3_TARGET_GENES	-0.20833443991367712			
KEGG_BUTANOATE_METABOLISM	-0.20833952335169822			
GO_POST_EMBRYONIC_CAMERA_TYPE_EYE_DEVELOPMENT	-0.20834428666303084			
MIR3197	-0.20835483585940817			
GO_NEGATIVE_REGULATION_OF_LYASE_ACTIVITY	-0.20835659418464988			
GO_REGULATION_OF_GONAD_DEVELOPMENT	-0.2083920595192713			
GO_NUCLEOSIDE_KINASE_ACTIVITY	-0.20840712212802556			
MATZUK_EMBRYONIC_GERM_CELL	-0.2084132074161686			
IPA_EHMT2_DN	-0.20841393844003786			
GO_PROTEIN_K63_LINKED_UBIQUITINATION	-0.2084205634079827			
KRAS.KIDNEY_UP.V1_UP	-0.20842887134286395			
REACTOME_E2F_ENABLED_INHIBITION_OF_PRE_REPLICATION_COMPLEX_FORMATION	-0.2084347350913584			
IPA_NEUROG1_DN	-0.20843670742549833			
REACTOME_NA_CL_DEPENDENT_NEUROTRANSMITTER_TRANSPORTERS	-0.20844282766659786			
GO_UBIQUITIN_PROTEIN_TRANSFERASE_REGULATOR_ACTIVITY	-0.20845222386299414			
PAX7_TARGET_GENES	-0.20845855769825197			
GO_VESTIBULOCOCHLEAR_NERVE_DEVELOPMENT	-0.20846989804654975			
GO_NEGATIVE_REGULATION_OF_RECEPTOR_INTERNALIZATION	-0.20848006428089214			
REACTOME_NEGATIVE_FEEDBACK_REGULATION_OF_MAPK_PATHWAY	-0.20850751423468822			
IPA_TBX2_DN	-0.20851011471323047			
chr5q14	-0.20851128212982228			
IPA_STAT5B_UP	-0.20852112834732206			
GO_CELLULAR_MACROMOLECULE_CATABOLIC_PROCESS	-0.20852165745186657			
GO_GLIAL_CELL_FATE_SPECIFICATION	-0.2085263188979096			
GO_RESPONSE_TO_AMINO_ACID_STARVATION	-0.20854163746077753			
GERHOLD_RESPONSE_TO_TZD_DN	-0.20854288694889173			
KEGG_GNRH_SIGNALING_PATHWAY	-0.2085512365249953			
GSE28783_ANTI_MIR33_VS_UNTREATED_ATHEROSCLEROSIS_MACROPHAGE_UP	-0.20855968837171382			
GO_CARDIAC_MUSCLE_CELL_FATE_COMMITMENT	-0.20857500070957743			
PDGF_ERK_DN.V1_UP	-0.20857900932108733			
GSE22935_24H_VS_48H_MBOVIS_BCG_STIM_MACROPHAGE_UP	-0.20862334522211384			
GO_PYROPTOSIS	-0.2086418457799525			
GO_GASTRIC_ACID_SECRETION	-0.20864861563666157			
GO_CHECKPOINT_CLAMP_COMPLEX	-0.2086511111115238			
GSE360_HIGH_VS_LOW_DOSE_B_MALAYI_MAC_UP	-0.20865546665878745			
GO_PROXIMAL_DENDRITE	-0.20865620510022095			
MIR6855_5P	-0.20865928098797482			
MIR4662A_5P	-0.20866260512253826			
GO_MAST_CELL_CYTOKINE_PRODUCTION	-0.20866919464188777			
GO_CLATHRIN_LIGHT_CHAIN_BINDING	-0.20869441019104826			
GO_ENDOLYSOSOME_MEMBRANE	-0.2086946066942364			
MIR217_5P	-0.2087094144859792			
GO_PROLINE_TRANSPORT	-0.20871051763511828			
THILLAINADESAN_ZNF217_TARGETS_UP	-0.20871776281020185			
MATZUK_SPERMATOGONIA	-0.2087338661859019			
MIR100_5P_MIR99A_5P_MIR99B_5P	-0.20875101139902655			
BIOCARTA_G1_PATHWAY	-0.2087739722966349			
IPA_NKX2-1_UP	-0.20877654338158624			
MIR4735_5P	-0.20880105220981476			
MIR12135	-0.20880649741524002			
GO_SMN_COMPLEX	-0.20880737450531286			
GSE3982_NEUTROPHIL_VS_BASOPHIL_DN	-0.20880977288680655			
GSE411_WT_VS_SOCS3_KO_MACROPHAGE_UP	-0.2088160575433445			
GO_HYDROGEN_SULFIDE_METABOLIC_PROCESS	-0.20881658912776258			
GO_VERY_LOW_DENSITY_LIPOPROTEIN_PARTICLE_ASSEMBLY	-0.20883589433791938			
REACTOME_REGULATION_OF_CHOLESTEROL_BIOSYNTHESIS_BY_SREBP_SREBF	-0.20883926475902184			
MIR758_3P	-0.2088435696523711			
ZHENG_IL22_SIGNALING_DN	-0.20884542657759136			
ELLWOOD_MYC_TARGETS_UP	-0.2088493158792175			
GSE43863_NAIVE_VS_MEMORY_LY6C_INT_CXCR5POS_CD4_TCELL_D150_LCMV_DN	-0.20885307785290722			
GO_NEGATIVE_REGULATION_OF_CHOLESTEROL_METABOLIC_PROCESS	-0.20885923377474036			
GO_CYSTEINE_METABOLIC_PROCESS	-0.20887579174036924			
GO_GLUCOSE_IMPORT	-0.20888445982589676			
KEGG_VALINE_LEUCINE_AND_ISOLEUCINE_DEGRADATION	-0.20888946053996627			
GO_5_3_DNA_HELICASE_ACTIVITY	-0.20889447627078103			
chr17p11	-0.20889597974946075			
FUJII_YBX1_TARGETS_DN	-0.20890418419829546			
GSE23568_ID3_KO_VS_WT_CD8_TCELL_UP	-0.2089076452760875			
GO_NEURAL_PLATE_REGIONALIZATION	-0.20890877482606227			
YAMASHITA_SILENCED_BY_METHYLATION	-0.2089091850349121			
MIR1323	-0.20891871610999488			
GO_KAINATE_SELECTIVE_GLUTAMATE_RECEPTOR_COMPLEX	-0.20894418822859084			
GO_KAINATE_SELECTIVE_GLUTAMATE_RECEPTOR_ACTIVITY	-0.20894418822859084			
GO_CELLULAR_RESPONSE_TO_CAFFEINE	-0.20895475132428667			
GO_POSITIVE_REGULATION_OF_RYANODINE_SENSITIVE_CALCIUM_RELEASE_CHANNEL_ACTIVITY	-0.20896491794081393			
GO_TRANSFERRIN_RECEPTOR_BINDING	-0.20897052050742063			
GO_REGULATION_OF_MITOCHONDRIAL_MEMBRANE_POTENTIAL	-0.20897101567587587			
MIR8086	-0.2089901871608368			
GO_POSITIVE_REGULATION_OF_RESPONSE_TO_EXTRACELLULAR_STIMULUS	-0.20899106749422783			
REACTOME_CONDENSATION_OF_PROMETAPHASE_CHROMOSOMES	-0.2090038772768696			
GO_ELONGIN_COMPLEX	-0.20900392961092135			
GO_NEGATIVE_REGULATION_OF_LYMPHOCYTE_DIFFERENTIATION	-0.20900508560715467			
MIR500A_5P	-0.20901701855583263			
IPA_RFXANK_DN	-0.20901817637998676			
GO_REGULATION_OF_MRNA_CATABOLIC_PROCESS	-0.20903111968413			
GSE26928_EFF_MEM_VS_CENTR_MEM_CD4_TCELL_DN	-0.20903197321229924			
KEGG_NON_SMALL_CELL_LUNG_CANCER	-0.20904513324135648			
GO_NEGATIVE_REGULATION_OF_FATTY_ACID_BETA_OXIDATION	-0.2090452224092756			
GSE2770_IL4_ACT_VS_ACT_CD4_TCELL_2H_UP	-0.20904742497408743			
GSE25087_TREG_VS_TCONV_ADULT_DN	-0.20905713430153636			
MIR4790_5P	-0.2090605104336471			
GO_RIBOSOME	-0.2090682783339448			
REACTOME_CLASS_I_MHC_MEDIATED_ANTIGEN_PROCESSING_PRESENTATION	-0.20906847659161384			
IPA_TLE1_UP	-0.20907526556283965			
GO_REGULATION_OF_INTESTINAL_CHOLESTEROL_ABSORPTION	-0.2090771074520766			
chr8q11	-0.20908252712313372			
GO_FRUCTOSE_CATABOLIC_PROCESS_TO_HYDROXYACETONE_PHOSPHATE_AND_GLYCERALDEHYDE_3_PHOSPHATE	-0.20908991510323288			
GO_INTRINSIC_COMPONENT_OF_MITOCHONDRIAL_OUTER_MEMBRANE	-0.2091015972910657			
GO_NEGATIVE_REGULATION_OF_DNA_BIOSYNTHETIC_PROCESS	-0.20910323370585823			
GO_NEGATIVE_REGULATION_OF_CATECHOLAMINE_SECRETION	-0.20911304571639522			
RICKMAN_HEAD_AND_NECK_CANCER_B	-0.20913503513689158			
MIR549A_3P	-0.20914346800997874			
GSE9960_HEALTHY_VS_GRAM_POS_SEPSIS_PBMC_UP	-0.2091765336428115			
SEKI_INFLAMMATORY_RESPONSE_LPS_DN	-0.2091884772989099			
GSE43955_TGFB_IL6_VS_TGFB_IL6_IL23_TH17_ACT_CD4_TCELL_60H_DN	-0.20919703833415274			
GO_POSITIVE_REGULATION_OF_GLUCONEOGENESIS	-0.2091977636321803			
GO_CALMODULIN_DEPENDENT_PROTEIN_PHOSPHATASE_ACTIVITY	-0.2092004787032052			
MIR5588_5P	-0.20922671406851157			
GO_POSITIVE_REGULATION_OF_NERVOUS_SYSTEM_PROCESS	-0.20923139025045526			
IPA_TCF20_UP	-0.2092543628049964			
GO_MEIOTIC_DNA_DOUBLE_STRAND_BREAK_FORMATION	-0.20926462380443672			
GO_CARNITINE_O_ACYLTRANSFERASE_ACTIVITY	-0.20928022874702337			
GSE32034_UNTREATED_VS_ROSIGLIZATONE_TREATED_LY6C_HIGH_MONOCYTE_DN	-0.2092805739378477			
GO_RESPONSE_TO_L_GLUTAMATE	-0.20928408072339078			
GO_PLANAR_CELL_POLARITY_PATHWAY_INVOLVED_IN_AXIS_ELONGATION	-0.2092930340317642			
MIR4782_5P	-0.2093070390125552			
MIR4433A_3P	-0.2093181844004087			
GO_DEDIFFERENTIATION	-0.20931864565810776			
SA_PROGRAMMED_CELL_DEATH	-0.20933466678227228			
DING_LUNG_CANCER_MUTATED_SIGNIFICANTLY	-0.20933557849541265			
REACTOME_SMAC_XIAP_REGULATED_APOPTOTIC_RESPONSE	-0.2093600300280747			
PRC2_SUZ12_UP.V1_UP	-0.20938031530421836			
GSE24972_WT_VS_IRF8_KO_MARGINAL_ZONE_SPLEEN_BCELL_DN	-0.20938195594957937			
GGCGGCA_MIR371	-0.2093896203843951			
ABBUD_LIF_SIGNALING_2_DN	-0.20939092456155592			
LASTOWSKA_NEUROBLASTOMA_COPY_NUMBER_UP	-0.2094065627804521			
GO_NEGATIVE_REGULATION_OF_NEURON_MIGRATION	-0.20942591830152546			
IPA_PBX2_UP	-0.20943154297461083			
BIOCARTA_FOSB_PATHWAY	-0.20943976230503664			
GSE5503_LIVER_DC_VS_MLN_DC_ACTIVATED_ALLOGENIC_TCELL_UP	-0.20944319092699504			
GO_LIMB_BUD_FORMATION	-0.20945918086738463			
GO_DETECTION_OF_STIMULUS	-0.2094632660781385			
GO_NEGATIVE_REGULATION_OF_MITOCHONDRIAL_MEMBRANE_PERMEABILITY	-0.20947238226982876			
GO_MITOCHONDRIAL_INTERMEMBRANE_SPACE_PROTEIN_TRANSPORTER_COMPLEX	-0.20947793924559602			
GO_PHOSPHOLIPASE_C_ACTIVITY	-0.20947879802879338			
MEINHOLD_OVARIAN_CANCER_LOW_GRADE_DN	-0.20951300905141632			
IPA_CUX1_UP	-0.20951522697763378			
GO_MORPHOGENESIS_OF_AN_ENDOTHELIUM	-0.2095258439546146			
GO_POSITIVE_REGULATION_OF_GUANYLATE_CYCLASE_ACTIVITY	-0.20953105913711326			
GO_PURINE_DEOXYRIBONUCLEOTIDE_BINDING	-0.2095393959565315			
GSE41867_DAY6_VS_DAY8_LCMV_ARMSTRONG_EFFECTOR_CD8_TCELL_DN	-0.20955117993816655			
GSE13887_RESTING_VS_NO_TREATED_CD4_TCELL_DN	-0.20955292729481975			
PID_TELOMERASE_PATHWAY	-0.20956723188435786			
MIR6791_5P	-0.20956908396571144			
GO_POSITIVE_REGULATION_OF_GONAD_DEVELOPMENT	-0.20959022302434904			
NKX6_1_TARGET_GENES	-0.20959037384053159			
IPA_HDAC8_UP	-0.20961830321119204			
MIR7156_5P	-0.2096210794637004			
GSE17974_0H_VS_2H_IN_VITRO_ACT_CD4_TCELL_UP	-0.2096225250149217			
GSE17721_POLYIC_VS_GARDIQUIMOD_4H_BMDC_UP	-0.20962315306504115			
GO_EXOPOLYPHOSPHATASE_ACTIVITY	-0.20962320004939072			
GO_POLYPHOSPHATE_CATABOLIC_PROCESS	-0.20962320004939072			
GO_NEURAL_PLATE_ANTERIOR_POSTERIOR_REGIONALIZATION	-0.2096246154108358			
GO_ALKALOID_METABOLIC_PROCESS	-0.20963116793280873			
GO_TRANSFORMING_GROWTH_FACTOR_BETA_RECEPTOR_CYTOPLASMIC_MEDIATOR_ACTIVITY	-0.20963176974561606			
REACTOME_COOPERATION_OF_PREFOLDIN_AND_TRIC_CCT_IN_ACTIN_AND_TUBULIN_FOLDING	-0.20965655243107229			
GO_CELLULAR_RESPONSE_TO_REACTIVE_NITROGEN_SPECIES	-0.20967503348144198			
GSE17974_0H_VS_6H_IN_VITRO_ACT_CD4_TCELL_DN	-0.20968340194581386			
GO_NEUROMUSCULAR_PROCESS_CONTROLLING_BALANCE	-0.2096848939390655			
chr5p14	-0.20968497283938653			
MIR6891_5P	-0.2096897500388703			
GO_RESPONSE_TO_PHEROMONE	-0.20969330904847325			
GSE36392_EOSINOPHIL_VS_MAC_IL25_TREATED_LUNG_DN	-0.20970613161599214			
REACTOME_METALLOPROTEASE_DUBS	-0.20971350793289992			
IPA_NR6A1_DN	-0.209725348245065			
GO_REGULATION_OF_MDA_5_SIGNALING_PATHWAY	-0.2097304249285041			
GSE21546_WT_VS_SAP1A_KO_AND_ELK1_KO_DP_THYMOCYTES_DN	-0.20973226243675192			
REACTOME_IRAK1_RECRUITS_IKK_COMPLEX	-0.20973326281571092			
CAFFAREL_RESPONSE_TO_THC_DN	-0.20975391037304653			
IPA_PARP1_DN	-0.20976530684308792			
GO_RETINOIC_ACID_4_HYDROXYLASE_ACTIVITY	-0.20976804076962463			
MEISSNER_BRAIN_HCP_WITH_H3K4ME2	-0.20977528704522064			
JOSEPH_RESPONSE_TO_SODIUM_BUTYRATE_DN	-0.2097816855692943			
IWANAGA_E2F1_TARGETS_INDUCED_BY_SERUM	-0.20978710080402535			
GO_LIGASE_ACTIVITY_FORMING_CARBON_CARBON_BONDS	-0.20979009722632663			
GO_OPIOID_RECEPTOR_ACTIVITY	-0.20979125733501255			
REACTOME_HDL_ASSEMBLY	-0.20979302386667315			
BIOCARTA_ATM_PATHWAY	-0.20980451733819963			
GSE22886_UNSTIM_VS_IL15_STIM_NKCELL_DN	-0.20980779839623834			
GO_HIGH_DENSITY_LIPOPROTEIN_PARTICLE_BINDING	-0.2098212285283376			
FARMER_BREAST_CANCER_CLUSTER_4	-0.20982784082771358			
GO_POSITIVE_REGULATION_OF_OXIDATIVE_STRESS_INDUCED_INTRINSIC_APOPTOTIC_SIGNALING_PATHWAY	-0.20983745291685538			
MIR4299	-0.20984841293776518			
GSE20727_ROS_INH_VS_ROS_INH_AND_DNFB_ALLERGEN_TREATED_DC_DN	-0.2098723020686943			
MIR550B_2_5P	-0.20987434971270935			
GO_MALE_MATING_BEHAVIOR	-0.20989208613288274			
chrXq26	-0.20991220826667825			
IPA_TBX5_DN	-0.20993274510110754			
IPA_GATA5_UP	-0.2099440405806283			
chr1q43	-0.20995237198832464			
GSE40274_FOXP3_VS_FOXP3_AND_EOS_TRANSDUCED_ACTIVATED_CD4_TCELL_DN	-0.20995825275270102			
GO_PROTEIN_LOCALIZATION_TO_JUXTAPARANODE_REGION_OF_AXON	-0.20996011735731618			
REACTOME_TRNA_AMINOACYLATION	-0.2099621927763565			
GO_CENTROSOME_SEPARATION	-0.2099623183991759			
REACTOME_LOSS_OF_MECP2_BINDING_ABILITY_TO_THE_NCOR_SMRT_COMPLEX	-0.20997727753871284			
GO_REGULATION_OF_ATPASE_COUPLED_CALCIUM_TRANSMEMBRANE_TRANSPORTER_ACTIVITY	-0.20997989642542014			
MIR2861	-0.20998388201049759			
GO_PROTEIN_K6_LINKED_UBIQUITINATION	-0.20998946718642975			
GO_RHODOPSIN_MEDIATED_SIGNALING_PATHWAY	-0.2100035881308119			
GO_PROTEIN_QUALITY_CONTROL_FOR_MISFOLDED_OR_INCOMPLETELY_SYNTHESIZED_PROTEINS	-0.21001035906252025			
DMRT1_TARGET_GENES	-0.21001103673412314			
IPA_XBP1_DN	-0.21004583233663826			
IPA_DNMT1_DN	-0.21004637100588544			
MIR193A_5P	-0.2100465442747699			
GO_NERVOUS_SYSTEM_PROCESS_INVOLVED_IN_REGULATION_OF_SYSTEMIC_ARTERIAL_BLOOD_PRESSURE	-0.21004757543157396			
GO_PHOSPHORUS_OXYGEN_LYASE_ACTIVITY	-0.21006075011745848			
REACTOME_TP53_REGULATES_TRANSCRIPTION_OF_ADDITIONAL_CELL_CYCLE_GENES_WHOSE_EXACT_ROLE_IN_THE_P53_PATHWAY_REMAIN_UNCERTAIN	-0.210087316766095			
MIR5196_3P	-0.21009590813421328			
KRAS.600_UP.V1_UP	-0.21011458516683684			
GSE37605_FOXP3_FUSION_GFP_VS_IRES_GFP_TREG_NOD_DN	-0.21012873152024622			
GO_POSITIVE_REGULATION_OF_PEROXISOME_PROLIFERATOR_ACTIVATED_RECEPTOR_SIGNALING_PATHWAY	-0.21015240143619895			
GO_REGULATION_OF_GLUTAMATE_SECRETION	-0.2101540966145133			
PKCA_DN.V1_DN	-0.21015862254971968			
GO_CHLORIDE_ION_BINDING	-0.21017202271009958			
GO_STABILIZATION_OF_MEMBRANE_POTENTIAL	-0.21018406839374476			
GO_POSITIVE_REGULATION_OF_CELL_CYCLE	-0.21019764025996063			
GSE41867_LCMV_ARMSTRONG_VS_CLONE13_DAY6_EFFECTOR_CD8_TCELL_UP	-0.210202405333755			
MIR7852_3P	-0.21020324792635425			
IPA_HEYL_DN	-0.21020387567758356			
CHOW_RASSF1_TARGETS_UP	-0.21022208198547226			
GO_BEHAVIORAL_RESPONSE_TO_ETHANOL	-0.21022894403304546			
GO_CELLULAR_RESPONSE_TO_GLUCAGON_STIMULUS	-0.21024163618451827			
TAGGTCA_MIR192_MIR215	-0.21026524486891188			
GO_NEGATIVE_REGULATION_OF_ESTABLISHMENT_OF_PROTEIN_LOCALIZATION_TO_MITOCHONDRION	-0.21030569108867614			
GSE17721_PAM3CSK4_VS_GADIQUIMOD_8H_BMDC_UP	-0.21031367327545683			
GO_REGULATION_OF_PROTEIN_KINASE_C_SIGNALING	-0.21031808580749584			
GO_NEGATIVE_REGULATION_OF_NUCLEOTIDE_METABOLIC_PROCESS	-0.21032459853344848			
FUJIWARA_PARK2_IN_LIVER_CANCER_UP	-0.21032792988314436			
GSE15330_WT_VS_IKAROS_KO_LYMPHOID_MULTIPOTENT_PROGENITOR_DN	-0.2103376624790688			
GSE3982_EOSINOPHIL_VS_BASOPHIL_DN	-0.21036252017549376			
GO_POSITIVE_REGULATION_OF_DNA_REPLICATION	-0.21036938898702232			
PID_RANBP2_PATHWAY	-0.21037304387481487			
PID_NFAT_3PATHWAY	-0.21037724662157425			
GSE22886_NAIVE_CD4_TCELL_VS_48H_ACT_TH2_UP	-0.21038058419490346			
IPA_NFIC_DN	-0.21040227855161794			
IPA_NFIB_DN	-0.21040227855161794			
GO_L_PROLINE_TRANSMEMBRANE_TRANSPORTER_ACTIVITY	-0.21041401146942904			
GO_PROLINE_TRANSMEMBRANE_TRANSPORT	-0.21041401146942904			
GSE20366_EX_VIVO_VS_HOMEOSTATIC_CONVERSION_TREG_UP	-0.2104215644599159			
REACTOME_GLYOXYLATE_METABOLISM_AND_GLYCINE_DEGRADATION	-0.21045257196529205			
GO_CHROMATOID_BODY	-0.210458752407372			
IPA_POU4F1_DN	-0.2104666957389573			
GO_POSITIVE_REGULATION_OF_LYASE_ACTIVITY	-0.21047382775179455			
MIR593_3P	-0.21048150016681777			
GO_PHOSPHODIESTERASE_I_ACTIVITY	-0.21048811711319046			
GO_CORECEPTOR_ACTIVITY	-0.21052428491761607			
GO_DOUBLE_STRAND_BREAK_REPAIR_VIA_SYNTHESIS_DEPENDENT_STRAND_ANNEALING	-0.21052872271738324			
GO_POSITIVE_REGULATION_OF_GLUCOCORTICOID_SECRETION	-0.2105354255761121			
GO_REGULATION_OF_CORTISOL_SECRETION	-0.2105354255761121			
TOX4_TARGET_GENES	-0.21053552116912067			
REACTOME_G_ALPHA_Z_SIGNALLING_EVENTS	-0.21054759770298692			
GO_CELL_PROLIFERATION_INVOLVED_IN_HEART_MORPHOGENESIS	-0.21054860676001358			
REACTOME_RHO_GTPASES_ACTIVATE_FORMINS	-0.2105536294201509			
GSE6674_UNSTIM_VS_CPG_STIM_BCELL_UP	-0.21055634959896044			
GO_VESICLE_TETHERING_TO_GOLGI	-0.210562606814886			
HUMMERICH_MALIGNANT_SKIN_TUMOR_DN	-0.21056843319615495			
GO_NEGATIVE_REGULATION_OF_CARDIAC_MUSCLE_CONTRACTION	-0.21057321659379746			
GO_APOLIPOPROTEIN_A_I_BINDING	-0.21058105683179412			
GO_NEGATIVE_REGULATION_OF_SMOOTH_MUSCLE_CELL_APOPTOTIC_PROCESS	-0.2105904931781461			
chr13q33	-0.2105918931962501			
chr8q12	-0.2106143251807196			
REACTOME_BUTYRATE_RESPONSE_FACTOR_1_BRF1_BINDS_AND_DESTABILIZES_MRNA	-0.2106421546843886			
REACTOME_ABORTIVE_ELONGATION_OF_HIV_1_TRANSCRIPT_IN_THE_ABSENCE_OF_TAT	-0.2106443316502243			
GO_NUCLEOBASE_CONTAINING_SMALL_MOLECULE_INTERCONVERSION	-0.21064656003976856			
GO_GLOBAL_GENOME_NUCLEOTIDE_EXCISION_REPAIR	-0.21066133389296066			
GO_RETROMER_COMPLEX	-0.21066440518262244			
SRSF9_TARGET_GENES	-0.21067069100816319			
BIOCARTA_CELLCYCLE_PATHWAY	-0.21068054901602348			
GSE3982_CTRL_VS_IGE_STIM_MAST_CELL_UP	-0.2106874671516484			
GSE2128_C57BL6_VS_NOD_THYMOCYTE_DN	-0.21069905336176445			
IPA_ZNF512B_DN	-0.2107051703946314			
MIR11400	-0.21072501193050933			
LI_WILMS_TUMOR_ANAPLASTIC_UP	-0.21072556867875786			
GO_PRERIBOSOME_LARGE_SUBUNIT_PRECURSOR	-0.21073034432793117			
GSE28737_WT_VS_BCL6_KO_MARGINAL_ZONE_BCELL_DN	-0.21073605396015566			
IPA_SMAD6_UP	-0.21075334959274167			
chr17q25	-0.21076788623569986			
NAGY_PCAF_COMPONENTS_HUMAN	-0.21078433183362835			
IPA_FOXM1_UP	-0.21078869944126913			
MIR4418	-0.21081578686911506			
IPA_EGR2_UP	-0.21081740071017147			
GO_NEGATIVE_REGULATION_OF_ADENYLATE_CYCLASE_ACTIVITY	-0.21082765556213326			
GSE33292_DN3_THYMOCYTE_VS_TCF1_KO_TCELL_LYMPHOMA_DN	-0.21084823370943026			
GO_DNA_DAMAGE_RESPONSE_SIGNAL_TRANSDUCTION_RESULTING_IN_TRANSCRIPTION	-0.21085165844084638			
KEGG_PANTOTHENATE_AND_COA_BIOSYNTHESIS	-0.21085461299843636			
GO_EMBRYONIC_DIGESTIVE_TRACT_DEVELOPMENT	-0.21089392238132584			
GO_PROTEIN_INSERTION_INTO_MITOCHONDRIAL_INNER_MEMBRANE	-0.21089934309510758			
MIR1237_3P	-0.21090318958718465			
IPA_RXRB_UP	-0.2109076070154743			
IPA_PAX8_DN	-0.2109076070154743			
GO_REGULATION_OF_SMOOTH_MUSCLE_CELL_CHEMOTAXIS	-0.21091273158038182			
GSE41867_NAIVE_VS_EFFECTOR_CD8_TCELL_DN	-0.21092991696424693			
GO_ANAPHASE_PROMOTING_COMPLEX	-0.21093584073601723			
GO_POSITIVE_REGULATION_OF_CARDIAC_MUSCLE_ADAPTATION	-0.2109426242601096			
GAUSSMANN_MLL_AF4_FUSION_TARGETS_C_DN	-0.210961923323301			
GSE36888_UNTREATED_VS_IL2_TREATED_STAT5_AB_KNOCKIN_TCELL_17H_UP	-0.21096857515330333			
GO_SPHINGOLIPID_MEDIATED_SIGNALING_PATHWAY	-0.2109830294568436			
GSE15659_RESTING_VS_ACTIVATED_TREG_DN	-0.21102169811710092			
MIR3925_5P	-0.21103175616312306			
MPHOSPH8_TARGET_GENES	-0.21104848556227263			
MIR1279	-0.21106107175566885			
GSE9037_WT_VS_IRAK4_KO_LPS_4H_STIM_BMDM_UP	-0.2110650633145441			
GSE15330_LYMPHOID_MULTIPOTENT_VS_GRANULOCYTE_MONOCYTE_PROGENITOR_IKAROS_KO_UP	-0.21107252034305288			
GO_CHONDROITIN_SULFATE_PROTEOGLYCAN_BIOSYNTHETIC_PROCESS	-0.2110749092039914			
GO_NEGATIVE_REGULATION_OF_MEMBRANE_POTENTIAL	-0.21109488419541			
GO_FORMATION_OF_TRANSLATION_PREINITIATION_COMPLEX	-0.21109542500077494			
GO_RESPONSE_TO_METHOTREXATE	-0.211102780137101			
GO_POSITIVE_REGULATION_OF_CHEMOTAXIS	-0.21111010158052546			
REACTOME_SIGNALING_BY_NODAL	-0.21111603438119458			
GO_CELL_FATE_SPECIFICATION_INVOLVED_IN_PATTERN_SPECIFICATION	-0.21111887451343586			
GO_CYSTEINE_TYPE_PEPTIDASE_ACTIVITY	-0.21112024809472862			
TAKEDA_TARGETS_OF_NUP98_HOXA9_FUSION_3D_DN	-0.21112364051746182			
MIR141_5P	-0.21112897577565592			
CAFFAREL_RESPONSE_TO_THC_24HR_5_DN	-0.211135010898286			
REACTOME_MITOTIC_G1_PHASE_AND_G1_S_TRANSITION	-0.21115101883988976			
MIR4433B_5P	-0.2111692592232005			
GO_PROTEIN_PHOSPHATASE_2A_BINDING	-0.21117070628904022			
MIR937_5P	-0.21118269809257662			
KANG_GLIS3_TARGETS	-0.21119452850353412			
FISCHER_G1_S_CELL_CYCLE	-0.21120587475576963			
REACTOME_DISPLACEMENT_OF_DNA_GLYCOSYLASE_BY_APEX1	-0.21120842492580238			
REACTOME_APC_CDC20_MEDIATED_DEGRADATION_OF_NEK2A	-0.2112108282010256			
GGCKCATGS_UNKNOWN	-0.21121631851095476			
GO_NADH_PYROPHOSPHATASE_ACTIVITY	-0.21121659614189123			
GO_NEGATIVE_REGULATION_OF_CENTRIOLE_REPLICATION	-0.21121988207850848			
GO_NEGATIVE_REGULATION_OF_GLYCOLYTIC_PROCESS	-0.2112230619866664			
REACTOME_METHIONINE_SALVAGE_PATHWAY	-0.21122787460391435			
GO_MICROTUBULE_ANCHORING_AT_CENTROSOME	-0.21123365263169383			
ZHENG_FOXP3_TARGETS_IN_T_LYMPHOCYTE_UP	-0.2112447270232192			
SUNG_METASTASIS_STROMA_DN	-0.2112461309981401			
GO_REGULATION_OF_GUANYLATE_CYCLASE_ACTIVITY	-0.21128624189916545			
GO_SINGLE_STRANDED_DNA_ENDODEOXYRIBONUCLEASE_ACTIVITY	-0.21128625980663263			
MIR4678	-0.21128698536590446			
GSE22432_MULTIPOTENT_PROGENITOR_VS_PDC_DN	-0.2113155696857933			
PID_PTP1B_PATHWAY	-0.21131802716645728			
GO_REGULATION_OF_EXCITATORY_SYNAPSE_ASSEMBLY	-0.2113189595528677			
REACTOME_NOTCH3_INTRACELLULAR_DOMAIN_REGULATES_TRANSCRIPTION	-0.21137893819706646			
GO_MICROTUBULE_SEVERING	-0.21141178137406486			
KIM_MYCN_AMPLIFICATION_TARGETS_UP	-0.21142444077239964			
STTTCRNTTT_IRF_Q6	-0.21143568076904373			
GSE17721_LPS_VS_PAM3CSK4_1H_BMDC_UP	-0.21144626071265404			
GO_TELOMERIC_D_LOOP_DISASSEMBLY	-0.21144634457190015			
GSE16522_ANTI_CD3CD28_STIM_VS_UNSTIM_NAIVE_CD8_TCELL_UP	-0.21144851715459093			
HOFFMAN_CLOCK_TARGETS_DN	-0.2114749131642713			
GO_POSITIVE_REGULATION_OF_PROGRAMMED_NECROTIC_CELL_DEATH	-0.21148453476226056			
chr1q24	-0.21148507015941403			
GO_MITOCHONDRIAL_RESPIRATORY_CHAIN_COMPLEX_III_ASSEMBLY	-0.21148640942608113			
BIOCARTA_ALK_PATHWAY	-0.21149702634098377			
GO_G_PROTEIN_COUPLED_AMINE_RECEPTOR_ACTIVITY	-0.21150051937752354			
chrXp21	-0.21150584948059417			
IPA_FOXE3_UP	-0.211533512965487			
GO_REGULATION_OF_GROOMING_BEHAVIOR	-0.21155345793745256			
GO_NEGATIVE_REGULATION_OF_SYNAPTIC_TRANSMISSION_GABAERGIC	-0.21155456127887218			
GO_SULFATE_TRANSPORT	-0.21156015586781587			
ZNF830_TARGET_GENES	-0.2115703010613825			
MIR3196	-0.21157909273386066			
GO_MRNA_TRANSCRIPTION_BY_RNA_POLYMERASE_II	-0.21158574768125255			
GO_POSITIVE_REGULATION_OF_TELOMERASE_RNA_LOCALIZATION_TO_CAJAL_BODY	-0.21159845338304759			
YANG_BREAST_CANCER_ESR1_DN	-0.21159975559741193			
chr2q21	-0.21160959816424332			
GO_PROTON_TRANSPORTING_ATP_SYNTHASE_COMPLEX_COUPLING_FACTOR_F_O	-0.21160996502158944			
GRADE_COLON_AND_RECTAL_CANCER_DN	-0.21163360064910974			
MIR6769B_5P	-0.21164132194287483			
MIR1247_5P	-0.21164793846141564			
GO_POSITIVE_REGULATION_OF_ION_TRANSPORT	-0.21165454086995078			
CHEBOTAEV_GR_TARGETS_UP	-0.2116650732959709			
GO_TESTOSTERONE_DEHYDROGENASE_NAD_P_ACTIVITY	-0.21167047145668164			
GSE17721_0.5H_VS_24H_POLYIC_BMDC_UP	-0.21167519115410166			
GSE18281_CORTICAL_VS_MEDULLARY_THYMOCYTE_DN	-0.21167779995593358			
GSE17721_0.5H_VS_24H_PAM3CSK4_BMDC_UP	-0.21168805606952554			
GO_ANCHORED_COMPONENT_OF_POSTSYNAPTIC_MEMBRANE	-0.21169472934759706			
GSE22443_NAIVE_VS_ACT_AND_IL12_TREATED_CD8_TCELL_DN	-0.2117023423215845			
CHANGOLKAR_H2AFY_TARGETS_DN	-0.21171560329952044			
IPA_ATF3_UP	-0.2117871364138054			
MIR4781_3P	-0.21180498697912234			
GO_NEGATIVE_REGULATION_OF_RESPONSE_TO_INTERFERON_GAMMA	-0.2118420173942997			
GO_G_PROTEIN_COUPLED_RECEPTOR_ACTIVITY	-0.2118591728729537			
GO_CARDIAC_MUSCLE_FIBER_DEVELOPMENT	-0.21185933159539785			
GO_POSTSYNAPTIC_CYTOSKELETON	-0.21186819512064708			
GO_FRUCTOSE_BINDING	-0.2118933208966042			
CALVET_IRINOTECAN_SENSITIVE_VS_REVERTED_DN	-0.21192245803633505			
MIR5681B	-0.21193175373431175			
GO_NADPH_BINDING	-0.21193804296810095			
REACTOME_MODULATION_BY_MTB_OF_HOST_IMMUNE_SYSTEM	-0.211942208382829			
KEGG_MTOR_SIGNALING_PATHWAY	-0.21197408606492543			
GO_NUCLEOSIDE_TRIPHOSPHATE_DIPHOSPHATASE_ACTIVITY	-0.21197904357413389			
GO_ANION_CATION_SYMPORTER_ACTIVITY	-0.21198498225003473			
KORKOLA_CHORIOCARCINOMA_DN	-0.2119984967437896			
MIR4666B	-0.2120009476405358			
PID_RHODOPSIN_PATHWAY	-0.21200955912163857			
MIR548AT_3P	-0.21201370040792553			
GSE21546_UNSTIM_VS_ANTI_CD3_STIM_ELK1_KO_DP_THYMOCYTES_UP	-0.21201588109900618			
GO_INTERFERON_GAMMA_BIOSYNTHETIC_PROCESS	-0.21202520624193438			
GO_AORTA_SMOOTH_MUSCLE_TISSUE_MORPHOGENESIS	-0.2120260717553402			
GO_POSITIVE_REGULATION_OF_CHEMOKINE_C_C_MOTIF_LIGAND_5_PRODUCTION	-0.21206282697509635			
MOOTHA_HUMAN_MITODB_6_2002	-0.21206779808135304			
GO_POSITIVE_REGULATION_OF_MAINTENANCE_OF_SISTER_CHROMATID_COHESION	-0.21207190496220302			
IPA_PAX9_UP	-0.21209580237944964			
chr9p13	-0.21212547898347942			
MIR5583_3P	-0.21212810706655427			
MIR583	-0.21213253710313018			
GO_PERISTALSIS	-0.21214199658148408			
GO_POSITIVE_REGULATION_OF_RESPONSE_TO_DNA_DAMAGE_STIMULUS	-0.2121600720174448			
GO_NEGATIVE_REGULATION_OF_INTERLEUKIN_6_SECRETION	-0.21217452083428326			
PAX3_B	-0.2121748935400632			
MIR3143	-0.21217505491656244			
GO_AMINO_ACID_BINDING	-0.2121791892181581			
GO_CELLULAR_RESPONSE_TO_UV_B	-0.21218072100230206			
MIR6824_5P	-0.2121862910941798			
RICKMAN_TUMOR_DIFFERENTIATED_WELL_VS_MODERATELY_UP	-0.21219439782337637			
IPA_PLAGL1_DN	-0.21221207836229866			
GO_RESPONSE_TO_INSECTICIDE	-0.2122184591860646			
GO_MUSCLE_CELL_FATE_COMMITMENT	-0.21222649910682845			
IPA_HDAC4_DN	-0.21222790448810383			
GSE17721_LPS_VS_GARDIQUIMOD_0.5H_BMDC_DN	-0.2122291460122595			
GO_PROTON_TRANSPORTING_ATP_SYNTHASE_ACTIVITY_ROTATIONAL_MECHANISM	-0.21223058033579054			
IPA_SOX6_UP	-0.2122352114675462			
GSE12845_IGD_POS_BLOOD_VS_PRE_GC_TONSIL_BCELL_DN	-0.2122407427907976			
GO_HEART_FIELD_SPECIFICATION	-0.2122514241163156			
GO_EXTRACELLULAR_MATRIX_STRUCTURAL_CONSTITUENT_CONFERRING_COMPRESSION_RESISTANCE	-0.21226848757668113			
BIOCARTA_MITOCHONDRIA_PATHWAY	-0.21230310341066164			
MIR4999_3P	-0.21232061811585548			
GO_CONVERGENT_EXTENSION_INVOLVED_IN_AXIS_ELONGATION	-0.21232360358244076			
GSE9006_TYPE_1_DIABETES_AT_DX_VS_1MONTH_POST_DX_PBMC_DN	-0.2123266106417044			
REACTOME_METABOLISM_OF_STEROID_HORMONES	-0.21233553145177447			
chr22q13	-0.21233983643536355			
GO_POSITIVE_REGULATION_OF_HIGH_VOLTAGE_GATED_CALCIUM_CHANNEL_ACTIVITY	-0.2123465523117008			
GO_ICOSANOID_BINDING	-0.21234860738187133			
GO_ARACHIDONIC_ACID_BINDING	-0.21235653771556456			
GSE31082_DP_VS_CD4_SP_THYMOCYTE_UP	-0.21237341684570238			
MIR28_3P	-0.21239041280728316			
MIR155_5P	-0.21239363577340659			
GSE22886_NEUTROPHIL_VS_DC_UP	-0.21239543012056947			
RAMPON_ENRICHED_LEARNING_ENVIRONMENT_LATE_UP	-0.21242349233707356			
GSE13229_IMM_VS_INTMATURE_NKCELL_UP	-0.21243144608771694			
REACTOME_AURKA_ACTIVATION_BY_TPX2	-0.21245039162996104			
GO_REGULATION_OF_PROTEIN_HOMODIMERIZATION_ACTIVITY	-0.21245244695190732			
HBZ_TARGET_GENES	-0.21245388567640974			
GO_GOLGI_LOCALIZATION	-0.21246146290241097			
MIR6871_5P	-0.21246388153979898			
GO_TOOTH_ERUPTION	-0.21246652535652563			
GO_GAMMA_TUBULIN_BINDING	-0.2124698014024075			
GO_TESTOSTERONE_DEHYDROGENASE_NADPLUS_ACTIVITY	-0.21247324109950702			
LASTOWSKA_NEUROBLASTOMA_COPY_NUMBER_DN	-0.21247333021436157			
IPA_SMYD3_UP	-0.212492064229004			
GO_RNA_7_METHYLGUANOSINE_CAP_BINDING	-0.21249311107383628			
MIR2392	-0.212497005286529			
MIR4799_3P	-0.21251922897039854			
BROWNE_HCMV_INFECTION_12HR_UP	-0.2125242325438805			
GSE11961_PLASMA_CELL_DAY7_VS_MEMORY_BCELL_DAY40_DN	-0.21252839965855427			
GO_PROTEIN_KINASE_B_BINDING	-0.2125339682623931			
GO_UBIQUITIN_LIGASE_INHIBITOR_ACTIVITY	-0.21253728153633814			
MIR4720_5P	-0.21257264498874265			
GO_PROTON_TRANSPORTING_ATP_SYNTHASE_COMPLEX_ASSEMBLY	-0.2125773409033196			
REACTOME_ZBP1_DAI_MEDIATED_INDUCTION_OF_TYPE_I_IFNS	-0.21259918684086535			
BROWNE_HCMV_INFECTION_8HR_UP	-0.21260745411767906			
IPA_ETV5_UP	-0.21261873694976036			
GO_STRUCTURAL_CONSTITUENT_OF_EYE_LENS	-0.21262109544869237			
RAHMAN_TP53_TARGETS_PHOSPHORYLATED	-0.21262229920233736			
BUCKANOVICH_T_LYMPHOCYTE_HOMING_ON_TUMOR_DN	-0.21263060809961698			
MIR587	-0.21263105999120654			
GO_SUMO_LIGASE_ACTIVITY	-0.2126311207392478			
GSE21927_BALBC_VS_C57BL6_MONOCYTE_TUMOR_DN	-0.21263839132397175			
MIR33A_5P_MIR33B_5P	-0.21264922647772672			
GSE45365_WT_VS_IFNAR_KO_BCELL_MCMV_INFECTION_UP	-0.21266560455847952			
GO_SINGLE_STRANDED_VIRAL_RNA_REPLICATION_VIA_DOUBLE_STRANDED_DNA_INTERMEDIATE	-0.2126841408228831			
GO_REGULATION_OF_LUTEINIZING_HORMONE_SECRETION	-0.21268649582573382			
GSE17974_0H_VS_1H_IN_VITRO_ACT_CD4_TCELL_DN	-0.21269728418265801			
GSE29618_PRE_VS_DAY7_POST_TIV_FLU_VACCINE_MONOCYTE_UP	-0.21272686191373433			
MEF2_04	-0.2127324225476213			
MIR4509	-0.21273386157581395			
GO_TRANSLATION_TERMINATION_FACTOR_ACTIVITY	-0.21274959916675934			
SETD7_TARGET_GENES	-0.21275139773384			
GSE15330_LYMPHOID_MULTIPOTENT_VS_GRANULOCYTE_MONOCYTE_PROGENITOR_UP	-0.21275700186032095			
PID_AR_TF_PATHWAY	-0.21276410794116637			
FINETTI_BREAST_CANCER_KINOME_RED	-0.21277270406122614			
SNIP1_TARGET_GENES	-0.21277746765028002			
GO_RECEPTOR_CLUSTERING	-0.21279259341954893			
GSE360_CTRL_VS_B_MALAYI_LOW_DOSE_MAC_DN	-0.21280532623756665			
MIR6770_3P	-0.2128225201495021			
IPA_FOXF2_UP	-0.21283308399789858			
VISALA_RESPONSE_TO_HEAT_SHOCK_AND_AGING_DN	-0.21283560173243293			
GO_SNARE_COMPLEX_ASSEMBLY	-0.21283950501684187			
MIR1343_5P	-0.21283961644248922			
GO_VACUOLAR_PROTON_TRANSPORTING_V_TYPE_ATPASE_COMPLEX_ASSEMBLY	-0.21284495488064062			
GSE32986_UNSTIM_VS_CURDLAN_HIGHDOSE_STIM_DC_UP	-0.21284620584200495			
GO_KYNURENINE_METABOLIC_PROCESS	-0.212856683906555			
GO_CHITIN_BINDING	-0.2128608375984819			
REACTOME_CROSS_PRESENTATION_OF_SOLUBLE_EXOGENOUS_ANTIGENS_ENDOSOMES	-0.21290396205053858			
MIR4793_3P	-0.212913768149109			
REACTOME_INITIAL_TRIGGERING_OF_COMPLEMENT	-0.21292779184527305			
GSE20198_IL12_IL18_VS_IFNA_TREATED_ACT_CD4_TCELL_DN	-0.21294182141590975			
GO_NEUROFILAMENT_CYTOSKELETON_ORGANIZATION	-0.21295359092774196			
IPA_HAND1_DN	-0.21295867019739864			
GSE25088_CTRL_VS_ROSIGLITAZONE_STIM_MACROPHAGE_DN	-0.2129593742346482			
BIOCARTA_FAS_PATHWAY	-0.21296148705869777			
GO_MITOCHONDRIAL_PROTON_TRANSPORTING_ATP_SYNTHASE_COMPLEX_COUPLING_FACTOR_F_O	-0.2129780963913101			
GO_REGULATION_OF_SYNAPSE_MATURATION	-0.2129827689145468			
FIRESTEIN_CTNNB1_PATHWAY_AND_PROLIFERATION	-0.2129853440002973			
GSE8921_UNSTIM_0H_VS_TLR1_2_STIM_MONOCYTE_12H_UP	-0.21298787850276002			
GO_VESICLE_UNCOATING	-0.21300263942616893			
GO_REGULATION_OF_SNARE_COMPLEX_ASSEMBLY	-0.21300611181599913			
KOBAYASHI_EGFR_SIGNALING_6HR_UP	-0.21301088393461684			
GSE14308_TH1_VS_TH17_DN	-0.21301542883403637			
SCHAEFFER_PROSTATE_DEVELOPMENT_6HR_UP	-0.21302033669978018			
GO_PROTON_EXPORTING_ATPASE_ACTIVITY_PHOSPHORYLATIVE_MECHANISM	-0.2130240692652951			
REACTOME_ZINC_EFFLUX_AND_COMPARTMENTALIZATION_BY_THE_SLC30_FAMILY	-0.21302589032222757			
GO_NEGATIVE_REGULATION_OF_OSTEOCLAST_DEVELOPMENT	-0.21302914783427462			
MIR365A_5P	-0.2130370119563661			
MIR1324	-0.21305075556490782			
GO_KINASE_INHIBITOR_ACTIVITY	-0.21306830878538036			
S8_01	-0.21307125520132586			
GO_PHOSPHATIDYLGLYCEROL_METABOLIC_PROCESS	-0.21307532962398412			
GO_REGULATION_OF_FEMALE_GONAD_DEVELOPMENT	-0.21308010593089097			
REACTOME_E2F_MEDIATED_REGULATION_OF_DNA_REPLICATION	-0.21309918669030392			
GO_NEGATIVE_REGULATION_OF_NEUROTRANSMITTER_UPTAKE	-0.21310059904449516			
GSE17301_ACD3_ACD28_VS_ACD3_ACD28_AND_IFNA2_STIM_CD8_TCELL_DN	-0.21311377968961803			
GO_CELL_BODY_FIBER	-0.21311629466227955			
BIOCARTA_COMP_PATHWAY	-0.2131374084259098			
REACTOME_B_WICH_COMPLEX_POSITIVELY_REGULATES_RRNA_EXPRESSION	-0.2131399191272099			
STARK_HYPPOCAMPUS_22Q11_DELETION_DN	-0.21314243795347923			
GO_NEUROPEPTIDE_RECEPTOR_ACTIVITY	-0.21314512762934307			
IPA_SIRT2_UP	-0.21314937176404503			
GO_RESPONSE_TO_CARBOHYDRATE	-0.21316419656002705			
MIR4798_3P	-0.21316846490967845			
GSE27241_WT_VS_RORGT_KO_TH17_POLARIZED_CD4_TCELL_DN	-0.21316921128508248			
GO_ENDODEOXYRIBONUCLEASE_ACTIVITY_PRODUCING_5_PHOSPHOMONOESTERS	-0.21317087872994053			
PBX1_01	-0.21317379496219435			
GO_NUCLEOSIDE_MONOPHOSPHATE_METABOLIC_PROCESS	-0.2131759057510119			
GO_REGULATION_OF_SYNAPTIC_TRANSMISSION_CHOLINERGIC	-0.21317741720114106			
IPA_POU4F1_UP	-0.21320401027609967			
GO_POSITIVE_REGULATION_OF_CALCIUM_ION_TRANSPORT_INTO_CYTOSOL	-0.2132068621614513			
GO_MITOCHONDRIAL_TRANSCRIPTION	-0.21322225703460085			
GLINSKY_CANCER_DEATH_UP	-0.21322806225776447			
OUILLETTE_CLL_13Q14_DELETION_UP	-0.21323139569306213			
IPA_PARP1_UP	-0.2132482362559512			
GSE7460_WT_VS_FOXP3_HET_ACT_WITH_TGFB_TCONV_UP	-0.21325577556177963			
GSE10500_ARTHRITIC_SYNOVIAL_FLUID_VS_HEALTHY_MACROPHAGE_DN	-0.2132610795525331			
IPA_SKIL_UP	-0.21326549755573537			
chr21p11	-0.21326964014751093			
GO_PRESYNAPTIC_CYTOSOL	-0.21327018644330253			
REACTOME_DEPOLYMERISATION_OF_THE_NUCLEAR_LAMINA	-0.21329096625786678			
GO_NEGATIVE_REGULATION_OF_CD4_POSITIVE_ALPHA_BETA_T_CELL_PROLIFERATION	-0.21330233928448275			
GSE17580_TREG_VS_TEFF_S_MANSONI_INF_DN	-0.21331604557131517			
ATOH1_TARGET_GENES	-0.21333489109676262			
MIR548AU_3P	-0.21336275314550548			
GO_SMALL_RIBOSOMAL_SUBUNIT_RRNA_BINDING	-0.21338055498620684			
MIR6882_3P	-0.21338314890234217			
GSE1460_CORD_VS_ADULT_BLOOD_NAIVE_CD4_TCELL_UP	-0.21339471291855178			
GO_OVULATION_FROM_OVARIAN_FOLLICLE	-0.21340432845418514			
REACTOME_FGFR2C_LIGAND_BINDING_AND_ACTIVATION	-0.21340524741055414			
USF_C	-0.21340880264282577			
ADA2_TARGET_GENES	-0.21341863463810723			
GSE37533_PPARG2_FOXP3_VS_FOXP3_TRANSDUCED_CD4_TCELL_UP	-0.21343936629005214			
GO_RSC_TYPE_COMPLEX	-0.2134454869200388			
REACTOME_HDL_REMODELING	-0.21344563492051724			
GO_REGULATION_OF_SYNAPTIC_VESICLE_CLUSTERING	-0.2134472272883687			
REACTOME_DEFECTIVE_B4GALT1_CAUSES_B4GALT1_CDG_CDG_2D	-0.2134583341063074			
GO_RIBONUCLEOTIDE_CATABOLIC_PROCESS	-0.21346455559600944			
MIR571	-0.2134708210925542			
GSE24634_NAIVE_CD4_TCELL_VS_DAY10_IL4_CONV_TREG_DN	-0.21347123961507936			
GO_SUMO_LIGASE_COMPLEX	-0.21349683779706197			
GSE23308_WT_VS_MINERALCORTICOID_REC_KO_MACROPHAGE_CORTICOSTERONE_TREATED_DN	-0.2134984305426459			
GSE17721_0.5H_VS_4H_POLYIC_BMDC_UP	-0.2135018268726155			
FOXE1_TARGET_GENES	-0.21351468219571595			
GSE3203_HEALTHY_VS_INFLUENZA_INFECTED_LN_BCELL_UP	-0.21351828959873648			
GO_REGULATION_OF_TRANSLATIONAL_FIDELITY	-0.213534847900774			
GO_PROTEIN_INSERTION_INTO_ER_MEMBRANE	-0.21354129963168064			
REACTOME_RORA_ACTIVATES_GENE_EXPRESSION	-0.21354278392015272			
AR_Q2	-0.21354986518491467			
STAT5A_02	-0.21356646217667352			
BIOCARTA_IFNG_PATHWAY	-0.2135722192052882			
MIR6815_3P	-0.21357371856521523			
REACTOME_DEUBIQUITINATION	-0.21357472444384573			
GO_REGULATION_OF_DEFENSE_RESPONSE_TO_VIRUS_BY_HOST	-0.21358493587490415			
GSE40274_CTRL_VS_FOXP3_AND_XBP1_TRANSDUCED_ACTIVATED_CD4_TCELL_UP	-0.2135924872023719			
GO_POSITIVE_REGULATION_OF_GLIAL_CELL_MIGRATION	-0.2136069089597727			
GO_REGULATION_OF_DNA_TOPOISOMERASE_ATP_HYDROLYZING_ACTIVITY	-0.2136214565588943			
HALLMARK_WNT_BETA_CATENIN_SIGNALING	-0.21362316813295693			
EVI1_06	-0.21364044934117538			
GSE27786_LSK_VS_NEUTROPHIL_UP	-0.21366813793053158			
chr15q24	-0.21368352587167305			
GO_VOLTAGE_GATED_SODIUM_CHANNEL_ACTIVITY_INVOLVED_IN_CARDIAC_MUSCLE_CELL_ACTION_POTENTIAL	-0.21368930231152158			
GSE1925_CTRL_VS_IFNG_PRIMED_MACROPHAGE_24H_IFNG_STIM_UP	-0.21370115610840026			
MIR4635	-0.21370237225641445			
GO_DENDRITIC_SPINE_MEMBRANE	-0.2137172728864251			
MIR5590_5P	-0.21372067252570442			
GSE13485_DAY3_VS_DAY21_YF17D_VACCINE_PBMC_UP	-0.21373805380964592			
chrYp11	-0.2137458253614344			
MIR6780B_3P	-0.21374661447776785			
IL15_UP.V1_DN	-0.21374968331499639			
GO_RESPONSE_TO_RADIATION	-0.21375961275798794			
GO_POSITIVE_REGULATION_OF_CHROMOSOME_SEGREGATION	-0.21378205334828945			
GO_REGULATION_OF_HEMATOPOIETIC_STEM_CELL_PROLIFERATION	-0.21380482414222188			
GO_NEGATIVE_REGULATION_OF_OSSIFICATION	-0.21380498482218818			
GO_MAINTENANCE_OF_CENTROSOME_LOCATION	-0.21381441874738225			
GO_GTP_METABOLIC_PROCESS	-0.21382197943858067			
GO_POSITIVE_REGULATION_OF_MONOCYTE_CHEMOTACTIC_PROTEIN_1_PRODUCTION	-0.21382209126412338			
WCTCNATGGY_UNKNOWN	-0.21382517095440753			
GO_GLYCINE_METABOLIC_PROCESS	-0.21382744208582932			
GSE36476_YOUNG_VS_OLD_DONOR_MEMORY_CD4_TCELL_16H_TSST_ACT_UP	-0.21382825821367585			
REACTOME_IONOTROPIC_ACTIVITY_OF_KAINATE_RECEPTORS	-0.21388354041558932			
GO_REGULATION_OF_ARACHIDONIC_ACID_SECRETION	-0.21388515279179648			
GO_REGULATION_OF_UBIQUITIN_PROTEIN_LIGASE_ACTIVITY	-0.21388707480086144			
IPA_ETS1_DN	-0.21389250935565116			
GO_DETECTION_OF_LIGHT_STIMULUS_INVOLVED_IN_SENSORY_PERCEPTION	-0.21390347568590407			
CHUNG_BLISTER_CYTOTOXICITY_UP	-0.21392451043656005			
MACAEVA_PBMC_RESPONSE_TO_IR	-0.21394151917789428			
REACTOME_NGF_INDEPENDANT_TRKA_ACTIVATION	-0.21394669504566372			
GO_POSITIVE_REGULATION_OF_MESODERM_DEVELOPMENT	-0.21395773276348193			
GO_THREONINE_METABOLIC_PROCESS	-0.2139609860348401			
REACTOME_ACTIVATED_NTRK2_SIGNALS_THROUGH_PI3K	-0.21396566677604376			
FREAC3_01	-0.21397313475659285			
AAGWWRNYGGC_UNKNOWN	-0.21398058133849257			
GSE22886_NAIVE_CD4_TCELL_VS_12H_ACT_TH1_DN	-0.21398818694429875			
REACTOME_BETA_OXIDATION_OF_OCTANOYL_COA_TO_HEXANOYL_COA	-0.21400163818957132			
GO_CENTROMERIC_DNA_BINDING	-0.21400433075263053			
GSE35543_IN_VITRO_ITREG_VS_CONVERTED_EX_ITREG_UP	-0.21401403111669817			
GSE26030_TH1_VS_TH17_RESTIMULATED_DAY5_POST_POLARIZATION_UP	-0.21401682333725622			
MIR2909	-0.21405768688574098			
MCRS1_TARGET_GENES	-0.21408396563566878			
GO_REGULATION_OF_PROTEIN_LOCALIZATION_TO_CHROMOSOME_TELOMERIC_REGION	-0.2140863366752565			
MIR129_1_3P_MIR129_2_3P	-0.2141027808644288			
GO_PHOSPHATIDYLINOSITOL_4_5_BISPHOSPHATE_PHOSPHATASE_ACTIVITY	-0.2141215223532898			
GSE17721_4_VS_24H_CPG_BMDC_DN	-0.2141450199731443			
REACTOME_IRF3_MEDIATED_ACTIVATION_OF_TYPE_1_IFN	-0.21414783575958			
GO_HISTONE_H2A_K63_LINKED_UBIQUITINATION	-0.21415250305272432			
MIR7844_5P	-0.2141535612563174			
GO_CHROMOSOME_MOVEMENT_TOWARDS_SPINDLE_POLE	-0.2141687552101795			
GO_PHYSIOLOGICAL_CARDIAC_MUSCLE_HYPERTROPHY	-0.21417239778401603			
REACTOME_RRNA_PROCESSING_IN_THE_MITOCHONDRION	-0.21418090364673892			
GSE15624_CTRL_VS_3H_HALOFUGINONE_TREATED_CD4_TCELL_DN	-0.21418127364367825			
IPA_KDM6A_DN	-0.21418182050022944			
GSE21927_SPLEEN_VS_BONE_MARROW_MONOCYTE_BALBC_DN	-0.2141965820339386			
GO_REGULATION_OF_RESPONSE_TO_EXTRACELLULAR_STIMULUS	-0.2142090362126575			
CYCLIN_D1_UP.V1_DN	-0.214209060034261			
GSE23505_UNTREATED_VS_4DAY_IL6_IL1_TREATED_CD4_TCELL_UP	-0.2142134610415589			
DARWICHE_SQUAMOUS_CELL_CARCINOMA_DN	-0.21421943194109955			
GO_VESTIBULOCOCHLEAR_NERVE_MORPHOGENESIS	-0.21422260516610858			
GO_PROTEIN_MODIFICATION_BY_SMALL_PROTEIN_REMOVAL	-0.21422270149802353			
GO_REGULATION_OF_SYNAPTIC_TRANSMISSION_GLUTAMATERGIC	-0.21423232603674874			
LOPEZ_MESOTELIOMA_SURVIVAL_TIME_DN	-0.21424220712079223			
P53_DN.V2_UP	-0.21425221725807359			
MIR3059_5P	-0.21426542185758363			
GO_AUTOPHAGY_OF_NUCLEUS	-0.21428538832213548			
GSE14415_ACT_VS_CTRL_NATURAL_TREG_DN	-0.21429169113838892			
AGTCTAG_MIR151	-0.21430817637654254			
MIR105_3P	-0.21431878234109958			
ALK_DN.V1_UP	-0.21432470921767874			
MIR606	-0.2143346816080122			
GO_CALCIUM_ION_TRANSMEMBRANE_TRANSPORT	-0.2143387896365294			
GO_PROTEIN_SELF_ASSOCIATION	-0.21434075167310807			
chr6q12	-0.21434530969744908			
IPA_RBBP4_DN	-0.21434615072954083			
ZHU_SKIL_TARGETS_DN	-0.2143461849255416			
MIR4804_5P	-0.21434879378176777			
GO_MULTICELLULAR_ORGANISMAL_MOVEMENT	-0.21436542669091585			
MIR629_5P	-0.21437077655012698			
IPA_PROX1_UP	-0.2143718490822817			
GSE43260_BTLA_POS_VS_NEG_INTRATUMORAL_CD8_TCELL_DN	-0.21437445714442677			
REACTOME_FORMATION_OF_ATP_BY_CHEMIOSMOTIC_COUPLING	-0.21437529948835807			
IPA_ZFHX3_UP	-0.214376488096219			
MIR2682_5P	-0.21438801155296056			
GSE10147_IL3_VS_IL3_AND_CPG_STIM_PDC_DN	-0.2143978971387238			
GSE16385_IFNG_TNF_VS_UNSTIM_MACROPHAGE_ROSIGLITAZONE_TREATED_UP	-0.21440392797382726			
GO_CELLULAR_RESPONSE_TO_SALT	-0.21440922423387004			
SENGUPTA_NASOPHARYNGEAL_CARCINOMA_UP	-0.21441024660323482			
GO_NEGATIVE_REGULATION_OF_PROTEIN_POLYUBIQUITINATION	-0.21441061164902803			
GO_PROMOTER_SPECIFIC_CHROMATIN_BINDING	-0.21442797806278677			
GO_AMINOPEPTIDASE_ACTIVITY	-0.21442955420749812			
MIR12114	-0.2144346082597397			
MIR887_5P	-0.2144390957152868			
BOYAULT_LIVER_CANCER_SUBCLASS_G123_DN	-0.21445504958436765			
MIER1_TARGET_GENES	-0.21445628144988854			
SCHAEFFER_PROSTATE_DEVELOPMENT_48HR_DN	-0.21445907342126586			
GO_PHOTOPERIODISM	-0.21446692713198603			
GO_DNA_CATABOLIC_PROCESS_ENDONUCLEOLYTIC	-0.2144742387718223			
KYNG_RESPONSE_TO_H2O2_VIA_ERCC6	-0.21447879240486142			
MIR301A_5P	-0.21447904477439414			
MIR301B_5P	-0.21447904477439414			
GO_UDP_GALACTOSE_BETA_N_ACETYLGLUCOSAMINE_BETA_1_3_GALACTOSYLTRANSFERASE_ACTIVITY	-0.21448013887362305			
GO_LIGASE_ACTIVITY_FORMING_CARBON_OXYGEN_BONDS	-0.21448152662832567			
chr5q15	-0.21451650073864484			
MIR514A_5P	-0.21451713602339786			
MIR888_3P	-0.21452713590529665			
IPA_HOXC9_DN	-0.2145311123933341			
GSE17974_0H_VS_24H_IN_VITRO_ACT_CD4_TCELL_DN	-0.21453195771350364			
MEISSNER_NPC_ICP_WITH_H3K4ME3	-0.21453222692481902			
GO_FLOOR_PLATE_DEVELOPMENT	-0.21454396025382108			
MIR1252_5P	-0.21456921888311914			
GUILLAUMOND_KLF10_TARGETS_DN	-0.2145770638938308			
MIR3974	-0.21457809889780996			
GO_GDP_DISSOCIATION_INHIBITOR_ACTIVITY	-0.2145882826600541			
GO_REGULATION_OF_RESPIRATORY_GASEOUS_EXCHANGE	-0.21459751323032628			
GO_G_PROTEIN_COUPLED_NEUROTRANSMITTER_RECEPTOR_ACTIVITY	-0.2146163008411526			
MIR4311	-0.21461782558517936			
PER1_TARGET_GENES	-0.2146191504023147			
SMID_BREAST_CANCER_LUMINAL_A_UP	-0.21462564168829226			
GO_NUCLEOSIDE_PHOSPHATE_BIOSYNTHETIC_PROCESS	-0.21462698819563045			
GO_SIGNAL_TRANSDUCTION_BY_P53_CLASS_MEDIATOR	-0.2146292930742296			
MIR200C_5P	-0.21463158523750667			
SUMI_HNF4A_TARGETS	-0.21463484602027127			
GSE40274_CTRL_VS_FOXP3_AND_SATB1_TRANSDUCED_ACTIVATED_CD4_TCELL_UP	-0.21464730862414624			
BIOCARTA_EIF_PATHWAY	-0.21466170695024595			
GO_TRNA_CYTOSINE_5_METHYLTRANSFERASE_ACTIVITY	-0.21466485038879154			
GO_RIBONUCLEOSIDE_TRIPHOSPHATE_METABOLIC_PROCESS	-0.21467854138469528			
GO_POSITIVE_REGULATION_OF_STRIATED_MUSCLE_CELL_DIFFERENTIATION	-0.2146815347774964			
LI_DCP2_BOUND_MRNA	-0.21468335072486708			
YAO_TEMPORAL_RESPONSE_TO_PROGESTERONE_CLUSTER_15	-0.21469971512352792			
GO_TRANSLATION_FACTOR_ACTIVITY_RNA_BINDING	-0.214711713065968			
REACTOME_RNA_POLYMERASE_II_TRANSCRIBES_SNRNA_GENES	-0.21471532389640516			
IPA_CREB3_UP	-0.21471654316341285			
GO_POSITIVE_REGULATION_OF_TRANSLATIONAL_INITIATION	-0.21471857358450588			
BIOCARTA_LAIR_PATHWAY	-0.21472862608825743			
GO_MEDIATOR_COMPLEX_BINDING	-0.2147302294045316			
GSE32986_GMCSF_AND_CURDLAN_LOWDOSE_VS_GMCSF_AND_CURDLAN_HIGHDOSE_STIM_DC_UP	-0.21473080819516854			
REACTOME_PTK6_REGULATES_PROTEINS_INVOLVED_IN_RNA_PROCESSING	-0.21473412677954104			
ZNF486_TARGET_GENES	-0.21474347724577753			
GSE14769_UNSTIM_VS_240MIN_LPS_BMDM_UP	-0.2147570481906645			
GSE28237_FOLLICULAR_VS_LATE_GC_BCELL_DN	-0.21476352580768887			
GO_CAMERA_TYPE_EYE_PHOTORECEPTOR_CELL_DIFFERENTIATION	-0.2147688487254466			
MIR548AY_3P	-0.21479376635897032			
REACTOME_METABOLISM_OF_FOLATE_AND_PTERINES	-0.21479774511933136			
GO_METAL_ION_PROTON_ANTIPORTER_ACTIVITY	-0.21479878197336896			
GO_PURINE_NUCLEOTIDE_TRANSMEMBRANE_TRANSPORTER_ACTIVITY	-0.21480650503630686			
GO_EXTRINSIC_COMPONENT_OF_POSTSYNAPTIC_DENSITY_MEMBRANE	-0.21481964348799817			
GO_POSITIVE_REGULATION_OF_CELL_CYCLE_PROCESS	-0.2148303709623686			
GO_REGULATION_OF_PRESYNAPTIC_CYTOSOLIC_CALCIUM_ION_CONCENTRATION	-0.2148325316424418			
MATZUK_CENTRAL_FOR_FEMALE_FERTILITY	-0.21483306286369885			
GO_REGULATION_OF_GRANULOCYTE_CHEMOTAXIS	-0.2148452591608409			
GO_SNRNA_TRANSCRIPTION	-0.21486441581296611			
GO_POSITIVE_REGULATION_OF_LAMELLIPODIUM_ORGANIZATION	-0.2148679882713192			
MIKKELSEN_NPC_WITH_LCP_H3K27ME3	-0.21487650869741823			
REACTOME_RELEASE_OF_APOPTOTIC_FACTORS_FROM_THE_MITOCHONDRIA	-0.21487722040979518			
GO_TYPE_II_TRANSFORMING_GROWTH_FACTOR_BETA_RECEPTOR_BINDING	-0.21488530127247643			
GO_INTERFERON_ALPHA_SECRETION	-0.21488785146100872			
GSE6269_HEALTHY_VS_FLU_INF_PBMC_DN	-0.214890013283025			
GO_MRNA_TRANSCRIPTION	-0.21490699461049406			
GO_CYCLIN_DEPENDENT_PROTEIN_SERINE_THREONINE_KINASE_REGULATOR_ACTIVITY	-0.21491762112699164			
GO_SIGNAL_TRANSDUCTION_IN_RESPONSE_TO_DNA_DAMAGE	-0.21495160420267279			
MIR5683	-0.2149548488534768			
GO_CELLULAR_ION_HOMEOSTASIS	-0.21497760664729174			
MIR3612	-0.21500388534552536			
IWANAGA_E2F1_TARGETS_NOT_INDUCED_BY_SERUM	-0.2150148911564757			
chr6q22	-0.21501832123698478			
BREDEMEYER_RAG_SIGNALING_NOT_VIA_ATM_DN	-0.21502594513285564			
GSE3982_NEUTROPHIL_VS_CENT_MEMORY_CD4_TCELL_DN	-0.21502608883363206			
GO_CALCIUM_INDEPENDENT_PHOSPHOLIPASE_A2_ACTIVITY	-0.21504743467033877			
REACTOME_BRANCHED_CHAIN_AMINO_ACID_CATABOLISM	-0.21505144407299506			
MIR592	-0.21505276938765697			
VALK_AML_CLUSTER_13	-0.2150553112142338			
GO_RNA_POLYMERASE_II_CORE_PROMOTER_SEQUENCE_SPECIFIC_DNA_BINDING	-0.21505797696820358			
MIR497_3P	-0.21506155795690665			
GO_SPANNING_COMPONENT_OF_MEMBRANE	-0.215063207436347			
GO_RNA_POLYMERASE_II_CTD_HEPTAPEPTIDE_REPEAT_KINASE_ACTIVITY	-0.21507132392176814			
GO_RRNA_BINDING	-0.2150754307544165			
MIR660_3P	-0.2150819526230859			
GO_RRNA_METHYLATION	-0.21508758033267164			
GO_POSITIVE_REGULATION_OF_SYNAPTIC_TRANSMISSION_GABAERGIC	-0.2150995737952224			
GSE4590_PRE_BCELL_VS_LARGE_PRE_BCELL_DN	-0.2151003614192611			
GO_SA_NODE_CELL_TO_ATRIAL_CARDIAC_MUSCLE_CELL_COMMUNICATION	-0.2151308625252963			
RPS14_DN.V1_DN	-0.21515198018808238			
IPA_HNRNPK_DN	-0.21515609660984675			
chr21p12	-0.21515965627625688			
GO_REGULATION_OF_CARDIAC_MUSCLE_TISSUE_DEVELOPMENT	-0.21516281697526826			
REACTOME_CLEC7A_INFLAMMASOME_PATHWAY	-0.21516298486496813			
ZNF354B_TARGET_GENES	-0.21516369557132103			
GO_REGULATION_OF_SYSTEMIC_ARTERIAL_BLOOD_PRESSURE_BY_VASOPRESSIN	-0.2151780778460693			
GSE2770_UNTREATED_VS_IL12_TREATED_ACT_CD4_TCELL_48H_DN	-0.2151989263882624			
MIR12131	-0.21520822192800604			
GSE8921_UNSTIM_0H_VS_TLR1_2_STIM_MONOCYTE_6H_UP	-0.21520965582079407			
GO_RIBOSOMAL_LARGE_SUBUNIT_BIOGENESIS	-0.21521055030376007			
GO_METANEPHRIC_S_SHAPED_BODY_MORPHOGENESIS	-0.21521070111508997			
MIR6839_5P	-0.2152161622808134			
GSE37301_HEMATOPOIETIC_STEM_CELL_VS_RAG2_KO_NK_CELL_DN	-0.21521781645137367			
SCHLOSSER_MYC_TARGETS_AND_SERUM_RESPONSE_DN	-0.2152342118767062			
GSE26351_WNT_VS_BMP_PATHWAY_STIM_HEMATOPOIETIC_PROGENITORS_UP	-0.21526352012269984			
GO_REGULATION_OF_INTRACELLULAR_STEROID_HORMONE_RECEPTOR_SIGNALING_PATHWAY	-0.21526659948646476			
GO_BRANCHING_MORPHOGENESIS_OF_A_NERVE	-0.21526734259256028			
THILLAINADESAN_ZNF217_TARGETS_DN	-0.21527228275909607			
GSE10239_NAIVE_VS_DAY4.5_EFF_CD8_TCELL_DN	-0.21527392264635203			
BOHN_PRIMARY_IMMUNODEFICIENCY_SYNDROM_UP	-0.21529286627663277			
MIR4439	-0.21530492947717544			
GO_PEPTIDYL_LYSINE_MONOMETHYLATION	-0.21531334508420025			
GO_PHOTORECEPTOR_OUTER_SEGMENT	-0.21532168058298254			
GO_POSITIVE_REGULATION_OF_CENTROSOME_CYCLE	-0.21532889360952898			
GO_L_METHIONINE_SALVAGE_FROM_METHYLTHIOADENOSINE	-0.21533371202487592			
HIF1_Q3	-0.21533417747013833			
MIR6744_3P	-0.21534799161147158			
GO_PURINE_NUCLEOSIDE_BIOSYNTHETIC_PROCESS	-0.2153565719129705			
GSE27786_BCELL_VS_CD4_TCELL_DN	-0.21537336402149787			
GO_PEPTIDYL_AMINO_ACID_MODIFICATION	-0.21538552655867207			
GSE17721_POLYIC_VS_PAM3CSK4_12H_BMDC_DN	-0.21538705776051584			
GSE36888_STAT5_AB_KNOCKIN_VS_WT_TCELL_IL2_TREATED_6H_DN	-0.2153901281095683			
MIR4687_3P	-0.2153912336341909			
GO_REGULATION_OF_RIBOSOME_BIOGENESIS	-0.21540370966731687			
GO_POSITIVE_REGULATION_OF_T_HELPER_17_TYPE_IMMUNE_RESPONSE	-0.21540901041396424			
GO_NUCLEOBASE_METABOLIC_PROCESS	-0.21541195162012586			
MIR145_3P	-0.21541694515701648			
GO_REGULATION_OF_CELLULAR_AMIDE_METABOLIC_PROCESS	-0.21542668487278252			
WANG_RESPONSE_TO_ANDROGEN_UP	-0.21543042077386232			
GO_RNA_IMPORT_INTO_MITOCHONDRION	-0.21543477016792886			
MIR6502_3P	-0.21544113900346215			
GSE19941_UNSTIM_VS_LPS_STIM_IL10_KO_NFKBP50_KO_MACROPHAGE_DN	-0.21544467900067155			
GSE15930_NAIVE_VS_24H_IN_VITRO_STIM_IL12_CD8_TCELL_DN	-0.2154693631372799			
GO_LARGE_RIBOSOMAL_SUBUNIT_RRNA_BINDING	-0.21547659385141002			
chrXp11	-0.21548806113649643			
GO_NON_MEMBRANE_SPANNING_PROTEIN_TYROSINE_PHOSPHATASE_ACTIVITY	-0.21550910310322757			
GO_REGULATION_OF_CYTOLYSIS	-0.21551886671361062			
MANN_RESPONSE_TO_AMIFOSTINE_DN	-0.21552034139766982			
LY_AGING_PREMATURE_DN	-0.2155215269813115			
IPA_PAX4_UP	-0.21552284085670334			
GO_AMINE_METABOLIC_PROCESS	-0.21552337991579668			
MIR4270	-0.21554809896540064			
GSE14415_INDUCED_TREG_VS_FAILED_INDUCED_TREG_UP	-0.21555113463099276			
WEBER_METHYLATED_LCP_IN_FIBROBLAST_UP	-0.2155630136046135			
GSE11961_MEMORY_BCELL_DAY7_VS_GERMINAL_CENTER_BCELL_DAY40_UP	-0.2155758205582712			
IPA_BHLHE22_UP	-0.21557599698399765			
chr14q31	-0.21559049690078377			
GO_NF_KAPPAB_INDUCING_KINASE_ACTIVITY	-0.21559518251054788			
MIR3912_5P	-0.2155996748559352			
GO_NEGATIVE_REGULATION_OF_ORGANELLE_ORGANIZATION	-0.2156000828910564			
MIR3136_5P	-0.21560301539927038			
GSE5589_LPS_VS_LPS_AND_IL10_STIM_MACROPHAGE_45MIN_DN	-0.21560691477698132			
GO_RESPONSE_TO_CORTISOL	-0.21561408591411943			
TATA_C	-0.21563493184026483			
GO_NEGATIVE_REGULATION_OF_MUSCLE_CELL_DIFFERENTIATION	-0.2156465227118202			
GO_ESTRADIOL_17_BETA_DEHYDROGENASE_ACTIVITY	-0.21565481179473817			
GSE360_DC_VS_MAC_L_MAJOR_UP	-0.21566013179913004			
GO_POSTSYNAPTIC_DENSITY_PROTEIN_95_CLUSTERING	-0.21566028099166595			
GO_RNA_POLYMERASE_II_PREINITIATION_COMPLEX_ASSEMBLY	-0.21566063424137255			
GO_ACTIVATION_OF_PROTEIN_KINASE_A_ACTIVITY	-0.21566152789514448			
GSE10240_CTRL_VS_IL22_STIM_PRIMARY_BRONCHIAL_EPITHELIAL_CELLS_DN	-0.21567400976002168			
MIR6878_3P	-0.2156744843914308			
GO_ENDONUCLEASE_ACTIVITY_ACTIVE_WITH_EITHER_RIBO_OR_DEOXYRIBONUCLEIC_ACIDS_AND_PRODUCING_5_PHOSPHOMONOESTERS	-0.21569177841780718			
IPA_CDK1_DN	-0.2156988306170231			
BIOCARTA_SKP2E2F_PATHWAY	-0.21570430081984324			
chr6q23	-0.2157054978416575			
GO_REGULATION_OF_MEMBRANE_INVAGINATION	-0.2157055848087666			
GSE14769_20MIN_VS_360MIN_LPS_BMDM_UP	-0.2157104730462143			
GO_REGULATION_OF_STEM_CELL_DIVISION	-0.2157111193311108			
GSE16450_CTRL_VS_IFNA_6H_STIM_MATURE_NEURON_CELL_LINE_UP	-0.21573065160841828			
MIR10396A_5P	-0.21573079306554743			
IPA_CRX_DN	-0.21574337480400935			
GO_NEGATIVE_REGULATION_OF_ACUTE_INFLAMMATORY_RESPONSE_TO_ANTIGENIC_STIMULUS	-0.2157446352377736			
GSE11961_MARGINAL_ZONE_BCELL_VS_GERMINAL_CENTER_BCELL_DAY40_UP	-0.21575358434947728			
PID_SMAD2_3NUCLEAR_PATHWAY	-0.21575441904325077			
GO_RESPONSE_TO_PROSTAGLANDIN_E	-0.2157587904443905			
GO_ESTABLISHMENT_OF_PROTEIN_LOCALIZATION_TO_TELOMERE	-0.2157618811871108			
GSE27786_NEUTROPHIL_VS_MONO_MAC_DN	-0.21576769721456351			
MIR4681	-0.21578164704534256			
GSE13493_DP_VS_CD4INTCD8POS_THYMOCYTE_DN	-0.2158098364674503			
GO_MICROTUBULE_ANCHORING_AT_MICROTUBULE_ORGANIZING_CENTER	-0.2158314939264587			
GO_BENZODIAZEPINE_RECEPTOR_ACTIVITY	-0.2158415617514738			
GO_SPONTANEOUS_NEUROTRANSMITTER_SECRETION	-0.21584669934337164			
REACTOME_ACTIVATION_OF_THE_PHOTOTRANSDUCTION_CASCADE	-0.21585294436293542			
MULLIGAN_NTF3_SIGNALING_VIA_INSR_AND_IGF1R_DN	-0.21586936363928214			
GO_KINETOCHORE_BINDING	-0.21588976055074852			
IPA_SMAD3_DN	-0.2158901964572045			
MIR19A_5P	-0.21589126090612137			
ZNF213_TARGET_GENES	-0.2158961062760022			
chr1p12	-0.21591431131050642			
MIKKELSEN_PLURIPOTENT_STATE_DN	-0.21592141694083392			
GSE8515_CTRL_VS_IL6_4H_STIM_MAC_DN	-0.21592890094963468			
CEBPB_01	-0.21593172813086284			
MIR3615	-0.215933751835795			
GO_ENONE_REDUCTASE_ACTIVITY	-0.21595410754949243			
REACTOME_FOXO_MEDIATED_TRANSCRIPTION_OF_CELL_DEATH_GENES	-0.2159550813464606			
REACTOME_TRAF6_MEDIATED_IRF7_ACTIVATION	-0.21596225215867026			
GO_CYSTEINE_TYPE_ENDOPEPTIDASE_ACTIVITY	-0.21596392028350422			
MIR499A_3P	-0.2159862849427889			
REACTOME_MITOCHONDRIAL_IRON_SULFUR_CLUSTER_BIOGENESIS	-0.21599413381781152			
IPA_LMX1A_UP	-0.21600453730785496			
ABDELMOHSEN_ELAVL4_TARGETS	-0.21601322275942064			
GO_RNA_CAP_BINDING	-0.21601373433372123			
GO_URATE_METABOLIC_PROCESS	-0.2160155867886883			
GO_NEGATIVE_REGULATION_OF_MYOTUBE_DIFFERENTIATION	-0.2160235024686064			
GO_PROTEIN_POLYGLUTAMYLATION	-0.2160290588407465			
IPA_IRF4_UP	-0.21604556253626125			
MIR875_3P	-0.2160483775901903			
CACGTG_MYC_Q2	-0.21605272375562118			
GO_OPIOID_RECEPTOR_SIGNALING_PATHWAY	-0.2160597315059079			
GO_N_ACYLPHOSPHATIDYLETHANOLAMINE_METABOLIC_PROCESS	-0.2160747902396208			
POMEROY_MEDULLOBLASTOMA_PROGNOSIS_UP	-0.21608190377136516			
GO_LONG_CHAIN_FATTY_ACID_TRANSPORTER_ACTIVITY	-0.21608204529183042			
GO_PROTEIN_LOCALIZATION_TO_CYTOPLASMIC_STRESS_GRANULE	-0.21608284610641468			
GO_POSITIVE_REGULATION_OF_MYOBLAST_PROLIFERATION	-0.21608686077459968			
GO_NUCLEOTIDE_EXCISION_REPAIR_DNA_DAMAGE_RECOGNITION	-0.21610445885245497			
GO_VOLTAGE_GATED_CALCIUM_CHANNEL_COMPLEX	-0.21610693275065965			
IPA_NFYB_UP	-0.21611162575077858			
WEBER_METHYLATED_ICP_IN_SPERM_UP	-0.21612372562550755			
REACTOME_ADRENALINE_NORADRENALINE_INHIBITS_INSULIN_SECRETION	-0.21612500769591714			
GO_PYRIMIDINE_NUCLEOSIDE_MONOPHOSPHATE_METABOLIC_PROCESS	-0.21614092453831596			
GSE12507_PDC_CELL_LINE_VS_IMMATUE_T_CELL_LINE_UP	-0.21615813476992068			
GSE27786_LIN_NEG_VS_BCELL_UP	-0.21617362107899454			
GO_POSITIVE_REGULATION_OF_NUCLEOTIDE_BIOSYNTHETIC_PROCESS	-0.21618053127689088			
MIR3925_3P	-0.2161812541844691			
IPA_NFIA_DN	-0.21618700944121919			
GO_PROTEIN_K27_LINKED_UBIQUITINATION	-0.21621072926897955			
GO_PURINE_DEOXYRIBONUCLEOTIDE_METABOLIC_PROCESS	-0.2162144436142324			
REACTOME_DNA_REPLICATION_PRE_INITIATION	-0.21621959837815943			
BRACHAT_RESPONSE_TO_CISPLATIN	-0.21623428390258492			
IPA_MYC_UP	-0.21624010282009176			
SMIRNOV_RESPONSE_TO_IR_2HR_DN	-0.21624727787089176			
SUZUKI_CTCFL_TARGETS_UP	-0.21624732427416865			
GSE45365_CTRL_VS_MCMV_INFECTION_NK_CELL_UP	-0.216253860583191			
GSE21670_UNTREATED_VS_IL6_TREATED_STAT3_KO_CD4_TCELL_DN	-0.21626520537541308			
GO_G_PROTEIN_COUPLED_ADENOSINE_RECEPTOR_ACTIVITY	-0.2162781607016107			
GO_PHOSPHOLIPASE_C_ACTIVATING_DOPAMINE_RECEPTOR_SIGNALING_PATHWAY	-0.2162864932981552			
GSE45739_NRAS_KO_VS_WT_ACD3_ACD28_STIM_CD4_TCELL_UP	-0.21630023258845013			
IPA_ARX_DN	-0.21630272173258508			
GO_INTERCELLULAR_BRIDGE	-0.21630428947874006			
GO_REGULATION_OF_CELL_CYCLE_G2_M_PHASE_TRANSITION	-0.21630824923503064			
BIOCARTA_ALTERNATIVE_PATHWAY	-0.2163086255004033			
GO_METALLOAMINOPEPTIDASE_ACTIVITY	-0.2163202042757044			
IPA_E2F1_DN	-0.216328130755275			
GO_POSITIVE_REGULATION_OF_MYELOID_LEUKOCYTE_CYTOKINE_PRODUCTION_INVOLVED_IN_IMMUNE_RESPONSE	-0.21632894763712418			
REACTOME_BETA_OXIDATION_OF_DECANOYL_COA_TO_OCTANOYL_COA_COA	-0.21633138991110848			
GO_REGULATION_OF_T_HELPER_17_TYPE_IMMUNE_RESPONSE	-0.21634280872829353			
GO_NEUROPEPTIDE_Y_RECEPTOR_ACTIVITY	-0.21634365894372695			
GO_PYRIMIDINE_CONTAINING_COMPOUND_TRANSMEMBRANE_TRANSPORT	-0.21634859161671982			
GO_TORC2_COMPLEX	-0.21636230748149374			
GSE14908_ATOPIC_VS_NONATOPIC_PATIENT_HDM_STIM_CD4_TCELL_DN	-0.21636892412670997			
GO_REGULATION_OF_DEFENSE_RESPONSE_TO_VIRUS	-0.21637194864098266			
PID_IL27_PATHWAY	-0.21637906209795102			
GO_Y_FORM_DNA_BINDING	-0.21638226066091742			
GSE11924_TFH_VS_TH1_CD4_TCELL_DN	-0.21638579847502384			
MOLENAAR_TARGETS_OF_CCND1_AND_CDK4_DN	-0.21638720323657595			
GSE13173_UNTREATED_VS_IL12_TREATED_ACT_CD8_TCELL_UP	-0.21639054664293547			
GO_NUCLEOBASE_BINDING	-0.21640831627803592			
GO_CELL_PROLIFERATION_IN_HINDBRAIN	-0.2164357281307539			
CROSBY_E2F4_TARGETS	-0.2164367022931113			
GO_POLYSOMAL_RIBOSOME	-0.21646022629796766			
GSE15930_STIM_VS_STIM_AND_TRICHOSTATINA_48H_CD8_T_CELL_DN	-0.21646203862176971			
REACTOME_FORMATION_OF_THE_EARLY_ELONGATION_COMPLEX	-0.21649854417562964			
MIR4515	-0.21650541195669243			
GO_REGULATION_OF_MOTOR_NEURON_APOPTOTIC_PROCESS	-0.21650649589399157			
GSE22601_DOUBLE_NEGATIVE_VS_CD8_SINGLE_POSITIVE_THYMOCYTE_UP	-0.2165087707154233			
MOOTHA_GLUCONEOGENESIS	-0.21651103127311017			
KIM_LIVER_CANCER_POOR_SURVIVAL_DN	-0.21651326037927773			
GO_REGULATION_OF_DOPAMINE_RECEPTOR_SIGNALING_PATHWAY	-0.2165187123251663			
MIR499B_3P	-0.21654961781245216			
MIR513B_5P	-0.2165556577704961			
WEBER_METHYLATED_HCP_IN_FIBROBLAST_UP	-0.21655876578262928			
GO_REGULATION_OF_TRANSMEMBRANE_TRANSPORT	-0.21656064336695957			
REACTOME_M_PHASE	-0.2165634013514471			
GSE7568_IL4_VS_IL4_AND_TGFB_TREATED_MACROPHAGE_24H_DN	-0.2165906300158778			
REACTOME_HDL_CLEARANCE	-0.2165948218110487			
MIR1537_5P	-0.21660687339964466			
GO_PORIN_ACTIVITY	-0.21661402852332548			
DODD_NASOPHARYNGEAL_CARCINOMA_DN	-0.2166781128959002			
GSE19888_ADENOSINE_A3R_ACT_VS_A3R_ACT_WITH_A3R_INH_PRETREATMENT_IN_MAST_CELL_DN	-0.21667938525030325			
MIR578	-0.21668849004568277			
APPIERTO_RESPONSE_TO_FENRETINIDE_DN	-0.21670091473127978			
GO_PHOSPHOSERINE_RESIDUE_BINDING	-0.21670574116828742			
GO_NEGATIVE_REGULATION_OF_LIPOPROTEIN_LIPASE_ACTIVITY	-0.21671892267115667			
GO_PROTON_TRANSPORTING_V_TYPE_ATPASE_COMPLEX_ASSEMBLY	-0.21676286005441564			
GO_NEGATIVE_REGULATION_OF_I_KAPPAB_KINASE_NF_KAPPAB_SIGNALING	-0.21677608987735827			
GO_TRANSCRIPTION_COREPRESSOR_ACTIVITY	-0.216797463704134			
GSE9006_HEALTHY_VS_TYPE_2_DIABETES_PBMC_AT_DX_DN	-0.2168013424383659			
GO_MONOCYTE_CHEMOTACTIC_PROTEIN_1_PRODUCTION	-0.21681963795396805			
GSE46606_DAY1_VS_DAY3_CD40L_IL2_IL5_STIMULATED_BCELL_UP	-0.2168324261497346			
MIR7152_3P	-0.21684265480465786			
GO_ATP_TRANSPORT	-0.21685652222728302			
IPA_TBX21_DN	-0.21686964482350207			
GO_REGULATION_OF_ADENYLATE_CYCLASE_ACTIVATING_ADRENERGIC_RECEPTOR_SIGNALING_PATHWAY_INVOLVED_IN_HEART_PROCESS	-0.21688258923152826			
GO_CELLULAR_AMINO_ACID_BIOSYNTHETIC_PROCESS	-0.21688721130414965			
GO_DEPYRIMIDINATION	-0.21690465393640473			
GO_SEPTUM_PRIMUM_DEVELOPMENT	-0.21690782740189082			
GO_UBIQUITIN_UBIQUITIN_LIGASE_ACTIVITY	-0.21690806797844595			
MIR3921	-0.21691544743780605			
GSE4984_GALECTIN1_VS_LPS_STIM_DC_DN	-0.21693520919972054			
REACTOME_COBALAMIN_CBL_VITAMIN_B12_TRANSPORT_AND_METABOLISM	-0.2169442907616975			
KORKOLA_YOLK_SAC_TUMOR_UP	-0.21695840647118728			
GSE40274_CTRL_VS_FOXP3_AND_LEF1_TRANSDUCED_ACTIVATED_CD4_TCELL_UP	-0.21696789574824282			
GO_NEGATIVE_REGULATION_OF_AUTOPHAGY	-0.21700900737687043			
GO_ORGAN_OR_TISSUE_SPECIFIC_IMMUNE_RESPONSE	-0.21704218871008565			
GO_PEPTIDE_ANTIGEN_ASSEMBLY_WITH_MHC_PROTEIN_COMPLEX	-0.21705788358269731			
GO_RIBOSOME_ASSEMBLY	-0.21705850645089347			
MIR4652_3P	-0.2170598498520816			
GO_OLFACTORY_RECEPTOR_BINDING	-0.21706062487613076			
GO_TUBULIN_DEACETYLATION	-0.21707273482864417			
GO_RIBONUCLEOSIDE_METABOLIC_PROCESS	-0.21708531740059753			
MIR12118	-0.21708755712249517			
GSE30153_LUPUS_VS_HEALTHY_DONOR_BCELL_UP	-0.21709568799698267			
IPA_LMO3_DN	-0.21710053532235146			
IPA_CREB5_DN	-0.21710053532235146			
IPA_NF1_DN	-0.2171096676689927			
FOXO1_01	-0.21711308563070145			
GO_TYPE_I_INTERFERON_RECEPTOR_BINDING	-0.2171293219120049			
GO_PRERIBOSOME	-0.21713972309593985			
MIR6845_5P	-0.217154026555455			
REACTOME_SIGNALING_BY_TYPE_1_INSULIN_LIKE_GROWTH_FACTOR_1_RECEPTOR_IGF1R	-0.2171773241607046			
GO_LOCALIZATION_WITHIN_MEMBRANE	-0.2171860980930627			
GO_PURINE_CONTAINING_COMPOUND_CATABOLIC_PROCESS	-0.2171880722071575			
NKX3A_01	-0.21720467459424478			
GO_REGULATION_OF_RESPONSE_TO_DNA_DAMAGE_STIMULUS	-0.21720569303737933			
GO_PEPTIDYL_HISTIDINE_MODIFICATION	-0.2172224282358021			
IPA_KDM4B_UP	-0.2172244600927016			
GSE29617_CTRL_VS_TIV_FLU_VACCINE_PBMC_2008_DN	-0.21723980423525138			
GO_POSITIVE_REGULATION_OF_MRNA_3_END_PROCESSING	-0.21724539108645968			
GO_POSITIVE_REGULATION_OF_AMINO_ACID_TRANSPORT	-0.2172473873583893			
MIR4314	-0.21724801047458286			
GO_PRE_B_CELL_DIFFERENTIATION	-0.2172500584483705			
GO_OTHER_ORGANISM_PART	-0.2172576208197649			
GO_NEGATIVE_REGULATION_OF_CAMP_MEDIATED_SIGNALING	-0.21725918395429497			
chrXq12	-0.21726138373049803			
SU_KIDNEY	-0.21728140346793032			
REACTOME_MITOTIC_SPINDLE_CHECKPOINT	-0.21730363112966916			
BANDRES_RESPONSE_TO_CARMUSTIN_MGMT_48HR_UP	-0.21731512463257024			
GO_MON1_CCZ1_COMPLEX	-0.21731824232157054			
GO_REGULATION_OF_PROTEIN_ACETYLATION	-0.2173184425526642			
GO_VASCULAR_SMOOTH_MUSCLE_CELL_DIFFERENTIATION	-0.2173360424573069			
BIOCARTA_CTBP1_PATHWAY	-0.21733682997192932			
BOYAULT_LIVER_CANCER_SUBCLASS_G5_DN	-0.2173460261865611			
DARWICHE_PAPILLOMA_RISK_HIGH_DN	-0.21734878251238923			
SCHUHMACHER_MYC_TARGETS_UP	-0.21735789293982946			
GSE45365_WT_VS_IFNAR_KO_CD11B_DC_MCMV_INFECTION_UP	-0.21736306681850792			
GO_THIOLESTER_HYDROLASE_ACTIVITY	-0.2173670884387298			
GO_MACROPHAGE_CYTOKINE_PRODUCTION	-0.21736957787103353			
REACTOME_MRNA_EDITING	-0.217375690893042			
GO_PEPTIDE_METABOLIC_PROCESS	-0.2173757111240108			
GSE30962_ACUTE_VS_CHRONIC_LCMV_PRIMARY_INF_CD8_TCELL_DN	-0.21737843446741983			
GO_AMINE_BINDING	-0.2173858955006977			
MIKKELSEN_MEF_LCP_WITH_H3K4ME3	-0.217391989022146			
MIR632	-0.21739482680552716			
GO_ORGANOPHOSPHATE_ESTER_TRANSMEMBRANE_TRANSPORTER_ACTIVITY	-0.21739844196140276			
GO_NEGATIVE_REGULATION_OF_CELL_SIZE	-0.21741547740785905			
GO_DETERMINATION_OF_LIVER_LEFT_RIGHT_ASYMMETRY	-0.2174159512601284			
GO_ACTIN_MONOMER_BINDING	-0.21742851371181626			
IPA_SIM1_UP	-0.21743235468615857			
WHITFIELD_CELL_CYCLE_LITERATURE	-0.21743681321616046			
GSE29615_DAY3_VS_DAY7_LAIV_FLU_VACCINE_PBMC_UP	-0.21745897592373886			
GO_NEGATIVE_REGULATION_OF_ENDOTHELIAL_CELL_CHEMOTAXIS	-0.21746780320524597			
GO_POSITIVE_REGULATION_OF_TELOMERE_MAINTENANCE	-0.21748594184641648			
GO_NEGATIVE_REGULATION_OF_SYNAPTIC_TRANSMISSION	-0.21748967360970498			
LEE_EARLY_T_LYMPHOCYTE_DN	-0.21751002140558068			
GO_BEHAVIORAL_RESPONSE_TO_NICOTINE	-0.21751232044958924			
GO_NEGATIVE_REGULATION_OF_MRNA_3_END_PROCESSING	-0.2175212522617807			
MIR4778_3P	-0.21753691033951644			
GSE2770_UNTREATED_VS_TGFB_AND_IL12_TREATED_ACT_CD4_TCELL_48H_UP	-0.21754632563534249			
REACTOME_ETHANOL_OXIDATION	-0.2175508448613644			
GO_SOMITE_DEVELOPMENT	-0.21755233583296066			
GO_SPERM_MIDPIECE	-0.21755362968874742			
GO_GABAERGIC_NEURON_DIFFERENTIATION	-0.21755403694403083			
GO_SLEEP	-0.21757482256845412			
chr11q14	-0.21757760029036002			
GSE14413_UNSTIM_VS_IFNB_STIM_RAW264_CELLS_UP	-0.2175788859763909			
GSE8515_CTRL_VS_IL6_4H_STIM_MAC_UP	-0.21758109665515177			
GSE22886_NAIVE_VS_IGG_IGA_MEMORY_BCELL_UP	-0.21759931931279886			
GSE17721_LPS_VS_GARDIQUIMOD_0.5H_BMDC_UP	-0.21760172681240547			
IPA_IRX4_DN	-0.21762354403189654			
GO_POSITIVE_REGULATION_OF_MEMORY_T_CELL_DIFFERENTIATION	-0.21763288684326745			
IPA_GTF2H1_DN	-0.21764784661549785			
IPA_TARBP2_UP	-0.21766355286723305			
GO_REGULATION_OF_TYPE_I_INTERFERON_MEDIATED_SIGNALING_PATHWAY	-0.21766854460219676			
GO_CRANIOFACIAL_SUTURE_MORPHOGENESIS	-0.21767170535620134			
GO_RIBOSOME_BIOGENESIS	-0.21767283710433516			
MIR6803_5P	-0.21768164636520318			
MIR8078	-0.2176869416347347			
GO_NEURON_DEATH_IN_RESPONSE_TO_HYDROGEN_PEROXIDE	-0.2177042256392726			
ICHIBA_GRAFT_VERSUS_HOST_DISEASE_35D_DN	-0.2177059510025949			
MARIADASON_RESPONSE_TO_BUTYRATE_CURCUMIN_SULINDAC_TSA_8	-0.21771779642371072			
MIR365B_5P	-0.21772612612543327			
GO_NEGATIVE_REGULATION_OF_PROTEIN_ACETYLATION	-0.21772834169109867			
GSE22611_NOD2_VS_CTRL_TRANSDUCED_HEK293T_CELL_UP	-0.21773009976437505			
GO_ACID_AMINO_ACID_LIGASE_ACTIVITY	-0.21773538872923529			
MIR3960_MIR8072	-0.21776713054122326			
MIR323A_5P	-0.21777415924562513			
GO_MITOCHONDRIAL_TRNA_METHYLATION	-0.21778673020450734			
MIR6810_5P	-0.217786799031108			
GO_CELLULAR_RESPONSE_TO_ETHER	-0.21779559892611472			
REACTOME_APEX1_INDEPENDENT_RESOLUTION_OF_AP_SITES_VIA_THE_SINGLE_NUCLEOTIDE_REPLACEMENT_PATHWAY	-0.21780749335853603			
GO_VENTRICULAR_CARDIAC_MUSCLE_CELL_MEMBRANE_REPOLARIZATION	-0.21780973852024085			
chr10q11	-0.21781343998859232			
GO_TRYPTOPHAN_CATABOLIC_PROCESS_TO_KYNURENINE	-0.21781404662463477			
SHARMA_PILOCYTIC_ASTROCYTOMA_LOCATION_DN	-0.21784058949758833			
GO_SINGLE_STRANDED_DNA_EXODEOXYRIBONUCLEASE_ACTIVITY	-0.21784624804069871			
KORKOLA_TERATOMA_UP	-0.21784800770506496			
GO_THROMBIN_ACTIVATED_RECEPTOR_SIGNALING_PATHWAY	-0.21785039133956843			
GO_POSTSYNAPTIC_MODULATION_OF_CHEMICAL_SYNAPTIC_TRANSMISSION	-0.21787519708238592			
GO_SEGMENTATION	-0.2179321350909816			
RORA_TARGET_GENES	-0.2179560442892771			
GO_GLIAL_CELL_PROLIFERATION	-0.21795832239952864			
GO_RESPONSE_TO_VIRUS	-0.21795901955906172			
MIR3651	-0.21796325414854276			
GSE19888_CTRL_VS_T_CELL_MEMBRANES_ACT_MAST_CELL_UP	-0.21796545218060726			
REACTOME_S_PHASE	-0.21797356898160825			
GSE18281_MEDULLARY_THYMOCYTE_VS_WHOLE_MEDULLA_THYMUS_DN	-0.21797379026070893			
GO_AMINO_ACID_ACTIVATION	-0.2179751312255821			
GO_INTERACTION_WITH_SYMBIONT	-0.2179784979892589			
GSE7852_LN_VS_THYMUS_TCONV_DN	-0.21798218915017645			
GO_RRNA_TRANSPORT	-0.21798368436674212			
ZHENG_FOXP3_TARGETS_IN_THYMUS_DN	-0.21798409043147363			
GO_HOLLIDAY_JUNCTION_RESOLVASE_COMPLEX	-0.21798706488324637			
GO_NUCLEOSIDE_TRIPHOSPHATE_CATABOLIC_PROCESS	-0.21798748363283438			
PIONTEK_PKD1_TARGETS_DN	-0.2179964520532894			
GSE3982_CTRL_VS_LPS_1H_NEUTROPHIL_DN	-0.21801842432537202			
GO_CARDIAC_PACEMAKER_CELL_DIFFERENTIATION	-0.218033702052754			
GSE43863_TH1_VS_LY6C_INT_CXCR5POS_MEMORY_CD4_TCELL_UP	-0.21804159106193718			
GO_5_DEOXYRIBOSE_5_PHOSPHATE_LYASE_ACTIVITY	-0.21806843676041646			
GSE17974_0H_VS_48H_IN_VITRO_ACT_CD4_TCELL_DN	-0.2180704309785858			
GSE1460_CD4_THYMOCYTE_VS_NAIVE_CD4_TCELL_CORD_BLOOD_UP	-0.21807964547684072			
GO_PROTEIN_GLUTAMIC_ACID_LIGASE_ACTIVITY	-0.21808489850073792			
GO_RESPONSE_TO_STEROL	-0.21809791376922688			
MIR2052	-0.21809937100980478			
GO_PROTEIN_K29_LINKED_UBIQUITINATION	-0.21810373898026236			
chr8p12	-0.21810466322455263			
GO_FOREBRAIN_GENERATION_OF_NEURONS	-0.2181128221718144			
GO_CELL_CELL_ADHESION_MEDIATED_BY_INTEGRIN	-0.21811837060415687			
IPA_RFX4_UP	-0.2181288042539836			
GSE14308_TH1_VS_INDUCED_TREG_UP	-0.21813275030535562			
MIR4653_5P	-0.21814269541992976			
PID_HEDGEHOG_2PATHWAY	-0.21814398566411564			
LEE_AGING_MUSCLE_DN	-0.21814523585529152			
MIR889_5P	-0.21814867755485898			
GSE24574_NAIVE_VS_TCONV_CD4_TCELL_DN	-0.21815398548880183			
MIR490_3P	-0.2181619335705897			
GSE15930_NAIVE_VS_24H_IN_VITRO_STIM_INFAB_CD8_TCELL_DN	-0.21816832465458377			
GO_STAGA_COMPLEX	-0.2181774054564112			
ELVIDGE_HIF1A_TARGETS_UP	-0.21817798491041257			
REACTOME_INHIBITION_OF_THE_PROTEOLYTIC_ACTIVITY_OF_APC_C_REQUIRED_FOR_THE_ONSET_OF_ANAPHASE_BY_MITOTIC_SPINDLE_CHECKPOINT_COMPONENTS	-0.21819511483910278			
GO_ISOPEPTIDASE_ACTIVITY	-0.21820033798767113			
GSE2405_0H_VS_6H_A_PHAGOCYTOPHILUM_STIM_NEUTROPHIL_UP	-0.21820089707345103			
CHUANG_OXIDATIVE_STRESS_RESPONSE_DN	-0.21821294828564655			
ACEVEDO_METHYLATED_IN_LIVER_CANCER_DN	-0.21822785707648093			
GSE24574_BCL6_HIGH_VS_LOW_TFH_CD4_TCELL_DN	-0.2182390022626403			
MIR4721	-0.2182440792080861			
GSE1925_CTRL_VS_24H_IFNG_STIM_MACROPHAGE_DN	-0.21825827103138093			
GFI1_01	-0.21825905494907658			
MIR20B_3P	-0.21826979397448198			
REACTOME_TRAFFICKING_OF_GLUR2_CONTAINING_AMPA_RECEPTORS	-0.2182829804305599			
GO_GAMMA_TUBULIN_COMPLEX	-0.21830779879630466			
MIR10395_3P	-0.2183189010818009			
REACTOME_PI_3K_CASCADE_FGFR4	-0.21832067805606356			
CALVET_IRINOTECAN_SENSITIVE_VS_REVERTED_UP	-0.21833393166180823			
MIR4258	-0.21834283706213112			
GO_SMALL_SUBUNIT_PROCESSOME	-0.21834652478985217			
GO_SMALL_NUCLEOLAR_RIBONUCLEOPROTEIN_COMPLEX	-0.21834857911576364			
GSE21927_SPLEEN_VS_C26GM_TUMOR_MONOCYTE_BALBC_DN	-0.21837511225304507			
REACTOME_FGFR1_LIGAND_BINDING_AND_ACTIVATION	-0.21838097369981277			
GO_NEGATIVE_REGULATION_OF_FIBROBLAST_PROLIFERATION	-0.2183911504561944			
REACTOME_FRS_MEDIATED_FGFR1_SIGNALING	-0.21839314432312404			
GSE22935_24H_VS_48H_MBOVIS_BCG_STIM_MACROPHAGE_DN	-0.21839497728127086			
GO_ANDROGEN_BIOSYNTHETIC_PROCESS	-0.2184009982778725			
GO_INTRINSIC_COMPONENT_OF_SYNAPTIC_VESICLE_MEMBRANE	-0.21840260278268042			
GSE24634_TREG_VS_TCONV_POST_DAY5_IL4_CONVERSION_UP	-0.21841286072323954			
GO_TERMINAL_BOUTON	-0.21842088885569239			
GO_PARALLEL_ACTIN_FILAMENT_BUNDLE_ASSEMBLY	-0.21842390213253285			
chr4q23	-0.21842519545848316			
MIR12132	-0.21842721821481495			
TAANNYSGCG_UNKNOWN	-0.21842761053133944			
GO_COLLAGEN_BIOSYNTHETIC_PROCESS	-0.21842812646512288			
IPA_FOXP3_DN	-0.21844408406674934			
chr14q21	-0.21845663990610065			
GO_RETROGRADE_TRANS_SYNAPTIC_SIGNALING_BY_LIPID	-0.21845804039693592			
OCT1_04	-0.21846478982041082			
GO_REGULATION_OF_SKELETAL_MUSCLE_ACETYLCHOLINE_GATED_CHANNEL_CLUSTERING	-0.2184698022276933			
MIR3194_3P	-0.21848026427751102			
GO_NEGATIVE_REGULATION_OF_GLUCOSE_TRANSMEMBRANE_TRANSPORT	-0.21848434188152585			
MIR4695_3P	-0.21848685693069558			
GO_POSITIVE_REGULATION_OF_MITOCHONDRIAL_MEMBRANE_POTENTIAL	-0.21848987078008594			
GO_DERMATAN_SULFATE_PROTEOGLYCAN_METABOLIC_PROCESS	-0.21849543304521948			
GO_CILIARY_TRANSITION_FIBER	-0.21851251947756642			
GO_SMOOTHENED_SIGNALING_PATHWAY_INVOLVED_IN_VENTRAL_SPINAL_CORD_PATTERNING	-0.21851718520205932			
GO_ACTIVATING_TRANSCRIPTION_FACTOR_BINDING	-0.2185233857300271			
GO_SYNAPTIC_VESICLE_MEMBRANE	-0.21853014733859719			
ROVERSI_GLIOMA_COPY_NUMBER_DN	-0.21853365790779353			
MUELLER_PLURINET	-0.2185532185117513			
MIR1257	-0.2185532734398775			
IPA_SOX4_UP	-0.21855419748126473			
MIR4267	-0.21855627299628191			
GO_RNA_POLYMERASE_II_GENERAL_TRANSCRIPTION_INITIATION_FACTOR_BINDING	-0.21856549034238554			
SCHLOSSER_MYC_TARGETS_REPRESSED_BY_SERUM	-0.2185707468285498			
MIR3622A_3P_MIR3622B_3P	-0.21858475904791375			
GO_URINARY_TRACT_SMOOTH_MUSCLE_CONTRACTION	-0.21859473732645057			
GSE17721_CTRL_VS_GARDIQUIMOD_12H_BMDC_UP	-0.21859676935903652			
SA_FAS_SIGNALING	-0.21860922503622868			
REACTOME_PRESYNAPTIC_DEPOLARIZATION_AND_CALCIUM_CHANNEL_OPENING	-0.21861496172792141			
GO_POSITIVE_REGULATION_OF_RELEASE_OF_SEQUESTERED_CALCIUM_ION_INTO_CYTOSOL	-0.21861501857273305			
GO_ANTIGEN_PROCESSING_AND_PRESENTATION_OF_PEPTIDE_OR_POLYSACCHARIDE_ANTIGEN_VIA_MHC_CLASS_II	-0.2186179882594543			
GO_REGULATION_OF_CALCIUM_ION_TRANSMEMBRANE_TRANSPORTER_ACTIVITY	-0.2186238748403797			
GO_NEGATIVE_REGULATION_OF_SINGLE_STRANDED_VIRAL_RNA_REPLICATION_VIA_DOUBLE_STRANDED_DNA_INTERMEDIATE	-0.21862762933456062			
GO_GUANYLYLTRANSFERASE_ACTIVITY	-0.21863198058151168			
GSE11961_GERMINAL_CENTER_BCELL_DAY7_VS_GERMINAL_CENTER_BCELL_DAY40_UP	-0.21863587287766537			
GO_REGULATION_OF_TELOMERE_CAPPING	-0.21865054277232424			
GSE19825_NAIVE_VS_DAY3_EFF_CD8_TCELL_DN	-0.2186612876133991			
GO_EXTRINSIC_COMPONENT_OF_POSTSYNAPTIC_MEMBRANE	-0.21866716657579888			
IPA_CREB3L3_UP	-0.21866970468094254			
GO_SIGNAL_TRANSDUCTION_INVOLVED_IN_CELL_CYCLE_CHECKPOINT	-0.21867554023310212			
GSE12392_CD8A_POS_VS_NEG_SPLEEN_DC_DN	-0.2186790219613076			
IPA_LHX6_DN	-0.2186790665642051			
MIR203B_3P	-0.21870146347323177			
REACTOME_BIOSYNTHESIS_OF_MARESINS	-0.21870729090916924			
GO_SCARNA_LOCALIZATION_TO_CAJAL_BODY	-0.21871426371334488			
BEIER_GLIOMA_STEM_CELL_UP	-0.2187321107374534			
GO_POSITIVE_REGULATION_OF_COLLAGEN_METABOLIC_PROCESS	-0.21873282717182074			
GO_BETA_CATENIN_DESTRUCTION_COMPLEX	-0.21875920256079293			
FXR_Q3	-0.21876585015128105			
ODONNELL_TARGETS_OF_MYC_AND_TFRC_DN	-0.2188006777839027			
GAVIN_FOXP3_TARGETS_CLUSTER_P6	-0.21880436468192185			
GO_RIG_I_SIGNALING_PATHWAY	-0.21881243758703675			
BIOCARTA_RAC1_PATHWAY	-0.21881341984363292			
GO_MAGNESIUM_ION_BINDING	-0.2188207452459446			
MIR548V	-0.2188258130465015			
GSE7460_CD8_TCELL_VS_TREG_ACT_DN	-0.21882630544669404			
MIR4482_3P	-0.21882635074512127			
GO_PROTEIN_K11_LINKED_UBIQUITINATION	-0.21882786763201706			
GO_POSITIVE_REGULATION_OF_AMYLOID_BETA_CLEARANCE	-0.218828432130426			
GO_N_ACETYLGALACTOSAMINE_4_O_SULFOTRANSFERASE_ACTIVITY	-0.2188292639309784			
REACTOME_ACTIVATION_OF_GENE_EXPRESSION_BY_SREBF_SREBP	-0.21883321868762803			
GO_REGULATION_OF_CELL_GROWTH_INVOLVED_IN_CARDIAC_MUSCLE_CELL_DEVELOPMENT	-0.21883467668690432			
MIR12116	-0.21884171921552142			
MIR573	-0.2188467736851415			
GO_PROTON_TRANSPORTING_ATP_SYNTHASE_COMPLEX	-0.21884701643222423			
REACTOME_UREA_CYCLE	-0.21886681785262999			
ZHENG_FOXP3_TARGETS_DN	-0.2188691878759356			
GO_POSITIVE_REGULATION_OF_CARDIAC_MUSCLE_TISSUE_DEVELOPMENT	-0.21886948325224675			
HEIDENBLAD_AMPLIFIED_IN_BONE_CANCER	-0.2188727045047319			
GO_NAD_BINDING	-0.21887487956627452			
GSE2770_UNTREATED_VS_IL12_TREATED_ACT_CD4_TCELL_6H_UP	-0.2188800541283615			
IPA_CUX1_DN	-0.21888273916299306			
ARID3B_TARGET_GENES	-0.218902854039887			
GO_POSITIVE_REGULATION_OF_TOR_SIGNALING	-0.21890477961677401			
GSE41867_NAIVE_VS_DAY15_LCMV_CONE13_EFFECTOR_CD8_TCELL_DN	-0.21890577431090438			
MA_MYELOID_DIFFERENTIATION_DN	-0.21890807415081417			
IPA_CDK2_UP	-0.21891818207710478			
MIR4677_3P	-0.21892158970683356			
ELF2_TARGET_GENES	-0.2189358474429227			
GSE19198_1H_VS_6H_IL21_TREATED_TCELL_UP	-0.2189431940145033			
REACTOME_FBXW7_MUTANTS_AND_NOTCH1_IN_CANCER	-0.21894398204514723			
GO_KINASE_REGULATOR_ACTIVITY	-0.21895060889068407			
GSE17721_LPS_VS_CPG_0.5H_BMDC_UP	-0.21896334084451077			
MIR616_5P	-0.21896542639788663			
MIR4795_3P	-0.21896943820231754			
GSE1925_3H_VS_24H_IFNG_STIM_MACROPHAGE_DN	-0.21901144163676242			
GO_ANTEROGRADE_DENDRITIC_TRANSPORT	-0.21903050110564287			
GSE9037_CTRL_VS_LPS_4H_STIM_BMDM_DN	-0.21903967056490914			
GO_MITOTIC_CELL_CYCLE_CHECKPOINT	-0.21906054571622488			
IPA_KLF10_DN	-0.21906212199634548			
GO_MICROTUBULE_SEVERING_ATPASE_ACTIVITY	-0.21906335718887912			
MIR6762_5P	-0.21906411391811687			
REACTOME_SYNTHESIS_OF_PYROPHOSPHATES_IN_THE_CYTOSOL	-0.2190669021507428			
GO_PROTEIN_K63_LINKED_DEUBIQUITINATION	-0.21908212619087916			
GO_TRNA_3_END_PROCESSING	-0.21908341244864762			
GO_POSTSYNAPTIC_MEMBRANE_ORGANIZATION	-0.2190872432373049			
REACTOME_ADP_SIGNALLING_THROUGH_P2Y_PURINOCEPTOR_12	-0.21908960993096085			
GO_CELLULAR_RESPONSE_TO_NUTRIENT	-0.2190945918715402			
GO_MULTICELLULAR_ORGANISM_GROWTH	-0.21910862505205975			
GSE15930_NAIVE_VS_72H_IN_VITRO_STIM_TRICHOSTATINA_CD8_TCELL_DN	-0.2191188587868026			
GO_CROSSOVER_JUNCTION_ENDODEOXYRIBONUCLEASE_ACTIVITY	-0.21916166436164608			
STN1_TARGET_GENES	-0.21917031151885852			
REACTOME_COOPERATION_OF_PDCL_PHLP1_AND_TRIC_CCT_IN_G_PROTEIN_BETA_FOLDING	-0.21918185511188867			
MIR6747_5P	-0.21918924518527486			
GO_REGULATION_OF_ALCOHOL_BIOSYNTHETIC_PROCESS	-0.21918932085565873			
BIOCARTA_ERBB4_PATHWAY	-0.21920303943435196			
IIZUKA_LIVER_CANCER_PROGRESSION_L0_L1_DN	-0.2192166991742956			
GO_RNA_POLYMERASE_III_TYPE_3_PROMOTER_DNA_BINDING	-0.2192172108315094			
GSE17721_CTRL_VS_LPS_1H_BMDC_UP	-0.21921734125376222			
GSE13887_HEALTHY_VS_LUPUS_RESTING_CD4_TCELL_DN	-0.21922994508730342			
GO_REGULATION_OF_CELL_CYCLE_PROCESS	-0.2192564701025911			
AGTTCTC_MIR146A_MIR146B	-0.2192577728981511			
GOLDRATH_ANTIGEN_RESPONSE	-0.21925970353874735			
GO_FOREBRAIN_NEURON_DIFFERENTIATION	-0.21926392544571213			
GSE9601_UNTREATED_VS_NFKB_INHIBITOR_TREATED_HCMV_INF_MONOCYTE_DN	-0.21929439785945057			
MIR1976	-0.21937756968804062			
MIR562	-0.2193937944718962			
chr16q12	-0.21941250183406763			
GO_DEFENSE_RESPONSE_TO_VIRUS	-0.21942054970306477			
ELVIDGE_HIF1A_AND_HIF2A_TARGETS_UP	-0.21942656668945196			
GO_CYTIDINE_DEAMINASE_ACTIVITY	-0.2194346965372112			
GO_REGULATION_OF_IRON_ION_TRANSMEMBRANE_TRANSPORT	-0.2194876891564189			
RFX7_TARGET_GENES	-0.21948852029751387			
GO_QUINOLINATE_METABOLIC_PROCESS	-0.21948888948281017			
GSE40274_CTRL_VS_XBP1_TRANSDUCED_ACTIVATED_CD4_TCELL_DN	-0.2195024610953151			
GO_NEGATIVE_REGULATION_OF_DNA_CATABOLIC_PROCESS	-0.21950831534121146			
MIR3942_3P	-0.21953684525774073			
GO_INHIBITORY_EXTRACELLULAR_LIGAND_GATED_ION_CHANNEL_ACTIVITY	-0.2195402243790058			
GO_MITOTIC_G2_DNA_DAMAGE_CHECKPOINT	-0.21954402954584315			
MIR221_3P	-0.21955961093484258			
MIR19B_1_5P_MIR19B_2_5P	-0.2195656853154004			
MIR10226	-0.21957463557699636			
MIR4513	-0.219576528972074			
GO_MDA_5_SIGNALING_PATHWAY	-0.2195866650583474			
GO_SYNTAXIN_1_BINDING	-0.2196051657742136			
GSE28726_ACT_CD4_TCELL_VS_ACT_VA24NEG_NKTCELL_UP	-0.21960575378836172			
GSE15750_DAY6_VS_DAY10_TRAF6KO_EFF_CD8_TCELL_DN	-0.21960835579041393			
FRASOR_TAMOXIFEN_RESPONSE_DN	-0.21961478389693545			
WHITEHURST_PACLITAXEL_SENSITIVITY	-0.21962117280623691			
GO_CITRULLINE_BIOSYNTHETIC_PROCESS	-0.2196243076625484			
GO_COBALAMIN_BINDING	-0.219625101020267			
GO_REGULATION_OF_TRANSLATION_AT_SYNAPSE_MODULATING_SYNAPTIC_TRANSMISSION	-0.2196430029257664			
IPA_PAX3_DN	-0.21965109921951026			
IPA_ZNF711_UP	-0.2196635459820705			
GO_SPERM_CAPACITATION	-0.21966414438894294			
AAGCACA_MIR218	-0.21966605329899805			
MIR1243	-0.21966712656289375			
MIR6876_3P	-0.2196770629523415			
GSE21063_3H_VS_16H_ANTI_IGM_STIM_BCELL_UP	-0.21968010359404097			
GO_PROTEIN_LOCALIZATION_TO_NUCLEAR_ENVELOPE	-0.21968725339570902			
REACTOME_HCMV_EARLY_EVENTS	-0.21969158013295295			
GO_POSITIVE_REGULATION_OF_MUSCLE_CELL_DIFFERENTIATION	-0.21970557101259572			
GSE6269_FLU_VS_STREP_PNEUMO_INF_PBMC_UP	-0.21970679504110371			
EWSR1_TARGET_GENES	-0.219714430022283			
GO_CYTOPLASMIC_SEQUESTERING_OF_TRANSCRIPTION_FACTOR	-0.21971800090692653			
GO_REGULATION_OF_CYTOPLASMIC_TRANSLATION	-0.21972252758062663			
IPA_ISL1_DN	-0.21973835207466302			
GO_ACETYL_COA_METABOLIC_PROCESS	-0.21974166377083362			
GSE37301_COMMON_LYMPHOID_PROGENITOR_VS_GRAN_MONO_PROGENITOR_DN	-0.2197596007860748			
GSE15324_ELF4_KO_VS_WT_ACTIVATED_CD8_TCELL_DN	-0.2197601218834585			
GO_REGULATION_OF_DENDRITIC_SPINE_MAINTENANCE	-0.21976230372816946			
GSE42724_NAIVE_VS_MEMORY_BCELL_DN	-0.21976515676319075			
GSE36476_CTRL_VS_TSST_ACT_72H_MEMORY_CD4_TCELL_YOUNG_UP	-0.21977818652453215			
GO_PARANODAL_JUNCTION_ASSEMBLY	-0.21980829906119975			
GO_PROTEIN_K48_LINKED_UBIQUITINATION	-0.21981058456174363			
GO_REGULATION_OF_HYDROGEN_PEROXIDE_METABOLIC_PROCESS	-0.21982426840632863			
HANN_RESISTANCE_TO_BCL2_INHIBITOR_UP	-0.2198427149915216			
GO_PROTEIN_IMPORT_INTO_PEROXISOME_MATRIX	-0.21985835248021154			
GO_REGULATION_OF_PRESYNAPTIC_MEMBRANE_POTENTIAL	-0.21986488075532823			
GO_ARYL_HYDROCARBON_RECEPTOR_BINDING	-0.2198736010234346			
TURASHVILI_BREAST_CARCINOMA_DUCTAL_VS_LOBULAR_UP	-0.2199097462174434			
GO_PROTEIN_HOMOOLIGOMERIZATION	-0.21993337436836644			
REACTOME_RRNA_MODIFICATION_IN_THE_NUCLEUS_AND_CYTOSOL	-0.21993708357425779			
GO_CELLULAR_RESPONSE_TO_INTERFERON_BETA	-0.21995104633008075			
GO_TELOMERIC_LOOP_DISASSEMBLY	-0.21996681922268388			
HALLMARK_DNA_REPAIR	-0.21998732670642188			
GO_SCLEROTOME_DEVELOPMENT	-0.22000535904380444			
MIR4762_5P	-0.22000541810991034			
IPA_SMARCC1_DN	-0.22002004797157804			
GSE6259_33D1_POS_DC_VS_CD8_TCELL_UP	-0.22002507630343676			
IPA_SALL3_DN	-0.22002627381000198			
GSE22103_LPS_VS_GMCSF_AND_IFNG_STIM_NEUTROPHIL_UP	-0.22003099739565402			
GO_PONS_DEVELOPMENT	-0.22003731190028566			
GO_POSITIVE_REGULATION_OF_SENSORY_PERCEPTION_OF_PAIN	-0.22004889662600602			
GSE41978_ID2_KO_VS_ID2_KO_AND_BIM_KO_KLRG1_LOW_EFFECTOR_CD8_TCELL_DN	-0.22006587311696837			
GO_GABA_RECEPTOR_ACTIVITY	-0.2200760563129473			
MIR375_3P	-0.22008135512623614			
GO_PYRIMIDINE_CONTAINING_COMPOUND_BIOSYNTHETIC_PROCESS	-0.22009230251290668			
PID_S1P_META_PATHWAY	-0.22009658259039858			
GO_INTERLEUKIN_5_PRODUCTION	-0.2201034926793886			
IPA_IRF1_UP	-0.2201040981189124			
MUELLER_COMMON_TARGETS_OF_AML_FUSIONS_UP	-0.2201049187292723			
LIN_NPAS4_TARGETS_DN	-0.2201089412036897			
GO_BOX_C_D_SNORNP_COMPLEX	-0.22011644580443945			
GO_NUCLEAR_RECEPTOR_BINDING	-0.2201181244853943			
GSE15330_MEGAKARYOCYTE_ERYTHROID_PROGENITOR_VS_PRO_BCELL_DN	-0.22012481326408884			
GSE14908_RESTING_VS_HDM_STIM_CD4_TCELL_NONATOPIC_PATIENT_UP	-0.220126982410325			
GO_INNER_MITOCHONDRIAL_MEMBRANE_ORGANIZATION	-0.2201304674011413			
GO_NEGATIVE_REGULATION_OF_INTRACELLULAR_ESTROGEN_RECEPTOR_SIGNALING_PATHWAY	-0.22013153511393324			
GO_PHOSPHOLIPASE_BINDING	-0.22013243509825245			
MIR6748_3P	-0.2201718095555036			
IPA_TRIM28_UP	-0.22017291644428674			
GO_RESPONSE_TO_NITRIC_OXIDE	-0.22018164501001652			
LINDGREN_BLADDER_CANCER_CLUSTER_2B	-0.2201855346333832			
BIOCARTA_GABA_PATHWAY	-0.2201919454674041			
BIOCARTA_SHH_PATHWAY	-0.2202007133131888			
GO_ASYMMETRIC_GLUTAMATERGIC_EXCITATORY_SYNAPSE	-0.22020368382337221			
GO_MAINTENANCE_OF_APICAL_BASAL_CELL_POLARITY	-0.2202057753856291			
GSE8921_UNSTIM_0H_VS_TLR1_2_STIM_MONOCYTE_12H_DN	-0.22021170394169615			
GO_NEGATIVE_REGULATION_OF_PHOSPHATIDYLINOSITOL_3_KINASE_SIGNALING	-0.22021456885568122			
GO_FAT_PAD_DEVELOPMENT	-0.22021872656266295			
GO_SYNAPTIC_TRANSMISSION_GLYCINERGIC	-0.22023173584148806			
GSE29617_CTRL_VS_DAY7_TIV_FLU_VACCINE_PBMC_2008_DN	-0.22023888309633713			
IPA_OXSR1_UP	-0.22024302089651354			
IPA_WNK1_UP	-0.22024302089651354			
chr7q33	-0.22025373683171284			
GO_IONOTROPIC_GLUTAMATE_RECEPTOR_SIGNALING_PATHWAY	-0.220254727187355			
GSE13738_RESTING_VS_TCR_ACTIVATED_CD4_TCELL_UP	-0.22025640781496464			
TGTYNNNNNRGCARM_UNKNOWN	-0.22025979899328543			
GSE5099_UNSTIM_VS_MCSF_TREATED_MONOCYTE_DAY3_UP	-0.2202737892994437			
COLLER_MYC_TARGETS_DN	-0.22028486791461768			
MIR5582_3P	-0.22028765069705464			
KEGG_VASOPRESSIN_REGULATED_WATER_REABSORPTION	-0.22029343556660458			
MIR4753_5P	-0.2202950069361392			
GO_DOUBLE_STRANDED_RNA_BINDING	-0.22029798505108186			
ATGGYGGA_UNKNOWN	-0.22030911884627483			
GO_7S_RNA_BINDING	-0.22032424594417097			
IPA_CDX1_DN	-0.220329224771077			
CERIBELLI_GENES_INACTIVE_AND_BOUND_BY_NFY	-0.22032973149841403			
GO_NEGATIVE_REGULATION_OF_ANTIGEN_PROCESSING_AND_PRESENTATION	-0.22035193871206982			
GO_BLEB	-0.22036076878149252			
GO_AUDITORY_RECEPTOR_CELL_FATE_COMMITMENT	-0.22036314800495221			
REACTOME_MITOCHONDRIAL_FATTY_ACID_BETA_OXIDATION	-0.2203645855293757			
MIR6072	-0.22036556894440157			
GO_XYLULOSE_5_PHOSPHATE_METABOLIC_PROCESS	-0.22037001564872225			
IPA_E2F4_UP	-0.2203818879644854			
ACEVEDO_LIVER_CANCER_WITH_H3K27ME3_UP	-0.2203823242253507			
MIR548AI_MIR570_5P	-0.22038683132900874			
GSE360_DC_VS_MAC_L_MAJOR_DN	-0.22040239402684517			
GO_SNORNA_METABOLIC_PROCESS	-0.22040368670325336			
REACTOME_ACTIVATED_TAK1_MEDIATES_P38_MAPK_ACTIVATION	-0.22040399146665454			
GSE43955_TH0_VS_TGFB_IL6_TH17_ACT_CD4_TCELL_30H_DN	-0.22041361842817794			
REACTOME_AMINO_ACID_TRANSPORT_ACROSS_THE_PLASMA_MEMBRANE	-0.22042436702550963			
GO_CONDENSED_CHROMOSOME_INNER_KINETOCHORE	-0.2204472630640926			
GSE22935_UNSTIM_VS_12H_MBOVIS_BCG_STIM_MACROPHAGE_DN	-0.2204684304449115			
GO_REGULATION_OF_SYNAPTIC_VESICLE_CYCLE	-0.22047527965390543			
chrXp22	-0.2204942581261521			
IPA_MAX_UP	-0.22050093976178578			
GO_REGULATION_OF_DELAYED_RECTIFIER_POTASSIUM_CHANNEL_ACTIVITY	-0.22051867506800926			
GSE3982_CENT_MEMORY_CD4_TCELL_VS_TH1_UP	-0.22051889158732202			
MIR3132	-0.22052262535535633			
GO_POSITIVE_REGULATION_OF_SYNAPSE_MATURATION	-0.2205262492833385			
MIR6807_5P	-0.22053717133362907			
HORIUCHI_WTAP_TARGETS_DN	-0.2205378987183053			
PID_NFKAPPAB_CANONICAL_PATHWAY	-0.22053811352606625			
REACTOME_ASSEMBLY_OF_THE_ORC_COMPLEX_AT_THE_ORIGIN_OF_REPLICATION	-0.22058215619606414			
GO_NAD_P_PLUS_PROTEIN_ARGININE_ADP_RIBOSYLTRANSFERASE_ACTIVITY	-0.22058390506629816			
LEE_LIVER_CANCER_E2F1_DN	-0.2205860315838674			
GO_REPRESSING_TRANSCRIPTION_FACTOR_BINDING	-0.2205860706553056			
GO_TRNA_TRANSCRIPTION	-0.22058752958235328			
GO_DNA_STRAND_RENATURATION	-0.22059319554242904			
GO_NEUTRAL_AMINO_ACID_TRANSPORT	-0.220595334664325			
GO_CYCLIC_NUCLEOTIDE_BIOSYNTHETIC_PROCESS	-0.22060461981932297			
NRF1_Q6	-0.22063299361101302			
IPA_POU2F2_DN	-0.22064290188304536			
GO_SYNAPTIC_VESICLE_MATURATION	-0.22064766898069335			
GO_RESPONSE_TO_NITROSATIVE_STRESS	-0.22065020357935913			
BCAT_GDS748_DN	-0.22065214886291937			
GO_METAL_ION_HOMEOSTASIS	-0.22065215579366643			
BIOCARTA_RAN_PATHWAY	-0.22066680157750057			
REACTOME_PLASMA_LIPOPROTEIN_REMODELING	-0.2206669270596032			
GO_AMPA_GLUTAMATE_RECEPTOR_CLUSTERING	-0.2206810857464151			
MIR371B_5P	-0.22068536562339697			
GO_TRANSLESION_SYNTHESIS	-0.2206904222648694			
ZHAN_MULTIPLE_MYELOMA_HP_UP	-0.22071671877596527			
GO_RIBOSOMAL_SMALL_SUBUNIT_BIOGENESIS	-0.22072293270134977			
GO_ENDONUCLEASE_ACTIVITY_ACTIVE_WITH_EITHER_RIBO_OR_DEOXYRIBONUCLEIC_ACIDS_AND_PRODUCING_3_PHOSPHOMONOESTERS	-0.22072390078783818			
PPARA_TARGET_GENES	-0.22072562153446026			
GO_INTERFERON_RECEPTOR_ACTIVITY	-0.22072621371419449			
SRC_UP.V1_DN	-0.2207332594000078			
GO_REGULATION_OF_MICROTUBULE_DEPOLYMERIZATION	-0.22076657388834156			
IPA_RREB1_UP	-0.22077394254283583			
GO_EPINEPHRINE_BINDING	-0.22077533133346067			
GSE20366_EX_VIVO_VS_DEC205_CONVERSION_NAIVE_CD4_TCELL_DN	-0.22081491390229221			
GSE22611_UNSTIM_VS_2H_MDP_STIM_MUTANT_NOD2_TRANSDUCED_HEK293T_CELL_UP	-0.22082822392877152			
GO_N_ACETYLGLUCOSAMINE_6_O_SULFOTRANSFERASE_ACTIVITY	-0.2208285934430715			
GSE2585_THYMIC_DC_VS_MTEC_DN	-0.22083681769108057			
MIR6751_5P	-0.22084717002418422			
GO_REGULATION_OF_GROWTH_HORMONE_RECEPTOR_SIGNALING_PATHWAY	-0.22088668785857898			
REACTOME_TRANSPORT_OF_FATTY_ACIDS	-0.2209027584761445			
GO_LIPID_HYDROXYLATION	-0.22091213715551528			
GO_NEGATIVE_REGULATION_OF_LIPID_CATABOLIC_PROCESS	-0.22091950519865092			
GO_REGULATION_OF_ESTABLISHMENT_OF_PROTEIN_LOCALIZATION_TO_CHROMOSOME	-0.22093689522337678			
BIOCARTA_AKAP95_PATHWAY	-0.22093897478943636			
GO_NEURAL_CREST_FORMATION	-0.22093987267642604			
GSE14415_INDUCED_TREG_VS_TCONV_UP	-0.22094179532733654			
GO_NEGATIVE_REGULATION_OF_CALCIUM_ION_TRANSMEMBRANE_TRANSPORT	-0.22094417455954404			
GO_PEPTIDYL_METHIONINE_MODIFICATION	-0.2209482458678719			
MIR939_5P	-0.22097074441866296			
KEGG_OOCYTE_MEIOSIS	-0.22097567891608963			
MIR1263	-0.2209848560656251			
GO_VASCULAR_ASSOCIATED_SMOOTH_MUSCLE_CELL_APOPTOTIC_PROCESS	-0.22098885963060536			
SAMOLS_TARGETS_OF_KHSV_MIRNAS_UP	-0.22100552077053745			
MIR222_3P	-0.22100578150544015			
GO_INTRACELLULAR_STEROID_HORMONE_RECEPTOR_SIGNALING_PATHWAY	-0.22100813691151			
MIR373_5P	-0.22102260716630692			
KEGG_UBIQUITIN_MEDIATED_PROTEOLYSIS	-0.2210248577682422			
GO_REGULATION_OF_MAINTENANCE_OF_SISTER_CHROMATID_COHESION	-0.22103137574834353			
MIR216A_5P	-0.22103332690019395			
GO_REPLICATION_FORK_PROCESSING	-0.2210354569605014			
MIR379_5P	-0.22104560373719587			
GO_POSITIVE_REGULATION_OF_PROTEIN_OLIGOMERIZATION	-0.22107261862793048			
GO_GEMINI_OF_COILED_BODIES	-0.22107378280577944			
GSE20151_CTRL_VS_FUSOBACT_NUCLEATUM_NEUTROPHIL_DN	-0.22108710625306446			
GSE17974_1H_VS_72H_UNTREATED_IN_VITRO_CD4_TCELL_UP	-0.22112120163687568			
GO_TRANS_SYNAPTIC_SIGNALING_BY_LIPID	-0.22112222770076698			
GO_NEUROMUSCULAR_PROCESS_CONTROLLING_POSTURE	-0.22112787758103422			
FOXO3_01	-0.2211288338706657			
GO_OXIDOREDUCTASE_ACTIVITY_ACTING_ON_THE_CH_NH_GROUP_OF_DONORS	-0.22113300137180053			
KEGG_PYRUVATE_METABOLISM	-0.22114125929829168			
REACTOME_NITRIC_OXIDE_STIMULATES_GUANYLATE_CYCLASE	-0.2211523581270259			
GO_REGULATION_OF_HISTONE_DEACETYLATION	-0.22116987736046628			
KORKOLA_SEMINOMA_DN	-0.22117090805286846			
REACTOME_THROMBOXANE_SIGNALLING_THROUGH_TP_RECEPTOR	-0.2211761697017586			
GO_INNERVATION	-0.22119989460327813			
GSE3400_UNTREATED_VS_IFNB_TREATED_MEF_DN	-0.221204016386844			
REACTOME_GLUCAGON_SIGNALING_IN_METABOLIC_REGULATION	-0.22120998124963046			
PRDM12_TARGET_GENES	-0.22121281500259085			
E2F3_UP.V1_UP	-0.2212231172351526			
BASSO_HAIRY_CELL_LEUKEMIA_DN	-0.22122770536087685			
GO_REGULATION_OF_CELL_CYCLE_ARREST	-0.22122894562450046			
GSE25123_CTRL_VS_ROSIGLITAZONE_STIM_PPARG_KO_MACROPHAGE_DN	-0.22124506197824625			
MCBRYAN_PUBERTAL_BREAST_5_6WK_DN	-0.22124714331087347			
GO_PYRUVATE_DEHYDROGENASE_ACTIVITY	-0.22125433997347035			
GSE6674_UNSTIM_VS_ANTI_IGM_STIM_BCELL_DN	-0.2212547103071149			
REACTOME_MRNA_CAPPING	-0.22126590595812223			
GSE17721_LPS_VS_GARDIQUIMOD_4H_BMDC_UP	-0.22126731830940605			
MIR4662A_3P	-0.22127241386313734			
IPA_NSD1_UP	-0.22127904712344657			
PID_AURORA_B_PATHWAY	-0.22128751002292507			
GSE21927_BALBC_VS_C57BL6_MONOCYTE_SPLEEN_UP	-0.22129008411900988			
GO_MEIOTIC_SISTER_CHROMATID_COHESION_CENTROMERIC	-0.221291304451564			
BIOCARTA_P27_PATHWAY	-0.22129900452536685			
GO_PROTEIN_LOCALIZATION_TO_NUCLEUS	-0.22131723794020441			
CERVERA_SDHB_TARGETS_1_DN	-0.22131913751552731			
HEDENFALK_BREAST_CANCER_BRACX_DN	-0.22132513157332032			
GO_REGULATION_OF_PROTON_TRANSPORT	-0.22133295494058294			
GSE15659_NONSUPPRESSIVE_TCELL_VS_ACTIVATED_TREG_UP	-0.2213375582241753			
BIOCARTA_RAS_PATHWAY	-0.22134422245089203			
TURJANSKI_MAPK8_AND_MAPK9_TARGETS	-0.22134496053332736			
GO_REGULATION_OF_CATION_TRANSMEMBRANE_TRANSPORT	-0.22135908063433024			
GO_NEDD8_SPECIFIC_PROTEASE_ACTIVITY	-0.22137253869815493			
MIR6808_3P	-0.22137925348548257			
GO_VASOPRESSIN_RECEPTOR_ACTIVITY	-0.221380571307779			
MIR4685_5P	-0.2213818652489542			
ZHOU_PANCREATIC_ENDOCRINE_PROGENITOR	-0.22138460322196943			
GO_GUANYLATE_CYCLASE_ACTIVITY	-0.22138779399113898			
REACTOME_SRP_DEPENDENT_COTRANSLATIONAL_PROTEIN_TARGETING_TO_MEMBRANE	-0.22139294353790584			
ISHIDA_E2F_TARGETS	-0.22139933476586485			
GO_CYCLIC_NUCLEOTIDE_CATABOLIC_PROCESS	-0.2214009329701623			
GO_POSITIVE_REGULATION_OF_ACUTE_INFLAMMATORY_RESPONSE	-0.22140183157420026			
GO_ACETYL_COA_HYDROLASE_ACTIVITY	-0.22140559640615112			
GO_NEGATIVE_REGULATION_OF_SYNAPTIC_PLASTICITY	-0.2214095016146938			
GO_REGULATION_OF_PEPTIDYL_LYSINE_ACETYLATION	-0.22142200010163118			
GO_NEGATIVE_REGULATION_OF_PRODUCTION_OF_MIRNAS_INVOLVED_IN_GENE_SILENCING_BY_MIRNA	-0.22143488815668064			
IPA_NR2E3_DN	-0.2214443851725098			
GSE28726_NAIVE_CD4_TCELL_VS_NAIVE_VA24NEG_NKTCELL_UP	-0.22144759310307846			
HERNANDEZ_ABERRANT_MITOSIS_BY_DOCETACEL_2NM_DN	-0.22144768837688467			
GO_NEGATIVE_REGULATION_OF_MATRIX_METALLOPEPTIDASE_SECRETION	-0.2214734418826407			
GO_GASTRIC_EMPTYING	-0.22148516728071965			
GSE20366_TREG_VS_NAIVE_CD4_TCELL_HOMEOSTATIC_CONVERSION_UP	-0.2214897630487381			
REACTOME_REGULATION_OF_EXPRESSION_OF_SLITS_AND_ROBOS	-0.22148986041106558			
GO_CELL_PROLIFERATION_INVOLVED_IN_METANEPHROS_DEVELOPMENT	-0.2214966264705308			
GSE2770_UNTREATED_VS_TGFB_AND_IL12_TREATED_ACT_CD4_TCELL_2H_UP	-0.22149741138826903			
GSE15659_NONSUPPRESSIVE_TCELL_VS_ACTIVATED_TREG_DN	-0.22150587979892705			
MIR1262	-0.22151300124593595			
GSE13173_UNTREATED_VS_IL12_TREATED_ACT_CD8_TCELL_DN	-0.221520454803379			
MIR6853_3P	-0.22152426939925768			
GSE23321_CD8_STEM_CELL_MEMORY_VS_NAIVE_CD8_TCELL_UP	-0.22152793887580208			
GO_CYTIDINE_TO_URIDINE_EDITING	-0.22154554189791245			
MIR509_3_5P	-0.22156238763783576			
GO_LEUCINE_BINDING	-0.2215625833555265			
GO_PROTEIN_DESTABILIZATION	-0.22157240831621625			
GO_ESTABLISHMENT_OF_PROTEIN_LOCALIZATION_TO_ORGANELLE	-0.22158623232838898			
GO_INTRAMOLECULAR_TRANSFERASE_ACTIVITY	-0.2215926138226899			
REACTOME_CLASS_A_1_RHODOPSIN_LIKE_RECEPTORS	-0.22159844208209675			
GSE39556_CD8A_DC_VS_NK_CELL_MOUSE_3H_POST_POLYIC_INJ_UP	-0.22160277481646298			
GO_BRISC_COMPLEX	-0.2216058468836618			
GSE8515_IL1_VS_IL6_4H_STIM_MAC_DN	-0.2216097383223402			
GSE12845_IGD_POS_BLOOD_VS_PRE_GC_TONSIL_BCELL_UP	-0.22161253606135872			
GO_INHIBITORY_SYNAPSE	-0.2216154189557897			
GO_POSITIVE_REGULATION_OF_FATTY_ACID_OXIDATION	-0.2216171195213669			
IPA_GATA3_DN	-0.22162407138463755			
REACTOME_ANCHORING_OF_THE_BASAL_BODY_TO_THE_PLASMA_MEMBRANE	-0.2216264157674414			
GO_U12_TYPE_SPLICEOSOMAL_COMPLEX	-0.22162913391608913			
REACTOME_INTERCONVERSION_OF_NUCLEOTIDE_DI_AND_TRIPHOSPHATES	-0.22164380652992707			
GO_GMP_METABOLIC_PROCESS	-0.22165030825845625			
GO_CONDENSED_NUCLEAR_CHROMOSOME_CENTROMERIC_REGION	-0.22165769212255193			
GO_REGULATION_OF_COLLAGEN_METABOLIC_PROCESS	-0.22166113425053152			
GO_REGULATION_OF_BROWN_FAT_CELL_DIFFERENTIATION	-0.22166135842878534			
MIR3065_5P	-0.22166164546033507			
GO_AMP_BIOSYNTHETIC_PROCESS	-0.22166644334827937			
GO_FOUR_WAY_JUNCTION_HELICASE_ACTIVITY	-0.2216786773953586			
SYATTGTG_UNKNOWN	-0.22169523506850694			
TMTCGCGANR_UNKNOWN	-0.2217020979539296			
MIR7155_5P	-0.22170502361180863			
FLECHNER_PBL_KIDNEY_TRANSPLANT_REJECTED_VS_OK_DN	-0.2217053718213508			
GO_NEGATIVE_REGULATION_OF_CALCIUM_ION_TRANSPORT	-0.22171058484959896			
MIR4319	-0.2217144155456824			
GO_CELLULAR_RESPONSE_TO_FRUCTOSE_STIMULUS	-0.22172445506206437			
GO_POSITIVE_REGULATION_OF_NUCLEAR_CELL_CYCLE_DNA_REPLICATION	-0.22172612224528068			
GO_ADIPOSE_TISSUE_DEVELOPMENT	-0.22173096103775194			
MIR4760_3P	-0.22173822753013012			
MIR455_5P	-0.22174329841251011			
CSR_EARLY_UP.V1_DN	-0.22174455894869896			
GSE9960_GRAM_NEG_VS_GRAM_NEG_AND_POS_SEPSIS_PBMC_DN	-0.22178704289044002			
IPA_SP8_UP	-0.22179053291763842			
GO_REGULATION_OF_SIGNAL_TRANSDUCTION_BY_P53_CLASS_MEDIATOR	-0.2217911236058232			
MIR4638_5P	-0.2218018999575954			
NUNODA_RESPONSE_TO_DASATINIB_IMATINIB_DN	-0.22180382377624105			
GSE6269_HEALTHY_VS_STAPH_AUREUS_INF_PBMC_UP	-0.22180920389886816			
GO_PHOSPHATIDIC_ACID_METABOLIC_PROCESS	-0.22182164446444425			
GO_3_5_CYCLIC_GMP_PHOSPHODIESTERASE_ACTIVITY	-0.2218220324208897			
GSE17721_POLYIC_VS_GARDIQUIMOD_16H_BMDC_DN	-0.22185143868771556			
IGARASHI_ATF4_TARGETS_UP	-0.22186753775644605			
MIR509_5P	-0.22186980300720174			
GO_BMP_RECEPTOR_BINDING	-0.22187082522026735			
GSE39820_TGFBETA1_IL6_VS_TGFBETA1_IL6_IL23A_TREATED_CD4_TCELL_DN	-0.2218769970745546			
GO_COMMITMENT_OF_NEURONAL_CELL_TO_SPECIFIC_NEURON_TYPE_IN_FOREBRAIN	-0.2218858280526855			
MIR323B_3P	-0.2218916784008945			
GO_X_CHROMOSOME	-0.22189921751650735			
MIR1206	-0.2219149542529418			
GO_PWP2P_CONTAINING_SUBCOMPLEX_OF_90S_PRERIBOSOME	-0.2219156166960552			
IPA_MYBBP1A_UP	-0.22191631946993912			
IPA_MYF5_UP	-0.2219178458768731			
KORKOLA_EMBRYONAL_CARCINOMA_DN	-0.22191823516855858			
GSE22025_UNTREATED_VS_TGFB1_TREATED_CD4_TCELL_DN	-0.22191973444615246			
GSE17721_POLYIC_VS_PAM3CSK4_0.5H_BMDC_UP	-0.22192116628188083			
GEISS_RESPONSE_TO_DSRNA_DN	-0.22192473436936871			
GO_NEGATIVE_REGULATION_OF_REACTIVE_OXYGEN_SPECIES_BIOSYNTHETIC_PROCESS	-0.2219263451053632			
MIR4475	-0.2219289785641241			
chrYq11	-0.22193432838039787			
GO_MITOCHONDRIAL_ACETYL_COA_BIOSYNTHETIC_PROCESS_FROM_PYRUVATE	-0.22193583735463984			
GO_NEUROMUSCULAR_PROCESS	-0.22194767982853336			
SETBP1_TARGET_GENES	-0.2219526586201486			
GSE13547_CTRL_VS_ANTI_IGM_STIM_BCELL_12H_UP	-0.2219634930968697			
GO_NUCLEOBASE_CONTAINING_COMPOUND_TRANSMEMBRANE_TRANSPORTER_ACTIVITY	-0.22196413980087631			
GO_TRANSCRIPTION_FACTOR_BINDING	-0.22197196631607402			
FLORIO_NEOCORTEX_BASAL_RADIAL_GLIA_DN	-0.2219798709064717			
MIKKELSEN_ES_LCP_WITH_H3K4ME3	-0.2219898325604406			
GO_RRNA_PSEUDOURIDINE_SYNTHESIS	-0.22198992027662273			
MIR6074	-0.22199817872592242			
MIR6752_5P	-0.22199872716153454			
MIR1184	-0.2220092073262545			
GSE25088_CTRL_VS_ROSIGLITAZONE_STIM_MACROPHAGE_UP	-0.22201471735988945			
BIOCARTA_PGC1A_PATHWAY	-0.22201691573116247			
GO_TEMPERATURE_HOMEOSTASIS	-0.2220199541519566			
GO_SPHINGOLIPID_BINDING	-0.2220288052147877			
GO_PYRUVATE_TRANSMEMBRANE_TRANSPORT	-0.2220313884594636			
GO_PYRUVATE_TRANSMEMBRANE_TRANSPORTER_ACTIVITY	-0.2220313884594636			
GO_CALCIUM_CHANNEL_COMPLEX	-0.22204328827750153			
GSE17721_CPG_VS_GARDIQUIMOD_8H_BMDC_UP	-0.22204563315543918			
GSE20198_IL12_VS_IL12_IL18_TREATED_ACT_CD4_TCELL_UP	-0.22205662920268687			
IPA_SP4_UP	-0.22205747347011534			
GO_STEROL_ESTERASE_ACTIVITY	-0.22207849090442866			
GO_PROTEIN_AUTOUBIQUITINATION	-0.22209385034886217			
GO_ACYL_COA_DEHYDROGENASE_ACTIVITY	-0.22209553950629232			
NRL_DN.V1_DN	-0.22209666423987576			
GO_POSTSYNAPTIC_SIGNAL_TRANSDUCTION	-0.2221074208468263			
MIR6746_5P	-0.22211043639451705			
MIR522_3P	-0.22211376457896415			
MIR4790_3P	-0.2221167507116874			
GO_REGULATION_OF_ION_TRANSPORT	-0.22212024883651385			
IPA_FOXG1_UP	-0.22213421572530653			
GO_UBIQUITIN_LIKE_PROTEIN_LIGASE_ACTIVITY	-0.2221351592861403			
GO_REGULATION_OF_GOLGI_TO_PLASMA_MEMBRANE_PROTEIN_TRANSPORT	-0.2221386348600371			
MIR188_5P	-0.22213866533901472			
GO_RIBOSOMAL_SMALL_SUBUNIT_EXPORT_FROM_NUCLEUS	-0.22213880906010247			
GO_PROTEIN_LOCALIZATION_TO_CHROMOSOME_CENTROMERIC_REGION	-0.2221390067171352			
GO_CIRCADIAN_SLEEP_WAKE_CYCLE	-0.22215069932027434			
GAGCTGG_MIR337	-0.22218064254826478			
PLASARI_TGFB1_TARGETS_1HR_DN	-0.22218428630448872			
IPA_ATF6_UP	-0.22220726972230576			
GO_REGULATION_OF_GLYCOGEN_STARCH_SYNTHASE_ACTIVITY	-0.22221032653444533			
SARTIPY_NORMAL_AT_INSULIN_RESISTANCE_DN	-0.22221540499936615			
GO_RESPONSE_TO_STAUROSPORINE	-0.2222252985920647			
GO_REGULATION_OF_ADIPOSE_TISSUE_DEVELOPMENT	-0.22222845240067846			
GSE24634_TEFF_VS_TCONV_DAY3_IN_CULTURE_UP	-0.22223452813461717			
GSE12003_MIR223_KO_VS_WT_BM_PROGENITOR_8D_CULTURE_UP	-0.222242323361532			
GKCGCNNNNNNNTGAYG_UNKNOWN	-0.22224264076606445			
GO_DNA_N_GLYCOSYLASE_ACTIVITY	-0.22224456583394553			
SHETH_LIVER_CANCER_VS_TXNIP_LOSS_PAM5	-0.22224544170789115			
GSE32034_LY6C_HIGH_VS_LOW_ROSIGLIZATONE_TREATED_MONOCYTE_UP	-0.2222539739907453			
GO_C_X_C_CHEMOKINE_RECEPTOR_ACTIVITY	-0.22225915905381907			
GSE40274_CTRL_VS_FOXP3_TRANSDUCED_ACTIVATED_CD4_TCELL_UP	-0.22226097669122927			
GSE22432_PDC_VS_TGFB1_TREATEDCOMMON_DC_PROGENITOR_UP	-0.22226707059598194			
REACTOME_RELAXIN_RECEPTORS	-0.22226830089818403			
GO_DOPAMINE_RECEPTOR_SIGNALING_PATHWAY	-0.22227565085359235			
MIR519E_5P	-0.2222853387013159			
GSE360_L_DONOVANI_VS_L_MAJOR_DC_UP	-0.2222856280214711			
GO_MAP_KINASE_SCAFFOLD_ACTIVITY	-0.22229658602687338			
HU_ANGIOGENESIS_DN	-0.22229904403097162			
BIOCARTA_IRES_PATHWAY	-0.22229995067143374			
REACTOME_JOSEPHIN_DOMAIN_DUBS	-0.22230090945349157			
GO_REGULATION_OF_PROTEIN_LOCALIZATION_TO_NUCLEUS	-0.22230713415653125			
BIOCARTA_MHC_PATHWAY	-0.22231259667940537			
DACOSTA_ERCC3_ALLELE_XPCS_VS_TTD_DN	-0.222313370143582			
GSE16386_IL4_VS_IL4_AND_ROSIGLITAZONE_STIM_MACROPHAGE_6H_DN	-0.22231937214423564			
WANG_PROSTATE_CANCER_ANDROGEN_INDEPENDENT	-0.22232071068446932			
IPA_ABL1_UP	-0.22232715231019465			
REACTOME_CELL_CYCLE_MITOTIC	-0.2223283238655783			
GO_REGULATION_OF_AMINO_ACID_TRANSMEMBRANE_TRANSPORT	-0.22232936589547375			
MIR4716_5P	-0.22234003249664636			
GO_TRANSPORTER_COMPLEX	-0.2223457479534964			
GO_COPII_COATED_VESICLE_CARGO_LOADING	-0.22235089816328985			
HUNSBERGER_EXERCISE_REGULATED_GENES	-0.22237155103396522			
GO_HISTONE_DEPHOSPHORYLATION	-0.22238295990135062			
MIR4757_5P	-0.22238652337452314			
GO_L_AMINO_ACID_TRANSPORT	-0.2223878762627598			
MIR548AJ_5P_MIR548G_5P_MIR548X_5P	-0.2223905693570879			
GO_POSITIVE_REGULATION_OF_INTERLEUKIN_5_PRODUCTION	-0.2223928922789938			
ALX4_01	-0.22239368486572386			
GO_PROTEIN_PROCESSING_INVOLVED_IN_PROTEIN_TARGETING_TO_MITOCHONDRION	-0.22240507874700466			
GO_MITOCHONDRIAL_PROTON_TRANSPORTING_ATP_SYNTHASE_COMPLEX_CATALYTIC_CORE_F_1	-0.22240716363511145			
REACTOME_HORMONE_LIGAND_BINDING_RECEPTORS	-0.22241722059114646			
GO_DNA_CATABOLIC_PROCESS	-0.22242010795572276			
WEBER_METHYLATED_ICP_IN_FIBROBLAST	-0.22242420926922568			
GO_LIGAND_GATED_ANION_CHANNEL_ACTIVITY	-0.22243828371963392			
MIR489_3P	-0.2224481216485952			
ESC_J1_UP_LATE.V1_DN	-0.22244823149015616			
GO_NEUTRAL_AMINO_ACID_TRANSMEMBRANE_TRANSPORTER_ACTIVITY	-0.22244972088939408			
MTHFD1_TARGET_GENES	-0.22245004561198198			
chr22q11	-0.22248558874767638			
IPA_NR2C1_UP	-0.22248931245608375			
NIKOLSKY_BREAST_CANCER_12Q13_Q21_AMPLICON	-0.22249195549894715			
MOOTHA_MITOCHONDRIA	-0.22250981609566675			
MIR877_5P	-0.22251967794321723			
GO_PHASIC_SMOOTH_MUSCLE_CONTRACTION	-0.2225243469152092			
GO_RNA_POLYMERASE_II_SPECIFIC_DNA_BINDING_TRANSCRIPTION_FACTOR_BINDING	-0.2225276964339326			
chr8q13	-0.2225380139079577			
GO_TENDON_DEVELOPMENT	-0.2225386329287939			
GSE339_CD4POS_VS_CD8POS_DC_IN_CULTURE_UP	-0.2225440275654301			
GO_G2_DNA_DAMAGE_CHECKPOINT	-0.22255541491334707			
GSE28237_FOLLICULAR_VS_EARLY_GC_BCELL_DN	-0.22255625394876957			
GO_MITOCHONDRIAL_FRAGMENTATION_INVOLVED_IN_APOPTOTIC_PROCESS	-0.22255765107056127			
GO_REGULATION_OF_AMPA_RECEPTOR_ACTIVITY	-0.2225697962070501			
PID_CONE_PATHWAY	-0.2225723283179151			
GO_MOLECULAR_TRANSDUCER_ACTIVITY	-0.2225795553181438			
IPA_RXRG_DN	-0.22258222373631778			
GO_DNA_BIOSYNTHETIC_PROCESS	-0.22259963584624215			
GO_RESPIRATORY_BURST_INVOLVED_IN_INFLAMMATORY_RESPONSE	-0.22259975879071556			
GSE19888_CTRL_VS_A3R_ACTIVATION_MAST_CELL_DN	-0.22260497680742142			
GO_PROTEIN_LOCALIZATION_TO_PRESYNAPSE	-0.22260862061031547			
REACTOME_C_TYPE_LECTIN_RECEPTORS_CLRS	-0.222618987320255			
GO_NEGATIVE_REGULATION_OF_GLIOGENESIS	-0.22262539539010692			
MIR4696	-0.2226292489063596			
BRUNEAU_SEPTATION_ATRIAL	-0.22263083603419845			
REACTOME_CREB1_PHOSPHORYLATION_THROUGH_THE_ACTIVATION_OF_CAMKII_CAMKK_CAMKIV_CASCASDE	-0.2226424496305126			
GO_NEUROPEPTIDE_RECEPTOR_BINDING	-0.22265048285041525			
GO_HYDROLASE_ACTIVITY_HYDROLYZING_O_GLYCOSYL_COMPOUNDS	-0.22267064992062058			
GO_NEGATIVE_REGULATION_OF_RUFFLE_ASSEMBLY	-0.22270219602395722			
GO_CIA_COMPLEX	-0.22271112366145815			
GO_NEGATIVE_REGULATION_OF_MULTI_ORGANISM_PROCESS	-0.22271414430893371			
GO_CALYX_OF_HELD	-0.22272711585820779			
REACTOME_SEROTONIN_NEUROTRANSMITTER_RELEASE_CYCLE	-0.22272860121991148			
MIR541_3P	-0.22273065068366144			
REACTOME_SIALIC_ACID_METABOLISM	-0.22273539018063132			
IPA_CCNH_UP	-0.2227371062844304			
GO_RNA_DEPENDENT_DNA_BIOSYNTHETIC_PROCESS	-0.22274172512404888			
GO_NUCLEOSIDE_TRIPHOSPHATE_BIOSYNTHETIC_PROCESS	-0.22276673708504963			
GO_VIRAL_GENE_EXPRESSION	-0.22277013490420494			
GO_SPINAL_CORD_MOTOR_NEURON_DIFFERENTIATION	-0.2227896001886686			
IPA_YBX1_DN	-0.22279323913574584			
IPA_IRF5_DN	-0.22279323913574584			
IPA_SUB1_DN	-0.22279323913574584			
MIR3618	-0.222795155885618			
REACTOME_RESPONSE_OF_EIF2AK1_HRI_TO_HEME_DEFICIENCY	-0.2227952751416201			
GO_CELLULAR_RESPONSE_TO_BRAIN_DERIVED_NEUROTROPHIC_FACTOR_STIMULUS	-0.22280008243706328			
MIKKELSEN_DEDIFFERENTIATED_STATE_DN	-0.22280300359677227			
chr10q24	-0.22281460052359225			
GO_CELLULAR_RESPONSE_TO_VIRUS	-0.22281832384316633			
chr9p24	-0.2228184043408178			
GSE360_DC_VS_MAC_UP	-0.22282461017899877			
GO_NUCLEOSIDE_DIPHOSPHATE_KINASE_ACTIVITY	-0.2228275080736125			
MIR7157_3P	-0.22286799521241285			
WONG_EMBRYONIC_STEM_CELL_CORE	-0.22286939338636197			
GO_MITOCHONDRIAL_RNA_3_END_PROCESSING	-0.22287098848059325			
IPA_IFI16_UP	-0.2228746948237886			
REACTOME_VITAMIN_B5_PANTOTHENATE_METABOLISM	-0.22288281581323507			
PLASARI_TGFB1_SIGNALING_VIA_NFIC_10HR_DN	-0.222883799627359			
GO_POSITIVE_REGULATION_OF_AMINE_TRANSPORT	-0.22288532267660213			
MIR10525_3P	-0.22288601120393028			
ZNF354A_TARGET_GENES	-0.22290548432025695			
GO_REGULATION_OF_PROTEIN_POLYUBIQUITINATION	-0.22292513146239976			
IPA_BCL3_UP	-0.22294090042226714			
GTF3A_TARGET_GENES	-0.22294584950085078			
IPA_POU5F1_DN	-0.22297162038905624			
MIR602	-0.22297741301671156			
IPA_MTA1_DN	-0.2229827693040905			
GO_VIRAL_RNA_GENOME_REPLICATION	-0.22299196446223654			
GO_REGULATION_OF_G_PROTEIN_COUPLED_RECEPTOR_SIGNALING_PATHWAY	-0.22299315919545357			
REACTOME_CALCINEURIN_ACTIVATES_NFAT	-0.22299429120233627			
GO_NEGATIVE_REGULATION_OF_NUCLEOTIDE_BIOSYNTHETIC_PROCESS	-0.22299798255070669			
REACTOME_ANTIGEN_PROCESSING_UBIQUITINATION_PROTEASOME_DEGRADATION	-0.22299816157576843			
GO_HISTONE_METHYLTRANSFERASE_ACTIVITY_H4_K20_SPECIFIC	-0.2230146134199824			
GO_MAINTENANCE_OF_ORGANELLE_LOCATION	-0.22302010576043735			
chr11p11	-0.2230256039835474			
GO_REGULATION_OF_SARCOMERE_ORGANIZATION	-0.22303468433419077			
GO_NUCLEOTIDE_EXCISION_REPAIR_PREINCISION_COMPLEX_ASSEMBLY	-0.22303875929889488			
GO_KINETOCHORE_ORGANIZATION	-0.2230423790342623			
GSE10239_KLRG1INT_VS_KLRG1HIGH_EFF_CD8_TCELL_UP	-0.22305563904657255			
GO_CYTOPLASMIC_SEQUESTERING_OF_PROTEIN	-0.22306822682395575			
MIR12121	-0.22306907198102194			
MIR5008_5P	-0.22307359193611878			
GSE11924_TFH_VS_TH17_CD4_TCELL_DN	-0.22307425453398			
GO_D2_DOPAMINE_RECEPTOR_BINDING	-0.22307453671934035			
GO_CATECHOLAMINE_SECRETION	-0.22307995532667613			
GSE24142_ADULT_VS_FETAL_DN3_THYMOCYTE_UP	-0.22308316369240594			
GO_RESPONSE_TO_DOPAMINE	-0.2230973326352095			
GSE17721_POLYIC_VS_GARDIQUIMOD_6H_BMDC_DN	-0.22310520385142782			
BAKER_HEMATOPOIESIS_STAT3_TARGETS	-0.2231052274106342			
GO_DENDRITIC_SPINE_HEAD	-0.22310721359451505			
GSE10239_NAIVE_VS_MEMORY_CD8_TCELL_DN	-0.22311268114029234			
GO_REGULATION_OF_HEMATOPOIETIC_PROGENITOR_CELL_DIFFERENTIATION	-0.22311297567062657			
GO_ACETATE_ESTER_TRANSPORT	-0.22311321758864483			
MIR1288_5P	-0.22312686323455294			
GSE37534_PIOGLITAZONE_VS_ROSIGLITAZONE_TREATED_CD4_TCELL_PPARG1_FOXP3_TRANSDUCED_UP	-0.22312915137583014			
GSE3982_EFF_MEMORY_CD4_TCELL_VS_TH2_DN	-0.2231326809380702			
GO_OLIGOSACCHARIDE_BINDING	-0.22313504617945606			
REACTOME_DEFECTIVE_CHST6_CAUSES_MCDC1	-0.22313674574759884			
GO_TRACE_AMINE_RECEPTOR_ACTIVITY	-0.22315600992906162			
GO_SYNAPTIC_TRANSMISSION_GLUTAMATERGIC	-0.22315910105311276			
GO_REGULATION_OF_CYCLASE_ACTIVITY	-0.22316258598612215			
REACTOME_SUMOYLATION_OF_TRANSCRIPTION_COFACTORS	-0.22316603069784202			
CAFFAREL_RESPONSE_TO_THC_24HR_5_UP	-0.22316747513100726			
GSE17721_LPS_VS_GARDIQUIMOD_24H_BMDC_DN	-0.2231684707118012			
IPA_SMARCA4_DN	-0.22317002077343973			
GO_PROTEIN_SERINE_THREONINE_KINASE_ACTIVATOR_ACTIVITY	-0.22317447777394364			
GSE17974_CTRL_VS_ACT_IL4_AND_ANTI_IL12_0.5H_CD4_TCELL_DN	-0.22318041148057985			
GO_RRNA_MODIFICATION	-0.2232090777457807			
GO_MITOCHONDRIAL_RNA_METABOLIC_PROCESS	-0.22320942194071625			
GO_REGULATION_OF_CELL_MATURATION	-0.2232143943791263			
REACTOME_RESOLUTION_OF_SISTER_CHROMATID_COHESION	-0.22321971038584995			
GO_PHOSPHATIDYLSERINE_EXPOSURE_ON_APOPTOTIC_CELL_SURFACE	-0.22323310666429308			
GO_HEPARAN_SULFATE_GLUCOSAMINE_3_SULFOTRANSFERASE_1_ACTIVITY	-0.22323785492558507			
GO_ADRENERGIC_RECEPTOR_BINDING	-0.2232566313886821			
GO_REGULATION_OF_TELOMERE_MAINTENANCE_VIA_TELOMERE_LENGTHENING	-0.22326194745772038			
IPA_TERF1_DN	-0.22327259616554987			
GO_POSTSYNAPSE	-0.22327262003816914			
GO_PERICARDIUM_DEVELOPMENT	-0.223273420254649			
GSE3203_WT_VS_IFNAR1_KO_INFLUENZA_INFECTED_LN_BCELL_UP	-0.2232794570074272			
GSE19888_NO_PRETREAT_VS_ADENOSINE_A3R_INHIBITOR_PRETREATED_MAST_CELL_TCELL_MEMBRANES_ACT_DN	-0.2232938678118558			
MIR1244	-0.22329999066456196			
MIR6827_3P	-0.22330580820127732			
GO_RESPONSE_TO_INTERFERON_BETA	-0.22331641471546443			
MIR626	-0.22332760624323342			
GSE13485_DAY1_VS_DAY21_YF17D_VACCINE_PBMC_DN	-0.2233529174590371			
GO_REGULATION_OF_POSTSYNAPTIC_DENSITY_ORGANIZATION	-0.22335811368572817			
GO_REGULATION_OF_MRNA_3_END_PROCESSING	-0.22336448353605665			
BIOCARTA_MET_PATHWAY	-0.22336760583468684			
IPA_EGR2_DN	-0.22337234266889475			
BRUNEAU_HEART_GREAT_VESSELS_AND_VALVULOGENESIS	-0.22337659470478868			
SU_TESTIS	-0.22337744746647883			
GO_POSITIVE_REGULATION_OF_ADIPOSE_TISSUE_DEVELOPMENT	-0.2233812891659688			
GO_POSITIVE_REGULATION_OF_MEMBRANE_DEPOLARIZATION	-0.22340766701567902			
chr18p11	-0.22341530115455435			
GO_POSITIVE_REGULATION_OF_PROTEIN_LOCALIZATION_TO_CENTROSOME	-0.22342618929512978			
GSE21927_SPLEEN_VS_C26GM_TUMOR_MONOCYTE_BALBC_UP	-0.22342841611573389			
GO_NEGATIVE_REGULATION_OF_PROTEIN_LOCALIZATION_TO_NUCLEUS	-0.22343230096785727			
GO_POSITIVE_REGULATION_OF_SYNAPTIC_VESICLE_EXOCYTOSIS	-0.22343654677449618			
REACTOME_HUR_ELAVL1_BINDS_AND_STABILIZES_MRNA	-0.2234382772267289			
GO_N_ACETYLGLUCOSAMINE_METABOLIC_PROCESS	-0.22344128303370078			
GO_MAINTENANCE_OF_SISTER_CHROMATID_COHESION	-0.22346278392795635			
MIR377_5P	-0.22346688532090944			
GO_POSTREPLICATION_REPAIR	-0.22346948606676598			
NIKOLSKY_BREAST_CANCER_17Q21_Q25_AMPLICON	-0.22347958293675188			
GSE9037_WT_VS_IRAK4_KO_LPS_4H_STIM_BMDM_DN	-0.22348873670472855			
PURBEY_TARGETS_OF_CTBP1_AND_SATB1_DN	-0.22352280507189737			
MIR4441	-0.2235269581174767			
GO_ZYMOGEN_INHIBITION	-0.2235273539675436			
GO_SECONDARY_HEART_FIELD_SPECIFICATION	-0.22353033425224209			
DARWICHE_PAPILLOMA_PROGRESSION_RISK	-0.22353725951671394			
GO_SEXUAL_REPRODUCTION	-0.22356179938747953			
MORI_SMALL_PRE_BII_LYMPHOCYTE_UP	-0.2235639480785956			
GO_SMOOTH_MUSCLE_CELL_DIFFERENTIATION	-0.22358244256083976			
GO_GABA_GATED_CHLORIDE_ION_CHANNEL_ACTIVITY	-0.22358598537900115			
REACTOME_GABA_RECEPTOR_ACTIVATION	-0.2235996547609771			
GO_MYOBLAST_PROLIFERATION	-0.2236148287260824			
ZNF791_TARGET_GENES	-0.22362269339816898			
GO_CRANIAL_NERVE_FORMATION	-0.22362568712391062			
GO_GTPASE_REGULATOR_ACTIVITY	-0.2236279317152176			
GO_NEGATIVE_REGULATION_OF_DEPHOSPHORYLATION	-0.2236458579133289			
MIR4677_5P	-0.2236481997135528			
GSE557_CIITA_KO_VS_I_AB_KO_DC_DN	-0.22364828394776787			
GO_OTIC_VESICLE_FORMATION	-0.22365646839910838			
PTEN_DN.V2_DN	-0.2236765082705326			
MIR4753_3P	-0.2236993439980972			
MIR4522	-0.2237009383587736			
GSE10325_BCELL_VS_LUPUS_BCELL_UP	-0.22370652194770743			
GO_MHC_CLASS_II_PROTEIN_COMPLEX	-0.22370796053916606			
BROWNE_HCMV_INFECTION_4HR_DN	-0.22372326173256424			
IPA_XRCC6_UP	-0.22374611534713076			
GO_TRAPP_COMPLEX	-0.22374960294743526			
MARZEC_IL2_SIGNALING_UP	-0.22375371340629527			
FIRESTEIN_PROLIFERATION	-0.2237645942610533			
chr8q23	-0.22376615083348222			
GO_MODULATION_BY_VIRUS_OF_HOST_MORPHOLOGY_OR_PHYSIOLOGY	-0.22376835497496567			
SHETH_LIVER_CANCER_VS_TXNIP_LOSS_PAM4	-0.22377427619700596			
GO_CYCLIN_DEPENDENT_PROTEIN_KINASE_ACTIVITY	-0.22378417179667764			
RYTGCNWTGGNR_UNKNOWN	-0.22379770154181555			
GO_RNA_CAPPING	-0.22382147340030983			
GSE15324_NAIVE_VS_ACTIVATED_ELF4_KO_CD8_TCELL_UP	-0.22384343778157814			
GO_TRANSFERASE_ACTIVITY_TRANSFERRING_PENTOSYL_GROUPS	-0.2238437967813765			
GO_BUNDLE_OF_HIS_CELL_TO_PURKINJE_MYOCYTE_SIGNALING	-0.2238532686332862			
GAGACTG_MIR452	-0.2238586170944844			
GO_NEGATIVE_REGULATION_OF_CALCIUM_ION_DEPENDENT_EXOCYTOSIS	-0.22386077067234342			
GO_MUSCLE_CELL_APOPTOTIC_PROCESS	-0.22386197778031836			
chr4q28	-0.22387880485678313			
BYSTRYKH_HEMATOPOIESIS_STEM_CELL_FLI1	-0.22388896141307815			
MIR653_3P	-0.22388999439360985			
MIR5584_3P	-0.2239130723610813			
ZHAN_MULTIPLE_MYELOMA_HP_DN	-0.22391608801408297			
MIR4517	-0.22392423765103836			
chr17q12	-0.22392467812645667			
IPA_SCXA_DN	-0.22392588865182353			
GO_90S_PRERIBOSOME	-0.22394322720428136			
GSE21927_SPLEEN_MONOCYTE_VS_GMCSF_GCSF_BONE_MARROW_UP	-0.2239479668140316			
GO_POSITIVE_REGULATION_OF_AXON_GUIDANCE	-0.22395747663665463			
REACTOME_SHC_MEDIATED_CASCADE_FGFR1	-0.22398670329985407			
COLDREN_GEFITINIB_RESISTANCE_UP	-0.22399918560929685			
STAMBOLSKY_BOUND_BY_MUTATED_TP53	-0.22400503297902802			
GR_01	-0.22401742487693546			
REACTOME_REGULATION_OF_IFNG_SIGNALING	-0.22402851519602052			
GO_MYD88_INDEPENDENT_TOLL_LIKE_RECEPTOR_SIGNALING_PATHWAY	-0.22403467888447035			
GO_MANNOSYL_OLIGOSACCHARIDE_1_2_ALPHA_MANNOSIDASE_ACTIVITY	-0.22407079700352983			
GO_CUL5_RING_UBIQUITIN_LIGASE_COMPLEX	-0.2240728412035509			
IPA_CREB3L1_DN	-0.22407306820165132			
MIR650	-0.22407593406946655			
GO_PROTEIN_KINASE_A_CATALYTIC_SUBUNIT_BINDING	-0.22408537969520087			
TESAR_JAK_TARGETS_MOUSE_ES_D3_DN	-0.22409598320444823			
GO_POSITIVE_REGULATION_OF_GLIAL_CELL_PROLIFERATION	-0.2241000545063447			
chr6q27	-0.2241028390022594			
GO_POSITIVE_REGULATION_OF_KILLING_OF_CELLS_OF_OTHER_ORGANISM	-0.22410493161876677			
GSE19888_ADENOSINE_A3R_INH_VS_TCELL_MEMBRANES_ACT_MAST_CELL_UP	-0.22410497550571393			
MIR3972	-0.224108056572024			
REACTOME_TRNA_PROCESSING_IN_THE_MITOCHONDRION	-0.22411063643328086			
GSE360_L_DONOVANI_VS_T_GONDII_DC_DN	-0.22411276611745215			
GO_REGULATION_OF_NUCLEASE_ACTIVITY	-0.2241244560027152			
GO_ACYL_CARNITINE_TRANSPORT	-0.2241475473016206			
GO_ACYL_CARNITINE_TRANSMEMBRANE_TRANSPORTER_ACTIVITY	-0.2241475473016206			
GO_TUMOR_NECROSIS_FACTOR_ACTIVATED_RECEPTOR_ACTIVITY	-0.22415012657218295			
IPA_NFKBIB_UP	-0.2241576800503444			
GSE43863_NAIVE_VS_TH1_EFF_CD4_TCELL_D6_LCMV_DN	-0.22417216703887444			
LI_CYTIDINE_ANALOG_PATHWAY	-0.2241905948758257			
REACTOME_DNA_DAMAGE_BYPASS	-0.2241932834814642			
MIR668_3P	-0.22419865030187286			
GO_NEGATIVE_REGULATION_OF_DNA_TEMPLATED_TRANSCRIPTION_ELONGATION	-0.2242030926275323			
USF_Q6	-0.22422405615531865			
GO_CD4_RECEPTOR_BINDING	-0.22423256624580756			
GO_NEGATIVE_REGULATION_OF_INTRACELLULAR_STEROID_HORMONE_RECEPTOR_SIGNALING_PATHWAY	-0.22423289853927741			
GSE14908_RESTING_VS_HDM_STIM_CD4_TCELL_NONATOPIC_PATIENT_DN	-0.22424012794154874			
MIR9902	-0.22424105628613697			
GO_DIPEPTIDYL_PEPTIDASE_ACTIVITY	-0.22424623315545217			
GO_REELIN_MEDIATED_SIGNALING_PATHWAY	-0.2242491157611608			
GSE22886_NAIVE_CD4_TCELL_VS_MEMORY_TCELL_UP	-0.22425650025775537			
BYSTRYKH_HEMATOPOIESIS_STEM_CELL_AND_BRAIN_QTL_CIS	-0.22425782128696514			
GSE32255_WT_VS_JMJD2D_KNOCKDOWN_4H_LPS_STIM_DC_DN	-0.22426049568562736			
GO_METAPHASE_ANAPHASE_TRANSITION_OF_CELL_CYCLE	-0.22427959984808254			
GSE37563_WT_VS_CTLA4_KO_CD4_TCELL_D4_POST_IMMUNIZATION_UP	-0.2242817949503846			
NIKOLSKY_BREAST_CANCER_16Q24_AMPLICON	-0.22428637093388304			
IPA_THRB_UP	-0.22428988213954182			
GSE360_L_DONOVANI_VS_B_MALAYI_LOW_DOSE_MAC_DN	-0.22429439637201334			
REACTOME_TACHYKININ_RECEPTORS_BIND_TACHYKININS	-0.22432049654256472			
MIR3165	-0.22432145667589334			
GO_LEUCINE_CATABOLIC_PROCESS	-0.22432242451793868			
BIOCARTA_RANBP2_PATHWAY	-0.22433113750166034			
COIL_TARGET_GENES	-0.2243385041672441			
GSE13547_CTRL_VS_ANTI_IGM_STIM_BCELL_2H_UP	-0.2243467390050157			
GSE29618_LAIV_VS_TIV_FLU_VACCINE_DAY7_PDC_UP	-0.22434869047356595			
chr1q23	-0.2243609104192651			
REACTOME_ACTIVATION_OF_TRKA_RECEPTORS	-0.22436363878995216			
GO_VIRAL_LATENCY	-0.2243657791970476			
GO_O_METHYLTRANSFERASE_ACTIVITY	-0.2243758236586105			
RUVBL1_TARGET_GENES	-0.22437832087363319			
GO_PHOSPHOPROTEIN_BINDING	-0.22438125748915214			
REACTOME_INTEGRATION_OF_PROVIRUS	-0.22439598356998416			
MIR4769_3P	-0.2244119905374364			
chr2p23	-0.22441308591057962			
MIR6502_5P	-0.22441958454787003			
IPA_WHSC1_UP	-0.2244299228892392			
GO_REGULATION_OF_APOPTOTIC_CELL_CLEARANCE	-0.2244416229020213			
REACTOME_TERMINATION_OF_TRANSLESION_DNA_SYNTHESIS	-0.22445572011921078			
GO_PROTEIN_TETRAMERIZATION	-0.22445645178722343			
GO_POSTSYNAPTIC_MEMBRANE	-0.22445817184584196			
MIR6792_3P	-0.22450055798174073			
GSE12845_IGD_POS_BLOOD_VS_DARKZONE_GC_TONSIL_BCELL_UP	-0.2245098043820699			
chr19q12	-0.22451569332154606			
REACTOME_PKA_MEDIATED_PHOSPHORYLATION_OF_KEY_METABOLIC_FACTORS	-0.22451974529394278			
GO_PROTEIN_CHROMOPHORE_LINKAGE	-0.22452450662235449			
MIR580_5P	-0.22453719437226136			
GO_STEROL_TRANSPORTER_ACTIVITY	-0.22453879741968913			
MIR1179	-0.22454993163112483			
REACTOME_SCAVENGING_BY_CLASS_F_RECEPTORS	-0.2245745746883897			
IPA_SRY_UP	-0.22459957009556406			
GSE27786_NKCELL_VS_NEUTROPHIL_DN	-0.2246127004844375			
HOWLIN_CITED1_TARGETS_1_UP	-0.22461738134073198			
IPA_HIF3A_UP	-0.2246374386678751			
REACTOME_NEURONAL_SYSTEM	-0.2246380876026609			
GO_SIN3_TYPE_COMPLEX	-0.22464329954273302			
GSE7509_FCGRIIB_VS_TNFA_IL1B_IL6_PGE_STIM_DC_DN	-0.22465646034724074			
REACTOME_G2_M_DNA_DAMAGE_CHECKPOINT	-0.2246623302553972			
GO_PROTEIN_CONTAINING_COMPLEX_ASSEMBLY	-0.22467105732060969			
GO_DNA_HELICASE_COMPLEX	-0.22468533901135987			
MIR654_5P	-0.22469645209680225			
GSE42021_CD24INT_VS_CD24LOW_TREG_THYMUS_UP	-0.22469918789274			
GSE17974_0H_VS_12H_IN_VITRO_ACT_CD4_TCELL_DN	-0.22470508008050122			
GSE3982_BASOPHIL_VS_CENT_MEMORY_CD4_TCELL_DN	-0.22471396886834238			
GO_CEREBRAL_CORTEX_GABAERGIC_INTERNEURON_DIFFERENTIATION	-0.224718025736143			
GO_BUBBLE_DNA_BINDING	-0.2247340338557797			
GO_POSITIVE_REGULATION_OF_ESTABLISHMENT_OF_PROTEIN_LOCALIZATION_TO_TELOMERE	-0.22474348867637362			
GO_NUCLEAR_INCLUSION_BODY	-0.22474566916611174			
GSE4142_NAIVE_VS_MEMORY_BCELL_DN	-0.2247539363699008			
MIR30C_2_3P	-0.22476039352248334			
MIR515_5P	-0.22476080390209113			
REACTOME_DNA_REPLICATION	-0.22476083434066568			
GO_NEGATIVE_REGULATION_OF_TRANSLATIONAL_ELONGATION	-0.22476316339575567			
GSE14415_ACT_VS_CTRL_NATURAL_TREG_UP	-0.22476612992427156			
GSE29614_CTRL_VS_TIV_FLU_VACCINE_PBMC_2007_DN	-0.2247760263163796			
VERNELL_RETINOBLASTOMA_PATHWAY_UP	-0.224776482743319			
MIR3117_3P	-0.22480130916682772			
GO_PEPTIDE_HORMONE_RECEPTOR_BINDING	-0.22481759359990966			
IPA_IRF6_UP	-0.22482062333183836			
IPA_TBX2_UP	-0.22482709971657514			
MIR6509_3P	-0.22483965805756478			
GSE22432_UNTREATED_VS_TGFB1_TREATED_COMMON_DC_PROGENITOR_UP	-0.2248413176099504			
REACTOME_TRANSLESION_SYNTHESIS_BY_Y_FAMILY_DNA_POLYMERASES_BYPASSES_LESIONS_ON_DNA_TEMPLATE	-0.22484922712134758			
GO_DOPAMINE_METABOLIC_PROCESS	-0.22486743457974182			
MIR4503	-0.22487152262489588			
GO_BASIC_AMINO_ACID_TRANSMEMBRANE_TRANSPORTER_ACTIVITY	-0.22487834601635537			
GO_REGULATION_OF_T_CIRCLE_FORMATION	-0.22489444147167229			
GO_MITOCHONDRIAL_TRANSMEMBRANE_TRANSPORT	-0.22489791813189644			
GSE14769_UNSTIM_VS_360MIN_LPS_BMDM_DN	-0.2248998056858833			
MIR5684	-0.22490708407441343			
GO_DNA_BINDING_TRANSCRIPTION_FACTOR_BINDING	-0.22490951507252463			
GO_GABA_RECEPTOR_COMPLEX	-0.22491442973773595			
MIR3912_3P	-0.2249171312258463			
MIR4691_5P	-0.22493249357058698			
TANG_SENESCENCE_TP53_TARGETS_UP	-0.22495150686407506			
GO_ER_MEMBRANE_INSERTION_COMPLEX	-0.22495623338652734			
GSE19374_UNINF_VS_LISTERIA_INFECTED_MACROPHAGE_UP	-0.22496394561682098			
MIR382_5P	-0.22496594933720676			
GSE37532_WT_VS_PPARG_KO_LN_TCONV_DN	-0.2249671623871358			
IPA_DLX2_DN	-0.22497091521911308			
GSE17721_LPS_VS_POLYIC_2H_BMDC_DN	-0.2249764455096107			
GO_MATURATION_OF_SSU_RRNA_FROM_TRICISTRONIC_RRNA_TRANSCRIPT_SSU_RRNA_5_8S_RRNA_LSU_RRNA	-0.22498298471322073			
MIR1199_5P	-0.22500523341647927			
REACTOME_MTORC1_MEDIATED_SIGNALLING	-0.22502297063146445			
MIR29A_5P	-0.22503938645992366			
PRKDC_TARGET_GENES	-0.22504114337483766			
IPA_LHX2_DN	-0.2250477310482247			
MIR4302	-0.22505080610521283			
GO_VASCULAR_SMOOTH_MUSCLE_CONTRACTION	-0.22506269331990086			
GO_TBP_CLASS_PROTEIN_BINDING	-0.22507087366268516			
OSF2_Q6	-0.22508846890842418			
GO_NEGATIVE_REGULATION_OF_CD8_POSITIVE_ALPHA_BETA_T_CELL_ACTIVATION	-0.2250897766002425			
GO_TRICARBOXYLIC_ACID_CYCLE	-0.2251040973673328			
GSE21063_CTRL_VS_ANTI_IGM_STIM_BCELL_NFATC1_KO_8H_DN	-0.2251076554361027			
MIR1245B_3P	-0.2251106213128757			
GO_NEGATIVE_REGULATION_OF_CALCIUM_MEDIATED_SIGNALING	-0.2251121927489944			
GCCNNNWTAAR_UNKNOWN	-0.22511659678866666			
GO_CELLULAR_RESPONSE_TO_LEUCINE_STARVATION	-0.22512375920502864			
IPA_IRF5_UP	-0.22512503865084804			
TET1_TARGET_GENES	-0.22514114496980864			
MEISSNER_BRAIN_HCP_WITH_H3_UNMETHYLATED	-0.2251537798896633			
GO_POSITIVE_REGULATION_OF_NAD_P_H_OXIDASE_ACTIVITY	-0.2251596771449557			
GSE19888_ADENOSINE_A3R_INH_VS_ACT_WITH_INHIBITOR_PRETREATMENT_IN_MAST_CELL_UP	-0.22516863462018133			
GO_POSITIVE_REGULATION_OF_NEUROTRANSMITTER_TRANSPORT	-0.22516866744581068			
GO_NAD_P_H_OXIDASE_ACTIVITY	-0.22517183420033227			
GO_NUCLEOTIDE_EXCISION_REPAIR_DNA_DUPLEX_UNWINDING	-0.22517358602927373			
JONES_TCOF1_TARGETS	-0.22517949269554122			
MIR7160_3P	-0.22518328436147936			
GSE13485_DAY3_VS_DAY7_YF17D_VACCINE_PBMC_UP	-0.22518332160138863			
REACTOME_PROSTACYCLIN_SIGNALLING_THROUGH_PROSTACYCLIN_RECEPTOR	-0.22520017776720685			
IPA_TLX3_UP	-0.22520218074780757			
GO_INSULIN_BINDING	-0.22520338210557728			
GSE360_CTRL_VS_B_MALAYI_HIGH_DOSE_MAC_DN	-0.2252105772233576			
GSE16385_MONOCYTE_VS_12H_ROSIGLITAZONE_IL4_TREATED_MACROPHAGE_UP	-0.2252158159709668			
GSE5589_LPS_VS_LPS_AND_IL6_STIM_IL6_KO_MACROPHAGE_45MIN_DN	-0.22523686677687654			
chr2q31	-0.22523936330953886			
GSE43863_TH1_VS_LY6C_INT_CXCR5POS_EFFECTOR_CD4_TCELL_UP	-0.225253575115887			
GSE19941_IL10_KO_VS_IL10_KO_AND_NFKBP50_KO_LPS_AND_IL10_STIM_MACROPHAGE_DN	-0.22528786486118688			
GO_POSITIVE_REGULATION_OF_FATTY_ACID_BETA_OXIDATION	-0.2252890735488944			
MIR664A_3P	-0.22530440324447237			
GO_SOMATIC_STEM_CELL_POPULATION_MAINTENANCE	-0.22530836388876538			
GO_REGULATION_OF_CHROMOSOME_SEPARATION	-0.22531144007606801			
GSE14413_UNSTIM_VS_IFNB_STIM_NIH3T3_CELLS_UP	-0.22531399456196843			
GO_INTEGRAL_COMPONENT_OF_SYNAPTIC_VESICLE_MEMBRANE	-0.2253239632394247			
PAX2_01	-0.2253295681719236			
REACTOME_DEFECTS_IN_VITAMIN_AND_COFACTOR_METABOLISM	-0.22533097733765337			
SREBP_Q3	-0.22536017428197322			
GO_SEROTONIN_METABOLIC_PROCESS	-0.225360680624976			
MIR4512	-0.22536241137596896			
LIN_TUMOR_ESCAPE_FROM_IMMUNE_ATTACK	-0.2253636832933223			
GO_TOXIC_SUBSTANCE_BINDING	-0.2253673585250163			
CACCAGC_MIR138	-0.22536781464661151			
GO_HYDROLASE_ACTIVITY_ACTING_ON_ACID_ANHYDRIDES	-0.22536927026722467			
chr12q12	-0.2253694158190764			
MIR4804_3P	-0.2253735269177567			
CCAR2_TARGET_GENES	-0.22537738169999263			
GSE41867_NAIVE_VS_DAY30_LCMV_ARMSTRONG_MEMORY_CD8_TCELL_DN	-0.22538431416653762			
GO_REGULATION_OF_PROTEIN_K63_LINKED_UBIQUITINATION	-0.22538672671052687			
GO_REGULATION_OF_NATURAL_KILLER_CELL_ACTIVATION	-0.22543026744808106			
KEGG_CITRATE_CYCLE_TCA_CYCLE	-0.2254418982942695			
GSE2770_UNTREATED_VS_ACT_CD4_TCELL_48H_UP	-0.22544518690976334			
GO_RESPONSE_TO_CAFFEINE	-0.2254497091322473			
IPA_NEUROD2_UP	-0.22545112365722147			
ZNF350_TARGET_GENES	-0.2254548951229523			
FEVR_CTNNB1_TARGETS_DN	-0.22545885760561143			
chr5q22	-0.22546880128984506			
GSE46025_WT_VS_FOXO1_KO_KLRG1_LOW_CD8_EFFECTOR_TCELL_DN	-0.22547929219438828			
GO_HOST_CELL_PART	-0.22548390572961285			
GO_DETERMINATION_OF_LEFT_RIGHT_ASYMMETRY_IN_LATERAL_MESODERM	-0.22548717544390337			
MIKKELSEN_MCV6_LCP_WITH_H3K4ME3	-0.22548863478498304			
MIR874_3P	-0.22554037763219809			
GO_CELLULAR_RESPONSE_TO_ESTROGEN_STIMULUS	-0.22554927641367956			
IPA_ARID1B_UP	-0.22555253420858037			
MIR4687_5P	-0.2255847380957483			
MIKKELSEN_IPS_WITH_HCP_H3K27ME3	-0.2255970258195768			
GO_CCR4_NOT_COMPLEX	-0.22561530161215423			
GO_ORNITHINE_TRANSPORT	-0.22561761293994204			
SHEPARD_CRUSH_AND_BURN_MUTANT_DN	-0.22562669522519055			
MIR466	-0.22564253488495142			
REACTOME_LGI_ADAM_INTERACTIONS	-0.2256447467254482			
GSE7764_IL15_TREATED_VS_CTRL_NK_CELL_24H_UP	-0.2256522003455573			
IPA_YWHAE_DN	-0.22565372583677717			
IPA_TP53BP1_UP	-0.2256541503997228			
REACTOME_INHIBITION_OF_REPLICATION_INITIATION_OF_DAMAGED_DNA_BY_RB1_E2F1	-0.22565442457376492			
MIR151A_5P_MIR151B	-0.225654532125203			
REACTOME_RECRUITMENT_OF_MITOTIC_CENTROSOME_PROTEINS_AND_COMPLEXES	-0.22565686962679388			
GO_NUCLEUS_ORGANIZATION	-0.2256568729865133			
GO_NEGATIVE_REGULATION_OF_BONE_REMODELING	-0.22566999733833792			
GO_SMALL_RIBOSOMAL_SUBUNIT	-0.2256862711980272			
GSE3039_CD4_TCELL_VS_B2_BCELL_UP	-0.22569083058639233			
ACTGTAG_MIR139	-0.22569721138073773			
GSE3982_EOSINOPHIL_VS_CENT_MEMORY_CD4_TCELL_DN	-0.2257079152584942			
GO_POSITIVE_REGULATION_OF_VIRAL_GENOME_REPLICATION	-0.22571115237216757			
GSE2770_IL12_VS_IL4_TREATED_ACT_CD4_TCELL_2H_UP	-0.22572114403343524			
GO_CELLULAR_RESPONSE_TO_X_RAY	-0.2257312968572411			
REICHERT_G1S_REGULATORS_AS_PI3K_TARGETS	-0.22574325180286298			
GO_REGULATION_OF_SYNAPTIC_VESICLE_RECYCLING	-0.22575123538632352			
RODRIGUES_NTN1_TARGETS_UP	-0.22575170489353347			
chr3p24	-0.22576244182061742			
ZNF320_TARGET_GENES	-0.22576442243313177			
GO_STRIATED_MUSCLE_MYOSIN_THICK_FILAMENT_ASSEMBLY	-0.2257683008096713			
GO_NUCLEOTIDE_EXCISION_REPAIR_COMPLEX	-0.22579328536805446			
GO_PROTEIN_SERINE_THREONINE_KINASE_ACTIVITY	-0.22579780032822486			
GSE17721_12H_VS_24H_GARDIQUIMOD_BMDC_DN	-0.22580181137352243			
MIR943	-0.2258034898570223			
REACTOME_RUNX1_REGULATES_TRANSCRIPTION_OF_GENES_INVOLVED_IN_INTERLEUKIN_SIGNALING	-0.22581819761218733			
GO_NEGATIVE_REGULATION_OF_MAST_CELL_DEGRANULATION	-0.22581972618245494			
GSE17721_CTRL_VS_LPS_6H_BMDC_UP	-0.2258312969325984			
GO_REGULATION_OF_MUSCLE_CELL_DIFFERENTIATION	-0.2258321697926724			
IPA_HMGB1_DN	-0.2258502875512102			
MIR6783_3P	-0.22585135808026388			
MIR138_1_3P	-0.22586524994968799			
REACTOME_PLATELET_ADHESION_TO_EXPOSED_COLLAGEN	-0.22586532090649064			
PID_NFKAPPAB_ATYPICAL_PATHWAY	-0.22586919205145187			
KEGG_VIRAL_MYOCARDITIS	-0.2258720727678329			
REACTOME_REPRESSION_OF_WNT_TARGET_GENES	-0.2258772541654841			
BIOCARTA_GPCR_PATHWAY	-0.22590753054814935			
IPA_HIST2H3C_UP	-0.22590757311046739			
IPA_HIST1H2BI_UP	-0.22590757311046739			
IPA_HIST1H2BC_UP	-0.22590757311046739			
IPA_HIST1H2BE_UP	-0.22590757311046739			
IPA_HIST1H2BG_UP	-0.22590757311046739			
GO_FATZ_BINDING	-0.22590768023453653			
chr10p14	-0.22590844526951057			
GSE17721_0.5H_VS_12H_CPG_BMDC_UP	-0.2259237366817685			
GO_REGULATION_OF_ATP_METABOLIC_PROCESS	-0.225928319695875			
GO_REGULATION_OF_CELL_CYCLE_PHASE_TRANSITION	-0.2259308449370008			
REACTOME_DEADENYLATION_OF_MRNA	-0.22594827636180054			
WGTTNNNNNAAA_UNKNOWN	-0.22596837589990226			
MIR5571_3P	-0.22597744016264307			
GO_ANDROGEN_RECEPTOR_BINDING	-0.22599402123673756			
GO_AMINE_BIOSYNTHETIC_PROCESS	-0.2259951195131577			
GARGALOVIC_RESPONSE_TO_OXIDIZED_PHOSPHOLIPIDS_LIGHTGREEN_DN	-0.22600127614411578			
KAT2A_TARGET_GENES	-0.22600183737713078			
GO_DICARBOXYLIC_ACID_BIOSYNTHETIC_PROCESS	-0.22601149155826206			
GO_CHROMATIN_DNA_BINDING	-0.22601330021714974			
GSE17974_0H_VS_4H_IN_VITRO_ACT_CD4_TCELL_DN	-0.22601475211776864			
GO_POSITIVE_REGULATION_OF_CGMP_MEDIATED_SIGNALING	-0.22601777350296295			
GO_REGULATION_OF_RESPONSE_TO_INTERFERON_GAMMA	-0.22602342582374135			
GO_CELLULAR_RESPONSE_TO_NITROSATIVE_STRESS	-0.22603353149523922			
GO_STARTLE_RESPONSE	-0.22606622398441129			
GO_PYRIMIDINE_RIBONUCLEOSIDE_TRIPHOSPHATE_METABOLIC_PROCESS	-0.2260959189748796			
REACTOME_TRANSLESION_SYNTHESIS_BY_POLH	-0.22610601850339407			
chr6q16	-0.2261088791808448			
MIR3173_3P	-0.2261163974504185			
GO_NEGATIVE_REGULATION_OF_SYNAPTIC_TRANSMISSION_GLUTAMATERGIC	-0.22612626037311429			
EVI1_05	-0.22613159000803326			
LU_AGING_BRAIN_DN	-0.226136747134136			
GO_DOUBLE_STRAND_BREAK_REPAIR_VIA_CLASSICAL_NONHOMOLOGOUS_END_JOINING	-0.22614691841997725			
GSE26669_CD4_VS_CD8_TCELL_IN_MLR_COSTIM_BLOCK_UP	-0.226151783913417			
GO_REGULATION_OF_BONE_MINERALIZATION	-0.22616202891173365			
GO_ACTIN_NUCLEATION	-0.2261750343160741			
BIOCARTA_AKAP13_PATHWAY	-0.2261760490982931			
MIR6503_3P	-0.2261804340315942			
GO_ATPASE_ACTIVITY	-0.22618927904061992			
GO_POSTSYNAPSE_ASSEMBLY	-0.22619377760017678			
OCT1_07	-0.22621298991764308			
GO_NEUROFILAMENT	-0.2262264261745548			
GO_NADPH_HEMOPROTEIN_REDUCTASE_ACTIVITY	-0.22622721918070549			
GO_FORMATE_METABOLIC_PROCESS	-0.22623733904218737			
GO_ANTEROGRADE_AXONAL_PROTEIN_TRANSPORT	-0.22626351319441085			
GO_POSITIVE_REGULATION_OF_PROTEIN_KINASE_C_SIGNALING	-0.22626760262824133			
MIR6733_3P	-0.22628158969968007			
GO_UBIQUITINATION_LIKE_MODIFICATION_DEPENDENT_PROTEIN_BINDING	-0.2262898019917398			
IPA_TBX19_UP	-0.22629119418256846			
IPA_TBX19_DN	-0.22629119418256846			
REACTOME_REGULATION_OF_BETA_CELL_DEVELOPMENT	-0.22629704708938655			
BIOCARTA_IL5_PATHWAY	-0.2263039557723009			
GO_FATTY_ACYL_COA_SYNTHASE_ACTIVITY	-0.22630709259986884			
MIR10B_3P	-0.2263131846645222			
GO_CALCIUM_MEDIATED_SIGNALING_USING_INTRACELLULAR_CALCIUM_SOURCE	-0.2263392583323273			
NADLER_HYPERGLYCEMIA_AT_OBESITY	-0.22634239616396784			
GSE17721_POLYIC_VS_GARDIQUIMOD_2H_BMDC_UP	-0.22634822469370533			
GO_UREA_CYCLE	-0.2263617279486209			
CHANDRAN_METASTASIS_UP	-0.22636863357434353			
GO_CORONARY_VASCULATURE_DEVELOPMENT	-0.226387499444365			
GO_NEGATIVE_REGULATION_OF_LEUKOCYTE_ADHESION_TO_VASCULAR_ENDOTHELIAL_CELL	-0.22638858008239804			
REACTOME_MECP2_REGULATES_TRANSCRIPTION_OF_NEURONAL_LIGANDS	-0.22639664004158747			
GSE8921_UNSTIM_0H_VS_TLR1_2_STIM_MONOCYTE_3H_UP	-0.2263994378146682			
GO_CARDIAC_LEFT_VENTRICLE_MORPHOGENESIS	-0.22640039575060286			
GO_POSTSYNAPTIC_MEMBRANE_ASSEMBLY	-0.22640610708483963			
MIR4499	-0.22643124028043762			
TURASHVILI_BREAST_DUCTAL_CARCINOMA_VS_DUCTAL_NORMAL_UP	-0.2264471844211248			
GO_MEMBRANE_DEPOLARIZATION_DURING_CARDIAC_MUSCLE_CELL_ACTION_POTENTIAL	-0.22645113542272632			
GO_BLASTOCYST_GROWTH	-0.22645680701644233			
WIZ_TARGET_GENES	-0.22645891803017312			
IPA_E2F1_UP	-0.22646224449427393			
GO_NEGATIVE_REGULATION_OF_TELOMERE_CAPPING	-0.22646475103617197			
GSE9509_LPS_VS_LPS_AND_IL10_STIM_IL10_KO_MACROPHAGE_20MIN_DN	-0.22647405840819998			
GO_GATOR1_COMPLEX	-0.22649040486275557			
MIR5008_3P	-0.22650604002312047			
GSE17721_CTRL_VS_POLYIC_12H_BMDC_UP	-0.22650701377619492			
GO_REGULATION_OF_TRANSCRIPTION_FROM_RNA_POLYMERASE_II_PROMOTER_INVOLVED_IN_HEART_DEVELOPMENT	-0.22650817205123375			
GSE17721_12H_VS_24H_CPG_BMDC_DN	-0.22651471221732608			
FLORIO_HUMAN_NEOCORTEX	-0.22651549687411313			
VANLOO_SP3_TARGETS_UP	-0.22652303705703616			
MIR12125	-0.22652736300972484			
GO_INSULIN_LIKE_GROWTH_FACTOR_RECEPTOR_BINDING	-0.2265324326838808			
IPA_CIITA_UP	-0.22653529502605113			
KEGG_GRAFT_VERSUS_HOST_DISEASE	-0.226536532508158			
GO_REGULATION_OF_SYNAPTIC_VESICLE_FUSION_TO_PRESYNAPTIC_ACTIVE_ZONE_MEMBRANE	-0.22654465206476926			
DIDO1_TARGET_GENES	-0.2265476471576202			
GO_METHIONINE_BIOSYNTHETIC_PROCESS	-0.22655244468097172			
MIR3945	-0.22655457990223699			
MIR6854_3P	-0.22657491755926293			
GO_FRUCTOSE_6_PHOSPHATE_BINDING	-0.2265753131328801			
MIKKELSEN_ES_LCP_WITH_H3K4ME3_AND_H3K27ME3	-0.2265850594357784			
GO_RETROGRADE_TRANS_SYNAPTIC_SIGNALING	-0.22658713552325477			
GSE15735_CTRL_VS_HDAC_INHIBITOR_TREATED_CD4_TCELL_12H_UP	-0.22659740565263714			
GO_POSITIVE_REGULATION_OF_CYCLASE_ACTIVITY	-0.22660629335853294			
GO_SPANNING_COMPONENT_OF_PLASMA_MEMBRANE	-0.2266170744169351			
chr18q21	-0.22661812452305177			
GO_ADRENERGIC_RECEPTOR_SIGNALING_PATHWAY	-0.22661945154118207			
GSE37532_TREG_VS_TCONV_CD4_TCELL_FROM_VISCERAL_ADIPOSE_TISSUE_DN	-0.22662455266068676			
GO_POSITIVE_REGULATION_OF_TRANSCRIPTION_FROM_RNA_POLYMERASE_II_PROMOTER_IN_RESPONSE_TO_ENDOPLASMIC_RETICULUM_STRESS	-0.22663426468843026			
chr6q21	-0.2266358655352128			
MIR580_3P	-0.22663992671003233			
GO_NEGATIVE_REGULATION_OF_TUMOR_NECROSIS_FACTOR_MEDIATED_SIGNALING_PATHWAY	-0.22664674014529054			
GSE360_DC_VS_MAC_M_TUBERCULOSIS_UP	-0.22665077777711112			
GO_CELL_VOLUME_HOMEOSTASIS	-0.22665077970123637			
MIR4719	-0.22667519151960652			
ASH1L_TARGET_GENES	-0.2266857718101291			
chr5p12	-0.22669449388489396			
BIOCARTA_FLUMAZENIL_PATHWAY	-0.2266989660006783			
GSE15659_CD45RA_NEG_CD4_TCELL_VS_NONSUPPRESSIVE_TCELL_UP	-0.22669916959204717			
GSE15659_RESTING_VS_ACTIVATED_TREG_UP	-0.22670165880228016			
IPA_TRIM22_DN	-0.2267031693934994			
MIR6822_5P	-0.22670568329506724			
GO_NUCLEOID	-0.22671187865971013			
MIR944	-0.22672120601470147			
HOSHIDA_LIVER_CANCER_SURVIVAL_DN	-0.22675890109948324			
chr6q24	-0.22676355648568908			
GO_TRNA_GUANINE_METHYLTRANSFERASE_ACTIVITY	-0.22677519624596784			
GSE12366_GC_VS_NAIVE_BCELL_UP	-0.2267977292702623			
GO_ARGININE_TRANSMEMBRANE_TRANSPORT	-0.22681160403799064			
GO_L_ARGININE_TRANSMEMBRANE_TRANSPORT	-0.22681160403799064			
GO_PEPTIDE_BIOSYNTHETIC_PROCESS	-0.22681213396743904			
GO_PREPULSE_INHIBITION	-0.22682711049715112			
TURASHVILI_BREAST_LOBULAR_CARCINOMA_VS_DUCTAL_NORMAL_UP	-0.2268313746889132			
MYB_Q5_01	-0.22683294877307822			
REACTOME_MECP2_REGULATES_TRANSCRIPTION_FACTORS	-0.22684025536089375			
GO_CELL_CYCLE	-0.22684891919206582			
RIZ_ERYTHROID_DIFFERENTIATION_HBZ	-0.22685480327062998			
IPA_NEUROG2_DN	-0.2268638627050823			
chr10p12	-0.2268832660584009			
GO_CUL3_RING_UBIQUITIN_LIGASE_COMPLEX	-0.22688963998496064			
CGCAAAA_MIR450	-0.2268926843740419			
MIR10393_5P	-0.2269048141147985			
CHICAS_RB1_TARGETS_GROWING	-0.2269061772968263			
GSE8685_IL15_ACT_IL2_STARVED_VS_IL21_ACT_IL2_STARVED_CD4_TCELL_UP	-0.22691325151360475			
IPA_NOTCH2_DN	-0.2269178185118269			
MIR3529_3P	-0.22692000691847572			
GO_GLUTAMINE_METABOLIC_PROCESS	-0.22693709466506165			
BIOCARTA_IGF1_PATHWAY	-0.22694496108960083			
GSE14908_ATOPIC_VS_NONATOPIC_PATIENT_HDM_STIM_CD4_TCELL_UP	-0.2269507460058331			
GO_NEGATIVE_REGULATION_OF_URINE_VOLUME	-0.22695647146014586			
GO_POSITIVE_REGULATION_OF_CELL_GROWTH_INVOLVED_IN_CARDIAC_MUSCLE_CELL_DEVELOPMENT	-0.22697233478326834			
GO_FATTY_ACID_TRANSMEMBRANE_TRANSPORTER_ACTIVITY	-0.2269737980341584			
KIM_GLIS2_TARGETS_UP	-0.2269813523452651			
GSE13762_CTRL_VS_125_VITAMIND_DAY5_DC_UP	-0.22699739912083589			
GO_INTRACELLULAR_ESTROGEN_RECEPTOR_SIGNALING_PATHWAY	-0.22699937691870434			
CMYB_01	-0.2270003856294784			
GO_PROTEIN_LOCALIZATION_TO_CILIARY_MEMBRANE	-0.22700048458298053			
BIOCARTA_BOTULIN_PATHWAY	-0.2270098284568472			
GO_OSSIFICATION_INVOLVED_IN_BONE_REMODELING	-0.22701954784182746			
GO_POSITIVE_REGULATION_OF_VIRAL_ENTRY_INTO_HOST_CELL	-0.2270380030518394			
MIR4639_3P	-0.22703832256762604			
BROWNE_HCMV_INFECTION_20HR_UP	-0.22704498620198935			
BIOCARTA_TOLL_PATHWAY	-0.2270486005255323			
GSE37416_12H_VS_24H_F_TULARENSIS_LVS_NEUTROPHIL_DN	-0.22704976062262072			
GSE8685_IL2_STARVED_VS_IL21_ACT_IL2_STARVED_CD4_TCELL_UP	-0.2270694105498745			
GSE360_L_MAJOR_VS_B_MALAYI_HIGH_DOSE_DC_DN	-0.22707170067427157			
GSE21927_HEALTHY_VS_TUMOROUS_BALBC_MOUSE_MONOCYTE_UP	-0.22707210313183737			
GO_RNA_POLYMERASE_II_INTRONIC_TRANSCRIPTION_REGULATORY_REGION_SEQUENCE_SPECIFIC_DNA_BINDING	-0.22707484104563422			
CCATCCA_MIR432	-0.2270823731502353			
GO_ISG15_PROTEIN_CONJUGATION	-0.2270837384129534			
GO_CEREBELLAR_MOSSY_FIBER	-0.22709775126884815			
MIR493_3P	-0.22709922967853957			
MIR7152_5P	-0.22711186769582647			
GO_POSITIVE_REGULATION_OF_CYSTEINE_TYPE_ENDOPEPTIDASE_ACTIVITY_INVOLVED_IN_APOPTOTIC_SIGNALING_PATHWAY	-0.22712049374208076			
IPA_HDAC7_DN	-0.2271208443303402			
GSE10239_MEMORY_VS_KLRG1INT_EFF_CD8_TCELL_DN	-0.22712577852900478			
GO_POSITIVE_REGULATION_OF_EXCITATORY_POSTSYNAPTIC_POTENTIAL	-0.22712579124272558			
MIR6071	-0.2271302022416194			
REACTOME_TRANSCRIPTIONAL_REGULATION_BY_VENTX	-0.22713967633073803			
GSE1791_CTRL_VS_NEUROMEDINU_IN_T_CELL_LINE_12H_DN	-0.22714034136075462			
GO_TRIGLYCERIDE_LIPASE_ACTIVITY	-0.22715479065155145			
IPA_SKP2_DN	-0.22715947070504378			
GO_NEGATIVE_REGULATION_OF_TRANSPORT	-0.22717404262756852			
GO_COLLAGEN_RECEPTOR_ACTIVITY	-0.2271807435026675			
RSRFC4_01	-0.22719236488047506			
GO_SMOOTHENED_SIGNALING_PATHWAY_INVOLVED_IN_DORSAL_VENTRAL_NEURAL_TUBE_PATTERNING	-0.22719984146816563			
GSE37532_VISCERAL_ADIPOSE_TISSUE_VS_LN_DERIVED_PPARG_KO_TREG_CD4_TCELL_DN	-0.2272027835190689			
GO_NEUROTRANSMITTER_SECRETION	-0.2272129755098352			
GO_LEUKOCYTE_MIGRATION_INVOLVED_IN_INFLAMMATORY_RESPONSE	-0.22721563545207688			
GO_CELL_CYCLE_CHECKPOINT	-0.2272244454645288			
GSE4984_GALECTIN1_VS_VEHICLE_CTRL_TREATED_DC_DN	-0.2272259322456564			
MCM5_TARGET_GENES	-0.22722759907165316			
REACTOME_CARBOXYTERMINAL_POST_TRANSLATIONAL_MODIFICATIONS_OF_TUBULIN	-0.2272412896285578			
GO_INNATE_IMMUNE_RESPONSE_ACTIVATING_CELL_SURFACE_RECEPTOR_SIGNALING_PATHWAY	-0.22724836426420503			
IPA_H2AFZ_DN	-0.22725368086787118			
MIR4773	-0.22726158299592797			
REACTOME_MITOTIC_PROPHASE	-0.22726758826366755			
GSE37301_HEMATOPOIETIC_STEM_CELL_VS_PRO_BCELL_DN	-0.22727312520798829			
MIR219A_1_3P	-0.22728162947781472			
MIR4470	-0.22728458961748285			
REACTOME_REGULATION_OF_GENE_EXPRESSION_IN_ENDOCRINE_COMMITTED_NEUROG3_PROGENITOR_CELLS	-0.22729383442687207			
MIR5699_3P	-0.22729640427509715			
AGGAAGC_MIR5163P	-0.22730266750804565			
MIR92A_2_5P	-0.22730942061256137			
GSE36476_YOUNG_VS_OLD_DONOR_MEMORY_CD4_TCELL_16H_TSST_ACT_DN	-0.2273327736887455			
E2F1_Q3_01	-0.2273422222612913			
chr14q12	-0.22734433086300718			
HESSON_TUMOR_SUPPRESSOR_CLUSTER_3P21_3	-0.22736052247114616			
TURJANSKI_MAPK7_TARGETS	-0.2273614170446732			
ETF_Q6	-0.22737085269489105			
GSE18281_SUBCAPSULAR_CORTICAL_REGION_VS_WHOLE_MEDULLA_THYMUS_DN	-0.22737295861819923			
MIR4486	-0.22738451735450285			
GSE24210_IL35_TREATED_VS_UNTREATED_TCONV_CD4_TCELL_UP	-0.2273930721781457			
NME2_TARGET_GENES	-0.22740312776214466			
GO_MALE_MEIOSIS_I	-0.22740880352900728			
GSE17721_LPS_VS_POLYIC_0.5H_BMDC_UP	-0.22740931730922295			
KEGG_FATTY_ACID_METABOLISM	-0.22741527637973186			
chr17q11	-0.2274158216585515			
GO_SUCCINATE_METABOLIC_PROCESS	-0.22743844467177668			
MATSUDA_NATURAL_KILLER_DIFFERENTIATION	-0.22743869734768052			
RELA_DN.V1_DN	-0.22744424917773176			
MIR7111_3P	-0.2274475044548219			
WANG_RESPONSE_TO_FORSKOLIN_DN	-0.22745401901728063			
GO_LACTATE_DEHYDROGENASE_ACTIVITY	-0.227454308114031			
GSE22886_NAIVE_CD4_TCELL_VS_12H_ACT_TH2_UP	-0.22745798357300032			
GSE42021_TCONV_PLN_VS_CD24LO_TCONV_THYMUS_UP	-0.22747823830841382			
GO_GANGLIOSIDE_BIOSYNTHETIC_PROCESS	-0.2274915931468533			
GSE6259_BCELL_VS_CD4_TCELL_DN	-0.22750539145954443			
GO_ENDODEOXYRIBONUCLEASE_ACTIVITY_PRODUCING_3_PHOSPHOMONOESTERS	-0.2275276802434584			
REACTOME_MITOTIC_TELOPHASE_CYTOKINESIS	-0.2275417408179516			
MIR3677_5P	-0.22755164223938826			
LOPEZ_MESOTHELIOMA_SURVIVAL_WORST_VS_BEST_DN	-0.22756045233998595			
GO_SOMATOTROPIN_SECRETING_CELL_DIFFERENTIATION	-0.22758174810354648			
REACTOME_DOPAMINE_NEUROTRANSMITTER_RELEASE_CYCLE	-0.2275901232845943			
GSE24574_NAIVE_VS_TCONV_CD4_TCELL_UP	-0.22759038855581418			
GSE360_CTRL_VS_B_MALAYI_HIGH_DOSE_DC_UP	-0.22759105029824583			
MIR6891_3P	-0.22760081522005565			
MIR6856_5P	-0.22760365754869738			
GO_SPERMIDINE_METABOLIC_PROCESS	-0.2276099594157483			
GO_L_AMINO_ACID_TRANSMEMBRANE_TRANSPORTER_ACTIVITY	-0.22761316777342888			
REACTOME_REELIN_SIGNALLING_PATHWAY	-0.22761451889005482			
GO_DICARBOXYLIC_ACID_METABOLIC_PROCESS	-0.22762893057704137			
GO_REGULATION_OF_CELLULAR_RESPONSE_TO_INSULIN_STIMULUS	-0.22763667420914205			
GSE46606_IRF4_KO_VS_WT_CD40L_IL2_IL5_1DAY_STIMULATED_BCELL_DN	-0.22763717204775058			
GO_PROTEIN_K48_LINKED_DEUBIQUITINATION	-0.22763959422854843			
GO_POSITIVE_REGULATION_OF_BLOOD_VESSEL_ENDOTHELIAL_CELL_PROLIFERATION_INVOLVED_IN_SPROUTING_ANGIOGENESIS	-0.2276480500103139			
MIR601	-0.22765154758524414			
GO_POSITIVE_REGULATION_OF_CELL_CYCLE_G1_S_PHASE_TRANSITION	-0.22765813676267868			
GSE19198_CTRL_VS_IL21_TREATED_TCELL_24H_DN	-0.22765906917502798			
GSE22601_IMMATURE_CD4_SINGLE_POSITIVE_VS_DOUBLE_POSITIVE_THYMOCYTE_UP	-0.22767086151892943			
NIKOLSKY_BREAST_CANCER_16P13_AMPLICON	-0.2277224251347732			
GSE27241_CTRL_VS_DIGOXIN_TREATED_CD4_TCELL_IN_TH17_POLARIZING_CONDITIONS_DN	-0.22773181531170833			
WEBER_METHYLATED_HCP_IN_SPERM_DN	-0.22773585048491166			
REACTOME_METABOLISM_OF_AMINO_ACIDS_AND_DERIVATIVES	-0.22774094299350858			
GO_POSITIVE_REGULATION_OF_DNA_REPAIR	-0.22774528201740016			
GSE36095_WT_VS_HDAC9_KO_TREG_DN	-0.22775573556259918			
MIR5580_3P	-0.22776230558720903			
GO_POLY_PURINE_TRACT_BINDING	-0.2277696252891069			
GO_REGULATION_OF_POSTSYNAPTIC_SPECIALIZATION_ASSEMBLY	-0.22779024612284093			
WEBER_METHYLATED_LCP_IN_SPERM_UP	-0.22779320776915865			
GO_POSITIVE_REGULATION_OF_HEART_GROWTH	-0.22779492814215593			
MIR3605_5P	-0.22779694397055417			
GO_NEGATIVE_REGULATION_OF_HEART_RATE	-0.22780989617687097			
GO_MEMBRANE_DEPOLARIZATION_DURING_AV_NODE_CELL_ACTION_POTENTIAL	-0.22782517623552803			
MIR1252_3P	-0.22782576724319722			
IPA_PCGF2_UP	-0.22783723378346596			
MIR1911_5P	-0.22784949207723307			
GSE26890_CXCR1_NEG_VS_POS_EFFECTOR_CD8_TCELL_UP	-0.2278498444544595			
GO_MRE11_COMPLEX	-0.2278536072083825			
GO_RAC_PROTEIN_SIGNAL_TRANSDUCTION	-0.22785751773383664			
IPA_NKX3-1_DN	-0.22786080177267595			
GSE21360_NAIVE_VS_QUATERNARY_MEMORY_CD8_TCELL_DN	-0.2278683109893594			
BASSO_B_LYMPHOCYTE_NETWORK	-0.2278868116629045			
GO_VALINE_METABOLIC_PROCESS	-0.2278943255342222			
WTGAAAT_UNKNOWN	-0.22789507301959472			
GO_POSITIVE_REGULATION_OF_MICROGLIAL_CELL_ACTIVATION	-0.22790314262889413			
GO_REGULATION_OF_SHORT_TERM_NEURONAL_SYNAPTIC_PLASTICITY	-0.22791917763407496			
REACTOME_ACTIVATED_NTRK3_SIGNALS_THROUGH_PI3K	-0.2279214416747171			
GO_RETINAL_ROD_CELL_DEVELOPMENT	-0.22792817412088853			
ZNF302_TARGET_GENES	-0.22793392348787422			
GO_EPITHELIAL_CELL_PROLIFERATION_INVOLVED_IN_PROSTATE_GLAND_DEVELOPMENT	-0.22794438193568767			
MIR607	-0.2279540654452103			
GO_NEGATIVE_REGULATION_OF_BEHAVIOR	-0.22795835827605448			
GO_PURINE_NUCLEOSIDE_TRIPHOSPHATE_METABOLIC_PROCESS	-0.22795901669874302			
BIOCARTA_RACC_PATHWAY	-0.22796181165012233			
GO_MALE_GERM_CELL_NUCLEUS	-0.22797999835205532			
GSE6092_CTRL_VS_BORRELIA_BIRGDOFERI_INF_ENDOTHELIAL_CELL_UP	-0.22798187932220879			
REACTOME_RNA_POLYMERASE_I_PROMOTER_ESCAPE	-0.22798572901917968			
GO_NEGATIVE_REGULATION_OF_T_CELL_DIFFERENTIATION	-0.22798574184284123			
RAMJAUN_APOPTOSIS_BY_TGFB1_VIA_MAPK1_DN	-0.22799102487414852			
GO_L_SERINE_TRANSPORT	-0.22799146246170537			
GO_L_SERINE_TRANSMEMBRANE_TRANSPORTER_ACTIVITY	-0.22799146246170537			
IL2_UP.V1_DN	-0.22799751077879893			
GO_HISTONE_H4_K20_TRIMETHYLATION	-0.22800119402079763			
BARX2_TARGET_GENES	-0.22800240662552945			
GO_CCR1_CHEMOKINE_RECEPTOR_BINDING	-0.2280089329867403			
GSE24142_DN2_VS_DN3_THYMOCYTE_ADULT_DN	-0.22801130263266386			
DOT1L_TARGET_GENES	-0.22801932390303592			
GO_CALCIUM_ACTIVATED_POTASSIUM_CHANNEL_ACTIVITY	-0.22802256903954107			
GSE3982_NKCELL_VS_TH2_DN	-0.22803353005883173			
MIR6796_3P	-0.22805665754752102			
GO_MICROTUBULE_NUCLEATION_BY_INTERPHASE_MICROTUBULE_ORGANIZING_CENTER	-0.22806020676954822			
GO_POSITIVE_REGULATION_OF_PHOSPHATIDYLINOSITOL_BIOSYNTHETIC_PROCESS	-0.2280621379373486			
GO_MEMBRANE_ATTACK_COMPLEX	-0.2280637124841785			
GSE6259_33D1_POS_DC_VS_CD4_TCELL_DN	-0.22808656946953748			
GSE17301_CTRL_VS_48H_IFNA2_STIM_CD8_TCELL_DN	-0.22814957199323435			
GO_FLEMMING_BODY	-0.2281622456781045			
GSE18791_UNSTIM_VS_NEWCATSLE_VIRUS_DC_18H_UP	-0.2281715497919265			
GSE13485_CTRL_VS_DAY7_YF17D_VACCINE_PBMC_UP	-0.22818505182574492			
GO_FOLIC_ACID_CONTAINING_COMPOUND_METABOLIC_PROCESS	-0.22819823515339516			
KRAS.LUNG.BREAST_UP.V1_DN	-0.22821976537428662			
GSE17721_LPS_VS_POLYIC_6H_BMDC_DN	-0.22822611039394278			
MIR524_3P_MIR525_3P	-0.22822648232401907			
STONER_ESOPHAGEAL_CARCINOGENESIS_DN	-0.22822870961384525			
REACTOME_REGULATION_OF_GENE_EXPRESSION_IN_LATE_STAGE_BRANCHING_MORPHOGENESIS_PANCREATIC_BUD_PRECURSOR_CELLS	-0.2282440348127193			
MIR4803	-0.22824573327097236			
MIR3680_5P	-0.22825470027622372			
PAL_PRMT5_TARGETS_UP	-0.2282621702949525			
GSE37534_GW1929_VS_ROSIGLITAZONE_TREATED_CD4_TCELL_PPARG1_FOXP3_TRANSDUCED_DN	-0.2282873735667078			
GSE27786_CD4_VS_CD8_TCELL_UP	-0.22829066480656454			
YAO_TEMPORAL_RESPONSE_TO_PROGESTERONE_CLUSTER_3	-0.22831409667839436			
GSE36009_WT_VS_NLRP10_KO_DC_UP	-0.2283207912710694			
REACTOME_CRISTAE_FORMATION	-0.22832482848518637			
GO_POSITIVE_REGULATION_OF_RELEASE_OF_CYTOCHROME_C_FROM_MITOCHONDRIA	-0.22834775822865047			
HUTTMANN_B_CLL_POOR_SURVIVAL_DN	-0.22835265310891115			
IPA_SOX8_DN	-0.22836091222268817			
GO_NEGATIVE_REGULATION_OF_REPRODUCTIVE_PROCESS	-0.22836645956427482			
PID_HEDGEHOG_GLI_PATHWAY	-0.22837730934696196			
GSE29949_MICROGLIA_BRAIN_VS_MONOCYTE_BONE_MARROW_DN	-0.22838238391581703			
SREBP1_02	-0.2283830314963852			
GO_AMPA_GLUTAMATE_RECEPTOR_COMPLEX	-0.2283914011260493			
GO_GROOMING_BEHAVIOR	-0.22839340682370637			
GSE23114_WT_VS_SLE2C1_MOUSE_SPLEEN_B1A_BCELL_DN	-0.22840093062468536			
GO_POSITIVE_REGULATION_OF_CYTOLYSIS	-0.22840368104732292			
GO_CILIARY_NEUROTROPHIC_FACTOR_MEDIATED_SIGNALING_PATHWAY	-0.22840397445243202			
GO_CLATHRIN_COATED_ENDOCYTIC_VESICLE_MEMBRANE	-0.22840643624432316			
GSE6269_FLU_VS_E_COLI_INF_PBMC_UP	-0.22840820725422306			
GSE26156_DOUBLE_POSITIVE_VS_CD4_SINGLE_POSITIVE_THYMOCYTE_DN	-0.22843040669096565			
MIR1301_5P	-0.22844310794934256			
GSE3039_CD4_TCELL_VS_NKT_CELL_DN	-0.2284484609870692			
GO_HISTONE_H2A_ACETYLATION	-0.22845968148303375			
GSE25088_CTRL_VS_ROSIGLITAZONE_STIM_STAT6_KO_MACROPHAGE_UP	-0.2284727247200101			
GO_NEGATIVE_REGULATION_OF_MUSCLE_TISSUE_DEVELOPMENT	-0.2284747445354931			
IPA_TLX1_UP	-0.2284875971765502			
GO_THORAX_AND_ANTERIOR_ABDOMEN_DETERMINATION	-0.22849175092449187			
BIOCARTA_FMLP_PATHWAY	-0.2285396406147027			
GO_GLYCEROL_ETHER_METABOLIC_PROCESS	-0.22854443549913858			
BIOCARTA_IGF1MTOR_PATHWAY	-0.2285523041204477			
MIR6506_3P	-0.22856365478912952			
GO_OXIDATIVE_DNA_DEMETHYLATION	-0.22856385764979031			
GSE41867_DAY6_VS_DAY8_LCMV_CLONE13_EFFECTOR_CD8_TCELL_DN	-0.2285711202036611			
MIR452_5P	-0.22857547327845776			
GO_NEURON_NEURON_SYNAPTIC_TRANSMISSION	-0.2285768474600995			
HOLLERN_EMT_BREAST_TUMOR_UP	-0.22858236698344261			
MIR3928_3P	-0.22859743457788145			
RCGCANGCGY_NRF1_Q6	-0.2286013116437586			
GO_NEGATIVE_REGULATION_OF_TELOMERE_MAINTENANCE_VIA_TELOMERE_LENGTHENING	-0.2286094253878136			
REACTOME_REGULATION_OF_SIGNALING_BY_NODAL	-0.22861361001330974			
ATGTTAA_MIR302C	-0.22861734436268286			
GAZDA_DIAMOND_BLACKFAN_ANEMIA_MYELOID_DN	-0.22863784332860387			
MIR9899	-0.2286637201420711			
GO_TELOMERE_MAINTENANCE_VIA_TELOMERE_LENGTHENING	-0.22867140596696844			
GO_TRANSLATION_REGULATOR_ACTIVITY_NUCLEIC_ACID_BINDING	-0.22868208857082703			
GO_FOUR_WAY_JUNCTION_DNA_BINDING	-0.22868593689414668			
MIR153_5P	-0.22869261051387854			
HOSHIDA_LIVER_CANCER_SUBCLASS_S1	-0.22869286872022732			
GSE27786_LSK_VS_MONO_MAC_UP	-0.22871261960544848			
GO_HORMONE_RECEPTOR_BINDING	-0.22871321659210045			
GO_SYNAPTIC_SIGNALING	-0.22874055178211689			
IPA_CEBPA_DN	-0.22874485991315774			
GSE20366_TREG_VS_NAIVE_CD4_TCELL_DEC205_CONVERSION_DN	-0.22875150119008753			
GO_FANCONI_ANAEMIA_NUCLEAR_COMPLEX	-0.22875574453095335			
REACTOME_FGFR2_MUTANT_RECEPTOR_ACTIVATION	-0.22876145776183687			
MIR4305	-0.22878641705015543			
MIR8053	-0.2288431771555018			
GO_VITAMIN_D3_METABOLIC_PROCESS	-0.22885340527397183			
GO_NEGATIVE_REGULATION_OF_CELL_CYCLE_ARREST	-0.22885419864639198			
GO_HOMEOSTATIC_PROCESS	-0.22885510170775553			
GO_REGULATION_OF_EXIT_FROM_MITOSIS	-0.22887359271542795			
OSADA_ASCL1_TARGETS_UP	-0.2288741179434622			
GSE6674_UNSTIM_VS_ANTI_IGM_AND_CPG_STIM_BCELL_DN	-0.2288763490638233			
GO_MICROBODY_MEMBRANE	-0.22888139210683117			
GO_INTERLEUKIN_10_SECRETION	-0.22888301984033005			
GO_REGULATION_OF_STRIATED_MUSCLE_CELL_DIFFERENTIATION	-0.22888552568905812			
GSE21033_3H_VS_24H_POLYIC_STIM_DC_DN	-0.22889953294123694			
GO_MITOCHONDRIAL_RNA_CATABOLIC_PROCESS	-0.22889963492548207			
GO_CYTOPLASMIC_SEQUESTERING_OF_NF_KAPPAB	-0.2289092929800298			
GO_CORE_MEDIATOR_COMPLEX	-0.22891558942054843			
TET1_Splice_Variant_VP_DE456_TARGET_GENES	-0.2289271038032863			
AHR_Q5	-0.2289332033322973			
GO_SPERM_PRINCIPAL_PIECE	-0.22894026880690746			
GSE3982_EOSINOPHIL_VS_MAST_CELL_DN	-0.2289536314669146			
chr6p25	-0.2289567302806903			
GSE16450_IMMATURE_VS_MATURE_NEURON_CELL_LINE_12H_IFNA_STIM_DN	-0.2289607312662843			
MIR1251_5P	-0.2289644698314393			
BRUNEAU_SEPTATION_VENTRICULAR	-0.2289667546881166			
GO_SNORNA_BINDING	-0.22896700207434237			
GO_SODIUM_CHLORIDE_SYMPORTER_ACTIVITY	-0.22896786123317422			
GO_AMIDE_BIOSYNTHETIC_PROCESS	-0.2289707088747466			
REACTOME_SEROTONIN_RECEPTORS	-0.22897401150697144			
IPA_HINFP_UP	-0.22899361699949536			
GSE360_T_GONDII_VS_B_MALAYI_HIGH_DOSE_DC_DN	-0.22901401911156724			
GSE17721_0.5H_VS_8H_LPS_BMDC_DN	-0.2290259669672239			
GO_C_X3_C_CHEMOKINE_BINDING	-0.22903259381283256			
GO_HYDROLASE_ACTIVITY_ACTING_ON_CARBON_NITROGEN_BUT_NOT_PEPTIDE_BONDS_IN_CYCLIC_AMIDES	-0.22903595495861215			
GO_REGULATION_OF_HISTONE_H4_K16_ACETYLATION	-0.22906007757906238			
ZNF777_TARGET_GENES	-0.22906727164294663			
GO_NEGATIVE_REGULATION_OF_ADENYLATE_CYCLASE_ACTIVATING_ADRENERGIC_RECEPTOR_SIGNALING_PATHWAY	-0.22909599535434733			
KEGG_BIOSYNTHESIS_OF_UNSATURATED_FATTY_ACIDS	-0.2291040808685951			
MIR155_3P	-0.22910435577579566			
SCHLOSSER_MYC_TARGETS_AND_SERUM_RESPONSE_UP	-0.2291055729901685			
GSE15324_NAIVE_VS_ACTIVATED_CD8_TCELL_UP	-0.2291186848635408			
GO_HUMORAL_IMMUNE_RESPONSE	-0.22912358446073394			
GO_POSITIVE_REGULATION_OF_CELL_CELL_ADHESION_MEDIATED_BY_INTEGRIN	-0.22913095638270972			
KEGG_TYPE_I_DIABETES_MELLITUS	-0.22913139016409567			
GO_ENGULFMENT_OF_APOPTOTIC_CELL	-0.22914552751085812			
GO_REGULATION_OF_FATTY_ACID_BETA_OXIDATION	-0.22915045601007894			
GO_GDP_METABOLIC_PROCESS	-0.22915088111463547			
MIR6814_3P_MIR6872_5P	-0.22915182735568274			
REACTOME_RUNX3_REGULATES_CDKN1A_TRANSCRIPTION	-0.22915358567217006			
GO_MONOCARBOXYLIC_ACID_CATABOLIC_PROCESS	-0.22915528924923229			
MIR5010_3P	-0.22916476268826338			
GO_NEUROTRANSMITTER_RECEPTOR_ACTIVITY_INVOLVED_IN_REGULATION_OF_POSTSYNAPTIC_MEMBRANE_POTENTIAL	-0.2291744236059896			
GO_EUKARYOTIC_TRANSLATION_INITIATION_FACTOR_4F_COMPLEX	-0.22918616243152817			
CASORELLI_ACUTE_PROMYELOCYTIC_LEUKEMIA_DN	-0.22919019547366687			
MIR6516_5P	-0.22921407053067389			
MIR6753_5P	-0.22922173132435084			
GSE9006_TYPE_1_DIABETES_AT_DX_VS_4MONTH_POST_DX_PBMC_DN	-0.22925902028645706			
FOXJ2_01	-0.22926186464240203			
MIR6885_3P	-0.22927737598937914			
MIR23B_5P	-0.2292850690041441			
GSE1460_INTRATHYMIC_T_PROGENITOR_VS_NAIVE_CD4_TCELL_CORD_BLOOD_UP	-0.2292915811832146			
MIR563	-0.2292948034179541			
GO_FUCOSE_CATABOLIC_PROCESS	-0.2293043181736714			
NFY_Q6_01	-0.22932095934793442			
REACTOME_REGULATION_OF_COMMISSURAL_AXON_PATHFINDING_BY_SLIT_AND_ROBO	-0.22932205274676523			
GSE32164_ALTERNATIVELY_ACT_M2_VS_CMYC_INHIBITED_MACROPHAGE_DN	-0.2293625071739062			
GO_PROTEIN_LOCALIZATION_TO_KINETOCHORE	-0.2293648845625625			
GATTGGY_NFY_Q6_01	-0.22938300209806803			
IRF_Q6	-0.22938558025158862			
GO_DNA_CYTOSINE_DEAMINATION	-0.22939630822622395			
GO_FIBRILLAR_COLLAGEN_TRIMER	-0.22940586223237128			
MIR550A_3P	-0.22942731792993987			
GSE39110_DAY3_VS_DAY6_POST_IMMUNIZATION_CD8_TCELL_WITH_IL2_TREATMENT_DN	-0.22943702776069805			
GO_CARDIOLIPIN_ACYL_CHAIN_REMODELING	-0.22944852820127562			
GO_VASCULOGENESIS_INVOLVED_IN_CORONARY_VASCULAR_MORPHOGENESIS	-0.22945469912149355			
GO_SNORNA_3_END_PROCESSING	-0.22948111116655331			
GO_CYTOSOLIC_LARGE_RIBOSOMAL_SUBUNIT	-0.2295016095658075			
GO_MESODERMAL_CELL_MIGRATION	-0.22951153726408596			
GSE22432_MULTIPOTENT_PROGENITOR_VS_CDC_DN	-0.22951499809934536			
GO_COA_TRANSFERASE_ACTIVITY	-0.2295225900140982			
MIR208A_5P	-0.22952431255114988			
IPA_IRX2_DN	-0.2295246251282411			
IPA_TFAP2B_DN	-0.2295246251282411			
GO_CORE_PROMOTER_BINDING	-0.22953272378912085			
MIR676_5P	-0.22953555210562057			
GSE39820_TGFBETA1_VS_TGFBETA3_IN_IL6_IL23A_TREATED_CD4_TCELL_UP	-0.2295488087333594			
REACTOME_CITRIC_ACID_CYCLE_TCA_CYCLE	-0.2295522771758062			
REACTOME_WNT_MEDIATED_ACTIVATION_OF_DVL	-0.22955343613138132			
GSE17974_IL4_AND_ANTI_IL12_VS_UNTREATED_72H_ACT_CD4_TCELL_DN	-0.22958446964230295			
GO_NEGATIVE_REGULATION_OF_MACROPHAGE_DIFFERENTIATION	-0.2295906946304329			
GSE26156_DOUBLE_POSITIVE_VS_CD4_SINGLE_POSITIVE_THYMOCYTE_UP	-0.22959595809269448			
AGCYRWTTC_UNKNOWN	-0.2295976803648342			
IPA_DEAF1_UP	-0.22959854085473963			
GO_EXTRINSIC_COMPONENT_OF_MITOCHONDRIAL_INNER_MEMBRANE	-0.2296018658742151			
MIR101_5P	-0.22961221209118293			
REACTOME_MEIOTIC_SYNAPSIS	-0.22961237626258846			
MIR5003_5P	-0.2296134717761701			
chr11q24	-0.2296155901645845			
MIR4483	-0.2296221988579879			
IPA_RXRB_DN	-0.22962993486036481			
BIOCARTA_INSULIN_PATHWAY	-0.22963998128440136			
GO_POSITIVE_REGULATION_OF_GASTRO_INTESTINAL_SYSTEM_SMOOTH_MUSCLE_CONTRACTION	-0.22966619980833652			
MIR548F_5P	-0.22966819774578345			
GO_PROTEIN_LOCALIZATION_TO_ENDOPLASMIC_RETICULUM	-0.22967639541680662			
GO_PHOSPHATIDYLINOSITOL_4_5_BISPHOSPHATE_5_PHOSPHATASE_ACTIVITY	-0.229684480799244			
RRCCGTTA_UNKNOWN	-0.22968499346363852			
chr20p13	-0.2296895139473608			
GO_GLYCINERGIC_SYNAPSE	-0.22969226610517668			
ROVERSI_GLIOMA_COPY_NUMBER_UP	-0.22969292407680073			
GO_PENILE_ERECTION	-0.2296940513065482			
HOQUE_METHYLATED_IN_CANCER	-0.22970106850335534			
REACTOME_GABA_B_RECEPTOR_ACTIVATION	-0.22970141106504718			
IPA_SMARCA4_UP	-0.22971231711619375			
GO_PARANODE_REGION_OF_AXON	-0.22972999466030022			
REACTOME_PI_3K_CASCADE_FGFR3	-0.2297355015165343			
MIR10524_5P	-0.22974744060325458			
GO_CELL_AGGREGATION	-0.22974993857455983			
GSE27786_NKTCELL_VS_MONO_MAC_UP	-0.22975537445142744			
GO_SERINE_FAMILY_AMINO_ACID_BIOSYNTHETIC_PROCESS	-0.22976968910347403			
GSE22432_CONVENTIONAL_CDC_VS_PLASMACYTOID_PDC_DN	-0.22977252219858965			
MIR629_3P	-0.22978013694270025			
MYB_Q6	-0.2297831137494882			
GSE23925_LIGHT_ZONE_VS_DARK_ZONE_BCELL_DN	-0.2297847834483268			
GO_MACROPHAGE_COLONY_STIMULATING_FACTOR_SIGNALING_PATHWAY	-0.229812807609022			
GO_HISTONE_H4_DEACETYLATION	-0.22982600962523173			
GO_POSITIVE_REGULATION_OF_HISTONE_H3_K9_ACETYLATION	-0.22982941252910666			
GSE18281_PERIMEDULLARY_CORTICAL_REGION_VS_WHOLE_CORTEX_THYMUS_DN	-0.22983019703090607			
GSE17721_0.5H_VS_8H_LPS_BMDC_UP	-0.22983109520312414			
GO_CYTOSKELETAL_ANCHORING_AT_NUCLEAR_MEMBRANE	-0.22983540050466378			
GO_NEURAL_PLATE_PATTERN_SPECIFICATION	-0.22983631747487748			
REACTOME_FRS_MEDIATED_FGFR2_SIGNALING	-0.2298556902251205			
GO_MICROGLIAL_CELL_MIGRATION	-0.22986841543941636			
MIR6817_5P	-0.22987129289795719			
GO_SINGLE_STRANDED_DNA_3_5_EXODEOXYRIBONUCLEASE_ACTIVITY	-0.22988761908762562			
GO_NEGATIVE_REGULATION_OF_OXIDOREDUCTASE_ACTIVITY	-0.22988897181905013			
GSE15330_LYMPHOID_MULTIPOTENT_VS_MEGAKARYOCYTE_ERYTHROID_PROGENITOR_UP	-0.22989998934337194			
IPA_CDK9_UP	-0.22990505617185286			
ZHANG_RESPONSE_TO_CANTHARIDIN_UP	-0.229919913883263			
MNX1_TARGET_GENES	-0.2299241142966054			
MIR370_3P	-0.22992468015160056			
GO_CIRCADIAN_SLEEP_WAKE_CYCLE_REM_SLEEP	-0.22993466828359846			
GO_MHC_PROTEIN_COMPLEX	-0.22994045637844784			
GO_PEPTIDOGLYCAN_IMMUNE_RECEPTOR_ACTIVITY	-0.22994800447755295			
GO_SEROTONIN_RECEPTOR_ACTIVITY	-0.22994803767130542			
GSE17721_12H_VS_24H_PAM3CSK4_BMDC_DN	-0.22994835802761104			
REACTOME_PI5P_REGULATES_TP53_ACETYLATION	-0.22995216219686496			
GSE39820_CTRL_VS_TGFBETA3_IL6_IL23A_CD4_TCELL_UP	-0.2299638985019093			
GO_M7G_5_PPPN_DIPHOSPHATASE_ACTIVITY	-0.22996897355707085			
GSE17974_0H_VS_12H_IN_VITRO_ACT_CD4_TCELL_UP	-0.22997748724362133			
GO_REGULATION_OF_CATION_CHANNEL_ACTIVITY	-0.22997999034534036			
GAVIN_FOXP3_TARGETS_CLUSTER_T4	-0.22999358102922654			
GO_VOLTAGE_GATED_CALCIUM_CHANNEL_ACTIVITY_INVOLVED_IN_CARDIAC_MUSCLE_CELL_ACTION_POTENTIAL	-0.23001147110079095			
MIR4518	-0.23001533052194234			
GO_MODIFICATION_OF_MORPHOLOGY_OR_PHYSIOLOGY_OF_OTHER_ORGANISM	-0.23006403282194104			
KAECH_NAIVE_VS_DAY8_EFF_CD8_TCELL_UP	-0.23006455523562702			
GO_NEGATIVE_REGULATION_OF_ION_TRANSPORT	-0.23006788423359112			
GO_RIBONUCLEOPROTEIN_COMPLEX_BINDING	-0.23006866909119714			
GO_CYCLASE_REGULATOR_ACTIVITY	-0.23006915659334143			
MIR516A_3P_MIR516B_3P	-0.2300717670746832			
GO_VITAMIN_D_BIOSYNTHETIC_PROCESS	-0.23007726954849625			
GSE14699_NAIVE_VS_DELETIONAL_TOLERANCE_CD8_TCELL_DN	-0.2300901288124102			
GO_NEGATIVE_REGULATION_OF_ADENYLATE_CYCLASE_ACTIVATING_G_PROTEIN_COUPLED_RECEPTOR_SIGNALING_PATHWAY	-0.23009134711773965			
GSE21063_WT_VS_NFATC1_KO_BCELL_DN	-0.23009226107737626			
ZNF22_TARGET_GENES	-0.230094886602112			
GO_POLYSACCHARIDE_BINDING	-0.2301014135082528			
GO_GUANYLATE_KINASE_ACTIVITY	-0.2301156253228864			
GO_PURINE_DEOXYRIBONUCLEOSIDE_TRIPHOSPHATE_METABOLIC_PROCESS	-0.2301183797273259			
GO_POSITIVE_REGULATION_OF_T_HELPER_17_CELL_DIFFERENTIATION	-0.23012308183655888			
MIR6866_5P	-0.2301255818011283			
IPA_FEV_UP	-0.230126996539505			
GO_IMPORT_INTO_NUCLEUS	-0.2301302032192504			
GSE5589_WT_VS_IL6_KO_LPS_AND_IL10_STIM_MACROPHAGE_45MIN_UP	-0.23016679648813015			
GATA6_01	-0.2301730751525715			
GO_POSITIVE_REGULATION_OF_PROTEIN_TARGETING_TO_MITOCHONDRION	-0.2301744010549655			
TING_SILENCED_BY_DICER	-0.23018509742645807			
IKEDA_MIR1_TARGETS_DN	-0.23019142079526692			
GO_CORTICOTROPIN_SECRETION	-0.23019232910677348			
GO_UBIQUITIN_LIKE_PROTEIN_CONJUGATING_ENZYME_BINDING	-0.23020045526824642			
GO_RESPONSE_TO_TYPE_I_INTERFERON	-0.2302141196146881			
GO_SERINE_TRANSPORT	-0.230214654810928			
GO_REGULATION_OF_ION_TRANSMEMBRANE_TRANSPORT	-0.2302188903651019			
IWANAGA_CARCINOGENESIS_BY_KRAS_PTEN_DN	-0.2302448911637296			
STAEGE_EWING_FAMILY_TUMOR	-0.23025075489576635			
GO_PEPTIDYL_DIPHTHAMIDE_BIOSYNTHETIC_PROCESS_FROM_PEPTIDYL_HISTIDINE	-0.23025642368251378			
GO_CYTOPLASMIC_TRANSLATIONAL_ELONGATION	-0.2302701775566692			
GSE6674_CPG_VS_CPG_AND_ANTI_IGM_STIM_BCELL_UP	-0.23027043989188412			
GO_NEGATIVE_REGULATION_OF_PROTEIN_FOLDING	-0.23027354435807781			
REACTOME_ADENYLATE_CYCLASE_ACTIVATING_PATHWAY	-0.23027405785608396			
REACTOME_TRANSPORT_OF_NUCLEOSIDES_AND_FREE_PURINE_AND_PYRIMIDINE_BASES_ACROSS_THE_PLASMA_MEMBRANE	-0.23029922396993238			
REACTOME_MITOTIC_PROMETAPHASE	-0.2303182699104915			
GO_SPERM_EJACULATION	-0.2303260021059256			
GO_REGULATION_OF_MITOCHONDRIAL_RNA_CATABOLIC_PROCESS	-0.23032805429680384			
IPA_LRRFIP1_UP	-0.2303459693378275			
GOLDRATH_EFF_VS_MEMORY_CD8_TCELL_UP	-0.23035162371029835			
GO_NEGATIVE_REGULATION_OF_EXCITATORY_POSTSYNAPTIC_POTENTIAL	-0.23039081098612238			
REACTOME_DNA_DAMAGE_RECOGNITION_IN_GG_NER	-0.23039195791424966			
GO_ANAPHASE_PROMOTING_COMPLEX_BINDING	-0.2304013197878981			
GO_SPINAL_CORD_PATTERNING	-0.2304143438986148			
GSE27434_WT_VS_DNMT1_KO_TREG_UP	-0.23041638109550758			
GO_CELL_PROLIFERATION_IN_FOREBRAIN	-0.23042724559975727			
MIR4768_3P	-0.23042948992559628			
GO_RESPONSE_TO_STEROL_DEPLETION	-0.23043013545274357			
MIR770_5P	-0.23043306777511427			
GSE20198_IL12_VS_IFNA_TREATED_ACT_CD4_TCELL_UP	-0.23044850304475492			
MIR6863	-0.23045473390935614			
GSE13229_MATURE_VS_INTMATURE_NKCELL_UP	-0.23045655061405573			
MIR6744_5P	-0.23045994803521302			
MIR3686	-0.23048333817114866			
GO_PROTEIN_LOCALIZATION_TO_MICROTUBULE_ORGANIZING_CENTER	-0.23049572653677813			
GO_TRANSLATION_REGULATOR_ACTIVITY	-0.2304961183530001			
GO_HETEROCHROMATIN_ASSEMBLY	-0.23050879106042008			
ZNF582_TARGET_GENES	-0.23051601179598652			
REACTOME_LEISHMANIA_INFECTION	-0.23052870322185082			
REACTOME_GLI_PROTEINS_BIND_PROMOTERS_OF_HH_RESPONSIVE_GENES_TO_PROMOTE_TRANSCRIPTION	-0.23053178338979857			
chr4p14	-0.23053885542955177			
GO_MICOS_COMPLEX	-0.23054096507471394			
GO_POSITIVE_REGULATION_OF_GRANULOCYTE_CHEMOTAXIS	-0.23054945178943115			
GO_VASCULAR_ENDOTHELIAL_GROWTH_FACTOR_ACTIVATED_RECEPTOR_ACTIVITY	-0.23055700385383454			
GO_CELLULAR_RESPONSE_TO_CARBOHYDRATE_STIMULUS	-0.23056668729160887			
GO_NEUROTRANSMITTER_GATED_ION_CHANNEL_CLUSTERING	-0.2305679284001897			
SANA_RESPONSE_TO_IFNG_UP	-0.2305899715295253			
MIR922	-0.23059027260783288			
GO_NUCLEOLUS	-0.23060433010222317			
MIR3146	-0.2306134827329059			
GO_PRE_MIRNA_BINDING	-0.23061839986155194			
MIR769_5P	-0.23062389098633274			
IPA_FOXC1_UP	-0.2306411888393512			
MIR3620_5P	-0.23066096250321974			
GO_EPINEPHRINE_TRANSPORT	-0.23066418162865043			
GO_POSITIVE_REGULATION_OF_DENDRITIC_SPINE_MORPHOGENESIS	-0.2306659089880852			
GO_FATTY_ACID_BINDING	-0.23066948651773453			
GSE21670_UNTREATED_VS_TGFB_IL6_TREATED_CD4_TCELL_UP	-0.23067066060784153			
GSE9946_LISTERIA_INF_MATURE_VS_PROSTAGLANDINE2_TREATED_MATURE_DC_UP	-0.23067762498678296			
VALK_AML_CLUSTER_11	-0.23067879369065059			
GO_NEGATIVE_REGULATION_OF_RESPONSE_TO_CYTOKINE_STIMULUS	-0.23068610041951693			
IPA_FOXO1_DN	-0.23069094037041546			
GO_CELLULAR_RESPONSE_TO_VITAMIN_D	-0.23070017419788502			
MIR27A_5P	-0.2307186547015714			
PETRETTO_LEFT_VENTRICLE_MASS_QTL_CIS_UP	-0.23072110403103213			
GO_MITOCHONDRIAL_ELECTRON_TRANSPORT_UBIQUINOL_TO_CYTOCHROME_C	-0.23072140775098743			
GSE23925_LIGHT_ZONE_VS_NAIVE_BCELL_DN	-0.23074134308417488			
MIR4502	-0.23075027224165923			
GO_GLYCERALDEHYDE_3_PHOSPHATE_METABOLIC_PROCESS	-0.23075032157005954			
IPA_SMARCB1_DN	-0.23075123140789172			
GO_POSITIVE_REGULATION_OF_TYROSINE_PHOSPHORYLATION_OF_STAT_PROTEIN	-0.23075203846366035			
GSE27291_0H_VS_7D_STIM_GAMMADELTA_TCELL_UP	-0.2307562770124609			
IPA_GSC_UP	-0.23077094008119914			
GO_INOSITOL_TRISPHOSPHATE_KINASE_ACTIVITY	-0.23078865363919954			
MIR3914	-0.2307918254605231			
GO_VENTRAL_SPINAL_CORD_INTERNEURON_DIFFERENTIATION	-0.23079628535978977			
MIR214_3P	-0.23080081958519488			
BIOCARTA_ERYTH_PATHWAY	-0.23080631700106652			
GSE2770_IL12_VS_IL4_TREATED_ACT_CD4_TCELL_6H_DN	-0.2308132436665016			
GO_MYELOID_LEUKOCYTE_CYTOKINE_PRODUCTION	-0.2308141356074094			
GSE40274_CTRL_VS_EOS_TRANSDUCED_ACTIVATED_CD4_TCELL_UP	-0.23081517506298121			
REACTOME_ASSEMBLY_OF_ACTIVE_LPL_AND_LIPC_LIPASE_COMPLEXES	-0.23082572542670368			
GO_NEUROTRANSMITTER_RECEPTOR_COMPLEX	-0.23082939914502143			
GO_LYSOPHOSPHATIDIC_ACID_BINDING	-0.23083122986400215			
GO_POSITIVE_REGULATION_OF_FEAR_RESPONSE	-0.230842895366944			
REACTOME_RRNA_PROCESSING	-0.230843593956624			
GO_MHC_PROTEIN_COMPLEX_ASSEMBLY	-0.23084747639476652			
SHIN_B_CELL_LYMPHOMA_CLUSTER_5	-0.23084815550401439			
MIR1202	-0.23085425335709053			
GO_CYSTEINE_TYPE_ENDOPEPTIDASE_ACTIVATOR_ACTIVITY_INVOLVED_IN_APOPTOTIC_PROCESS	-0.2308639796173701			
GSE28726_NAIVE_VS_ACTIVATED_NKTCELL_UP	-0.2308709944282727			
GO_CELLULAR_RESPONSE_TO_HYDROPEROXIDE	-0.23087207362069026			
REACTOME_INSULIN_RECEPTOR_SIGNALLING_CASCADE	-0.2308761298275888			
IPA_ETV6_UP	-0.2308830635904473			
MIR7162_5P	-0.23089708259783226			
GO_PYRIDINE_CONTAINING_COMPOUND_CATABOLIC_PROCESS	-0.2309035997128563			
IPA_FIGLA_DN	-0.23090955054024975			
GO_NEGATIVE_REGULATION_OF_CELL_CYCLE	-0.23091379048975413			
GO_POSITIVE_REGULATION_OF_LONG_TERM_SYNAPTIC_DEPRESSION	-0.2309288594111906			
TCTAGAG_MIR517	-0.2309320492575959			
SREBP1_Q6	-0.23093654535605104			
GO_REGULATION_OF_SYSTEMIC_ARTERIAL_BLOOD_PRESSURE_BY_NOREPINEPHRINE_EPINEPHRINE	-0.2309366223689896			
GSE7831_UNSTIM_VS_INFLUENZA_STIM_PDC_1H_DN	-0.23094638455949246			
GO_EPITHELIAL_CELL_PROLIFERATION_INVOLVED_IN_SALIVARY_GLAND_MORPHOGENESIS	-0.23094895310620622			
MIR548AG	-0.23095354573594815			
ABRAHAM_ALPC_VS_MULTIPLE_MYELOMA_DN	-0.23097913180673144			
MIR761	-0.23098181858559438			
GO_RESPONSE_TO_INTERLEUKIN_6	-0.23098587782499885			
GSE2770_TGFB_AND_IL4_VS_TGFB_AND_IL12_TREATED_ACT_CD4_TCELL_6H_DN	-0.2309926286781739			
ZFP37_TARGET_GENES	-0.23099968951755087			
GO_POSITIVE_REGULATION_OF_HISTONE_H3_K27_METHYLATION	-0.23101348759843746			
MIR548BA	-0.231013855402283			
GSE17721_0.5H_VS_24H_GARDIQUIMOD_BMDC_UP	-0.23101443679220585			
GO_POSITIVE_REGULATION_OF_CD4_POSITIVE_ALPHA_BETA_T_CELL_PROLIFERATION	-0.23101458140463135			
MIR6751_3P	-0.23101606959782606			
GO_INDUCTION_OF_BACTERIAL_AGGLUTINATION	-0.2310188699477273			
GO_PODOSOME_ASSEMBLY	-0.23102262076498314			
IRF2_01	-0.23104452442550072			
MIR6831_5P	-0.23105836268334284			
KIM_MYC_AMPLIFICATION_TARGETS_UP	-0.2310638612190615			
REACTOME_IRS_MEDIATED_SIGNALLING	-0.23107593410953706			
GSE15659_NAIVE_VS_PTPRC_NEG_CD4_TCELL_UP	-0.2310869575736452			
GO_CELLULAR_AMIDE_METABOLIC_PROCESS	-0.2310943031079637			
GO_PURINE_CONTAINING_COMPOUND_BIOSYNTHETIC_PROCESS	-0.23109453620942091			
GO_IMMUNOLOGICAL_MEMORY_FORMATION_PROCESS	-0.23109799897237585			
GSE27786_LSK_VS_LIN_NEG_CELL_UP	-0.2311264927022			
MIR4457	-0.2311288799270373			
GO_POSITIVE_REGULATION_OF_INTERLEUKIN_23_PRODUCTION	-0.23113018959252005			
DCA_UP.V1_UP	-0.2311361034283393			
GSE22886_UNSTIM_VS_STIM_MEMORY_TCELL_DN	-0.2311439444718398			
GSE2770_UNTREATED_VS_TGFB_AND_IL4_TREATED_ACT_CD4_TCELL_48H_UP	-0.2311457960525045			
GO_REGULATION_OF_SKELETAL_MUSCLE_FIBER_DEVELOPMENT	-0.23115375340546618			
GO_AMINO_ACID_HOMEOSTASIS	-0.2311677877645351			
IPA_TFAP2C_DN	-0.23116943907200108			
GO_OBSERVATIONAL_LEARNING	-0.23119653814030647			
GO_PROTEIN_HOMOTRIMERIZATION	-0.23119658769932147			
NIKOLSKY_BREAST_CANCER_22Q13_AMPLICON	-0.2312128699397638			
GO_NEGATIVE_REGULATION_OF_CELLULAR_AMIDE_METABOLIC_PROCESS	-0.2312148423652068			
GO_SECRETORY_GRANULE_ORGANIZATION	-0.2312231901223616			
GO_POSITIVE_REGULATION_OF_RECEPTOR_INTERNALIZATION	-0.2312720116073671			
GO_PROTEIN_KINASE_COMPLEX	-0.23128026156586837			
BIOCARTA_NPC_PATHWAY	-0.2312892548706673			
MIR3135B	-0.23128996726819584			
GO_NUCLEAR_UBIQUITIN_LIGASE_COMPLEX	-0.23129265329739454			
GO_POSITIVE_REGULATION_OF_NATURAL_KILLER_CELL_CHEMOTAXIS	-0.2312981695670284			
GSE14769_40MIN_VS_360MIN_LPS_BMDM_UP	-0.23130490787500263			
chr9p22	-0.23131029719078686			
GO_ANION_SODIUM_SYMPORTER_ACTIVITY	-0.2313104643297867			
GO_NEGATIVE_REGULATION_OF_CELL_CYCLE_G1_S_PHASE_TRANSITION	-0.2313112159253925			
MIR4301	-0.2313358831994586			
REACTOME_REGULATION_OF_TP53_ACTIVITY_THROUGH_PHOSPHORYLATION	-0.23134341794608718			
GSE17721_LPS_VS_PAM3CSK4_0.5H_BMDC_UP	-0.23135422671793388			
GO_LUNG_GROWTH	-0.2313960438026678			
GSE34217_MIR17_92_OVEREXPRESS_VS_WT_ACT_CD8_TCELL_UP	-0.23140568228929934			
GO_CELLULAR_DETOXIFICATION_OF_ALDEHYDE	-0.23140912867335525			
MIR208B_5P	-0.23141553123271108			
GSE13547_WT_VS_ZFX_KO_BCELL_ANTI_IGM_STIM_2H_UP	-0.23143279591531007			
GO_VENTRAL_SPINAL_CORD_DEVELOPMENT	-0.2314434986357738			
MIR7702	-0.2314631776673994			
BOSCO_INTERFERON_INDUCED_ANTIVIRAL_MODULE	-0.2314646561068458			
GSE17721_CTRL_VS_CPG_6H_BMDC_UP	-0.23147699184515003			
MIR5579_5P	-0.23147877833884298			
GSE19941_LPS_VS_LPS_AND_IL10_STIM_IL10_KO_MACROPHAGE_UP	-0.2314887885235907			
GO_NUCLEAR_PORE_CENTRAL_TRANSPORT_CHANNEL	-0.23149791557758959			
GO_PROTEIN_KINASE_A_REGULATORY_SUBUNIT_BINDING	-0.23150997989931743			
GO_PRENYLTRANSFERASE_ACTIVITY	-0.231511709596818			
GO_ZYGOTIC_DETERMINATION_OF_ANTERIOR_POSTERIOR_AXIS_EMBRYO	-0.23152230584575872			
GSE17974_0H_VS_4H_IN_VITRO_ACT_CD4_TCELL_UP	-0.23153924044678575			
REACTOME_NOTCH2_INTRACELLULAR_DOMAIN_REGULATES_TRANSCRIPTION	-0.2315402000459845			
PUJANA_BREAST_CANCER_WITH_BRCA1_MUTATED_DN	-0.23154066304533213			
CROONQUIST_STROMAL_STIMULATION_DN	-0.2315425488376975			
REACTOME_ALPHA_LINOLENIC_OMEGA3_AND_LINOLEIC_OMEGA6_ACID_METABOLISM	-0.23156950706184434			
GSE6269_STAPH_AUREUS_VS_STREP_PNEUMO_INF_PBMC_DN	-0.23158045213899145			
GO_REGULATION_OF_NODAL_SIGNALING_PATHWAY_INVOLVED_IN_DETERMINATION_OF_LEFT_RIGHT_ASYMMETRY	-0.23158475084825111			
GO_OLFACTORY_LOBE_DEVELOPMENT	-0.23160296442956183			
GO_SERINE_FAMILY_AMINO_ACID_METABOLIC_PROCESS	-0.23160429844468725			
GSE27786_LSK_VS_NEUTROPHIL_DN	-0.23160779855081265			
MIR1915_3P	-0.23161519510557815			
GSE17721_POLYIC_VS_GARDIQUIMOD_24H_BMDC_UP	-0.23162557814815257			
GSE18893_TCONV_VS_TREG_2H_CULTURE_UP	-0.23164643707935273			
GSE27859_MACROPHAGE_VS_CD11C_INT_F480_INT_DC_DN	-0.2316474153075194			
GSE24972_WT_VS_IRF8_KO_SPLEEN_FOLLICULAR_BCELL_UP	-0.2316510675976423			
GO_POTASSIUM_ION_TRANSMEMBRANE_TRANSPORTER_ACTIVITY	-0.23165347369810255			
MIR511_3P	-0.23166853578933366			
TATA_01	-0.23167407736605664			
IPA_PRRX1_DN	-0.23168554817902312			
AP2_Q6	-0.23168918502503702			
MIR4493	-0.2316936314701586			
REACTOME_CRMPS_IN_SEMA3A_SIGNALING	-0.2316980506374386			
GO_CARNITINE_BIOSYNTHETIC_PROCESS	-0.23170729721656697			
GO_CELLULAR_RESPONSE_TO_UV_C	-0.23170977686276978			
MIR6878_5P	-0.23171752825548264			
GSE15659_RESTING_TREG_VS_NONSUPPRESSIVE_TCELL_DN	-0.23172632163789797			
GSE18791_CTRL_VS_NEWCASTLE_VIRUS_DC_1H_UP	-0.23173743081439951			
REACTOME_MICRORNA_MIRNA_BIOGENESIS	-0.23173744515565584			
MIR548N	-0.23175250888743257			
GO_PASSIVE_TRANSMEMBRANE_TRANSPORTER_ACTIVITY	-0.23175320218570553			
CAGNWMCNNNGAC_UNKNOWN	-0.23177263607192272			
GO_PHOSPHATIDYLINOSITOL_3_5_BISPHOSPHATE_3_PHOSPHATASE_ACTIVITY	-0.2317849560486668			
GO_DEOXYRIBOSE_PHOSPHATE_CATABOLIC_PROCESS	-0.23179791291745722			
MIR2681_5P	-0.2317993136901786			
GO_PHOSPHATASE_INHIBITOR_ACTIVITY	-0.2318030912970589			
GSE360_CTRL_VS_M_TUBERCULOSIS_MAC_UP	-0.2318111793798612			
chr4p12	-0.23181145163058234			
GO_REGULATION_OF_NEUROINFLAMMATORY_RESPONSE	-0.23181872941663706			
GO_NADPLUS_BINDING	-0.23183753613499267			
GO_PROTEIN_MODIFICATION_BY_SMALL_PROTEIN_CONJUGATION	-0.23184268639892708			
GSE36392_TYPE_2_MYELOID_VS_NEUTROPHIL_IL25_TREATED_LUNG_DN	-0.23186713508115517			
GSE3039_B2_VS_B1_BCELL_UP	-0.23189470996735823			
REACTOME_SELENOAMINO_ACID_METABOLISM	-0.2319085862627861			
MIR6866_3P	-0.23191275150327004			
GO_CIRCADIAN_RHYTHM	-0.23192767601235748			
FOXJ2_02	-0.23195207868001522			
GO_REGULATION_OF_LIGASE_ACTIVITY	-0.23195567502354583			
GSE2770_IL12_AND_TGFB_ACT_VS_ACT_CD4_TCELL_6H_DN	-0.2319680026241748			
GO_NLS_BEARING_PROTEIN_IMPORT_INTO_NUCLEUS	-0.23197317481921487			
COMP1_01	-0.23198555189939868			
GO_POSITIVE_REGULATION_OF_SEQUESTERING_OF_TRIGLYCERIDE	-0.23198633977162622			
GSE12963_UNINF_VS_ENV_AND_NEF_AND_VPR_DEFICIENT_HIV1_INF_CD4_TCELL_UP	-0.2319937754717449			
NIKOLSKY_BREAST_CANCER_14Q22_AMPLICON	-0.23199600725939568			
GSE22601_DOUBLE_NEGATIVE_VS_IMMATURE_CD4_SP_THYMOCYTE_UP	-0.2320117229747682			
PID_P38_ALPHA_BETA_PATHWAY	-0.23201333965883594			
GO_REGULATION_OF_CYSTEINE_TYPE_ENDOPEPTIDASE_ACTIVITY_INVOLVED_IN_APOPTOTIC_SIGNALING_PATHWAY	-0.23203056115290965			
REACTOME_GLUCOSE_METABOLISM	-0.23204910980387086			
NAKAMURA_CANCER_MICROENVIRONMENT_UP	-0.2320502157219732			
GSE360_LOW_DOSE_B_MALAYI_VS_M_TUBERCULOSIS_MAC_DN	-0.2320635954027849			
GO_NEGATIVE_REGULATION_OF_ENDOPLASMIC_RETICULUM_CALCIUM_ION_CONCENTRATION	-0.2320717295011842			
GO_GLYCINE_TRANSPORT	-0.2320765950254649			
ELVIDGE_HYPOXIA_BY_DMOG_DN	-0.23207840923432432			
IPA_HOXC6_UP	-0.23209202707682314			
MIR371A_5P	-0.2320987810715516			
GO_VASCULAR_ENDOTHELIAL_CELL_PROLIFERATION	-0.23210836069636326			
MIR6788_5P	-0.23211624054810015			
LET_7F_2_3P	-0.2321212251205671			
GO_SPLICEOSOMAL_SNRNP_ASSEMBLY	-0.2321242671479511			
GSE3982_EOSINOPHIL_VS_TH1_DN	-0.23214358234087326			
JAK2_DN.V1_DN	-0.23214368175166322			
SANDERSON_PPARA_TARGETS	-0.23214756628070696			
ATCATGA_MIR433	-0.23215880423591223			
GO_ATG1_ULK1_KINASE_COMPLEX	-0.23215928646283504			
GO_POSITIVE_REGULATION_OF_SISTER_CHROMATID_COHESION	-0.23216957252849657			
REACTOME_CONVERSION_FROM_APC_C_CDC20_TO_APC_C_CDH1_IN_LATE_ANAPHASE	-0.23217068849395772			
GSE6259_FLT3L_INDUCED_DEC205_POS_DC_VS_CD8_TCELL_UP	-0.23217138409567964			
GSE1740_MCSF_VS_MCSF_AND_IFNG_DAY2_DERIVED_MACROPHAGE_WITH_IFNA_STIM_DN	-0.2321785586321291			
GO_RESPONSE_TO_HYDROPEROXIDE	-0.23218698729496295			
GO_REGULATION_OF_NUCLEAR_TRANSCRIBED_MRNA_CATABOLIC_PROCESS_DEADENYLATION_DEPENDENT_DECAY	-0.23218824890279133			
WANG_LSD1_TARGETS_DN	-0.23220738027985835			
YATGNWAAT_OCT_C	-0.2322156624696235			
GO_SMAD_PROTEIN_COMPLEX	-0.232218102270191			
GO_ADENYLATE_CYCLASE_INHIBITING_SEROTONIN_RECEPTOR_SIGNALING_PATHWAY	-0.23222067529703			
GO_REGULATION_OF_CHROMOSOME_SEGREGATION	-0.23222856167749625			
WU_ALZHEIMER_DISEASE_UP	-0.2322343817580657			
chr12q15	-0.23223839812729247			
IPA_MEIS1_DN	-0.2322495135757245			
IPA_HOXA5_DN	-0.2322495135757245			
GO_DYNEIN_COMPLEX_BINDING	-0.23225146903289734			
MIR10399_3P	-0.2322519611362065			
GO_SEQUESTERING_OF_ACTIN_MONOMERS	-0.2322549790088651			
GO_REGULATION_OF_SKELETAL_MUSCLE_TISSUE_GROWTH	-0.23227232659129737			
IPA_SREBF1_UP	-0.23227327562429603			
GO_REGULATION_OF_PROTEIN_LOCALIZATION_TO_CENTROSOME	-0.23228484533385324			
MIR625_3P	-0.23228754698704634			
chr1p13	-0.23231242539189137			
GSE22342_CD11C_HIGH_VS_LOW_DECIDUAL_MACROPHAGES_UP	-0.23231487861569644			
GSE24634_IL4_VS_CTRL_TREATED_NAIVE_CD4_TCELL_DAY5_DN	-0.23232198454886638			
MIR1281	-0.23232257948977747			
GO_KETONE_BODY_METABOLIC_PROCESS	-0.2323290078779575			
GO_FLAP_ENDONUCLEASE_ACTIVITY	-0.23234195232565502			
GO_PEPTIDYL_GLUTAMIC_ACID_MODIFICATION	-0.2323657037677083			
REACTOME_UNBLOCKING_OF_NMDA_RECEPTORS_GLUTAMATE_BINDING_AND_ACTIVATION	-0.23236573794600643			
IPA_MECP2_UP	-0.23237354743032465			
GSE2585_THYMIC_DC_VS_MTEC_UP	-0.23237666901398665			
GO_REGULATION_OF_TOLL_LIKE_RECEPTOR_4_SIGNALING_PATHWAY	-0.23239153673167526			
PID_AMB2_NEUTROPHILS_PATHWAY	-0.2324043225356892			
GSE2128_CTRL_VS_MIMETOPE_NEGATIVE_SELECTION_DP_THYMOCYTE_NOD_DN	-0.23241138205108303			
KEGG_CYSTEINE_AND_METHIONINE_METABOLISM	-0.23241820351561632			
GO_NUCLEOTIDE_TRANSPORT	-0.2324201075579125			
GSE37534_UNTREATED_VS_GW1929_TREATED_CD4_TCELL_PPARG1_AND_FOXP3_TRASDUCED_DN	-0.23242213717244548			
MARKEY_RB1_CHRONIC_LOF_UP	-0.2324540663692763			
GSE17721_PAM3CSK4_VS_CPG_0.5H_BMDC_UP	-0.23245445144942167			
MIR5591_3P	-0.23246565691656906			
GO_REGULATION_OF_CYTOPLASMIC_TRANSLATIONAL_INITIATION	-0.23249150558558945			
ISRE_01	-0.2324925219875302			
MIR187_5P	-0.23250091234447545			
GO_VOCALIZATION_BEHAVIOR	-0.23250917970178278			
GO_TAU_PROTEIN_KINASE_ACTIVITY	-0.23252139454756843			
GO_NEURON_FATE_DETERMINATION	-0.23252501869747239			
GSE40685_TREG_VS_FOXP3_KO_TREG_PRECURSOR_UP	-0.23252633491720764			
GSE557_WT_VS_CIITA_KO_DC_UP	-0.23253669230350918			
GALE_APL_WITH_FLT3_MUTATED_UP	-0.23256166005917103			
MITSIADES_RESPONSE_TO_APLIDIN_DN	-0.23256444518678432			
MIR6736_3P	-0.23256498343925844			
MIR4729	-0.232572425513531			
PIGF_UP.V1_DN	-0.232574856120789			
KEGG_APOPTOSIS	-0.23257489992258953			
IPA_CRX_UP	-0.2325772813853257			
MIR6781_3P	-0.23257817333123376			
GSE22611_NOD2_TRANSD_VS_CTRL_TRANSD_HEK293_MDP_STIM_2H_DN	-0.23257897959501933			
GSE22589_HEALTHY_VS_HIV_AND_SIV_INFECTED_DC_UP	-0.23258669667587872			
GO_NEGATIVE_REGULATION_OF_CYTOKINESIS	-0.2325953399104356			
MIR125B_2_3P	-0.2325991315650153			
MIKKELSEN_ES_LCP_WITH_H3K27ME3	-0.23260308667862442			
GO_POSITIVE_REGULATION_OF_GLUCOSE_TRANSMEMBRANE_TRANSPORT	-0.23261776996793862			
WU_HBX_TARGETS_3_DN	-0.23262162863112987			
MIR1827	-0.232638897509223			
GO_PROTEIN_TARGETING_TO_MITOCHONDRION	-0.2326473411200092			
GSE24574_BCL6_HIGH_TFH_VS_NAIVE_CD4_TCELL_UP	-0.23265194768560504			
GO_MRNA_CLEAVAGE	-0.23265206480449935			
GO_DATP_METABOLIC_PROCESS	-0.23265451668884535			
GO_CARBOXY_TERMINAL_DOMAIN_PROTEIN_KINASE_COMPLEX	-0.23267388752020823			
MIR4802_3P	-0.23267803882078464			
REACTOME_PROCESSING_OF_SMDT1	-0.23267940751569213			
GTTRYCATRR_UNKNOWN	-0.23269548242417357			
GGTAACC_MIR4095P	-0.23269661591197546			
MIR148B_5P	-0.2327104793594868			
GO_APOPTOTIC_CHROMOSOME_CONDENSATION	-0.23272076699689256			
AP4_Q5	-0.23273514385080404			
GSE12845_NAIVE_VS_DARKZONE_GC_TONSIL_BCELL_DN	-0.23275544093971706			
GO_POSTSYNAPTIC_NEUROTRANSMITTER_RECEPTOR_ACTIVITY	-0.2327700292054126			
GO_RESPONSE_TO_DISACCHARIDE	-0.23277722357465713			
GO_NEUROPEPTIDE_BINDING	-0.23278412337277005			
GO_SOLUTE_PROTON_ANTIPORTER_ACTIVITY	-0.2328028867633318			
GO_MATURATION_OF_SSU_RRNA	-0.23281414846125262			
REACTOME_CREB_PHOSPHORYLATION	-0.23281679542976177			
GLI4_TARGET_GENES	-0.23283608702740452			
GO_RESPONSE_TO_ETHANOL	-0.23284340338123635			
GO_LYS48_SPECIFIC_DEUBIQUITINASE_ACTIVITY	-0.23286192995844898			
GO_INDOLE_CONTAINING_COMPOUND_BIOSYNTHETIC_PROCESS	-0.2328706997659492			
GSE29615_CTRL_VS_DAY7_LAIV_FLU_VACCINE_PBMC_UP	-0.23287229136872323			
MIR3173_5P	-0.2328744745136773			
GO_OLIGODENDROCYTE_PROGENITOR_PROLIFERATION	-0.23289011598999207			
GO_EXORIBONUCLEASE_ACTIVITY	-0.23289036813102307			
GO_EGG_ACTIVATION	-0.23289266961134106			
MIR425_5P	-0.23289591863380033			
GO_MICROTUBULE_POLYMERIZATION_OR_DEPOLYMERIZATION	-0.23290658913995338			
GO_REGULATION_OF_PROTEIN_IMPORT	-0.23290769184518673			
REACTOME_SYNTHESIS_OF_WYBUTOSINE_AT_G37_OF_TRNA_PHE	-0.23290879631235573			
GSE17721_PAM3CSK4_VS_CPG_4H_BMDC_UP	-0.23291143733458172			
IPA_HDAC1_DN	-0.23291706626651046			
GO_TRNA_THREONYLCARBAMOYLADENOSINE_METABOLIC_PROCESS	-0.23291736581968878			
GO_REGULATION_OF_CDC42_PROTEIN_SIGNAL_TRANSDUCTION	-0.23297274277721233			
PID_ALK2_PATHWAY	-0.23298255828344586			
ZHAN_VARIABLE_EARLY_DIFFERENTIATION_GENES_DN	-0.23299799176414704			
GSE46242_TH1_VS_ANERGIC_TH1_CD4_TCELL_WITH_EGR2_DELETED_DN	-0.2330021182495341			
IPA_NKX3-1_UP	-0.2330133177873906			
REACTOME_G_PROTEIN_ACTIVATION	-0.2330171807955451			
GSE5589_WT_VS_IL10_KO_LPS_STIM_MACROPHAGE_180MIN_DN	-0.23301903938387072			
IPA_SOX5_UP	-0.23302905467183685			
GSE21360_NAIVE_VS_QUATERNARY_MEMORY_CD8_TCELL_UP	-0.23303400472856267			
MIR4659A_3P_MIR4659B_3P	-0.23303601108245164			
GO_SUPEROXIDE_GENERATING_NADPH_OXIDASE_ACTIVITY	-0.23303716848201061			
MIR3180_MIR3180_3P	-0.23304649897432878			
MIR6861_5P	-0.2330491300447636			
GO_N_TERMINAL_PROTEIN_AMINO_ACID_ACETYLATION	-0.2330544605225118			
MIR17_3P	-0.23305487330636016			
GO_ENDOCARDIAL_CUSHION_FORMATION	-0.23305658905505888			
PALOMERO_GSI_SENSITIVITY_DN	-0.23306531190799057			
CUI_TCF21_TARGETS_UP	-0.23306736411274184			
GSE22589_HIV_VS_HIV_AND_SIV_INFECTED_DC_DN	-0.23307041239629794			
GO_MAINTENANCE_OF_PROTEIN_LOCATION_IN_EXTRACELLULAR_REGION	-0.23307404707740623			
LIU_CMYB_TARGETS_DN	-0.23307882340033553			
GO_HEMATOPOIETIC_STEM_CELL_DIFFERENTIATION	-0.2330828710253067			
MIR3922_5P	-0.2331024142377789			
ZNF512_TARGET_GENES	-0.23311063896908557			
GO_TELOMERE_LOCALIZATION	-0.23311310586562836			
MOREAUX_MULTIPLE_MYELOMA_BY_TACI_DN	-0.2331171008881449			
REACTOME_CDC6_ASSOCIATION_WITH_THE_ORC_ORIGIN_COMPLEX	-0.2331311175346261			
GO_POLY_PYRIMIDINE_TRACT_BINDING	-0.23313859623491945			
IPA_ING4_UP	-0.2331567448012841			
REACTOME_ALTERNATIVE_COMPLEMENT_ACTIVATION	-0.23316086119985557			
GO_COBALAMIN_TRANSPORT	-0.23316112272950204			
GO_NUCLEAR_RETENTION_OF_PRE_MRNA_AT_THE_SITE_OF_TRANSCRIPTION	-0.2331913605700384			
GO_HISTONE_METHYLTRANSFERASE_ACTIVITY_H3_K9_SPECIFIC	-0.23320508661368414			
MIR3187_3P	-0.23320827897085306			
GSE36009_UNSTIM_VS_LPS_STIM_NLRP10_KO_DC_DN	-0.23320913238508298			
GSE17721_PAM3CSK4_VS_CPG_0.5H_BMDC_DN	-0.23321012438571745			
TRIP13_TARGET_GENES	-0.233230844937564			
GO_PHOSPHATIDYLCHOLINE_CATABOLIC_PROCESS	-0.2332422320546925			
HUMMERICH_BENIGN_SKIN_TUMOR_DN	-0.23324612649432305			
MIR6867_3P	-0.23325002445091222			
GSE21670_IL6_VS_TGFB_AND_IL6_TREATED_STAT3_KO_CD4_TCELL_DN	-0.2332501465088675			
GSE14415_NATURAL_TREG_VS_FOXP3_KO_NATURAL_TREG_UP	-0.23328519379089246			
GO_REGULATION_OF_MYD88_INDEPENDENT_TOLL_LIKE_RECEPTOR_SIGNALING_PATHWAY	-0.23331738291838722			
MIR5589_3P	-0.23332418883426437			
YBX3_TARGET_GENES	-0.23332843391500685			
GO_REGULATION_OF_TRANSCRIPTION_BY_RNA_POLYMERASE_I	-0.23333540512646392			
GSE6674_CPG_VS_PL2_3_STIM_BCELL_UP	-0.23334195838766503			
GO_POSITIVE_REGULATION_OF_NEUROTROPHIN_TRK_RECEPTOR_SIGNALING_PATHWAY	-0.23335238608078987			
REACTOME_LECTIN_PATHWAY_OF_COMPLEMENT_ACTIVATION	-0.23339256125545302			
MIR6730_5P	-0.23342789910984854			
GO_REGULATION_OF_TOLL_LIKE_RECEPTOR_9_SIGNALING_PATHWAY	-0.23342910687303126			
MIR4712_5P	-0.23343589303790474			
GO_INSULIN_RECEPTOR_COMPLEX	-0.233453829696997			
GTGTCAA_MIR514	-0.233468219234032			
GO_CALMODULIN_DEPENDENT_KINASE_SIGNALING_PATHWAY	-0.23347180319951477			
GO_ERROR_FREE_TRANSLESION_SYNTHESIS	-0.2334761378651712			
GO_REGULATION_OF_RESPONSE_TO_FOOD	-0.23347714070274114			
GO_NEGATIVE_REGULATION_OF_LEUKOCYTE_DEGRANULATION	-0.23347879905349528			
GSE1432_1H_VS_24H_IFNG_MICROGLIA_DN	-0.23348259125802392			
GO_LIGASE_ACTIVITY_FORMING_PHOSPHORIC_ESTER_BONDS	-0.23348455671153007			
PPARG_01	-0.23350078848956607			
GO_ERROR_PRONE_TRANSLESION_SYNTHESIS	-0.2335113781415215			
GO_4_IRON_4_SULFUR_CLUSTER_BINDING	-0.23351982290729212			
GO_POSITIVE_REGULATION_OF_CORTICOTROPIN_SECRETION	-0.23352287292541143			
IPA_ATF6_DN	-0.23353308585721969			
CAIRO_HEPATOBLASTOMA_CLASSES_UP	-0.23354806888852528			
GO_MEIOSIS_II_CELL_CYCLE_PROCESS	-0.23356253630281584			
MIR380_5P	-0.23357396687579862			
GO_POSITIVE_REGULATION_OF_DOPAMINE_SECRETION	-0.23360306325761382			
GSE45739_UNSTIM_VS_ACD3_ACD28_STIM_NRAS_KO_CD4_TCELL_UP	-0.2336152015025309			
GO_RESPONSE_TO_CHEMOKINE	-0.23361963465540966			
MIR3663_5P	-0.2336217419916593			
MIR3059_3P	-0.23362979216593358			
MIR7_2_3P	-0.23363289071507223			
NAGY_STAGA_COMPONENTS_HUMAN	-0.23363447204744697			
NKX22_01	-0.23363604750190067			
ZHANG_GATA6_TARGETS_UP	-0.23364809933495662			
MIR6760_3P	-0.23365784142276927			
GSE411_100MIN_VS_400MIN_IL6_STIM_MACROPHAGE_UP	-0.23367136557504867			
GO_PORE_COMPLEX	-0.23368690324938718			
GO_TRNA_METHYLTRANSFERASE_ACTIVITY	-0.2337108519219518			
GO_MATURATION_OF_LSU_RRNA_FROM_TRICISTRONIC_RRNA_TRANSCRIPT_SSU_RRNA_5_8S_RRNA_LSU_RRNA	-0.23371706017315105			
GSE21670_UNTREATED_VS_IL6_TREATED_CD4_TCELL_UP	-0.23372840831558495			
MIR378E	-0.23374322859245616			
GO_PROTEIN_KINASE_ACTIVITY	-0.23375859943980548			
MIR422A	-0.23377072060005577			
chr3p21	-0.23377608460392166			
GO_POLYPHOSPHATE_METABOLIC_PROCESS	-0.23377651870231514			
REACTOME_OPSINS	-0.2337822365012291			
REACTOME_FCERI_MEDIATED_NF_KB_ACTIVATION	-0.23379119440529544			
REACTOME_SPERM_MOTILITY_AND_TAXES	-0.2337917818291906			
GO_POSITIVE_REGULATION_OF_FLAGELLATED_SPERM_MOTILITY	-0.23379927575167503			
REACTOME_PROCESSIVE_SYNTHESIS_ON_THE_C_STRAND_OF_THE_TELOMERE	-0.23380352763304796			
GO_RHYTHMIC_PROCESS	-0.233812320289343			
GO_REGULATION_OF_SEQUESTERING_OF_TRIGLYCERIDE	-0.2338357992915235			
GO_REGULATION_OF_RESPONSE_TO_EXTERNAL_STIMULUS	-0.23385909198793664			
MIR4435	-0.23386619257187502			
MIR4446_5P	-0.2338709854841509			
IPA_RFX5_UP	-0.2338729412397991			
GO_TRANSCRIPTION_INITIATION_FROM_RNA_POLYMERASE_III_PROMOTER	-0.23387333110474753			
MIR183_3P	-0.23387462781979199			
REACTOME_PLASMA_LIPOPROTEIN_ASSEMBLY	-0.23387567540934645			
SAKAI_TUMOR_INFILTRATING_MONOCYTES_DN	-0.23387876813769315			
GSE12505_WT_VS_E2_2_HET_PDC_DN	-0.23388252869797302			
GO_POSITIVE_REGULATION_OF_NEURON_PROJECTION_REGENERATION	-0.23388639763062316			
GO_MITOCHONDRIAL_RIBOSOME_ASSEMBLY	-0.23389648477085787			
GSE8835_CD4_VS_CD8_TCELL_CLL_PATIENT_UP	-0.23389745884148147			
MIR26A_2_3P	-0.23390190445232859			
IPA_MAF_UP	-0.2339022764455962			
REACTOME_G_BETA_GAMMA_SIGNALLING_THROUGH_CDC42	-0.23390382394527812			
GSE19198_CTRL_VS_IL21_TREATED_TCELL_1H_UP	-0.23390945796443627			
GO_CYCLOSPORIN_A_BINDING	-0.23391282218739728			
MIR6851_3P	-0.23391328565093034			
GO_REGULATION_OF_POSTTRANSCRIPTIONAL_GENE_SILENCING	-0.23393172025871567			
GSE2405_S_AUREUS_VS_UNTREATED_NEUTROPHIL_UP	-0.23393444887090226			
GSE16385_UNTREATED_VS_12H_ROSIGLITAZONE_IFNG_TNF_TREATED_MACROPHAGE_UP	-0.23394240687104723			
GSE3337_CTRL_VS_4H_IFNG_IN_CD8POS_DC_DN	-0.23394517685125957			
GO_NEGATIVE_REGULATION_OF_GLYCOPROTEIN_BIOSYNTHETIC_PROCESS	-0.23396137640531206			
GO_SMOOTH_MUSCLE_CELL_CHEMOTAXIS	-0.23396682336075136			
GO_CEREBELLAR_PURKINJE_CELL_LAYER_FORMATION	-0.23396764198858253			
GO_RDNA_HETEROCHROMATIN	-0.23397627261542153			
REACTOME_CYTOSOLIC_SENSORS_OF_PATHOGEN_ASSOCIATED_DNA	-0.23397944963685377			
GSE41176_UNSTIM_VS_ANTI_IGM_STIM_BCELL_6H_DN	-0.23398441252049684			
GO_REGULATION_OF_VITAMIN_D_BIOSYNTHETIC_PROCESS	-0.23398598645440405			
SPIELMAN_LYMPHOBLAST_EUROPEAN_VS_ASIAN_2FC_DN	-0.2339876406468278			
GO_NEUROTRANSMITTER_TRANSPORT	-0.2339980411370735			
REACTOME_INTERFERON_SIGNALING	-0.23400544611355925			
GSE37416_CTRL_VS_6H_F_TULARENSIS_LVS_NEUTROPHIL_DN	-0.2340077594934087			
STARK_HYPPOCAMPUS_22Q11_DELETION_UP	-0.23402429989719467			
GO_RESPONSE_TO_GRANULOCYTE_MACROPHAGE_COLONY_STIMULATING_FACTOR	-0.2340309437760193			
BIOCARTA_STAT3_PATHWAY	-0.23405327904517054			
GO_BLOOD_COAGULATION_INTRINSIC_PATHWAY	-0.2340672190455269			
GO_CELLULAR_RESPONSE_TO_STEROL_DEPLETION	-0.2340678553589034			
GSE16385_MONOCYTE_VS_MACROPHAGE_UP	-0.23406966996091144			
GO_POSITIVE_REGULATION_OF_CELL_CYCLE_PHASE_TRANSITION	-0.23408492146935778			
MIR507	-0.23408785730238071			
MIR7162_3P	-0.23409332082914858			
E47_02	-0.23409415317017088			
MIR4648	-0.23409671672090404			
GO_REGULATION_OF_BIOMINERALIZATION	-0.23409690076953749			
GO_REGULATION_OF_TRANSCRIPTION_FROM_RNA_POLYMERASE_II_PROMOTER_INVOLVED_IN_MYOCARDIAL_PRECURSOR_CELL_DIFFERENTIATION	-0.2340990953492986			
GO_MEIOTIC_TELOMERE_CLUSTERING	-0.2341067777683432			
GSE24026_PD1_LIGATION_VS_CTRL_IN_ACT_TCELL_LINE_DN	-0.23411610775051578			
KEGG_CYTOSOLIC_DNA_SENSING_PATHWAY	-0.2341350056373072			
GO_S_METHYLTRANSFERASE_ACTIVITY	-0.23416046248507097			
GSE5589_WT_VS_IL6_KO_LPS_AND_IL6_STIM_MACROPHAGE_45MIN_UP	-0.23416587830632596			
PTEN_DN.V1_DN	-0.23417634480527902			
GO_RIBOSOMAL_SMALL_SUBUNIT_ASSEMBLY	-0.2341788421425568			
WUNDER_INFLAMMATORY_RESPONSE_AND_CHOLESTEROL_UP	-0.2341814231753871			
MIR7850_5P	-0.23419831455423856			
BIOCARTA_EOSINOPHILS_PATHWAY	-0.23420475285033063			
KINSEY_TARGETS_OF_EWSR1_FLII_FUSION_UP	-0.23420807979263694			
TURASHVILI_BREAST_LOBULAR_CARCINOMA_VS_LOBULAR_NORMAL_DN	-0.23420869413465603			
HENDRICKS_SMARCA4_TARGETS_DN	-0.23421785882587137			
chr6p11	-0.23422008155127308			
CAVIN1_TARGET_GENES	-0.23423403550893673			
GO_PROTEIN_PRENYLTRANSFERASE_ACTIVITY	-0.23424569946232265			
MIR1185_1_3P_MIR1185_2_3P	-0.23425578033170683			
GO_GARP_COMPLEX	-0.23425821086033713			
BIOCARTA_MTOR_PATHWAY	-0.23425917579205374			
MIR7154_5P	-0.23426607628658455			
GO_POSITIVE_REGULATION_OF_CELL_ADHESION_MEDIATED_BY_INTEGRIN	-0.2342687539261555			
IPA_MLXIPL_DN	-0.23427132600055833			
GSE21063_CTRL_VS_ANTI_IGM_STIM_BCELL_3H_UP	-0.23428921660541824			
GO_CYTOLYSIS	-0.23429149079676623			
GO_NITROGEN_CYCLE_METABOLIC_PROCESS	-0.23429928300961378			
GSE360_DC_VS_MAC_M_TUBERCULOSIS_DN	-0.23430413174130732			
MIR18B_3P	-0.23431661671987952			
GO_ATP_DEPENDENT_PEPTIDASE_ACTIVITY	-0.23431867661666153			
MIR5007_3P	-0.23432260578257047			
REACTOME_SYNTHESIS_OF_PIPS_AT_THE_GOLGI_MEMBRANE	-0.23432416513252174			
GO_CELL_FATE_COMMITMENT	-0.234332562885685			
GO_LIPOXIN_METABOLIC_PROCESS	-0.23433288822122114			
KRASNOSELSKAYA_ILF3_TARGETS_DN	-0.23433522799428683			
SP1_Q4_01	-0.2343416186301904			
GO_CYTOLYTIC_GRANULE	-0.2343584514664345			
MEISSNER_NPC_ICP_WITH_H3_UNMETHYLATED	-0.23436954229894508			
chrXq25	-0.23437524305522428			
GO_ENTERIC_NERVOUS_SYSTEM_DEVELOPMENT	-0.23438208344662542			
KEGG_AUTOIMMUNE_THYROID_DISEASE	-0.2343824556448721			
GSE41176_WT_VS_TAK1_KO_UNSTIM_BCELL_DN	-0.23439175121260256			
MIR135B_5P	-0.23440592759362208			
GO_PROTEIN_LOCALIZATION_TO_CHROMOSOME_TELOMERIC_REGION	-0.23442003646608223			
IPA_NKX6-1_UP	-0.23442775335703037			
GO_SPINDLE_ELONGATION	-0.23443936170017862			
OSWALD_HEMATOPOIETIC_STEM_CELL_IN_COLLAGEN_GEL_DN	-0.23444164432724093			
GSE34205_RSV_VS_FLU_INF_INFANT_PBMC_DN	-0.23444962250233206			
MIR4745_5P	-0.2344510054806916			
GO_SYNAPTIC_VESICLE_CYTOSKELETAL_TRANSPORT	-0.2344684697282411			
GSE44649_NAIVE_VS_ACTIVATED_CD8_TCELL_DN	-0.2344796220071568			
GSE8835_HEALTHY_VS_CLL_CD8_TCELL_UP	-0.23449647663439713			
OCT1_Q6	-0.23449874252685535			
GO_MHC_CLASS_I_RECEPTOR_ACTIVITY	-0.23450010060787999			
GO_TOLL_LIKE_RECEPTOR_4_SIGNALING_PATHWAY	-0.23450211889991368			
GO_MACROPHAGE_COLONY_STIMULATING_FACTOR_PRODUCTION	-0.23450258743493052			
GO_DNA_ENDOREDUPLICATION	-0.2345248121209643			
IPA_SIX4_UP	-0.23453603724529407			
REACTOME_G_PROTEIN_MEDIATED_EVENTS	-0.2345446142373767			
GO_DIADENOSINE_POLYPHOSPHATE_METABOLIC_PROCESS	-0.23454638278252837			
GO_1_PHOSPHATIDYLINOSITOL_4_KINASE_ACTIVITY	-0.23455263459567233			
CDX2_Q5	-0.23455426161143433			
REACTOME_FOXO_MEDIATED_TRANSCRIPTION	-0.2345618549962062			
MIR7_1_3P	-0.23457665851767998			
GSE25123_ROSIGLITAZONE_VS_IL4_AND_ROSIGLITAZONE_STIM_MACROPHAGE_DAY10_DN	-0.23460226049037122			
GO_NEGATIVE_REGULATION_OF_CILIUM_ASSEMBLY	-0.23460607168474532			
GSE24574_BCL6_LOW_TFH_VS_NAIVE_CD4_TCELL_UP	-0.2346111127194475			
REACTOME_REGULATION_OF_TP53_ACTIVITY	-0.23461337848968455			
TAKEDA_TARGETS_OF_NUP98_HOXA9_FUSION_16D_UP	-0.23462555466535562			
GO_UV_PROTECTION	-0.2346291541300965			
GO_COA_HYDROLASE_ACTIVITY	-0.23463717303182863			
MIR4266	-0.23464933000094734			
REACTOME_KETONE_BODY_METABOLISM	-0.23465017566813454			
GSE21927_SPLEEN_C57BL6_VS_EL4_TUMOR_BALBC_MONOCYTES_DN	-0.23465230190102626			
REACTOME_METABOLISM_OF_INGESTED_SEMET_SEC_MESEC_INTO_H2SE	-0.23465727497567063			
GO_ANNEALING_HELICASE_ACTIVITY	-0.23466498199882344			
GO_GRANULOCYTE_MIGRATION	-0.23466894956477044			
ACOSTA_PROLIFERATION_INDEPENDENT_MYC_TARGETS_UP	-0.23467357086408797			
GO_NEGATIVE_REGULATION_OF_TISSUE_REMODELING	-0.2346853660997235			
GO_BRAIN_DERIVED_NEUROTROPHIC_FACTOR_RECEPTOR_SIGNALING_PATHWAY	-0.23468573264533713			
GO_LOCOMOTOR_RHYTHM	-0.2346911484040448			
GSE1925_CTRL_VS_3H_IFNG_STIM_MACROPHAGE_UP	-0.23472018044654702			
GO_G_PROTEIN_COUPLED_RECEPTOR_DIMERIC_COMPLEX	-0.23472510315987175			
GO_ENDOSOME_TO_PLASMA_MEMBRANE_PROTEIN_TRANSPORT	-0.23472560099561238			
GSE17721_PAM3CSK4_VS_GADIQUIMOD_6H_BMDC_UP	-0.23475235167872988			
MIR135A_5P	-0.23475446679889742			
GSE24634_NAIVE_CD4_TCELL_VS_DAY7_IL4_CONV_TREG_UP	-0.2347562160939479			
REACTOME_TRISTETRAPROLIN_TTP_ZFP36_BINDS_AND_DESTABILIZES_MRNA	-0.23475982729934058			
CATRRAGC_UNKNOWN	-0.23476644393968626			
GO_REDUCTION_OF_FOOD_INTAKE_IN_RESPONSE_TO_DIETARY_EXCESS	-0.2347895889771104			
GSE17721_12H_VS_24H_GARDIQUIMOD_BMDC_UP	-0.23479403499561083			
MIR6777_3P	-0.23479564435587946			
GSE36527_CD62L_HIGH_VS_CD62L_LOW_TREG_CD69_NEG_KLRG1_NEG_UP	-0.23479964282826887			
MIR596	-0.2348023742422911			
GO_PHOSPHOLIPASE_D_ACTIVITY	-0.23481252559438978			
MIR30B_5P_MIR30C_5P	-0.23481600147279316			
GSE36078_WT_VS_IL1R_KO_LUNG_DC_AFTER_AD5_T425A_HEXON_INF_DN	-0.23481829819436503			
IPA_DEAF1_DN	-0.2348325650946957			
GO_NEGATIVE_REGULATION_BY_HOST_OF_VIRAL_TRANSCRIPTION	-0.2348425012746033			
MIR2681_3P	-0.2348442793926469			
GO_CRISTAE_FORMATION	-0.23484869702204755			
GSE17721_CTRL_VS_POLYIC_8H_BMDC_UP	-0.23484988067289142			
GO_BONE_MINERALIZATION_INVOLVED_IN_BONE_MATURATION	-0.23487314558774572			
REACTOME_EFFECTS_OF_PIP2_HYDROLYSIS	-0.23487555418965309			
GO_HUMORAL_IMMUNE_RESPONSE_MEDIATED_BY_CIRCULATING_IMMUNOGLOBULIN	-0.23487815589179173			
REACTOME_NEUREXINS_AND_NEUROLIGINS	-0.2348842043297852			
MCCABE_BOUND_BY_HOXC6	-0.23490198315462477			
GO_LOW_DENSITY_LIPOPROTEIN_PARTICLE_REMODELING	-0.23490322506045236			
REACTOME_REGULATION_OF_TP53_EXPRESSION_AND_DEGRADATION	-0.23491915460223917			
MIR6769A_5P	-0.23491919529754798			
ZNF101_TARGET_GENES	-0.23491980483848263			
GO_INDUCTION_OF_POSITIVE_CHEMOTAXIS	-0.23492064572610508			
GO_PITUITARY_GLAND_DEVELOPMENT	-0.2349312038969115			
chr18q22	-0.23493683780370958			
GO_DETECTION_OF_MECHANICAL_STIMULUS	-0.23493743519523327			
REACTOME_ESTROGEN_BIOSYNTHESIS	-0.23494035605579078			
GO_NEGATIVE_REGULATION_OF_VITAMIN_METABOLIC_PROCESS	-0.23494872538598716			
BIOCARTA_CALCINEURIN_PATHWAY	-0.23496287094304957			
MIR3200_5P	-0.23496567936487198			
BIOCARTA_41BB_PATHWAY	-0.23498146451788404			
GO_MITOTIC_SISTER_CHROMATID_SEGREGATION	-0.23499120526254094			
AML1_01	-0.23499838975125076			
AML1_Q6	-0.23499838975125076			
GSE15659_CD45RA_NEG_CD4_TCELL_VS_NONSUPPRESSIVE_TCELL_DN	-0.23499986136943946			
IPA_SMARCD3_UP	-0.23500561682218404			
GSE21063_CTRL_VS_ANTI_IGM_STIM_BCELL_16H_UP	-0.23501020049457852			
GO_PRENYLATION	-0.23501075103661712			
GO_NEGATIVE_REGULATION_OF_FEEDING_BEHAVIOR	-0.23502087331041563			
MIR7156_3P	-0.2350310145013029			
GO_OXALATE_TRANSMEMBRANE_TRANSPORTER_ACTIVITY	-0.23504029222350908			
NADLER_OBESITY_DN	-0.23504423381473166			
GSE18804_BRAIN_VS_COLON_TUMORAL_MACROPHAGE_DN	-0.235047437877468			
GSE14413_UNSTIM_VS_IFNB_STIM_L929_CELLS_DN	-0.23505170043115403			
GSE14000_TRANSLATED_RNA_VS_MRNA_4H_LPS_DC_DN	-0.23505483014317916			
GO_POSITIVE_REGULATION_OF_VASCULAR_ENDOTHELIAL_CELL_PROLIFERATION	-0.23505536873431904			
GSE339_CD8POS_VS_CD4CD8DN_DC_DN	-0.23505584833263832			
GO_CELL_CYCLE_PHASE_TRANSITION	-0.23505876283726465			
GO_CARBON_CARBON_LYASE_ACTIVITY	-0.2350657025206647			
MIR548AO_5P_MIR548AX	-0.23507227112256773			
GO_PHOSPHATASE_REGULATOR_ACTIVITY	-0.23507298364114507			
GO_NEGATIVE_REGULATION_OF_UBIQUITIN_PROTEIN_TRANSFERASE_ACTIVITY	-0.23507578939457888			
GO_NONASSOCIATIVE_LEARNING	-0.23508102822270044			
MIR3123	-0.23508161183147291			
GO_VASCULAR_ENDOTHELIAL_GROWTH_FACTOR_BINDING	-0.23508507365529477			
GO_RIBONUCLEOSIDE_MONOPHOSPHATE_BIOSYNTHETIC_PROCESS	-0.2350899021917416			
GO_REGULATION_OF_PHOSPHOLIPASE_C_ACTIVATING_G_PROTEIN_COUPLED_RECEPTOR_SIGNALING_PATHWAY	-0.23509162060773744			
ZNF622_TARGET_GENES	-0.23509311974534353			
GO_REGULATION_OF_RELAXATION_OF_CARDIAC_MUSCLE	-0.23509834204629898			
GO_GROWTH_INVOLVED_IN_HEART_MORPHOGENESIS	-0.23510460865558133			
KEGG_ALLOGRAFT_REJECTION	-0.23510502719667895			
REACTOME_SYNTHESIS_OF_IP3_AND_IP4_IN_THE_CYTOSOL	-0.2351091587795751			
GO_HISTONE_H2A_UBIQUITINATION	-0.23511331978238506			
MIR3658	-0.23511550895836908			
GO_REGULATION_OF_NATURAL_KILLER_CELL_CHEMOTAXIS	-0.23511680444256164			
IPA_RAD21_UP	-0.23511683937724132			
MIR2117	-0.23511706817572728			
MIR214_5P	-0.23513381199378272			
THAP1_TARGET_GENES	-0.23513640095725102			
GSE22601_CD4_SINGLE_POSITIVE_VS_CD8_SINGLE_POSITIVE_THYMOCYTE_UP	-0.23513875115544583			
YAMASHITA_LIVER_CANCER_WITH_EPCAM_DN	-0.2351742994387191			
MIR6086	-0.23518904353821463			
GSE36392_TYPE_2_MYELOID_VS_EOSINOPHIL_IL25_TREATED_LUNG_DN	-0.235190369528939			
IPA_MLXIPL_UP	-0.2351947062748579			
IPA_KLF9_UP	-0.23521336004458868			
GO_MITOTIC_SPINDLE_MIDZONE_ASSEMBLY	-0.23522135342814043			
GSE7568_IL4_VS_IL4_AND_DEXAMETHASONE_TREATED_MACROPHAGE_UP	-0.2352216559123314			
GO_GPI_LINKED_EPHRIN_RECEPTOR_ACTIVITY	-0.23522743401842958			
GSE23502_WT_VS_HDC_KO_MYELOID_DERIVED_SUPPRESSOR_CELL_COLON_TUMOR_UP	-0.2352327938734077			
REACTOME_REGULATION_OF_PTEN_GENE_TRANSCRIPTION	-0.2352333902019479			
GO_N_TERMINAL_PROTEIN_AMINO_ACID_MODIFICATION	-0.23524322087199342			
GO_POSITIVE_REGULATION_OF_GLUTAMATE_SECRETION	-0.23524686902144257			
GO_MANGANESE_ION_TRANSMEMBRANE_TRANSPORT	-0.2352501862278115			
GO_MANGANESE_ION_TRANSMEMBRANE_TRANSPORTER_ACTIVITY	-0.2352501862278115			
GO_POSITIVE_REGULATION_OF_MULTICELLULAR_ORGANISM_GROWTH	-0.23526374859483778			
GSE41867_DAY15_EFFECTOR_VS_DAY30_EXHAUSTED_CD8_TCELL_LCMV_CLONE13_DN	-0.23526785923167165			
GSE22611_NOD2_VS_MUTANT_NOD2_TRANSDUCED_HEK293T_CELL_DN	-0.23528082730105646			
MIR1296_5P	-0.2352839529786131			
MIR30E_5P	-0.2352860524662347			
IPA_IRF9_DN	-0.23528728361712004			
MIR3194_5P	-0.23529891693974253			
GO_NEGATIVE_REGULATION_OF_CALCIUM_ION_IMPORT	-0.2352991960655466			
GO_HEPARAN_SULFATE_PROTEOGLYCAN_BINDING	-0.23529972414162809			
IPA_TCF7L2_DN	-0.2353088459346777			
GCGSCMNTTT_UNKNOWN	-0.2353101585091339			
GO_ACETYLCHOLINE_BINDING	-0.2353146949382312			
MIR224_3P	-0.23531575563233845			
IPA_MLX_UP	-0.235316880899624			
MIR30A_5P	-0.23532256151517086			
MIR3934_3P	-0.2353272031402981			
MIR197_5P	-0.23534118445948113			
chr6q11	-0.23534896224528107			
GSE360_T_GONDII_VS_B_MALAYI_LOW_DOSE_MAC_UP	-0.2353546044772059			
GO_PHOSPHATIDYLINOSITOL_PHOSPHATE_5_PHOSPHATASE_ACTIVITY	-0.23536826621699466			
REACTOME_HIV_TRANSCRIPTION_INITIATION	-0.23538360505268502			
GO_CENTRAL_ELEMENT	-0.23538383294710336			
GO_TRANSMISSION_OF_NERVE_IMPULSE	-0.23540637683938062			
GO_NEGATIVE_REGULATION_OF_JUN_KINASE_ACTIVITY	-0.2354109690610507			
GO_TRANSCRIPTION_ELONGATION_FROM_RNA_POLYMERASE_II_PROMOTER	-0.23543006670160826			
GO_T_CELL_CHEMOTAXIS	-0.23543204322611547			
chr2q33	-0.2354332160058137			
GO_REGULATION_OF_CALCIUM_ION_TRANSPORT	-0.23543607751349444			
IPA_FOXP2_DN	-0.23544599336983435			
BRUINS_UVC_RESPONSE_VIA_TP53_GROUP_D	-0.2354576175047353			
IPA_HDAC3_UP	-0.2354724391289145			
GO_NCRNA_3_END_PROCESSING	-0.23548928317629936			
GO_REGULATION_OF_DNA_DIRECTED_DNA_POLYMERASE_ACTIVITY	-0.23549075175738812			
ZNF34_TARGET_GENES	-0.23549796692940933			
MIR6739_3P	-0.2355019124727281			
MIR6764_5P	-0.23550937739497094			
chr4p13	-0.23551653492111008			
GSE16522_MEMORY_VS_NAIVE_ANTI_CD3CD28_STIM_CD8_TCELL_DN	-0.23552226917004687			
GO_NEGATIVE_REGULATION_OF_ALPHA_BETA_T_CELL_DIFFERENTIATION	-0.23552847603391552			
GSE20366_TREG_VS_NAIVE_CD4_TCELL_HOMEOSTATIC_CONVERSION_DN	-0.2355347123276445			
GO_ATRIAL_CARDIAC_MUSCLE_CELL_TO_AV_NODE_CELL_SIGNALING	-0.23555144841136996			
GO_NUCLEOBASE_BIOSYNTHETIC_PROCESS	-0.23555172562940777			
GO_ELASTIC_FIBER_ASSEMBLY	-0.23555786069543921			
GSE27291_6H_VS_7D_STIM_GAMMADELTA_TCELL_DN	-0.2355651902207271			
REACTOME_HIV_TRANSCRIPTION_ELONGATION	-0.235574040671582			
GO_PROTEIN_DESUMOYLATION	-0.2355777313708457			
GO_NUCLEOSIDE_TRIPHOSPHATE_METABOLIC_PROCESS	-0.2355971637834625			
YAUCH_HEDGEHOG_SIGNALING_PARACRINE_DN	-0.23559982738879687			
GO_REGULATION_OF_SODIUM_DEPENDENT_PHOSPHATE_TRANSPORT	-0.23560035053097741			
GO_OXIDOREDUCTASE_ACTIVITY_ACTING_ON_THE_CH_NH_GROUP_OF_DONORS_NAD_OR_NADP_AS_ACCEPTOR	-0.23560695062424344			
MIR5586_3P	-0.23561150726295632			
GO_ENUCLEATE_ERYTHROCYTE_DIFFERENTIATION	-0.23561247245971234			
MIR4481	-0.2356237213601767			
GO_FEMALE_MEIOSIS_CHROMOSOME_SEGREGATION	-0.23563143648824614			
KEGG_TRYPTOPHAN_METABOLISM	-0.23563719749678902			
REACTOME_REGULATION_OF_INNATE_IMMUNE_RESPONSES_TO_CYTOSOLIC_DNA	-0.23564950529372716			
MIR1224_5P	-0.23566598107438821			
GO_HYDROLASE_ACTIVITY_ACTING_ON_ESTER_BONDS	-0.23567458678462003			
IPA_SPI1_DN	-0.23568072852751978			
GO_CORONARY_VASCULATURE_MORPHOGENESIS	-0.23568081599648158			
GSE1740_MCSF_VS_MCSF_AND_IFNG_DAY2_DERIVED_MACROPHAGE_WITH_IFNA_STIM_UP	-0.23568420048971067			
GO_POSITIVE_REGULATION_OF_DNA_DEPENDENT_DNA_REPLICATION	-0.23568707839472247			
FLOTHO_PEDIATRIC_ALL_THERAPY_RESPONSE_UP	-0.23568898714696573			
GO_NEGATIVE_REGULATION_OF_GRANULOCYTE_DIFFERENTIATION	-0.2356909270028444			
GO_POSITIVE_REGULATION_OF_DEVELOPMENTAL_PIGMENTATION	-0.23569239428323657			
GO_POSITIVE_REGULATION_OF_OXIDATIVE_STRESS_INDUCED_CELL_DEATH	-0.23569420474485955			
REACTOME_PIWI_INTERACTING_RNA_PIRNA_BIOGENESIS	-0.2357167244629896			
GO_MONOAMINE_TRANSMEMBRANE_TRANSPORTER_ACTIVITY	-0.23571971161343672			
GO_SPLICEOSOMAL_TRI_SNRNP_COMPLEX_ASSEMBLY	-0.23573294571470554			
GO_NEGATIVE_REGULATION_OF_NEUROTRANSMITTER_TRANSPORT	-0.23573988654512254			
WHITFIELD_CELL_CYCLE_G1_S	-0.23574991619244184			
MIR4701_3P	-0.23575017600339795			
GLI1_UP.V1_UP	-0.23576922431665062			
GSE15330_LYMPHOID_MULTIPOTENT_VS_MEGAKARYOCYTE_ERYTHROID_PROGENITOR_DN	-0.23579479020181288			
IPA_ZBTB14_DN	-0.2357960786628376			
IPA_MNT_UP	-0.2357960786628376			
PID_EPHRINB_REV_PATHWAY	-0.23580112135798903			
KEGG_RNA_POLYMERASE	-0.23580439048512067			
IVANOVA_HEMATOPOIESIS_INTERMEDIATE_PROGENITOR	-0.23580880687526776			
REACTOME_TRP_CHANNELS	-0.235822476550959			
CCTGAGT_MIR510	-0.23583943526856577			
GSE2405_HEAT_KILLED_VS_LIVE_A_PHAGOCYTOPHILUM_STIM_NEUTROPHIL_9H_UP	-0.2358515756451547			
ATM_DN.V1_DN	-0.23586151078703424			
MIR552_3P	-0.23586726371608066			
GO_REGULATION_OF_MACROPHAGE_APOPTOTIC_PROCESS	-0.2358676250917187			
GSE15330_HSC_VS_PRO_BCELL_DN	-0.2358930326923279			
GO_SEROTONIN_RECEPTOR_SIGNALING_PATHWAY	-0.23589524162551986			
GO_SIGNAL_TRANSDUCTION_INVOLVED_IN_G2_DNA_DAMAGE_CHECKPOINT	-0.23590789676179266			
MIR3924	-0.23591391983968873			
GO_INOSITOL_PHOSPHATE_CATABOLIC_PROCESS	-0.23592190777783503			
GSE5542_UNTREATED_VS_IFNA_AND_IFNG_TREATED_EPITHELIAL_CELLS_24H_DN	-0.23592591160583246			
GSE17721_CTRL_VS_GARDIQUIMOD_0.5H_BMDC_UP	-0.23594686759283431			
SHIN_B_CELL_LYMPHOMA_CLUSTER_6	-0.23595483052460708			
CARDOSO_RESPONSE_TO_GAMMA_RADIATION_AND_3AB	-0.23595528544594116			
GO_OOCYTE_DIFFERENTIATION	-0.2359562826950562			
MIR30D_5P	-0.23595925144201027			
MIR6743_5P	-0.23596503723878423			
GO_HISTONE_H4_R3_METHYLATION	-0.23597718730820505			
GSE11818_WT_VS_DICER_KO_TREG_DN	-0.23597884401731398			
REACTOME_CHYLOMICRON_CLEARANCE	-0.2359823264816821			
GSE24972_MARGINAL_ZONE_BCELL_VS_FOLLICULAR_BCELL_DN	-0.2359843583938646			
GSE10239_MEMORY_VS_DAY4.5_EFF_CD8_TCELL_DN	-0.23599163379535554			
MIR340_3P	-0.2360015935986011			
GO_MEIOTIC_CELL_CYCLE_PROCESS	-0.23600698141613688			
MIR5004_5P	-0.236008622449545			
GO_NEGATIVE_REGULATION_OF_INTERLEUKIN_1_SECRETION	-0.2360099529831485			
IPA_NEUROD1_UP	-0.23601201860785972			
GSE9037_CTRL_VS_LPS_4H_STIM_BMDM_UP	-0.2360239111032845			
GO_REGULATION_OF_FEAR_RESPONSE	-0.23603061607594883			
MIR3668	-0.23605014117716108			
GO_REGULATION_OF_PROTEIN_DEACETYLATION	-0.23607725011046346			
BROWNE_HCMV_INFECTION_1HR_DN	-0.23608474073865493			
MIR3190_3P	-0.23608726762224805			
GSE36826_WT_VS_IL1R_KO_SKIN_UP	-0.23609361019969824			
GO_COTRANSLATIONAL_PROTEIN_TARGETING_TO_MEMBRANE	-0.23609592392504625			
GO_RRNA_METABOLIC_PROCESS	-0.23609804160743852			
GO_GRANULOCYTE_MACROPHAGE_COLONY_STIMULATING_FACTOR_PRODUCTION	-0.23610599627541387			
GO_LOCOMOTORY_EXPLORATION_BEHAVIOR	-0.23613052392560685			
GO_POSITIVE_REGULATION_OF_ACTIVIN_RECEPTOR_SIGNALING_PATHWAY	-0.23613342004734778			
CCCAGAG_MIR326	-0.23613991394725026			
GO_PRIMARY_AMINO_COMPOUND_METABOLIC_PROCESS	-0.23614836313375356			
GSE12001_MIR223_KO_VS_WT_NEUTROPHIL_DN	-0.23615286391782064			
BIOCARTA_TRKA_PATHWAY	-0.2361661193791175			
MIR3159	-0.23617061535678133			
GO_ATRIAL_CARDIAC_MUSCLE_TISSUE_DEVELOPMENT	-0.23617126398445995			
GSE46242_CTRL_VS_EGR2_DELETED_TH1_CD4_TCELL_UP	-0.23617326626066595			
REACTOME_REMOVAL_OF_THE_FLAP_INTERMEDIATE_FROM_THE_C_STRAND	-0.23617751777757634			
MIR4531	-0.2361868949132274			
REACTOME_TRNA_MODIFICATION_IN_THE_NUCLEUS_AND_CYTOSOL	-0.23618719503703997			
GO_DEOXYRIBONUCLEOTIDE_BIOSYNTHETIC_PROCESS	-0.2361895466164713			
GO_RESPONSE_TO_CATECHOLAMINE	-0.23619234910236944			
MIR10A_3P	-0.23621398758070672			
MIR374C_3P	-0.23622403445955595			
GO_CAMP_DEPENDENT_PROTEIN_KINASE_COMPLEX	-0.23622949756581324			
GO_INTERFERON_BETA_BIOSYNTHETIC_PROCESS	-0.23625035003952993			
GSE11961_MARGINAL_ZONE_BCELL_VS_MEMORY_BCELL_DAY40_DN	-0.23625468341863662			
GSE17721_LPS_VS_POLYIC_6H_BMDC_UP	-0.23625581899331352			
GSE17721_PAM3CSK4_VS_CPG_6H_BMDC_DN	-0.23625584363596602			
MIR8082	-0.2362601633753964			
GO_CHROMATIN_SILENCING_COMPLEX	-0.23626104050594166			
GO_LIPID_TRANSLOCATION	-0.23626603793976883			
MIR1208	-0.23628410012352596			
GO_MYOSIN_FILAMENT_ORGANIZATION	-0.23628541434820277			
GO_PROTECTION_FROM_NON_HOMOLOGOUS_END_JOINING_AT_TELOMERE	-0.2362865415370932			
REACTOME_CAMK_IV_MEDIATED_PHOSPHORYLATION_OF_CREB	-0.23629254975195588			
GO_CAMP_CATABOLIC_PROCESS	-0.23630508121388008			
GO_SNRNA_3_END_PROCESSING	-0.2363066860393886			
REACTOME_LINOLEIC_ACID_LA_METABOLISM	-0.2363144331614698			
GO_ADAPTIVE_THERMOGENESIS	-0.23631453455534487			
GO_THYROID_HORMONE_RECEPTOR_BINDING	-0.23632035070488652			
MIR4487	-0.23632416889914093			
CCAGGGG_MIR331	-0.23632693462990825			
GSE37534_GW1929_VS_PIOGLITAZONE_TREATED_CD4_TCELL_PPARG1_FOXP3_TRANSDUCED_UP	-0.23634092857889663			
GO_ATTACHMENT_OF_MITOTIC_SPINDLE_MICROTUBULES_TO_KINETOCHORE	-0.23634136209462747			
REACTOME_CA2_ACTIVATED_K_CHANNELS	-0.23634642947779344			
GO_HEMOGLOBIN_ALPHA_BINDING	-0.23634883599287596			
GSE15139_GMCSF_TREATED_VS_UNTREATED_NEUTROPHILS_DN	-0.23636636737545097			
MIR143_5P	-0.23638864901274			
GO_POSITIVE_REGULATION_OF_CATECHOLAMINE_SECRETION	-0.23640816580395885			
GSE3982_NEUTROPHIL_VS_BCELL_DN	-0.23642041429931285			
GO_DENDRITIC_CELL_CYTOKINE_PRODUCTION	-0.2364511089156004			
REACTOME_SYNTHESIS_OF_KETONE_BODIES	-0.2364528160723379			
MCCABE_HOXC6_TARGETS_DN	-0.2364658454240173			
GSE37301_HEMATOPOIETIC_STEM_CELL_VS_MULTIPOTENT_PROGENITOR_DN	-0.2364691348201067			
GO_NEGATIVE_REGULATION_OF_INFLAMMATORY_RESPONSE_TO_ANTIGENIC_STIMULUS	-0.23646943081927			
GSE41867_DAY6_EFFECTOR_VS_DAY30_EXHAUSTED_CD8_TCELL_LCMV_CLONE13_UP	-0.23647027571371246			
KIM_GLIS2_TARGETS_DN	-0.23647905803878483			
GSE32986_GMCSF_VS_GMCSF_AND_CURDLAN_HIGHDOSE_STIM_DC_DN	-0.23648276369010146			
REACTOME_RUNX1_REGULATES_TRANSCRIPTION_OF_GENES_INVOLVED_IN_WNT_SIGNALING	-0.2364939871573401			
GO_DIVALENT_INORGANIC_CATION_HOMEOSTASIS	-0.23650996400526378			
LOPEZ_MESOTHELIOMA_SURVIVAL_UP	-0.23651062193914094			
GSE10273_LOW_IL7_VS_HIGH_IL7_AND_IRF4_IN_IRF4_8_NULL_PRE_BCELL_UP	-0.23651543562586533			
GO_MHC_CLASS_II_RECEPTOR_ACTIVITY	-0.2365163677503374			
GO_CELLULAR_RESPONSE_TO_LIPID	-0.23652335127385432			
GSE3691_IFN_PRODUCING_KILLER_DC_VS_PLASMACYTOID_DC_SPLEEN_DN	-0.23652371580536607			
GO_PEROXISOME_TARGETING_SEQUENCE_BINDING	-0.23652570519957933			
MIR3613_5P	-0.23655623165831807			
MIR4713_3P	-0.23659918643247552			
CHAF1A_TARGET_GENES	-0.2366051862152396			
GO_PHOTORECEPTOR_OUTER_SEGMENT_MEMBRANE	-0.23660903198499844			
GO_REGULATION_OF_VASCULAR_SMOOTH_MUSCLE_CONTRACTION	-0.23662014376852403			
RUAN_RESPONSE_TO_TROGLITAZONE_DN	-0.23662234190893944			
GO_STRUCTURAL_CONSTITUENT_OF_TOOTH_ENAMEL	-0.2366258664394082			
GO_AEROBIC_RESPIRATION	-0.2366284259524952			
MIR4448	-0.2366295276334571			
ZNF784_TARGET_GENES	-0.23664711442651792			
MIR4514	-0.23666086468710018			
GO_DNA_SECONDARY_STRUCTURE_BINDING	-0.2366731813798293			
GO_NUCLEAR_PORE	-0.23668281030181654			
GO_PHOTORECEPTOR_ACTIVITY	-0.2366903553117826			
REACTOME_ACTIVATION_OF_CASPASES_THROUGH_APOPTOSOME_MEDIATED_CLEAVAGE	-0.23672074055818437			
IPA_TFAM_DN	-0.2367222971026687			
GO_ARMADILLO_REPEAT_DOMAIN_BINDING	-0.2367258931689184			
GO_MELANOCYTE_DIFFERENTIATION	-0.23672876661075823			
MIR4694_3P	-0.23675062344447373			
MIR6774_3P	-0.23675482358155053			
GO_REGULATION_OF_SYNAPTIC_VESICLE_ENDOCYTOSIS	-0.23677939560337916			
GO_NUCLEAR_PORE_OUTER_RING	-0.23678279501555158			
KEGG_TERPENOID_BACKBONE_BIOSYNTHESIS	-0.2367922542799556			
GO_NEGATIVE_REGULATION_OF_CARBOHYDRATE_METABOLIC_PROCESS	-0.23679575588162305			
GO_ANCHORED_COMPONENT_OF_SYNAPTIC_MEMBRANE	-0.23680656535147607			
GO_NATURAL_KILLER_CELL_DIFFERENTIATION	-0.23681763503567702			
BIOCARTA_MITR_PATHWAY	-0.2368313612886425			
OHASHI_AURKB_TARGETS	-0.2368377997265215			
SCHLOSSER_MYC_AND_SERUM_RESPONSE_SYNERGY	-0.23684807521652693			
GSE13485_DAY1_VS_DAY21_YF17D_VACCINE_PBMC_UP	-0.23687058572766326			
GSE41087_WT_VS_FOXP3_MUT_ANTI_CD3_CD28_STIM_CD4_TCELL_DN	-0.236878168005716			
GSE40274_FOXP3_VS_FOXP3_AND_GATA1_TRANSDUCED_ACTIVATED_CD4_TCELL_UP	-0.23688362349546044			
GO_REGULATION_OF_VITAMIN_METABOLIC_PROCESS	-0.23690164140743514			
REACTOME_SIGNALING_BY_PDGFRA_TRANSMEMBRANE_JUXTAMEMBRANE_AND_KINASE_DOMAIN_MUTANTS	-0.23690385338939057			
GO_CALCITONIN_FAMILY_RECEPTOR_ACTIVITY	-0.23690915322066797			
GO_DORSAL_SPINAL_CORD_DEVELOPMENT	-0.23693623714169051			
GO_CHROMOCENTER	-0.2369530691121227			
SHAFFER_IRF4_TARGETS_IN_ACTIVATED_DENDRITIC_CELL	-0.23697584868466318			
MIR6083	-0.23699668860114306			
GO_BENZENE_CONTAINING_COMPOUND_METABOLIC_PROCESS	-0.23700615786233814			
GSE43955_TGFB_IL6_VS_TGFB_IL6_IL23_TH17_ACT_CD4_TCELL_52H_UP	-0.23700660486802372			
GO_RIBOSOMAL_LARGE_SUBUNIT_EXPORT_FROM_NUCLEUS	-0.2370284103962493			
GO_MULTICELLULAR_ORGANISM_AGING	-0.23702871040997728			
GO_DETECTION_OF_ABIOTIC_STIMULUS	-0.23703684194504002			
REACTOME_PROPIONYL_COA_CATABOLISM	-0.23703685573401742			
HAHTOLA_MYCOSIS_FUNGOIDES_SKIN_UP	-0.23704616314510601			
GO_POSITIVE_REGULATION_OF_LIGASE_ACTIVITY	-0.23704882527325205			
GSE2770_IL12_VS_TGFB_AND_IL12_TREATED_ACT_CD4_TCELL_6H_UP	-0.23705569990497688			
MIR4652_5P	-0.23709134360699102			
MIR6778_5P	-0.23712969133952302			
KAMMINGA_SENESCENCE	-0.23716155468109387			
GSE36888_UNTREATED_VS_IL2_TREATED_TCELL_6H_DN	-0.23717834557059103			
EHRLICH_ICF_SYNDROM_DN	-0.2372019522909877			
GSE5542_UNTREATED_VS_IFNA_TREATED_EPITHELIAL_CELLS_6H_UP	-0.23723907303340513			
REACTOME_THE_PHOTOTRANSDUCTION_CASCADE	-0.2372585746488112			
GO_NUCLEAR_LOCALIZATION_SEQUENCE_BINDING	-0.2372710577626076			
GSE45739_NRAS_KO_VS_WT_ACD3_ACD28_STIM_CD4_TCELL_DN	-0.23727373238041055			
GO_SPERM_PLASMA_MEMBRANE	-0.23727393107590314			
GO_MITOCHONDRIAL_RNA_PROCESSING	-0.23729545996655801			
GSE369_IFNG_KO_VS_WT_LIVER_DN	-0.23729611573299395			
SCHLOSSER_SERUM_RESPONSE_DN	-0.23729746117569728			
WORSCHECH_TUMOR_REJECTION_UP	-0.237316172317353			
GO_REGULATION_OF_CYTOKINE_SECRETION_INVOLVED_IN_IMMUNE_RESPONSE	-0.2373177555883091			
GSE7460_CTRL_VS_FOXP3_OVEREXPR_TCONV_DN	-0.23732140516787667			
AGCGCAG_MIR191	-0.23732173612652746			
MIR1180_3P	-0.2373245269833827			
GO_ATPASE_ACTIVITY_COUPLED	-0.23732538309649334			
GO_LEUKOCYTE_AGGREGATION	-0.2373532750867201			
GO_DETECTION_OF_CHEMICAL_STIMULUS_INVOLVED_IN_SENSORY_PERCEPTION_OF_TASTE	-0.23737593971299056			
IPA_HDAC2_DN	-0.23738011316952737			
GO_CEREBELLAR_PURKINJE_CELL_LAYER_MORPHOGENESIS	-0.23739151747021653			
BIOCARTA_PPARG_PATHWAY	-0.237421432171156			
GO_PROTEIN_LOCALIZATION_TO_NUCLEOPLASM	-0.23744642767369925			
KAECH_DAY8_EFF_VS_MEMORY_CD8_TCELL_UP	-0.23746973093212714			
MIR3191_5P	-0.23747180433793694			
MIR3622A_5P	-0.23747577922546853			
MIR4680_5P	-0.23749424548944842			
GSE14308_TH1_VS_NATURAL_TREG_DN	-0.2375013283671258			
IPA_E2F7_UP	-0.2375024639331678			
MIR8055	-0.23752342300858773			
GO_FIBROBLAST_APOPTOTIC_PROCESS	-0.23754117536896124			
GO_POSITIVE_REGULATION_OF_CIRCADIAN_SLEEP_WAKE_CYCLE_SLEEP	-0.23754138944867417			
GSE17301_IFNA2_VS_IFNA2_AND_ACD3_ACD28_STIM_CD8_TCELL_UP	-0.23755032076686497			
GO_TUBULIN_BINDING	-0.2375553172759206			
GSE17721_0.5H_VS_24H_POLYIC_BMDC_DN	-0.23755735457605623			
GO_REGULATION_OF_NUCLEOTIDE_METABOLIC_PROCESS	-0.23756636307064455			
REACTOME_TRANSCRIPTIONAL_ACTIVATION_OF_MITOCHONDRIAL_BIOGENESIS	-0.237571481498507			
GO_NERVE_GROWTH_FACTOR_SIGNALING_PATHWAY	-0.2375828364543469			
GSE29949_CD8_POS_DC_SPLEEN_VS_MONOCYTE_BONE_MARROW_DN	-0.2375832434906237			
IPA_BNC1_UP	-0.23758501086349926			
GENTLES_LEUKEMIC_STEM_CELL_UP	-0.2375882623172977			
GO_O_ACYLTRANSFERASE_ACTIVITY	-0.2375908485192663			
CEBP_Q3	-0.23760178930949613			
GO_OPIOID_RECEPTOR_BINDING	-0.23760948754758215			
GSE19888_ADENOSINE_A3R_INH_PRETREAT_AND_ACT_BY_A3R_VS_A3R_INH_AND_TCELL_MEMBRANES_ACT_MAST_CELL_DN	-0.23761271658224237			
GO_PYRIMIDINE_NUCLEOTIDE_METABOLIC_PROCESS	-0.23762025997866373			
GO_FAT_SOLUBLE_VITAMIN_BIOSYNTHETIC_PROCESS	-0.2376262243186377			
GSE27786_LIN_NEG_VS_NKCELL_UP	-0.2376381776312722			
chr1q31	-0.2376472179447182			
GO_REGULATION_OF_HISTONE_H2B_UBIQUITINATION	-0.23765654236724176			
GO_INTERSPECIES_INTERACTION_BETWEEN_ORGANISMS	-0.2376601658617197			
FRASOR_RESPONSE_TO_SERM_OR_FULVESTRANT_UP	-0.23767144424376305			
SCIAN_INVERSED_TARGETS_OF_TP53_AND_TP73_UP	-0.23767626828353247			
MIR670_5P	-0.23767719997947453			
GSE15750_DAY6_VS_DAY10_EFF_CD8_TCELL_DN	-0.23767724766904874			
GO_GUANYLATE_CYCLASE_REGULATOR_ACTIVITY	-0.23767995505549322			
REACTOME_NEUROTRANSMITTER_RECEPTORS_AND_POSTSYNAPTIC_SIGNAL_TRANSMISSION	-0.23768353030775388			
GO_GENITALIA_MORPHOGENESIS	-0.23768856395155838			
GGCACAT_MIR455	-0.23770102632390963			
MIR6088	-0.23770168505450845			
GSE360_L_DONOVANI_VS_M_TUBERCULOSIS_DC_DN	-0.237702202374717			
TERAMOTO_OPN_TARGETS_CLUSTER_6	-0.23770324209730087			
GO_NEGATIVE_REGULATION_OF_HELICASE_ACTIVITY	-0.237704411943411			
MIR4801	-0.23771781064069408			
GRASEMANN_RETINOBLASTOMA_WITH_6P_AMPLIFICATION	-0.23771966061165753			
TERAMOTO_OPN_TARGETS_CLUSTER_4	-0.23773236160920433			
GO_GTPASE_INHIBITOR_ACTIVITY	-0.23774117919420754			
GCNP_SHH_UP_EARLY.V1_UP	-0.23776184951638618			
GO_TROPHECTODERMAL_CELL_DIFFERENTIATION	-0.23776199261243083			
GO_VERY_LONG_CHAIN_FATTY_ACID_CATABOLIC_PROCESS	-0.23777415062774174			
GSE17580_UNINFECTED_VS_S_MANSONI_INF_TEFF_DN	-0.2377789720042757			
GSE17721_POLYIC_VS_GARDIQUIMOD_1H_BMDC_UP	-0.2377797539141356			
INAMURA_LUNG_CANCER_SCC_SUBTYPES_UP	-0.23779195348739487			
KYNG_ENVIRONMENTAL_STRESS_RESPONSE_NOT_BY_UV_IN_WS	-0.2378227689617234			
GO_ANTIBIOTIC_METABOLIC_PROCESS	-0.23782459938960063			
ZNF8_TARGET_GENES	-0.23782574479937466			
OCT_Q6	-0.23782596979871712			
GSE360_T_GONDII_VS_M_TUBERCULOSIS_DC_UP	-0.2378403299617222			
BIOCARTA_PPARA_PATHWAY	-0.23787585077801063			
BIOCARTA_EIF4_PATHWAY	-0.23789815667583086			
PID_HIV_NEF_PATHWAY	-0.23792319807572618			
GO_PROTEIN_LIPID_COMPLEX_SUBUNIT_ORGANIZATION	-0.23792690321427995			
REACTOME_TELOMERE_C_STRAND_LAGGING_STRAND_SYNTHESIS	-0.23794630962870278			
GO_LYMPH_NODE_DEVELOPMENT	-0.23795864379232398			
MIR3144_3P	-0.23796063975864962			
ZBTB49_TARGET_GENES	-0.23796994159818946			
MIR5585_5P	-0.2379724356414948			
GSE15330_WT_VS_IKAROS_KO_MEGAKARYOCYTE_ERYTHROID_PROGENITOR_DN	-0.23798210014481608			
BENPORATH_MYC_TARGETS_WITH_EBOX	-0.23799461725176146			
REACTOME_CELL_CYCLE	-0.23800746590635466			
SUZUKI_RESPONSE_TO_TSA	-0.23802249968312877			
GO_TRANSPOSITION_RNA_MEDIATED	-0.23805775116449374			
chr4p15	-0.23806485528468918			
GO_POSITIVE_REGULATION_OF_OSTEOBLAST_PROLIFERATION	-0.23807711656201716			
BIOCARTA_CDMAC_PATHWAY	-0.2380977246133267			
BIOCARTA_PDGF_PATHWAY	-0.23811099844649036			
GO_PROTEIN_HOMOTETRAMERIZATION	-0.2381138295589199			
GO_FERROUS_IRON_BINDING	-0.23811466959178693			
GSE11961_MARGINAL_ZONE_BCELL_VS_GERMINAL_CENTER_BCELL_DAY7_DN	-0.23812007320533135			
GSE1460_DP_THYMOCYTE_VS_NAIVE_CD4_TCELL_CORD_BLOOD_UP	-0.23812629652827985			
GO_NARROW_PORE_CHANNEL_ACTIVITY	-0.2381310267441057			
SILIGAN_TARGETS_OF_EWS_FLI1_FUSION_DN	-0.23813366798672592			
GO_LIPID_OXIDATION	-0.23814249331044618			
REACTOME_ROBO_RECEPTORS_BIND_AKAP5	-0.2381445573101946			
HAND1E47_01	-0.23814662413365548			
GO_NEGATIVE_REGULATION_OF_SMOOTH_MUSCLE_CELL_DIFFERENTIATION	-0.2381837060855466			
GSE17974_CTRL_VS_ACT_IL4_AND_ANTI_IL12_6H_CD4_TCELL_UP	-0.2382040649657281			
GSE21063_3H_VS_16H_ANTI_IGM_STIM_NFATC1_KOBCELL_DN	-0.2382125673678878			
MIR6787_3P	-0.23822597544856297			
GSE13547_2H_VS_12_H_ANTI_IGM_STIM_BCELL_DN	-0.2382360480551445			
GO_REGULATION_OF_GAMMA_AMINOBUTYRIC_ACID_SECRETION	-0.23823928119654966			
MIR6755_5P	-0.23824521596851525			
chr19p12	-0.23825576229529877			
MIR8056	-0.23826251823908975			
GSE3982_CTRL_VS_PMA_STIM_EOSINOPHIL_UP	-0.23826941308100494			
PTF1BETA_Q6	-0.23827564877143698			
GO_REGULATION_OF_NK_T_CELL_DIFFERENTIATION	-0.23827630755026935			
GO_ANGIOTENSIN_RECEPTOR_BINDING	-0.2382771062739339			
GO_ASTROCYTE_CELL_MIGRATION	-0.23828433409710695			
GSE15659_CD45RA_NEG_CD4_TCELL_VS_RESTING_TREG_DN	-0.2383022583028703			
HOWLIN_CITED1_TARGETS_2_UP	-0.23830919026865635			
REACTOME_PROTEIN_LOCALIZATION	-0.23831588090156286			
MIR3192_5P	-0.23831740404240653			
WONG_ENDMETRIUM_CANCER_DN	-0.23832239418057388			
MIR1298_3P	-0.23833906604162036			
MEIS1AHOXA9_01	-0.23838724598647099			
MIR1283	-0.23839166023846564			
GALIE_TUMOR_ANGIOGENESIS	-0.23839171574560708			
GO_REGULATION_OF_SPINDLE_CHECKPOINT	-0.23839629029828652			
GO_NEGATIVE_REGULATION_OF_CELL_DIVISION	-0.23840338887005058			
MIR4288	-0.23840782688493892			
GO_RESPONSE_TO_ACTIVITY	-0.23841667228880978			
GSE5589_WT_VS_IL6_KO_LPS_AND_IL10_STIM_MACROPHAGE_180MIN_DN	-0.23841776310745127			
REACTOME_TRIGLYCERIDE_BIOSYNTHESIS	-0.23843480429824504			
MIR6738_3P	-0.23843748099994078			
ZFP28_TARGET_GENES	-0.23844291441497237			
GO_NUCLEAR_PORE_ORGANIZATION	-0.23845224706159035			
GO_SEX_DETERMINATION	-0.2384546247251365			
MIR4762_3P	-0.23845731088046282			
MIR5186	-0.23846772151663603			
GSE22601_DOUBLE_NEGATIVE_VS_IMMATURE_CD4_SP_THYMOCYTE_DN	-0.23848133386917167			
GO_RECOGNITION_OF_APOPTOTIC_CELL	-0.23851739881586853			
GO_REGULATION_OF_SISTER_CHROMATID_SEGREGATION	-0.23852722382763886			
REACTOME_VITAMIN_B1_THIAMIN_METABOLISM	-0.23856699941653234			
GO_G_PROTEIN_COUPLED_RECEPTOR_COMPLEX	-0.23857628788630564			
GO_CALCIUM_AND_CALMODULIN_DEPENDENT_PROTEIN_KINASE_COMPLEX	-0.23857651832848076			
GSE24634_IL4_VS_CTRL_TREATED_NAIVE_CD4_TCELL_DAY7_UP	-0.2385860918692132			
GSE13522_WT_VS_IFNG_KO_SKIN_UP	-0.238589920134049			
GO_GLYCOLYTIC_FERMENTATION	-0.23859169572262942			
GO_STEROID_ESTERIFICATION	-0.23860256101669675			
MIR6775_3P	-0.2386031998677221			
REACTOME_POLYMERASE_SWITCHING	-0.23861204194600777			
PRC1_BMI_UP.V1_UP	-0.23861790400735336			
YTCCCRNNAGGY_UNKNOWN	-0.23862914415885317			
GO_ARF_GUANYL_NUCLEOTIDE_EXCHANGE_FACTOR_ACTIVITY	-0.23864513666668824			
GSE25123_CTRL_VS_ROSIGLITAZONE_STIM_MACROPHAGE_DN	-0.23864942669952124			
GO_NEGATIVE_REGULATION_OF_CD4_POSITIVE_ALPHA_BETA_T_CELL_ACTIVATION	-0.23865741046757807			
IPA_HDAC5_DN	-0.23865811843221865			
BENPORATH_PRC2_TARGETS	-0.2386649473712104			
CHIARETTI_ACUTE_LYMPHOBLASTIC_LEUKEMIA_ZAP70	-0.23866896556629658			
SCHUETZ_BREAST_CANCER_DUCTAL_INVASIVE_UP	-0.23867100105161929			
GO_REGULATION_OF_CIRCADIAN_SLEEP_WAKE_CYCLE	-0.23867562928185845			
REACTOME_AMINE_LIGAND_BINDING_RECEPTORS	-0.23867905588525842			
BLALOCK_ALZHEIMERS_DISEASE_INCIPIENT_DN	-0.23868246767258225			
GO_CAJAL_BODY	-0.2386932619450632			
PID_MYC_PATHWAY	-0.23869326342322178			
GSE2405_0H_VS_12H_A_PHAGOCYTOPHILUM_STIM_NEUTROPHIL_DN	-0.23870141504479994			
GO_POSITIVE_REGULATION_OF_CYTOPLASMIC_MRNA_PROCESSING_BODY_ASSEMBLY	-0.23870590136969072			
GO_POSITIVE_REGULATION_OF_STEM_CELL_POPULATION_MAINTENANCE	-0.23870662390004582			
REACTOME_RNA_POLYMERASE_III_TRANSCRIPTION_INITIATION_FROM_TYPE_1_PROMOTER	-0.23873391240981426			
GO_COMPLEMENT_ACTIVATION_ALTERNATIVE_PATHWAY	-0.23873662066729562			
ROSS_AML_WITH_PML_RARA_FUSION	-0.23873719024806134			
GO_TELOMERASE_ACTIVITY	-0.23875096868656343			
GO_RNA_DIRECTED_DNA_POLYMERASE_ACTIVITY	-0.23875096868656343			
GO_POSITIVE_REGULATION_OF_HISTONE_H4_ACETYLATION	-0.23877031862000742			
GO_TRANSFERASE_ACTIVITY_TRANSFERRING_ALKYL_OR_ARYL_OTHER_THAN_METHYL_GROUPS	-0.23877234472482084			
CAIRO_PML_TARGETS_BOUND_BY_MYC_UP	-0.2387861169150238			
GO_POSITIVE_REGULATION_OF_INTERLEUKIN_13_SECRETION	-0.2387864384009008			
GSE13485_PRE_VS_POST_YF17D_VACCINATION_PBMC_DN	-0.2388097312636052			
GSE15659_NAIVE_CD4_TCELL_VS_NONSUPPRESSIVE_TCELL_UP	-0.2388209823772613			
GO_POSITIVE_REGULATION_OF_CELL_FATE_COMMITMENT	-0.2388225567750003			
MIR378F	-0.2388271345671515			
GSE10240_CTRL_VS_IL17_AND_IL22_STIM_PRIMARY_BRONCHIAL_EPITHELIAL_CELLS_DN	-0.23883254064918416			
MIR6874_3P	-0.23885553784122937			
GO_NEGATIVE_REGULATION_OF_BIOMINERALIZATION	-0.23885801486511762			
CADWELL_ATG16L1_TARGETS_UP	-0.23886202600567752			
GSE39820_CTRL_VS_TGFBETA1_IL6_IL23A_CD4_TCELL_UP	-0.23887129499715254			
GSE5542_UNTREATED_VS_IFNA_AND_IFNG_TREATED_EPITHELIAL_CELLS_6H_UP	-0.23888254586749041			
GO_PROTEIN_LIPID_COMPLEX_ASSEMBLY	-0.23888262422025464			
GO_DIENCEPHALON_DEVELOPMENT	-0.23888473633664592			
GO_AGGRESSIVE_BEHAVIOR	-0.2388935513254074			
GO_AXO_DENDRITIC_PROTEIN_TRANSPORT	-0.238895266973899			
GSE17721_PAM3CSK4_VS_GADIQUIMOD_12H_BMDC_DN	-0.23889778506904502			
GO_POSITIVE_REGULATION_OF_DNA_METABOLIC_PROCESS	-0.23890035044997057			
REACTOME_SEROTONIN_AND_MELATONIN_BIOSYNTHESIS	-0.23893467290591314			
GSE16385_MONOCYTE_VS_12H_ROSIGLITAZONE_TREATED_MACROPHAGE_DN	-0.23893817952577154			
MIR1299	-0.23894283623160825			
GO_PURINE_NUCLEOSIDE_METABOLIC_PROCESS	-0.23894414700867034			
REACTOME_DOPAMINE_RECEPTORS	-0.23895179701877667			
GO_INTERFERON_GAMMA_SECRETION	-0.23896554359341987			
GO_POSTTRANSCRIPTIONAL_REGULATION_OF_GENE_EXPRESSION	-0.23897476469606402			
GO_ETHER_LIPID_METABOLIC_PROCESS	-0.23897958861102725			
NABA_PROTEOGLYCANS	-0.2389894182198331			
GO_BUTYRATE_COA_LIGASE_ACTIVITY	-0.23899142864943215			
REACTOME_INTRA_GOLGI_TRAFFIC	-0.2390104163885486			
AAGCCAT_MIR135A_MIR135B	-0.23902485354983657			
GO_PROGRAMMED_CELL_DEATH_INVOLVED_IN_CELL_DEVELOPMENT	-0.23903320283455642			
GO_C_ACYLTRANSFERASE_ACTIVITY	-0.23903811841925002			
GO_CITRATE_METABOLIC_PROCESS	-0.23904704303158925			
GSE2770_IL12_AND_TGFB_ACT_VS_ACT_CD4_TCELL_48H_DN	-0.2390936940491584			
GO_CELL_DIFFERENTIATION_IN_SPINAL_CORD	-0.2391021952204242			
GO_CAMP_DEPENDENT_PROTEIN_KINASE_ACTIVITY	-0.2391041794491098			
DIERICK_SEROTONIN_FUNCTION_GENES	-0.2391064087945778			
IPA_ESRRG_UP	-0.23910752908597713			
GO_SIGNAL_TRANSDUCTION_INVOLVED_IN_CELLULAR_RESPONSE_TO_AMMONIUM_ION	-0.23911738224430037			
GO_RRNA_CONTAINING_RIBONUCLEOPROTEIN_COMPLEX_EXPORT_FROM_NUCLEUS	-0.23912058214926482			
MIR4709_3P	-0.239122036362115			
MIR663B	-0.23913581344634588			
GO_MICROTUBULE_DEPOLYMERIZATION	-0.2391493772641781			
SHIN_B_CELL_LYMPHOMA_CLUSTER_9	-0.23915432806079748			
GO_NEGATIVE_REGULATION_OF_FIBROBLAST_APOPTOTIC_PROCESS	-0.23915630836959978			
GSE42724_B1_BCELL_VS_PLASMABLAST_UP	-0.23916084446923053			
MIR586	-0.23916643570917157			
GO_REGULATION_OF_OOCYTE_MATURATION	-0.23916836183708806			
ATGTAGC_MIR221_MIR222	-0.23917060564810153			
PASTURAL_RIZ1_TARGETS_UP	-0.2392030134120731			
GO_TRANSCRIPTION_ELONGATION_FROM_RNA_POLYMERASE_I_PROMOTER	-0.23921077887474596			
GO_NEGATIVE_REGULATION_OF_ERYTHROCYTE_DIFFERENTIATION	-0.23922267974229774			
GO_POLYSACCHARIDE_DIGESTION	-0.23922418160700723			
GSE411_UNSTIM_VS_400MIN_IL6_STIM_SOCS3_KO_MACROPHAGE_DN	-0.23924122811993753			
MIR548AR_3P	-0.239246285254241			
GSE21033_1H_VS_24H_POLYIC_STIM_DC_UP	-0.2392772500495263			
BERNARD_PPAPDC1B_TARGETS_UP	-0.2392806812301862			
REACTOME_EUKARYOTIC_TRANSLATION_ELONGATION	-0.23928380012472955			
MIR6867_5P	-0.23928509279259083			
ACTWSNACTNY_UNKNOWN	-0.23929179273190573			
GSE26343_WT_VS_NFAT5_KO_MACROPHAGE_LPS_STIM_DN	-0.2392924184843103			
GSE22886_NAIVE_CD4_TCELL_VS_48H_ACT_TH1_UP	-0.2393031221307286			
KEGG_TASTE_TRANSDUCTION	-0.239305557417337			
REACTOME_TRANSCRIPTIONAL_REGULATION_OF_WHITE_ADIPOCYTE_DIFFERENTIATION	-0.23933354831114115			
GO_REPLICATION_FORK_PROTECTION_COMPLEX	-0.23933597903084594			
GSE22443_IL2_VS_IL12_TREATED_ACT_CD8_TCELL_UP	-0.2393393936552096			
GO_POSITIVE_REGULATION_OF_LIPOPOLYSACCHARIDE_MEDIATED_SIGNALING_PATHWAY	-0.2393469251621666			
MIR367_5P	-0.23935071898595978			
ZHAN_MULTIPLE_MYELOMA_LB_DN	-0.23936491425784134			
GO_NEGATIVE_REGULATION_OF_CYTOKINE_PRODUCTION_INVOLVED_IN_IMMUNE_RESPONSE	-0.2393727626767577			
OCT1_06	-0.2393751362767746			
GO_NEGATIVE_REGULATION_OF_BONE_MINERALIZATION	-0.2393895418825045			
XU_AKT1_TARGETS_48HR	-0.23939415232175457			
IPA_NR0B2_UP	-0.23940112009003417			
GO_CELLULAR_RESPONSE_TO_VITAMIN	-0.23941278045207212			
GSE2585_THYMIC_DC_VS_THYMIC_MACROPHAGE_DN	-0.23941953091008572			
GO_EXODEOXYRIBONUCLEASE_ACTIVITY	-0.23944644892007028			
GO_PYRIMIDINE_NUCLEOSIDE_TRIPHOSPHATE_BIOSYNTHETIC_PROCESS	-0.23944681661325432			
GO_TELOMERASE_RNA_BINDING	-0.23945404469444787			
GSE5589_LPS_VS_LPS_AND_IL10_STIM_IL6_KO_MACROPHAGE_45MIN_DN	-0.23945756572397575			
GO_MITOCHONDRIAL_RNA_MODIFICATION	-0.2394847409800305			
GSE6674_ANTI_IGM_VS_PL2_3_STIM_BCELL_UP	-0.2395222421859624			
SOUCEK_MYC_TARGETS	-0.2395240071250697			
GSE17721_0.5H_VS_12H_GARDIQUIMOD_BMDC_UP	-0.23952944754183125			
MIR342_3P	-0.23953336607088532			
GO_CELL_CYCLE_PROCESS	-0.23953402069950727			
GO_PROTON_TRANSPORTING_ATP_SYNTHASE_COMPLEX_CATALYTIC_CORE_F_1	-0.2395375268339813			
GSE17721_LPS_VS_POLYIC_12H_BMDC_DN	-0.23953852636395545			
GSE46606_UNSTIM_VS_CD40L_IL2_IL5_DAY3_STIMULATED_BCELL_DN	-0.2395436855920819			
GSE14000_TRANSLATED_RNA_VS_MRNA_16H_LPS_DC_DN	-0.23954387396380733			
MIR5572	-0.23955183651041742			
GO_DNA_REPLICATION_PREINITIATION_COMPLEX	-0.23956970304351702			
GO_NEGATIVE_REGULATION_OF_TOLL_LIKE_RECEPTOR_2_SIGNALING_PATHWAY	-0.23957033475997822			
GO_LIGASE_ACTIVITY_FORMING_CARBON_NITROGEN_BONDS	-0.23959312759482973			
GSE32423_IL7_VS_IL7_IL4_MEMORY_CD8_TCELL_UP	-0.23960134458941665			
REACTOME_VASOPRESSIN_LIKE_RECEPTORS	-0.23960381451269686			
GO_NATRIURETIC_PEPTIDE_RECEPTOR_ACTIVITY	-0.23962739298208874			
GO_INDOLE_CONTAINING_COMPOUND_CATABOLIC_PROCESS	-0.23962972501497326			
GO_REGULATION_OF_LIPOPROTEIN_PARTICLE_CLEARANCE	-0.23963291068427808			
GO_NEURON_FATE_COMMITMENT	-0.23963364007885488			
GO_NUCLEOSIDE_METABOLIC_PROCESS	-0.23964761972454587			
GO_CENTROMERIC_SISTER_CHROMATID_COHESION	-0.2396507980008276			
GO_POSITIVE_REGULATION_OF_SPINDLE_CHECKPOINT	-0.23965348469080575			
GSE22886_CD4_TCELL_VS_BCELL_NAIVE_DN	-0.2396595503438281			
GO_XY_BODY	-0.23966122103059576			
REACTOME_PECAM1_INTERACTIONS	-0.23968526187408115			
ACCGAGC_MIR423	-0.23969092501574632			
GO_SPERMATOPROTEASOME_COMPLEX	-0.2396914569512505			
GSE4142_GC_BCELL_VS_MEMORY_BCELL_UP	-0.23969237976121088			
GO_HISTONE_KINASE_ACTIVITY	-0.23969443845469418			
MIR6791_3P	-0.2397004400442916			
GO_NEGATIVE_REGULATION_OF_PROTEASOMAL_UBIQUITIN_DEPENDENT_PROTEIN_CATABOLIC_PROCESS	-0.23970703051068484			
MSX1_01	-0.23970995457183303			
GSE19401_PAM2CSK4_VS_RETINOIC_ACID_STIM_FOLLICULAR_DC_DN	-0.23971457919101397			
MIR6089	-0.23971913589206834			
GO_POSITIVE_REGULATION_OF_DEOXYRIBONUCLEASE_ACTIVITY	-0.2397415763048765			
GO_ORGANISM_EMERGENCE_FROM_PROTECTIVE_STRUCTURE	-0.2397424512340286			
REACTOME_CYTOSOLIC_TRNA_AMINOACYLATION	-0.2397458931869796			
GSE18893_CTRL_VS_TNF_TREATED_TCONV_2H_UP	-0.23975773514771967			
REACTOME_TRIF_MEDIATED_PROGRAMMED_CELL_DEATH	-0.23979232708495232			
GO_ADENYLATE_CYCLASE_ACTIVATING_ADRENERGIC_RECEPTOR_SIGNALING_PATHWAY_INVOLVED_IN_HEART_PROCESS	-0.23980484061271057			
MIR433_5P	-0.23981508254061187			
GO_NEGATIVE_REGULATION_OF_TRANSCRIPTION_BY_RNA_POLYMERASE_I	-0.23983773472258485			
GO_BH_DOMAIN_BINDING	-0.23983819342330348			
IPA_LITAF_UP	-0.23984393284726163			
GO_CYCLIN_CDK_POSITIVE_TRANSCRIPTION_ELONGATION_FACTOR_COMPLEX	-0.23992432014993462			
GO_STAT_FAMILY_PROTEIN_BINDING	-0.2399360432352606			
MIR328_3P	-0.23995425757936956			
GO_MITOTIC_SISTER_CHROMATID_COHESION	-0.23995914745035118			
GO_REGULATION_OF_NK_T_CELL_ACTIVATION	-0.23996458065989823			
GO_NEGATIVE_REGULATION_OF_CELLULAR_EXTRAVASATION	-0.240005203375174			
GSE17721_CTRL_VS_LPS_4H_BMDC_UP	-0.24000984421674057			
MIR204_5P	-0.24002208388079158			
GCAAGGA_MIR502	-0.24002341506246358			
GO_REGULATION_OF_TRANSLATIONAL_INITIATION	-0.2400265571288799			
MIR1291	-0.24003353937093744			
GO_NEUTROPHIL_MIGRATION	-0.2400361607120856			
PUJANA_BREAST_CANCER_LIT_INT_NETWORK	-0.24006966096283994			
GO_ACYLGLYCEROL_TRANSPORT	-0.24007800983353766			
GO_PROTEIN_DEACETYLASE_ACTIVITY	-0.2400939805449865			
GO_OTIC_VESICLE_MORPHOGENESIS	-0.24009924987832634			
GO_POSITIVE_REGULATION_OF_EPITHELIAL_CELL_PROLIFERATION_INVOLVED_IN_LUNG_MORPHOGENESIS	-0.24010494307362965			
MIR1302	-0.24011141804010436			
REACTOME_GLUCAGON_TYPE_LIGAND_RECEPTORS	-0.24011260645406368			
GSE2770_UNTREATED_VS_TGFB_AND_IL12_TREATED_ACT_CD4_TCELL_6H_UP	-0.24012306340220488			
GO_DEOXYRIBONUCLEOSIDE_MONOPHOSPHATE_METABOLIC_PROCESS	-0.2401570200527306			
GO_DOUBLE_STRANDED_METHYLATED_DNA_BINDING	-0.24015875543078902			
GO_P53_BINDING	-0.24017383222278363			
MIKKELSEN_MEF_ICP_WITH_H3K27ME3	-0.24017893534300935			
MIR5739	-0.24019863605109565			
BIOCARTA_REELIN_PATHWAY	-0.2402133198106042			
GSE2826_XID_VS_BTK_KO_BCELL_UP	-0.24022308053649255			
MIR4257	-0.24022488187808944			
chr16p13	-0.2402251736735252			
LEE_LIVER_CANCER_MYC_E2F1_DN	-0.24023441893839695			
GO_NUCLEAR_INNER_MEMBRANE	-0.240240699800262			
MIR1321	-0.2402611027826142			
MIR4688	-0.24027069457152567			
GSE17322_CD103_POS_VS_CD11B_HIGH_LUNG_DC_DN	-0.240272793412742			
YAGI_AML_SURVIVAL	-0.2402736192945698			
GO_POSITIVE_REGULATION_OF_T_CELL_MEDIATED_CYTOTOXICITY	-0.24027497542025344			
REACTOME_RUNX1_REGULATES_TRANSCRIPTION_OF_GENES_INVOLVED_IN_DIFFERENTIATION_OF_HSCS	-0.2402955998919379			
GO_AORTA_DEVELOPMENT	-0.24030752774577302			
GSE9650_EFFECTOR_VS_EXHAUSTED_CD8_TCELL_UP	-0.24031653487044619			
GSE7400_CTRL_VS_CSF3_IN_VIVO_TREATED_PBMC_UP	-0.24031670103056876			
GSE4142_NAIVE_VS_GC_BCELL_DN	-0.2403202442694884			
GO_RIBONUCLEOTIDE_BINDING	-0.24033008160996694			
GO_RECEPTOR_DIFFUSION_TRAPPING	-0.24033192123072336			
CDP_02	-0.2403339340219078			
LEIN_NEURON_MARKERS	-0.2403506160918755			
LI_WILMS_TUMOR_ANAPLASTIC_DN	-0.24036950375825128			
GO_PHAGOCYTOSIS_RECOGNITION	-0.24037363932199696			
REACTOME_G_ALPHA_Q_SIGNALLING_EVENTS	-0.24037961986065087			
REACTOME_ADORA2B_MEDIATED_ANTI_INFLAMMATORY_CYTOKINES_PRODUCTION	-0.2403946948620598			
GTGGTGA_MIR197	-0.24041569655712533			
GO_PHOSPHOLIPID_CATABOLIC_PROCESS	-0.2404255166339973			
GO_MEMBRANE_DEPOLARIZATION_DURING_ACTION_POTENTIAL	-0.24042720938107892			
MIR4720_3P	-0.2404310981092481			
DCA_UP.V1_DN	-0.24043725167513863			
GO_MATURATION_OF_LSU_RRNA	-0.24043897708685202			
MIR126_5P	-0.24043979089133613			
GO_RNA_POLYMERASE_II_GENERAL_TRANSCRIPTION_INITIATION_FACTOR_ACTIVITY	-0.24044120034276542			
GO_HINDGUT_DEVELOPMENT	-0.24044472912580234			
BROWNE_HCMV_INFECTION_10HR_UP	-0.24047389590965326			
GO_NEURON_PROJECTION_TERMINUS	-0.24048023286285086			
GO_K48_LINKED_POLYUBIQUITIN_MODIFICATION_DEPENDENT_PROTEIN_BINDING	-0.24049133141732745			
THUM_MIR21_TARGETS_HEART_DISEASE_UP	-0.24049192298681246			
GO_CHROMOSOME_CONDENSATION	-0.24049227610626936			
MIR6893_3P	-0.24049737394260376			
REACTOME_OPIOID_SIGNALLING	-0.2404991019082656			
CEBPDELTA_Q6	-0.2405024268172902			
MIR3692_3P	-0.24050352564649874			
REACTOME_ALPHA_DEFENSINS	-0.24050583692182695			
GO_SOMATOSTATIN_RECEPTOR_SIGNALING_PATHWAY	-0.24050645011286845			
GO_SOMATOSTATIN_RECEPTOR_ACTIVITY	-0.24050645011286845			
GO_LUMENAL_SIDE_OF_ENDOPLASMIC_RETICULUM_MEMBRANE	-0.24050971468450383			
SRY_02	-0.24051881774428116			
GO_MITOCHONDRIAL_PROTEIN_PROCESSING	-0.24052944920490296			
GSE29949_CD8_NEG_DC_SPLEEN_VS_DC_BRAIN_DN	-0.24054101619507434			
IPA_OTX2_UP	-0.24054240259242493			
GO_EKC_KEOPS_COMPLEX	-0.2405448992648905			
GO_CARBOHYDRATE_MEDIATED_SIGNALING	-0.24059812302506106			
GO_ALPHA_2A_ADRENERGIC_RECEPTOR_BINDING	-0.24061217009861544			
GO_POSITIVE_REGULATION_OF_FATTY_ACID_METABOLIC_PROCESS	-0.2406153109449347			
GSE41867_NAIVE_VS_DAY8_LCMV_CLONE13_EFFECTOR_CD8_TCELL_UP	-0.24062181697667423			
REACTOME_NEF_MEDIATED_CD4_DOWN_REGULATION	-0.24062444469622363			
GSE23925_DARK_ZONE_VS_NAIVE_BCELL_DN	-0.24062458990082963			
GSE41867_NAIVE_VS_DAY6_LCMV_EFFECTOR_CD8_TCELL_UP	-0.24062628149079593			
GSE17721_LPS_VS_POLYIC_4H_BMDC_DN	-0.2406277553404711			
REACTOME_GENE_AND_PROTEIN_EXPRESSION_BY_JAK_STAT_SIGNALING_AFTER_INTERLEUKIN_12_STIMULATION	-0.24062875359861904			
MIR6771_3P	-0.24062945062651883			
LEE_DOUBLE_POLAR_THYMOCYTE	-0.24064539676691735			
GSE17721_0.5H_VS_4H_POLYIC_BMDC_DN	-0.24064601562846524			
GO_OLFACTORY_BULB_INTERNEURON_DIFFERENTIATION	-0.2406534571534617			
GO_MHC_CLASS_I_BIOSYNTHETIC_PROCESS	-0.2406655869855918			
MIR3614_5P	-0.24066655033422577			
AAAGGGA_MIR204_MIR211	-0.240666652037472			
YGCANTGCR_UNKNOWN	-0.24067303605284562			
GSE32901_NAIVE_VS_TH17_NEG_CD4_TCELL_DN	-0.2406756703588018			
GSE43955_1H_VS_10H_ACT_CD4_TCELL_WITH_TGFB_IL6_UP	-0.2406809056480879			
MIR1288_3P	-0.24068663295042264			
chr12q24	-0.24069097198684947			
GO_CYCLASE_ACTIVITY	-0.2406914064384675			
REACTOME_DEFECTIVE_CSF2RB_CAUSES_PULMONARY_SURFACTANT_METABOLISM_DYSFUNCTION_5_SMDP5	-0.24070914826671866			
GO_HISTONE_DEACETYLATION	-0.2407173430705311			
GO_BASIC_AMINO_ACID_TRANSPORT	-0.24071892799727646			
OCT1_05	-0.24072102358324535			
GSE27786_CD4_TCELL_VS_NEUTROPHIL_UP	-0.24073022337916267			
FERRANDO_TAL1_NEIGHBORS	-0.2407324258724558			
MIR548A_3P	-0.2407349672489581			
GO_DEOXYCYTIDINE_DEAMINASE_ACTIVITY	-0.24073897526572102			
KRAS.600.LUNG.BREAST_UP.V1_DN	-0.24076091297276017			
IPA_HOXC9_UP	-0.24076592399293995			
DER_IFN_BETA_RESPONSE_DN	-0.24077581518054905			
GSE25123_WT_VS_PPARG_KO_MACROPHAGE_ROSIGLITAZONE_STIM_DN	-0.2407835493551447			
MIR216B_3P	-0.24078828749918457			
chr11q21	-0.24079021755832408			
GO_CELLULAR_RESPONSE_TO_RADIATION	-0.24079636127361284			
MIR6794_3P	-0.24079873252439168			
GSE37532_WT_VS_PPARG_KO_VISCERAL_ADIPOSE_TISSUE_TREG_UP	-0.24083784920131038			
GO_POSITIVE_REGULATION_OF_TRANSCRIPTION_BY_RNA_POLYMERASE_II	-0.24086507486341058			
GO_REGULATION_OF_PROTEIN_DEPHOSPHORYLATION	-0.24087014699792392			
REACTOME_REGULATION_OF_RUNX1_EXPRESSION_AND_ACTIVITY	-0.24088092846829728			
IPA_IRF7_UP	-0.24089520349906937			
GO_NEGATIVE_REGULATION_OF_DNA_BINDING_TRANSCRIPTION_FACTOR_ACTIVITY	-0.2408993518806663			
GO_GAMMA_TUBULIN_LARGE_COMPLEX	-0.24090127243958942			
GSE2770_IL12_VS_TGFB_AND_IL12_TREATED_ACT_CD4_TCELL_2H_UP	-0.2409040264907593			
GSE6259_BCELL_VS_CD8_TCELL_UP	-0.2409108173545944			
YKACATTT_UNKNOWN	-0.24091917014571906			
IPA_PPARA_DN	-0.240923804808285			
GO_RRNA_ADENINE_METHYLTRANSFERASE_ACTIVITY	-0.24092885918800988			
GO_NEURON_TO_NEURON_SYNAPSE	-0.24093311483022206			
AGCGCTT_MIR518F_MIR518E_MIR518A	-0.240937994056188			
CART1_01	-0.2409486594925792			
GO_TYPE_I_INTERFERON_BIOSYNTHETIC_PROCESS	-0.24095523945303854			
POMEROY_MEDULLOBLASTOMA_PROGNOSIS_DN	-0.24095650154676337			
REACTOME_APOBEC3G_MEDIATED_RESISTANCE_TO_HIV_1_INFECTION	-0.24097307878367805			
GO_NEUTRAL_LIPID_CATABOLIC_PROCESS	-0.2409842229284931			
MIR4283	-0.24099218687769666			
MIR6782_5P	-0.24099259864703862			
REACTOME_TRANSMISSION_ACROSS_CHEMICAL_SYNAPSES	-0.24099510051775647			
RODWELL_AGING_KIDNEY_UP	-0.2409955459130788			
GO_HISTONE_H3_K9_DEMETHYLATION	-0.2410120073426248			
TONKS_TARGETS_OF_RUNX1_RUNX1T1_FUSION_SUSTAINED_IN_GRANULOCYTE_DN	-0.24101593833016863			
MIKKELSEN_IPS_LCP_WITH_H3K4ME3_AND_H3K27ME3	-0.24102856432089145			
GSE17974_0.5H_VS_72H_UNTREATED_IN_VITRO_CD4_TCELL_DN	-0.2410369295075574			
MIR548F_3P	-0.24104776148400442			
OVOL3_TARGET_GENES	-0.24105020646313835			
GO_REGULATION_OF_PHOSPHOPROTEIN_PHOSPHATASE_ACTIVITY	-0.241072632061475			
GSE29618_LAIV_VS_TIV_FLU_VACCINE_DAY7_MONOCYTE_UP	-0.24107400756940642			
ARNT_01	-0.24107843774443802			
GSE1740_UNSTIM_VS_IFNA_STIMULATED_MCSF_IFNG_DERIVED_MACROPHAGE_DN	-0.2410784692396304			
GO_LUMENAL_SIDE_OF_MEMBRANE	-0.24108055687049285			
GSE33424_CD161_INT_VS_NEG_CD8_TCELL_UP	-0.2410900008309293			
chr6q26	-0.24109200763197908			
LI_WILMS_TUMOR_VS_FETAL_KIDNEY_1_DN	-0.2410927983423748			
GSE16385_ROSIGLITAZONE_VS_UNTREATED_IFNG_TNF_STIM_MACROPHAGE_DN	-0.24109601422101012			
GO_NEGATIVE_REGULATION_OF_CELLULAR_CATABOLIC_PROCESS	-0.2411023761627332			
GO_POSITIVE_REGULATION_OF_ARP2_3_COMPLEX_MEDIATED_ACTIN_NUCLEATION	-0.2411074934298148			
GO_CYCLIN_DEPENDENT_PROTEIN_KINASE_HOLOENZYME_COMPLEX	-0.2411557086903036			
GSE21927_UNTREATED_VS_GMCSF_GCSF_TREATED_BONE_MARROW_UP	-0.2411558081034842			
ASGHARZADEH_NEUROBLASTOMA_POOR_SURVIVAL_DN	-0.24117400067298994			
GSE43955_10H_VS_60H_ACT_CD4_TCELL_WITH_TGFB_IL6_UP	-0.24117833428824478			
GSE11961_UNSTIM_VS_ANTI_IGM_AND_CD40_STIM_6H_FOLLICULAR_BCELL_UP	-0.24118129524306745			
GSE23321_CD8_STEM_CELL_MEMORY_VS_EFFECTOR_MEMORY_CD8_TCELL_UP	-0.24121606421120953			
REACTOME_RESPONSE_OF_EIF2AK4_GCN2_TO_AMINO_ACID_DEFICIENCY	-0.2412162837214288			
GO_POSITIVE_REGULATION_OF_PEPTIDE_SECRETION	-0.2412173053824916			
BIOCARTA_TNFR1_PATHWAY	-0.2412248115256291			
MIR6750_5P	-0.24124432201106263			
GO_ATP_TRANSMEMBRANE_TRANSPORTER_ACTIVITY	-0.24124576799927508			
GO_FATTY_ACID_CATABOLIC_PROCESS	-0.24125101561954562			
MIR328_5P	-0.2412821383819924			
GO_MAINTENANCE_OF_DNA_REPEAT_ELEMENTS	-0.2412893714349795			
REACTOME_TRNA_PROCESSING_IN_THE_NUCLEUS	-0.24129220659942505			
GSE39110_UNTREATED_VS_IL2_TREATED_CD8_TCELL_DAY3_POST_IMMUNIZATION_UP	-0.24130038289051384			
GO_REGULATION_OF_TRANS_SYNAPTIC_SIGNALING	-0.2413114622531064			
GO_VARICOSITY	-0.241316833872526			
GO_REGULATION_OF_RETINA_DEVELOPMENT_IN_CAMERA_TYPE_EYE	-0.2413240554421601			
GO_REPLICATION_FORK_PROTECTION	-0.24132541474357005			
GO_MHC_CLASS_II_PROTEIN_COMPLEX_BINDING	-0.24134625619481248			
REACTOME_PROTEIN_UBIQUITINATION	-0.241347890999121			
MIR518A_5P_MIR527	-0.24135881552349			
IPA_HDAC6_DN	-0.24136597094629245			
GO_RNA_POLYMERASE_BINDING	-0.2413669392064033			
IPA_BRIP1_DN	-0.24137965119615243			
GATGKMRGCG_UNKNOWN	-0.24139324677816626			
GSE1460_INTRATHYMIC_T_PROGENITOR_VS_DP_THYMOCYTE_UP	-0.24139675162323682			
GO_NEUROTRANSMITTER_LOADING_INTO_SYNAPTIC_VESICLE	-0.24140283453677597			
ACTGCAG_MIR173P	-0.2414189234448342			
HU_GENOTOXIC_DAMAGE_24HR	-0.24143302130482275			
GO_RESPONSE_TO_INTERLEUKIN_12	-0.24145505098706496			
GO_CYTOKINE_BINDING	-0.24145811223149205			
GO_REGULATION_OF_DOUBLE_STRAND_BREAK_REPAIR_VIA_NONHOMOLOGOUS_END_JOINING	-0.2414597591366151			
MIR6755_3P	-0.24146468007961963			
GO_SERINE_THREONINE_PROTEIN_KINASE_COMPLEX	-0.24147355979836502			
GO_NEGATIVE_REGULATION_OF_NUCLEASE_ACTIVITY	-0.24148350534156438			
GO_HISTAMINE_RECEPTOR_ACTIVITY	-0.24150528369339022			
GO_GLUTAMATE_CATABOLIC_PROCESS	-0.24151423672571684			
REACTOME_POLYMERASE_SWITCHING_ON_THE_C_STRAND_OF_THE_TELOMERE	-0.24151594225738937			
GSE3982_EFF_MEMORY_CD4_TCELL_VS_TH1_UP	-0.24152015558343864			
GO_BRANCHED_CHAIN_AMINO_ACID_METABOLIC_PROCESS	-0.24152095270623336			
GO_REGULATION_OF_ADENYLATE_CYCLASE_ACTIVATING_G_PROTEIN_COUPLED_RECEPTOR_SIGNALING_PATHWAY	-0.24153031812246362			
IPA_POU1F1_UP	-0.24153600103463857			
GO_REGULATION_OF_CARBOHYDRATE_CATABOLIC_PROCESS	-0.24153605409243223			
GO_REGULATION_OF_ACTIN_NUCLEATION	-0.24153758905121697			
GO_POSITIVE_REGULATION_OF_GLYCOGEN_STARCH_SYNTHASE_ACTIVITY	-0.24154118897582194			
GSE7218_IGM_VS_IGG_SIGNAL_THGOUGH_ANTIGEN_BCELL_DN	-0.24154491598739888			
GSE2770_IL12_AND_TGFB_VS_IL4_TREATED_ACT_CD4_TCELL_48H_DN	-0.24155645922492552			
GSE14415_INDUCED_VS_NATURAL_TREG_DN	-0.24156097350530453			
GO_REGULATION_OF_MICROGLIAL_CELL_ACTIVATION	-0.24156665076687966			
GSE19941_UNSTIM_VS_LPS_STIM_IL10_KO_MACROPHAGE_DN	-0.2415671919606513			
CONCANNON_APOPTOSIS_BY_EPOXOMICIN_DN	-0.24157770090867645			
GO_GLUTAMINE_FAMILY_AMINO_ACID_METABOLIC_PROCESS	-0.24158012063899123			
IPA_IFI16_DN	-0.24158307534980103			
IPA_OLIG2_UP	-0.24159147015932014			
IPA_LMO1_UP	-0.24159147015932014			
GO_REGULATION_OF_CALCIUM_ION_TRANSMEMBRANE_TRANSPORT	-0.24159870814937212			
GSE1432_CTRL_VS_IFNG_1H_MICROGLIA_DN	-0.24160476579108206			
GO_ACETYLCHOLINE_RECEPTOR_ACTIVITY	-0.24160883107949477			
GO_HOST_CELL_NUCLEAR_PART	-0.2416288551086894			
CHEN_NEUROBLASTOMA_COPY_NUMBER_GAINS	-0.24163542088768944			
GSE1925_3H_VS_24H_IFNG_STIM_IFNG_PRIMED_MACROPHAGE_DN	-0.24164924490820808			
KEGG_PPAR_SIGNALING_PATHWAY	-0.24166686294438286			
GO_REGULATION_OF_CHOLESTEROL_ESTERIFICATION	-0.24167314581231863			
GO_FORMATION_OF_EXTRACHROMOSOMAL_CIRCULAR_DNA	-0.24167612253925547			
GO_DNA_REPLICATION_FACTOR_C_COMPLEX	-0.24168384216368147			
GO_REGULATION_OF_ORGANELLE_TRANSPORT_ALONG_MICROTUBULE	-0.24168994256778736			
GO_NCRNA_PROCESSING	-0.241692317669773			
PID_LPA4_PATHWAY	-0.24169368329643448			
GSE3920_UNTREATED_VS_IFNG_TREATED_FIBROBLAST_DN	-0.24170335184759992			
IPA_PTF1A_UP	-0.24172005126727109			
GO_HISTONE_H2A_MONOUBIQUITINATION	-0.24172937649329787			
GO_PHOTORECEPTOR_DISC_MEMBRANE	-0.24173444393921126			
GO_NEGATIVE_REGULATION_OF_TYPE_I_INTERFERON_MEDIATED_SIGNALING_PATHWAY	-0.2417408280002258			
MIR3619_5P	-0.24175409187719263			
GO_B_CELL_CHEMOTAXIS	-0.2417612952819557			
BOGNI_TREATMENT_RELATED_MYELOID_LEUKEMIA_UP	-0.24176273109672894			
TGIF_01	-0.2417642270063847			
GSE13547_2H_VS_12_H_ANTI_IGM_STIM_ZFX_KO_BCELL_DN	-0.24176655705071767			
IPA_NR1H2_DN	-0.24176822440643914			
GO_ENDOCARDIAL_CUSHION_MORPHOGENESIS	-0.24177375954131347			
GSE16385_MONOCYTE_VS_12H_ROSIGLITAZONE_IFNG_TNF_TREATED_MACROPHAGE_UP	-0.24177864552428577			
GO_INOSITOL_POLYPHOSPHATE_5_PHOSPHATASE_ACTIVITY	-0.24178263185066928			
GSE22886_NAIVE_CD4_TCELL_VS_NKCELL_UP	-0.24178962239845547			
EVI1_03	-0.2417945727287933			
REACTOME_PKA_MEDIATED_PHOSPHORYLATION_OF_CREB	-0.24179889509307012			
GO_REGULATION_OF_PROTEIN_TARGETING_TO_MITOCHONDRION	-0.24181412392036017			
IPA_E2F2_UP	-0.2418330453818666			
GSE35435_RESTING_VS_IL4_TREATED_MACROPHAGE_DN	-0.24183622466541227			
GSE17721_0.5H_VS_8H_CPG_BMDC_UP	-0.24183684138872327			
GO_EPITHELIAL_TO_MESENCHYMAL_TRANSITION_INVOLVED_IN_ENDOCARDIAL_CUSHION_FORMATION	-0.241866113230448			
GO_REGULATION_OF_BILE_ACID_BIOSYNTHETIC_PROCESS	-0.2418695581473401			
GSE35543_IN_VIVO_NTREG_VS_IN_VITRO_ITREG_DN	-0.24188034510051343			
GO_MITOTIC_DNA_INTEGRITY_CHECKPOINT	-0.24188044649282733			
MIR548E_3P	-0.2419028426625423			
MANALO_HYPOXIA_DN	-0.24191533162200118			
MIR10523_5P	-0.24193091232586636			
GSE7348_LPS_VS_TOLERIZED_AND_LPS_STIM_MACROPHAGE_UP	-0.24194265275636645			
GSE7460_FOXP3_MUT_VS_WT_ACT_TCONV_DN	-0.24195001198357452			
MIR1261	-0.24195105891788102			
WU_ALZHEIMER_DISEASE_DN	-0.2419525781938086			
ATAAGCT_MIR21	-0.24195531496394831			
MIR506_5P	-0.2419601049086043			
REACTOME_FORMATION_OF_RNA_POL_II_ELONGATION_COMPLEX	-0.2419747828434623			
IPA_ID2_UP	-0.2419876918198732			
BYSTRYKH_HEMATOPOIESIS_STEM_CELL_RUNX1	-0.24199641693000584			
GO_DNA_POLYMERASE_BINDING	-0.2420278182817124			
IPA_KDM8_UP	-0.24203211658461826			
ATTACAT_MIR3803P	-0.24203323126477247			
GSE27786_BCELL_VS_CD8_TCELL_UP	-0.24203908379498326			
GO_NEGATIVE_REGULATION_OF_HUMORAL_IMMUNE_RESPONSE	-0.24204973614820885			
MIR3152_5P	-0.24207335402113483			
GSE43863_TH1_VS_LY6C_INT_CXCR5POS_EFFECTOR_CD4_TCELL_DN	-0.24207721162432347			
GSE17974_0H_VS_24H_IN_VITRO_ACT_CD4_TCELL_UP	-0.2420874613084609			
MIR3116	-0.24208808600796278			
GO_POSITIVE_REGULATION_OF_VASCULAR_SMOOTH_MUSCLE_CELL_DIFFERENTIATION	-0.24208881393818246			
GO_ADENYLATE_CYCLASE_ACTIVATING_G_PROTEIN_COUPLED_RECEPTOR_SIGNALING_PATHWAY	-0.2420923482580436			
KIM_MYCL1_AMPLIFICATION_TARGETS_UP	-0.24210139249311316			
VECCHI_GASTRIC_CANCER_EARLY_DN	-0.2421037802385793			
GSE3982_CTRL_VS_IGE_STIM_MAST_CELL_DN	-0.24210744135144124			
GO_AMMONIUM_TRANSMEMBRANE_TRANSPORTER_ACTIVITY	-0.242115716630413			
GO_DETECTION_OF_MECHANICAL_STIMULUS_INVOLVED_IN_SENSORY_PERCEPTION	-0.24212014055473244			
GSE1460_INTRATHYMIC_T_PROGENITOR_VS_NAIVE_CD4_TCELL_ADULT_BLOOD_UP	-0.2421261690392869			
GCAAAAA_MIR129	-0.24212757083488898			
GO_RNA_POLYMERASE_II_TRANSCRIPTION_FACTOR_BINDING	-0.24214556728499875			
MIR4779	-0.24218905259913556			
TGCTTTG_MIR330	-0.24219241783987985			
GO_CALCITONIN_FAMILY_RECEPTOR_COMPLEX	-0.2422050932619618			
MIR6819_5P	-0.24222204280995374			
GO_RRNA_TRANSCRIPTION	-0.24224230934228577			
GO_TRANSFERASE_ACTIVITY_TRANSFERRING_NITROGENOUS_GROUPS	-0.24225355895807393			
MIR8064	-0.24225479061763933			
IPA_NFKB1_DN	-0.2422600498845431			
GO_NEUROTRANSMITTER_BINDING	-0.24229516961991732			
HASLINGER_B_CLL_WITH_MUTATED_VH_GENES	-0.24231133969123814			
AAACCAC_MIR140	-0.2423187001839965			
MIR548AZ_3P	-0.2423431246867001			
KIM_GERMINAL_CENTER_T_HELPER_UP	-0.2423479968244039			
GSE34156_UNTREATED_VS_6H_NOD2_AND_TLR1_TLR2_LIGAND_TREATED_MONOCYTE_DN	-0.24234872252941705			
GO_DSRNA_TRANSPORT	-0.24235959800525356			
MIR211_5P	-0.24238971162201775			
MIR561_5P	-0.24239438503697522			
REACTOME_ORGANIC_CATION_ANION_ZWITTERION_TRANSPORT	-0.24240638585868582			
GO_CONDENSIN_COMPLEX	-0.24242859383955312			
GO_NEGATIVE_REGULATION_OF_PRODUCTION_OF_MOLECULAR_MEDIATOR_OF_IMMUNE_RESPONSE	-0.24245103810439042			
MIR3156_5P	-0.24247140784965107			
GO_IMMUNOLOGICAL_MEMORY_PROCESS	-0.2424820683752466			
GO_DENDRITIC_CELL_APOPTOTIC_PROCESS	-0.24249421979079014			
REACTOME_DARPP_32_EVENTS	-0.24250945078812092			
MIR6816_5P	-0.24251040226337206			
HASLINGER_B_CLL_WITH_6Q21_DELETION	-0.24252860234568396			
IPA_SKP2_UP	-0.24254259133096623			
GO_CATION_CHANNEL_COMPLEX	-0.24254316227401776			
GO_NEGATIVE_REGULATION_OF_NATURAL_KILLER_CELL_MEDIATED_IMMUNITY	-0.24254576262911268			
GSE13522_CTRL_VS_T_CRUZI_BRAZIL_STRAIN_INF_SKIN_UP	-0.24255042026904278			
GO_SEGMENT_SPECIFICATION	-0.24255146876648637			
GSE27859_DC_VS_CD11C_INT_F480_INT_DC_DN	-0.2425601004993365			
GO_CENTRAL_NERVOUS_SYSTEM_MATURATION	-0.24257347575054244			
GO_PEROXISOME_PROLIFERATOR_ACTIVATED_RECEPTOR_BINDING	-0.24259115777051818			
GO_REGULATION_OF_TRIGLYCERIDE_METABOLIC_PROCESS	-0.24260751268275563			
GO_CELLULAR_RESPONSE_TO_HISTAMINE	-0.24261066638041676			
MIR4756_5P	-0.24262527807602738			
GO_ORNITHINE_METABOLIC_PROCESS	-0.24264448101252278			
GO_SEROTONIN_TRANSPORT	-0.2426447167011286			
REACTOME_PRESYNAPTIC_FUNCTION_OF_KAINATE_RECEPTORS	-0.24267589954312552			
BRACHAT_RESPONSE_TO_CAMPTOTHECIN_DN	-0.2426801110550999			
GO_POST_CHAPERONIN_TUBULIN_FOLDING_PATHWAY	-0.24268587668405767			
GO_INTERLEUKIN_8_SECRETION	-0.24269601323625353			
MIR6856_3P	-0.24270490052024635			
GSE32901_TH17_EMRICHED_VS_TH17_NEG_CD4_TCELL_UP	-0.24270650614037648			
BIOCARTA_HIVNEF_PATHWAY	-0.2427105147427196			
AP4_Q6_01	-0.2427168374571013			
chr11q12	-0.2427199196468014			
RORA2_01	-0.24273167143681817			
GO_NFAT_PROTEIN_BINDING	-0.24274286260484731			
GSE11864_CSF1_VS_CSF1_IFNG_IN_MAC_DN	-0.242748662988182			
GO_RESPONSE_TO_COCAINE	-0.24275703059544224			
MIR6127	-0.24277555316420416			
REACTOME_SIGNALING_BY_FGFR2_IN_DISEASE	-0.2427773405400606			
GSE25677_MPL_VS_MPL_AND_R848_STIM_BCELL_UP	-0.24280654030205426			
MIR3941	-0.2428182102636398			
GSE1740_UNSTIM_VS_IFNA_STIMULATED_MCSF_DERIVED_MACROPHAGE_UP	-0.24282260218296592			
GO_SPINAL_CORD_DEVELOPMENT	-0.2428346375583998			
CTIP_DN.V1_UP	-0.24283811268738528			
GO_MEMBRANE_REPOLARIZATION_DURING_VENTRICULAR_CARDIAC_MUSCLE_CELL_ACTION_POTENTIAL	-0.24285191103194895			
GSE16385_IL4_VS_ROSIGLITAZONE_STIM_MACROPHAGE_UP	-0.24285642851874342			
GSE7460_CTRL_VS_TGFB_TREATED_ACT_TREG_UP	-0.24285934734551828			
GSE45365_CD8A_DC_VS_CD11B_DC_IFNAR_KO_MCMV_INFECTION_UP	-0.2428611761374604			
GO_TRNA_METABOLIC_PROCESS	-0.24287195352045768			
DAVICIONI_RHABDOMYOSARCOMA_PAX_FOXO1_FUSION_DN	-0.242873689785053			
GO_LEUCINE_METABOLIC_PROCESS	-0.24287574988784194			
CGTCTTA_MIR208	-0.24289319359241066			
TCGA_GLIOBLASTOMA_COPY_NUMBER_DN	-0.2429466169596344			
GSE32034_UNTREATED_VS_ROSIGLIZATONE_TREATED_LY6C_LOW_MONOCYTE_UP	-0.24295925922783743			
GSE12845_PRE_GC_VS_DARKZONE_GC_TONSIL_BCELL_DN	-0.24296025944356586			
GSE26495_NAIVE_VS_PD1LOW_CD8_TCELL_DN	-0.24297573837101677			
GSE10240_IL22_VS_IL17_STIM_PRIMARY_BRONCHIAL_EPITHELIAL_CELLS_UP	-0.24297770489654222			
MARSON_FOXP3_TARGETS_STIMULATED_UP	-0.24298625036239396			
GSE3982_MAST_CELL_VS_CENT_MEMORY_CD4_TCELL_DN	-0.24298735942720348			
REACTOME_HIV_INFECTION	-0.2429906754009551			
MIR6892_5P	-0.24299469401516313			
GO_G_PROTEIN_COUPLED_RECEPTOR_INTERNALIZATION	-0.2429971063788168			
REACTOME_CREB1_PHOSPHORYLATION_THROUGH_THE_ACTIVATION_OF_ADENYLATE_CYCLASE	-0.24299940784160515			
REACTOME_POTASSIUM_CHANNELS	-0.24300256566747885			
GSE17721_POLYIC_VS_GARDIQUIMOD_24H_BMDC_DN	-0.24300303829044703			
GSE17721_CPG_VS_GARDIQUIMOD_4H_BMDC_UP	-0.2430046465753702			
MIR6839_3P	-0.24301325455907063			
ZHAN_MULTIPLE_MYELOMA_CD2_UP	-0.24301529399843913			
GO_GAMETE_GENERATION	-0.24302544436473977			
chr3p11	-0.24303013836786103			
AGGGCCA_MIR328	-0.24303452226132224			
chr13q12	-0.24303490846377476			
MIR7158_5P	-0.24303977998885967			
GO_POSITIVE_REGULATION_OF_SMALL_GTPASE_MEDIATED_SIGNAL_TRANSDUCTION	-0.24305739792932635			
OCT_C	-0.24307018007585487			
MIR3915	-0.24307043597404054			
GSE29949_CD8_NEG_DC_SPLEEN_VS_DC_BRAIN_UP	-0.24307713658879476			
ZHOU_CELL_CYCLE_GENES_IN_IR_RESPONSE_6HR	-0.24308835295375272			
GO_CELLULAR_RESPONSE_TO_POTASSIUM_ION	-0.24309099625144204			
MIR4286	-0.24309143947540984			
GO_FARNESYL_DIPHOSPHATE_METABOLIC_PROCESS	-0.24309935510748162			
MIR378H	-0.24310068747896907			
GO_INNATE_IMMUNE_RESPONSE_IN_MUCOSA	-0.24310641783417883			
REACTOME_KSRP_KHSRP_BINDS_AND_DESTABILIZES_MRNA	-0.24310809752364643			
GSE20198_UNTREATED_VS_IL12_TREATED_ACT_CD4_TCELL_UP	-0.2431109121578815			
GSE11961_FOLLICULAR_BCELL_VS_MARGINAL_ZONE_BCELL_UP	-0.24312080629753624			
GO_KINETOCHORE	-0.24313425297356822			
MIR3162_3P	-0.24313557479495929			
GO_POSITIVE_REGULATION_OF_GLYCOGEN_METABOLIC_PROCESS	-0.24313791421312592			
MIR1296_3P	-0.24314251715536056			
GSE24634_IL4_VS_CTRL_TREATED_NAIVE_CD4_TCELL_DAY3_DN	-0.24315425508084923			
GO_KINASE_ACTIVITY	-0.24315675452008695			
IPA_PAX2_DN	-0.2431609819463215			
MIR4717_3P	-0.2431784413329922			
MIR4771	-0.24318337393027178			
chr4p16	-0.24318474855336453			
REACTOME_ERYTHROPOIETIN_ACTIVATES_PHOSPHOLIPASE_C_GAMMA_PLCG	-0.24318754176671878			
GSE28408_LY6G_POS_VS_NEG_DC_UP	-0.24319856435293633			
TFAM_TARGET_GENES	-0.24320153667527575			
GO_CHONDROITIN_SULFOTRANSFERASE_ACTIVITY	-0.24320798323571674			
GO_TYPE_5_METABOTROPIC_GLUTAMATE_RECEPTOR_BINDING	-0.24321341400310761			
GO_CALMODULIN_BINDING	-0.24324855553976935			
AR_Q6	-0.24325563049736765			
GO_REGULATION_OF_TELOMERE_MAINTENANCE	-0.24325823173608563			
chr3p22	-0.24327696398388698			
GSE12839_CTRL_VS_IL12_TREATED_PBMC_DN	-0.2432826270266465			
MOLENAAR_TARGETS_OF_CCND1_AND_CDK4_UP	-0.24328838364149638			
MIR4643	-0.24329483982543207			
MIR4739	-0.2432962358025689			
IPA_MEOX2_UP	-0.243306181732501			
KEGG_AMYOTROPHIC_LATERAL_SCLEROSIS_ALS	-0.24331013861916434			
GO_REGULATION_OF_RESPONSE_TO_CYTOKINE_STIMULUS	-0.24333660222053932			
GO_TRANSCRIPTION_FACTOR_TFIIH_CORE_COMPLEX	-0.2433908808014247			
GO_POSITIVE_REGULATION_OF_ACROSOME_REACTION	-0.2433942545403992			
REACTOME_INTESTINAL_ABSORPTION	-0.2433969158082703			
GO_ADP_TRANSPORT	-0.24339973889384087			
GO_ADP_TRANSMEMBRANE_TRANSPORTER_ACTIVITY	-0.24339973889384087			
REACTOME_TRANSLESION_SYNTHESIS_BY_POLK	-0.24341388351468557			
MIR1273C	-0.2434139905198993			
MIR548BC	-0.24341598969707653			
GSE5503_LIVER_DC_VS_SPLEEN_DC_ACTIVATED_ALLOGENIC_TCELL_DN	-0.2434297996519215			
LEE_CALORIE_RESTRICTION_MUSCLE_UP	-0.24343392766025113			
REACTOME_INWARDLY_RECTIFYING_K_CHANNELS	-0.2434589862130497			
GO_VCB_COMPLEX	-0.2434741213383793			
chr13q14	-0.24350338429749424			
KORKOLA_EMBRYONAL_CARCINOMA	-0.2435101384920553			
GO_G_PROTEIN_COUPLED_RECEPTOR_SIGNALING_PATHWAY_INVOLVED_IN_HEART_PROCESS	-0.2435319978436194			
GO_INTRINSIC_COMPONENT_OF_POSTSYNAPTIC_SPECIALIZATION_MEMBRANE	-0.24354949617801963			
GO_FATTY_ACID_BETA_OXIDATION_USING_ACYL_COA_DEHYDROGENASE	-0.24356669181664914			
MIR6737_5P	-0.2435693256468302			
GSE11961_MARGINAL_ZONE_BCELL_VS_MEMORY_BCELL_DAY7_UP	-0.2435821097169074			
GO_HOST_CELLULAR_COMPONENT	-0.24360291191696953			
GO_TRNA_CATABOLIC_PROCESS	-0.24360710580018696			
MATZUK_SPERMATOCYTE	-0.24361252503284142			
IPA_BCL11A_DN	-0.2436207483190752			
AHR_01	-0.2436331491338701			
MIR324_3P	-0.2436435764109833			
GSE11924_TFH_VS_TH1_CD4_TCELL_UP	-0.24365364426008035			
GO_RESPONSE_TO_ZINC_ION	-0.24367667094041884			
GSE32423_IL7_VS_IL4_MEMORY_CD8_TCELL_UP	-0.24370830683181172			
MIR381_5P	-0.2437242683792369			
GSE5960_TH1_VS_ANERGIC_TH1_UP	-0.2437259471826963			
GSE5589_WT_VS_IL6_KO_LPS_STIM_MACROPHAGE_180MIN_DN	-0.24374177882958956			
GSE22935_UNSTIM_VS_48H_MBOVIS_BCG_STIM_MYD88_KO_MACROPHAGE_UP	-0.2437478108098853			
REACTOME_LIGAND_RECEPTOR_INTERACTIONS	-0.24376623233140815			
GSE7460_CTRL_VS_FOXP3_OVEREXPR_TCONV_1_UP	-0.2437768585370379			
GO_CCR5_CHEMOKINE_RECEPTOR_BINDING	-0.24377867981153814			
GSE2585_THYMIC_MACROPHAGE_VS_MTEC_UP	-0.24379021909830137			
GO_ARF_PROTEIN_SIGNAL_TRANSDUCTION	-0.24379687031162633			
MIR4731_3P	-0.24380196013200864			
MIR6793_5P	-0.24381331192317537			
GARGALOVIC_RESPONSE_TO_OXIDIZED_PHOSPHOLIPIDS_SALMON_DN	-0.24382217333856399			
GSE21670_STAT3_KO_VS_WT_CD4_TCELL_DN	-0.2438315506669387			
PID_HES_HEY_PATHWAY	-0.24383244031733944			
GO_MIDBRAIN_HINDBRAIN_BOUNDARY_DEVELOPMENT	-0.24383500264525423			
DANG_BOUND_BY_MYC	-0.2438519360317496			
MIR6826_5P	-0.2438541539781837			
BAKER_HEMATOPOESIS_STAT5_TARGETS	-0.24388091023263248			
GO_FIBROBLAST_GROWTH_FACTOR_PRODUCTION	-0.24388275570381257			
XU_HGF_TARGETS_REPRESSED_BY_AKT1_DN	-0.24388972729847017			
MIR603	-0.24389763690108063			
GSE1925_CTRL_VS_24H_IFNG_STIM_MACROPHAGE_UP	-0.24390451872904748			
GO_REGULATION_OF_CALCIUM_MEDIATED_SIGNALING	-0.24391357668386193			
GGCNRNWCTTYS_UNKNOWN	-0.24391794865384633			
GSE3982_NEUTROPHIL_VS_NKCELL_DN	-0.243928240732796			
GSE39556_CD8A_DC_VS_NK_CELL_UP	-0.24392874750350457			
GO_PEPTIDYL_ARGININE_OMEGA_N_METHYLATION	-0.2439471865291348			
MIR500B_5P	-0.24396326526796017			
GSE17974_1H_VS_72H_UNTREATED_IN_VITRO_CD4_TCELL_DN	-0.2439652611879312			
REACTOME_2_LTR_CIRCLE_FORMATION	-0.24396593774621816			
MIR362_5P	-0.24396985290402892			
GSE17721_POLYIC_VS_GARDIQUIMOD_0.5H_BMDC_DN	-0.2439805099769916			
GO_FAT_CELL_PROLIFERATION	-0.24398544312556064			
ICHIBA_GRAFT_VERSUS_HOST_DISEASE_D7_DN	-0.24399708385539642			
KINNEY_DNMT1_METHYLATION_TARGETS	-0.2440017820050325			
GO_PROTEIN_DEGLYCOSYLATION	-0.24400553834633434			
IPA_ALYREF_UP	-0.2440075475165653			
MIR1303	-0.24401060021211948			
IPA_RUNX1T1_DN	-0.24403309839324674			
REACTOME_HIV_ELONGATION_ARREST_AND_RECOVERY	-0.24403427811677028			
GSE17721_POLYIC_VS_PAM3CSK4_12H_BMDC_UP	-0.2440377263114659			
GSE16450_CTRL_VS_IFNA_6H_STIM_IMMATURE_NEURON_CELL_LINE_UP	-0.24404705545621322			
BIOCARTA_CDC42RAC_PATHWAY	-0.24405086209483343			
MARTORIATI_MDM4_TARGETS_FETAL_LIVER_DN	-0.2440554314120014			
REACTOME_E3_UBIQUITIN_LIGASES_UBIQUITINATE_TARGET_PROTEINS	-0.24409720507902183			
MIR4789_3P	-0.2441063134556668			
PID_ERB_GENOMIC_PATHWAY	-0.24411072753861074			
GO_NEGATIVE_REGULATION_OF_TOLL_LIKE_RECEPTOR_4_SIGNALING_PATHWAY	-0.24411127567030583			
GO_REGULATION_OF_RYANODINE_SENSITIVE_CALCIUM_RELEASE_CHANNEL_ACTIVITY	-0.24414045302307263			
GSE15330_WT_VS_IKAROS_KO_HSC_UP	-0.24414319436391949			
GO_3_PHOSPHOADENOSINE_5_PHOSPHOSULFATE_BINDING	-0.24414701460820976			
IPA_HOXA13_DN	-0.24414896899737873			
ZHONG_RESPONSE_TO_AZACITIDINE_AND_TSA_DN	-0.24414997626679671			
IPA_NFAT5_DN	-0.2441555261701425			
IPA_NFYA_DN	-0.2441555261701425			
IPA_PML_UP	-0.24415746028591795			
GSE19825_NAIVE_VS_IL2RALOW_DAY3_EFF_CD8_TCELL_DN	-0.24415757881213768			
SLEBOS_HEAD_AND_NECK_CANCER_WITH_HPV_UP	-0.24416653471819078			
GO_NEGATIVE_REGULATION_OF_NOREPINEPHRINE_SECRETION	-0.24417709345701066			
KEGG_NICOTINATE_AND_NICOTINAMIDE_METABOLISM	-0.24418008335134087			
GSE14415_ACT_TCONV_VS_ACT_NATURAL_TREG_UP	-0.24419227632312773			
IPA_ASCL1_UP	-0.24419408487407226			
GO_REGULATION_OF_T_CELL_APOPTOTIC_PROCESS	-0.24419974018830978			
MIR378A_3P_MIR378C_MIR378D_MIR378I	-0.24421653610045013			
GO_REGULATION_OF_HEART_RATE_BY_CHEMICAL_SIGNAL	-0.2442296905208765			
GO_ONE_CARBON_COMPOUND_TRANSPORT	-0.2442392850987017			
MIR645	-0.24425061034618098			
GSE2770_UNTREATED_VS_IL4_TREATED_ACT_CD4_TCELL_2H_DN	-0.2442546381057326			
IPA_ZFPM2_UP	-0.24426659353171518			
GO_ENDOCYTIC_VESICLE_LUMEN	-0.24426710319680753			
BIOCARTA_TID_PATHWAY	-0.24427712013945038			
GSE17721_PAM3CSK4_VS_CPG_6H_BMDC_UP	-0.2442850218365535			
AFFAR_YY1_TARGETS_DN	-0.24429195028618633			
IPA_KDM8_DN	-0.2442953319863899			
GSE9960_HEALTHY_VS_GRAM_NEG_AND_POS_SEPSIS_PBMC_DN	-0.2442953931135781			
GO_POSITIVE_REGULATION_OF_LEUKOCYTE_CHEMOTAXIS	-0.24429819136259776			
GO_FOLIC_ACID_CONTAINING_COMPOUND_BIOSYNTHETIC_PROCESS	-0.24430286188038566			
MIR766_5P	-0.24431043711286454			
GSE17721_LPS_VS_PAM3CSK4_4H_BMDC_DN	-0.24432203022081825			
MOOTHA_FFA_OXYDATION	-0.24432906764234869			
REACTOME_ABACAVIR_METABOLISM	-0.24433179534532382			
GSE25088_WT_VS_STAT6_KO_MACROPHAGE_IL4_STIM_DN	-0.244356417562681			
GO_TRANS_GOLGI_NETWORK_MEMBRANE	-0.24436048129412088			
GO_SHORT_CHAIN_FATTY_ACID_METABOLIC_PROCESS	-0.24436373342774714			
MIR4494	-0.24437529655536439			
IPA_MYF6_UP	-0.24437666527612664			
MAX_01	-0.24443117904012773			
GO_SPINAL_CORD_ASSOCIATION_NEURON_DIFFERENTIATION	-0.24443565302536968			
GSE27786_LIN_NEG_VS_CD8_TCELL_UP	-0.24443672823119922			
GO_ANTIGEN_PROCESSING_AND_PRESENTATION_OF_PEPTIDE_ANTIGEN	-0.24443830773824496			
MIR8077	-0.2444438893698765			
GO_SUMO_TRANSFERASE_ACTIVITY	-0.2444453241590795			
REACTOME_DISEASES_OF_BASE_EXCISION_REPAIR	-0.2444550188787147			
GO_PROTEIN_GERANYLGERANYLATION	-0.24448530808322233			
GO_OXIDOREDUCTASE_ACTIVITY_ACTING_ON_PAIRED_DONORS_WITH_INCORPORATION_OR_REDUCTION_OF_MOLECULAR_OXYGEN_REDUCED_ASCORBATE_AS_ONE_DONOR_AND_INCORPORATION_OF_ONE_ATOM_OF_OXYGEN	-0.24448823714888232			
GO_ANATOMICAL_STRUCTURE_HOMEOSTASIS	-0.2444882380071006			
MIR548G_3P	-0.2445020518590318			
TURASHVILI_BREAST_DUCTAL_CARCINOMA_VS_LOBULAR_NORMAL_UP	-0.24451718126845878			
GO_POSITIVE_REGULATION_OF_T_CELL_APOPTOTIC_PROCESS	-0.24455928086402345			
IKEDA_MIR133_TARGETS_DN	-0.24457466164623398			
GO_SHELTERIN_COMPLEX	-0.24458172365811504			
GO_ELONGATOR_HOLOENZYME_COMPLEX	-0.24461673744753298			
AP4_Q6	-0.2446318377752402			
GO_POSITIVE_REGULATION_OF_CHOLESTEROL_ESTERIFICATION	-0.24464762354766376			
TAGAACC_MIR182	-0.24464872802924648			
GSE17721_CTRL_VS_POLYIC_2H_BMDC_UP	-0.2446506929873093			
GO_NUCLEOTIDE_DIPHOSPHATASE_ACTIVITY	-0.24465869744941895			
CAATGCA_MIR33	-0.24466055966474534			
ACATATC_MIR190	-0.24467361483474825			
MIR4786_3P	-0.24471387885775428			
GSE25088_IL4_VS_IL4_AND_ROSIGLITAZONE_STIM_MACROPHAGE_DAY10_DN	-0.2447201939694194			
MIR627_3P	-0.244721026275845			
ILK_TARGET_GENES	-0.2447512109365907			
IPA_HIST2H4A_UP	-0.24476224576140496			
IPA_HIST1H4H_UP	-0.24476224576140496			
IPA_HIST1H4L_UP	-0.24476224576140496			
IPA_HIST1H4C_UP	-0.24476224576140496			
IPA_HIST1H4A_UP	-0.24476224576140496			
IPA_HIST2H4B_UP	-0.24476224576140496			
IPA_HIST4H4_UP	-0.24476224576140496			
IPA_HIST1H4E_UP	-0.24476224576140496			
IPA_HIST1H4D_UP	-0.24476224576140496			
IPA_HIST1H4J_UP	-0.24476224576140496			
IPA_HIST1H4F_UP	-0.24476224576140496			
IPA_HIST1H4I_UP	-0.24476224576140496			
GSE9960_GRAM_POS_VS_GRAM_NEG_AND_POS_SEPSIS_PBMC_UP	-0.24476439215295379			
MARTIN_INTERACT_WITH_HDAC	-0.24476912507411408			
GO_POSITIVE_REGULATION_OF_CATION_CHANNEL_ACTIVITY	-0.24477298478199963			
chr11p12	-0.2447849059996173			
CAGNYGKNAAA_UNKNOWN	-0.24479181202869205			
GSE22140_GERMFREE_VS_SPF_MOUSE_CD4_TCELL_UP	-0.24479600987674346			
MIR6080	-0.24482417258047115			
CDC5_01	-0.24483668345383752			
chr22q12	-0.24484009241995222			
WUNDER_INFLAMMATORY_RESPONSE_AND_CHOLESTEROL_DN	-0.24486246675611567			
GO_NEGATIVE_REGULATION_OF_INTERLEUKIN_17_PRODUCTION	-0.2448814281033531			
GSE22196_HEALTHY_VS_OBESE_MOUSE_SKIN_GAMMADELTA_TCELL_UP	-0.24488872924691624			
GO_HISTONE_H2B_UBIQUITINATION	-0.24490173389369208			
GO_CALCIUM_TRANSMEMBRANE_TRANSPORTER_ACTIVITY_PHOSPHORYLATIVE_MECHANISM	-0.2449132237189093			
MIR548Q	-0.24492344834625204			
GO_METANEPHRIC_GLOMERULUS_VASCULATURE_DEVELOPMENT	-0.24494969823497276			
GO_RESPONSE_TO_INTERLEUKIN_17	-0.24495930212441092			
MIR4709_5P	-0.2449694033369248			
GO_POSITIVE_REGULATION_OF_SEQUESTERING_OF_CALCIUM_ION	-0.24498921731590032			
GO_SEBACEOUS_GLAND_DEVELOPMENT	-0.24499790400660135			
GSE24634_TREG_VS_TCONV_POST_DAY3_IL4_CONVERSION_UP	-0.24500009024342012			
GSE1112_OT1_CD8AB_VS_HY_CD8AA_THYMOCYTE_RTOC_CULTURE_DN	-0.24500315895882852			
GO_ORGANIC_ACID_CATABOLIC_PROCESS	-0.24500340826570863			
MIR1911_3P	-0.24501093889304762			
GO_POSITIVE_REGULATION_OF_CENTRIOLE_REPLICATION	-0.24502665658017697			
MIR3064_3P	-0.24503349249752565			
MIR106A_3P	-0.24503879151934047			
ZNF146_TARGET_GENES	-0.24504620828658355			
GO_MITOCHONDRION_DISTRIBUTION	-0.24505011434060003			
GO_CELLULAR_PROTEIN_CONTAINING_COMPLEX_ASSEMBLY	-0.24505511084957926			
GO_PLATELET_DERIVED_GROWTH_FACTOR_RECEPTOR_ALPHA_SIGNALING_PATHWAY	-0.2450612481359738			
JAZAERI_BREAST_CANCER_BRCA1_VS_BRCA2_DN	-0.24506681359576776			
GO_WHITE_FAT_CELL_DIFFERENTIATION	-0.24508583259657143			
CAGCACT_MIR5123P	-0.24511359794518087			
FIRESTEIN_CTNNB1_PATHWAY	-0.24512593222287798			
GO_NEGATIVE_REGULATION_OF_G_PROTEIN_COUPLED_RECEPTOR_SIGNALING_PATHWAY	-0.2451287120898597			
PIEPOLI_LGI1_TARGETS_UP	-0.24514732304102274			
MIR3978	-0.24514940751790232			
NCOA2_TARGET_GENES	-0.2451517911030206			
GO_POSITIVE_REGULATION_OF_TRANSCRIPTION_BY_RNA_POLYMERASE_I	-0.24516598284238159			
SOX5_01	-0.2451791064821816			
REACTOME_TP53_REGULATES_TRANSCRIPTION_OF_CASPASE_ACTIVATORS_AND_CASPASES	-0.2451889666396095			
MIR486_3P	-0.24518993749518864			
IPA_SIM1_DN	-0.24519426756429166			
GO_CALCIUM_DEPENDENT_PROTEIN_SERINE_THREONINE_PHOSPHATASE_ACTIVITY	-0.24521873166385574			
POU6F1_01	-0.24522061430771952			
GO_CHEMICAL_SYNAPTIC_TRANSMISSION_POSTSYNAPTIC	-0.2452481146257119			
MIR6829_3P	-0.2452633636527238			
GSE15330_LYMPHOID_MULTIPOTENT_VS_GRANULOCYTE_MONOCYTE_PROGENITOR_DN	-0.24526956860403146			
WONG_ENDOMETRIAL_CANCER_LATE	-0.24529310493879142			
IPA_GTF2I_UP	-0.24531789495349735			
GCTCTTG_MIR335	-0.24531793197844448			
GO_TRIGLYCERIDE_CATABOLIC_PROCESS	-0.24538032593855705			
REACTOME_INTERLEUKIN_37_SIGNALING	-0.24540119495749174			
GO_C_TERMINAL_PROTEIN_DEGLUTAMYLATION	-0.24540733560058012			
CATGTAA_MIR496	-0.24541378209179016			
MIR335_3P	-0.24541757087211385			
GO_NEGATIVE_REGULATION_OF_NEUROTRANSMITTER_SECRETION	-0.24542890521124586			
GSE3565_DUSP1_VS_WT_SPLENOCYTES_UP	-0.2454401431142746			
MIR4640_3P	-0.24544422310107566			
REACTOME_CTLA4_INHIBITORY_SIGNALING	-0.24545124209892186			
GO_REGULATION_OF_DEPHOSPHORYLATION	-0.2454542214229795			
GSE17721_CTRL_VS_POLYIC_6H_BMDC_UP	-0.24545952307027463			
GO_CTF18_RFC_LIKE_COMPLEX	-0.24548081058113766			
MIR3976	-0.24550709971036722			
MIR378A_5P	-0.2455214208503024			
GO_POSITIVE_REGULATION_OF_CARDIAC_MUSCLE_CELL_PROLIFERATION	-0.2455251036888351			
GSE41867_NAIVE_VS_DAY15_LCMV_ARMSTRONG_EFFECTOR_CD8_TCELL_UP	-0.24552769070737385			
GO_REGULATION_OF_PLASMA_LIPOPROTEIN_PARTICLE_LEVELS	-0.24553499242596738			
REACTOME_G_BETA_GAMMA_SIGNALLING_THROUGH_PI3KGAMMA	-0.24554550469932804			
GSE360_L_DONOVANI_VS_L_MAJOR_MAC_UP	-0.2455621542262343			
KAUFFMANN_MELANOMA_RELAPSE_UP	-0.24556231635077647			
MIR6830_5P	-0.2455721826670828			
GSE557_WT_VS_I_AB_KO_DC_DN	-0.24558333751839628			
GO_MITOCHONDRIAL_TRNA_PROCESSING	-0.24558964126859073			
GO_CANONICAL_WNT_SIGNALING_PATHWAY_INVOLVED_IN_OSTEOBLAST_DIFFERENTIATION	-0.24559702230958713			
GSE17974_1.5H_VS_72H_IL4_AND_ANTI_IL12_ACT_CD4_TCELL_UP	-0.2456087308080123			
MIR4692	-0.2456181594893393			
GSE32986_CURDLAN_HIGHDOSE_VS_GMCSF_AND_CURDLAN_HIGHDOSE_STIM_DC_DN	-0.24562468062013854			
MIR1268A_MIR1268B	-0.2456247548055489			
REACTOME_SENSING_OF_DNA_DOUBLE_STRAND_BREAKS	-0.2456266423175413			
MCCLUNG_DELTA_FOSB_TARGETS_8WK	-0.24564200370461733			
SKP2_TARGET_GENES	-0.24564791954197032			
GO_CORE_PROMOTER_SEQUENCE_SPECIFIC_DNA_BINDING	-0.24566580820554304			
MYLLYKANGAS_AMPLIFICATION_HOT_SPOT_2	-0.24566936856990385			
GO_DETECTION_OF_CALCIUM_ION	-0.24567649713456677			
GO_REGULATION_OF_ISOTYPE_SWITCHING_TO_IGE_ISOTYPES	-0.2456833960911853			
BAKKER_FOXO3_TARGETS_UP	-0.24568616773845492			
ZHAN_MULTIPLE_MYELOMA_PR_DN	-0.24569269714611083			
VALK_AML_WITH_T_8_21_TRANSLOCATION	-0.24569335045322652			
GO_ALPHA_N_ACETYLNEURAMINATE_ALPHA_2_8_SIALYLTRANSFERASE_ACTIVITY	-0.2456953996178832			
GO_ANTIBACTERIAL_HUMORAL_RESPONSE	-0.24570208333342194			
GSE14415_NATURAL_TREG_VS_TCONV_DN	-0.24570434394548402			
IPA_PPARGC1A_DN	-0.2457276072171764			
GO_NEGATIVE_REGULATION_OF_LOW_DENSITY_LIPOPROTEIN_PARTICLE_CLEARANCE	-0.24573333135355194			
GSE27786_BCELL_VS_MONO_MAC_UP	-0.24575752740221254			
GSE6092_B_BURGDOFERI_VS_B_BURGDORFERI_AND_IFNG_STIM_ENDOTHELIAL_CELL_UP	-0.2457741256336696			
GSE23505_IL6_IL1_VS_IL6_IL1_TGFB_TREATED_CD4_TCELL_UP	-0.24578461613838273			
GO_LIPID_KINASE_ACTIVITY	-0.24579655344853418			
GSE34156_UNTREATED_VS_6H_NOD2_LIGAND_TREATED_MONOCYTE_DN	-0.2458028260765165			
GO_PROTEIN_DEGLUTAMYLATION	-0.24580576212435434			
GO_CELLULAR_RESPONSE_TO_INSULIN_LIKE_GROWTH_FACTOR_STIMULUS	-0.2458100912552522			
PID_ATR_PATHWAY	-0.24581091839303862			
EHLERS_ANEUPLOIDY_UP	-0.24581286340065556			
REACTOME_PROCESSIVE_SYNTHESIS_ON_THE_LAGGING_STRAND	-0.24581987904502853			
SABATES_COLORECTAL_ADENOMA_DN	-0.2458463632292968			
GSE3982_MAST_CELL_VS_TH2_DN	-0.24585239258577052			
CTCAGGG_MIR125B_MIR125A	-0.24585908905874077			
GO_SENSORY_PERCEPTION_OF_BITTER_TASTE	-0.2458602531707485			
GO_CYSTEINE_TYPE_ENDOPEPTIDASE_ACTIVITY_INVOLVED_IN_APOPTOTIC_SIGNALING_PATHWAY	-0.2458704839208409			
GO_GAMMA_AMINOBUTYRIC_ACID_SIGNALING_PATHWAY	-0.24588583510303452			
GO_POSITIVE_REGULATION_OF_SYNAPTIC_TRANSMISSION_GLUTAMATERGIC	-0.24588638704720467			
MIR3646	-0.24588800254745766			
MIR8068	-0.2458880362290765			
GSE5463_CTRL_VS_DEXAMETHASONE_TREATED_THYMOCYTE_DN	-0.2458895593308319			
GSE32901_TH1_VS_TH17_NEG_CD4_TCELL_UP	-0.2458913147688989			
GSE21927_SPLEEN_VS_TUMOR_MONOCYTE_C57BL6_DN	-0.24589412360162025			
GSE7509_UNSTIM_VS_FCGRIIB_STIM_MONOCYTE_DN	-0.2459225419376365			
chr4q25	-0.24594218343255864			
GSE23925_LIGHT_ZONE_VS_NAIVE_BCELL_UP	-0.2459469028415407			
GO_LYMPHOCYTE_CHEMOTAXIS	-0.2459712922958075			
MIR7851_3P	-0.24600339695985163			
GO_LONG_CHAIN_FATTY_ACID_BINDING	-0.24602032980764107			
BIOCARTA_PML_PATHWAY	-0.2460335780764889			
GSE12845_NAIVE_VS_PRE_GC_TONSIL_BCELL_UP	-0.24603542707728784			
GO_REGULATION_OF_RECEPTOR_SIGNALING_PATHWAY_VIA_STAT	-0.24605962908493179			
REACTOME_PROCESSING_AND_ACTIVATION_OF_SUMO	-0.24607842329779486			
IPA_RBPJL_UP	-0.24608052223580015			
GO_POSITIVE_REGULATION_OF_DENDRITIC_CELL_ANTIGEN_PROCESSING_AND_PRESENTATION	-0.2460812144641316			
GO_NEGATIVE_REGULATION_OF_DNA_REPAIR	-0.24608396404521			
chr5q12	-0.24610116490234196			
GO_ACYLGLYCEROL_HOMEOSTASIS	-0.24610159010642843			
IPA_NR5A1_UP	-0.24611293950844482			
IPA_GFI1B_UP	-0.24612415493954634			
KEGG_HEDGEHOG_SIGNALING_PATHWAY	-0.2461273930902555			
GO_ANTIGEN_PROCESSING_AND_PRESENTATION	-0.2461353859958479			
GO_MAINTENANCE_OF_CELL_NUMBER	-0.2461379936754153			
GSE37301_HEMATOPOIETIC_STEM_CELL_VS_LYMPHOID_PRIMED_MPP_UP	-0.2461477588804466			
GO_CD40_SIGNALING_PATHWAY	-0.2461484214524421			
GO_TELOMERE_CAPPING	-0.24614950932353094			
REACTOME_SIGNALING_BY_INTERLEUKINS	-0.2461604112757715			
GSE19825_NAIVE_VS_IL2RAHIGH_DAY3_EFF_CD8_TCELL_UP	-0.2461634602638125			
FIGUEROA_AML_METHYLATION_CLUSTER_2_UP	-0.24616430501459402			
BIOCARTA_DICER_PATHWAY	-0.2461676655037327			
IPA_NCOR1_UP	-0.24619875258495436			
SA_CASPASE_CASCADE	-0.24620241703894527			
MIR3671	-0.246209714179231			
GSE21927_SPLEEN_VS_TUMOR_MONOCYTE_BALBC_DN	-0.2462161002915713			
GO_RESPONSE_TO_ETHER	-0.24621727571326704			
GO_REGULATION_OF_NON_MEMBRANE_SPANNING_PROTEIN_TYROSINE_KINASE_ACTIVITY	-0.24621802060831827			
GO_NMDA_SELECTIVE_GLUTAMATE_RECEPTOR_COMPLEX	-0.24621989548542086			
GO_DIPHOSPHOINOSITOL_POLYPHOSPHATE_DIPHOSPHATASE_ACTIVITY	-0.2462328264630172			
MIR4786_5P	-0.24623382582480619			
GSE24634_TEFF_VS_TCONV_DAY10_IN_CULTURE_UP	-0.24624717799097684			
PAX4_01	-0.2462531035042003			
GO_POSITIVE_REGULATION_OF_HISTONE_UBIQUITINATION	-0.24626181764612876			
GO_T_HELPER_17_TYPE_IMMUNE_RESPONSE	-0.24626188349166878			
MIR150_5P	-0.24626227793116404			
MIR4755_3P	-0.24626295998785172			
GO_TRANSITION_METAL_ION_BINDING	-0.24626833452211444			
TAAWWATAG_RSRFC4_Q2	-0.24626853735330165			
GO_BASIC_AMINO_ACID_TRANSMEMBRANE_TRANSPORT	-0.2462728410088466			
BIOCARTA_CXCR4_PATHWAY	-0.24629141037073088			
LIU_NASOPHARYNGEAL_CARCINOMA	-0.24629187650997064			
GO_ARGININE_CATABOLIC_PROCESS	-0.24632877786932997			
GSE26669_CD4_VS_CD8_TCELL_IN_MLR_DN	-0.2463331447196232			
GO_NEGATIVE_REGULATION_OF_CATABOLIC_PROCESS	-0.24633816879303874			
MIR4689	-0.24634735543407169			
GSE2128_C57BL6_VS_NOD_THYMOCYTE_MIMETOPE_NEGATIVE_SELECTION_DN	-0.24634781451597468			
GO_SUGAR_MEDIATED_SIGNALING_PATHWAY	-0.24635788726799324			
GO_TRANSCRIPTION_COREGULATOR_ACTIVITY	-0.2463579934693499			
MIR550A_3_5P_MIR550A_5P	-0.24635912195514564			
GSE40277_EOS_AND_LEF1_TRANSDUCED_VS_CTRL_CD4_TCELL_DN	-0.24636191369919574			
IPA_ONECUT1_DN	-0.24636431652803856			
GO_BLOOD_VESSEL_MATURATION	-0.2463672160986898			
IPA_CEBPD_UP	-0.24638199019172088			
GO_PROTEIN_AUTOPHOSPHORYLATION	-0.24639598435105237			
GSE14308_TH17_VS_INDUCED_TREG_DN	-0.2463971942706626			
MIR1227_5P	-0.2464060926481453			
GO_SISTER_CHROMATID_SEGREGATION	-0.2464090063612039			
GO_TRANSFERASE_ACTIVITY_TRANSFERRING_PHOSPHORUS_CONTAINING_GROUPS	-0.2464103270916672			
IPA_DNMT1_UP	-0.24642374581679366			
GSE8685_IL2_STARVED_VS_IL21_ACT_IL2_STARVED_CD4_TCELL_DN	-0.2464273581846171			
MIR4484	-0.2464345484927033			
GO_NUCLEAR_RECEPTOR_TRANSCRIPTION_COACTIVATOR_ACTIVITY	-0.2464400522266092			
GSE2770_IL12_VS_IL4_TREATED_ACT_CD4_TCELL_6H_UP	-0.24644671331043985			
GO_RIBONUCLEOSIDE_CATABOLIC_PROCESS	-0.24645868338711516			
GSE16385_IFNG_TNF_VS_IL4_STIM_MACROPHAGE_ROSIGLITAZONE_TREATED_UP	-0.24647225297165234			
HOWLIN_PUBERTAL_MAMMARY_GLAND	-0.24647451173871593			
GO_NEGATIVE_REGULATION_OF_COFACTOR_METABOLIC_PROCESS	-0.24648245847595157			
CREBP1_01	-0.24649719248464685			
MIR424_3P	-0.2465003087571286			
GSE25088_IL4_VS_IL4_AND_ROSIGLITAZONE_STIM_MACROPHAGE_DAY10_UP	-0.2465075405555275			
GO_REGULATION_OF_RESPIRATORY_BURST	-0.24650957025799858			
GSE42724_NAIVE_VS_MEMORY_BCELL_UP	-0.2465185664946293			
GO_POSITIVE_REGULATION_OF_LIPID_CATABOLIC_PROCESS	-0.2465213610823338			
GO_INO80_TYPE_COMPLEX	-0.24653133327447407			
GO_NUCLEOSIDE_MONOPHOSPHATE_BIOSYNTHETIC_PROCESS	-0.24653337011714913			
GSE24726_WT_VS_E2_2_KO_PDC_UP	-0.24653609889695827			
HALLMARK_MYC_TARGETS_V2	-0.2465485402409535			
GO_MEIOTIC_CHROMOSOME_CONDENSATION	-0.2465488494526469			
GO_ESTROGEN_METABOLIC_PROCESS	-0.24655210885236092			
BIOCARTA_RELA_PATHWAY	-0.24655399189235286			
JAZAG_TGFB1_SIGNALING_VIA_SMAD4_DN	-0.24656459526266555			
KEGG_VALINE_LEUCINE_AND_ISOLEUCINE_BIOSYNTHESIS	-0.2465887163677242			
GO_SIN3_COMPLEX	-0.24660047630126447			
KEGG_ALANINE_ASPARTATE_AND_GLUTAMATE_METABOLISM	-0.24662760674137107			
MIR5004_3P	-0.24663248664212623			
CCCNNGGGAR_OLF1_01	-0.24663586797531467			
ZC3H11A_TARGET_GENES	-0.24665234751181506			
IPA_MYBL2_DN	-0.24665408856309382			
GSE17721_CTRL_VS_POLYIC_24H_BMDC_UP	-0.24665864384329542			
GO_POSITIVE_REGULATION_OF_LIPASE_ACTIVITY	-0.2466750583296821			
GO_FATTY_ACID_BETA_OXIDATION	-0.246679161840884			
MIR208A_3P	-0.24668502064578635			
GO_VOLTAGE_GATED_SODIUM_CHANNEL_COMPLEX	-0.2466919954553025			
GSE16450_IMMATURE_VS_MATURE_NEURON_CELL_LINE_DN	-0.24669308560678915			
IPA_MYOCD_UP	-0.24669418094891174			
GO_PEPTIDOGLYCAN_METABOLIC_PROCESS	-0.24669515565820987			
TURJANSKI_MAPK1_AND_MAPK2_TARGETS	-0.24669757591186184			
GO_POSITIVE_REGULATION_OF_FIBROBLAST_APOPTOTIC_PROCESS	-0.24670121872633122			
MILI_PSEUDOPODIA_CHEMOTAXIS_UP	-0.24670277825846496			
SKIL_TARGET_GENES	-0.24670537782811908			
CRX_Q4	-0.24672244050717057			
TAATGTG_MIR323	-0.2467238151326364			
GO_CYTOPLASMIC_TRANSLATION	-0.24674153801111512			
PID_HNF3B_PATHWAY	-0.24674793947391846			
GO_FUCOSE_BINDING	-0.24675188420535782			
SP3_Q3	-0.24675390705499436			
GSE32423_IL7_VS_IL7_IL4_MEMORY_CD8_TCELL_DN	-0.24675991966488275			
GO_INTRA_S_DNA_DAMAGE_CHECKPOINT	-0.24676571160623817			
KEGG_LONG_TERM_DEPRESSION	-0.24678163520585933			
MIR4264	-0.24678486453527199			
IPA_ONECUT1_UP	-0.24678689103882454			
GSE40274_CTRL_VS_FOXP3_AND_IRF4_TRANSDUCED_ACTIVATED_CD4_TCELL_UP	-0.24679288719756853			
GSE20715_0H_VS_24H_OZONE_TLR4_KO_LUNG_UP	-0.24681037922500235			
GO_RESPONSE_TO_LEUCINE	-0.24683156123531386			
GO_PURINE_CONTAINING_COMPOUND_SALVAGE	-0.2468361534567683			
GSE13485_CTRL_VS_DAY21_YF17D_VACCINE_PBMC_DN	-0.24689520047091823			
REACTOME_NEUROTRANSMITTER_RELEASE_CYCLE	-0.24694387973565574			
CDPCR3HD_01	-0.24694828672636418			
GO_DNA_BINDING_TRANSCRIPTION_ACTIVATOR_ACTIVITY	-0.24695199094404716			
REACTOME_HEME_BIOSYNTHESIS	-0.24696224353489177			
MIR539_3P	-0.24698994623618833			
MIR363_5P	-0.24700485713382744			
VARELA_ZMPSTE24_TARGETS_UP	-0.24701460218393362			
GSE6875_TCONV_VS_FOXP3_KO_TREG_DN	-0.24701631699119528			
GSE9650_GP33_VS_GP276_LCMV_SPECIFIC_EXHAUSTED_CD8_TCELL_DN	-0.2470178375316556			
GO_CALCIUM_SENSITIVE_GUANYLATE_CYCLASE_ACTIVATOR_ACTIVITY	-0.24702781813264585			
GSE14415_NATURAL_TREG_VS_TCONV_UP	-0.24703439194926147			
GO_REGULATION_OF_HISTONE_H3_K9_ACETYLATION	-0.24703783945674057			
GO_REGULATION_OF_MITOTIC_CENTROSOME_SEPARATION	-0.24703879287863856			
GSE27786_LSK_VS_NKCELL_DN	-0.247040176966598			
KUUSELO_PANCREATIC_CANCER_19Q13_AMPLIFICATION	-0.24705351250490218			
GO_SARCOPLASMIC_RETICULUM_CALCIUM_ION_TRANSPORT	-0.2470593418995433			
GSE22601_DOUBLE_NEGATIVE_VS_CD4_SINGLE_POSITIVE_THYMOCYTE_DN	-0.2470663701556269			
GO_DNA_CLAMP_LOADER_ACTIVITY	-0.247072880068933			
GO_7SK_SNRNA_BINDING	-0.24707319724722662			
GO_POSITIVE_REGULATION_OF_ATTACHMENT_OF_SPINDLE_MICROTUBULES_TO_KINETOCHORE	-0.24707707168065005			
IPA_FOXP1_UP	-0.24708001590522002			
GO_EXECUTION_PHASE_OF_APOPTOSIS	-0.24709840272149355			
GO_RESPONSE_TO_AUDITORY_STIMULUS	-0.2471039717048629			
GO_REGULATION_OF_EOSINOPHIL_MIGRATION	-0.24711523806475463			
GSE12845_NAIVE_VS_PRE_GC_TONSIL_BCELL_DN	-0.24711864573439854			
GO_POSITIVE_REGULATION_OF_MACROPHAGE_ACTIVATION	-0.24712932595814624			
GSE3982_CTRL_VS_LPS_48H_DC_UP	-0.24713445302049722			
GO_THO_COMPLEX	-0.24718206968364584			
GO_REGULATION_OF_SODIUM_PROTON_ANTIPORTER_ACTIVITY	-0.2471853472084102			
GSE13547_WT_VS_ZFX_KO_BCELL_ANTI_IGM_STIM_2H_DN	-0.24718711047712166			
MIR582_5P	-0.2471964263794782			
GSE1432_CTRL_VS_IFNG_6H_MICROGLIA_UP	-0.24720456632564064			
GO_N_GLYCAN_PROCESSING	-0.2472539067929787			
GO_RESPIRATORY_CHAIN_COMPLEX_III	-0.24725980282042834			
GSE17580_UNINFECTED_VS_S_MANSONI_INF_TEFF_UP	-0.24728562564954387			
GSE27786_CD8_TCELL_VS_NKTCELL_UP	-0.24729030706664448			
REN_ALVEOLAR_RHABDOMYOSARCOMA_UP	-0.2472955041597897			
FUNG_IL2_TARGETS_WITH_STAT5_BINDING_SITES_T1	-0.24729703533372274			
GO_COMPLEMENT_COMPONENT_C1Q_COMPLEX_BINDING	-0.24732660799419792			
IPA_IL18_UP	-0.24732942022395388			
GO_KICSTOR_COMPLEX	-0.2473513568847694			
GO_DENDRITIC_TRANSPORT	-0.2473518756116207			
MIR335_5P	-0.247356822085555			
MIR6745	-0.24736028593670412			
GO_PROTON_TRANSPORTING_TWO_SECTOR_ATPASE_COMPLEX_ASSEMBLY	-0.2473605720479396			
BIOCARTA_TCAPOPTOSIS_PATHWAY	-0.24736960665155933			
IPA_KLF13_DN	-0.24739665146579845			
TONKS_TARGETS_OF_RUNX1_RUNX1T1_FUSION_SUSTAINED_IN_MONOCYTE_DN	-0.24740316317794758			
chr1p11	-0.24740415105579183			
CIZ_01	-0.2474174410815863			
NKX61_01	-0.24742579748369464			
E2F1_UP.V1_UP	-0.24742675599293973			
GO_REGULATION_OF_CARDIAC_MUSCLE_CONTRACTION_BY_CALCIUM_ION_SIGNALING	-0.24743453637936888			
GO_RESPONSE_TO_HISTAMINE	-0.24744307919212466			
chr7p13	-0.24745893328379867			
DR3_Q4	-0.24746557817547593			
GSE27291_6H_VS_7D_STIM_GAMMADELTA_TCELL_UP	-0.2474678169970006			
GSE19941_UNSTIM_VS_LPS_AND_IL10_STIM_IL10_KO_NFKBP50_KO_MACROPHAGE_UP	-0.24746850334994705			
MIR26A_1_3P	-0.24747360545844585			
REACTOME_NS1_MEDIATED_EFFECTS_ON_HOST_PATHWAYS	-0.24749271285414118			
VANHARANTA_UTERINE_FIBROID_WITH_7Q_DELETION_UP	-0.24749641883746631			
chr16p12	-0.24756720591170545			
GSE14000_TRANSLATED_RNA_VS_MRNA_4H_LPS_DC_UP	-0.24756950743281514			
IPA_KLF15_UP	-0.24758163338918493			
chr19q13	-0.2475852314149251			
BRACHAT_RESPONSE_TO_METHOTREXATE_DN	-0.24761993266702623			
BILBAN_B_CLL_LPL_UP	-0.24762639103977443			
GSE13485_CTRL_VS_DAY3_YF17D_VACCINE_PBMC_DN	-0.24763571455693917			
GO_TRANSCRIPTION_COUPLED_NUCLEOTIDE_EXCISION_REPAIR	-0.24765207676425863			
REACTOME_PHOSPHOLIPASE_C_MEDIATED_CASCADE_FGFR2	-0.24765403264854602			
GO_CONDENSED_CHROMOSOME_CENTROMERIC_REGION	-0.24765899208591155			
GO_POSITIVE_REGULATION_OF_NEUTROPHIL_MIGRATION	-0.24768251524733428			
GO_POLY_A_BINDING	-0.2477066765310539			
GO_NEUROMUSCULAR_SYNAPTIC_TRANSMISSION	-0.2477073841208597			
REACTOME_ACTIVATION_OF_KAINATE_RECEPTORS_UPON_GLUTAMATE_BINDING	-0.24770898041534875			
GSE17186_NAIVE_VS_CD21HIGH_TRANSITIONAL_BCELL_UP	-0.24771326387020598			
GSE33162_UNTREATED_VS_4H_LPS_STIM_HDAC3_KO_MACROPHAGE_UP	-0.24771553724370737			
GSE22886_NAIVE_VS_MEMORY_TCELL_DN	-0.24772089256389704			
GO_PHOSPHATIDYLINOSITOL_BISPHOSPHATE_PHOSPHATASE_ACTIVITY	-0.247725454492585			
GO_POSITIVE_REGULATION_OF_DIGESTIVE_SYSTEM_PROCESS	-0.2477301686084717			
JIANG_AGING_HYPOTHALAMUS_UP	-0.24774108615630633			
CP2_01	-0.24774463891799198			
GO_TRANSCRIPTION_FACTOR_TFTC_COMPLEX	-0.24776191682543464			
GO_HIPPOCAMPUS_DEVELOPMENT	-0.2477693044132166			
MIR6763_5P	-0.24777522511891864			
GO_CENTRAL_REGION_OF_GROWTH_CONE	-0.2477777038005795			
PLASARI_TGFB1_TARGETS_10HR_DN	-0.2477859178726146			
IPA_NFATC3_DN	-0.247799279447074			
REACTOME_SMALL_INTERFERING_RNA_SIRNA_BIOGENESIS	-0.2478104244773705			
GSE5589_WT_VS_IL10_KO_LPS_AND_IL6_STIM_MACROPHAGE_45MIN_DN	-0.24783802377706454			
RAAGNYNNCTTY_UNKNOWN	-0.24784090131400371			
GO_REGULATION_OF_CONNECTIVE_TISSUE_REPLACEMENT	-0.24784393157487358			
MIR4672	-0.247853654029698			
REACTOME_ACYL_CHAIN_REMODELING_OF_CL	-0.24785868253414164			
GROSS_HYPOXIA_VIA_ELK3_ONLY_DN	-0.24785991509591904			
MIR8075	-0.2478738998843286			
REACTOME_DNA_REPLICATION_INITIATION	-0.24787749684415278			
MEF2_03	-0.24787757444346384			
BIOCARTA_NFAT_PATHWAY	-0.24789276652882575			
REACTOME_DEGRADATION_OF_CYSTEINE_AND_HOMOCYSTEINE	-0.24790882938509945			
GSE1460_CORD_VS_ADULT_BLOOD_NAIVE_CD4_TCELL_DN	-0.24791933264062194			
GSE14308_TH1_VS_NAIVE_CD4_TCELL_UP	-0.24792796595499805			
GSE3982_NKCELL_VS_TH2_UP	-0.2479305548835662			
GSE29617_CTRL_VS_DAY3_TIV_FLU_VACCINE_PBMC_2008_UP	-0.24794422742068228			
GO_REGULATION_OF_CAMP_MEDIATED_SIGNALING	-0.24794448717709086			
IPA_NFE2_DN	-0.2479570063196759			
NIKOLSKY_BREAST_CANCER_19Q13.1_AMPLICON	-0.2479582392959856			
SP1_Q6	-0.24796623404135532			
GO_NEGATIVE_REGULATION_OF_MAST_CELL_ACTIVATION_INVOLVED_IN_IMMUNE_RESPONSE	-0.24797779142523968			
REACTOME_ACETYLCHOLINE_NEUROTRANSMITTER_RELEASE_CYCLE	-0.2480012665788059			
REACTOME_LAGGING_STRAND_SYNTHESIS	-0.24800127645554415			
PID_P53_REGULATION_PATHWAY	-0.2480192450012051			
BAKER_HEMATOPOESIS_STAT1_TARGETS	-0.24804597114771576			
MIR6806_3P	-0.2480803460555754			
GO_RESPONSE_TO_GLUCAGON	-0.24808605740934736			
GO_GROWTH_HORMONE_RECEPTOR_BINDING	-0.24809514598009333			
GO_REGULATION_OF_NAD_P_H_OXIDASE_ACTIVITY	-0.24810214136935313			
BYSTRYKH_SCP2_QTL	-0.24810573564856153			
MIR4438	-0.2481063601258051			
GO_NEGATIVE_REGULATION_OF_INTERLEUKIN_1_BETA_SECRETION	-0.24811270814131298			
GO_MAGNESIUM_DEPENDENT_PROTEIN_SERINE_THREONINE_PHOSPHATASE_ACTIVITY	-0.24812792731974395			
GO_NUCLEOTIDE_TRANSMEMBRANE_TRANSPORTER_ACTIVITY	-0.2481533794632975			
MIR485_3P	-0.24815450684628776			
TCTGATA_MIR361	-0.24815879543491592			
GO_EMBRYONIC_DIGESTIVE_TRACT_MORPHOGENESIS	-0.24819305337414524			
CHNG_MULTIPLE_MYELOMA_HYPERPLOID_UP	-0.2481990392349655			
GO_GLYCEROLIPID_CATABOLIC_PROCESS	-0.24820847116590458			
GO_TELOMERE_MAINTENANCE_VIA_RECOMBINATION	-0.2482244689550476			
MIR192_5P	-0.24822768503740944			
GO_POSITIVE_REGULATION_OF_GENE_EXPRESSION_EPIGENETIC	-0.24823688456287296			
NUTT_GBM_VS_AO_GLIOMA_DN	-0.24825207502540206			
TAATAAT_MIR126	-0.2482550523895881			
NAKAMURA_ADIPOGENESIS_LATE_UP	-0.24825514781529387			
MIR548AN	-0.2482761996527069			
IPA_ILF3_UP	-0.24827755264984072			
GSE26495_NAIVE_VS_PD1HIGH_CD8_TCELL_UP	-0.24827906063329536			
GSE3691_IFN_PRODUCING_KILLER_DC_VS_CONVENTIONAL_DC_SPLEEN_DN	-0.24829298033657915			
GSE3691_CONVENTIONAL_VS_PLASMACYTOID_DC_SPLEEN_UP	-0.24829355276869908			
GCTGAGT_MIR5125P	-0.24830151088253563			
GO_RESPONSE_TO_GROWTH_HORMONE	-0.2483054652334123			
LET_7A_2_3P	-0.2483056155150965			
LET_7G_3P	-0.2483056155150965			
GO_PROSTAGLANDIN_E_RECEPTOR_ACTIVITY	-0.2483321148894468			
MIR137_3P	-0.2483381007449336			
MIR4536_3P	-0.24834736393659784			
GSE42021_CD24HI_VS_CD24LOW_TREG_THYMUS_UP	-0.2483492888258305			
ZNF184_TARGET_GENES	-0.24835357056875798			
chr4q34	-0.24835653418774123			
MIR3119	-0.24836409759740152			
MIR1287_3P	-0.24840316209809452			
BIOCARTA_IL17_PATHWAY	-0.24840345282559628			
GO_ADENYLATE_CYCLASE_INHIBITING_G_PROTEIN_COUPLED_GLUTAMATE_RECEPTOR_SIGNALING_PATHWAY	-0.2484197145161129			
MIR548AD_3P	-0.24842048180409468			
GO_PROTEIN_MODIFICATION_BY_SMALL_PROTEIN_CONJUGATION_OR_REMOVAL	-0.2484251142156133			
IPA_NR1H3_UP	-0.24843732580058955			
GO_ARGININE_TRANSPORT	-0.24844077258070432			
GO_DEOXYRIBOSE_PHOSPHATE_BIOSYNTHETIC_PROCESS	-0.248450064388771			
MIR1271_3P	-0.24847196117503179			
GO_REGULATION_OF_NATURAL_KILLER_CELL_DIFFERENTIATION_INVOLVED_IN_IMMUNE_RESPONSE	-0.24847933826913768			
GSE33425_CD161_HIGH_VS_INT_CD8_TCELL_DN	-0.24848229632475727			
GO_TOLL_SIGNALING_PATHWAY	-0.24849231342357503			
E2A_Q2	-0.2485114996152451			
MIR6132	-0.24852819978240792			
GSE32423_CTRL_VS_IL4_MEMORY_CD8_TCELL_UP	-0.24853817385193033			
GO_MESENCHYME_MORPHOGENESIS	-0.24854503466365915			
GO_NEGATIVE_REGULATION_OF_SMALL_MOLECULE_METABOLIC_PROCESS	-0.24854661745234402			
REACTOME_DIGESTION_OF_DIETARY_CARBOHYDRATE	-0.24856507445702225			
GO_CYCLIC_NUCLEOTIDE_MEDIATED_SIGNALING	-0.24858003860023115			
MIR4423_3P	-0.24859261843902325			
GO_REGULATION_OF_DNA_REPAIR	-0.24860441136981878			
GSE36888_UNTREATED_VS_IL2_TREATED_STAT5_AB_KNOCKIN_TCELL_2H_DN	-0.24860795818480058			
GO_NEGATIVE_REGULATION_OF_CD4_POSITIVE_ALPHA_BETA_T_CELL_DIFFERENTIATION	-0.24860887831459277			
THEODOROU_MAMMARY_TUMORIGENESIS	-0.24862024549900713			
IPA_HES1_UP	-0.24862067387788725			
GO_REGULATION_OF_MITOTIC_CYTOKINESIS	-0.24862493898062182			
REACTOME_MITOCHONDRIAL_FATTY_ACID_BETA_OXIDATION_OF_UNSATURATED_FATTY_ACIDS	-0.24862498947315073			
REACTOME_ACTIVATED_PKN1_STIMULATES_TRANSCRIPTION_OF_AR_ANDROGEN_RECEPTOR_REGULATED_GENES_KLK2_AND_KLK3	-0.24863931073116213			
GSE37605_C57BL6_VS_NOD_FOXP3_FUSION_GFP_TCONV_DN	-0.24864281345571337			
IPA_MIER1_DN	-0.24864493916755645			
GO_RESPONSE_TO_POTASSIUM_ION	-0.24865235620575424			
GO_REGULATION_OF_CELL_COMMUNICATION_BY_ELECTRICAL_COUPLING_INVOLVED_IN_CARDIAC_CONDUCTION	-0.24868558198690166			
GO_NEGATIVE_REGULATION_OF_RIG_I_SIGNALING_PATHWAY	-0.24869572161877934			
HEY2_TARGET_GENES	-0.24871928079756264			
MIR600	-0.2487205448239048			
HFH1_01	-0.24872263466783012			
MIR218_2_3P	-0.24875878847043617			
NIKOLSKY_BREAST_CANCER_8P12_P11_AMPLICON	-0.24876262194766183			
GO_NEGATIVE_REGULATION_OF_BONE_DEVELOPMENT	-0.2487643682617877			
GO_TRNA_BINDING	-0.2487648378992216			
GO_UBIQUITIN_LIKE_MODIFIER_ACTIVATING_ENZYME_ACTIVITY	-0.24877582367855036			
AGGTGCA_MIR500	-0.24877931225394354			
REACTOME_POSTMITOTIC_NUCLEAR_PORE_COMPLEX_NPC_REFORMATION	-0.24878791470101774			
GSE17721_0.5H_VS_12H_PAM3CSK4_BMDC_UP	-0.24881168041933222			
GO_PROTEIN_HETEROTRIMERIZATION	-0.24881256625344875			
GSE19888_ADENOSINE_A3R_INH_PRETREAT_AND_ACT_BY_A3R_VS_TCELL_MEMBRANES_ACT_MAST_CELL_UP	-0.24882331595438903			
GO_CLATHRIN_SCULPTED_GAMMA_AMINOBUTYRIC_ACID_TRANSPORT_VESICLE_MEMBRANE	-0.2488339356716579			
MIR657	-0.2488420064340787			
AREB6_04	-0.2488566120402356			
YCATTAA_UNKNOWN	-0.2488625639679741			
MIR5696	-0.2489006590088034			
GO_POSITIVE_REGULATION_OF_CARDIAC_MUSCLE_CELL_DIFFERENTIATION	-0.24890609164394345			
GO_PROTEIN_SUMOYLATION	-0.248908376865644			
GO_CLATHRIN_COATED_ENDOCYTIC_VESICLE	-0.24891457265554642			
IPA_JMJD6_UP	-0.24892159330989075			
IPA_WHSC1L1_UP	-0.24892159330989075			
GO_HISTONE_ARGININE_METHYLATION	-0.248930125766587			
REACTOME_TRANSCRIPTION_OF_THE_HIV_GENOME	-0.24893583091839774			
GO_POSITIVE_REGULATION_OF_LIPID_METABOLIC_PROCESS	-0.2489401386572897			
MIR6758_5P	-0.24894636451158628			
GSE45365_HEALTHY_VS_MCMV_INFECTION_CD8_TCELL_IFNAR_KO_UP	-0.24894686602344662			
GO_HIGH_VOLTAGE_GATED_CALCIUM_CHANNEL_ACTIVITY	-0.24894966452625775			
MIR876_5P	-0.24895231390263978			
GO_STORE_OPERATED_CALCIUM_CHANNEL_ACTIVITY	-0.248953864803818			
IPF1_Q4	-0.24896342761569734			
MYLLYKANGAS_AMPLIFICATION_HOT_SPOT_24	-0.24896795106095357			
GO_G_PROTEIN_COUPLED_ACETYLCHOLINE_RECEPTOR_SIGNALING_PATHWAY	-0.2490011067234127			
MIR1266_5P	-0.24900787889671594			
GO_NEGATIVE_REGULATION_OF_EXTRACELLULAR_MATRIX_ORGANIZATION	-0.24902727692480492			
GSE17721_POLYIC_VS_PAM3CSK4_24H_BMDC_DN	-0.24904178719486272			
GO_CIRCADIAN_SLEEP_WAKE_CYCLE_SLEEP	-0.24905492438457472			
MIR3167	-0.2490609466249631			
IPA_HOXA9_DN	-0.24906948329268103			
GO_CARDIAC_ATRIUM_DEVELOPMENT	-0.2490882627788534			
GREENBAUM_E2A_TARGETS_DN	-0.2491020551420214			
GO_NEGATIVE_REGULATION_OF_EPITHELIAL_CELL_PROLIFERATION_INVOLVED_IN_PROSTATE_GLAND_DEVELOPMENT	-0.24910826304458136			
GO_NEGATIVE_REGULATION_OF_RNA_CATABOLIC_PROCESS	-0.24911233895563528			
GSE24142_EARLY_THYMIC_PROGENITOR_VS_DN2_THYMOCYTE_ADULT_DN	-0.2491125803998978			
MIR2278	-0.24911399576926338			
MIR491_5P	-0.2491147529856904			
GO_POSITIVE_REGULATION_OF_RESPONSE_TO_EXTERNAL_STIMULUS	-0.24911950965716187			
REACTOME_CASPASE_ACTIVATION_VIA_DEPENDENCE_RECEPTORS_IN_THE_ABSENCE_OF_LIGAND	-0.24912128906469078			
IPA_PTTG1_UP	-0.24914952266901327			
MIR8084	-0.24916587277865407			
OCT1_01	-0.24916864854197585			
CTTGTAT_MIR381	-0.24917735176133632			
GSE22501_PERIPHERAL_BLOOD_VS_CORD_BLOOD_TREG_DN	-0.24918164440795187			
REACTOME_NETRIN_MEDIATED_REPULSION_SIGNALS	-0.24919029422329292			
OHASHI_AURKA_TARGETS	-0.24920751008945916			
MIR519D_5P	-0.24921014713070985			
PAX6_01	-0.24921395637253463			
GSE22611_MUTANT_NOD2_VS_CTRL_TRANSDUCED_HEK293T_CELL_DN	-0.24924192991880456			
GO_REGULATION_OF_CARDIAC_MUSCLE_CELL_DIFFERENTIATION	-0.24927362526054747			
MIR122_3P	-0.2492884354091758			
GSE3039_CD4_TCELL_VS_B1_BCELL_UP	-0.24929785919787964			
HSF4_TARGET_GENES	-0.2493039245717295			
GO_ADENOSINE_METABOLIC_PROCESS	-0.2493312509729254			
IPA_PTTG1_DN	-0.24933369655714582			
GO_MEMBRANE_DISRUPTION_IN_OTHER_ORGANISM	-0.24933652377420606			
GSE21546_WT_VS_ELK1_KO_ANTI_CD3_STIM_DP_THYMOCYTES_DN	-0.2493393176833163			
GSE40685_NAIVE_CD4_TCELL_VS_TREG_UP	-0.24933977177308916			
GSE25087_TREG_VS_TCONV_ADULT_UP	-0.2493448085937181			
REACTOME_ACTIVATION_OF_SMO	-0.24935204607069517			
GO_INTERLEUKIN_10_BIOSYNTHETIC_PROCESS	-0.24935436102803818			
GO_5_3_EXONUCLEASE_ACTIVITY	-0.249360297312595			
ZNF419_TARGET_GENES	-0.24936490200590666			
GO_REGULATION_OF_LEUKOCYTE_CHEMOTAXIS	-0.24937241632295695			
GO_NEGATIVE_REGULATION_OF_TRANSCRIPTION_REGULATORY_REGION_DNA_BINDING	-0.24939258558794997			
ZNF781_TARGET_GENES	-0.24939766921865145			
GSE19888_CTRL_VS_TCELL_MEMBRANES_ACT_MAST_CELL_PRETREAT_A3R_INH_DN	-0.24940164467428907			
MIR4728_3P	-0.24941457662302555			
GSE28130_ACTIVATED_VS_INDUCEED_TREG_UP	-0.24941787992699854			
GO_OXYGEN_CARRIER_ACTIVITY	-0.249436161192241			
GSE36888_UNTREATED_VS_IL2_TREATED_TCELL_2H_UP	-0.24945281201673788			
GO_SIALYLTRANSFERASE_ACTIVITY	-0.24946690336007332			
GO_SIALYLATION	-0.24946690336007332			
GO_NUCLEAR_PORE_NUCLEAR_BASKET	-0.24946745032622866			
MCCLUNG_COCAINE_REWARD_5D	-0.24947795775927203			
GO_REGULATION_OF_HELICASE_ACTIVITY	-0.2494839209931335			
GO_PARAXIAL_MESODERM_FORMATION	-0.249496752612131			
KEGG_CELL_CYCLE	-0.2495133134428177			
REACTOME_NUCLEAR_ENVELOPE_BREAKDOWN	-0.24952061654783458			
GSE42021_CD24INT_TREG_VS_CD24INT_TCONV_THYMUS_DN	-0.24952955871476484			
GO_SPECTRIN_BINDING	-0.24953415799501458			
IPA_CHAF1A_UP	-0.2495359250893364			
GO_POSTSYNAPTIC_SPECIALIZATION_MEMBRANE	-0.24955178200163414			
GSE7460_TREG_VS_TCONV_ACT_DN	-0.2495618876856333			
GO_RESPONSE_TO_BACTERIUM	-0.24956772435608393			
REACTOME_INTERLEUKIN_12_FAMILY_SIGNALING	-0.2495744195588995			
TCCCRNNRTGC_UNKNOWN	-0.2495913235511988			
GO_PATTERN_RECOGNITION_RECEPTOR_SIGNALING_PATHWAY	-0.24959147596499892			
IPA_ZFPM1_UP	-0.24960259770064844			
GO_RESPONSE_TO_ANTIMETABOLITE	-0.24963333355959078			
IPA_E2F6_UP	-0.2496368041623943			
GO_MAST_CELL_DIFFERENTIATION	-0.24964416233891912			
TAKADA_GASTRIC_CANCER_COPY_NUMBER_DN	-0.24965139628098043			
GRE_C	-0.2496525929561882			
GO_RESPONSE_TO_ACETYLCHOLINE	-0.249670758923111			
BIOCARTA_G2_PATHWAY	-0.24967851916221284			
KEGG_LONG_TERM_POTENTIATION	-0.24971620273393205			
GO_RNA_ADENYLYLTRANSFERASE_ACTIVITY	-0.24972110027481836			
REN_BOUND_BY_E2F	-0.2497411221245957			
GSE5542_UNTREATED_VS_IFNA_AND_IFNG_TREATED_EPITHELIAL_CELLS_6H_DN	-0.24975790310101323			
GO_NEGATIVE_REGULATION_OF_ANDROGEN_RECEPTOR_SIGNALING_PATHWAY	-0.24978869216951607			
GSE22935_UNSTIM_VS_24H_MBOVIS_BCG_STIM_MYD88_KO_MACROPHAGE_DN	-0.24979232626786999			
GSE15330_LYMPHOID_MULTIPOTENT_VS_PRO_BCELL_DN	-0.24979584780629246			
BLUM_RESPONSE_TO_SALIRASIB_DN	-0.24980623254350337			
GO_DNA_LIGATION_INVOLVED_IN_DNA_REPAIR	-0.24983023649265326			
GSE5099_MONOCYTE_VS_CLASSICAL_M1_MACROPHAGE_DN	-0.24983560121663279			
MIR765	-0.24983768078605018			
GSE27786_CD8_TCELL_VS_ERYTHROBLAST_UP	-0.24985107676366772			
REACTOME_NEUROTOXICITY_OF_CLOSTRIDIUM_TOXINS	-0.24985352851830886			
RREB1_01	-0.2498545057904502			
GO_TETRAHYDROFOLATE_METABOLIC_PROCESS	-0.24987377077440873			
GSE44649_NAIVE_VS_ACTIVATED_CD8_TCELL_MIR155_KO_DN	-0.24988075387472355			
GO_SENSORY_PERCEPTION_OF_TEMPERATURE_STIMULUS	-0.2498902290090404			
REACTOME_NEGATIVE_EPIGENETIC_REGULATION_OF_RRNA_EXPRESSION	-0.24990429376701326			
GO_INTERLEUKIN_4_SECRETION	-0.24990570228936154			
GSE17721_POLYIC_VS_CPG_8H_BMDC_UP	-0.24992539459627644			
GO_NUCLEAR_TRANSPORT	-0.2499409949179589			
SHIN_B_CELL_LYMPHOMA_CLUSTER_1	-0.24995668773701726			
GO_REGULATION_OF_BONE_DEVELOPMENT	-0.2499574312789317			
GO_PHOSPHATIDYLINOSITOL_3_KINASE_SIGNALING	-0.24996180556448466			
MYLLYKANGAS_AMPLIFICATION_HOT_SPOT_16	-0.2499624960751866			
GO_REGULATION_OF_DNA_DUPLEX_UNWINDING	-0.24996531394754934			
GO_HOMOSERINE_METABOLIC_PROCESS	-0.24996601914656966			
IRITANI_MAD1_TARGETS_DN	-0.24997457225588984			
GO_PRESYNAPTIC_MEMBRANE_ORGANIZATION	-0.24997510355752284			
chr15q11	-0.2500091799871586			
BERTUCCI_MEDULLARY_VS_DUCTAL_BREAST_CANCER_UP	-0.25001090558209943			
IPA_ZBTB17_DN	-0.2500119149606444			
IPA_ZBTB17_UP	-0.2500119149606444			
GSE6259_FLT3L_INDUCED_33D1_POS_DC_VS_BCELL_UP	-0.2500219213855741			
GO_CELLULAR_RESPONSE_TO_ELECTRICAL_STIMULUS	-0.2500247401045138			
GO_INTERLEUKIN_2_BIOSYNTHETIC_PROCESS	-0.25004253093190676			
GO_ESTABLISHMENT_OF_PROTEIN_LOCALIZATION_TO_ENDOPLASMIC_RETICULUM	-0.2500453653381562			
GO_MEIOTIC_CELL_CYCLE	-0.2500579531983942			
chr14q11	-0.250065801634151			
REACTOME_NUCLEAR_PORE_COMPLEX_NPC_DISASSEMBLY	-0.25007676751176794			
GSE20198_UNTREATED_VS_IFNA_TREATED_ACT_CD4_TCELL_DN	-0.2500807407613705			
GO_AORTA_MORPHOGENESIS	-0.2500895990288183			
GSE24026_PD1_LIGATION_VS_CTRL_IN_ACT_TCELL_LINE_UP	-0.25009627093101156			
GO_DNA_GEOMETRIC_CHANGE	-0.25010296366640794			
REACTOME_SUMO_IS_PROTEOLYTICALLY_PROCESSED	-0.25012437182948427			
IPA_LMO1_DN	-0.25012514164301464			
GO_CATALYTIC_STEP_1_SPLICEOSOME	-0.25014488435581983			
GO_CHANGES_TO_DNA_METHYLATION_INVOLVED_IN_EMBRYO_DEVELOPMENT	-0.25015937244696845			
HEDVAT_ELF4_TARGETS_UP	-0.2501660997540001			
chr8p11	-0.2501729162269972			
KEGG_PEROXISOME	-0.25018371732563066			
GO_THIAMINE_CONTAINING_COMPOUND_METABOLIC_PROCESS	-0.2501845850062951			
GSE33424_CD161_HIGH_VS_NEG_CD8_TCELL_DN	-0.25019151828933733			
GO_GLOMERULUS_MORPHOGENESIS	-0.2502092951175642			
CAFFAREL_RESPONSE_TO_THC_24HR_3_UP	-0.250215413234423			
GO_TELOMERE_MAINTENANCE_IN_RESPONSE_TO_DNA_DAMAGE	-0.25023878214337153			
GO_RESPONSE_TO_INTERFERON_GAMMA	-0.2502477291451835			
CHESLER_BRAIN_D6MIT150_QTL_CIS	-0.25025612282983634			
GO_LIMBIC_SYSTEM_DEVELOPMENT	-0.25028727487345015			
MIR4636	-0.2502957155040271			
GSE39916_B_CELL_SPLEEN_VS_PLASMA_CELL_BONE_MARROW_UP	-0.2503147039670918			
EGUCHI_CELL_CYCLE_RB1_TARGETS	-0.2503212592424915			
GSE3691_IFN_PRODUCING_KILLER_DC_VS_PLASMACYTOID_DC_SPLEEN_UP	-0.2503277006235666			
GO_POSITIVE_REGULATION_OF_LIPID_BIOSYNTHETIC_PROCESS	-0.2503353431022055			
GO_MANNOSYL_OLIGOSACCHARIDE_MANNOSIDASE_ACTIVITY	-0.2503392661589497			
IPA_IRF1_DN	-0.2503395687966456			
E2F1_Q4	-0.25034722695666506			
GO_RENAL_CONTROL_OF_PERIPHERAL_VASCULAR_RESISTANCE_INVOLVED_IN_REGULATION_OF_SYSTEMIC_ARTERIAL_BLOOD_PRESSURE	-0.2503577304197947			
PAX8_01	-0.250368769508958			
MIR4524A_3P	-0.2503733967956657			
GO_LEUKOTRIENE_BIOSYNTHETIC_PROCESS	-0.2503764622074293			
MIR3922_3P	-0.2503843199220465			
GO_MEMBRANE_RAFT_LOCALIZATION	-0.2503959660075249			
GO_NETRIN_RECEPTOR_ACTIVITY	-0.25040138982833926			
GO_RESPONSE_TO_UV	-0.25040231011065023			
MIR6873_3P	-0.2504040726295237			
GO_POSITIVE_REGULATION_OF_MHC_CLASS_I_BIOSYNTHETIC_PROCESS	-0.25040777796048247			
MIR6852_5P	-0.25041616298196306			
MCBRYAN_TERMINAL_END_BUD_DN	-0.25046362807956946			
MIR520G_5P	-0.25047041124871905			
REACTOME_DEPOSITION_OF_NEW_CENPA_CONTAINING_NUCLEOSOMES_AT_THE_CENTROMERE	-0.2504973574113569			
GO_CELLULAR_RESPONSE_TO_DNA_DAMAGE_STIMULUS	-0.25050084439064346			
GO_TRNA_PROCESSING	-0.2505027364937153			
MIR6836_5P	-0.250504661248439			
GO_UBIQUITIN_DEPENDENT_ENDOCYTOSIS	-0.25051183271132876			
GO_POSITIVE_REGULATION_OF_ACTIN_CYTOSKELETON_REORGANIZATION	-0.25052114201748027			
chr8p23	-0.25053604609959185			
MIR4658	-0.25055260737548496			
IPA_CEBPD_DN	-0.25055501729513946			
REACTOME_SIGNALING_BY_PDGFR_IN_DISEASE	-0.25056063089406566			
GSE22886_UNSTIM_VS_IL2_STIM_NKCELL_DN	-0.2505618537424177			
GO_H3_HISTONE_ACETYLTRANSFERASE_COMPLEX	-0.2505748205865105			
JDP2_TARGET_GENES	-0.25058679746269574			
SMTTTTGT_UNKNOWN	-0.25060599853091015			
GO_HISTAMINE_TRANSPORT	-0.25062129613884615			
MIR448	-0.2506297677009825			
GO_OXYSTEROL_BINDING	-0.2506317926128137			
REACTOME_FORMATION_OF_TC_NER_PRE_INCISION_COMPLEX	-0.25064360007337055			
GO_ISOCITRATE_METABOLIC_PROCESS	-0.25068728392098116			
GSE21360_NAIVE_VS_TERTIARY_MEMORY_CD8_TCELL_DN	-0.25069505046074464			
IPA_RPA2_UP	-0.250696198658138			
KEGG_VEGF_SIGNALING_PATHWAY	-0.2506974358451094			
BANDRES_RESPONSE_TO_CARMUSTIN_WITHOUT_MGMT_48HR_UP	-0.2507013991429613			
MATHEW_FANCONI_ANEMIA_GENES	-0.250701662472631			
MIR3662	-0.2507525657191145			
GO_ACETYL_COA_C_ACYLTRANSFERASE_ACTIVITY	-0.2507719880021005			
GO_PHOSPHATIDYLINOSITOL_BIOSYNTHETIC_PROCESS	-0.2507788542493935			
GO_BLOOD_VESSEL_ENDOTHELIAL_CELL_DIFFERENTIATION	-0.25078233505150155			
REACTOME_TNFS_BIND_THEIR_PHYSIOLOGICAL_RECEPTORS	-0.25080048783740316			
GSE43863_NAIVE_VS_MEMORY_TH1_CD4_TCELL_D150_LCMV_DN	-0.2508434090955204			
GO_REGULATION_OF_MULTI_ORGANISM_PROCESS	-0.2508439251436453			
GSE27859_DC_VS_CD11C_INT_F480_HI_MACROPHAGE_UP	-0.25086092321894243			
GSE25087_FETAL_VS_ADULT_TREG_DN	-0.2508759312456105			
GO_SYNAPSIS	-0.2508810869017621			
GO_PURINE_DEOXYRIBONUCLEOTIDE_CATABOLIC_PROCESS	-0.2509044300713574			
GO_TRNA_METHYLATION	-0.2509141952482254			
DAIRKEE_CANCER_PRONE_RESPONSE_E2	-0.25092546580981634			
FRASOR_RESPONSE_TO_SERM_OR_FULVESTRANT_DN	-0.2509508306072147			
BIOCARTA_ARF_PATHWAY	-0.2509509509211259			
REACTOME_SYNTHESIS_OF_PIPS_AT_THE_LATE_ENDOSOME_MEMBRANE	-0.25096613671919615			
GO_REGULATION_OF_COHESIN_LOADING	-0.25097109977270715			
ARP1_01	-0.2509915793711445			
GO_MISMATCH_REPAIR_COMPLEX_BINDING	-0.2510112368296141			
POMEROY_MEDULLOBLASTOMA_DESMOPLASIC_VS_CLASSIC_DN	-0.2510141312072367			
IPA_TFDP2_UP	-0.25101459904594314			
GO_REGULATION_OF_FEEDING_BEHAVIOR	-0.2510225806503394			
GSE4984_GALECTIN1_VS_LPS_STIM_DC_UP	-0.25103358793034947			
GSE16385_ROSIGLITAZONE_IL4_VS_IFNG_TNF_STIM_MACROPHAGE_UP	-0.2510426906362455			
MIR3928_5P	-0.25104416510548894			
IPA_KLF1_UP	-0.25104475260302156			
WEBER_METHYLATED_HCP_IN_FIBROBLAST_DN	-0.2510508449917427			
GO_OLFACTORY_BULB_INTERNEURON_DEVELOPMENT	-0.2510560152009684			
GSE15659_CD45RA_NEG_CD4_TCELL_VS_ACTIVATED_TREG_DN	-0.25105693550161107			
GO_RNA_POLYADENYLATION	-0.25106395929521935			
MIR11181_3P	-0.25106420933045515			
GO_SNRNA_PROCESSING	-0.25108036881091483			
GO_NUCLEOSIDE_TRANSMEMBRANE_TRANSPORTER_ACTIVITY	-0.25108188816273347			
REACTOME_REGULATION_OF_PTEN_MRNA_TRANSLATION	-0.2511032547541301			
GO_PERICHROMATIN_FIBRILS	-0.2511080390627157			
REACTOME_TELOMERE_EXTENSION_BY_TELOMERASE	-0.2511128943129459			
chr2p14	-0.2511130445251946			
WCAANNNYCAG_UNKNOWN	-0.2511197915700217			
HSD17B8_TARGET_GENES	-0.25112854252808925			
MIR215_5P	-0.2511310958438726			
GSE37532_TREG_VS_TCONV_PPARG_KO_CD4_TCELL_FROM_LN_UP	-0.2511325029756083			
GO_ENDORIBONUCLEASE_ACTIVITY	-0.25114084680693327			
GSE21360_PRIMARY_VS_QUATERNARY_MEMORY_CD8_TCELL_DN	-0.2511555068246455			
GO_HEMOGLOBIN_COMPLEX	-0.2511651149800385			
GO_C_TERMINAL_PROTEIN_AMINO_ACID_MODIFICATION	-0.2511676584590627			
HAEGERSTRAND_RESPONSE_TO_IMATINIB	-0.2511718977251115			
KEGG_ONE_CARBON_POOL_BY_FOLATE	-0.25117277889143086			
GSE45739_UNSTIM_VS_ACD3_ACD28_STIM_WT_CD4_TCELL_DN	-0.25119620468739357			
GO_VOLTAGE_GATED_SODIUM_CHANNEL_ACTIVITY	-0.2512203427591491			
MZF1_01	-0.25122722753851134			
GSE21546_WT_VS_SAP1A_KO_AND_ELK1_KO_ANTI_CD3_STIM_DP_THYMOCYTES_DN	-0.25122740579611763			
GO_PRIMARY_AMINO_COMPOUND_BIOSYNTHETIC_PROCESS	-0.25122913577576994			
GO_PEPTIDYL_ARGININE_N_METHYLATION	-0.2512474539964835			
GO_PROTEIN_ARGININE_N_METHYLTRANSFERASE_ACTIVITY	-0.2512474539964835			
GO_POSITIVE_REGULATION_OF_RECEPTOR_SIGNALING_PATHWAY_VIA_STAT	-0.2512815148102742			
GO_POSITIVE_REGULATION_OF_SECRETION	-0.25128290144354865			
GSE17721_POLYIC_VS_CPG_4H_BMDC_UP	-0.25128524320194173			
GO_MEIOTIC_SISTER_CHROMATID_SEGREGATION	-0.2512900079932357			
IPA_SPIB_UP	-0.2512939882302719			
GSE3982_DC_VS_TH1_DN	-0.25130007645950286			
MIKKELSEN_MEF_ICP_WITH_H3K4ME3_AND_H3K27ME3	-0.2513303020133132			
GSE27786_LIN_NEG_VS_NKCELL_DN	-0.25133844930998095			
GO_NEGATIVE_REGULATION_OF_CHROMOSOME_SEGREGATION	-0.25136020554536903			
GO_ATRIAL_SEPTUM_DEVELOPMENT	-0.2513685131797855			
GO_REGULATION_OF_SKELETAL_MUSCLE_CONTRACTION_BY_CALCIUM_ION_SIGNALING	-0.25137442115377606			
KONDO_PROSTATE_CANCER_HCP_WITH_H3K27ME3	-0.2513745674248618			
GO_NEGATIVE_REGULATION_OF_METAPHASE_ANAPHASE_TRANSITION_OF_CELL_CYCLE	-0.25137839409121104			
GO_CHROMOSOME_SEPARATION	-0.2513836073169994			
BIOCARTA_MELANOCYTE_PATHWAY	-0.2514030106984273			
GO_DNA_DAMAGE_INDUCED_PROTEIN_PHOSPHORYLATION	-0.2514093114585417			
ZHAN_MULTIPLE_MYELOMA_CD1_AND_CD2_DN	-0.2514233031366644			
GO_NUCLEOTIDYLTRANSFERASE_ACTIVITY	-0.25144606924327967			
REACTOME_DAG_AND_IP3_SIGNALING	-0.25144618733576235			
GO_REGULATION_OF_POSTSYNAPTIC_MEMBRANE_POTENTIAL	-0.2514522526156245			
GO_PERIPHERAL_NERVOUS_SYSTEM_NEURON_DIFFERENTIATION	-0.25145843136351126			
IPA_BARHL2_UP	-0.2514676584862818			
GO_REGULATION_OF_SEROTONIN_SECRETION	-0.2514704088248627			
GO_ALPHA_AMYLASE_ACTIVITY_RELEASING_MALTOHEXAOSE	-0.2514813469221164			
GSE5142_CTRL_VS_HTERT_TRANSDUCED_CD8_TCELL_EARLY_PASSAGE_CLONE_DN	-0.2514822809826039			
NAKAMURA_ADIPOGENESIS_EARLY_UP	-0.2514880474173484			
chr2p16	-0.25150721491129635			
MIR4424	-0.2515155027709386			
MIR4251	-0.25151603278768375			
STAT1_02	-0.2515192664567974			
MIKKELSEN_IPS_HCP_WITH_H3_UNMETHYLATED	-0.2515355563933221			
chr18q23	-0.2515566393482071			
GO_DNA_TEMPLATED_TRANSCRIPTION_TERMINATION	-0.2515592105861546			
GO_ATPASE_INHIBITOR_ACTIVITY	-0.2515695627385285			
GSE1791_CTRL_VS_NEUROMEDINU_IN_T_CELL_LINE_12H_UP	-0.25158781272496206			
GO_REGULATION_OF_ACUTE_INFLAMMATORY_RESPONSE_TO_ANTIGENIC_STIMULUS	-0.25161680811652226			
REACTOME_SCAVENGING_OF_HEME_FROM_PLASMA	-0.2516302393644064			
GO_INTERLEUKIN_13_PRODUCTION	-0.2516376412943326			
BROWNE_HCMV_INFECTION_8HR_DN	-0.25164397615263867			
GSE411_UNSTIM_VS_400MIN_IL6_STIM_MACROPHAGE_DN	-0.25165645104050466			
BURTON_ADIPOGENESIS_12	-0.2516691987839158			
REACTOME_TP53_REGULATES_TRANSCRIPTION_OF_DNA_REPAIR_GENES	-0.25167143937599806			
GSE17721_CTRL_VS_GARDIQUIMOD_6H_BMDC_UP	-0.2516737173631994			
MIR548AV_3P	-0.25167441063825596			
MIR3661	-0.2516864220213213			
CROMER_METASTASIS_UP	-0.2516874556274308			
GO_POSTSYNAPTIC_SPECIALIZATION_ORGANIZATION	-0.2517006461234619			
REACTOME_ACTIVATION_OF_IRF3_IRF7_MEDIATED_BY_TBK1_IKK_EPSILON	-0.2517091280524491			
GSE16386_IL4_VS_IL4_AND_ROSIGLITAZONE_STIM_MACROPHAGE_6H_UP	-0.25171572175362256			
MIR10401_5P	-0.2517624842211054			
REACTOME_SUMOYLATION	-0.25177252135744466			
GO_REGULATION_OF_CELL_CYCLE_G1_S_PHASE_TRANSITION	-0.2517837555874385			
MIR4474_5P	-0.2517880800841285			
MIR4329	-0.25180338309246747			
IPA_HES7_UP	-0.25182282366053327			
MIR6825_5P	-0.25183616492371624			
GSE3982_MAC_VS_NEUTROPHIL_LPS_STIM_UP	-0.25184654623548275			
MORI_IMMATURE_B_LYMPHOCYTE_DN	-0.25185150895731845			
MIR655_5P	-0.25185151600790623			
GO_MEMBRANE_REPOLARIZATION_DURING_ATRIAL_CARDIAC_MUSCLE_CELL_ACTION_POTENTIAL	-0.25187950913115825			
GTTATAT_MIR410	-0.2518797871397881			
MIR1231	-0.25189640325367657			
GO_PRE_SNORNP_COMPLEX	-0.25189943590180136			
GSE32423_CTRL_VS_IL7_IL4_MEMORY_CD8_TCELL_UP	-0.25193352367130745			
GO_NUCLEAR_NUCLEOSOME	-0.25193400497025503			
MIR4500	-0.25194040447825566			
GSE5455_HEALTHY_VS_TUMOR_BEARING_MOUSE_SPLEEN_MONOCYTE_UP	-0.25194190642839065			
REACTOME_REVERSIBLE_HYDRATION_OF_CARBON_DIOXIDE	-0.251948368178096			
GSE25087_TREG_VS_TCONV_FETUS_DN	-0.2519519563815545			
GO_N_FORMYL_PEPTIDE_RECEPTOR_ACTIVITY	-0.2519540679141004			
GO_REGULATION_OF_LEUKOCYTE_MIGRATION	-0.25196092101958684			
P53_DN.V2_DN	-0.2519756311428044			
MYC_UP.V1_UP	-0.2519920433905871			
GSE17721_CTRL_VS_CPG_2H_BMDC_UP	-0.25199904566890474			
GO_POSITIVE_REGULATION_OF_REGULATED_SECRETORY_PATHWAY	-0.2520054852273365			
GO_DETECTION_OF_LIGHT_STIMULUS	-0.2520217916600006			
IPA_GTF2I_DN	-0.2520403924589055			
GO_ESTROGEN_BIOSYNTHETIC_PROCESS	-0.25205135258562245			
GO_AMMONIUM_TRANSMEMBRANE_TRANSPORT	-0.2520563434211114			
REACTOME_FICOLINS_BIND_TO_REPETITIVE_CARBOHYDRATE_STRUCTURES_ON_THE_TARGET_CELL_SURFACE	-0.2520578049071501			
GO_CELLULAR_BIOGENIC_AMINE_METABOLIC_PROCESS	-0.2520582084005518			
REACTOME_SYNTHESIS_OF_DIPHTHAMIDE_EEF2	-0.25207628306361557			
GO_ROUNDABOUT_BINDING	-0.2520878741227432			
GSE5542_IFNG_VS_IFNA_AND_IFNG_TREATED_EPITHELIAL_CELLS_6H_UP	-0.2521237206054117			
GSE25088_WT_VS_STAT6_KO_MACROPHAGE_ROSIGLITAZONE_STIM_DN	-0.25212448909375884			
GO_INWARD_RECTIFIER_POTASSIUM_CHANNEL_ACTIVITY	-0.2521297103775979			
GSE21670_UNTREATED_VS_TGFB_IL6_TREATED_CD4_TCELL_DN	-0.25212982640005965			
GSE10239_KLRG1INT_VS_KLRG1HIGH_EFF_CD8_TCELL_DN	-0.252139509804557			
GO_HAPTOGLOBIN_BINDING	-0.2521406195196007			
GO_HOMOLOGOUS_CHROMOSOME_SEGREGATION	-0.25217281798160174			
GGCAGAC_MIR346	-0.25220026685508096			
MIR4505	-0.2522007057413057			
chr7q32	-0.252206601932353			
TFDP2_TARGET_GENES	-0.2522088805556584			
GSE22432_CDC_VS_COMMON_DC_PROGENITOR_DN	-0.2522226190461839			
GO_MONOAMINE_TRANSPORT	-0.25223571159296			
GO_RNA_POLYMERASE_II_ACTIVITY	-0.25225594841932947			
GO_MAMMARY_GLAND_FORMATION	-0.25225884923723274			
MIR218_5P	-0.2522694439589342			
REACTOME_DOWNSTREAM_SIGNALING_OF_ACTIVATED_FGFR2	-0.25227650958518794			
FISCHER_DREAM_TARGETS	-0.25227920456035113			
MCM3_TARGET_GENES	-0.252283480799629			
GSE46606_UNSTIM_VS_CD40L_IL2_IL5_DAY3_STIMULATED_BCELL_UP	-0.2522835301947453			
GR_Q6	-0.2522903898866583			
GSE27859_CD11C_INT_F480_HI_MACROPHAGE_VS_CD11C_ING_F480_INT_DC_DN	-0.25230331264237554			
PID_MYC_ACTIV_PATHWAY	-0.25230351251324756			
GSE17974_IL4_AND_ANTI_IL12_VS_UNTREATED_1H_ACT_CD4_TCELL_UP	-0.2523255062290736			
GSE29618_LAIV_VS_TIV_FLU_VACCINE_DAY7_MDC_UP	-0.2523257749093029			
MIR4727_5P	-0.25232812933420606			
MIR20A_3P	-0.2523409245996472			
IPA_IKZF3_DN	-0.25235981631554016			
IPA_IKZF4_UP	-0.25235981631554016			
PRC1_BMI_UP.V1_DN	-0.25237273068114585			
PRC2_EED_UP.V1_DN	-0.2523745880391963			
MZF1_02	-0.2523995002176287			
MIR1182	-0.25241083560136557			
GSE19923_WT_VS_HEB_KO_DP_THYMOCYTE_DN	-0.25242695049701563			
AC118549_1_TARGET_GENES	-0.25244710877468773			
GO_EXON_EXON_JUNCTION_COMPLEX	-0.2524501763351784			
GSE13887_RESTING_VS_ACT_CD4_TCELL_DN	-0.2524504287639302			
IPA_JUP_DN	-0.2524545145324069			
GSE7831_1H_VS_4H_CPG_STIM_PDC_UP	-0.25246566319733227			
GO_NUCLEAR_TRANSCRIBED_MRNA_POLY_A_TAIL_SHORTENING	-0.2524770682317852			
GO_CYCLIC_NUCLEOTIDE_PHOSPHODIESTERASE_ACTIVITY	-0.2524982159543098			
REACTOME_CHREBP_ACTIVATES_METABOLIC_GENE_EXPRESSION	-0.2525184570497271			
GO_PHAGOLYSOSOME_ASSEMBLY	-0.25251882538979986			
GSE5589_IL6_KO_VS_IL10_KO_LPS_AND_IL6_STIM_MACROPHAGE_45MIN_UP	-0.2525193496403848			
GSE2770_UNTREATED_VS_ACT_CD4_TCELL_6H_UP	-0.252521110381115			
ALONSO_METASTASIS_DN	-0.25253045999829604			
PTEN_DN.V1_UP	-0.2525431926544702			
SPIELMAN_LYMPHOBLAST_EUROPEAN_VS_ASIAN_DN	-0.25256650153426763			
GSE17721_LPS_VS_PAM3CSK4_6H_BMDC_UP	-0.2525738718656248			
IPA_NEUROD4_UP	-0.2525831144617986			
GO_POSITIVE_REGULATION_OF_LEUKOCYTE_MIGRATION	-0.2525836602508417			
MIR6077	-0.25259193014801384			
MIR4665_5P	-0.25260033539165716			
GO_U4_SNRNA_3_END_PROCESSING	-0.2526008974789511			
GO_POSITIVE_REGULATION_OF_SYNAPTIC_TRANSMISSION_DOPAMINERGIC	-0.2526275832455997			
TGACAGNY_MEIS1_01	-0.25262808238016754			
GSE22886_NAIVE_CD4_TCELL_VS_NKCELL_DN	-0.2526351787903737			
GO_SENSORY_PERCEPTION_OF_TASTE	-0.2526489010045013			
GO_CELLULAR_RESPONSE_TO_LEUCINE	-0.25265152857045386			
GSE32986_CURDLAN_LOWDOSE_VS_GMCSF_AND_CURDLAN_LOWDOSE_STIM_DC_UP	-0.2526610302865698			
GO_METANEPHRIC_LOOP_OF_HENLE_DEVELOPMENT	-0.2526663952451279			
GO_GLYCINE_TRANSMEMBRANE_TRANSPORTER_ACTIVITY	-0.2526902859266051			
GO_HYDROLASE_ACTIVITY_ACTING_ON_GLYCOSYL_BONDS	-0.25269457207708396			
chr4q12	-0.25270016927556166			
IPA_GSX2_DN	-0.2527164082797458			
MIR628_3P	-0.25272817312300255			
GO_HAPTOGLOBIN_HEMOGLOBIN_COMPLEX	-0.25274193902399444			
GSE14000_4H_VS_16H_LPS_DC_DN	-0.25274239102545404			
GO_NEGATIVE_REGULATION_OF_MITOPHAGY	-0.25277092315256666			
GO_TRANSLATION_INITIATION_FACTOR_ACTIVITY	-0.2527758990640525			
GO_ATRIOVENTRICULAR_CANAL_DEVELOPMENT	-0.25278610173552596			
GSE33162_UNTREATED_VS_4H_LPS_STIM_HDAC3_KO_MACROPHAGE_DN	-0.2527866292182286			
LET_7F_5P	-0.252790046860817			
GO_MAST_CELL_MIGRATION	-0.252793436912596			
MIR1229_3P	-0.2527999504412685			
THUM_SYSTOLIC_HEART_FAILURE_UP	-0.25282683551621066			
ZIC1_01	-0.2528764878520683			
GSE17721_PAM3CSK4_VS_GADIQUIMOD_8H_BMDC_DN	-0.2528805354205287			
GO_POSITIVE_REGULATION_OF_CELL_MATURATION	-0.25289283579492927			
MIR6766_5P	-0.2529120611690756			
ZNF211_TARGET_GENES	-0.25292077429774124			
GSE37533_UNTREATED_VS_PIOGLIZATONE_TREATED_CD4_TCELL_PPARG2_AND_FOXP3_TRASDUCED_UP	-0.25292445118931745			
CDC5L_TARGET_GENES	-0.2529364651353716			
GO_COCHLEA_MORPHOGENESIS	-0.25293770862899206			
chr6p21	-0.25294188089190434			
MIR181A_2_3P	-0.2529586499191171			
GSE15930_NAIVE_VS_48H_IN_VITRO_STIM_IFNAB_CD8_TCELL_DN	-0.25296336257926505			
LET_7B_5P	-0.25300749080962714			
MIR5195_5P	-0.2530176539768057			
GO_INTERLEUKIN_12_RECEPTOR_BINDING	-0.2530405539969997			
GSE26495_PD1HIGH_VS_PD1LOW_CD8_TCELL_DN	-0.2530619574669846			
ASXL2_TARGET_GENES	-0.2530630528492746			
GO_UNIPLEX_COMPLEX	-0.2530684330621525			
GO_DRUG_TRANSPORT	-0.2530903687408052			
GO_REGULATION_OF_BARBED_END_ACTIN_FILAMENT_CAPPING	-0.25309194970259385			
GO_NEGATIVE_REGULATION_OF_INTERLEUKIN_1_PRODUCTION	-0.2530967483390611			
GSE5542_IFNA_VS_IFNA_AND_IFNG_TREATED_EPITHELIAL_CELLS_24H_UP	-0.2530991139063206			
MIR98_5P	-0.2531044443821652			
GO_MITOCHONDRIAL_GENOME_MAINTENANCE	-0.25313162186444754			
MIR1276	-0.253146558586442			
MIR508_5P	-0.2531582331836847			
MIR431_5P	-0.2531602908723505			
FLOTHO_PEDIATRIC_ALL_THERAPY_RESPONSE_DN	-0.2531645521313356			
LET_7G_5P	-0.2531661058133655			
GO_DEAD_H_BOX_RNA_HELICASE_BINDING	-0.253192887711595			
GO_HISTONE_H3_K9_ACETYLATION	-0.25321085286937023			
IPA_SREBF1_DN	-0.25322810936415796			
GSE33513_TCF7_KO_VS_HET_EARLY_THYMIC_PROGENITOR_DN	-0.25323685550423897			
GO_REGULATION_OF_LYSOSOMAL_LUMEN_PH	-0.25325203860681117			
GSE5589_LPS_VS_LPS_AND_IL6_STIM_IL10_KO_MACROPHAGE_45MIN_UP	-0.25326954110650324			
MIR6757_3P	-0.25327222669602434			
GO_ALPHA_AMINO_ACID_METABOLIC_PROCESS	-0.25328321040565377			
IPA_NKX6-1_DN	-0.25329222108035343			
IPA_MED28_DN	-0.2533201720815123			
GO_POSITIVE_REGULATION_OF_INTEGRIN_ACTIVATION	-0.2533441106150825			
GO_RESPONSE_TO_LIGHT_INTENSITY	-0.25335854683597714			
GO_CARBOXY_LYASE_ACTIVITY	-0.25337223705949097			
GO_HYDROLASE_ACTIVITY_HYDROLYZING_N_GLYCOSYL_COMPOUNDS	-0.25338425458271024			
GO_PHOSPHOLIPID_DEPHOSPHORYLATION	-0.25338465145473443			
chr16p11	-0.2533925243544825			
GO_CARDIOLIPIN_METABOLIC_PROCESS	-0.253393229303797			
GO_NUCLEAR_CHROMOSOME_SEGREGATION	-0.25341240943772375			
GO_SIDE_OF_MEMBRANE	-0.25341882501969554			
LET_7A_5P_LET_7C_5P_LET_7E_5P	-0.2534290144514089			
BIOCARTA_VOBESITY_PATHWAY	-0.2534434277030106			
REACTOME_NUCLEOTIDE_BINDING_DOMAIN_LEUCINE_RICH_REPEAT_CONTAINING_RECEPTOR_NLR_SIGNALING_PATHWAYS	-0.25344432651281246			
REACTOME_SYNTHESIS_OF_PIPS_AT_THE_ER_MEMBRANE	-0.2534572943577662			
GSE3039_CD4_TCELL_VS_ALPHAALPHA_CD8_TCELL_DN	-0.25347044272299923			
ACAGGGT_MIR10A_MIR10B	-0.2534737568700205			
MOREAUX_B_LYMPHOCYTE_MATURATION_BY_TACI_DN	-0.25348207867158495			
GO_NUCLEAR_MIGRATION_ALONG_MICROTUBULE	-0.2534853771405433			
REACTOME_TOLL_LIKE_RECEPTOR_CASCADES	-0.2534886956901633			
GO_NEGATIVE_REGULATION_OF_PROTEIN_DEPHOSPHORYLATION	-0.2534974661989446			
CHOP_01	-0.2534994356273825			
BROWNE_HCMV_INFECTION_30MIN_DN	-0.253502025030339			
REACTOME_GLYCOLYSIS	-0.2535025609648955			
REACTOME_PHASE_0_RAPID_DEPOLARISATION	-0.25350783549026307			
GO_NK_T_CELL_DIFFERENTIATION	-0.25351273298288496			
REACTOME_TRANSCRIPTION_COUPLED_NUCLEOTIDE_EXCISION_REPAIR_TC_NER	-0.253544519367271			
GO_BETA_CATENIN_TCF_COMPLEX	-0.25355429713648187			
IPA_ZNF354C_DN	-0.2535570998966469			
GO_NCRNA_TRANSCRIPTION	-0.2535718154152212			
GO_ACUTE_INFLAMMATORY_RESPONSE_TO_ANTIGENIC_STIMULUS	-0.25357301339487476			
GSE2770_UNTREATED_VS_TGFB_AND_IL4_TREATED_ACT_CD4_TCELL_4H_DN	-0.25357417845224595			
GSE45365_WT_VS_IFNAR_KO_CD8A_DC_MCMV_INFECTION_UP	-0.2535821481220539			
IPA_E2F4_DN	-0.2535829869666325			
MIR488_3P	-0.2536000496568637			
GO_CORTICOTROPIN_RELEASING_HORMONE_RECEPTOR_BINDING	-0.25360590314395176			
MIR4485_5P	-0.2536087493072129			
BONOME_OVARIAN_CANCER_POOR_SURVIVAL_DN	-0.25361273064761486			
LET_7I_5P	-0.2536228953449523			
GO_CELLULAR_RESPONSE_TO_ATP	-0.25363302150198264			
GUTIERREZ_CHRONIC_LYMPHOCYTIC_LEUKEMIA_DN	-0.25363343250350356			
KEGG_INOSITOL_PHOSPHATE_METABOLISM	-0.25364399245666086			
CROONQUIST_NRAS_SIGNALING_UP	-0.253644469847495			
GGGATGC_MIR3245P	-0.2536643728081944			
GSE7548_DAY7_VS_DAY28_PCC_IMMUNIZATION_CD4_TCELL_DN	-0.25366528793612214			
GSE24142_EARLY_THYMIC_PROGENITOR_VS_DN3_THYMOCYTE_ADULT_DN	-0.25368094513772865			
GO_CELLULAR_RESPONSE_TO_RETINOIC_ACID	-0.25370224441238903			
chr3p26	-0.2537133345423197			
GO_MALE_GAMETE_GENERATION	-0.25371887387055175			
IPA_STAT6_DN	-0.25373412981290583			
MIR4275	-0.2537454648827545			
MIR557	-0.25374566095925616			
GSE3400_UNTREATED_VS_IFNB_TREATED_MEF_UP	-0.2537546180804381			
GO_INTERSTRAND_CROSS_LINK_REPAIR	-0.25378117815424905			
GO_ANNULATE_LAMELLAE	-0.2537816286397472			
GARY_CD5_TARGETS_DN	-0.2537837593429585			
MIKKELSEN_ES_HCP_WITH_H3K27ME3	-0.25378576078664355			
GO_HISTONE_ARGININE_N_METHYLTRANSFERASE_ACTIVITY	-0.25379088554768425			
GO_ACTIVATION_OF_INNATE_IMMUNE_RESPONSE	-0.25380153418568197			
DUAN_PRDM5_TARGETS	-0.25380543180838594			
GO_MRNA_5_SPLICE_SITE_RECOGNITION	-0.25380944369292435			
GO_SPERM_ANNULUS	-0.2538113025219212			
GSE15659_NAIVE_CD4_TCELL_VS_ACTIVATED_TREG_UP	-0.2538228475153003			
GO_DRUG_CATABOLIC_PROCESS	-0.25382658042738654			
REACTOME_HOST_INTERACTIONS_OF_HIV_FACTORS	-0.2538299228649424			
GO_POSTSYNAPTIC_SPECIALIZATION_ASSEMBLY	-0.25385201008792874			
GSE25123_IL4_VS_IL4_AND_ROSIGLITAZONE_STIM_PPARG_KO_MACROPHAGE_DAY10_UP	-0.25385222937371854			
PID_FANCONI_PATHWAY	-0.25386901882971535			
BERENJENO_TRANSFORMED_BY_RHOA_FOREVER_UP	-0.253881571584121			
SCHAEFFER_SOX9_TARGETS_IN_PROSTATE_DEVELOPMENT_DN	-0.25388609021098324			
GSE3982_NEUTROPHIL_VS_TH1_UP	-0.25389643833594716			
GSE13522_CTRL_VS_T_CRUZI_G_STRAIN_INF_SKIN_DN	-0.25391214829431713			
MIR6761_5P	-0.2539144041402615			
BIOCARTA_MCM_PATHWAY	-0.2539234621344915			
IPA_NR0B2_DN	-0.25392928910626567			
TAXCREB_02	-0.25393061215615403			
GSE23505_UNTREATED_VS_4DAY_IL6_IL1_IL23_TREATED_CD4_TCELL_UP	-0.2539560726754168			
BOYLAN_MULTIPLE_MYELOMA_PCA1_UP	-0.25396721214490664			
GO_TRICARBOXYLIC_ACID_METABOLIC_PROCESS	-0.2539891005440565			
REACTOME_MET_ACTIVATES_PTPN11	-0.25400912216423555			
GSE17721_CTRL_VS_CPG_24H_BMDC_UP	-0.2540092042957365			
GO_GATOR2_COMPLEX	-0.2540120776129433			
GO_TRANSFERASE_ACTIVITY_TRANSFERRING_ACYL_GROUPS_ACYL_GROUPS_CONVERTED_INTO_ALKYL_ON_TRANSFER	-0.2540194729271219			
GO_ENDODEOXYRIBONUCLEASE_COMPLEX	-0.2540269910129722			
GO_LATERAL_VENTRICLE_DEVELOPMENT	-0.2540333502857757			
GO_INOSITOL_TRISPHOSPHATE_PHOSPHATASE_ACTIVITY	-0.2540345792216326			
BIOCARTA_BBCELL_PATHWAY	-0.2541028894222261			
GO_NEGATIVE_REGULATION_OF_ATP_METABOLIC_PROCESS	-0.2541144089712989			
IPA_FOXF2_DN	-0.2541147354584907			
BOHN_PRIMARY_IMMUNODEFICIENCY_SYNDROM_DN	-0.25412223152373414			
GSE15733_BM_VS_SPLEEN_MEMORY_CD4_TCELL_DN	-0.2541235342321488			
GO_HIGH_DENSITY_LIPOPROTEIN_PARTICLE_REMODELING	-0.2541288445218904			
GERHOLD_ADIPOGENESIS_UP	-0.2541461279429141			
GO_1_PHOSPHATIDYLINOSITOL_4_PHOSPHATE_3_KINASE_ACTIVITY	-0.25415094728823623			
MIR4298	-0.2541573633517341			
GO_ACTIVATION_INDUCED_CELL_DEATH_OF_T_CELLS	-0.25416382051960856			
KEGG_RIBOSOME	-0.25418278626104596			
GO_CHIASMA_ASSEMBLY	-0.254187715417514			
HOLLMANN_APOPTOSIS_VIA_CD40_DN	-0.25419202549978337			
MIR892B	-0.25419542562219544			
REACTOME_TRAF6_MEDIATED_INDUCTION_OF_TAK1_COMPLEX_WITHIN_TLR4_COMPLEX	-0.25419750816954784			
GO_SYMMETRIC_SYNAPSE	-0.2542075062966091			
DISTECHE_ESCAPED_FROM_X_INACTIVATION	-0.25420970050454			
REACTOME_PI_3K_CASCADE_FGFR1	-0.2542189185197122			
ZSCAN4_TARGET_GENES	-0.2542239473396688			
FIGUEROA_AML_METHYLATION_CLUSTER_6_DN	-0.2542286352368827			
GO_5_3_EXODEOXYRIBONUCLEASE_ACTIVITY	-0.2542391901898075			
GSE16450_CTRL_VS_IFNA_12H_STIM_IMMATURE_NEURON_CELL_LINE_UP	-0.2542477293455102			
GO_DETECTION_OF_TEMPERATURE_STIMULUS_INVOLVED_IN_SENSORY_PERCEPTION	-0.254260919218862			
IPA_RELB_UP	-0.25426589837008995			
GSE10147_IL3_VS_IL3_AND_CPG_STIM_PDC_UP	-0.25427598296495957			
GSE12845_IGD_POS_BLOOD_VS_DARKZONE_GC_TONSIL_BCELL_DN	-0.25427787465794793			
GO_TELOMERE_ORGANIZATION	-0.25430083468620346			
GO_REGULATION_OF_SISTER_CHROMATID_COHESION	-0.25430479120590815			
KEGG_HOMOLOGOUS_RECOMBINATION	-0.254309177301103			
DUNNE_TARGETS_OF_AML1_MTG8_FUSION_DN	-0.2543114034583224			
HO_LIVER_CANCER_VASCULAR_INVASION	-0.25431321712319677			
REACTOME_OTHER_INTERLEUKIN_SIGNALING	-0.2543158964475323			
GSE24574_BCL6_HIGH_TFH_VS_TFH_CD4_TCELL_DN	-0.2543281652787204			
GO_POSITIVE_REGULATION_OF_DEFENSE_RESPONSE	-0.2543346348367728			
GO_CELLULAR_DETOXIFICATION	-0.25433739689854185			
GSE21546_ELK1_KO_VS_SAP1A_KO_AND_ELK1_KO_DP_THYMOCYTES_DN	-0.2543451455575408			
GO_ACETYLCHOLINE_GATED_CATION_SELECTIVE_CHANNEL_ACTIVITY	-0.25435364537619426			
MIR5589_5P	-0.25438911627717514			
MIR208B_3P	-0.2544137390281317			
AACWWCAANK_UNKNOWN	-0.2544213270214209			
HOLLEMAN_PREDNISOLONE_RESISTANCE_ALL_UP	-0.2544218059429688			
GO_INTERFERON_GAMMA_MEDIATED_SIGNALING_PATHWAY	-0.25443163803308555			
MIR4279	-0.25443421649157266			
GO_TELOMERE_MAINTENANCE_VIA_SEMI_CONSERVATIVE_REPLICATION	-0.2544441236454087			
GO_BONE_MATURATION	-0.2544475449423802			
KEGG_ANTIGEN_PROCESSING_AND_PRESENTATION	-0.25448162312069506			
BIOCARTA_CPSF_PATHWAY	-0.254489022049851			
IPA_TCF12_DN	-0.25449610476338547			
ZNF329_TARGET_GENES	-0.2544974282814086			
GO_PROTEIN_GERANYLGERANYLTRANSFERASE_ACTIVITY	-0.2545064958216848			
MIR6826_3P	-0.25455169537309474			
TGCAAAC_MIR452	-0.25456092979066774			
IPA_SOX11_UP	-0.25457180455259365			
GO_PYRIMIDINE_NUCLEOSIDE_TRIPHOSPHATE_METABOLIC_PROCESS	-0.2545766715006551			
RRAGTTGT_UNKNOWN	-0.25458752894790626			
BIOCARTA_RB_PATHWAY	-0.254587773334704			
GSE20366_EX_VIVO_VS_HOMEOSTATIC_CONVERSION_TREG_DN	-0.2545883804433317			
GO_SPHINGOSINE_1_PHOSPHATE_RECEPTOR_ACTIVITY	-0.2545926662365696			
GO_RNA_PHOSPHODIESTER_BOND_HYDROLYSIS_EXONUCLEOLYTIC	-0.25461257540955423			
GSE37301_PRO_BCELL_VS_CD4_TCELL_DN	-0.25461738134509215			
chr4q31	-0.25462661530155256			
GO_MITOCHONDRIAL_DNA_REPAIR	-0.25463576742303407			
GO_INTEGRIN_ACTIVATION	-0.25465884558293994			
FAELT_B_CLL_WITH_VH3_21_DN	-0.2546621521930667			
GO_REGULATION_OF_TRANSCRIPTION_BY_RNA_POLYMERASE_III	-0.2546676442287031			
GSE32255_WT_VS_JMJD2D_KNOCKDOWN_4H_LPS_STIM_DC_UP	-0.25466871303796484			
GARGALOVIC_RESPONSE_TO_OXIDIZED_PHOSPHOLIPIDS_TURQUOISE_DN	-0.25467118635737523			
GSE17721_LPS_VS_PAM3CSK4_16H_BMDC_DN	-0.25467237269756404			
GO_RS_DOMAIN_BINDING	-0.25467439891261656			
GSE12845_IGD_NEG_BLOOD_VS_NAIVE_TONSIL_BCELL_UP	-0.2547117000921603			
GSE6259_BCELL_VS_CD4_TCELL_UP	-0.25471504217036417			
REACTOME_GAP_FILLING_DNA_REPAIR_SYNTHESIS_AND_LIGATION_IN_GG_NER	-0.254720567535258			
GSE37605_TREG_VS_TCONV_C57BL6_FOXP3_IRES_GFP_DN	-0.25473371056874017			
MIR212_3P	-0.25475663281506966			
TESAR_ALK_AND_JAK_TARGETS_MOUSE_ES_D4_DN	-0.25475841628287826			
GO_MICROTUBULE_NUCLEATION_BY_MICROTUBULE_ORGANIZING_CENTER	-0.25476312266509266			
GSE13306_TREG_VS_TCONV_SPLEEN_DN	-0.2547668201756504			
GSE2770_UNTREATED_VS_IL4_TREATED_ACT_CD4_TCELL_48H_DN	-0.2547812926342134			
MIR132_3P	-0.2547832474240498			
GO_BASAL_TRANSCRIPTION_MACHINERY_BINDING	-0.2547860558469255			
chr4q24	-0.2547861388210793			
MIR6853_5P	-0.25478642506776306			
GSE7852_THYMUS_VS_FAT_TCONV_UP	-0.25478711517796643			
REACTOME_FANCONI_ANEMIA_PATHWAY	-0.2547883095912705			
GO_SNRNA_METABOLIC_PROCESS	-0.254794786209275			
IPA_PRDM8_DN	-0.25481296863041303			
GO_NEGATIVE_REGULATION_OF_CHROMATIN_BINDING	-0.2548258394376526			
GO_SMOOTH_MUSCLE_CELL_APOPTOTIC_PROCESS	-0.25482734102344984			
MYLLYKANGAS_AMPLIFICATION_HOT_SPOT_25	-0.25482784251988944			
TAXCREB_01	-0.2548285746087924			
GO_PYRIMIDINE_NUCLEOTIDE_CATABOLIC_PROCESS	-0.2548346231247465			
GO_FOREBRAIN_NEURON_FATE_COMMITMENT	-0.25485445654945443			
ATACTGT_MIR144	-0.25485725410270765			
GO_POSITIVE_REGULATION_OF_INTERFERON_ALPHA_PRODUCTION	-0.25487324408930967			
GO_SYNAPSE_MATURATION	-0.25487609188615556			
GO_CHYLOMICRON_ASSEMBLY	-0.25488695653387555			
MYAATNNNNNNNGGC_UNKNOWN	-0.2549090453296778			
GO_HISTONE_DEMETHYLASE_ACTIVITY_H3_K4_SPECIFIC	-0.25492980270062626			
GO_RNA_METHYLTRANSFERASE_ACTIVITY	-0.2549350508733267			
GO_REGULATION_OF_MACROPHAGE_ACTIVATION	-0.2549409552068916			
GO_REGULATION_OF_PHOSPHATASE_ACTIVITY	-0.2549428777389893			
GO_RAN_GTPASE_BINDING	-0.25494480777705547			
GSE17721_LPS_VS_GARDIQUIMOD_16H_BMDC_UP	-0.25496004341559253			
GO_POSITIVE_REGULATION_OF_BEHAVIOR	-0.25496296141017116			
FUNG_IL2_TARGETS_WITH_STAT5_BINDING_SITES	-0.25496340688352104			
GO_STRAND_INVASION	-0.25497395073218804			
GO_OPTIC_NERVE_MORPHOGENESIS	-0.2550118913840822			
WEBER_METHYLATED_HCP_IN_SPERM_UP	-0.25501251422408994			
GO_REGULATION_OF_DEVELOPMENTAL_PIGMENTATION	-0.25505169296740715			
GO_RESPONSE_TO_VITAMIN_A	-0.2550572791520952			
GSE21546_UNSTIM_VS_ANTI_CD3_STIM_DP_THYMOCYTES_DN	-0.25506797333683784			
GSE39110_DAY3_VS_DAY6_POST_IMMUNIZATION_CD8_TCELL_UP	-0.2550776590084162			
KAECH_NAIVE_VS_MEMORY_CD8_TCELL_UP	-0.25510955026474214			
GSE15659_TREG_VS_TCONV_UP	-0.25514124804707394			
GO_HOMOCYSTEINE_METABOLIC_PROCESS	-0.25516173224978334			
chr1q44	-0.25516697423084667			
GO_NEGATIVE_REGULATION_OF_GLIAL_CELL_PROLIFERATION	-0.2551677419325699			
REACTOME_IKK_COMPLEX_RECRUITMENT_MEDIATED_BY_RIP1	-0.25521278126127234			
GSE26559_TCF1_KO_VS_WT_LIN_NEG_CELL_UP	-0.2552167232863457			
MIR3193	-0.25522547920714184			
GO_BONE_MARROW_DEVELOPMENT	-0.25523311900220064			
GSE17721_LPS_VS_PAM3CSK4_6H_BMDC_DN	-0.255249067662196			
GO_POSITIVE_REGULATION_OF_TRIGLYCERIDE_METABOLIC_PROCESS	-0.2552580196963066			
GSE5589_WT_VS_IL10_KO_LPS_STIM_MACROPHAGE_45MIN_UP	-0.2552600858931727			
GSE21380_NON_TFH_VS_GERMINAL_CENTER_TFH_CD4_TCELL_DN	-0.2552744451525042			
GO_POSITIVE_REGULATION_OF_VIRAL_PROCESS	-0.25527740345989225			
GO_SULFUR_AMINO_ACID_BIOSYNTHETIC_PROCESS	-0.2552832378732803			
GSE1432_6H_VS_24H_IFNG_MICROGLIA_DN	-0.2552922469215594			
ATGCTGC_MIR103_MIR107	-0.2552953912220697			
GSE45365_WT_VS_IFNAR_KO_CD11B_DC_UP	-0.25534189067427077			
KONG_E2F3_TARGETS	-0.25535250080503347			
GO_POSITIVE_REGULATION_OF_TRANSCRIPTION_BY_RNA_POLYMERASE_III	-0.2554004691856479			
GO_PHOSPHATIDYLINOSITOL_3_PHOSPHATE_BIOSYNTHETIC_PROCESS	-0.25540315159191046			
GTGTTGA_MIR505	-0.2554208907145351			
GO_AMMONIA_LYASE_ACTIVITY	-0.2554299386475777			
GO_INFLAMMATORY_RESPONSE	-0.2554309757682965			
GO_REPLICATION_BORN_DOUBLE_STRAND_BREAK_REPAIR_VIA_SISTER_CHROMATID_EXCHANGE	-0.2554483153558176			
GSE3982_DC_VS_TH2_DN	-0.255454557349443			
GO_RETROGRADE_TRANSPORT_ENDOSOME_TO_PLASMA_MEMBRANE	-0.2554576170308528			
GO_NEGATIVE_REGULATION_OF_INTERFERON_ALPHA_PRODUCTION	-0.25548210987041686			
GO_PHOSPHATIDYLINOSITOL_MONOPHOSPHATE_PHOSPHATASE_ACTIVITY	-0.2554857661742539			
GO_CYTOPLASMIC_STRESS_GRANULE	-0.2554919915153288			
GO_OXYGEN_HOMEOSTASIS	-0.2555043708108124			
GSE9650_EXHAUSTED_VS_MEMORY_CD8_TCELL_DN	-0.25553038466282346			
ZFP3_TARGET_GENES	-0.25553250603472427			
GO_MYOSIN_LIGHT_CHAIN_BINDING	-0.2555388166063603			
GO_POSITIVE_REGULATION_OF_RHO_PROTEIN_SIGNAL_TRANSDUCTION	-0.255551145592488			
MIR516B_5P	-0.2555588688447396			
REACTOME_G1_S_SPECIFIC_TRANSCRIPTION	-0.2555697366299388			
LEF1_Q6	-0.25558031624195954			
GO_POSITIVE_REGULATION_OF_CELLULAR_EXTRAVASATION	-0.25558270690575874			
GO_ORGANIC_CYCLIC_COMPOUND_CATABOLIC_PROCESS	-0.25559465345433485			
GO_POSITIVE_REGULATION_OF_DEFENSE_RESPONSE_TO_VIRUS_BY_HOST	-0.2555964064388116			
ROSS_ACUTE_MYELOID_LEUKEMIA_CBF	-0.25560286847531644			
REACTOME_PROCESSING_OF_DNA_DOUBLE_STRAND_BREAK_ENDS	-0.25561259278170145			
GSE27786_ERYTHROBLAST_VS_MONO_MAC_DN	-0.2556224168881994			
GO_INTESTINE_SMOOTH_MUSCLE_CONTRACTION	-0.2556485312282936			
GO_SUMO_BINDING	-0.25565882577665067			
GO_INOSITOL_PHOSPHATE_PHOSPHATASE_ACTIVITY	-0.2556598621011858			
GO_MRNA_CLEAVAGE_FACTOR_COMPLEX	-0.25566861296330123			
MIR3156_3P	-0.2556729242316983			
GO_REGULATION_OF_GLUCONEOGENESIS_BY_REGULATION_OF_TRANSCRIPTION_FROM_RNA_POLYMERASE_II_PROMOTER	-0.25568088565910363			
GSE4748_LPS_VS_LPS_AND_CYANOBACTERIUM_LPSLIKE_STIM_DC_3H_DN	-0.2556844351259766			
GO_MRNA_METHYLATION	-0.25569154281376805			
GO_REGULATION_OF_HISTONE_UBIQUITINATION	-0.25570240020846857			
ZNF740_TARGET_GENES	-0.25574480176904857			
KEGG_ASTHMA	-0.2557542997403628			
MIR3135A	-0.2557643623675267			
GO_MEIOTIC_COHESIN_COMPLEX	-0.2557693994534967			
GO_NURF_COMPLEX	-0.2557762339268182			
GATA1_03	-0.2557864148749736			
GO_SCF_COMPLEX_ASSEMBLY	-0.25580978623071043			
GO_NEGATIVE_REGULATION_OF_TRANSCRIPTION_BY_RNA_POLYMERASE_II	-0.25582436963142524			
GO_POSITIVE_REGULATION_OF_DNA_TEMPLATED_TRANSCRIPTION_ELONGATION	-0.25583949256015154			
GSE1448_ANTI_VALPHA2_VS_VBETA5_DP_THYMOCYTE_DN	-0.255845067566824			
GO_WNT_SIGNALING_PATHWAY_CALCIUM_MODULATING_PATHWAY	-0.25584838079759253			
GO_INOSITOL_LIPID_MEDIATED_SIGNALING	-0.2558717374507586			
GO_AROMATIC_AMINO_ACID_FAMILY_METABOLIC_PROCESS	-0.25587834289745803			
GSE13229_IMM_VS_MATURE_NKCELL_UP	-0.25588099126765923			
GO_REGULATION_OF_SUPEROXIDE_METABOLIC_PROCESS	-0.25588368517178633			
MIR4462	-0.25588604780967483			
GO_OOGENESIS	-0.2558871291694646			
GO_MECHANOSENSORY_BEHAVIOR	-0.25589873866847135			
GO_KETONE_BODY_BIOSYNTHETIC_PROCESS	-0.2559014281895499			
REACTOME_NR1H2_AND_NR1H3_MEDIATED_SIGNALING	-0.25590389455364193			
GO_NEGATIVE_REGULATION_OF_STRIATED_MUSCLE_CONTRACTION	-0.25592347880524413			
REACTOME_DNA_DOUBLE_STRAND_BREAK_RESPONSE	-0.25592525035108155			
GO_NEGATIVE_REGULATION_OF_POTASSIUM_ION_TRANSPORT	-0.25592805182957057			
IPA_GCM1_UP	-0.25594568299127046			
GO_NEGATIVE_REGULATION_OF_DIGESTIVE_SYSTEM_PROCESS	-0.2559472426196825			
GO_BRCA1_A_COMPLEX	-0.2559606743892796			
GSE6875_WT_VS_FOXP3_KO_TREG_UP	-0.25597218008882716			
GO_MULTI_ORGANISM_MEMBRANE_FUSION	-0.25598982915469143			
MIR9983_3P	-0.25599409719334776			
LI_CYTIDINE_ANALOGS_CYCTOTOXICITY	-0.25599526541199213			
GO_RESPONSE_TO_EPINEPHRINE	-0.2559956724868627			
GO_ISOCITRATE_DEHYDROGENASE_ACTIVITY	-0.2560031394129974			
YRTCANNRCGC_UNKNOWN	-0.256003673608067			
GO_INTERLEUKIN_23_MEDIATED_SIGNALING_PATHWAY	-0.2560049313003886			
FOXO4_02	-0.25601816639109404			
GO_1_PHOSPHATIDYLINOSITOL_4_PHOSPHATE_5_KINASE_ACTIVITY	-0.25602372298968107			
GO_NEGATIVE_REGULATION_OF_MACROPHAGE_CHEMOTAXIS	-0.2560288368161886			
MIR129_5P	-0.2560474220257519			
MIR297	-0.2560474854035255			
HOXD1_TARGET_GENES	-0.25605570034380015			
GSE22886_NAIVE_VS_IGM_MEMORY_BCELL_DN	-0.2560565287093722			
GO_DOUBLE_STRANDED_TELOMERIC_DNA_BINDING	-0.2560571203312013			
GO_TRANSCRIPTION_FACTOR_TFIIA_COMPLEX	-0.2560593007277341			
MYCMAX_03	-0.2560675698627065			
MYLLYKANGAS_AMPLIFICATION_HOT_SPOT_18	-0.25606892568994044			
GO_SULFUR_AMINO_ACID_METABOLIC_PROCESS	-0.25608785442817894			
GSE9006_HEALTHY_VS_TYPE_1_DIABETES_PBMC_1MONTH_POST_DX_UP	-0.25608955584214027			
GSE3982_EFF_MEMORY_VS_CENT_MEMORY_CD4_TCELL_UP	-0.256094238675254			
GO_PHOSPHATIDYLCHOLINE_STEROL_O_ACYLTRANSFERASE_ACTIVATOR_ACTIVITY	-0.25609576188001765			
GSE37301_LYMPHOID_PRIMED_MPP_VS_RAG2_KO_NK_CELL_DN	-0.25611393321746073			
GSE15330_GRANULOCYTE_MONOCYTE_PROGENITOR_VS_PRO_BCELL_DN	-0.25612595305074093			
GSE21063_WT_VS_NFATC1_KO_3H_ANTI_IGM_STIM_BCELL_DN	-0.2561264787243244			
MIR4297	-0.2561312954438445			
GO_NOREPINEPHRINE_TRANSPORT	-0.25614229796885696			
GO_PHOSPHORYLATION_OF_RNA_POLYMERASE_II_C_TERMINAL_DOMAIN	-0.2561547013905637			
GSE17974_IL4_AND_ANTI_IL12_VS_UNTREATED_0.5H_ACT_CD4_TCELL_UP	-0.2561583097784452			
GO_NUCLEOTIDE_EXCISION_REPAIR_DNA_INCISION	-0.25617759376440075			
GO_UBIQUITIN_LIGASE_COMPLEX	-0.2561792097908605			
GO_POSITIVE_REGULATION_OF_RESPONSE_TO_BIOTIC_STIMULUS	-0.25618468579741355			
GO_CYTOSOLIC_CALCIUM_ION_TRANSPORT	-0.2561848945837725			
GO_POLYOL_BIOSYNTHETIC_PROCESS	-0.2561947726724833			
GO_NCRNA_METABOLIC_PROCESS	-0.25622680872911835			
GO_REGULATION_OF_DNA_REPLICATION	-0.25623590862447354			
KUMAR_TARGETS_OF_MLL_AF9_FUSION	-0.25623924841226264			
GO_OXIDOREDUCTASE_ACTIVITY_ACTING_ON_NAD_P_H_OXYGEN_AS_ACCEPTOR	-0.25624376089733897			
GO_HISTONE_DEMETHYLASE_ACTIVITY_H3_K9_SPECIFIC	-0.2562607419514978			
GO_CHROMOSOME_SEGREGATION	-0.25629660634041396			
GO_DETECTION_OF_BIOTIC_STIMULUS	-0.2563070462753224			
IPA_TCF7_UP	-0.2563136015495914			
REACTOME_RRNA_MODIFICATION_IN_THE_MITOCHONDRION	-0.2563150592218541			
GO_RESPONSE_TO_MOLECULE_OF_BACTERIAL_ORIGIN	-0.25631896068927074			
NIKOLSKY_BREAST_CANCER_12Q24_AMPLICON	-0.25634589419895165			
MIR3120_3P	-0.2563489164963244			
GSE20198_IL12_VS_IL12_IL18_TREATED_ACT_CD4_TCELL_DN	-0.2563493674295694			
KAECH_NAIVE_VS_DAY15_EFF_CD8_TCELL_UP	-0.25635027359077356			
GO_PRE_MRNA_BINDING	-0.25637603931292424			
GO_DEOXYRIBONUCLEOSIDE_MONOPHOSPHATE_BIOSYNTHETIC_PROCESS	-0.2564018106249845			
GSE37532_VISCERAL_ADIPOSE_TISSUE_VS_LN_DERIVED_TREG_CD4_TCELL_DN	-0.2564107056133037			
REACTOME_TP53_REGULATES_TRANSCRIPTION_OF_GENES_INVOLVED_IN_G1_CELL_CYCLE_ARREST	-0.25642597190744315			
GSE40443_INDUCED_VS_TOTAL_TREG_DN	-0.2564302131607112			
GSE22611_NOD2_TRANSDUCED_VS_CTRL_HEK293T_STIMULATED_WITH_MDP_2H_DN	-0.25644121703600253			
REACTOME_MITOCHONDRIAL_FATTY_ACID_BETA_OXIDATION_OF_SATURATED_FATTY_ACIDS	-0.25644393275149563			
BIOCARTA_CK1_PATHWAY	-0.25646188068514014			
GO_CORTICOSPINAL_TRACT_MORPHOGENESIS	-0.2564627021687275			
GATA1_04	-0.2564798428400822			
GO_POSITIVE_REGULATION_OF_TYPE_I_INTERFERON_PRODUCTION	-0.2564832801416201			
FOXM1_01	-0.2565147202533845			
GO_POLE_PLASM	-0.2565147257043511			
GO_C_X_C_CHEMOKINE_BINDING	-0.25655748173368637			
GO_MITOTIC_DNA_REPLICATION	-0.25656356790729			
GO_RNA_POLYMERASE_II_CORE_COMPLEX	-0.25657534892385503			
PCGF6_TARGET_GENES	-0.25659348385362896			
GO_TOLL_LIKE_RECEPTOR_SIGNALING_PATHWAY	-0.25660449364164384			
GO_ACTIVATION_OF_STORE_OPERATED_CALCIUM_CHANNEL_ACTIVITY	-0.2566185502897724			
GO_PURINE_NUCLEOBASE_BIOSYNTHETIC_PROCESS	-0.25662982493452885			
GO_ARGININE_BINDING	-0.25663823776922984			
GSE2405_0H_VS_9H_A_PHAGOCYTOPHILUM_STIM_NEUTROPHIL_UP	-0.2566423596106701			
GSE3982_EOSINOPHIL_VS_BCELL_DN	-0.2566424020284936			
GSE41867_NAIVE_VS_DAY15_LCMV_EFFECTOR_CD8_TCELL_DN	-0.2566599845088711			
chr7q22	-0.2566612634024139			
MIR3189_3P	-0.2566663593995127			
REACTOME_INFECTIOUS_DISEASE	-0.25668852185618213			
GSE4535_BM_DERIVED_DC_VS_FOLLICULAR_DC_DN	-0.2566934262491758			
TAL1ALPHAE47_01	-0.25669460236493835			
GSE27786_CD4_TCELL_VS_MONO_MAC_UP	-0.25669695385817437			
GO_T_CELL_TOLERANCE_INDUCTION	-0.2567724853331422			
GO_RESPONSE_TO_UV_B	-0.25677330967046685			
GO_SUPEROXIDE_ANION_GENERATION	-0.256781819473013			
GO_HISTONE_H3_K27_TRIMETHYLATION	-0.25678851182299833			
MIR10527_5P	-0.256791313492077			
TESAR_ALK_TARGETS_HUMAN_ES_5D_DN	-0.2568122357472923			
GSE14769_40MIN_VS_360MIN_LPS_BMDM_DN	-0.2568137505848223			
TUOMISTO_TUMOR_SUPPRESSION_BY_COL13A1_UP	-0.2568195026732408			
GO_DNA_METHYLTRANSFERASE_ACTIVITY	-0.2568296755911904			
WEST_ADRENOCORTICAL_CARCINOMA_VS_ADENOMA_DN	-0.2568561029987053			
GO_TELETHONIN_BINDING	-0.25686146376777313			
POS_RESPONSE_TO_HISTAMINE_DN	-0.2568707733072945			
GSE43955_1H_VS_42H_ACT_CD4_TCELL_UP	-0.2568801224178012			
GO_CYTOKINE_SECRETION_INVOLVED_IN_IMMUNE_RESPONSE	-0.2568980510324569			
KEGG_PHOSPHATIDYLINOSITOL_SIGNALING_SYSTEM	-0.25694414593012105			
GO_POSITIVE_REGULATION_OF_SKELETAL_MUSCLE_FIBER_DEVELOPMENT	-0.2569500580063527			
CAGGGTC_MIR504	-0.25695740879079826			
MIR4458	-0.25697342352754804			
BIOCARTA_ASBCELL_PATHWAY	-0.2569810469826534			
GO_SKELETAL_MUSCLE_TISSUE_GROWTH	-0.2569905142739094			
GO_REGULATION_OF_PLATELET_ACTIVATION	-0.2570069226802353			
DAIRKEE_CANCER_PRONE_RESPONSE_BPA	-0.2570086677323788			
IPA_NOBOX_UP	-0.25703374244743293			
GSE21927_SPLEEN_VS_4T1_TUMOR_MONOCYTE_BALBC_UP	-0.257059525639447			
GSE2706_LPS_VS_R848_AND_LPS_8H_STIM_DC_UP	-0.25710166106573756			
GSE12845_PRE_GC_VS_DARKZONE_GC_TONSIL_BCELL_UP	-0.2571046428122787			
DARWICHE_PAPILLOMA_RISK_LOW_DN	-0.25712573656783044			
GO_DEOXYRIBONUCLEOSIDE_TRIPHOSPHATE_CATABOLIC_PROCESS	-0.2571296647157874			
BIOCARTA_RNAPOL3_PATHWAY	-0.25713769494883093			
REACTOME_APOPTOSIS_INDUCED_DNA_FRAGMENTATION	-0.25715097218486643			
GO_CELL_DIFFERENTIATION_IN_HINDBRAIN	-0.2571566846674748			
GTATGAT_MIR154_MIR487	-0.25718080071012334			
REACTOME_HIGHLY_CALCIUM_PERMEABLE_POSTSYNAPTIC_NICOTINIC_ACETYLCHOLINE_RECEPTORS	-0.2571833635969594			
TURJANSKI_MAPK14_TARGETS	-0.2571908376758832			
ACAWYAAAG_UNKNOWN	-0.25719680752132507			
GSE17186_CD21LOW_VS_CD21HIGH_TRANSITIONAL_BCELL_UP	-0.25720857161582494			
GO_POSITIVE_REGULATION_OF_MITOCHONDRIAL_DEPOLARIZATION	-0.2572120593710667			
GO_VCP_NPL4_UFD1_AAA_ATPASE_COMPLEX	-0.25722083155208325			
GSE13485_CTRL_VS_DAY21_YF17D_VACCINE_PBMC_UP	-0.25724344939514515			
GO_POSITIVE_REGULATION_OF_INTERFERON_GAMMA_BIOSYNTHETIC_PROCESS	-0.25726863934025856			
URS_ADIPOCYTE_DIFFERENTIATION_UP	-0.25728777555619836			
GSE360_L_MAJOR_VS_B_MALAYI_LOW_DOSE_DC_DN	-0.2572969468325285			
GO_ANTERIOR_HEAD_DEVELOPMENT	-0.2573227278225462			
GO_REGULATION_OF_PROTEIN_LOCALIZATION_TO_CHROMATIN	-0.2573455299702372			
MIR4731_5P	-0.25735446619208646			
GO_HISTONE_H4_K20_METHYLATION	-0.25735449207924327			
GO_AMACRINE_CELL_DIFFERENTIATION	-0.25739231941512614			
GO_SENSORY_PERCEPTION_OF_SOUR_TASTE	-0.25740676692936126			
GO_PEPTIDE_CROSS_LINKING_VIA_CHONDROITIN_4_SULFATE_GLYCOSAMINOGLYCAN	-0.25740786608653343			
GSE1112_OT1_VS_HY_CD8AB_THYMOCYTE_RTOC_CULTURE_DN	-0.25742881907089765			
IPA_RFX1_DN	-0.2574355789872079			
GSE16385_MONOCYTE_VS_MACROPHAGE_DN	-0.25744164446666556			
GO_NUCLEAR_TRANSCRIBED_MRNA_CATABOLIC_PROCESS_EXONUCLEOLYTIC_3_5	-0.2574450861398596			
REACTOME_TBC_RABGAPS	-0.25744802173627845			
IPA_H2AFZ_UP	-0.2574511905557521			
TCCAGAG_MIR518C	-0.2574531102508357			
ZNF410_TARGET_GENES	-0.2574608658115592			
GO_REGULATION_OF_LYMPHOCYTE_CHEMOTAXIS	-0.25746771030994176			
REACTOME_CA2_PATHWAY	-0.25746921047792054			
GO_BONE_MINERALIZATION	-0.25749217409068836			
REACTOME_HIGHLY_SODIUM_PERMEABLE_POSTSYNAPTIC_ACETYLCHOLINE_NICOTINIC_RECEPTORS	-0.25749895732650524			
CTR9_TARGET_GENES	-0.2575017871094779			
GSE27786_LSK_VS_CD4_TCELL_UP	-0.2575215733913606			
GO_DNA_DEPENDENT_DNA_REPLICATION_MAINTENANCE_OF_FIDELITY	-0.2575311504227286			
GO_CYTOPLASMIC_EXOSOME_RNASE_COMPLEX	-0.25753359334249903			
GO_POSITIVE_REGULATION_OF_MUSCLE_HYPERTROPHY	-0.25753709512868883			
GSE15930_STIM_VS_STIM_AND_IL12_24H_CD8_T_CELL_UP	-0.2575372703179633			
GO_NEGATIVE_REGULATION_OF_RECEPTOR_MEDIATED_ENDOCYTOSIS	-0.2575471489184843			
IPA_HIST1H1T_UP	-0.25754937249273807			
GO_INTERLEUKIN_12_BIOSYNTHETIC_PROCESS	-0.2575686158030011			
MIR3074_5P	-0.25758089124808614			
REACTOME_MITOCHONDRIAL_CALCIUM_ION_TRANSPORT	-0.25758971336094394			
MEIS1_01	-0.2575987478650193			
GO_DIPEPTIDASE_ACTIVITY	-0.2576205056731635			
REACTOME_PI_3K_CASCADE_FGFR2	-0.25763145460489467			
IPA_PA2G4_DN	-0.25763753599516065			
STARK_BRAIN_22Q11_DELETION	-0.257644492060938			
GO_REGULATION_OF_CHROMATIN_BINDING	-0.2576591924220044			
WU_SILENCED_BY_METHYLATION_IN_BLADDER_CANCER	-0.2576981252787015			
GO_RESPONSE_TO_AMINE	-0.2576996569692575			
GO_CYTOSOLIC_RIBOSOME	-0.25771000114768927			
GSE1112_OT1_VS_HY_CD8AB_THYMOCYTE_RTOC_CULTURE_UP	-0.2577100274773997			
TGCGCANK_UNKNOWN	-0.2577211137253192			
GO_REGULATION_OF_DEFENSE_RESPONSE	-0.25772745336811087			
GO_INTRACILIARY_TRANSPORT_PARTICLE_B_BINDING	-0.2577404920423079			
POU3F2_02	-0.2577690456273524			
GO_NEGATIVE_REGULATION_OF_REGULATED_SECRETORY_PATHWAY	-0.2577828478951807			
MIR34B_3P	-0.25779454280500297			
IPA_RCOR1_DN	-0.25780349266182234			
VANDESLUIS_NORMAL_EMBRYOS_DN	-0.25783049309488604			
MIR146B_3P	-0.25784044806505996			
GO_LIPID_ANTIGEN_BINDING	-0.2578419455400445			
GO_ANTIGEN_PROCESSING_AND_PRESENTATION_ENDOGENOUS_LIPID_ANTIGEN_VIA_MHC_CLASS_IB	-0.2578419455400445			
GO_PERIKARYON	-0.2578611427780959			
GO_TETRAHYDROFOLATE_BIOSYNTHETIC_PROCESS	-0.2578628865325627			
GOLDRATH_EFF_VS_MEMORY_CD8_TCELL_DN	-0.2578658233281224			
KEGG_RENIN_ANGIOTENSIN_SYSTEM	-0.25787383014629467			
IPA_HLF_UP	-0.25787580620257294			
OCT1_Q5_01	-0.2579047521182501			
GSE26030_TH1_VS_TH17_RESTIMULATED_DAY15_POST_POLARIZATION_DN	-0.25790513998801906			
ZNF260_TARGET_GENES	-0.25791523698334223			
IPA_ELF3_UP	-0.25792448396526085			
GO_POSITIVE_REGULATION_OF_SMOOTH_MUSCLE_CELL_APOPTOTIC_PROCESS	-0.25796532729778915			
GSE17721_POLYIC_VS_GARDIQUIMOD_8H_BMDC_UP	-0.25797383494284143			
LINDSTEDT_DENDRITIC_CELL_MATURATION_D	-0.2580031329328306			
GO_INOSITOL_1_3_4_5_TETRAKISPHOSPHATE_5_PHOSPHATASE_ACTIVITY	-0.25800731053545206			
GSE34006_UNTREATED_VS_A2AR_AGONIST_TREATED_TREG_UP	-0.2580179536009917			
GO_U1_SNRNA_BINDING	-0.2580220514853661			
MIR6790_5P	-0.258022298719886			
MIR5787	-0.25804734147990593			
IPA_ING1_UP	-0.25804939128470705			
GSE13946_CTRL_VS_DSS_COLITIS_GD_TCELL_FROM_COLON_DN	-0.2580774113579932			
REACTOME_CA_DEPENDENT_EVENTS	-0.2580775815624756			
GO_MUTLALPHA_COMPLEX_BINDING	-0.25807898455924105			
GO_METHYLOSOME	-0.2580894637465455			
REACTOME_HDR_THROUGH_MMEJ_ALT_NHEJ	-0.25810917697302077			
GO_NEGATIVE_REGULATION_OF_FIBROBLAST_MIGRATION	-0.2581099207367885			
GO_T_CELL_APOPTOTIC_PROCESS	-0.25812811157015936			
GO_POLYSOME	-0.258163652011768			
GO_L_ARGININE_TRANSPORT	-0.25816872271140145			
GSE31082_DP_VS_CD8_SP_THYMOCYTE_UP	-0.25817537969619975			
GO_NEGATIVE_REGULATION_OF_B_CELL_MEDIATED_IMMUNITY	-0.2581886744468062			
GSE18791_CTRL_VS_NEWCASTLE_VIRUS_DC_8H_UP	-0.258194580735958			
MIR10398_5P	-0.2582025187099145			
GO_CHROMAFFIN_GRANULE_MEMBRANE	-0.25820350134630043			
REACTOME_BASE_EXCISION_REPAIR_AP_SITE_FORMATION	-0.258299574577316			
REACTOME_INFLAMMASOMES	-0.25830355867584576			
GSE8384_CTRL_VS_B_ABORTUS_4H_MAC_CELL_LINE_UP	-0.2583144497430812			
GSE22140_HEALTHY_VS_ARTHRITIC_GERMFREE_MOUSE_CD4_TCELL_UP	-0.2583178972045985			
GSE46606_DAY1_VS_DAY3_CD40L_IL2_IL5_STIMULATED_BCELL_DN	-0.2583457251086613			
MIR5189_3P	-0.25834864549748987			
MIR635	-0.2583524895204943			
REACTOME_DOWNSTREAM_SIGNALING_OF_ACTIVATED_FGFR1	-0.25835702794866977			
GO_MACROPHAGE_INFLAMMATORY_PROTEIN_1_ALPHA_PRODUCTION	-0.2583613635955988			
GO_BRAINSTEM_DEVELOPMENT	-0.25838210169379444			
IPA_ATF4_DN	-0.25839304000067526			
GO_ARP2_3_COMPLEX_MEDIATED_ACTIN_NUCLEATION	-0.25844351743686034			
IPA_DMTF1_UP	-0.2584679762978982			
GSE5589_LPS_VS_LPS_AND_IL10_STIM_IL6_KO_MACROPHAGE_180MIN_UP	-0.25848375922184186			
MIR6748_5P	-0.25849240355705094			
GSE17974_CTRL_VS_ACT_IL4_AND_ANTI_IL12_72H_CD4_TCELL_UP	-0.25849857578427476			
KEGG_COLORECTAL_CANCER	-0.2585038549490907			
GO_PROTEIN_MONOUBIQUITINATION	-0.25851375616587596			
GO_RNA_INTERFERENCE	-0.25851661936221276			
GSE14769_UNSTIM_VS_60MIN_LPS_BMDM_UP	-0.25851706881345693			
GO_DEOXYRIBONUCLEOTIDE_METABOLIC_PROCESS	-0.25852294422539784			
GO_CULLIN_RING_UBIQUITIN_LIGASE_COMPLEX	-0.25854216685236636			
GO_ANTERIOR_POSTERIOR_AXON_GUIDANCE	-0.25855316905596565			
GO_PROPRIOCEPTION	-0.2585669090589133			
GSE17721_CTRL_VS_CPG_8H_BMDC_UP	-0.25857217745613803			
GO_MEMBRANE_RAFT_DISTRIBUTION	-0.25859363010121833			
GO_REGULATION_OF_ANTIGEN_PROCESSING_AND_PRESENTATION_OF_PEPTIDE_ANTIGEN	-0.25860068207346937			
chr13q13	-0.25860155361676995			
REACTOME_INFLUENZA_INFECTION	-0.2586238035194067			
REACTOME_EXPORT_OF_VIRAL_RIBONUCLEOPROTEINS_FROM_NUCLEUS	-0.25862634963655307			
GSE40274_IRF4_VS_FOXP3_AND_IRF4_TRANSDUCED_ACTIVATED_CD4_TCELL_UP	-0.25862707586774014			
GO_H3_HISTONE_ACETYLTRANSFERASE_ACTIVITY	-0.25864008273307365			
IPA_HEYL_UP	-0.2586401742658979			
REACTOME_TRNA_PROCESSING	-0.2586478196550461			
GO_INTRINSIC_COMPONENT_OF_POSTSYNAPTIC_MEMBRANE	-0.25866042739598155			
GO_NEGATIVE_REGULATION_OF_MACROPHAGE_MIGRATION	-0.25866346963948533			
BENPORATH_MYC_MAX_TARGETS	-0.2586646595718868			
GO_NEURON_CELL_CELL_ADHESION	-0.25868488190944783			
GO_CYTOPLASMIC_SIDE_OF_MEMBRANE	-0.2586912892757994			
GSE2935_UV_INACTIVATED_VS_LIVE_SENDAI_VIRUS_INF_MACROPHAGE_DN	-0.25870457487203247			
YGCGYRCGC_UNKNOWN	-0.25871319847048163			
GTCAGGA_MIR378	-0.2587138340518126			
REACTOME_MECP2_REGULATES_NEURONAL_RECEPTORS_AND_CHANNELS	-0.25872093320374245			
GO_PROTEIN_ANTIGEN_BINDING	-0.2587408044863833			
IPA_PAX8_UP	-0.258741459776189			
GO_ADENYLATE_CYCLASE_ACTIVATING_DOPAMINE_RECEPTOR_SIGNALING_PATHWAY	-0.25875077756223064			
GSE15659_NAIVE_CD4_TCELL_VS_RESTING_TREG_UP	-0.25875176438859016			
GO_SNORNA_LOCALIZATION	-0.2587694356927418			
GO_RIBONUCLEOPROTEIN_COMPLEX_BIOGENESIS	-0.2587729967100087			
GSE21360_SECONDARY_VS_QUATERNARY_MEMORY_CD8_TCELL_DN	-0.25877817598285113			
GO_TRANSLATION_REPRESSOR_ACTIVITY_MRNA_REGULATORY_ELEMENT_BINDING	-0.25878130144293937			
SA_MMP_CYTOKINE_CONNECTION	-0.2587882561713015			
GSE12845_IGD_NEG_BLOOD_VS_PRE_GC_TONSIL_BCELL_DN	-0.25879389968815564			
GO_RNA_DEPENDENT_ATPASE_ACTIVITY	-0.2587946958656382			
GSE37532_TREG_VS_TCONV_PPARG_KO_CD4_TCELL_FROM_LN_DN	-0.2588021062735248			
BIOCARTA_MEF2D_PATHWAY	-0.2588044047278797			
GO_LEUKOCYTE_CHEMOTAXIS	-0.2588044699996187			
GTACAGG_MIR486	-0.2588204404187956			
GO_MANNOSE_METABOLIC_PROCESS	-0.2588257773260578			
GSE25088_CTRL_VS_ROSIGLITAZONE_STIM_STAT6_KO_MACROPHAGE_DN	-0.25883111219714144			
GO_PURINE_NUCLEOSIDE_CATABOLIC_PROCESS	-0.2588346738201554			
GO_G_PROTEIN_COUPLED_GLUTAMATE_RECEPTOR_ACTIVITY	-0.25884027441605156			
GO_OXIDIZED_DNA_BINDING	-0.25884069062046483			
XU_HGF_SIGNALING_NOT_VIA_AKT1_48HR_DN	-0.2588406986557553			
GO_DETECTION_OF_TEMPERATURE_STIMULUS	-0.25885353816273926			
GO_NEGATIVE_REGULATION_OF_INTERLEUKIN_10_PRODUCTION	-0.2588574977548605			
MIR642B_5P	-0.2588954458691619			
GSE360_CTRL_VS_L_MAJOR_MAC_UP	-0.25891929338465386			
MIR4654	-0.25892707158663353			
GO_NUCLEOTIDE_EXCISION_REPAIR_DNA_GAP_FILLING	-0.258941348774575			
GO_POSITIVE_REGULATION_OF_NITRIC_OXIDE_SYNTHASE_BIOSYNTHETIC_PROCESS	-0.2589461234709695			
MIR619_3P	-0.25894805699740775			
GO_PROTEIN_LOCALIZATION_TO_CHROMATIN	-0.2589749012295099			
GO_LEUKOCYTE_MIGRATION	-0.2589859555066019			
PLASARI_TGFB1_SIGNALING_VIA_NFIC_1HR_UP	-0.2590276170742237			
GO_AMMONIUM_TRANSPORT	-0.2590327476578911			
GO_EXOCYTIC_PROCESS	-0.25905191883842077			
GSE22140_GERMFREE_VS_SPF_ARTHRITIC_MOUSE_CD4_TCELL_DN	-0.25912567382925544			
GO_ADENYL_NUCLEOTIDE_BINDING	-0.2591268202706121			
GSE19888_ADENOSINE_A3R_ACT_VS_TCELL_MEMBRANES_ACT_IN_MAST_CELL_UP	-0.25913579369571804			
GO_ANTIGEN_PROCESSING_AND_PRESENTATION_OF_EXOGENOUS_PEPTIDE_ANTIGEN_VIA_MHC_CLASS_I	-0.25914429990958654			
GSE1460_DP_THYMOCYTE_VS_NAIVE_CD4_TCELL_ADULT_BLOOD_DN	-0.2591457708588954			
HUTTMANN_B_CLL_POOR_SURVIVAL_UP	-0.25914885563319			
GO_POSITIVE_REGULATION_OF_INTERLEUKIN_17_PRODUCTION	-0.2591543366776167			
REACTOME_RUNX3_REGULATES_BCL2L11_BIM_TRANSCRIPTION	-0.2591839607637856			
MIR138_2_3P	-0.25918501562984214			
GO_NEUROPEPTIDE_HORMONE_ACTIVITY	-0.25919560712033307			
GO_MRNA_CLEAVAGE_AND_POLYADENYLATION_SPECIFICITY_FACTOR_COMPLEX	-0.25919631499670004			
GO_HISTONE_DEMETHYLASE_ACTIVITY_H3_K27_SPECIFIC	-0.2592103724802955			
GO_HISTONE_H3_K27_DEMETHYLATION	-0.2592103724802955			
GSE2706_LPS_VS_R848_AND_LPS_2H_STIM_DC_UP	-0.25921953740528675			
MYLLYKANGAS_AMPLIFICATION_HOT_SPOT_17	-0.25923473268216685			
IPA_ETS1_UP	-0.25924939833764793			
GO_PROSTANOID_RECEPTOR_ACTIVITY	-0.2592645482297662			
ONO_AML1_TARGETS_UP	-0.2592798914329163			
GO_DENDRITE_MEMBRANE	-0.2593021191382453			
GO_MRNA_CLEAVAGE_INVOLVED_IN_MRNA_PROCESSING	-0.25933230833449616			
IPA_TBX22_UP	-0.25933416743660825			
IPA_RFX3_DN	-0.25933416743660825			
MIR4795_5P	-0.25933708340280814			
TERAMOTO_OPN_TARGETS_CLUSTER_5	-0.2593381563066687			
REACTOME_LIPID_PARTICLE_ORGANIZATION	-0.2593458360202758			
GSE5542_UNTREATED_VS_IFNA_AND_IFNG_TREATED_EPITHELIAL_CELLS_24H_UP	-0.2593728065258068			
GSE18791_UNSTIM_VS_NEWCATSLE_VIRUS_DC_10H_UP	-0.25938019350890557			
GO_NEGATIVE_REGULATION_OF_ALPHA_BETA_T_CELL_ACTIVATION	-0.2593834388119176			
CHEN_METABOLIC_SYNDROM_NETWORK	-0.2593884154871314			
GO_UBIQUITIN_LIKE_PROTEIN_TRANSFERASE_ACTIVITY	-0.25939699450107545			
GO_PSEUDOURIDINE_SYNTHESIS	-0.259412138642186			
MIR3149	-0.25942541231460264			
GO_REGULATION_OF_BILE_ACID_METABOLIC_PROCESS	-0.2594547467832781			
REACTOME_ACETYLCHOLINE_BINDING_AND_DOWNSTREAM_EVENTS	-0.2594552875764476			
KAECH_DAY8_EFF_VS_MEMORY_CD8_TCELL_DN	-0.2594588475779201			
ATGCACG_MIR517B	-0.25946115736924213			
GSE17974_0H_VS_0.5H_IN_VITRO_ACT_CD4_TCELL_UP	-0.2594625440658702			
GSE3982_EOSINOPHIL_VS_NEUTROPHIL_UP	-0.2594816713437125			
REACTOME_RESOLUTION_OF_D_LOOP_STRUCTURES_THROUGH_SYNTHESIS_DEPENDENT_STRAND_ANNEALING_SDSA	-0.2594919385424923			
GSE360_CTRL_VS_L_DONOVANI_MAC_UP	-0.259497832812536			
NR5A1_TARGET_GENES	-0.2595014393618695			
GO_POSITIVE_REGULATION_OF_INTERLEUKIN_12_BIOSYNTHETIC_PROCESS	-0.2595084364203965			
REACTOME_BETA_OXIDATION_OF_BUTANOYL_COA_TO_ACETYL_COA	-0.2595120067944296			
MIR8485	-0.2595251859309189			
GO_NEGATIVE_REGULATION_OF_TELOMERE_MAINTENANCE	-0.2595660857194574			
IPA_PLAG1_DN	-0.25956880699399904			
MIR1286	-0.2595703687789031			
EBNA1BP2_TARGET_GENES	-0.2595737800709031			
GO_EARLY_PHAGOSOME	-0.25958151342975255			
GO_MYOFIBROBLAST_DIFFERENTIATION	-0.25960043578157666			
GO_REGULATION_OF_MYOFIBROBLAST_DIFFERENTIATION	-0.25960043578157666			
GO_NEUROPEPTIDE_SIGNALING_PATHWAY	-0.25960871307495503			
GO_POSITIVE_REGULATION_OF_MULTI_ORGANISM_PROCESS	-0.259618515522378			
GSE9960_HEALTHY_VS_SEPSIS_PBMC_DN	-0.2596298095046913			
GSE27786_LSK_VS_ERYTHROBLAST_UP	-0.25963640626705015			
IPA_IRF8_UP	-0.259692484662708			
GO_AIM2_INFLAMMASOME_COMPLEX	-0.2596984025191224			
GO_ANTIBIOTIC_CATABOLIC_PROCESS	-0.25971104288496694			
GSE19401_UNSTIM_VS_RETINOIC_ACID_AND_PAM2CSK4_STIM_FOLLICULAR_DC_UP	-0.25977180014777285			
GO_CELLULAR_RESPONSE_TO_EPINEPHRINE_STIMULUS	-0.2597760842472607			
GO_NEGATIVE_REGULATION_OF_CYTOKINE_PRODUCTION	-0.25978192369110187			
VILIMAS_NOTCH1_TARGETS_UP	-0.25979755080447964			
BIOCARTA_CDC25_PATHWAY	-0.25981784536965874			
MIR656_5P	-0.2598466849565294			
GO_ANTIMICROBIAL_PEPTIDE_PRODUCTION	-0.25986033394451086			
GSE43955_TH0_VS_TGFB_IL6_IL23_TH17_ACT_CD4_TCELL_60H_DN	-0.25986174260534056			
CROONQUIST_IL6_DEPRIVATION_DN	-0.25987160213041793			
GO_POSITIVE_REGULATION_OF_COLD_INDUCED_THERMOGENESIS	-0.25988793325599246			
GO_AORTIC_VALVE_DEVELOPMENT	-0.25988903719509665			
GO_CHYLOMICRON_REMODELING	-0.2598926653670338			
GO_REGULATION_OF_T_CELL_TOLERANCE_INDUCTION	-0.2598992649880878			
GSE17721_POLYIC_VS_PAM3CSK4_6H_BMDC_DN	-0.25990330234741393			
GSE17974_CTRL_VS_ACT_IL4_AND_ANTI_IL12_12H_CD4_TCELL_UP	-0.2599124857974424			
GO_NEGATIVE_REGULATION_OF_B_CELL_APOPTOTIC_PROCESS	-0.2599192545015081			
IPA_EP400_UP	-0.2599372508741068			
GSE26351_UNSTIM_VS_BMP_PATHWAY_STIM_HEMATOPOIETIC_PROGENITORS_UP	-0.2599422975436998			
GSE17301_CTRL_VS_48H_IFNA2_STIM_CD8_TCELL_UP	-0.2599472212301764			
GSE17721_0.5H_VS_4H_PAM3CSK4_BMDC_UP	-0.2599533314165788			
CEBPZ_TARGET_GENES	-0.25996312643497393			
GARGALOVIC_RESPONSE_TO_OXIDIZED_PHOSPHOLIPIDS_LIGHTYELLOW_UP	-0.25996640246491803			
GO_RIBOSOMAL_LARGE_SUBUNIT_ASSEMBLY	-0.2599697673799846			
GSE17721_POLYIC_VS_GARDIQUIMOD_12H_BMDC_UP	-0.2599757918370481			
REACTOME_SIGNALING_BY_LEPTIN	-0.259992615622444			
GSE37416_CTRL_VS_48H_F_TULARENSIS_LVS_NEUTROPHIL_UP	-0.2599980796201711			
GSE22886_CD8_TCELL_VS_BCELL_NAIVE_DN	-0.2599999131344374			
GSE19923_WT_VS_E2A_KO_DP_THYMOCYTE_DN	-0.26000062617917713			
COLLIS_PRKDC_SUBSTRATES	-0.2600349244162394			
GO_RESPONSE_TO_BIOTIC_STIMULUS	-0.26004638221909665			
REACTOME_INTERLEUKIN_12_SIGNALING	-0.26005991237842535			
GO_DNA_STRAND_ELONGATION_INVOLVED_IN_DNA_REPLICATION	-0.26007836215549834			
REACTOME_TOLL_LIKE_RECEPTOR_TLR1_TLR2_CASCADE	-0.260090620839232			
GO_NEGATIVE_REGULATION_OF_CYTOKINE_SECRETION_INVOLVED_IN_IMMUNE_RESPONSE	-0.2601721942407476			
GSE19401_PLN_VS_PEYERS_PATCH_FOLLICULAR_DC_UP	-0.260172550206571			
GO_NEGATIVE_REGULATION_OF_LEUKOCYTE_CELL_CELL_ADHESION	-0.2601937026066386			
DAVIES_MULTIPLE_MYELOMA_VS_MGUS_UP	-0.2602000105448496			
GO_CELL_REDOX_HOMEOSTASIS	-0.2602029271151851			
GO_EARP_COMPLEX	-0.26021504021928127			
GO_DEOXYRIBONUCLEOSIDE_TRIPHOSPHATE_BIOSYNTHETIC_PROCESS	-0.2602280996587442			
GO_NEGATIVE_REGULATION_OF_CYTOKINE_PRODUCTION_INVOLVED_IN_INFLAMMATORY_RESPONSE	-0.2602389854246088			
GO_REGULATION_OF_GENE_SILENCING	-0.2602603154279196			
REACTOME_REGULATION_OF_TP53_ACTIVITY_THROUGH_METHYLATION	-0.26027191928744214			
GO_HISTONE_H4_K12_ACETYLATION	-0.2602735105458952			
E4BP4_01	-0.2602769620264846			
GO_3_UTR_MEDIATED_MRNA_STABILIZATION	-0.2602814651898297			
GO_HOST_CELL_NUCLEUS	-0.26028146904906396			
GSE3920_IFNA_VS_IFNB_TREATED_ENDOTHELIAL_CELL_DN	-0.2602865922189403			
IPA_HDAC3_DN	-0.26030545755760204			
GSE42724_MEMORY_BCELL_VS_PLASMABLAST_DN	-0.26031049557129626			
PARK_APL_PATHOGENESIS_UP	-0.26032923259162283			
REACTOME_CD209_DC_SIGN_SIGNALING	-0.2603524955573822			
GO_REGULATION_OF_PHOSPHOLIPASE_C_ACTIVITY	-0.26036668766833615			
chr3p13	-0.26038865575082465			
IPA_TFAP2B_UP	-0.26039351986822273			
GO_REGULATION_OF_INTEGRIN_ACTIVATION	-0.26042299927935			
GO_CARD_DOMAIN_BINDING	-0.26043255491635736			
GO_POSITIVE_REGULATION_OF_CILIUM_ASSEMBLY	-0.2604433607628143			
REACTOME_HDR_THROUGH_HOMOLOGOUS_RECOMBINATION_HRR	-0.26045299505057534			
EVI1_04	-0.26045896978796423			
MORI_LARGE_PRE_BII_LYMPHOCYTE_UP	-0.2604667632328501			
RHEIN_ALL_GLUCOCORTICOID_THERAPY_DN	-0.260474771722471			
GO_REGULATION_OF_SPHINGOLIPID_BIOSYNTHETIC_PROCESS	-0.2604758040393374			
ALPHACP1_01	-0.26049465065991834			
GSE16697_CD4_TCELL_VS_TFH_CD4_TCELL_DN	-0.2605118131979104			
MIR6778_3P	-0.2605257497379435			
REACTOME_SLC_TRANSPORTER_DISORDERS	-0.2605304125238679			
REACTOME_SIGNALING_BY_FGFR_IN_DISEASE	-0.26053761494031624			
GSE21379_WT_VS_SAP_KO_TFH_CD4_TCELL_DN	-0.26054280410748426			
GO_PROTEIN_CONTAINING_COMPLEX_LOCALIZATION	-0.2605704447870157			
STAT1_03	-0.2605713354802366			
MIR6783_5P	-0.26058065050795026			
GSE39820_CTRL_VS_TGFBETA3_IL6_IL23A_CD4_TCELL_DN	-0.2606059410717592			
REACTOME_CHROMOSOME_MAINTENANCE	-0.260607094234604			
MIR3907	-0.2606088460195884			
GO_NEGATIVE_REGULATION_OF_AUTOPHAGY_OF_MITOCHONDRION	-0.2606209737362782			
GARGALOVIC_RESPONSE_TO_OXIDIZED_PHOSPHOLIPIDS_PINK_DN	-0.260622973704434			
GO_REGULATION_OF_CALCIDIOL_1_MONOOXYGENASE_ACTIVITY	-0.2606305551155039			
GSE17974_CTRL_VS_ACT_IL4_AND_ANTI_IL12_0.5H_CD4_TCELL_UP	-0.2606371186423681			
GO_ZONA_PELLUCIDA_RECEPTOR_COMPLEX	-0.26064991416640193			
GSE8835_HEALTHY_VS_CLL_CD4_TCELL_DN	-0.2606524124627593			
GO_DETECTION_OF_STIMULUS_INVOLVED_IN_SENSORY_PERCEPTION_OF_PAIN	-0.26065296500195284			
GO_REGULATION_OF_TRANSCRIPTION_ELONGATION_FROM_RNA_POLYMERASE_II_PROMOTER	-0.2606583627785082			
MUNSHI_MULTIPLE_MYELOMA_DN	-0.2606595514033675			
GO_CATALYTIC_COMPLEX	-0.2607483868151813			
HAHTOLA_SEZARY_SYNDROM_DN	-0.2607669113092848			
RASHI_RESPONSE_TO_IONIZING_RADIATION_4	-0.2607671267763059			
ONO_FOXP3_TARGETS_UP	-0.26078518552899965			
GSE8921_UNSTIM_0H_VS_TLR1_2_STIM_MONOCYTE_24H_DN	-0.2607930545295055			
GSE3982_MAST_CELL_VS_TH1_DN	-0.2608154244273636			
GO_DNA_UNWINDING_INVOLVED_IN_DNA_REPLICATION	-0.2608171903940457			
GO_COENZYME_TRANSPORT	-0.2608180074278001			
GO_REGULATION_OF_INFLAMMATORY_RESPONSE	-0.2608278232902241			
GSE17812_WT_VS_THPOK_KO_MEMORY_CD8_TCELL_DN	-0.26084697453617595			
GO_ADP_RIBOSYLATION_FACTOR_BINDING	-0.2608599633220291			
MIR892A	-0.26087068215750486			
GO_MULTICELLULAR_ORGANISMAL_IRON_ION_HOMEOSTASIS	-0.2608823729240082			
SCHAEFFER_PROSTATE_DEVELOPMENT_AND_CANCER_BOX2_UP	-0.2609077547634735			
GO_ATRIAL_CARDIAC_MUSCLE_CELL_MEMBRANE_REPOLARIZATION	-0.2609122104733612			
GSE34006_UNTREATED_VS_A2AR_AGONIST_TREATED_TREG_DN	-0.2609204527499956			
GO_PROTEIN_CONTAINING_COMPLEX_REMODELING	-0.2609209211289711			
MIKKELSEN_MEF_HCP_WITH_H3_UNMETHYLATED	-0.2609272042668607			
GO_U4_SNRNP	-0.2609289248484293			
ZNF175_TARGET_GENES	-0.26093589575503934			
IPA_NR2C1_DN	-0.26097300754257025			
GSE41867_NAIVE_VS_DAY30_LCMV_ARMSTRONG_MEMORY_CD8_TCELL_UP	-0.2609812048503607			
GO_PYRIMIDINE_DEOXYRIBONUCLEOSIDE_MONOPHOSPHATE_BIOSYNTHETIC_PROCESS	-0.260986334964842			
GO_PEPTIDYL_ARGININE_METHYLATION	-0.26099203571834206			
REACTOME_RECOGNITION_OF_DNA_DAMAGE_BY_PCNA_CONTAINING_REPLICATION_COMPLEX	-0.2610006630697391			
GO_PHOSPHOLIPASE_C_ACTIVATING_G_PROTEIN_COUPLED_RECEPTOR_SIGNALING_PATHWAY	-0.2610038418333241			
GSE19941_UNSTIM_VS_LPS_AND_IL10_STIM_IL10_KO_NFKBP50_KO_MACROPHAGE_DN	-0.26104635783137986			
KAMMINGA_EZH2_TARGETS	-0.2610512863794531			
MORI_SMALL_PRE_BII_LYMPHOCYTE_DN	-0.261051855044381			
BIOCARTA_CTLA4_PATHWAY	-0.2610634541844181			
MIR5689	-0.2611125732443788			
GSE31082_DN_VS_CD4_SP_THYMOCYTE_DN	-0.2611289752337339			
MIR3670	-0.26114478536083585			
SETLUR_PROSTATE_CANCER_TMPRSS2_ERG_FUSION_DN	-0.2611485518772973			
MIR22_3P	-0.2611757216876082			
MIR6823_5P	-0.2611782387632149			
GO_TELOMERE_CAP_COMPLEX	-0.26118291444270564			
BILANGES_SERUM_SENSITIVE_VIA_TSC2	-0.2611910484233566			
VERNOCHET_ADIPOGENESIS	-0.26123766881158983			
GO_CARBON_NITROGEN_LIGASE_ACTIVITY_WITH_GLUTAMINE_AS_AMIDO_N_DONOR	-0.26124032067456127			
GO_NEGATIVE_REGULATION_OF_GENE_SILENCING	-0.261243549928788			
MIR1233_5P	-0.261287245619728			
GO_RELEASE_OF_SEQUESTERED_CALCIUM_ION_INTO_CYTOSOL_BY_ENDOPLASMIC_RETICULUM	-0.261326156673196			
MIR622	-0.2613535100544697			
REACTOME_REGULATION_OF_IFNA_SIGNALING	-0.2613571153170845			
GO_DNA_INTEGRITY_CHECKPOINT	-0.2613738058181057			
GSE27786_LIN_NEG_VS_MONO_MAC_UP	-0.26139404092181245			
LXR_DR4_Q3	-0.2614445519982875			
NAKAYAMA_SOFT_TISSUE_TUMORS_PCA1_UP	-0.2614568929281158			
GO_MEIOTIC_CHROMOSOME_SEGREGATION	-0.26146218582995184			
MIR139_5P	-0.26149337310084236			
GO_MACROMOLECULE_DEACYLATION	-0.26149515705346965			
GO_COFACTOR_CATABOLIC_PROCESS	-0.26149687250879616			
GO_NUCLEAR_EXPORT	-0.2615054898187555			
GO_RECEPTOR_SIGNALING_COMPLEX_ADAPTOR_ACTIVITY	-0.26150919073150847			
GSE32901_NAIVE_VS_TH17_ENRICHED_CD4_TCELL_DN	-0.2615238217534683			
GSE14415_INDUCED_TREG_VS_TCONV_DN	-0.26153997638844556			
REACTOME_CHYLOMICRON_REMODELING	-0.2615771548473624			
GO_STORE_OPERATED_CALCIUM_ENTRY	-0.2615807377826609			
REACTOME_ANTIGEN_PROCESSING_CROSS_PRESENTATION	-0.26160422463842337			
GO_COMMON_MYELOID_PROGENITOR_CELL_PROLIFERATION	-0.26162756187866215			
GO_OXYGEN_BINDING	-0.2616360692912923			
GO_DNA_DEAMINATION	-0.2616488253201573			
GO_RESPONSE_TO_IMMOBILIZATION_STRESS	-0.26165856280377364			
MIR1260A_MIR1260B	-0.2617369586782992			
GO_CYTOPLASMIC_SIDE_OF_ENDOPLASMIC_RETICULUM_MEMBRANE	-0.2617499323372853			
GSE17974_CTRL_VS_ACT_IL4_AND_ANTI_IL12_4H_CD4_TCELL_DN	-0.26175611867618476			
GO_ALPHA_AMINO_ACID_CATABOLIC_PROCESS	-0.26176311927830676			
GO_REGULATION_OF_RELAXATION_OF_MUSCLE	-0.2618000635868053			
GSE30971_2H_VS_4H_LPS_STIM_MACROPHAGE_WBP7_KO_UP	-0.26180031815791627			
GO_POLYSOME_BINDING	-0.2618125402400401			
GSE29617_CTRL_VS_DAY3_TIV_FLU_VACCINE_PBMC_2008_DN	-0.26181959587621473			
FARMER_BREAST_CANCER_CLUSTER_1	-0.26183855353989377			
FIGUEROA_AML_METHYLATION_CLUSTER_1_DN	-0.2618467997949234			
GO_NEGATIVE_REGULATION_OF_FATTY_ACID_BIOSYNTHETIC_PROCESS	-0.26185089963720193			
IPA_USF2_DN	-0.2618682506229889			
GO_BOX_H_ACA_SNORNP_COMPLEX	-0.2618915044900563			
GO_BOX_H_ACA_TELOMERASE_RNP_COMPLEX	-0.2618915044900563			
GO_BOX_H_ACA_RNP_COMPLEX	-0.2618915044900563			
GO_BOX_H_ACA_SNORNA_BINDING	-0.2618915044900563			
GSE5503_LIVER_DC_VS_PLN_DC_ACTIVATED_ALLOGENIC_TCELL_UP	-0.26190543327311033			
MIR6799_5P	-0.26190612565701105			
GO_POTASSIUM_CHANNEL_COMPLEX	-0.26191648148027774			
GO_REGULATION_OF_CIRCADIAN_RHYTHM	-0.26191907423531835			
RICKMAN_TUMOR_DIFFERENTIATED_MODERATELY_VS_POORLY_DN	-0.26192065757460736			
GSE3982_BCELL_VS_TH2_UP	-0.26192334805556594			
GO_CLASS_I_DNA_APURINIC_OR_APYRIMIDINIC_SITE_ENDONUCLEASE_ACTIVITY	-0.2619279648975661			
REACTOME_OTHER_SEMAPHORIN_INTERACTIONS	-0.26200368904624			
GO_NEGATIVE_REGULATION_OF_CALCIUM_ION_TRANSPORT_INTO_CYTOSOL	-0.26200891480411026			
GO_INTERLEUKIN_1_PRODUCTION	-0.2620179107932493			
GO_POSITIVE_REGULATION_OF_INTERLEUKIN_10_SECRETION	-0.26203432375661584			
GO_COHESIN_COMPLEX	-0.2620343241449475			
REACTOME_ERYTHROPOIETIN_ACTIVATES_RAS	-0.2620371064111437			
MIR4747_5P	-0.2620997765948601			
GSE17721_LPS_VS_CPG_8H_BMDC_DN	-0.2621065379278785			
GSE5542_UNTREATED_VS_IFNA_TREATED_EPITHELIAL_CELLS_6H_DN	-0.26210787674195507			
GO_POSITIVE_REGULATION_OF_T_HELPER_CELL_DIFFERENTIATION	-0.26210930500529056			
GO_TRANSCRIPTION_ELONGATION_FACTOR_COMPLEX	-0.26211726886157183			
REACTOME_GLOBAL_GENOME_NUCLEOTIDE_EXCISION_REPAIR_GG_NER	-0.2621499393244543			
SPZ1_01	-0.26215878770041695			
GO_TOLL_LIKE_RECEPTOR_BINDING	-0.26216068487143723			
GO_ANTIGEN_PROCESSING_AND_PRESENTATION_OF_LIPID_ANTIGEN_VIA_MHC_CLASS_IB	-0.26216366953741416			
MIR1298_5P	-0.26217882588867575			
MIR4474_3P	-0.26218491212624073			
GSE28726_NAIVE_CD4_TCELL_VS_NAIVE_VA24NEG_NKTCELL_DN	-0.26219284367406975			
GO_GENERAL_TRANSCRIPTION_INITIATION_FACTOR_BINDING	-0.2622331320327865			
REACTOME_FOLDING_OF_ACTIN_BY_CCT_TRIC	-0.26224182916286126			
IPA_DDB2_DN	-0.26226772835510953			
GSE39556_CD8A_DC_VS_NK_CELL_DN	-0.2622752759120766			
GO_AROMATIC_AMINO_ACID_FAMILY_CATABOLIC_PROCESS	-0.26228602976390963			
GO_REGULATION_OF_T_CELL_MEDIATED_CYTOTOXICITY	-0.2623023177168003			
REACTOME_REGULATION_OF_KIT_SIGNALING	-0.2623028995068587			
GO_PHOSPHATIDYLETHANOLAMINE_BINDING	-0.26230540486608167			
GSE9006_TYPE_1_DIABETES_AT_DX_VS_1MONTH_POST_DX_PBMC_UP	-0.26230974986178346			
MIR631	-0.2623101450470785			
GO_PROTEIN_XYLOSYLTRANSFERASE_ACTIVITY	-0.26231504871809547			
GO_CYTOSOLIC_SMALL_RIBOSOMAL_SUBUNIT	-0.2623268362615395			
GSE6259_DEC205_POS_DC_VS_CD4_TCELL_DN	-0.2623434176898847			
GSE18893_CTRL_VS_TNF_TREATED_TREG_24H_DN	-0.26234759670460067			
GO_MRNA_METHYLTRANSFERASE_ACTIVITY	-0.26237415193634345			
XU_RESPONSE_TO_TRETINOIN_AND_NSC682994_DN	-0.2623789935690867			
GSE37416_0H_VS_6H_F_TULARENSIS_LVS_NEUTROPHIL_DN	-0.26238758514378385			
IPA_SP4_DN	-0.26239684071659036			
ACTGCCT_MIR34B	-0.2624213367513181			
IPA_NFATC1_UP	-0.26242254848216534			
GSE22886_NAIVE_CD4_TCELL_VS_MEMORY_TCELL_DN	-0.2624229158516868			
GAZDA_DIAMOND_BLACKFAN_ANEMIA_PROGENITOR_DN	-0.2624253900311581			
GO_PLATELET_ACTIVATION	-0.2624426405661337			
JAZAG_TGFB1_SIGNALING_UP	-0.2624449772889813			
COLLIS_PRKDC_REGULATORS	-0.26247999601664546			
GO_SUMO_POLYMER_BINDING	-0.2624937338285926			
GSE40274_FOXP3_VS_FOXP3_AND_EOS_TRANSDUCED_ACTIVATED_CD4_TCELL_UP	-0.2625058655282005			
GO_LIM_DOMAIN_BINDING	-0.26250592080578866			
GSE9988_LOW_LPS_VS_ANTI_TREM1_AND_LPS_MONOCYTE_UP	-0.26251091074199684			
GSE15330_WT_VS_IKAROS_KO_GRANULOCYTE_MONOCYTE_PROGENITOR_UP	-0.2625204330342366			
BOYAULT_LIVER_CANCER_SUBCLASS_G3_DN	-0.26252489218966246			
REACTOME_TRANSCRIPTIONAL_REGULATION_BY_MECP2	-0.26254219134070117			
GSE30083_SP1_VS_SP3_THYMOCYTE_DN	-0.26254601908193564			
IPA_NCOR2_DN	-0.2625555979473869			
GSE14769_20MIN_VS_360MIN_LPS_BMDM_DN	-0.26256922342162464			
GSE30971_2H_VS_4H_LPS_STIM_MACROPHAGE_WBP7_KO_DN	-0.2625944718925542			
GSE7568_IL4_VS_IL4_AND_TGFB_TREATED_MACROPHAGE_24H_UP	-0.2626036324225285			
KEGG_PURINE_METABOLISM	-0.26260896214806817			
GACTGTT_MIR212_MIR132	-0.2626148714022567			
GO_ACYL_COA_LIGASE_ACTIVITY	-0.2626204506855531			
GSE30962_PRIMARY_VS_SECONDARY_ACUTE_LCMV_INF_CD8_TCELL_UP	-0.2626306026744319			
GO_REGULATION_OF_VASCULAR_SMOOTH_MUSCLE_CELL_DIFFERENTIATION	-0.26263476132943936			
LHX3_01	-0.26264232262388526			
REACTOME_ACTIVATION_OF_NOXA_AND_TRANSLOCATION_TO_MITOCHONDRIA	-0.2626560611851672			
GSE7348_LPS_VS_TOLERIZED_AND_LPS_STIM_MACROPHAGE_DN	-0.2626589644247671			
GSE29615_CTRL_VS_DAY3_LAIV_IFLU_VACCINE_PBMC_DN	-0.26276313625675535			
SIG_IL4RECEPTOR_IN_B_LYPHOCYTES	-0.2627734418544642			
SRC_UP.V1_UP	-0.26277638497686906			
MIR3151_5P	-0.2627955940620535			
GO_VERY_LONG_CHAIN_FATTY_ACID_COA_LIGASE_ACTIVITY	-0.26279671311749			
GO_NEGATIVE_REGULATION_OF_DNA_DEPENDENT_DNA_REPLICATION	-0.2627969150901594			
GO_PURINE_NUCLEOSIDE_MONOPHOSPHATE_BIOSYNTHETIC_PROCESS	-0.2628213663508712			
MIR369_3P	-0.2628438973753056			
MIR4776_3P	-0.26285600706663825			
GSE26495_NAIVE_VS_PD1LOW_CD8_TCELL_UP	-0.2628621596725295			
YTAATTAA_LHX3_01	-0.2628836696136097			
BIOCARTA_PKC_PATHWAY	-0.26292948330929283			
GSE45365_HEALTHY_VS_MCMV_INFECTION_CD8_TCELL_IFNAR_KO_DN	-0.26295339634955645			
DAVIES_MULTIPLE_MYELOMA_VS_MGUS_DN	-0.26295408305507884			
MIR185_3P	-0.2629875252155334			
GO_REGULATION_OF_OSTEOCLAST_PROLIFERATION	-0.2630137852622074			
MIR4278	-0.2630345075513043			
GO_POSITIVE_REGULATION_OF_PHOSPHOLIPASE_ACTIVITY	-0.2630458304010226			
GSE30971_2H_VS_4H_LPS_STIM_MACROPHAGE_WBP7_HET_UP	-0.26306089894022594			
GO_SOFT_PALATE_DEVELOPMENT	-0.2630875682070926			
GSE13229_IMM_VS_MATURE_NKCELL_DN	-0.26309301714149735			
MIR1253	-0.2630995640707044			
GO_POSITIVE_REGULATION_OF_FEEDING_BEHAVIOR	-0.2631328786361787			
BILANGES_SERUM_AND_RAPAMYCIN_SENSITIVE_GENES	-0.26314202643709733			
GSE30971_CTRL_VS_LPS_STIM_MACROPHAGE_WBP7_KO_4H_DN	-0.2631861514968267			
GO_PROTEIN_AUTO_ADP_RIBOSYLATION	-0.26320241560989927			
REACTOME_FORMATION_OF_XYLULOSE_5_PHOSPHATE	-0.26324509223215176			
GO_PEPTIDYL_LYSINE_DEACETYLATION	-0.26325113505833686			
GO_DNA_METHYLATION_ON_CYTOSINE	-0.26327197957272785			
GO_REGULATION_OF_DIGESTIVE_SYSTEM_PROCESS	-0.2632967809378313			
GSE40685_TREG_VS_FOXP3_KO_TREG_PRECURSOR_DN	-0.26330458324922357			
GSE7852_LN_VS_THYMUS_TREG_UP	-0.26331621891005286			
REACTOME_PCNA_DEPENDENT_LONG_PATCH_BASE_EXCISION_REPAIR	-0.26334316975421845			
RHEIN_ALL_GLUCOCORTICOID_THERAPY_UP	-0.26334606910646013			
MIR491_3P	-0.263401226046078			
REACTOME_CYTOSOLIC_IRON_SULFUR_CLUSTER_ASSEMBLY	-0.26344050353431514			
GSE6269_HEALTHY_VS_E_COLI_INF_PBMC_UP	-0.26344226532050097			
GO_MUCOSAL_ASSOCIATED_LYMPHOID_TISSUE_DEVELOPMENT	-0.263444556739897			
REACTOME_ANTIMICROBIAL_PEPTIDES	-0.2634487408143655			
MIR518D_5P_MIR518F_5P_MIR520C_5P_MIR526A_5P	-0.263459702943416			
GO_REGULATION_OF_LIPOPROTEIN_LIPASE_ACTIVITY	-0.2634695567330235			
GO_HEMOGLOBIN_BINDING	-0.26347767528254384			
GO_T_HELPER_1_TYPE_IMMUNE_RESPONSE	-0.2634866647838637			
GSE7768_OVA_ALONE_VS_OVA_WITH_MPL_IMMUNIZED_MOUSE_WHOLE_SPLEEN_6H_UP	-0.2635152879268138			
GATA_Q6	-0.2635322355394058			
GO_TRIGLYCERIDE_RICH_LIPOPROTEIN_PARTICLE_CLEARANCE	-0.2635388332898687			
GO_TETRAPYRROLE_BIOSYNTHETIC_PROCESS	-0.2635430864183218			
GCGNNANTTCC_UNKNOWN	-0.26357233616235815			
CHANDRAN_METASTASIS_TOP50_UP	-0.2635745583427176			
TTTGTAG_MIR520D	-0.2636081568731017			
REACTOME_RECOGNITION_AND_ASSOCIATION_OF_DNA_GLYCOSYLASE_WITH_SITE_CONTAINING_AN_AFFECTED_PURINE	-0.2636352679690516			
GSE17721_CPG_VS_GARDIQUIMOD_2H_BMDC_DN	-0.26363746481949346			
IPA_ELF4_UP	-0.26364574075752367			
MIR6817_3P	-0.26365248086593424			
HAHTOLA_CTCL_CUTANEOUS	-0.2636598784173627			
GSE39820_CTRL_VS_TGFBETA3_IL6_CD4_TCELL_UP	-0.26367492061030506			
GO_CUL4B_RING_E3_UBIQUITIN_LIGASE_COMPLEX	-0.2636914695041327			
GSE411_UNSTIM_VS_400MIN_IL6_STIM_MACROPHAGE_UP	-0.2636946369761176			
GO_NEGATIVE_REGULATION_OF_INTERFERON_BETA_PRODUCTION	-0.2637026004033975			
GO_NEURON_PROJECTION_MEMBRANE	-0.26370473946291845			
GO_TESTOSTERONE_BIOSYNTHETIC_PROCESS	-0.26370709546240056			
TONKS_TARGETS_OF_RUNX1_RUNX1T1_FUSION_ERYTHROCYTE_DN	-0.26370755804203627			
LEIN_LOCALIZED_TO_PROXIMAL_DENDRITES	-0.2637090937342482			
GO_REGULATION_OF_TOLERANCE_INDUCTION	-0.26372302596509456			
GO_POSITIVE_REGULATION_OF_INTERFERON_BETA_PRODUCTION	-0.26373572936754597			
GO_DOPAMINE_RECEPTOR_BINDING	-0.26374308618219655			
ERCC8_TARGET_GENES	-0.2637507768266785			
GO_POSITIVE_REGULATION_OF_FATTY_ACID_BIOSYNTHETIC_PROCESS	-0.26375523748177904			
GO_TETRAHYDROFOLATE_INTERCONVERSION	-0.263756302605441			
MIR6774_5P	-0.2637604143490323			
GCNP_SHH_UP_LATE.V1_UP	-0.2637702408193712			
GSE43863_DAY6_EFF_VS_DAY150_MEM_TH1_CD4_TCELL_DN	-0.2637813321636424			
GSE39110_UNTREATED_VS_IL2_TREATED_CD8_TCELL_DAY6_POST_IMMUNIZATION_UP	-0.26378365106618495			
GSE2770_TGFB_AND_IL4_VS_IL12_TREATED_ACT_CD4_TCELL_48H_DN	-0.26378415909618064			
GO_DEACETYLASE_ACTIVITY	-0.2637995310855358			
LEE_METASTASIS_AND_RNA_PROCESSING_UP	-0.2638069335914653			
GSE40274_FOXP3_VS_FOXP3_AND_IRF4_TRANSDUCED_ACTIVATED_CD4_TCELL_DN	-0.2638146735945559			
GSE10240_CTRL_VS_IL17_AND_IL22_STIM_PRIMARY_BRONCHIAL_EPITHELIAL_CELLS_UP	-0.26384751724240413			
MIR3913_5P	-0.2638601499486939			
GO_CYCLIN_BINDING	-0.263873006720054			
GSE2826_WT_VS_XID_BCELL_UP	-0.26388105072994555			
GO_INOSITOL_TRISPHOSPHATE_METABOLIC_PROCESS	-0.26389200414940217			
GO_MANCHETTE	-0.2638925225321038			
GO_POSITIVE_REGULATION_OF_GLUCOSE_METABOLIC_PROCESS	-0.26390959185015084			
GO_IMP_BIOSYNTHETIC_PROCESS	-0.2639114119060664			
GSE12963_ENV_NEF_VS_ENV_NEF_AND_VPR_DEFICIENT_HIV1_INF_CD4_TCELL_UP	-0.26391656178801326			
HOFMANN_CELL_LYMPHOMA_UP	-0.26391668358380294			
SUPT20H_TARGET_GENES	-0.2639479814541134			
CORRE_MULTIPLE_MYELOMA_DN	-0.26397463188927545			
GO_NEGATIVE_REGULATION_OF_RNA_SPLICING	-0.263975318645815			
IPA_GATA3_UP	-0.2639829045984189			
GSE8921_UNSTIM_VS_TLR1_2_STIM_MONOCYTE_6H_UP	-0.26398410823124463			
GSE40666_WT_VS_STAT4_KO_CD8_TCELL_WITH_IFNA_STIM_90MIN_UP	-0.26399186987111084			
GTGCAAA_MIR507	-0.26399331253320607			
GSE15330_HSC_VS_LYMPHOID_PRIMED_MULTIPOTENT_PROGENITOR_DN	-0.2639968469308791			
GSE43863_TH1_VS_TFH_EFFECTOR_CD4_TCELL_DN	-0.2640273020116334			
BIOCARTA_TH1TH2_PATHWAY	-0.2640377471218931			
GO_RDNA_BINDING	-0.2640407026677723			
REACTOME_DNA_DOUBLE_STRAND_BREAK_REPAIR	-0.26406455326810696			
JAZAG_TGFB1_SIGNALING_VIA_SMAD4_UP	-0.2640680313828107			
GSE14308_TH2_VS_INDUCED_TREG_DN	-0.2640835161042323			
GO_NEGATIVE_REGULATION_OF_PROTEIN_KINASE_ACTIVITY_BY_REGULATION_OF_PROTEIN_PHOSPHORYLATION	-0.26408368359031453			
GO_LYASE_ACTIVITY	-0.2640911150650811			
MIR3122	-0.2640916778970298			
GSE7831_CPG_VS_INFLUENZA_STIM_PDC_4H_DN	-0.26412296602172614			
GO_REGULATION_OF_RNA_INTERFERENCE	-0.26412763333329914			
LIAN_LIPA_TARGETS_6M	-0.2641545809451398			
GO_DIACYLGLYCEROL_METABOLIC_PROCESS	-0.2641588739300972			
GSE45739_NRAS_KO_VS_WT_UNSTIM_CD4_TCELL_DN	-0.26416666502949115			
GO_NEUTROPHIL_DIFFERENTIATION	-0.2641682326933896			
REACTOME_INTERACTION_BETWEEN_L1_AND_ANKYRINS	-0.2641723779229427			
GO_NEGATIVE_REGULATION_OF_HISTONE_H3_K27_METHYLATION	-0.2641887720481523			
GO_OXIDATIVE_DEMETHYLATION	-0.26423434635031307			
REACTOME_DUAL_INCISION_IN_TC_NER	-0.26425542986807143			
GO_REGULATION_OF_GLIAL_CELL_PROLIFERATION	-0.2642669781227934			
GSE37416_12H_VS_48H_F_TULARENSIS_LVS_NEUTROPHIL_DN	-0.26427022920688525			
GSE31082_DN_VS_CD4_SP_THYMOCYTE_UP	-0.2642838516582321			
GO_HIGH_DENSITY_LIPOPROTEIN_PARTICLE_ASSEMBLY	-0.26429511439788106			
REACTOME_SUPPRESSION_OF_PHAGOSOMAL_MATURATION	-0.2643016253127425			
GO_SNRNP_BINDING	-0.264310620907269			
GO_NEGATIVE_REGULATION_OF_RYANODINE_SENSITIVE_CALCIUM_RELEASE_CHANNEL_ACTIVITY	-0.26431741503357525			
GO_PIP_BODY	-0.26433623663645606			
GO_CARDIAC_MYOFIBRIL_ASSEMBLY	-0.2643451884782103			
IPA_MYBL1_UP	-0.2643698435045345			
SCHUHMACHER_MYC_TARGETS_DN	-0.2644227441098187			
BALLIF_DEVELOPMENTAL_DISABILITY_P16_P12_DELETION	-0.2644468384136401			
GO_NEGATIVE_REGULATION_OF_CELL_KILLING	-0.26451223637132926			
REACTOME_PREVENTION_OF_PHAGOSOMAL_LYSOSOMAL_FUSION	-0.2645281861709578			
KIM_ALL_DISORDERS_CALB1_CORR_DN	-0.26452948539533006			
GSE18893_TCONV_VS_TREG_24H_CULTURE_DN	-0.2645388765346353			
GSE17580_TREG_VS_TEFF_UP	-0.26454205812555515			
GSE27786_NKCELL_VS_MONO_MAC_UP	-0.26455422616791024			
GO_REGULATION_OF_INTERLEUKIN_10_SECRETION	-0.26456083287851145			
GO_HEART_VALVE_DEVELOPMENT	-0.26457173698814423			
HALLMARK_E2F_TARGETS	-0.2645905571793324			
GO_CLATHRIN_SCULPTED_VESICLE	-0.26460758044711025			
GO_DETECTION_OF_VISIBLE_LIGHT	-0.2646186465609974			
GSE34515_CD16_NEG_VS_POS_MONOCYTE_DN	-0.2646861055976652			
GO_SINGLE_STRANDED_RNA_BINDING	-0.26470848544430636			
GSE9650_EFFECTOR_VS_MEMORY_CD8_TCELL_DN	-0.2647152283019418			
MYCMAX_01	-0.26471973517363406			
REACTOME_TRANSCRIPTIONAL_REGULATION_BY_SMALL_RNAS	-0.2647235603758137			
MIR5196_5P	-0.26473936834057793			
GO_PURINE_DEOXYRIBONUCLEOSIDE_TRIPHOSPHATE_CATABOLIC_PROCESS	-0.26474137425791866			
GO_PTW_PP1_PHOSPHATASE_COMPLEX	-0.2647428005128632			
IPA_POU2F2_UP	-0.2647490566378492			
GINESTIER_BREAST_CANCER_20Q13_AMPLIFICATION_DN	-0.2647522921490867			
GO_DEATH_DOMAIN_BINDING	-0.2647589597603928			
GO_D1_DOPAMINE_RECEPTOR_BINDING	-0.26476722686149			
GO_ALPHA_1_3_FUCOSYLTRANSFERASE_ACTIVITY	-0.2647712897117638			
EPC1_TARGET_GENES	-0.2647867239201318			
GO_NUCLEOTIDE_EXCISION_REPAIR_DNA_INCISION_3_TO_LESION	-0.2647916846854011			
GO_LYMPHOCYTE_AGGREGATION	-0.2648027241015172			
BIOCARTA_TERC_PATHWAY	-0.26482199690865377			
GO_POSITIVE_REGULATION_OF_CHROMATIN_BINDING	-0.2648302746491956			
REACTOME_EUKARYOTIC_TRANSLATION_INITIATION	-0.26484061674967263			
GO_MRNA_EDITING_COMPLEX	-0.2648418157419291			
GSE22886_IGM_MEMORY_BCELL_VS_BLOOD_PLASMA_CELL_UP	-0.2648468125207957			
GSE1432_1H_VS_6H_IFNG_MICROGLIA_UP	-0.26485894878364147			
MYCMAX_02	-0.2648706653941169			
LBP1_Q6	-0.2648710099513178			
IPA_PBX1_UP	-0.2648730450739523			
GO_MHC_PROTEIN_COMPLEX_BINDING	-0.2648997507864458			
IPA_ZNF711_DN	-0.2649068963827062			
IPA_SETD7_DN	-0.2649068963827062			
GO_PERICENTRIOLAR_MATERIAL	-0.26492281692273856			
GSE40274_FOXP3_VS_FOXP3_AND_LEF1_TRANSDUCED_ACTIVATED_CD4_TCELL_DN	-0.2649489558703213			
GSE5679_PPARG_LIGAND_ROSIGLITAZONE_VS_ROSIGLITAZONE_AND_RARA_AGONIST_AM580_TREATED_DC_DN	-0.2649506219569139			
KAUFFMANN_DNA_REPLICATION_GENES	-0.2649929377942578			
GO_POSITIVE_REGULATION_OF_MITOTIC_SISTER_CHROMATID_SEGREGATION	-0.2649939967005433			
MIKKELSEN_PLURIPOTENT_STATE_UP	-0.26499828352662796			
NPAT_TARGET_GENES	-0.2650034501023253			
MIR486_5P	-0.26500384285504525			
GO_ACID_THIOL_LIGASE_ACTIVITY	-0.26501653458100255			
GO_PRESYNAPTIC_MODULATION_OF_CHEMICAL_SYNAPTIC_TRANSMISSION	-0.2650174081394583			
GO_ADULT_FEEDING_BEHAVIOR	-0.26502071924827747			
GSE22886_NAIVE_BCELL_VS_MONOCYTE_UP	-0.2650302448825663			
GO_ANTIGEN_BINDING	-0.2650304069191069			
REACTOME_DNA_DAMAGE_TELOMERE_STRESS_INDUCED_SENESCENCE	-0.2650305047970648			
GSE11057_PBMC_VS_MEM_CD4_TCELL_DN	-0.2650573739143924			
REACTOME_PREGNENOLONE_BIOSYNTHESIS	-0.26506271714656643			
GSE18791_CTRL_VS_NEWCASTLE_VIRUS_DC_12H_UP	-0.26507400945010495			
GO_NEGATIVE_REGULATION_OF_FATTY_ACID_METABOLIC_PROCESS	-0.2650767635982951			
GO_ANIMAL_ORGAN_MATURATION	-0.26510022837941716			
GO_POSITIVE_REGULATION_OF_DENDRITIC_CELL_CYTOKINE_PRODUCTION	-0.265120637200462			
ACTGAAA_MIR30A3P_MIR30E3P	-0.2651429132167633			
KAECH_DAY8_EFF_VS_DAY15_EFF_CD8_TCELL_DN	-0.265143604550228			
GO_SHORT_CHAIN_FATTY_ACID_CATABOLIC_PROCESS	-0.26514569292665413			
GO_REGULATION_OF_ATRIAL_CARDIAC_MUSCLE_CELL_MEMBRANE_REPOLARIZATION	-0.26517419601074543			
GSE13411_NAIVE_VS_SWITCHED_MEMORY_BCELL_DN	-0.26517519007598384			
BIOCARTA_ERAD_PATHWAY	-0.2651776746317751			
GATAAGR_GATA_C	-0.26520914228754466			
GO_SENSORY_PERCEPTION_OF_PAIN	-0.2652161952115146			
GSE17721_POLYIC_VS_CPG_0.5H_BMDC_UP	-0.265231326706433			
KLF14_TARGET_GENES	-0.2652611929627825			
REACTOME_TRANSCRIPTION_OF_E2F_TARGETS_UNDER_NEGATIVE_CONTROL_BY_P107_RBL1_AND_P130_RBL2_IN_COMPLEX_WITH_HDAC1	-0.26527660709979367			
GO_CLEAVAGE_INVOLVED_IN_RRNA_PROCESSING	-0.26528525648009643			
GO_CHROMATIN_SILENCING_AT_RDNA	-0.26529879744444695			
ZNF697_TARGET_GENES	-0.2653008027302919			
GO_RESPONSE_TO_LIGHT_STIMULUS	-0.2653046931730108			
GO_NEGATIVE_REGULATION_OF_LYMPHOCYTE_APOPTOTIC_PROCESS	-0.26531331943792286			
GSE3920_IFNA_VS_IFNG_TREATED_FIBROBLAST_UP	-0.26532408817362624			
GSE29618_PRE_VS_DAY7_POST_LAIV_FLU_VACCINE_BCELL_UP	-0.2653312207033181			
REACTOME_MYOGENESIS	-0.26536816946740666			
GSE14350_IL2RB_KO_VS_WT_TEFF_UP	-0.26537228090704656			
BIOCARTA_EPHA4_PATHWAY	-0.2653743209942484			
MIR3136_3P	-0.265376460116258			
GO_EXOCRINE_PANCREAS_DEVELOPMENT	-0.2654097385724485			
GSE369_PRE_VS_POST_IL6_INJECTION_IFNG_WT_LIVER_DN	-0.265412154550842			
GO_REGULATION_OF_GLUCONEOGENESIS	-0.2654128886765635			
PID_HDAC_CLASSII_PATHWAY	-0.2654193093030944			
MIR4434	-0.2654322263052297			
KEGG_SYSTEMIC_LUPUS_ERYTHEMATOSUS	-0.26544754392642855			
GSE17721_LPS_VS_POLYIC_16H_BMDC_UP	-0.2654534219240132			
MOREIRA_RESPONSE_TO_TSA_UP	-0.26545939294175885			
GSE29617_DAY3_VS_DAY7_TIV_FLU_VACCINE_PBMC_2008_DN	-0.2654627853019991			
GSE42021_CD24LO_TREG_VS_CD24LO_TCONV_THYMUS_DN	-0.2654833394506268			
RP58_01	-0.26549135148970615			
GO_TRANSCRIPTION_BY_RNA_POLYMERASE_III	-0.26550385883297134			
GO_INTEGRATOR_COMPLEX	-0.26551967156665873			
IPA_NEUROG1_UP	-0.2655218373534755			
GSE5099_CLASSICAL_M1_VS_ALTERNATIVE_M2_MACROPHAGE_DN	-0.26554684224046055			
IPA_HNRNPK_UP	-0.2655688242270353			
MIR211_3P	-0.2656335155300759			
GSE40441_NRP1_POS_INDUCED_TREG_VS_NRP1_NEG_NATURAL_TREG_DN	-0.2656342011754016			
IPA_ID2_DN	-0.2656410707257636			
MIR7161_3P	-0.2656468298382877			
GO_COMMITMENT_COMPLEX	-0.2656478714564661			
GSE13547_CTRL_VS_ANTI_IGM_STIM_BCELL_2H_DN	-0.2656484847540376			
GO_POSITIVE_REGULATION_OF_CELLULAR_CARBOHYDRATE_METABOLIC_PROCESS	-0.2656553098281942			
GO_DEFENSE_RESPONSE	-0.2656583563304494			
GO_BETA_CATENIN_TCF_COMPLEX_ASSEMBLY	-0.2656890239503519			
GO_T_HELPER_17_CELL_LINEAGE_COMMITMENT	-0.2656992693393441			
MIR3202	-0.2657173679446576			
GO_CYTOKINE_METABOLIC_PROCESS	-0.265722332415373			
BIOCARTA_GRANULOCYTES_PATHWAY	-0.26572985102798746			
REACTOME_VIRAL_MESSENGER_RNA_SYNTHESIS	-0.2657470265934945			
GO_GALANIN_RECEPTOR_ACTIVITY	-0.26575738416227535			
GO_DNA_SYNTHESIS_INVOLVED_IN_DNA_REPAIR	-0.26576687934473847			
GO_REGULATION_OF_OSTEOCLAST_DEVELOPMENT	-0.2657766829426924			
GSE1460_INTRATHYMIC_T_PROGENITOR_VS_DP_THYMOCYTE_DN	-0.2658071207768349			
ATATGCA_MIR448	-0.2658258693157459			
GO_NUCLEOTIDE_EXCISION_REPAIR	-0.2658263296524827			
GSE24292_WT_VS_PPARG_KO_MACROPHAGE_DN	-0.26584649289920065			
GO_HOST_INTRACELLULAR_ORGANELLE	-0.2658472387437833			
MIR532_3P	-0.2658603535557896			
GSE21380_NON_TFH_VS_TFH_CD4_TCELL_UP	-0.2658695302230209			
GO_DEOXYRIBONUCLEOSIDE_TRIPHOSPHATE_METABOLIC_PROCESS	-0.26588098681696654			
GSE8621_LPS_PRIMED_UNSTIM_VS_LPS_PRIMED_AND_LPS_STIM_MACROPHAGE_DN	-0.2659246557270016			
GO_LIGAND_GATED_ION_CHANNEL_ACTIVITY	-0.2659473135739512			
TCOF1_TARGET_GENES	-0.26594781454087246			
MIR7109_5P	-0.2659521873227819			
REACTOME_HOMOLOGOUS_DNA_PAIRING_AND_STRAND_EXCHANGE	-0.26596191978735423			
DING_LUNG_CANCER_BY_MUTATION_RATE	-0.2659713206339076			
MIR194_3P	-0.2659731061379662			
GO_TOXIN_BIOSYNTHETIC_PROCESS	-0.2659782049749812			
GO_SNRNA_MODIFICATION	-0.26598362114184954			
GO_CALCINEURIN_COMPLEX	-0.2659912522060512			
MIR4455	-0.26600269511813435			
GO_HISTONE_H3_K36_DEMETHYLATION	-0.26600923802464016			
GO_HISTONE_DEMETHYLASE_ACTIVITY_H3_K36_SPECIFIC	-0.26600923802464016			
GO_MALE_MEIOTIC_NUCLEAR_DIVISION	-0.26602173487235437			
GSE45365_NK_CELL_VS_CD8_TCELL_DN	-0.26602278124059026			
KEGG_INTESTINAL_IMMUNE_NETWORK_FOR_IGA_PRODUCTION	-0.26603709975702833			
GO_TYPE_I_INTERFERON_SECRETION	-0.26605080772939876			
IPA_YY1_UP	-0.26607530146026587			
GSE7460_FOXP3_MUT_VS_HET_ACT_TCONV_DN	-0.2660863497389859			
MIR4456	-0.2660902128909436			
GO_ENDONUCLEOLYTIC_CLEAVAGE_INVOLVED_IN_RRNA_PROCESSING	-0.2660984907871601			
GO_NADPH_OXIDASE_COMPLEX	-0.2661303993719519			
GO_ADENOSINE_TO_INOSINE_EDITING	-0.26615593782268526			
GSE17721_POLYIC_VS_GARDIQUIMOD_12H_BMDC_DN	-0.26619332519509675			
ATGCAGT_MIR217	-0.2662045035590722			
GSE27786_CD8_TCELL_VS_NEUTROPHIL_UP	-0.2662136777700784			
GSE34006_A2AR_KO_VS_A2AR_AGONIST_TREATED_TREG_DN	-0.2662372746546189			
GSE2124_CTRL_VS_LYMPHOTOXIN_BETA_TREATED_MLN_UP	-0.2662477386379725			
GO_IMMUNE_RESPONSE_INHIBITING_SIGNAL_TRANSDUCTION	-0.26625210280880873			
GO_PARENTAL_BEHAVIOR	-0.2662640230494933			
GSE17721_LPS_VS_GARDIQUIMOD_24H_BMDC_UP	-0.2662692101919439			
GSE15930_STIM_VS_STIM_AND_IFNAB_24H_CD8_T_CELL_UP	-0.26627614351544393			
GO_GABA_RECEPTOR_BINDING	-0.2662939397004193			
GO_NEGATIVE_REGULATION_OF_MEMBRANE_REPOLARIZATION_DURING_CARDIAC_MUSCLE_CELL_ACTION_POTENTIAL	-0.26631197220663144			
chr7q36	-0.2663150777896907			
GO_PSEUDOURIDINE_SYNTHASE_ACTIVITY	-0.26632634269206595			
GO_SEH1_ASSOCIATED_COMPLEX	-0.2663459747216776			
GO_TELOMERASE_HOLOENZYME_COMPLEX	-0.26635499590588796			
CASORELLI_ACUTE_PROMYELOCYTIC_LEUKEMIA_UP	-0.2663871012358761			
MIR3611	-0.2664007022307471			
GSE10325_LUPUS_CD4_TCELL_VS_LUPUS_BCELL_UP	-0.26642520385741736			
GO_SYNAPTIC_TRANSMISSION_GABAERGIC	-0.2664565276647026			
GSE36476_YOUNG_VS_OLD_DONOR_MEMORY_CD4_TCELL_72H_TSST_ACT_DN	-0.2664772744333824			
GO_SISTER_CHROMATID_COHESION	-0.26648584856903856			
GSE45365_HEALTHY_VS_MCMV_INFECTION_CD11B_DC_UP	-0.2665180477735384			
GO_NEGATIVE_REGULATION_OF_MICROGLIAL_CELL_ACTIVATION	-0.26652735698776575			
GSE1460_INTRATHYMIC_T_PROGENITOR_VS_CD4_THYMOCYTE_DN	-0.2665295044731253			
GO_PH_ELEVATION	-0.26654132864393376			
REACTOME_NUCLEOTIDE_EXCISION_REPAIR	-0.26654264561244334			
LIAN_LIPA_TARGETS_3M	-0.2665501218969415			
GO_INHIBITORY_SYNAPSE_ASSEMBLY	-0.2665537925586406			
chr6q15	-0.26659432335749245			
RIZKI_TUMOR_INVASIVENESS_2D_UP	-0.2665953412253706			
MIR3177_3P	-0.26659800933847116			
GSE8921_UNSTIM_VS_TLR1_2_STIM_MONOCYTE_3H_UP	-0.2666003848217778			
YIH_RESPONSE_TO_ARSENITE_C3	-0.26660393778334385			
GO_PHOSPHATIDYLINOSITOL_TRISPHOSPHATE_PHOSPHATASE_ACTIVITY	-0.2666082798007229			
IPA_LITAF_DN	-0.26661170951480034			
MIR6741_5P	-0.26661260302532974			
GO_LIPOPOLYSACCHARIDE_RECEPTOR_COMPLEX	-0.26664967411480667			
GO_NEGATIVE_REGULATION_OF_T_CELL_RECEPTOR_SIGNALING_PATHWAY	-0.26665300947724585			
GO_REGULATION_OF_STORE_OPERATED_CALCIUM_CHANNEL_ACTIVITY	-0.2666659386780295			
GO_NEGATIVE_REGULATION_OF_UBIQUITIN_PROTEIN_LIGASE_ACTIVITY	-0.26667531585724275			
GSE40277_EOS_AND_LEF1_TRANSDUCED_VS_GATA1_AND_SATB1_TRANSDUCED_CD4_TCELL_DN	-0.26668231572364615			
GO_UTP_METABOLIC_PROCESS	-0.2666857959200375			
PALOMERO_GSI_SENSITIVITY_UP	-0.26669147321174286			
NCX_01	-0.2666959653178059			
MIR4641	-0.2667004744929973			
MIR4324	-0.26670099723123075			
MIR553	-0.2667026518108863			
GO_NEGATIVE_REGULATION_OF_INFLAMMATORY_RESPONSE	-0.2667144273405036			
GSE11973_MIR223_KOVS_WT_BONE_MARROW_NEUTROPHIL_UP	-0.26673634602969853			
GO_POSITIVE_REGULATION_OF_LEUKOCYTE_APOPTOTIC_PROCESS	-0.2667400896007791			
AGTCAGC_MIR345	-0.2667439323356469			
BIOCARTA_GLEEVEC_PATHWAY	-0.26675251188028465			
CTGCAGY_UNKNOWN	-0.26676250167022425			
GO_NEUROLIGIN_FAMILY_PROTEIN_BINDING	-0.2667634987935846			
REACTOME_TELOMERE_MAINTENANCE	-0.26677649892649963			
BIOCARTA_VIP_PATHWAY	-0.26679518007279546			
MIR212_5P	-0.26686264042043595			
GSE5142_HTERT_TRANSDUCED_VS_CTRL_CD8_TCELL_LATE_PASSAGE_CLONE_UP	-0.26687946633696563			
GO_POSITIVE_REGULATION_OF_CHROMATIN_ORGANIZATION	-0.2668795538167559			
GO_BASE_CONVERSION_OR_SUBSTITUTION_EDITING	-0.2668904545295976			
MIR483_3P	-0.2669199432450903			
MIR337_3P	-0.2669317399372531			
GSE40666_STAT1_KO_VS_STAT4_KO_CD8_TCELL_WITH_IFNA_STIM_90MIN_UP	-0.26693534212393377			
GO_OUTWARD_RECTIFIER_POTASSIUM_CHANNEL_ACTIVITY	-0.26694577109923806			
GSE36476_CTRL_VS_TSST_ACT_40H_MEMORY_CD4_TCELL_OLD_UP	-0.26695442418146476			
MIR4796_5P	-0.266976098482253			
GSE23308_WT_VS_MINERALCORTICOID_REC_KO_MACROPHAGE_CORTICOSTERONE_TREATED_UP	-0.26698376539718227			
REACTOME_EXTENSION_OF_TELOMERES	-0.26700789552602566			
GO_NEGATIVE_REGULATION_OF_GONAD_DEVELOPMENT	-0.26701204168101017			
REACTOME_CD28_DEPENDENT_PI3K_AKT_SIGNALING	-0.26702246995347056			
REACTOME_MRNA_DECAY_BY_3_TO_5_EXORIBONUCLEASE	-0.26705854202751683			
GO_REGULATION_OF_CHROMOSOME_CONDENSATION	-0.26706579659999347			
MIR1205	-0.2670705057428083			
GO_HISTONE_H3_K4_DEMETHYLATION	-0.2670766119538385			
GO_TRANSCRIPTION_PREINITIATION_COMPLEX_ASSEMBLY	-0.2670804768621905			
MIR518E_5P_MIR519A_5P_MIR519B_5P_MIR519C_5P_MIR522_5P_MIR523_5P	-0.2670869966746338			
MIR4476	-0.26708759457129355			
GSE17721_POLYIC_VS_CPG_16H_BMDC_UP	-0.26709299150378407			
GO_REGULATION_OF_PROTEIN_ADP_RIBOSYLATION	-0.2671286677278543			
GO_NEGATIVE_REGULATION_OF_MYELOID_LEUKOCYTE_MEDIATED_IMMUNITY	-0.2671691093113424			
IPA_RUNX3_DN	-0.2671817256423168			
GO_PEROXISOMAL_TRANSPORT	-0.26720930288556016			
GO_NEGATIVE_REGULATION_OF_TRANSMISSION_OF_NERVE_IMPULSE	-0.2672801354603077			
GSE27786_CD4_TCELL_VS_ERYTHTROBLAST_UP	-0.26728335929631347			
GSE17186_MEMORY_VS_NAIVE_BCELL_UP	-0.26729163314217247			
GO_VENTRICULAR_SEPTUM_MORPHOGENESIS	-0.26730609545006084			
GSE22229_RENAL_TRANSPLANT_IMMUNOSUPP_THERAPY_VS_HEALTHY_PBMC_UP	-0.2673157275412341			
IPA_ZBTB33_DN	-0.2673298738679446			
MIR185_5P	-0.26734590812054887			
IPA_RORA_UP	-0.26735695676763016			
GENTILE_UV_RESPONSE_CLUSTER_D9	-0.2673694653279746			
SHEDDEN_LUNG_CANCER_GOOD_SURVIVAL_A12	-0.2673779983052627			
GSE25123_CTRL_VS_ROSIGLITAZONE_STIM_MACROPHAGE_UP	-0.26737946329324835			
GSE27786_NEUTROPHIL_VS_MONO_MAC_UP	-0.267419839290475			
GSE37532_VISCERAL_ADIPOSE_TISSUE_VS_LN_DERIVED_PPARG_KO_TCONV_CD4_TCELL_UP	-0.26742386419189207			
GSE41176_UNSTIM_VS_ANTI_IGM_STIM_TAK1_KO_BCELL_6H_DN	-0.26742716879774403			
MIR1290	-0.2674347404529165			
GO_MUTSALPHA_COMPLEX_BINDING	-0.2674424617959153			
GSE28783_ANTI_MIR33_VS_CTRL_ATHEROSCLEROSIS_MACROPHAGE_DN	-0.2674442605715446			
IPA_NCOR1_DN	-0.2674510389397887			
GSE29949_CD8_POS_DC_SPLEEN_VS_DC_BRAIN_UP	-0.2674648253652805			
REACTOME_TRNA_MODIFICATION_IN_THE_MITOCHONDRION	-0.26747160559521027			
MIR3147	-0.26749629968483113			
MADAN_DPPA4_TARGETS	-0.267511327571578			
GO_NADP_METABOLIC_PROCESS	-0.2675341070361343			
GSE5589_LPS_AND_IL10_VS_LPS_AND_IL6_STIM_IL6_KO_MACROPHAGE_45MIN_UP	-0.26753651207558815			
GO_CALCIUM_ION_TRANSMEMBRANE_IMPORT_INTO_CYTOSOL	-0.2675395045534069			
GO_FEMALE_MATING_BEHAVIOR	-0.26754227329084673			
GSE17721_12H_VS_24H_POLYIC_BMDC_DN	-0.2675651371230802			
GO_REGULATION_OF_T_CELL_EXTRAVASATION	-0.26757359778734624			
GO_MULTICELLULAR_ORGANISMAL_RESPONSE_TO_STRESS	-0.2675768363577569			
GSE24634_TEFF_VS_TCONV_DAY5_IN_CULTURE_DN	-0.2675953155638201			
GSE40274_XBP1_VS_FOXP3_AND_XBP1_TRANSDUCED_ACTIVATED_CD4_TCELL_DN	-0.2676091371219629			
GSE7831_UNSTIM_VS_CPG_STIM_PDC_4H_UP	-0.2676162934774425			
GO_NEGATIVE_REGULATION_OF_CHROMATIN_SILENCING	-0.26761767254627583			
GO_ORIGIN_RECOGNITION_COMPLEX	-0.26765370823853085			
GSE37301_PRO_BCELL_VS_CD4_TCELL_UP	-0.26766119939659605			
GSE5679_CTRL_VS_PPARG_LIGAND_ROSIGLITAZONE_TREATED_DC_UP	-0.2676677357185962			
MIR4769_5P	-0.26768334653101195			
GO_IMP_METABOLIC_PROCESS	-0.26769036926681056			
GO_MHC_CLASS_IB_PROTEIN_BINDING	-0.2677082130183148			
GSE16450_CTRL_VS_IFNA_12H_STIM_MATURE_NEURON_CELL_LINE_DN	-0.26771590558231656			
GSE33292_DN3_THYMOCYTE_VS_TCELL_LYMPHOMA_FROM_TCF1_KO_UP	-0.26774054283988946			
REACTOME_TELOMERE_C_STRAND_SYNTHESIS_INITIATION	-0.26774696755828			
STARK_PREFRONTAL_CORTEX_22Q11_DELETION_UP	-0.2677490797849015			
REACTOME_VLDL_ASSEMBLY	-0.2677518019135045			
GO_TRANSCRIPTION_COACTIVATOR_ACTIVITY	-0.267765065363824			
GSE19198_CTRL_VS_IL21_TREATED_TCELL_6H_DN	-0.2677674576088843			
GSE21063_WT_VS_NFATC1_KO_8H_ANTI_IGM_STIM_BCELL_UP	-0.2677728541867406			
GSE3039_CD4_TCELL_VS_ALPHABETA_CD8_TCELL_UP	-0.26777675062884243			
FIGUEROA_AML_METHYLATION_CLUSTER_5_DN	-0.2678248018996576			
MIR7155_3P	-0.26783962877667844			
CAGTCAC_MIR134	-0.26791235197046953			
GO_SINGLE_STRANDED_DNA_HELICASE_ACTIVITY	-0.26792412589319636			
GSE3982_MEMORY_CD4_TCELL_VS_BCELL_UP	-0.2679265008431906			
GSE39556_UNTREATED_VS_3H_POLYIC_INJ_MOUSE_NK_CELL_UP	-0.26797151144975784			
BHATI_G2M_ARREST_BY_2METHOXYESTRADIOL_DN	-0.2679784715234108			
ZNF623_TARGET_GENES	-0.26799004346341676			
YWATTWNNRGCT_UNKNOWN	-0.2679947380352321			
GO_REGULATION_OF_NEUTROPHIL_MIGRATION	-0.2680040458853014			
GO_NATURAL_KILLER_CELL_CHEMOTAXIS	-0.2680406506358953			
GSE18893_TCONV_VS_TREG_24H_TNF_STIM_DN	-0.26804375400313923			
MIR920	-0.26807190896994165			
GO_REGULATION_OF_TOLL_LIKE_RECEPTOR_SIGNALING_PATHWAY	-0.2680797670813776			
GO_PROTEIN_KINASE_C_ACTIVATING_G_PROTEIN_COUPLED_RECEPTOR_SIGNALING_PATHWAY	-0.2680870620795152			
GSE10273_HIGH_IL7_VS_HIGH_IL7_AND_IRF4_IN_IRF4_8_NULL_PRE_BCELL_DN	-0.2680871808052563			
ACTAYRNNNCCCR_UNKNOWN	-0.26810640294498195			
GO_EQUATORIAL_MICROTUBULE_ORGANIZING_CENTER	-0.2681077949993776			
GO_CELLULAR_AMINO_ACID_CATABOLIC_PROCESS	-0.26816916512420086			
IPA_FEZF2_UP	-0.2681939945624809			
GSE28737_WT_VS_BCL6_KO_FOLLICULAR_BCELL_UP	-0.26821825002029265			
GO_PURINE_NUCLEOSIDE_TRIPHOSPHATE_CATABOLIC_PROCESS	-0.2682414337804711			
KEGG_GLYCINE_SERINE_AND_THREONINE_METABOLISM	-0.268266372402649			
GO_SHORT_TERM_MEMORY	-0.2682825229923262			
GO_NEGATIVE_REGULATION_OF_MRNA_PROCESSING	-0.26829465035054006			
REACTOME_LTC4_CYSLTR_MEDIATED_IL4_PRODUCTION	-0.2683097072887183			
REACTOME_REGULATION_OF_SIGNALING_BY_CBL	-0.2683240131061			
GO_REGULATION_OF_SYNAPTIC_TRANSMISSION_GABAERGIC	-0.26834458389062515			
GSE3337_CTRL_VS_16H_IFNG_IN_CD8POS_DC_UP	-0.26836287819780597			
GSE17721_PAM3CSK4_VS_GADIQUIMOD_1H_BMDC_DN	-0.2683705854606246			
GARGALOVIC_RESPONSE_TO_OXIDIZED_PHOSPHOLIPIDS_BLUE_DN	-0.26840208527981313			
GO_INNATE_IMMUNE_RESPONSE	-0.26842522109822387			
GO_CARBOHYDRATE_BINDING	-0.26843134092429827			
BIOCARTA_IL12_PATHWAY	-0.26847804659486074			
GSE43863_LY6C_INT_CXCR5POS_VS_LY6C_LOW_CXCR5NEG_EFFECTOR_CD4_TCELL_UP	-0.26848682627711806			
GO_MICROBODY	-0.26849571961809465			
CTCNANGTGNY_UNKNOWN	-0.26849690646058527			
GO_PRERIBOSOME_SMALL_SUBUNIT_PRECURSOR	-0.2685119787352156			
KEGG_PROGESTERONE_MEDIATED_OOCYTE_MATURATION	-0.26854630305281			
REACTOME_FORMATION_OF_INCISION_COMPLEX_IN_GG_NER	-0.2685502491630594			
MIR4447	-0.2685566247401204			
GO_POSITIVE_REGULATION_OF_ORGAN_GROWTH	-0.26855972693322905			
GO_REGULATION_OF_CALCIUM_ION_TRANSPORT_INTO_CYTOSOL	-0.2685808515052856			
GO_RESPONSE_TO_HYDROXYUREA	-0.26860188472574775			
GSE22886_NEUTROPHIL_VS_MONOCYTE_DN	-0.2686125282095809			
MIR6798_3P	-0.2686272454343072			
GSE17974_CTRL_VS_ACT_IL4_AND_ANTI_IL12_48H_CD4_TCELL_UP	-0.2686626146687619			
REACTOME_RESOLUTION_OF_D_LOOP_STRUCTURES	-0.26866540826088187			
REACTOME_CLASS_C_3_METABOTROPIC_GLUTAMATE_PHEROMONE_RECEPTORS	-0.2686715522802797			
GSE17974_0H_VS_6H_IN_VITRO_ACT_CD4_TCELL_UP	-0.26869115488760204			
KEGG_BASE_EXCISION_REPAIR	-0.268691380637141			
GSE9509_10MIN_VS_30MIN_LPS_STIM_IL10_KO_MACROPHAGE_DN	-0.26869262098227137			
GO_T_CELL_EXTRAVASATION	-0.2687067631810972			
GSE19401_PAM2CSK4_VS_RETINOIC_ACID_STIM_FOLLICULAR_DC_UP	-0.2687189504616494			
GO_POST_MRNA_RELEASE_SPLICEOSOMAL_COMPLEX	-0.2687343500419979			
GSE46606_IRF4MID_VS_WT_CD40L_IL2_IL5_DAY1_STIMULATED_BCELL_UP	-0.26875549392195786			
IPA_E2F6_DN	-0.26875808171537463			
SCHLINGEMANN_SKIN_CARCINOGENESIS_TPA_DN	-0.26876963240925383			
GSE36888_UNTREATED_VS_IL2_TREATED_STAT5_AB_KNOCKIN_TCELL_6H_UP	-0.2687741227613788			
GATA1_01	-0.2687806068203043			
GSE22140_HEALTHY_VS_ARTHRITIC_MOUSE_CD4_TCELL_UP	-0.26879319589834777			
GO_DAMAGED_DNA_BINDING	-0.26879481056135984			
THRA_TARGET_GENES	-0.26880372449361334			
GO_POSITIVE_REGULATION_OF_RIG_I_SIGNALING_PATHWAY	-0.26880407352650454			
GO_MICROBODY_LUMEN	-0.2688173151890002			
IPA_SOX5_DN	-0.26883091724289826			
GSE16450_IMMATURE_VS_MATURE_NEURON_CELL_LINE_6H_IFNA_STIM_DN	-0.2688378084643605			
GSE9037_CTRL_VS_LPS_4H_STIM_IRAK4_KO_BMDM_UP	-0.26884228347732414			
GO_SUPEROXIDE_METABOLIC_PROCESS	-0.26884370110798333			
GSE36078_WT_VS_IL1R_KO_LUNG_DC_DN	-0.2688713936735052			
IPA_HOXB8_UP	-0.26887329121620884			
GO_JUXTAPARANODE_REGION_OF_AXON	-0.2688828173745931			
GO_H4_H2A_HISTONE_ACETYLTRANSFERASE_COMPLEX	-0.26889067393927446			
GO_CELLULAR_RESPONSE_TO_UV	-0.2688938721636153			
GO_METENCEPHALON_DEVELOPMENT	-0.26890074188366475			
GSE19888_CTRL_VS_A3R_INHIBITOR_TREATED_MAST_CELL_DN	-0.2689137487342036			
GSE29164_DAY3_VS_DAY7_CD8_TCELL_TREATED_MELANOMA_UP	-0.2689162374339141			
GO_POSITIVE_REGULATION_OF_LYMPHOCYTE_CHEMOTAXIS	-0.26893982559209295			
GO_REGULATION_OF_DOUBLE_STRAND_BREAK_REPAIR	-0.26896780590613467			
GSE360_L_MAJOR_VS_T_GONDII_MAC_DN	-0.26897245622038995			
GO_ALPHA_DNA_POLYMERASE_PRIMASE_COMPLEX	-0.268972851476122			
GO_REGULATION_OF_T_HELPER_17_CELL_LINEAGE_COMMITMENT	-0.26899519128982735			
GO_REGULATION_OF_ANDROGEN_RECEPTOR_SIGNALING_PATHWAY	-0.268998222963003			
GO_MULTI_ORGANISM_BEHAVIOR	-0.2690389066052822			
GO_BICARBONATE_TRANSPORT	-0.2690742850004046			
BIOCARTA_CASPASE_PATHWAY	-0.2690763237497151			
REACTOME_REGULATION_OF_MECP2_EXPRESSION_AND_ACTIVITY	-0.26908548931186993			
GO_POSITIVE_REGULATION_OF_ACUTE_INFLAMMATORY_RESPONSE_TO_ANTIGENIC_STIMULUS	-0.26908580894606615			
GO_HISTONE_MRNA_CATABOLIC_PROCESS	-0.26910379421767633			
MIR299_3P	-0.2691159250732179			
GO_CELLULAR_NITROGEN_COMPOUND_CATABOLIC_PROCESS	-0.2691370393171356			
LIANG_HEMATOPOIESIS_STEM_CELL_NUMBER_QTL	-0.2691401291288547			
ICHIBA_GRAFT_VERSUS_HOST_DISEASE_D7_UP	-0.26915209032868			
GSE19198_1H_VS_24H_IL21_TREATED_TCELL_UP	-0.2691618514949126			
GO_REGULATION_OF_MRNA_POLYADENYLATION	-0.2691880601723162			
GO_CUL4A_RING_E3_UBIQUITIN_LIGASE_COMPLEX	-0.2692172501137833			
GO_CLATHRIN_SCULPTED_MONOAMINE_TRANSPORT_VESICLE	-0.2692220868605696			
REACTOME_PROLACTIN_RECEPTOR_SIGNALING	-0.26922767347638493			
GO_PYRIMIDINE_DEOXYRIBONUCLEOTIDE_BIOSYNTHETIC_PROCESS	-0.2692308057921339			
GO_PURINE_NUCLEOTIDE_SALVAGE	-0.269236228567666			
GO_TRANSLATIONAL_INITIATION	-0.26924689741592206			
MIR6879_5P	-0.26926904841881844			
GO_NEGATIVE_REGULATION_OF_VASCULAR_SMOOTH_MUSCLE_CELL_DIFFERENTIATION	-0.26930735320286453			
GO_DOUBLE_STRANDED_RNA_ADENOSINE_DEAMINASE_ACTIVITY	-0.26931104233963615			
MIR3171	-0.2693413629339205			
LI_ADIPOGENESIS_BY_ACTIVATED_PPARG	-0.26934550183895517			
AAGCAAT_MIR137	-0.26935020155677425			
GO_POSITIVE_REGULATION_OF_TRIGLYCERIDE_LIPASE_ACTIVITY	-0.26935162511378746			
GSE26290_CTRL_VS_AKT_INHIBITOR_TREATED_ANTI_CD3_AND_IL2_STIM_CD8_TCELL_DN	-0.2693685299384353			
LEE_EARLY_T_LYMPHOCYTE_UP	-0.2693689163876976			
GO_AU_RICH_ELEMENT_BINDING	-0.26938970839779			
MIR4644	-0.2694007221877825			
GO_LIGAND_GATED_CATION_CHANNEL_ACTIVITY	-0.2694020371206486			
REACTOME_HOMOLOGY_DIRECTED_REPAIR	-0.2694130640935629			
MIR4469	-0.2694260685409144			
MIR6812_5P	-0.2694341505297984			
GSE21927_EL4_VS_MCA203_TUMOR_MONOCYTES_UP	-0.2694364973582227			
GO_MANNOSIDASE_ACTIVITY	-0.26943778570165927			
GSE26928_CENTR_MEMORY_VS_CXCR5_POS_CD4_TCELL_DN	-0.269440228329468			
HALLMARK_SPERMATOGENESIS	-0.2694407045358859			
GO_POLYOL_METABOLIC_PROCESS	-0.2694447192332394			
NKX25_02	-0.2694778809289868			
IVANOVA_HEMATOPOIESIS_MATURE_CELL	-0.2694958103480607			
GO_POSITIVE_REGULATION_OF_TRANSCRIPTION_FROM_RNA_POLYMERASE_II_PROMOTER_IN_RESPONSE_TO_HEAT_STRESS	-0.26950310312048364			
GO_SECOND_MESSENGER_MEDIATED_SIGNALING	-0.2695036390818739			
GSE11924_TH1_VS_TH2_CD4_TCELL_UP	-0.26950452483600856			
GSE14308_TH2_VS_TH1_DN	-0.269507990584208			
BIOCARTA_BARR_MAPK_PATHWAY	-0.26951139035926214			
GO_EXORIBONUCLEASE_COMPLEX	-0.26954461649907807			
GSE43863_NAIVE_VS_TFH_CD4_EFF_TCELL_D6_LCMV_DN	-0.26954853844009763			
MIR8069	-0.2695564370449768			
GSE17974_0H_VS_48H_IN_VITRO_ACT_CD4_TCELL_UP	-0.26956384615185264			
chrXq13	-0.26958632373019825			
GSE12003_4D_VS_8D_CULTURE_BM_PROGENITOR_DN	-0.2695903349554444			
GSE17721_CTRL_VS_LPS_2H_BMDC_UP	-0.26959389154491786			
BOYLAN_MULTIPLE_MYELOMA_C_UP	-0.2696369727137664			
IPA_TRIM22_UP	-0.26965746637974974			
GO_DNA_BINDING_TRANSCRIPTION_REPRESSOR_ACTIVITY	-0.26966246249675896			
GO_VOLTAGE_GATED_ION_CHANNEL_ACTIVITY	-0.26966835469812445			
MARSON_BOUND_BY_E2F4_UNSTIMULATED	-0.2696744841145947			
GACAGGG_MIR339	-0.2696766549696429			
ATGTCAC_MIR489	-0.26969935725716804			
GSE21379_WT_VS_SAP_KO_CD4_TCELL_DN	-0.2697005433522539			
GSE2770_IL4_ACT_VS_ACT_CD4_TCELL_2H_DN	-0.2697075017485145			
GSE7460_FOXP3_MUT_VS_WT_ACT_WITH_TGFB_TCONV_DN	-0.2697299549203412			
GSE32986_GMCSF_VS_GMCSF_AND_CURDLAN_LOWDOSE_STIM_DC_DN	-0.26974944426246833			
MAYBURD_RESPONSE_TO_L663536_UP	-0.26976293756455977			
IPA_KAT5_UP	-0.26977641885404907			
STK33_DN	-0.2697768428542994			
IPA_PRDM5_UP	-0.2697944288153257			
GCCATNTTG_YY1_Q6	-0.26981416067970426			
GO_PRODUCTION_OF_SIRNA_INVOLVED_IN_RNA_INTERFERENCE	-0.2698226238107153			
GO_CELLULAR_PROCESS_INVOLVED_IN_REPRODUCTION_IN_MULTICELLULAR_ORGANISM	-0.2698252518347772			
GSE22611_UNSTIM_VS_6H_MDP_STIM_MUTANT_NOD2_TRANSDUCED_HEK293T_CELL_DN	-0.2698393045833861			
MIR4663	-0.2698450190040872			
GO_POSITIVE_REGULATION_OF_MITOTIC_SISTER_CHROMATID_SEPARATION	-0.26985432149999494			
GSE20500_CTRL_VS_RARA_ANTAGONIST_TREATED_CD4_TCELL_DN	-0.26985594870738827			
BIOCARTA_STATHMIN_PATHWAY	-0.2698965187275021			
chr6q13	-0.2699024335185379			
GSE3982_BCELL_VS_BASOPHIL_UP	-0.26990888642089483			
IPA_H2AFX_UP	-0.2699137266838454			
GO_INSULIN_RECEPTOR_SUBSTRATE_BINDING	-0.26992312150367076			
GO_PHOSPHOLIPID_EFFLUX	-0.26993228736834823			
GO_MIRNA_MEDIATED_INHIBITION_OF_TRANSLATION	-0.26997961344931426			
BIOCARTA_EPO_PATHWAY	-0.26999164438665607			
GSE5589_UNSTIM_VS_45MIN_LPS_AND_IL10_STIM_MACROPHAGE_UP	-0.2699918274732034			
REACTOME_REGULATION_OF_GLUCOKINASE_BY_GLUCOKINASE_REGULATORY_PROTEIN	-0.2700075390179536			
GO_RESPONSE_TO_UV_C	-0.270016894094187			
GSE9650_NAIVE_VS_MEMORY_CD8_TCELL_UP	-0.2700290534973091			
GSE28737_FOLLICULAR_VS_MARGINAL_ZONE_BCELL_UP	-0.27004380388368593			
GO_SOMATIC_DIVERSIFICATION_OF_IMMUNE_RECEPTORS_VIA_SOMATIC_MUTATION	-0.2700737353385953			
GO_REGULATION_OF_RESPONSE_TO_BIOTIC_STIMULUS	-0.2700939029476459			
IPA_MBD2_DN	-0.27010095424040004			
GSE11961_MARGINAL_ZONE_BCELL_VS_GERMINAL_CENTER_BCELL_DAY7_UP	-0.27011720333203193			
GO_POSITIVE_REGULATION_OF_ACTIVATION_OF_JANUS_KINASE_ACTIVITY	-0.2701508317850946			
BIOCARTA_BARD1_PATHWAY	-0.270155460711095			
GSE34515_CD16_NEG_MONOCYTE_VS_DC_UP	-0.2701613246139289			
GO_HEMOGLOBIN_METABOLIC_PROCESS	-0.27017966422002926			
GSE360_CTRL_VS_L_MAJOR_DC_UP	-0.270213276669208			
GRAHAM_NORMAL_QUIESCENT_VS_NORMAL_DIVIDING_DN	-0.270257036548061			
IPA_RPA2_DN	-0.27028032386374723			
IPA_RUNX1T1_UP	-0.27029131675743473			
GO_RNA_METHYLATION	-0.27029864342702314			
GSE3994_WT_VS_PAC1_KO_ACTIVATED_MAST_CELL_DN	-0.27030625067178315			
GSE41867_DAY8_VS_DAY15_LCMV_ARMSTRONG_EFFECTOR_CD8_TCELL_UP	-0.27033533141909843			
GO_RIBONUCLEOPROTEIN_COMPLEX	-0.2703524683208876			
CACTGTG_MIR128A_MIR128B	-0.27037572980646113			
GO_RESPONSE_TO_METHYLMERCURY	-0.27037575442024026			
GO_PYRIMIDINE_DEOXYRIBONUCLEOSIDE_TRIPHOSPHATE_METABOLIC_PROCESS	-0.2703803675074771			
REACTOME_SNRNP_ASSEMBLY	-0.27038592439788744			
GO_SMALL_PROTEIN_ACTIVATING_ENZYME_BINDING	-0.27039792236637145			
GSE10422_WT_VS_BAFF_TRANSGENIC_LN_BCELL_UP	-0.2704023014574234			
GO_NEGATIVE_REGULATION_OF_ACTION_POTENTIAL	-0.2704417510867981			
GO_GAS_TRANSPORT	-0.2704573735869402			
RB_P107_DN.V1_UP	-0.27046744435993586			
GSE11057_NAIVE_VS_MEMORY_CD4_TCELL_UP	-0.27048692474409086			
GSE360_L_MAJOR_VS_B_MALAYI_HIGH_DOSE_MAC_DN	-0.2704953212648969			
GSE14350_IL2RB_KO_VS_WT_TEFF_DN	-0.27050277587106397			
GO_POSITIVE_REGULATION_OF_INTERLEUKIN_8_PRODUCTION	-0.2705640276757304			
PAX4_04	-0.27056528714630973			
CHEN_ETV5_TARGETS_SERTOLI	-0.2705710395572747			
GSE16385_ROSIGLITAZONE_IL4_VS_ROSIGLITAZONE_ALONE_STIM_MACROPHAGE_DN	-0.27057800562138346			
IPA_PRMT5_DN	-0.27060727789115213			
MIR7845_5P	-0.27061189421299003			
GSE41176_UNSTIM_VS_ANTI_IGM_STIM_TAK1_KO_BCELL_24H_UP	-0.2706268255490715			
GSE3982_MAC_VS_NEUTROPHIL_LPS_STIM_DN	-0.2706333103635965			
REACTOME_INTERACTIONS_OF_VPR_WITH_HOST_CELLULAR_PROTEINS	-0.27069709919266527			
GO_REGULATION_OF_PROTEIN_TYROSINE_PHOSPHATASE_ACTIVITY	-0.27069907910892455			
GO_PYRIMIDINE_DEOXYRIBONUCLEOSIDE_MONOPHOSPHATE_METABOLIC_PROCESS	-0.2707018524041475			
GSE411_WT_VS_SOCS3_KO_MACROPHAGE_IL6_STIM_400MIN_DN	-0.27070296576747327			
RNTCANNRNNYNATTW_UNKNOWN	-0.270713528126554			
MIR584_5P	-0.2707139123959985			
GO_DNA_INSERTION_OR_DELETION_BINDING	-0.2707220705605284			
REACTOME_HIV_LIFE_CYCLE	-0.27072659506907015			
GO_POSTSYNAPTIC_RECYCLING_ENDOSOME	-0.2707440228199175			
GO_EOSINOPHIL_DIFFERENTIATION	-0.27074434104432643			
GSE8678_IL7R_LOW_VS_HIGH_EFF_CD8_TCELL_DN	-0.2707469361154233			
MIR7113_3P	-0.2707689378116938			
CAIRO_LIVER_DEVELOPMENT_DN	-0.27078574058091676			
GO_RNAI_EFFECTOR_COMPLEX	-0.2707894322939782			
GO_REGULATION_OF_FATTY_ACID_BIOSYNTHETIC_PROCESS	-0.27081701963746835			
GO_NEGATIVE_REGULATION_OF_OSTEOCLAST_DIFFERENTIATION	-0.27082405106859897			
GSE40274_GATA1_VS_FOXP3_AND_GATA1_TRANSDUCED_ACTIVATED_CD4_TCELL_UP	-0.27092564835166033			
GO_INTERLEUKIN_17_PRODUCTION	-0.27095980381846885			
GSE17974_IL4_AND_ANTI_IL12_VS_UNTREATED_4H_ACT_CD4_TCELL_UP	-0.27096128504109274			
GO_CHROMATIN_REMODELING_AT_CENTROMERE	-0.2709657397019491			
GO_INTERLEUKIN_17_SECRETION	-0.27097841944680773			
GO_NEGATIVE_REGULATION_OF_RNA_BIOSYNTHETIC_PROCESS	-0.27098461304794424			
GSE37301_MULTIPOTENT_PROGENITOR_VS_PRO_BCELL_UP	-0.2709864470878689			
GSE33162_HDAC3_KO_VS_HDAC3_KO_4H_LPS_STIM_MACROPHAGE_UP	-0.2709937279315745			
GO_FC_EPSILON_RECEPTOR_SIGNALING_PATHWAY	-0.27099934513105334			
GSE37532_TREG_VS_TCONV_PPARG_KO_CD4_TCELL_FROM_VISCERAL_ADIPOSE_TISSUE_DN	-0.2710013027615157			
GO_C_ACETYLTRANSFERASE_ACTIVITY	-0.2710173438727666			
GO_CYTOKINE_SECRETION	-0.27103255055947345			
MIR6718_5P	-0.2710364592231458			
GO_NEGATIVE_REGULATION_OF_CYTOKINE_BIOSYNTHETIC_PROCESS	-0.27105582985941906			
GO_NEGATIVE_REGULATION_OF_CIRCADIAN_RHYTHM	-0.27106683821343563			
GO_CHEMOKINE_PRODUCTION	-0.27107066535339464			
GO_INOSITOL_HEXAKISPHOSPHATE_KINASE_ACTIVITY	-0.27107973462182317			
GSE17721_0.5H_VS_12H_LPS_BMDC_UP	-0.27110015513645935			
GO_MAINTENANCE_OF_CELL_POLARITY	-0.2711286766672875			
KONDO_COLON_CANCER_HCP_WITH_H3K27ME1	-0.27113250422995444			
ZSCAN18_TARGET_GENES	-0.2711336680624318			
GO_DEFENSE_RESPONSE_TO_BACTERIUM	-0.27115862811120633			
GO_NEGATIVE_REGULATION_OF_INTERLEUKIN_8_PRODUCTION	-0.2711696798274426			
GO_TRANSLATION_REPRESSOR_ACTIVITY	-0.2711883172237088			
GO_PEROXISOME_ORGANIZATION	-0.27119854078362593			
MIR4999_5P	-0.2712059514363272			
MATZUK_STEROIDOGENESIS	-0.27122105046512407			
GSE25890_CTRL_VS_IL33_IL7_TREATED_NUOCYTES_UP	-0.27122254108979876			
BIOCARTA_LYM_PATHWAY	-0.2712580712133224			
MIR6726_5P	-0.27125966791957806			
GO_NEGATIVE_REGULATION_OF_IMMUNE_EFFECTOR_PROCESS	-0.2712621785666579			
GO_RIBOSOMAL_SMALL_SUBUNIT_BINDING	-0.271262272427981			
MIR1207_3P	-0.27128458018348256			
MIR6090	-0.2713046510779801			
GO_CYTOKINE_PRODUCTION	-0.2713071009655934			
GO_NEGATIVE_REGULATION_OF_INTERLEUKIN_12_PRODUCTION	-0.2713203922893604			
GO_POSITIVE_REGULATION_OF_SPHINGOLIPID_BIOSYNTHETIC_PROCESS	-0.27133698143483265			
IPA_KLF5_DN	-0.2713466889683459			
GO_EOSINOPHIL_MIGRATION	-0.27135928327389075			
GO_INTERLEUKIN_6_MEDIATED_SIGNALING_PATHWAY	-0.271361417392836			
ZNF426_TARGET_GENES	-0.27137061389454764			
GO_DEUTEROSOME	-0.271384994367746			
KEGG_GLYOXYLATE_AND_DICARBOXYLATE_METABOLISM	-0.27139459182765063			
GO_POSITIVE_REGULATION_OF_CHROMOSOME_ORGANIZATION	-0.27139532824008317			
BROWN_MYELOID_CELL_DEVELOPMENT_DN	-0.27140039815725764			
GSE9650_NAIVE_VS_EFF_CD8_TCELL_UP	-0.2714450352424466			
DACH1_TARGET_GENES	-0.2714687764799201			
GO_HEMATOPOIETIC_STEM_CELL_MIGRATION	-0.2714735072667847			
REACTOME_MRNA_SPLICING_MINOR_PATHWAY	-0.2715030247910522			
GO_PIRNA_METABOLIC_PROCESS	-0.2715063962197452			
ZNF501_TARGET_GENES	-0.2715092470346428			
GO_REGULATION_OF_SMOOTH_MUSCLE_CELL_DIFFERENTIATION	-0.2715215347586555			
GO_NEGATIVE_REGULATION_OF_TRIGLYCERIDE_METABOLIC_PROCESS	-0.2715220314230482			
GSE15767_MED_VS_SCS_MAC_LN_DN	-0.2715474571579355			
PID_CXCR3_PATHWAY	-0.2715559759554312			
GO_RECEPTOR_SIGNALING_PATHWAY_VIA_STAT	-0.27156571499354343			
GAVIN_PDE3B_TARGETS	-0.27158652211522916			
GSE21063_3H_VS_16H_ANTI_IGM_STIM_BCELL_DN	-0.2715911272328663			
GO_REGULATION_OF_TRIGLYCERIDE_CATABOLIC_PROCESS	-0.2715988683061245			
REACTOME_RESOLUTION_OF_ABASIC_SITES_AP_SITES	-0.27160155323308505			
GO_NASCENT_POLYPEPTIDE_ASSOCIATED_COMPLEX	-0.27160707744692514			
REACTOME_STING_MEDIATED_INDUCTION_OF_HOST_IMMUNE_RESPONSES	-0.27163908402430886			
GO_REGULATION_OF_INTERLEUKIN_17_SECRETION	-0.27167859883920736			
MIR4277	-0.2717008065966578			
GO_DNA_REPLICATION_INDEPENDENT_NUCLEOSOME_ORGANIZATION	-0.27170566269564433			
GO_POSITIVE_REGULATION_OF_NLRP3_INFLAMMASOME_COMPLEX_ASSEMBLY	-0.271722262184092			
REACTOME_FACTORS_INVOLVED_IN_MEGAKARYOCYTE_DEVELOPMENT_AND_PLATELET_PRODUCTION	-0.27172812362261217			
GSE36078_UNTREATED_VS_AD5_INF_IL1R_KO_MOUSE_LUNG_DC_UP	-0.27173498968215043			
MIR6788_3P	-0.27176161563897094			
GSE21774_CD56_BRIGHT_VS_DIM_CD62L_POSITIVE_NK_CELL_DN	-0.2717671280293208			
GSE25088_ROSIGLITAZONE_VS_IL4_AND_ROSIGLITAZONE_STIM_MACROPHAGE_DAY10_DN	-0.2717737652674366			
MIR10392_3P	-0.2717749920429512			
GSE39556_UNTREATED_VS_3H_POLYIC_INJ_MOUSE_NK_CELL_DN	-0.27177871812141313			
IPA_NR2C2_UP	-0.2717884590631302			
BIOCARTA_HCMV_PATHWAY	-0.271789301813963			
MIR6507_3P	-0.27179808131997985			
MIR4428	-0.27179906568079315			
EGR3_01	-0.2718044154892441			
CHIARETTI_T_ALL_REFRACTORY_TO_THERAPY	-0.27180747283343026			
REACTOME_HDR_THROUGH_SINGLE_STRAND_ANNEALING_SSA	-0.2718122823588243			
GO_NUCLEAR_EXOSOME_RNASE_COMPLEX	-0.2718372538272324			
REACTOME_DNA_STRAND_ELONGATION	-0.2718709323513987			
ZNF23_TARGET_GENES	-0.27188767504621875			
PETRETTO_BLOOD_PRESSURE_DN	-0.27189713994868603			
GSE42021_CD24HI_TREG_VS_CD24HI_TCONV_THYMUS_UP	-0.27190257122417927			
REACTOME_ANTI_INFLAMMATORY_RESPONSE_FAVOURING_LEISHMANIA_PARASITE_INFECTION	-0.2719053971985549			
LIANG_SILENCED_BY_METHYLATION_DN	-0.27191665721638236			
GO_INTERLEUKIN_1_BETA_PRODUCTION	-0.27194329486095514			
GSE6092_IFNG_VS_IFNG_AND_B_BURGDORFERI_INF_ENDOTHELIAL_CELL_UP	-0.2719472882203898			
GO_NEGATIVE_REGULATION_OF_TRIGLYCERIDE_CATABOLIC_PROCESS	-0.2719709287873807			
GO_MITOTIC_G2_M_TRANSITION_CHECKPOINT	-0.2719716191622878			
SOX11_TARGET_GENES	-0.2719817538869661			
GSE7460_TREG_VS_TCONV_ACT_WITH_TGFB_DN	-0.27199877618306806			
GSE12003_MIR223_KO_VS_WT_BM_PROGENITOR_4D_CULTURE_UP	-0.2720023555835035			
GO_SAGA_COMPLEX	-0.2720134495900303			
GO_U2_TYPE_CATALYTIC_STEP_2_SPLICEOSOME	-0.2720364693236068			
GSE27786_LIN_NEG_VS_NKTCELL_DN	-0.27205898256139666			
GO_INOSITOL_TETRAKISPHOSPHATE_PHOSPHATASE_ACTIVITY	-0.272110671819453			
REACTOME_BLOOD_GROUP_SYSTEMS_BIOSYNTHESIS	-0.27211928056579715			
HOLLEMAN_DAUNORUBICIN_B_ALL_DN	-0.27213909872618225			
GSE17186_NAIVE_VS_CD21HIGH_TRANSITIONAL_BCELL_CORD_BLOOD_UP	-0.27219457022997195			
GSE17721_0.5H_VS_4H_GARDIQUIMOD_BMDC_UP	-0.2721987340995248			
BIOCARTA_TOB1_PATHWAY	-0.2722032569705024			
GO_HYDRO_LYASE_ACTIVITY	-0.27220445969338575			
SPIELMAN_LYMPHOBLAST_EUROPEAN_VS_ASIAN_UP	-0.27220468754556915			
GO_NEGATIVE_REGULATION_OF_T_CELL_MEDIATED_IMMUNITY	-0.27221030649784383			
GO_HAUS_COMPLEX	-0.2722235509739545			
GO_METHYL_CPG_BINDING	-0.2722240643671822			
GO_NSL_COMPLEX	-0.27223096582521283			
GO_SOMATIC_DIVERSIFICATION_OF_T_CELL_RECEPTOR_GENES	-0.27224209157377904			
BARRIER_CANCER_RELAPSE_NORMAL_SAMPLE_UP	-0.2722598462728436			
GSE40274_CTRL_VS_FOXP3_TRANSDUCED_ACTIVATED_CD4_TCELL_DN	-0.27226180826308516			
GAUSSMANN_MLL_AF4_FUSION_TARGETS_B_UP	-0.27228338865136825			
GO_E_BOX_BINDING	-0.2723158801099638			
GSE5099_DAY3_VS_DAY7_MCSF_TREATED_MACROPHAGE_UP	-0.27234017137484734			
MIR3145_5P	-0.27236528190291887			
GO_POSITIVE_REGULATION_OF_APOPTOTIC_PROCESS_INVOLVED_IN_DEVELOPMENT	-0.272406947252805			
GO_POSITIVE_REGULATION_OF_APOPTOTIC_PROCESS_INVOLVED_IN_MORPHOGENESIS	-0.272406947252805			
WELCH_GATA1_TARGETS	-0.272435710621927			
REACTOME_PD_1_SIGNALING	-0.2724556100368827			
IPA_NR1I2_DN	-0.2724569110152976			
IPA_CDC5L_UP	-0.2724625860145106			
GO_CAP_INDEPENDENT_TRANSLATIONAL_INITIATION	-0.27246927057107273			
NERF_Q2	-0.27248962473535626			
MIR1292_5P	-0.27252231147299266			
GO_DNA_TEMPLATED_TRANSCRIPTION_ELONGATION	-0.27253261422230285			
GO_PYRIMIDINE_DEOXYRIBONUCLEOTIDE_METABOLIC_PROCESS	-0.2725370320193243			
GSE12366_GC_VS_MEMORY_BCELL_UP	-0.2725928878627079			
GO_TRANSMITTER_GATED_CHANNEL_ACTIVITY	-0.27259417441403255			
GSE22886_IGG_IGA_MEMORY_BCELL_VS_BLOOD_PLASMA_CELL_UP	-0.2726070468194754			
GSE13547_CTRL_VS_ANTI_IGM_STIM_BCELL_12H_DN	-0.272628494009113			
GSE14308_TH1_VS_NAIVE_CD4_TCELL_DN	-0.2726484635439313			
GO_DNA_REPLICATION_ORIGIN_BINDING	-0.27268740625103266			
GSE26290_WT_VS_PDK1_KO_ANTI_CD3_AND_IL2_STIM_CD8_TCELL_DN	-0.2726938338033064			
IPA_LDB1_UP	-0.27270748514406296			
GSE21063_WT_VS_NFATC1_KO_16H_ANTI_IGM_STIM_BCELL_UP	-0.2727273892815617			
GSE24634_TREG_VS_TCONV_POST_DAY5_IL4_CONVERSION_DN	-0.2727284813893088			
GSE3982_BCELL_VS_NKCELL_UP	-0.2727361205175883			
GO_EXONUCLEASE_ACTIVITY_ACTIVE_WITH_EITHER_RIBO_OR_DEOXYRIBONUCLEIC_ACIDS_AND_PRODUCING_5_PHOSPHOMONOESTERS	-0.2727366634482455			
REACTOME_VOLTAGE_GATED_POTASSIUM_CHANNELS	-0.27274438634479325			
MIR4300	-0.2727477764278483			
IPA_NHLH1_UP	-0.2727480680152973			
GSE46606_IRF4HIGH_VS_WT_CD40L_IL2_IL5_DAY3_STIMULATED_BCELL_DN	-0.2727697936819926			
MIR3158_3P	-0.27281370151347145			
GO_MACROPHAGE_DIFFERENTIATION	-0.2728476271609304			
GO_POSITIVE_REGULATION_OF_DNA_LIGATION	-0.2728554749436033			
GSE10240_IL17_VS_IL17_AND_IL22_STIM_PRIMARY_BRONCHIAL_EPITHELIAL_CELLS_UP	-0.27286552903202727			
GO_ENDONUCLEOLYTIC_CLEAVAGE_IN_5_ETS_OF_TRICISTRONIC_RRNA_TRANSCRIPT_SSU_RRNA_5_8S_RRNA_LSU_RRNA	-0.27292879839860035			
AAAGGAT_MIR501	-0.27295770687033083			
IPA_KLF13_UP	-0.27301058985647114			
GSE5455_HEALTHY_VS_TUMOR_BEARING_MOUSE_SPLEEN_MONOCYTE_DN	-0.2730213678746073			
GO_REGULATION_OF_NEURON_MATURATION	-0.2730339730559372			
IPA_TFCP2_UP	-0.27303621840976966			
GSE21033_3H_VS_12H_POLYIC_STIM_DC_UP	-0.27304638831311695			
MIR320E	-0.2730540100694726			
GSE14000_TRANSLATED_RNA_VS_MRNA_16H_LPS_DC_UP	-0.27306489576993337			
GO_3_5_EXODEOXYRIBONUCLEASE_ACTIVITY	-0.273095121639999			
TAL1BETAE47_01	-0.2731054179135182			
AP2_Q6_01	-0.2731110493083683			
SHIN_B_CELL_LYMPHOMA_CLUSTER_2	-0.2731226967869019			
GO_BITTER_TASTE_RECEPTOR_ACTIVITY	-0.2731509199495312			
STK33_NOMO_DN	-0.27315482910261196			
FERRANDO_HOX11_NEIGHBORS	-0.27316289984835634			
YU_BAP1_TARGETS	-0.27317374301809677			
GO_REGULATION_OF_T_HELPER_CELL_DIFFERENTIATION	-0.2731839336059672			
GO_NEGATIVE_REGULATION_OF_FEMALE_GONAD_DEVELOPMENT	-0.27322624869663964			
GSE14000_TRANSLATED_RNA_VS_MRNA_DC_DN	-0.2732333265705221			
GSE11961_MEMORY_BCELL_DAY7_VS_GERMINAL_CENTER_BCELL_DAY7_DN	-0.27323354950013545			
GSE2128_CTRL_VS_MIMETOPE_NEGATIVE_SELECTION_DP_THYMOCYTE_NOD_UP	-0.2732352802751901			
GSE32255_UNSTIM_VS_4H_LPS_STIM_DC_UP	-0.2732472724324901			
GSE14308_TH2_VS_TH17_DN	-0.2732704590168144			
GSE18791_CTRL_VS_NEWCASTLE_VIRUS_DC_14H_UP	-0.27327441207083036			
BIOCARTA_CREB_PATHWAY	-0.273279288990898			
GSE39556_UNTREATED_VS_3H_POLYIC_INJ_MOUSE_CD8A_DC_UP	-0.273279302185214			
GSE33374_CD8_ALPHAALPHA_VS_ALPHABETA_CD161_HIGH_TCELL_UP	-0.27329170988849116			
GSE21774_CD62L_POS_CD56_BRIGHT_VS_CD62L_NEG_CD56_DIM_NK_CELL_DN	-0.27330111169291005			
GO_REGULATION_OF_ANTIGEN_PROCESSING_AND_PRESENTATION_OF_PEPTIDE_OR_POLYSACCHARIDE_ANTIGEN_VIA_MHC_CLASS_II	-0.2733127100909903			
MIR3189_5P	-0.2733152277496303			
GO_ACETYLCHOLINE_GATED_CHANNEL_COMPLEX	-0.2733300609797084			
GO_DEFENSE_RESPONSE_TO_OTHER_ORGANISM	-0.273331184072087			
GSE9988_LPS_VS_LPS_AND_ANTI_TREM1_MONOCYTE_UP	-0.2733354279563636			
IPA_RUNX3_UP	-0.2733573941218177			
GSE557_WT_VS_I_AB_KO_DC_UP	-0.27337890690873545			
GSE13522_WT_VS_IFNG_KO_SKING_T_CRUZI_Y_STRAIN_INF_DN	-0.27338259320675434			
GO_RNA_3_END_PROCESSING	-0.2734531159103447			
IPA_LDB1_DN	-0.27346386688022634			
GSE46606_IRF4HIGH_VS_IRF4MID_CD40L_IL2_IL5_DAY3_STIMULATED_BCELL_UP	-0.27348209180726496			
LANG_MYB_FAMILY_TARGETS	-0.2734849364937015			
VERHAAK_GLIOBLASTOMA_PRONEURAL	-0.2734885001382571			
GO_POSITIVE_REGULATION_OF_CYTOPLASMIC_TRANSLATION	-0.2734933589312823			
CALVET_IRINOTECAN_SENSITIVE_VS_RESISTANT_UP	-0.2735025206918549			
MIR711	-0.273521416829911			
GO_OSTEOCLAST_DIFFERENTIATION	-0.27358561700923417			
IPA_WNK1_DN	-0.2735978763751063			
GSE3337_CTRL_VS_16H_IFNG_IN_CD8POS_DC_DN	-0.27361844227526066			
NIKOLSKY_BREAST_CANCER_1Q32_AMPLICON	-0.2736427173236931			
GO_HYDROGEN_PEROXIDE_METABOLIC_PROCESS	-0.2736504056857756			
VERHAAK_AML_WITH_NPM1_MUTATED_DN	-0.2736634136370967			
GO_NEGATIVE_REGULATION_OF_MRNA_METABOLIC_PROCESS	-0.2736919272995469			
REACTOME_G0_AND_EARLY_G1	-0.2736937698666378			
GO_TRIGLYCERIDE_RICH_LIPOPROTEIN_PARTICLE_REMODELING	-0.2737315900092394			
GO_CIRCADIAN_SLEEP_WAKE_CYCLE_NON_REM_SLEEP	-0.2737387129710627			
REACTOME_PROCESSING_OF_INTRONLESS_PRE_MRNAS	-0.27374103555504997			
GO_NEGATIVE_REGULATION_OF_MRNA_SPLICING_VIA_SPLICEOSOME	-0.2737556472922068			
GO_ESTABLISHMENT_OF_LYMPHOCYTE_POLARITY	-0.27377698050334354			
REACTOME_HIGHLY_CALCIUM_PERMEABLE_NICOTINIC_ACETYLCHOLINE_RECEPTORS	-0.273798029308555			
GSE14308_TH17_VS_NATURAL_TREG_DN	-0.2738043008648176			
RAY_TARGETS_OF_P210_BCR_ABL_FUSION_UP	-0.2738095355715735			
MIR4738_3P	-0.2738135145283945			
REACTOME_BASE_EXCISION_REPAIR	-0.2738386503612078			
REACTOME_SUMO_IS_CONJUGATED_TO_E1_UBA2_SAE1	-0.27385468833285936			
GSE43863_TH1_VS_LY6C_LOW_CXCR5NEG_EFFECTOR_CD4_TCELL_DN	-0.2738584208185647			
MIR5703	-0.2738700108137084			
GSE6090_UNSTIM_VS_DC_SIGN_STIM_DC_DN	-0.27387859956092925			
GSE29618_BCELL_VS_PDC_DAY7_FLU_VACCINE_UP	-0.27388098305730313			
GO_INTERFERON_ALPHA_BIOSYNTHETIC_PROCESS	-0.27389135776621976			
GO_NEGATIVE_REGULATION_OF_STEROL_TRANSPORT	-0.2738984021484969			
GO_SEQUENCE_SPECIFIC_SINGLE_STRANDED_DNA_BINDING	-0.2739210262645392			
GO_REGULATION_OF_RIBONUCLEOPROTEIN_COMPLEX_LOCALIZATION	-0.27396801422444633			
REACTOME_SUMO_IS_TRANSFERRED_FROM_E1_TO_E2_UBE2I_UBC9	-0.273985031172821			
GSE360_HIGH_VS_LOW_DOSE_B_MALAYI_MAC_DN	-0.2740128771480367			
GO_OUTER_DENSE_FIBER	-0.2740269131770604			
GSE17974_CTRL_VS_ACT_IL4_AND_ANTI_IL12_2H_CD4_TCELL_UP	-0.274035985129857			
MIR3126_3P	-0.2740364527428325			
GSE2770_IL12_ACT_VS_ACT_CD4_TCELL_48H_DN	-0.274042639173433			
GSE5463_CTRL_VS_DEXAMETHASONE_TREATED_THYMOCYTE_UP	-0.27404762904606267			
GO_RNA_HELICASE_ACTIVITY	-0.27408030023175467			
REACTOME_RUNX3_REGULATES_IMMUNE_RESPONSE_AND_CELL_MIGRATION	-0.2740911879789881			
GSE15330_HSC_VS_MEGAKARYOCYTE_ERYTHROID_PROGENITOR_DN	-0.2740957067578366			
BERTUCCI_INVASIVE_CARCINOMA_DUCTAL_VS_LOBULAR_DN	-0.27415094579577376			
GSE28783_CTRL_ANTI_MIR_VS_UNTREATED_ATHEROSCLEROSIS_MACROPHAGE_UP	-0.2741744642258154			
GSE24634_NAIVE_CD4_TCELL_VS_DAY3_IL4_CONV_TREG_UP	-0.27418167184183967			
GSE37301_COMMON_LYMPHOID_PROGENITOR_VS_RAG2_KO_NK_CELL_DN	-0.2742263005456694			
MIR3679_3P	-0.2742271901042602			
REACTOME_RESOLUTION_OF_AP_SITES_VIA_THE_MULTIPLE_NUCLEOTIDE_PATCH_REPLACEMENT_PATHWAY	-0.2742475761299521			
XU_CREBBP_TARGETS_DN	-0.27426019583984823			
GO_POSITIVE_REGULATION_OF_LYMPHOCYTE_APOPTOTIC_PROCESS	-0.2742645333229005			
VISALA_AGING_LYMPHOCYTE_UP	-0.2742776119329362			
GSE36392_EOSINOPHIL_VS_NEUTROPHIL_IL25_TREATED_LUNG_UP	-0.2742885180288664			
IPA_SPIC_DN	-0.2742973681998181			
GSE20366_EX_VIVO_VS_DEC205_CONVERSION_DN	-0.27431830365983934			
GSE3565_DUSP1_VS_WT_SPLENOCYTES_POST_LPS_INJECTION_UP	-0.2743276836955722			
IRF5_TARGET_GENES	-0.27433056740148354			
KRIGE_RESPONSE_TO_TOSEDOSTAT_24HR_UP	-0.2743565133929498			
BIOCARTA_GATA3_PATHWAY	-0.27436562643353907			
GO_NEGATIVE_REGULATION_OF_LEUKOCYTE_MEDIATED_CYTOTOXICITY	-0.2743771094479617			
BIOCARTA_CARM1_PATHWAY	-0.27439067460999295			
STAT3_01	-0.27440941162709964			
GO_RNA_BINDING	-0.274413010243784			
GO_GALACTOSIDE_BINDING	-0.27441872752510843			
GO_TASTE_RECEPTOR_ACTIVITY	-0.27442495176673154			
GSE16266_CTRL_VS_HEATSHOCK_AND_LPS_STIM_MEF_DN	-0.27446410327449733			
IPA_BCL6_DN	-0.2744854031958239			
SMN1_TARGET_GENES	-0.2744923186927167			
SMN2_TARGET_GENES	-0.2744923186927167			
PID_BARD1_PATHWAY	-0.2745052492366551			
MEF2_02	-0.27452856951194105			
GO_U5_SNRNP	-0.27453966727715345			
REACTOME_INOSITOL_PHOSPHATE_METABOLISM	-0.2745562364941126			
GO_CATION_CHANNEL_ACTIVITY	-0.2746075201682033			
GO_CENTRAL_NERVOUS_SYSTEM_PROJECTION_NEURON_AXONOGENESIS	-0.2746463077887398			
GO_POSITIVE_REGULATION_OF_MUSCLE_CELL_APOPTOTIC_PROCESS	-0.27469844811809757			
GO_NEGATIVE_REGULATION_OF_DNA_METABOLIC_PROCESS	-0.27470036245775714			
MIR5092	-0.27470524810074587			
GSE14415_ACT_TCONV_VS_ACT_NATURAL_TREG_DN	-0.2747165689535728			
CEBPGAMMA_Q6	-0.2747341024270311			
BIOCARTA_TPO_PATHWAY	-0.2747390511554819			
GO_REGULATION_OF_ACTIVATION_OF_JANUS_KINASE_ACTIVITY	-0.2747417551205243			
GSE17721_4_VS_24H_GARDIQUIMOD_BMDC_DN	-0.27476522531162173			
GSE22935_WT_VS_MYD88_KO_MACROPHAGE_24H_MBOVIS_BCG_STIM_DN	-0.27477246290362556			
GSE32164_RESTING_DIFFERENTIATED_VS_CMYC_INHIBITED_MACROPHAGE_UP	-0.2747880881712914			
GSE22886_NAIVE_CD8_TCELL_VS_NKCELL_UP	-0.27480557717616466			
GO_MIRNA_BINDING	-0.2748138741300523			
YY1_02	-0.2748749342140675			
GO_GTP_BIOSYNTHETIC_PROCESS	-0.2748920258226962			
GSE27786_BCELL_VS_CD8_TCELL_DN	-0.27490546889837036			
KEGG_LEISHMANIA_INFECTION	-0.27491155141607204			
PID_TOLL_ENDOGENOUS_PATHWAY	-0.2749335245952007			
BIOCARTA_TALL1_PATHWAY	-0.2749677908115189			
PTPRA_TARGET_GENES	-0.27500039393198616			
GO_NUCLEAR_TRANSCRIBED_MRNA_CATABOLIC_PROCESS_NONSENSE_MEDIATED_DECAY	-0.27501450072713235			
GO_POSITIVE_REGULATION_OF_CHEMOKINE_PRODUCTION	-0.27503264363325164			
GO_ANKYRIN_REPEAT_BINDING	-0.27503599200042256			
MIR4713_5P	-0.2750733268107641			
GSE5503_MLN_DC_VS_PLN_DC_ACTIVATED_ALLOGENIC_TCELL_DN	-0.2750850406470728			
GSE6269_E_COLI_VS_STREP_PNEUMO_INF_PBMC_UP	-0.27511197046618924			
GO_PHOSPHATIDYLINOSITOL_3_4_BISPHOSPHATE_5_KINASE_ACTIVITY	-0.27512019544295513			
GO_VOLUNTARY_MUSCULOSKELETAL_MOVEMENT	-0.2751437459917797			
GO_DNA_STRAND_ELONGATION	-0.27519403178410573			
GO_REGULATION_OF_WOUND_HEALING_SPREADING_OF_EPIDERMAL_CELLS	-0.27520592823726514			
GRAHAM_CML_QUIESCENT_VS_NORMAL_QUIESCENT_UP	-0.2752236740931172			
GO_HYPERSENSITIVITY	-0.27522664171434547			
SQSTM1_TARGET_GENES	-0.27527685385597983			
GSE43955_10H_VS_30H_ACT_CD4_TCELL_WITH_TGFB_IL6_UP	-0.2752845576745445			
GO_PHOSPHATIDYLINOSITOL_PHOSPHATE_PHOSPHATASE_ACTIVITY	-0.27529213488750964			
GO_POSITIVE_REGULATION_OF_SMOOTH_MUSCLE_CELL_DIFFERENTIATION	-0.2752972280966718			
WYAAANNRNNNGCG_UNKNOWN	-0.27530070349186714			
GO_POSITIVE_REGULATION_OF_NITRIC_OXIDE_SYNTHASE_ACTIVITY	-0.27531544174442096			
GO_POSITIVE_REGULATION_OF_VASCULAR_PERMEABILITY	-0.27531824404189964			
KEGG_NUCLEOTIDE_EXCISION_REPAIR	-0.27532970417412794			
GSE3982_DC_VS_NEUTROPHIL_DN	-0.275346393124542			
GO_LUTEINIZATION	-0.2754183508885043			
MIR6735_5P	-0.27542464791666676			
GSE41176_WT_VS_TAK1_KO_ANTI_IGM_STIM_BCELL_6H_DN	-0.27543264492291203			
GO_CYTOPLASMIC_TRANSLATIONAL_INITIATION	-0.27544111368466123			
MORI_PRE_BI_LYMPHOCYTE_UP	-0.2754511315685924			
AACYNNNNTTCCS_UNKNOWN	-0.2755210822258425			
BIOCARTA_SUMO_PATHWAY	-0.27552509480066645			
MIR6833_3P	-0.27556135399082415			
MIR3160_3P	-0.27556755885516093			
MIR4436B_3P	-0.2755814113784112			
WANG_TARGETS_OF_MLL_CBP_FUSION_UP	-0.27559859606883297			
IPA_ETV6_DN	-0.27560395315944497			
GO_SEX_CHROMOSOME	-0.2756056269021832			
GO_DEFENSE_RESPONSE_TO_GRAM_NEGATIVE_BACTERIUM	-0.2756094326311958			
AGGGCAG_MIR18A	-0.2756124444021263			
GO_CALCIUM_ION_EXPORT_ACROSS_PLASMA_MEMBRANE	-0.27561401366432053			
GO_MODULATION_BY_SYMBIONT_OF_HOST_AUTOPHAGY	-0.27562749825202665			
REACTOME_NUCLEOBASE_BIOSYNTHESIS	-0.27565570649702853			
MIR7515	-0.27565759200294826			
GSE29618_BCELL_VS_MDC_UP	-0.27567280837227826			
HALLMARK_MYC_TARGETS_V1	-0.2756987351138763			
GSE9601_NFKB_INHIBITOR_VS_PI3K_INHIBITOR_TREATED_HCMV_INF_MONOCYTE_UP	-0.27574654110455177			
YY1_Q6	-0.27574780815610833			
GO_INTERLEUKIN_6_BIOSYNTHETIC_PROCESS	-0.27575080670421637			
MIR2276_5P	-0.2757515594812754			
GSE19888_CTRL_VS_A3R_ACT_TREATED_MAST_CELL_PRETREATED_WITH_A3R_INH_DN	-0.2757733288289938			
HOLLEMAN_VINCRISTINE_RESISTANCE_B_ALL_UP	-0.2757760041898599			
GSE27786_LSK_VS_ERYTHROBLAST_DN	-0.2757815323553453			
ZHAN_V2_LATE_DIFFERENTIATION_GENES	-0.2757827877488831			
MIR4668_5P	-0.2757938183811897			
GSE24142_EARLY_THYMIC_PROGENITOR_VS_DN3_THYMOCYTE_DN	-0.27579483927452053			
ROETH_TERT_TARGETS_DN	-0.27580711131516095			
IPA_ATF2_DN	-0.2758089527494798			
GO_POSITIVE_REGULATION_OF_LEUKOCYTE_ADHESION_TO_VASCULAR_ENDOTHELIAL_CELL	-0.2758100115170516			
GSE15624_CTRL_VS_6H_HALOFUGINONE_TREATED_CD4_TCELL_UP	-0.2758418862220668			
FAELT_B_CLL_WITH_VH_REARRANGEMENTS_UP	-0.27584198465657034			
MIR4430	-0.27590155435748537			
NMYC_01	-0.275913139332058			
GO_REGULATION_OF_THE_FORCE_OF_HEART_CONTRACTION_BY_CHEMICAL_SIGNAL	-0.27592128415685896			
AGTCTTA_MIR499	-0.2759519655640605			
GO_NEGATIVE_REGULATION_OF_MAST_CELL_ACTIVATION	-0.2759693253267217			
GSE3039_NKT_CELL_VS_B1_BCELL_UP	-0.27597016487803994			
GSE29618_PRE_VS_DAY7_POST_LAIV_FLU_VACCINE_MONOCYTE_DN	-0.27599744661261544			
EGR2_01	-0.27600622647496587			
GO_LIPID_MODIFICATION	-0.2760087407786098			
GSE23505_UNTREATED_VS_4DAY_IL6_IL1_TGFB_TREATED_CD4_TCELL_UP	-0.2760227115165245			
GO_NADPLUS_ADP_RIBOSYLTRANSFERASE_ACTIVITY	-0.27602275820813205			
FINAK_BREAST_CANCER_SDPP_SIGNATURE	-0.2760570821610308			
GSE39820_CTRL_VS_IL1B_IL6_IL23A_CD4_TCELL_UP	-0.2760835981692838			
GSE6259_FLT3L_INDUCED_DEC205_POS_DC_VS_BCELL_DN	-0.2760856967933481			
GUO_HEX_TARGETS_DN	-0.27612389280470023			
SHIPP_DLBCL_VS_FOLLICULAR_LYMPHOMA_DN	-0.2761325045691625			
GO_MITOCHONDRIAL_DNA_METABOLIC_PROCESS	-0.2761424033319008			
GO_NEUROINFLAMMATORY_RESPONSE	-0.276168043755732			
SHIPP_DLBCL_CURED_VS_FATAL_DN	-0.27617807057807486			
GO_POSITIVE_REGULATION_OF_CHEMOKINE_SECRETION	-0.2762095608383132			
GSE27241_WT_CTRL_VS_DIGOXIN_TREATED_RORGT_KO_CD4_TCELL_IN_TH17_POLARIZING_CONDITIONS_UP	-0.276217563493185			
GO_MISMATCH_REPAIR	-0.2762234032698567			
BILANGES_SERUM_SENSITIVE_GENES	-0.2762598715057619			
KIM_GASTRIC_CANCER_CHEMOSENSITIVITY	-0.2763686219325919			
REACTOME_REPRODUCTION	-0.2763749318561059			
GSE33425_CD161_INT_VS_NEG_CD8_TCELL_DN	-0.27642714730372586			
GO_LSM1_7_PAT1_COMPLEX	-0.2764354680994436			
GO_PROTEIN_LOCALIZATION_TO_CHROMOSOME	-0.276461277368656			
GO_TRYPTOPHAN_METABOLIC_PROCESS	-0.27648846588889714			
GO_RNA_PHOSPHODIESTER_BOND_HYDROLYSIS_ENDONUCLEOLYTIC	-0.27649376698418404			
GO_SPERMATID_NUCLEUS_DIFFERENTIATION	-0.2765499467017711			
GSE45881_CXCR6HI_VS_CXCR1LO_COLONIC_LAMINA_PROPRIA_DN	-0.2765523161410376			
GO_REGULATION_OF_T_CELL_ACTIVATION_VIA_T_CELL_RECEPTOR_CONTACT_WITH_ANTIGEN_BOUND_TO_MHC_MOLECULE_ON_ANTIGEN_PRESENTING_CELL	-0.2765631709884101			
GO_TUMOR_NECROSIS_FACTOR_SECRETION	-0.27659922395107245			
IPA_SULT2A1_UP	-0.27660712817747973			
GSE27786_BCELL_VS_ERYTHROBLAST_UP	-0.2766262068468237			
GO_INTERFERON_ALPHA_PRODUCTION	-0.27664251168875453			
GO_POSITIVE_REGULATION_OF_LAMELLIPODIUM_ASSEMBLY	-0.27664692948914715			
SIG_CHEMOTAXIS	-0.27665777079111775			
GO_MALE_SEX_DETERMINATION	-0.2766600891400474			
GSE22886_NAIVE_BCELL_VS_BLOOD_PLASMA_CELL_UP	-0.2766690281674512			
KCCGNSWTTT_UNKNOWN	-0.27670523487662524			
IPA_YY1_DN	-0.27671268708004687			
BENPORATH_ES_2	-0.2767497830977832			
GO_LEARNED_VOCALIZATION_BEHAVIOR_OR_VOCAL_LEARNING	-0.2767571967131948			
REACTOME_CD28_CO_STIMULATION	-0.2767669927479915			
GO_I_KAPPAB_PHOSPHORYLATION	-0.2767801363873705			
REACTOME_DNA_REPAIR	-0.27678406055491933			
GO_POSITIVE_REGULATION_OF_FIBROBLAST_GROWTH_FACTOR_PRODUCTION	-0.2767858049323793			
GO_VERY_LOW_DENSITY_LIPOPROTEIN_PARTICLE_CLEARANCE	-0.2767912662886301			
REACTOME_RAP1_SIGNALLING	-0.2767915962686475			
GSE3982_MAST_CELL_VS_CENT_MEMORY_CD4_TCELL_UP	-0.2768002130128285			
MIR10394_5P	-0.2768178036616104			
GSE19941_UNSTIM_VS_LPS_AND_IL10_STIM_IL10_KO_MACROPHAGE_DN	-0.27690418724236726			
GO_ACTIVATION_OF_ADENYLATE_CYCLASE_ACTIVITY	-0.27692092227825416			
GSE40274_GATA1_VS_FOXP3_AND_GATA1_TRANSDUCED_ACTIVATED_CD4_TCELL_DN	-0.27692132607103404			
RUAN_RESPONSE_TO_TNF_DN	-0.2769694341199963			
GO_INTERLEUKIN_1_SECRETION	-0.27698553611419763			
GO_GENETIC_IMPRINTING	-0.27699060677033205			
REACTOME_THE_NLRP3_INFLAMMASOME	-0.2770178636170238			
GO_RNA_POLYMERASE_II_TRANSCRIPTION_FACTOR_COMPLEX	-0.2770305290127466			
MODY_HIPPOCAMPUS_PRENATAL	-0.2770325772300679			
REACTOME_NONSENSE_MEDIATED_DECAY_NMD	-0.2770358608304501			
GO_KILLING_OF_CELLS_OF_OTHER_ORGANISM	-0.2770427904165646			
GSE1448_CTRL_VS_ANTI_VBETA5_DP_THYMOCYTE_UP	-0.27705647402913824			
GSE14308_NAIVE_CD4_TCELL_VS_NATURAL_TREG_UP	-0.2770839505903894			
GSE13484_12H_UNSTIM_VS_YF17D_VACCINE_STIM_PBMC_UP	-0.2770967625272282			
GO_TRNA_SPECIFIC_ADENOSINE_DEAMINASE_ACTIVITY	-0.27710182129939004			
GSE411_UNSTIM_VS_100MIN_IL6_STIM_MACROPHAGE_DN	-0.2771207556784765			
IPA_SMAD6_DN	-0.2771327598693987			
MIR6069	-0.2771432849933936			
GO_FOREBRAIN_MORPHOGENESIS	-0.2771438081524829			
GSE16385_IFNG_TNF_VS_IL4_STIM_MACROPHAGE_UP	-0.2771675730708203			
GSE14350_TREG_VS_TEFF_IN_IL2RB_KO_UP	-0.27717170349227355			
ZHAN_MULTIPLE_MYELOMA_SUBGROUPS	-0.2772193856937131			
GSE41176_UNSTIM_VS_ANTI_IGM_STIM_BCELL_6H_UP	-0.27731145020427994			
SNRNP70_TARGET_GENES	-0.2773139152456935			
GO_CONDENSED_NUCLEAR_CHROMOSOME	-0.277327336045917			
GO_PARASPECKLES	-0.2773516710891216			
REACTOME_PHASE_2_PLATEAU_PHASE	-0.27735256368277106			
MULLIGHAN_NPM1_MUTATED_SIGNATURE_2_DN	-0.2773621353896041			
GO_TRANSCRIPTION_DEPENDENT_TETHERING_OF_RNA_POLYMERASE_II_GENE_DNA_AT_NUCLEAR_PERIPHERY	-0.2773716384383665			
REACTOME_REDUCTION_OF_CYTOSOLIC_CA_LEVELS	-0.277376282439262			
GSE13738_RESTING_VS_BYSTANDER_ACTIVATED_CD4_TCELL_DN	-0.2773986161734728			
GO_GATED_CHANNEL_ACTIVITY	-0.27740204493283843			
IPA_MEIS1_UP	-0.2774051437039576			
GSE22886_NAIVE_TCELL_VS_NKCELL_DN	-0.27741021554184975			
MIKKELSEN_IPS_LCP_WITH_H3K27ME3	-0.2774150570402005			
RPA2_TARGET_GENES	-0.2774210061064857			
EPPERT_PROGENITOR	-0.27742920391934467			
PAX4_03	-0.27744064559140463			
GO_MLL1_2_COMPLEX	-0.2774511498504704			
GSE46606_UNSTIM_VS_CD40L_IL2_IL5_DAY1_STIMULATED_BCELL_UP	-0.2774514156995946			
GSE18791_CTRL_VS_NEWCASTLE_VIRUS_DC_6H_UP	-0.27745905091933387			
GGAMTNNNNNTCCY_UNKNOWN	-0.2774693739244604			
ZHANG_RESPONSE_TO_CANTHARIDIN_DN	-0.2774734457728424			
HAHTOLA_CTCL_PATHOGENESIS	-0.2774854763655002			
GO_RESPONSE_TO_ALKALOID	-0.27749688125394223			
GO_POSITIVE_REGULATION_OF_CAMP_MEDIATED_SIGNALING	-0.2775001786978657			
chrXq21	-0.2775211409491245			
GO_COMPLEMENT_RECEPTOR_MEDIATED_SIGNALING_PATHWAY	-0.27752282986604293			
MIR1913	-0.2775248316526103			
GO_NEGATIVE_REGULATION_OF_NLRP3_INFLAMMASOME_COMPLEX_ASSEMBLY	-0.2775399243501521			
GSE11924_TFH_VS_TH2_CD4_TCELL_UP	-0.2775798614581565			
GSE5589_IL6_KO_VS_IL10_KO_LPS_STIM_MACROPHAGE_45MIN_UP	-0.27760448106130015			
GSE17721_CTRL_VS_CPG_1H_BMDC_UP	-0.277609189490629			
GO_REGULATION_OF_CARDIAC_MUSCLE_CONTRACTION_BY_REGULATION_OF_THE_RELEASE_OF_SEQUESTERED_CALCIUM_ION	-0.2776193385702726			
GO_RNA_POLYMERASE_II_C_TERMINAL_DOMAIN_BINDING	-0.2776331535681201			
IPA_HDAC5_UP	-0.2777156733302446			
REACTOME_INTERACTIONS_OF_REV_WITH_HOST_CELLULAR_PROTEINS	-0.27771830115139906			
GSE5099_UNSTIM_VS_MCSF_TREATED_MONOCYTE_DAY7_UP	-0.27774166788265653			
GSE22589_HEALTHY_VS_SIV_INFECTED_DC_UP	-0.2777440049152746			
EVI1_02	-0.2777554062037571			
GO_POSITIVE_REGULATION_OF_CALCIUM_MEDIATED_SIGNALING	-0.27775685344530604			
IPA_NR1H2_UP	-0.27775691785356993			
GO_AMYLASE_ACTIVITY	-0.2777569934609285			
GO_NEGATIVE_REGULATION_OF_MYELOID_CELL_APOPTOTIC_PROCESS	-0.27776293218100745			
GSE45365_HEALTHY_VS_MCMV_INFECTION_CD8A_DC_UP	-0.277773620600362			
GO_MEMBRANE_DISASSEMBLY	-0.27779071888264223			
GO_CELLULAR_RESPONSE_TO_BIOTIC_STIMULUS	-0.2778036545055086			
GRAHAM_CML_QUIESCENT_VS_NORMAL_DIVIDING_DN	-0.27781686559496466			
GSE42021_TREG_PLN_VS_CD24HI_TREG_THYMUS_DN	-0.27783671831594525			
GO_HIGH_DENSITY_LIPOPROTEIN_PARTICLE_CLEARANCE	-0.27785810212156464			
GO_RNA_DESTABILIZATION	-0.277864154083911			
REACTOME_PEROXISOMAL_PROTEIN_IMPORT	-0.27786543613320785			
GO_POSITIVE_REGULATION_OF_INTERLEUKIN_6_BIOSYNTHETIC_PROCESS	-0.2778851955981445			
GO_REGULATION_OF_MATRIX_METALLOPEPTIDASE_SECRETION	-0.27789541172692966			
GO_HEME_BIOSYNTHETIC_PROCESS	-0.277895556638507			
GO_SPECTRIN_ASSOCIATED_CYTOSKELETON	-0.27789596812521417			
GO_U2AF	-0.27791629961359754			
TEL2_Q6	-0.27797887268160554			
GO_NCRNA_EXPORT_FROM_NUCLEUS	-0.2779848379231128			
GSE17721_CTRL_VS_PAM3CSK4_6H_BMDC_UP	-0.27799244390395295			
GSE26669_CD4_VS_CD8_TCELL_IN_MLR_COSTIM_BLOCK_DN	-0.27800185827642976			
GO_OXYGEN_TRANSPORT	-0.27801152857959754			
ZNF555_TARGET_GENES	-0.2780180291561434			
REACTOME_METABOLISM_OF_RNA	-0.2780390645712631			
GSE24634_TEFF_VS_TCONV_DAY5_IN_CULTURE_UP	-0.27805044985743904			
REACTOME_RHO_GTPASES_ACTIVATE_NADPH_OXIDASES	-0.2780509549656111			
MAGRANGEAS_MULTIPLE_MYELOMA_IGG_VS_IGA_DN	-0.2780714945564			
GSE13306_RA_VS_UNTREATED_MEM_CD4_TCELL_UP	-0.2780743939759556			
GO_SALIVA_SECRETION	-0.27809577727519763			
REACTOME_PURINE_SALVAGE	-0.2781083210396103			
MARKEY_RB1_ACUTE_LOF_DN	-0.2781559425733876			
GSE4748_LPS_VS_LPS_AND_CYANOBACTERIUM_LPSLIKE_STIM_DC_3H_UP	-0.2781614757313891			
REACTOME_SUMOYLATION_OF_DNA_REPLICATION_PROTEINS	-0.2781624576339967			
GO_HISTONE_MRNA_METABOLIC_PROCESS	-0.2781869306838341			
MIR6732_5P	-0.27821778513909173			
IPA_CHD5_DN	-0.27821808791542724			
IPA_BCL6_UP	-0.2782468440597468			
GOLDRATH_NAIVE_VS_MEMORY_CD8_TCELL_UP	-0.2782553918743651			
IPA_SOX1_UP	-0.2782607516567637			
GO_POSITIVE_REGULATION_OF_VIRAL_TRANSCRIPTION	-0.27826965825230277			
GO_POSITIVE_REGULATION_OF_MRNA_CATABOLIC_PROCESS	-0.27830489906453193			
GO_DNA_BINDING_TRANSCRIPTION_FACTOR_ACTIVITY_RNA_POLYMERASE_II_SPECIFIC	-0.2783170649983844			
GO_HEMATOPOIETIC_STEM_CELL_PROLIFERATION	-0.27831792857867993			
GSE39864_WT_VS_GATA3_KO_TREG_DN	-0.27832051180134204			
WHITEFORD_PEDIATRIC_CANCER_MARKERS	-0.27832650171986256			
GO_REGULATION_OF_CYTOSOLIC_CALCIUM_ION_CONCENTRATION	-0.2783306188897216			
LIANG_HEMATOPOIESIS_STEM_CELL_NUMBER_LARGE_VS_TINY_UP	-0.27833165937243726			
REACTOME_ERYTHROCYTES_TAKE_UP_CARBON_DIOXIDE_AND_RELEASE_OXYGEN	-0.2783374331628555			
GO_TAURINE_METABOLIC_PROCESS	-0.278338269132966			
GSE30083_SP1_VS_SP4_THYMOCYTE_DN	-0.27835895245193454			
REACTOME_SYNTHESIS_OF_PIPS_AT_THE_PLASMA_MEMBRANE	-0.27836270394562374			
GO_INTERFERON_GAMMA_PRODUCTION	-0.2783647694891068			
IPA_TP53BP2_DN	-0.27839774835645337			
GSE2770_UNTREATED_VS_TGFB_AND_IL12_TREATED_ACT_CD4_TCELL_48H_DN	-0.27840725732042143			
GSE21360_NAIVE_VS_TERTIARY_MEMORY_CD8_TCELL_UP	-0.27841616661469776			
GO_ADA2_GCN5_ADA3_TRANSCRIPTION_ACTIVATOR_COMPLEX	-0.2784298411236937			
KLEIN_PRIMARY_EFFUSION_LYMPHOMA_DN	-0.27846982442027035			
ZSCAN23_TARGET_GENES	-0.27848093662776885			
ZHAN_EARLY_DIFFERENTIATION_GENES_UP	-0.27848704649740297			
IPA_NFKB2_DN	-0.2784893500916556			
GO_RESPONSE_TO_BRONCHODILATOR	-0.27850648481339774			
REACTOME_CROSS_PRESENTATION_OF_PARTICULATE_EXOGENOUS_ANTIGENS_PHAGOSOMES	-0.27850829480936845			
GSE2826_WT_VS_BTK_KO_BCELL_UP	-0.2785310027763861			
GSE3920_UNTREATED_VS_IFNB_TREATED_ENDOTHELIAL_CELL_UP	-0.27853704422994774			
GO_REGULATION_OF_CENTROMERE_COMPLEX_ASSEMBLY	-0.2785435503792678			
GSE13493_CD4INTCD8POS_VS_CD8POS_THYMOCYTE_DN	-0.27854840000670067			
GSE9509_LPS_VS_LPS_AND_IL10_STIM_IL10_KO_MACROPHAGE_30MIN_DN	-0.278549389960337			
GSE16385_IFNG_TNF_VS_ROSIGLITAZONE_STIM_MACROPHAGE_UP	-0.2785664937007377			
GSE2770_IL12_AND_TGFB_VS_IL4_TREATED_ACT_CD4_TCELL_6H_DN	-0.27856864236030976			
GSE19923_WT_VS_HEB_AND_E2A_KO_DP_THYMOCYTE_UP	-0.2785832524175396			
GO_COHESIN_LOADING	-0.2785938274088607			
MIR5011_3P	-0.2786097112747544			
GSE360_CTRL_VS_B_MALAYI_LOW_DOSE_DC_DN	-0.278611750877654			
GSE17721_POLYIC_VS_PAM3CSK4_4H_BMDC_UP	-0.27864833507637526			
KUROZUMI_RESPONSE_TO_ONCOCYTIC_VIRUS_AND_CYCLIC_RGD	-0.27867246046217137			
GSE25088_WT_VS_STAT6_KO_MACROPHAGE_IL4_STIM_UP	-0.2786767720233427			
REACTOME_DEFECTIVE_ST3GAL3_CAUSES_MCT12_AND_EIEE15	-0.27867870510076126			
MIR7978	-0.278691043281602			
GO_NEGATIVE_REGULATION_OF_DNA_DAMAGE_CHECKPOINT	-0.2786924443443724			
GSE22601_DOUBLE_POSITIVE_VS_CD8_SINGLE_POSITIVE_THYMOCYTE_DN	-0.27871954738020704			
GO_GLIAL_CELL_ACTIVATION	-0.2787572486397966			
REACTOME_ACTIVATION_OF_ATR_IN_RESPONSE_TO_REPLICATION_STRESS	-0.2787893537414415			
GO_NUCLEOBASE_CONTAINING_COMPOUND_TRANSPORT	-0.27879021522460246			
GO_PICLN_SM_PROTEIN_COMPLEX	-0.2787992624189475			
GO_SPLICEOSOMAL_CONFORMATIONAL_CHANGES_TO_GENERATE_CATALYTIC_CONFORMATION	-0.27880226748306364			
REACTOME_HISTIDINE_CATABOLISM	-0.27882691012806			
GO_IMIDAZOLE_CONTAINING_COMPOUND_CATABOLIC_PROCESS	-0.27882691012806			
GO_REGULATION_OF_CYSTEINE_TYPE_ENDOPEPTIDASE_ACTIVITY_INVOLVED_IN_EXECUTION_PHASE_OF_APOPTOSIS	-0.27882761189299			
GO_REGULATION_OF_INOSITOL_TRISPHOSPHATE_BIOSYNTHETIC_PROCESS	-0.278832608945243			
GO_REGULATION_OF_CELLULAR_RESPONSE_TO_MACROPHAGE_COLONY_STIMULATING_FACTOR_STIMULUS	-0.27884259959853674			
DIRMEIER_LMP1_RESPONSE_LATE_UP	-0.2789039038239925			
GSE17721_0.5H_VS_8H_GARDIQUIMOD_BMDC_UP	-0.27891745636908283			
GO_POSITIVE_REGULATION_OF_INTERLEUKIN_12_PRODUCTION	-0.2789191012607514			
GO_PROTEIN_PHOSPHATASE_1_BINDING	-0.27896075445042473			
GO_MATURATION_OF_5_8S_RRNA	-0.2789677040476767			
GSE32423_MEMORY_VS_NAIVE_CD8_TCELL_IL7_IL4_DN	-0.2789773543957583			
GO_TYPE_I_INTERFERON_PRODUCTION	-0.2789985781275229			
KERLEY_RESPONSE_TO_CISPLATIN_DN	-0.27900302330258886			
GSE3982_MEMORY_CD4_TCELL_VS_TH1_UP	-0.2790093741097311			
BIOCARTA_BARRESTIN_PATHWAY	-0.27901335291469764			
OCT1_02	-0.27901919403509134			
GO_NORADRENERGIC_NEURON_DIFFERENTIATION	-0.2790195487449773			
GGCACTT_MIR519E	-0.27903369670233685			
TGCACGA_MIR517A_MIR517C	-0.2790411998050932			
DIRMEIER_LMP1_RESPONSE_EARLY	-0.2790617682073437			
GO_REGULATION_OF_ARP2_3_COMPLEX_MEDIATED_ACTIN_NUCLEATION	-0.2790886090429148			
IIZUKA_LIVER_CANCER_EARLY_RECURRENCE	-0.27910193410274053			
GSE22432_MULTIPOTENT_PROGENITOR_VS_PDC_UP	-0.2791096867590972			
GSE6259_33D1_POS_DC_VS_CD8_TCELL_DN	-0.2791354322450058			
REACTOME_IRF3_MEDIATED_INDUCTION_OF_TYPE_I_IFN	-0.2791449771102566			
BIOCARTA_IL22BP_PATHWAY	-0.2791508203528188			
GSE2770_IL12_AND_TGFB_VS_IL4_TREATED_ACT_CD4_TCELL_2H_DN	-0.2791542343554295			
GSE44649_NAIVE_VS_ACTIVATED_CD8_TCELL_UP	-0.27918529798199043			
REACTOME_ELEVATION_OF_CYTOSOLIC_CA2_LEVELS	-0.27920935113156753			
GO_RESPONSE_TO_PROTOZOAN	-0.27921916716780626			
GO_PEPTIDE_RECEPTOR_ACTIVITY	-0.27923706146186705			
GO_BARR_BODY	-0.27924458126892715			
GO_NUCLEOSOMAL_DNA_BINDING	-0.27924711081437775			
ODONNELL_TARGETS_OF_MYC_AND_TFRC_UP	-0.27925194854261504			
GSE36527_CD62L_HIGH_CD69_NEG_VS_CD62L_LOW_CD69_POS_TREG_KLRG1_NEG_DN	-0.2792598157291381			
REACTOME_TRANSCRIPTIONAL_REGULATION_BY_RUNX1	-0.2792760222928742			
GO_POSITIVE_REGULATION_OF_RESPIRATORY_BURST	-0.2793047877215848			
GSE22432_CONVENTIONAL_CDC_VS_PLASMACYTOID_PDC_UP	-0.2793269733620252			
TERAO_AOX4_TARGETS_SKIN_DN	-0.27933049191689774			
MIR1200	-0.2793327248345816			
GO_BENZODIAZEPINE_RECEPTOR_BINDING	-0.27934621842041335			
GO_REPLICATION_FORK	-0.27938106970617926			
REACTOME_SUMOYLATION_OF_SUMOYLATION_PROTEINS	-0.27940946263772565			
GO_CHEMOKINE_SECRETION	-0.2794252628333404			
GO_DEFENSE_RESPONSE_TO_GRAM_POSITIVE_BACTERIUM	-0.27949286812483304			
LEE_AGING_NEOCORTEX_DN	-0.2794931944780481			
VANASSE_BCL2_TARGETS_DN	-0.2794943858491235			
IPA_SIN3B_DN	-0.279530236256337			
BIOCARTA_BLYMPHOCYTE_PATHWAY	-0.27953977898588833			
GSE40666_UNTREATED_VS_IFNA_STIM_STAT4_KO_EFFECTOR_CD8_TCELL_90MIN_DN	-0.27954039946231096			
GO_MEDIATOR_COMPLEX	-0.2795445131119732			
GO_REGULATION_OF_DNA_DEPENDENT_DNA_REPLICATION	-0.2795709739967783			
REACTOME_DUAL_INCISION_IN_GG_NER	-0.27958103215632424			
GSE26030_UNSTIM_VS_RESTIM_TH1_DAY15_POST_POLARIZATION_UP	-0.2795947449060098			
GO_CHAPERONIN_CONTAINING_T_COMPLEX	-0.27961255045540057			
GO_DEFENSE_RESPONSE_TO_FUNGUS	-0.27964236512733415			
REACTOME_RNA_POLYMERASE_I_TRANSCRIPTION	-0.2796596684066703			
BIOCARTA_BARRESTIN_SRC_PATHWAY	-0.27966553584618015			
REACTOME_GENERATION_OF_SECOND_MESSENGER_MOLECULES	-0.27966690272186034			
GO_REGULATION_OF_GERMINAL_CENTER_FORMATION	-0.2797011889090997			
GSE12198_LOW_IL2_STIM_NK_CELL_VS_HIGH_IL2_STIM_NK_CELL_UP	-0.27973213158313454			
GO_NEGATIVE_REGULATION_OF_DELAYED_RECTIFIER_POTASSIUM_CHANNEL_ACTIVITY	-0.2797713354340152			
STEINER_ERYTHROCYTE_MEMBRANE_GENES	-0.27978253567742756			
GO_CYSTEINE_TYPE_ENDOPEPTIDASE_ACTIVITY_INVOLVED_IN_APOPTOTIC_PROCESS	-0.2797851848426833			
SNF5_DN.V1_UP	-0.2797965490501415			
SHIPP_DLBCL_CURED_VS_FATAL_UP	-0.27984805502955157			
GSE46606_IRF4_KO_VS_WT_UNSTIM_BCELL_UP	-0.27986395105743256			
GSE2770_UNTREATED_VS_TGFB_AND_IL4_TREATED_ACT_CD4_TCELL_48H_DN	-0.2799006403251065			
GSE6259_FLT3L_INDUCED_33D1_POS_DC_VS_CD4_TCELL_DN	-0.27992691702961525			
HATADA_METHYLATED_IN_LUNG_CANCER_UP	-0.2799454345518392			
GO_POSITIVE_REGULATION_OF_TRANSCRIPTION_ELONGATION_FROM_RNA_POLYMERASE_II_PROMOTER	-0.2799606175149684			
GO_REGULATION_OF_DNA_METABOLIC_PROCESS	-0.2799750475122541			
GO_REGULATION_OF_POTASSIUM_ION_EXPORT_ACROSS_PLASMA_MEMBRANE	-0.27999063060920343			
GSE32164_RESTING_DIFFERENTIATED_VS_CMYC_INHIBITED_MACROPHAGE_DN	-0.27999844136167734			
GO_MHC_CLASS_IB_RECEPTOR_ACTIVITY	-0.28000930291420706			
GO_ADENOSINE_RECEPTOR_SIGNALING_PATHWAY	-0.2800131879366511			
BORCZUK_MALIGNANT_MESOTHELIOMA_DN	-0.28004056087498747			
GO_SUPEROXIDE_GENERATING_NADPH_OXIDASE_ACTIVATOR_ACTIVITY	-0.2800528338985374			
IPA_MTA3_UP	-0.28005344925086284			
GO_AMINOACYLASE_ACTIVITY	-0.28006274706427353			
MEISSNER_ES_ICP_WITH_H3K4ME3_AND_H3K27ME3	-0.2800653684587051			
GO_RNA_POLYMERASE_III_GENERAL_TRANSCRIPTION_INITIATION_FACTOR_ACTIVITY	-0.28009776385756574			
IPA_DAXX_UP	-0.28011385204459877			
REACTOME_TRANSCRIPTION_OF_E2F_TARGETS_UNDER_NEGATIVE_CONTROL_BY_DREAM_COMPLEX	-0.2801218599297607			
GO_VOLTAGE_GATED_POTASSIUM_CHANNEL_ACTIVITY	-0.28016294876553965			
PEPPER_CHRONIC_LYMPHOCYTIC_LEUKEMIA_UP	-0.28017664644452556			
GSE46606_DAY1_VS_DAY3_CD40L_IL2_IL5_STIMULATED_IRF4MID_BCELL_DN	-0.2801782541482323			
MIR5591_5P	-0.2802091161641646			
GO_CHROMOSOME_CENTROMERIC_REGION	-0.28021863777863093			
GO_GRANZYME_MEDIATED_APOPTOTIC_SIGNALING_PATHWAY	-0.2802239974245386			
GO_REGULATION_OF_ACTIN_CYTOSKELETON_REORGANIZATION	-0.2802327099421649			
GSE2770_UNTREATED_VS_TGFB_AND_IL4_TREATED_ACT_CD4_TCELL_4H_UP	-0.2802550025153595			
GO_TRANSCRIPTION_FACTOR_COMPLEX	-0.2802693625921894			
GSE45739_UNSTIM_VS_ACD3_ACD28_STIM_NRAS_KO_CD4_TCELL_DN	-0.28027104391032004			
GSE24142_EARLY_THYMIC_PROGENITOR_VS_DN2_THYMOCYTE_FETAL_UP	-0.2802785842229808			
GSE11961_MEMORY_BCELL_DAY7_VS_GERMINAL_CENTER_BCELL_DAY40_DN	-0.28030391545276073			
GSE25846_IL10_POS_VS_NEG_CD8_TCELL_DAY7_POST_CORONAVIRUS_BRAIN_DN	-0.28033297582263944			
GSE17721_POLYIC_VS_PAM3CSK4_1H_BMDC_UP	-0.28034428410045226			
ACTACCT_MIR196A_MIR196B	-0.2803510182129232			
ZNF395_TARGET_GENES	-0.2803864263235128			
GSE22601_IMMATURE_CD4_SINGLE_POSITIVE_VS_CD4_SINGLE_POSITIVE_THYMOCYTE_UP	-0.28039685781639			
IPA_SP7_DN	-0.2803997357370893			
MIR6740_5P	-0.28041755831734394			
GSE18791_CTRL_VS_NEWCASTLE_VIRUS_DC_10H_UP	-0.2804188802493478			
GSE37605_C57BL6_VS_NOD_FOXP3_IRES_GFP_TCONV_DN	-0.28042227397482383			
REACTOME_ERYTHROCYTES_TAKE_UP_OXYGEN_AND_RELEASE_CARBON_DIOXIDE	-0.28042628687383336			
GO_RESPONSE_TO_MACROPHAGE_COLONY_STIMULATING_FACTOR	-0.28045587011547235			
GO_INTERLEUKIN_6_SECRETION	-0.28047082417792313			
MIR6717_5P	-0.2804738129514095			
GSE22601_IMMATURE_CD4_SINGLE_POSITIVE_VS_DOUBLE_POSITIVE_THYMOCYTE_DN	-0.2804983148248774			
GO_RNA_POLYMERASE_II_HOLOENZYME	-0.28051496028576056			
GSE21360_PRIMARY_VS_TERTIARY_MEMORY_CD8_TCELL_UP	-0.2805308020964528			
GSE29614_CTRL_VS_DAY3_TIV_FLU_VACCINE_PBMC_DN	-0.28053293217623004			
GO_NEGATIVE_REGULATION_OF_HISTONE_DEACETYLATION	-0.28054792725446215			
GO_PROTOPORPHYRINOGEN_IX_METABOLIC_PROCESS	-0.28055180426741044			
GSE17974_2H_VS_72H_UNTREATED_IN_VITRO_CD4_TCELL_DN	-0.2805743340408685			
GSE37533_UNTREATED_VS_PIOGLIZATONE_TREATED_CD4_TCELL_PPARG2_AND_FOXP3_TRASDUCED_DN	-0.28058424993397224			
GSE21678_WT_VS_FOXO1_FOXO3_KO_TREG_DN	-0.2805954134468042			
GO_CARBON_SULFUR_LYASE_ACTIVITY	-0.2806013352378251			
REACTOME_NUCLEAR_IMPORT_OF_REV_PROTEIN	-0.2806169281350671			
GSE3720_LPS_VS_PMA_STIM_VD1_GAMMADELTA_TCELL_UP	-0.28062390225309203			
GO_FATTY_ACID_LIGASE_ACTIVITY	-0.28064102454389034			
GO_TRANSCRIPTION_FACTOR_TFIID_COMPLEX	-0.28064367581201577			
GO_MEIOSIS_I_CELL_CYCLE_PROCESS	-0.2806682094229224			
GO_CENTROMERE_COMPLEX_ASSEMBLY	-0.28067090204714934			
GO_POSITIVE_REGULATION_OF_CYTOKINE_SECRETION	-0.2807038812442673			
GSE27786_LIN_NEG_VS_BCELL_DN	-0.2807145902746927			
GO_SWR1_COMPLEX	-0.28071495106119254			
GO_MRNA_3_SPLICE_SITE_RECOGNITION	-0.28071688349843105			
GSE360_CTRL_VS_T_GONDII_DC_UP	-0.280736340302035			
REACTOME_SUMOYLATION_OF_DNA_DAMAGE_RESPONSE_AND_REPAIR_PROTEINS	-0.2807480561050509			
SAKAI_CHRONIC_HEPATITIS_VS_LIVER_CANCER_UP	-0.28074912901866805			
GSE37319_WT_VS_RC3H1_KO_CD44LOW_CD8_TCELL_UP	-0.28074929606789456			
BIOCARTA_CTCF_PATHWAY	-0.2807528254614031			
GO_NEGATIVE_REGULATION_OF_UBIQUITIN_DEPENDENT_PROTEIN_CATABOLIC_PROCESS	-0.28076291968797495			
GSE20152_SPHK1_KO_VS_WT_HTNFA_OVERXPRESS_ANKLE_DN	-0.28076347779953786			
GSE6674_ANTI_IGM_VS_CPG_STIM_BCELL_DN	-0.28077071702571793			
MIR1197	-0.2807740986934957			
SCHLOSSER_SERUM_RESPONSE_UP	-0.2807800083575085			
GO_POSITIVE_REGULATION_OF_CELL_PROLIFERATION_IN_BONE_MARROW	-0.28078166985012454			
GSE8621_UNSTIM_VS_LPS_STIM_MACROPHAGE_DN	-0.2808033535595496			
GO_TRNA_MODIFICATION	-0.28082877340717743			
GO_POSITIVE_REGULATION_OF_NITRIC_OXIDE_METABOLIC_PROCESS	-0.2808401735211497			
GO_HISTONE_H3_K4_DEMETHYLATION_TRIMETHYL_H3_K4_SPECIFIC	-0.2808474867110934			
GO_REGULATION_OF_DNA_LIGATION	-0.2808494671344046			
GO_NEGATIVE_REGULATION_OF_B_CELL_RECEPTOR_SIGNALING_PATHWAY	-0.2808796727389814			
GSE5589_IL6_KO_VS_IL10_KO_LPS_AND_IL10_STIM_MACROPHAGE_180MIN_UP	-0.2808835005781412			
REACTOME_ESTABLISHMENT_OF_SISTER_CHROMATID_COHESION	-0.28088430185434754			
GSE20715_0H_VS_6H_OZONE_LUNG_UP	-0.280936564440801			
GSE7852_LN_VS_FAT_TREG_UP	-0.2809394571726676			
GGGGCCC_MIR296	-0.28096070775981696			
GSE7509_UNSTIM_VS_IFNA_STIM_IMMATURE_DC_DN	-0.2809632721593942			
KEGG_NON_HOMOLOGOUS_END_JOINING	-0.28099145570310796			
GO_NEGATIVE_REGULATION_OF_MACROPHAGE_ACTIVATION	-0.2810037575995026			
GO_SH2_DOMAIN_BINDING	-0.2810075724234523			
GO_DE_NOVO_NAD_BIOSYNTHETIC_PROCESS_FROM_TRYPTOPHAN	-0.2810146448115469			
BROWNE_HCMV_INFECTION_14HR_UP	-0.2810442398147687			
GO_RNA_SURVEILLANCE	-0.28108512826754356			
REACTOME_SIGNALING_BY_THE_B_CELL_RECEPTOR_BCR	-0.2810952363599282			
HOFFMANN_PRE_BI_TO_LARGE_PRE_BII_LYMPHOCYTE_UP	-0.28110881370793894			
GO_CALCIUM_MEDIATED_SIGNALING	-0.28114257672258575			
GO_ESTABLISHMENT_OF_SISTER_CHROMATID_COHESION	-0.2811552961967156			
GO_HISTONE_H3_DEACETYLATION	-0.28115902501769735			
GO_MACROPINOCYTOSIS	-0.2811738897560198			
SNAPC2_TARGET_GENES	-0.28123269413705126			
GO_CELLULAR_RESPONSE_TO_OXIDISED_LOW_DENSITY_LIPOPROTEIN_PARTICLE_STIMULUS	-0.28125057788311103			
GO_NEGATIVE_REGULATION_OF_NUCLEOBASE_CONTAINING_COMPOUND_METABOLIC_PROCESS	-0.28127144569456647			
GO_POSITIVE_REGULATION_OF_STRIATED_MUSCLE_CELL_APOPTOTIC_PROCESS	-0.28127205267281763			
KEGG_MISMATCH_REPAIR	-0.2812753960958443			
GO_GROWTH_CONE_MEMBRANE	-0.28130342269190683			
REACTOME_NONHOMOLOGOUS_END_JOINING_NHEJ	-0.2813342535137517			
GSE4590_LARGE_PRE_BCELL_VS_VPREB_POS_LARGE_PRE_BCELL_DN	-0.2813407392754977			
GSE19198_1H_VS_24H_IL21_TREATED_TCELL_DN	-0.2813492562086735			
REACTOME_PURINE_RIBONUCLEOSIDE_MONOPHOSPHATE_BIOSYNTHESIS	-0.2814447017707708			
GSE21927_SPLENIC_C26GM_TUMOROUS_VS_4T1_TUMOR_MONOCYTES_DN	-0.281445797828489			
GSE15624_3H_VS_6H_HALOFUGINONE_TREATED_CD4_TCELL_UP	-0.28145379740694937			
GAVIN_IL2_RESPONSIVE_FOXP3_TARGETS_UP	-0.28146981436554247			
GSE5589_UNSTIM_VS_45MIN_LPS_STIM_MACROPHAGE_DN	-0.28150290166573183			
GO_UBIQUITIN_LIKE_PROTEIN_CONJUGATING_ENZYME_ACTIVITY	-0.2815093436718355			
GSE2128_C57BL6_VS_NOD_THYMOCYTE_UP	-0.2815362602605945			
GSE41867_NAIVE_VS_DAY8_LCMV_ARMSTRONG_EFFECTOR_CD8_TCELL_DN	-0.2815522323130176			
GSE32901_NAIVE_VS_TH17_NEG_CD4_TCELL_UP	-0.28155280534003424			
MIR6772_5P	-0.28155764096227115			
GO_REGULATION_OF_AUTOPHAGOSOME_MATURATION	-0.2815889812961227			
BILANGES_SERUM_RESPONSE_TRANSLATION	-0.2816011697538411			
GO_COMPLEMENT_BINDING	-0.281612762058153			
HALLMARK_HEME_METABOLISM	-0.28162575803110995			
GO_REGULATION_OF_DENDRITIC_CELL_CHEMOTAXIS	-0.281662109302643			
REACTOME_PKMTS_METHYLATE_HISTONE_LYSINES	-0.28167031802174824			
GSE10325_CD4_TCELL_VS_BCELL_DN	-0.2816744826833547			
GO_DEOXYRIBONUCLEASE_ACTIVITY	-0.2816962353668745			
GSE29618_PRE_VS_DAY7_FLU_VACCINE_MONOCYTE_DN	-0.28170912744554993			
SCHLESINGER_H3K27ME3_IN_NORMAL_AND_METHYLATED_IN_CANCER	-0.28171560451549826			
GO_STRUCTURAL_CONSTITUENT_OF_NUCLEAR_PORE	-0.2817171381279588			
SA_PTEN_PATHWAY	-0.28173595597294293			
MIR4759	-0.28173654670436815			
SMAD_Q6	-0.28174904098211634			
GO_HISTONE_METHYLTRANSFERASE_ACTIVITY_H3_K36_SPECIFIC	-0.28179544972842974			
REACTOME_N_GLYCAN_TRIMMING_AND_ELONGATION_IN_THE_CIS_GOLGI	-0.28182520349706347			
GO_PEPTIDOGLYCAN_BINDING	-0.28183494891698285			
GSE17721_POLYIC_VS_CPG_1H_BMDC_UP	-0.2818446780312494			
GO_RESPONSE_TO_FUNGICIDE	-0.28184967839187136			
GO_PROTEIN_DEMETHYLATION	-0.2818555021995677			
GSE34205_RSV_VS_FLU_INF_INFANT_PBMC_UP	-0.2818834606678076			
REACTOME_COMPETING_ENDOGENOUS_RNAS_CERNAS_REGULATE_PTEN_TRANSLATION	-0.28188625128232864			
MIR6858_5P	-0.281892864384761			
GO_POSITIVE_REGULATION_OF_DOUBLE_STRAND_BREAK_REPAIR	-0.2819536843053875			
GSE9239_CTRL_VS_TNF_INHIBITOR_TREATED_DC_DN	-0.2819572237358506			
GSE21063_WT_VS_NFATC1_KO_8H_ANTI_IGM_STIM_BCELL_DN	-0.2819598604273523			
GO_NUCLEAR_TRANSCRIPTION_FACTOR_COMPLEX	-0.2819817785064788			
FULCHER_INFLAMMATORY_RESPONSE_LECTIN_VS_LPS_DN	-0.28205987419703776			
GO_CIS_REGULATORY_REGION_BINDING	-0.28207184894335496			
FUNG_IL2_SIGNALING_2	-0.2820789475842259			
NIKOLSKY_MUTATED_AND_AMPLIFIED_IN_BREAST_CANCER	-0.2821100749446371			
GSE27786_CD4_VS_CD8_TCELL_DN	-0.282124189705147			
GO_EXTRACELLULAR_MATRIX_CONSTITUENT_SECRETION	-0.28215645669257483			
GO_MIRNA_CATABOLIC_PROCESS	-0.2821585778278778			
MIR190B_5P	-0.28216297784870875			
LOPEZ_MESOTHELIOMA_SURVIVAL_OVERALL_UP	-0.28217028824107654			
GO_MATURATION_OF_5_8S_RRNA_FROM_TRICISTRONIC_RRNA_TRANSCRIPT_SSU_RRNA_5_8S_RRNA_LSU_RRNA	-0.2821807079589255			
GO_RNA_LOCALIZATION	-0.28218231235189584			
GSE17580_TREG_VS_TEFF_DN	-0.2821878976597068			
GSE2405_S_AUREUS_VS_A_PHAGOCYTOPHILUM_NEUTROPHIL_DN	-0.28218841412359225			
TAL1BETAITF2_01	-0.2821940464706978			
GO_LIGASE_ACTIVITY	-0.2821955866867284			
GSE6259_FLT3L_INDUCED_DEC205_POS_DC_VS_CD4_TCELL_UP	-0.28220145381073863			
GSE3982_MAC_VS_TH1_DN	-0.2822047444820441			
GSE17974_IL4_AND_ANTI_IL12_VS_UNTREATED_2H_ACT_CD4_TCELL_UP	-0.2822095474533282			
GO_RENAL_SYSTEM_VASCULATURE_MORPHOGENESIS	-0.282231232648824			
GO_NOREPINEPHRINE_SECRETION	-0.2822806959523601			
GO_REGULATION_OF_DEFENSE_RESPONSE_TO_VIRUS_BY_VIRUS	-0.28228462124893894			
GO_CELL_BODY_MEMBRANE	-0.2822850867768748			
GO_RHYTHMIC_BEHAVIOR	-0.2822891645444759			
MYLLYKANGAS_AMPLIFICATION_HOT_SPOT_8	-0.2823165776151347			
GO_ONE_CARBON_METABOLIC_PROCESS	-0.28232200112690686			
IPA_SATB1_UP	-0.282328962971846			
DEURIG_T_CELL_PROLYMPHOCYTIC_LEUKEMIA_DN	-0.28236109378599844			
GSE27241_WT_CTRL_VS_DIGOXIN_TREATED_RORGT_KO_CD4_TCELL_IN_TH17_POLARIZING_CONDITIONS_DN	-0.28239880679939383			
GO_PRE_MRNA_3_SPLICE_SITE_BINDING	-0.28242882426932664			
GSE3982_MAST_CELL_VS_NKCELL_DN	-0.2824393554869022			
GO_DEMETHYLASE_ACTIVITY	-0.2824642683826766			
AGCATTA_MIR155	-0.2824677116894102			
MIR3065_3P	-0.28249186938210585			
GO_RESPONSE_TO_INTERLEUKIN_15	-0.2825180577842284			
GO_CHROMOSOME_ORGANIZATION_INVOLVED_IN_MEIOTIC_CELL_CYCLE	-0.28252364984033657			
SETD1A_TARGET_GENES	-0.2825864247515159			
MIR6887_5P	-0.28260699760828883			
GSE9006_HEALTHY_VS_TYPE_1_DIABETES_PBMC_1MONTH_POST_DX_DN	-0.28261021793574276			
SONG_TARGETS_OF_IE86_CMV_PROTEIN	-0.2826106733235114			
GO_G_QUADRUPLEX_RNA_BINDING	-0.2826234265188944			
GSE29618_PRE_VS_DAY7_FLU_VACCINE_MDC_DN	-0.28263387755869884			
GSE34515_CD16_NEG_MONOCYTE_VS_DC_DN	-0.28265111132493914			
GSE24634_TREG_VS_TCONV_POST_DAY7_IL4_CONVERSION_UP	-0.2826578679802189			
GO_POSITIVE_REGULATION_OF_CYTOKINE_PRODUCTION	-0.2826599363229321			
REACTOME_SLBP_DEPENDENT_PROCESSING_OF_REPLICATION_DEPENDENT_HISTONE_PRE_MRNAS	-0.2826716555987328			
CC2D1A_TARGET_GENES	-0.2826938782009539			
GO_NEUROTRANSMITTER_RECEPTOR_ACTIVITY	-0.2827235139987224			
JNK_DN.V1_DN	-0.2827431293011986			
WORSCHECH_TUMOR_EVASION_AND_TOLEROGENICITY_UP	-0.282747187123863			
REACTOME_RMTS_METHYLATE_HISTONE_ARGININES	-0.28275384521934976			
GO_PHAGOLYSOSOME	-0.2827548799483675			
GSE10325_BCELL_VS_MYELOID_UP	-0.28276672193075636			
GO_VITAMIN_D_RECEPTOR_BINDING	-0.28276737788115924			
IPA_WDR82_UP	-0.28277211250956175			
REACTOME_FOXO_MEDIATED_TRANSCRIPTION_OF_OXIDATIVE_STRESS_METABOLIC_AND_NEURONAL_GENES	-0.28277686261971385			
GSE17721_PAM3CSK4_VS_GADIQUIMOD_4H_BMDC_DN	-0.2828068890239173			
GSE22229_RENAL_TRANSPLANT_VS_HEALTHY_PBMC_UP	-0.2828117532707467			
GO_INTERFERON_BETA_PRODUCTION	-0.2828139289304926			
GSE29618_BCELL_VS_PDC_DN	-0.282818515329083			
SCHAEFFER_PROSTATE_DEVELOPMENT_AND_CANCER_BOX4_UP	-0.2828259637144008			
GSE24210_IL35_TREATED_VS_UNTREATED_TCONV_CD4_TCELL_DN	-0.28282831013598564			
MIR6845_3P	-0.28283731093800846			
GO_POSITIVE_REGULATION_OF_PROTEIN_LOCALIZATION_TO_NUCLEOLUS	-0.2828560014157362			
GO_PHOSPHORIC_DIESTER_HYDROLASE_ACTIVITY	-0.28286155165392407			
GO_OXIDOREDUCTASE_ACTIVITY_ACTING_ON_PEROXIDE_AS_ACCEPTOR	-0.28288816522352095			
GO_IRES_DEPENDENT_VIRAL_TRANSLATIONAL_INITIATION	-0.2829107072238145			
MAF_Q6	-0.2829417775045751			
GO_TRANSLOCATION_OF_MOLECULES_INTO_HOST	-0.2829444719482893			
GSE21927_SPLENIC_VS_TUMOR_MONOCYTES_FROM_C26GM_TUMOROUS_MICE_BALBC_DN	-0.2829691983945462			
BIOCARTA_SPPA_PATHWAY	-0.28297291182598117			
REACTOME_FORMATION_OF_THE_BETA_CATENIN_TCF_TRANSACTIVATING_COMPLEX	-0.2829833709613456			
GSE10239_MEMORY_VS_KLRG1INT_EFF_CD8_TCELL_UP	-0.2830157994464043			
GSE16451_CTRL_VS_WEST_EQUINE_ENC_VIRUS_IMMATURE_NEURON_CELL_LINE_UP	-0.28304543961708883			
GSE39820_CTRL_VS_TGFBETA1_IL6_CD4_TCELL_UP	-0.28306185992980937			
ZHOU_INFLAMMATORY_RESPONSE_LIVE_DN	-0.2830877280089305			
GO_S_ADENOSYL_L_METHIONINE_BINDING	-0.28310244720198585			
GSE3720_LPS_VS_PMA_STIM_VD2_GAMMADELTA_TCELL_UP	-0.2831707244872509			
MIR4306	-0.2831761445971293			
GSE29618_BCELL_VS_MDC_DAY7_FLU_VACCINE_UP	-0.28318066948733556			
GSE17721_CTRL_VS_PAM3CSK4_4H_BMDC_UP	-0.283217977249796			
ZHAN_MULTIPLE_MYELOMA_CD1_VS_CD2_UP	-0.2832262592682691			
GSE46242_TH1_VS_ANERGIC_TH1_CD4_TCELL_UP	-0.28323364430906206			
GO_VERY_LOW_DENSITY_LIPOPROTEIN_PARTICLE_REMODELING	-0.283234467382618			
CHEOK_RESPONSE_TO_HD_MTX_UP	-0.28324192939304377			
IPA_TAL1_UP	-0.283247480347293			
NEMETH_INFLAMMATORY_RESPONSE_LPS_DN	-0.28326777286308913			
GO_REGULATION_OF_CD8_POSITIVE_ALPHA_BETA_T_CELL_ACTIVATION	-0.283283177864634			
GO_REGULATION_OF_CELLULAR_EXTRAVASATION	-0.28328532998731704			
GO_TELOMERIC_DNA_BINDING	-0.2832976341937859			
GO_NEGATIVE_REGULATION_OF_DEFENSE_RESPONSE	-0.28329883384877624			
GO_DRUG_BINDING	-0.2833236233387679			
REACTOME_FC_EPSILON_RECEPTOR_FCERI_SIGNALING	-0.28333547882995025			
KAT5_TARGET_GENES	-0.2833402116791648			
GO_REGULATION_OF_NEUTROPHIL_CHEMOTAXIS	-0.28334396827472497			
WANG_CLASSIC_ADIPOGENIC_TARGETS_OF_PPARG	-0.2833825154781749			
HDGF_TARGET_GENES	-0.2833909534153591			
GO_MCM_COMPLEX	-0.2833910540759429			
GO_INTERLEUKIN_2_PRODUCTION	-0.28342186733740077			
GO_REGULATION_OF_LIPID_CATABOLIC_PROCESS	-0.2834316101468986			
REACTOME_SIGNALING_BY_FGFR1_IN_DISEASE	-0.283445042792708			
GSE39820_CTRL_VS_IL1B_IL6_CD4_TCELL_UP	-0.2834458342716747			
GO_RNA_CATABOLIC_PROCESS	-0.2834664992411978			
MIR4695_5P	-0.28346650859931427			
GSE11961_MEMORY_BCELL_DAY7_VS_PLASMA_CELL_DAY7_UP	-0.28347533383515916			
GO_POSITIVE_REGULATION_OF_PHOSPHOLIPID_TRANSPORT	-0.283478649021124			
GO_RRNA_3_END_PROCESSING	-0.28348317419379415			
GSE11924_TH2_VS_TH17_CD4_TCELL_DN	-0.2834949647654496			
GO_POSITIVE_REGULATION_OF_INTERLEUKIN_2_BIOSYNTHETIC_PROCESS	-0.28353792006383366			
MIR6795_5P	-0.28354891679477673			
GO_U1_SNRNP_BINDING	-0.2835494283176783			
REACTOME_PLATELET_SENSITIZATION_BY_LDL	-0.28355078280701457			
GSE25677_MPL_VS_R848_STIM_BCELL_UP	-0.28358326164723824			
GO_CUL4_RING_E3_UBIQUITIN_LIGASE_COMPLEX	-0.2836303903244983			
BIOCARTA_IL4_PATHWAY	-0.28363783610123783			
GSE32901_NAIVE_VS_TH1_CD4_TCELL_UP	-0.2837091022771077			
GO_ENDOCYTIC_PATCH	-0.28371938755460935			
ETS1_B	-0.2837328486077177			
TESAR_ALK_TARGETS_HUMAN_ES_4D_DN	-0.28374038600693346			
RICKMAN_TUMOR_DIFFERENTIATED_WELL_VS_POORLY_UP	-0.28374141798261365			
GO_NEGATIVE_REGULATION_OF_ALCOHOL_BIOSYNTHETIC_PROCESS	-0.28375940152221224			
JIANG_CORE_DUPLICON_GENES	-0.28377072447362267			
IPA_TCF12_UP	-0.2837802826564472			
GO_NEGATIVE_REGULATION_OF_VASCULAR_ASSOCIATED_SMOOTH_MUSCLE_CELL_APOPTOTIC_PROCESS	-0.28387459806411297			
GSE3982_EOSINOPHIL_VS_NKCELL_UP	-0.28387810163683846			
GSE12003_4D_VS_8D_CULTURE_MIR223_KO_BM_PROGENITOR_DN	-0.2838925752207909			
GO_DE_NOVO_IMP_BIOSYNTHETIC_PROCESS	-0.2839143898835716			
GSE29618_MONOCYTE_VS_MDC_DAY7_FLU_VACCINE_DN	-0.2839325394367748			
IPA_DLX5_UP	-0.2839545417040438			
MIR3654	-0.283954765235535			
BOYLAN_MULTIPLE_MYELOMA_C_CLUSTER_UP	-0.2839691437791633			
GSE11961_MARGINAL_ZONE_BCELL_VS_PLASMA_CELL_DAY7_DN	-0.283995918056399			
GO_NEGATIVE_REGULATION_OF_TYPE_I_INTERFERON_PRODUCTION	-0.2840022110184102			
GSE17974_0H_VS_1H_IN_VITRO_ACT_CD4_TCELL_UP	-0.28400645863261226			
MIR4765	-0.28401925994488203			
GO_CELL_PROLIFERATION_IN_BONE_MARROW	-0.2840389482352546			
GSE15735_CTRL_VS_HDAC_INHIBITOR_TREATED_CD4_TCELL_2H_DN	-0.2840512073672871			
IPA_IRF8_DN	-0.28405634914789196			
IPA_GATA1_DN	-0.28406555471401995			
GO_PROTOPORPHYRINOGEN_IX_BIOSYNTHETIC_PROCESS	-0.2840772735276394			
GSE23114_PERITONEAL_CAVITY_B1A_BCELL_VS_SPLEEN_BCELL_IN_SLE2C1_MOUSE_UP	-0.28408237383206014			
GSE6259_CD4_TCELL_VS_CD8_TCELL_DN	-0.28410495058093543			
GO_DETECTION_OF_EXTERNAL_BIOTIC_STIMULUS	-0.28410720794087624			
GSE15330_MEGAKARYOCYTE_ERYTHROID_VS_GRANULOCYTE_MONOCYTE_PROGENITOR_UP	-0.28414078804371673			
GO_VOLTAGE_GATED_CATION_CHANNEL_ACTIVITY	-0.28414538384439647			
FLECHNER_PBL_KIDNEY_TRANSPLANT_OK_VS_DONOR_DN	-0.2841768960660768			
GSE5589_LPS_VS_LPS_AND_IL10_STIM_MACROPHAGE_180MIN_UP	-0.2841871198112844			
GO_RESOLUTION_OF_MEIOTIC_RECOMBINATION_INTERMEDIATES	-0.2842006479782718			
GSE32164_RESTING_DIFFERENTIATED_VS_ALTERNATIVELY_ACT_M2_MACROPHAGE_DN	-0.2842076733208856			
GO_FORMATION_OF_CYTOPLASMIC_TRANSLATION_INITIATION_COMPLEX	-0.284214616135786			
GSE13493_CD4INTCD8POS_VS_CD8POS_THYMOCYTE_UP	-0.2843067190668148			
GO_POSITIVE_REGULATION_OF_INTERLEUKIN_13_PRODUCTION	-0.2843242918149425			
GSE17721_LPS_VS_CPG_24H_BMDC_DN	-0.2843264863155788			
NAKAMURA_ALVEOLAR_EPITHELIUM	-0.28432856349111313			
GO_G_PROTEIN_COUPLED_NUCLEOTIDE_RECEPTOR_ACTIVITY	-0.28439010980620716			
GO_G_PROTEIN_COUPLED_PURINERGIC_NUCLEOTIDE_RECEPTOR_SIGNALING_PATHWAY	-0.28439010980620716			
GO_RNA_POLYMERASE_ACTIVITY	-0.28439064187202323			
YY1_01	-0.284433840010529			
GO_INTERMEDIATE_DENSITY_LIPOPROTEIN_PARTICLE	-0.28444560052997697			
GO_5S_RRNA_BINDING	-0.28446030059635274			
GO_DENTATE_GYRUS_DEVELOPMENT	-0.28447388000611573			
IPA_FOXO3_DN	-0.2844990390465067			
GSE25123_WT_VS_PPARG_KO_MACROPHAGE_DN	-0.2845140075206363			
IPA_TFAP2C_UP	-0.2845163126235409			
GSE2706_R848_VS_LPS_8H_STIM_DC_UP	-0.28471536222734756			
GSE6259_DEC205_POS_DC_VS_CD8_TCELL_UP	-0.28473683950335654			
IRITANI_MAD1_TARGETS_UP	-0.2847472650445285			
MIR190A_5P	-0.284752027906985			
GO_SPERM_CHROMATIN_CONDENSATION	-0.28475525515156425			
PID_RAC1_REG_PATHWAY	-0.284784283805701			
GSE22886_NAIVE_TCELL_VS_MONOCYTE_UP	-0.28481112554112975			
MIR3162_5P	-0.2848379701651579			
GO_PRECATALYTIC_SPLICEOSOME	-0.28484301118292055			
GSE3982_EOSINOPHIL_VS_BASOPHIL_UP	-0.2848576805753291			
KRAS.AMP.LUNG_UP.V1_UP	-0.28486299653302694			
GO_POSITIVE_REGULATION_OF_PHOSPHOLIPID_METABOLIC_PROCESS	-0.28488566870396154			
GSE21670_STAT3_KO_VS_WT_CD4_TCELL_TGFB_IL6_TREATED_UP	-0.28494696562838717			
GSE22886_NAIVE_CD8_TCELL_VS_MONOCYTE_UP	-0.2849538192625771			
GO_CYTOKINE_PRODUCTION_INVOLVED_IN_IMMUNE_RESPONSE	-0.28497829584610423			
GSE12845_NAIVE_VS_DARKZONE_GC_TONSIL_BCELL_UP	-0.2850209140298			
GO_POSITIVE_REGULATION_OF_AUTOPHAGOSOME_MATURATION	-0.2850456189763323			
GSE360_DC_VS_MAC_B_MALAYI_LOW_DOSE_UP	-0.28509060093563665			
GSE9878_CTRL_VS_EBF_TRANSDUCED_PAX5_KO_PRO_BCELL_DN	-0.2851012294125543			
MIR4632_5P	-0.28510644060511714			
GSE13522_CTRL_VS_T_CRUZI_Y_STRAIN_INF_SKIN_IFNAR_KO_UP	-0.2851852429831331			
GSE30083_SP2_VS_SP4_THYMOCYTE_DN	-0.2851856945757159			
FUJIWARA_PARK2_HEPATOCYTE_PROLIFERATION_DN	-0.28518601403057753			
GSE22601_DOUBLE_POSITIVE_VS_CD4_SINGLE_POSITIVE_THYMOCYTE_DN	-0.2851971859679369			
HOFFMANN_IMMATURE_TO_MATURE_B_LYMPHOCYTE_UP	-0.28520821648161465			
GSE40666_WT_VS_STAT1_KO_CD8_TCELL_UP	-0.285212714912068			
GSE21546_ELK1_KO_VS_SAP1A_KO_AND_ELK1_KO_ANTI_CD3_STIM_DP_THYMOCYTES_UP	-0.285227085876222			
OLF1_01	-0.2852297708312848			
GO_PHOSPHOTYROSINE_RESIDUE_BINDING	-0.2852426255402438			
GO_CHYLOMICRON	-0.28524397010189034			
GO_RNA_POLYMERASE_CORE_ENZYME_BINDING	-0.28526696914948096			
MYLLYKANGAS_AMPLIFICATION_HOT_SPOT_15	-0.2852703372178331			
GSE1460_INTRATHYMIC_T_PROGENITOR_VS_CD4_THYMOCYTE_UP	-0.28532478074414047			
GO_UBIQUITIN_LIKE_PROTEIN_SPECIFIC_PROTEASE_ACTIVITY	-0.28533506012928395			
REACTOME_TOLL_LIKE_RECEPTOR_4_TLR4_CASCADE	-0.28536808188051715			
GO_POSITIVE_REGULATION_OF_INTERLEUKIN_8_SECRETION	-0.2854368261518684			
GO_MRNA_TRANSPORT	-0.2854519057310916			
GSE23308_CTRL_VS_CORTICOSTERONE_TREATED_MACROPHAGE_MINERALCORTICOID_REC_KO_UP	-0.2854534398222295			
GSE18281_CORTEX_VS_MEDULLA_THYMUS_DN	-0.2855191238596764			
GO_POSITIVE_REGULATION_OF_STORE_OPERATED_CALCIUM_CHANNEL_ACTIVITY	-0.28554374094162027			
GO_CATALYTIC_ACTIVITY_ACTING_ON_RNA	-0.28557147467241056			
GSE11961_FOLLICULAR_BCELL_VS_PLASMA_CELL_DAY7_DN	-0.2855825339762954			
GO_NEGATIVE_REGULATION_OF_NEUROINFLAMMATORY_RESPONSE	-0.2855888372471377			
GO_PROTEIN_ACYLATION	-0.2856171481463569			
GO_SEMICIRCULAR_CANAL_DEVELOPMENT	-0.2856195448980116			
DER_IFN_GAMMA_RESPONSE_DN	-0.28562399583825915			
GO_ADENOSINE_DEAMINASE_ACTIVITY	-0.28563279459007107			
GSE360_DC_VS_MAC_B_MALAYI_HIGH_DOSE_UP	-0.28566638669666317			
GO_IRON_ION_TRANSMEMBRANE_TRANSPORTER_ACTIVITY	-0.28567311698004894			
GSE15930_STIM_VS_STIM_AND_IFNAB_72H_CD8_T_CELL_UP	-0.28570934331469217			
GSE17721_CTRL_VS_LPS_8H_BMDC_UP	-0.2857593028193709			
GO_PRODUCTION_OF_SMALL_RNA_INVOLVED_IN_GENE_SILENCING_BY_RNA	-0.2857625128589487			
GARCIA_TARGETS_OF_FLI1_AND_DAX1_DN	-0.28580817970685			
GSE6875_TCONV_VS_FOXP3_KO_TREG_UP	-0.28581332712156104			
REACTOME_POLB_DEPENDENT_LONG_PATCH_BASE_EXCISION_REPAIR	-0.2858211817577268			
GSE43863_NAIVE_VS_LY6C_INT_CXCR5POS_CD4_EFF_TCELL_D6_LCMV_UP	-0.28585146625735725			
GO_REGULATION_OF_INFLAMMATORY_RESPONSE_TO_ANTIGENIC_STIMULUS	-0.2858868470504736			
GSE11057_CD4_CENT_MEM_VS_PBMC_UP	-0.285905049967863			
GO_REGULATION_OF_VERY_LOW_DENSITY_LIPOPROTEIN_PARTICLE_REMODELING	-0.2859179273081849			
AATGGAG_MIR136	-0.285921455355237			
REACTOME_ACTIVATION_OF_THE_PRE_REPLICATIVE_COMPLEX	-0.2859442910505045			
GSE29618_PRE_VS_DAY7_POST_TIV_FLU_VACCINE_PDC_DN	-0.2859472795878292			
RYTTCCTG_ETS2_B	-0.285950993267277			
GSE360_T_GONDII_VS_B_MALAYI_LOW_DOSE_DC_DN	-0.286017651367536			
GO_REGULATION_OF_SKELETAL_MUSCLE_CONTRACTION	-0.2860358289550802			
IPA_NR1H3_DN	-0.2860513954405517			
NOTCH3_TARGET_GENES	-0.2860586743075316			
IPA_PRDM1_UP	-0.2860843928288312			
TARTE_PLASMA_CELL_VS_PLASMABLAST_DN	-0.28608495170983456			
REACTOME_DISEASES_OF_DNA_REPAIR	-0.28608746972466614			
CTACCTC_LET7A_LET7B_LET7C_LET7D_LET7E_LET7F_MIR98_LET7G_LET7I	-0.2860962193640831			
REACTOME_MEIOSIS	-0.28621523199837634			
GSE360_L_DONOVANI_VS_B_MALAYI_HIGH_DOSE_MAC_DN	-0.2862265304470078			
GSE40666_UNTREATED_VS_IFNA_STIM_CD8_TCELL_90MIN_DN	-0.28622837570264326			
CYCLIN_D1_KE_.V1_DN	-0.2862560389303246			
LU_IL4_SIGNALING	-0.2862666353485732			
BIOCARTA_RHODOPSIN_PATHWAY	-0.2862707115533737			
GO_REGULATION_OF_T_CELL_RECEPTOR_SIGNALING_PATHWAY	-0.2862840725337601			
HU_GENOTOXIN_ACTION_DIRECT_VS_INDIRECT_4HR	-0.2863254313861526			
GO_BASE_EXCISION_REPAIR	-0.2863329418104463			
GO_RIBONUCLEASE_ACTIVITY	-0.28633417442141296			
GO_DETECTION_OF_MOLECULE_OF_BACTERIAL_ORIGIN	-0.2863447762376787			
GO_PHOSPHATIDYLINOSITOL_PHOSPHATE_KINASE_ACTIVITY	-0.2863454538621722			
GSE17974_CTRL_VS_ACT_IL4_AND_ANTI_IL12_24H_CD4_TCELL_UP	-0.2863601242793885			
GO_CYTOPLASMIC_SIDE_OF_ROUGH_ENDOPLASMIC_RETICULUM_MEMBRANE	-0.2863779506503901			
GO_TOLL_LIKE_RECEPTOR_9_SIGNALING_PATHWAY	-0.28638347207341786			
GO_GLOMERULUS_VASCULATURE_MORPHOGENESIS	-0.2864442942360526			
MIKKELSEN_IPS_LCP_WITH_H3K4ME3	-0.2864515777328189			
REACTOME_TRANSPORT_OF_THE_SLBP_DEPENDANT_MATURE_MRNA	-0.2865194021386024			
FUNG_IL2_SIGNALING_1	-0.28659329773430486			
GO_NUCLEAR_NCRNA_SURVEILLANCE	-0.28663164206120345			
GO_REGULATION_OF_COLLAGEN_FIBRIL_ORGANIZATION	-0.28665902001436494			
IPA_MEF2C_DN	-0.2866639393224441			
GSE14308_TH17_VS_NAIVE_CD4_TCELL_DN	-0.2866640584690073			
GO_RESPONSE_TO_ANESTHETIC	-0.2866708264312622			
GO_REGULATION_OF_CYTOKINE_PRODUCTION_INVOLVED_IN_IMMUNE_RESPONSE	-0.286682747346542			
BASSO_CD40_SIGNALING_UP	-0.28669353750391846			
BIOCARTA_ATRBRCA_PATHWAY	-0.2866972084486786			
GSE25123_CTRL_VS_IL4_STIM_MACROPHAGE_UP	-0.28675003357085027			
GSE38697_LIGHT_ZONE_VS_DARK_ZONE_BCELL_UP	-0.2867516145661156			
GO_CONDENSED_CHROMOSOME	-0.28676840249345936			
GO_LATERAL_ELEMENT	-0.28677459285769047			
GSE17721_CTRL_VS_LPS_12H_BMDC_UP	-0.28678533517638016			
AML_Q6	-0.28679242976430713			
GO_TRIGLYCERIDE_METABOLIC_PROCESS	-0.28680379073528217			
GO_LIGASE_ACTIVITY_FORMING_CARBON_SULFUR_BONDS	-0.2868049868650585			
IPA_VAV1_UP	-0.2868322622987557			
GO_PRIMITIVE_HEMOPOIESIS	-0.2868403454799576			
GO_ACTIVATION_OF_PHOSPHOLIPASE_C_ACTIVITY	-0.2868561417079925			
GSE11386_NAIVE_VS_MEMORY_BCELL_DN	-0.28687130243461473			
MEIS1BHOXA9_01	-0.28689309482716024			
GO_PHOSPHATIDYLINOSITOL_DEPHOSPHORYLATION	-0.2869386042735644			
GSE3982_NEUTROPHIL_VS_EFF_MEMORY_CD4_TCELL_UP	-0.2869976100738906			
GO_NEGATIVE_REGULATION_OF_LEUKOCYTE_APOPTOTIC_PROCESS	-0.28699951286831094			
GO_REGULATION_OF_CHROMATIN_ASSEMBLY_OR_DISASSEMBLY	-0.2870091601755499			
COREBINDINGFACTOR_Q6	-0.28701384663674734			
GSE8921_UNSTIM_VS_TLR1_2_STIM_MONOCYTE_24H_UP	-0.2870707094632259			
GSE14308_INDUCED_VS_NATURAL_TREG_DN	-0.28711162407889457			
GARGALOVIC_RESPONSE_TO_OXIDIZED_PHOSPHOLIPIDS_BLACK_DN	-0.28712876022333667			
BIOCARTA_AHSP_PATHWAY	-0.2871319150786681			
GSE3982_BCELL_VS_EFF_MEMORY_CD4_TCELL_UP	-0.2871477904713693			
HDAC4_TARGET_GENES	-0.2871725128983851			
BIOCARTA_SM_PATHWAY	-0.2871773881320089			
GO_PYRIMIDINE_DIMER_REPAIR	-0.28718778147702084			
GSE9650_NAIVE_VS_EXHAUSTED_CD8_TCELL_UP	-0.28719211781068066			
REACTOME_ROS_AND_RNS_PRODUCTION_IN_PHAGOCYTES	-0.2872724839258672			
chr17q22	-0.2872746400545257			
GO_MEIOTIC_CHROMOSOME_SEPARATION	-0.2873001083706026			
GSE22443_IL2_VS_IL12_TREATED_ACT_CD8_TCELL_DN	-0.28732290198252214			
GO_TRANSCRIPTION_FACTOR_TFIIIB_COMPLEX	-0.2873395341256622			
GSE23568_ID3_TRANSDUCED_VS_ID3_KO_CD8_TCELL_DN	-0.2873473806537652			
GSE40274_CTRL_VS_FOXP3_AND_EOS_TRANSDUCED_ACTIVATED_CD4_TCELL_UP	-0.28738732435966785			
GAVIN_FOXP3_TARGETS_CLUSTER_T7	-0.287411154105182			
GSE26030_TH1_VS_TH17_DAY15_POST_POLARIZATION_DN	-0.2874485048455261			
TGCTGAY_UNKNOWN	-0.28745472004889616			
GSE45881_CXCR6HI_VS_CXCR1LO_COLONIC_LAMINA_PROPRIA_UP	-0.2874551290466569			
GSE30962_ACUTE_VS_CHRONIC_LCMV_SECONDARY_INF_CD8_TCELL_UP	-0.28745670666431045			
MIR3652	-0.28745730510534867			
GO_SUMO_SPECIFIC_PROTEASE_ACTIVITY	-0.2874624997941172			
GAVIN_IL2_RESPONSIVE_FOXP3_TARGETS_DN	-0.2874967156464442			
GO_DETECTION_OF_OTHER_ORGANISM	-0.2875042413402295			
GSE8621_UNSTIM_VS_LPS_PRIMED_UNSTIM_MACROPHAGE_DN	-0.2875110257301886			
REACTOME_MISMATCH_REPAIR	-0.28751158301603225			
GARGALOVIC_RESPONSE_TO_OXIDIZED_PHOSPHOLIPIDS_MAGENTA_DN	-0.28753357338852076			
GSE8921_3H_VS_24H_TLR1_2_STIM_MONOCYTE_UP	-0.2875581863430292			
GO_CELLULAR_RESPONSE_TO_TEMPERATURE_STIMULUS	-0.28760833755254206			
GO_REGULATION_OF_PHOSPHOLIPID_CATABOLIC_PROCESS	-0.28762122972192633			
GO_TRANSPOSITION	-0.2876585987653089			
GSE28737_FOLLICULAR_VS_MARGINAL_ZONE_BCELL_BCL6_HET_UP	-0.28769673560495085			
REACTOME_COSTIMULATION_BY_THE_CD28_FAMILY	-0.28781179556577713			
FERREIRA_EWINGS_SARCOMA_UNSTABLE_VS_STABLE_UP	-0.28781340052458615			
GO_NUCLEOSOME_BINDING	-0.28782382898011094			
KEGG_TYPE_II_DIABETES_MELLITUS	-0.28783350197536606			
REACTOME_MRNA_DECAY_BY_5_TO_3_EXORIBONUCLEASE	-0.2878483836235617			
GO_CELLULAR_RESPONSE_TO_LITHIUM_ION	-0.2878499426924323			
GSE17974_CTRL_VS_ACT_IL4_AND_ANTI_IL12_4H_CD4_TCELL_UP	-0.28785513170863763			
GO_POSITIVE_REGULATION_OF_TRIGLYCERIDE_CATABOLIC_PROCESS	-0.28789963228263765			
GSE27786_LSK_VS_BCELL_DN	-0.2879063047175248			
GO_REGULATION_OF_MITOTIC_RECOMBINATION	-0.2879309496712875			
GSE27786_NKTCELL_VS_NEUTROPHIL_UP	-0.2879589221837591			
GO_EUKARYOTIC_TRANSLATION_INITIATION_FACTOR_3_COMPLEX_EIF3M	-0.2879707752414851			
GSE16266_LPS_VS_HEATSHOCK_AND_LPS_STIM_MEF_UP	-0.2879913647168402			
MIR564	-0.28802914904636356			
GSE17974_0.5H_VS_72H_IL4_AND_ANTI_IL12_ACT_CD4_TCELL_UP	-0.28806018789747523			
GSE26030_TH1_VS_TH17_DAY5_POST_POLARIZATION_DN	-0.2880682625054951			
IPA_RB1_DN	-0.28814611798963097			
GSE40273_GATA1_KO_VS_WT_TREG_DN	-0.28814939754780255			
GO_GRANULAR_COMPONENT	-0.2881898253233791			
GO_PEPTIDYL_LYSINE_TRIMETHYLATION	-0.2882363754785095			
GO_3_5_DNA_HELICASE_ACTIVITY	-0.2882571657701946			
GO_NUCLEAR_STRESS_GRANULE	-0.28826341149269347			
GO_NEGATIVE_REGULATION_OF_MHC_CLASS_II_BIOSYNTHETIC_PROCESS	-0.28826662569615125			
IPA_SATB2_UP	-0.28827357873804127			
GO_POSITIVE_REGULATION_BY_HOST_OF_VIRAL_TRANSCRIPTION	-0.28828453489451455			
GO_POSITIVE_REGULATION_OF_PROTEIN_POLYUBIQUITINATION	-0.2882985536041629			
GO_NUCLEOSOMAL_HISTONE_BINDING	-0.28832210383482654			
IRF1_Q6	-0.28833214919920674			
GO_POSITIVE_REGULATION_OF_DOUBLE_STRAND_BREAK_REPAIR_VIA_NONHOMOLOGOUS_END_JOINING	-0.28834862154531143			
BIOCARTA_VEGF_PATHWAY	-0.2883684639220507			
GSE11057_NAIVE_CD4_VS_PBMC_CD4_TCELL_UP	-0.28839264688172195			
GSE2405_S_AUREUS_VS_UNTREATED_NEUTROPHIL_DN	-0.2883985376256421			
BANDRES_RESPONSE_TO_CARMUSTIN_WITHOUT_MGMT_24HR_UP	-0.2884006483027342			
GSE41087_WT_VS_FOXP3_MUT_ANTI_CD3_CD28_STIM_CD4_TCELL_UP	-0.28849413182332284			
GSE40274_HELIOS_VS_FOXP3_AND_HELIOS_TRANSDUCED_ACTIVATED_CD4_TCELL_DN	-0.28849983855850075			
GO_EUKARYOTIC_48S_PREINITIATION_COMPLEX	-0.28850488197572666			
GO_T_CELL_MEDIATED_CYTOTOXICITY	-0.2885125745169354			
BILBAN_B_CLL_LPL_DN	-0.28851859724322315			
GSE29618_MONOCYTE_VS_MDC_DN	-0.2885308759457881			
chr11q25	-0.28855772669362784			
GSE8685_IL2_STARVED_VS_IL15_ACT_IL2_STARVED_CD4_TCELL_UP	-0.288576454578885			
GO_NEGATIVE_REGULATION_OF_INTERLEUKIN_8_BIOSYNTHETIC_PROCESS	-0.28859005228713897			
GSE22601_DOUBLE_NEGATIVE_VS_CD4_SINGLE_POSITIVE_THYMOCYTE_UP	-0.2886158820164314			
GSE1925_CTRL_VS_3H_IFNG_STIM_IFNG_PRIMED_MACROPHAGE_UP	-0.2886316792968987			
GSE43863_DAY6_EFF_VS_DAY150_MEM_TH1_CD4_TCELL_UP	-0.2886849675048619			
GO_RESPONSE_TO_AMPHETAMINE	-0.28870369956270087			
GO_SINGLE_STRANDED_DNA_BINDING	-0.2887408510316454			
GSE411_UNSTIM_VS_400MIN_IL6_STIM_SOCS3_KO_MACROPHAGE_UP	-0.2887420396798022			
GO_DELAYED_RECTIFIER_POTASSIUM_CHANNEL_ACTIVITY	-0.28874724072755853			
GO_POSITIVE_REGULATION_OF_HISTONE_H3_K9_METHYLATION	-0.2887569947574552			
GO_NEGATIVE_REGULATION_OF_INNATE_IMMUNE_RESPONSE	-0.2887599718490649			
GO_MRNA_BINDING	-0.28876170131854917			
PHB2_TARGET_GENES	-0.2887635924596772			
GSE38304_MYC_NEG_VS_POS_GC_BCELL_UP	-0.2887715292343214			
GO_NATURAL_KILLER_CELL_DEGRANULATION	-0.288781684409003			
TAF9B_TARGET_GENES	-0.2887957695039972			
GO_REGULATION_OF_TRANSPOSITION	-0.28882577407720755			
BOSCO_ALLERGEN_INDUCED_TH2_ASSOCIATED_MODULE	-0.28882599162167777			
GSE2935_UV_INACTIVATED_VS_LIVE_SENDAI_VIRUS_INF_MACROPHAGE_UP	-0.28884688336147957			
GSE23568_ID3_TRANSDUCED_VS_ID3_KO_CD8_TCELL_UP	-0.2888737955966679			
GO_HISTONE_H3_K27_METHYLATION	-0.28892002445858506			
GO_POSITIVE_REGULATION_OF_INTERLEUKIN_1_BIOSYNTHETIC_PROCESS	-0.28892771285360314			
IPA_NFE2_UP	-0.2889328942273809			
GO_CALMODULIN_DEPENDENT_PROTEIN_KINASE_ACTIVITY	-0.28893509307344656			
GO_MONONUCLEAR_CELL_DIFFERENTIATION	-0.2889383400274565			
GSE36888_UNTREATED_VS_IL2_TREATED_TCELL_6H_UP	-0.28895774285907067			
HADDAD_B_LYMPHOCYTE_PROGENITOR	-0.2889843519027384			
GO_DNA_POLYMERASE_COMPLEX	-0.2889923569993401			
GO_REGULATION_OF_PROTEIN_LOCALIZATION_TO_NUCLEOLUS	-0.28900127322495034			
GO_SAGA_TYPE_COMPLEX	-0.28900705970935847			
GSE24142_EARLY_THYMIC_PROGENITOR_VS_DN3_THYMOCYTE_FETAL_UP	-0.2890358878401191			
GO_REGULATION_OF_INTERLEUKIN_1_SECRETION	-0.2890377836726646			
GO_VESICLE_LUMEN	-0.2890404674745986			
GSE15330_HSC_VS_GRANULOCYTE_MONOCYTE_PROGENITOR_IKAROS_KO_DN	-0.28904911004463146			
MIR5192	-0.2890517859537927			
GSE40274_CTRL_VS_EOS_TRANSDUCED_ACTIVATED_CD4_TCELL_DN	-0.28905315048565794			
chr2q22	-0.28907002173819546			
GO_NEUTRAL_LIPID_METABOLIC_PROCESS	-0.28913428339697156			
GSE29164_CD8_TCELL_VS_CD8_TCELL_AND_IL12_TREATED_MELANOMA_DAY3_UP	-0.2891593585402759			
GSE33292_DN3_THYMOCYTE_VS_TCF1_KO_TCELL_LYMPHOMA_UP	-0.28916825274895896			
GO_EUKARYOTIC_INITIATION_FACTOR_4E_BINDING	-0.28917868717812706			
GO_REGULATION_OF_ENDODEOXYRIBONUCLEASE_ACTIVITY	-0.2891849269843064			
GSE16385_IFNG_TNF_VS_UNSTIM_MACROPHAGE_ROSIGLITAZONE_TREATED_DN	-0.28919539832437385			
MIR548AO_3P	-0.2892492053164084			
GO_IMMUNOLOGICAL_SYNAPSE_FORMATION	-0.28924966828530013			
GO_INTERFERON_BETA_SECRETION	-0.2892527489592415			
GO_TRANSLATION_PREINITIATION_COMPLEX	-0.28927433730017504			
IPA_PITX2_DN	-0.2892970746503764			
GO_POSITIVE_REGULATION_OF_HELICASE_ACTIVITY	-0.2892994040408315			
CHEOK_RESPONSE_TO_MERCAPTOPURINE_AND_HD_MTX_DN	-0.28930378348299224			
GO_NUCLEAR_TRANSCRIPTIONAL_REPRESSOR_COMPLEX	-0.2893268124434875			
GO_INTERLEUKIN_8_PRODUCTION	-0.2893503734112585			
GO_TORC1_SIGNALING	-0.2893508167287436			
BIOCARTA_NOS1_PATHWAY	-0.28938583070043405			
GO_POTASSIUM_ION_EXPORT_ACROSS_PLASMA_MEMBRANE	-0.28938610052989683			
IPA_ID1_UP	-0.28938886159459654			
GO_NEGATIVE_REGULATION_OF_LEUKOCYTE_PROLIFERATION	-0.28940799021805236			
GSE25123_CTRL_VS_ROSIGLITAZONE_STIM_PPARG_KO_MACROPHAGE_UP	-0.28945344050789573			
NIKOLSKY_BREAST_CANCER_19P13_AMPLICON	-0.2894953699267528			
GSE11057_NAIVE_VS_EFF_MEMORY_CD4_TCELL_UP	-0.2894968208987239			
GSE16266_LPS_VS_HEATSHOCK_AND_LPS_STIM_MEF_DN	-0.28952781137711553			
GSE3982_MAC_VS_TH2_DN	-0.28956887367732603			
GSE24574_BCL6_HIGH_VS_LOW_TFH_CD4_TCELL_UP	-0.28958421933052264			
LENAOUR_DENDRITIC_CELL_MATURATION_DN	-0.28959073951939596			
REACTOME_SIGNAL_REGULATORY_PROTEIN_FAMILY_INTERACTIONS	-0.28959202253702543			
GO_SYNAPTONEMAL_STRUCTURE	-0.2896008154627486			
REACTOME_RUNX1_AND_FOXP3_CONTROL_THE_DEVELOPMENT_OF_REGULATORY_T_LYMPHOCYTES_TREGS	-0.2896012459082871			
GO_TRNA_WOBBLE_URIDINE_MODIFICATION	-0.2896325828646275			
ADNP_TARGET_GENES	-0.2896771679252605			
GSE41176_WT_VS_TAK1_KO_ANTI_IGM_STIM_BCELL_24H_DN	-0.2897025149446811			
YU_MYC_TARGETS_DN	-0.2897157564816496			
GSE14415_INDUCED_TREG_VS_FOXP3_KO_INDUCED_TREG_IL2_CULTURE_DN	-0.28974963812792154			
REACTOME_PROSTANOID_LIGAND_RECEPTORS	-0.289775050009432			
GSE19198_6H_VS_24H_IL21_TREATED_TCELL_DN	-0.2897909744412623			
GO_SPERMATOGENESIS_EXCHANGE_OF_CHROMOSOMAL_PROTEINS	-0.289795530082148			
GSE27786_LSK_VS_CD4_TCELL_DN	-0.28980347101289167			
GO_POSITIVE_REGULATION_OF_OSTEOCLAST_DIFFERENTIATION	-0.28980414724441084			
GSE36888_STAT5_AB_KNOCKIN_VS_WT_TCELL_IL2_TREATED_17H_UP	-0.28982851939803883			
REACTOME_NUCLEOTIDE_LIKE_PURINERGIC_RECEPTORS	-0.28983226896819364			
GO_PROTEIN_ADP_RIBOSYLATION	-0.28983897636898714			
GSE17721_PAM3CSK4_VS_GADIQUIMOD_2H_BMDC_DN	-0.2898449095498722			
GSE40443_INDUCED_VS_TOTAL_TREG_UP	-0.28984962805921655			
GSE30971_WBP7_HET_VS_KO_MACROPHAGE_2H_LPS_STIM_UP	-0.28985169363067487			
IPA_RBL1_DN	-0.2898712162831522			
GSE41867_NAIVE_VS_DAY8_LCMV_CLONE13_EFFECTOR_CD8_TCELL_DN	-0.28987371867045664			
GSE13522_CTRL_VS_T_CRUZI_Y_STRAIN_INF_SKIN_BALBC_MOUSE_DN	-0.28987960519308015			
GSE15330_WT_VS_IKAROS_KO_LYMPHOID_MULTIPOTENT_PROGENITOR_UP	-0.28988297016133346			
REACTOME_HDMS_DEMETHYLATE_HISTONES	-0.28993196487334644			
GO_3_5_EXONUCLEASE_ACTIVITY	-0.2899331257422156			
GO_GERMINAL_CENTER_FORMATION	-0.28993381326668966			
IPA_ZNF423_DN	-0.2900061924099373			
GSE4590_PRE_BCELL_VS_VPREB_POS_LARGE_PRE_BCELL_DN	-0.29001825077177595			
YAGI_AML_WITH_T_8_21_TRANSLOCATION	-0.29007227098666366			
GO_RESPONSE_TO_AMMONIUM_ION	-0.29010570604642705			
GSE18791_CTRL_VS_NEWCASTLE_VIRUS_DC_18H_UP	-0.2901073092341181			
GSE40274_XBP1_VS_FOXP3_AND_XBP1_TRANSDUCED_ACTIVATED_CD4_TCELL_UP	-0.29015015744127			
GO_U7_SNRNP	-0.290169132460447			
REACTOME_NR1H3_NR1H2_REGULATE_GENE_EXPRESSION_LINKED_TO_CHOLESTEROL_TRANSPORT_AND_EFFLUX	-0.29020427504676993			
MIR764	-0.29020991474825353			
GO_SCAR_COMPLEX	-0.29027402196499236			
GSE17721_CPG_VS_GARDIQUIMOD_1H_BMDC_DN	-0.2902954633579756			
IPA_MECP2_DN	-0.2903003377871158			
IPA_STAT5A_UP	-0.2903242754872866			
GSE5542_UNTREATED_VS_IFNG_TREATED_EPITHELIAL_CELLS_6H_DN	-0.29032840797797477			
GSE3720_VD1_VS_VD2_GAMMADELTA_TCELL_WITH_LPS_STIM_DN	-0.2903322727804096			
PAX8_TARGET_GENES	-0.29033323724648274			
GO_TRIGLYCERIDE_RICH_PLASMA_LIPOPROTEIN_PARTICLE	-0.29034853301313135			
GSE34156_NOD2_LIGAND_VS_NOD2_AND_TLR1_TLR2_LIGAND_24H_TREATED_MONOCYTE_DN	-0.2903492824652173			
SOX6_TARGET_GENES	-0.2903548027410282			
MGGAAGTG_GABP_B	-0.29036049451620255			
GO_G_RICH_STRAND_TELOMERIC_DNA_BINDING	-0.29036256379890957			
GSE14026_TH1_VS_TH17_DN	-0.29036529691161245			
GO_NEGATIVE_REGULATION_OF_NEUTROPHIL_ACTIVATION	-0.2904395144493327			
GSE5503_MLN_DC_VS_SPLEEN_DC_ACTIVATED_ALLOGENIC_TCELL_DN	-0.2904450585703004			
IPA_HDAC1_UP	-0.290525183521612			
GSE11864_CSF1_VS_CSF1_PAM3CYS_IN_MAC_UP	-0.29056253759256323			
GO_NLRP3_INFLAMMASOME_COMPLEX_ASSEMBLY	-0.29058067943385324			
GO_SPINDLE_MIDZONE_ASSEMBLY	-0.2906179955350138			
GSE12366_GC_VS_MEMORY_BCELL_DN	-0.29064309310946584			
GSE37301_LYMPHOID_PRIMED_MPP_VS_GRAN_MONO_PROGENITOR_DN	-0.2906539488508304			
GO_GROWTH_HORMONE_RECEPTOR_SIGNALING_PATHWAY_VIA_JAK_STAT	-0.290654739896987			
GSE7596_AKT_TRANSD_VS_CTRL_CD4_TCONV_WITH_TGFB_UP	-0.2906777281250814			
GO_PROTEIN_ADP_RIBOSYLASE_ACTIVITY	-0.2906916141127115			
GO_NEGATIVE_REGULATION_OF_CELLULAR_AMINE_METABOLIC_PROCESS	-0.29073493312074883			
GSE43955_1H_VS_60H_ACT_CD4_TCELL_WITH_TGFB_IL6_UP	-0.29078825750882853			
GO_RNA_MODIFICATION	-0.29080947782510747			
MIR4768_5P	-0.2908734279441056			
BIOCARTA_PRC2_PATHWAY	-0.2908821526839091			
GSE4984_UNTREATED_VS_GALECTIN1_TREATED_DC_DN	-0.29090878237090856			
MIR12117	-0.29093164076150446			
GSE5679_CTRL_VS_RARA_AGONIST_AM580_TREATED_DC_UP	-0.29093168821038523			
GO_REGULATION_OF_NATURAL_KILLER_CELL_MEDIATED_IMMUNITY	-0.2909422134029598			
GSE14415_TCONV_VS_FOXP3_KO_INDUCED_TREG_UP	-0.2909520412152734			
GO_POSITIVE_REGULATION_OF_NEURON_MATURATION	-0.29096235801319215			
REACTOME_PRC2_METHYLATES_HISTONES_AND_DNA	-0.29102303344584424			
GO_ENDONUCLEOLYTIC_CLEAVAGE_IN_ITS1_TO_SEPARATE_SSU_RRNA_FROM_5_8S_RRNA_AND_LSU_RRNA_FROM_TRICISTRONIC_RRNA_TRANSCRIPT_SSU_RRNA_5_8S_RRNA_LSU_RRNA	-0.291028916391946			
GO_NEGATIVE_REGULATION_OF_HUMORAL_IMMUNE_RESPONSE_MEDIATED_BY_CIRCULATING_IMMUNOGLOBULIN	-0.29106484448557446			
GO_REGULATION_OF_CYTOPLASMIC_MRNA_PROCESSING_BODY_ASSEMBLY	-0.2910878863091251			
GO_POSITIVE_REGULATION_OF_LIPID_KINASE_ACTIVITY	-0.29110662515494745			
GO_ERYTHROCYTE_MATURATION	-0.2911240482017915			
GO_MSL_COMPLEX	-0.2911607748377099			
GO_MITOTIC_RECOMBINATION	-0.29120450439545376			
GO_AP_4_ADAPTOR_COMPLEX	-0.29124593437058244			
GO_MONOUBIQUITINATED_PROTEIN_DEUBIQUITINATION	-0.2912524524566928			
GO_DNA_REPAIR	-0.29131393029859054			
GSE19401_RETINOIC_ACID_VS_RETINOIC_ACID_AND_PAM2CSK4_STIM_FOLLICULAR_DC_DN	-0.291320598500074			
NUMATA_CSF3_SIGNALING_VIA_STAT3	-0.29137851920074787			
chr21q11	-0.29143017528783777			
GO_POSITIVE_REGULATION_OF_INTERLEUKIN_6_PRODUCTION	-0.2914935950158821			
MIR6888_3P	-0.2914968180863063			
VALK_AML_WITH_11Q23_REARRANGED	-0.29149858462557016			
REACTOME_PLATELET_HOMEOSTASIS	-0.29153569240461824			
GO_GENERAL_TRANSCRIPTION_INITIATION_FACTOR_ACTIVITY	-0.29154306409257436			
GSE14769_UNSTIM_VS_120MIN_LPS_BMDM_UP	-0.2915548516399674			
GO_REGULATION_OF_NUCLEAR_TRANSCRIBED_MRNA_POLY_A_TAIL_SHORTENING	-0.29155994668029295			
SHANK_TAL1_TARGETS_DN	-0.2915622565225752			
GO_CHROMATIN_ASSEMBLY	-0.29157664726193844			
GSE40274_FOXP3_VS_FOXP3_AND_PBX1_TRANSDUCED_ACTIVATED_CD4_TCELL_UP	-0.2916493674512788			
GO_DEFINITIVE_HEMOPOIESIS	-0.29170192270851314			
GO_CELL_DIFFERENTIATION_INVOLVED_IN_PHENOTYPIC_SWITCHING	-0.2917037962667231			
NIKOLSKY_OVERCONNECTED_IN_BREAST_CANCER	-0.29172765338839973			
REACTOME_SUMOYLATION_OF_UBIQUITINYLATION_PROTEINS	-0.2917485012309998			
GSE22589_HEALTHY_VS_HIV_INFECTED_DC_UP	-0.2918040160314138			
GO_MRNA_3_END_PROCESSING_BY_STEM_LOOP_BINDING_AND_CLEAVAGE	-0.29186983591273086			
XU_GH1_EXOGENOUS_TARGETS_DN	-0.2919055482813218			
GO_POSITIVE_REGULATION_OF_CELLULAR_BIOSYNTHETIC_PROCESS	-0.29191825196949434			
GO_MONOCYTE_ACTIVATION	-0.2919540325587691			
GSE369_SOCS3_KO_VS_WT_LIVER_DN	-0.2919570256764418			
BIOCARTA_DC_PATHWAY	-0.29196253849129483			
GO_PATTERN_RECOGNITION_RECEPTOR_ACTIVITY	-0.29201476114311686			
GO_REGULATION_OF_T_CELL_MIGRATION	-0.29202867017178263			
GO_POSITIVE_REGULATION_OF_INFLAMMATORY_RESPONSE_TO_ANTIGENIC_STIMULUS	-0.29204087661876604			
GSE1460_DP_THYMOCYTE_VS_NAIVE_CD4_TCELL_ADULT_BLOOD_UP	-0.2920471528724781			
BIOCARTA_ACH_PATHWAY	-0.2920497740420742			
GSE21379_TFH_VS_NON_TFH_CD4_TCELL_UP	-0.2920587835567858			
GO_IMMUNOGLOBULIN_COMPLEX_CIRCULATING	-0.2920677388747327			
GSE37532_TREG_VS_TCONV_CD4_TCELL_FROM_LN_DN	-0.2920726866652186			
GO_DISRUPTION_BY_HOST_OF_SYMBIONT_CELLS	-0.29209924446085034			
GSE5099_CLASSICAL_M1_VS_ALTERNATIVE_M2_MACROPHAGE_UP	-0.2921139777997821			
GSE22935_WT_VS_MYD88_KO_MACROPHAGE_UP	-0.2921345432449933			
GSE41867_NAIVE_VS_DAY6_LCMV_ARMSTRONG_EFFECTOR_CD8_TCELL_DN	-0.29217431448488584			
GSE42724_NAIVE_VS_B1_BCELL_DN	-0.2921856733539512			
GSE21546_SAP1A_KO_VS_SAP1A_KO_AND_ELK1_KO_ANTI_CD3_STIM_DP_THYMOCYTES_DN	-0.292202938346999			
BIOCARTA_PLK3_PATHWAY	-0.2922055641380298			
GRAHAM_CML_DIVIDING_VS_NORMAL_QUIESCENT_UP	-0.2922193843675119			
GO_REGULATION_OF_DENDRITE_EXTENSION	-0.292222736956147			
PID_CXCR4_PATHWAY	-0.2922300722474751			
REACTOME_TCR_SIGNALING	-0.29225469348980426			
GO_POSITIVE_REGULATION_OF_HYPERSENSITIVITY	-0.2922824028198637			
GSE2770_IL12_VS_TGFB_AND_IL12_TREATED_ACT_CD4_TCELL_48H_UP	-0.2923159061455841			
GO_NUCLEAR_TRANSCRIBED_MRNA_CATABOLIC_PROCESS	-0.29231651720405283			
GSE17301_CTRL_VS_48H_ACD3_ACD28_IFNA5_STIM_CD8_TCELL_UP	-0.29234111202875646			
JAZAG_TGFB1_SIGNALING_DN	-0.292348210666657			
GSE26912_TUMORICIDAL_VS_CTRL_MACROPHAGE_DN	-0.29236845304342646			
GO_C_C_CHEMOKINE_BINDING	-0.2923852953180806			
GSE17721_PAM3CSK4_VS_GADIQUIMOD_0.5H_BMDC_DN	-0.2923883514346006			
GO_NEGATIVE_REGULATION_OF_IMMUNE_RESPONSE	-0.29239012168583933			
GO_POSITIVE_REGULATION_OF_TUMOR_NECROSIS_FACTOR_SECRETION	-0.29241537324370154			
GSE22886_NAIVE_CD4_TCELL_VS_MONOCYTE_UP	-0.2924303158739629			
GO_MRNA_3_UTR_BINDING	-0.29244240889337675			
GSE12845_IGD_POS_BLOOD_VS_NAIVE_TONSIL_BCELL_UP	-0.2924908826460532			
GSE28726_NAIVE_VS_ACTIVATED_CD4_TCELL_UP	-0.2925120907833387			
GSE6259_FLT3L_INDUCED_VS_WT_SPLENIC_DC_33D1_POS_UP	-0.29253132958277683			
GO_FEAR_RESPONSE	-0.2925656361062923			
GO_PROTEIN_PHOSPHORYLATED_AMINO_ACID_BINDING	-0.2925800001521859			
GO_NEGATIVE_REGULATION_OF_LEUKOCYTE_DIFFERENTIATION	-0.2926058815403573			
REACTOME_FREE_FATTY_ACIDS_REGULATE_INSULIN_SECRETION	-0.29260881675421			
GO_NEGATIVE_REGULATION_OF_HISTONE_H3_K4_METHYLATION	-0.29262759573741676			
GSE21927_UNTREATED_VS_GMCSF_IL6_TREATED_BONE_MARROW_DN	-0.2926323188250122			
CROONQUIST_NRAS_VS_STROMAL_STIMULATION_UP	-0.29263274181561666			
GO_T_HELPER_1_CELL_DIFFERENTIATION	-0.2926361666290891			
OCT1_B	-0.29264946031382355			
GSE27241_CTRL_VS_DIGOXIN_TREATED_CD4_TCELL_IN_TH17_POLARIZING_CONDITIONS_UP	-0.2926630123748823			
GSE17721_LPS_VS_GARDIQUIMOD_2H_BMDC_DN	-0.29268081720348255			
MIR7158_3P	-0.29272927099215557			
GSE34205_HEALTHY_VS_RSV_INF_INFANT_PBMC_DN	-0.29274698722091125			
WIELAND_UP_BY_HBV_INFECTION	-0.292778238797105			
ZNF785_TARGET_GENES	-0.29280835923527243			
GSE29164_DAY3_VS_DAY7_CD8_TCELL_TREATED_MELANOMA_DN	-0.29281140199825			
GSE3982_MAST_CELL_VS_BCELL_DN	-0.29284405120338386			
MIR3175	-0.29285823489675256			
GO_ESTABLISHMENT_OF_RNA_LOCALIZATION	-0.29286820811760683			
GO_REGULATION_OF_T_CELL_MEDIATED_IMMUNITY	-0.2928706455942434			
GSE39556_CD8A_DC_VS_NK_CELL_MOUSE_3H_POST_POLYIC_INJ_DN	-0.2928714851015857			
GO_REGULATION_OF_NEUTROPHIL_DEGRANULATION	-0.2928795321296272			
GSE14699_NAIVE_VS_ACT_CD8_TCELL_DN	-0.2929150270129237			
GO_POSITIVE_REGULATION_OF_INTERLEUKIN_6_SECRETION	-0.2929191181983516			
GSE22611_UNSTIM_VS_2H_MDP_STIM_MUTANT_NOD2_TRANSDUCED_HEK293T_CELL_DN	-0.2929272710544695			
GO_NEGATIVE_REGULATION_OF_BIOSYNTHETIC_PROCESS	-0.2929423486556732			
GSE19401_UNSTIM_VS_RETINOIC_ACID_STIM_FOLLICULAR_DC_UP	-0.29297831338512564			
RUAN_RESPONSE_TO_TNF_TROGLITAZONE_DN	-0.29299962646503724			
GO_DNA_REPLICATION_DEPENDENT_NUCLEOSOME_ORGANIZATION	-0.29302112943048003			
GSE37416_12H_VS_24H_F_TULARENSIS_LVS_NEUTROPHIL_UP	-0.2930243961670075			
GO_NMDA_GLUTAMATE_RECEPTOR_ACTIVITY	-0.29303184591066717			
GO_POSITIVE_REGULATION_OF_METHYLATION_DEPENDENT_CHROMATIN_SILENCING	-0.2930388689545556			
BIOCARTA_TCRA_PATHWAY	-0.29304535479152016			
MIR7843_5P	-0.2930648118433317			
GSE9960_GRAM_NEG_VS_GRAM_POS_SEPSIS_PBMC_DN	-0.29307146885318547			
GO_POSITIVE_REGULATION_OF_REGULATORY_T_CELL_DIFFERENTIATION	-0.2931121081018112			
MIR5588_3P	-0.29311444362648614			
IPA_GATA2_DN	-0.2931346409376117			
GO_RNA_DNA_HYBRID_RIBONUCLEASE_ACTIVITY	-0.2931382487225936			
GO_TRANSFERASE_ACTIVITY_TRANSFERRING_ACYL_GROUPS	-0.29314441280347653			
GSE3982_BCELL_VS_CENT_MEMORY_CD4_TCELL_UP	-0.29316278743284446			
GO_MITOTIC_NUCLEAR_ENVELOPE_DISASSEMBLY	-0.29316649234483977			
GSE37301_HEMATOPOIETIC_STEM_CELL_VS_RAG2_KO_NK_CELL_UP	-0.29317808750608354			
GO_DNA_REPLICATION	-0.29319043326776745			
GO_NUCLEAR_BODY	-0.2932068803851158			
GSE40274_CTRL_VS_FOXP3_AND_PBX1_TRANSDUCED_ACTIVATED_CD4_TCELL_UP	-0.29322247172175203			
GSE15735_CTRL_VS_HDAC_INHIBITOR_TREATED_CD4_TCELL_2H_UP	-0.29322818742889684			
GO_ADENOSINE_RECEPTOR_BINDING	-0.2932510700402522			
MIR3683	-0.2932516628046191			
REACTOME_RHO_GTPASES_ACTIVATE_WASPS_AND_WAVES	-0.2932644766543412			
HOLLMANN_APOPTOSIS_VIA_CD40_UP	-0.29328161526516644			
GO_ARRESTIN_FAMILY_PROTEIN_BINDING	-0.2933146956839127			
GO_RESPONSE_TO_PEPTIDOGLYCAN	-0.2933429579678619			
IPA_PAX5_UP	-0.29339251574892383			
GSE20366_EX_VIVO_VS_DEC205_CONVERSION_NAIVE_CD4_TCELL_UP	-0.2933925334320121			
GARGALOVIC_RESPONSE_TO_OXIDIZED_PHOSPHOLIPIDS_PURPLE_DN	-0.2934174614663129			
GSE41176_UNSTIM_VS_ANTI_IGM_STIM_TAK1_KO_BCELL_1H_UP	-0.29346079550550463			
FIGUEROA_AML_METHYLATION_CLUSTER_2_DN	-0.2934821710637831			
GSE12366_GC_VS_NAIVE_BCELL_DN	-0.2934886744785156			
ACAWNRNSRCGG_UNKNOWN	-0.29350511109314065			
HOLLEMAN_PREDNISOLONE_RESISTANCE_B_ALL_UP	-0.29351686209811506			
GSE24142_EARLY_THYMIC_PROGENITOR_VS_DN3_THYMOCYTE_ADULT_UP	-0.293525230097759			
GSE2770_IL12_AND_TGFB_VS_IL4_TREATED_ACT_CD4_TCELL_48H_UP	-0.2935406040810333			
GO_RESPONSE_TO_FUNGUS	-0.293542938932807			
GSE3982_MAST_CELL_VS_NEUTROPHIL_DN	-0.29355660162127306			
GSE29618_PDC_VS_MDC_UP	-0.2935671093975334			
GO_MHC_PROTEIN_BINDING	-0.29362401848673675			
GO_DOUBLE_STRAND_BREAK_REPAIR	-0.29363184167142153			
GO_REGULATION_OF_PROTEIN_LOCALIZATION_TO_CILIUM	-0.29363600108171956			
GO_BILE_ACID_SODIUM_SYMPORTER_ACTIVITY	-0.293639235776405			
GO_REGULATION_OF_DNA_DEPENDENT_DNA_REPLICATION_INITIATION	-0.2936424757807086			
GO_EXCITATORY_EXTRACELLULAR_LIGAND_GATED_ION_CHANNEL_ACTIVITY	-0.2936435797592133			
GSE34205_HEALTHY_VS_FLU_INF_INFANT_PBMC_UP	-0.29365523875844624			
GO_ELL_EAF_COMPLEX	-0.29371232925336266			
SHEN_SMARCA2_TARGETS_DN	-0.29373062001172234			
GO_REGULATION_OF_RELEASE_OF_SEQUESTERED_CALCIUM_ION_INTO_CYTOSOL	-0.293734771567664			
REACTOME_SUMOYLATION_OF_RNA_BINDING_PROTEINS	-0.29374630676158453			
GSE28737_WT_VS_BCL6_HET_MARGINAL_ZONE_BCELL_UP	-0.29382756484172473			
GO_HYDROLASE_ACTIVITY_ACTING_ON_CARBON_NITROGEN_BUT_NOT_PEPTIDE_BONDS_IN_LINEAR_AMIDES	-0.2938689766327836			
GO_CHEMOKINE_BINDING	-0.293869445659325			
VANTVEER_BREAST_CANCER_BRCA1_UP	-0.2938741509107211			
MARSON_FOXP3_CORE_DIRECT_TARGETS	-0.29387914579205215			
GO_POSITIVE_REGULATION_OF_PHAGOCYTOSIS	-0.29390481945872365			
GO_BASE_EXCISION_REPAIR_GAP_FILLING	-0.2939144828581716			
GO_NON_RECOMBINATIONAL_REPAIR	-0.29398191147058494			
GO_REGULATION_OF_DEOXYRIBONUCLEASE_ACTIVITY	-0.29398512441552044			
GO_DEAMINASE_ACTIVITY	-0.29399220135721355			
ZHAN_LATE_DIFFERENTIATION_GENES_DN	-0.2940081049982237			
GO_IMMUNE_RESPONSE_INHIBITING_CELL_SURFACE_RECEPTOR_SIGNALING_PATHWAY	-0.2940310460010096			
KRIGE_RESPONSE_TO_TOSEDOSTAT_24HR_DN	-0.29403730000660094			
PUJANA_BREAST_CANCER_WITH_BRCA1_MUTATED_UP	-0.29404099836602154			
GO_POSITIVE_REGULATION_OF_ANTIGEN_PROCESSING_AND_PRESENTATION	-0.2940478913470705			
GSE41867_DAY8_EFFECTOR_VS_DAY30_EXHAUSTED_CD8_TCELL_LCMV_CLONE13_DN	-0.2941669027308388			
GO_DNA_METHYLATION_INVOLVED_IN_GAMETE_GENERATION	-0.2941735828202369			
GO_POSITIVE_REGULATION_OF_T_CELL_RECEPTOR_SIGNALING_PATHWAY	-0.29417651564249714			
GO_DNA_POLYMERASE_ACTIVITY	-0.2941785307491561			
GO_BIOACTIVE_LIPID_RECEPTOR_ACTIVITY	-0.2942015426780027			
TONKS_TARGETS_OF_RUNX1_RUNX1T1_FUSION_GRANULOCYTE_DN	-0.2942170049576989			
GO_DETECTION_OF_MECHANICAL_STIMULUS_INVOLVED_IN_SENSORY_PERCEPTION_OF_PAIN	-0.29432036779735854			
GO_MITOTIC_CHROMOSOME_CONDENSATION	-0.2943291539831363			
GO_REGULATION_OF_EXTRACELLULAR_MATRIX_CONSTITUENT_SECRETION	-0.294344585304797			
REACTOME_RNA_POLYMERASE_II_TRANSCRIPTION	-0.2943709641539006			
GO_DISRUPTION_OF_CELLS_OF_OTHER_ORGANISM_INVOLVED_IN_SYMBIOTIC_INTERACTION	-0.2943715801306621			
DPPA3_TARGET_GENES	-0.29438975236750387			
GSE7831_CPG_VS_INFLUENZA_STIM_PDC_1H_UP	-0.2944095560763045			
GO_CYTOKINE_RECEPTOR_ACTIVITY	-0.2944278108597804			
GSE339_EX_VIVO_VS_IN_CULTURE_CD4POS_DC_UP	-0.2944501332734632			
GSE411_WT_VS_SOCS3_KO_MACROPHAGE_IL6_STIM_100MIN_DN	-0.29445183558739657			
REACTOME_DEFECTS_IN_COBALAMIN_B12_METABOLISM	-0.29449045044258937			
GO_CHROMATIN_SILENCING_AT_TELOMERE	-0.29449971274445486			
GO_VIRAL_TRANSLATIONAL_TERMINATION_REINITIATION	-0.2945047154161501			
GSE26488_WT_VS_VP16_TRANSGENIC_HDAC7_KO_DOUBLE_POSITIVE_THYMOCYTE_DN	-0.2945217240446649			
GO_NEGATIVE_REGULATION_OF_PROTEIN_LOCALIZATION_TO_MICROTUBULE	-0.29454437120990584			
KEGG_DNA_REPLICATION	-0.29463426703250245			
chr17q23	-0.2946472950034171			
GO_SIGNALING_ADAPTOR_ACTIVITY	-0.29465678087393715			
GSE22033_UNTREATED_VS_MRL24_TREATED_MEF_UP	-0.2946983604043426			
REACTOME_DISEASES_OF_IMMUNE_SYSTEM	-0.2947070621583378			
BAUS_TFF2_TARGETS_UP	-0.2947097430741617			
GO_REGULATION_OF_ANTIGEN_PROCESSING_AND_PRESENTATION	-0.2947441873491159			
MYLLYKANGAS_AMPLIFICATION_HOT_SPOT_1	-0.29476455588532124			
REACTOME_ROLE_OF_PHOSPHOLIPIDS_IN_PHAGOCYTOSIS	-0.29479430879318574			
GSE36891_UNSTIM_VS_PAM_TLR2_STIM_PERITONEAL_MACROPHAGE_DN	-0.29483478586432277			
GSE28726_ACT_CD4_TCELL_VS_ACT_VA24NEG_NKTCELL_DN	-0.2948455619201263			
GO_POSITIVE_REGULATION_OF_PROTEIN_LOCALIZATION_TO_CILIUM	-0.2948485047324601			
RLF_TARGET_GENES	-0.29487382998932576			
GO_NEGATIVE_REGULATION_OF_CELL_ACTIVATION	-0.2948807254925506			
GSE17721_LPS_VS_POLYIC_8H_BMDC_DN	-0.2949042114578059			
GSE18804_SPLEEN_MACROPHAGE_VS_COLON_TUMORAL_MACROPHAGE_UP	-0.29492650774919443			
GO_DNA_DEPENDENT_DNA_REPLICATION	-0.29495749146459666			
GO_RNA_POLYMERASE_III_PREINITIATION_COMPLEX_ASSEMBLY	-0.2950012701084267			
GSE26343_WT_VS_NFAT5_KO_MACROPHAGE_LPS_STIM_UP	-0.2950546108858357			
GSE37533_UNTREATED_VS_PIOGLIZATONE_TREATED_CD4_TCELL_PPARG1_AND_FOXP3_TRASDUCED_DN	-0.29507759798783717			
GSE32986_UNSTIM_VS_GMCSF_AND_CURDLAN_HIGHDOSE_STIM_DC_DN	-0.29507935633763155			
GSE27786_BCELL_VS_CD4_TCELL_UP	-0.2951347323815706			
GSE30083_SP3_VS_SP4_THYMOCYTE_DN	-0.2951352191036628			
GSE21670_STAT3_KO_VS_WT_CD4_TCELL_TGFB_IL6_TREATED_DN	-0.2951599082981207			
PID_CD8_TCR_DOWNSTREAM_PATHWAY	-0.2952009386031899			
SIGMAR1_TARGET_GENES	-0.29520840946556226			
IPA_SIX1_DN	-0.2952177608864353			
GO_DEFINITIVE_ERYTHROCYTE_DIFFERENTIATION	-0.2952184033349119			
GO_NEGATIVE_REGULATION_OF_LIPOPROTEIN_PARTICLE_CLEARANCE	-0.29522470122050465			
GO_SPLEEN_DEVELOPMENT	-0.2952294900374112			
GSE24634_TEFF_VS_TCONV_DAY7_IN_CULTURE_UP	-0.2952400477527156			
GO_REGULATION_OF_CELL_CELL_ADHESION	-0.29524593366998575			
GSE15659_RESTING_TREG_VS_NONSUPPRESSIVE_TCELL_UP	-0.29525067323199794			
MORI_MATURE_B_LYMPHOCYTE_DN	-0.29527048828838315			
GSE15930_STIM_VS_STIM_AND_IFNAB_48H_CD8_T_CELL_UP	-0.2952798441457134			
GO_TRNA_WOBBLE_BASE_MODIFICATION	-0.2953008720299344			
GO_ZINC_ION_BINDING	-0.29531827082486783			
GSE28408_LY6G_POS_VS_NEG_DC_DN	-0.2953199107252607			
GO_LYMPHOCYTE_COSTIMULATION	-0.295329486473651			
NAKAJIMA_EOSINOPHIL	-0.2953997168757676			
GO_T_CELL_RECEPTOR_BINDING	-0.2954338044413103			
GO_PRO_B_CELL_DIFFERENTIATION	-0.29543482687338163			
GSE17721_0.5H_VS_4H_CPG_BMDC_UP	-0.2954378602100954			
GO_POSITIVE_REGULATION_OF_RNA_METABOLIC_PROCESS	-0.2954514870160672			
GO_PRP19_COMPLEX	-0.2954645157267326			
GSE27786_CD4_TCELL_VS_NKCELL_UP	-0.2954733291679659			
REACTOME_REGULATION_OF_TP53_ACTIVITY_THROUGH_ACETYLATION	-0.29548336884305865			
MIR6865_3P	-0.29557018998004214			
SVIL_TARGET_GENES	-0.2956321233799556			
GO_POSITIVE_REGULATION_OF_CHROMATIN_SILENCING	-0.295684768538976			
MIR4649_3P	-0.2956893100637319			
GSE8835_CD4_VS_CD8_TCELL_UP	-0.29572104949023414			
GO_U6_SNRNA_BINDING	-0.29574498855571585			
GO_NEGATIVE_REGULATION_OF_LYMPHOCYTE_MEDIATED_IMMUNITY	-0.2957705756419439			
GO_1_PHOSPHATIDYLINOSITOL_3_KINASE_ACTIVITY	-0.295791743455712			
IPA_SMARCC1_UP	-0.2958070967962023			
RACCACAR_AML_Q6	-0.2958080398941651			
GO_CALCIUM_ION_EXPORT	-0.2958323144914145			
HOLLEMAN_VINCRISTINE_RESISTANCE_ALL_DN	-0.2958526623004059			
GO_VIRAL_TRANSLATION	-0.2959269070973223			
GSE3982_MAST_CELL_VS_EFF_MEMORY_CD4_TCELL_DN	-0.2959567680732568			
GSE13306_TREG_VS_TCONV_LAMINA_PROPRIA_DN	-0.2959595019227099			
PID_IL12_STAT4_PATHWAY	-0.2959622712968106			
GO_NEGATIVE_REGULATION_OF_DENDRITIC_CELL_DIFFERENTIATION	-0.29599072373347646			
HOEGERKORP_CD44_TARGETS_TEMPORAL_DN	-0.29600563266669744			
ZNF197_TARGET_GENES	-0.29604123114998876			
GSE3982_BASOPHIL_VS_EFF_MEMORY_CD4_TCELL_UP	-0.2960486351581704			
GSE18791_CTRL_VS_NEWCASTLE_VIRUS_DC_16H_UP	-0.2960876193691683			
ALCALAY_AML_BY_NPM1_LOCALIZATION_DN	-0.2961365435667464			
GO_DNA_REPAIR_COMPLEX	-0.2961889254547539			
GSE41978_KLRG1_HIGH_VS_LOW_EFFECTOR_CD8_TCELL_DN	-0.29620994568825754			
IPA_NF1_UP	-0.2962106790718873			
GSE15735_2H_VS_12H_HDAC_INHIBITOR_TREATED_CD4_TCELL_DN	-0.29622895469383487			
MORI_PRE_BI_LYMPHOCYTE_DN	-0.2962357486607288			
MIR383_3P	-0.2962465962111235			
GSE21670_TGFB_VS_TGFB_AND_IL6_TREATED_CD4_TCELL_DN	-0.2962644218797488			
GSE18893_TCONV_VS_TREG_2H_TNF_STIM_DN	-0.29626771964714904			
GO_INTERLEUKIN_21_MEDIATED_SIGNALING_PATHWAY	-0.2963079237078115			
GO_REGULATION_OF_MONOCYTE_DIFFERENTIATION	-0.29631473594039			
TERF2_TARGET_GENES	-0.29634611663237664			
NUNODA_RESPONSE_TO_DASATINIB_IMATINIB_UP	-0.2964356804403509			
GO_PROTEIN_KINASE_A_BINDING	-0.29643853894736816			
GO_CHROMATIN	-0.2964402539695514			
GO_NEGATIVE_REGULATION_OF_TRANSLATIONAL_INITIATION	-0.2964619689049057			
GTF2E2_TARGET_GENES	-0.29646550574664704			
GSE29618_BCELL_VS_PDC_UP	-0.296476689275022			
GO_DEMETHYLATION	-0.2964806618302378			
GO_ISWI_TYPE_COMPLEX	-0.2965150488076187			
MIR6804_5P	-0.29651998643162164			
MIR188_3P	-0.29652285678247803			
BIOCARTA_CSK_PATHWAY	-0.29652626712086066			
GO_PRE_MIRNA_PROCESSING	-0.2965344236185269			
GO_CELLULAR_RESPONSE_TO_ALKALOID	-0.29654736826316286			
GO_NEGATIVE_REGULATION_OF_HEMOPOIESIS	-0.29654847343227403			
IPA_ATF1_UP	-0.29655516827317774			
GO_CELLULAR_RESPONSE_TO_PEPTIDOGLYCAN	-0.296588617825471			
GSE27786_LIN_NEG_VS_ERYTHROBLAST_UP	-0.2966016557467457			
GSE18791_UNSTIM_VS_NEWCATSLE_VIRUS_DC_6H_UP	-0.29666755900765956			
GSE6259_33D1_POS_DC_VS_CD4_TCELL_UP	-0.2967327300614258			
GO_DNA_DOUBLE_STRAND_BREAK_PROCESSING	-0.2967482185664435			
GO_CELL_MIGRATION_INVOLVED_IN_VASCULOGENESIS	-0.2967670602140652			
GSE32901_TH17_EMRICHED_VS_TH17_NEG_CD4_TCELL_DN	-0.2967757514630164			
KEGG_BASAL_TRANSCRIPTION_FACTORS	-0.2967815833613037			
GO_NEGATIVE_REGULATION_OF_LYMPHOCYTE_ACTIVATION	-0.2967819646534521			
GSE360_T_GONDII_VS_B_MALAYI_HIGH_DOSE_MAC_DN	-0.2967941607899832			
GO_NEGATIVE_REGULATION_OF_HISTONE_ACETYLATION	-0.29685182411738			
GSE21774_CD62L_POS_CD56_DIM_VS_CD62L_NEG_CD56_DIM_NK_CELL_DN	-0.296856269727549			
IPA_CCNT1_UP	-0.29687078131928885			
GSE40274_FOXP3_VS_FOXP3_AND_HELIOS_TRANSDUCED_ACTIVATED_CD4_TCELL_DN	-0.29693357216907545			
GO_RESPONSE_TO_DIACYL_BACTERIAL_LIPOPEPTIDE	-0.2969393940399436			
KASLER_HDAC7_TARGETS_1_UP	-0.29694087640722366			
MCLACHLAN_DENTAL_CARIES_UP	-0.2969787105930371			
GO_DENDRITE_EXTENSION	-0.297013715889793			
E2F_01	-0.2970154780060161			
GO_HISTONE_UBIQUITINATION	-0.29702055288991436			
GSE40666_NAIVE_VS_EFFECTOR_CD8_TCELL_WITH_IFNA_STIM_90MIN_UP	-0.29707639508284117			
GO_NEGATIVE_REGULATION_OF_MYELOID_LEUKOCYTE_DIFFERENTIATION	-0.2970860890641496			
GO_NEGATIVE_REGULATION_OF_TORC1_SIGNALING	-0.29709798482929706			
LIANG_HEMATOPOIESIS_STEM_CELL_NUMBER_LARGE_VS_TINY_DN	-0.2970982905642282			
BOYLAN_MULTIPLE_MYELOMA_C_D_UP	-0.29711223089815986			
REACTOME_UNWINDING_OF_DNA	-0.29712591632257823			
GSE14308_TH2_VS_NAIVE_CD4_TCELL_DN	-0.29714939157659465			
ATCTTGC_MIR31	-0.29715348502109057			
GSE27786_CD8_TCELL_VS_NKCELL_UP	-0.2971722358295152			
GO_INTERLEUKIN_12_PRODUCTION	-0.2971753029563097			
IPA_MYOD1_UP	-0.29721744713986187			
MIR576_3P	-0.2972649195544824			
GSE37301_LYMPHOID_PRIMED_MPP_VS_CD4_TCELL_DN	-0.2972675031088908			
MIKKELSEN_ES_ICP_WITH_H3K27ME3	-0.2972766549977749			
GO_RRNA_CATABOLIC_PROCESS	-0.29727963966782905			
GO_IMMATURE_B_CELL_DIFFERENTIATION	-0.2972813918915509			
GSE31082_CD4_VS_CD8_SP_THYMOCYTE_UP	-0.29734910439806217			
SANSOM_APC_TARGETS_DN	-0.2973590463482738			
GO_SEMICIRCULAR_CANAL_MORPHOGENESIS	-0.29738919944323217			
GO_NEGATIVE_REGULATION_OF_RELAXATION_OF_MUSCLE	-0.2974064885575981			
GSE25146_UNSTIM_VS_HELIOBACTER_PYLORI_LPS_STIM_AGS_CELL_DN	-0.29748099185573246			
GO_CCR4_NOT_CORE_COMPLEX	-0.29753900376353953			
REACTOME_MEIOTIC_RECOMBINATION	-0.2975476965786438			
GSE25123_ROSIGLITAZONE_VS_IL4_AND_ROSIGLITAZONE_STIM_PPARG_KO_MACROPHAGE_DAY10_DN	-0.2975526209503965			
GSE15930_STIM_VS_STIM_AND_IL12_72H_CD8_T_CELL_UP	-0.2975541929795671			
GO_NEGATIVE_REGULATION_OF_INTERLEUKIN_6_BIOSYNTHETIC_PROCESS	-0.29756952016339383			
GO_RNA_POLYMERASE_COMPLEX	-0.2975803194099224			
GO_POTASSIUM_CHANNEL_ACTIVITY	-0.29761486921984553			
GSE35435_RESTING_VS_IL4_TREATED_MACROPHAGE_UP	-0.2976437297471409			
REACTOME_INTERLEUKIN_15_SIGNALING	-0.29765141068093104			
GSE45365_NK_CELL_VS_CD8A_DC_DN	-0.2976771528544315			
GO_G_PROTEIN_COUPLED_CHEMOATTRACTANT_RECEPTOR_ACTIVITY	-0.2976825814877004			
GSE26669_CTRL_VS_COSTIM_BLOCK_MLR_CD8_TCELL_DN	-0.29769265284014274			
NFY_Q6	-0.297769724078059			
GO_SITE_OF_DNA_DAMAGE	-0.29778274432950697			
GO_NLRP3_INFLAMMASOME_COMPLEX	-0.2977888264139886			
GSE4984_LPS_VS_VEHICLE_CTRL_TREATED_DC_DN	-0.29783029379743353			
GSE4590_SMALL_VS_LARGE_PRE_BCELL_UP	-0.2978323856260701			
GO_HYDROLASE_ACTIVITY_ACTING_ON_CARBON_NITROGEN_BUT_NOT_PEPTIDE_BONDS_IN_CYCLIC_AMIDINES	-0.29783358725780157			
GSE16697_CD4_TCELL_VS_TFH_CD4_TCELL_UP	-0.29785368279132113			
ELK1_01	-0.29785477932695426			
GO_NEUTROPHIL_MEDIATED_CYTOTOXICITY	-0.2979031134469068			
GSE13484_3H_UNSTIM_VS_YF17D_VACCINE_STIM_PBMC_UP	-0.29791328508836495			
GO_REGULATION_OF_VERY_LOW_DENSITY_LIPOPROTEIN_PARTICLE_CLEARANCE	-0.29791728347087637			
MIR186_3P	-0.2979798426770918			
DING_LUNG_CANCER_MUTATED_FREQUENTLY	-0.2979961245903541			
TENEDINI_MEGAKARYOCYTE_MARKERS	-0.2980453673042025			
REACTOME_ACTIVATION_OF_THE_MRNA_UPON_BINDING_OF_THE_CAP_BINDING_COMPLEX_AND_EIFS_AND_SUBSEQUENT_BINDING_TO_43S	-0.29806719731238335			
GATA4_Q3	-0.29806757852592874			
GO_NUCLEAR_BODY_ORGANIZATION	-0.29808555888988314			
GO_CARBONATE_DEHYDRATASE_ACTIVITY	-0.298107844233928			
PLASARI_NFIC_TARGETS_BASAL_DN	-0.29811733974954974			
GSE40274_CTRL_VS_FOXP3_AND_LEF1_TRANSDUCED_ACTIVATED_CD4_TCELL_DN	-0.2981638068710461			
GO_POSITIVE_REGULATION_OF_MYELOID_LEUKOCYTE_DIFFERENTIATION	-0.2981647894509534			
BIOCARTA_PCAF_PATHWAY	-0.2983220251747103			
GSE13306_TREG_VS_TCONV_DN	-0.2983456434261407			
GSE41867_DAY8_EFFECTOR_VS_DAY30_MEMORY_CD8_TCELL_LCMV_ARMSTRONG_DN	-0.29836103077008713			
GO_MLL3_4_COMPLEX	-0.2983724922271311			
GSE21927_SPLEEN_C57BL6_VS_4T1_TUMOR_BALBC_MONOCYTES_UP	-0.29840782303326263			
GO_GLUTAMATE_RECEPTOR_ACTIVITY	-0.2984271771608931			
GO_REGULATION_OF_PROTEIN_COMPLEX_STABILITY	-0.298488026303203			
GSE22886_IGA_VS_IGM_MEMORY_BCELL_DN	-0.29849524066385147			
HOFFMANN_SMALL_PRE_BII_TO_IMMATURE_B_LYMPHOCYTE_UP	-0.298527018535813			
GO_LIPASE_ACTIVATOR_ACTIVITY	-0.29855825548991577			
PID_HDAC_CLASSI_PATHWAY	-0.29858243067542106			
MIR1229_5P	-0.29862939152517576			
GSE2770_IL12_ACT_VS_ACT_CD4_TCELL_6H_UP	-0.2986392784575732			
GSE22886_NAIVE_BCELL_VS_DC_UP	-0.2986772078297212			
GO_HETEROCHROMATIN	-0.2986999868259603			
GO_CELLULAR_RESPONSE_TO_GROWTH_HORMONE_STIMULUS	-0.2987053037033169			
GSE18791_UNSTIM_VS_NEWCATSLE_VIRUS_DC_2H_DN	-0.29874663557410697			
GSE10239_NAIVE_VS_KLRG1INT_EFF_CD8_TCELL_UP	-0.29883949193018			
GSE13306_LAMINA_PROPRIA_VS_SPLEEN_TREG_UP	-0.29889144618896174			
IRF9_TARGET_GENES	-0.2989076838506548			
GO_REGULATION_OF_CELL_CELL_ADHESION_MEDIATED_BY_INTEGRIN	-0.2989111331317875			
GSE360_CTRL_VS_T_GONDII_MAC_UP	-0.2989431980126558			
MIR598_5P	-0.29894751208573284			
GSE7218_UNSTIM_VS_ANTIGEN_STIM_THROUGH_IGM_BCELL_DN	-0.2989572143317098			
GSE7568_CTRL_VS_3H_TGFB_TREATED_MACROPHAGES_WITH_IL4_AND_DEXAMETHASONE_DN	-0.29895758655084564			
GO_DE_NOVO_CENTRIOLE_ASSEMBLY	-0.29899679949806907			
MIR544B	-0.2989989355014924			
GSE13547_CTRL_VS_ANTI_IGM_STIM_ZFX_KO_BCELL_12H_DN	-0.2990643990627259			
TORCHIA_TARGETS_OF_EWSR1_FLI1_FUSION_DN	-0.2990757276529439			
GO_POLYADENYLATION_DEPENDENT_RNA_CATABOLIC_PROCESS	-0.2991563343428152			
GO_RESPONSE_TO_BACTERIAL_LIPOPROTEIN	-0.2992946066021087			
GO_MRNA_CIS_SPLICING_VIA_SPLICEOSOME	-0.2993221173561027			
GSE22886_UNSTIM_VS_IL15_STIM_NKCELL_UP	-0.299338986076399			
GO_POSITIVE_REGULATION_OF_LEUKOCYTE_DEGRANULATION	-0.29936663766223665			
GO_DNA_DIRECTED_DNA_POLYMERASE_ACTIVITY	-0.29941237578783164			
GSE27786_LIN_NEG_VS_NEUTROPHIL_UP	-0.2994160841312381			
REACTOME_FCERI_MEDIATED_MAPK_ACTIVATION	-0.2994211080600162			
GSE12198_CTRL_VS_LOW_IL2_STIM_NK_CELL_UP	-0.2994617469766305			
GO_INFLAMMASOME_COMPLEX	-0.29948892745974387			
PARK_TRETINOIN_RESPONSE_AND_PML_RARA_FUSION	-0.299500345347779			
GO_DNA_REPLICATION_INITIATION	-0.29950083725302085			
GO_POSITIVE_REGULATION_OF_LEUKOCYTE_MEDIATED_CYTOTOXICITY	-0.29950536030958835			
GO_REGULATION_OF_DNA_TEMPLATED_TRANSCRIPTION_ELONGATION	-0.29957049686119647			
GSE14000_UNSTIM_VS_4H_LPS_DC_TRANSLATED_RNA_UP	-0.2995829849961149			
GO_REGULATION_OF_LIPOPOLYSACCHARIDE_MEDIATED_SIGNALING_PATHWAY	-0.29958941993826466			
GSE37416_12H_VS_48H_F_TULARENSIS_LVS_NEUTROPHIL_UP	-0.29959361239648197			
RIZ_ERYTHROID_DIFFERENTIATION	-0.29960188031480167			
WANG_IMMORTALIZED_BY_HOXA9_AND_MEIS1_UP	-0.2996459773322923			
GSE2405_0H_VS_9H_A_PHAGOCYTOPHILUM_STIM_NEUTROPHIL_DN	-0.29968044796081567			
ZHENG_BOUND_BY_FOXP3	-0.29970241643662326			
REACTOME_P2Y_RECEPTORS	-0.2997035539012876			
LEE_TARGETS_OF_PTCH1_AND_SUFU_UP	-0.29970783735641293			
GSE45365_HEALTHY_VS_MCMV_INFECTION_CD8A_DC_IFNAR_KO_UP	-0.299773876951515			
GSE41867_MEMORY_VS_EXHAUSTED_CD8_TCELL_DAY30_LCMV_UP	-0.29981214785664106			
NFY_C	-0.29984581848573205			
CHEOK_RESPONSE_TO_HD_MTX_DN	-0.2998522083140086			
REACTOME_TNFR1_MEDIATED_CERAMIDE_PRODUCTION	-0.2998990181284992			
JAATINEN_HEMATOPOIETIC_STEM_CELL_DN	-0.29990199232580134			
GO_IMMUNE_RECEPTOR_ACTIVITY	-0.2999536485581616			
GO_REGULATION_OF_CATECHOLAMINE_METABOLIC_PROCESS	-0.29998005906769754			
REACTOME_SIGNALING_BY_CYTOSOLIC_FGFR1_FUSION_MUTANTS	-0.2999813103918202			
GO_HYDROLASE_ACTIVITY_ACTING_ON_CARBON_NITROGEN_BUT_NOT_PEPTIDE_BONDS	-0.29998249377551633			
GO_POSITIVE_REGULATION_OF_DEPHOSPHORYLATION	-0.29998986072445427			
GSE11961_GERMINAL_CENTER_BCELL_DAY7_VS_GERMINAL_CENTER_BCELL_DAY40_DN	-0.2999972347096515			
GO_SULFUR_AMINO_ACID_CATABOLIC_PROCESS	-0.3000614717679868			
GO_RIBONUCLEOPROTEIN_GRANULE	-0.300062750551493			
GO_PEPTIDYL_LYSINE_DIMETHYLATION	-0.3001172500171218			
MIR451A	-0.3001192226303735			
GSE33425_CD161_HIGH_VS_INT_CD8_TCELL_UP	-0.30011937807086025			
CTCTAGA_MIR526C_MIR518F_MIR526A	-0.30013139047123916			
IPA_TCEB1_UP	-0.30015373357331565			
GO_SPERMATID_DIFFERENTIATION	-0.30016206470375234			
GSE17721_POLYIC_VS_CPG_2H_BMDC_UP	-0.3002496674377327			
KEGG_ALPHA_LINOLENIC_ACID_METABOLISM	-0.3002627874094476			
GO_3_5_CYCLIC_AMP_PHOSPHODIESTERASE_ACTIVITY	-0.30026491843690456			
GO_HISTONE_H3_K36_TRIMETHYLATION	-0.3002728532025738			
GSE24726_WT_VS_E2_2_KO_PDC_DAY6_POST_DELETION_UP	-0.30028304686598306			
BIOCARTA_DNAFRAGMENT_PATHWAY	-0.30028478062884345			
GSE9509_LPS_VS_LPS_AND_IL10_STIM_IL10_KO_MACROPHAGE_10MIN_DN	-0.3002858876442424			
GO_OPSONIN_BINDING	-0.30030062070928043			
GO_TRNA_PSEUDOURIDINE_SYNTHESIS	-0.30033053652743824			
GO_ADAPTATION_OF_SIGNALING_PATHWAY	-0.3003454037361321			
IPA_HOPX_UP	-0.3003859488710166			
GO_PCG_PROTEIN_COMPLEX	-0.3003915979496163			
REACTOME_SIGNALING_BY_MEMBRANE_TETHERED_FUSIONS_OF_PDGFRA_OR_PDGFRB	-0.3004027976945887			
GSE5455_EX_VIVO_VS_POST_24H_INCUBATION_MONOCYTES_FROM_TUMOR_BEARING_MOUSE_DN	-0.3004455037492262			
GSE29618_BCELL_VS_PDC_DAY7_FLU_VACCINE_DN	-0.30044675556820477			
HASLINGER_B_CLL_WITH_CHROMOSOME_12_TRISOMY	-0.30049777269512334			
GSE29618_BCELL_VS_MONOCYTE_DAY7_FLU_VACCINE_UP	-0.30052564137314736			
GO_REGULATION_OF_CELLULAR_PH_REDUCTION	-0.30055016221506303			
GO_NEGATIVE_REGULATION_OF_ANTIGEN_RECEPTOR_MEDIATED_SIGNALING_PATHWAY	-0.3005764805023511			
MAEKAWA_ATF2_TARGETS	-0.3005883523619178			
GO_INOSITOL_PHOSPHATE_BIOSYNTHETIC_PROCESS	-0.30060722672927115			
LOPES_METHYLATED_IN_COLON_CANCER_UP	-0.30060887488330096			
GO_PROTEIN_TRIMERIZATION	-0.300612465425554			
GO_RESPONSE_TO_INTERLEUKIN_9	-0.30065306993721097			
GO_GERM_CELL_DEVELOPMENT	-0.30066511510933713			
KALMA_E2F1_TARGETS	-0.3006728947525488			
GSE24814_STAT5_KO_VS_WT_PRE_BCELL_DN	-0.30067740467767445			
GO_HISTONE_MONOUBIQUITINATION	-0.30071364254998206			
GSE8685_IL2_ACT_IL2_STARVED_VS_IL15_ACT_IL2_STARVED_CD4_TCELL_UP	-0.3007597243515319			
GO_HISTONE_H3_K9_DIMETHYLATION	-0.3007600091544934			
GSE30971_CTRL_VS_LPS_STIM_MACROPHAGE_WBP7_HET_4H_DN	-0.30076474977519424			
GO_INTERLEUKIN_8_BIOSYNTHETIC_PROCESS	-0.300766119121926			
MIR1238_3P	-0.30077291688906			
GO_POLY_A_PLUS_MRNA_EXPORT_FROM_NUCLEUS	-0.30083076323899244			
GSE15735_CTRL_VS_HDAC_INHIBITOR_TREATED_CD4_TCELL_12H_DN	-0.30083655284862676			
GO_DNA_PACKAGING_COMPLEX	-0.3008830614582406			
GO_POSITIVE_REGULATION_OF_T_CELL_MIGRATION	-0.3009030573719383			
GO_POSITIVE_REGULATION_OF_CELL_CYCLE_CHECKPOINT	-0.30094216266692003			
GSE369_PRE_VS_POST_IL6_INJECTION_IFNG_KO_LIVER_UP	-0.3009563328779429			
LU_TUMOR_VASCULATURE_DN	-0.30096186919466034			
GSE34515_CD16_POS_MONOCYTE_VS_DC_DN	-0.3009875784271646			
GO_REGULATION_OF_OSTEOCLAST_DIFFERENTIATION	-0.3009913486162829			
SCHLOSSER_SERUM_RESPONSE_AUGMENTED_BY_MYC	-0.3010451438149338			
GSE2706_UNSTIM_VS_8H_R848_DC_UP	-0.3010523549655645			
GSE339_CD8POS_VS_CD4CD8DN_DC_IN_CULTURE_DN	-0.3010730796196823			
GO_POSITIVE_REGULATION_OF_MEGAKARYOCYTE_DIFFERENTIATION	-0.301120407972363			
GO_EXTRACELLULAR_LIGAND_GATED_ION_CHANNEL_ACTIVITY	-0.30115777330481985			
GO_REGULATORY_REGION_NUCLEIC_ACID_BINDING	-0.3011586156374511			
ZHAN_MULTIPLE_MYELOMA_DN	-0.30116192528408703			
GO_INDOLE_CONTAINING_COMPOUND_METABOLIC_PROCESS	-0.30116606654047895			
GSE7852_THYMUS_VS_FAT_TREG_UP	-0.30116990867299714			
CIITA_TARGET_GENES	-0.30117910047928703			
GSE27859_MACROPHAGE_VS_CD11C_INT_F480_INT_DC_UP	-0.3012382493213947			
GSE11864_CSF1_PAM3CYS_VS_CSF1_IFNG_PAM3CYS_IN_MAC_DN	-0.301372117351372			
GSE5099_DAY3_VS_DAY7_MCSF_TREATED_MACROPHAGE_DN	-0.3014056380948522			
GO_CELLULAR_MAGNESIUM_ION_HOMEOSTASIS	-0.3014097943783672			
GO_PROTEIN_LOCALIZATION_TO_NUCLEOLUS	-0.30142799935846665			
GO_CELLULAR_RESPONSE_TO_MORPHINE	-0.3014373251393974			
GO_REGULATION_OF_NEUTROPHIL_ACTIVATION	-0.30148237698024843			
GSE10325_LUPUS_CD4_TCELL_VS_LUPUS_BCELL_DN	-0.3014925355923258			
GSE6259_33D1_POS_DC_VS_BCELL_DN	-0.30149604762205334			
GO_DNA_DEALKYLATION	-0.30149853722847936			
KEGG_SPLICEOSOME	-0.30151187372158733			
GSE10239_MEMORY_VS_KLRG1HIGH_EFF_CD8_TCELL_UP	-0.30152339152645374			
GO_CHROMOSOMAL_REGION	-0.3015292491984957			
REACTOME_GENE_SILENCING_BY_RNA	-0.3015381802856346			
GSE20727_CTRL_VS_ROS_INH_AND_DNFB_ALLERGEN_TREATED_DC_UP	-0.30156933801715724			
PUJANA_CHEK2_PCC_NETWORK	-0.30157821363390913			
MARSON_FOXP3_TARGETS_UP	-0.3015786657330637			
GSE17580_UNINFECTED_VS_S_MANSONI_INF_TREG_UP	-0.30158884067932423			
REACTOME_PI_METABOLISM	-0.30162088282266997			
GSE43863_TH1_VS_TFH_MEMORY_CD4_TCELL_DN	-0.3016395496434831			
GO_U2_SNRNP	-0.30164756230539375			
GO_DNA_CONFORMATION_CHANGE	-0.3016566249808267			
BIOCARTA_MYOSIN_PATHWAY	-0.30166169436511253			
GO_RESPONSE_TO_LITHIUM_ION	-0.3016906226737432			
SHIN_B_CELL_LYMPHOMA_CLUSTER_3	-0.30169692816892585			
GO_PHOSPHATIDYLINOSITOL_3_KINASE_BINDING	-0.3017132411132132			
GSE33424_CD161_HIGH_VS_NEG_CD8_TCELL_UP	-0.301719241327169			
GO_INTERLEUKIN_10_PRODUCTION	-0.3017244986433725			
GO_POSITIVE_REGULATION_OF_MYELOID_LEUKOCYTE_MEDIATED_IMMUNITY	-0.30172874398364363			
GSE12845_IGD_NEG_BLOOD_VS_DARKZONE_GC_TONSIL_BCELL_DN	-0.30174063544286406			
GO_NEGATIVE_REGULATION_OF_LEUKOCYTE_MEDIATED_IMMUNITY	-0.3017838738603888			
GSE46606_UNSTIM_VS_CD40L_IL2_IL5_1DAY_STIMULATED_IRF4_KO_BCELL_UP	-0.3017873320006809			
GO_IONOTROPIC_GLUTAMATE_RECEPTOR_ACTIVITY	-0.3017903923131506			
MEF2C_TARGET_GENES	-0.3018035583730581			
GO_TRANSCRIPTION_REGULATOR_ACTIVITY	-0.3018096560599275			
MIR1285_5P	-0.30181934067760996			
GSE21546_SAP1A_KO_VS_SAP1A_KO_AND_ELK1_KO_DP_THYMOCYTES_DN	-0.3018460102412167			
GSE1925_CTRL_VS_IFNG_PRIMED_MACROPHAGE_3H_IFNG_STIM_UP	-0.3018550406087787			
GSE11057_EFF_MEM_VS_CENT_MEM_CD4_TCELL_DN	-0.3018691464023612			
KEGG_NITROGEN_METABOLISM	-0.30188920556003357			
GO_TOLL_LIKE_RECEPTOR_7_SIGNALING_PATHWAY	-0.3019040987108068			
GO_ICOSANOID_RECEPTOR_ACTIVITY	-0.30195093242284543			
GSE43955_1H_VS_20H_ACT_CD4_TCELL_WITH_TGFB_IL6_UP	-0.3019645912941956			
GO_REGULATION_OF_ISOMERASE_ACTIVITY	-0.3019648411183699			
HOXA9_DN.V1_DN	-0.3019672627228531			
GO_NEGATIVE_REGULATION_OF_RESPONSE_TO_BIOTIC_STIMULUS	-0.30204701320352956			
GSE19825_CD24LOW_VS_IL2RA_HIGH_DAY3_EFF_CD8_TCELL_UP	-0.30205712340437735			
JAIN_NFKB_SIGNALING	-0.3021833790550676			
GO_RESPONSE_TO_LIPOTEICHOIC_ACID	-0.30219079980734076			
GSE12392_WT_VS_IFNB_KO_CD8A_NEG_SPLEEN_DC_DN	-0.30219472764327676			
MIR6500_3P	-0.30220979068236337			
MIR4730	-0.3022281424902672			
MORI_EMU_MYC_LYMPHOMA_BY_ONSET_TIME_UP	-0.30228597144417524			
MIR3691_5P	-0.30238377044705367			
MATZUK_MEIOTIC_AND_DNA_REPAIR	-0.3023948630776864			
AGGAGTG_MIR483	-0.302398129709786			
WAKASUGI_HAVE_ZNF143_BINDING_SITES	-0.30241524980322626			
GSE17721_LPS_VS_POLYIC_24H_BMDC_DN	-0.30241793388639393			
GSE22886_NAIVE_CD4_TCELL_VS_12H_ACT_TH1_UP	-0.3024262657341788			
GO_POSITIVE_REGULATION_OF_INTERLEUKIN_1_PRODUCTION	-0.3024420619181891			
GO_DOUBLE_STRAND_BREAK_REPAIR_VIA_BREAK_INDUCED_REPLICATION	-0.30246265597640815			
GSE41867_DAY8_VS_DAY15_LCMV_CLONE13_EFFECTOR_CD8_TCELL_UP	-0.30246625428444857			
GO_SPLICEOSOMAL_TRI_SNRNP_COMPLEX	-0.30250702246739614			
GSE37301_HEMATOPOIETIC_STEM_CELL_VS_GRAN_MONO_PROGENITOR_UP	-0.3025152407548606			
GSE10239_NAIVE_VS_MEMORY_CD8_TCELL_UP	-0.3025546797185362			
GSE22886_NAIVE_CD8_TCELL_VS_NKCELL_DN	-0.3025602484135119			
GO_DNA_TRANSLOCASE_ACTIVITY	-0.30257152212084143			
GSE23925_DARK_ZONE_VS_NAIVE_BCELL_UP	-0.30260228953550583			
GSE24972_WT_VS_IRF8_KO_SPLEEN_FOLLICULAR_BCELL_DN	-0.3026123341256389			
KAMIKUBO_MYELOID_CEBPA_NETWORK	-0.3026147540793253			
REACTOME_INTERLEUKIN_9_SIGNALING	-0.30271983989966805			
GO_PROTEIN_ACETYLATION	-0.30279055194940313			
GO_REGULATION_OF_CHROMOSOME_ORGANIZATION	-0.3027917534458066			
GSE3982_DC_VS_BCELL_DN	-0.302793902755961			
GO_HYDROGEN_PEROXIDE_CATABOLIC_PROCESS	-0.3028056186060514			
GSE20715_0H_VS_48H_OZONE_TLR4_KO_LUNG_UP	-0.3028327847049057			
GO_DNA_LIGATION	-0.30284099857931207			
GO_NUCLEAR_TRANSCRIBED_MRNA_CATABOLIC_PROCESS_EXONUCLEOLYTIC	-0.30284408640366983			
ZNF560_TARGET_GENES	-0.3028475373096852			
GSE40273_EOS_KO_VS_WT_TREG_DN	-0.3028551637939662			
YAGI_AML_RELAPSE_PROGNOSIS	-0.30287347154073485			
GO_T_CELL_DIFFERENTIATION_IN_THYMUS	-0.3028836208472498			
GSE39556_UNTREATED_VS_3H_POLYIC_INJ_MOUSE_CD8A_DC_DN	-0.30297588411060333			
GO_GALACTOSE_BINDING	-0.30297606994247384			
GO_EPSILON_DNA_POLYMERASE_COMPLEX	-0.30300741320667723			
GO_AP_2_ADAPTOR_COMPLEX_BINDING	-0.3030530575540751			
GO_NUCLEAR_REPLICATION_FORK	-0.30305672921919563			
MIR3154	-0.3030858849919414			
GO_NUCLEOLAR_LARGE_RRNA_TRANSCRIPTION_BY_RNA_POLYMERASE_I	-0.3030912904031128			
GO_RESPIRATORY_BURST	-0.30313463097976895			
GO_CELLULAR_RESPONSE_TO_AMMONIUM_ION	-0.30313769403389695			
GO_MITOTIC_DNA_REPLICATION_CHECKPOINT	-0.3031710340900202			
IPA_NFIL3_UP	-0.30318359557073776			
GO_PROTEIN_SIDE_CHAIN_DEGLUTAMYLATION	-0.30318704404384045			
GO_REGULATION_OF_NUCLEAR_CELL_CYCLE_DNA_REPLICATION	-0.303187873716509			
REACTOME_PROCESSING_OF_CAPPED_INTRONLESS_PRE_MRNA	-0.3031885258489842			
BIOCARTA_BCELLSURVIVAL_PATHWAY	-0.3032055882500827			
GO_POSITIVE_REGULATION_OF_INTERLEUKIN_1_SECRETION	-0.30320817335574257			
GSE2770_UNTREATED_VS_IL4_TREATED_ACT_CD4_TCELL_6H_DN	-0.3032269868681473			
GSE24142_EARLY_THYMIC_PROGENITOR_VS_DN2_THYMOCYTE_DN	-0.30331059854512893			
GSE42088_UNINF_VS_LEISHMANIA_INF_DC_4H_DN	-0.3033251911447069			
GSE36888_UNTREATED_VS_IL2_TREATED_TCELL_17H_UP	-0.3033257176175756			
KRIGE_RESPONSE_TO_TOSEDOSTAT_6HR_DN	-0.3033296545897151			
GO_CELL_CYCLE_DNA_REPLICATION	-0.30334711938888415			
GSE16385_UNTREATED_VS_12H_ROSIGLITAZONE_IL4_TREATED_MACROPHAGE_UP	-0.3033754722001913			
GSE29618_BCELL_VS_MONOCYTE_UP	-0.3034069278313819			
MIR6511B_5P	-0.3035301598921584			
GO_POSITIVE_REGULATION_OF_INTERLEUKIN_8_BIOSYNTHETIC_PROCESS	-0.3036385573073565			
GSE10273_HIGH_VS_LOW_IL7_TREATED_IRF4_8_NULL_PRE_BCELL_DN	-0.30364041770323097			
GO_ADULT_HEART_DEVELOPMENT	-0.30365946348354206			
GO_MRNA_PSEUDOURIDINE_SYNTHESIS	-0.303701445749884			
REACTOME_TOXICITY_OF_BOTULINUM_TOXIN_TYPE_D_BONT_D	-0.3037199333719788			
GO_MRNA_3_END_PROCESSING	-0.3037466691556617			
BIDUS_METASTASIS_DN	-0.3037594857301869			
GO_POSITIVE_REGULATION_OF_NUCLEOBASE_CONTAINING_COMPOUND_METABOLIC_PROCESS	-0.30379018785596423			
MARTINELLI_IMMATURE_NEUTROPHIL_UP	-0.3038136497794634			
GO_POSITIVE_REGULATION_OF_INTERLEUKIN_10_PRODUCTION	-0.30383009655415577			
GSE43955_TGFB_IL6_VS_TGFB_IL6_IL23_TH17_ACT_CD4_TCELL_60H_UP	-0.3039216123332975			
GSE4984_UNTREATED_VS_GALECTIN1_TREATED_DC_UP	-0.30394202881140375			
GO_H4_HISTONE_ACETYLTRANSFERASE_COMPLEX	-0.3039654096960931			
PRC2_SUZ12_UP.V1_DN	-0.30397654893579773			
GO_DNA_REPLICATION_CHECKPOINT	-0.3040016206003481			
BIOCARTA_CTL_PATHWAY	-0.30400382676040366			
GSE25123_CTRL_VS_IL4_AND_ROSIGLITAZONE_STIM_MACROPHAGE_DN	-0.3040065862697784			
GO_NEGATIVE_REGULATION_OF_DNA_REPLICATION	-0.30403373372661896			
GO_ALPHA_BETA_T_CELL_PROLIFERATION	-0.3040463466949159			
GSE8621_LPS_STIM_VS_LPS_PRIMED_AND_LPS_STIM_MACROPHAGE_DN	-0.3040464394434788			
GO_GENE_SILENCING_BY_RNA	-0.3040530628286923			
GSE2770_IL4_ACT_VS_ACT_CD4_TCELL_48H_DN	-0.30410104848404046			
GSE5589_UNSTIM_VS_180MIN_LPS_STIM_MACROPHAGE_DN	-0.3041182252025199			
CHOI_ATL_CHRONIC_VS_ACUTE_DN	-0.30413089012647065			
GSE22140_HEALTHY_VS_ARTHRITIC_MOUSE_CD4_TCELL_DN	-0.3041378179506465			
GSE32255_WT_UNSTIM_VS_JMJD2D_KNOCKDOWN_4H_LPS_STIM_DC_UP	-0.3041388955900125			
BIOCARTA_D4GDI_PATHWAY	-0.3041533378700427			
GO_RESPONSE_TO_MORPHINE	-0.30415393514656647			
GSE25088_WT_VS_STAT6_KO_MACROPHAGE_UP	-0.3041563751789726			
GSE5503_LIVER_DC_VS_MLN_DC_ACTIVATED_ALLOGENIC_TCELL_DN	-0.30416432164485285			
GO_SNRNA_BINDING	-0.3041715596223665			
GO_POSITIVE_REGULATION_OF_CYTOKINE_BIOSYNTHETIC_PROCESS	-0.3041760224264532			
GO_REGULATION_OF_CD40_SIGNALING_PATHWAY	-0.30426575719412785			
GO_POSITIVE_REGULATION_OF_ADAPTIVE_IMMUNE_RESPONSE	-0.3043131300356756			
REACTOME_HDACS_DEACETYLATE_HISTONES	-0.3043466421507662			
GSE36888_STAT5_AB_KNOCKIN_VS_WT_TCELL_IL2_TREATED_2H_UP	-0.3043873687130175			
GO_DETERMINATION_OF_ADULT_LIFESPAN	-0.304415021401167			
REACTOME_FCGAMMA_RECEPTOR_FCGR_DEPENDENT_PHAGOCYTOSIS	-0.3044431267612454			
IPA_KDM6B_DN	-0.30444532514258316			
GO_G0_TO_G1_TRANSITION	-0.3045867345160206			
GO_NEGATIVE_REGULATION_OF_PEPTIDYL_LYSINE_ACETYLATION	-0.3045952701656581			
IPA_ATOH1_UP	-0.3046262032268106			
GSE37532_WT_VS_PPARG_KO_LN_TCONV_UP	-0.30463307128202555			
KEGG_JAK_STAT_SIGNALING_PATHWAY	-0.30463539534501066			
GO_SECONDARY_LYSOSOME	-0.3046597409927079			
GO_HISTIDINE_METABOLIC_PROCESS	-0.3046751401262441			
MIR4426	-0.3047092150994775			
BIOCARTA_TCYTOTOXIC_PATHWAY	-0.30479678774889024			
GO_DNA_REPLICATION_FACTOR_A_COMPLEX	-0.3048053938280467			
IVANOVA_HEMATOPOIESIS_LATE_PROGENITOR	-0.30484064145923984			
GSE23114_WT_VS_SLE2C1_MOUSE_PERITONEAL_CAVITY_B1A_BCELL_UP	-0.30488367599151783			
GSE37301_COMMON_LYMPHOID_PROGENITOR_VS_PRO_BCELL_DN	-0.3048924065634114			
GO_INTRINSIC_COMPONENT_OF_THE_CYTOPLASMIC_SIDE_OF_THE_PLASMA_MEMBRANE	-0.30494387537769896			
GO_REGULATION_OF_BEHAVIOR	-0.3049477581220956			
GO_NEUTROPHIL_MEDIATED_KILLING_OF_SYMBIONT_CELL	-0.3049542826640013			
GSE12366_NAIVE_VS_MEMORY_BCELL_UP	-0.30495527673724426			
REACTOME_INTERLEUKIN_23_SIGNALING	-0.30496946102893113			
GO_DIACYLGLYCEROL_BINDING	-0.30497955256466963			
GO_HELICASE_ACTIVITY	-0.3049968606822528			
MIKKELSEN_MCV6_LCP_WITH_H3K27ME3	-0.30501377810388974			
REACTOME_SUMOYLATION_OF_DNA_METHYLATION_PROTEINS	-0.30505254630917483			
GO_AXONOGENESIS_INVOLVED_IN_INNERVATION	-0.3050701414076723			
GSE9988_ANTI_TREM1_VS_ANTI_TREM1_AND_LPS_MONOCYTE_UP	-0.30512433154104057			
GO_POSITIVE_REGULATION_OF_INTERFERON_GAMMA_PRODUCTION	-0.3051513074801184			
GO_REGULATION_OF_LYMPHOCYTE_APOPTOTIC_PROCESS	-0.30516335843383874			
GO_TRANSLATION_INITIATION_FACTOR_BINDING	-0.3051848207123072			
GO_POSITIVE_REGULATION_OF_MAST_CELL_ACTIVATION_INVOLVED_IN_IMMUNE_RESPONSE	-0.30518819840493894			
GSE3982_MAC_VS_NKCELL_DN	-0.3052629510615277			
GO_ACTIN_CORTICAL_PATCH_LOCALIZATION	-0.3052633492318084			
REACTOME_INNATE_IMMUNE_SYSTEM	-0.3052806863417387			
GO_DNA_INTEGRATION	-0.30534232064676686			
GSE9601_UNTREATED_VS_PI3K_INHIBITOR_TREATED_HCMV_INF_MONOCYTE_UP	-0.3053939349254768			
GO_INTERLEUKIN_6_PRODUCTION	-0.3054186301278779			
MIR7151_5P	-0.305425437133935			
GO_POSITIVE_REGULATION_OF_MYELOID_CELL_DIFFERENTIATION	-0.3054326726009118			
GSE7831_1H_VS_4H_CPG_STIM_PDC_DN	-0.30546114426240917			
REACTOME_HATS_ACETYLATE_HISTONES	-0.30547208723266867			
GSE27670_BLIMP1_VS_LMP1_TRANSDUCED_GC_BCELL_UP	-0.30548728399087605			
GSE20727_H2O2_VS_ROS_INHIBITOR_TREATED_DC_UP	-0.30551953348805366			
DIAZ_CHRONIC_MEYLOGENOUS_LEUKEMIA_UP	-0.30552062404109026			
CREB3_TARGET_GENES	-0.3055963126185183			
GO_EXONUCLEASE_ACTIVITY	-0.3056602531077867			
PID_DNA_PK_PATHWAY	-0.3056909007266178			
SYED_ESTRADIOL_RESPONSE	-0.3057759000634664			
GO_REGULATION_OF_MRNA_METABOLIC_PROCESS	-0.3058364035593476			
GSE3982_BCELL_VS_TH1_UP	-0.3058416591894534			
GSE29618_MONOCYTE_VS_PDC_DN	-0.3058539939731484			
GSE3982_BASOPHIL_VS_TH2_UP	-0.3058917092146244			
GSE15330_HSC_VS_MEGAKARYOCYTE_ERYTHROID_PROGENITOR_UP	-0.30592665329310326			
GSE29164_UNTREATED_VS_CD8_TCELL_TREATED_MELANOMA_DAY7_UP	-0.30594917413280076			
MIR4516	-0.3059529671190055			
GSE21927_UNTREATED_VS_GMCSF_GCSF_TREATED_BONE_MARROW_DN	-0.30601567547301683			
ETS2_B	-0.306030951134691			
GSE39382_IL3_VS_IL3_IL33_TREATED_MAST_CELL_UP	-0.30603129328061435			
REACTOME_TRAF6_MEDIATED_IRF7_ACTIVATION_IN_TLR7_8_OR_9_SIGNALING	-0.30604677425603005			
MIR4444	-0.3060556095603129			
KRAS.BREAST_UP.V1_DN	-0.30606059507882993			
GO_LIPOPOLYSACCHARIDE_IMMUNE_RECEPTOR_ACTIVITY	-0.30608226369653446			
GO_FC_RECEPTOR_SIGNALING_PATHWAY	-0.3061234065843385			
GO_V_D_J_RECOMBINATION	-0.306131035465613			
GSE23695_CD57_POS_VS_NEG_NK_CELL_UP	-0.3061460238315486			
GSE3565_CTRL_VS_LPS_INJECTED_SPLENOCYTES_DN	-0.30616698003733417			
GSE26343_UNSTIM_VS_LPS_STIM_MACROPHAGE_DN	-0.3062120998868947			
GO_RNA_PROCESSING	-0.30622228298342713			
ADDYA_ERYTHROID_DIFFERENTIATION_BY_HEMIN	-0.3062236594929207			
IPA_CREBBP_DN	-0.30622887052901127			
GO_DNA_HELICASE_ACTIVITY	-0.3062538026713803			
STEGMEIER_PREMITOTIC_CELL_CYCLE_REGULATORS	-0.30628302536415214			
MIR4800_5P	-0.3063389089995027			
TERF1_TARGET_GENES	-0.3063401161937681			
IPA_TAF4B_UP	-0.3063710206780542			
GO_CATALYTIC_ACTIVITY_ACTING_ON_DNA	-0.30638261096252983			
GO_HEPATIC_STELLATE_CELL_ACTIVATION	-0.30643896725554254			
GSE2197_CPG_DNA_VS_UNTREATED_IN_DC_DN	-0.3064390553731423			
GO_LIPOPEPTIDE_BINDING	-0.3064555743728627			
GO_LIPOPOLYSACCHARIDE_BINDING	-0.3064591200383586			
GSE3720_UNSTIM_VS_PMA_STIM_VD1_GAMMADELTA_TCELL_UP	-0.30647086020081243			
GO_PROTEIN_N_TERMINUS_BINDING	-0.30647224156988107			
MIR3179	-0.3064791155499093			
BIOCARTA_HDAC_PATHWAY	-0.30650124411396745			
GSE411_WT_VS_SOCS3_KO_MACROPHAGE_DN	-0.30650510084561955			
GSE25890_CTRL_VS_IL33_IL7_TREATED_NUOCYTES_DN	-0.30651723011393295			
GSE32901_TH1_VS_TH17_ENRICHED_CD4_TCELL_UP	-0.3065629017255787			
GO_DNA_REPLICATION_SYNTHESIS_OF_RNA_PRIMER	-0.3065648621149398			
GSE27786_BCELL_VS_NKTCELL_UP	-0.30663152289156564			
BIOCARTA_BCR_PATHWAY	-0.3066635829712735			
GSE13547_2H_VS_12_H_ANTI_IGM_STIM_ZFX_KO_BCELL_UP	-0.30669154263376497			
GO_RESPONSE_TO_PHORBOL_13_ACETATE_12_MYRISTATE	-0.3067147926396087			
NAGY_TFTC_COMPONENTS_HUMAN	-0.3067264996500432			
GSE17721_0.5H_VS_24H_CPG_BMDC_UP	-0.30673066154782136			
KEGG_CHEMOKINE_SIGNALING_PATHWAY	-0.306795777743031			
GSE20198_IL12_VS_IFNA_TREATED_ACT_CD4_TCELL_DN	-0.30680406606361615			
PEA3_Q6	-0.30683207899746123			
GO_IMMUNOGLOBULIN_BINDING	-0.30683415396639174			
GO_REGULATION_OF_GLIAL_CELL_MIGRATION	-0.3068557001577428			
REACTOME_INTERLEUKIN_21_SIGNALING	-0.30686816462788213			
GO_POSITIVE_REGULATION_OF_FC_GAMMA_RECEPTOR_SIGNALING_PATHWAY_INVOLVED_IN_PHAGOCYTOSIS	-0.30687957253304604			
GO_MUTLALPHA_COMPLEX	-0.3069197187196641			
REACTOME_TRANSPORT_OF_MATURE_MRNAS_DERIVED_FROM_INTRONLESS_TRANSCRIPTS	-0.3069289629638547			
GO_REGULATION_OF_GENE_EXPRESSION_BY_GENETIC_IMPRINTING	-0.30693641552696915			
GO_NEGATIVE_REGULATION_OF_ADAPTIVE_IMMUNE_RESPONSE	-0.3069394125864149			
GO_REGULATION_OF_LEUKOCYTE_ADHESION_TO_VASCULAR_ENDOTHELIAL_CELL	-0.30702948058850776			
GSE21546_WT_VS_SAP1A_KO_ANTI_CD3_STIM_DP_THYMOCYTES_DN	-0.30703499224300845			
GO_NUCLEAR_TRANSCRIBED_MRNA_CATABOLIC_PROCESS_DEADENYLATION_DEPENDENT_DECAY	-0.30705399953178647			
GO_REGULATION_OF_INTESTINAL_ABSORPTION	-0.3070771320291163			
GO_ENDODEOXYRIBONUCLEASE_ACTIVITY	-0.307099667649575			
GSE23505_UNTREATED_VS_4DAY_IL6_IL1_IL23_TREATED_CD4_TCELL_DN	-0.30714155864846315			
GSE2770_IL12_VS_TGFB_AND_IL12_TREATED_ACT_CD4_TCELL_6H_DN	-0.30715352094401144			
GSE31082_DN_VS_DP_THYMOCYTE_DN	-0.30718495005984736			
IPA_TBX21_UP	-0.30722280997503154			
IPA_SUV39H2_UP	-0.30722943056121194			
GSE6674_UNSTIM_VS_ANTI_IGM_AND_CPG_STIM_BCELL_UP	-0.3072546414832756			
GO_LEUKOCYTE_ACTIVATION_INVOLVED_IN_INFLAMMATORY_RESPONSE	-0.30726357638940643			
GSE29618_MONOCYTE_VS_PDC_DAY7_FLU_VACCINE_DN	-0.3072970422737402			
GO_ACTIVATION_OF_JANUS_KINASE_ACTIVITY	-0.3073207349743293			
GSE27786_CD8_TCELL_VS_MONO_MAC_UP	-0.3074499285797907			
GSE6269_HEALTHY_VS_FLU_INF_PBMC_UP	-0.30747991460933904			
REACTOME_FGFR1_MUTANT_RECEPTOR_ACTIVATION	-0.30749494883982104			
GO_N_ACYLPHOSPHATIDYLETHANOLAMINE_SPECIFIC_PHOSPHOLIPASE_D_ACTIVITY	-0.3075151798065331			
PID_E2F_PATHWAY	-0.3075218541761052			
GO_REGULATION_OF_PEPTIDYL_SERINE_DEPHOSPHORYLATION	-0.30754079087446234			
GSE15330_HSC_VS_PRO_BCELL_UP	-0.30755052029033086			
GO_PEPTIDOGLYCAN_MURALYTIC_ACTIVITY	-0.3075618205951567			
GO_CELL_CYCLE_G1_S_PHASE_TRANSITION	-0.30756304790125605			
GSE8685_IL15_ACT_IL2_STARVED_VS_IL21_ACT_IL2_STARVED_CD4_TCELL_DN	-0.30757588620009624			
GSE3982_DC_VS_CENT_MEMORY_CD4_TCELL_DN	-0.30757739714139737			
GSE2770_IL12_AND_TGFB_ACT_VS_ACT_CD4_TCELL_6H_UP	-0.3075802762937313			
GO_REGULATION_OF_PHOSPHATIDYLINOSITOL_3_KINASE_SIGNALING	-0.307617102503601			
GSE24634_TEFF_VS_TCONV_DAY3_IN_CULTURE_DN	-0.3076205230184684			
GO_DNA_PACKAGING	-0.30762557532074136			
GSE18791_CTRL_VS_NEWCASTLE_VIRUS_DC_4H_UP	-0.3076433438861478			
GO_HISTONE_H4_K5_ACETYLATION	-0.3077023824692624			
GSE11864_CSF1_VS_CSF1_IFNG_PAM3CYS_IN_MAC_UP	-0.3077180355156077			
MORI_IMMATURE_B_LYMPHOCYTE_UP	-0.30773268232395623			
GSE21033_CTRL_VS_POLYIC_STIM_DC_6H_DN	-0.30774674849151923			
SENGUPTA_EBNA1_ANTICORRELATED	-0.3077531212933819			
GO_INTERLEUKIN_12_SECRETION	-0.3077805129100319			
GO_NUCLEAR_PERIPHERY	-0.3077829982526636			
ROSS_LEUKEMIA_WITH_MLL_FUSIONS	-0.30782135617120615			
REACTOME_SYNTHESIS_OF_PG	-0.3078307153662534			
GO_SIRNA_BINDING	-0.30783679877637			
IPA_BACH1_UP	-0.3078857167042164			
REACTOME_ACETYLCHOLINE_REGULATES_INSULIN_SECRETION	-0.3078924318448907			
GSE14699_NAIVE_VS_DELETIONAL_TOLERANCE_CD8_TCELL_UP	-0.30790514027891513			
PUJANA_BRCA_CENTERED_NETWORK	-0.30790778226665944			
E2F_Q4_01	-0.3079127093341018			
GO_NEGATIVE_REGULATION_OF_TOLL_LIKE_RECEPTOR_SIGNALING_PATHWAY	-0.30791987823988803			
GSE6674_UNSTIM_VS_PL2_3_STIM_BCELL_UP	-0.30793295042216196			
GO_MISMATCH_REPAIR_COMPLEX	-0.3079442993223453			
MARTORIATI_MDM4_TARGETS_NEUROEPITHELIUM_DN	-0.307953030697081			
GO_POSITIVE_REGULATION_OF_RNA_SPLICING	-0.3079690161948842			
GO_LYMPHOCYTE_MIGRATION	-0.3079766992783137			
BIOCARTA_NKT_PATHWAY	-0.3079831197641857			
GSE32901_NAIVE_VS_TH1_CD4_TCELL_DN	-0.3079850312708453			
REACTOME_G_PROTEIN_BETA_GAMMA_SIGNALLING	-0.30800906800799505			
GSE29618_PRE_VS_DAY7_FLU_VACCINE_PDC_DN	-0.3080117788221123			
GO_MEMBRANE_INVAGINATION	-0.30807662437025257			
IPA_CEBPE_DN	-0.30809438763918784			
GO_HISTONE_DEMETHYLASE_ACTIVITY	-0.30810716597568083			
ICHIBA_GRAFT_VERSUS_HOST_DISEASE_35D_UP	-0.3081306072276565			
GO_POLYNUCLEOTIDE_ADENYLYLTRANSFERASE_ACTIVITY	-0.30814794175046567			
PID_TCR_RAS_PATHWAY	-0.3081770105720841			
GSE31622_WT_VS_KLF3_KO_BCELL_DN	-0.30819679516703213			
GO_COMPLEMENT_RECEPTOR_ACTIVITY	-0.30819837564273267			
GSE25123_CTRL_VS_IL4_AND_ROSIGLITAZONE_STIM_MACROPHAGE_UP	-0.30820025247263383			
ZHAN_EARLY_DIFFERENTIATION_GENES_DN	-0.3082375120026466			
GSE16450_IMMATURE_VS_MATURE_NEURON_CELL_LINE_UP	-0.3082749512182573			
GO_ATP_GATED_ION_CHANNEL_ACTIVITY	-0.30828512902185545			
GSE21033_3H_VS_24H_POLYIC_STIM_DC_UP	-0.3082856150327455			
MIR2114_3P	-0.3082923171132484			
GSE37416_0H_VS_12H_F_TULARENSIS_LVS_NEUTROPHIL_UP	-0.30829775162621176			
GSE19401_PAM2CSK4_VS_RETINOIC_ACID_AND_PAM2CSK4_STIM_FOLLICULAR_DC_DN	-0.30830452439105877			
GO_FIBROBLAST_ACTIVATION	-0.3083269104024585			
REACTOME_TRANSPORT_OF_MATURE_TRANSCRIPT_TO_CYTOPLASM	-0.30836309824771835			
GO_POSITIVE_REGULATION_OF_PHOSPHATASE_ACTIVITY	-0.30838488065024944			
GO_PROTEIN_ACETYLTRANSFERASE_COMPLEX	-0.3083887779120066			
REACTOME_PLATELET_CALCIUM_HOMEOSTASIS	-0.30839251419867025			
GSE27786_CD4_TCELL_VS_NKTCELL_DN	-0.30842332913064874			
BRCA1_DN.V1_UP	-0.30843571162055233			
GSE27241_WT_VS_RORGT_KO_TH17_POLARIZED_CD4_TCELL_TREATED_WITH_DIGOXIN_UP	-0.30844550301429885			
GO_POSITIVE_REGULATION_OF_TRANSCRIPTION_OF_NUCLEOLAR_LARGE_RRNA_BY_RNA_POLYMERASE_I	-0.3084529430084043			
PHESSE_TARGETS_OF_APC_AND_MBD2_UP	-0.30847070436534535			
MIR6811_5P	-0.3085112952090466			
GO_RECOMBINATIONAL_REPAIR	-0.3085364677537195			
GSE37416_0H_VS_6H_F_TULARENSIS_LVS_NEUTROPHIL_UP	-0.30855061013843804			
GSE11961_FOLLICULAR_BCELL_VS_GERMINAL_CENTER_BCELL_DAY40_UP	-0.3087078543108713			
GO_U6_SNRNP	-0.3087223488317411			
GO_EUKARYOTIC_TRANSLATION_INITIATION_FACTOR_3_COMPLEX	-0.3087288696414506			
GSE40666_UNTREATED_VS_IFNA_STIM_STAT1_KO_CD8_TCELL_90MIN_DN	-0.3087315984856742			
GO_SEQUENCE_SPECIFIC_DOUBLE_STRANDED_DNA_BINDING	-0.3087427042198955			
GO_RNA_PHOSPHODIESTER_BOND_HYDROLYSIS	-0.30879468977883284			
TCCGTCC_MIR184	-0.3088297300415891			
GO_GOLGI_CIS_CISTERNA	-0.30884530132207805			
TONKS_TARGETS_OF_RUNX1_RUNX1T1_FUSION_MONOCYTE_DN	-0.3088583092916			
GSE5589_LPS_AND_IL10_VS_LPS_AND_IL6_STIM_MACROPHAGE_45MIN_DN	-0.30888041196181026			
GSE13493_DP_VS_CD8POS_THYMOCYTE_UP	-0.3088972420560224			
STEGER_ADIPOGENESIS_UP	-0.3089110635595673			
GO_TERMINATION_OF_RNA_POLYMERASE_II_TRANSCRIPTION	-0.3089111487547158			
GO_PHOSPHATIDYLINOSITOL_METABOLIC_PROCESS	-0.30891445180622523			
GSE45365_WT_VS_IFNAR_KO_CD8A_DC_UP	-0.30895497872933375			
KEGG_RNA_DEGRADATION	-0.3089864160407289			
GO_REGULATION_OF_CELL_KILLING	-0.30900362366706674			
IPA_PROX1_DN	-0.3090146165575744			
GSE15330_LYMPHOID_MULTIPOTENT_VS_MEGAKARYOCYTE_ERYTHROID_PROGENITOR_IKAROS_KO_UP	-0.3090150125032367			
GSE3337_CTRL_VS_4H_IFNG_IN_CD8POS_DC_UP	-0.30902578275244397			
GO_MARGINAL_ZONE_B_CELL_DIFFERENTIATION	-0.30905829682874236			
GO_PHOSPHATIDYLINOSITOL_KINASE_ACTIVITY	-0.30905871784700745			
PARK_HSC_VS_MULTIPOTENT_PROGENITORS_DN	-0.30905998648413885			
GSE17186_NAIVE_VS_CD21HIGH_TRANSITIONAL_BCELL_CORD_BLOOD_DN	-0.3091018856164775			
RORIE_TARGETS_OF_EWSR1_FLI1_FUSION_DN	-0.30919088434171876			
GO_DIACYLGLYCEROL_KINASE_ACTIVITY	-0.30919511199860983			
GSE15271_CXCR4_POS_VS_NEG_GC_BCELL_UP	-0.30927818924489575			
GSE1460_NAIVE_CD4_TCELL_CORD_BLOOD_VS_THYMIC_STROMAL_CELL_UP	-0.30932565232931414			
GSE29164_UNTREATED_VS_CD8_TCELL_TREATED_MELANOMA_DAY3_DN	-0.30933952290582517			
BOSCO_TH1_CYTOTOXIC_MODULE	-0.3093928971169533			
NCOA4_TARGET_GENES	-0.30943553501558757			
GSE26343_WT_VS_NFAT5_KO_MACROPHAGE_UP	-0.30947171721652583			
GO_RNA_POLYMERASE_III_TRANSCRIPTION_FACTOR_COMPLEX	-0.3094782004976522			
LEE_RECENT_THYMIC_EMIGRANT	-0.30955220773808956			
GO_MULTI_ORGANISM_MEMBRANE_ORGANIZATION	-0.3095871404335796			
GO_REGULATION_OF_CELL_CYCLE_CHECKPOINT	-0.30959894127151494			
GO_REGULATION_OF_FC_RECEPTOR_MEDIATED_STIMULATORY_SIGNALING_PATHWAY	-0.30959915616272476			
IPA_NCOR2_UP	-0.309647104816228			
GO_IMIDAZOLE_CONTAINING_COMPOUND_METABOLIC_PROCESS	-0.30969406247885173			
REACTOME_PARASITE_INFECTION	-0.30970282502342766			
GSE25088_CTRL_VS_IL4_STIM_MACROPHAGE_UP	-0.30971523579319105			
GO_C_TERMINAL_PROTEIN_LIPIDATION	-0.3097240703323499			
IPA_PRDM1_DN	-0.3097329789675909			
GSE22886_NAIVE_BCELL_VS_NEUTROPHIL_UP	-0.309740722712945			
GO_REGULATION_OF_B_CELL_DIFFERENTIATION	-0.3098301510832547			
GO_CYTOPLASMIC_MRNA_PROCESSING_BODY_ASSEMBLY	-0.3098333642266078			
GSE21546_WT_VS_SAP1A_KO_ANTI_CD3_STIM_DP_THYMOCYTES_UP	-0.309921589936955			
GSE34156_NOD2_LIGAND_VS_NOD2_AND_TLR1_TLR2_LIGAND_6H_TREATED_MONOCYTE_UP	-0.3099511809128131			
GO_G_PROTEIN_COUPLED_PURINERGIC_RECEPTOR_SIGNALING_PATHWAY	-0.3099725905212936			
REACTOME_DISEASES_OF_MISMATCH_REPAIR_MMR	-0.30999839879570834			
GO_POSITIVE_REGULATION_OF_LYMPHOCYTE_MEDIATED_IMMUNITY	-0.3101113544779336			
GO_NUCLEAR_CHROMOSOME_TELOMERIC_REGION	-0.31011384505530165			
GSE18203_CTRL_VS_INTRATUMORAL_CPG_INJ_MC38_TUMOR_UP	-0.3101393128013456			
GSE21670_UNTREATED_VS_IL6_TREATED_STAT3_KO_CD4_TCELL_UP	-0.31019517329038915			
GO_POSITIVE_REGULATION_OF_CELL_KILLING	-0.31020297836151184			
RORA1_01	-0.31022413059052545			
GO_DNA_BINDING_TRANSCRIPTION_FACTOR_ACTIVITY	-0.31023218241666745			
GO_MONOCYTE_EXTRAVASATION	-0.310240257475922			
MA_MYELOID_DIFFERENTIATION_UP	-0.31027098849848284			
GSE29618_PDC_VS_MDC_DAY7_FLU_VACCINE_DN	-0.310280160294438			
REACTOME_THE_ROLE_OF_NEF_IN_HIV_1_REPLICATION_AND_DISEASE_PATHOGENESIS	-0.31029348802148493			
HELLER_HDAC_TARGETS_DN	-0.31030172798854755			
GSE37301_HEMATOPOIETIC_STEM_CELL_VS_COMMON_LYMPHOID_PROGENITOR_DN	-0.3103035990462797			
GSE29164_UNTREATED_VS_CD8_TCELL_AND_IL12_TREATED_MELANOMA_DAY7_UP	-0.3103506494849898			
MIR3150B_3P	-0.3103539103163907			
GO_LIPOPOLYSACCHARIDE_MEDIATED_SIGNALING_PATHWAY	-0.31035678206231104			
GO_NEUTROPHIL_EXTRAVASATION	-0.3103577869623592			
GSE21670_TGFB_VS_IL6_TREATED_STAT3_KO_CD4_TCELL_DN	-0.3104242134630366			
GO_PRE_REPLICATIVE_COMPLEX_ASSEMBLY_INVOLVED_IN_CELL_CYCLE_DNA_REPLICATION	-0.31043456871728664			
MIR3144_5P	-0.31045278466339016			
HOXA9_DN.V1_UP	-0.31052880526893234			
GSE40274_CTRL_VS_XBP1_TRANSDUCED_ACTIVATED_CD4_TCELL_UP	-0.3105599963856932			
GSE3720_UNSTIM_VS_LPS_STIM_VD2_GAMMADELTA_TCELL_UP	-0.31057936191637786			
GO_POSITIVE_REGULATION_OF_PRODUCTION_OF_MOLECULAR_MEDIATOR_OF_IMMUNE_RESPONSE	-0.3106464907505737			
GSE11961_UNSTIM_VS_ANTI_IGM_AND_CD40_STIM_6H_FOLLICULAR_BCELL_DN	-0.3106875912622676			
GO_NUCLEAR_CHROMOSOME	-0.3107122262327868			
GO_MITOCHONDRIAL_CRISTA	-0.3107787656921613			
REACTOME_LEUKOTRIENE_RECEPTORS	-0.31082165844452286			
GO_PROTEIN_DNA_COMPLEX	-0.3108452996482804			
GSE22103_UNSTIM_VS_GMCSF_AND_IFNG_STIM_NEUTROPHIL_DN	-0.3108801282389787			
GSE10239_MEMORY_VS_DAY4.5_EFF_CD8_TCELL_UP	-0.3109280287798481			
GO_REGULATION_OF_ERYTHROCYTE_DIFFERENTIATION	-0.3109395069193962			
GO_REGULATION_OF_CARBOHYDRATE_BIOSYNTHETIC_PROCESS	-0.31095397744316544			
GSE40666_NAIVE_VS_EFFECTOR_CD8_TCELL_UP	-0.3110157341042692			
IPA_NFKB2_UP	-0.3110444904797125			
GSE27786_NKCELL_VS_ERYTHROBLAST_UP	-0.31104500472930174			
KEGG_CALCIUM_SIGNALING_PATHWAY	-0.3110682600754796			
GO_NEGATIVE_REGULATION_OF_HISTONE_H3_K9_METHYLATION	-0.3110881674166803			
GSE17186_BLOOD_VS_CORD_BLOOD_NAIVE_BCELL_DN	-0.3111032803963755			
MARKS_ACETYLATED_NON_HISTONE_PROTEINS	-0.31110784375411776			
MIR4784	-0.31110951712590373			
GO_5S_CLASS_RRNA_TRANSCRIPTION_BY_RNA_POLYMERASE_III	-0.31111679471730025			
GO_TRANSCRIPTION_FACTOR_TFIIIC_COMPLEX	-0.31111679471730025			
KAECH_DAY15_EFF_VS_MEMORY_CD8_TCELL_UP	-0.31115231191857			
GO_NATURAL_KILLER_CELL_ACTIVATION_INVOLVED_IN_IMMUNE_RESPONSE	-0.3112325498034445			
GSE36392_TYPE_2_MYELOID_VS_MAC_IL25_TREATED_LUNG_DN	-0.31124596270833293			
GSE9006_TYPE_1_VS_TYPE_2_DIABETES_PBMC_AT_DX_UP	-0.3112889897440767			
GO_LYSOZYME_ACTIVITY	-0.31129849376545754			
GSE25123_WT_VS_PPARG_KO_MACROPHAGE_IL4_AND_ROSIGLITAZONE_STIM_DN	-0.31130656614372904			
GO_REGULATION_OF_FC_GAMMA_RECEPTOR_SIGNALING_PATHWAY_INVOLVED_IN_PHAGOCYTOSIS	-0.31133524537087504			
GSE42021_CD24INT_TREG_VS_CD24INT_TCONV_THYMUS_UP	-0.31133691173477474			
GSE19888_ADENOSINE_A3R_ACT_VS_TCELL_MEMBRANES_ACT_IN_MAST_CELL_DN	-0.3113533434557968			
GO_TRANSFERASE_COMPLEX	-0.31140500600592874			
GO_GRANULOCYTE_COLONY_STIMULATING_FACTOR_PRODUCTION	-0.31146703094893635			
GO_G1_TO_G0_TRANSITION	-0.3115066245553047			
GSE17721_CTRL_VS_PAM3CSK4_0.5H_BMDC_UP	-0.3115354640147108			
GSE14415_FOXP3_KO_NATURAL_TREG_VS_TCONV_DN	-0.3115892970313526			
GO_NEGATIVE_REGULATION_OF_NF_KAPPAB_TRANSCRIPTION_FACTOR_ACTIVITY	-0.3116508451275561			
IPA_ARNTL_DN	-0.3116558477694496			
IPA_MTA2_DN	-0.3116558477694496			
GO_S_ADENOSYLMETHIONINE_DEPENDENT_METHYLTRANSFERASE_ACTIVITY	-0.31166374921290696			
CACGTTT_MIR302A	-0.3116685836750533			
GO_REGULATION_OF_LEUKOCYTE_MEDIATED_CYTOTOXICITY	-0.3116739008614968			
IPA_STAT2_DN	-0.31179494158008525			
GO_REGULATION_OF_REGULATED_SECRETORY_PATHWAY	-0.3117973525816885			
GSE22886_NAIVE_CD4_TCELL_VS_DC_UP	-0.31187377036888714			
REACTOME_LYSOSPHINGOLIPID_AND_LPA_RECEPTORS	-0.3118889995509257			
GSE2706_UNSTIM_VS_8H_LPS_DC_UP	-0.3119044627068675			
IPA_TAL1_DN	-0.31190639665368713			
GSE21774_CD62L_POS_CD56_BRIGHT_VS_CD62L_NEG_CD56_DIM_NK_CELL_UP	-0.31193205710282285			
PID_EPO_PATHWAY	-0.31201571655226534			
GO_DNA_DEMETHYLATION	-0.3120431310778966			
IPA_NFATC2_DN	-0.3120446993655556			
GO_PURINERGIC_NUCLEOTIDE_RECEPTOR_SIGNALING_PATHWAY	-0.3120805009954155			
RACTNNRTTTNC_UNKNOWN	-0.31210132139334135			
GO_MAST_CELL_GRANULE	-0.31218884635873173			
GO_REGULATION_OF_PHOSPHOLIPID_METABOLIC_PROCESS	-0.3122487278901394			
HOFFMANN_IMMATURE_TO_MATURE_B_LYMPHOCYTE_DN	-0.3122804723667498			
GSE17186_BLOOD_VS_CORD_BLOOD_CD21HIGH_TRANSITIONAL_BCELL_DN	-0.31232513266486844			
GSE14415_INDUCED_TREG_VS_FAILED_INDUCED_TREG_DN	-0.3123321398996399			
GO_PHAGOCYTIC_VESICLE	-0.3123467434917288			
GO_LEUKOCYTE_APOPTOTIC_PROCESS	-0.31235641323418994			
BIOCARTA_NEUTROPHIL_PATHWAY	-0.3123695983004359			
GSE12845_IGD_NEG_BLOOD_VS_NAIVE_TONSIL_BCELL_DN	-0.31239093645715305			
GSE17301_CTRL_VS_48H_ACD3_ACD28_IFNA5_STIM_CD8_TCELL_DN	-0.3124007698328567			
GSE360_HIGH_DOSE_B_MALAYI_VS_M_TUBERCULOSIS_DC_UP	-0.3124248719334381			
GO_LYMPHOCYTE_APOPTOTIC_PROCESS	-0.3124274791557375			
GO_POSITIVE_REGULATION_OF_ACTIVATED_T_CELL_PROLIFERATION	-0.3124656862533796			
MIR4722_5P	-0.31250234349047973			
GO_REGULATION_OF_PHAGOCYTOSIS	-0.31250959759727265			
GSE22886_NAIVE_TCELL_VS_NKCELL_UP	-0.3125660370649206			
VALK_AML_CLUSTER_16	-0.3125728546466293			
GO_U1_SNRNP	-0.3126885703081705			
GO_REGULATION_OF_LYMPHOCYTE_MIGRATION	-0.3126944916856116			
GSE40274_LEF1_VS_FOXP3_AND_LEF1_TRANSDUCED_ACTIVATED_CD4_TCELL_DN	-0.3127000988951457			
GSE21063_CTRL_VS_ANTI_IGM_STIM_BCELL_NFATC1_KO_16H_DN	-0.3127634340937676			
GO_IKAPPAB_KINASE_COMPLEX	-0.3127865699183922			
HELLER_HDAC_TARGETS_SILENCED_BY_METHYLATION_DN	-0.3127974176385417			
GSE3982_NEUTROPHIL_VS_TH2_UP	-0.3127975443685407			
GO_HISTONE_PRE_MRNA_3_END_PROCESSING_COMPLEX	-0.3128080137386867			
GO_INFLAMMATORY_RESPONSE_TO_ANTIGENIC_STIMULUS	-0.31285480898435897			
ZNF584_TARGET_GENES	-0.3128823786944965			
GO_NEGATIVE_REGULATION_OF_INTERLEUKIN_2_BIOSYNTHETIC_PROCESS	-0.31288421270012845			
GO_RNA_EXPORT_FROM_NUCLEUS	-0.3129430877758194			
DAIRKEE_CANCER_PRONE_RESPONSE_BPA_E2	-0.3129708656117216			
GO_CHROMATIN_BINDING	-0.3130017667350228			
KAUFFMANN_DNA_REPAIR_GENES	-0.31302928739280117			
GO_RESPIRATORY_BURST_INVOLVED_IN_DEFENSE_RESPONSE	-0.313044326085012			
GSE41867_DAY6_VS_DAY15_LCMV_ARMSTRONG_EFFECTOR_CD8_TCELL_DN	-0.31304529905541995			
GO_NEGATIVE_REGULATION_OF_TUMOR_NECROSIS_FACTOR_SUPERFAMILY_CYTOKINE_PRODUCTION	-0.31304867428710303			
GSE26669_CTRL_VS_COSTIM_BLOCK_MLR_CD4_TCELL_DN	-0.31308248990606263			
GSE19401_NAIVE_VS_IMMUNIZED_MOUSE_PLN_FOLLICULAR_DC_DN	-0.31309508560770816			
BIOCARTA_BAD_PATHWAY	-0.31310635532850906			
MIR4254	-0.3131749674594651			
GO_TRANSMEMBRANE_RECEPTOR_PROTEIN_TYROSINE_KINASE_ADAPTOR_ACTIVITY	-0.31318419634196215			
GSE15215_CD2_POS_VS_NEG_PDC_DN	-0.313195007875546			
LIAN_NEUTROPHIL_GRANULE_CONSTITUENTS	-0.3132122399976323			
MIR512_5P	-0.31321867104059614			
GO_REGULATION_OF_CD4_POSITIVE_ALPHA_BETA_T_CELL_ACTIVATION	-0.3132224855568294			
FERRANDO_T_ALL_WITH_MLL_ENL_FUSION_UP	-0.313235917278814			
HOLLEMAN_ASPARAGINASE_RESISTANCE_ALL_UP	-0.31325273095813577			
GO_REGULATORY_T_CELL_DIFFERENTIATION	-0.3132607148420942			
REACTOME_ADAPTIVE_IMMUNE_SYSTEM	-0.3133519460412678			
GO_RNA_STABILIZATION	-0.3133545442882591			
GSE7219_UNSTIM_VS_LPS_AND_ANTI_CD40_STIM_DC_DN	-0.31338768392079774			
GSE3337_4H_VS_16H_IFNG_IN_CD8POS_DC_DN	-0.31339174074460524			
GO_REGULATION_OF_INTERLEUKIN_12_SECRETION	-0.31339176629329685			
GO_IGE_BINDING	-0.3134307120442671			
GSE17812_WT_VS_THPOK_KO_MEMORY_CD8_TCELL_UP	-0.3134388166750246			
MARIADASON_RESPONSE_TO_BUTYRATE_SULINDAC_6	-0.3134672812888633			
BASSO_CD40_SIGNALING_DN	-0.31351857927054616			
GO_REGULATION_OF_INOSITOL_PHOSPHATE_BIOSYNTHETIC_PROCESS	-0.31352180204794167			
GSE10240_IL22_VS_IL22_AND_IL17_STIM_PRIMARY_BRONCHIAL_EPITHELIAL_CELLS_DN	-0.3135307785853147			
MAHADEVAN_IMATINIB_RESISTANCE_DN	-0.3135562988788666			
GSE9006_HEALTHY_VS_TYPE_2_DIABETES_PBMC_AT_DX_UP	-0.3135588083977114			
GSE10325_LUPUS_CD4_TCELL_VS_LUPUS_MYELOID_UP	-0.3135664273488331			
GO_INTERLEUKIN_1_BIOSYNTHETIC_PROCESS	-0.3135772299973285			
GO_INTERLEUKIN_1_BETA_BIOSYNTHETIC_PROCESS	-0.3135772299973285			
GO_HISTONE_H3_K36_METHYLATION	-0.3135860433004941			
GO_DOUBLE_STRANDED_DNA_BINDING	-0.31359097857163637			
ZNF404_TARGET_GENES	-0.313663971181994			
GO_REGULATION_OF_HISTONE_MODIFICATION	-0.3136877056706098			
GO_POSITIVE_REGULATION_OF_ISOTYPE_SWITCHING_TO_IGA_ISOTYPES	-0.3136915320710016			
ROSS_AML_WITH_AML1_ETO_FUSION	-0.3137304927894477			
GSE2770_IL12_VS_IL4_TREATED_ACT_CD4_TCELL_48H_DN	-0.313770824982642			
GSE10325_CD4_TCELL_VS_BCELL_UP	-0.31381138275256204			
GSE4984_GALECTIN1_VS_VEHICLE_CTRL_TREATED_DC_UP	-0.31387999529493454			
GO_MRNA_MODIFICATION	-0.3138898831644705			
GO_REPLISOME	-0.31397429511999303			
IPA_CEBPE_UP	-0.31402270535376275			
GSE11057_NAIVE_VS_CENT_MEMORY_CD4_TCELL_UP	-0.31407637204440453			
GSE2770_TGFB_AND_IL4_VS_IL12_TREATED_ACT_CD4_TCELL_6H_UP	-0.3140844570697626			
GSE1460_DP_VS_CD4_THYMOCYTE_UP	-0.31409508804389147			
GO_T_CELL_MIGRATION	-0.31410591355125334			
GO_T_CELL_PROLIFERATION_INVOLVED_IN_IMMUNE_RESPONSE	-0.3141086570241532			
GSE16522_ANTI_CD3CD28_STIM_VS_UNSTIM_MEMORY_CD8_TCELL_DN	-0.31412150469354005			
GO_CHROMOSOME_TELOMERIC_REGION	-0.3141257082605534			
GO_TRANSFERASE_ACTIVITY_TRANSFERRING_ONE_CARBON_GROUPS	-0.31415128441908086			
GO_NEGATIVE_REGULATION_OF_PROSTAGLANDIN_BIOSYNTHETIC_PROCESS	-0.3141780864137383			
GSE10325_LUPUS_BCELL_VS_LUPUS_MYELOID_UP	-0.3141823507473248			
GO_ESC_E_Z_COMPLEX	-0.3141953101368731			
BIOCARTA_SRCRPTP_PATHWAY	-0.31422081340939484			
E2F_Q3_01	-0.31431678479754926			
GSE2770_IL12_ACT_VS_ACT_CD4_TCELL_6H_DN	-0.3143330517910678			
GSE6092_UNSTIM_VS_IFNG_STIM_ENDOTHELIAL_CELL_DN	-0.31433726965975917			
MIR128_1_5P	-0.3143864259053009			
GSE33425_CD8_ALPHAALPHA_VS_ALPHABETA_CD161_HIGH_TCELL_DN	-0.31438952576118057			
MARSON_FOXP3_TARGETS_DN	-0.31439670521777957			
IPA_SRF_DN	-0.31440372096630337			
GO_NUCLEIC_ACID_PHOSPHODIESTER_BOND_HYDROLYSIS	-0.314416728029604			
GO_DNA_METABOLIC_PROCESS	-0.3144457677038445			
RPS14_DN.V1_UP	-0.3144689542085383			
GSE3982_MAC_VS_BCELL_DN	-0.3145968097226884			
GSE45365_NK_CELL_VS_BCELL_DN	-0.31467730092871876			
GSE36527_CD62L_HIGH_CD69_NEG_VS_CD62L_LOW_CD69_POS_TREG_KLRG1_NEG_UP	-0.31468886099782317			
GSE16385_MONOCYTE_VS_12H_IL4_TREATED_MACROPHAGE_DN	-0.3146924533974209			
GAZIN_EPIGENETIC_SILENCING_BY_KRAS	-0.3147261943451793			
GSE5589_WT_VS_IL10_KO_LPS_STIM_MACROPHAGE_180MIN_UP	-0.31474351436129067			
GSE21033_1H_VS_24H_POLYIC_STIM_DC_DN	-0.3147579885195599			
GO_THYMIC_T_CELL_SELECTION	-0.3147833059404734			
MORI_MATURE_B_LYMPHOCYTE_UP	-0.31479411617648806			
GSE7768_OVA_WITH_LPS_VS_OVA_WITH_MPL_IMMUNIZED_MOUSE_WHOLE_SPLEEN_6H_UP	-0.31484500676260735			
GO_LEUKOTRIENE_SIGNALING_PATHWAY	-0.3148474882470324			
GO_POSITIVE_REGULATION_OF_CD8_POSITIVE_ALPHA_BETA_T_CELL_ACTIVATION	-0.3149020643764438			
GO_H4_HISTONE_ACETYLTRANSFERASE_ACTIVITY	-0.31491909323115275			
GSE3982_MAC_VS_CENT_MEMORY_CD4_TCELL_DN	-0.3149292375899972			
REACTOME_CD28_DEPENDENT_VAV1_PATHWAY	-0.31494913813607595			
REACTOME_TRANSCRIPTIONAL_REGULATION_BY_E2F6	-0.3149650244623096			
GO_REGULATION_OF_DENDRITIC_CELL_DIFFERENTIATION	-0.3149680519973866			
GSE40068_CXCR5POS_BCL6POS_TFH_VS_CXCR5NEG_BCL6NEG_CD4_TCELL_UP	-0.3149929995630341			
GO_ANATOMICAL_STRUCTURE_REGRESSION	-0.3150032041587955			
GSE14000_4H_VS_16H_LPS_DC_UP	-0.31501055866417843			
GSE6674_ANTI_IGM_VS_CPG_STIM_BCELL_UP	-0.315033241446796			
GSE27786_BCELL_VS_NKCELL_UP	-0.31507198007550485			
REACTOME_POSITIVE_EPIGENETIC_REGULATION_OF_RRNA_EXPRESSION	-0.3150807786636827			
GO_IMMUNOGLOBULIN_RECEPTOR_ACTIVITY	-0.31516601638195607			
E2F1_Q3	-0.31520724019228974			
GSE24634_TREG_VS_TCONV_POST_DAY10_IL4_CONVERSION_UP	-0.31523097514793236			
GO_PROTEIN_METHYLTRANSFERASE_ACTIVITY	-0.31523932159465823			
GO_T_CELL_MEDIATED_IMMUNITY	-0.3152784460752924			
GO_T_CELL_RECEPTOR_SIGNALING_PATHWAY	-0.3152799386859809			
GSE34156_UNTREATED_VS_24H_TLR1_TLR2_LIGAND_TREATED_MONOCYTE_DN	-0.315313527276353			
GSE23568_ID3_KO_VS_WT_CD8_TCELL_DN	-0.31532979910937203			
PARK_TRETINOIN_RESPONSE	-0.3153517654684269			
GO_CHROMOSOME	-0.315369697845433			
GSE6259_FLT3L_INDUCED_33D1_POS_DC_VS_BCELL_DN	-0.3153825849080394			
HOLLEMAN_PREDNISOLONE_RESISTANCE_ALL_DN	-0.3154071956524488			
GO_POSITIVE_REGULATION_OF_MRNA_METABOLIC_PROCESS	-0.31542420876816074			
GO_ALPHA_BETA_T_CELL_RECEPTOR_COMPLEX	-0.3154581687146729			
GO_HISTONE_EXCHANGE	-0.31550880094959965			
CHAMP1_TARGET_GENES	-0.3156141925617303			
GSE29164_DAY3_VS_DAY7_UNTREATED_MELANOMA_UP	-0.3156719386167898			
GO_PURINERGIC_RECEPTOR_ACTIVITY	-0.31568567689708865			
GO_ISOTYPE_SWITCHING_TO_IGA_ISOTYPES	-0.3156878018427401			
GO_NEGATIVE_REGULATION_OF_IMMUNE_SYSTEM_PROCESS	-0.31581887820360854			
GSE6269_HEALTHY_VS_STAPH_PNEUMO_INF_PBMC_UP	-0.3158635468044369			
ATRX_TARGET_GENES	-0.31586908731098456			
GSE360_DC_VS_MAC_L_DONOVANI_DN	-0.3158832576676377			
GSE18791_CTRL_VS_NEWCASTLE_VIRUS_DC_2H_UP	-0.3158850457637407			
PARK_HSC_AND_MULTIPOTENT_PROGENITORS	-0.3158871618654074			
GO_POSITIVE_REGULATION_OF_ERYTHROCYTE_DIFFERENTIATION	-0.31590435775426257			
GO_T_CELL_ACTIVATION_VIA_T_CELL_RECEPTOR_CONTACT_WITH_ANTIGEN_BOUND_TO_MHC_MOLECULE_ON_ANTIGEN_PRESENTING_CELL	-0.31600064074885265			
REACTOME_RUNX1_REGULATES_TRANSCRIPTION_OF_GENES_INVOLVED_IN_BCR_SIGNALING	-0.31601438574529656			
GO_REGULATION_OF_HEPATIC_STELLATE_CELL_ACTIVATION	-0.31622230672132434			
GO_NUCLEOTIDE_RECEPTOR_ACTIVITY	-0.316250984773203			
GSE7459_UNTREATED_VS_IL6_TREATED_ACT_CD4_TCELL_UP	-0.3162904033545263			
GSE37301_CD4_TCELL_VS_GRANULOCYTE_MONOCYTE_PROGENITOR_DN	-0.31641074779835876			
REACTOME_DEADENYLATION_DEPENDENT_MRNA_DECAY	-0.31642215345485225			
IPA_E2F7_DN	-0.31643852875469464			
GO_PHOSPHATIDYLINOSITOL_3_KINASE_ACTIVITY	-0.3166097679901351			
GO_NEGATIVE_REGULATION_OF_LIPOPOLYSACCHARIDE_MEDIATED_SIGNALING_PATHWAY	-0.316614386609297			
IPA_MXI1_DN	-0.3166210647742378			
GO_REGULATION_OF_LEUKOCYTE_APOPTOTIC_PROCESS	-0.3166451755221908			
GSE14000_4H_VS_16H_LPS_DC_TRANSLATED_RNA_UP	-0.3167162811922553			
IPA_RUNX1_UP	-0.31677045204630966			
GO_U2_TYPE_SPLICEOSOMAL_COMPLEX	-0.3167856825663016			
GAL_LEUKEMIC_STEM_CELL_DN	-0.3167978906609206			
GO_LYSINE_N_ACETYLTRANSFERASE_ACTIVITY_ACTING_ON_ACETYL_PHOSPHATE_AS_DONOR	-0.3167979763022514			
GO_INDOLALKYLAMINE_METABOLIC_PROCESS	-0.31680003660988676			
GSE22886_NAIVE_TCELL_VS_NEUTROPHIL_UP	-0.31680038316327663			
GSE29618_PDC_VS_MDC_DN	-0.3168030887472785			
GO_POSITIVE_REGULATION_OF_CYTOKINE_PRODUCTION_INVOLVED_IN_INFLAMMATORY_RESPONSE	-0.31686009453632275			
GO_NUCLEAR_SPECK	-0.3168863966702644			
GSE20727_CTRL_VS_H2O2_TREATED_DC_UP	-0.31691112651195064			
GSE22601_CD4_SINGLE_POSITIVE_VS_CD8_SINGLE_POSITIVE_THYMOCYTE_DN	-0.31692151421775017			
GSE22443_NAIVE_VS_ACT_AND_IL12_TREATED_CD8_TCELL_UP	-0.3169248614832109			
GO_PURINERGIC_RECEPTOR_SIGNALING_PATHWAY	-0.3169797148308573			
GSE36476_CTRL_VS_TSST_ACT_40H_MEMORY_CD4_TCELL_YOUNG_UP	-0.31703576503823017			
GSE20366_EX_VIVO_VS_HOMEOSTATIC_CONVERSION_NAIVE_CD4_TCELL_UP	-0.3170474238670942			
GSE45365_NK_CELL_VS_BCELL_MCMV_INFECTION_UP	-0.31707993357136466			
GSE369_IFNG_KO_VS_WT_LIVER_UP	-0.317085755226985			
GO_TOLERANCE_INDUCTION	-0.3170978210683341			
GO_INOSITOL_PHOSPHATE_METABOLIC_PROCESS	-0.31712037108056373			
GO_MACROPHAGE_ACTIVATION	-0.31721179935385596			
GSE3720_UNSTIM_VS_PMA_STIM_VD2_GAMMADELTA_TCELL_UP	-0.3172315511518561			
MIKKELSEN_MEF_LCP_WITH_H3K27ME3	-0.3172388411341537			
GSE31082_DN_VS_CD8_SP_THYMOCYTE_DN	-0.3173078660869952			
chrXq11	-0.31733674756444047			
GSE36826_NORMAL_VS_STAPH_AUREUS_INF_IL1R_KO_SKIN_DN	-0.3173508949059032			
BIOCARTA_HSWI_SNF_PATHWAY	-0.3173552835651781			
GO_POSITIVE_REGULATION_OF_LYMPHOCYTE_MIGRATION	-0.3173663331765953			
GSE27786_LIN_NEG_VS_CD4_TCELL_DN	-0.31737665688149885			
GSE14415_FOXP3_KO_NATURAL_TREG_VS_TCONV_UP	-0.31738294864283334			
GO_IMMUNOLOGICAL_SYNAPSE	-0.3174033810254173			
GO_B_CELL_PROLIFERATION_INVOLVED_IN_IMMUNE_RESPONSE	-0.31741063772724437			
E2F1_Q6_01	-0.3174230055363786			
IPA_IRF7_DN	-0.31743967768662623			
GSE37532_WT_VS_PPARG_KO_LN_TREG_UP	-0.3175983195857312			
WILENSKY_RESPONSE_TO_DARAPLADIB	-0.31760383065180814			
GSE40274_FOXP3_VS_FOXP3_AND_XBP1_TRANSDUCED_ACTIVATED_CD4_TCELL_DN	-0.31763694889339356			
KRIGE_RESPONSE_TO_TOSEDOSTAT_6HR_UP	-0.31766649494080024			
GO_POSITIVE_REGULATION_OF_INTERLEUKIN_2_PRODUCTION	-0.31774320798156697			
GSE42088_UNINF_VS_LEISHMANIA_INF_DC_2H_DN	-0.31775656433884647			
GO_TACHYKININ_RECEPTOR_SIGNALING_PATHWAY	-0.3177811257412885			
GSE32901_NAIVE_VS_TH17_ENRICHED_CD4_TCELL_UP	-0.31778951050597526			
GSE7460_CD8_TCELL_VS_CD4_TCELL_ACT_UP	-0.31790416876344385			
WALLACE_PROSTATE_CANCER_RACE_UP	-0.3179115766466633			
GSE32986_UNSTIM_VS_GMCSF_AND_CURDLAN_LOWDOSE_STIM_DC_DN	-0.31794788998370316			
GO_ACTIN_POLYMERIZATION_DEPENDENT_CELL_MOTILITY	-0.31797573837914683			
GSE27786_LSK_VS_CD8_TCELL_DN	-0.317981578098694			
PYEON_HPV_POSITIVE_TUMORS_UP	-0.31799400728140004			
GO_N_METHYLTRANSFERASE_ACTIVITY	-0.31801617823824385			
GSE4748_CYANOBACTERIUM_LPSLIKE_VS_LPS_AND_CYANOBACTERIUM_LPSLIKE_STIM_DC_3H_UP	-0.31803214744016267			
GO_EXOCYTOSIS	-0.318075518145684			
GO_MYELOID_PROGENITOR_CELL_DIFFERENTIATION	-0.3181746304389225			
BIOCARTA_BIOPEPTIDES_PATHWAY	-0.31832550148057887			
GSE40274_CTRL_VS_SATB1_TRANSDUCED_ACTIVATED_CD4_TCELL_UP	-0.3183643944438363			
GSE24142_DN2_VS_DN3_THYMOCYTE_UP	-0.3184203247271711			
CDC73_TARGET_GENES	-0.31842091450230764			
GSE20754_WT_VS_TCF1_KO_MEMORY_CD8_TCELL_DN	-0.31843320166911127			
GUTIERREZ_CHRONIC_LYMPHOCYTIC_LEUKEMIA_UP	-0.31845428214354893			
GO_NEGATIVE_REGULATION_OF_SMOOTH_MUSCLE_CELL_CHEMOTAXIS	-0.3184562203098106			
GSE37605_C57BL6_VS_NOD_FOXP3_IRES_GFP_TREG_DN	-0.31851921004844524			
GO_HISTONE_H3_K4_TRIMETHYLATION	-0.31855005285980476			
GO_MUSCLE_HYPERPLASIA	-0.3185578076194333			
REACTOME_SUPPRESSION_OF_APOPTOSIS	-0.31858152159199576			
GSE20198_IL12_IL18_VS_IFNA_TREATED_ACT_CD4_TCELL_UP	-0.31863918521647966			
KRAS.PROSTATE_UP.V1_UP	-0.3186431450238497			
BIOCARTA_IL2_PATHWAY	-0.31867058955400934			
ESC_V6.5_UP_EARLY.V1_UP	-0.3186860037134481			
HDAC8_TARGET_GENES	-0.3186968702311083			
GSE3982_MAC_VS_NEUTROPHIL_DN	-0.3187100791724699			
GO_CELLULAR_RESPONSE_TO_LIGHT_STIMULUS	-0.3187161489336585			
PID_RB_1PATHWAY	-0.31872323209248754			
MIR7160_5P	-0.31872364182860585			
GO_REGULATION_OF_HUMORAL_IMMUNE_RESPONSE_MEDIATED_BY_CIRCULATING_IMMUNOGLOBULIN	-0.3187454559424506			
REACTOME_RUNX1_INTERACTS_WITH_CO_FACTORS_WHOSE_PRECISE_EFFECT_ON_RUNX1_TARGETS_IS_NOT_KNOWN	-0.31878344992991703			
PARK_APL_PATHOGENESIS_DN	-0.3188027478186046			
GSE339_CD4POS_VS_CD8POS_DC_UP	-0.3188068084645165			
GO_POSITIVE_REGULATION_OF_LEUKOCYTE_MEDIATED_IMMUNITY	-0.31883385891678995			
GO_IMMUNE_EFFECTOR_PROCESS	-0.31885503470673293			
GSE13738_RESTING_VS_BYSTANDER_ACTIVATED_CD4_TCELL_UP	-0.3188664234982812			
GSE34205_HEALTHY_VS_RSV_INF_INFANT_PBMC_UP	-0.3189628804188003			
BIOCARTA_THELPER_PATHWAY	-0.3189661081980942			
REACTOME_SUMOYLATION_OF_CHROMATIN_ORGANIZATION_PROTEINS	-0.3189697365679494			
GO_POSITIVE_REGULATION_OF_CD4_POSITIVE_ALPHA_BETA_T_CELL_ACTIVATION	-0.3190025398907935			
GO_HISTONE_ACETYLTRANSFERASE_ACTIVITY_H4_K5_SPECIFIC	-0.31907060514864805			
TNCATNTCCYR_UNKNOWN	-0.31908795748389024			
E2F1_Q4_01	-0.3190897864931488			
GSE13547_CTRL_VS_ANTI_IGM_STIM_ZFX_KO_BCELL_2H_UP	-0.3191088612765262			
CHAUHAN_RESPONSE_TO_METHOXYESTRADIOL_DN	-0.3191960297094461			
GSE36527_CD69_NEG_VS_POS_TREG_CD62L_LOS_KLRG1_NEG_DN	-0.3192157347348948			
GO_NEGATIVE_REGULATION_OF_CHROMOSOME_ORGANIZATION	-0.31923470300111345			
GSE40274_FOXP3_VS_FOXP3_AND_SATB1_TRANSDUCED_ACTIVATED_CD4_TCELL_DN	-0.319290871829209			
GO_LYMPHOID_PROGENITOR_CELL_DIFFERENTIATION	-0.31936233777844947			
GSE3720_LPS_VS_PMA_STIM_VD1_GAMMADELTA_TCELL_DN	-0.31945467804929173			
VALK_AML_CLUSTER_5	-0.3195142534354883			
GO_IMMUNOGLOBULIN_COMPLEX	-0.3195579660217563			
GO_PHOSPHATIDYLINOSITOL_BISPHOSPHATE_KINASE_ACTIVITY	-0.31966739587941057			
MIR219B_3P	-0.31967656738056516			
GO_HISTONE_DEUBIQUITINATION	-0.31973590539187624			
GO_POSITIVE_REGULATION_OF_MAST_CELL_ACTIVATION	-0.31975796184303107			
ZNF589_TARGET_GENES	-0.3198143403633113			
GSE28237_EARLY_VS_LATE_GC_BCELL_DN	-0.3198447534675471			
XU_GH1_EXOGENOUS_TARGETS_UP	-0.3198806439902435			
GSE41867_DAY6_EFFECTOR_VS_DAY30_MEMORY_CD8_TCELL_LCMV_ARMSTRONG_DN	-0.3198955039789616			
GO_POSITIVE_REGULATION_OF_MRNA_PROCESSING	-0.31996651189869907			
GSE9960_HEALTHY_VS_GRAM_NEG_SEPSIS_PBMC_UP	-0.3199699269424713			
GO_T_CELL_HOMEOSTASIS	-0.3199781723894088			
IPA_HOXA10_DN	-0.32000339592548693			
GSE24671_CTRL_VS_SENDAI_VIRUS_INFECTED_MOUSE_SPLENOCYTES_UP	-0.3200087405421579			
NEMETH_INFLAMMATORY_RESPONSE_LPS_UP	-0.32002801984430074			
GSE19941_UNSTIM_VS_LPS_STIM_IL10_KO_NFKBP50_KO_MACROPHAGE_UP	-0.3200322545138675			
RUTELLA_RESPONSE_TO_CSF2RB_AND_IL4_DN	-0.320042560277057			
IPA_SATB1_DN	-0.3200469309939274			
GO_SITE_OF_DOUBLE_STRAND_BREAK	-0.3200799605647643			
REACTOME_RNA_POLYMERASE_I_TRANSCRIPTION_INITIATION	-0.3200834511350829			
GSE12845_IGD_POS_BLOOD_VS_NAIVE_TONSIL_BCELL_DN	-0.32009671553924424			
GSE3982_MAC_VS_EFF_MEMORY_CD4_TCELL_DN	-0.32015806618577275			
GSE22886_NAIVE_CD4_TCELL_VS_NEUTROPHIL_UP	-0.32018799724572133			
IPA_KLF3_UP	-0.32018992507360167			
CHYLA_CBFA2T3_TARGETS_UP	-0.32019784291118186			
GO_INTRINSIC_COMPONENT_OF_NUCLEAR_INNER_MEMBRANE	-0.3202307769932718			
GSE5503_PLN_DC_VS_SPLEEN_DC_ACTIVATED_ALLOGENIC_TCELL_DN	-0.3203311526414094			
GO_ERYTHROCYTE_HOMEOSTASIS	-0.3203932129878225			
E2F4DP1_01	-0.3204182926669482			
IPA_NFIX_DN	-0.3204458714693633			
GSE2770_TGFB_AND_IL4_VS_IL12_TREATED_ACT_CD4_TCELL_2H_UP	-0.3204856740353174			
GSE7218_UNSTIM_VS_ANTIGEN_STIM_THROUGH_IGG_BCELL_DN	-0.3204955949565371			
GO_HISTONE_H4_K16_ACETYLATION	-0.3205669202352624			
REACTOME_CD22_MEDIATED_BCR_REGULATION	-0.3206181233613885			
GSE3982_EOSINOPHIL_VS_MAST_CELL_UP	-0.32062684047269546			
GO_POSITIVE_REGULATION_OF_B_CELL_DIFFERENTIATION	-0.32072302824521104			
GO_SEQUENCE_SPECIFIC_DNA_BINDING	-0.3207372633788975			
GSE21927_C26GM_VS_4T1_TUMOR_MONOCYTE_BALBC_DN	-0.32080544543703			
REACTOME_CHROMATIN_MODIFYING_ENZYMES	-0.3208371955645941			
WU_HBX_TARGETS_3_UP	-0.3208422307391418			
GSE6674_PL2_3_VS_ANTI_IGM_AND_CPG_STIM_BCELL_UP	-0.3208679023366732			
YBX1_TARGET_GENES	-0.3208753670034718			
YANG_BCL3_TARGETS_DN	-0.3209319699595102			
GSE13229_IMM_VS_INTMATURE_NKCELL_DN	-0.3209547054473125			
GO_DENDRITIC_CELL_DIFFERENTIATION	-0.3209797395304974			
GSE2706_2H_VS_8H_LPS_STIM_DC_UP	-0.32098958443591946			
GO_HISTONE_H3_K9_MODIFICATION	-0.320990460441332			
GO_SPECIFIC_GRANULE	-0.32099134349198144			
GO_HISTONE_H3_ACETYLATION	-0.3209951748524206			
GO_METHYLTRANSFERASE_COMPLEX	-0.32108773502057175			
REACTOME_DAP12_SIGNALING	-0.3211165110218441			
GSE27291_0H_VS_6H_STIM_GAMMADELTA_TCELL_UP	-0.32114758993183007			
GO_MRNA_EXPORT_FROM_NUCLEUS	-0.3211844566594078			
GSE10239_NAIVE_VS_DAY4.5_EFF_CD8_TCELL_UP	-0.3211894701488915			
GSE35825_UNTREATED_VS_IFNG_STIM_MACROPHAGE_DN	-0.32119998674491546			
IPA_MYB_DN	-0.3214342172722573			
GSE37533_PPARG1_FOXP3_VS_PPARG2_FOXP3_TRANSDUCED_CD4_TCELL_UP	-0.32145141936865806			
GO_CHROMOSOME_ORGANIZATION	-0.32147674643649554			
GO_PERICENTRIC_HETEROCHROMATIN	-0.32149439469302776			
GSE10325_CD4_TCELL_VS_MYELOID_DN	-0.32158069729063626			
GO_REGULATION_OF_INTERLEUKIN_4_PRODUCTION	-0.32162966665798715			
GO_ENDONUCLEASE_ACTIVITY	-0.3216516668663137			
GSE27786_LIN_NEG_VS_CD8_TCELL_DN	-0.3217266853433385			
ZHENG_FOXP3_TARGETS_IN_THYMUS_UP	-0.3217740087272391			
IPA_VAV1_DN	-0.3218228999617166			
GSE28237_FOLLICULAR_VS_EARLY_GC_BCELL_UP	-0.3218273781205482			
BIOCARTA_ERK5_PATHWAY	-0.32185073117804397			
GSE46606_IRF4HIGH_VS_WT_CD40L_IL2_IL5_DAY1_STIMULATED_BCELL_UP	-0.32192139228741123			
REACTOME_INFECTION_WITH_MYCOBACTERIUM_TUBERCULOSIS	-0.3219847023925466			
PID_BCR_5PATHWAY	-0.3219939225127009			
GO_NEGATIVE_REGULATION_OF_B_CELL_ACTIVATION	-0.322021895379078			
E2F1_Q6	-0.3220297650240442			
GO_SM_LIKE_PROTEIN_FAMILY_COMPLEX	-0.32203903839348935			
SOX15_TARGET_GENES	-0.32206265007789836			
GO_POSITIVE_REGULATION_OF_CD4_POSITIVE_ALPHA_BETA_T_CELL_DIFFERENTIATION	-0.3220962819965585			
GO_POSITIVE_REGULATION_OF_FC_RECEPTOR_MEDIATED_STIMULATORY_SIGNALING_PATHWAY	-0.32213685856412344			
GRAHAM_CML_QUIESCENT_VS_CML_DIVIDING_DN	-0.3221399936107647			
GSE22886_NAIVE_CD8_TCELL_VS_DC_UP	-0.322147847110488			
SIG_PIP3_SIGNALING_IN_B_LYMPHOCYTES	-0.3221847785027053			
GO_CELL_KILLING	-0.32230093213455535			
GSE15733_BM_VS_SPLEEN_MEMORY_CD4_TCELL_UP	-0.3223270304628821			
PRC2_EZH2_UP.V1_DN	-0.3223462828772635			
GSE360_L_MAJOR_VS_B_MALAYI_LOW_DOSE_MAC_DN	-0.3223532340986151			
GO_LIPOPROTEIN_LOCALIZATION	-0.3223857767524355			
ZHAN_MULTIPLE_MYELOMA_CD1_UP	-0.32242263415145744			
GSE16450_IMMATURE_VS_MATURE_NEURON_CELL_LINE_12H_IFNA_STIM_UP	-0.32244941881241673			
POOLA_INVASIVE_BREAST_CANCER_UP	-0.32247669373461574			
KEGG_HEMATOPOIETIC_CELL_LINEAGE	-0.32263122434963915			
GSE21774_CD62L_POS_CD56_DIM_VS_CD62L_NEG_CD56_DIM_NK_CELL_UP	-0.3227140375903582			
GO_CELLULAR_DEFENSE_RESPONSE	-0.3227370429949781			
GSE30971_CTRL_VS_LPS_STIM_MACROPHAGE_WBP7_KO_2H_DN	-0.3227548193994241			
GSE17721_POLYIC_VS_PAM3CSK4_2H_BMDC_UP	-0.322758466623623			
GSE22886_NAIVE_BCELL_VS_NEUTROPHIL_DN	-0.32277672057446644			
GSE40068_BCL6_POS_VS_NEG_CXCR5_POS_TFH_DN	-0.32283341339258226			
BIOCARTA_LYMPHOCYTE_PATHWAY	-0.3228761983629174			
GSE20484_MCSG_VS_CXCL4_MONOCYTE_DERIVED_MACROPHAGE_DN	-0.3228816561162016			
HAHTOLA_SEZARY_SYNDROM_UP	-0.3228938476497919			
GO_TRANSCRIPTIONAL_REPRESSOR_COMPLEX	-0.32289453993185363			
GO_AZUROPHIL_GRANULE_LUMEN	-0.32290595036442443			
QI_PLASMACYTOMA_UP	-0.32291146341498855			
GSE2405_0H_VS_12H_A_PHAGOCYTOPHILUM_STIM_NEUTROPHIL_UP	-0.32295550608584356			
MIR6823_3P	-0.32296196519372933			
GSE14308_NAIVE_CD4_TCELL_VS_INDUCED_TREG_UP	-0.3229744802765685			
GSE20715_0H_VS_6H_OZONE_TLR4_KO_LUNG_UP	-0.32298125686784274			
GSE2405_0H_VS_24H_A_PHAGOCYTOPHILUM_STIM_NEUTROPHIL_UP	-0.32306720829608077			
REACTOME_DAP12_INTERACTIONS	-0.323105816894504			
GO_PEPTIDYL_LYSINE_MODIFICATION	-0.3231248528638956			
PID_THROMBIN_PAR1_PATHWAY	-0.3231483896812448			
GO_POLY_A_SPECIFIC_RIBONUCLEASE_ACTIVITY	-0.3232138081377772			
GO_REGULATION_OF_MEGAKARYOCYTE_DIFFERENTIATION	-0.3232424255193176			
GO_NCRNA_CATABOLIC_PROCESS	-0.3232713436869089			
E2F_Q3	-0.32329359356332504			
GSE17301_CTRL_VS_48H_ACD3_ACD28_IFNA2_STIM_CD8_TCELL_DN	-0.3233044419091368			
GO_CARDIAC_CHAMBER_FORMATION	-0.32336668968057963			
GO_TERTIARY_GRANULE	-0.3234346841485418			
GO_P_BODY	-0.32344729001138384			
GO_REGULATION_OF_GRANULOCYTE_DIFFERENTIATION	-0.32347757522288784			
GSE40666_NAIVE_VS_EFFECTOR_CD8_TCELL_WITH_IFNA_STIM_90MIN_DN	-0.323490668267884			
GSE22527_ANTI_CD3_INVIVO_VS_UNTREATED_MOUSE_TREG_DN	-0.3235023051135977			
GO_SINGLE_STRAND_BREAK_REPAIR	-0.3235658567101007			
GO_INTERLEUKIN_4_PRODUCTION	-0.3235975576573586			
E2F_Q6_01	-0.32364692342682594			
GO_POSITIVE_REGULATION_OF_PROTEIN_LOCALIZATION_TO_CELL_SURFACE	-0.323676978655859			
GO_SH3_SH2_ADAPTOR_ACTIVITY	-0.323748989257214			
REACTOME_GROWTH_HORMONE_RECEPTOR_SIGNALING	-0.3237490847569295			
GSE41867_DAY6_EFFECTOR_VS_DAY30_MEMORY_CD8_TCELL_LCMV_ARMSTRONG_UP	-0.3237804411223435			
GSE21546_UNSTIM_VS_ANTI_CD3_STIM_SAP1A_KO_AND_ELK1_KO_DP_THYMOCYTES_DN	-0.3237916900720522			
GSE11961_MARGINAL_ZONE_BCELL_VS_PLASMA_CELL_DAY7_UP	-0.3238054903137302			
GSE6269_FLU_VS_STAPH_AUREUS_INF_PBMC_UP	-0.32383789495275234			
GSE40225_WT_VS_RIP_B7X_DIABETIC_MOUSE_PANCREATIC_CD8_TCELL_UP	-0.3238515400821711			
GSE29164_DAY3_VS_DAY7_CD8_TCELL_AND_IL12_TREATED_MELANOMA_UP	-0.3238515476344186			
GSE36392_MAC_VS_NEUTROPHIL_IL25_TREATED_LUNG_UP	-0.32386821537295524			
GSE13484_UNSTIM_VS_12H_YF17D_VACCINE_STIM_PBMC_UP	-0.3238732199862168			
GO_POSITIVE_REGULATION_OF_CELL_PROLIFERATION_INVOLVED_IN_HEART_MORPHOGENESIS	-0.32387755989292777			
GO_REGULATION_OF_PRODUCTION_OF_MOLECULAR_MEDIATOR_OF_IMMUNE_RESPONSE	-0.32392592305305773			
GSE22601_DOUBLE_POSITIVE_VS_CD8_SINGLE_POSITIVE_THYMOCYTE_UP	-0.32392595023258886			
GO_DNA_DEPENDENT_ATPASE_ACTIVITY	-0.3239532661698861			
GO_POSITIVE_REGULATION_OF_HISTONE_METHYLATION	-0.323967013277967			
GO_B_CELL_APOPTOTIC_PROCESS	-0.3240200295049438			
GSE7509_UNSTIM_VS_FCGRIIB_STIM_DC_DN	-0.32402802532135516			
GSE12845_IGD_POS_VS_NEG_BLOOD_BCELL_UP	-0.3240508749294611			
GSE26495_PD1HIGH_VS_PD1LOW_CD8_TCELL_UP	-0.32405428458258206			
GO_NUCLEAR_HETEROCHROMATIN	-0.32405586536284314			
GO_FC_RECEPTOR_MEDIATED_STIMULATORY_SIGNALING_PATHWAY	-0.32408532677299967			
GO_NUCLEASE_ACTIVITY	-0.32417430046578133			
GSE5503_MLN_DC_VS_SPLEEN_DC_ACTIVATED_ALLOGENIC_TCELL_UP	-0.32417850435674733			
GSE7460_CD8_TCELL_VS_TREG_ACT_UP	-0.32424538105331707			
GO_POSITIVE_REGULATION_OF_OSTEOCLAST_DEVELOPMENT	-0.3242921354187025			
GSE10325_CD4_TCELL_VS_LUPUS_CD4_TCELL_UP	-0.3242927900364596			
GO_INTERKINETIC_NUCLEAR_MIGRATION	-0.32437708593574677			
GSE16450_CTRL_VS_IFNA_6H_STIM_IMMATURE_NEURON_CELL_LINE_DN	-0.3243852646884969			
MIR653_5P	-0.32442277600721325			
GO_HISTONE_METHYLTRANSFERASE_ACTIVITY	-0.32444873696214505			
YAGI_AML_WITH_11Q23_REARRANGED	-0.32447345449313686			
MORI_LARGE_PRE_BII_LYMPHOCYTE_DN	-0.3244763067157072			
GO_NEGATIVE_REGULATION_OF_DOUBLE_STRAND_BREAK_REPAIR_VIA_HOMOLOGOUS_RECOMBINATION	-0.32448706583767783			
GSE46606_UNSTIM_VS_CD40L_IL2_IL5_3DAY_STIMULATED_IRF4MID_SORTED_BCELL_UP	-0.3245630081313987			
GSE24726_WT_VS_E2_2_KO_PDC_DAY6_POST_DELETION_DN	-0.32461778107899186			
BIOCARTA_SARS_PATHWAY	-0.3247100612619944			
GSE22886_CD8_TCELL_VS_BCELL_NAIVE_UP	-0.3248350832438926			
GSE3982_MEMORY_CD4_TCELL_VS_BCELL_DN	-0.32486049627225627			
GO_HISTONE_H3_K9_METHYLATION	-0.32490490813035133			
GSE2706_UNSTIM_VS_8H_LPS_AND_R848_DC_UP	-0.3249253084277844			
REACTOME_PHASE_3_RAPID_REPOLARISATION	-0.32492665588588643			
GSE41867_LCMV_ARMSTRONG_VS_CLONE13_DAY15_EFFECTOR_CD8_TCELL_UP	-0.3249700732350196			
BIOCARTA_NO2IL12_PATHWAY	-0.32497604193592616			
GO_TRANSCRIPTION_EXPORT_COMPLEX	-0.3250193789792337			
GO_NPBAF_COMPLEX	-0.32514086023840916			
GSE19888_ADENOSINE_A3R_INH_VS_ACT_IN_MAST_CELL_DN	-0.32515894820429425			
E2F_Q4	-0.3251775064111641			
GO_MYELOID_DENDRITIC_CELL_ACTIVATION	-0.32518251445411456			
GO_NEGATIVE_REGULATION_OF_T_CELL_MEDIATED_CYTOTOXICITY	-0.3252099535953691			
IPA_ZFPM1_DN	-0.32521907796824373			
GO_POSITIVE_REGULATION_OF_IMMUNE_SYSTEM_PROCESS	-0.3252203433297586			
GSE3565_CTRL_VS_LPS_INJECTED_DUSP1_KO_SPLENOCYTES_DN	-0.3252317081978138			
GSE32986_CURDLAN_LOWDOSE_VS_CURDLAN_HIGHDOSE_STIM_DC_UP	-0.32525003811659775			
GSE6566_STRONG_VS_WEAK_DC_STIMULATED_CD4_TCELL_DN	-0.32529063146403747			
PID_ATM_PATHWAY	-0.325403932739126			
GSE13229_MATURE_VS_INTMATURE_NKCELL_DN	-0.32543466382956987			
GSE7568_CTRL_VS_24H_TGFB_TREATED_MACROPHAGES_WITH_IL4_AND_DEXAMETHASONE_UP	-0.325446347933897			
GSE3982_CTRL_VS_LPS_4H_MAC_UP	-0.32546065136344654			
GSE10147_IL3_VS_IL3_AND_HIVP17_STIM_PDC_UP	-0.3254680836178137			
GSE5679_RARA_AGONIST_AM580_VS_AM580_AND_ROSIGLITAZONE_TREATED_DC_DN	-0.32552928493680144			
REACTOME_SIGNALING_BY_SCF_KIT	-0.32558709565734817			
GO_HEMATOPOIETIC_PROGENITOR_CELL_DIFFERENTIATION	-0.32560318326190546			
BIOCARTA_SET_PATHWAY	-0.3256365517427088			
GSE339_EX_VIVO_VS_IN_CULTURE_CD4CD8DN_DC_UP	-0.3256531776327586			
GO_HISTONE_DEACETYLASE_COMPLEX	-0.3256550432172598			
GSE5589_UNSTIM_VS_180MIN_LPS_AND_IL10_STIM_MACROPHAGE_DN	-0.3256678918623471			
GSE13306_RA_VS_UNTREATED_TREG_UP	-0.32573381675045837			
IPA_CHD4_UP	-0.32575827451723294			
IPA_SRCAP_UP	-0.32576020443106823			
MIR6775_5P	-0.32577564626660654			
REACTOME_PROCESSING_OF_CAPPED_INTRON_CONTAINING_PRE_MRNA	-0.3257864054677023			
GO_REGULATION_OF_LYMPHOCYTE_DIFFERENTIATION	-0.325795641006319			
GO_REGULATION_OF_HEMOPOIESIS	-0.3258772117238584			
REACTOME_NEUTROPHIL_DEGRANULATION	-0.32596375736423855			
E2F_Q6	-0.3259938535340065			
GO_SET1C_COMPASS_COMPLEX	-0.3260625412649148			
GSE20152_HTNFA_OVERXPRESS_ANKLE_VS_CTRL_SPHK1_KO_ANKLE_DN	-0.3260733029966451			
ABRAMSON_INTERACT_WITH_AIRE	-0.32619594993527906			
KASLER_HDAC7_TARGETS_2_UP	-0.3263257514593107			
GO_CYTOKINE_PRODUCTION_INVOLVED_IN_INFLAMMATORY_RESPONSE	-0.32632767696807874			
REACTOME_IRAK4_DEFICIENCY_TLR2_4	-0.3263494911826318			
PARK_HSC_VS_MULTIPOTENT_PROGENITORS_UP	-0.3263519374321909			
ZHENG_FOXP3_TARGETS_IN_T_LYMPHOCYTE_DN	-0.32636060200925693			
GO_SECRETORY_GRANULE_MEMBRANE	-0.3263778633544902			
GSE8868_SPLEEN_VS_INTESTINE_CD11B_POS_CD11C_NEG_DC_UP	-0.3263814122557191			
RGAGGAARY_PU1_Q6	-0.32645119451330196			
IPA_USF2_UP	-0.326471672542194			
MIR128_2_5P	-0.3264961260322472			
GO_TRANSFERASE_COMPLEX_TRANSFERRING_PHOSPHORUS_CONTAINING_GROUPS	-0.3265114449582422			
GO_G_PROTEIN_COUPLED_RECEPTOR_KINASE_ACTIVITY	-0.32663657671999946			
GO_BONE_CELL_DEVELOPMENT	-0.3267227226608088			
JISON_SICKLE_CELL_DISEASE_DN	-0.3268175382034707			
GO_REGULATION_OF_TRANSCRIPTION_OF_NUCLEOLAR_LARGE_RRNA_BY_RNA_POLYMERASE_I	-0.3268490102271191			
REACTOME_FCGR3A_MEDIATED_IL10_SYNTHESIS	-0.3268794830236249			
SMIRNOV_RESPONSE_TO_IR_6HR_DN	-0.3268963990133973			
GO_POSITIVE_REGULATION_OF_MHC_CLASS_II_BIOSYNTHETIC_PROCESS	-0.326897902960822			
GO_COMPLEMENT_COMPONENT_C3B_BINDING	-0.32690210335791525			
GSE40274_CTRL_VS_LEF1_TRANSDUCED_ACTIVATED_CD4_TCELL_UP	-0.32692162694555266			
GO_REGULATION_OF_HISTONE_H3_K36_METHYLATION	-0.32696526809128645			
GSE25085_FETAL_LIVER_VS_ADULT_BM_SP4_THYMIC_IMPLANT_DN	-0.32701067334669787			
GO_PEPTIDYL_LYSINE_ACETYLATION	-0.327022419448058			
GARY_CD5_TARGETS_UP	-0.32702802584620716			
GO_INTERLEUKIN_4_MEDIATED_SIGNALING_PATHWAY	-0.32706910231013236			
GSE10325_CD4_TCELL_VS_MYELOID_UP	-0.32707144903020985			
GSE369_PRE_VS_POST_IL6_INJECTION_SOCS3_KO_LIVER_DN	-0.32708632674827803			
GO_NEGATIVE_REGULATION_OF_MONOCYTE_DIFFERENTIATION	-0.32711309355004325			
GSE3920_UNTREATED_VS_IFNA_TREATED_ENDOTHELIAL_CELL_DN	-0.3271410759800216			
GO_POSITIVE_REGULATION_OF_PROTEIN_DEPHOSPHORYLATION	-0.32715391544358496			
CHIARETTI_T_ALL_RELAPSE_PROGNOSIS	-0.3271628614821501			
ONO_FOXP3_TARGETS_DN	-0.32717585849156705			
GO_MYD88_DEPENDENT_TOLL_LIKE_RECEPTOR_SIGNALING_PATHWAY	-0.3271768836303608			
TARTE_PLASMA_CELL_VS_B_LYMPHOCYTE_DN	-0.3271800311192851			
GSE41176_UNSTIM_VS_ANTI_IGM_STIM_BCELL_1H_DN	-0.3271869341878526			
GO_NATURAL_KILLER_CELL_ACTIVATION	-0.32723322809766625			
REACTOME_IMMUNOREGULATORY_INTERACTIONS_BETWEEN_A_LYMPHOID_AND_A_NON_LYMPHOID_CELL	-0.32731244866695264			
GSE45365_NK_CELL_VS_CD8_TCELL_MCMV_INFECTION_UP	-0.3273129756663122			
GO_PML_BODY	-0.3273396523231691			
IPA_FLI1_UP	-0.32739188151674126			
GSE30962_ACUTE_VS_CHRONIC_LCMV_PRIMARY_INF_CD8_TCELL_UP	-0.3274511871359762			
MIR1468_5P	-0.3274521276724519			
GO_INTERLEUKIN_2_BINDING	-0.32746261790333225			
GSE10211_UV_INACT_SENDAI_VS_LIVE_SENDAI_VIRUS_TRACHEAL_EPITHELIAL_CELLS_UP	-0.32747643433396634			
GO_RESPONSE_TO_ATP	-0.3275095077004296			
BIOCARTA_CHEMICAL_PATHWAY	-0.32760486070392103			
GO_RESPONSE_TO_INTERLEUKIN_3	-0.32762991653695556			
GSE21927_SPLEEN_C57BL6_VS_EL4_TUMOR_BALBC_MONOCYTES_UP	-0.3277759321355155			
GSE42088_2H_VS_24H_LEISHMANIA_INF_DC_UP	-0.3278113747647384			
GO_REGULATION_OF_CD8_POSITIVE_ALPHA_BETA_T_CELL_DIFFERENTIATION	-0.32782686422160934			
GO_CD8_POSITIVE_ALPHA_BETA_T_CELL_DIFFERENTIATION	-0.32785574197895			
GSE16522_ANTI_CD3CD28_STIM_VS_UNSTIM_NAIVE_CD8_TCELL_DN	-0.3278606731319065			
GO_POSITIVE_REGULATION_OF_IMMUNE_RESPONSE	-0.32786638603016827			
GSE28726_ACT_CD4_TCELL_VS_ACT_NKTCELL_DN	-0.3278737283297622			
GO_CATALYTIC_STEP_2_SPLICEOSOME	-0.32789202212821017			
GSE20500_CTRL_VS_RETINOIC_ACID_TREATED_CD4_TCELL_UP	-0.3278997877756451			
GO_REGULATION_OF_CHROMATIN_ORGANIZATION	-0.327903760960775			
GSE33374_CD8_ALPHAALPHA_VS_ALPHABETA_CD161_HIGH_TCELL_DN	-0.3279301619222885			
GSE29618_PDC_VS_MDC_DAY7_FLU_VACCINE_UP	-0.32793433903358105			
HALLMARK_ALLOGRAFT_REJECTION	-0.3279629411167974			
GO_REGULATION_OF_IMMUNE_SYSTEM_PROCESS	-0.3280097413081751			
NFMUE1_Q6	-0.3280646095431497			
GENTLES_LEUKEMIC_STEM_CELL_DN	-0.3280687749891325			
GO_POSITIVE_REGULATION_OF_PHOSPHOPROTEIN_PHOSPHATASE_ACTIVITY	-0.32807954590286403			
GSE3982_DC_VS_EFF_MEMORY_CD4_TCELL_DN	-0.32808937117889264			
GSE41867_NAIVE_VS_DAY8_LCMV_EFFECTOR_CD8_TCELL_DN	-0.3281212284245983			
GSE27859_MACROPHAGE_VS_CD11C_INT_F480_HI_MACROPHAGE_DN	-0.3281511818299235			
GSE20727_CTRL_VS_H2O2_TREATED_DC_DN	-0.32816395490131123			
GSE22432_PDC_VS_TGFB1_TREATEDCOMMON_DC_PROGENITOR_DN	-0.3281710359977286			
GSE22033_UNTREATED_VS_ROSIGLITAZONE_TREATED_MEF_UP	-0.3281772071883274			
GO_MATURE_B_CELL_DIFFERENTIATION_INVOLVED_IN_IMMUNE_RESPONSE	-0.3282296903441097			
IPA_HES1_DN	-0.32823555073077665			
BIOCARTA_CCR5_PATHWAY	-0.32826162736016484			
GO_RNA_DECAPPING	-0.3282691429529909			
GSE3982_EOSINOPHIL_VS_CENT_MEMORY_CD4_TCELL_UP	-0.3283336494328155			
GSE7568_IL4_TGFB_DEXAMETHASONE_VS_IL4_TGFB_TREATED_MACROPHAGE_DN	-0.3283522304797211			
KEGG_FC_GAMMA_R_MEDIATED_PHAGOCYTOSIS	-0.3283530354733379			
GO_NATURAL_KILLER_CELL_MEDIATED_IMMUNITY	-0.32835338477909437			
GSE40274_CTRL_VS_FOXP3_AND_HELIOS_TRANSDUCED_ACTIVATED_CD4_TCELL_UP	-0.328373641052121			
GO_SEROTONIN_SECRETION	-0.32840361634305104			
HOFMANN_MYELODYSPLASTIC_SYNDROM_HIGH_RISK_DN	-0.328414544591304			
GSE34156_NOD2_LIGAND_VS_TLR1_TLR2_LIGAND_24H_TREATED_MONOCYTE_DN	-0.3284647784642907			
GO_SMALL_NUCLEAR_RIBONUCLEOPROTEIN_COMPLEX	-0.32854338572918423			
GRESHOCK_CANCER_COPY_NUMBER_UP	-0.3285640007021262			
REACTOME_RESPONSE_OF_MTB_TO_PHAGOCYTOSIS	-0.32856446866244854			
GSE22886_TCELL_VS_BCELL_NAIVE_UP	-0.328576865312831			
REACTOME_DNA_METHYLATION	-0.32859415992717483			
GO_MODIFICATION_DEPENDENT_PROTEIN_BINDING	-0.3286238955672072			
GSE41867_DAY15_EFFECTOR_VS_DAY30_MEMORY_CD8_TCELL_LCMV_ARMSTRONG_DN	-0.32868834647563366			
GSE21670_UNTREATED_VS_TGFB_TREATED_STAT3_KO_CD4_TCELL_DN	-0.328688788363503			
GO_REGULATION_OF_ADAPTIVE_IMMUNE_RESPONSE	-0.32884702925076276			
GSE43863_NAIVE_VS_MEMORY_LY6C_INT_CXCR5POS_CD4_TCELL_D150_LCMV_UP	-0.3288809869978179			
GO_HISTONE_METHYLTRANSFERASE_ACTIVITY_H3_K27_SPECIFIC	-0.32890210775133155			
GSE13411_SWITCHED_MEMORY_BCELL_VS_PLASMA_CELL_UP	-0.3289274420864984			
GSE26488_CTRL_VS_PEPTIDE_INJECTION_OT2_THYMOCYTE_DN	-0.3289411666470892			
GO_POSITIVE_REGULATION_OF_ALPHA_BETA_T_CELL_PROLIFERATION	-0.3289679022257267			
GSE19923_E2A_KO_VS_HEB_AND_E2A_KO_DP_THYMOCYTE_DN	-0.3289842406621119			
GSE42724_B1_BCELL_VS_PLASMABLAST_DN	-0.3290674294578078			
GSE411_100MIN_VS_400MIN_IL6_STIM_SOCS3_KO_MACROPHAGE_DN	-0.3291272372999227			
GO_PROTEIN_POLY_ADP_RIBOSYLATION	-0.3291291082963897			
BIOCARTA_TERT_PATHWAY	-0.3291983448879958			
GSE14350_TREG_VS_TEFF_UP	-0.32922806982724123			
GO_SUPERCOILED_DNA_BINDING	-0.32930494847592473			
GO_ACTIVATION_OF_IMMUNE_RESPONSE	-0.3293054962544761			
GO_MYELOID_LEUKOCYTE_DIFFERENTIATION	-0.32933076854328336			
GO_B_CELL_LINEAGE_COMMITMENT	-0.32933372072879563			
GSE21033_CTRL_VS_POLYIC_STIM_DC_24H_UP	-0.329352466520434			
GSE23505_IL6_IL1_IL23_VS_IL6_IL1_TGFB_TREATED_CD4_TCELL_UP	-0.32935675041006535			
GSE16385_ROSIGLITAZONE_IL4_VS_IL4_ALONE_STIM_MACROPHAGE_12H_UP	-0.32937889898324746			
GSE7348_UNSTIM_VS_TOLERIZED_AND_LPS_STIM_MACROPHAGE_UP	-0.3294436578046764			
HAHTOLA_MYCOSIS_FUNGOIDES_CD4_DN	-0.3294859713753911			
GO_NBAF_COMPLEX	-0.32949859576558416			
GSE13411_NAIVE_BCELL_VS_PLASMA_CELL_UP	-0.32951233994722606			
KREPPEL_CD99_TARGETS_DN	-0.3295451070396165			
GSE24634_IL4_VS_CTRL_TREATED_NAIVE_CD4_TCELL_DAY10_UP	-0.32960630729199303			
GSE2770_UNTREATED_VS_IL12_TREATED_ACT_CD4_TCELL_2H_UP	-0.3296281631702415			
GSE22282_HYPOXIA_VS_NORMOXIA_MYELOID_DC_DN	-0.32965502722039924			
GSE5542_IFNA_VS_IFNA_AND_IFNG_TREATED_EPITHELIAL_CELLS_6H_UP	-0.32967105641112227			
GO_MYELOID_LEUKOCYTE_MEDIATED_IMMUNITY	-0.3296719200719659			
MARIADASON_RESPONSE_TO_BUTYRATE_SULINDAC_4	-0.32967597199258825			
GO_REGULATION_OF_INTERFERON_GAMMA_SECRETION	-0.32968562034831295			
GSE38696_LIGHT_ZONE_VS_DARK_ZONE_BCELL_UP	-0.32969933562897763			
GO_LEUKOCYTE_MEDIATED_IMMUNITY	-0.3297461281383346			
GO_MAINTENANCE_OF_DNA_METHYLATION	-0.3297809919829787			
GO_REGULATION_OF_T_CELL_DIFFERENTIATION	-0.3298024854048302			
PEART_HDAC_PROLIFERATION_CLUSTER_DN	-0.3298361695484491			
KEGG_NATURAL_KILLER_CELL_MEDIATED_CYTOTOXICITY	-0.32989682686284105			
PARK_TRETINOIN_RESPONSE_AND_RARA_PLZF_FUSION	-0.32991315888151523			
GSE40666_WT_VS_STAT4_KO_CD8_TCELL_DN	-0.32994729112775956			
E2F1DP1_01	-0.3299552880753722			
E2F4DP2_01	-0.3299552880753722			
E2F1DP2_01	-0.3299552880753722			
ZHAN_V1_LATE_DIFFERENTIATION_GENES_DN	-0.33000974461008475			
GSE12392_WT_VS_IFNAR_KO_CD8A_NEG_SPLEEN_DC_UP	-0.33002590059347847			
GRABARCZYK_BCL11B_TARGETS_DN	-0.3300360952507286			
GSE30971_WBP7_HET_VS_KO_MACROPHAGE_4H_LPS_STIM_DN	-0.33007204533611023			
GSE22886_UNSTIM_VS_STIM_MEMORY_TCELL_UP	-0.33009940364437923			
GO_REGULATION_OF_HISTONE_H4_ACETYLATION	-0.3301131906670886			
GO_REGULATION_OF_IMMUNE_RESPONSE	-0.330203356404983			
HUMMEL_BURKITTS_LYMPHOMA_UP	-0.33022746328820346			
GO_REGULATION_OF_GENE_EXPRESSION_EPIGENETIC	-0.3302498456314648			
GO_MISMATCHED_DNA_BINDING	-0.33026863219807406			
BIOCARTA_MONOCYTE_PATHWAY	-0.3302971658951281			
SU_PANCREAS	-0.33039886944613234			
GO_B_CELL_MEDIATED_IMMUNITY	-0.3304086664915818			
GO_CHROMATIN_ASSEMBLY_OR_DISASSEMBLY	-0.3304757685553421			
GO_MATURE_B_CELL_DIFFERENTIATION	-0.33056496511865774			
BIOCARTA_AMAN_PATHWAY	-0.33059930619985145			
PID_PI3KCI_PATHWAY	-0.33061403709481063			
GO_POSITIVE_REGULATION_OF_HUMORAL_IMMUNE_RESPONSE_MEDIATED_BY_CIRCULATING_IMMUNOGLOBULIN	-0.33063926687735057			
KONDO_PROSTATE_CANCER_WITH_H3K27ME3	-0.33068748849585133			
GO_MYELOID_CELL_HOMEOSTASIS	-0.3307063500815565			
GO_FICOLIN_1_RICH_GRANULE_MEMBRANE	-0.33073742877437273			
GO_REGULATION_OF_IMMUNE_EFFECTOR_PROCESS	-0.3307652254197656			
PUJANA_XPRSS_INT_NETWORK	-0.3307923642147615			
SU_THYMUS	-0.3308648945587494			
GSE4590_SMALL_VS_VPREB_POS_LARGE_PRE_BCELL_UP	-0.33089107922750316			
ONO_AML1_TARGETS_DN	-0.3309015425642777			
GO_RIBONUCLEOPROTEIN_COMPLEX_SUBUNIT_ORGANIZATION	-0.33093018287374865			
GSE22886_UNSTIM_VS_IL2_STIM_NKCELL_UP	-0.3309540563946074			
MIR4320	-0.33097748622719114			
E2F_02	-0.331006642468953			
GO_INTRASPECIES_INTERACTION_BETWEEN_ORGANISMS	-0.33102127912315715			
CHEN_ETV5_TARGETS_TESTIS	-0.33104421396514233			
GO_POSITIVE_REGULATION_OF_CELL_CELL_ADHESION	-0.33104488565599294			
GO_VOLTAGE_GATED_POTASSIUM_CHANNEL_ACTIVITY_INVOLVED_IN_VENTRICULAR_CARDIAC_MUSCLE_CELL_ACTION_POTENTIAL_REPOLARIZATION	-0.33104810329367995			
GSE46606_IRF4_KO_VS_WT_CD40L_IL2_IL5_3DAY_STIMULATED_BCELL_DN	-0.3310560578201418			
GSE30971_CTRL_VS_LPS_STIM_MACROPHAGE_WBP7_HET_2H_DN	-0.3311298688342995			
GSE41867_NAIVE_VS_DAY6_LCMV_EFFECTOR_CD8_TCELL_DN	-0.33119637218281284			
GO_MIRNA_METABOLIC_PROCESS	-0.33128624873865203			
ZWANG_DOWN_BY_2ND_EGF_PULSE	-0.3313412480065346			
GO_REGULATION_OF_MYELOID_LEUKOCYTE_MEDIATED_IMMUNITY	-0.3313860057049507			
GO_REGULATION_OF_T_CELL_ACTIVATION	-0.33140962245539074			
GSE24142_EARLY_THYMIC_PROGENITOR_VS_DN2_THYMOCYTE_ADULT_UP	-0.3314340218729497			
GO_NEGATIVE_REGULATION_OF_B_CELL_PROLIFERATION	-0.3314371744454259			
GSE40274_CTRL_VS_GATA1_TRANSDUCED_ACTIVATED_CD4_TCELL_UP	-0.3314504977078548			
ZWANG_TRANSIENTLY_UP_BY_2ND_EGF_PULSE_ONLY	-0.3314792586012886			
GO_LYMPHOCYTE_HOMEOSTASIS	-0.3314823476511273			
GSE45365_NK_CELL_VS_CD11B_DC_UP	-0.33153648393999924			
BURTON_ADIPOGENESIS_PEAK_AT_16HR	-0.3315785596657059			
GO_REGULATION_OF_DOUBLE_STRAND_BREAK_REPAIR_VIA_HOMOLOGOUS_RECOMBINATION	-0.33160463991091854			
GO_AZUROPHIL_GRANULE	-0.33163020853984526			
GO_MRNA_METABOLIC_PROCESS	-0.3316384027030171			
GSE2706_2H_VS_8H_R848_AND_LPS_STIM_DC_UP	-0.3317414418539841			
PID_TXA2PATHWAY	-0.33175389802929506			
GSE11884_WT_VS_FURIN_KO_NAIVE_CD4_TCELL_DN	-0.3317964476171283			
GO_REGULATION_OF_LYMPHOCYTE_MEDIATED_IMMUNITY	-0.33182273670262946			
GSE22601_DOUBLE_NEGATIVE_VS_DOUBLE_POSITIVE_THYMOCYTE_DN	-0.33184118646941074			
GSE10239_NAIVE_VS_KLRG1HIGH_EFF_CD8_TCELL_UP	-0.33185093465686905			
REACTOME_RUNX1_REGULATES_GENES_INVOLVED_IN_MEGAKARYOCYTE_DIFFERENTIATION_AND_PLATELET_FUNCTION	-0.3318870502673129			
GSE23502_WT_VS_HDC_KO_MYELOID_DERIVED_SUPPRESSOR_CELL_BM_UP	-0.33190092523013465			
GO_LEUKOCYTE_CELL_CELL_ADHESION	-0.3319138418563789			
GSE33425_CD8_ALPHAALPHA_VS_ALPHABETA_CD161_HIGH_TCELL_UP	-0.3320272937677076			
GO_POSITIVE_REGULATION_OF_INTERLEUKIN_4_PRODUCTION	-0.3322145064864945			
GSE7509_DC_VS_MONOCYTE_WITH_FCGRIIB_STIM_UP	-0.33224339553069704			
GO_RNA_POLYMERASE_I_REGULATORY_REGION_DNA_BINDING	-0.3322437742981443			
GO_HOMOLOGOUS_RECOMBINATION	-0.3322761605988692			
GO_PHAGOCYTOSIS	-0.3323092172109608			
GO_REGULATION_OF_TRANSCRIPTION_INVOLVED_IN_G1_S_TRANSITION_OF_MITOTIC_CELL_CYCLE	-0.3323302311050616			
GO_POSITIVE_REGULATION_OF_TUMOR_NECROSIS_FACTOR_BIOSYNTHETIC_PROCESS	-0.33239087523030814			
E2F1DP1RB_01	-0.33239973432560405			
BIOCARTA_AGPCR_PATHWAY	-0.33241648926814316			
HAHTOLA_MYCOSIS_FUNGOIDES_DN	-0.3324365391515331			
GO_CELL_TRAILING_EDGE	-0.33250107230309683			
ZNF597_TARGET_GENES	-0.3327011284104362			
MARSON_BOUND_BY_FOXP3_STIMULATED	-0.3327020591087192			
GSE28737_WT_VS_BCL6_HET_FOLLICULAR_BCELL_DN	-0.3327451120086468			
GO_LYSINE_ACETYLATED_HISTONE_BINDING	-0.3327750573180659			
GSE20500_CTRL_VS_RARA_ANTAGONIST_TREATED_CD4_TCELL_UP	-0.3328459840297126			
GSE20715_0H_VS_48H_OZONE_LUNG_UP	-0.3328664127938638			
GO_IGG_BINDING	-0.3328772602753568			
GSE29164_CD8_TCELL_VS_CD8_TCELL_AND_IL12_TREATED_MELANOMA_DAY7_UP	-0.33293798162300653			
GO_REGULATORY_RNA_BINDING	-0.3329665360606717			
chr19p13	-0.33297552889114274			
GSE17301_ACD3_ACD28_VS_ACD3_ACD28_AND_IFNA5_STIM_CD8_TCELL_UP	-0.3330512317523878			
GSE27786_BCELL_VS_NEUTROPHIL_UP	-0.3330634347930205			
GO_REGULATION_OF_LEUKOCYTE_DEGRANULATION	-0.33309535619467595			
GO_POSITIVE_REGULATION_OF_B_CELL_PROLIFERATION	-0.33312233881955805			
GSE6674_ANTI_IGM_VS_ANTI_IGM_AND_CPG_STIM_BCELL_UP	-0.33314173601032915			
BIOCARTA_IL3_PATHWAY	-0.33317629998048065			
REACTOME_EARLY_PHASE_OF_HIV_LIFE_CYCLE	-0.3331815268084473			
DORSAM_HOXA9_TARGETS_UP	-0.33332383513708186			
GO_NUCLEAR_MATRIX	-0.33335733706689685			
IPA_ID3_DN	-0.33337109826813005			
GSE26030_UNSTIM_VS_RESTIM_TH1_DAY15_POST_POLARIZATION_DN	-0.3333801678190339			
GSE16450_CTRL_VS_IFNA_6H_STIM_MATURE_NEURON_CELL_LINE_DN	-0.3333802141306726			
GO_N_ACYLTRANSFERASE_ACTIVITY	-0.3333874051940094			
GO_DOSAGE_COMPENSATION	-0.33344161629888397			
GSE37301_MULTIPOTENT_PROGENITOR_VS_LYMPHOID_PRIMED_MPP_UP	-0.3334468423524707			
ETS_Q4	-0.33347553352323966			
GO_PHOSPHATIDYLINOSITOL_3_KINASE_COMPLEX_CLASS_I	-0.3334917074628566			
GSE27896_HDAC6_KO_VS_WT_TREG_UP	-0.33351731121005534			
GSE24634_NAIVE_CD4_TCELL_VS_DAY5_IL4_CONV_TREG_UP	-0.3335562162762028			
GSE7219_UNSTIM_VS_LPS_AND_ANTI_CD40_STIM_DC_UP	-0.33356229976249574			
GO_CD4_POSITIVE_CD25_POSITIVE_ALPHA_BETA_REGULATORY_T_CELL_DIFFERENTIATION	-0.333700003745888			
GO_POSITIVE_REGULATION_OF_LEUKOCYTE_PROLIFERATION	-0.3337161846600285			
GSE15271_CXCR4_POS_VS_NEG_GC_BCELL_DN	-0.3337281985056146			
GO_ERYTHROCYTE_DEVELOPMENT	-0.3337637119294019			
GSE27241_CTRL_VS_DIGOXIN_TREATED_RORGT_KO_CD4_TCELL_IN_TH17_POLARIZING_CONDITIONS_DN	-0.3337685990220123			
GO_B_CELL_HOMEOSTASIS	-0.33377275367572545			
GSE27859_CD11C_INT_F480_HI_MACROPHAGE_VS_CD11C_ING_F480_INT_DC_UP	-0.33379260626015406			
ACAACCT_MIR453	-0.33384095767099153			
GSE22886_NAIVE_TCELL_VS_DC_UP	-0.3338558302357933			
REACTOME_FATTY_ACIDS_BOUND_TO_GPR40_FFAR1_REGULATE_INSULIN_SECRETION	-0.3338597730589176			
GO_REGULATION_OF_MYELOID_LEUKOCYTE_DIFFERENTIATION	-0.3338994025110869			
REACTOME_FCGR_ACTIVATION	-0.33391915605847616			
GSE25085_FETAL_LIVER_VS_ADULT_BM_SP4_THYMIC_IMPLANT_UP	-0.3339828645860793			
GSE46606_IRF4MID_VS_WT_CD40L_IL2_IL5_DAY3_STIMULATED_BCELL_DN	-0.3340418271623144			
GSE3039_ALPHAALPHA_CD8_TCELL_VS_B1_BCELL_DN	-0.33404479302497386			
GO_MYELOID_LEUKOCYTE_ACTIVATION	-0.33405339471748463			
GO_REGULATION_OF_RNA_SPLICING	-0.33406664633174543			
BRCA1_DN.V1_DN	-0.3340791511662392			
GSE22886_NAIVE_CD8_TCELL_VS_NEUTROPHIL_UP	-0.3341984186910369			
GO_PRODUCTION_OF_MOLECULAR_MEDIATOR_OF_IMMUNE_RESPONSE	-0.33420038867973995			
GSE3982_CENT_MEMORY_CD4_TCELL_VS_NKCELL_DN	-0.33420424578792635			
GO_REGULATION_OF_LEUKOCYTE_PROLIFERATION	-0.3342103438707785			
GO_HISTAMINE_PRODUCTION_INVOLVED_IN_INFLAMMATORY_RESPONSE	-0.3342372839080155			
GSE27786_NKCELL_VS_NKTCELL_DN	-0.33442310628469596			
GSE23502_BM_VS_COLON_TUMOR_MYELOID_DERIVED_SUPPRESSOR_CELL_DN	-0.33446204419674297			
GO_GAMMA_DELTA_T_CELL_ACTIVATION	-0.33448801702864933			
GSE12366_PLASMA_CELL_VS_MEMORY_BCELL_DN	-0.3344940215999709			
IPA_LMO2_UP	-0.3345588466562844			
GSE17186_MEMORY_VS_CD21HIGH_TRANSITIONAL_BCELL_DN	-0.33458141423165044			
IPA_EBF1_UP	-0.3346386829030791			
GSE7348_UNSTIM_VS_LPS_STIM_MACROPHAGE_UP	-0.33467556122424796			
GO_PRODUCTION_OF_MOLECULAR_MEDIATOR_INVOLVED_IN_INFLAMMATORY_RESPONSE	-0.3347123646775704			
BIOCARTA_TCR_PATHWAY	-0.33473123856488735			
GO_NEGATIVE_REGULATION_OF_DNA_RECOMBINATION	-0.33473169945312053			
GSE14769_UNSTIM_VS_80MIN_LPS_BMDM_UP	-0.33473843883277427			
GSE3982_DC_VS_NKCELL_DN	-0.3347746815689167			
WANG_RESPONSE_TO_GSK3_INHIBITOR_SB216763_UP	-0.33479018443067277			
GO_REGULATION_OF_CD4_POSITIVE_ALPHA_BETA_T_CELL_DIFFERENTIATION	-0.33479443643974843			
GSE24142_EARLY_THYMIC_PROGENITOR_VS_DN2_THYMOCYTE_UP	-0.33481061350329977			
GO_POSITIVE_REGULATION_OF_GRANULOCYTE_DIFFERENTIATION	-0.3348888276203932			
GO_VESTIBULOCOCHLEAR_NERVE_FORMATION	-0.33497654340827			
PID_IL12_2PATHWAY	-0.3350889322121686			
GSE18281_MEDULLARY_THYMOCYTE_VS_WHOLE_MEDULLA_THYMUS_UP	-0.33512803703124266			
MIR6816_3P	-0.33512972941204855			
GSE17301_CTRL_VS_48H_ACD3_ACD28_STIM_CD8_TCELL_UP	-0.33517849884713913			
GO_NEGATIVE_REGULATION_OF_MYELOID_CELL_DIFFERENTIATION	-0.3352431554687925			
GSE39022_LN_VS_SPLEEN_DC_DN	-0.33524481822728197			
GSE26928_NAIVE_VS_CENT_MEMORY_CD4_TCELL_UP	-0.3352719241623547			
GO_NEGATIVE_REGULATION_OF_HISTONE_H4_ACETYLATION	-0.3352804039934055			
GSE37416_CTRL_VS_24H_F_TULARENSIS_LVS_NEUTROPHIL_UP	-0.3353314075897419			
GSE21670_IL6_VS_TGFB_AND_IL6_TREATED_CD4_TCELL_UP	-0.33535030632938534			
PID_IL4_2PATHWAY	-0.3354042380915999			
GSE24102_GRANULOCYSTIC_MDSC_VS_NEUTROPHIL_UP	-0.3355450262946055			
REACTOME_MRNA_SPLICING	-0.33558268695650256			
PUJANA_BRCA2_PCC_NETWORK	-0.3355984938682793			
GSE5589_LPS_VS_LPS_AND_IL10_STIM_IL10_KO_MACROPHAGE_45MIN_DN	-0.335601726419688			
GSE24210_CTRL_VS_IL35_TREATED_TCONV_CD4_TCELL_UP	-0.3356111147732679			
PID_GMCSF_PATHWAY	-0.33562144507313024			
GO_CARDIAC_VENTRICLE_FORMATION	-0.33562462864200965			
GO_NON_MEMBRANE_SPANNING_PROTEIN_TYROSINE_KINASE_ACTIVITY	-0.3356400366401798			
GSE7852_TREG_VS_TCONV_FAT_DN	-0.33565668901890156			
GO_SWI_SNF_COMPLEX	-0.33566151084499024			
GSE22886_NAIVE_BCELL_VS_BM_PLASMA_CELL_UP	-0.3357856650195813			
BIOCARTA_ION_PATHWAY	-0.33588399716160117			
GO_REGULATION_OF_LIPID_KINASE_ACTIVITY	-0.33591136351451645			
GO_REGULATION_OF_DNA_METHYLATION	-0.33599375288554895			
IPA_MYB_UP	-0.33631603478660005			
MTOR_UP.N4.V1_DN	-0.33634270283326745			
DIRMEIER_LMP1_RESPONSE_LATE_DN	-0.3363429069010524			
GSE32423_IL7_VS_IL7_IL4_NAIVE_CD8_TCELL_DN	-0.3363686473503255			
GSE5542_UNTREATED_VS_IFNG_TREATED_EPITHELIAL_CELLS_24H_DN	-0.3364150960253218			
GO_T_CELL_DIFFERENTIATION	-0.3364871443452058			
GSE22432_UNTREATED_VS_TGFB1_TREATED_COMMON_DC_PROGENITOR_DN	-0.33651712719671134			
GSE22886_NAIVE_VS_MEMORY_TCELL_UP	-0.33652910465270586			
GO_IMMUNE_RESPONSE_REGULATING_SIGNALING_PATHWAY	-0.33659157207237583			
GO_POSITIVE_REGULATION_OF_T_CELL_PROLIFERATION	-0.33662490723255184			
GSE25677_MPL_VS_R848_STIM_BCELL_DN	-0.3366807875046135			
GSE15930_STIM_VS_STIM_AND_IL12_48H_CD8_T_CELL_UP	-0.3367941658401694			
BIOCARTA_FCER1_PATHWAY	-0.33682781384691285			
KRAS.AMP.LUNG_UP.V1_DN	-0.3368334327325256			
PID_IL2_PI3K_PATHWAY	-0.33687934098296374			
GSE23398_WT_VS_IL2_KO_CD4_TCELL_SCURFY_MOUSE_DN	-0.3368837417679906			
MATTIOLI_MGUS_VS_PCL	-0.3369636366676225			
OSMAN_BLADDER_CANCER_DN	-0.3369736433342106			
REACTOME_ERYTHROPOIETIN_ACTIVATES_STAT5	-0.33700650592850656			
GSE13738_TCR_VS_BYSTANDER_ACTIVATED_CD4_TCELL_UP	-0.3370501628313943			
GO_REGULATION_OF_HISTONE_METHYLATION	-0.3371984814555691			
GO_CELLULAR_EXTRAVASATION	-0.3372163939214929			
GSE5542_UNTREATED_VS_IFNG_TREATED_EPITHELIAL_CELLS_6H_UP	-0.33724839433413223			
ROSS_AML_WITH_MLL_FUSIONS	-0.337267744476894			
GSE17301_ACD3_ACD28_VS_ACD3_ACD28_AND_IFNA5_STIM_CD8_TCELL_DN	-0.3374064591544164			
GOLDRATH_NAIVE_VS_EFF_CD8_TCELL_UP	-0.33748048642648537			
GO_POSITIVE_REGULATION_OF_HEMOPOIESIS	-0.33749170712239684			
GSE36888_STAT5_AB_KNOCKIN_VS_WT_TCELL_IL2_TREATED_6H_UP	-0.33749589549261694			
GO_RESPONSE_TO_INTERLEUKIN_4	-0.3375026225081975			
GO_DNA_RECOMBINATION	-0.3375630057124229			
WANG_RESPONSE_TO_GSK3_INHIBITOR_SB216763_DN	-0.33756632390350566			
GO_PROTEIN_DNA_COMPLEX_SUBUNIT_ORGANIZATION	-0.3376245622197401			
GO_NEGATIVE_T_CELL_SELECTION	-0.33771748153589803			
GSE2770_TGFB_AND_IL4_ACT_VS_ACT_CD4_TCELL_6H_UP	-0.33772509322015765			
GSE43863_NAIVE_VS_MEMORY_TFH_CD4_TCELL_D150_LCMV_UP	-0.33772998379525443			
GSE14026_TH1_VS_TH17_UP	-0.33773552802321816			
GO_IMMUNOGLOBULIN_V_D_J_RECOMBINATION	-0.337738827269811			
GSE22886_NAIVE_CD4_TCELL_VS_MONOCYTE_DN	-0.3377405685912072			
GO_CELL_ACTIVATION_INVOLVED_IN_IMMUNE_RESPONSE	-0.33777516094607446			
GO_REGULATION_OF_B_CELL_APOPTOTIC_PROCESS	-0.33784740022059606			
GSE21033_1H_VS_12H_POLYIC_STIM_DC_DN	-0.33786835668942755			
GSE19825_NAIVE_VS_IL2RAHIGH_DAY3_EFF_CD8_TCELL_DN	-0.33791493096311825			
BIOCARTA_VDR_PATHWAY	-0.3379369168566373			
WANG_IMMORTALIZED_BY_HOXA9_AND_MEIS1_DN	-0.33794447107580544			
GO_ATPASE_COMPLEX	-0.33795430447703767			
GSE21033_CTRL_VS_POLYIC_STIM_DC_3H_DN	-0.338042606740555			
GO_REGULATION_OF_CHROMATIN_SILENCING	-0.3380787980348083			
IPA_UHRF1_UP	-0.3381027582821643			
HOLLEMAN_ASPARAGINASE_RESISTANCE_B_ALL_UP	-0.3381125018227227			
GSE3982_NEUTROPHIL_VS_EFF_MEMORY_CD4_TCELL_DN	-0.3381354818137295			
GSE37532_WT_VS_PPARG_KO_VISCERAL_ADIPOSE_TISSUE_TCONV_UP	-0.3382270329371114			
GSE21033_CTRL_VS_POLYIC_STIM_DC_12H_UP	-0.33827230875139624			
GO_REGULATION_OF_METHYLATION_DEPENDENT_CHROMATIN_SILENCING	-0.33829393235311545			
PID_IL2_STAT5_PATHWAY	-0.33829516525714987			
GSE3039_ALPHAALPHA_VS_ALPHABETA_CD8_TCELL_DN	-0.338304431886359			
GSE3920_UNTREATED_VS_IFNB_TREATED_ENDOTHELIAL_CELL_DN	-0.3383154037417324			
GAZDA_DIAMOND_BLACKFAN_ANEMIA_ERYTHROID_DN	-0.33837920027731516			
GSE14000_UNSTIM_VS_16H_LPS_DC_UP	-0.3383851290025394			
GSE3565_DUSP1_VS_WT_SPLENOCYTES_DN	-0.3384047865547572			
ADCYAP1_TARGET_GENES	-0.3384266454377475			
ZHAN_MULTIPLE_MYELOMA_CD1_AND_CD2_UP	-0.3385365548323231			
GSE22886_DC_VS_MONOCYTE_DN	-0.3385584330662338			
GSE17721_CTRL_VS_POLYIC_0.5H_BMDC_UP	-0.3386169827947459			
GO_HISTONE_METHYLTRANSFERASE_COMPLEX	-0.3386334180012989			
REACTOME_ERCC6_CSB_AND_EHMT2_G9A_POSITIVELY_REGULATE_RRNA_EXPRESSION	-0.3386456799453377			
GO_NURD_COMPLEX	-0.338680647441587			
GO_CELL_ACTIVATION	-0.33870828028126265			
REACTOME_EPIGENETIC_REGULATION_OF_GENE_EXPRESSION	-0.33877344165490203			
GO_CD4_POSITIVE_ALPHA_BETA_T_CELL_LINEAGE_COMMITMENT	-0.33878150714779437			
BYSTROEM_CORRELATED_WITH_IL5_UP	-0.3388230113884395			
E2F5_TARGET_GENES	-0.3388999105043936			
GO_ACTIVATED_T_CELL_PROLIFERATION	-0.33893342985112856			
IVANOVA_HEMATOPOIESIS_EARLY_PROGENITOR	-0.33902153079584707			
OSMAN_BLADDER_CANCER_UP	-0.33902725924108235			
GSE37416_CTRL_VS_6H_F_TULARENSIS_LVS_NEUTROPHIL_UP	-0.33910375309492674			
GO_RNA_POLYMERASE_I_PREINITIATION_COMPLEX_ASSEMBLY	-0.3391297810404981			
GSE7219_WT_VS_NIK_NFKB2_KO_DC_DN	-0.3391348150289161			
GSE14415_INDUCED_TREG_VS_FOXP3_KO_INDUCED_TREG_UP	-0.33914549729626015			
GSE42724_NAIVE_BCELL_VS_PLASMABLAST_DN	-0.33917690785070387			
GO_POSITIVE_REGULATION_OF_LYMPHOCYTE_DIFFERENTIATION	-0.3391857586642363			
ELF1_Q6	-0.3392121578095894			
GO_POSITIVE_REGULATION_OF_LEUKOCYTE_CELL_CELL_ADHESION	-0.33923148872400777			
GSE22935_UNSTIM_VS_12H_MBOVIS_BCG_STIM_MYD88_KO_MACROPHAGE_DN	-0.33923444367913413			
KEGG_T_CELL_RECEPTOR_SIGNALING_PATHWAY	-0.3392398752852244			
GO_NEGATIVE_REGULATION_OF_INTERLEUKIN_6_PRODUCTION	-0.3392529732632284			
GSE17301_ACD3_ACD28_VS_ACD3_ACD28_AND_IFNA2_STIM_CD8_TCELL_UP	-0.339358275320948			
GO_DEADENYLATION_DEPENDENT_DECAPPING_OF_NUCLEAR_TRANSCRIBED_MRNA	-0.3394128600548725			
PID_KIT_PATHWAY	-0.3395204136218582			
GO_REGULATION_OF_LEUKOCYTE_DIFFERENTIATION	-0.33956658082022967			
REACTOME_NEF_AND_SIGNAL_TRANSDUCTION	-0.33962311145809904			
GSE26030_TH1_VS_TH17_RESTIMULATED_DAY15_POST_POLARIZATION_UP	-0.33967641906670537			
GSE37416_CTRL_VS_3H_F_TULARENSIS_LVS_NEUTROPHIL_UP	-0.3396866028011285			
GSE7764_IL15_NK_CELL_24H_VS_SPLENOCYTE_DN	-0.3397496342046976			
GINESTIER_BREAST_CANCER_ZNF217_AMPLIFIED_DN	-0.3399033791208457			
GSE21670_UNTREATED_VS_IL6_TREATED_CD4_TCELL_DN	-0.3399312731969696			
REACTOME_COHESIN_LOADING_ONTO_CHROMATIN	-0.3400268171666437			
GSE2770_TGFB_AND_IL4_VS_IL4_TREATED_ACT_CD4_TCELL_48H_DN	-0.3400301248751201			
GO_SPLICEOSOMAL_COMPLEX	-0.3401619122588769			
GSE3920_IFNB_VS_IFNG_TREATED_ENDOTHELIAL_CELL_DN	-0.3402234091039715			
ZNF766_TARGET_GENES	-0.3403782169643183			
GO_PLATELET_MORPHOGENESIS	-0.34041181822706107			
GSE11057_PBMC_VS_MEM_CD4_TCELL_UP	-0.34041449498013754			
GO_REGULATION_OF_INTERLEUKIN_18_PRODUCTION	-0.34046761042890566			
GSE37301_MULTIPOTENT_PROGENITOR_VS_COMMON_LYMPHOID_PROGENITOR_UP	-0.3404793110162147			
REACTOME_RNA_POLYMERASE_II_TRANSCRIPTION_TERMINATION	-0.34050235131402257			
GSE22432_CDC_VS_COMMON_DC_PROGENITOR_UP	-0.3405772273438809			
GO_VOLTAGE_GATED_POTASSIUM_CHANNEL_ACTIVITY_INVOLVED_IN_CARDIAC_MUSCLE_CELL_ACTION_POTENTIAL_REPOLARIZATION	-0.3405844708017346			
GSE17186_MEMORY_VS_CD21LOW_TRANSITIONAL_BCELL_DN	-0.340621217957364			
GSE20727_CTRL_VS_ROS_INHIBITOR_TREATED_DC_DN	-0.3406276794075779			
GO_HISTONE_LYSINE_N_METHYLTRANSFERASE_ACTIVITY	-0.3406354303010607			
GSE25085_FETAL_LIVER_VS_FETAL_BM_SP4_THYMIC_IMPLANT_UP	-0.3406542224364981			
GO_POSITIVE_REGULATION_OF_MACROPHAGE_FUSION	-0.34067356400387105			
GSE22886_DAY0_VS_DAY7_MONOCYTE_IN_CULTURE_UP	-0.3407090214586671			
GO_GENE_SILENCING	-0.3407482456400714			
GO_POSITIVE_REGULATION_OF_ALPHA_BETA_T_CELL_DIFFERENTIATION	-0.3407574838516397			
GSE10856_CTRL_VS_TNFRSF6B_IN_MACROPHAGE_UP	-0.3407935098052385			
GO_NEGATIVE_REGULATION_OF_HISTONE_METHYLATION	-0.34079910411413106			
LIANG_HEMATOPOIESIS_STEM_CELL_NUMBER_SMALL_VS_HUGE_DN	-0.34082746532536506			
GO_T_CELL_PROLIFERATION	-0.34085518718455243			
GO_REGULATION_OF_HISTONE_H3_K9_METHYLATION	-0.3409912421942591			
MIKKELSEN_MCV6_ICP_WITH_H3K27ME3	-0.34102184031777855			
GSE22886_CTRL_VS_LPS_24H_DC_UP	-0.3410473017302176			
GO_T_CELL_RECEPTOR_COMPLEX	-0.34105231779928524			
GO_REGULATION_OF_CELL_ACTIVATION	-0.34106139755175985			
GO_LYSINE_N_METHYLTRANSFERASE_ACTIVITY	-0.34111459800235994			
GO_HISTONE_BINDING	-0.3411245426469476			
ZHOU_INFLAMMATORY_RESPONSE_FIMA_DN	-0.3411285766872463			
GO_PROTEIN_METHYLATION	-0.3411874912349463			
GSE36476_CTRL_VS_TSST_ACT_16H_MEMORY_CD4_TCELL_OLD_UP	-0.34120393582484676			
MORI_PLASMA_CELL_DN	-0.34120494068974877			
GSE20152_SPHK1_KO_VS_HTNFA_OVEREXPRESS_ANKLE_DN	-0.3412080652646809			
GO_REGULATION_OF_GAMMA_DELTA_T_CELL_ACTIVATION	-0.34122730014960784			
GO_LYMPHOCYTE_MEDIATED_IMMUNITY	-0.34123055843252287			
GO_MHC_CLASS_I_PROTEIN_BINDING	-0.3412490609587701			
WINTER_HYPOXIA_DN	-0.3413003882338285			
GSE33425_CD161_HIGH_VS_NEG_CD8_TCELL_UP	-0.34140168164066576			
GO_GAMMA_DELTA_T_CELL_DIFFERENTIATION	-0.34141902224675014			
GSE17186_NAIVE_VS_CD21LOW_TRANSITIONAL_BCELL_CORD_BLOOD_UP	-0.34141987702913573			
FINETTI_BREAST_CANCER_KINOME_GREEN	-0.3414402740233498			
GSE7764_NKCELL_VS_SPLENOCYTE_DN	-0.3414418345423995			
GO_MACROMOLECULE_METHYLATION	-0.3415210051572352			
GSE21670_UNTREATED_VS_TGFB_IL6_TREATED_STAT3_KO_CD4_TCELL_DN	-0.3415306743266074			
LEE_DIFFERENTIATING_T_LYMPHOCYTE	-0.34162037633421916			
GO_REGULATION_OF_LYMPHOCYTE_ACTIVATION	-0.34163168113175185			
WATANABE_ULCERATIVE_COLITIS_WITH_CANCER_DN	-0.34164643361016717			
GSE19198_CTRL_VS_IL21_TREATED_TCELL_6H_UP	-0.3418352646490442			
GUTIERREZ_WALDENSTROEMS_MACROGLOBULINEMIA_2	-0.3418785086184875			
BIOCARTA_IL7_PATHWAY	-0.34193080335980625			
GSE369_SOCS3_KO_VS_WT_LIVER_POST_IL6_INJECTION_DN	-0.34196191295533607			
GSE3039_CD4_TCELL_VS_NKT_CELL_UP	-0.34198333423210525			
GSE27786_CD4_TCELL_VS_NKTCELL_UP	-0.3420432532525816			
GSE27241_CTRL_VS_DIGOXIN_TREATED_RORGT_KO_CD4_TCELL_IN_TH17_POLARIZING_CONDITIONS_UP	-0.3420501116907382			
GO_SOMATIC_DIVERSIFICATION_OF_IMMUNE_RECEPTORS	-0.34205327983584727			
GO_CHROMATIN_DISASSEMBLY	-0.3420635847227703			
GO_REGULATION_OF_GAMMA_DELTA_T_CELL_DIFFERENTIATION	-0.342191051558179			
GSE3982_EOSINOPHIL_VS_EFF_MEMORY_CD4_TCELL_UP	-0.34221390869115154			
GO_CD4_POSITIVE_OR_CD8_POSITIVE_ALPHA_BETA_T_CELL_LINEAGE_COMMITMENT	-0.34222889226385367			
GO_POSITIVE_REGULATION_OF_MRNA_SPLICING_VIA_SPLICEOSOME	-0.342255882179075			
GSE24671_CTRL_VS_BAKIMULC_INFECTED_MOUSE_SPLENOCYTES_UP	-0.3423149352347704			
GSE22886_IGM_MEMORY_BCELL_VS_BM_PLASMA_CELL_UP	-0.3423514401144577			
GO_POSITIVE_REGULATION_OF_LEUKOCYTE_DIFFERENTIATION	-0.34235828349040204			
GSE36009_UNSTIM_VS_LPS_STIM_DC_DN	-0.342360158277442			
GO_CD8_POSITIVE_ALPHA_BETA_T_CELL_ACTIVATION	-0.34243190405652385			
GO_POSITIVE_REGULATION_OF_CELL_ACTIVATION	-0.3424609447570872			
GSE3982_BASOPHIL_VS_CENT_MEMORY_CD4_TCELL_UP	-0.34252191505992674			
GSE44649_WT_VS_MIR155_KO_ACTIVATED_CD8_TCELL_DN	-0.3425407472049221			
GO_POSITIVE_REGULATION_OF_MUSCLE_ADAPTATION	-0.3425427907564681			
GSE10325_LUPUS_CD4_TCELL_VS_LUPUS_MYELOID_DN	-0.34257791053862796			
BIOCARTA_GH_PATHWAY	-0.34259463358409803			
GO_LEUKOCYTE_ADHESION_TO_VASCULAR_ENDOTHELIAL_CELL	-0.3426340679271113			
GO_MACROPHAGE_FUSION	-0.3426354102598718			
GSE7852_LN_VS_FAT_TCONV_UP	-0.3428033487428913			
GO_HISTONE_METHYLTRANSFERASE_ACTIVITY_H3_K4_SPECIFIC	-0.34283644125276846			
GSE7548_NAIVE_VS_DAY7_PCC_IMMUNIZATION_CD4_TCELL_UP	-0.34287928073353335			
GO_DNA_METHYLATION	-0.3429631146757143			
GO_ADAPTIVE_IMMUNE_RESPONSE_BASED_ON_SOMATIC_RECOMBINATION_OF_IMMUNE_RECEPTORS_BUILT_FROM_IMMUNOGLOBULIN_SUPERFAMILY_DOMAINS	-0.3430197971476604			
GSE1460_INTRATHYMIC_T_PROGENITOR_VS_THYMIC_STROMAL_CELL_UP	-0.3430358527362759			
GO_POSITIVE_REGULATION_OF_B_CELL_RECEPTOR_SIGNALING_PATHWAY	-0.3430966858658101			
GO_REGULATION_OF_MYELOID_DENDRITIC_CELL_ACTIVATION	-0.34318520757577886			
XU_RESPONSE_TO_TRETINOIN_UP	-0.3431940915735624			
MARZEC_IL2_SIGNALING_DN	-0.3432376374592818			
GSE1460_CD4_THYMOCYTE_VS_THYMIC_STROMAL_CELL_UP	-0.3433355817504725			
GSE3982_EFF_MEMORY_CD4_TCELL_VS_NKCELL_DN	-0.3433511678142795			
GSE22611_NOD2_VS_CTRL_TRANSDUCED_HEK293T_CELL_DN	-0.3433692321728575			
GO_POSITIVE_REGULATION_OF_ISOTYPE_SWITCHING	-0.3434013493688586			
GSE10325_BCELL_VS_MYELOID_DN	-0.3434463789107159			
GO_NUCLEOSOME_ORGANIZATION	-0.34354079264323545			
GO_REGULATION_OF_ALPHA_BETA_T_CELL_ACTIVATION	-0.34355752530824013			
E2F_03	-0.3435617833015515			
GO_DIAPEDESIS	-0.34358465367948543			
GO_DNA_TOPOLOGICAL_CHANGE	-0.3436016799957884			
KEGG_NEUROACTIVE_LIGAND_RECEPTOR_INTERACTION	-0.3436038422335212			
WIERENGA_STAT5A_TARGETS_DN	-0.343846549859305			
MARSON_BOUND_BY_FOXP3_UNSTIMULATED	-0.34385956438753745			
GO_REGULATION_OF_DNA_DAMAGE_CHECKPOINT	-0.3438735160526492			
GO_LYSOSOME_LOCALIZATION	-0.3438883914266818			
GO_REGULATION_OF_ALPHA_BETA_T_CELL_DIFFERENTIATION	-0.34394016136114397			
GSE4984_LPS_VS_VEHICLE_CTRL_TREATED_DC_UP	-0.34395807302019177			
GO_ALPHA_BETA_T_CELL_DIFFERENTIATION	-0.34396447927200013			
GSE10240_CTRL_VS_IL17_STIM_PRIMARY_BRONCHIAL_EPITHELIAL_CELLS_DN	-0.3439650594385457			
BYSTROEM_CORRELATED_WITH_IL5_DN	-0.34396759316148656			
GSE9509_10MIN_VS_30MIN_LPS_AND_IL10_STIM_IL10_KO_MACROPHAGE_UP	-0.34397250086846737			
PAX5_02	-0.34402133483663183			
GSE5589_UNSTIM_VS_45MIN_LPS_AND_IL6_STIM_MACROPHAGE_UP	-0.34405544463287063			
GSE24671_CTRL_VS_SENDAI_VIRUS_INFECTED_MOUSE_SPLENOCYTES_DN	-0.3440580790993433			
GO_T_CELL_DIFFERENTIATION_INVOLVED_IN_IMMUNE_RESPONSE	-0.344318889503502			
GO_HISTONE_H4_ACETYLATION	-0.3443263221084207			
HESS_TARGETS_OF_HOXA9_AND_MEIS1_UP	-0.34437779614983627			
GSE7831_UNSTIM_VS_CPG_STIM_PDC_1H_UP	-0.34445306812100007			
GSE43955_1H_VS_42H_ACT_CD4_TCELL_WITH_TGFB_IL6_UP	-0.3444821524024525			
GO_REGULATION_OF_LEUKOCYTE_MEDIATED_IMMUNITY	-0.3444903663010153			
GO_METHYLATION_DEPENDENT_CHROMATIN_SILENCING	-0.3445374877154401			
GO_IMMUNE_SYSTEM_DEVELOPMENT	-0.34456088006889296			
FAELT_B_CLL_WITH_VH3_21_UP	-0.34457582838453904			
GSE9988_ANTI_TREM1_VS_VEHICLE_TREATED_MONOCYTES_DN	-0.3445835152932277			
GO_TUMOR_NECROSIS_FACTOR_BIOSYNTHETIC_PROCESS	-0.3446739380380273			
GO_SOMATIC_DIVERSIFICATION_OF_IMMUNE_RECEPTORS_VIA_GERMLINE_RECOMBINATION_WITHIN_A_SINGLE_LOCUS	-0.3447004758049584			
GO_TERTIARY_GRANULE_MEMBRANE	-0.3447031739652095			
GSE7852_TREG_VS_TCONV_DN	-0.34473194226676873			
GO_POSITIVE_REGULATION_OF_PHOSPHATIDYLINOSITOL_3_KINASE_SIGNALING	-0.3448127669118355			
IPA_GATA2_UP	-0.3448687912543193			
GSE13411_IGM_MEMORY_BCELL_VS_PLASMA_CELL_UP	-0.34487931409727135			
GSE37301_MULTIPOTENT_PROGENITOR_VS_CD4_TCELL_UP	-0.3448801452213789			
GSE37416_0H_VS_24H_F_TULARENSIS_LVS_NEUTROPHIL_UP	-0.34496331864055113			
GSE12366_PLASMA_CELL_VS_NAIVE_BCELL_DN	-0.3449803272892519			
GO_LYMPHOCYTE_DIFFERENTIATION	-0.3449840926025418			
KEGG_B_CELL_RECEPTOR_SIGNALING_PATHWAY	-0.34499440264621883			
GSE12392_WT_VS_IFNAR_KO_CD8A_NEG_SPLEEN_DC_DN	-0.34503493274539876			
GO_POSITIVE_THYMIC_T_CELL_SELECTION	-0.34507651097350445			
GSE13484_UNSTIM_VS_3H_YF17D_VACCINE_STIM_PBMC_UP	-0.34521171564102887			
GRAHAM_CML_DIVIDING_VS_NORMAL_DIVIDING_UP	-0.3452266294260376			
GO_ANTIGEN_RECEPTOR_MEDIATED_SIGNALING_PATHWAY	-0.3452548628918532			
GO_BH3_DOMAIN_BINDING	-0.34527211227812177			
KEGG_PRIMARY_IMMUNODEFICIENCY	-0.3452804502707841			
GSE40666_STAT1_KO_VS_STAT4_KO_CD8_TCELL_UP	-0.3454391550640886			
GSE3039_NKT_CELL_VS_ALPHAALPHA_CD8_TCELL_DN	-0.3455179056367868			
GSE20366_TREG_VS_TCONV_DN	-0.3455497923034874			
GSE40274_CTRL_VS_HELIOS_TRANSDUCED_ACTIVATED_CD4_TCELL_UP	-0.3455544613630603			
GO_LEUKOCYTE_HOMEOSTASIS	-0.3455808012722503			
GO_CHROMO_SHADOW_DOMAIN_BINDING	-0.3456203844689402			
SMID_BREAST_CANCER_NORMAL_LIKE_UP	-0.345654994034592			
GSE14000_UNSTIM_VS_4H_LPS_DC_UP	-0.3456802572946376			
GO_RNA_SPLICING	-0.34572792123696905			
GO_PEPTIDE_N_ACETYLTRANSFERASE_ACTIVITY	-0.3457314829135823			
GSE22886_CD4_TCELL_VS_BCELL_NAIVE_UP	-0.345759268284594			
REACTOME_INTERLEUKIN_2_SIGNALING	-0.3459440375355676			
GO_POSITIVE_REGULATION_OF_ANTIGEN_RECEPTOR_MEDIATED_SIGNALING_PATHWAY	-0.34605611519882334			
GSE10094_LCMV_VS_LISTERIA_IND_EFF_CD4_TCELL_UP	-0.3460637261702946			
GSE22601_IMMATURE_CD4_SINGLE_POSITIVE_VS_CD8_SINGLE_POSITIVE_THYMOCYTE_UP	-0.3461087155892406			
GSE32533_MIR17_KO_VS_MIR17_OVEREXPRESS_ACT_CD4_TCELL_DN	-0.3461178678220006			
GOERING_BLOOD_HDL_CHOLESTEROL_QTL_CIS	-0.34615622099925714			
GO_LEUKOCYTE_MEDIATED_CYTOTOXICITY	-0.3461917028395927			
GSE42088_UNINF_VS_LEISHMANIA_INF_DC_24H_UP	-0.3462443775609074			
REACTOME_GPVI_MEDIATED_ACTIVATION_CASCADE	-0.34626069829011036			
GO_T_CELL_ACTIVATION_INVOLVED_IN_IMMUNE_RESPONSE	-0.3463534277384247			
GSE35825_UNTREATED_VS_IFNA_STIM_MACROPHAGE_UP	-0.34638744574961916			
GSE21360_SECONDARY_VS_TERTIARY_MEMORY_CD8_TCELL_DN	-0.346397101042214			
GSE2706_UNSTIM_VS_2H_LPS_DC_UP	-0.3464684689601075			
GSE8685_IL2_STARVED_VS_IL2_ACT_IL2_STARVED_CD4_TCELL_UP	-0.3465241345375701			
WRNIP1_TARGET_GENES	-0.34658354062696917			
GSE26928_NAIVE_VS_EFF_MEMORY_CD4_TCELL_UP	-0.34659467909899105			
GSE20727_H2O2_VS_ROS_INHIBITOR_TREATED_DC_DN	-0.3466380355863106			
GO_METHYLATED_HISTONE_BINDING	-0.34668643604437976			
GSE360_CTRL_VS_L_DONOVANI_DC_UP	-0.34682420320911467			
GO_SPECIFIC_GRANULE_MEMBRANE	-0.346869838692123			
GO_T_CELL_SELECTION	-0.34687294594870677			
GO_ISOTYPE_SWITCHING_TO_IGG_ISOTYPES	-0.34695374971878395			
SHIN_B_CELL_LYMPHOMA_CLUSTER_8	-0.34700360494060634			
GSE40666_UNTREATED_VS_IFNA_STIM_EFFECTOR_CD8_TCELL_90MIN_DN	-0.34709890849514224			
GO_CELLULAR_RESPONSE_TO_ETHANOL	-0.3471047383140582			
GO_REGULATION_OF_MYOSIN_LIGHT_CHAIN_PHOSPHATASE_ACTIVITY	-0.347173117618267			
GO_METHYLATION	-0.3473581363125807			
GO_MACROPHAGE_ACTIVATION_INVOLVED_IN_IMMUNE_RESPONSE	-0.347473752611567			
RIZ_ERYTHROID_DIFFERENTIATION_CCNE1	-0.34750827617695			
GSE360_CTRL_VS_M_TUBERCULOSIS_DC_UP	-0.34763197205587587			
GO_MRNA_PROCESSING	-0.34764309518750613			
GSE32164_ALTERNATIVELY_ACT_M2_VS_CMYC_INHIBITED_MACROPHAGE_UP	-0.3476451822382936			
GSE2770_IL4_ACT_VS_ACT_CD4_TCELL_6H_UP	-0.34767646458250534			
GO_POSITIVE_REGULATION_OF_INTERFERON_GAMMA_SECRETION	-0.3476846257908727			
GO_RNA_SPLICING_VIA_TRANSESTERIFICATION_REACTIONS	-0.3477375805086631			
GO_T_CELL_LINEAGE_COMMITMENT	-0.347738580975248			
MIR139_3P	-0.3478266611060291			
IPA_SPI1_UP	-0.34793629293321837			
GO_PHOSPHATIDYLINOSITOL_3_KINASE_REGULATOR_ACTIVITY	-0.3479525056722021			
RUTELLA_RESPONSE_TO_HGF_DN	-0.34804856483829333			
GSE3982_MAST_CELL_VS_BASOPHIL_DN	-0.3480608895374232			
KLEIN_TARGETS_OF_BCR_ABL1_FUSION	-0.34815067237409403			
GO_POSITIVE_REGULATION_OF_ALPHA_BETA_T_CELL_ACTIVATION	-0.3481674029296502			
GO_NEGATIVE_REGULATION_OF_MYOSIN_LIGHT_CHAIN_PHOSPHATASE_ACTIVITY	-0.34816979286171157			
GO_HISTONE_THREONINE_PHOSPHORYLATION	-0.34838896144177667			
GO_HISTONE_THREONINE_KINASE_ACTIVITY	-0.34838896144177667			
GSE32986_UNSTIM_VS_GMCSF_STIM_DC_UP	-0.3483987644211821			
GSE23321_CD8_STEM_CELL_MEMORY_VS_CENTRAL_MEMORY_CD8_TCELL_DN	-0.348512546137483			
GO_REGULATION_OF_B_CELL_MEDIATED_IMMUNITY	-0.3485693134387091			
HOLLEMAN_DAUNORUBICIN_ALL_UP	-0.34867466765352223			
GO_CD4_POSITIVE_ALPHA_BETA_T_CELL_DIFFERENTIATION	-0.348679790612414			
PUJANA_BRCA1_PCC_NETWORK	-0.34868524296424325			
GSE4748_CTRL_VS_CYANOBACTERIUM_LPSLIKE_STIM_DC_3H_UP	-0.3487761109509433			
GO_B_CELL_RECEPTOR_SIGNALING_PATHWAY	-0.3488303164733885			
GSE32533_WT_VS_MIR17_KO_ACT_CD4_TCELL_DN	-0.3489230758080457			
PU1_Q6	-0.3489513607803399			
GO_CD4_POSITIVE_ALPHA_BETA_T_CELL_ACTIVATION	-0.34897153922798535			
PUJANA_ATM_PCC_NETWORK	-0.34902169718983134			
GO_C2H2_ZINC_FINGER_DOMAIN_BINDING	-0.3490578235371503			
GSE2706_UNSTIM_VS_2H_R848_DC_UP	-0.3490821629914227			
GO_T_CELL_ACTIVATION	-0.3490989435619331			
STAT6_02	-0.3491427836985292			
PID_THROMBIN_PAR4_PATHWAY	-0.34917162894783293			
GSE7831_1H_VS_4H_INFLUENZA_STIM_PDC_DN	-0.34918758515069065			
GO_REGULATION_OF_MRNA_PROCESSING	-0.3492152954888632			
CHAF1B_TARGET_GENES	-0.3492912959556316			
GO_DENDRITIC_CELL_MIGRATION	-0.3492938483416606			
GO_RESPONSE_TO_INTERLEUKIN_2	-0.34930794528375725			
GSE35825_IFNA_VS_IFNG_STIM_MACROPHAGE_DN	-0.34932430496394173			
GO_POSITIVE_T_CELL_SELECTION	-0.3493331355196671			
GO_ALTERNATIVE_MRNA_SPLICING_VIA_SPLICEOSOME	-0.34934508515777685			
ZNF510_TARGET_GENES	-0.3493461727286455			
SGCGSSAAA_E2F1DP2_01	-0.34937234767138536			
GSE20715_0H_VS_24H_OZONE_LUNG_UP	-0.3494119754469622			
HOEBEKE_LYMPHOID_STEM_CELL_UP	-0.3494635537314703			
GO_GRANULOCYTE_DIFFERENTIATION	-0.34947367003232926			
GO_IMMUNE_RESPONSE_REGULATING_CELL_SURFACE_RECEPTOR_SIGNALING_PATHWAY	-0.349490160466089			
GO_NEGATIVE_REGULATION_OF_PHAGOCYTOSIS	-0.3495116788221091			
REACTOME_SIGNALING_BY_ERYTHROPOIETIN	-0.3495780082931756			
GO_N_ACETYLTRANSFERASE_ACTIVITY	-0.3496108417090742			
GO_ATP_DEPENDENT_CHROMATIN_REMODELING	-0.34966420461459913			
GSE12366_GC_BCELL_VS_PLASMA_CELL_UP	-0.34977161534163004			
GSE3039_ALPHABETA_CD8_TCELL_VS_B1_BCELL_UP	-0.34977658036101034			
GO_COVALENT_CHROMATIN_MODIFICATION	-0.3499004063329974			
BIOCARTA_IL2RB_PATHWAY	-0.3499192963834242			
GO_ACETYLTRANSFERASE_ACTIVITY	-0.35002373861580505			
GSE5542_IFNG_VS_IFNA_AND_IFNG_TREATED_EPITHELIAL_CELLS_24H_UP	-0.35016228761037926			
FERRANDO_T_ALL_WITH_MLL_ENL_FUSION_DN	-0.3502362563527032			
GSE41867_NAIVE_VS_DAY15_LCMV_ARMSTRONG_EFFECTOR_CD8_TCELL_DN	-0.35028771153160854			
GSE11961_FOLLICULAR_BCELL_VS_GERMINAL_CENTER_BCELL_DAY40_DN	-0.35034056295705773			
GSE18281_CORTICAL_THYMOCYTE_VS_WHOLE_CORTEX_THYMUS_DN	-0.35044926486391714			
GSE9988_ANTI_TREM1_AND_LPS_VS_VEHICLE_TREATED_MONOCYTES_DN	-0.35045665728230063			
GO_PHOSPHATIDYLINOSITOL_PHOSPHORYLATION	-0.35054241027616095			
REACTOME_ROLE_OF_LAT2_NTAL_LAB_ON_CALCIUM_MOBILIZATION	-0.3505735006133006			
GO_ALPHA_BETA_T_CELL_ACTIVATION	-0.35059402830944747			
GSE2405_0H_VS_1.5H_A_PHAGOCYTOPHILUM_STIM_NEUTROPHIL_DN	-0.350595792508715			
GSE23568_CTRL_VS_ID3_TRANSDUCED_CD8_TCELL_UP	-0.3506090559662604			
GSE13411_PLASMA_CELL_VS_MEMORY_BCELL_DN	-0.3507221507851445			
GO_RESPONSE_TO_INTERLEUKIN_7	-0.3507510652571152			
GSE11057_CD4_CENT_MEM_VS_PBMC_DN	-0.3507544452808009			
GARGALOVIC_RESPONSE_TO_OXIDIZED_PHOSPHOLIPIDS_RED_DN	-0.3507763984856224			
GSE37301_COMMON_LYMPHOID_PROGENITOR_VS_CD4_TCELL_DN	-0.35081996182235464			
FLECHNER_BIOPSY_KIDNEY_TRANSPLANT_REJECTED_VS_OK_UP	-0.35086505362493775			
GSE43863_DAY6_EFF_VS_DAY150_MEM_LY6C_INT_CXCR5POS_CD4_TCELL_DN	-0.35094763601999956			
BIOCARTA_PLC_PATHWAY	-0.3509970787006068			
GO_CHROMATIN_ORGANIZATION	-0.35100352111801053			
SIG_BCR_SIGNALING_PATHWAY	-0.35100550151949206			
GSE360_LOW_DOSE_B_MALAYI_VS_M_TUBERCULOSIS_DC_UP	-0.351111357171404			
PASQUALUCCI_LYMPHOMA_BY_GC_STAGE_DN	-0.35125267836731205			
GO_POSITIVE_REGULATION_OF_HISTONE_H3_K4_METHYLATION	-0.35139667043437756			
GSE411_UNSTIM_VS_100MIN_IL6_STIM_SOCS3_KO_MACROPHAGE_UP	-0.3513976315521481			
GO_POSITIVE_REGULATION_OF_BONE_DEVELOPMENT	-0.35144495975944556			
GSE2706_UNSTIM_VS_2H_LPS_AND_R848_DC_UP	-0.35162682664432143			
GO_DNA_METHYLATION_OR_DEMETHYLATION	-0.3516390335172687			
GSE2770_UNTREATED_VS_IL12_TREATED_ACT_CD4_TCELL_48H_UP	-0.3518120171603845			
GO_REGULATION_OF_MAST_CELL_ACTIVATION	-0.3518784030645145			
GSE32986_UNSTIM_VS_CURDLAN_HIGHDOSE_STIM_DC_DN	-0.3518795201035817			
GSE11864_CSF1_IFNG_VS_CSF1_IFNG_PAM3CYS_IN_MAC_UP	-0.3519259693135675			
MIR4497	-0.35200279301810333			
GSE37533_PPARG1_FOXP3_VS_PPARG2_FOXP3_TRANSDUCED_CD4_TCELL_DN	-0.352016744999141			
GSE25677_R848_VS_MPL_AND_R848_STIM_BCELL_DN	-0.3520899142700892			
GSE27291_0H_VS_7D_STIM_GAMMADELTA_TCELL_DN	-0.35225598070493663			
GO_POSITIVE_REGULATION_OF_IMMUNE_EFFECTOR_PROCESS	-0.3522710588989646			
IPA_IKZF1_UP	-0.3523793712993689			
GSE4984_UNTREATED_VS_VEHICLE_CTRL_TREATED_DC_UP	-0.3525945427274415			
GSE22919_RESTING_VS_IL2_IL12_IL15_STIM_NK_CELL_DN	-0.35263746572608695			
GO_POSITIVE_REGULATION_OF_TUMOR_NECROSIS_FACTOR_SUPERFAMILY_CYTOKINE_PRODUCTION	-0.3526818928860179			
GSE2770_TGFB_AND_IL4_VS_IL4_TREATED_ACT_CD4_TCELL_6H_UP	-0.35271185660052057			
GSE19923_HEB_KO_VS_HEB_AND_E2A_KO_DP_THYMOCYTE_UP	-0.3527129011399588			
chr15q13	-0.3527486433738973			
GO_LEUKOCYTE_PROLIFERATION	-0.35294314063251503			
GO_DNA_MODIFICATION	-0.3529455620613109			
HUANG_GATA2_TARGETS_UP	-0.3529903000800656			
GO_REGULATION_OF_B_CELL_RECEPTOR_SIGNALING_PATHWAY	-0.3530547396972054			
GSE3982_MAST_CELL_VS_DC_UP	-0.35323679700216387			
ARID5B_TARGET_GENES	-0.3534458464832542			
RAG1_TARGET_GENES	-0.3535060978750548			
GO_REGULATION_OF_MAST_CELL_ACTIVATION_INVOLVED_IN_IMMUNE_RESPONSE	-0.3536169694011086			
CHUNG_BLISTER_CYTOTOXICITY_DN	-0.3536753130723742			
GO_POSITIVE_REGULATION_OF_B_CELL_ACTIVATION	-0.3537015221262126			
PID_IL8_CXCR2_PATHWAY	-0.3538165972476087			
GSE17186_BLOOD_VS_CORD_BLOOD_CD21LOW_TRANSITIONAL_BCELL_UP	-0.353877088131852			
ALCALA_APOPTOSIS	-0.35398724396349285			
FLECHNER_PBL_KIDNEY_TRANSPLANT_OK_VS_DONOR_UP	-0.3539984009946562			
GO_MYELOID_CELL_DEVELOPMENT	-0.35410719510773386			
GO_TUMOR_NECROSIS_FACTOR_SUPERFAMILY_CYTOKINE_PRODUCTION	-0.3541776188345906			
PID_IL2_1PATHWAY	-0.35421807432327307			
GSE34392_ST2_KO_VS_WT_DAY8_LCMV_EFFECTOR_CD8_TCELL_UP	-0.3542779042613033			
GSE23568_CTRL_TRANSDUCED_VS_WT_CD8_TCELL_DN	-0.3543127126124882			
GO_POSITIVE_REGULATION_OF_GAMMA_DELTA_T_CELL_ACTIVATION	-0.35438071055523124			
GO_LYMPHOCYTE_ACTIVATION	-0.35456152586694417			
LI_INDUCED_T_TO_NATURAL_KILLER_DN	-0.35462324062811323			
GSE36476_CTRL_VS_TSST_ACT_16H_MEMORY_CD4_TCELL_YOUNG_UP	-0.35471621582585033			
GO_REGULATION_OF_DNA_RECOMBINATION	-0.354740885923272			
PASTURAL_RIZ1_TARGETS_DN	-0.354767119545292			
GO_DNA_TOPOISOMERASE_ACTIVITY	-0.3547671514798158			
GO_REGULATION_OF_ISOTYPE_SWITCHING	-0.3548357564284902			
GSE31082_CD4_VS_CD8_SP_THYMOCYTE_DN	-0.35483815331385093			
GSE17186_CD21LOW_VS_CD21HIGH_TRANSITIONAL_BCELL_CORD_BLOOD_DN	-0.35484421419680257			
GO_POSITIVE_REGULATION_OF_B_CELL_MEDIATED_IMMUNITY	-0.354874079018804			
GO_REGULATION_OF_SALIVA_SECRETION	-0.3548750052722556			
GO_PROTEIN_DNA_COMPLEX_DISASSEMBLY	-0.3548881165449676			
GO_CHROMATIN_ORGANIZATION_INVOLVED_IN_REGULATION_OF_TRANSCRIPTION	-0.3550946041127027			
GO_HISTONE_METHYLATION	-0.3551014888128091			
IPA_RORA_DN	-0.355105533749498			
IPA_ZBTB43_DN	-0.355105533749498			
IPA_TRRAP_DN	-0.355105533749498			
IPA_FOXN3_DN	-0.355105533749498			
REACTOME_ERYTHROPOIETIN_ACTIVATES_PHOSPHOINOSITIDE_3_KINASE_PI3K	-0.35516652353861206			
KTGGYRSGAA_UNKNOWN	-0.3552383337849966			
GSE11864_UNTREATED_VS_CSF1_PAM3CYS_IN_MAC_UP	-0.3553167497887966			
IPA_TFDP1_UP	-0.35537799176511337			
GO_IMMUNOGLOBULIN_PRODUCTION_INVOLVED_IN_IMMUNOGLOBULIN_MEDIATED_IMMUNE_RESPONSE	-0.35542501508645213			
GSE21033_CTRL_VS_POLYIC_STIM_DC_3H_UP	-0.355431599303476			
GO_NEGATIVE_REGULATION_OF_CELL_CYCLE_CHECKPOINT	-0.35547066652137066			
GO_B_CELL_PROLIFERATION	-0.35548872462619485			
MULLIGHAN_MLL_SIGNATURE_1_UP	-0.35549356956857886			
GO_LEUKOCYTE_TETHERING_OR_ROLLING	-0.3556368356057566			
MARTENS_TRETINOIN_RESPONSE_DN	-0.35563824908790226			
HADDAD_T_LYMPHOCYTE_AND_NK_PROGENITOR_DN	-0.3556876231403694			
GSE21380_NON_TFH_VS_TFH_CD4_TCELL_DN	-0.35572688887192266			
GO_MHC_CLASS_II_BIOSYNTHETIC_PROCESS	-0.3557445090440046			
GO_LEUKOCYTE_DIFFERENTIATION	-0.3559445241757154			
GO_NUCLEAR_PERICENTRIC_HETEROCHROMATIN	-0.3560258161059034			
RAMALHO_STEMNESS_DN	-0.3561730141796575			
VILIMAS_NOTCH1_TARGETS_DN	-0.35638510394886486			
GO_REGULATION_OF_B_CELL_PROLIFERATION	-0.3564139806824034			
GO_PHAGOCYTIC_CUP	-0.35658218196334557			
PID_TCR_PATHWAY	-0.3565823764357731			
GSE22313_HEALTHY_VS_SLE_MOUSE_CD4_TCELL_DN	-0.3566920592749057			
GSE1460_NAIVE_CD4_TCELL_ADULT_BLOOD_VS_THYMIC_STROMAL_CELL_UP	-0.3566948245598742			
GSE2770_TGFB_AND_IL4_VS_IL12_TREATED_ACT_CD4_TCELL_48H_UP	-0.3567062129953431			
REACTOME_FCERI_MEDIATED_CA_2_MOBILIZATION	-0.35678860776834276			
REACTOME_EICOSANOID_LIGAND_BINDING_RECEPTORS	-0.35687131424314933			
GSE9988_ANTI_TREM1_VS_CTRL_TREATED_MONOCYTES_DN	-0.35696652742747864			
GO_B_CELL_ACTIVATION	-0.35700549140038046			
MULLIGHAN_MLL_SIGNATURE_2_UP	-0.3570279811129652			
GO_ADAPTIVE_IMMUNE_RESPONSE	-0.3571081288331703			
GSE22886_IGG_IGA_MEMORY_BCELL_VS_BM_PLASMA_CELL_UP	-0.35719390944145474			
GSE360_L_DONOVANI_VS_B_MALAYI_HIGH_DOSE_DC_DN	-0.35722306043685076			
GO_REGULATION_OF_HISTONE_H3_K4_METHYLATION	-0.357284877190688			
GO_REGULATION_OF_LEUKOCYTE_TETHERING_OR_ROLLING	-0.35731930627436853			
GO_INTERLEUKIN_18_PRODUCTION	-0.35732392010455916			
GSE11057_CD4_EFF_MEM_VS_PBMC_DN	-0.35733327776810897			
GO_POSITIVE_REGULATION_OF_DNA_RECOMBINATION	-0.35739429563799974			
GSE9988_LPS_VS_CTRL_TREATED_MONOCYTE_DN	-0.3575067683464693			
KEGG_FC_EPSILON_RI_SIGNALING_PATHWAY	-0.3575516647379127			
MARSHALL_VIRAL_INFECTION_RESPONSE_DN	-0.3575625652559549			
GO_INTERLEUKIN_7_MEDIATED_SIGNALING_PATHWAY	-0.35758294753480163			
REACTOME_INTERLEUKIN_3_INTERLEUKIN_5_AND_GM_CSF_SIGNALING	-0.3576015705231955			
GSE7219_UNSTIM_VS_LPS_AND_ANTI_CD40_STIM_NIK_NFKB2_KO_DC_UP	-0.3578517693926417			
RAY_TARGETS_OF_P210_BCR_ABL_FUSION_DN	-0.35786292711065354			
GSE3039_ALPHAALPHA_CD8_TCELL_VS_B2_BCELL_UP	-0.3578897206776448			
GSE3982_BASOPHIL_VS_TH1_UP	-0.35792673994178936			
GO_NEGATIVE_REGULATION_OF_VESICLE_FUSION	-0.3580222142527363			
GSE2770_UNTREATED_VS_TGFB_AND_IL4_TREATED_ACT_CD4_TCELL_2H_DN	-0.358058424506603			
GO_MAST_CELL_MEDIATED_IMMUNITY	-0.35806864613587336			
GO_POSITIVE_REGULATION_OF_ISOTYPE_SWITCHING_TO_IGG_ISOTYPES	-0.3581496766265308			
GSE46606_IRF4HIGH_VS_IRF4MID_CD40L_IL2_IL5_DAY1_STIMULATED_BCELL_UP	-0.35832321538901385			
GSE25088_IL4_VS_IL4_AND_ROSIGLITAZONE_STIM_STAT6_KO_MACROPHAGE_DAY10_UP	-0.35848627540281125			
RASHI_RESPONSE_TO_IONIZING_RADIATION_6	-0.35850868515523643			
GO_CHROMATIN_REMODELING	-0.3586006456688575			
GO_REGULATION_OF_INTERLEUKIN_6_MEDIATED_SIGNALING_PATHWAY	-0.3587688783465547			
REACTOME_INTERLEUKIN_2_FAMILY_SIGNALING	-0.3587958320525428			
GO_REGULATION_OF_B_CELL_ACTIVATION	-0.358921791523128			
GSE11864_UNTREATED_VS_CSF1_IFNG_IN_MAC_UP	-0.3590415332636781			
GSE22886_NAIVE_CD8_TCELL_VS_MEMORY_TCELL_UP	-0.35908963349492967			
PID_TCR_JNK_PATHWAY	-0.35923815678030274			
PID_CD8_TCR_PATHWAY	-0.35928302727583455			
GSE41176_UNSTIM_VS_ANTI_IGM_STIM_BCELL_3H_DN	-0.35930818170992745			
GO_REGULATION_OF_MRNA_SPLICING_VIA_SPLICEOSOME	-0.3593536572154227			
PARK_HSC_MARKERS	-0.359496557394744			
IPA_GABPA_DN	-0.3595137303160291			
GO_SOMATIC_RECOMBINATION_OF_IMMUNOGLOBULIN_GENE_SEGMENTS	-0.3595226572393899			
GSE9988_ANTI_TREM1_AND_LPS_VS_CTRL_TREATED_MONOCYTES_DN	-0.3595781264395701			
GSE3720_UNSTIM_VS_LPS_STIM_VD1_GAMMADELTA_TCELL_UP	-0.35958317283482877			
GSE5679_PPARG_LIGAND_ROSIGLITAZONE_VS_RARA_AGONIST_AM580_TREATED_DC_DN	-0.3596691905307066			
GO_REGULATION_OF_IMMUNOGLOBULIN_PRODUCTION	-0.35968832257758454			
GSE3039_ALPHABETA_CD8_TCELL_VS_B2_BCELL_UP	-0.35972922584646927			
SPIRA_SMOKERS_LUNG_CANCER_DN	-0.35984076211666405			
GSE29618_PRE_VS_DAY7_POST_LAIV_FLU_VACCINE_MDC_DN	-0.3599645977653288			
MAML1_TARGET_GENES	-0.3599964194008957			
GSE26928_NAIVE_VS_CXCR5_POS_CD4_TCELL_UP	-0.3600492050073534			
IPA_GATA1_UP	-0.36005494048379216			
GO_PEPTIDYL_LYSINE_METHYLATION	-0.3600877434561886			
GO_B_CELL_ACTIVATION_INVOLVED_IN_IMMUNE_RESPONSE	-0.36009851223817657			
GO_REGULATION_OF_MYELOID_CELL_DIFFERENTIATION	-0.360129109262771			
GSE3982_MAC_VS_BASOPHIL_DN	-0.3601952268458322			
GSE3982_EOSINOPHIL_VS_MAC_UP	-0.3601977811060584			
GO_IMMUNOGLOBULIN_RECEPTOR_BINDING	-0.36038965036419945			
GSE24210_RESTING_TREG_VS_TCONV_UP	-0.3605235739507814			
GSE2405_HEAT_KILLED_LYSATE_VS_LIVE_A_PHAGOCYTOPHILUM_STIM_NEUTROPHIL_9H_DN	-0.36086587614196924			
GSE360_L_DONOVANI_VS_B_MALAYI_LOW_DOSE_DC_DN	-0.3610305785881831			
FERRANDO_LYL1_NEIGHBORS	-0.3611528438309247			
GSE25146_UNSTIM_VS_HELIOBACTER_PYLORI_LPS_STIM_AGS_CELL_UP	-0.3611881875569441			
GO_PRESPLICEOSOME	-0.36123619713748956			
GSE9988_LOW_LPS_VS_VEHICLE_TREATED_MONOCYTE_DN	-0.36124646516947295			
PID_IL8_CXCR1_PATHWAY	-0.3614367674284408			
IPA_CBFB_UP	-0.36151212767392227			
GSE6259_33D1_POS_VS_DEC205_POS_SPLENIC_DC_UP	-0.3615741724891971			
GO_IMMUNOGLOBULIN_PRODUCTION	-0.36165039689439077			
GO_POSITIVE_REGULATION_OF_IMMUNOGLOBULIN_PRODUCTION	-0.3617877244778302			
PID_FCER1_PATHWAY	-0.36207013107466723			
GO_MYELOID_CELL_DIFFERENTIATION	-0.3621924234073396			
MIR4647_MIR4662B	-0.36227892080454976			
GO_HOMEOSTASIS_OF_NUMBER_OF_CELLS_WITHIN_A_TISSUE	-0.3623756401326777			
REACTOME_INTERLEUKIN_RECEPTOR_SHC_SIGNALING	-0.3624066128839349			
YAGI_AML_WITH_T_9_11_TRANSLOCATION	-0.36243837166420867			
GSE40655_FOXO1_KO_VS_WT_NTREG_UP	-0.36246603182166603			
GSE1460_DP_THYMOCYTE_VS_THYMIC_STROMAL_CELL_UP	-0.3624788546966214			
BACOLOD_RESISTANCE_TO_ALKYLATING_AGENTS_DN	-0.3627806066133746			
GSE46606_DAY1_VS_DAY3_CD40L_IL2_IL5_STIMULATED_IRF4HIGH_BCELL_UP	-0.36286804252044824			
GO_LIPID_PHOSPHORYLATION	-0.3628967743058692			
GO_MEGAKARYOCYTE_DIFFERENTIATION	-0.36297697659445555			
GSE8621_UNSTIM_VS_LPS_PRIMED_AND_LPS_STIM_MACROPHAGE_DN	-0.3629845277277235			
GSE11864_UNTREATED_VS_CSF1_IFNG_PAM3CYS_IN_MAC_UP	-0.3630382648749532			
GSE28737_WT_VS_BCL6_KO_FOLLICULAR_BCELL_DN	-0.36316265966251887			
HOFMANN_MYELODYSPLASTIC_SYNDROM_RISK_DN	-0.3631756709681216			
GO_REGULATION_OF_ANTIGEN_RECEPTOR_MEDIATED_SIGNALING_PATHWAY	-0.3632953992632812			
GSE2770_TGFB_AND_IL4_ACT_VS_ACT_CD4_TCELL_48H_DN	-0.3633720045415075			
GSE2770_IL12_AND_TGFB_ACT_VS_ACT_CD4_TCELL_2H_DN	-0.3636532695191692			
GSE32533_MIR17_KO_VS_MIR17_OVEREXPRESS_ACT_CD4_TCELL_UP	-0.3638619637599578			
GSE37416_CTRL_VS_12H_F_TULARENSIS_LVS_NEUTROPHIL_UP	-0.3638733458892508			
REACTOME_ANTIGEN_ACTIVATES_B_CELL_RECEPTOR_BCR_LEADING_TO_GENERATION_OF_SECOND_MESSENGERS	-0.36409619671970883			
IPA_FLI1_DN	-0.36427826510006295			
GSE17186_NAIVE_VS_CD21LOW_TRANSITIONAL_BCELL_DN	-0.3646442654019766			
GSE7768_OVA_ALONE_VS_OVA_WITH_LPS_IMMUNIZED_MOUSE_WHOLE_SPLEEN_6H_UP	-0.36467413332799353			
GSE9988_LOW_LPS_VS_CTRL_TREATED_MONOCYTE_DN	-0.36482282314981573			
GSE45365_NK_CELL_VS_CD11B_DC_MCMV_INFECTION_DN	-0.36487026825302266			
GO_HOMEOSTASIS_OF_NUMBER_OF_CELLS	-0.3649429123384968			
CHOI_ATL_STAGE_PREDICTOR	-0.36499550254374413			
GSE11864_UNTREATED_VS_CSF1_IN_MAC_UP	-0.3652391438238201			
GO_NADPLUS_KINASE_ACTIVITY	-0.3654406046280872			
DIAZ_CHRONIC_MEYLOGENOUS_LEUKEMIA_DN	-0.36560675474929466			
TONKS_TARGETS_OF_RUNX1_RUNX1T1_FUSION_HSC_DN	-0.3663135979208908			
MARTENS_BOUND_BY_PML_RARA_FUSION	-0.3664626524854739			
GSE45382_UNTREATED_VS_TGFB_TREATED_MACROPHAGES_UP	-0.36671114207743655			
GO_B_CELL_DIFFERENTIATION	-0.36671300629817155			
GO_1_PHOSPHATIDYLINOSITOL_3_KINASE_REGULATOR_ACTIVITY	-0.3668855234518916			
GO_NEGATIVE_REGULATION_OF_CHROMATIN_ORGANIZATION	-0.36756227724690466			
GSE22886_DAY0_VS_DAY1_MONOCYTE_IN_CULTURE_UP	-0.36758694740530323			
GO_NEGATIVE_REGULATION_OF_HISTONE_MODIFICATION	-0.3677834821178092			
GSE37416_0H_VS_3H_F_TULARENSIS_LVS_NEUTROPHIL_UP	-0.3678281054741601			
GSE339_EX_VIVO_VS_IN_CULTURE_CD8POS_DC_UP	-0.3681655157082934			
GSE16755_CTRL_VS_IFNA_TREATED_MAC_UP	-0.3687292154713708			
BIOCARTA_PAR1_PATHWAY	-0.36880007202572423			
GSE3982_EOSINOPHIL_VS_DC_UP	-0.3690272504829449			
PID_IL5_PATHWAY	-0.3690482394109859			
GO_MRNA_SPLICE_SITE_SELECTION	-0.3692080836826615			
REACTOME_INTERLEUKIN_7_SIGNALING	-0.36929592660698407			
GO_NEGATIVE_REGULATION_OF_GENE_EXPRESSION_EPIGENETIC	-0.36958121271577454			
GSE3982_DC_VS_BASOPHIL_DN	-0.369587556055405			
GSE15930_STIM_VS_STIM_AND_TRICHOSTATINA_72H_CD8_T_CELL_UP	-0.3698447501063581			
GOLUB_ALL_VS_AML_DN	-0.36991842354054005			
GSE46468_LUNG_INNATE_LYMPHOID_CELL_VS_SPLEEN_CD4_TCELL_UP	-0.37021946901278624			
PID_IL3_PATHWAY	-0.37042875289827965			
GO_POSITIVE_REGULATION_OF_DOUBLE_STRAND_BREAK_REPAIR_VIA_HOMOLOGOUS_RECOMBINATION	-0.370448880502462			
GO_MEGAKARYOCYTE_DEVELOPMENT	-0.370499115405513			
GSE9988_LPS_VS_VEHICLE_TREATED_MONOCYTE_DN	-0.3705925565218666			
GO_LYMPHOCYTE_ACTIVATION_INVOLVED_IN_IMMUNE_RESPONSE	-0.37060710271883457			
GSE2770_TGFB_AND_IL4_VS_TGFB_AND_IL12_TREATED_ACT_CD4_TCELL_48H_DN	-0.3711491587876574			
GO_HISTONE_H3_K4_METHYLATION	-0.37168196661252156			
GO_PHOSPHATIDYLINOSITOL_3_KINASE_COMPLEX	-0.3728896076084996			
THEILGAARD_NEUTROPHIL_AT_SKIN_WOUND_DN	-0.37321351878304965			
KEGG_ACUTE_MYELOID_LEUKEMIA	-0.3737362897177599			
GSE13484_UNSTIM_VS_YF17D_VACCINE_STIM_PBMC_UP	-0.373954784765851			
GSE11864_CSF1_IFNG_VS_CSF1_PAM3CYS_IN_MAC_UP	-0.37453933421467056			
WIKMAN_ASBESTOS_LUNG_CANCER_DN	-0.3750604796613912			
GSE10240_CTRL_VS_IL22_STIM_PRIMARY_BRONCHIAL_EPITHELIAL_CELLS_UP	-0.37512053493410585			
GSE25088_ROSIGLITAZONE_VS_IL4_AND_ROSIGLITAZONE_STIM_STAT6_KO_MACROPHAGE_DAY10_UP	-0.3751850625339356			
GO_MAST_CELL_ACTIVATION	-0.37521437128048146			
GSE37416_0H_VS_48H_F_TULARENSIS_LVS_NEUTROPHIL_UP	-0.3758125782884403			
GO_SPLICEOSOMAL_COMPLEX_ASSEMBLY	-0.3763131878262191			
GSE3039_NKT_CELL_VS_B2_BCELL_UP	-0.37651712948283633			
GSE5542_UNTREATED_VS_IFNA_TREATED_EPITHELIAL_CELLS_24H_DN	-0.3771460251136277			
GSE22611_NOD2_TRANSDUCED_VS_CTRL_HEK293T_STIMULATED_WITH_MDP_2H_UP	-0.3778559789723106			
GOLUB_ALL_VS_AML_UP	-0.37912983762030583			
GSE14000_UNSTIM_VS_16H_LPS_DC_TRANSLATED_RNA_UP	-0.37981396765807085			
GSE3982_MAST_CELL_VS_MAC_UP	-0.38010930239000346			
HOFMANN_MYELODYSPLASTIC_SYNDROM_LOW_RISK_UP	-0.38082403723951697			
GSE23321_CD8_STEM_CELL_MEMORY_VS_NAIVE_CD8_TCELL_DN	-0.38350958271303126			
DUNNE_TARGETS_OF_AML1_MTG8_FUSION_UP	-0.3850190994668088			
IPA_HOXA9_UP	-0.38710663958252556			
GSE6259_BCELL_VS_CD8_TCELL_DN	-0.38741386563390096			
REACTOME_TRANSCRIPTIONAL_REGULATION_OF_GRANULOPOIESIS	-0.38873393457848215			
IPA_HOXA7_UP	-0.38891855675084674			
GSE6269_E_COLI_VS_STAPH_AUREUS_INF_PBMC_UP	-0.3911186145152995			
REACTOME_STAT5_ACTIVATION	-0.3955638052352791			
PID_CMYB_PATHWAY	-0.39595200495943617			
chr13q11				
chr9q13				
F2RL1_TARGET_GENES				
LAMTOR5_TARGET_GENES				
SOD1_TARGET_GENES				
GO_REGULATION_OF_CIRCULATING_FIBRINOGEN_LEVELS				
GO_FLAVONOID_GLUCURONIDATION				
GO_NEGATIVE_REGULATION_OF_INTERLEUKIN_6_MEDIATED_SIGNALING_PATHWAY				
GO_NEGATIVE_REGULATION_OF_ARTERY_MORPHOGENESIS				
GO_NEGATIVE_REGULATION_OF_INTERLEUKIN_1_BIOSYNTHETIC_PROCESS				
GO_NEGATIVE_REGULATION_OF_INTERLEUKIN_1_BETA_BIOSYNTHETIC_PROCESS				
GO_RNA_BINDING_INVOLVED_IN_POSTTRANSCRIPTIONAL_GENE_SILENCING				
IPA_ACTL6A_DN				
IPA_ADAR_DN				
IPA_AIRE_DN				
IPA_ALX4_UP				
IPA_ALYREF_DN				
IPA_ARID1B_DN				
IPA_ARID4B_DN				
IPA_ARNT2_DN				
IPA_ATF1_DN				
IPA_ATF7_DN				
IPA_ATOH1_DN				
IPA_BACH2_DN				
IPA_BARHL2_DN				
IPA_BARX2_DN				
IPA_BATF_DN				
IPA_BCL11A_UP				
IPA_BDP1_UP				
IPA_BHLHE22_DN				
IPA_BHLHE40_DN				
IPA_BHLHE41_UP				
IPA_BNIP3_DN				
IPA_ZFP36L1_DN				
IPA_BRIP1_UP				
IPA_MYRF_DN				
IPA_CDC5L_DN				
IPA_CDCA7L_UP				
IPA_CDCA7L_DN				
IPA_CDK7_DN				
IPA_CHD3_DN				
IPA_CHD5_UP				
IPA_CHD7_DN				
IPA_CLOCK_DN				
IPA_CNOT3_UP				
IPA_CNOT3_DN				
IPA_CREB3_DN				
IPA_CREB3L2_DN				
IPA_CREB3L3_DN				
IPA_CREB5_UP				
IPA_CRTC1_DN				
IPA_CTCFL_DN				
IPA_DEK_UP				
IPA_DEK_DN				
IPA_DLX3_DN				
IPA_DMRT1_DN				
IPA_DMTF1_DN				
IPA_DNAJC1_DN				
IPA_E2F3_DN				
IPA_E2F5_UP				
IPA_E4F1_DN				
IPA_ELF1_DN				
IPA_ELK4_DN				
IPA_EMX1_DN				
IPA_ENO1_DN				
IPA_EP400_DN				
IPA_ERCC6_DN				
IPA_ERCC8_UP				
IPA_ERCC8_DN				
IPA_ETV4_DN				
IPA_FANCD2_DN				
IPA_FEV_DN				
IPA_FEZF2_DN				
IPA_FOXA3_DN				
IPA_FOXC1_DN				
IPA_FOXE3_DN				
IPA_FOXH1_DN				
IPA_FOXI1_DN				
IPA_FOXJ1_DN				
IPA_FOXN1_DN				
IPA_FOXN3_UP				
IPA_FOXP2_UP				
IPA_FUBP1_DN				
IPA_GABPB1_DN				
IPA_GATA5_DN				
IPA_GATA6_DN				
IPA_GLIS1_DN				
IPA_GRHL1_DN				
IPA_GRHL2_DN				
IPA_GRHL3_UP				
IPA_GRHL3_DN				
IPA_GTF2B_DN				
IPA_GTF2F2_DN				
IPA_GTF2H1_UP				
IPA_GTF2IRD1_UP				
IPA_GTF3C2_UP				
IPA_GZF1_DN				
IPA_HBP1_UP				
IPA_HBP1_DN				
IPA_HES2_DN				
IPA_HES7_DN				
IPA_HESX1_UP				
IPA_HINFP_DN				
IPA_HIVEP2_UP				
IPA_HIVEP2_DN				
IPA_HOPX_DN				
IPA_HOXA2_DN				
IPA_HOXA3_DN				
IPA_HOXA5_UP				
IPA_HOXA6_UP				
IPA_HOXB13_DN				
IPA_HOXB3_DN				
IPA_HOXB5_UP				
IPA_HOXB5_DN				
IPA_HOXB6_UP				
IPA_HOXB6_DN				
IPA_HOXB7_UP				
IPA_HOXB7_DN				
IPA_HOXC13_DN				
IPA_HOXD11_DN				
IPA_HOXD9_DN				
IPA_HSF2_UP				
IPA_HSF2_DN				
IPA_HSF4_DN				
IPA_IKZF3_UP				
IPA_ILF3_DN				
IPA_ING4_DN				
IPA_IRF6_DN				
IPA_IRX2_UP				
IPA_ISX_UP				
IPA_ISX_DN				
IPA_JDP2_DN				
IPA_KCNIP2_UP				
IPA_KCNIP4_UP				
IPA_KCNIP4_DN				
IPA_KLF1_DN				
IPA_KLF11_UP				
IPA_KLF15_DN				
IPA_KLF2_DN				
IPA_KLF7_UP				
IPA_KLF7_DN				
IPA_KLF8_UP				
IPA_LBX1_UP				
IPA_LDB2_DN				
IPA_LMO2_DN				
IPA_LMO3_UP				
IPA_LMX1A_DN				
IPA_LRPPRC_DN				
IPA_LRRFIP1_DN				
IPA_MAFF_DN				
IPA_MAFG_DN				
IPA_MAFK_DN				
IPA_MAPK8IP1_DN				
IPA_MBD1_UP				
IPA_MECOM_DN				
IPA_MESP1_DN				
IPA_MESP2_DN				
IPA_MIER1_UP				
IPA_KMT2A_DN				
IPA_KMT2C_DN				
IPA_MLX_DN				
IPA_MNAT1_DN				
IPA_MSLN_DN				
IPA_MTA2_UP				
IPA_MTA3_DN				
IPA_MTF1_DN				
IPA_MXD1_DN				
IPA_MXI1_UP				
IPA_MYBBP1A_DN				
IPA_MYCBP_DN				
IPA_MYF6_DN				
IPA_NCL_DN				
IPA_NCOA2_DN				
IPA_NCOA6_DN				
IPA_NEUROD2_DN				
IPA_NEUROD4_DN				
IPA_NEUROG3_DN				
IPA_NFATC4_DN				
IPA_NFYB_DN				
IPA_NFYC_DN				
IPA_NHLH1_DN				
IPA_NKX2-2_DN				
IPA_NKX3-2_DN				
IPA_NMI_DN				
IPA_NOBOX_DN				
IPA_NONO_DN				
IPA_NOV_DN				
IPA_NPAS2_DN				
IPA_NPAS3_DN				
IPA_NR1D1_UP				
IPA_NR1D2_UP				
IPA_NR2E3_UP				
IPA_NR6A1_UP				
IPA_OLIG2_DN				
IPA_OXSR1_DN				
IPA_OTP_DN				
IPA_OTX1_DN				
IPA_OVOL1_DN				
IPA_PA2G4_UP				
IPA_PAX1_DN				
IPA_PAX4_DN				
IPA_PBX2_DN				
IPA_PDCD2_UP				
IPA_PDCD2_DN				
IPA_PHOX2B_DN				
IPA_PLAGL2_DN				
IPA_POU3F2_DN				
IPA_PPP1R13B_DN				
IPA_PRDM16_DN				
IPA_PRDM8_UP				
IPA_PSMB1_DN				
IPA_RAX_DN				
IPA_RB1CC1_DN				
IPA_RBMS1_UP				
IPA_RBMS1_DN				
IPA_RBPJL_DN				
IPA_RCOR1_UP				
IPA_RFX4_DN				
IPA_RFX7_UP				
IPA_RPA1_UP				
IPA_RREB1_DN				
IPA_RUVBL1_DN				
IPA_SALL1_DN				
IPA_SFPQ_DN				
IPA_SIN3A_UP				
IPA_SIRT6_UP				
IPA_SIRT6_DN				
IPA_SIX1_UP				
IPA_SIX2_DN				
IPA_SIX3_UP				
IPA_SIX4_DN				
IPA_SIX5_DN				
IPA_SMARCC2_DN				
IPA_SNAPC1_UP				
IPA_SNAPC1_DN				
IPA_SNAPC2_UP				
IPA_SNAPC2_DN				
IPA_SNAPC3_UP				
IPA_SNAPC3_DN				
IPA_SNAPC4_UP				
IPA_SNAPC4_DN				
IPA_SOHLH1_DN				
IPA_SOX1_DN				
IPA_SOX11_DN				
IPA_SOX17_DN				
IPA_SOX6_DN				
IPA_SOX8_UP				
IPA_SP8_DN				
IPA_SPIB_DN				
IPA_SRCAP_DN				
IPA_SRY_DN				
IPA_SSRP1_DN				
IPA_STRAP_DN				
IPA_SUB1_UP				
IPA_T_UP				
IPA_T_DN				
IPA_TADA3_DN				
IPA_TAF10_DN				
IPA_TAF12_DN				
IPA_TAF4B_DN				
IPA_TARBP2_DN				
IPA_TAZ_DN				
IPA_TBX1_DN				
IPA_TBX22_DN				
IPA_TCF20_DN				
IPA_TFCP2_DN				
IPA_TFDP2_DN				
IPA_TFEB_DN				
IPA_TGFB1I1_DN				
IPA_TLE1_DN				
IPA_TLX1_DN				
IPA_TLX3_DN				
IPA_TRIM24_UP				
IPA_TSHZ3_UP				
IPA_UBTF_DN				
IPA_UHRF1_DN				
IPA_USF1_DN				
IPA_VSX2_UP				
IPA_WHSC1_DN				
IPA_XRCC5_UP				
IPA_YAP1_DN				
IPA_YBX2_DN				
IPA_ZBTB20_DN				
IPA_ZBTB43_UP				
IPA_ZBTB7A_UP				
IPA_ZBTB7C_DN				
IPA_ZBTB14_UP				
IPA_ZFPM2_DN				
IPA_ZMYND11_UP				
IPA_ZNF100_DN				
IPA_ZNF143_DN				
IPA_ZNF217_UP				
IPA_ZNF254_DN				
IPA_ZNF302_DN				
IPA_ZNF33A_UP				
IPA_ZNF354C_UP				
IPA_ZNF423_UP				
IPA_ZNF429_DN				
IPA_ZNF43_DN				
IPA_ZNF431_DN				
IPA_ZNF512B_UP				
IPA_ZNF528_DN				
IPA_ZNF536_DN				
IPA_ZNF552_UP				
IPA_ZNF665_DN				
IPA_ZNF708_DN				
IPA_ZNF85_DN				
IPA_ZNF91_DN				
IPA_ZSCAN10_DN				
IPA_HIST1H1C_UP				
IPA_HIST1H1D_UP				
IPA_H2AFY_UP				
IPA_HIST1H1E_UP				
IPA_SMYD3_DN				
IPA_SIRT2_DN				
IPA_ASF1B_DN				
IPA_KMT2D_DN				
IPA_MED14_UP				
IPA_MED14_DN				
IPA_MED13_UP				
IPA_SETD7_UP				
IPA_SUV39H2_DN				
IPA_SETD2_UP				
IPA_SETD2_DN				
IPA_NSD1_DN				
IPA_WHSC1L1_DN				
IPA_CHD8_DN				
IPA_CTR9_DN				
IPA_PRMT5_UP				
IPA_PSMC6_DN				
IPA_PAF1_DN				
IPA_CDC73_DN				
IPA_EED_UP				
IPA_WDR82_DN				
IPA_MED28_UP				
IPA_MLLT3_DN				
IPA_JARID2_DN				
IPA_SMARCD2_DN				
IPA_HIST1H2BE_DN				
IPA_ERCC6L_UP				
IPA_HIST1H2BG_DN				
IPA_SMARCD3_DN				
IPA_KDM2B_UP				
IPA_KDM2B_DN				
IPA_CENPA_DN				
IPA_ACTR3_DN				
IPA_KDM4C_DN				
IPA_SET_DN				
IPA_KDM4B_DN				
IPA_HIST1H2BC_DN				
IPA_H3F3B_UP				
IPA_H3F3B_DN				
IPA_HIST1H2BI_DN				
IPA_H3F3A_UP				
IPA_H3F3A_DN				
IPA_KAT7_UP				
IPA_HDAC10_UP				
